1,0.67578,0.47844,0.36074,0.40953,0.10364,0.32599,0.25067,0.30185,0.10673,0.70411,0.4946,0.47677,0.37671,0.61352,0.56924,0.59712,0.55154,0.71693,0.7175,0.17997,0.023052,0.44457,0.25853,0.26324,0.15372,0.17825,0.043812,0.54033,0.47821,0.2748,0.22719,0.45331,0.35099,0.1355,0.21301,0.3563,0.55243,0.25636,0.3568,0.50769,0.51656,0.36531,0.27269,0.32382,0.29503,0.4158,0.28025,0.36952,0.29807,0.52534,0.36925,0.53528,0.35547,0.52214,0.46356,0.69466,0.51791,0.55247,0.44692,0.68977,0.16883,0.63212,0.46574,0.22462,0.18335,0.40332,0.30204,0.63518,0.44063,0.37515,0.28466,0.51543,0.52645,0.51023,0.54365,0.37454,0.36843,0.3566,0.44767,0.56041,0.46213,0.46472,0.47423,0.5745,0.54216,0.30765,0.40216,0.41217,0.55444,0.35418,0.4969,0.25619,0.44103,0.14148,0.082656,0.36369,0.34634,0.63692,0.6454,0.2909,0.51178,0.38479,0.59647,0.26422,0.37058,0.35517,0.2967,0.12103,0.36035,0.53595,0.52281,0.64439,0.3767,0.21082,-0.23641
0.67578,1,0.23966,0.27769,0.15116,0.23362,-0.10881,-0.048637,0.15368,-0.05946,0.28432,0.2158,0.041564,0.16625,0.41485,0.45928,0.65254,0.71817,0.55444,0.84667,0.3469,0.23005,0.33592,0.091086,0.39046,0.27618,0.35532,0.23084,0.3691,0.43634,0.21081,0.12252,0.36763,0.2828,0.067379,0.13953,0.05934,0.17201,0.21192,0.27127,0.17025,0.14818,0.56451,0.5323,0.72109,0.61455,0.69047,0.63847,0.6529,0.66126,0.73266,0.65654,0.4373,0.68038,0.49011,0.71715,0.93716,0.90863,0.24688,0.53062,0.42912,-0.0068313,0.67872,0.47072,0.095274,-0.072692,0.34427,0.24494,0.90185,0.73829,0.23103,0.15358,0.11559,0.22642,0.31025,0.20187,0.22083,0.3418,0.56735,0.64019,0.70921,0.68506,0.35968,0.47528,0.50799,0.42141,0.36946,0.47885,0.22408,0.39004,0.23026,0.38411,0.047511,0.044771,0.15317,0.15026,0.53703,0.48324,0.77246,0.54749,0.12931,0.14604,0.25726,0.27307,0.19291,0.21406,0.35552,0.2167,0.13108,0.23577,0.46168,0.46235,0.40937,0.24987,-0.085459,-0.25309
0.47844,0.23966,1,0.7409,0.47946,0.23356,0.63813,0.53358,0.48861,0.31578,0.23896,0.1576,0.22788,0.23212,0.5989,0.49873,0.27987,0.26441,0.44283,0.39585,0.32718,0.1277,0.71694,0.61684,0.55473,0.34709,0.16874,0.049009,0.44018,0.39964,0.6936,0.63888,0.47974,0.50941,0.23062,0.20115,0.44307,0.34092,0.34497,0.20014,0.47725,0.30739,0.11345,-0.0042997,0.19452,0.15112,0.11209,-0.0081003,0.14993,0.18143,0.25589,0.068829,0.1801,0.19118,0.069194,0.11108,0.27488,0.16321,0.3775,0.27233,0.43108,0.29682,0.24968,0.23923,0.51226,0.23774,0.32642,0.25487,0.15759,0.092997,0.44299,0.44318,0.52809,0.52846,0.42122,0.45545,0.24309,0.21122,0.14793,0.24063,0.28229,0.20865,0.39819,0.29563,0.49023,0.35579,0.29479,0.21368,0.53319,0.26815,0.47281,0.53646,0.44564,0.63085,0.17056,0.19945,0.11821,0.06532,0.34955,0.63527,0.53976,0.65724,0.44637,0.61877,0.29637,0.38102,0.34376,0.04692,0.26291,0.2062,0.39177,0.4505,0.3645,0.4094,0.22607,0.11972
0.36074,0.27769,0.7409,1,0.4986,0.58934,0.59825,0.72565,0.66509,0.61235,0.097988,0.088285,0.1393,0.31441,0.52521,0.45581,0.14724,0.1246,0.20731,0.31739,0.47304,0.33651,0.59741,0.7522,0.53693,0.48411,0.29306,0.35971,0.24176,0.29343,0.51255,0.53345,0.45907,0.54533,0.44295,0.45279,0.34586,0.18156,0.38393,0.2007,0.45089,0.23058,0.18182,0.045717,0.37244,0.39748,0.16877,0.10962,0.15147,0.26929,0.30459,0.17627,0.16652,0.33021,0.074,0.20483,0.21273,0.11255,0.40593,0.39586,0.37175,0.53433,0.11781,0.17084,0.67723,0.49303,0.3816,0.40606,0.18541,0.20664,0.46703,0.58134,0.42332,0.45455,0.36161,0.36216,0.2047,0.24823,0.10244,0.19324,0.2214,0.28226,0.31313,0.28634,0.58543,0.5113,0.40085,0.3609,0.52021,0.36184,0.61852,0.63084,0.72125,0.61067,0.22097,0.27973,0.23561,0.16157,0.41544,0.53615,0.66679,0.51445,0.53929,0.45935,0.45182,0.46554,0.41805,0.089555,0.29854,0.17156,0.47034,0.49616,0.41836,0.37868,0.21043,0.06308
0.40953,0.15116,0.47946,0.4986,1,0.4317,0.55045,0.46143,0.71222,0.46782,0.40148,0.19938,0.29445,0.28055,0.60124,0.28661,0.13567,0.15229,0.33193,0.15585,0.28136,0.068917,0.48746,0.51975,0.32376,0.35183,0.47074,0.34269,0.2317,0.17951,0.25035,0.2413,0.32806,0.29862,0.39821,0.35449,0.40265,0.35182,0.3219,0.19866,0.43837,0.34791,0.10302,0.025422,0.14507,0.17899,0.12639,0.024626,-0.024193,0.11623,0.22472,0.021758,0.15638,0.086287,0.16368,0.15089,0.16047,0.037155,0.55431,0.33226,0.48077,0.3793,0.15768,0.18418,0.65606,0.44103,0.39042,0.3748,0.20511,0.22232,0.21191,0.22896,0.47662,0.41134,0.36891,0.35901,0.1321,0.12509,-0.021249,0.016251,0.14211,0.053211,0.24288,0.26988,0.62798,0.58236,0.41459,0.30382,0.49573,0.34765,0.27771,0.46869,0.46445,0.60774,0.29026,0.1688,0.12857,0.14,0.24602,0.35531,0.29117,0.49017,0.26979,0.44768,0.41846,0.47418,0.20114,0.053797,0.14431,0.2297,0.16278,0.29117,0.40086,0.28076,0.35602,-0.03024
0.10364,0.23362,0.23356,0.58934,0.4317,1,0.23456,0.4293,0.64142,0.66026,-0.069815,-0.08773,-0.067145,0.12057,0.32195,0.18274,-0.013094,-0.10678,0.01141,0.076174,0.62482,0.65492,0.2935,0.47825,0.45993,0.62938,0.58263,0.74589,-0.071024,-0.065333,0.12484,0.14872,0.10302,0.21856,0.40374,0.36482,0.047124,-0.11932,0.26639,0.13627,0.17761,-0.13906,0.17209,0.16839,0.35164,0.4613,0.18249,0.20034,0.12067,0.37325,0.24971,0.2378,0.11607,0.38846,0.052781,0.23718,0.10967,0.11709,0.30563,0.42025,0.18475,0.39493,-0.05108,-0.014955,0.45619,0.3393,0.14505,0.17585,0.18727,0.16909,0.18033,0.35757,0.071613,0.081064,0.29479,0.050899,-0.05657,0.02075,-0.019558,0.01185,0.10133,0.17974,0.24928,0.12163,0.48403,0.28802,0.49025,0.45478,0.29133,0.28392,0.41923,0.45827,0.60831,0.27547,0.24384,0.25029,0.20818,0.24813,0.30664,0.26991,0.43704,0.053923,0.38773,0.12113,0.43816,0.36067,0.20156,-0.038974,0.21747,0.089737,0.15149,0.33257,0.31587,0.11515,0.025424,-0.041079
0.32599,-0.10881,0.63813,0.59825,0.55045,0.23456,1,0.78625,0.66325,0.51273,0.42856,0.34041,0.60038,0.43591,0.47987,0.32695,0.081129,0.046569,0.11236,0.088044,0.16159,-0.050417,0.47085,0.55665,0.11857,0.058775,-0.037415,0.013114,0.30653,0.27683,0.29098,0.37577,0.5616,0.56175,0.55057,0.39961,0.41379,0.36533,0.29308,0.16441,0.50579,0.40382,-0.10048,-0.23673,-0.034571,0.026623,-0.17352,-0.24252,-0.10298,-0.17462,0.07896,-0.1587,0.30311,-0.075875,0.1462,-0.049905,-0.061766,-0.23363,0.68471,0.22524,0.58275,0.60582,0.085516,0.20034,0.58157,0.6748,0.56557,0.51185,-0.082322,0.066901,0.41799,0.38188,0.55156,0.49951,0.43764,0.46289,0.32067,0.28699,-0.080997,0.11621,0.13007,0.07154,0.18977,0.2049,0.40475,0.4507,0.11885,0.10619,0.61909,0.45421,0.44112,0.53859,0.57617,0.77655,0.14471,0.10628,0.011064,-0.01788,0.091085,0.31155,0.51055,0.70799,0.40602,0.52058,0.3695,0.40212,0.24436,0.17577,0.15921,0.093656,0.30223,0.3126,0.3637,0.31521,0.37031,-0.026144
0.25067,-0.048637,0.53358,0.72565,0.46143,0.4293,0.78625,1,0.59293,0.51386,0.37405,0.47345,0.54908,0.65698,0.48327,0.49699,0.10444,-0.003942,0.086147,0.12588,0.31265,0.20695,0.35636,0.64983,0.16324,0.23138,0.04296,0.186,0.36335,0.40349,0.4432,0.55653,0.6075,0.70097,0.6059,0.566,0.35077,0.3193,0.32198,0.28586,0.51145,0.40171,-0.011201,-0.15279,0.12449,0.2149,-0.028638,-0.091945,-0.010227,0.016735,0.1003,-0.010303,0.27189,0.067984,0.10969,0.028878,-0.10299,-0.21831,0.57583,0.46844,0.44629,0.86433,0.079002,0.30519,0.51881,0.73922,0.5028,0.57068,-0.13408,0.11279,0.45665,0.47391,0.53723,0.53848,0.45517,0.49648,0.31591,0.30054,-0.019498,0.096062,0.20295,0.19215,0.37018,0.40208,0.47192,0.45228,0.17,0.25367,0.45545,0.47087,0.59608,0.55687,0.66725,0.60869,0.13971,0.15441,0.098003,0.10847,0.20271,0.31665,0.62008,0.61909,0.52635,0.49438,0.38619,0.33476,0.33409,0.17641,0.13343,0.05734,0.32558,0.40173,0.42856,0.28097,0.25144,-0.053448
0.30185,0.15368,0.48861,0.66509,0.71222,0.64142,0.66325,0.59293,1,0.81344,0.16515,0.022905,0.21403,0.23976,0.56951,0.31257,-0.0044939,0.10398,0.12463,0.10183,0.43863,0.32054,0.56749,0.64081,0.43169,0.46075,0.38528,0.44925,0.077158,0.10173,0.17608,0.21597,0.34168,0.36716,0.52364,0.33664,0.24387,0.1615,0.34699,0.13055,0.45773,0.14094,0.22132,0.17294,0.27009,0.37776,0.19727,0.15756,0.11942,0.25164,0.27931,0.14249,0.26407,0.30005,0.19402,0.20878,0.13697,0.05786,0.63191,0.38372,0.4762,0.48144,0.041804,0.041957,0.70938,0.53813,0.39168,0.37314,0.16095,0.21185,0.39427,0.41397,0.39592,0.35251,0.43087,0.34321,0.17301,0.22845,-0.019579,0.18314,0.12744,0.20183,0.26043,0.22895,0.61231,0.50648,0.50215,0.42624,0.6869,0.47825,0.46025,0.60391,0.71063,0.69065,0.37549,0.26417,0.24731,0.2281,0.34323,0.41453,0.5519,0.45395,0.43069,0.39302,0.55144,0.52815,0.37466,0.23641,0.3261,0.19507,0.30002,0.42363,0.45151,0.2686,0.20118,-0.12233
0.10673,-0.05946,0.31578,0.61235,0.46782,0.66026,0.51273,0.51386,0.81344,1,-0.033032,-0.21586,0.10578,0.037501,0.38256,0.11565,-0.27511,-0.21376,-0.052757,-0.15163,0.33906,0.36519,0.42919,0.50698,0.35365,0.4512,0.29656,0.44271,-0.18221,-0.21185,0.0047458,0.038139,0.032124,0.10928,0.38195,0.19607,0.097371,-0.096873,0.20789,-0.11067,0.26417,-0.11665,0.14819,0.1136,0.086694,0.23412,0.020465,0.027274,-0.09429,0.080918,-0.0058213,-0.038637,0.058751,0.1148,-0.042234,-0.066408,-0.12538,-0.17492,0.44839,0.14838,0.20354,0.36294,-0.2933,-0.31205,0.57653,0.47888,0.077268,0.072239,-0.091147,-0.10138,0.30484,0.47708,0.2254,0.11738,0.26761,0.13601,0.079408,0.055354,-0.20845,-0.04018,-0.13774,-0.028395,0.11221,-0.11524,0.41656,0.23686,0.32783,0.20696,0.57286,0.20603,0.43934,0.4806,0.74369,0.58989,0.27194,0.20437,0.12005,0.060553,0.12279,0.24842,0.49832,0.28379,0.36259,0.21173,0.46084,0.38078,0.22356,0.085108,0.31308,0.15823,0.20378,0.32577,0.38338,0.14212,0.17094,-0.033235
0.70411,0.28432,0.23896,0.097988,0.40148,-0.069815,0.42856,0.37405,0.16515,-0.033032,1,0.76927,0.80462,0.60674,0.55155,0.4934,0.55589,0.4173,0.59579,0.47465,0.051902,-0.11364,0.14088,0.060866,-0.18158,-0.1422,-0.0081527,-0.10806,0.63199,0.54282,0.18316,0.16557,0.5212,0.38958,0.22562,0.23154,0.33192,0.57468,0.10637,0.31948,0.42517,0.63158,0.039447,-0.012732,0.032445,0.02786,0.1644,0.029909,0.18229,0.023047,0.28901,0.1394,0.50518,0.0016092,0.44023,0.20373,0.30099,0.13691,0.62954,0.38134,0.68588,0.36038,0.61029,0.56189,0.12416,0.30618,0.47804,0.40984,0.28827,0.29709,0.25931,0.079161,0.56501,0.53915,0.52938,0.58644,0.4094,0.34731,0.23838,0.32694,0.50164,0.30427,0.36582,0.49916,0.39468,0.46812,0.024198,0.21382,0.29124,0.49641,0.1931,0.30067,0.071165,0.35397,-0.045761,-0.10088,0.12682,0.18475,0.34829,0.30381,0.14065,0.52079,0.22683,0.51244,0.12024,0.16331,0.16659,0.2376,-0.098811,0.24442,0.29456,0.26885,0.57591,0.33367,0.26525,-0.23623
0.4946,0.2158,0.1576,0.088285,0.19938,-0.08773,0.34041,0.47345,0.022905,-0.21586,0.76927,1,0.75577,0.77487,0.40297,0.56229,0.60011,0.40636,0.41111,0.47056,0.0021803,-0.099111,-0.006654,0.069634,-0.28857,-0.25859,-0.10505,-0.16772,0.66867,0.69052,0.23943,0.27935,0.60624,0.55872,0.28362,0.39049,0.26985,0.54868,0.064882,0.46019,0.42321,0.66321,-0.036756,-0.12041,0.046437,0.0061517,0.15764,0.050631,0.25543,0.085427,0.3141,0.20723,0.56511,0.1231,0.41479,0.25332,0.18534,0.079383,0.48363,0.48656,0.53294,0.54761,0.58498,0.78674,-0.037244,0.30943,0.4914,0.50777,0.18542,0.31984,0.16374,0.0088385,0.49734,0.55245,0.42162,0.51585,0.3292,0.2828,0.2757,0.24511,0.57176,0.41463,0.36798,0.62478,0.29117,0.39585,-0.045188,0.14742,0.1513,0.57,0.3087,0.36682,0.054456,0.23278,-0.077211,-0.074937,0.072626,0.27943,0.35303,0.26172,0.16831,0.45551,0.27446,0.46773,0.023153,0.12163,0.09212,0.19458,-0.22544,0.15514,0.22055,0.22613,0.3916,0.21184,0.1973,-0.31586
0.47677,0.041564,0.22788,0.1393,0.29445,-0.067145,0.60038,0.54908,0.21403,0.10578,0.80462,0.75577,1,0.67353,0.53828,0.51596,0.37749,0.22209,0.41357,0.26205,-0.012209,-0.15976,0.15488,0.121,-0.23135,-0.21092,-0.11905,-0.15465,0.56769,0.48598,0.19655,0.21492,0.56666,0.49601,0.44526,0.32854,0.3528,0.50406,0.12702,0.2748,0.45088,0.56098,-0.018163,-0.094418,-0.073397,-0.034353,0.015025,-0.068273,0.037909,-0.094196,0.14038,-0.017804,0.50404,-0.040595,0.39447,0.061503,0.055967,-0.11125,0.62463,0.32468,0.55878,0.51468,0.32899,0.44405,0.11946,0.48387,0.48459,0.45235,-0.00021503,0.13472,0.39436,0.22033,0.60907,0.55325,0.50954,0.55575,0.49193,0.39468,0.10239,0.23127,0.35207,0.20161,0.31594,0.39963,0.29731,0.41246,-0.057035,0.05355,0.40133,0.49779,0.32623,0.37657,0.19826,0.44993,-0.030917,-0.050762,0.053133,0.13404,0.21679,0.19506,0.27147,0.5882,0.3111,0.50337,0.15285,0.23446,0.14283,0.24497,-0.080203,0.16926,0.29411,0.29296,0.52865,0.31678,0.34434,-0.28519
0.37671,0.16625,0.23212,0.31441,0.28055,0.12057,0.43591,0.65698,0.23976,0.037501,0.60674,0.77487,0.67353,1,0.4367,0.71719,0.37721,0.23974,0.23906,0.33934,0.22294,0.089307,0.19058,0.37832,-0.064959,-0.027713,0.0054801,0.059852,0.53357,0.62455,0.38082,0.48027,0.68645,0.67665,0.47151,0.53976,0.32962,0.48006,0.26715,0.43208,0.50603,0.52953,0.055829,-0.057374,0.12785,0.16694,0.13231,0.02725,0.13935,0.053696,0.26814,0.17412,0.42886,0.16406,0.38846,0.22403,0.1297,-0.023844,0.38258,0.47087,0.40926,0.70406,0.38688,0.64798,0.26159,0.52062,0.53053,0.63014,0.055751,0.30471,0.47633,0.32398,0.55178,0.63997,0.41196,0.55127,0.48568,0.47079,0.12476,0.27182,0.40297,0.35547,0.44767,0.64986,0.4419,0.5498,0.15863,0.32229,0.24364,0.50846,0.44801,0.38595,0.33269,0.35648,0.12109,0.1373,0.16028,0.26129,0.32611,0.23874,0.3661,0.49657,0.39958,0.48215,0.2778,0.27863,0.30062,0.28775,0.063199,0.11055,0.31826,0.33778,0.44835,0.3128,0.20906,-0.22994
0.61352,0.41485,0.5989,0.52521,0.60124,0.32195,0.47987,0.48327,0.56951,0.38256,0.55155,0.40297,0.53828,0.4367,1,0.72151,0.46725,0.45087,0.7318,0.53727,0.27888,0.20115,0.6354,0.45603,0.3509,0.24985,0.31452,0.16187,0.60795,0.51558,0.45799,0.35726,0.51812,0.47211,0.36809,0.23059,0.32026,0.43351,0.20539,0.26405,0.43626,0.42451,0.21432,0.15747,0.2693,0.23796,0.32951,0.24255,0.27047,0.35489,0.35724,0.20074,0.35276,0.29924,0.26081,0.27138,0.41344,0.29857,0.57378,0.48078,0.50607,0.37307,0.3803,0.31471,0.49322,0.25499,0.3502,0.30626,0.31377,0.29968,0.38078,0.36915,0.60266,0.58783,0.68772,0.62424,0.40935,0.33427,0.34495,0.32425,0.51763,0.39613,0.49115,0.57137,0.70415,0.56724,0.4067,0.40165,0.66387,0.40385,0.4226,0.58084,0.36667,0.57502,0.043942,-0.027122,0.21929,0.25441,0.54689,0.55335,0.45913,0.56447,0.33348,0.5934,0.24819,0.3991,0.26952,0.12811,0.01044,0.19514,0.34527,0.46189,0.60671,0.44981,0.23161,-0.12603
0.56924,0.45928,0.49873,0.45581,0.28661,0.18274,0.32695,0.49699,0.31257,0.11565,0.4934,0.56229,0.51596,0.71719,0.72151,1,0.53123,0.48283,0.60324,0.64276,0.31032,0.22318,0.47866,0.43369,0.26646,0.12439,0.090308,0.03179,0.71552,0.74003,0.59929,0.5831,0.61456,0.59953,0.30327,0.37068,0.25906,0.40482,0.17273,0.32582,0.41312,0.40121,0.21234,0.11408,0.31083,0.26959,0.34485,0.24051,0.3505,0.35544,0.38206,0.30982,0.3778,0.40207,0.2704,0.30257,0.44745,0.32389,0.31226,0.48856,0.37065,0.45901,0.4499,0.50894,0.3068,0.18943,0.30935,0.3492,0.29338,0.38187,0.54437,0.41462,0.52997,0.6499,0.51615,0.59674,0.47877,0.48722,0.38536,0.41331,0.56405,0.47478,0.53624,0.68808,0.56934,0.55243,0.28383,0.35378,0.41794,0.41719,0.528,0.55092,0.34055,0.37898,0.064306,0.092861,0.23825,0.2843,0.57419,0.51849,0.49772,0.50322,0.49897,0.5966,0.21512,0.30313,0.37414,0.25429,0.086132,0.17133,0.41172,0.49307,0.5048,0.44442,0.16792,-0.22972
0.59712,0.65254,0.27987,0.14724,0.13567,-0.013094,0.081129,0.10444,-0.0044939,-0.27511,0.55589,0.60011,0.37749,0.37721,0.46725,0.53123,1,0.74516,0.62899,0.78678,0.16972,-0.018164,0.18566,0.045374,0.087367,-0.017044,0.097771,-0.072905,0.74078,0.75247,0.36059,0.30877,0.58803,0.50167,0.090276,0.26199,0.27971,0.43578,0.098037,0.42233,0.22167,0.50203,0.20755,0.15511,0.42779,0.31547,0.44028,0.3766,0.53169,0.44517,0.56417,0.44229,0.48256,0.41923,0.43232,0.52876,0.69636,0.58108,0.35777,0.57158,0.54128,0.20305,0.83425,0.72823,0.019409,0.011852,0.45265,0.39276,0.60736,0.57532,0.1169,-0.093992,0.29668,0.40299,0.36271,0.40335,0.27897,0.39461,0.72561,0.66509,0.88264,0.66055,0.36697,0.60248,0.36004,0.35184,0.12243,0.25373,0.16784,0.40473,0.14123,0.31559,-0.13256,0.043158,-0.15669,-0.031248,0.28433,0.36671,0.61336,0.46226,0.098038,0.27638,0.24847,0.40964,-0.011303,0.068104,0.19005,0.15436,-0.095756,0.21947,0.41512,0.37726,0.3368,0.23777,0.030843,-0.2045
0.55154,0.71817,0.26441,0.1246,0.15229,-0.10678,0.046569,-0.003942,0.10398,-0.21376,0.4173,0.40636,0.22209,0.23974,0.45087,0.48283,0.74516,1,0.55417,0.80447,0.053142,-0.12646,0.26869,0.040947,0.13933,-0.015781,0.099584,-0.11265,0.62151,0.72274,0.31128,0.25323,0.55362,0.41961,0.043862,0.1423,0.036346,0.2613,0.024858,0.32546,0.14673,0.31616,0.29349,0.29312,0.4987,0.36779,0.55523,0.4556,0.61516,0.54964,0.58733,0.51037,0.41528,0.45505,0.38586,0.5682,0.76982,0.78481,0.32345,0.49495,0.50073,0.099835,0.79173,0.62806,0.035317,-0.072441,0.41725,0.32058,0.68901,0.68035,0.12125,-0.089636,0.14086,0.25571,0.30143,0.27958,0.19537,0.31423,0.66681,0.69572,0.81263,0.70812,0.3066,0.57964,0.36406,0.31159,0.12516,0.23321,0.2276,0.39533,0.039682,0.28141,-0.16515,0.038039,-0.050807,-0.012475,0.29896,0.36373,0.56616,0.40424,0.033471,0.24937,0.11349,0.30498,-0.0077898,0.081769,0.13926,0.28091,-0.075512,0.13691,0.32074,0.21752,0.23885,0.16758,-0.11943,-0.31808
0.71693,0.55444,0.44283,0.20731,0.33193,0.01141,0.11236,0.086147,0.12463,-0.052757,0.59579,0.41111,0.41357,0.23906,0.7318,0.60324,0.62899,0.55417,1,0.71628,0.14327,0.0609,0.3454,0.11367,0.20048,0.092684,0.18367,-0.050167,0.68069,0.52289,0.3958,0.23334,0.37277,0.27454,-0.016176,0.0024445,0.25125,0.41212,0.014873,0.18523,0.22891,0.38073,0.16395,0.17673,0.21451,0.13267,0.31817,0.26328,0.26086,0.32619,0.31298,0.19418,0.26216,0.23156,0.19783,0.20625,0.59294,0.45442,0.33592,0.36467,0.38845,0.034247,0.53464,0.35887,0.12127,-0.12051,0.1121,0.05184,0.50657,0.3034,0.17431,0.0876,0.43936,0.41907,0.53059,0.48501,0.29734,0.2211,0.47578,0.36509,0.58174,0.38678,0.35677,0.46909,0.49195,0.38449,0.18585,0.25213,0.35274,0.21527,0.19623,0.36407,0.0095705,0.24515,-0.11723,-0.17227,0.13692,0.13868,0.49322,0.51705,0.20669,0.37514,0.18957,0.4988,-0.019443,0.14297,0.13097,-0.0058298,-0.12419,0.25414,0.24205,0.27479,0.50974,0.33903,0.16817,-0.097531
0.7175,0.84667,0.39585,0.31739,0.15585,0.076174,0.088044,0.12588,0.10183,-0.15163,0.47465,0.47056,0.26205,0.33934,0.53727,0.64276,0.78678,0.80447,0.71628,1,0.22528,0.1096,0.34273,0.14748,0.2486,0.086856,0.13501,-0.013214,0.66444,0.69304,0.38169,0.30164,0.56817,0.48034,0.060075,0.16673,0.18907,0.32106,0.13476,0.34613,0.22662,0.35307,0.30863,0.27274,0.51645,0.38003,0.49128,0.44416,0.5672,0.50102,0.61817,0.48751,0.44345,0.50979,0.40537,0.57608,0.83025,0.75597,0.32103,0.52232,0.51702,0.15323,0.77173,0.63289,0.076258,-0.054542,0.39169,0.29614,0.7923,0.69,0.17814,0.083929,0.24353,0.36191,0.38679,0.34298,0.28831,0.33006,0.67091,0.61882,0.80977,0.6886,0.39605,0.60179,0.46354,0.41283,0.21813,0.35689,0.26982,0.41819,0.23929,0.42257,0.013219,0.12118,-0.0080506,0.021617,0.37523,0.36981,0.68144,0.54312,0.21831,0.3058,0.26962,0.38543,0.038308,0.12963,0.25485,0.20125,-0.032035,0.20181,0.43146,0.41874,0.43231,0.27117,-0.055902,-0.23075
0.17997,0.3469,0.32718,0.47304,0.28136,0.62482,0.16159,0.31265,0.43863,0.33906,0.051902,0.0021803,-0.012209,0.22294,0.27888,0.31032,0.16972,0.053142,0.14327,0.22528,1,0.76395,0.36584,0.33584,0.49866,0.6026,0.62561,0.66444,-0.014342,0.065627,0.32218,0.27457,0.23156,0.30881,0.26304,0.21724,0.098528,-0.073789,0.27762,0.079744,0.21667,-0.022053,0.35942,0.35587,0.50214,0.55367,0.35983,0.34933,0.41238,0.49773,0.44157,0.47102,0.29328,0.45649,0.26135,0.34505,0.27658,0.23703,0.23676,0.44807,0.20643,0.24379,0.18146,0.20545,0.35141,0.23712,0.24183,0.27088,0.23379,0.20333,0.45937,0.48129,0.25821,0.34907,0.37195,0.28599,0.18445,0.31828,0.12982,0.31412,0.23532,0.29688,0.30551,0.18726,0.37845,0.33899,0.42389,0.54975,0.25818,0.27304,0.41094,0.35832,0.44243,0.23637,0.20352,0.30465,0.38188,0.26351,0.4937,0.41712,0.43381,0.14932,0.47372,0.2265,0.45887,0.27814,0.48661,0.056176,0.36632,0.24617,0.4131,0.47677,0.40997,0.30418,0.0072077,-0.028178
0.023052,0.23005,0.1277,0.33651,0.068917,0.65492,-0.050417,0.20695,0.32054,0.36519,-0.11364,-0.099111,-0.15976,0.089307,0.20115,0.22318,-0.018164,-0.12646,0.0609,0.1096,0.76395,1,0.16608,0.22187,0.42936,0.55538,0.53469,0.66995,-0.11639,-0.072877,0.13951,0.088995,-0.015772,0.10791,0.10244,0.01983,-0.0586,-0.19744,0.15438,0.0012692,0.045676,-0.23973,0.2773,0.29365,0.39022,0.41058,0.2986,0.30863,0.27572,0.44409,0.2775,0.39531,0.16446,0.44519,0.13472,0.25694,0.099644,0.15355,0.010067,0.29866,-0.083053,0.1236,-0.0095829,0.011904,0.1535,0.01354,-0.074042,-0.01247,0.10669,0.054899,0.28452,0.43506,0.071407,0.15248,0.32186,0.14687,0.084871,0.11394,0.0020855,0.12033,0.09973,0.24888,0.26103,0.13905,0.32159,0.12671,0.43164,0.53374,0.13564,0.12512,0.44672,0.31204,0.43265,0.1007,0.20015,0.21281,0.21683,0.20582,0.37868,0.30839,0.39776,-0.044696,0.37264,0.10064,0.37544,0.19807,0.3406,-0.10145,0.26407,0.16299,0.19213,0.3004,0.28828,0.21567,-0.082,0.095045
0.44457,0.33592,0.71694,0.59741,0.48746,0.2935,0.47085,0.35636,0.56749,0.42919,0.14088,-0.006654,0.15488,0.19058,0.6354,0.47866,0.18566,0.26869,0.3454,0.34273,0.36584,0.16608,1,0.68208,0.73002,0.52299,0.39233,0.24216,0.21249,0.22897,0.57088,0.49988,0.33824,0.29687,0.31094,0.16728,0.3388,0.24774,0.42815,0.16174,0.4483,0.21085,0.32743,0.21329,0.25413,0.2751,0.20879,0.13397,0.16267,0.23712,0.30668,0.12959,0.14883,0.26809,0.19582,0.25987,0.34849,0.292,0.31231,0.26472,0.34155,0.1852,0.10787,0.051556,0.61543,0.26994,0.37433,0.32539,0.26354,0.26096,0.53024,0.53868,0.46808,0.48924,0.39567,0.4244,0.31088,0.30009,0.086744,0.28844,0.15635,0.10003,0.4293,0.26554,0.51899,0.40523,0.5258,0.41271,0.65031,0.29754,0.38798,0.5035,0.45616,0.58218,0.31767,0.31498,0.26252,0.13792,0.40222,0.52154,0.42162,0.47272,0.35677,0.43558,0.37765,0.51762,0.37155,0.16403,0.39708,0.27967,0.55149,0.51973,0.42647,0.41485,0.21898,-0.041018
0.25853,0.091086,0.61684,0.7522,0.51975,0.47825,0.55665,0.64983,0.64081,0.50698,0.060866,0.069634,0.121,0.37832,0.45603,0.43369,0.045374,0.040947,0.11367,0.14748,0.33584,0.22187,0.68208,1,0.64563,0.59986,0.27225,0.33996,0.20185,0.26471,0.60636,0.69037,0.47668,0.5301,0.49155,0.50714,0.36462,0.33257,0.43119,0.28015,0.40093,0.23636,0.11142,-0.0061826,0.16373,0.30598,0.0028366,-0.038592,-0.090724,0.052449,0.085154,-0.081593,-0.040538,0.11719,0.0099576,0.090604,0.088027,-0.021908,0.26963,0.31253,0.2729,0.57075,0.005038,0.093549,0.73634,0.56808,0.37672,0.49127,0.039226,0.15385,0.49411,0.4574,0.40061,0.43695,0.25215,0.38735,0.26862,0.26403,-0.054923,0.095475,0.048715,0.025779,0.36588,0.32372,0.51613,0.49926,0.40944,0.45764,0.4593,0.31873,0.43075,0.426,0.63254,0.56405,0.3315,0.31514,0.10156,0.058487,0.19291,0.35765,0.54915,0.48859,0.41331,0.38037,0.4676,0.53508,0.33244,0.10492,0.37108,0.22079,0.44185,0.36485,0.3047,0.31098,0.20898,0.072257
0.26324,0.39046,0.55473,0.53693,0.32376,0.45993,0.11857,0.16324,0.43169,0.35365,-0.18158,-0.28857,-0.23135,-0.064959,0.3509,0.26646,0.087367,0.13933,0.20048,0.2486,0.49866,0.42936,0.73002,0.64563,1,0.85205,0.56507,0.50414,0.058,0.065919,0.56787,0.50582,0.14076,0.20011,0.13419,0.089438,0.22951,0.06926,0.45826,0.20422,0.24801,-0.038527,0.45625,0.36309,0.41648,0.45971,0.32424,0.24151,0.17956,0.35987,0.30295,0.20656,-0.056601,0.37521,0.10281,0.32039,0.3749,0.38377,0.034774,0.27222,0.1068,0.052243,0.023397,-0.086604,0.45022,0.11035,0.11355,0.12378,0.28735,0.17644,0.40426,0.40662,0.17232,0.22277,0.19685,0.19128,0.12879,0.1981,0.13306,0.24708,0.080302,0.11255,0.38593,0.15371,0.41878,0.21811,0.53303,0.51747,0.3018,0.1469,0.26154,0.25876,0.38132,0.24881,0.43571,0.44221,0.31275,0.15419,0.33691,0.43518,0.31522,0.18334,0.36189,0.22636,0.47776,0.43375,0.41214,0.036509,0.52946,0.31715,0.43517,0.42547,0.25998,0.26316,0.031967,0.11449
0.15372,0.27618,0.34709,0.48411,0.35183,0.62938,0.058775,0.23138,0.46075,0.4512,-0.1422,-0.25859,-0.21092,-0.027713,0.24985,0.12439,-0.017044,-0.015781,0.092684,0.086856,0.6026,0.55538,0.52299,0.59986,0.85205,1,0.67562,0.72136,-0.084062,-0.075642,0.42972,0.42221,0.073712,0.16991,0.17664,0.11493,0.1601,-0.033656,0.45709,0.16818,0.25662,-0.081876,0.4436,0.36757,0.35446,0.47293,0.29203,0.25017,0.10747,0.31328,0.21468,0.17379,-0.051288,0.29464,0.12439,0.25563,0.20816,0.22963,0.10555,0.32243,0.098752,0.16433,-0.047774,-0.12626,0.36158,0.22784,0.060015,0.12308,0.21168,0.11776,0.31533,0.38092,0.16113,0.14803,0.2086,0.1164,0.04465,0.097972,0.023481,0.14397,-0.0001625,0.048211,0.3795,0.079692,0.3597,0.17288,0.52915,0.57573,0.23604,0.16975,0.25158,0.19198,0.39875,0.17764,0.45922,0.43979,0.32228,0.18844,0.27824,0.32343,0.26246,0.086458,0.32033,0.12231,0.5292,0.43808,0.42187,0.007294,0.49857,0.3114,0.38265,0.39494,0.34165,0.21576,0.018937,0.13529
0.17825,0.35532,0.16874,0.29306,0.47074,0.58263,-0.037415,0.04296,0.38528,0.29656,-0.0081527,-0.10505,-0.11905,0.0054801,0.31452,0.090308,0.097771,0.099584,0.18367,0.13501,0.62561,0.53469,0.39233,0.27225,0.56507,0.67562,1,0.81769,-0.10589,-0.086201,0.16681,0.10244,0.032538,0.062689,0.22134,0.1404,0.13095,-0.074833,0.25458,0.10316,0.1658,-0.055565,0.35223,0.34288,0.37766,0.36854,0.34769,0.24676,0.23941,0.43189,0.38058,0.38704,0.20002,0.36777,0.26208,0.31845,0.27517,0.30894,0.18383,0.29376,0.094863,-0.019927,0.070589,0.040067,0.2382,0.1062,0.15038,0.1486,0.32872,0.19836,0.13454,0.24694,0.12559,0.16156,0.25698,0.061228,0.011154,0.078721,-0.0016808,0.13095,0.13222,0.13566,0.24844,0.096711,0.34652,0.23848,0.49321,0.48038,0.22477,0.19441,0.22797,0.28456,0.27153,0.12319,0.29105,0.24914,0.25152,0.25169,0.37618,0.31735,0.13077,-0.031428,0.18577,0.12692,0.37615,0.36434,0.21743,-0.1425,0.25546,0.34597,0.27069,0.27965,0.31134,0.23605,0.12392,-0.01948
0.043812,0.23084,0.049009,0.35971,0.34269,0.74589,0.013114,0.186,0.44925,0.44271,-0.10806,-0.16772,-0.15465,0.059852,0.16187,0.03179,-0.072905,-0.11265,-0.050167,-0.013214,0.66444,0.66995,0.24216,0.33996,0.50414,0.72136,0.81769,1,-0.24238,-0.20624,0.024632,0.063188,0.010249,0.095372,0.34053,0.20909,0.080445,-0.16552,0.33144,0.16756,0.20944,-0.15304,0.34057,0.2958,0.33902,0.42301,0.25567,0.18663,0.12374,0.31538,0.28031,0.28897,0.11856,0.28024,0.17358,0.24719,0.094002,0.13452,0.15477,0.25935,0.048474,0.16373,-0.084054,-0.038704,0.28477,0.2805,0.13128,0.18295,0.20555,0.16095,0.18403,0.36359,0.045517,0.066221,0.22786,-0.0098,-0.013584,0.07436,-0.080693,0.0093072,-0.0040801,0.13843,0.23326,0.088555,0.34108,0.23126,0.50765,0.56532,0.15078,0.23095,0.27864,0.25301,0.46423,0.12593,0.38057,0.35665,0.30587,0.32171,0.2403,0.1622,0.27357,-0.077504,0.26944,0.047175,0.47826,0.37458,0.28511,-0.049621,0.3178,0.31378,0.21587,0.23262,0.24151,0.14441,0.089554,0.023186
0.54033,0.3691,0.44018,0.24176,0.2317,-0.071024,0.30653,0.36335,0.077158,-0.18221,0.63199,0.66867,0.56769,0.53357,0.60795,0.71552,0.74078,0.62151,0.68069,0.66444,-0.014342,-0.11639,0.21249,0.20185,0.058,-0.084062,-0.10589,-0.24238,1,0.89197,0.57916,0.53941,0.69416,0.6389,0.19965,0.27671,0.30535,0.51834,0.092116,0.44309,0.26556,0.5621,0.020085,-0.043438,0.18419,0.10767,0.26271,0.12376,0.2867,0.22381,0.30925,0.16219,0.3345,0.1969,0.25149,0.24754,0.43337,0.31018,0.3554,0.45997,0.47039,0.40587,0.6327,0.63491,0.079314,0.085444,0.3448,0.33894,0.28785,0.34883,0.1989,-0.024676,0.41938,0.48759,0.44692,0.51676,0.39159,0.35837,0.57095,0.42973,0.72247,0.52625,0.41563,0.70172,0.38763,0.36091,0.049364,0.11948,0.22428,0.3416,0.18157,0.29866,-0.046299,0.18301,-0.1228,-0.10162,0.11609,0.18718,0.41209,0.36386,0.23794,0.49049,0.25725,0.52518,-0.0050901,0.071294,0.15007,0.13807,-0.12181,0.081286,0.20668,0.26136,0.33309,0.27879,0.13732,-0.12801
0.47821,0.43634,0.39964,0.29343,0.17951,-0.065333,0.27683,0.40349,0.10173,-0.21185,0.54282,0.69052,0.48598,0.62455,0.51558,0.74003,0.75247,0.72274,0.52289,0.69304,0.065627,-0.072877,0.22897,0.26471,0.065919,-0.075642,-0.086201,-0.20624,0.89197,1,0.58021,0.59392,0.77609,0.72921,0.29579,0.41389,0.21917,0.44153,0.13754,0.45881,0.29764,0.50906,0.084765,0.028513,0.33794,0.26307,0.35111,0.23364,0.43879,0.35936,0.44386,0.3301,0.4134,0.33408,0.31536,0.40283,0.47801,0.41566,0.32333,0.58595,0.46271,0.4892,0.71771,0.77315,0.12071,0.15201,0.50601,0.52224,0.3582,0.52125,0.31894,0.057795,0.36582,0.50382,0.37336,0.51658,0.40321,0.47016,0.57099,0.58649,0.78103,0.64459,0.44978,0.78829,0.40027,0.39692,0.11194,0.19967,0.21259,0.47658,0.24072,0.3438,-0.01381,0.1381,-0.050774,0.018994,0.17015,0.27049,0.47517,0.37112,0.2318,0.43281,0.29687,0.46034,0.065362,0.10136,0.19462,0.23763,-0.08862,0.054843,0.31549,0.2842,0.27088,0.25775,0.011671,-0.2447
0.2748,0.21081,0.6936,0.51255,0.25035,0.12484,0.29098,0.4432,0.17608,0.0047458,0.18316,0.23943,0.19655,0.38082,0.45799,0.59929,0.36059,0.31128,0.3958,0.38169,0.32218,0.13951,0.57088,0.60636,0.56787,0.42972,0.16681,0.024632,0.57916,0.58021,1,0.91457,0.55932,0.58454,0.17818,0.27543,0.3106,0.33986,0.27217,0.24267,0.26047,0.28989,0.12274,0.061114,0.197,0.22105,0.16192,0.055178,0.13589,0.21264,0.15038,0.068353,0.039168,0.17321,0.025856,0.093282,0.23303,0.18291,0.096285,0.3596,0.18551,0.38462,0.25686,0.34126,0.30862,0.15722,0.24959,0.30516,0.049397,0.14873,0.43601,0.27492,0.38832,0.47854,0.31027,0.46443,0.31381,0.29271,0.24104,0.28345,0.3169,0.14877,0.43032,0.41228,0.29992,0.24697,0.14276,0.20312,0.19872,0.1633,0.34886,0.2713,0.19575,0.26858,0.092186,0.17269,0.078834,-0.0059268,0.32091,0.4505,0.39046,0.48026,0.42968,0.4545,0.20849,0.28426,0.34931,0.0071809,0.28673,0.16802,0.41893,0.38715,0.29157,0.37367,0.19534,0.14171
0.22719,0.12252,0.63888,0.53345,0.2413,0.14872,0.37577,0.55653,0.21597,0.038139,0.16557,0.27935,0.21492,0.48027,0.35726,0.5831,0.30877,0.25323,0.23334,0.30164,0.27457,0.088995,0.49988,0.69037,0.50582,0.42221,0.10244,0.063188,0.53941,0.59392,0.91457,1,0.61148,0.65809,0.3091,0.41,0.36209,0.3823,0.32646,0.3622,0.3629,0.31415,0.077954,-0.020428,0.16358,0.22706,0.093348,-0.020387,0.093198,0.13384,0.12942,0.028039,0.038482,0.12773,0.015015,0.082756,0.15289,0.093423,0.14269,0.38188,0.23938,0.52058,0.22537,0.36159,0.33966,0.3202,0.33384,0.4161,0.0042009,0.18416,0.45278,0.28333,0.36851,0.4602,0.2367,0.40031,0.29149,0.32175,0.15218,0.25086,0.27573,0.14014,0.44902,0.45,0.26305,0.25998,0.13021,0.23519,0.17506,0.25789,0.37718,0.27883,0.27423,0.29695,0.14588,0.25563,0.072772,0.042938,0.24904,0.39249,0.42786,0.46436,0.46858,0.44468,0.24085,0.30042,0.3565,0.063474,0.28807,0.17762,0.45811,0.35533,0.24122,0.35006,0.1752,0.10036
0.45331,0.36763,0.47974,0.45907,0.32806,0.10302,0.5616,0.6075,0.34168,0.032124,0.5212,0.60624,0.56666,0.68645,0.51812,0.61456,0.58803,0.55362,0.37277,0.56817,0.23156,-0.015772,0.33824,0.47668,0.14076,0.073712,0.032538,0.010249,0.69416,0.77609,0.55932,0.61148,1,0.93812,0.57119,0.58404,0.39575,0.51739,0.33542,0.46638,0.43057,0.52885,0.18682,0.099357,0.34731,0.37411,0.27805,0.20569,0.29496,0.22583,0.4275,0.23922,0.46499,0.27515,0.41117,0.35775,0.40338,0.24674,0.51542,0.57689,0.59629,0.68138,0.58292,0.7271,0.34913,0.53158,0.74047,0.76761,0.2977,0.55857,0.46018,0.207,0.47122,0.58498,0.47959,0.56718,0.61028,0.63187,0.37799,0.52263,0.65871,0.54892,0.42242,0.67485,0.48053,0.58895,0.16262,0.28054,0.38794,0.59665,0.36295,0.42924,0.22134,0.36619,0.094628,0.11807,0.29651,0.27455,0.42297,0.3555,0.37796,0.59247,0.41287,0.51013,0.32039,0.31314,0.33306,0.26412,0.059981,0.12393,0.43115,0.37623,0.38347,0.27937,0.15837,-0.227
0.35099,0.2828,0.50941,0.54533,0.29862,0.21856,0.56175,0.70097,0.36716,0.10928,0.38958,0.55872,0.49601,0.67665,0.47211,0.59953,0.50167,0.41961,0.27454,0.48034,0.30881,0.10791,0.29687,0.5301,0.20011,0.16991,0.062689,0.095372,0.6389,0.72921,0.58454,0.65809,0.93812,1,0.58831,0.59973,0.39276,0.41011,0.37893,0.44773,0.43327,0.44043,0.16036,0.046803,0.3445,0.39837,0.22882,0.14559,0.24384,0.21664,0.35153,0.2044,0.40434,0.28089,0.33499,0.30574,0.29965,0.14801,0.47324,0.58836,0.5225,0.74959,0.4577,0.65136,0.34004,0.57796,0.6733,0.73855,0.19505,0.45112,0.44459,0.23776,0.43308,0.54246,0.45137,0.51234,0.57357,0.58984,0.35118,0.45553,0.59624,0.53249,0.47115,0.63039,0.46194,0.5124,0.20217,0.29108,0.35608,0.53803,0.41463,0.42522,0.30797,0.35542,0.12919,0.19193,0.2922,0.25783,0.35636,0.33606,0.46124,0.54894,0.45594,0.49167,0.37051,0.31507,0.36313,0.222,0.10518,0.058844,0.38747,0.38252,0.324,0.22962,0.11074,-0.1518
0.1355,0.067379,0.23062,0.44295,0.39821,0.40374,0.55057,0.6059,0.52364,0.38195,0.22562,0.28362,0.44526,0.47151,0.36809,0.30327,0.090276,0.043862,-0.016176,0.060075,0.26304,0.10244,0.31094,0.49155,0.13419,0.17664,0.22134,0.34053,0.19965,0.29579,0.17818,0.3091,0.57119,0.58831,1,0.70254,0.31876,0.26689,0.37104,0.31382,0.37271,0.2997,0.19851,0.097738,0.25924,0.36835,0.089536,0.070539,0.10369,0.11733,0.2678,0.1028,0.33476,0.13597,0.29738,0.1604,0.041058,-0.039408,0.47003,0.36934,0.34078,0.63138,0.071134,0.27746,0.4595,0.63584,0.62392,0.6482,0.071355,0.33588,0.45028,0.35266,0.35996,0.36428,0.42678,0.32736,0.4718,0.51401,-0.11794,0.20154,0.21457,0.21985,0.23336,0.38195,0.42281,0.4973,0.29895,0.27367,0.46872,0.48701,0.34728,0.40839,0.42007,0.39871,0.20335,0.18733,0.24105,0.23395,0.19074,0.076946,0.36065,0.35088,0.32795,0.27404,0.3821,0.38081,0.18267,0.16051,0.031986,0.11672,0.29118,0.26941,0.25385,0.13579,0.19618,-0.3141
0.21301,0.13953,0.20115,0.45279,0.35449,0.36482,0.39961,0.566,0.33664,0.19607,0.23154,0.39049,0.32854,0.53976,0.23059,0.37068,0.26199,0.1423,0.0024445,0.16673,0.21724,0.01983,0.16728,0.50714,0.089438,0.11493,0.1404,0.20909,0.27671,0.41389,0.27543,0.41,0.58404,0.59973,0.70254,1,0.37242,0.35633,0.28151,0.38283,0.35194,0.42594,0.10069,0.030529,0.32906,0.43797,0.095241,0.11113,0.14034,0.21892,0.2803,0.18996,0.18932,0.1998,0.1777,0.20243,0.16513,0.035823,0.33343,0.48447,0.34242,0.67753,0.21777,0.43127,0.44923,0.6434,0.58655,0.67239,0.15345,0.36409,0.40202,0.28589,0.36816,0.44481,0.28279,0.33037,0.33756,0.47433,0.012165,0.17492,0.29362,0.25719,0.24643,0.41215,0.42437,0.59759,0.19313,0.21721,0.15834,0.47951,0.35602,0.40372,0.3955,0.29491,0.13373,0.20125,0.14766,0.22579,0.19794,0.1681,0.35387,0.33567,0.40258,0.28071,0.36126,0.29444,0.20849,0.20388,0.027088,0.18538,0.32739,0.24145,0.16899,0.11524,0.19725,-0.30336
0.3563,0.05934,0.44307,0.34586,0.40265,0.047124,0.41379,0.35077,0.24387,0.097371,0.33192,0.26985,0.3528,0.32962,0.32026,0.25906,0.27971,0.036346,0.25125,0.18907,0.098528,-0.0586,0.3388,0.36462,0.22951,0.1601,0.13095,0.080445,0.30535,0.21917,0.3106,0.36209,0.39575,0.39276,0.31876,0.37242,1,0.61953,0.59589,0.42902,0.59057,0.6072,0.17383,-0.048816,0.05531,0.053902,0.0283,-0.055447,-0.032552,-0.091646,0.23694,-0.0023598,0.19016,0.034365,0.32241,0.16261,0.14785,-0.083384,0.28264,0.14354,0.34801,0.24738,0.21714,0.25183,0.32604,0.36398,0.41036,0.39168,0.12008,0.085457,0.32248,0.22608,0.61852,0.55559,0.31689,0.43041,0.34832,0.37762,0.031913,0.16082,0.14967,0.080873,0.29596,0.25663,0.32288,0.39852,0.26451,0.17873,0.30255,0.23474,0.23579,0.26655,0.24389,0.38983,0.24127,0.31894,0.20515,0.17432,0.18051,0.32708,0.26736,0.44171,0.28067,0.48819,0.34109,0.40165,0.22959,0.10487,0.20935,0.35564,0.40556,0.40654,0.26761,0.26038,0.31067,0.095863
0.55243,0.17201,0.34092,0.18156,0.35182,-0.11932,0.36533,0.3193,0.1615,-0.096873,0.57468,0.54868,0.50406,0.48006,0.43351,0.40482,0.43578,0.2613,0.41212,0.32106,-0.073789,-0.19744,0.24774,0.33257,0.06926,-0.033656,-0.074833,-0.16552,0.51834,0.44153,0.33986,0.3823,0.51739,0.41011,0.26689,0.35633,0.61953,1,0.31858,0.59801,0.5832,0.80344,0.19997,0.11441,0.011454,0.058716,0.21508,0.14241,0.06782,-0.013423,0.27305,0.056449,0.30706,0.074991,0.37176,0.26745,0.27559,0.086523,0.32849,0.25769,0.47451,0.34302,0.4349,0.48817,0.24279,0.33616,0.41701,0.44722,0.17625,0.24419,0.26608,0.10986,0.65431,0.6406,0.44883,0.64563,0.47583,0.39548,0.093395,0.15435,0.29491,0.17814,0.31611,0.50167,0.39229,0.53811,0.11441,0.25373,0.23569,0.47592,0.2131,0.26911,0.11416,0.36163,0.042948,-0.0011514,0.20379,0.31319,0.36317,0.38704,0.24651,0.47351,0.32732,0.57118,0.21698,0.40439,0.24309,0.27417,-0.082726,0.31566,0.38856,0.33552,0.37045,0.37502,0.38561,-0.059266
0.25636,0.21192,0.34497,0.38393,0.3219,0.26639,0.29308,0.32198,0.34699,0.20789,0.10637,0.064882,0.12702,0.26715,0.20539,0.17273,0.098037,0.024858,0.014873,0.13476,0.27762,0.15438,0.42815,0.43119,0.45826,0.45709,0.25458,0.33144,0.092116,0.13754,0.27217,0.32646,0.33542,0.37893,0.37104,0.28151,0.59589,0.31858,1,0.51838,0.62925,0.26316,0.47551,0.2754,0.33866,0.3996,0.28344,0.20804,0.14701,0.14339,0.39933,0.22132,0.20387,0.31713,0.42068,0.4256,0.22327,0.13162,0.20016,0.32074,0.28894,0.24782,0.16032,0.15889,0.33594,0.39592,0.47563,0.4842,0.1933,0.25042,0.40134,0.42244,0.35941,0.35102,0.19715,0.24041,0.29017,0.35399,-0.013303,0.21239,0.07346,0.18774,0.56703,0.2513,0.41464,0.32215,0.63367,0.36902,0.28804,0.38055,0.2404,0.25296,0.31439,0.28082,0.69624,0.71437,0.48193,0.40984,0.23799,0.25889,0.16109,0.30772,0.24343,0.27757,0.57481,0.48042,0.35395,0.34133,0.56266,0.30529,0.40931,0.51403,0.18941,0.15861,0.086462,-0.023307
0.3568,0.27127,0.20014,0.2007,0.19866,0.13627,0.16441,0.28586,0.13055,-0.11067,0.31948,0.46019,0.2748,0.43208,0.26405,0.32582,0.42233,0.32546,0.18523,0.34613,0.079744,0.0012692,0.16174,0.28015,0.20422,0.16818,0.10316,0.16756,0.44309,0.45881,0.24267,0.3622,0.46638,0.44773,0.31382,0.38283,0.42902,0.59801,0.51838,1,0.58905,0.56328,0.32439,0.23129,0.28344,0.32593,0.38185,0.26931,0.30557,0.2552,0.45907,0.32381,0.24764,0.2851,0.40579,0.56375,0.31263,0.24357,0.20336,0.40339,0.39942,0.35747,0.43362,0.48635,0.12218,0.34052,0.43789,0.48088,0.24758,0.40103,0.16106,0.13132,0.32402,0.37134,0.25976,0.3221,0.18064,0.26247,0.28778,0.24398,0.38749,0.46623,0.54391,0.65489,0.43663,0.37298,0.33111,0.38414,0.017171,0.52841,0.092255,0.21165,0.10714,0.10876,0.35642,0.36683,0.45715,0.7222,0.3138,0.26562,0.168,0.20911,0.30483,0.31851,0.24885,0.25571,0.24443,0.36574,0.078268,0.37247,0.30311,0.25555,0.15325,0.16472,0.056611,-0.20452
0.50769,0.17025,0.47725,0.45089,0.43837,0.17761,0.50579,0.51145,0.45773,0.26417,0.42517,0.42321,0.45088,0.50603,0.43626,0.41312,0.22167,0.14673,0.22891,0.22662,0.21667,0.045676,0.4483,0.40093,0.24801,0.25662,0.1658,0.20944,0.26556,0.29764,0.26047,0.3629,0.43057,0.43327,0.37271,0.35194,0.59057,0.5832,0.62925,0.58905,1,0.62725,0.33886,0.17673,0.16983,0.23305,0.27362,0.15339,0.17038,0.13046,0.39939,0.23149,0.40677,0.27266,0.45043,0.39309,0.18573,0.051416,0.41796,0.3537,0.49283,0.37546,0.24195,0.34993,0.34508,0.505,0.48911,0.50443,0.17131,0.22638,0.45193,0.49077,0.71776,0.68264,0.45907,0.51037,0.29456,0.32802,0.010439,0.17252,0.157,0.26208,0.56228,0.42627,0.52389,0.50569,0.49251,0.39724,0.39542,0.64952,0.4179,0.48631,0.4625,0.53751,0.46704,0.43333,0.38027,0.48906,0.38301,0.47057,0.38125,0.49826,0.45613,0.58335,0.52308,0.58983,0.45406,0.44378,0.24941,0.36496,0.48105,0.50387,0.42401,0.42074,0.32704,-0.12361
0.51656,0.14818,0.30739,0.23058,0.34791,-0.13906,0.40382,0.40171,0.14094,-0.11665,0.63158,0.66321,0.56098,0.52953,0.42451,0.40121,0.50203,0.31616,0.38073,0.35307,-0.022053,-0.23973,0.21085,0.23636,-0.038527,-0.081876,-0.055565,-0.15304,0.5621,0.50906,0.28989,0.31415,0.52885,0.44043,0.2997,0.42594,0.6072,0.80344,0.26316,0.56328,0.62725,1,0.11858,-0.027738,0.065373,0.022727,0.16561,0.10386,0.15027,-0.0088785,0.29048,0.099012,0.38416,0.032609,0.43674,0.26771,0.24246,0.02785,0.36133,0.2606,0.47352,0.38281,0.47065,0.55147,0.19516,0.32975,0.42849,0.46455,0.1826,0.21478,0.20027,0.1028,0.75263,0.7564,0.48545,0.68202,0.37486,0.37458,0.24455,0.18272,0.38933,0.27539,0.20221,0.51043,0.34158,0.54718,0.077402,0.21258,0.23616,0.44575,0.18521,0.25836,0.085933,0.34522,-0.078111,-0.068678,0.16922,0.26323,0.3402,0.31807,0.19315,0.4961,0.25257,0.52554,0.17331,0.31861,0.26532,0.23115,-0.20187,0.25589,0.36611,0.30112,0.40627,0.32214,0.37693,-0.067484
