1,0.85305,0.49393,0.41984,0.53723,0.26209,0.4403,0.42019,0.35989,0.074548,0.63785,0.49011,0.54702,0.44169,0.45109,0.26088,0.68776,0.65667,0.74864,0.55009,0.39109,0.38255,0.33967,0.29805,0.36808,0.406,0.56619,0.44932,0.44372,0.49598,0.41837,0.41981,0.68037,0.69206,0.46331,0.57169,0.38767,0.59317,0.62302,0.51586,0.62362,0.58189,0.65151,0.62692,0.73941,0.71437,0.6488,0.69313,0.71898,0.66995,0.79616,0.66803,0.76156,0.62622,0.73636,0.719,0.81942,0.77053,0.78334,0.82291,0.57476,0.58126,0.31525,0.43095,0.36837,0.41088,0.69108,0.59778,0.68434,0.51811,0.58171,0.4765,0.57956,0.55209,0.5564,0.52758,0.65053,0.59038,0.59117,0.61132,0.68323,0.71899,0.63769,0.53085,0.68898,0.69935,0.49016,0.56139,0.70097,0.79899,-0.063396,0.30956,-0.0098901,0.15901,0.20703,0.37885,0.62707,0.5636,0.56394,0.61061,0.23201,0.31293,0.3894,0.40751,0.21043,0.2583,0.37878,0.32167,-0.028996,0.26889,-0.074705,0.2207,0.28565,0.43222,0.14689,-0.074552
0.85305,1,0.31159,0.21581,0.46345,0.22441,0.32604,0.31889,0.21015,-0.064978,0.5499,0.41107,0.50135,0.36723,0.32451,0.11035,0.8078,0.81757,0.6149,0.57098,0.30163,0.3508,0.21341,0.07406,0.34381,0.3031,0.43334,0.27488,0.48331,0.59718,0.37375,0.29791,0.63149,0.6783,0.22123,0.3281,0.31945,0.42106,0.45317,0.38444,0.51745,0.57175,0.65435,0.69807,0.68413,0.7234,0.69322,0.73411,0.73982,0.78479,0.74541,0.70887,0.68895,0.52298,0.68622,0.68814,0.86481,0.83612,0.6661,0.69286,0.46144,0.43449,0.37013,0.53833,0.14005,0.19816,0.46664,0.35206,0.62007,0.44649,0.49932,0.40012,0.58267,0.57755,0.47517,0.49591,0.52852,0.50164,0.68235,0.70415,0.71569,0.81284,0.54065,0.42656,0.52193,0.49885,0.40368,0.32166,0.46596,0.58095,-0.2868,0.044901,-0.23898,-0.062543,0.12562,0.34231,0.55402,0.58574,0.58234,0.6085,0.067645,0.098393,0.2817,0.2508,0.13838,0.15711,0.20555,0.20939,-0.086381,0.27172,-0.11069,0.17557,0.22864,0.3276,0.08484,-0.14164
0.49393,0.31159,1,0.72641,0.45127,0.49572,0.74637,0.50803,0.57726,0.4981,0.49342,0.35814,0.47764,0.42378,0.67723,0.65955,0.10481,0.16572,0.53421,0.12272,0.26806,0.33047,0.81274,0.7446,0.52002,0.50202,0.60357,0.50451,0.17755,0.1644,0.56476,0.47346,0.56006,0.35248,0.59315,0.44998,0.40752,0.48844,0.54649,0.46496,0.46018,0.38788,0.37161,0.27973,0.48359,0.3212,0.31128,0.34354,0.3836,0.26955,0.51879,0.38888,0.49639,0.46493,0.48898,0.42915,0.25193,0.31952,0.36945,0.3909,0.52029,0.56155,0.32608,0.18148,0.69333,0.51429,0.53061,0.40454,0.1501,0.30124,0.61185,0.5776,0.36303,0.28625,0.36618,0.3046,0.45442,0.34695,0.14932,0.22397,0.25825,0.26734,0.51344,0.4382,0.66266,0.55479,0.49982,0.56034,0.74712,0.66842,0.28446,0.50996,0.46562,0.57898,-0.026685,0.06456,0.35607,0.20738,0.29804,0.24588,0.318,0.57683,0.36658,0.49798,0.37271,0.43356,0.22612,0.16755,-0.19747,-0.0085174,-0.05244,0.040664,0.1359,0.3777,0.20735,-0.14255
0.41984,0.21581,0.72641,1,0.3455,0.59661,0.5829,0.72885,0.45749,0.63094,0.37561,0.59525,0.31436,0.51224,0.48841,0.66929,0.020295,0.21132,0.58418,0.35299,0.10224,0.24667,0.63011,0.76714,0.40456,0.52813,0.48625,0.36604,0.19604,0.31793,0.61744,0.67804,0.57132,0.52025,0.58617,0.63872,0.39753,0.48824,0.49039,0.34594,0.40809,0.3018,0.23559,0.079298,0.45163,0.27651,0.17746,0.21297,0.36682,0.1927,0.48951,0.35682,0.42736,0.34396,0.43915,0.29916,0.10677,0.075784,0.34463,0.40259,0.37873,0.61488,0.28902,0.35125,0.58059,0.69416,0.61915,0.63314,0.14316,0.34655,0.46659,0.48248,0.32384,0.32423,0.36199,0.30753,0.54274,0.54954,0.059755,0.074464,0.19757,0.26466,0.46123,0.49775,0.61866,0.66361,0.52436,0.63414,0.65091,0.61384,0.52379,0.61026,0.64775,0.48278,-0.11225,0.011348,0.4199,0.18484,0.41777,0.32291,0.67395,0.501,0.62651,0.68556,0.59666,0.63772,0.42388,0.48842,-0.22903,-0.043099,0.054089,0.2903,0.32584,0.57659,0.45943,-0.13665
0.53723,0.46345,0.45127,0.3455,1,0.69943,0.23491,0.20705,0.13784,0.040057,0.32763,0.15314,0.33789,0.18704,0.2795,0.1503,0.38274,0.3568,0.47227,0.28823,0.62722,0.60533,0.36072,0.30211,0.61556,0.70495,0.64727,0.64069,0.22167,0.29992,0.53598,0.54334,0.50081,0.49491,0.35267,0.37058,0.31194,0.41778,0.52696,0.43994,0.41803,0.45,0.49659,0.47091,0.52508,0.53206,0.49018,0.50325,0.5201,0.45455,0.51343,0.43934,0.52281,0.44237,0.51002,0.51263,0.5264,0.47357,0.53776,0.56866,0.26761,0.28697,0.10432,0.15694,0.14516,0.22915,0.44701,0.42255,0.34507,0.29349,0.57212,0.45487,0.38801,0.34436,0.39226,0.35321,0.38975,0.3165,0.34836,0.3696,0.39613,0.38521,0.38933,0.28652,0.32593,0.32501,0.31325,0.41861,0.44496,0.504,-0.03623,0.18023,-0.031552,0.0093035,0.095675,0.10922,0.41929,0.35699,0.42627,0.41576,0.20915,0.1971,0.37128,0.35414,0.16011,0.17939,0.32872,0.18513,0.023044,0.013998,-0.12605,0.12864,0.19037,0.32635,0.15655,-0.060053
0.26209,0.22441,0.49572,0.59661,0.69943,1,0.29654,0.39799,0.15387,0.45431,0.22506,0.25377,0.174,0.20719,0.2541,0.39155,0.084731,0.18051,0.36545,0.22505,0.3269,0.45357,0.52835,0.54807,0.61229,0.68854,0.52918,0.45478,0.12564,0.24929,0.61034,0.6294,0.43783,0.43203,0.40395,0.39459,0.30734,0.39081,0.43658,0.28437,0.32454,0.29416,0.248,0.17642,0.34125,0.27495,0.22958,0.25954,0.36253,0.23309,0.3981,0.33942,0.34546,0.3139,0.37045,0.29038,0.20259,0.15605,0.28104,0.30771,0.17842,0.33601,0.17154,0.19053,0.24675,0.39194,0.37065,0.38605,0.076349,0.2314,0.45345,0.43918,0.32225,0.29036,0.30738,0.23857,0.43118,0.42396,0.10883,0.11049,0.13602,0.17684,0.25305,0.2849,0.29514,0.30559,0.33204,0.43543,0.41041,0.39906,0.30233,0.31977,0.38532,0.20753,-0.095395,-0.04259,0.30854,0.16155,0.4076,0.31236,0.45305,0.2861,0.48512,0.46648,0.39485,0.37535,0.41609,0.27346,-0.15372,-0.061072,-0.018164,0.25671,0.29935,0.44629,0.38162,-0.12564
0.4403,0.32604,0.74637,0.5829,0.23491,0.29654,1,0.76776,0.70073,0.52688,0.72573,0.63933,0.74868,0.73794,0.71915,0.66379,0.20482,0.31972,0.5116,0.32224,0.042895,0.1054,0.52914,0.48282,0.11202,0.17762,0.27207,0.13338,0.42606,0.43405,0.29887,0.28967,0.51176,0.4505,0.32942,0.29295,0.25443,0.39303,0.35617,0.21837,0.38535,0.32575,0.13999,0.12556,0.33688,0.24086,0.14927,0.16207,0.25762,0.19953,0.48237,0.28795,0.38499,0.19569,0.31921,0.25641,0.10405,0.12768,0.42402,0.28048,0.78329,0.62046,0.73564,0.54232,0.68895,0.51803,0.48463,0.29402,0.061698,0.19625,0.42404,0.35561,0.46896,0.39757,0.41572,0.2754,0.47294,0.39358,0.072569,0.1191,0.30013,0.35344,0.57541,0.46746,0.65396,0.60303,0.31411,0.41522,0.69692,0.51748,0.32421,0.53642,0.49016,0.67826,0.010588,0.11546,0.18464,0.13264,0.30813,0.23564,0.50645,0.72515,0.40489,0.52889,0.33861,0.43317,0.24372,0.19988,-0.1791,0.052321,-0.047898,0.10579,0.24878,0.32394,0.17575,-0.10671
0.42019,0.31889,0.50803,0.72885,0.20705,0.39799,0.76776,1,0.57192,0.65512,0.61866,0.81612,0.64813,0.837,0.53499,0.66537,0.24815,0.43023,0.51308,0.45385,-0.033272,0.056002,0.40964,0.55788,0.083343,0.26064,0.27206,0.12821,0.48625,0.60862,0.37425,0.48987,0.54306,0.61987,0.39533,0.50643,0.32714,0.50319,0.40979,0.24265,0.45319,0.38872,0.1177,0.060093,0.35208,0.27581,0.10511,0.12685,0.27535,0.17802,0.49292,0.31877,0.33897,0.11201,0.34007,0.23344,0.10095,0.037868,0.36595,0.27328,0.65825,0.72333,0.64944,0.68226,0.59519,0.75553,0.50616,0.49473,0.046595,0.12884,0.32246,0.25529,0.54342,0.54282,0.53751,0.39051,0.54519,0.58504,0.13762,0.12546,0.32534,0.40753,0.51106,0.50206,0.61023,0.70525,0.39302,0.45314,0.62563,0.49131,0.39233,0.47471,0.52687,0.47781,0.020986,0.17775,0.32495,0.22219,0.42028,0.34559,0.72214,0.56112,0.52469,0.57862,0.42716,0.51892,0.40354,0.38107,-0.17604,0.079413,0.03653,0.29735,0.36955,0.47718,0.34474,-0.098199
0.35989,0.21015,0.57726,0.45749,0.13784,0.15387,0.70073,0.57192,1,0.62484,0.62549,0.64674,0.68677,0.64135,0.81721,0.73833,0.087979,0.2099,0.29743,0.24518,0.053179,0.014902,0.52374,0.45108,-0.035515,0.0049052,0.21895,0.067769,0.36301,0.31258,0.15881,0.15499,0.28131,0.20877,0.36871,0.26437,0.1762,0.45733,0.2836,0.179,0.24919,0.18923,0.18592,0.12885,0.30679,0.19489,0.16311,0.18463,0.19588,0.11926,0.31498,0.18574,0.20291,0.089552,0.20791,0.18382,0.021276,0.085298,0.27133,0.26502,0.66323,0.67971,0.59435,0.45561,0.79541,0.52415,0.39233,0.23477,0.11349,0.19477,0.28059,0.19246,0.16996,0.16681,0.21739,0.16902,0.32716,0.27735,0.031594,0.095326,0.22388,0.22832,0.60927,0.57682,0.51413,0.42025,0.18734,0.39916,0.63313,0.43706,0.31202,0.4465,0.44433,0.65217,0.015706,0.15596,0.24039,0.22156,0.28074,0.2283,0.44232,0.59514,0.32103,0.36043,0.19383,0.27265,0.21847,0.23346,-0.23504,0.24971,0.27528,0.19762,0.29571,0.311,0.10495,-0.124
0.074548,-0.064978,0.4981,0.63094,0.040057,0.45431,0.52688,0.65512,0.62484,1,0.33835,0.56122,0.28807,0.49954,0.43701,0.79489,-0.22904,-0.034024,0.092694,-0.035998,-0.048757,0.011498,0.50751,0.67882,0.10651,0.19695,0.16483,0.058303,0.085952,0.14663,0.28498,0.36482,0.17245,0.1227,0.42946,0.37138,0.17662,0.34703,0.19481,0.13581,0.13009,0.088601,0.00055504,-0.11955,0.14858,-0.0067453,-0.052182,-0.026438,0.070477,-0.075229,0.18853,0.11394,0.046172,0.037444,0.053385,-0.037392,-0.2284,-0.22305,0.010676,-0.014643,0.47753,0.69856,0.39607,0.39248,0.67468,0.70236,0.23022,0.25035,-0.25805,-0.041391,0.20555,0.19702,0.097662,0.13656,0.14132,0.039136,0.27131,0.33788,-0.18926,-0.17829,-0.11388,-0.086449,0.27014,0.40285,0.30582,0.37643,0.16745,0.39583,0.47424,0.31686,0.59597,0.51385,0.7255,0.54241,-0.092936,0.037976,0.13643,0.035718,0.21299,0.10428,0.59659,0.47481,0.37328,0.39847,0.32137,0.33836,0.26961,0.21691,-0.25522,0.093895,0.16846,0.25962,0.22804,0.35963,0.25999,-0.15974
0.63785,0.5499,0.49342,0.37561,0.32763,0.22506,0.72573,0.61866,0.62549,0.33835,1,0.7397,0.86376,0.77196,0.70193,0.54255,0.53144,0.61778,0.58702,0.59384,0.20995,0.14543,0.34948,0.27374,0.051308,0.094339,0.29596,0.090642,0.68791,0.6603,0.27082,0.30919,0.60068,0.60457,0.27475,0.31289,0.3593,0.53413,0.40113,0.2838,0.5381,0.51811,0.25609,0.24725,0.37806,0.33957,0.28976,0.29864,0.35139,0.31393,0.54917,0.33648,0.45144,0.21917,0.39596,0.37639,0.32515,0.28879,0.60226,0.50382,0.80529,0.60845,0.78663,0.67185,0.50745,0.39328,0.51864,0.359,0.36735,0.38707,0.38021,0.28588,0.58297,0.63065,0.58378,0.48282,0.61161,0.56969,0.33077,0.36574,0.57242,0.54433,0.72355,0.62045,0.5913,0.54603,0.21248,0.46004,0.71355,0.51644,0.19488,0.47676,0.25845,0.47156,0.15845,0.30284,0.42061,0.34459,0.51941,0.48159,0.46682,0.61547,0.44162,0.49361,0.19604,0.28659,0.39973,0.28764,-0.077984,0.3286,0.18068,0.36667,0.43631,0.43416,0.15022,-0.10572
0.49011,0.41107,0.35814,0.59525,0.15314,0.25377,0.63933,0.81612,0.64674,0.56122,0.7397,1,0.68463,0.86612,0.61659,0.64021,0.32151,0.54681,0.46403,0.54467,-0.043352,-0.0067429,0.31612,0.40609,-0.0053502,0.099862,0.24137,0.024873,0.56902,0.68532,0.3528,0.41559,0.50917,0.60126,0.33516,0.45679,0.20799,0.40259,0.2323,0.084037,0.27515,0.26179,0.16994,0.13645,0.40061,0.33253,0.1539,0.20435,0.3347,0.27534,0.49086,0.35301,0.27616,0.048502,0.2777,0.17867,0.15161,0.09634,0.42032,0.38081,0.69699,0.74781,0.73855,0.77897,0.57988,0.65461,0.49324,0.45851,0.18315,0.30002,0.20421,0.16937,0.35107,0.41815,0.35925,0.28455,0.51359,0.61729,0.19637,0.22218,0.36332,0.45755,0.57339,0.58865,0.5319,0.6363,0.23326,0.41309,0.57156,0.44228,0.29788,0.40792,0.44015,0.43172,-0.10646,0.13409,0.33837,0.26274,0.44449,0.36669,0.68863,0.53464,0.52095,0.53589,0.39544,0.43888,0.39151,0.44548,-0.33834,0.24204,0.21396,0.41662,0.44941,0.47023,0.27693,-0.25815
0.54702,0.50135,0.47764,0.31436,0.33789,0.174,0.74868,0.64813,0.68677,0.28807,0.86376,0.68463,1,0.83602,0.74994,0.47931,0.45354,0.53334,0.46707,0.51049,0.18347,0.15778,0.3406,0.24752,0.0010283,0.077394,0.28952,0.13083,0.61612,0.57846,0.16801,0.16663,0.4725,0.5277,0.22143,0.23539,0.30773,0.5094,0.43446,0.30533,0.49286,0.50196,0.23978,0.26044,0.32932,0.31213,0.27887,0.26551,0.30051,0.25736,0.49329,0.2956,0.36179,0.1211,0.37227,0.369,0.29358,0.29885,0.46978,0.3842,0.76618,0.55064,0.72991,0.58616,0.53172,0.37363,0.42585,0.26944,0.27181,0.23567,0.32949,0.20556,0.5695,0.58494,0.56483,0.43803,0.46015,0.38728,0.26367,0.27803,0.46189,0.50068,0.64502,0.50575,0.54235,0.49713,0.19949,0.40377,0.63604,0.4431,0.11987,0.34452,0.18714,0.46446,0.24467,0.35321,0.37034,0.36484,0.42475,0.38794,0.4158,0.59762,0.33237,0.34986,0.11451,0.23094,0.33938,0.13848,-0.049563,0.30791,0.092264,0.24625,0.37552,0.29557,0.0887,-0.0011767
0.44169,0.36723,0.42378,0.51224,0.18704,0.20719,0.73794,0.837,0.64135,0.49954,0.77196,0.86612,0.83602,1,0.63218,0.62859,0.27827,0.45039,0.38533,0.44392,-0.02062,0.054527,0.27016,0.37238,-0.069202,0.070614,0.18933,0.047092,0.51339,0.61543,0.22265,0.26819,0.45759,0.53473,0.23782,0.35286,0.18417,0.43435,0.28977,0.15073,0.37168,0.38162,0.083832,0.065672,0.28996,0.24792,0.074333,0.093885,0.22607,0.15065,0.43205,0.23027,0.25179,-0.023969,0.24262,0.16056,0.11753,0.072225,0.36679,0.27821,0.73853,0.66499,0.7516,0.69155,0.57809,0.60858,0.40457,0.36099,0.078098,0.17922,0.22485,0.16407,0.50232,0.51914,0.49485,0.3461,0.48396,0.52482,0.12488,0.12885,0.32671,0.40257,0.52849,0.47505,0.50395,0.59655,0.1887,0.39502,0.5833,0.38777,0.28897,0.40536,0.4113,0.47045,0.027722,0.16978,0.26267,0.16205,0.35746,0.27455,0.62102,0.57887,0.44363,0.47761,0.32445,0.41349,0.34378,0.27623,-0.18507,0.17867,0.048853,0.28302,0.37458,0.362,0.21846,-0.11361
0.45109,0.32451,0.67723,0.48841,0.2795,0.2541,0.71915,0.53499,0.81721,0.43701,0.70193,0.61659,0.74994,0.63218,1,0.77611,0.23425,0.33428,0.48301,0.36457,0.13952,0.16104,0.66051,0.5021,0.15618,0.18023,0.40294,0.24928,0.46855,0.40625,0.27698,0.23038,0.49657,0.37645,0.36029,0.22725,0.26131,0.46967,0.44004,0.29372,0.35354,0.30936,0.22871,0.19553,0.29932,0.20977,0.21888,0.24864,0.25967,0.18861,0.38924,0.2701,0.30823,0.19078,0.36407,0.32724,0.17453,0.25197,0.29653,0.35692,0.59242,0.60166,0.57246,0.4091,0.68546,0.40537,0.45869,0.26215,0.23759,0.32755,0.41483,0.32324,0.29008,0.26317,0.36993,0.30688,0.41451,0.34288,0.16766,0.21692,0.36587,0.38502,0.76785,0.65531,0.6693,0.50002,0.37198,0.52661,0.72505,0.53195,0.21243,0.42628,0.3713,0.64046,0.029831,0.12864,0.32231,0.2425,0.3357,0.27692,0.37142,0.59741,0.33386,0.33829,0.23905,0.32734,0.28612,0.20465,-0.20337,0.12597,0.12684,0.15471,0.27408,0.35282,0.16966,-0.13222
0.26088,0.11035,0.65955,0.66929,0.1503,0.39155,0.66379,0.66537,0.73833,0.79489,0.54255,0.64021,0.47931,0.62859,0.77611,1,-0.04349,0.13712,0.3124,0.15425,0.069897,0.072621,0.6442,0.70298,0.085499,0.1887,0.28097,0.16614,0.27663,0.31777,0.33744,0.40425,0.37781,0.23271,0.39112,0.3119,0.22109,0.43166,0.29399,0.24244,0.23905,0.23899,0.10084,-0.024532,0.23672,0.091489,0.049527,0.060678,0.16646,0.023929,0.30511,0.16923,0.21748,0.10564,0.20606,0.10568,-0.059634,-0.041478,0.14521,0.18031,0.55222,0.72624,0.51884,0.46114,0.73383,0.62321,0.34204,0.28827,-0.064957,0.13053,0.36319,0.31518,0.21575,0.18894,0.28881,0.19765,0.3882,0.42242,-0.056318,-0.03007,0.12909,0.13557,0.5707,0.64368,0.53866,0.49438,0.25623,0.5585,0.66402,0.48082,0.43928,0.51758,0.62028,0.59671,-0.083561,-0.0069254,0.19448,0.043688,0.2681,0.14893,0.50144,0.53716,0.36855,0.41862,0.32987,0.37603,0.27417,0.21853,-0.27567,0.013626,0.079529,0.15737,0.23095,0.38633,0.20761,-0.2109
0.68776,0.8078,0.10481,0.020295,0.38274,0.084731,0.20482,0.24815,0.087979,-0.22904,0.53144,0.32151,0.45354,0.27827,0.23425,-0.04349,1,0.88684,0.51999,0.58688,0.30171,0.17309,0.090209,-0.049378,0.19983,0.18079,0.30617,0.19564,0.70688,0.70408,0.33833,0.33392,0.57864,0.66687,0.13283,0.24704,0.4548,0.39579,0.39068,0.37504,0.56041,0.59057,0.56985,0.6382,0.52082,0.62236,0.60786,0.63805,0.58658,0.67387,0.60297,0.60389,0.56092,0.3819,0.59423,0.59538,0.80609,0.73164,0.60101,0.5976,0.34008,0.22648,0.35029,0.43318,-0.018528,0.025859,0.36091,0.30718,0.57492,0.30284,0.3312,0.2409,0.60669,0.64556,0.51957,0.49861,0.47246,0.47478,0.85099,0.82939,0.86232,0.84128,0.51344,0.42978,0.40311,0.4225,0.26306,0.1399,0.28782,0.43001,-0.42442,-0.10304,-0.38233,-0.18513,0.18678,0.42211,0.58703,0.64512,0.50598,0.59841,0.010942,-0.019435,0.14476,0.16969,-0.072956,-0.053988,0.18434,0.19583,0.0023993,0.39151,0.13427,0.21702,0.2284,0.24314,-0.032465,-0.18953
0.65667,0.81757,0.16572,0.21132,0.3568,0.18051,0.31972,0.43023,0.2099,-0.034024,0.61778,0.54681,0.53334,0.45039,0.33428,0.13712,0.88684,1,0.59235,0.73192,0.21696,0.15504,0.12739,0.015083,0.1588,0.15293,0.27729,0.084956,0.72637,0.84248,0.38401,0.3935,0.67505,0.78433,0.16356,0.30917,0.41478,0.42641,0.36423,0.30537,0.51896,0.58674,0.5044,0.55403,0.54534,0.61162,0.55513,0.59505,0.61527,0.6683,0.65986,0.62711,0.56626,0.32667,0.58106,0.54538,0.6701,0.61464,0.61536,0.62113,0.43589,0.38216,0.53234,0.69004,0.090676,0.18242,0.44334,0.37634,0.5542,0.41944,0.34223,0.24953,0.58696,0.67781,0.51231,0.51563,0.55128,0.58298,0.73121,0.74815,0.82479,0.88966,0.59191,0.53846,0.45997,0.4821,0.28588,0.24702,0.39126,0.42302,-0.21458,0.062041,-0.15537,-0.036518,0.10132,0.36057,0.58571,0.60465,0.64049,0.63243,0.26714,0.13795,0.39072,0.3522,0.13237,0.15572,0.35171,0.34955,-0.11636,0.36296,0.12929,0.35639,0.34055,0.42942,0.12952,-0.19008
0.74864,0.6149,0.53421,0.58418,0.47227,0.36545,0.5116,0.51308,0.29743,0.092694,0.58702,0.46403,0.46707,0.38533,0.48301,0.3124,0.51999,0.59235,1,0.7676,0.22264,0.31074,0.42239,0.32805,0.38953,0.42555,0.50282,0.31554,0.50613,0.5436,0.44714,0.51982,0.80051,0.7964,0.40526,0.52142,0.42653,0.61853,0.64616,0.42582,0.63229,0.54622,0.38232,0.33217,0.51002,0.45973,0.42298,0.44967,0.5263,0.45781,0.6533,0.48075,0.64992,0.48853,0.62999,0.59358,0.50625,0.46348,0.69645,0.73289,0.41123,0.42765,0.34466,0.42142,0.27712,0.35096,0.76963,0.62212,0.64411,0.61337,0.62594,0.52451,0.58345,0.56061,0.63555,0.62241,0.74142,0.64052,0.3541,0.41763,0.60171,0.65013,0.72073,0.56282,0.72113,0.64457,0.59363,0.60649,0.71036,0.65589,0.19932,0.50278,0.2227,0.38665,0.20126,0.27978,0.57541,0.41089,0.62759,0.58407,0.47073,0.49689,0.61613,0.61402,0.39959,0.51587,0.52966,0.50356,0.04782,0.08295,-0.017898,0.3566,0.3891,0.59805,0.43271,0.11401
0.55009,0.57098,0.12272,0.35299,0.28823,0.22505,0.32224,0.45385,0.24518,-0.035998,0.59384,0.54467,0.51049,0.44392,0.36457,0.15425,0.58688,0.73192,0.7676,1,0.15341,0.17713,0.084165,0.018231,0.046475,0.12471,0.19307,-0.004484,0.635,0.70213,0.24458,0.34815,0.63721,0.7858,0.12339,0.32298,0.3098,0.48657,0.40774,0.18291,0.46189,0.44566,0.15273,0.13199,0.29965,0.30102,0.24137,0.25466,0.34983,0.31332,0.45222,0.26635,0.40259,0.15935,0.39138,0.35968,0.38679,0.30784,0.62129,0.61713,0.37771,0.29977,0.49603,0.56161,0.089217,0.17784,0.60221,0.48478,0.71497,0.61346,0.29206,0.21433,0.53776,0.59241,0.52468,0.56913,0.6443,0.62249,0.31306,0.34771,0.59439,0.65045,0.6526,0.53824,0.42678,0.39515,0.28261,0.38865,0.46252,0.32632,0.14812,0.39678,0.1015,0.25127,0.2267,0.33127,0.48958,0.38121,0.66135,0.60609,0.50662,0.39954,0.61027,0.53827,0.24875,0.36356,0.53472,0.52923,0.051609,0.24311,0.2329,0.55346,0.57992,0.59212,0.39482,0.12246
0.39109,0.30163,0.26806,0.10224,0.62722,0.3269,0.042895,-0.033272,0.053179,-0.048757,0.20995,-0.043352,0.18347,-0.02062,0.13952,0.069897,0.30171,0.21696,0.22264,0.15341,1,0.58858,0.17459,0.17308,0.30161,0.41937,0.42095,0.49851,0.1994,0.11476,0.40475,0.43988,0.22534,0.18916,0.17959,0.177,0.37633,0.33315,0.37582,0.54857,0.27242,0.47327,0.49223,0.41127,0.386,0.39102,0.48224,0.43484,0.38703,0.33804,0.37556,0.30701,0.44823,0.44226,0.36125,0.37947,0.43243,0.40115,0.4641,0.47104,0.17181,0.12942,-0.022481,0.0057158,0.032525,0.0076658,0.27295,0.30051,0.36539,0.11229,0.39134,0.3013,0.29604,0.27697,0.26564,0.18963,0.14642,0.1407,0.32173,0.33341,0.38868,0.20453,0.3189,0.35886,0.12969,0.20666,-0.027856,0.40955,0.26851,0.40661,-0.13457,0.081805,-0.18798,-0.12622,0.3586,0.40607,0.42401,0.41444,0.3386,0.33101,-0.044089,0.014168,0.099759,0.07327,-0.30018,-0.32421,0.20017,-0.14064,0.11374,0.36885,0.064234,0.092557,0.20004,0.1186,-0.29969,-0.17337
0.38255,0.3508,0.33047,0.24667,0.60533,0.45357,0.1054,0.056002,0.014902,0.011498,0.14543,-0.0067429,0.15778,0.054527,0.16104,0.072621,0.17309,0.15504,0.31074,0.17713,0.58858,1,0.18545,0.19616,0.44372,0.56798,0.41197,0.53867,0.0032949,0.078248,0.39117,0.32275,0.34788,0.29668,0.11919,0.18915,0.089862,0.2526,0.40488,0.32462,0.30507,0.38118,0.31389,0.28852,0.29219,0.29322,0.32079,0.34947,0.38208,0.27107,0.31995,0.27384,0.34555,0.38021,0.33285,0.3621,0.40762,0.3806,0.37188,0.38722,0.17694,0.12168,-0.018961,0.029568,-0.033123,0.11396,0.24935,0.23286,0.33898,0.31224,0.61239,0.60967,0.37384,0.26989,0.25797,0.2044,0.21706,0.17638,0.2167,0.23035,0.20205,0.22624,0.21287,0.10617,0.081311,0.14922,0.16462,0.28846,0.26142,0.30973,0.00083369,0.18835,-0.018203,0.0025626,-0.01034,0.074999,0.29026,0.20034,0.30464,0.30606,0.095604,0.046039,0.31361,0.25743,0.21182,0.16657,0.16295,0.070075,-0.060127,-0.028485,-0.21393,0.089205,0.10344,0.26158,0.18833,0.0094875
0.33967,0.21341,0.81274,0.63011,0.36072,0.52835,0.52914,0.40964,0.52374,0.50751,0.34948,0.31612,0.3406,0.27016,0.66051,0.6442,0.090209,0.12739,0.42239,0.084165,0.17459,0.18545,1,0.84039,0.61853,0.56022,0.6799,0.54727,0.19821,0.17176,0.6543,0.53853,0.51723,0.31956,0.64643,0.42085,0.37665,0.50652,0.51751,0.40821,0.39315,0.28798,0.35227,0.2476,0.41451,0.24483,0.27824,0.32251,0.31121,0.24547,0.40386,0.3736,0.35742,0.40092,0.4551,0.41916,0.20854,0.25618,0.17977,0.2665,0.29569,0.46493,0.21475,0.097552,0.62527,0.4464,0.47156,0.34955,0.10808,0.21554,0.48006,0.43834,0.21163,0.1805,0.30997,0.30402,0.37,0.29542,0.14882,0.18009,0.21635,0.21453,0.51441,0.46089,0.63344,0.44806,0.53238,0.49227,0.65302,0.6044,0.22552,0.35287,0.42327,0.47306,-0.054678,0.069596,0.37184,0.26379,0.29832,0.26137,0.25474,0.42025,0.29285,0.34351,0.33554,0.37938,0.2562,0.17977,-0.24421,0.0048831,0.055283,0.10505,0.16301,0.36326,0.23803,-0.15611
0.29805,0.07406,0.7446,0.76714,0.30211,0.54807,0.48282,0.55788,0.45108,0.67882,0.27374,0.40609,0.24752,0.37238,0.5021,0.70298,-0.049378,0.015083,0.32805,0.018231,0.17308,0.19616,0.84039,1,0.53878,0.61679,0.66434,0.58965,0.077225,0.10423,0.64506,0.63626,0.44966,0.30246,0.75106,0.62306,0.39508,0.49997,0.52259,0.45186,0.3483,0.25656,0.2484,0.072644,0.37292,0.1732,0.11128,0.15672,0.22209,0.065611,0.34761,0.24589,0.26048,0.27117,0.35599,0.25897,0.098919,0.10612,0.15705,0.23327,0.36796,0.62382,0.15987,0.11719,0.70386,0.69715,0.48912,0.52097,-0.0017872,0.11361,0.36424,0.3543,0.21218,0.18533,0.28698,0.27411,0.37295,0.373,0.036557,0.041693,0.071256,0.059128,0.37086,0.41582,0.56635,0.55463,0.47947,0.57891,0.63702,0.59962,0.36689,0.43508,0.5554,0.4023,-0.0048327,0.095499,0.36557,0.16089,0.22876,0.13421,0.43048,0.41339,0.32382,0.41854,0.34864,0.39577,0.30324,0.18862,-0.1461,0.029361,0.039443,0.10987,0.1309,0.37345,0.23733,-0.1359
0.36808,0.34381,0.52002,0.40456,0.61556,0.61229,0.11202,0.083343,-0.035515,0.10651,0.051308,-0.0053502,0.0010283,-0.069202,0.15618,0.085499,0.19983,0.1588,0.38953,0.046475,0.30161,0.44372,0.61853,0.53878,1,0.86783,0.82391,0.73893,0.010243,0.078586,0.72401,0.56738,0.53643,0.42072,0.59071,0.47041,0.3075,0.27864,0.52936,0.40346,0.32321,0.28536,0.50841,0.447,0.51798,0.43979,0.42451,0.49413,0.47067,0.42857,0.435,0.47271,0.43392,0.51969,0.53789,0.49637,0.44444,0.4521,0.26369,0.34796,0.037014,0.1966,-0.13784,-0.083648,0.18595,0.27752,0.41242,0.39663,0.20711,0.24365,0.44831,0.42025,0.19954,0.17893,0.22442,0.34424,0.24986,0.20419,0.343,0.36226,0.23485,0.25093,0.22683,0.13459,0.36698,0.30617,0.59427,0.30018,0.33758,0.45566,-0.11211,0.036497,-0.0057111,-0.026967,-0.054928,0.050382,0.42149,0.31602,0.29587,0.2843,0.0407,0.038027,0.19387,0.19145,0.27584,0.29405,0.1797,0.16263,-0.049184,-0.063416,-0.14053,0.02157,-0.011049,0.24567,0.25479,-0.081776
0.406,0.3031,0.50202,0.52813,0.70495,0.68854,0.17762,0.26064,0.0049052,0.19695,0.094339,0.099862,0.077394,0.070614,0.18023,0.1887,0.18079,0.15293,0.42555,0.12471,0.41937,0.56798,0.56022,0.61679,0.86783,1,0.80728,0.84023,0.03878,0.13999,0.73644,0.69172,0.56719,0.49363,0.63992,0.63104,0.34774,0.42178,0.65254,0.52606,0.40861,0.36793,0.47666,0.37044,0.55606,0.48713,0.40205,0.45131,0.49514,0.38604,0.49961,0.46069,0.496,0.5439,0.55375,0.5143,0.41243,0.36531,0.39423,0.42187,0.16213,0.31445,-0.072067,0.038982,0.23169,0.44132,0.54284,0.59359,0.22194,0.18428,0.49871,0.42403,0.29512,0.25177,0.32939,0.38615,0.37693,0.31095,0.29063,0.27309,0.25386,0.27396,0.31596,0.23733,0.42794,0.45231,0.56968,0.46496,0.44239,0.56116,0.036745,0.2122,0.081999,0.013672,0.074095,0.16554,0.47067,0.34864,0.41277,0.3841,0.24987,0.12607,0.34853,0.33637,0.30547,0.34848,0.34776,0.17123,0.023811,-0.064857,-0.18151,0.087855,0.10563,0.36404,0.29329,-0.018993
0.56619,0.43334,0.60357,0.48625,0.64727,0.52918,0.27207,0.27206,0.21895,0.16483,0.29596,0.24137,0.28952,0.18933,0.40294,0.28097,0.30617,0.27729,0.50282,0.19307,0.42095,0.41197,0.6799,0.66434,0.82391,0.80728,1,0.85977,0.13426,0.1691,0.66356,0.57416,0.62125,0.50682,0.74604,0.62498,0.39092,0.47842,0.70096,0.56539,0.43482,0.4032,0.57408,0.47083,0.62741,0.50803,0.46665,0.51128,0.51485,0.4252,0.55518,0.49473,0.50989,0.51286,0.60248,0.5886,0.53043,0.53815,0.40737,0.50526,0.30029,0.45165,0.012431,0.094388,0.46917,0.4898,0.59995,0.57418,0.35666,0.3,0.42987,0.35476,0.29877,0.28044,0.34708,0.46967,0.33232,0.24701,0.3706,0.39396,0.33782,0.35676,0.43221,0.3382,0.56455,0.5073,0.59997,0.51272,0.57407,0.65967,-0.088638,0.13335,0.016801,0.057061,0.17157,0.27829,0.58609,0.45379,0.39522,0.35075,0.17449,0.20127,0.24528,0.28116,0.22698,0.30279,0.32553,0.14305,0.0265,0.13465,-0.065034,0.078041,0.098734,0.34392,0.20518,-0.085033
0.44932,0.27488,0.50451,0.36604,0.64069,0.45478,0.13338,0.12821,0.067769,0.058303,0.090642,0.024873,0.13083,0.047092,0.24928,0.16614,0.19564,0.084956,0.31554,-0.004484,0.49851,0.53867,0.54727,0.58965,0.73893,0.84023,0.85977,1,-0.026764,-0.02343,0.59885,0.51336,0.43864,0.30775,0.65137,0.53211,0.28721,0.4199,0.62886,0.56871,0.38362,0.3505,0.51689,0.41867,0.54181,0.45601,0.40868,0.43513,0.41783,0.33581,0.43879,0.39905,0.44639,0.52011,0.50258,0.52899,0.48712,0.46458,0.36439,0.41825,0.2041,0.29713,-0.16588,-0.095279,0.3368,0.39772,0.45583,0.50441,0.27744,0.13122,0.39648,0.34878,0.25191,0.18084,0.27956,0.34433,0.20918,0.10765,0.28646,0.27992,0.20379,0.2072,0.26896,0.19168,0.38899,0.40254,0.45762,0.42314,0.43993,0.58963,-0.14028,0.092134,-0.0733,-0.024853,0.16418,0.22839,0.44202,0.34901,0.26533,0.27558,0.032932,0.10335,0.14634,0.18151,0.11804,0.16775,0.22485,-0.0025806,0.069022,-8.5774e-05,-0.16545,-0.041019,0.0029726,0.20235,0.073897,-0.036427
0.44372,0.48331,0.17755,0.19604,0.22167,0.12564,0.42606,0.48625,0.36301,0.085952,0.68791,0.56902,0.61612,0.51339,0.46855,0.27663,0.70688,0.72637,0.50613,0.635,0.1994,0.0032949,0.19821,0.077225,0.010243,0.03878,0.13426,-0.026764,1,0.86893,0.34087,0.41524,0.50935,0.59781,0.13104,0.19932,0.51789,0.44901,0.27816,0.26549,0.52091,0.56462,0.30818,0.31736,0.28648,0.35289,0.33926,0.34093,0.31779,0.3623,0.42527,0.36188,0.34905,0.12088,0.36858,0.33365,0.32082,0.2317,0.474,0.40645,0.39866,0.24977,0.59881,0.50083,0.12563,0.10162,0.34133,0.28464,0.28937,0.16022,0.25394,0.18935,0.60267,0.67934,0.55357,0.46735,0.52305,0.57344,0.58162,0.55341,0.7509,0.61514,0.62748,0.60951,0.40105,0.44585,0.11229,0.24365,0.34474,0.29868,-0.11127,0.11556,-0.041856,0.13204,0.13771,0.33067,0.43109,0.43551,0.45283,0.47027,0.28717,0.26419,0.19972,0.2403,-0.055842,-0.016876,0.30976,0.23946,-0.076769,0.42686,0.33192,0.29671,0.40219,0.24164,-0.036679,-0.1995
0.49598,0.59718,0.1644,0.31793,0.29992,0.24929,0.43405,0.60862,0.31258,0.14663,0.6603,0.68532,0.57846,0.61543,0.40625,0.31777,0.70408,0.84248,0.5436,0.70213,0.11476,0.078248,0.17176,0.10423,0.078586,0.13999,0.1691,-0.02343,0.86893,1,0.41462,0.48736,0.64902,0.77705,0.12285,0.3092,0.3727,0.42784,0.2749,0.20512,0.47261,0.55265,0.3314,0.3463,0.42445,0.49045,0.3759,0.40122,0.46707,0.48592,0.53947,0.46212,0.42393,0.15693,0.45872,0.38083,0.3895,0.28799,0.51698,0.4414,0.43335,0.37144,0.65741,0.72466,0.13291,0.26849,0.40758,0.37078,0.3242,0.26573,0.28513,0.19125,0.62404,0.68897,0.57293,0.5216,0.57305,0.64485,0.58025,0.55187,0.74566,0.73865,0.59032,0.56909,0.44288,0.50281,0.22595,0.26429,0.37987,0.34156,-0.077004,0.12105,0.027256,0.072217,-0.011058,0.21216,0.43465,0.43763,0.54408,0.52683,0.42291,0.22255,0.41195,0.39829,0.22314,0.23743,0.36748,0.41662,-0.16831,0.27248,0.15436,0.30932,0.36731,0.39595,0.18651,-0.21021
0.41837,0.37375,0.56476,0.61744,0.53598,0.61034,0.29887,0.37425,0.15881,0.28498,0.27082,0.3528,0.16801,0.22265,0.27698,0.33744,0.33833,0.38401,0.44714,0.24458,0.40475,0.39117,0.6543,0.64506,0.72401,0.73644,0.66356,0.59885,0.34087,0.41462,1,0.89209,0.62289,0.55234,0.53673,0.56182,0.42613,0.37516,0.40402,0.3864,0.38646,0.40588,0.55851,0.45531,0.63779,0.55997,0.46681,0.5285,0.58541,0.52337,0.60198,0.59267,0.53796,0.53381,0.57866,0.49078,0.43915,0.34611,0.4443,0.45283,0.22665,0.33729,0.1957,0.22098,0.25365,0.37749,0.48589,0.53575,0.20393,0.25062,0.46629,0.48424,0.3363,0.35518,0.31939,0.31439,0.4082,0.47764,0.48315,0.49289,0.47765,0.44323,0.40901,0.45198,0.44433,0.51826,0.37554,0.37411,0.43122,0.5628,-0.031703,0.14075,0.13118,0.028171,-0.1715,0.10388,0.5262,0.38972,0.44787,0.42501,0.269,0.14544,0.36578,0.42419,0.32062,0.28368,0.31097,0.31126,-0.32829,0.11216,0.061685,0.19706,0.21328,0.3905,0.2041,-0.387
0.41981,0.29791,0.47346,0.67804,0.54334,0.6294,0.28967,0.48987,0.15499,0.36482,0.30919,0.41559,0.16663,0.26819,0.23038,0.40425,0.33392,0.3935,0.51982,0.34815,0.43988,0.32275,0.53853,0.63626,0.56738,0.69172,0.57416,0.51336,0.41524,0.48736,0.89209,1,0.62195,0.60683,0.54305,0.66028,0.52136,0.49263,0.45911,0.4868,0.43741,0.4936,0.4966,0.34645,0.58798,0.51522,0.42596,0.4427,0.5318,0.42404,0.57767,0.50161,0.52791,0.46159,0.54256,0.44196,0.34434,0.22393,0.48086,0.49202,0.25758,0.41016,0.20463,0.30385,0.26124,0.47018,0.54659,0.65315,0.22037,0.20642,0.46819,0.43663,0.39023,0.43447,0.42483,0.38324,0.51107,0.58559,0.41373,0.41069,0.47153,0.40658,0.43136,0.54043,0.45342,0.56699,0.32861,0.47372,0.46866,0.5779,0.096045,0.25716,0.21117,0.023498,-0.0070003,0.1773,0.57477,0.41004,0.48929,0.44395,0.41759,0.1777,0.42184,0.49163,0.29064,0.29041,0.41887,0.36449,-0.16819,0.12886,0.10004,0.25439,0.30312,0.46305,0.19231,-0.27943
0.68037,0.63149,0.56006,0.57132,0.50081,0.43783,0.51176,0.54306,0.28131,0.17245,0.60068,0.50917,0.4725,0.45759,0.49657,0.37781,0.57864,0.67505,0.80051,0.63721,0.22534,0.34788,0.51723,0.44966,0.53643,0.56719,0.62125,0.43864,0.50935,0.64902,0.62289,0.62195,1,0.89737,0.54356,0.6222,0.40844,0.56101,0.64817,0.46822,0.60766,0.59515,0.45019,0.37628,0.63028,0.5605,0.44322,0.49365,0.61179,0.51544,0.70523,0.53813,0.65104,0.47236,0.68106,0.5898,0.55221,0.51587,0.6438,0.63716,0.48759,0.47927,0.40907,0.47329,0.37352,0.46885,0.76189,0.67552,0.54462,0.54492,0.53082,0.43043,0.59285,0.57305,0.58662,0.6021,0.68401,0.63017,0.48526,0.52445,0.63988,0.72121,0.7064,0.56878,0.69329,0.6306,0.59087,0.50133,0.68196,0.65725,0.028092,0.34687,0.14872,0.24812,0.057586,0.23278,0.60628,0.43082,0.59476,0.54317,0.41046,0.37336,0.52944,0.55302,0.46654,0.56813,0.51336,0.45304,-0.068438,0.069587,-0.12038,0.24933,0.2794,0.58719,0.41352,-0.040359
0.69206,0.6783,0.35248,0.52025,0.49491,0.43203,0.4505,0.61987,0.20877,0.1227,0.60457,0.60126,0.5277,0.53473,0.37645,0.23271,0.66687,0.78433,0.7964,0.7858,0.18916,0.29668,0.31956,0.30246,0.42072,0.49363,0.50682,0.30775,0.59781,0.77705,0.55234,0.60683,0.89737,1,0.42975,0.62142,0.41007,0.56734,0.59872,0.40271,0.61164,0.60793,0.41951,0.38951,0.60235,0.58959,0.44878,0.49852,0.60867,0.54831,0.71,0.56323,0.61918,0.40818,0.67215,0.58919,0.57406,0.49974,0.6719,0.6608,0.46771,0.4634,0.462,0.59671,0.23257,0.4425,0.73786,0.68008,0.58993,0.53552,0.44913,0.32647,0.66598,0.69964,0.64736,0.63999,0.70466,0.68731,0.53078,0.54392,0.68514,0.7807,0.62902,0.50848,0.63467,0.65602,0.548,0.44859,0.59607,0.58334,0.037867,0.30196,0.11831,0.15958,0.13776,0.32217,0.64185,0.51843,0.65682,0.62189,0.51821,0.33285,0.59369,0.56527,0.42718,0.51909,0.56493,0.52443,-0.0063306,0.15736,-0.03629,0.36304,0.39734,0.61995,0.43615,0.010501
0.46331,0.22123,0.59315,0.58617,0.35267,0.40395,0.32942,0.39533,0.36871,0.42946,0.27475,0.33516,0.22143,0.23782,0.36029,0.39112,0.13283,0.16356,0.40526,0.12339,0.17959,0.11919,0.64643,0.75106,0.59071,0.63992,0.74604,0.65137,0.13104,0.12285,0.53673,0.54305,0.54356,0.42975,1,0.8316,0.49792,0.59886,0.67388,0.60763,0.44357,0.33484,0.42491,0.27737,0.58095,0.39926,0.31813,0.36343,0.3861,0.24818,0.49159,0.38768,0.42399,0.42549,0.49633,0.4458,0.26344,0.30318,0.37799,0.45141,0.39165,0.59524,0.04397,0.11396,0.68844,0.70365,0.69887,0.72637,0.2465,0.20579,0.24486,0.183,0.19502,0.21747,0.27381,0.38388,0.42378,0.34186,0.20689,0.22675,0.18448,0.21262,0.38279,0.39002,0.60641,0.58529,0.53166,0.55837,0.64648,0.66451,0.20899,0.38241,0.31676,0.27681,0.23517,0.34265,0.59645,0.41996,0.38184,0.31834,0.34137,0.38811,0.27571,0.35495,0.23484,0.32917,0.47521,0.23776,0.051618,0.23947,0.098887,0.14272,0.14654,0.41942,0.16142,0.043796
0.57169,0.3281,0.44998,0.63872,0.37058,0.39459,0.29295,0.50643,0.26437,0.37138,0.31289,0.45679,0.23539,0.35286,0.22725,0.3119,0.24704,0.30917,0.52142,0.32298,0.177,0.18915,0.42085,0.62306,0.47041,0.63104,0.62498,0.53211,0.19932,0.3092,0.56182,0.66028,0.6222,0.62142,0.8316,1,0.43417,0.58632,0.63582,0.54923,0.466,0.39082,0.43931,0.29493,0.67456,0.55262,0.36346,0.42144,0.54685,0.35259,0.62204,0.46573,0.53592,0.45387,0.58599,0.47797,0.36036,0.32437,0.56628,0.5888,0.43311,0.61299,0.14208,0.2977,0.53278,0.7564,0.79911,0.90628,0.3711,0.31869,0.31356,0.23043,0.28942,0.33235,0.34783,0.42613,0.55565,0.51455,0.28797,0.2868,0.33181,0.37307,0.38793,0.4074,0.59507,0.68827,0.4924,0.55616,0.61682,0.68849,0.2446,0.4453,0.30038,0.16893,0.16984,0.32302,0.64502,0.45958,0.47951,0.44947,0.50745,0.31152,0.47547,0.53669,0.41356,0.47091,0.54042,0.43246,-0.01159,0.19552,0.025023,0.22012,0.23731,0.53309,0.30682,0.047852
0.38767,0.31945,0.40752,0.39753,0.31194,0.30734,0.25443,0.32714,0.1762,0.17662,0.3593,0.20799,0.30773,0.18417,0.26131,0.22109,0.4548,0.41478,0.42653,0.3098,0.37633,0.089862,0.37665,0.39508,0.3075,0.34774,0.39092,0.28721,0.51789,0.3727,0.42613,0.52136,0.40844,0.41007,0.49792,0.43417,1,0.5805,0.6306,0.74508,0.65651,0.67305,0.49107,0.3845,0.36772,0.35743,0.46241,0.41723,0.37001,0.32032,0.47557,0.44076,0.47743,0.38426,0.56093,0.50341,0.32784,0.32225,0.34654,0.40525,0.19845,0.2446,0.14583,0.13604,0.24097,0.23516,0.39372,0.43245,0.22066,0.1021,0.35869,0.2858,0.44023,0.53533,0.48042,0.4362,0.49363,0.44171,0.50183,0.45879,0.52484,0.38011,0.3925,0.47342,0.44745,0.52311,0.31373,0.50467,0.38037,0.49641,0.057774,0.21975,0.085601,0.084358,0.4056,0.48061,0.65658,0.55834,0.45271,0.42084,0.15112,0.14934,0.13368,0.17915,-0.072989,-0.058324,0.26925,0.046317,0.1451,0.38385,0.30215,0.17869,0.24823,0.28291,-0.072662,0.037901
0.59317,0.42106,0.48844,0.48824,0.41778,0.39081,0.39303,0.50319,0.45733,0.34703,0.53413,0.40259,0.5094,0.43435,0.46967,0.43166,0.39579,0.42641,0.61853,0.48657,0.33315,0.2526,0.50652,0.49997,0.27864,0.42178,0.47842,0.4199,0.44901,0.42784,0.37516,0.49263,0.56101,0.56734,0.59886,0.58632,0.5805,1,0.77917,0.70927,0.75458,0.72639,0.42936,0.28977,0.47893,0.40928,0.43572,0.4191,0.41558,0.31807,0.57665,0.40225,0.55042,0.45863,0.57022,0.5891,0.39077,0.34764,0.57174,0.60826,0.45636,0.54165,0.32882,0.36547,0.47319,0.52256,0.66283,0.61755,0.45937,0.27589,0.49004,0.34286,0.59404,0.60716,0.69011,0.67286,0.7143,0.56652,0.26519,0.29353,0.4675,0.44808,0.60484,0.56802,0.61867,0.57117,0.43027,0.65508,0.72994,0.65424,0.27449,0.46877,0.27542,0.37031,0.48173,0.57819,0.65654,0.54259,0.61723,0.57572,0.43677,0.49188,0.47734,0.46413,0.16455,0.26643,0.58654,0.25219,0.12409,0.31732,0.13896,0.35677,0.46351,0.56376,0.21951,0.23141
0.62302,0.45317,0.54649,0.49039,0.52696,0.43658,0.35617,0.40979,0.2836,0.19481,0.40113,0.2323,0.43446,0.28977,0.44004,0.29399,0.39068,0.36423,0.64616,0.40774,0.37582,0.40488,0.51751,0.52259,0.52936,0.65254,0.70096,0.62886,0.27816,0.2749,0.40402,0.45911,0.64817,0.59872,0.67388,0.63582,0.6306,0.77917,1,0.81523,0.74105,0.68918,0.50052,0.39492,0.53968,0.47213,0.49968,0.49106,0.50192,0.35241,0.60086,0.44419,0.61754,0.5357,0.70849,0.69373,0.50316,0.50419,0.51209,0.59793,0.36914,0.45836,0.11375,0.19595,0.4294,0.49454,0.71392,0.67032,0.49715,0.33729,0.49548,0.33714,0.50822,0.50668,0.60197,0.63055,0.56816,0.39276,0.3245,0.34638,0.44974,0.48383,0.58971,0.48697,0.66874,0.61768,0.65708,0.73172,0.70966,0.71822,0.14075,0.39013,0.10969,0.24142,0.53106,0.56249,0.72809,0.5942,0.57943,0.53061,0.27144,0.34668,0.35864,0.31209,0.16594,0.2921,0.52358,0.15796,0.23299,0.22612,-0.079657,0.20174,0.26148,0.47288,0.28022,0.33232
0.51586,0.38444,0.46496,0.34594,0.43994,0.28437,0.21837,0.24265,0.179,0.13581,0.2838,0.084037,0.30533,0.15073,0.29372,0.24244,0.37504,0.30537,0.42582,0.18291,0.54857,0.32462,0.40821,0.45186,0.40346,0.52606,0.56539,0.56871,0.26549,0.20512,0.3864,0.4868,0.46822,0.40271,0.60763,0.54923,0.74508,0.70927,0.81523,1,0.64502,0.77646,0.63421,0.50522,0.563,0.52742,0.62959,0.55724,0.52707,0.42657,0.56953,0.48225,0.61272,0.57806,0.67856,0.67567,0.46215,0.51261,0.44124,0.53177,0.27355,0.37504,-0.019365,0.11799,0.34392,0.36651,0.53643,0.56938,0.35578,0.080422,0.41288,0.24756,0.43191,0.4538,0.48345,0.48984,0.40682,0.27076,0.41555,0.41489,0.45406,0.39331,0.43286,0.49932,0.56216,0.56796,0.42319,0.67976,0.53941,0.6999,-0.029204,0.18895,-0.040639,0.0081467,0.64422,0.66547,0.73375,0.67072,0.46708,0.40688,0.043545,0.12046,0.092266,0.087019,-0.14651,-0.061227,0.36741,-0.093783,0.30719,0.36698,-0.050841,-0.017283,0.10076,0.2472,-0.15232,0.16319
0.62362,0.51745,0.46018,0.40809,0.41803,0.32454,0.38535,0.45319,0.24919,0.13009,0.5381,0.27515,0.49286,0.37168,0.35354,0.23905,0.56041,0.51896,0.63229,0.46189,0.27242,0.30507,0.39315,0.3483,0.32321,0.40861,0.43482,0.38362,0.52091,0.47261,0.38646,0.43741,0.60766,0.61164,0.44357,0.466,0.65651,0.75458,0.74105,0.64502,1,0.82409,0.43653,0.37804,0.43139,0.43475,0.42634,0.42567,0.40693,0.35038,0.57896,0.455,0.62202,0.47213,0.64437,0.62152,0.5428,0.45676,0.51417,0.52905,0.33442,0.30511,0.30164,0.26651,0.21695,0.3047,0.51537,0.46499,0.40725,0.28942,0.56745,0.41763,0.78374,0.77841,0.80452,0.69458,0.73168,0.59631,0.47859,0.45244,0.61314,0.53904,0.51775,0.41942,0.58045,0.58218,0.45853,0.5337,0.61167,0.60754,0.063141,0.30505,0.085834,0.20151,0.36961,0.45454,0.63232,0.49754,0.52065,0.54672,0.25219,0.2929,0.33142,0.36614,0.16283,0.24442,0.42139,0.19311,0.099449,0.22535,-0.01285,0.2155,0.30155,0.45459,0.1969,0.19412
0.58189,0.57175,0.38788,0.3018,0.45,0.29416,0.32575,0.38872,0.18923,0.088601,0.51811,0.26179,0.50196,0.38162,0.30936,0.23899,0.59057,0.58674,0.54622,0.44566,0.47327,0.38118,0.28798,0.25656,0.28536,0.36793,0.4032,0.3505,0.56462,0.55265,0.40588,0.4936,0.59515,0.60793,0.33484,0.39082,0.67305,0.72639,0.68918,0.77646,0.82409,1,0.55,0.47075,0.47154,0.50424,0.56607,0.51276,0.49558,0.45058,0.60127,0.49673,0.62422,0.45107,0.64734,0.63304,0.54373,0.50835,0.50218,0.52703,0.3485,0.30794,0.30191,0.35795,0.16755,0.26175,0.4332,0.42407,0.38944,0.1842,0.51511,0.37297,0.77547,0.81133,0.73578,0.66012,0.57162,0.50745,0.52721,0.53392,0.65676,0.57917,0.48839,0.49888,0.48461,0.52362,0.31927,0.53528,0.50413,0.55212,-0.10729,0.13125,-0.079444,0.0014025,0.49634,0.57891,0.66444,0.59254,0.51779,0.48545,0.13808,0.15458,0.20139,0.19507,-0.030938,0.04414,0.38144,0.032868,0.16104,0.35534,-0.067763,0.11131,0.2365,0.32379,-0.034552,0.10201
0.65151,0.65435,0.37161,0.23559,0.49659,0.248,0.13999,0.1177,0.18592,0.00055504,0.25609,0.16994,0.23978,0.083832,0.22871,0.10084,0.56985,0.5044,0.38232,0.15273,0.49223,0.31389,0.35227,0.2484,0.50841,0.47666,0.57408,0.51689,0.30818,0.3314,0.55851,0.4966,0.45019,0.41951,0.42491,0.43931,0.49107,0.42936,0.50052,0.63421,0.43653,0.55,1,0.93891,0.86376,0.88504,0.95553,0.94237,0.86409,0.86565,0.77387,0.83827,0.76509,0.75458,0.8204,0.81736,0.73273,0.7368,0.52464,0.60147,0.23458,0.33265,0.047134,0.26013,0.17675,0.20224,0.42399,0.41777,0.35946,0.15842,0.44083,0.36965,0.31379,0.361,0.30986,0.34938,0.2789,0.23334,0.70904,0.72364,0.64407,0.61169,0.38575,0.39926,0.52128,0.53159,0.37146,0.37438,0.38112,0.69635,-0.31485,-0.096543,-0.27787,-0.21342,0.16886,0.39961,0.6783,0.75908,0.51704,0.57829,-0.10526,-0.10254,0.082489,0.055727,-0.033786,-0.043574,0.1695,0.073686,-0.048393,0.32237,-0.0072775,-0.023818,0.053679,0.16567,-0.14003,-0.23578
