1,0.79094,0.80531,0.87066,0.35492,-0.061747,0.58372,0.66653,0.55591,0.31948,0.77399,0.67326,0.59233,0.71558,0.54546,0.49928,0.035257,0.21941,0.87115,0.7252,0.55217,0.13959,0.6122,0.47573,0.17885,0.48571,0.2763,-0.085956,0.26877,0.15117,0.50891,0.5583,0.69751,0.71879,0.32645,0.52885,-0.037064,0.5211,0.17978,0.35992,0.26691,0.40088,0.68767,0.71911,0.70908,0.63281,0.64215,0.5081,0.6716,0.47671,0.81133,0.56637,0.57839,0.32396,0.27885,0.078844,0.91479,0.61267,0.64844,0.32738,0.79228,0.24648,0.7184,0.44534,0.49069,0.24757,0.69829,0.61963,0.81355,0.55507,0.63576,0.59626,0.52069,0.43547,0.51573,0.39416,0.79741,0.75824,0.20959,0.64118,0.68224,0.75873,0.31553,0.44158,0.4603,0.38828,-0.28415,0.012098,0.50496,0.40352,0.49122,0.51783,0.52257,0.23392,0.25154,0.23254,0.54107,0.40275,0.48515,0.54699,0.14313,0.26812,0.4617,0.41978,0.37016,0.045871,0.10441,-0.042493,0.18051,0.22045,0.58303,0.58226,0.59839,0.058268,-0.039046,0.15015
0.79094,1,0.63809,0.76383,0.41545,0.058075,0.31162,0.40286,0.2736,0.07231,0.59501,0.63732,0.324,0.43624,0.3372,0.097339,-0.074447,0.25968,0.75124,0.79634,0.45819,0.2151,0.45719,0.54922,0.0092271,0.34753,0.28876,0.001561,-0.020878,0.13526,0.49048,0.52443,0.50617,0.73042,0.18342,0.34758,0.074326,0.541,0.13023,0.37719,0.15969,0.10223,0.29303,0.4599,0.49192,0.63185,0.51647,0.33216,0.64412,0.71758,0.64247,0.69967,0.48163,0.087283,0.37858,0.14635,0.77778,0.81797,0.49346,0.38315,0.51192,0.2926,0.54982,0.56813,0.21399,0.20367,0.51104,0.58712,0.72271,0.38557,0.62362,0.47118,0.25567,0.24041,0.30099,0.31092,0.60893,0.66995,0.009068,0.45129,0.5083,0.54122,0.23412,0.23737,0.28217,0.2681,-0.086648,0.040644,0.35673,0.25946,0.24027,0.19807,0.35509,0.038194,0.12628,0.13492,0.3281,0.25527,0.34475,0.31298,0.13039,-0.043199,0.21129,0.16548,0.37124,0.12969,0.067444,-0.087149,0.13148,0.052106,0.34544,0.51163,0.53799,0.19943,-0.025419,0.19258
0.80531,0.63809,1,0.83223,0.67553,0.34697,0.81884,0.7515,0.66899,0.39755,0.70683,0.44724,0.54339,0.71119,0.79981,0.49894,-0.062462,0.12309,0.7591,0.60917,0.78578,0.39997,0.89271,0.77266,0.44643,0.77251,0.6462,0.23863,0.15281,0.018726,0.68347,0.72043,0.73966,0.64026,0.51208,0.6438,-0.069612,0.5127,0.4645,0.38403,0.3093,0.32303,0.69153,0.75867,0.84395,0.76518,0.82003,0.68821,0.74508,0.45672,0.79499,0.67416,0.8154,0.47545,0.40699,0.26499,0.83842,0.58759,0.73727,0.52462,0.80142,0.056017,0.66619,0.22866,0.49307,0.19173,0.8745,0.80176,0.83007,0.6671,0.66634,0.6766,0.67151,0.57062,0.72751,0.68756,0.78427,0.69955,0.020298,0.41515,0.70129,0.84451,0.59392,0.70593,0.72829,0.62477,-0.070121,0.28337,0.77192,0.68904,0.61754,0.72619,0.64343,0.50708,0.2581,0.4826,0.45526,0.56496,0.58787,0.65579,0.28577,0.43054,0.48166,0.53465,0.38673,0.050428,-0.070175,0.14612,0.18504,0.22231,0.5503,0.58677,0.59618,0.22771,-0.28762,0.17748
0.87066,0.76383,0.83223,1,0.46822,0.27945,0.69475,0.72771,0.54593,0.40045,0.64857,0.5604,0.49572,0.62621,0.57101,0.50408,-0.15469,0.063762,0.81521,0.72596,0.58539,0.33685,0.69824,0.57084,0.20856,0.51952,0.43379,0.18496,0.10209,0.043798,0.47743,0.50018,0.52308,0.65207,0.27855,0.4449,-0.057995,0.59776,0.27674,0.45598,0.1724,0.30032,0.56388,0.59479,0.64822,0.60833,0.67395,0.46222,0.60742,0.44271,0.67104,0.55951,0.64544,0.35178,0.41827,0.20602,0.8253,0.68371,0.64607,0.44219,0.6692,0.12616,0.6375,0.39578,0.33624,0.17565,0.69062,0.62442,0.81172,0.57753,0.69818,0.62328,0.46205,0.38464,0.47673,0.39461,0.74087,0.76409,0.074738,0.49081,0.57965,0.65645,0.36873,0.437,0.45472,0.37818,-0.1619,0.27115,0.63151,0.55167,0.57326,0.6119,0.68204,0.41384,0.16683,0.23667,0.38465,0.36537,0.47166,0.56324,0.30323,0.32555,0.53305,0.47991,0.37245,-0.0085084,0.17429,-0.037337,0.09677,0.086622,0.50233,0.66277,0.6416,0.23486,-0.1729,0.17546
0.35492,0.41545,0.67553,0.46822,1,0.51188,0.55697,0.52818,0.52469,0.20968,0.43235,0.19468,0.37307,0.51758,0.78784,0.15236,0.065444,0.26745,0.39802,0.48545,0.57123,0.24881,0.60798,0.8049,0.3009,0.69032,0.76921,0.27879,0.0038348,0.0061809,0.5314,0.45569,0.54078,0.49184,0.43363,0.48638,0.01304,0.4657,0.47925,0.2396,0.40476,0.20547,0.40923,0.54451,0.65346,0.67718,0.69856,0.62413,0.66369,0.58851,0.50676,0.61241,0.6686,0.28129,0.32609,0.31565,0.41079,0.40999,0.46598,0.56574,0.55189,0.04155,0.42622,0.091217,0.31758,0.22141,0.64782,0.7735,0.59051,0.54284,0.36226,0.32815,0.46504,0.34175,0.52667,0.62127,0.52824,0.38476,-0.39888,-0.12196,0.42035,0.6784,0.76093,0.78718,0.74984,0.73983,0.18668,0.45278,0.58622,0.6486,0.4602,0.64812,0.31914,0.38042,0.37777,0.69939,0.31165,0.66506,0.53097,0.50992,0.46172,0.30877,0.21879,0.34961,0.28712,0.09704,-0.22283,0.38293,0.38735,0.3084,0.157,0.32749,0.39188,0.42559,-0.28223,0.068794
-0.061747,0.058075,0.34697,0.27945,0.51188,1,0.37368,0.085608,0.15131,0.31836,-0.066125,-0.27179,-0.16803,-0.15071,0.30902,0.0060151,-0.27911,-0.28474,0.13614,0.18495,0.37194,0.70995,0.41479,0.42861,0.35738,0.3783,0.66535,0.74093,-0.36854,-0.36604,0.20818,0.086529,-0.022638,-0.084356,0.087203,0.09251,0.018115,0.2447,0.5608,0.2885,0.095718,-0.14618,0.086798,0.14599,0.33058,0.38722,0.35558,0.23224,0.22885,0.18179,-0.035715,0.36088,0.45822,0.36528,0.54074,0.51742,0.11239,0.36621,0.31046,0.4732,-0.0059533,-0.2609,0.091729,-0.10131,-0.2173,-0.15866,0.34081,0.38985,0.31778,0.39012,0.16493,0.14256,0.24082,0.16472,0.32459,0.3868,0.14592,0.050778,-0.33595,-0.21248,0.020783,0.11462,0.34208,0.39084,0.26742,0.39293,0.41897,0.50674,0.57546,0.69583,0.34287,0.43412,0.40661,0.55367,-0.037852,0.30796,-0.16465,0.18891,0.18909,0.35428,0.44198,0.33721,0.3176,0.36952,0.11629,0.038168,-0.045588,0.20973,0.0799,-0.24974,0.017861,0.28303,0.3034,0.44052,-0.3777,-0.069468
0.58372,0.31162,0.81884,0.69475,0.55697,0.37368,1,0.8281,0.71154,0.50769,0.55759,0.37307,0.59597,0.66419,0.75822,0.64659,-0.083203,-0.046087,0.45582,0.2507,0.69378,0.36813,0.82152,0.50449,0.35571,0.60527,0.46376,0.24978,0.17001,-0.078706,0.38244,0.39628,0.515,0.38831,0.40899,0.55438,-0.21281,0.48625,0.331,0.38609,0.14677,0.3982,0.63584,0.65389,0.68516,0.50517,0.67032,0.57833,0.50276,0.21542,0.56683,0.39147,0.70256,0.46707,0.27033,0.16839,0.57084,0.25398,0.67754,0.50745,0.68558,-0.04049,0.53819,0.12527,0.43869,0.14962,0.73239,0.56709,0.48731,0.42044,0.62575,0.63772,0.59768,0.44486,0.60943,0.52488,0.68099,0.59907,0.063169,0.21241,0.50487,0.67905,0.49606,0.58745,0.63621,0.46469,-0.075637,0.43494,0.76132,0.75474,0.57491,0.76771,0.70628,0.74587,0.1342,0.36735,0.23088,0.48337,0.48286,0.58468,0.20389,0.63619,0.48319,0.5936,0.098377,-0.13192,0.028515,0.025301,0.15881,0.16267,0.43955,0.59846,0.47056,0.18413,-0.34997,0.16153
0.66653,0.40286,0.7515,0.72771,0.52818,0.085608,0.8281,1,0.80268,0.5093,0.68756,0.52775,0.80107,0.86799,0.73727,0.63898,0.0051879,0.1927,0.51566,0.3681,0.51841,0.039872,0.67582,0.48463,0.26566,0.58179,0.32544,-0.097125,0.32386,0.085907,0.32946,0.50914,0.5565,0.62543,0.49447,0.58927,-0.19753,0.41711,0.072533,0.20452,0.16029,0.61523,0.68722,0.63227,0.64176,0.45664,0.60683,0.56709,0.51313,0.21991,0.70186,0.29775,0.57322,0.31917,0.01181,-0.102,0.6295,0.18472,0.54815,0.30296,0.77928,0.19978,0.56369,0.13304,0.66988,0.43662,0.61338,0.53196,0.47983,0.37161,0.58425,0.60125,0.65467,0.47493,0.57705,0.54921,0.71209,0.68242,0.12613,0.36024,0.59059,0.7255,0.41148,0.5376,0.64813,0.39822,-0.39749,0.19848,0.56391,0.53475,0.52914,0.73007,0.4907,0.44727,0.28967,0.38603,0.44007,0.55783,0.54324,0.55765,0.11002,0.48808,0.4351,0.54434,0.18234,-0.036272,0.071502,0.16739,0.15838,0.44253,0.4868,0.50024,0.40698,0.091129,-0.23397,0.39768
0.55591,0.2736,0.66899,0.54593,0.52469,0.15131,0.71154,0.80268,1,0.69441,0.5581,0.30289,0.84271,0.67188,0.5927,0.47923,-0.090466,-0.005642,0.43012,0.28573,0.46042,0.016676,0.66298,0.42623,0.54913,0.65022,0.39425,-0.13361,0.11364,-0.20195,0.27843,0.45646,0.4694,0.4762,0.46928,0.60778,-0.021678,0.26534,0.22946,0.20858,0.27872,0.48244,0.69537,0.58592,0.6955,0.43333,0.48322,0.51464,0.5325,0.12762,0.6949,0.2355,0.43827,0.39465,0.10347,-0.18025,0.61917,0.18561,0.5777,0.2489,0.82171,0.38452,0.46179,-0.035115,0.81415,0.56114,0.5368,0.48148,0.41607,0.45893,0.33727,0.40625,0.58104,0.455,0.68939,0.53685,0.59812,0.38742,0.045113,0.27475,0.3543,0.5772,0.29064,0.55061,0.50405,0.414,-0.19829,0.23192,0.57624,0.6072,0.5492,0.60567,0.51567,0.45631,0.46885,0.5714,0.41878,0.4364,0.46207,0.4752,0.036038,0.54653,0.3045,0.38923,0.067357,-0.20261,-0.093783,0.1642,0.3732,0.49747,0.32128,0.34528,0.21057,-0.14334,-0.24045,0.25556
0.31948,0.07231,0.39755,0.40045,0.20968,0.31836,0.50769,0.5093,0.69441,1,0.13582,-0.011552,0.58746,0.27077,0.25184,0.34414,-0.44542,-0.47307,0.29015,0.13308,0.40312,0.28252,0.47458,0.0096245,0.58772,0.52166,0.38097,0.22805,-0.11305,-0.60304,0.011189,0.16089,0.059521,0.12488,0.28428,0.40194,0.066208,0.20297,0.24612,0.26238,0.15675,0.18471,0.52579,0.3191,0.41564,0.18742,0.30602,0.3402,0.14475,-0.11288,0.4315,0.071535,0.28261,0.63947,0.33169,0.075131,0.44365,0.13339,0.39653,0.031616,0.44193,0.38318,0.14641,-0.11418,0.59003,0.46229,0.27737,0.23839,0.2123,0.25626,0.2316,0.39693,0.43982,0.29233,0.56646,0.39597,0.38703,0.27069,-0.23583,0.11579,-0.0185,0.23467,0.081917,0.21607,0.14279,0.16505,-0.1166,0.36158,0.51381,0.6175,0.59903,0.49277,0.62965,0.61516,0.40217,0.39568,0.2917,0.21106,0.46312,0.50855,0.14955,0.72675,0.45139,0.34569,0.078165,-0.072117,0.35053,0.13624,0.30941,0.37761,0.26742,0.4151,0.13346,-0.07685,-0.14523,0.29682
0.77399,0.59501,0.70683,0.64857,0.43235,-0.066125,0.55759,0.68756,0.5581,0.13582,1,0.82474,0.61211,0.84519,0.70527,0.46779,0.24025,0.545,0.73565,0.58035,0.46736,-0.00059383,0.55056,0.56732,0.14858,0.44391,0.22583,-0.25061,0.49658,0.46148,0.49298,0.65816,0.70314,0.64038,0.2918,0.41623,-0.20891,0.32794,0.14902,0.093538,0.13795,0.44612,0.72949,0.7503,0.78303,0.61364,0.64942,0.60105,0.74764,0.5106,0.76124,0.54077,0.44479,0.13516,0.10949,-0.019266,0.77845,0.44373,0.59468,0.43315,0.81512,0.17444,0.81182,0.51032,0.48205,0.22438,0.68905,0.54372,0.64913,0.51867,0.43561,0.48613,0.65997,0.50809,0.56113,0.51108,0.72933,0.62803,0.289,0.57739,0.83916,0.83145,0.40403,0.4863,0.5986,0.34967,-0.32714,-0.11006,0.52192,0.37486,0.40678,0.51329,0.21031,0.13718,0.074482,0.23016,0.52585,0.62029,0.52612,0.58125,0.10969,0.28547,0.47205,0.61607,0.31293,0.034317,0.016197,0.13332,0.023944,0.19165,0.66002,0.41288,0.4809,0.13477,-0.044875,0.31231
0.67326,0.63732,0.44724,0.5604,0.19468,-0.27179,0.37307,0.52775,0.30289,-0.011552,0.82474,1,0.44189,0.68511,0.44582,0.39204,0.19251,0.45998,0.56133,0.45044,0.32479,-0.060567,0.30559,0.29369,-0.12583,0.14766,-0.049364,-0.28839,0.43333,0.47982,0.35389,0.41636,0.51148,0.60333,0.039858,0.23538,-0.032502,0.37071,-0.0094117,0.1653,0.034305,0.30608,0.45662,0.55502,0.48728,0.45143,0.45228,0.33697,0.58148,0.57799,0.62785,0.4717,0.2458,-0.062361,0.13267,-0.01686,0.62021,0.43181,0.43682,0.325,0.58947,0.27863,0.72501,0.76923,0.31247,0.18556,0.42126,0.30028,0.40902,0.17448,0.51435,0.45436,0.36515,0.2185,0.30192,0.14751,0.64436,0.65663,0.29251,0.52992,0.61485,0.61213,0.23392,0.13453,0.31151,0.058236,-0.26893,-0.089482,0.3081,0.10166,0.18782,0.19456,0.13594,0.014739,0.0043206,0.020603,0.41286,0.41,0.37728,0.35335,0.016118,0.12784,0.3778,0.40977,0.18289,0.014648,0.15394,-0.14809,0.10143,0.083281,0.53647,0.46948,0.423,0.11406,0.093646,0.2461
0.59233,0.324,0.54339,0.49572,0.37307,-0.16803,0.59597,0.80107,0.84271,0.58746,0.61211,0.44189,1,0.75672,0.53706,0.45417,0.034983,0.1963,0.4342,0.29362,0.37897,-0.18277,0.52737,0.3198,0.42954,0.58008,0.25514,-0.29594,0.31387,0.001172,0.25536,0.46301,0.48267,0.57625,0.57017,0.62998,-0.0055885,0.31168,0.058746,0.22925,0.31848,0.58903,0.7479,0.61492,0.60871,0.36133,0.47724,0.57145,0.44133,0.18637,0.7343,0.20418,0.32346,0.33795,0.023108,-0.20778,0.56968,0.12594,0.42253,0.11993,0.80905,0.52366,0.40023,0.030372,0.89047,0.68091,0.4571,0.41814,0.2791,0.30367,0.3586,0.48221,0.5831,0.456,0.57053,0.47029,0.62243,0.5148,0.055266,0.34232,0.37691,0.59213,0.26035,0.46606,0.50223,0.32516,-0.34086,0.11367,0.42001,0.39591,0.55076,0.51396,0.35549,0.25676,0.47655,0.48622,0.54874,0.48409,0.56775,0.4986,-0.016816,0.39102,0.24642,0.27207,0.093518,-0.15025,0.11373,0.16703,0.21611,0.54962,0.3769,0.31763,0.10095,-0.1607,-0.083084,0.43697
0.71558,0.43624,0.71119,0.62621,0.51758,-0.15071,0.66419,0.86799,0.67188,0.27077,0.84519,0.68511,0.75672,1,0.78938,0.6836,0.19934,0.50049,0.58701,0.42026,0.47739,-0.14962,0.57326,0.50096,0.15274,0.50021,0.25954,-0.22831,0.50948,0.38058,0.41389,0.63198,0.68023,0.6542,0.50039,0.59159,-0.20772,0.33226,0.061604,0.038192,0.15812,0.54861,0.74632,0.74908,0.68912,0.50658,0.69392,0.69349,0.58913,0.31161,0.76965,0.36122,0.50501,0.24143,-0.022274,-0.059607,0.64333,0.16695,0.43833,0.23566,0.81657,0.15589,0.63231,0.25088,0.65209,0.37437,0.61563,0.51179,0.53156,0.37577,0.4815,0.54757,0.69187,0.50646,0.58778,0.50422,0.7128,0.66602,0.16573,0.37713,0.72335,0.86797,0.47813,0.54855,0.72274,0.4641,-0.48029,0.003488,0.4922,0.39764,0.50398,0.68538,0.27164,0.24583,0.29295,0.36552,0.62823,0.70666,0.61101,0.59576,0.15451,0.38462,0.47625,0.58274,0.38754,0.12854,0.068829,0.24662,0.1108,0.50623,0.6183,0.42843,0.39443,0.14925,0.019738,0.44236
0.54546,0.3372,0.79981,0.57101,0.78784,0.30902,0.75822,0.73727,0.5927,0.25184,0.70527,0.44582,0.53706,0.78938,1,0.57584,0.16438,0.35012,0.49781,0.39604,0.66315,0.22419,0.74243,0.72886,0.37911,0.70062,0.65226,0.17651,0.37875,0.25877,0.65246,0.63918,0.70342,0.54149,0.49649,0.58125,-0.12215,0.42462,0.40816,0.19549,0.37921,0.51783,0.72658,0.79586,0.81733,0.7022,0.81849,0.79489,0.70944,0.45152,0.6839,0.56133,0.72847,0.37025,0.22271,0.28336,0.56805,0.32422,0.58181,0.556,0.74982,-0.028232,0.62949,0.17388,0.47876,0.1587,0.78977,0.71824,0.60675,0.56973,0.4667,0.54324,0.77766,0.60446,0.69442,0.64895,0.71306,0.57165,-0.1275,0.12793,0.69613,0.8793,0.84324,0.84656,0.90256,0.69247,-0.068711,0.3073,0.70372,0.62322,0.59703,0.80831,0.36559,0.48333,0.32291,0.63231,0.53619,0.84797,0.68057,0.6963,0.41732,0.47508,0.48788,0.63218,0.315,0.074193,-0.1368,0.39873,0.24761,0.33974,0.48182,0.45742,0.48618,0.37047,-0.29047,0.14874
0.49928,0.097339,0.49894,0.50408,0.15236,0.0060151,0.64659,0.63898,0.47923,0.34414,0.46779,0.39204,0.45417,0.6836,0.57584,1,0.11016,0.12263,0.35572,0.093242,0.39053,0.082854,0.49926,0.1351,0.16937,0.22113,0.13543,0.085373,0.39026,0.20902,0.22986,0.37282,0.34666,0.25328,0.26817,0.39975,-0.1704,0.19481,0.049003,0.12123,0.02899,0.50746,0.59845,0.59772,0.43947,0.25089,0.49316,0.48729,0.26591,-0.10051,0.44943,0.044933,0.41905,0.30273,0.014128,0.079753,0.40081,-0.03431,0.30943,0.10005,0.51558,-0.19683,0.4167,0.059961,0.3738,0.023863,0.39802,0.16007,0.30841,0.2252,0.40209,0.53117,0.57342,0.52075,0.4935,0.18172,0.49803,0.46065,0.24856,0.22973,0.4272,0.53727,0.25813,0.3656,0.4642,0.28155,-0.42895,0.13994,0.44674,0.39332,0.43556,0.63516,0.35291,0.45298,0.19316,0.17061,0.46183,0.44462,0.36067,0.46415,0.085047,0.46292,0.56764,0.61488,0.23099,0.071881,0.092525,0.055051,0.081662,0.27579,0.51781,0.46617,0.3751,0.066528,-0.0080929,0.27463
0.035257,-0.074447,-0.062462,-0.15469,0.065444,-0.27911,-0.083203,0.0051879,-0.090466,-0.44542,0.24025,0.19251,0.034983,0.19934,0.16438,0.11016,1,0.63623,0.093152,0.11167,-0.14936,-0.25884,-0.082446,0.16625,-0.17935,-0.087466,-0.095209,-0.3097,0.61968,0.62277,0.12552,0.02944,0.3128,0.13832,-0.026539,-0.20676,-0.11684,-0.17256,-0.031245,-0.087046,0.18924,0.23563,0.10851,0.16137,0.028798,0.010855,-0.08087,-0.041041,0.097813,0.14447,-0.041609,-0.064052,-0.096433,-0.44205,-0.34737,-0.15852,-0.065657,-0.10251,0.035706,0.19824,0.14498,-0.12616,0.38712,0.18052,-0.024608,-0.093875,0.17405,0.058094,0.058949,0.24385,-0.1545,-0.063532,0.071441,0.17008,-0.13083,-0.015338,0.080945,0.022502,0.34174,0.25067,0.43165,0.20799,0.14607,0.26937,0.21986,0.057725,-0.094418,-0.25661,-0.20103,-0.19739,-0.27017,-0.024082,-0.46805,-0.41122,-0.13953,0.033803,-0.0049568,0.13123,-0.16369,-0.13852,-0.27619,-0.28422,-0.25029,-0.040134,-0.34115,-0.086705,-0.30766,-0.023967,0.020012,-0.17025,-0.039252,-0.40884,-0.13841,-0.25953,-0.13148,-0.23063
0.21941,0.25968,0.12309,0.063762,0.26745,-0.28474,-0.046087,0.1927,-0.005642,-0.47307,0.545,0.45998,0.1963,0.50049,0.35012,0.12263,0.63623,1,0.23186,0.28653,-0.064676,-0.34127,-0.025106,0.38706,-0.22405,0.035056,-0.0053426,-0.36592,0.5344,0.79601,0.24023,0.37393,0.37835,0.35601,0.16117,0.055647,-0.27589,-0.074478,-0.12298,-0.22881,0.041576,0.27797,0.26491,0.37394,0.24582,0.23496,0.24442,0.32447,0.29701,0.31791,0.20397,0.15821,0.065495,-0.32896,-0.21121,-0.063415,0.12872,0.051589,-0.093228,0.1031,0.22595,-0.085373,0.38164,0.24239,0.057599,0.015141,0.2006,0.14983,0.22629,0.13549,-0.098405,-0.047316,0.31568,0.30739,0.071908,0.19422,0.11571,0.14826,0.2442,0.23692,0.55978,0.45569,0.24382,0.28847,0.4299,0.20333,-0.32004,-0.41701,0.010097,-0.098773,-0.1026,0.079332,-0.42219,-0.42126,-0.057927,0.043778,0.27076,0.4522,0.16243,0.11693,-0.058842,-0.33969,-0.039951,0.16238,0.15451,0.17908,-0.18842,0.31885,-0.16343,0.11151,0.22066,-0.18088,0.060187,0.062748,0.13593,0.24478
0.87115,0.75124,0.7591,0.81521,0.39802,0.13614,0.45582,0.51566,0.43012,0.29015,0.73565,0.56133,0.4342,0.58701,0.49781,0.35572,0.093152,0.23186,1,0.89315,0.59702,0.33352,0.58913,0.5616,0.26871,0.5354,0.43447,0.1097,0.20402,0.1575,0.51172,0.56205,0.6331,0.61654,0.26666,0.40559,-0.023479,0.42116,0.37545,0.36239,0.3091,0.18303,0.60749,0.63683,0.70903,0.64646,0.65668,0.49236,0.70353,0.5575,0.73316,0.68699,0.5665,0.26085,0.34827,0.16488,0.84459,0.67274,0.64116,0.43275,0.69905,0.12507,0.73932,0.49316,0.3298,0.14072,0.74687,0.66133,0.87215,0.72265,0.5156,0.60417,0.50994,0.4563,0.48924,0.50362,0.73111,0.66711,0.11973,0.65269,0.695,0.68842,0.28975,0.44174,0.43613,0.39412,-0.14419,0.065126,0.51582,0.45631,0.50764,0.51943,0.40721,0.15935,0.15811,0.21104,0.45707,0.37997,0.47609,0.59487,0.23796,0.23663,0.49115,0.48736,0.41325,0.035134,0.17444,-0.0022309,0.015773,0.085344,0.57326,0.46662,0.59981,0.10373,-0.14814,0.13292
0.7252,0.79634,0.60917,0.72596,0.48545,0.18495,0.2507,0.3681,0.28573,0.13308,0.58035,0.45044,0.29362,0.42026,0.39604,0.093242,0.11167,0.28653,0.89315,1,0.49918,0.27605,0.41904,0.60087,0.16131,0.45507,0.4933,0.14502,0.0048915,0.12375,0.46162,0.44224,0.54348,0.65247,0.15126,0.30119,0.078555,0.4601,0.3452,0.37496,0.39993,0.1112,0.37905,0.45128,0.5698,0.59429,0.54783,0.38594,0.69963,0.66943,0.59757,0.70554,0.48408,0.053594,0.28314,0.12836,0.68848,0.74361,0.55012,0.49918,0.55395,0.15327,0.64454,0.48482,0.19045,0.14269,0.65209,0.66429,0.84486,0.72378,0.43196,0.45239,0.34823,0.33164,0.32503,0.44776,0.60194,0.52511,-0.066395,0.49111,0.53265,0.52715,0.28464,0.42694,0.38399,0.37042,-0.056042,0.1129,0.35269,0.34011,0.37603,0.3816,0.22339,-0.018301,0.23578,0.26587,0.38197,0.32811,0.4028,0.44596,0.35638,0.024247,0.33066,0.3404,0.36903,0.0049836,0.058733,0.1269,0.12385,0.11232,0.33174,0.34315,0.59893,0.15792,-0.16932,0.041626
0.55217,0.45819,0.78578,0.58539,0.57123,0.37194,0.69378,0.51841,0.46042,0.40312,0.46736,0.32479,0.37897,0.47739,0.66315,0.39053,-0.14936,-0.064676,0.59702,0.49918,1,0.60933,0.71381,0.51172,0.41812,0.66902,0.66492,0.53454,-0.084107,-0.18253,0.56401,0.49261,0.55029,0.40617,0.35489,0.6131,0.19941,0.6625,0.62645,0.64188,0.46267,0.13938,0.53385,0.64899,0.70086,0.6551,0.75387,0.65548,0.67948,0.49837,0.71156,0.71975,0.80124,0.37771,0.40977,0.38089,0.55905,0.42709,0.73668,0.60137,0.60512,-0.062615,0.54821,0.2348,0.36935,0.022529,0.79998,0.6916,0.56436,0.49293,0.70134,0.85696,0.56987,0.51023,0.66528,0.69682,0.69497,0.55169,-0.13614,0.30285,0.40848,0.65176,0.45731,0.58065,0.60101,0.50742,0.10895,0.54706,0.7079,0.66872,0.51226,0.56738,0.46265,0.48862,0.36743,0.49073,0.4041,0.49471,0.61116,0.64997,0.37604,0.42624,0.51533,0.53588,0.26743,-0.11875,0.035156,0.17567,0.29395,0.24307,0.49344,0.67054,0.64844,0.16254,-0.34617,0.12137
0.13959,0.2151,0.39997,0.33685,0.24881,0.70995,0.36813,0.039872,0.016676,0.28252,-0.00059383,-0.060567,-0.18277,-0.14962,0.22419,0.082854,-0.25884,-0.34127,0.33352,0.27605,0.60933,1,0.40824,0.25707,0.37001,0.39505,0.56598,0.78314,-0.26554,-0.29603,0.35682,0.14805,0.12668,-0.010409,-0.016574,0.08538,0.065125,0.28328,0.59055,0.44556,0.15862,-0.16904,0.096335,0.22891,0.32256,0.43477,0.3296,0.16377,0.26198,0.29453,0.16764,0.51695,0.50509,0.3063,0.56569,0.55515,0.23113,0.41186,0.41027,0.41498,0.040327,-0.32612,0.27111,0.15721,-0.18691,-0.32727,0.41684,0.34436,0.35569,0.28765,0.38747,0.4685,0.24437,0.3697,0.39391,0.43714,0.26063,0.20592,-0.099746,0.14012,0.13691,0.14267,0.19905,0.19311,0.14179,0.20831,0.35393,0.43387,0.50168,0.53852,0.18473,0.2515,0.37149,0.47131,-0.04536,0.1527,-0.10255,0.10194,0.12058,0.33188,0.21713,0.24293,0.26548,0.32834,-0.015907,-0.045735,-0.039364,-0.027773,0.042054,-0.30002,0.11123,0.40631,0.39677,0.17872,-0.52597,-0.11538
0.6122,0.45719,0.89271,0.69824,0.60798,0.41479,0.82152,0.67582,0.66298,0.47458,0.55056,0.30559,0.52737,0.57326,0.74243,0.49926,-0.082446,-0.025106,0.58913,0.41904,0.71381,0.40824,1,0.74357,0.6334,0.8105,0.66336,0.31904,0.17449,-0.085433,0.67626,0.69307,0.61175,0.50238,0.49934,0.51037,-0.1013,0.34565,0.41835,0.379,0.3246,0.26257,0.61863,0.64077,0.743,0.62974,0.68932,0.62029,0.60126,0.3232,0.64607,0.53606,0.71013,0.47313,0.38941,0.23934,0.73817,0.51455,0.69281,0.51947,0.70571,0.1195,0.53188,0.15732,0.49203,0.22623,0.81104,0.71438,0.65729,0.60126,0.54937,0.58699,0.62567,0.53556,0.65692,0.56404,0.64242,0.5823,-0.081078,0.2854,0.56106,0.6903,0.58873,0.66587,0.64319,0.53068,0.014622,0.35873,0.72102,0.63998,0.59447,0.64456,0.70223,0.60343,0.16675,0.47374,0.31028,0.47566,0.51171,0.54387,0.20622,0.5046,0.37553,0.41,0.1949,-0.056992,-0.078488,0.1019,0.15186,0.10441,0.40242,0.44688,0.39734,0.14595,-0.3916,0.13238
0.47573,0.54922,0.77266,0.57084,0.8049,0.42861,0.50449,0.48463,0.42623,0.0096245,0.56732,0.29369,0.3198,0.50096,0.72886,0.1351,0.16625,0.38706,0.5616,0.60087,0.51172,0.25707,0.74357,1,0.41467,0.72638,0.73484,0.19797,0.14675,0.23655,0.76183,0.71705,0.66043,0.62694,0.46534,0.41735,-0.046699,0.28679,0.46176,0.22196,0.38749,0.2112,0.42914,0.54976,0.70424,0.73605,0.6837,0.58001,0.72454,0.58738,0.53688,0.67929,0.639,0.18919,0.33682,0.267,0.5706,0.61704,0.49688,0.59172,0.58986,0.040811,0.53343,0.20088,0.27299,0.16941,0.74801,0.78933,0.71853,0.68795,0.36118,0.32765,0.5129,0.44451,0.5134,0.58353,0.52163,0.45186,-0.12426,0.19197,0.62489,0.68127,0.70519,0.76013,0.74863,0.65446,0.16966,0.22619,0.56866,0.47561,0.43031,0.51185,0.31104,0.20856,0.15817,0.5347,0.2845,0.54387,0.43775,0.42512,0.31916,0.088432,0.14443,0.27449,0.28976,0.0393,-0.32631,0.27487,0.093296,0.063548,0.22246,0.17941,0.36801,0.32618,-0.35211,0.047323
0.17885,0.0092271,0.44643,0.20856,0.3009,0.35738,0.35571,0.26566,0.54913,0.58772,0.14858,-0.12583,0.42954,0.15274,0.37911,0.16937,-0.17935,-0.22405,0.26871,0.16131,0.41812,0.37001,0.6334,0.41467,1,0.78278,0.66024,0.31201,0.033813,-0.31017,0.52324,0.51565,0.35097,0.22599,0.50437,0.42496,0.2084,-0.042475,0.5421,0.21452,0.53634,0.15763,0.49872,0.38711,0.54851,0.41716,0.37702,0.49278,0.3355,0.070615,0.45803,0.30337,0.32326,0.50603,0.38956,0.18735,0.39107,0.26261,0.35911,0.15918,0.45272,0.318,0.1599,-0.18831,0.58172,0.41686,0.46222,0.44137,0.27796,0.47282,0.077001,0.26857,0.54509,0.55598,0.66027,0.51913,0.28907,0.099982,-0.26103,0.12644,0.11181,0.26736,0.35431,0.48295,0.3948,0.40076,0.16677,0.2364,0.46864,0.42066,0.54334,0.36314,0.41117,0.40881,0.41185,0.6393,0.35053,0.34894,0.44581,0.45,0.19173,0.40251,0.1418,0.13209,0.0097346,-0.12449,-0.17432,0.31117,0.22791,0.25548,0.1738,0.10401,0.010905,-0.089651,-0.36249,0.026699
0.48571,0.34753,0.77251,0.51952,0.69032,0.3783,0.60527,0.58179,0.65022,0.52166,0.44391,0.14766,0.58008,0.50021,0.70062,0.22113,-0.087466,0.035056,0.5354,0.45507,0.66902,0.39505,0.8105,0.72638,0.78278,1,0.83125,0.32983,0.16897,-0.14896,0.69482,0.65613,0.63941,0.50945,0.62322,0.57956,0.059457,0.29742,0.54526,0.31914,0.57544,0.27222,0.64623,0.61215,0.74306,0.66548,0.65007,0.65849,0.58713,0.40193,0.69494,0.58109,0.6188,0.50711,0.40451,0.29418,0.60816,0.41559,0.53161,0.35917,0.66708,0.25233,0.44267,0.019553,0.62723,0.39318,0.73456,0.77593,0.60158,0.58719,0.35708,0.47138,0.62926,0.57786,0.71748,0.73211,0.56258,0.46753,-0.27125,0.23962,0.44704,0.66167,0.6551,0.7434,0.66936,0.63001,0.078936,0.33552,0.59635,0.56627,0.59086,0.59054,0.49373,0.41055,0.45804,0.71478,0.45847,0.59678,0.58779,0.60599,0.27459,0.37689,0.23229,0.26037,0.17944,0.0035485,-0.11055,0.34721,0.2809,0.35273,0.28369,0.28547,0.23376,0.080662,-0.43168,0.13708
0.2763,0.28876,0.6462,0.43379,0.76921,0.66535,0.46376,0.32544,0.39425,0.38097,0.22583,-0.049364,0.25514,0.25954,0.65226,0.13543,-0.095209,-0.0053426,0.43447,0.4933,0.66492,0.56598,0.66336,0.73484,0.66024,0.83125,1,0.64772,-0.10504,-0.2145,0.65459,0.50249,0.42944,0.34918,0.4556,0.46508,0.18672,0.34306,0.72057,0.40261,0.5882,0.10873,0.43361,0.48602,0.64848,0.66946,0.67942,0.61482,0.55101,0.43184,0.46474,0.63159,0.66547,0.4869,0.56188,0.57196,0.38913,0.50423,0.41836,0.47874,0.4296,-0.0076121,0.32934,-0.044859,0.27473,0.12617,0.65365,0.7174,0.5874,0.63061,0.28749,0.41084,0.52861,0.51652,0.65257,0.67058,0.44427,0.29456,-0.47206,-0.044246,0.26539,0.50903,0.70393,0.77145,0.66385,0.70599,0.33202,0.54154,0.64059,0.67034,0.60249,0.59483,0.38742,0.44256,0.46859,0.76268,0.34939,0.57299,0.56792,0.5984,0.54166,0.30655,0.29919,0.32829,0.28451,0.04664,-0.15227,0.46832,0.31757,0.22403,0.12105,0.28365,0.3273,0.30961,-0.44075,0.030369
-0.085956,0.001561,0.23863,0.18496,0.27879,0.74093,0.24978,-0.097125,-0.13361,0.22805,-0.25061,-0.28839,-0.29594,-0.22831,0.17651,0.085373,-0.3097,-0.36592,0.1097,0.14502,0.53454,0.78314,0.31904,0.19797,0.31201,0.32983,0.64772,1,-0.38154,-0.40353,0.24446,0.01134,-0.043639,-0.17668,0.049998,0.096689,0.20652,0.32653,0.59165,0.47827,0.24569,-0.31249,-0.012991,0.082604,0.14031,0.2592,0.33136,0.21727,0.071307,0.13527,-0.042623,0.35504,0.44137,0.32981,0.54703,0.68884,-0.031454,0.25471,0.17802,0.33265,-0.16195,-0.37274,-0.00072175,-0.06535,-0.28867,-0.33282,0.29972,0.28954,0.21161,0.19528,0.263,0.33426,0.1135,0.15567,0.23085,0.26244,0.077247,0.082202,-0.39943,-0.19212,-0.15019,0.032511,0.26598,0.2489,0.17788,0.2976,0.38976,0.59286,0.39633,0.48265,0.28393,0.28465,0.32501,0.45473,0.088368,0.23901,-0.068669,0.12833,0.2171,0.32986,0.49949,0.20391,0.35775,0.26052,0.16717,0.051085,0.12569,0.17233,0.10282,-0.16894,0.015371,0.33281,0.31542,0.33573,-0.29667,-0.077375
0.26877,-0.020878,0.15281,0.10209,0.0038348,-0.36854,0.17001,0.32386,0.11364,-0.11305,0.49658,0.43333,0.31387,0.50948,0.37875,0.39026,0.61968,0.5344,0.20402,0.0048915,-0.084107,-0.26554,0.17449,0.14675,0.033813,0.16897,-0.10504,-0.38154,1,0.70171,0.27753,0.3235,0.37321,0.23063,0.16916,-0.076305,-0.35051,-0.18831,-0.17875,-0.25938,0.032498,0.41851,0.43246,0.35511,0.19367,0.10772,0.11113,0.18989,0.071869,0.059098,0.22545,-0.068888,-0.043593,-0.017865,-0.18582,-0.010435,0.24415,-0.098381,0.0485,-0.035035,0.31471,0.042323,0.42696,0.23783,0.25853,0.07222,0.24028,0.11171,0.14274,0.1221,-0.051663,0.062697,0.32662,0.35527,0.10682,0.064603,0.19156,0.31016,0.29287,0.35197,0.62067,0.45871,0.34225,0.22965,0.29705,0.068977,-0.3363,-0.32264,-0.022247,-0.15102,-0.0083514,0.17268,-0.10389,-0.083842,-0.13688,0.041974,0.29071,0.41002,0.12294,0.17678,-0.24993,0.089251,-0.011241,0.12409,-0.15715,0.13625,0.03958,0.034563,-0.10047,0.0028119,0.30541,-0.13928,-0.11661,-0.11575,-0.02911,0.040723
0.15117,0.13526,0.018726,0.043798,0.0061809,-0.36604,-0.078706,0.085907,-0.20195,-0.60304,0.46148,0.47982,0.001172,0.38058,0.25877,0.20902,0.62277,0.79601,0.1575,0.12375,-0.18253,-0.29603,-0.085433,0.23655,-0.31017,-0.14896,-0.2145,-0.40353,0.70171,1,0.2184,0.30267,0.30184,0.24869,-0.06907,-0.14657,-0.30784,-0.15598,-0.19011,-0.32548,-0.15788,0.20839,0.15431,0.27202,0.081227,0.10021,0.097394,0.14113,0.17483,0.24282,0.08365,0.048924,-0.12571,-0.41634,-0.22452,-0.08804,0.049467,0.014819,-0.092966,0.10064,0.13057,-0.19358,0.36786,0.39193,-0.09434,-0.17773,0.12237,-0.0051419,0.11866,0.079987,-0.091078,-0.05486,0.1752,0.21616,-0.089427,-0.086233,0.040959,0.16241,0.35831,0.23365,0.54169,0.31718,0.23343,0.080542,0.2434,-0.036676,-0.26912,-0.42272,-0.10596,-0.30768,-0.20795,-0.039569,-0.38991,-0.39378,-0.26979,-0.16698,0.20404,0.33062,-0.020245,-0.037026,-0.1148,-0.32898,-0.06776,0.084763,0.022341,0.12077,-0.10354,-0.035757,-0.30349,-0.12725,0.23475,-0.19893,0.029421,0.10004,0.14199,-0.0204
0.50891,0.49048,0.68347,0.47743,0.5314,0.20818,0.38244,0.32946,0.27843,0.011189,0.49298,0.35389,0.25536,0.41389,0.65246,0.22986,0.12552,0.24023,0.51172,0.46162,0.56401,0.35682,0.67626,0.76183,0.52324,0.69482,0.65459,0.24446,0.27753,0.2184,1,0.76526,0.72538,0.68111,0.53273,0.47504,0.24055,0.26332,0.5211,0.29922,0.56011,0.27814,0.42746,0.54854,0.67508,0.82659,0.6313,0.54342,0.68783,0.59157,0.6441,0.72945,0.63963,0.30364,0.40386,0.4289,0.58748,0.59914,0.47849,0.43054,0.56751,0.14699,0.527,0.24088,0.36416,0.19746,0.69503,0.74425,0.59766,0.52364,0.47584,0.47717,0.53762,0.55724,0.5907,0.46643,0.58503,0.53734,-0.082237,0.31604,0.59372,0.67254,0.68601,0.63058,0.67604,0.63775,0.23881,0.22798,0.46995,0.29337,0.41771,0.38329,0.27944,0.20501,0.27512,0.58598,0.42398,0.52256,0.48147,0.46439,0.30284,0.084408,0.13328,0.18639,0.24812,0.10891,-0.37097,0.27913,0.23208,0.082514,0.26251,0.27826,0.35071,0.2569,-0.38813,-0.041301
0.5583,0.52443,0.72043,0.50018,0.45569,0.086529,0.39628,0.50914,0.45646,0.16089,0.65816,0.41636,0.46301,0.63198,0.63918,0.37282,0.02944,0.37393,0.56205,0.44224,0.49261,0.14805,0.69307,0.71705,0.51565,0.65613,0.50249,0.01134,0.3235,0.30267,0.76526,1,0.65231,0.6523,0.57853,0.52221,-0.023442,0.10077,0.24455,-0.0081254,0.2441,0.28676,0.55953,0.63877,0.67874,0.67732,0.64019,0.68497,0.6192,0.39063,0.72873,0.55265,0.47967,0.29655,0.24021,0.15187,0.69899,0.46304,0.35659,0.19732,0.63502,0.1841,0.45438,0.12775,0.54441,0.33789,0.59174,0.59701,0.57392,0.43004,0.40183,0.46412,0.72223,0.71183,0.68537,0.60904,0.50616,0.48375,0.0083613,0.34255,0.63882,0.70159,0.4675,0.50994,0.6398,0.50283,-0.2471,-0.10759,0.46264,0.28839,0.39627,0.41674,0.20813,0.15154,0.23947,0.4369,0.58963,0.63598,0.54649,0.48712,0.12694,0.14342,0.24567,0.32394,0.44957,0.2893,-0.20201,0.32977,0.01093,0.30552,0.5323,0.27161,0.30525,0.18006,-0.10844,0.3869
0.69751,0.50617,0.73966,0.52308,0.54078,-0.022638,0.515,0.5565,0.4694,0.059521,0.70314,0.51148,0.48267,0.68023,0.70342,0.34666,0.3128,0.37835,0.6331,0.54348,0.55029,0.12668,0.61175,0.66043,0.35097,0.63941,0.42944,-0.043639,0.37321,0.30184,0.72538,0.65231,1,0.7643,0.51774,0.57394,0.050276,0.35878,0.35184,0.15331,0.44461,0.3516,0.62594,0.71737,0.75349,0.72369,0.61372,0.61478,0.75103,0.57299,0.7578,0.62098,0.53157,0.12826,0.097522,0.0061863,0.67354,0.41969,0.6391,0.47095,0.80237,0.21879,0.71842,0.34468,0.55782,0.34161,0.8055,0.77449,0.67586,0.59738,0.53016,0.4821,0.60284,0.48312,0.58199,0.53351,0.76259,0.65103,0.16725,0.48629,0.74171,0.81469,0.56896,0.62693,0.70818,0.54104,-0.17904,-0.0015053,0.37345,0.28084,0.37522,0.52623,0.20745,0.092565,0.25846,0.45548,0.51289,0.58215,0.45586,0.47763,0.23997,0.17236,0.27606,0.35751,0.24768,0.10109,-0.30071,0.18713,0.2465,0.27662,0.46206,0.29802,0.42796,0.16855,-0.17825,0.028444
0.71879,0.73042,0.64026,0.65207,0.49184,-0.084356,0.38831,0.62543,0.4762,0.12488,0.64038,0.60333,0.57625,0.6542,0.54149,0.25328,0.13832,0.35601,0.61654,0.65247,0.40617,-0.010409,0.50238,0.62694,0.22599,0.50945,0.34918,-0.17668,0.23063,0.24869,0.68111,0.6523,0.7643,1,0.51615,0.57434,0.1988,0.40414,0.14245,0.22253,0.38759,0.44391,0.44834,0.51538,0.61373,0.71767,0.55204,0.47559,0.70755,0.63993,0.77625,0.62346,0.49864,0.10444,0.098393,-0.041234,0.69155,0.57661,0.51803,0.36524,0.74231,0.48526,0.60894,0.3854,0.5868,0.58802,0.61376,0.7111,0.58705,0.45842,0.62992,0.52323,0.49581,0.36774,0.49236,0.40805,0.7504,0.74836,0.081308,0.47204,0.60424,0.68673,0.41655,0.43742,0.60538,0.45728,-0.16075,0.07183,0.30676,0.20899,0.39141,0.39923,0.21852,0.035576,0.34088,0.45745,0.48967,0.44736,0.49777,0.3925,0.21777,0.077215,0.16294,0.21279,0.26759,0.084095,-0.16853,0.20069,0.27512,0.34423,0.29219,0.3348,0.40948,0.20659,-0.16536,0.21372
0.32645,0.18342,0.51208,0.27855,0.43363,0.087203,0.40899,0.49447,0.46928,0.28428,0.2918,0.039858,0.57017,0.50039,0.49649,0.26817,-0.026539,0.16117,0.26666,0.15126,0.35489,-0.016574,0.49934,0.46534,0.50437,0.62322,0.4556,0.049998,0.16916,-0.06907,0.53273,0.57853,0.51774,0.51615,1,0.78254,0.2081,0.20219,0.29565,0.1375,0.44394,0.3823,0.4703,0.43826,0.50465,0.56092,0.57297,0.63471,0.33352,0.1846,0.5391,0.37258,0.55141,0.53809,0.1517,0.17378,0.3406,0.060815,0.14268,-0.031323,0.47333,0.28227,0.045118,-0.35408,0.62517,0.63052,0.40854,0.60094,0.22845,0.20083,0.38297,0.39703,0.54548,0.40693,0.52002,0.54014,0.47689,0.4731,-0.14354,0.087889,0.33217,0.56387,0.40219,0.54359,0.67725,0.73387,-0.052795,0.1223,0.36322,0.36177,0.57857,0.57599,0.27753,0.26417,0.40892,0.56538,0.44098,0.47894,0.58728,0.55365,0.22406,0.21271,0.13226,0.14874,0.42469,0.31373,-0.083467,0.4498,0.044412,0.47515,0.34628,0.26915,0.07366,0.23748,-0.08728,0.41306
0.52885,0.34758,0.6438,0.4449,0.48638,0.09251,0.55438,0.58927,0.60778,0.40194,0.41623,0.23538,0.62998,0.59159,0.58125,0.39975,-0.20676,0.055647,0.40559,0.30119,0.6131,0.08538,0.51037,0.41735,0.42496,0.57956,0.46508,0.096689,-0.076305,-0.14657,0.47504,0.52221,0.57394,0.57434,0.78254,1,0.36003,0.48878,0.42481,0.35095,0.48097,0.43893,0.62025,0.65872,0.69745,0.66857,0.74006,0.77027,0.62655,0.34536,0.7587,0.54251,0.66762,0.54084,0.263,0.15625,0.46394,0.18438,0.40591,0.195,0.66653,0.25219,0.25638,-0.1047,0.66671,0.52995,0.53873,0.63096,0.34742,0.31138,0.53487,0.59412,0.64429,0.41729,0.68187,0.53702,0.6723,0.53526,-0.1548,0.12891,0.25942,0.63917,0.39786,0.57931,0.69557,0.69201,-0.027344,0.31003,0.56791,0.54137,0.69653,0.65048,0.39965,0.38049,0.65069,0.61867,0.6387,0.5565,0.73248,0.68132,0.40798,0.34725,0.41845,0.38306,0.51734,0.16415,-0.011096,0.33463,0.31175,0.65699,0.48891,0.57858,0.45702,0.29679,0.0014942,0.30704
-0.037064,0.074326,-0.069612,-0.057995,0.01304,0.018115,-0.21281,-0.19753,-0.021678,0.066208,-0.20891,-0.032502,-0.0055885,-0.20772,-0.12215,-0.1704,-0.11684,-0.27589,-0.023479,0.078555,0.19941,0.065125,-0.1013,-0.046699,0.2084,0.059457,0.18672,0.20652,-0.35051,-0.30784,0.24055,-0.023442,0.050276,0.1988,0.2081,0.36003,1,0.39297,0.48905,0.53089,0.5564,-0.05205,-0.038139,0.002292,0.060353,0.27709,0.11642,0.069167,0.24758,0.31145,0.23067,0.30025,0.098192,0.084718,0.33212,0.22443,-0.053801,0.20237,0.12212,0.094849,0.064487,0.37514,-0.071655,0.0069858,0.20843,0.32149,-0.0034412,0.20313,-0.11412,0.066632,0.25468,0.26165,-0.08528,-0.10579,0.11894,-0.056599,0.23664,0.11275,-0.27984,-0.011926,-0.34476,-0.077336,0.0038282,0.07586,0.01545,0.19731,0.4452,0.42262,0.018294,-0.019031,0.2289,-0.11188,-0.032125,-0.12444,0.56087,0.45268,0.30477,-0.045143,0.26352,0.13862,0.30652,-0.14072,0.041647,-0.21152,0.1144,-0.054677,-0.026712,-0.0066495,0.53744,0.19686,0.0015956,0.26,0.11748,0.073756,0.10445,-0.1617
0.5211,0.541,0.5127,0.59776,0.4657,0.2447,0.48625,0.41711,0.26534,0.20297,0.32794,0.37071,0.31168,0.33226,0.42462,0.19481,-0.17256,-0.074478,0.42116,0.4601,0.6625,0.28328,0.34565,0.28679,-0.042475,0.29742,0.34306,0.32653,-0.18831,-0.15598,0.26332,0.10077,0.35878,0.40414,0.20219,0.48878,0.39297,1,0.37145,0.75144,0.38004,0.18952,0.3546,0.46465,0.42277,0.49839,0.57184,0.41593,0.52489,0.57289,0.51213,0.56137,0.58336,0.20685,0.3703,0.30428,0.39713,0.44449,0.5902,0.5337,0.42067,0.1023,0.35794,0.26962,0.20497,0.080355,0.5154,0.59056,0.41653,0.29724,0.75306,0.6512,0.18038,0.068669,0.25211,0.31605,0.65955,0.60637,-0.17538,0.17306,0.17373,0.45902,0.32923,0.41311,0.37034,0.37631,0.10506,0.54164,0.43941,0.43581,0.40528,0.40572,0.38762,0.26811,0.35796,0.34669,0.35737,0.31347,0.49082,0.48594,0.44047,0.16675,0.4459,0.29326,0.27169,-0.085397,0.22606,-0.029631,0.39486,0.14081,0.36707,0.76886,0.6363,0.32191,0.0071764,0.023164
0.17978,0.13023,0.4645,0.27674,0.47925,0.5608,0.331,0.072533,0.22946,0.24612,0.14902,-0.0094117,0.058746,0.061604,0.40816,0.049003,-0.031245,-0.12298,0.37545,0.3452,0.62645,0.59055,0.41835,0.46176,0.5421,0.54526,0.72057,0.59165,-0.17875,-0.19011,0.5211,0.24455,0.35184,0.14245,0.29565,0.42481,0.48905,0.37145,1,0.54653,0.53695,-0.1446,0.34195,0.4176,0.56698,0.58147,0.5738,0.46369,0.5293,0.40822,0.36322,0.60765,0.52705,0.3816,0.68193,0.54765,0.23577,0.42564,0.48069,0.52563,0.33682,-0.046945,0.32452,0.097641,0.13684,0.018176,0.56379,0.5299,0.39429,0.59158,0.26101,0.42294,0.35089,0.30277,0.50952,0.45422,0.42572,0.18593,-0.2901,0.075989,0.14862,0.3484,0.45848,0.53121,0.43368,0.52384,0.57599,0.57224,0.65928,0.61014,0.55678,0.41037,0.35473,0.34616,0.33061,0.57779,0.2522,0.31805,0.4637,0.55494,0.53608,0.25577,0.34357,0.28489,0.19734,-0.12534,-0.10183,0.14436,0.28818,-0.00042647,0.29349,0.36826,0.35558,0.23999,-0.26991,-0.23455
0.35992,0.37719,0.38403,0.45598,0.2396,0.2885,0.38609,0.20452,0.20858,0.26238,0.093538,0.1653,0.22925,0.038192,0.19549,0.12123,-0.087046,-0.22881,0.36239,0.37496,0.64188,0.44556,0.379,0.22196,0.21452,0.31914,0.40261,0.47827,-0.25938,-0.32548,0.29922,-0.0081254,0.15331,0.22253,0.1375,0.35095,0.53089,0.75144,0.54653,1,0.54978,0.10604,0.25095,0.29205,0.32138,0.36958,0.3861,0.2062,0.38946,0.39135,0.35515,0.45723,0.54467,0.18507,0.4547,0.36951,0.27359,0.44825,0.55836,0.52956,0.28519,0.081464,0.29026,0.20249,0.12674,-0.017738,0.45574,0.41397,0.2678,0.34235,0.54977,0.63223,0.073798,0.09436,0.20046,0.19857,0.4836,0.41208,-0.10205,0.29243,0.010799,0.20111,0.15283,0.35687,0.19794,0.23336,0.42231,0.68208,0.45043,0.41941,0.36887,0.18175,0.42496,0.23609,0.31955,0.32465,0.12295,-0.016557,0.31525,0.33333,0.2191,0.067902,0.24606,0.080795,-0.055294,-0.43315,0.14874,-0.14544,0.33595,-0.089294,0.12494,0.53109,0.41648,-0.056966,-0.2904,-0.13684
0.26691,0.15969,0.3093,0.1724,0.40476,0.095718,0.14677,0.16029,0.27872,0.15675,0.13795,0.034305,0.31848,0.15812,0.37921,0.02899,0.18924,0.041576,0.3091,0.39993,0.46267,0.15862,0.3246,0.38749,0.53634,0.57544,0.5882,0.24569,0.032498,-0.15788,0.56011,0.2441,0.44461,0.38759,0.44394,0.48097,0.5564,0.38004,0.53695,0.54978,1,0.37847,0.37083,0.38273,0.45347,0.50362,0.42228,0.43676,0.50669,0.45251,0.47,0.49817,0.45846,0.24214,0.21351,0.27806,0.23208,0.25092,0.34039,0.29021,0.40423,0.23873,0.24941,-0.044049,0.40803,0.28897,0.47082,0.58435,0.30887,0.45521,0.23641,0.3395,0.33033,0.35051,0.36042,0.37878,0.42283,0.19098,-0.33058,0.13887,0.093306,0.32158,0.43357,0.65453,0.48653,0.58816,0.32062,0.36771,0.20435,0.19907,0.39253,0.29266,0.068566,0.06507,0.68483,0.7196,0.46873,0.37571,0.47258,0.43226,0.34621,0.053373,0.037124,0.020476,0.020438,-0.16774,-0.25939,0.36303,0.52175,0.36203,0.07063,0.18723,0.28099,-0.037526,-0.31715,-0.24314
0.40088,0.10223,0.32303,0.30032,0.20547,-0.14618,0.3982,0.61523,0.48244,0.18471,0.44612,0.30608,0.58903,0.54861,0.51783,0.50746,0.23563,0.27797,0.18303,0.1112,0.13938,-0.16904,0.26257,0.2112,0.15763,0.27222,0.10873,-0.31249,0.41851,0.20839,0.27814,0.28676,0.3516,0.44391,0.3823,0.43893,-0.05205,0.18952,-0.1446,0.10604,0.37847,1,0.55619,0.47185,0.43128,0.32206,0.31978,0.36783,0.35983,0.06698,0.45807,0.063792,0.36024,0.2168,-0.22473,-0.075713,0.30031,-0.0626,0.21698,0.047429,0.51795,0.072159,0.32575,-0.10786,0.49895,0.25858,0.26565,0.25107,0.1809,0.19554,0.20891,0.28911,0.53094,0.50719,0.39909,0.28511,0.4519,0.34402,0.19363,0.24365,0.39567,0.43507,0.31961,0.53016,0.51673,0.35531,-0.27645,0.02814,0.19363,0.1623,0.28634,0.45699,0.032443,0.14913,0.42874,0.38035,0.48266,0.44136,0.32833,0.37217,-0.065708,0.17922,0.12435,0.32531,-0.033754,-0.027082,-0.22511,0.31566,0.24164,0.43181,0.18535,0.22217,0.25126,-0.039189,-0.22388,0.18771
