1,0.84755,0.4435,0.49043,0.43612,0.35504,0.59763,0.54626,0.3453,0.3683,0.69129,0.68077,0.47018,0.41677,0.32474,0.36411,0.6848,0.69335,0.66221,0.66624,0.11631,0.41375,0.27135,0.28332,0.2396,0.25687,0.28767,0.32244,0.4891,0.50488,0.23394,0.38739,0.68882,0.63161,0.26807,0.30588,0.26731,0.057015,0.26542,0.0045907,0.36614,0.34937,0.41438,0.31673,0.34884,0.53745,0.50998,0.48852,0.40641,0.5364,0.5232,0.50219,0.5973,0.5489,0.6041,0.56846,0.8723,0.7826,0.70973,0.62647,0.65323,0.5799,0.54221,0.54948,0.15583,0.45365,0.66486,0.65265,0.76411,0.72251,0.189,0.24575,0.55871,0.58219,0.39982,0.48782,0.58738,0.56972,0.52511,0.63688,0.53476,0.57208,0.13475,0.4619,0.37145,0.34532,0.0007498,0.11678,0.50889,0.56324,0.68148,0.68419,0.57935,0.64925,0.082382,0.12545,0.41711,0.33858,0.74335,0.76686,0.54576,0.56221,0.56869,0.66815,0.48066,0.43811,0.5382,0.55653,0.018423,0.0068262,0.17609,0.55344,0.50445,0.35631,0.26588,-0.10924
0.84755,1,0.49561,0.51296,0.56465,0.46938,0.60804,0.53738,0.49631,0.48965,0.54153,0.68032,0.4548,0.41053,0.43293,0.42147,0.65513,0.68273,0.6669,0.72473,0.28774,0.53172,0.38248,0.30208,0.3769,0.34379,0.43966,0.38987,0.48701,0.51447,0.3073,0.41329,0.65947,0.63911,0.28945,0.31921,0.26008,0.11762,0.26189,0.065219,0.45549,0.4,0.4976,0.42439,0.47317,0.63365,0.6024,0.52917,0.42308,0.556,0.58197,0.5052,0.63961,0.57392,0.66055,0.61991,0.81061,0.86923,0.64397,0.71266,0.55782,0.60032,0.50634,0.57298,0.23252,0.39284,0.69741,0.68249,0.76155,0.70771,0.27197,0.31263,0.58049,0.63551,0.42203,0.49118,0.53226,0.55213,0.55059,0.63151,0.57786,0.60098,0.24112,0.51326,0.52914,0.38389,0.0074817,0.18637,0.60095,0.60829,0.72947,0.72049,0.60495,0.68753,0.13681,0.18005,0.43866,0.29554,0.78066,0.77149,0.4707,0.51429,0.41909,0.48181,0.38422,0.37041,0.39053,0.4987,0.076412,0.087548,0.18749,0.56545,0.54344,0.33995,0.3051,-0.12252
0.4435,0.49561,1,0.73935,0.40703,0.39289,0.83365,0.43627,0.66792,0.36399,0.33684,0.39914,0.53365,0.38071,0.43263,0.42766,0.33898,0.24947,0.55929,0.27229,0.216,0.45496,0.68267,0.42667,0.56062,0.37561,0.49577,0.42754,0.25251,0.20658,0.47932,0.29487,0.37343,0.34307,0.77451,0.57662,0.5454,0.40844,0.57009,0.3623,0.47311,0.46642,0.61143,0.49525,0.44703,0.38133,0.57684,0.54046,0.42631,0.55149,0.71822,0.71382,0.42003,0.54139,0.63081,0.59121,0.3894,0.44123,0.35576,0.3041,0.52974,0.15338,0.038627,0.036919,0.65832,0.47002,0.54515,0.41012,0.39775,0.33364,0.51237,0.43679,0.50764,0.50381,0.55065,0.44155,0.55193,0.4683,0.37859,0.33465,0.45113,0.48283,0.35775,0.37053,0.68966,0.60115,0.21467,0.35402,0.53336,0.50983,0.46477,0.59532,0.46412,0.65037,0.21761,0.21234,0.61779,0.44405,0.48261,0.494,0.27627,0.62725,0.19523,0.3955,0.29295,0.47223,0.07332,0.19075,0.25836,0.30849,0.49862,0.40185,0.22938,0.40795,0.39528,0.038215
0.49043,0.51296,0.73935,1,0.4506,0.65272,0.76542,0.71042,0.48197,0.59293,0.35071,0.49719,0.38239,0.47957,0.35196,0.6248,0.46752,0.32109,0.57262,0.51611,0.2378,0.50356,0.60953,0.64476,0.4821,0.59012,0.41074,0.45279,0.45584,0.40698,0.52033,0.46029,0.49085,0.59242,0.55563,0.63018,0.59933,0.56944,0.60487,0.47323,0.57433,0.61372,0.67277,0.57691,0.46913,0.50949,0.64066,0.6431,0.48656,0.59046,0.69045,0.74517,0.48158,0.51822,0.60019,0.59806,0.45423,0.37425,0.44713,0.57158,0.52067,0.43781,0.29668,0.30066,0.35749,0.64914,0.6154,0.66405,0.50016,0.53835,0.39888,0.37501,0.56126,0.5882,0.53931,0.57515,0.65595,0.64912,0.49149,0.42693,0.62418,0.56181,0.55288,0.58272,0.53419,0.66094,0.1128,0.37882,0.40584,0.72324,0.66087,0.72678,0.72733,0.64717,0.27395,0.25993,0.62708,0.51473,0.58557,0.59578,0.4875,0.57647,0.34028,0.4671,0.4031,0.36552,0.05506,0.20033,0.35295,0.37797,0.58685,0.51222,0.42919,0.45613,0.46074,-0.040263
0.43612,0.56465,0.40703,0.4506,1,0.60855,0.47124,0.43451,0.6199,0.52366,0.25451,0.48938,0.31007,0.40394,0.58763,0.57603,0.50669,0.49143,0.51887,0.62085,0.66735,0.72809,0.42453,0.40744,0.52625,0.52913,0.64064,0.4826,0.51833,0.57305,0.61673,0.5796,0.56288,0.61928,0.22877,0.28118,0.30534,0.20504,0.21679,0.14638,0.36165,0.43577,0.37776,0.34332,0.50689,0.57347,0.51511,0.49925,0.40189,0.48083,0.44486,0.38518,0.58359,0.48475,0.5419,0.56084,0.50835,0.45137,0.53721,0.62868,0.43198,0.5325,0.49966,0.58775,0.21701,0.40382,0.63471,0.57572,0.54102,0.60672,0.3795,0.40648,0.44887,0.50956,0.28951,0.29217,0.52213,0.53923,0.52899,0.5536,0.57469,0.53772,0.31688,0.55068,0.36329,0.37436,0.11757,0.31779,0.62814,0.59604,0.58892,0.62511,0.4997,0.58451,-0.017308,-0.0028491,0.3619,0.18577,0.60864,0.61014,0.33281,0.4313,0.28709,0.36152,0.28087,0.16757,0.050419,0.23084,-0.062045,0.065328,0.19047,0.50525,0.48485,0.2479,0.14229,-0.2314
0.35504,0.46938,0.39289,0.65272,0.60855,1,0.47608,0.57262,0.49383,0.72685,0.19843,0.39386,0.22868,0.35796,0.44053,0.54414,0.40929,0.25803,0.4224,0.48755,0.42717,0.58821,0.44492,0.54267,0.49801,0.62638,0.4559,0.49305,0.39966,0.37624,0.52952,0.46975,0.41314,0.57876,0.27259,0.30314,0.33978,0.29385,0.20118,0.22314,0.41007,0.43467,0.43697,0.35329,0.47488,0.51737,0.41701,0.42559,0.39129,0.42216,0.44949,0.40417,0.53848,0.4617,0.48151,0.43733,0.42542,0.34853,0.42386,0.63965,0.35738,0.49601,0.41023,0.44334,0.18152,0.41679,0.51237,0.55732,0.44282,0.5469,0.31232,0.30914,0.37288,0.45582,0.2796,0.36775,0.42396,0.44955,0.46925,0.38063,0.52641,0.40591,0.3574,0.46117,0.36351,0.42778,-0.049439,0.19605,0.47878,0.64125,0.64228,0.63647,0.66737,0.55306,0.08435,0.062525,0.35238,0.24211,0.49785,0.5295,0.38547,0.42162,0.20575,0.26634,0.21708,0.19039,-0.029985,0.16598,0.1271,0.20031,0.33504,0.52499,0.42153,0.29926,0.35584,-0.10589
0.59763,0.60804,0.83365,0.76542,0.47124,0.47608,1,0.76905,0.69126,0.59592,0.49163,0.67539,0.67213,0.63169,0.52958,0.59176,0.46823,0.40196,0.67214,0.48166,0.11577,0.41661,0.64189,0.52651,0.45146,0.32325,0.40604,0.27784,0.42314,0.40471,0.51759,0.43308,0.60012,0.55798,0.54409,0.51402,0.44952,0.30199,0.46633,0.18234,0.48665,0.47216,0.5151,0.42376,0.45932,0.4861,0.56895,0.54071,0.51311,0.62062,0.67168,0.65616,0.51341,0.5843,0.69897,0.66302,0.49825,0.48535,0.56643,0.50356,0.76485,0.53175,0.3378,0.36003,0.53161,0.65225,0.64639,0.57828,0.47537,0.53464,0.37346,0.43015,0.50732,0.52449,0.49823,0.47096,0.60142,0.57358,0.38408,0.44787,0.47688,0.49719,0.25649,0.51676,0.58271,0.56412,0.19789,0.38556,0.63312,0.73076,0.72849,0.77975,0.66785,0.74547,0.026973,0.052496,0.50663,0.34463,0.5925,0.62027,0.44546,0.68916,0.44027,0.57756,0.40901,0.53887,0.36879,0.38798,0.081568,0.10259,0.3383,0.40562,0.27193,0.36793,0.45973,0.031555
0.54626,0.53738,0.43627,0.71042,0.43451,0.57262,0.76905,1,0.47818,0.75259,0.48299,0.7211,0.54353,0.70579,0.39484,0.57272,0.45236,0.40309,0.52698,0.5652,-0.001613,0.31733,0.39008,0.57107,0.20194,0.24649,0.18073,0.063075,0.45876,0.48716,0.39245,0.46846,0.60007,0.6459,0.14326,0.34583,0.26462,0.14815,0.28472,0.030239,0.32197,0.33366,0.32004,0.25846,0.32185,0.46989,0.41935,0.4386,0.40356,0.47406,0.37104,0.4242,0.43527,0.45931,0.54561,0.57376,0.47342,0.3627,0.54443,0.62429,0.71237,0.80462,0.52461,0.5891,0.16197,0.6999,0.54253,0.6574,0.44886,0.66757,0.2257,0.31443,0.33909,0.4054,0.28119,0.36392,0.50207,0.53993,0.27833,0.44039,0.39415,0.34491,0.14392,0.4955,0.25277,0.354,0.085432,0.23454,0.5217,0.79133,0.81149,0.75583,0.73374,0.54496,-0.087781,-0.045856,0.275,0.21667,0.55044,0.59543,0.53864,0.44081,0.51308,0.51304,0.40759,0.42318,0.45177,0.43177,-0.03695,-0.085055,0.13927,0.37096,0.33547,0.24424,0.46992,0.042599
0.3453,0.49631,0.66792,0.48197,0.6199,0.49383,0.69126,0.47818,1,0.66614,0.29162,0.46852,0.59595,0.50182,0.69051,0.51848,0.31963,0.26726,0.4419,0.32714,0.31064,0.43253,0.54503,0.39991,0.38191,0.21772,0.5348,0.31704,0.2571,0.26196,0.43091,0.25906,0.31363,0.29919,0.3893,0.25738,0.32246,0.18151,0.34454,0.15763,0.34079,0.38333,0.36269,0.27457,0.3524,0.32702,0.48087,0.42546,0.36038,0.42312,0.46678,0.42751,0.37597,0.41353,0.55698,0.52594,0.31025,0.37358,0.36002,0.36926,0.52575,0.37051,0.18684,0.22748,0.52322,0.37333,0.38374,0.26391,0.31364,0.40377,0.46618,0.38336,0.38027,0.44338,0.36503,0.31993,0.41094,0.38732,0.32115,0.35379,0.39656,0.38415,0.20817,0.3558,0.58144,0.42985,0.22041,0.33034,0.72758,0.5893,0.56509,0.59503,0.4774,0.61299,0.080923,0.11811,0.35367,0.22426,0.46759,0.43036,0.25298,0.49082,0.10689,0.25604,0.20031,0.28756,0.078927,0.16736,-0.0098758,0.086846,0.24098,0.29012,0.18859,0.22992,0.26718,-0.088133
0.3683,0.48965,0.36399,0.59293,0.52366,0.72685,0.59592,0.75259,0.66614,1,0.28283,0.53798,0.40201,0.56605,0.52566,0.57883,0.35173,0.29625,0.37836,0.46667,0.13792,0.30743,0.38107,0.53445,0.2656,0.328,0.29888,0.19411,0.32447,0.35645,0.40073,0.31839,0.42966,0.47933,0.097386,0.21462,0.16929,0.11962,0.16372,0.058084,0.30788,0.31719,0.34155,0.32301,0.36652,0.47498,0.3956,0.44363,0.39692,0.4459,0.30896,0.35472,0.38639,0.4068,0.42615,0.45162,0.33928,0.30891,0.39237,0.58538,0.5156,0.65025,0.37407,0.44698,0.24061,0.5094,0.37061,0.4391,0.29872,0.5379,0.23255,0.22795,0.29723,0.39379,0.25177,0.36299,0.31624,0.36439,0.27034,0.35463,0.38108,0.3228,0.20259,0.42879,0.30618,0.39674,0.040552,0.20221,0.62056,0.75437,0.72327,0.65713,0.71076,0.51766,-0.009676,0.034495,0.22611,0.1734,0.45575,0.50604,0.44089,0.4009,0.25466,0.27863,0.22213,0.22088,0.22046,0.26893,-0.0032214,0.016407,0.18328,0.36204,0.32148,0.21339,0.43216,-0.044282
0.69129,0.54153,0.33684,0.35071,0.25451,0.19843,0.49163,0.48299,0.29162,0.28283,1,0.68266,0.72289,0.56411,0.4933,0.43632,0.64941,0.66095,0.59489,0.46304,0.023437,0.1862,0.31716,0.40519,0.15632,0.092687,0.23621,0.10776,0.57975,0.53637,0.25109,0.32048,0.55162,0.48968,0.20637,0.18426,0.22344,-0.017695,0.19016,-0.10915,0.28879,0.26532,0.088548,0.12098,0.04602,0.26252,0.13541,0.28664,0.27743,0.46607,0.31228,0.3791,0.27621,0.35849,0.41751,0.38016,0.63662,0.57208,0.51399,0.32638,0.68216,0.51823,0.54586,0.48533,0.34613,0.53039,0.44429,0.44405,0.4689,0.51818,-0.057403,-0.055002,0.39437,0.45055,0.30596,0.27232,0.48402,0.48174,0.48119,0.6251,0.38238,0.4387,0.021837,0.42957,0.3352,0.36503,0.079736,0.16814,0.45369,0.41558,0.51057,0.55654,0.47123,0.47139,-0.26398,-0.20467,0.18054,0.017779,0.4273,0.5064,0.466,0.39986,0.5088,0.61331,0.43687,0.38877,0.43729,0.4466,-0.2249,-0.15469,0.14142,0.27127,0.23258,0.19926,0.15352,-0.20763
0.68077,0.68032,0.39914,0.49719,0.48938,0.39386,0.67539,0.7211,0.46852,0.53798,0.68266,1,0.63805,0.83473,0.55945,0.67234,0.64547,0.71008,0.59917,0.69279,0.20871,0.45007,0.3824,0.47265,0.24082,0.18715,0.40853,0.27219,0.59675,0.64689,0.37491,0.50762,0.68101,0.65464,0.21659,0.29519,0.18327,0.10796,0.18769,-0.034387,0.37983,0.39374,0.24146,0.27035,0.30107,0.49966,0.30871,0.40872,0.44923,0.55211,0.41162,0.44297,0.3922,0.37151,0.45987,0.50155,0.6455,0.58577,0.64902,0.58217,0.77853,0.78543,0.61938,0.70641,0.29601,0.69863,0.61884,0.64562,0.56343,0.62975,0.13565,0.24648,0.48352,0.56532,0.35121,0.41738,0.5138,0.57901,0.47168,0.61191,0.4463,0.50235,0.15651,0.59629,0.34685,0.45758,0.074482,0.30846,0.56433,0.63279,0.71803,0.66786,0.59864,0.62428,-0.15081,-0.096753,0.30712,0.11318,0.57973,0.59115,0.59535,0.5008,0.64927,0.6281,0.45781,0.41835,0.5007,0.50609,-0.12408,-0.10463,0.16199,0.36315,0.33996,0.22512,0.23396,-0.19457
0.47018,0.4548,0.53365,0.38239,0.31007,0.22868,0.67213,0.54353,0.59595,0.40201,0.72289,0.63805,1,0.6326,0.70739,0.49013,0.41699,0.42126,0.62173,0.34339,0.025735,0.19286,0.40279,0.33127,0.14976,-0.046989,0.35084,0.070286,0.38326,0.33223,0.24122,0.15119,0.35138,0.29368,0.25588,0.1784,0.24411,0.058696,0.25675,-0.028508,0.27288,0.25249,0.14233,0.10692,0.12082,0.17235,0.20327,0.20099,0.37677,0.44039,0.3851,0.41539,0.17794,0.28949,0.44097,0.39584,0.40025,0.43402,0.47351,0.26403,0.72911,0.45072,0.36462,0.33758,0.51677,0.45262,0.38586,0.29202,0.27771,0.39504,0.17173,0.10682,0.26502,0.33936,0.2363,0.20446,0.41938,0.37724,0.34876,0.44385,0.24469,0.30143,0.054287,0.37405,0.49682,0.35541,0.23813,0.299,0.57397,0.48113,0.52636,0.54466,0.45193,0.49954,-0.24272,-0.19547,0.1891,-0.0091414,0.29041,0.3403,0.35781,0.44951,0.34422,0.46429,0.31563,0.40687,0.3014,0.30826,-0.18234,-0.098894,0.17632,0.1566,0.059212,0.063927,0.23871,-0.10391
0.41677,0.41053,0.38071,0.47957,0.40394,0.35796,0.63169,0.70579,0.50182,0.56605,0.56411,0.83473,0.6326,1,0.5573,0.68712,0.44092,0.48834,0.39823,0.41719,0.10546,0.29849,0.3987,0.55441,0.27989,0.17121,0.29606,0.11819,0.45051,0.50115,0.46432,0.53345,0.46124,0.4927,0.18441,0.2382,0.096568,0.032281,0.10314,-0.13778,0.20444,0.26031,0.12553,0.14143,0.16283,0.31287,0.17026,0.26795,0.36196,0.43138,0.29269,0.33881,0.24983,0.26358,0.32462,0.35472,0.43011,0.38763,0.4678,0.43131,0.70195,0.71094,0.43993,0.48537,0.33115,0.76807,0.42955,0.45585,0.34085,0.51388,0.09141,0.20206,0.2371,0.32806,0.15687,0.15832,0.35431,0.45075,0.32293,0.45687,0.25484,0.29054,0.032273,0.44118,0.22157,0.38671,0.015669,0.22095,0.48641,0.57301,0.60481,0.56842,0.57315,0.55807,-0.2779,-0.23245,0.1412,-0.051216,0.33525,0.37978,0.41817,0.46929,0.45086,0.49895,0.43955,0.39415,0.42882,0.38303,-0.23716,-0.19579,0.11251,0.18289,0.11804,0.15464,0.25226,-0.18808
0.32474,0.43293,0.43263,0.35196,0.58763,0.44053,0.52958,0.39484,0.69051,0.52566,0.4933,0.55945,0.70739,0.5573,1,0.7507,0.47063,0.42465,0.61719,0.46468,0.40238,0.43488,0.5894,0.47599,0.37013,0.25905,0.66314,0.37128,0.52601,0.49326,0.53534,0.34984,0.44811,0.38726,0.30884,0.27464,0.3219,0.21419,0.21055,0.11553,0.40133,0.42082,0.23215,0.24389,0.36484,0.36209,0.3019,0.38039,0.46016,0.47815,0.38983,0.38884,0.31184,0.37722,0.44708,0.44788,0.38278,0.39568,0.45275,0.40127,0.54003,0.41542,0.46416,0.45651,0.57799,0.38479,0.45277,0.32215,0.33839,0.46454,0.20843,0.14277,0.37409,0.44445,0.26556,0.24615,0.5064,0.4546,0.52026,0.53462,0.45996,0.48573,0.29857,0.56879,0.6062,0.53773,0.26599,0.48455,0.70841,0.542,0.54753,0.58094,0.47231,0.55188,-0.20699,-0.19157,0.28818,0.016374,0.39786,0.45648,0.30086,0.40119,0.22449,0.41124,0.2229,0.19752,0.10785,0.27081,-0.18117,0.04044,0.27705,0.26339,0.18302,0.14327,0.16769,-0.21675
0.36411,0.42147,0.42766,0.6248,0.57603,0.54414,0.59176,0.57272,0.51848,0.57883,0.43632,0.67234,0.49013,0.68712,0.7507,1,0.54877,0.4746,0.59342,0.6604,0.43767,0.57102,0.61239,0.68435,0.39223,0.47185,0.55736,0.4594,0.67104,0.64671,0.6741,0.57892,0.61193,0.64295,0.37418,0.47639,0.45246,0.4814,0.32487,0.31284,0.5673,0.60614,0.41436,0.4474,0.50862,0.50641,0.45295,0.57813,0.54718,0.53031,0.45203,0.50336,0.3818,0.37762,0.43801,0.47118,0.41617,0.29694,0.46913,0.51789,0.51806,0.51051,0.51892,0.54637,0.41654,0.59576,0.59468,0.57282,0.46268,0.54709,0.24837,0.25373,0.50499,0.58437,0.39306,0.42535,0.66229,0.69714,0.58302,0.55376,0.62201,0.60646,0.53611,0.78288,0.48338,0.72207,0.075215,0.47191,0.47205,0.62958,0.60601,0.65402,0.6357,0.59741,-0.10045,-0.11517,0.49491,0.22021,0.51157,0.54593,0.40789,0.42734,0.37594,0.46753,0.30873,0.19801,0.070316,0.19958,0.017707,0.21663,0.49395,0.45232,0.35966,0.30183,0.2778,-0.22666
0.6848,0.65513,0.33898,0.46752,0.50669,0.40929,0.46823,0.45236,0.31963,0.35173,0.64941,0.64547,0.41699,0.44092,0.47063,0.54877,1,0.88968,0.68124,0.76364,0.30511,0.46051,0.41361,0.46822,0.41287,0.45021,0.41946,0.35409,0.85773,0.85117,0.47094,0.53465,0.76888,0.78937,0.36565,0.4396,0.35056,0.26834,0.23302,0.14036,0.55266,0.57775,0.37011,0.41645,0.39063,0.59137,0.39895,0.57133,0.50259,0.66571,0.50175,0.54773,0.56305,0.52258,0.54168,0.50747,0.84195,0.59837,0.65447,0.57506,0.58229,0.54455,0.76782,0.72758,0.31716,0.51729,0.68346,0.67649,0.74682,0.65861,0.051042,0.033382,0.72589,0.72756,0.49495,0.49214,0.70651,0.74172,0.81949,0.89972,0.80532,0.8276,0.3686,0.74271,0.42525,0.58103,0.088099,0.4099,0.5277,0.52704,0.53596,0.65606,0.55516,0.56894,-0.061291,-0.047462,0.4803,0.29967,0.71431,0.77091,0.54701,0.46705,0.60073,0.71166,0.45297,0.28381,0.2063,0.31577,-0.031028,0.10325,0.37333,0.65789,0.6136,0.50145,0.12224,-0.39994
0.69335,0.68273,0.24947,0.32109,0.49143,0.25803,0.40196,0.40309,0.26726,0.29625,0.66095,0.71008,0.42126,0.48834,0.42465,0.4746,0.88968,1,0.57751,0.75383,0.27328,0.4544,0.27412,0.33211,0.31342,0.32197,0.38263,0.29486,0.76013,0.81889,0.36124,0.49797,0.74221,0.73168,0.24193,0.28659,0.14412,0.08075,0.11623,-0.0042816,0.42206,0.42312,0.26889,0.31876,0.29381,0.53456,0.32972,0.47376,0.44506,0.6041,0.4226,0.47929,0.52655,0.45984,0.46154,0.44148,0.83028,0.69747,0.66173,0.54624,0.58489,0.57342,0.75882,0.75132,0.22161,0.49967,0.61973,0.61975,0.69303,0.61697,-0.034716,0.015321,0.6198,0.62877,0.39786,0.35808,0.55321,0.60098,0.69275,0.85432,0.67197,0.75001,0.23264,0.63292,0.29214,0.44421,0.027476,0.2625,0.50565,0.44715,0.4975,0.55507,0.46249,0.49983,-0.10561,-0.055445,0.36409,0.17776,0.67478,0.70524,0.53316,0.42069,0.63178,0.65518,0.42304,0.22358,0.30564,0.37967,-0.10559,-0.024292,0.22022,0.57425,0.55621,0.42315,0.020058,-0.44915
0.66221,0.6669,0.55929,0.57262,0.51887,0.4224,0.67214,0.52698,0.4419,0.37836,0.59489,0.59917,0.62173,0.39823,0.61719,0.59342,0.68124,0.57751,1,0.72009,0.29962,0.49096,0.53098,0.40143,0.39593,0.38688,0.42717,0.32698,0.68958,0.62965,0.46867,0.42507,0.62226,0.62584,0.44809,0.42613,0.49314,0.3513,0.35848,0.21056,0.5292,0.53273,0.41214,0.38655,0.45228,0.51541,0.45661,0.50928,0.4691,0.60629,0.59441,0.56945,0.55612,0.59874,0.60343,0.57653,0.66838,0.59265,0.60377,0.54995,0.56631,0.42804,0.52159,0.50352,0.45859,0.42555,0.72361,0.60927,0.6764,0.59241,0.26358,0.28753,0.57327,0.59944,0.4381,0.46182,0.75736,0.68103,0.69863,0.6673,0.63405,0.67814,0.39472,0.67676,0.64765,0.59548,0.16346,0.43163,0.50813,0.56675,0.62238,0.73592,0.52409,0.64586,-0.054886,-0.05299,0.49759,0.28906,0.61742,0.70151,0.38004,0.48889,0.39839,0.60601,0.33895,0.31121,0.17027,0.33127,0.0049895,0.17339,0.3907,0.52851,0.44821,0.31873,0.19416,-0.16836
0.66624,0.72473,0.27229,0.51611,0.62085,0.48755,0.48166,0.5652,0.32714,0.46667,0.46304,0.69279,0.34339,0.41719,0.46468,0.6604,0.76364,0.75383,0.72009,1,0.38972,0.59433,0.34839,0.44832,0.22449,0.39205,0.43307,0.3901,0.73788,0.75346,0.39033,0.50034,0.76863,0.81972,0.20251,0.37881,0.3999,0.39599,0.29942,0.26794,0.59815,0.6376,0.42338,0.41542,0.495,0.61846,0.51028,0.5798,0.50821,0.53891,0.45898,0.45556,0.54556,0.46099,0.49073,0.51981,0.72227,0.56153,0.65805,0.71215,0.52738,0.65307,0.74744,0.80248,0.15041,0.46231,0.72321,0.7556,0.79148,0.71339,0.17638,0.22943,0.66102,0.71484,0.47349,0.56635,0.69704,0.73482,0.69145,0.73474,0.73577,0.74879,0.51851,0.79137,0.38824,0.56487,0.069563,0.41966,0.48617,0.61824,0.67271,0.68514,0.5927,0.55679,0.078209,0.082056,0.51215,0.35211,0.75648,0.74821,0.56589,0.3583,0.59509,0.57871,0.33992,0.1063,0.18524,0.34699,0.14942,0.21836,0.3893,0.65685,0.64678,0.36099,0.13456,-0.2718
0.11631,0.28774,0.216,0.2378,0.66735,0.42717,0.11577,-0.001613,0.31064,0.13792,0.023437,0.20871,0.025735,0.10546,0.40238,0.43767,0.30511,0.27328,0.29962,0.38972,1,0.79011,0.22323,0.091688,0.50952,0.55702,0.65177,0.60073,0.40507,0.40452,0.44727,0.38958,0.28662,0.38858,0.32762,0.26635,0.29681,0.37644,0.14582,0.34741,0.31624,0.37797,0.39604,0.34981,0.4693,0.40562,0.33332,0.33201,0.27248,0.27925,0.38422,0.26426,0.27887,0.1355,0.18449,0.20767,0.23076,0.24852,0.32516,0.47138,0.10342,0.18483,0.26365,0.32237,0.1619,0.14715,0.5334,0.41576,0.32693,0.24773,0.28949,0.25458,0.40332,0.41129,0.25756,0.20198,0.39959,0.37414,0.50246,0.32808,0.4326,0.40815,0.47583,0.49473,0.36352,0.30554,-0.038361,0.32914,0.30237,0.2349,0.16436,0.2373,0.17337,0.37707,0.073111,0.021327,0.37124,0.10097,0.29129,0.25169,0.12057,0.24356,0.053302,0.096908,0.11509,-0.06236,-0.30247,-0.0097506,0.094603,0.3407,0.30995,0.32488,0.32301,0.14554,-0.14104,-0.32849
0.41375,0.53172,0.45496,0.50356,0.72809,0.58821,0.41661,0.31733,0.43253,0.30743,0.1862,0.45007,0.19286,0.29849,0.43488,0.57102,0.46051,0.4544,0.49096,0.59433,0.79011,1,0.47845,0.33308,0.61887,0.61881,0.73765,0.71783,0.51627,0.53674,0.61777,0.58136,0.51241,0.5986,0.45272,0.42252,0.46178,0.39824,0.30988,0.32995,0.44174,0.4873,0.50713,0.40007,0.54172,0.54745,0.50633,0.49268,0.41105,0.44973,0.54189,0.46992,0.56394,0.41429,0.44699,0.43883,0.50018,0.4889,0.51668,0.63869,0.34261,0.38231,0.43959,0.49731,0.20622,0.35186,0.72418,0.64807,0.60877,0.55619,0.38913,0.4376,0.52796,0.55293,0.36307,0.34407,0.55053,0.56974,0.56835,0.49851,0.58856,0.5635,0.47966,0.59878,0.45816,0.46366,0.026915,0.35518,0.43336,0.45974,0.49684,0.55169,0.45368,0.59185,0.12184,0.10675,0.5223,0.26687,0.57222,0.52352,0.30572,0.42725,0.29444,0.32256,0.32746,0.17752,-0.073117,0.16505,0.16506,0.30227,0.44444,0.56416,0.45476,0.31849,0.080183,-0.17803
0.27135,0.38248,0.68267,0.60953,0.42453,0.44492,0.64189,0.39008,0.54503,0.38107,0.31716,0.3824,0.40279,0.3987,0.5894,0.61239,0.41361,0.27412,0.53098,0.34839,0.22323,0.47845,1,0.76648,0.66996,0.45117,0.62241,0.46675,0.42458,0.3895,0.75745,0.57053,0.45569,0.43263,0.63808,0.55892,0.58201,0.43368,0.48186,0.3148,0.52642,0.50404,0.37555,0.36396,0.42267,0.40511,0.43573,0.52047,0.35266,0.49217,0.45959,0.48591,0.50897,0.64063,0.59487,0.56592,0.37175,0.37251,0.2362,0.32289,0.38133,0.23794,0.29343,0.26526,0.64899,0.43946,0.46435,0.40802,0.35006,0.40946,0.32606,0.3262,0.48626,0.51405,0.45447,0.44429,0.4852,0.48641,0.38684,0.38612,0.51664,0.52962,0.43658,0.51326,0.70456,0.71449,0.38693,0.47064,0.54007,0.51365,0.51095,0.64143,0.50386,0.55971,0.10304,0.093447,0.46474,0.29408,0.47762,0.51989,0.23348,0.39098,0.17035,0.32467,0.30236,0.35988,0.059328,0.14116,0.17688,0.23911,0.45139,0.37407,0.13763,0.37252,0.37763,0.081911
0.28332,0.30208,0.42667,0.64476,0.40744,0.54267,0.52651,0.57107,0.39991,0.53445,0.40519,0.47265,0.33127,0.55441,0.47599,0.68435,0.46822,0.33211,0.40143,0.44832,0.091688,0.33308,0.76648,1,0.42163,0.44607,0.39885,0.33547,0.46684,0.44517,0.66058,0.5951,0.47732,0.53294,0.34783,0.43728,0.43585,0.34819,0.35418,0.2238,0.48512,0.49101,0.24536,0.27938,0.25092,0.33968,0.33179,0.47437,0.31908,0.42604,0.25057,0.38204,0.40952,0.49428,0.42517,0.45091,0.37684,0.23598,0.26503,0.36598,0.41589,0.46406,0.45637,0.43813,0.39313,0.57588,0.3438,0.43786,0.33855,0.47962,0.14755,0.15067,0.43289,0.48791,0.41254,0.41538,0.45275,0.52185,0.39538,0.3947,0.52034,0.46992,0.38592,0.52818,0.40137,0.69203,0.22937,0.34593,0.42315,0.59388,0.57598,0.62904,0.63647,0.44918,0.0064259,-0.00019342,0.31212,0.24955,0.45537,0.52751,0.39433,0.26365,0.33076,0.36327,0.2771,0.19759,0.088907,0.13057,0.11684,0.14269,0.39327,0.40606,0.24891,0.3872,0.35487,-0.058471
0.2396,0.3769,0.56062,0.4821,0.52625,0.49801,0.45146,0.20194,0.38191,0.2656,0.15632,0.24082,0.14976,0.27989,0.37013,0.39223,0.41287,0.31342,0.39593,0.22449,0.50952,0.61887,0.66996,0.42163,1,0.71617,0.62367,0.55643,0.41751,0.41227,0.7981,0.64862,0.41345,0.46138,0.6,0.53051,0.35251,0.22252,0.23155,0.14299,0.2796,0.29918,0.4304,0.33655,0.45417,0.44794,0.36769,0.39865,0.30208,0.47611,0.53633,0.45954,0.59339,0.53836,0.48919,0.36897,0.41985,0.42587,0.30007,0.43257,0.24089,0.20499,0.21016,0.20652,0.48346,0.42673,0.52845,0.45127,0.35805,0.32294,0.28862,0.35151,0.35785,0.34507,0.24303,0.15158,0.38937,0.38658,0.44781,0.40507,0.4422,0.46466,0.27703,0.39498,0.50122,0.4657,0.11081,0.27103,0.41355,0.337,0.28643,0.45818,0.38399,0.53891,-0.0067521,-0.032509,0.37543,0.12804,0.36668,0.41681,0.11568,0.46062,0.063994,0.29064,0.3378,0.39557,0.0032409,0.10076,0.0085436,0.14035,0.29337,0.34618,0.22973,0.3421,0.1713,-0.11716
0.25687,0.34379,0.37561,0.59012,0.52913,0.62638,0.32325,0.24649,0.21772,0.328,0.092687,0.18715,-0.046989,0.17121,0.25905,0.47185,0.45021,0.32197,0.38688,0.39205,0.55702,0.61881,0.45117,0.44607,0.71617,1,0.46569,0.59705,0.47288,0.4596,0.65556,0.60246,0.45688,0.61129,0.50217,0.51402,0.45405,0.45301,0.29278,0.40562,0.46963,0.48459,0.60085,0.5291,0.57966,0.55747,0.50803,0.53671,0.40711,0.5051,0.58634,0.54569,0.54939,0.41728,0.4061,0.34942,0.40816,0.2996,0.38271,0.54584,0.19488,0.22906,0.30672,0.29111,0.25351,0.40989,0.59626,0.59028,0.47266,0.39252,0.24446,0.26436,0.46737,0.42682,0.3714,0.31992,0.53923,0.56555,0.58978,0.40286,0.62164,0.55795,0.55555,0.56303,0.39742,0.54306,-0.034651,0.31073,0.23997,0.36252,0.35275,0.46657,0.48714,0.4404,0.19613,0.144,0.52783,0.36098,0.47935,0.51042,0.27489,0.41264,0.19385,0.3399,0.24253,0.14894,-0.16866,0.037519,0.22515,0.4029,0.46447,0.52153,0.47703,0.54473,0.096048,-0.24559
0.28767,0.43966,0.49577,0.41074,0.64064,0.4559,0.40604,0.18073,0.5348,0.29888,0.23621,0.40853,0.35084,0.29606,0.66314,0.55736,0.41946,0.38263,0.42717,0.43307,0.65177,0.73765,0.62241,0.39885,0.62367,0.46569,1,0.81003,0.38501,0.37742,0.55557,0.40955,0.38422,0.38104,0.50633,0.47437,0.42384,0.35131,0.35459,0.29498,0.40222,0.46022,0.37517,0.31042,0.45107,0.41244,0.38958,0.4084,0.40003,0.4686,0.50189,0.44936,0.3901,0.33731,0.41423,0.36494,0.36993,0.41045,0.41499,0.45272,0.40266,0.30401,0.36003,0.3666,0.50958,0.3733,0.53597,0.44128,0.41174,0.40866,0.28781,0.22334,0.45452,0.50441,0.37613,0.3765,0.42772,0.38923,0.49418,0.42594,0.49153,0.51243,0.44942,0.51537,0.61041,0.55015,0.35436,0.55712,0.57121,0.437,0.44541,0.48199,0.41194,0.53792,0.11283,0.10052,0.43778,0.17073,0.42618,0.39731,0.3048,0.41301,0.22022,0.29191,0.23805,0.2004,-0.038009,0.21972,0.12324,0.27145,0.41948,0.33582,0.23863,0.17859,0.04829,-0.13199
0.32244,0.38987,0.42754,0.45279,0.4826,0.49305,0.27784,0.063075,0.31704,0.19411,0.10776,0.27219,0.070286,0.11819,0.37128,0.4594,0.35409,0.29486,0.32698,0.3901,0.60073,0.71783,0.46675,0.33547,0.55643,0.59705,0.81003,1,0.28964,0.25339,0.48998,0.36667,0.3237,0.36116,0.55509,0.49214,0.43257,0.41154,0.3531,0.38952,0.36983,0.43468,0.49241,0.41772,0.44251,0.40761,0.44109,0.44268,0.32486,0.35032,0.5071,0.45238,0.39579,0.2611,0.30304,0.23926,0.36966,0.35365,0.35837,0.41862,0.22909,0.13436,0.22201,0.21545,0.34646,0.28103,0.47659,0.41257,0.46216,0.34104,0.28378,0.21769,0.45872,0.47206,0.41708,0.4263,0.38603,0.37604,0.48295,0.29112,0.50854,0.5218,0.51929,0.46597,0.47434,0.56564,0.10433,0.38625,0.27543,0.29491,0.32815,0.35013,0.38443,0.46739,0.31311,0.28611,0.53146,0.38856,0.41489,0.37797,0.30116,0.38358,0.18256,0.22722,0.1859,0.11834,-0.1256,0.093617,0.31967,0.43276,0.54698,0.44271,0.30185,0.33135,-0.015198,-0.11446
0.4891,0.48701,0.25251,0.45584,0.51833,0.39966,0.42314,0.45876,0.2571,0.32447,0.57975,0.59675,0.38326,0.45051,0.52601,0.67104,0.85773,0.76013,0.68958,0.73788,0.40507,0.51627,0.42458,0.46684,0.41751,0.47288,0.38501,0.28964,1,0.94807,0.60927,0.63295,0.76649,0.79034,0.32955,0.44904,0.42674,0.33322,0.23932,0.14773,0.52549,0.56775,0.331,0.40079,0.42691,0.58009,0.35142,0.54848,0.47428,0.59167,0.43664,0.47516,0.49692,0.42924,0.47188,0.46873,0.65296,0.43168,0.59375,0.54198,0.50746,0.5266,0.7751,0.7462,0.30332,0.50694,0.69443,0.68686,0.62119,0.6131,0.027681,0.088118,0.60255,0.61936,0.37087,0.33576,0.73008,0.78694,0.77335,0.85846,0.76257,0.76462,0.41398,0.81203,0.35797,0.55696,0.059027,0.44438,0.41546,0.50817,0.47208,0.62312,0.47236,0.50638,-0.2536,-0.245,0.40762,0.13809,0.60273,0.65426,0.43318,0.37829,0.51295,0.66399,0.401,0.21506,0.10905,0.22315,-0.17267,0.050898,0.37687,0.58056,0.52556,0.41577,0.093686,-0.42049
0.50488,0.51447,0.20658,0.40698,0.57305,0.37624,0.40471,0.48716,0.26196,0.35645,0.53637,0.64689,0.33223,0.50115,0.49326,0.64671,0.85117,0.81889,0.62965,0.75346,0.40452,0.53674,0.3895,0.44517,0.41227,0.4596,0.37742,0.25339,0.94807,1,0.59392,0.6763,0.77426,0.81083,0.24469,0.39289,0.29627,0.23261,0.17164,0.078519,0.45758,0.49438,0.28225,0.36586,0.4376,0.63126,0.35316,0.54196,0.47965,0.59651,0.41751,0.44138,0.53629,0.46585,0.48021,0.4932,0.66543,0.4667,0.60999,0.57993,0.49545,0.59712,0.80425,0.82007,0.20682,0.51096,0.69206,0.70218,0.64388,0.66996,0.028132,0.11387,0.57577,0.59647,0.3031,0.29671,0.67328,0.74729,0.70572,0.86579,0.73037,0.74587,0.34991,0.7833,0.28804,0.49509,0.043742,0.40637,0.45523,0.53036,0.50913,0.63392,0.46623,0.49097,-0.2485,-0.21575,0.35419,0.099709,0.64129,0.68567,0.42934,0.35956,0.55552,0.64861,0.41682,0.2163,0.18438,0.28484,-0.22509,-0.041058,0.27437,0.56592,0.52191,0.41111,0.079767,-0.43686
0.23394,0.3073,0.47932,0.52033,0.61673,0.52952,0.51759,0.39245,0.43091,0.40073,0.25109,0.37491,0.24122,0.46432,0.53534,0.6741,0.47094,0.36124,0.46867,0.39033,0.44727,0.61777,0.75745,0.66058,0.7981,0.65556,0.55557,0.48998,0.60927,0.59392,1,0.81575,0.59062,0.60853,0.50809,0.52155,0.41209,0.29792,0.22971,0.13042,0.39794,0.41914,0.352,0.35242,0.44686,0.49521,0.39218,0.51787,0.34846,0.47044,0.40557,0.39149,0.59664,0.56769,0.51467,0.48888,0.39173,0.3107,0.34488,0.43971,0.3547,0.36497,0.4113,0.41308,0.47064,0.51013,0.54794,0.49943,0.41764,0.4623,0.21885,0.34826,0.40245,0.40757,0.28999,0.21649,0.51279,0.5497,0.48174,0.50772,0.53825,0.53222,0.33496,0.58441,0.39209,0.58977,0.10713,0.35163,0.42713,0.4803,0.42813,0.59084,0.48819,0.5496,-0.16249,-0.16372,0.37544,0.1592,0.45787,0.53413,0.19126,0.4315,0.24056,0.40561,0.37186,0.30247,0.068415,0.12247,-0.063587,0.066811,0.36733,0.47774,0.29656,0.40542,0.27533,-0.094948
0.38739,0.41329,0.29487,0.46029,0.5796,0.46975,0.43308,0.46846,0.25906,0.31839,0.32048,0.50762,0.15119,0.53345,0.34984,0.57892,0.53465,0.49797,0.42507,0.50034,0.38958,0.58136,0.57053,0.5951,0.64862,0.60246,0.40955,0.36667,0.63295,0.6763,0.81575,1,0.65561,0.71292,0.31127,0.4099,0.23328,0.13472,0.097503,-0.045973,0.29531,0.27507,0.22918,0.22629,0.33977,0.49026,0.31298,0.39566,0.23387,0.37627,0.30368,0.25456,0.60058,0.52284,0.48509,0.45562,0.52263,0.42181,0.4437,0.50242,0.37883,0.54256,0.53892,0.58235,0.188,0.56619,0.56409,0.60181,0.4968,0.55644,0.15466,0.321,0.35419,0.34423,0.18017,0.16513,0.44979,0.56058,0.43819,0.52605,0.4878,0.48387,0.22839,0.57369,0.20788,0.41715,0.035044,0.23133,0.36942,0.46042,0.49295,0.57086,0.48258,0.49532,-0.1766,-0.17269,0.24813,0.053928,0.52539,0.55553,0.259,0.3599,0.39336,0.44042,0.43507,0.29923,0.25644,0.28134,-0.14369,-0.073486,0.13176,0.42513,0.37925,0.36021,0.21391,-0.1944
0.68882,0.65947,0.37343,0.49085,0.56288,0.41314,0.60012,0.60007,0.31363,0.42966,0.55162,0.68101,0.35138,0.46124,0.44811,0.61193,0.76888,0.74221,0.62226,0.76863,0.28662,0.51241,0.45569,0.47732,0.41345,0.45688,0.38422,0.3237,0.76649,0.77426,0.59062,0.65561,1,0.89745,0.35247,0.52734,0.36388,0.26189,0.23225,0.12802,0.55454,0.52885,0.42961,0.42834,0.53349,0.67623,0.52118,0.61741,0.5483,0.63691,0.49815,0.50055,0.64168,0.57803,0.6078,0.63274,0.73027,0.55755,0.72229,0.64809,0.67146,0.64683,0.74368,0.76219,0.25816,0.57197,0.74851,0.77012,0.68659,0.66431,0.16299,0.2663,0.66568,0.66682,0.47731,0.50084,0.69292,0.72944,0.59754,0.72376,0.69,0.711,0.32427,0.72698,0.34047,0.5259,0.10101,0.38106,0.57266,0.61097,0.64713,0.70083,0.60522,0.57145,-0.10058,-0.084868,0.46927,0.32422,0.77108,0.79927,0.58462,0.49477,0.67233,0.71401,0.45209,0.40829,0.44593,0.49436,-0.031661,0.012877,0.2401,0.62023,0.59245,0.45708,0.31019,-0.08209
0.63161,0.63911,0.34307,0.59242,0.61928,0.57876,0.55798,0.6459,0.29919,0.47933,0.48968,0.65464,0.29368,0.4927,0.38726,0.64295,0.78937,0.73168,0.62584,0.81972,0.38858,0.5986,0.43263,0.53294,0.46138,0.61129,0.38104,0.36116,0.79034,0.81083,0.60853,0.71292,0.89745,1,0.34973,0.5159,0.43235,0.36059,0.30865,0.23659,0.58092,0.59579,0.47277,0.45609,0.58831,0.72533,0.54914,0.63386,0.57117,0.67319,0.54456,0.54352,0.65865,0.57725,0.61402,0.63469,0.71533,0.53025,0.70683,0.73024,0.62633,0.69429,0.7617,0.7881,0.21109,0.63117,0.78116,0.8511,0.72898,0.71942,0.2117,0.30605,0.67244,0.67987,0.48286,0.51751,0.72225,0.79706,0.65659,0.72588,0.75811,0.75121,0.45104,0.79156,0.34543,0.56998,0.10521,0.41344,0.51592,0.65506,0.65711,0.71936,0.68428,0.57834,-0.0053809,-0.00085248,0.5192,0.35407,0.77972,0.79659,0.61961,0.47785,0.64584,0.66425,0.44271,0.30348,0.27926,0.41327,0.051858,0.13794,0.31734,0.66645,0.62917,0.47715,0.23607,-0.19431
0.26807,0.28945,0.77451,0.55563,0.22877,0.27259,0.54409,0.14326,0.3893,0.097386,0.20637,0.21659,0.25588,0.18441,0.30884,0.37418,0.36565,0.24193,0.44809,0.20251,0.32762,0.45272,0.63808,0.34783,0.6,0.50217,0.50633,0.55509,0.32955,0.24469,0.50809,0.31127,0.35247,0.34973,1,0.66332,0.61119,0.55573,0.51709,0.49742,0.48996,0.47079,0.6034,0.51225,0.47071,0.33982,0.48068,0.50615,0.36938,0.48585,0.66107,0.63425,0.33624,0.38809,0.41707,0.38302,0.34451,0.32676,0.33352,0.25091,0.36416,-0.025307,0.056421,-0.013252,0.71665,0.39621,0.55185,0.36123,0.37781,0.19561,0.44593,0.36388,0.53329,0.4427,0.55313,0.39834,0.58852,0.47991,0.46342,0.3162,0.50298,0.55477,0.52117,0.46827,0.67765,0.68069,0.19347,0.46141,0.34414,0.29623,0.20508,0.39374,0.2959,0.53369,0.24552,0.20204,0.64895,0.46479,0.37938,0.3836,0.27204,0.56048,0.17327,0.40868,0.16136,0.32147,-0.10255,0.090132,0.35281,0.47493,0.61447,0.39878,0.22566,0.50882,0.16966,0.0033591
0.30588,0.31921,0.57662,0.63018,0.28118,0.30314,0.51402,0.34583,0.25738,0.21462,0.18426,0.29519,0.1784,0.2382,0.27464,0.47639,0.4396,0.28659,0.42613,0.37881,0.26635,0.42252,0.55892,0.43728,0.53051,0.51402,0.47437,0.49214,0.44904,0.39289,0.52155,0.4099,0.52734,0.5159,0.66332,1,0.54533,0.53578,0.46105,0.40672,0.46508,0.50158,0.57596,0.4719,0.48235,0.42057,0.51407,0.50303,0.33896,0.44655,0.54695,0.56843,0.39099,0.31136,0.39032,0.36184,0.3448,0.22672,0.379,0.38135,0.37814,0.22106,0.26256,0.22212,0.45126,0.56147,0.58465,0.60491,0.42975,0.36884,0.27107,0.25539,0.45254,0.43819,0.41958,0.3953,0.58452,0.60463,0.42756,0.40278,0.51789,0.51331,0.46357,0.54811,0.46865,0.59492,0.11667,0.47133,0.29741,0.42736,0.35194,0.52433,0.4255,0.47756,0.073449,0.019299,0.54603,0.36518,0.46164,0.44062,0.29345,0.43571,0.27504,0.40201,0.3701,0.3517,0.077387,0.15662,0.19692,0.26807,0.51077,0.42565,0.27458,0.47808,0.28486,0.05503
0.26731,0.26008,0.5454,0.59933,0.30534,0.33978,0.44952,0.26462,0.32246,0.16929,0.22344,0.18327,0.24411,0.096568,0.3219,0.45246,0.35056,0.14412,0.49314,0.3999,0.29681,0.46178,0.58201,0.43585,0.35251,0.45405,0.42384,0.43257,0.42674,0.29627,0.41209,0.23328,0.36388,0.43235,0.61119,0.54533,1,0.7995,0.84558,0.75777,0.69296,0.74104,0.59222,0.53266,0.48078,0.3857,0.55784,0.61125,0.38734,0.43947,0.51958,0.57255,0.29921,0.33271,0.4954,0.5191,0.27204,0.15987,0.25196,0.30686,0.32395,0.061875,0.18656,0.13483,0.41699,0.2469,0.49045,0.44208,0.36,0.31126,0.34009,0.25963,0.57397,0.55316,0.61366,0.57278,0.6551,0.60611,0.46298,0.31752,0.57509,0.55509,0.68902,0.54228,0.58168,0.61841,0.40566,0.51558,0.32753,0.44628,0.32449,0.43978,0.32299,0.36717,0.43328,0.38006,0.70802,0.59495,0.43806,0.41477,0.30216,0.30241,0.17351,0.30126,0.19022,0.16687,-0.24759,-0.076387,0.48611,0.63523,0.6389,0.45034,0.25681,0.44284,0.20674,0.056286
0.057015,0.11762,0.40844,0.56944,0.20504,0.29385,0.30199,0.14815,0.18151,0.11962,-0.017695,0.10796,0.058696,0.032281,0.21419,0.4814,0.26834,0.08075,0.3513,0.39599,0.37644,0.39824,0.43368,0.34819,0.22252,0.45301,0.35131,0.41154,0.33322,0.23261,0.29792,0.13472,0.26189,0.36059,0.55573,0.53578,0.7995,1,0.70049,0.92333,0.75713,0.79071,0.61957,0.61983,0.47466,0.32093,0.50816,0.58268,0.41951,0.38787,0.48785,0.56892,0.14117,0.1686,0.26912,0.36005,0.1013,-0.014272,0.16605,0.27663,0.1592,-0.037105,0.12036,0.085536,0.30427,0.16935,0.39269,0.36616,0.23806,0.095728,0.34811,0.20855,0.60179,0.55161,0.62169,0.62575,0.61281,0.54464,0.45002,0.1999,0.58712,0.55026,0.88792,0.60665,0.50668,0.65166,0.21985,0.52595,0.13343,0.34291,0.18988,0.26557,0.25721,0.24471,0.53126,0.42792,0.7493,0.65783,0.34042,0.2703,0.30173,0.25591,0.16229,0.1998,0.05074,-0.086514,-0.42358,-0.17113,0.69775,0.80304,0.75159,0.42268,0.31447,0.38666,0.12857,-0.024469
0.26542,0.26189,0.57009,0.60487,0.21679,0.20118,0.46633,0.28472,0.34454,0.16372,0.19016,0.18769,0.25675,0.10314,0.21055,0.32487,0.23302,0.11623,0.35848,0.29942,0.14582,0.30988,0.48186,0.35418,0.23155,0.29278,0.35459,0.3531,0.23932,0.17164,0.22971,0.097503,0.23225,0.30865,0.51709,0.46105,0.84558,0.70049,1,0.75545,0.57927,0.63166,0.55714,0.45969,0.32757,0.25437,0.57597,0.55753,0.30219,0.34552,0.49558,0.56982,0.17605,0.26496,0.49685,0.51351,0.17005,0.10231,0.14428,0.19174,0.33496,0.060329,0.032156,0.015893,0.37828,0.26975,0.31835,0.31113,0.26563,0.24027,0.27964,0.1672,0.50428,0.49684,0.57643,0.56633,0.48871,0.43403,0.24282,0.17638,0.45854,0.45838,0.62463,0.40584,0.54424,0.52613,0.53219,0.48981,0.31033,0.45005,0.29496,0.34615,0.28051,0.28433,0.60816,0.60235,0.68539,0.64613,0.39705,0.3351,0.27018,0.25645,0.12626,0.21943,0.19419,0.19494,-0.17272,-0.058242,0.56563,0.62255,0.55229,0.34336,0.19468,0.41626,0.24703,0.073232
0.0045907,0.065219,0.3623,0.47323,0.14638,0.22314,0.18234,0.030239,0.15763,0.058084,-0.10915,-0.034387,-0.028508,-0.13778,0.11553,0.31284,0.14036,-0.0042816,0.21056,0.26794,0.34741,0.32995,0.3148,0.2238,0.14299,0.40562,0.29498,0.38952,0.14773,0.078519,0.13042,-0.045973,0.12802,0.23659,0.49742,0.40672,0.75777,0.92333,0.75545,1,0.67902,0.70324,0.60204,0.58231,0.41309,0.24742,0.5176,0.55253,0.35175,0.31346,0.44167,0.52753,0.076306,0.12599,0.237,0.33669,0.0209,-0.070218,0.058615,0.18417,0.042606,-0.16979,-0.02055,-0.039121,0.22225,0.008204,0.25061,0.22399,0.13097,-0.010626,0.39786,0.18203,0.56214,0.50407,0.61287,0.59037,0.48615,0.38976,0.32512,0.054624,0.516,0.48,0.86997,0.46165,0.49637,0.54751,0.29728,0.46358,0.11074,0.26602,0.085606,0.13446,0.15177,0.11361,0.71565,0.63362,0.73014,0.73,0.28594,0.20769,0.24636,0.13554,0.050486,0.051073,-0.05391,-0.12087,-0.51249,-0.24016,0.77927,0.85416,0.67801,0.36776,0.28494,0.38569,0.097846,0.0044824
0.36614,0.45549,0.47311,0.57433,0.36165,0.41007,0.48665,0.32197,0.34079,0.30788,0.28879,0.37983,0.27288,0.20444,0.40133,0.5673,0.55266,0.42206,0.5292,0.59815,0.31624,0.44174,0.52642,0.48512,0.2796,0.46963,0.40222,0.36983,0.52549,0.45758,0.39794,0.29531,0.55454,0.58092,0.48996,0.46508,0.69296,0.75713,0.57927,0.67902,1,0.85831,0.63382,0.69342,0.49392,0.52494,0.59361,0.75007,0.51316,0.55447,0.55453,0.6276,0.39659,0.42726,0.53756,0.56333,0.4182,0.31838,0.36382,0.40487,0.36429,0.19772,0.40913,0.37087,0.33895,0.24685,0.50832,0.49968,0.45557,0.28048,0.21008,0.16769,0.80593,0.79773,0.77112,0.75929,0.67343,0.63537,0.63882,0.46562,0.74036,0.72888,0.72934,0.68591,0.58412,0.69644,0.19329,0.4967,0.40956,0.52324,0.45556,0.53732,0.44761,0.43749,0.36841,0.32206,0.7647,0.63163,0.61887,0.60739,0.42347,0.40933,0.39733,0.4295,0.29298,0.093975,-0.09917,0.068334,0.49866,0.60761,0.6612,0.62169,0.51789,0.49997,0.31559,-0.16097
0.34937,0.4,0.46642,0.61372,0.43577,0.43467,0.47216,0.33366,0.38333,0.31719,0.26532,0.39374,0.25249,0.26031,0.42082,0.60614,0.57775,0.42312,0.53273,0.6376,0.37797,0.4873,0.50404,0.49101,0.29918,0.48459,0.46022,0.43468,0.56775,0.49438,0.41914,0.27507,0.52885,0.59579,0.47079,0.50158,0.74104,0.79071,0.63166,0.70324,0.85831,1,0.60301,0.61588,0.49641,0.49038,0.59947,0.71953,0.57956,0.58036,0.5727,0.65609,0.41701,0.38911,0.51116,0.56585,0.39678,0.22593,0.37142,0.43034,0.39151,0.24249,0.42027,0.37982,0.35394,0.34762,0.50595,0.50093,0.51037,0.30264,0.27065,0.21716,0.81995,0.81551,0.77673,0.74979,0.71203,0.67398,0.66658,0.51927,0.77456,0.76034,0.757,0.71613,0.53713,0.74362,0.2543,0.59151,0.4025,0.55283,0.43038,0.51425,0.44569,0.4556,0.39325,0.3344,0.75951,0.64237,0.5903,0.56426,0.46629,0.44832,0.39146,0.46941,0.27841,0.054714,-0.16739,0.036506,0.50372,0.60759,0.70331,0.57544,0.4587,0.50303,0.18562,-0.18461
0.41438,0.4976,0.61143,0.67277,0.37776,0.43697,0.5151,0.32004,0.36269,0.34155,0.088548,0.24146,0.14233,0.12553,0.23215,0.41436,0.37011,0.26889,0.41214,0.42338,0.39604,0.50713,0.37555,0.24536,0.4304,0.60085,0.37517,0.49241,0.331,0.28225,0.352,0.22918,0.42961,0.47277,0.6034,0.57596,0.59222,0.61957,0.55714,0.60204,0.63382,0.60301,1,0.86705,0.75444,0.64776,0.8738,0.7877,0.57367,0.53015,0.71312,0.70427,0.45032,0.36292,0.551,0.54331,0.39087,0.32869,0.4122,0.51484,0.28239,0.11957,0.1251,0.13451,0.28749,0.30184,0.6159,0.55414,0.48836,0.32142,0.43679,0.40308,0.58101,0.52822,0.54832,0.55991,0.64309,0.56062,0.46155,0.35802,0.60569,0.58413,0.6348,0.5573,0.51522,0.52413,-0.046737,0.31457,0.30163,0.47294,0.37269,0.49991,0.40673,0.49998,0.4173,0.38536,0.81777,0.63289,0.62061,0.57148,0.30655,0.49628,0.14451,0.31505,0.31498,0.29489,-0.071404,0.12351,0.49141,0.59094,0.57978,0.58097,0.49398,0.52105,0.33214,-0.056056
