1,0.54976,0.19696,0.36613,0.52843,0.53481,0.36202,0.32273,0.36355,0.34872,0.66545,0.40766,0.45145,0.38408,0.3895,0.28216,0.46918,0.42962,0.64049,0.60282,0.24597,0.38465,0.11082,0.038168,-0.1319,0.056496,-0.018683,0.074614,0.45089,0.30743,-0.004405,0.035897,0.58965,0.49613,-0.034913,0.042973,0.012652,0.059856,0.12867,-0.033313,0.4773,0.33525,0.37489,0.35793,0.4066,0.56256,0.55648,0.34405,0.6714,0.37464,0.26677,0.35153,0.55083,0.36497,0.44516,0.31066,0.75698,0.58736,0.71894,0.6254,0.61726,0.36897,0.61572,0.43398,0.10432,0.20548,0.59584,0.47383,0.70004,0.49969,0.3903,0.4189,0.46268,0.38407,0.58248,0.42808,0.39311,0.38326,0.64125,0.28397,0.58628,0.34628,0.34845,0.29057,0.31773,0.18738,0.34287,-0.086894,0.38798,0.2865,0.47909,0.43069,0.38136,0.42681,0.27746,-0.03342,0.35031,0.54351,0.65329,0.68019,0.42589,0.50773,0.59142,0.71662,0.40156,0.22516,0.33863,0.44285,0.30156,0.41703,0.25888,0.49236,0.55894,0.40609,0.24314,0.013812
0.54976,1,0.1322,0.41088,0.3299,0.51455,0.20399,0.48124,0.3033,0.38617,0.3177,0.48201,0.26994,0.58963,0.17295,0.4905,0.57242,0.61665,0.27455,0.69547,0.34606,0.47132,0.049786,0.10197,-0.01917,0.25016,0.089826,0.11664,0.48736,0.4909,0.16898,0.20272,0.43402,0.58453,-0.0082884,0.086793,0.3227,0.31846,0.30197,0.19391,0.58682,0.53322,0.21493,0.26538,0.23901,0.49257,0.54666,0.40628,0.54618,0.51747,0.32002,0.48524,0.56506,0.46678,0.61633,0.3866,0.7362,0.88947,0.28378,0.35507,0.30777,0.4944,0.46232,0.50568,-0.019971,0.16701,0.28404,0.38439,0.46756,0.4734,0.23975,0.36816,0.43765,0.44178,0.50066,0.4783,0.35269,0.49388,0.58409,0.16592,0.66316,0.61538,0.38487,0.38727,0.29962,0.41821,0.3123,0.062653,0.2485,0.28913,0.4139,0.14576,0.5173,0.25762,0.33349,0.13068,0.31432,0.3755,0.72168,0.46297,0.43779,0.27054,0.54359,0.42121,0.48076,0.28991,0.13155,0.12385,0.21584,0.28625,0.167,0.40215,0.51293,0.26779,0.18183,0.090056
0.19696,0.1322,1,0.70621,0.61788,0.31575,0.85343,0.51963,0.62816,0.37589,0.093312,-0.10811,0.25581,-0.05189,0.47646,0.10324,-0.031173,-0.078363,0.32185,0.01602,0.28264,0.29969,0.80408,0.60693,0.73314,0.64814,0.73931,0.70775,-0.10429,-0.22878,0.53098,0.64312,0.35175,0.26634,0.77495,0.57424,0.35903,0.26213,0.39078,0.2563,0.14571,0.14739,0.5613,0.41382,0.58603,0.35196,0.43963,0.31791,0.25834,0.37074,0.77625,0.42685,0.35299,0.34661,0.41496,0.3148,0.1483,0.15549,0.055571,-0.059998,0.39209,0.18993,-0.11177,-0.22735,0.78907,0.62828,0.52023,0.2053,0.32096,0.45284,0.40653,0.37099,0.20047,0.073823,0.092711,0.048983,0.31864,0.20938,0.19366,0.13727,0.13629,0.17512,0.27622,0.042534,0.63742,0.42578,0.33729,0.36833,0.65962,0.65252,0.5628,0.68746,0.54664,0.76942,0.44205,0.26191,0.26263,0.19992,0.36976,0.29654,0.28729,0.69975,0.0266,0.167,0.35351,0.71423,0.21032,0.10051,0.2784,0.30488,0.054382,0.13864,0.22845,0.19539,0.3731,0.12132
0.36613,0.41088,0.70621,1,0.55116,0.58763,0.62848,0.82227,0.56398,0.61653,0.12398,0.1801,0.17321,0.24775,0.39756,0.42588,0.14496,0.071877,0.37758,0.35295,0.30483,0.44367,0.59652,0.63154,0.42887,0.57532,0.42605,0.50774,0.066336,0.053284,0.44044,0.67657,0.46135,0.5652,0.48929,0.51574,0.23291,0.26193,0.35344,0.24889,0.26446,0.27541,0.44651,0.36445,0.46055,0.49296,0.46573,0.37224,0.38557,0.44683,0.5739,0.50523,0.48346,0.30882,0.4501,0.35584,0.36723,0.31681,0.24837,0.25882,0.44947,0.55573,0.18366,0.16903,0.57731,0.70445,0.51649,0.49205,0.49919,0.50076,0.38604,0.47032,0.32192,0.25121,0.24491,0.29861,0.34559,0.41534,0.42536,0.18974,0.41839,0.4239,0.32518,0.28411,0.53695,0.60475,0.32351,0.29853,0.63437,0.66499,0.65737,0.44188,0.77357,0.59135,0.46087,0.20388,0.27502,0.33604,0.56109,0.30158,0.60284,0.54688,0.30226,0.28309,0.48757,0.55256,0.35765,0.15491,0.32866,0.44698,0.15738,0.33075,0.41789,0.31162,0.31663,0.20371
0.52843,0.3299,0.61788,0.55116,1,0.68357,0.65888,0.5274,0.75084,0.60414,0.34418,0.19346,0.46384,0.21202,0.49597,0.31692,0.31416,0.17133,0.49877,0.36659,0.40119,0.44734,0.42686,0.27671,0.36578,0.52153,0.43055,0.49674,0.2351,0.13718,0.21629,0.26441,0.52414,0.4593,0.2781,0.18787,0.15469,0.17314,0.12765,0.15397,0.2858,0.2556,0.41863,0.41645,0.37653,0.51644,0.53431,0.40228,0.53727,0.44561,0.53335,0.39472,0.51795,0.4843,0.49862,0.42455,0.34324,0.38385,0.54836,0.41234,0.64697,0.39539,0.42236,0.28526,0.38546,0.36742,0.58413,0.34017,0.66876,0.59842,0.4026,0.39079,0.28387,0.1745,0.32437,0.1431,0.34848,0.27688,0.44042,0.087576,0.4066,0.19201,0.43809,0.29759,0.41096,0.28426,0.33946,0.1819,0.49491,0.56764,0.62811,0.6565,0.4485,0.62219,0.36824,0.11024,0.20283,0.3868,0.53349,0.53653,0.35415,0.68752,0.32104,0.50858,0.39965,0.46691,0.16131,0.33625,0.21889,0.35449,0.067683,0.3295,0.42275,0.21025,0.34424,0.12442
0.53481,0.51455,0.31575,0.58763,0.68357,1,0.37117,0.59899,0.56591,0.7351,0.46533,0.38314,0.49653,0.51718,0.41688,0.49738,0.54507,0.34664,0.41225,0.54757,0.37779,0.46599,0.23804,0.2619,0.09369,0.45303,0.19378,0.30408,0.37296,0.2942,0.13311,0.23472,0.52144,0.57001,0.079917,0.16844,-0.082178,-0.031955,0.078993,-0.067816,0.33397,0.12593,0.26845,0.29398,0.28365,0.52273,0.52379,0.39479,0.59539,0.51956,0.38088,0.44724,0.50228,0.38066,0.44531,0.30914,0.48401,0.4787,0.57634,0.53881,0.59828,0.58441,0.66821,0.58423,0.19063,0.35692,0.49471,0.49115,0.62381,0.51233,0.17475,0.2753,0.1754,0.16976,0.28191,0.23416,0.27749,0.37416,0.56377,0.30152,0.62675,0.44987,0.33578,0.35595,0.30088,0.39321,0.24441,0.00057518,0.26341,0.38658,0.61411,0.33848,0.57366,0.44489,0.2628,-0.072781,0.33832,0.43633,0.68608,0.53061,0.4904,0.4818,0.56585,0.58877,0.56077,0.22706,0.232,0.38748,0.22197,0.41171,0.35367,0.52674,0.50777,0.35804,0.37281,0.040363
0.36202,0.20399,0.85343,0.62848,0.65888,0.37117,1,0.60887,0.80279,0.54209,0.27502,0.029535,0.55329,0.1509,0.62724,0.27587,0.026768,0.011559,0.43512,0.070024,0.2388,0.27955,0.75188,0.5339,0.48741,0.38263,0.51824,0.4633,0.024514,-0.11501,0.31533,0.45011,0.35022,0.2541,0.62014,0.45253,0.36053,0.21179,0.37669,0.18193,0.27254,0.18056,0.38224,0.31362,0.51497,0.39295,0.36475,0.22221,0.31255,0.40031,0.6984,0.33984,0.39042,0.33463,0.41822,0.30936,0.21034,0.1983,0.07834,-0.054454,0.52082,0.33219,-0.019649,-0.12473,0.85531,0.67407,0.40814,0.10863,0.30912,0.41129,0.41642,0.35097,0.2589,0.15814,0.19623,0.12344,0.30851,0.16343,0.21022,0.085342,0.17067,0.17905,0.35497,0.11893,0.70934,0.44411,0.35933,0.28561,0.65426,0.69229,0.64472,0.77346,0.58483,0.82375,0.42301,0.20291,0.19504,0.11897,0.37769,0.30167,0.27253,0.69005,-0.013278,0.17523,0.39178,0.6315,0.19381,0.034977,0.34098,0.33216,-0.038644,0.13477,0.22409,0.11956,0.28024,0.048943
0.32273,0.48124,0.51963,0.82227,0.5274,0.59899,0.60887,1,0.62798,0.78719,0.19781,0.4226,0.34827,0.51259,0.29812,0.5569,0.22712,0.21944,0.24806,0.37818,0.17134,0.30105,0.39956,0.47179,0.19964,0.4289,0.17487,0.21063,0.16884,0.26713,0.32474,0.53385,0.39371,0.60019,0.27961,0.33127,0.19578,0.19601,0.28448,0.13949,0.32619,0.28015,0.22913,0.19082,0.20944,0.42341,0.36657,0.23344,0.34119,0.45977,0.43121,0.38327,0.51899,0.27538,0.43635,0.2558,0.35724,0.39022,0.21553,0.24653,0.5605,0.80305,0.26193,0.40437,0.4285,0.66376,0.28963,0.3523,0.30427,0.33726,0.22335,0.32126,0.19149,0.20241,0.17706,0.28526,0.25457,0.37327,0.43846,0.022487,0.40724,0.4269,0.29669,0.3146,0.42469,0.52875,0.2042,0.15204,0.47096,0.59389,0.67666,0.32356,0.78094,0.43959,0.53962,0.20835,0.22789,0.25153,0.55291,0.25572,0.61153,0.50336,0.27229,0.22716,0.42531,0.35725,0.37718,0.1191,0.33708,0.43654,0.061473,0.35243,0.36861,0.15478,0.20256,0.10971
0.36355,0.3033,0.62816,0.56398,0.75084,0.56591,0.80279,0.62798,1,0.76022,0.35277,0.27072,0.6874,0.30284,0.57223,0.38512,0.19448,0.15993,0.36139,0.18087,0.28447,0.31679,0.454,0.27212,0.28464,0.32378,0.34008,0.34622,0.17007,0.10274,0.052371,0.23596,0.31531,0.28952,0.32268,0.24608,0.22149,0.1828,0.19081,0.15478,0.22728,0.19253,0.2856,0.32379,0.29739,0.39077,0.37921,0.30242,0.41133,0.42016,0.5975,0.30663,0.36929,0.28734,0.37687,0.26907,0.22108,0.24883,0.224,0.11076,0.66453,0.53161,0.2061,0.16498,0.6702,0.57987,0.28993,0.10122,0.46437,0.45117,0.32139,0.29982,0.26699,0.20201,0.23249,0.20546,0.33524,0.19689,0.2744,0.084091,0.32348,0.24915,0.3764,0.31879,0.54475,0.38079,0.22407,0.19275,0.47533,0.64495,0.68404,0.6541,0.56597,0.69,0.37424,0.11067,0.13695,0.074731,0.38156,0.33811,0.25993,0.67675,0.11063,0.24672,0.38473,0.45798,0.17956,0.077683,0.24506,0.2936,-0.054597,0.20253,0.26401,0.11461,0.19741,0.035821
0.34872,0.38617,0.37589,0.61653,0.60414,0.7351,0.54209,0.78719,0.76022,1,0.33812,0.44762,0.54759,0.55322,0.41211,0.57933,0.33139,0.2803,0.2646,0.32049,0.17912,0.28117,0.30128,0.32437,0.10134,0.37172,0.15246,0.23233,0.20241,0.29303,0.015264,0.27139,0.32039,0.4714,0.16701,0.24423,0.076453,0.12306,0.17602,0.073819,0.19638,0.17116,0.17708,0.24822,0.14001,0.4403,0.38661,0.28382,0.41103,0.49503,0.39752,0.36619,0.42077,0.32343,0.38923,0.28762,0.25598,0.31382,0.34788,0.31191,0.62417,0.75379,0.39968,0.44364,0.39116,0.59724,0.18901,0.23742,0.39902,0.32988,0.16127,0.25754,0.10254,0.096942,0.23662,0.19214,0.24256,0.28528,0.39146,0.072141,0.45324,0.38221,0.30949,0.37131,0.35582,0.43648,0.1298,0.10645,0.37129,0.58955,0.70223,0.41201,0.64332,0.44872,0.35087,0.031353,0.19003,0.22881,0.4608,0.33186,0.37384,0.47255,0.24712,0.28952,0.41541,0.23838,0.23651,0.11645,0.21959,0.35173,0.058886,0.30607,0.31344,0.1453,0.18897,0.087094
0.66545,0.3177,0.093312,0.12398,0.34418,0.46533,0.27502,0.19781,0.35277,0.33812,1,0.48333,0.75758,0.50401,0.47404,0.35051,0.4859,0.43005,0.48899,0.37101,0.17368,0.14026,0.11044,0.011084,-0.22378,0.0026158,-0.093464,-0.039204,0.5008,0.4228,-0.054153,-0.035112,0.46181,0.31102,-0.14795,-0.098469,-0.17085,-0.18582,0.081784,-0.19338,0.30487,0.05147,0.12558,0.21123,0.20787,0.35897,0.39961,0.27266,0.5479,0.39485,0.20438,0.33539,0.35228,0.28586,0.3099,0.24429,0.41364,0.34359,0.45589,0.33351,0.57335,0.28383,0.62723,0.43178,0.065068,0.075965,0.30039,0.21722,0.31836,0.20931,0.2354,0.20694,0.21211,0.20595,0.30031,0.21625,0.2949,0.23831,0.44716,0.34935,0.46254,0.33636,0.27301,0.25065,0.25216,0.15104,0.23868,-0.096693,0.14976,0.080212,0.32136,0.26274,0.18295,0.26757,0.18589,-0.21553,0.31897,0.21894,0.40669,0.48008,0.18502,0.35967,0.40215,0.47916,0.23093,0.037253,0.29339,0.2376,0.25554,0.19291,0.3545,0.35122,0.31169,0.15073,0.078961,-0.22201
0.40766,0.48201,-0.10811,0.1801,0.19346,0.38314,0.029535,0.4226,0.27072,0.44762,0.48333,1,0.43207,0.72001,-0.035508,0.36133,0.39413,0.5531,-0.030232,0.37934,0.1043,0.13053,-0.22178,-0.15778,-0.25733,0.061338,-0.20578,-0.14933,0.34962,0.5707,0.004648,0.11784,0.28076,0.48596,-0.28153,-0.15471,0.012959,0.031062,0.20387,-0.080074,0.47896,0.23794,-0.15446,-0.085753,-0.14859,0.2301,0.19293,0.11829,0.38301,0.40579,-0.018532,0.30927,0.29612,0.15956,0.26466,0.18811,0.36752,0.42634,0.31635,0.42458,0.51158,0.72586,0.50575,0.63443,-0.15705,0.19375,0.10365,0.29455,0.24761,0.22772,0.10292,0.17259,0.17147,0.24419,0.13049,0.2597,0.20109,0.39082,0.46174,0.152,0.3678,0.36764,-0.042613,0.24232,-0.11896,0.10332,-0.1326,-0.1261,0.13647,0.17595,0.28242,-0.020703,0.2959,0.058989,0.15997,-0.15974,0.21155,0.23421,0.3528,0.30461,0.40404,0.23338,0.41877,0.30991,0.29341,-0.074305,0.32155,0.12245,0.2144,0.14575,0.10409,0.25703,0.36971,0.037099,0.00096623,-0.1614
0.45145,0.26994,0.25581,0.17321,0.46384,0.49653,0.55329,0.34827,0.6874,0.54759,0.75758,0.43207,1,0.50528,0.5239,0.32838,0.28962,0.27226,0.28478,0.16869,0.14161,0.1517,0.19506,0.025885,-0.068774,0.031105,0.057915,0.049198,0.28778,0.21615,-0.17023,-0.072529,0.24608,0.12005,-0.034212,-0.061771,0.020822,-0.080331,0.15232,-0.09044,0.32268,0.019768,-0.013419,0.042653,0.12671,0.23784,0.22987,0.12226,0.43019,0.34464,0.31873,0.2469,0.26259,0.21942,0.28625,0.19052,0.27629,0.25721,0.24941,0.14539,0.63468,0.39984,0.39391,0.27125,0.34689,0.25387,0.1655,0.02421,0.21525,0.21172,0.22361,0.16871,0.15949,0.18006,0.20557,0.14226,0.2231,0.070162,0.23843,0.14588,0.26948,0.18435,0.24871,0.15944,0.34155,0.18763,0.17892,-0.072694,0.23305,0.31056,0.38521,0.40979,0.26697,0.42977,0.16532,-0.15595,0.10485,-0.0055524,0.28515,0.30517,0.11403,0.42294,0.15036,0.26363,0.27061,0.15162,0.14419,0.041664,0.19459,0.1081,0.041048,0.13786,0.16336,-0.014621,0.027861,-0.14516
0.38408,0.58963,-0.05189,0.24775,0.21202,0.51718,0.1509,0.51259,0.30284,0.55322,0.50401,0.72001,0.50528,1,0.31011,0.74366,0.49021,0.56592,0.20725,0.57705,0.15454,0.2233,0.027355,0.18823,-0.22832,0.11145,-0.11329,-0.079305,0.53501,0.61705,0.050677,0.11408,0.37948,0.53212,-0.11638,0.010755,0.043865,0.037079,0.19208,0.043372,0.46683,0.31033,-0.094416,-0.017545,-0.022993,0.35716,0.28699,0.25105,0.41744,0.47679,0.099491,0.34005,0.34682,0.24657,0.40818,0.21068,0.41107,0.50438,0.26327,0.37123,0.37826,0.58828,0.52916,0.61335,-0.087779,0.13323,0.14451,0.33789,0.1591,0.18218,0.1209,0.21998,0.21437,0.29084,0.26944,0.36245,0.1216,0.29617,0.49142,0.15237,0.54828,0.53749,0.37577,0.40989,0.23568,0.44849,0.20211,0.03328,0.080568,0.21443,0.36655,0.010099,0.40043,0.10362,0.2881,-0.0059316,0.27633,0.19803,0.42783,0.23143,0.34295,0.15093,0.36583,0.2607,0.26961,-0.0067086,0.22183,0.064533,0.24028,0.19864,0.1689,0.1868,0.24199,-0.066366,-0.12484,-0.10739
0.3895,0.17295,0.47646,0.39756,0.49597,0.41688,0.62724,0.29812,0.57223,0.41211,0.47404,-0.035508,0.5239,0.31011,1,0.59838,0.14983,0.048655,0.70677,0.238,0.35021,0.32311,0.69043,0.54488,0.21555,0.18249,0.38419,0.34461,0.3627,0.12924,0.13123,0.196,0.44915,0.23332,0.43828,0.35413,0.10397,0.26006,0.24623,0.32508,0.12524,0.3397,0.37432,0.50675,0.51972,0.49266,0.39834,0.47537,0.39035,0.38543,0.50675,0.35321,0.24532,0.33784,0.34101,0.39192,0.061671,0.1394,0.15321,0.10898,0.27185,0.062672,0.21558,-0.014739,0.55062,0.3029,0.35896,0.19099,0.29817,0.33293,0.4323,0.4097,0.36327,0.2652,0.42472,0.36546,0.40237,0.23163,0.21848,0.23279,0.33337,0.30009,0.73541,0.44522,0.772,0.57568,0.57579,0.36644,0.41876,0.43918,0.54738,0.56745,0.41982,0.5741,0.25572,0.16983,0.2664,0.094942,0.26391,0.20763,0.19252,0.35874,0.098317,0.1902,0.17574,0.46565,0.15915,0.048636,0.39984,0.30445,0.18412,-0.0037094,0.081418,-0.00037715,0.052153,-0.020651
0.28216,0.4905,0.10324,0.42588,0.31692,0.49738,0.27587,0.5569,0.38512,0.57933,0.35051,0.36133,0.32838,0.74366,0.59838,1,0.4324,0.37848,0.43294,0.57697,0.28556,0.31123,0.30948,0.45329,-0.067937,0.17324,0.059364,0.071393,0.60428,0.60403,0.13119,0.24095,0.42586,0.53754,0.094774,0.16779,0.040873,0.21202,0.13707,0.26519,0.23799,0.4305,0.069643,0.25596,0.16683,0.45292,0.36221,0.4399,0.37035,0.47081,0.23342,0.32059,0.33401,0.3585,0.45646,0.3786,0.24081,0.36891,0.14883,0.20339,0.22241,0.43612,0.4091,0.4701,0.096502,0.1861,0.12243,0.26687,0.19575,0.15888,0.18248,0.28747,0.27625,0.29307,0.37421,0.42352,0.21721,0.31027,0.40027,0.14287,0.59987,0.63583,0.68271,0.66699,0.48736,0.68237,0.37581,0.30446,0.14776,0.32867,0.53454,0.14918,0.52486,0.21064,0.372,0.17539,0.30996,0.19231,0.40765,0.17171,0.31321,0.1591,0.27718,0.19673,0.22725,0.18794,0.15448,-0.041397,0.40208,0.35081,0.24003,0.17601,0.14954,-0.076276,-0.12593,0.0010971
0.46918,0.57242,-0.031173,0.14496,0.31416,0.54507,0.026768,0.22712,0.19448,0.33139,0.4859,0.39413,0.28962,0.49021,0.14983,0.4324,1,0.79198,0.28138,0.71302,0.46686,0.46417,-0.12234,-0.12359,-0.13579,0.18922,-0.031315,0.019062,0.79702,0.74652,0.14621,0.061858,0.63047,0.65982,-0.12325,-0.017383,-0.16453,0.0093056,0.053319,-0.09792,0.40122,0.28472,0.20619,0.30096,0.23668,0.46999,0.53093,0.45968,0.59813,0.45299,0.21228,0.39875,0.42258,0.31122,0.45937,0.25833,0.56192,0.58908,0.51009,0.41699,0.31345,0.31112,0.71,0.71877,-0.22391,-0.04081,0.36063,0.45792,0.4438,0.25462,0.14211,0.25848,0.32795,0.37141,0.43202,0.36527,0.30755,0.43195,0.72673,0.49632,0.8154,0.70365,0.28248,0.56303,0.083742,0.26771,0.075476,-0.045581,-0.097858,-0.0081503,0.36897,0.013258,0.26259,0.12459,0.17607,-0.15154,0.56532,0.3734,0.6166,0.50775,0.30845,0.32152,0.72199,0.64628,0.4271,0.053999,0.17557,0.33999,0.23407,0.31307,0.57061,0.57829,0.50775,0.37936,0.22034,-0.085011
0.42962,0.61665,-0.078363,0.071877,0.17133,0.34664,0.011559,0.21944,0.15993,0.2803,0.43005,0.5531,0.27226,0.56592,0.048655,0.37848,0.79198,1,0.070335,0.56771,0.37478,0.34871,-0.12475,-0.077326,-0.14821,0.15436,-0.092436,-0.044581,0.67996,0.77754,0.16279,0.13069,0.52152,0.61831,-0.1533,-0.065962,0.0061233,0.062535,0.21142,-0.10752,0.53227,0.34375,0.083905,0.18545,0.13315,0.40229,0.47784,0.44147,0.51233,0.4773,0.15408,0.38815,0.462,0.35646,0.51657,0.30416,0.58155,0.65221,0.35895,0.3193,0.23335,0.35195,0.56104,0.62451,-0.21214,-0.016092,0.23587,0.3603,0.32371,0.22876,0.1628,0.2386,0.36727,0.45429,0.38187,0.42381,0.27497,0.41878,0.68454,0.51529,0.65761,0.68916,0.1579,0.46437,0.057801,0.26107,0.064369,0.022958,-0.025838,0.024584,0.28173,-0.083701,0.21462,0.066382,0.17841,-0.14259,0.55725,0.36097,0.55218,0.46502,0.26476,0.27233,0.58322,0.49471,0.40169,-0.012835,0.27161,0.31337,0.20736,0.22241,0.44165,0.50491,0.49612,0.2932,0.13226,-0.19499
0.64049,0.27455,0.32185,0.37758,0.49877,0.41225,0.43512,0.24806,0.36139,0.2646,0.48899,-0.030232,0.28478,0.20725,0.70677,0.43294,0.28138,0.070335,1,0.58187,0.24768,0.3301,0.41091,0.29891,-0.011883,0.02705,0.13139,0.15912,0.45847,0.17542,0.084262,0.059543,0.55349,0.34655,0.21126,0.18605,-0.04628,0.12877,-0.024305,0.17881,0.08441,0.24936,0.46398,0.5674,0.48104,0.51421,0.4387,0.35625,0.46143,0.24477,0.31264,0.18287,0.34309,0.25938,0.24226,0.24095,0.2862,0.23376,0.48944,0.37587,0.40377,0.063314,0.4364,0.19332,0.25597,0.13887,0.49701,0.33074,0.54941,0.40447,0.32185,0.31797,0.34593,0.18906,0.44522,0.3071,0.35732,0.29301,0.37827,0.11318,0.44262,0.1984,0.63193,0.4073,0.49314,0.27243,0.43084,0.032602,0.31948,0.23392,0.47529,0.52509,0.36485,0.42434,0.29327,0.15968,0.21161,0.22635,0.40917,0.37518,0.26037,0.32931,0.31608,0.40661,0.11752,0.27043,0.16277,0.19128,0.26996,0.37958,0.21786,0.21748,0.24374,0.18944,0.12889,0.043957
0.60282,0.69547,0.01602,0.35295,0.36659,0.54757,0.070024,0.37818,0.18087,0.32049,0.37101,0.37934,0.16869,0.57705,0.238,0.57697,0.71302,0.56771,0.58187,1,0.37019,0.50304,-0.013118,0.061598,-0.21504,0.10529,-0.015959,0.033525,0.72342,0.6475,0.10228,0.080519,0.61415,0.67092,-0.13008,-0.017673,-0.10737,0.088355,-0.044495,0.068139,0.36969,0.376,0.20689,0.29687,0.22291,0.4474,0.46901,0.35878,0.57581,0.30005,0.15664,0.25086,0.48684,0.25606,0.43617,0.21408,0.61604,0.59241,0.57917,0.54245,0.34842,0.33356,0.70118,0.69258,-0.2086,-0.081208,0.45986,0.54382,0.59754,0.39788,0.1729,0.30865,0.3875,0.38714,0.48015,0.44743,0.25004,0.44775,0.62859,0.20305,0.75242,0.5565,0.45093,0.59125,0.1678,0.3162,0.20233,-0.10673,0.068471,0.081672,0.39783,0.07382,0.3928,0.11367,0.31135,0.031776,0.35971,0.35155,0.65738,0.42744,0.4183,0.22531,0.66576,0.53189,0.26567,0.059423,0.1671,0.23004,0.18953,0.3914,0.36884,0.45327,0.46797,0.28077,0.052194,0.054519
0.24597,0.34606,0.28264,0.30483,0.40119,0.37779,0.2388,0.17134,0.28447,0.17912,0.17368,0.1043,0.14161,0.15454,0.35021,0.28556,0.46686,0.37478,0.24768,0.37019,1,0.81172,0.21508,0.11386,0.35459,0.35619,0.40983,0.35083,0.52056,0.34526,0.44601,0.39806,0.62843,0.55835,0.28877,0.29549,0.16702,0.30861,0.26593,0.19196,0.39373,0.44991,0.31926,0.44333,0.46502,0.44529,0.41372,0.48569,0.51358,0.44968,0.47436,0.45589,0.3774,0.26331,0.40266,0.34772,0.32046,0.35638,0.26223,0.28042,0.072669,0.10315,0.19779,0.14822,0.18854,0.23461,0.47146,0.48414,0.36428,0.43838,0.52461,0.6209,0.66088,0.64762,0.47544,0.47342,0.43922,0.42407,0.34173,0.45569,0.47153,0.51878,0.37211,0.47102,0.33186,0.46093,0.24698,0.23023,0.29795,0.2642,0.33316,0.19109,0.29272,0.35322,0.17239,0.088008,0.44658,0.14435,0.3693,0.20031,0.36577,0.40049,0.39981,0.3616,0.40787,0.39194,0.075374,0.12653,0.35004,0.22473,0.40343,0.2305,0.28861,0.1117,0.13143,-0.14225
0.38465,0.47132,0.29969,0.44367,0.44734,0.46599,0.27955,0.30105,0.31679,0.28117,0.14026,0.13053,0.1517,0.2233,0.32311,0.31123,0.46417,0.34871,0.3301,0.50304,0.81172,1,0.16739,0.10742,0.29779,0.37218,0.38429,0.38069,0.45872,0.30857,0.31435,0.32242,0.61656,0.6026,0.28551,0.35696,0.19401,0.36534,0.26329,0.28466,0.47157,0.50967,0.28162,0.34468,0.45279,0.46185,0.41976,0.48725,0.55612,0.40888,0.44636,0.45203,0.42768,0.3113,0.42391,0.41802,0.43204,0.39997,0.40754,0.45167,0.21711,0.24374,0.34066,0.26683,0.17253,0.26817,0.57899,0.59129,0.50986,0.52528,0.52939,0.6393,0.6497,0.63111,0.55085,0.54033,0.48477,0.50018,0.47971,0.38722,0.53368,0.5201,0.40559,0.5005,0.3454,0.48147,0.21768,0.14978,0.36229,0.40325,0.39294,0.27522,0.35043,0.37717,0.22629,0.17172,0.32807,0.32569,0.46428,0.30873,0.41292,0.45385,0.5219,0.48857,0.47476,0.42613,0.1041,0.20253,0.27547,0.27576,0.26167,0.26267,0.30994,0.26033,0.17239,0.054561
0.11082,0.049786,0.80408,0.59652,0.42686,0.23804,0.75188,0.39956,0.454,0.30128,0.11044,-0.22178,0.19506,0.027355,0.69043,0.30948,-0.12234,-0.12475,0.41091,-0.013118,0.21508,0.16739,1,0.87053,0.62568,0.53568,0.67014,0.60439,-0.083126,-0.20492,0.51822,0.6332,0.29822,0.19124,0.75791,0.59329,0.33578,0.23617,0.44159,0.23864,0.1323,0.13634,0.43331,0.36003,0.58167,0.34085,0.35214,0.29443,0.11039,0.3439,0.61146,0.34799,0.22297,0.34634,0.36025,0.36008,-0.03295,0.04186,-0.16031,-0.21069,0.10973,0.029912,-0.16997,-0.31011,0.78446,0.54768,0.36404,0.12502,0.12775,0.32769,0.4315,0.35368,0.16793,0.052454,0.11338,0.036147,0.24392,0.17934,0.053268,0.14098,0.050138,0.15706,0.38235,0.051465,0.76214,0.56108,0.49082,0.45448,0.59243,0.5422,0.49704,0.58963,0.5058,0.67868,0.24748,0.16473,0.22852,0.08942,0.24226,0.1245,0.17415,0.38095,-0.125,-0.046363,0.26461,0.59956,0.13033,-0.071752,0.32605,0.2313,0.052906,-0.045379,0.10809,0.064646,0.29601,-0.011621
0.038168,0.10197,0.60693,0.63154,0.27671,0.2619,0.5339,0.47179,0.27212,0.32437,0.011084,-0.15778,0.025885,0.18823,0.54488,0.45329,-0.12359,-0.077326,0.29891,0.061598,0.11386,0.10742,0.87053,1,0.50433,0.51947,0.48837,0.49287,-0.10269,-0.13788,0.50095,0.65262,0.23073,0.24645,0.62575,0.53904,0.25881,0.12923,0.38124,0.17929,0.11728,0.1018,0.32464,0.23308,0.41598,0.30862,0.30608,0.26632,0.044039,0.32049,0.43112,0.3036,0.25507,0.32952,0.34529,0.31406,0.0094192,0.079367,-0.16421,-0.13098,0.0045724,0.11966,-0.11985,-0.1755,0.59056,0.4911,0.26172,0.17686,0.038978,0.22193,0.31531,0.30398,0.099248,0.024347,0.038709,0.056191,0.052188,0.094739,0.07733,0.10454,0.086531,0.21294,0.35253,0.066705,0.67769,0.64691,0.46809,0.49128,0.50457,0.47899,0.43362,0.31679,0.50607,0.44433,0.24694,0.12727,0.2019,0.11868,0.24146,0.029218,0.16449,0.17213,-0.096887,-0.098504,0.24054,0.41725,0.17811,-0.061657,0.28247,0.18294,0.015971,-0.04763,0.07657,0.017362,0.23322,0.0044937
-0.1319,-0.01917,0.73314,0.42887,0.36578,0.09369,0.48741,0.19964,0.28464,0.10134,-0.22378,-0.25733,-0.068774,-0.22832,0.21555,-0.067937,-0.13579,-0.14821,-0.011883,-0.21504,0.35459,0.29779,0.62568,0.50433,1,0.80212,0.84437,0.81295,-0.24567,-0.3299,0.61618,0.6461,0.23239,0.1753,0.81667,0.68565,0.38459,0.35226,0.44318,0.37641,0.038498,0.10485,0.51063,0.3518,0.54604,0.27167,0.33593,0.30713,0.11152,0.40354,0.67814,0.49673,0.17941,0.30237,0.33651,0.34688,-0.028593,0.040098,-0.13388,-0.13473,0.02997,-0.0050317,-0.34017,-0.39705,0.58792,0.5298,0.39375,0.21419,0.088113,0.29026,0.37073,0.31671,0.087242,-0.023162,-0.0817,-0.068601,0.27591,0.14635,0.0084498,0.12594,0.0062531,0.13861,0.15367,-0.051849,0.48916,0.41455,0.28929,0.50603,0.51829,0.53222,0.29724,0.43837,0.33742,0.5553,0.27267,0.3467,0.19981,0.16322,0.13922,0.086544,0.16811,0.46183,-0.079601,0.0019977,0.36306,0.71316,0.018651,0.011016,0.2632,0.083524,0.021282,-0.074523,0.035439,0.10385,0.40587,0.0782
0.056496,0.25016,0.64814,0.57532,0.52153,0.45303,0.38263,0.4289,0.32378,0.37172,0.0026158,0.061338,0.031105,0.11145,0.18249,0.17324,0.18922,0.15436,0.02705,0.10529,0.35619,0.37218,0.53568,0.51947,0.80212,1,0.73872,0.80086,-0.04506,0.0060816,0.61069,0.67832,0.416,0.46828,0.61059,0.57916,0.29637,0.25703,0.44839,0.27318,0.17866,0.14406,0.48299,0.3256,0.48421,0.43531,0.5337,0.45433,0.31722,0.57418,0.62385,0.63713,0.34931,0.46703,0.53188,0.46745,0.17458,0.29386,0.14867,0.1487,0.21269,0.27189,0.077953,0.052882,0.35761,0.47741,0.51865,0.44458,0.29511,0.43538,0.30758,0.334,0.075063,0.014405,0.0098865,-0.0087491,0.2986,0.33915,0.31354,0.19877,0.28913,0.34166,0.18916,0.092802,0.39297,0.47766,0.34092,0.46034,0.43844,0.49183,0.419,0.3024,0.44381,0.44503,0.3483,0.19844,0.34144,0.4194,0.41681,0.29462,0.3557,0.48033,0.21408,0.20776,0.47355,0.56014,0.13005,0.21754,0.24923,0.17322,0.20977,0.18306,0.25647,0.195,0.4589,0.074908
-0.018683,0.089826,0.73931,0.42605,0.43055,0.19378,0.51824,0.17487,0.34008,0.15246,-0.093464,-0.20578,0.057915,-0.11329,0.38419,0.059364,-0.031315,-0.092436,0.13139,-0.015959,0.40983,0.38429,0.67014,0.48837,0.84437,0.73872,1,0.91685,-0.1467,-0.22978,0.42835,0.48687,0.25492,0.1582,0.7416,0.61033,0.33131,0.41161,0.34217,0.47715,0.043157,0.26825,0.46494,0.37238,0.57421,0.27519,0.33578,0.33342,0.17591,0.33333,0.70726,0.49436,0.20435,0.3195,0.3832,0.36239,0.010698,0.11259,-0.057948,-0.080427,0.041758,-0.074076,-0.20789,-0.33207,0.54749,0.41014,0.43649,0.22762,0.24325,0.41945,0.41924,0.39296,0.19506,0.078787,0.082601,0.024245,0.30375,0.20889,0.028315,0.061673,0.098244,0.20394,0.29779,0.088053,0.51487,0.45758,0.40105,0.44923,0.52727,0.54604,0.32705,0.497,0.31657,0.57704,0.23929,0.33096,0.15837,0.1841,0.20203,0.12624,0.15846,0.43237,-0.028372,0.0079587,0.24441,0.70152,-0.10793,-0.030365,0.23483,0.15595,0.079505,-0.082312,0.022527,0.042834,0.27879,0.18223
0.074614,0.11664,0.70775,0.50774,0.49674,0.30408,0.4633,0.21063,0.34622,0.23233,-0.039204,-0.14933,0.049198,-0.079305,0.34461,0.071393,0.019062,-0.044581,0.15912,0.033525,0.35083,0.38069,0.60439,0.49287,0.81295,0.80086,0.91685,1,-0.15902,-0.20773,0.38634,0.47489,0.27526,0.19767,0.66643,0.58373,0.28219,0.36626,0.34445,0.44287,0.042449,0.21623,0.50403,0.40526,0.52686,0.33891,0.39675,0.3946,0.24826,0.36622,0.68431,0.57121,0.25226,0.37373,0.41906,0.429,0.087319,0.16795,0.10912,0.066734,0.12647,-0.0086892,-0.04695,-0.22757,0.48632,0.39736,0.48497,0.30121,0.36919,0.44785,0.41102,0.36766,0.15142,0.024091,0.0995,0.016721,0.30884,0.20959,0.17425,0.1009,0.20241,0.21339,0.27809,0.1158,0.45973,0.44925,0.40351,0.45703,0.54144,0.5777,0.33956,0.47787,0.32025,0.55165,0.28775,0.29736,0.17168,0.3435,0.25875,0.22759,0.18721,0.44569,0.076951,0.12234,0.32291,0.66863,-0.036308,0.12316,0.20983,0.20283,0.10295,0.020178,0.089762,0.15137,0.37669,0.19364
0.45089,0.48736,-0.10429,0.066336,0.2351,0.37296,0.024514,0.16884,0.17007,0.20241,0.5008,0.34962,0.28778,0.53501,0.3627,0.60428,0.79702,0.67996,0.45847,0.72342,0.52056,0.45872,-0.083126,-0.10269,-0.24567,-0.04506,-0.1467,-0.15902,1,0.83339,0.17616,0.043895,0.67322,0.6345,-0.11632,-0.069499,-0.14205,0.082511,0.034533,0.036329,0.34886,0.43108,0.15404,0.36385,0.2277,0.46008,0.45239,0.51891,0.58844,0.39515,0.15612,0.27349,0.37666,0.23956,0.41317,0.26655,0.43698,0.46166,0.41814,0.35103,0.23841,0.19983,0.63019,0.63515,-0.22798,-0.16298,0.28268,0.39185,0.31011,0.1254,0.14335,0.25032,0.48013,0.51532,0.51484,0.52899,0.34146,0.38881,0.60169,0.43336,0.74714,0.65516,0.50399,0.72949,0.18865,0.35051,0.14262,0.021627,-0.10947,-0.066488,0.33147,-0.013728,0.22954,0.057943,0.25222,-0.0066191,0.57116,0.20488,0.48511,0.3595,0.30108,0.2352,0.61678,0.52541,0.25909,0.053009,0.18034,0.17898,0.35248,0.35216,0.56977,0.42742,0.37517,0.15275,-0.067513,-0.17093
0.30743,0.4909,-0.22878,0.053284,0.13718,0.2942,-0.11501,0.26713,0.10274,0.29303,0.4228,0.5707,0.21615,0.61705,0.12924,0.60403,0.74652,0.77754,0.17542,0.6475,0.34526,0.30857,-0.20492,-0.13788,-0.3299,0.0060816,-0.22978,-0.20773,0.83339,1,0.10733,0.07679,0.55978,0.66104,-0.26308,-0.12761,-0.14742,0.11166,0.075451,0.037689,0.31871,0.4015,-0.016467,0.20117,0.027989,0.3714,0.36112,0.42073,0.50368,0.37427,0.02928,0.25225,0.34589,0.19986,0.39458,0.2703,0.33571,0.43412,0.35013,0.30681,0.20843,0.35456,0.63824,0.75935,-0.3789,-0.176,0.11653,0.34894,0.21232,0.0448,0.074869,0.16814,0.33821,0.43141,0.39059,0.45887,0.30005,0.48544,0.58645,0.36224,0.694,0.68369,0.31584,0.70272,-0.023518,0.26241,0.010792,0.0076754,-0.1511,-0.10967,0.24839,-0.22181,0.17929,-0.14768,0.2467,-0.074035,0.48299,0.21297,0.38995,0.23255,0.32625,0.11927,0.54079,0.37372,0.15579,-0.10683,0.22596,0.15719,0.30396,0.29688,0.484,0.38871,0.33229,0.062799,-0.14574,-0.17874
-0.004405,0.16898,0.53098,0.44044,0.21629,0.13311,0.31533,0.32474,0.052371,0.015264,-0.054153,0.004648,-0.17023,0.050677,0.13123,0.13119,0.14621,0.16279,0.084262,0.10228,0.44601,0.31435,0.51822,0.50095,0.61618,0.61069,0.42835,0.38634,0.17616,0.10733,1,0.87269,0.55335,0.5558,0.61704,0.51441,0.32362,0.18929,0.51491,0.030122,0.35132,0.13641,0.38387,0.26792,0.48627,0.3692,0.39408,0.34511,0.20431,0.50001,0.44177,0.42663,0.29385,0.29612,0.41838,0.29014,0.12476,0.23081,-0.072017,-0.030897,9.5063e-05,0.13756,-0.067502,-0.016745,0.30112,0.38985,0.41961,0.3889,0.0023105,0.24802,0.28367,0.32186,0.25411,0.22209,-0.012974,0.10594,0.28768,0.38611,0.23278,0.30326,0.17558,0.32033,0.036438,0.014792,0.34605,0.41551,0.17808,0.33276,0.36756,0.20858,0.27338,0.13425,0.38647,0.34615,0.24905,0.072412,0.51607,0.1563,0.31221,0.13089,0.40832,0.36449,0.19124,0.15431,0.42991,0.43176,0.25708,0.12694,0.3706,0.12431,0.29951,0.17389,0.29994,0.15597,0.39501,-0.25922
0.035897,0.20272,0.64312,0.67657,0.26441,0.23472,0.45011,0.53385,0.23596,0.27139,-0.035112,0.11784,-0.072529,0.11408,0.196,0.24095,0.061858,0.13069,0.059543,0.080519,0.39806,0.32242,0.6332,0.65262,0.6461,0.67832,0.48687,0.47489,0.043895,0.07679,0.87269,1,0.48195,0.57122,0.65567,0.58988,0.34189,0.22812,0.56731,0.076745,0.3173,0.14883,0.38046,0.26946,0.47058,0.36175,0.40102,0.32473,0.19321,0.53394,0.5224,0.48439,0.34082,0.32472,0.42656,0.34679,0.1424,0.19311,-0.10289,-0.05156,0.099438,0.32717,-0.093972,-0.030797,0.50145,0.61019,0.36943,0.36284,0.098613,0.30851,0.36928,0.43111,0.25083,0.21709,0.0089283,0.14915,0.31501,0.42249,0.25052,0.32201,0.19845,0.3973,0.044646,0.066645,0.43839,0.54036,0.18318,0.40261,0.54893,0.44097,0.41029,0.20987,0.55947,0.45154,0.32555,0.07656,0.45072,0.18348,0.34195,0.1199,0.44454,0.42841,0.13836,0.092786,0.49242,0.50324,0.31385,0.043148,0.42821,0.23936,0.24321,0.18681,0.32773,0.20315,0.39444,-0.17956
0.58965,0.43402,0.35175,0.46135,0.52414,0.52144,0.35022,0.39371,0.31531,0.32039,0.46181,0.28076,0.24608,0.37948,0.44915,0.42586,0.63047,0.52152,0.55349,0.61415,0.62843,0.61656,0.29822,0.23073,0.23239,0.416,0.25492,0.27526,0.67322,0.55978,0.55335,0.48195,1,0.86571,0.32433,0.362,0.00027995,0.18457,0.30671,0.11028,0.41454,0.35555,0.48411,0.51975,0.61175,0.7246,0.65711,0.60993,0.72193,0.62456,0.48051,0.54543,0.51908,0.38135,0.56053,0.43764,0.46106,0.46521,0.57595,0.51388,0.40653,0.30509,0.57767,0.47717,0.1237,0.25566,0.73091,0.72333,0.55832,0.4997,0.45307,0.51251,0.5445,0.4945,0.45017,0.48786,0.51921,0.59731,0.67775,0.50601,0.70808,0.61328,0.42911,0.54849,0.40334,0.45588,0.31915,0.22161,0.36897,0.26845,0.48862,0.25177,0.41854,0.38225,0.36343,0.047771,0.66156,0.43035,0.56984,0.43307,0.51374,0.51653,0.61082,0.60381,0.46114,0.37502,0.30462,0.41283,0.45778,0.38869,0.55512,0.41416,0.50273,0.30926,0.27853,-0.18412
0.49613,0.58453,0.26634,0.5652,0.4593,0.57001,0.2541,0.60019,0.28952,0.4714,0.31102,0.48596,0.12005,0.53212,0.23332,0.53754,0.65982,0.61831,0.34655,0.67092,0.55835,0.6026,0.19124,0.24645,0.1753,0.46828,0.1582,0.19767,0.6345,0.66104,0.5558,0.57122,0.86571,1,0.237,0.35771,0.045033,0.22294,0.29627,0.099958,0.47653,0.4128,0.3614,0.39483,0.43289,0.69643,0.6219,0.54929,0.65071,0.68528,0.39023,0.55917,0.5638,0.38601,0.56404,0.40785,0.52356,0.5642,0.50156,0.50847,0.39858,0.56337,0.55859,0.6125,0.040365,0.36614,0.58249,0.7148,0.50092,0.4406,0.359,0.48023,0.47661,0.46613,0.40271,0.5017,0.44908,0.63155,0.73215,0.43284,0.74287,0.70669,0.35041,0.57694,0.29709,0.50969,0.19324,0.21607,0.32691,0.31383,0.53004,0.12861,0.53476,0.29349,0.45254,0.095114,0.62594,0.48028,0.64441,0.43033,0.60576,0.46573,0.64592,0.55682,0.5464,0.30888,0.36089,0.36689,0.4667,0.42367,0.497,0.49969,0.56342,0.32984,0.27553,-0.10421
-0.034913,-0.0082884,0.77495,0.48929,0.2781,0.079917,0.62014,0.27961,0.32268,0.16701,-0.14795,-0.28153,-0.034212,-0.11638,0.43828,0.094774,-0.12325,-0.1533,0.21126,-0.13008,0.28877,0.28551,0.75791,0.62575,0.81667,0.61059,0.7416,0.66643,-0.11632,-0.26308,0.61704,0.65567,0.32433,0.237,1,0.85695,0.41344,0.38887,0.50018,0.39735,0.033119,0.1778,0.57403,0.42975,0.70948,0.42257,0.37138,0.3742,0.17375,0.40825,0.71575,0.42459,0.19234,0.27922,0.32358,0.32133,-0.090077,0.0086725,-0.15283,-0.16484,0.067517,0.014108,-0.30396,-0.37379,0.72561,0.62152,0.43296,0.27846,0.073618,0.29086,0.34217,0.31374,0.14207,-0.0016262,0.0059586,0.028584,0.31735,0.20657,0.033995,0.15623,0.053365,0.19394,0.27526,0.076902,0.65502,0.52603,0.31506,0.52212,0.5661,0.53859,0.43725,0.5334,0.45048,0.64209,0.31212,0.3399,0.3079,0.10699,0.14421,0.074987,0.19148,0.4563,-0.081326,0.018923,0.32547,0.7019,0.096052,-0.0025315,0.32839,0.16824,0.071498,-0.083366,0.070068,0.088415,0.32552,0.068541
0.042973,0.086793,0.57424,0.51574,0.18787,0.16844,0.45253,0.33127,0.24608,0.24423,-0.098469,-0.15471,-0.061771,0.010755,0.35413,0.16779,-0.017383,-0.065962,0.18605,-0.017673,0.29549,0.35696,0.59329,0.53904,0.68565,0.57916,0.61033,0.58373,-0.069499,-0.12761,0.51441,0.58988,0.362,0.35771,0.85695,1,0.39675,0.46221,0.47519,0.43064,0.072498,0.21909,0.58664,0.4585,0.73385,0.57846,0.41989,0.42913,0.27757,0.48245,0.65614,0.49579,0.2109,0.2825,0.33628,0.32586,-0.02475,0.053165,-0.058152,-0.0081823,0.068606,0.14195,-0.18119,-0.20571,0.57522,0.66782,0.45149,0.48712,0.11944,0.30604,0.37427,0.37712,0.16468,0.05229,0.083609,0.15321,0.366,0.35734,0.11222,0.18081,0.1989,0.32147,0.27214,0.18269,0.59861,0.60383,0.3352,0.51603,0.49245,0.5233,0.47101,0.4594,0.48215,0.55977,0.31096,0.30228,0.31871,0.22361,0.22243,0.12583,0.28278,0.39806,0.056668,0.12637,0.41068,0.66441,0.13618,0.037038,0.32555,0.23692,0.15843,0.01993,0.13502,0.17977,0.34454,0.18874
0.012652,0.3227,0.35903,0.23291,0.15469,-0.082178,0.36053,0.19578,0.22149,0.076453,-0.17085,0.012959,0.020822,0.043865,0.10397,0.040873,-0.16453,0.0061233,-0.04628,-0.10737,0.16702,0.19401,0.33578,0.25881,0.38459,0.29637,0.33131,0.28219,-0.14205,-0.14742,0.32362,0.34189,0.00027995,0.045033,0.41344,0.39675,1,0.57837,0.61318,0.4172,0.39524,0.36134,0.15931,0.038823,0.23964,0.23717,0.18651,0.17933,0.037054,0.27964,0.35414,0.30892,0.17587,0.41621,0.39538,0.42393,0.097039,0.2967,-0.2546,-0.12381,-0.027251,0.11938,-0.32296,-0.27118,0.3691,0.37502,0.084469,0.074386,-0.055546,0.2864,0.2765,0.33256,0.27197,0.17408,0.12968,0.037337,0.24079,0.18259,-0.055486,-0.18849,-0.11255,0.0075778,0.10707,-0.10907,0.38181,0.33537,0.36838,0.44409,0.40762,0.45956,0.15842,0.3693,0.24379,0.35732,0.08184,0.18308,-0.026986,0.04201,0.126,0.1101,0.1056,0.17141,-0.14561,-0.061393,0.28616,0.47146,-0.076924,-0.18759,-0.05175,-0.078338,-0.27331,-0.1424,0.064971,-0.094452,0.158,0.14383
0.059856,0.31846,0.26213,0.26193,0.17314,-0.031955,0.21179,0.19601,0.1828,0.12306,-0.18582,0.031062,-0.080331,0.037079,0.26006,0.21202,0.0093056,0.062535,0.12877,0.088355,0.30861,0.36534,0.23617,0.12923,0.35226,0.25703,0.41161,0.36626,0.082511,0.11166,0.18929,0.22812,0.18457,0.22294,0.38887,0.46221,0.57837,1,0.44404,0.81192,0.19109,0.71099,0.34057,0.41578,0.3219,0.36782,0.25695,0.42749,0.158,0.26847,0.32621,0.43295,0.095719,0.3535,0.29541,0.41296,0.014216,0.27577,-0.061242,0.12332,-0.022946,0.15148,-0.12284,-0.10153,0.19051,0.3047,0.14569,0.24872,0.15368,0.31647,0.4137,0.5265,0.39268,0.27899,0.33241,0.39393,0.56517,0.52391,0.12434,-0.056263,0.16579,0.28616,0.42423,0.3678,0.35239,0.41334,0.29572,0.45252,0.32067,0.45631,0.33568,0.35228,0.30884,0.30042,0.21986,0.48563,0.11264,0.1959,0.12707,0.09108,0.25734,0.20615,-0.0012151,0.0021306,0.080284,0.50883,0.037293,-0.072525,0.16795,0.23793,-0.0395,-0.15317,0.052084,-0.056273,0.046463,0.30966
0.12867,0.30197,0.39078,0.35344,0.12765,0.078993,0.37669,0.28448,0.19081,0.17602,0.081784,0.20387,0.15232,0.19208,0.24623,0.13707,0.053319,0.21142,-0.024305,-0.044495,0.26593,0.26329,0.44159,0.38124,0.44318,0.44839,0.34217,0.34445,0.034533,0.075451,0.51491,0.56731,0.30671,0.29627,0.50018,0.47519,0.61318,0.44404,1,0.27311,0.53863,0.32717,0.20924,0.10683,0.38775,0.36431,0.32469,0.27991,0.2179,0.45257,0.42093,0.52173,0.25163,0.32739,0.4909,0.54193,0.12209,0.29461,-0.11413,-0.0028978,0.051253,0.21684,-0.05427,-0.086398,0.41406,0.45267,0.25303,0.29452,-0.018309,0.22352,0.35621,0.4114,0.29261,0.26119,0.18763,0.17978,0.32512,0.37759,0.18929,0.18642,0.074892,0.23665,0.045896,0.0020509,0.44272,0.48505,0.32549,0.45196,0.56967,0.46372,0.26199,0.22696,0.35638,0.3776,0.10873,-0.032667,0.37326,0.20547,0.21051,0.10324,0.30852,0.24473,0.10499,0.092887,0.47982,0.4735,0.14181,-0.03255,0.28227,0.0024667,0.016188,-0.07173,0.25867,0.080786,0.31947,-0.12175
-0.033313,0.19391,0.2563,0.24889,0.15397,-0.067816,0.18193,0.13949,0.15478,0.073819,-0.19338,-0.080074,-0.09044,0.043372,0.32508,0.26519,-0.09792,-0.10752,0.17881,0.068139,0.19196,0.28466,0.23864,0.17929,0.37641,0.27318,0.47715,0.44287,0.036329,0.037689,0.030122,0.076745,0.11028,0.099958,0.39735,0.43064,0.4172,0.81192,0.27311,1,-0.058364,0.649,0.33738,0.367,0.30495,0.32658,0.20645,0.42426,0.1606,0.1887,0.38381,0.40352,0.063929,0.2509,0.25989,0.41108,-0.049825,0.12584,-0.028045,0.1086,-0.033912,0.019803,-0.13683,-0.15485,0.1443,0.16172,0.17301,0.25489,0.14,0.20595,0.23488,0.33401,0.28729,0.15093,0.26057,0.31767,0.34711,0.25345,0.059742,-0.16655,0.15014,0.21497,0.59622,0.42168,0.37824,0.43957,0.42757,0.5131,0.25726,0.45054,0.2162,0.28823,0.21049,0.17871,0.35071,0.6949,-0.027902,0.18636,0.014766,-0.064547,0.16408,0.10285,-0.086881,-0.12052,-0.12476,0.49364,-0.10117,-0.14304,0.13568,0.2434,-0.070228,-0.26935,-0.15813,-0.21386,-0.18941,0.48245
0.4773,0.58682,0.14571,0.26446,0.2858,0.33397,0.27254,0.32619,0.22728,0.19638,0.30487,0.47896,0.32268,0.46683,0.12524,0.23799,0.40122,0.53227,0.08441,0.36969,0.39373,0.47157,0.1323,0.11728,0.038498,0.17866,0.043157,0.042449,0.34886,0.31871,0.35132,0.3173,0.41454,0.47653,0.033119,0.072498,0.39524,0.19109,0.53863,-0.058364,1,0.41629,-0.006711,-0.057537,0.20224,0.34842,0.33321,0.23893,0.3673,0.4303,0.19397,0.39015,0.46737,0.40037,0.5516,0.42651,0.56302,0.59743,0.19015,0.30506,0.25041,0.42394,0.3075,0.32311,0.10976,0.23731,0.33267,0.35695,0.24915,0.36866,0.41607,0.44765,0.53024,0.58303,0.39781,0.37688,0.25301,0.39277,0.48199,0.28358,0.30744,0.35238,0.057417,0.076176,0.25467,0.33845,0.21262,0.02841,0.3732,0.32482,0.25615,0.19459,0.35227,0.34192,0.089327,-0.15697,0.33035,0.37108,0.51797,0.43373,0.38272,0.3306,0.43872,0.44028,0.59879,0.24239,0.18791,0.17287,0.24213,0.095753,0.059768,0.26916,0.49477,0.25432,0.32403,-0.1768
0.33525,0.53322,0.14739,0.27541,0.2556,0.12593,0.18056,0.28015,0.19253,0.17116,0.05147,0.23794,0.019768,0.31033,0.3397,0.4305,0.28472,0.34375,0.24936,0.376,0.44991,0.50967,0.13634,0.1018,0.10485,0.14406,0.26825,0.21623,0.43108,0.4015,0.13641,0.14883,0.35555,0.4128,0.1778,0.21909,0.36134,0.71099,0.32717,0.649,0.41629,1,0.22358,0.35701,0.25439,0.38985,0.30804,0.46841,0.31487,0.27848,0.27077,0.43008,0.30859,0.32082,0.41122,0.43194,0.35567,0.48255,0.11942,0.2595,0.020699,0.2135,0.118,0.15679,0.032828,0.15928,0.20462,0.31401,0.29004,0.30509,0.4224,0.53848,0.71303,0.65895,0.6949,0.65325,0.46588,0.45524,0.42529,0.058491,0.40541,0.48054,0.59039,0.51099,0.36331,0.49886,0.40434,0.31173,0.28339,0.3788,0.28923,0.18321,0.31366,0.19425,0.29411,0.46325,0.23361,0.33659,0.30514,0.17564,0.39184,0.20017,0.2607,0.18425,0.13336,0.39783,0.020125,0.0057212,0.36501,0.3654,0.13237,0.063225,0.13933,-0.02247,-0.11758,0.20669
