1,0.88819,0.56247,0.60953,0.28892,0.57372,0.40845,0.45675,0.26626,0.41973,0.69441,0.56179,0.30074,0.32738,0.34733,0.46818,0.876,0.84221,0.67733,0.83692,0.059268,0.2249,0.2002,0.35403,0.28967,0.35758,0.29112,0.223,0.70867,0.56817,0.36303,0.37213,0.71714,0.71594,0.23075,0.19708,0.55107,0.45547,0.40294,0.51945,0.029277,0.33615,0.66655,0.74567,0.6524,0.76777,0.74882,0.7643,0.78271,0.81719,0.68552,0.77811,0.75083,0.80439,0.57887,0.72216,0.95594,0.86296,0.77874,0.72367,0.58879,0.40145,0.50257,0.55024,0.15709,0.2622,0.6789,0.41149,0.87798,0.72223,0.21574,0.051819,0.45188,0.44904,0.39958,0.42922,0.19198,0.095058,0.78817,0.67247,0.86333,0.83655,0.59682,0.72054,0.6995,0.75576,0.39106,0.41747,0.54833,0.75337,0.063146,0.082535,-0.035423,-0.010806,0.56274,0.41386,0.64183,0.72263,0.43031,0.64839,0.16447,0.37384,0.38704,0.26743,0.23545,0.20443,-0.0032138,0.40083,0.2354,-0.012828,0.069256,0.031828,0.1515,0.53804,0.25046,-0.098256
0.88819,1,0.47033,0.54126,0.21764,0.4505,0.29541,0.38499,0.1461,0.26134,0.61826,0.46153,0.27846,0.22968,0.25821,0.35136,0.86181,0.78062,0.54002,0.77394,-0.025722,0.1285,0.14511,0.33866,0.23802,0.28089,0.23717,0.19898,0.67574,0.39891,0.29912,0.33557,0.69937,0.73442,0.27253,0.21471,0.49089,0.29603,0.29609,0.44754,-0.1344,0.16523,0.61075,0.67701,0.57454,0.69405,0.70115,0.71753,0.75001,0.7548,0.62,0.69899,0.69148,0.74688,0.53634,0.67344,0.9072,0.88946,0.7036,0.70863,0.52462,0.33937,0.47032,0.54441,0.076511,0.1589,0.64845,0.42383,0.75356,0.60521,0.12614,-0.027536,0.39014,0.34781,0.32042,0.33359,0.083331,0.043308,0.76627,0.5481,0.79919,0.71131,0.45232,0.58919,0.55978,0.6461,0.25898,0.3096,0.39862,0.64639,-0.063992,-0.026802,-0.13863,-0.044231,0.51812,0.41266,0.66835,0.59487,0.378,0.59235,0.11674,0.3472,0.39966,0.18774,0.25789,0.26227,-0.10198,0.3092,0.21272,-0.14739,-0.05123,0.058224,0.13303,0.47876,0.26526,-0.18806
0.56247,0.47033,1,0.79953,0.6943,0.74013,0.87873,0.70094,0.69342,0.59727,0.74093,0.51135,0.74373,0.52209,0.73526,0.73001,0.4873,0.48542,0.68966,0.5197,0.37321,0.42828,0.75929,0.66249,0.60391,0.60698,0.65303,0.43269,0.54133,0.52481,0.6985,0.57031,0.54375,0.5179,0.32464,0.21584,0.56855,0.56566,0.61962,0.56907,0.16895,0.57218,0.65543,0.56955,0.4758,0.44452,0.5687,0.56735,0.69546,0.58248,0.83452,0.67055,0.67961,0.6502,0.71701,0.70527,0.46356,0.47006,0.74522,0.57055,0.66188,0.3228,0.54253,0.4361,0.70208,0.49101,0.57329,0.33742,0.51183,0.41932,0.50634,0.28534,0.56489,0.5832,0.56457,0.55152,0.3487,0.22849,0.39986,0.34767,0.47485,0.56089,0.80112,0.5375,0.75207,0.68622,0.78275,0.65093,0.78219,0.71084,0.5291,0.5484,0.45309,0.47876,0.45775,0.48488,0.60872,0.50417,0.65455,0.56907,0.31354,0.50332,0.44928,0.24132,0.37285,0.28089,0.17904,0.24014,0.26702,0.15598,0.23799,0.073382,0.38164,0.38803,0.34598,0.16752
0.60953,0.54126,0.79953,1,0.61992,0.77888,0.78882,0.85785,0.5938,0.67002,0.7468,0.69543,0.65197,0.63057,0.60939,0.7128,0.61934,0.55716,0.60638,0.63917,0.28674,0.31997,0.58528,0.67096,0.57165,0.61686,0.57104,0.39207,0.6145,0.52789,0.64779,0.59787,0.64536,0.68194,0.40631,0.40732,0.65245,0.53688,0.55021,0.56397,0.038468,0.49078,0.60884,0.52853,0.45586,0.47915,0.4946,0.50698,0.68122,0.55806,0.77829,0.68792,0.63435,0.64695,0.70641,0.60625,0.5703,0.58859,0.74919,0.73901,0.78821,0.5957,0.62548,0.57896,0.51655,0.64338,0.71497,0.57297,0.58064,0.53868,0.4608,0.26023,0.50974,0.56241,0.49542,0.52652,0.32225,0.31327,0.61255,0.38387,0.58137,0.59263,0.72164,0.53256,0.6391,0.65553,0.65288,0.58513,0.74185,0.73947,0.56376,0.51957,0.5295,0.44669,0.45092,0.48402,0.57614,0.48525,0.67206,0.57371,0.54798,0.57506,0.56793,0.34719,0.42925,0.32952,0.19662,0.38754,0.29919,0.17774,0.32131,0.17802,0.4224,0.47946,0.37912,0.22629
0.28892,0.21764,0.6943,0.61992,1,0.65437,0.71902,0.58684,0.93251,0.64244,0.53382,0.39034,0.65306,0.57302,0.80706,0.66047,0.34333,0.34857,0.41421,0.28307,0.74281,0.65504,0.7189,0.5216,0.51987,0.69906,0.85097,0.63576,0.45413,0.40819,0.7496,0.62129,0.42663,0.36714,0.4383,0.36661,0.52534,0.41485,0.57959,0.56533,0.063317,0.44708,0.57395,0.49263,0.42919,0.36376,0.3986,0.42422,0.56138,0.38151,0.66726,0.42694,0.47718,0.47703,0.60853,0.58265,0.23548,0.30554,0.61099,0.40814,0.54107,0.32603,0.36869,0.41713,0.66625,0.50072,0.50892,0.38642,0.30753,0.29412,0.56689,0.19146,0.43318,0.44884,0.38332,0.27862,0.27355,0.20543,0.32823,0.19267,0.36549,0.42832,0.74406,0.18697,0.5262,0.5277,0.72896,0.792,0.64624,0.62714,0.66715,0.60404,0.62629,0.52329,0.21369,0.38068,0.50971,0.36742,0.69077,0.57088,0.27088,0.48277,0.33747,0.24341,0.4965,0.42072,0.24428,0.11192,0.22428,0.13696,0.27573,-0.00423,0.36941,0.40716,0.45355,0.24654
0.57372,0.4505,0.74013,0.77888,0.65437,1,0.7697,0.79584,0.65915,0.79739,0.74478,0.73481,0.70361,0.67531,0.63478,0.70278,0.59544,0.57379,0.56165,0.5415,0.35485,0.44084,0.54971,0.62247,0.58105,0.60694,0.6773,0.55327,0.57325,0.4958,0.61623,0.55284,0.57411,0.57037,0.37306,0.36645,0.60381,0.46982,0.45322,0.49881,0.069772,0.47215,0.52466,0.45844,0.36552,0.41103,0.40174,0.41764,0.56806,0.46598,0.64518,0.56658,0.50781,0.57101,0.52632,0.57224,0.47334,0.50519,0.71803,0.69597,0.74637,0.66083,0.59114,0.57778,0.56278,0.68843,0.65816,0.49841,0.52738,0.38453,0.4608,0.26824,0.45682,0.49605,0.42402,0.53539,0.198,0.15419,0.56443,0.47759,0.57595,0.55424,0.74174,0.45855,0.60978,0.5528,0.59642,0.46762,0.75239,0.71411,0.53472,0.49827,0.54939,0.4244,0.44485,0.38698,0.47891,0.4384,0.50605,0.54664,0.44421,0.47692,0.4686,0.40709,0.47505,0.40555,0.19233,0.38077,0.22841,0.16192,0.1043,0.082206,0.37381,0.42254,0.39636,0.21397
0.40845,0.29541,0.87873,0.78882,0.71902,0.7697,1,0.79566,0.73154,0.67142,0.71338,0.5797,0.82828,0.59396,0.7114,0.72242,0.35557,0.35361,0.60209,0.39362,0.35506,0.43017,0.70562,0.63501,0.53999,0.55958,0.60097,0.4398,0.44219,0.45213,0.62661,0.5135,0.48527,0.4722,0.36423,0.31087,0.56841,0.58365,0.60397,0.53618,0.19581,0.59941,0.50978,0.44403,0.36184,0.33952,0.35886,0.41515,0.52053,0.4117,0.69905,0.58248,0.53841,0.57608,0.62633,0.59633,0.28998,0.3042,0.71545,0.54259,0.72399,0.47654,0.52818,0.45947,0.74045,0.61462,0.57001,0.39659,0.31643,0.26575,0.51593,0.34649,0.5429,0.54829,0.60402,0.53906,0.35929,0.22172,0.29404,0.23988,0.35598,0.45214,0.7187,0.4339,0.66885,0.62128,0.75234,0.5733,0.77815,0.62933,0.66157,0.64349,0.63203,0.64674,0.40299,0.46191,0.43365,0.40092,0.64284,0.50834,0.50098,0.49182,0.52668,0.37455,0.45767,0.32319,0.31961,0.31018,0.21487,0.21023,0.23751,0.085159,0.38062,0.36285,0.40107,0.31298
0.45675,0.38499,0.70094,0.85785,0.58684,0.79584,0.79566,1,0.59916,0.75521,0.68033,0.75334,0.71782,0.72099,0.56512,0.67929,0.50671,0.46157,0.43474,0.46932,0.24297,0.28981,0.5455,0.72211,0.53685,0.59332,0.53528,0.41772,0.50798,0.41781,0.56687,0.55839,0.59934,0.66196,0.42694,0.43489,0.6005,0.47481,0.44547,0.49384,0.052107,0.48501,0.55219,0.45178,0.37318,0.3882,0.35913,0.39998,0.52338,0.43995,0.65215,0.62093,0.50619,0.58083,0.55018,0.52842,0.41738,0.42898,0.65546,0.70198,0.77095,0.75235,0.6131,0.61336,0.59049,0.79683,0.65909,0.5904,0.45844,0.38357,0.46172,0.3407,0.5188,0.53346,0.52959,0.56819,0.31076,0.28852,0.48387,0.32508,0.48126,0.46959,0.64885,0.38583,0.52812,0.55115,0.57897,0.41684,0.68216,0.61862,0.60064,0.54225,0.60648,0.56369,0.45517,0.40508,0.46836,0.37731,0.51556,0.4957,0.63834,0.5664,0.60257,0.39899,0.45089,0.37082,0.24702,0.3777,0.18742,0.20126,0.23146,0.14457,0.39983,0.44154,0.39805,0.19093
0.26626,0.1461,0.69342,0.5938,0.93251,0.65915,0.73154,0.59916,1,0.66943,0.53935,0.38712,0.64701,0.58164,0.80304,0.6259,0.29336,0.31783,0.37707,0.21551,0.69331,0.59012,0.73564,0.53083,0.5949,0.70675,0.82634,0.56491,0.40053,0.38519,0.75082,0.60383,0.36234,0.31341,0.45717,0.38448,0.50418,0.41543,0.54791,0.51556,0.053595,0.46058,0.56562,0.46472,0.40701,0.34265,0.39231,0.41289,0.52974,0.34368,0.64716,0.36331,0.49253,0.45175,0.56634,0.5327,0.20332,0.2645,0.57575,0.39552,0.54762,0.36606,0.32241,0.36483,0.72495,0.57137,0.48202,0.35838,0.29052,0.26863,0.57869,0.21658,0.38682,0.38041,0.37674,0.26391,0.25657,0.1638,0.30409,0.18249,0.33338,0.3758,0.73029,0.1661,0.51458,0.47864,0.71666,0.75871,0.6391,0.58886,0.66507,0.61988,0.64637,0.49895,0.23079,0.3809,0.45871,0.36928,0.64437,0.54695,0.26928,0.47723,0.28409,0.25548,0.48823,0.39987,0.28565,0.11799,0.19092,0.16536,0.286,0.01718,0.3198,0.30564,0.37833,0.16579
0.41973,0.26134,0.59727,0.67002,0.64244,0.79739,0.67142,0.75521,0.66943,1,0.58294,0.54041,0.53344,0.53409,0.51942,0.59842,0.45171,0.39889,0.37113,0.36117,0.42277,0.51886,0.55313,0.61111,0.56512,0.67008,0.62577,0.60447,0.38659,0.36436,0.57529,0.51248,0.47221,0.47802,0.37297,0.37159,0.46941,0.49273,0.46638,0.54486,0.1118,0.47025,0.52282,0.4634,0.33368,0.34684,0.34886,0.4112,0.43206,0.38518,0.54782,0.46936,0.44459,0.52708,0.44708,0.51981,0.37678,0.32594,0.62149,0.49592,0.61701,0.62832,0.43807,0.44311,0.59826,0.68854,0.48074,0.34703,0.4262,0.33339,0.51227,0.30254,0.47302,0.47718,0.45258,0.50654,0.29885,0.26417,0.42568,0.30258,0.39903,0.47965,0.61659,0.34783,0.47532,0.54605,0.56811,0.4913,0.68745,0.63713,0.54118,0.47611,0.60805,0.43239,0.34023,0.40497,0.36659,0.41333,0.47465,0.49788,0.46627,0.40608,0.39437,0.31084,0.41126,0.33746,0.18686,0.31968,0.23483,0.163,0.15361,-0.00066193,0.31004,0.37336,0.37773,0.21768
0.69441,0.61826,0.74093,0.7468,0.53382,0.74478,0.71338,0.68033,0.53935,0.58294,1,0.74203,0.71425,0.58559,0.62427,0.59547,0.68184,0.64519,0.6318,0.65103,0.26186,0.30569,0.45149,0.5079,0.45943,0.48421,0.51596,0.37949,0.69757,0.4734,0.59062,0.54817,0.67591,0.6574,0.43102,0.34608,0.63063,0.39263,0.40524,0.42387,-0.030233,0.34095,0.5661,0.52021,0.47291,0.50627,0.5354,0.53696,0.67656,0.52229,0.70542,0.57322,0.67631,0.69318,0.62446,0.65659,0.62309,0.62822,0.76922,0.70761,0.73582,0.597,0.68987,0.66229,0.48894,0.44483,0.73928,0.5069,0.61953,0.55746,0.34886,0.07772,0.43366,0.43619,0.38172,0.36385,0.09997,0.052918,0.64732,0.49217,0.69345,0.63892,0.70519,0.51104,0.70733,0.62082,0.51433,0.54283,0.68055,0.77256,0.4162,0.4571,0.3385,0.37545,0.46315,0.38644,0.60712,0.50366,0.59789,0.65978,0.26342,0.54141,0.44115,0.48219,0.52599,0.48307,0.25372,0.39319,0.20748,0.036337,0.10946,0.16653,0.31963,0.46522,0.47201,0.18911
0.56179,0.46153,0.51135,0.69543,0.39034,0.73481,0.5797,0.75334,0.38712,0.54041,0.74203,1,0.52947,0.74087,0.42984,0.55666,0.58477,0.60512,0.50765,0.56645,0.10233,0.13436,0.21197,0.37406,0.35965,0.38811,0.35488,0.20727,0.62541,0.57227,0.42992,0.42905,0.56512,0.59019,0.28892,0.3516,0.52811,0.3634,0.27472,0.26584,0.090385,0.38411,0.40714,0.36504,0.39881,0.40825,0.35523,0.34373,0.52128,0.37732,0.53153,0.5275,0.4547,0.4654,0.45767,0.4593,0.49953,0.48677,0.61239,0.71264,0.68164,0.76706,0.64606,0.70592,0.22791,0.54011,0.65083,0.5687,0.5002,0.40797,0.20066,0.12255,0.34996,0.45602,0.24525,0.38607,0.015572,0.0050971,0.5346,0.51605,0.63232,0.5461,0.55781,0.4394,0.49348,0.39717,0.39455,0.28844,0.51345,0.54567,0.39347,0.33685,0.30869,0.28386,0.40231,0.18161,0.42393,0.37264,0.37767,0.43834,0.35903,0.43072,0.45266,0.42934,0.39465,0.35677,0.21361,0.37268,0.053944,0.20576,0.14491,0.10498,0.31517,0.44116,0.37427,0.24588
0.30074,0.27846,0.74373,0.65197,0.65306,0.70361,0.82828,0.71782,0.64701,0.53344,0.71425,0.52947,1,0.68267,0.78166,0.68305,0.31817,0.29723,0.43992,0.32333,0.38078,0.40993,0.65647,0.63312,0.55086,0.49904,0.61282,0.4676,0.47224,0.32596,0.60677,0.52271,0.44923,0.43706,0.4173,0.33172,0.50558,0.30187,0.41188,0.3606,0.075877,0.41837,0.40325,0.3209,0.23154,0.25089,0.27842,0.30881,0.42549,0.3333,0.59389,0.42395,0.41615,0.46406,0.48071,0.49117,0.18726,0.29742,0.55066,0.4918,0.58875,0.43597,0.56566,0.50936,0.73345,0.51482,0.51865,0.38278,0.27699,0.24448,0.49116,0.29827,0.41072,0.3977,0.41265,0.38122,0.19787,0.12559,0.29059,0.23741,0.3419,0.35109,0.67881,0.26911,0.61351,0.51679,0.61778,0.49675,0.69129,0.59615,0.57046,0.59918,0.57629,0.64781,0.28076,0.24703,0.40267,0.29052,0.52454,0.44209,0.40766,0.49448,0.47998,0.46243,0.53252,0.47096,0.31739,0.28952,0.077456,0.16632,0.1504,0.11438,0.3683,0.32679,0.40622,0.28911
0.32738,0.22968,0.52209,0.63057,0.57302,0.67531,0.59396,0.72099,0.58164,0.53409,0.58559,0.74087,0.68267,1,0.71582,0.74885,0.39615,0.51081,0.39141,0.41132,0.42844,0.30594,0.48655,0.58458,0.58881,0.61086,0.61942,0.43959,0.62593,0.59088,0.662,0.6888,0.53362,0.51024,0.49407,0.49152,0.54668,0.23938,0.3245,0.22142,0.16594,0.4257,0.4421,0.30549,0.37746,0.3354,0.32524,0.26765,0.44816,0.32083,0.5919,0.41409,0.36979,0.31868,0.42648,0.42867,0.26073,0.35725,0.3987,0.45797,0.45581,0.51571,0.59715,0.70574,0.50268,0.61608,0.57627,0.55617,0.38071,0.3219,0.38279,0.28292,0.34491,0.42197,0.18391,0.32945,0.091026,0.072272,0.39726,0.50273,0.5504,0.50762,0.70185,0.24441,0.59063,0.43543,0.56987,0.45364,0.59632,0.50623,0.57246,0.48526,0.50663,0.45874,0.30049,0.0018882,0.47789,0.35282,0.44173,0.44302,0.36669,0.49837,0.50483,0.50368,0.55726,0.51035,0.30348,0.23795,-0.097092,0.42805,0.38677,0.19168,0.46364,0.44123,0.46067,0.37185
0.34733,0.25821,0.73526,0.60939,0.80706,0.63478,0.7114,0.56512,0.80304,0.51942,0.62427,0.42984,0.78166,0.71582,1,0.77972,0.35171,0.40035,0.53749,0.38776,0.69179,0.60188,0.75969,0.62534,0.59143,0.66159,0.80436,0.53287,0.59734,0.53143,0.80643,0.71841,0.46457,0.35772,0.33105,0.2409,0.50425,0.31474,0.51075,0.4094,0.11803,0.45311,0.51516,0.39131,0.36903,0.33414,0.43325,0.40446,0.56351,0.43966,0.71173,0.42997,0.53891,0.45887,0.55826,0.54257,0.24679,0.36105,0.54684,0.42987,0.44496,0.19432,0.49855,0.47322,0.65835,0.35675,0.48086,0.31891,0.37233,0.36205,0.5776,0.26558,0.41047,0.43929,0.31537,0.30184,0.1743,0.10696,0.3285,0.31985,0.45906,0.4771,0.87537,0.31962,0.72143,0.56853,0.77864,0.75706,0.70151,0.6515,0.62378,0.63747,0.54674,0.50581,0.19679,0.16742,0.52963,0.37223,0.6673,0.57245,0.23497,0.58505,0.43273,0.36725,0.51187,0.44003,0.29725,0.16815,0.058411,0.22629,0.30745,0.12885,0.39234,0.37339,0.38588,0.24493
0.46818,0.35136,0.73001,0.7128,0.66047,0.70278,0.72242,0.67929,0.6259,0.59842,0.59547,0.55666,0.68305,0.74885,0.77972,1,0.42676,0.47821,0.6587,0.54038,0.50257,0.51368,0.69082,0.7027,0.64436,0.70268,0.70652,0.51861,0.58832,0.69107,0.72395,0.6709,0.56376,0.54141,0.32155,0.35183,0.54565,0.54657,0.6976,0.53185,0.39882,0.65463,0.5693,0.44645,0.46583,0.41473,0.46993,0.4624,0.56179,0.49288,0.71983,0.6034,0.50766,0.47366,0.63244,0.583,0.35933,0.4146,0.56793,0.48888,0.46829,0.29913,0.52197,0.57917,0.55011,0.50577,0.5323,0.43827,0.42708,0.36443,0.61711,0.47106,0.59231,0.6249,0.53638,0.61937,0.37637,0.26637,0.36471,0.45657,0.50254,0.59397,0.87288,0.57687,0.73698,0.68034,0.86541,0.62745,0.82016,0.63219,0.57424,0.49707,0.50022,0.4951,0.42369,0.28188,0.53917,0.43882,0.59403,0.4743,0.39064,0.46165,0.5376,0.31834,0.36982,0.30111,0.15871,0.26165,0.061205,0.42484,0.4079,0.12329,0.41006,0.47459,0.36619,0.35396
0.876,0.86181,0.4873,0.61934,0.34333,0.59544,0.35557,0.50671,0.29336,0.45171,0.68184,0.58477,0.31817,0.39615,0.35171,0.42676,1,0.8582,0.53083,0.77917,0.13303,0.22433,0.20204,0.38445,0.34893,0.4341,0.4058,0.31254,0.81991,0.5379,0.46196,0.50547,0.80459,0.81617,0.3645,0.34822,0.58305,0.40243,0.31842,0.52876,-0.15844,0.26187,0.65673,0.66703,0.62638,0.70619,0.6793,0.6885,0.76407,0.72713,0.68207,0.70394,0.73005,0.75353,0.60942,0.71205,0.90385,0.88455,0.73305,0.76108,0.6176,0.51584,0.61088,0.7056,0.14252,0.33285,0.76706,0.56899,0.7646,0.6541,0.19032,0.013755,0.43249,0.4069,0.32542,0.3883,0.11438,0.12297,0.89939,0.62587,0.8982,0.79018,0.57374,0.61405,0.59584,0.6742,0.3491,0.42013,0.50608,0.76879,0.13926,0.12584,0.048722,0.0023152,0.51032,0.40407,0.72308,0.64784,0.49287,0.71053,0.19593,0.46468,0.43372,0.31606,0.3808,0.37369,0.055072,0.38452,0.25814,-0.12332,0.07289,0.084217,0.25294,0.56114,0.29567,-0.095193
0.84221,0.78062,0.48542,0.55716,0.34857,0.57379,0.35361,0.46157,0.31783,0.39889,0.64519,0.60512,0.29723,0.51081,0.40035,0.47821,0.8582,1,0.50956,0.74153,0.18236,0.21315,0.1468,0.36087,0.35004,0.42435,0.39352,0.29543,0.75673,0.67443,0.43102,0.49211,0.71476,0.73671,0.43978,0.35516,0.5231,0.35656,0.30975,0.37879,0.042123,0.31048,0.70104,0.69516,0.69728,0.74549,0.78004,0.72688,0.78566,0.75719,0.72412,0.69562,0.71055,0.69348,0.55693,0.69798,0.84948,0.87757,0.67306,0.69774,0.51417,0.45477,0.56226,0.72858,0.19458,0.35433,0.7375,0.52226,0.81349,0.66065,0.088286,-0.075478,0.33411,0.39133,0.1974,0.32419,0.03752,-0.037764,0.7976,0.84881,0.93026,0.8908,0.64306,0.63828,0.68858,0.65083,0.35931,0.38749,0.49942,0.66577,0.11856,0.082865,-0.013571,-0.050623,0.49455,0.17105,0.72651,0.68592,0.45846,0.66624,0.13144,0.40573,0.41598,0.35424,0.34171,0.34157,0.087744,0.31585,-0.012607,0.13565,0.20788,0.10256,0.2879,0.50434,0.2977,-0.0063286
0.67733,0.54002,0.68966,0.60638,0.41421,0.56165,0.60209,0.43474,0.37707,0.37113,0.6318,0.50765,0.43992,0.39141,0.53749,0.6587,0.53083,0.50956,1,0.78244,0.20483,0.32966,0.47086,0.40536,0.31583,0.37337,0.37706,0.29861,0.63613,0.65243,0.46575,0.37581,0.64593,0.54582,0.1062,0.091196,0.51315,0.5815,0.59476,0.5396,0.26662,0.51546,0.43619,0.43228,0.41121,0.39525,0.46163,0.45527,0.56681,0.48533,0.61339,0.60639,0.51948,0.52212,0.6277,0.55728,0.52496,0.43627,0.68262,0.56108,0.46297,0.19529,0.46151,0.38864,0.23951,0.20008,0.52063,0.33052,0.53864,0.4023,0.36113,0.20242,0.63686,0.64706,0.54016,0.6031,0.36435,0.26061,0.40574,0.35648,0.52813,0.56043,0.66993,0.67738,0.68559,0.64224,0.63451,0.55019,0.63545,0.6284,0.36514,0.3492,0.21883,0.24358,0.50028,0.45786,0.47869,0.48289,0.54808,0.47961,0.17993,0.32301,0.33712,0.18324,0.27091,0.12137,0.19576,0.36968,0.24266,0.12081,0.20027,0.04182,0.1913,0.35862,0.2203,0.15824
0.83692,0.77394,0.5197,0.63917,0.28307,0.5415,0.39362,0.46932,0.21551,0.36117,0.65103,0.56645,0.32333,0.41132,0.38776,0.54038,0.77917,0.74153,0.78244,1,0.10334,0.24195,0.2392,0.39227,0.22444,0.30681,0.30427,0.28327,0.75079,0.66595,0.3694,0.38872,0.81797,0.77357,0.22765,0.20983,0.59839,0.46449,0.39976,0.54609,0.0097288,0.39467,0.51918,0.52903,0.53438,0.60696,0.61806,0.5849,0.69656,0.67938,0.63941,0.72254,0.62317,0.66142,0.61737,0.66453,0.80148,0.72584,0.71015,0.71139,0.53354,0.34077,0.63189,0.60603,0.07567,0.18348,0.71829,0.55102,0.8128,0.71157,0.17575,0.036096,0.49472,0.51402,0.3977,0.49926,0.29894,0.31199,0.67748,0.53913,0.76253,0.72135,0.60967,0.69267,0.62396,0.69879,0.44632,0.42238,0.56671,0.73485,0.2391,0.21129,0.08938,0.079699,0.46041,0.39982,0.58531,0.60647,0.50818,0.62741,0.23193,0.39255,0.42446,0.26996,0.32388,0.2247,0.14711,0.43488,0.28143,-0.0042698,0.14979,0.14395,0.27816,0.46164,0.24152,0.018902
0.059268,-0.025722,0.37321,0.28674,0.74281,0.35485,0.35506,0.24297,0.69331,0.42277,0.26186,0.10233,0.38078,0.42844,0.69179,0.50257,0.13303,0.18236,0.20483,0.10334,1,0.80888,0.52768,0.35448,0.37825,0.55007,0.75063,0.64534,0.29525,0.32502,0.6072,0.5311,0.16511,0.096813,0.23541,0.21061,0.22814,0.17584,0.39144,0.31491,0.15625,0.2882,0.33793,0.21632,0.2627,0.16177,0.25289,0.2111,0.29704,0.19658,0.40656,0.12479,0.27244,0.15966,0.31827,0.27955,0.020217,0.13635,0.23777,0.055298,0.16806,0.012962,0.22254,0.28886,0.43156,0.19732,0.23486,0.17802,0.21271,0.24203,0.5297,0.19949,0.31383,0.30768,0.16489,0.078358,0.25433,0.17848,0.17388,0.17934,0.22782,0.31457,0.58702,0.09543,0.3821,0.2994,0.5381,0.68559,0.4022,0.36043,0.50535,0.48284,0.44789,0.35796,0.00067834,0.038047,0.29983,0.15619,0.50904,0.39328,0.045458,0.28547,0.14652,0.14963,0.31645,0.27143,0.11019,-0.058367,0.049817,0.22688,0.2884,0.10578,0.30175,0.26663,0.28815,0.25855
0.2249,0.1285,0.42828,0.31997,0.65504,0.44084,0.43017,0.28981,0.59012,0.51886,0.30569,0.13436,0.40993,0.30594,0.60188,0.51368,0.22433,0.21315,0.32966,0.24195,0.80888,1,0.47747,0.40149,0.24984,0.44479,0.66906,0.69775,0.24783,0.32368,0.45963,0.3664,0.22012,0.16033,0.11358,0.0511,0.16963,0.33463,0.48844,0.51467,0.22717,0.38809,0.3339,0.31429,0.24168,0.22295,0.28601,0.31154,0.31771,0.33364,0.38951,0.2866,0.28976,0.29907,0.28545,0.33513,0.14227,0.19508,0.42209,0.16578,0.22922,0.04338,0.24333,0.24462,0.4144,0.1543,0.25708,0.096746,0.29885,0.2376,0.61572,0.23567,0.37073,0.38868,0.30384,0.24549,0.31355,0.19332,0.17242,0.21442,0.24293,0.38943,0.57636,0.30003,0.46201,0.47327,0.56383,0.60192,0.45532,0.47778,0.39263,0.3606,0.3693,0.29515,0.12295,0.21597,0.26603,0.26283,0.43929,0.34931,0.13541,0.1631,0.15594,0.053629,0.13645,0.080524,0.12126,0.014727,0.13468,0.09143,0.068991,-0.09003,0.14918,0.24346,0.14333,0.18736
0.2002,0.14511,0.75929,0.58528,0.7189,0.54971,0.70562,0.5455,0.73564,0.55313,0.45149,0.21197,0.65647,0.48655,0.75969,0.69082,0.20204,0.1468,0.47086,0.2392,0.52768,0.47747,1,0.7617,0.72475,0.75406,0.78527,0.6091,0.37541,0.3236,0.80642,0.7042,0.39956,0.333,0.31863,0.29624,0.4872,0.43422,0.56813,0.50585,0.050502,0.48357,0.51398,0.37166,0.31657,0.22148,0.29674,0.3225,0.4492,0.31125,0.61202,0.37045,0.42733,0.39912,0.56147,0.46724,0.11951,0.17367,0.42344,0.22411,0.38777,0.10169,0.28965,0.22876,0.71273,0.4633,0.30388,0.18671,0.1939,0.18309,0.62066,0.40423,0.463,0.48166,0.49599,0.46737,0.48091,0.42534,0.19243,0.032196,0.16789,0.22819,0.68314,0.18518,0.54285,0.48258,0.80091,0.67607,0.67714,0.52615,0.67142,0.67144,0.69255,0.63124,0.26143,0.44114,0.4289,0.25773,0.60866,0.44691,0.35538,0.46296,0.38119,0.17436,0.46001,0.35074,0.24467,0.11273,0.28109,0.14814,0.34889,0.1552,0.3752,0.2847,0.34371,0.3029
0.35403,0.33866,0.66249,0.67096,0.5216,0.62247,0.63501,0.72211,0.53083,0.61111,0.5079,0.37406,0.63312,0.58458,0.62534,0.7027,0.38445,0.36087,0.40536,0.39227,0.35448,0.40149,0.7617,1,0.63927,0.67448,0.6515,0.52295,0.40461,0.34244,0.62736,0.66327,0.5456,0.54409,0.36604,0.34893,0.48738,0.32635,0.38913,0.4032,-0.029728,0.35472,0.52756,0.39099,0.29734,0.29291,0.38281,0.39011,0.46866,0.41199,0.60935,0.4843,0.46622,0.50832,0.46957,0.47139,0.3096,0.35439,0.45149,0.37718,0.45148,0.3527,0.41544,0.46054,0.6555,0.59276,0.44869,0.32836,0.41732,0.26932,0.51034,0.29863,0.435,0.41044,0.42148,0.53326,0.32396,0.31736,0.39932,0.29839,0.37793,0.38435,0.6616,0.36642,0.57068,0.56286,0.6541,0.40156,0.62851,0.55085,0.5496,0.53345,0.55,0.53435,0.2705,0.34623,0.44073,0.3203,0.50231,0.45889,0.4822,0.49209,0.45607,0.27302,0.41096,0.36386,0.17478,0.21142,0.11768,0.19793,0.26817,0.23223,0.37906,0.37932,0.32331,0.15146
0.28967,0.23802,0.60391,0.57165,0.51987,0.58105,0.53999,0.53685,0.5949,0.56512,0.45943,0.35965,0.55086,0.58881,0.59143,0.64436,0.34893,0.35004,0.31583,0.22444,0.37825,0.24984,0.72475,0.63927,1,0.85801,0.69895,0.46324,0.44483,0.44338,0.81264,0.73858,0.37539,0.40777,0.53797,0.53751,0.43009,0.35859,0.43125,0.3234,0.14847,0.42816,0.51087,0.35494,0.34588,0.29611,0.34844,0.36518,0.4292,0.31101,0.625,0.33189,0.47231,0.33461,0.50886,0.45231,0.23387,0.36585,0.33492,0.30296,0.34571,0.30411,0.26585,0.35084,0.6022,0.61272,0.39001,0.31777,0.29871,0.25204,0.5027,0.41959,0.30917,0.39306,0.30886,0.43679,0.23813,0.17343,0.36878,0.36234,0.37273,0.37404,0.65682,0.289,0.48595,0.37422,0.64492,0.48151,0.6679,0.51045,0.46376,0.49645,0.5537,0.40733,0.30875,0.17225,0.49195,0.33494,0.45936,0.4094,0.32971,0.46443,0.38772,0.34362,0.46666,0.42232,0.1066,0.27506,0.056864,0.29976,0.42069,0.26168,0.36681,0.35186,0.35343,0.32159
0.35758,0.28089,0.60698,0.61686,0.69906,0.60694,0.55958,0.59332,0.70675,0.67008,0.48421,0.38811,0.49904,0.61086,0.66159,0.70268,0.4341,0.42435,0.37337,0.30681,0.55007,0.44479,0.75406,0.67448,0.85801,1,0.79023,0.62601,0.51194,0.49333,0.88043,0.84583,0.49076,0.49016,0.51886,0.52131,0.50385,0.41352,0.50422,0.45353,0.09688,0.42162,0.59112,0.46297,0.44595,0.38395,0.39299,0.40713,0.50352,0.39375,0.66567,0.40617,0.50892,0.44038,0.55802,0.52401,0.32097,0.38381,0.45833,0.32669,0.42695,0.31888,0.27839,0.41443,0.61582,0.60708,0.44991,0.34439,0.3629,0.30662,0.56951,0.39986,0.43484,0.49013,0.37295,0.4438,0.32184,0.30091,0.46544,0.3561,0.44459,0.46276,0.71933,0.27555,0.51057,0.47838,0.69864,0.60588,0.67862,0.59233,0.55858,0.51549,0.61424,0.46011,0.32631,0.30256,0.5543,0.38858,0.58949,0.53716,0.36809,0.54425,0.45614,0.35721,0.50004,0.46347,0.12997,0.24589,0.16471,0.20118,0.40218,0.1833,0.42744,0.53222,0.48889,0.32202
0.29112,0.23717,0.65303,0.57104,0.85097,0.6773,0.60097,0.53528,0.82634,0.62577,0.51596,0.35488,0.61282,0.61942,0.80436,0.70652,0.4058,0.39352,0.37706,0.30427,0.75063,0.66906,0.78527,0.6515,0.69895,0.79023,1,0.72624,0.51301,0.43842,0.84215,0.75272,0.46794,0.40799,0.46471,0.39722,0.52024,0.3987,0.53584,0.54443,-0.019333,0.43416,0.58273,0.44316,0.42733,0.34193,0.42853,0.43523,0.575,0.39404,0.66992,0.36238,0.50419,0.41995,0.60031,0.55528,0.24343,0.36876,0.50221,0.36433,0.39585,0.25054,0.38568,0.46286,0.61903,0.45616,0.48545,0.35738,0.35179,0.31772,0.56765,0.21117,0.35453,0.4123,0.28475,0.34922,0.25307,0.25686,0.41594,0.27714,0.41516,0.43975,0.7864,0.21162,0.57263,0.50352,0.74952,0.76307,0.65967,0.63579,0.63974,0.58838,0.59788,0.45475,0.21119,0.31092,0.56839,0.32019,0.6337,0.56515,0.22453,0.47642,0.29453,0.22358,0.5293,0.45804,0.19213,0.12424,0.23996,0.11789,0.31789,0.077009,0.38303,0.34608,0.36548,0.23505
0.223,0.19898,0.43269,0.39207,0.63576,0.55327,0.4398,0.41772,0.56491,0.60447,0.37949,0.20727,0.4676,0.43959,0.53287,0.51861,0.31254,0.29543,0.29861,0.28327,0.64534,0.69775,0.6091,0.52295,0.46324,0.62601,0.72624,1,0.36774,0.25766,0.59659,0.58593,0.41712,0.37856,0.44871,0.38068,0.36557,0.2863,0.36366,0.46033,0.062994,0.37193,0.43309,0.36889,0.33345,0.28763,0.25757,0.25885,0.36432,0.32134,0.43401,0.31976,0.25311,0.32326,0.33152,0.35938,0.17647,0.23748,0.38293,0.19973,0.3207,0.17656,0.33507,0.35843,0.49102,0.37701,0.36069,0.26025,0.27761,0.18634,0.46602,0.29301,0.47179,0.46964,0.37615,0.32963,0.42443,0.40913,0.30481,0.216,0.30017,0.36312,0.51779,0.12678,0.44653,0.42263,0.47464,0.52517,0.53655,0.46291,0.50474,0.42546,0.56167,0.47206,0.30487,0.25365,0.36546,0.26415,0.47762,0.48693,0.34014,0.32063,0.39413,0.30762,0.49404,0.45103,0.11439,0.13433,0.21548,0.090334,0.21538,0.14808,0.43472,0.41187,0.44807,0.36642
0.70867,0.67574,0.54133,0.6145,0.45413,0.57325,0.44219,0.50798,0.40053,0.38659,0.69757,0.62541,0.47224,0.62593,0.59734,0.58832,0.81991,0.75673,0.63613,0.75079,0.29525,0.24783,0.37541,0.40461,0.44483,0.51194,0.51301,0.36774,1,0.6675,0.66108,0.70559,0.84221,0.7587,0.37057,0.37,0.69912,0.35357,0.39687,0.41924,-0.02267,0.34076,0.55569,0.48976,0.54935,0.5517,0.55024,0.4931,0.67438,0.56008,0.70842,0.58559,0.64444,0.54823,0.61812,0.63494,0.68666,0.71833,0.63056,0.651,0.54331,0.38975,0.73753,0.75457,0.24338,0.28049,0.73678,0.59603,0.62165,0.55996,0.20307,0.12748,0.5247,0.5405,0.3011,0.38894,0.12561,0.155,0.74907,0.56685,0.83797,0.6852,0.69524,0.44257,0.65436,0.56522,0.47149,0.52196,0.59615,0.71858,0.33953,0.3446,0.20926,0.25884,0.45669,0.21055,0.75843,0.57243,0.60255,0.7237,0.20039,0.62773,0.54461,0.48674,0.59427,0.55866,0.23005,0.43288,0.17359,0.086089,0.28533,0.2861,0.41899,0.61152,0.47443,0.15284
0.56817,0.39891,0.52481,0.52789,0.40819,0.4958,0.45213,0.41781,0.38519,0.36436,0.4734,0.57227,0.32596,0.59088,0.53143,0.69107,0.5379,0.67443,0.65243,0.66595,0.32502,0.32368,0.3236,0.34244,0.44338,0.49333,0.43842,0.25766,0.6675,1,0.56287,0.52049,0.60429,0.57216,0.27638,0.2541,0.42111,0.5526,0.54489,0.4246,0.43039,0.64518,0.51165,0.42388,0.58128,0.51506,0.55655,0.48548,0.59584,0.54195,0.67368,0.60864,0.521,0.43829,0.56473,0.54127,0.50437,0.52675,0.55924,0.52072,0.34871,0.24427,0.49348,0.60076,0.19322,0.29372,0.593,0.47169,0.57788,0.50699,0.26141,0.17151,0.42758,0.56039,0.28943,0.48657,0.22577,0.13922,0.42018,0.69323,0.65243,0.73885,0.75945,0.7078,0.64736,0.57174,0.66638,0.47927,0.61821,0.5755,0.35082,0.30514,0.17745,0.13219,0.31663,0.077806,0.55806,0.56402,0.50404,0.47519,0.18503,0.37646,0.37218,0.29818,0.21104,0.1169,0.22368,0.3329,-0.075973,0.37618,0.40757,0.10152,0.3744,0.41336,0.23783,0.28892
0.36303,0.29912,0.6985,0.64779,0.7496,0.61623,0.62661,0.56687,0.75082,0.57529,0.59062,0.42992,0.60677,0.662,0.80643,0.72395,0.46196,0.43102,0.46575,0.3694,0.6072,0.45963,0.80642,0.62736,0.81264,0.88043,0.84215,0.59659,0.66108,0.56287,1,0.91837,0.55566,0.51155,0.51222,0.49394,0.58097,0.41717,0.55035,0.46544,0.065721,0.46659,0.58311,0.4183,0.48841,0.38219,0.42504,0.40187,0.59046,0.39581,0.73429,0.4112,0.56388,0.4499,0.62816,0.5495,0.31861,0.41852,0.50659,0.38781,0.45059,0.28631,0.4176,0.48979,0.62749,0.47506,0.53532,0.42516,0.36707,0.37782,0.54626,0.35619,0.45173,0.51719,0.34381,0.40234,0.25815,0.24242,0.469,0.34717,0.49348,0.47709,0.79843,0.2811,0.60908,0.48778,0.74837,0.71991,0.69903,0.6356,0.60926,0.59398,0.59003,0.49795,0.30879,0.27236,0.63581,0.40909,0.68071,0.59561,0.30885,0.62193,0.45501,0.36585,0.57724,0.51616,0.22274,0.24522,0.18713,0.2037,0.4375,0.23249,0.4679,0.48724,0.51396,0.37428
0.37213,0.33557,0.57031,0.59787,0.62129,0.55284,0.5135,0.55839,0.60383,0.51248,0.54817,0.42905,0.52271,0.6888,0.71841,0.6709,0.50547,0.49211,0.37581,0.38872,0.5311,0.3664,0.7042,0.66327,0.73858,0.84583,0.75272,0.58593,0.70559,0.52049,0.91837,1,0.59617,0.5507,0.50846,0.50735,0.59769,0.27494,0.39257,0.3321,-0.032933,0.3097,0.55039,0.397,0.47838,0.40505,0.3954,0.36244,0.53784,0.39557,0.65139,0.38215,0.5138,0.41475,0.53036,0.48912,0.3639,0.44934,0.40441,0.33354,0.42553,0.29463,0.47436,0.55711,0.57101,0.46945,0.51068,0.42995,0.38794,0.36801,0.41339,0.3309,0.40417,0.43228,0.26865,0.33728,0.21998,0.2645,0.52844,0.40566,0.55552,0.47703,0.72681,0.22632,0.56997,0.41976,0.62241,0.57961,0.6134,0.55596,0.52956,0.52478,0.51915,0.48343,0.28119,0.17078,0.65412,0.38745,0.61134,0.61642,0.33775,0.65296,0.51864,0.4576,0.61556,0.6125,0.22314,0.25726,0.11902,0.18578,0.41525,0.32485,0.48934,0.57346,0.57146,0.34467
0.71714,0.69937,0.54375,0.64536,0.42663,0.57411,0.48527,0.59934,0.36234,0.47221,0.67591,0.56512,0.44923,0.53362,0.46457,0.56376,0.80459,0.71476,0.64593,0.81797,0.16511,0.22012,0.39956,0.5456,0.37539,0.49076,0.46794,0.41712,0.84221,0.60429,0.55566,0.59617,1,0.93447,0.4611,0.46122,0.73697,0.51047,0.43157,0.59333,-0.10156,0.40945,0.60008,0.54258,0.58136,0.5908,0.55766,0.53765,0.69117,0.59457,0.71693,0.71539,0.65175,0.6939,0.69976,0.71437,0.72665,0.68238,0.71347,0.69091,0.61176,0.45926,0.68859,0.73316,0.29114,0.39238,0.83861,0.72054,0.66381,0.59341,0.21506,0.10006,0.59191,0.56365,0.47962,0.56061,0.32387,0.38883,0.73403,0.48183,0.76792,0.65927,0.612,0.48871,0.61744,0.68891,0.49483,0.47407,0.62697,0.75319,0.43366,0.38065,0.28722,0.33244,0.50466,0.46191,0.72417,0.57851,0.61917,0.73694,0.33644,0.61065,0.53153,0.41931,0.58988,0.49317,0.23001,0.47032,0.27614,-0.017061,0.25512,0.19454,0.44065,0.56993,0.44597,0.11083
0.71594,0.73442,0.5179,0.68194,0.36714,0.57037,0.4722,0.66196,0.31341,0.47802,0.6574,0.59019,0.43706,0.51024,0.35772,0.54141,0.81617,0.73671,0.54582,0.77357,0.096813,0.16033,0.333,0.54409,0.40777,0.49016,0.40799,0.37856,0.7587,0.57216,0.51155,0.5507,0.93447,1,0.52601,0.54134,0.69947,0.52391,0.4504,0.59616,-0.069322,0.41806,0.6696,0.60755,0.62361,0.6514,0.60456,0.60497,0.70237,0.63502,0.7109,0.74854,0.65988,0.70307,0.69253,0.70393,0.75098,0.73606,0.70327,0.7263,0.63544,0.56974,0.63213,0.7387,0.25624,0.49429,0.84974,0.77236,0.67761,0.61352,0.23491,0.14208,0.54579,0.55079,0.50388,0.57922,0.34927,0.38068,0.75741,0.52646,0.7625,0.68352,0.5587,0.52589,0.55771,0.6691,0.42693,0.38808,0.60018,0.70711,0.36307,0.30216,0.25842,0.2785,0.54094,0.48155,0.7189,0.5658,0.57083,0.6735,0.41207,0.55391,0.55641,0.36524,0.49905,0.40631,0.15914,0.4621,0.20593,0.024958,0.24213,0.194,0.43184,0.54011,0.38279,0.088738
0.23075,0.27253,0.32464,0.40631,0.4383,0.37306,0.36423,0.42694,0.45717,0.37297,0.43102,0.28892,0.4173,0.49407,0.33105,0.32155,0.3645,0.43978,0.1062,0.22765,0.23541,0.11358,0.31863,0.36604,0.53797,0.51886,0.46471,0.44871,0.37057,0.27638,0.51222,0.50846,0.4611,0.52601,1,0.82818,0.46706,0.259,0.20464,0.32537,-0.074294,0.21943,0.5133,0.40735,0.48253,0.41647,0.38722,0.36863,0.44657,0.28216,0.51867,0.31632,0.42403,0.38596,0.44907,0.45581,0.26318,0.38369,0.33536,0.31494,0.3439,0.42796,0.25748,0.4917,0.50554,0.56167,0.62464,0.61792,0.32354,0.30072,0.23469,0.068426,0.20407,0.20872,0.12629,0.14106,0.12245,0.11706,0.42557,0.36121,0.43009,0.40592,0.38522,0.080575,0.37946,0.34987,0.28823,0.36868,0.46651,0.39492,0.40294,0.3141,0.38994,0.30368,0.36108,0.14902,0.49487,0.38542,0.42346,0.48397,0.3118,0.3718,0.34514,0.44643,0.58483,0.52094,0.1767,0.26678,0.042361,0.21139,0.37223,0.21438,0.3571,0.33819,0.42267,0.25677
0.19708,0.21471,0.21584,0.40732,0.36661,0.36645,0.31087,0.43489,0.38448,0.37159,0.34608,0.3516,0.33172,0.49152,0.2409,0.35183,0.34822,0.35516,0.091196,0.20983,0.21061,0.0511,0.29624,0.34893,0.53751,0.52131,0.39722,0.38068,0.37,0.2541,0.49394,0.50735,0.46122,0.54134,0.82818,1,0.45136,0.31519,0.22231,0.31203,-0.055003,0.19974,0.4348,0.33153,0.48591,0.42726,0.26551,0.27644,0.37913,0.22315,0.42844,0.32857,0.36006,0.33757,0.42892,0.3791,0.23554,0.31494,0.26229,0.32935,0.34315,0.51741,0.21606,0.48654,0.3393,0.60846,0.58468,0.72252,0.22495,0.27308,0.25262,0.18996,0.27155,0.28255,0.21427,0.23941,0.22399,0.23832,0.44928,0.28585,0.38622,0.32334,0.30345,0.084846,0.26955,0.29054,0.27991,0.30004,0.41723,0.35971,0.472,0.33949,0.47881,0.3659,0.36188,0.16514,0.38877,0.31068,0.41587,0.43223,0.43261,0.41656,0.37809,0.428,0.56787,0.5002,0.1203,0.33632,0.055217,0.25702,0.42164,0.28222,0.40157,0.36375,0.36894,0.26791
0.55107,0.49089,0.56855,0.65245,0.52534,0.60381,0.56841,0.6005,0.50418,0.46941,0.63063,0.52811,0.50558,0.54668,0.50425,0.54565,0.58305,0.5231,0.51315,0.59839,0.22814,0.16963,0.4872,0.48738,0.43009,0.50385,0.52024,0.36557,0.69912,0.42111,0.58097,0.59769,0.73697,0.69947,0.46706,0.45136,1,0.48599,0.47796,0.54237,-0.14798,0.39251,0.53486,0.48844,0.46751,0.49357,0.3956,0.44595,0.57367,0.45201,0.63775,0.5725,0.56249,0.54918,0.66101,0.69243,0.50782,0.48238,0.61586,0.57586,0.68081,0.45037,0.57726,0.54449,0.41305,0.478,0.73571,0.63546,0.5269,0.51982,0.21537,0.21146,0.42506,0.44609,0.44854,0.46013,0.37692,0.42472,0.60058,0.2985,0.57366,0.44133,0.56151,0.20479,0.52269,0.52696,0.48518,0.46786,0.68285,0.64736,0.56026,0.52038,0.4739,0.49522,0.39437,0.50998,0.62641,0.54313,0.60042,0.69601,0.36764,0.62035,0.53344,0.46538,0.70188,0.60318,0.27325,0.41067,0.37988,0.05845,0.34698,0.30322,0.47615,0.56502,0.50705,0.17938
0.45547,0.29603,0.56566,0.53688,0.41485,0.46982,0.58365,0.47481,0.41543,0.49273,0.39263,0.3634,0.30187,0.23938,0.31474,0.54657,0.40243,0.35656,0.5815,0.46449,0.17584,0.33463,0.43422,0.32635,0.35859,0.41352,0.3987,0.2863,0.35357,0.5526,0.41717,0.27494,0.51047,0.52391,0.259,0.31519,0.48599,1,0.73745,0.8465,0.27744,0.71314,0.5328,0.48119,0.50389,0.4513,0.42625,0.52174,0.52442,0.47178,0.60641,0.64821,0.55998,0.54803,0.69767,0.619,0.40052,0.35067,0.64375,0.49377,0.5359,0.29787,0.31764,0.3186,0.31035,0.40097,0.5368,0.43311,0.37158,0.40923,0.37612,0.30175,0.49457,0.56743,0.63386,0.69729,0.59556,0.50485,0.31237,0.22456,0.32673,0.46931,0.51772,0.57315,0.50945,0.63682,0.64757,0.50903,0.66216,0.57002,0.51876,0.44042,0.4071,0.34296,0.42749,0.59069,0.40523,0.48437,0.58348,0.48769,0.39859,0.30877,0.42066,0.084423,0.20749,-0.0073265,0.25563,0.34404,0.37795,0.13642,0.32755,-0.023203,0.30612,0.26906,0.045763,0.16872
0.40294,0.29609,0.61962,0.55021,0.57959,0.45322,0.60397,0.44547,0.54791,0.46638,0.40524,0.27472,0.41188,0.3245,0.51075,0.6976,0.31842,0.30975,0.59476,0.39976,0.39144,0.48844,0.56813,0.38913,0.43125,0.50422,0.53584,0.36366,0.39687,0.54489,0.55035,0.39257,0.43157,0.4504,0.20464,0.22231,0.47796,0.73745,1,0.7282,0.50929,0.65888,0.58291,0.53301,0.49904,0.42998,0.44524,0.53672,0.50881,0.46544,0.59758,0.57331,0.47106,0.43441,0.63084,0.54865,0.31223,0.32099,0.59396,0.41556,0.38073,0.16783,0.25494,0.24303,0.37471,0.3379,0.44499,0.34488,0.29361,0.33078,0.51386,0.28599,0.50443,0.57353,0.58883,0.51641,0.54512,0.35962,0.25512,0.25624,0.29895,0.48998,0.62936,0.49697,0.57927,0.62146,0.7623,0.65143,0.67852,0.55294,0.41499,0.33368,0.33375,0.32552,0.40683,0.48171,0.47472,0.40589,0.55154,0.3135,0.24426,0.22912,0.28934,-0.025077,0.13821,-0.023545,0.075163,0.14606,0.16637,0.30114,0.30954,-0.086377,0.20494,0.29249,0.12477,0.20196
0.51945,0.44754,0.56907,0.56397,0.56533,0.49881,0.53618,0.49384,0.51556,0.54486,0.42387,0.26584,0.3606,0.22142,0.4094,0.53185,0.52876,0.37879,0.5396,0.54609,0.31491,0.51467,0.50585,0.4032,0.3234,0.45353,0.54443,0.46033,0.41924,0.4246,0.46544,0.3321,0.59333,0.59616,0.32537,0.31203,0.54237,0.8465,0.7282,1,0.056098,0.59628,0.61213,0.59364,0.5259,0.51935,0.50844,0.60934,0.61959,0.56807,0.64044,0.67555,0.60735,0.63787,0.71222,0.69701,0.49615,0.4663,0.71797,0.54869,0.5381,0.2778,0.33662,0.33595,0.35191,0.36541,0.59898,0.46477,0.47014,0.47806,0.49378,0.24118,0.50738,0.53739,0.61809,0.60637,0.59007,0.54179,0.42358,0.14484,0.38905,0.48979,0.54914,0.47213,0.51687,0.73469,0.62772,0.64716,0.64072,0.70082,0.48431,0.38949,0.39845,0.31818,0.47115,0.7129,0.51598,0.53341,0.60886,0.56007,0.37357,0.34126,0.38049,0.034771,0.28139,0.097831,0.17327,0.28889,0.48395,-0.039636,0.21018,-0.11194,0.24408,0.33753,0.11596,0.01724
0.029277,-0.1344,0.16895,0.038468,0.063317,0.069772,0.19581,0.052107,0.053595,0.1118,-0.030233,0.090385,0.075877,0.16594,0.11803,0.39882,-0.15844,0.042123,0.26662,0.0097288,0.15625,0.22717,0.050502,-0.029728,0.14847,0.09688,-0.019333,0.062994,-0.02267,0.43039,0.065721,-0.032933,-0.10156,-0.069322,-0.074294,-0.055003,-0.14798,0.27744,0.50929,0.056098,1,0.54552,0.10637,0.09269,0.16283,0.0541,0.094206,0.081647,-0.022822,0.091868,0.11546,0.19559,-0.051392,-0.092168,0.026204,0.016392,-0.10418,-0.094424,0.019779,-0.066356,-0.14274,-0.11593,-0.018992,0.0070501,0.053049,0.058668,-0.073743,-0.053246,-0.029611,-0.071619,0.27229,0.35095,0.30617,0.42031,0.29139,0.26808,0.19341,-0.10629,-0.26783,0.32883,-0.012894,0.25639,0.2303,0.38878,0.27203,0.16148,0.34739,0.099466,0.26235,-0.023755,0.0055491,-0.03613,-0.031549,0.033199,0.2359,-0.2003,0.0053096,0.1596,-0.0071011,-0.20134,0.01766,-0.23359,0.065992,-0.01524,-0.28168,-0.33321,-0.078321,-0.021842,-0.40004,0.63613,0.27684,-0.08803,0.025809,0.088513,-0.044702,0.36166
0.33615,0.16523,0.57218,0.49078,0.44708,0.47215,0.59941,0.48501,0.46058,0.47025,0.34095,0.38411,0.41837,0.4257,0.45311,0.65463,0.26187,0.31048,0.51546,0.39467,0.2882,0.38809,0.48357,0.35472,0.42816,0.42162,0.43416,0.37193,0.34076,0.64518,0.46659,0.3097,0.40945,0.41806,0.21943,0.19974,0.39251,0.71314,0.65888,0.59628,0.54552,1,0.43263,0.37451,0.40807,0.32596,0.34547,0.38777,0.4144,0.39247,0.54882,0.56498,0.36454,0.37724,0.53524,0.47843,0.23877,0.22521,0.50093,0.38046,0.35849,0.17924,0.3503,0.37038,0.33943,0.34319,0.41051,0.34537,0.30735,0.27712,0.40678,0.39162,0.5484,0.68758,0.6274,0.68713,0.44419,0.28588,0.079653,0.28478,0.269,0.45559,0.56932,0.49788,0.53524,0.57718,0.68583,0.49439,0.61414,0.46851,0.50975,0.44569,0.41712,0.3984,0.4043,0.33615,0.37721,0.42987,0.5103,0.3863,0.37776,0.25583,0.44168,0.21479,0.20145,0.04849,0.27484,0.28864,0.1242,0.38777,0.47669,0.066811,0.38001,0.31205,0.17538,0.40518
0.66655,0.61075,0.65543,0.60884,0.57395,0.52466,0.50978,0.55219,0.56562,0.52282,0.5661,0.40714,0.40325,0.4421,0.51516,0.5693,0.65673,0.70104,0.43619,0.51918,0.33793,0.3339,0.51398,0.52756,0.51087,0.59112,0.58273,0.43309,0.55569,0.51165,0.58311,0.55039,0.60008,0.6696,0.5133,0.4348,0.53486,0.5328,0.58291,0.61213,0.10637,0.43263,1,0.92677,0.86971,0.83394,0.88536,0.88262,0.85419,0.83438,0.83206,0.76689,0.79555,0.7412,0.72567,0.77997,0.67839,0.69701,0.68529,0.55231,0.49466,0.35559,0.43349,0.53793,0.42201,0.46005,0.6394,0.46287,0.62471,0.6128,0.35963,0.098436,0.40875,0.45392,0.41866,0.35515,0.38231,0.25389,0.62049,0.53439,0.67226,0.74387,0.66289,0.51959,0.68728,0.72074,0.60086,0.63302,0.63837,0.67519,0.36231,0.29839,0.22466,0.18764,0.5041,0.45144,0.79334,0.68202,0.62459,0.66644,0.1927,0.38638,0.3932,0.1542,0.31563,0.24851,0.029369,0.14319,0.11836,0.15077,0.33829,0.058857,0.37799,0.45075,0.24627,0.0099137
