1,0.59775,0.67717,0.22638,0.53261,0.15071,0.54995,0.3638,0.51598,0.29419,0.67871,0.31956,0.65094,0.4398,0.55752,0.31342,0.41214,0.403,0.66396,0.47616,-0.04919,0.32752,0.28261,0.38589,0.11074,0.23572,0.14819,0.030361,0.29609,0.23838,0.13606,0.37877,0.53703,0.38495,0.46531,0.18473,0.20211,0.38781,0.2628,0.20833,-0.052177,0.17593,0.59775,0.41858,0.46199,0.29848,0.59143,0.48489,0.38269,0.26129,0.46243,0.22084,0.45733,0.40226,0.52628,0.54468,0.67235,0.45364,0.57804,0.20876,0.63398,0.29229,0.29667,0.33196,0.42876,0.32906,0.41328,0.16555,0.61731,0.3074,0.49372,0.45707,0.45874,0.38466,0.46486,0.42941,0.32882,0.12466,0.1565,0.32991,0.42176,0.41456,0.27151,0.31711,0.57543,0.39332,0.40317,0.46745,0.48773,0.47891,0.3881,0.45159,0.25688,0.46789,0.30439,0.25332,0.5941,0.61998,0.47156,0.61517,0.26371,0.42948,0.48334,0.4139,0.45284,0.33298,0.2708,0.23848,0.31464,0.20722,0.085216,0.51825,0.29227,0.30393,0.098579,-0.31019
0.59775,1,0.40676,0.44196,0.34211,0.38711,0.42838,0.54141,0.37624,0.35098,0.61678,0.66914,0.48867,0.58144,0.49092,0.49505,0.74906,0.75532,0.7454,0.84883,0.26318,0.35796,-0.16189,0.36481,0.26156,0.35159,0.26427,0.27229,0.66749,0.71335,0.52491,0.54916,0.71751,0.71639,0.23,0.36162,0.1334,0.27361,0.17937,-0.1542,-0.082579,-0.11908,0.56055,0.47383,0.46619,0.4431,0.5051,0.53194,0.5498,0.48711,0.34197,0.3336,0.3675,0.15943,0.26935,0.37094,0.78333,0.82412,0.73958,0.60561,0.63771,0.6638,0.76989,0.79962,0.16191,0.50863,0.41001,0.19499,0.54312,0.48735,0.37602,0.52515,0.52991,0.57868,0.53228,0.49102,0.50806,0.41888,0.50786,0.63232,0.69962,0.73644,0.34858,0.2585,0.40499,0.37525,0.13858,0.1709,0.25181,0.27033,0.30875,0.073157,0.20056,0.20947,-0.10071,-0.23212,0.56973,0.40701,0.55383,0.46671,0.44556,0.3931,0.68956,0.62367,0.46674,0.44467,0.59333,0.25882,-0.06672,-0.051206,0.35103,0.40999,0.34397,0.44327,0.32711,-0.52443
0.67717,0.40676,1,0.50453,0.45757,0.24938,0.84808,0.54052,0.56362,0.29534,0.45451,0.17044,0.53107,0.30243,0.4355,0.20986,0.22843,0.26112,0.59956,0.3171,-0.1677,0.24675,0.27354,0.53814,0.22806,0.35477,0.10333,0.048757,0.12545,0.075118,0.25739,0.47808,0.4051,0.2464,0.53208,0.21414,0.13272,0.3679,0.26163,0.17169,-0.16443,0.09267,0.73355,0.55377,0.52032,0.4118,0.69031,0.5549,0.33031,0.37234,0.63015,0.39251,0.48129,0.46567,0.61813,0.62178,0.42559,0.25107,0.54717,0.1614,0.505,0.19877,0.18582,0.1941,0.51258,0.31249,0.65413,0.31891,0.53295,0.15874,0.4465,0.48462,0.36796,0.34567,0.41065,0.4226,0.27203,0.088543,0.074675,0.1921,0.2383,0.2738,0.033813,0.1323,0.45126,0.30025,0.22236,0.31234,0.54923,0.45496,0.63734,0.64265,0.58117,0.67714,0.18968,0.16794,0.63185,0.53606,0.63989,0.70282,0.36567,0.5938,0.53131,0.56357,0.52435,0.41614,0.34658,0.24066,0.28852,0.041545,0.072872,0.65445,0.57318,0.42901,0.29222,-0.1667
0.22638,0.44196,0.50453,1,0.20883,0.45048,0.49274,0.77752,0.34185,0.38781,0.18842,0.38485,0.12813,0.38484,0.11363,0.34154,0.26457,0.3231,0.33548,0.38142,0.089362,0.29442,-0.0070548,0.61033,0.50444,0.50331,0.19827,0.31409,0.21282,0.27542,0.42257,0.5864,0.4747,0.55221,0.43932,0.52935,0.19276,0.42227,0.2847,0.084258,0.06387,0.020164,0.56105,0.6192,0.48231,0.71636,0.40077,0.50916,0.32525,0.542,0.56679,0.67231,0.29655,0.21057,0.31035,0.32891,0.43405,0.33501,0.46526,0.53134,0.37283,0.41283,0.33044,0.32435,0.27424,0.62719,0.68973,0.71666,0.38118,0.28749,0.33884,0.50245,0.42722,0.51293,0.42451,0.37702,0.36949,0.3127,0.25414,0.29348,0.32842,0.3485,0.12704,0.20284,0.25155,0.4647,0.095772,0.30211,0.27452,0.41634,0.4784,0.20766,0.5372,0.29757,-0.079759,-0.1216,0.4249,0.38271,0.48403,0.31144,0.46912,0.47271,0.51325,0.50334,0.58029,0.36286,0.59728,0.12841,0.01746,-0.0045042,0.27224,0.23386,0.3516,0.35851,0.14833,-0.13962
0.53261,0.34211,0.45757,0.20883,1,0.57531,0.28462,0.19915,0.69204,0.57842,0.25313,0.10928,0.32186,0.18427,0.58167,0.57672,0.33381,0.26015,0.37032,0.42451,0.25632,0.60341,0.40149,0.2734,0.35827,0.44433,0.45722,0.33471,0.25469,0.26225,0.01093,0.17371,0.35519,0.36446,0.33267,0.36245,0.41077,0.60686,0.47721,0.39977,0.27568,0.4086,0.52798,0.42621,0.47113,0.46481,0.46961,0.44717,0.36228,0.2699,0.56149,0.38116,0.51998,0.48636,0.57328,0.62945,0.49902,0.31868,0.3279,0.22309,0.31648,0.11509,0.19497,0.25272,0.2377,0.19072,0.4855,0.40064,0.4459,0.3018,0.45433,0.40621,0.49976,0.47405,0.58767,0.55351,0.34915,0.18422,0.12536,0.29595,0.43285,0.46886,0.52971,0.57214,0.70009,0.59266,0.58374,0.57714,0.71038,0.6434,0.35836,0.33069,0.33401,0.33986,0.22525,0.1936,0.3471,0.60855,0.49685,0.50845,0.23887,0.27216,0.30269,0.34048,0.61599,0.39038,0.25303,-0.27769,0.22673,0.434,0.27628,0.19548,0.2791,0.27791,0.12629,-0.24105
0.15071,0.38711,0.24938,0.45048,0.57531,1,0.2368,0.45042,0.42437,0.85046,0.11721,0.30055,0.10729,0.21754,0.42368,0.62951,0.3966,0.38845,0.1917,0.45418,0.43327,0.56177,-0.17874,0.24916,0.57813,0.66012,0.62046,0.83076,0.36265,0.41368,0.34141,0.4026,0.41065,0.51529,0.15201,0.51235,0.16425,0.42424,0.23551,0.029457,0.14353,0.037457,0.44564,0.47327,0.42258,0.56757,0.35562,0.43724,0.49466,0.42504,0.43566,0.48834,0.4227,0.34874,0.29997,0.43481,0.45852,0.4466,0.27817,0.34599,0.26281,0.38552,0.4548,0.49598,-0.080726,0.37075,0.34591,0.34122,0.10152,0.26839,0.3669,0.49689,0.44457,0.47611,0.53952,0.51243,0.44111,0.39558,0.29864,0.4147,0.46633,0.4929,0.30667,0.29072,0.2443,0.40834,0.069858,0.16386,0.24109,0.47868,0.2581,0.10861,0.27518,0.11191,-0.17699,-0.21269,0.24318,0.30412,0.43701,0.32217,0.24505,0.27344,0.38666,0.43278,0.49789,0.29083,0.4603,-0.15747,-0.081883,0.073497,0.38919,0.18057,0.26078,0.37626,0.24505,-0.23747
0.54995,0.42838,0.84808,0.49274,0.28462,0.2368,1,0.68898,0.57248,0.27599,0.53651,0.29256,0.5724,0.3088,0.40184,0.2008,0.32351,0.35233,0.63438,0.36224,-0.19888,0.11591,0.033435,0.46896,0.12598,0.23742,-0.068789,-0.011299,0.24624,0.1751,0.35661,0.52364,0.44468,0.27132,0.40114,0.15677,-0.024769,0.15339,-0.014032,-0.13197,-0.3248,-0.1821,0.55547,0.45936,0.50234,0.39964,0.60017,0.45397,0.38496,0.42282,0.51994,0.37255,0.35247,0.33837,0.36637,0.43271,0.33684,0.20008,0.58221,0.14458,0.53876,0.2796,0.29606,0.30753,0.57874,0.42775,0.60436,0.23089,0.3874,0.18237,0.3508,0.47415,0.34646,0.31443,0.37742,0.35872,0.29384,0.17129,0.14341,0.22949,0.22434,0.28713,-0.10606,-0.019006,0.25959,0.15697,-0.057362,0.06238,0.31125,0.27372,0.61013,0.57114,0.56401,0.69814,-0.04294,-0.051383,0.50057,0.33469,0.56453,0.62857,0.45128,0.68949,0.53362,0.61157,0.41407,0.39302,0.39696,0.37951,0.13987,-0.21014,0.085806,0.56536,0.52012,0.39574,0.2468,-0.20561
0.3638,0.54141,0.54052,0.77752,0.19915,0.45042,0.68898,1,0.36809,0.48739,0.38917,0.52482,0.36488,0.55393,0.19344,0.30165,0.3791,0.39707,0.43089,0.42653,-0.089392,0.22145,-0.23454,0.56015,0.32398,0.47812,0.099507,0.25945,0.29745,0.34086,0.40783,0.65587,0.57867,0.55803,0.29722,0.37946,-0.109,0.22561,-0.071668,-0.1245,-0.2896,-0.15981,0.46726,0.54497,0.52121,0.68563,0.44189,0.44039,0.41652,0.55338,0.39033,0.53056,0.30909,0.21227,0.26664,0.33045,0.49506,0.30321,0.62605,0.47115,0.61223,0.59513,0.43599,0.48427,0.38131,0.77796,0.57345,0.50704,0.36354,0.17071,0.24813,0.46498,0.45952,0.47815,0.41864,0.42371,0.27594,0.18292,0.15847,0.23622,0.25711,0.33985,-0.048888,0.14184,0.078197,0.3022,-0.068363,0.13723,0.15955,0.40241,0.56647,0.38944,0.54383,0.37174,-0.056898,-0.070317,0.44664,0.31372,0.57111,0.44132,0.54178,0.58793,0.61956,0.60703,0.45297,0.23898,0.6371,0.37636,0.14883,-0.16565,0.026004,0.44443,0.38974,0.33652,0.068619,-0.21163
0.51598,0.37624,0.56362,0.34185,0.69204,0.42437,0.57248,0.36809,1,0.47507,0.39047,0.23319,0.42027,0.16774,0.5962,0.49586,0.43007,0.42936,0.52743,0.45154,0.098187,0.39575,0.28821,0.38704,0.25833,0.33408,0.13319,0.10806,0.38272,0.31123,0.15221,0.29744,0.39,0.34009,0.31477,0.30296,0.28542,0.43708,0.33324,0.18066,0.12891,0.18025,0.58777,0.41912,0.48956,0.45715,0.51964,0.48601,0.39742,0.40308,0.53709,0.41891,0.43333,0.45221,0.462,0.54213,0.42509,0.27104,0.44104,0.16472,0.34093,0.14929,0.20512,0.2635,0.3448,0.30461,0.47911,0.32862,0.44679,0.29701,0.52708,0.48856,0.47618,0.43132,0.52532,0.46325,0.46514,0.31957,0.28021,0.36095,0.48177,0.51416,0.27843,0.41375,0.58683,0.44517,0.31736,0.36608,0.51407,0.46599,0.38432,0.33637,0.36632,0.43605,0.062007,-0.0048571,0.37075,0.4615,0.49845,0.53249,0.30555,0.39965,0.35299,0.38328,0.54463,0.4433,0.34099,-0.18348,0.056994,0.16677,0.32595,0.23241,0.30165,0.42003,0.26403,-0.18957
0.29419,0.35098,0.29534,0.38781,0.57842,0.85046,0.27599,0.48739,0.47507,1,0.2201,0.33836,0.2497,0.38947,0.47313,0.59686,0.33316,0.37675,0.16339,0.3334,0.27534,0.55617,-0.10302,0.24656,0.60332,0.69791,0.6015,0.73525,0.24061,0.2675,0.12413,0.25509,0.42542,0.45535,0.22865,0.38919,0.12022,0.45272,0.18521,0.099413,0.14476,0.075993,0.45975,0.48493,0.49527,0.55168,0.43049,0.47007,0.49834,0.39624,0.44579,0.5041,0.42821,0.39486,0.33786,0.48594,0.45175,0.37873,0.29084,0.25607,0.3326,0.39602,0.2688,0.4329,0.083143,0.44743,0.32435,0.33347,0.13838,0.14178,0.33318,0.40681,0.43456,0.44553,0.51289,0.57708,0.3863,0.28788,0.22797,0.32444,0.36513,0.41491,0.18816,0.33061,0.28891,0.43463,0.09465,0.27579,0.30514,0.59845,0.27383,0.22022,0.25696,0.12496,-0.058533,-0.066603,0.27482,0.35603,0.40281,0.3348,0.17145,0.27129,0.34928,0.38518,0.46339,0.22103,0.40534,-0.10138,0.07428,0.12406,0.24612,0.18732,0.29152,0.33504,0.18635,-0.23989
0.67871,0.61678,0.45451,0.18842,0.25313,0.11721,0.53651,0.38917,0.39047,0.2201,1,0.53404,0.81425,0.49569,0.65278,0.38209,0.67922,0.68287,0.73204,0.58177,0.13812,0.20457,-0.045979,0.44399,0.16159,0.18928,0.13378,0.0099688,0.62577,0.49916,0.43124,0.48825,0.65585,0.54572,0.36509,0.23973,0.053559,0.050505,0.0051439,-0.23281,-0.25031,-0.17511,0.35432,0.19537,0.3745,0.13852,0.37318,0.24853,0.37617,0.1688,0.22468,0.0014948,0.15866,0.10846,0.14916,0.17582,0.56667,0.46942,0.52685,0.17205,0.68728,0.32701,0.57526,0.51389,0.50914,0.38167,0.32834,0.039472,0.3773,0.3948,0.29256,0.4334,0.454,0.38461,0.46822,0.30569,0.45873,0.32112,0.44024,0.54706,0.5396,0.5621,0.23143,0.094804,0.46052,0.29583,0.063487,0.14206,0.16057,0.091252,0.24698,0.16541,0.14175,0.35826,-0.1375,-0.17085,0.33133,0.15433,0.25514,0.36094,0.32683,0.45636,0.45031,0.40974,0.2233,0.3461,0.38492,0.32207,-0.085457,-0.19407,0.15203,0.30867,0.095378,0.30059,0.17144,-0.35108
0.31956,0.66914,0.17044,0.38485,0.10928,0.30055,0.29256,0.52482,0.23319,0.33836,0.53404,1,0.4538,0.80309,0.40661,0.42053,0.65474,0.73286,0.52585,0.63787,0.33919,0.29515,-0.2113,0.37601,0.28118,0.37423,0.26655,0.23571,0.62912,0.6855,0.47447,0.50296,0.69562,0.68432,0.17113,0.3496,0.10295,0.16857,0.042636,-0.24528,-0.074496,-0.23165,0.3513,0.4223,0.45011,0.45726,0.33015,0.40222,0.484,0.46509,0.1456,0.29575,0.15392,-0.050787,0.089305,0.11493,0.58993,0.46098,0.62401,0.38983,0.60895,0.62187,0.64662,0.7081,0.089787,0.59206,0.32383,0.24027,0.29324,0.39671,0.21769,0.41904,0.49122,0.48768,0.40682,0.38925,0.57565,0.50707,0.54123,0.53526,0.56586,0.58702,0.22694,0.20245,0.16635,0.29781,-0.055652,0.042295,0.0097273,0.22956,0.076058,-0.13285,0.072532,0.020191,-0.31652,-0.35089,0.14173,0.13062,0.23509,0.10014,0.38569,0.29116,0.40967,0.43217,0.35565,0.35473,0.46778,0.13077,-0.25433,-0.16759,0.32668,0.10999,0.11888,0.32572,0.16207,-0.43304
0.65094,0.48867,0.53107,0.12813,0.32186,0.10729,0.5724,0.36488,0.42027,0.2497,0.81425,0.4538,1,0.53674,0.67025,0.25202,0.5421,0.5906,0.60666,0.39693,-0.0043912,0.12775,-0.0085315,0.31843,0.1168,0.17178,0.10039,-0.04828,0.44254,0.33623,0.21801,0.33766,0.54964,0.39351,0.38719,0.15206,0.08916,0.097568,0.029856,-0.15788,-0.32062,-0.137,0.43937,0.30755,0.45995,0.1969,0.45922,0.34403,0.40447,0.26091,0.27657,0.060727,0.15,0.12913,0.23072,0.23335,0.45586,0.32687,0.50838,0.085811,0.71966,0.2906,0.42043,0.39403,0.49577,0.34857,0.29591,-0.045302,0.31343,0.2388,0.27118,0.33886,0.38966,0.28479,0.43593,0.29253,0.39535,0.22225,0.26632,0.45328,0.37743,0.3995,0.087611,0.085855,0.40265,0.1875,0.046176,0.10969,0.26536,0.11874,0.23896,0.24334,0.23177,0.43559,-0.064305,-0.088133,0.33934,0.21697,0.25717,0.34822,0.35485,0.47118,0.40904,0.42862,0.27114,0.38671,0.35472,0.30467,0.063564,-0.10328,0.077873,0.33964,0.24873,0.32691,0.22815,-0.37317
0.4398,0.58144,0.30243,0.38484,0.18427,0.21754,0.3088,0.55393,0.16774,0.38947,0.49569,0.80309,0.53674,1,0.35293,0.32916,0.49187,0.57106,0.40195,0.43283,0.10138,0.26743,-0.13161,0.30505,0.29239,0.42782,0.27747,0.18443,0.38832,0.45791,0.23816,0.37819,0.6746,0.60958,0.26615,0.24139,0.075637,0.25161,0.058922,-0.038487,-0.16962,-0.09441,0.4295,0.5239,0.48337,0.4757,0.39593,0.43767,0.38352,0.38125,0.17648,0.30121,0.13175,-0.023949,0.17875,0.17986,0.5807,0.38049,0.60388,0.3585,0.69201,0.61033,0.45492,0.57133,0.19588,0.58457,0.36598,0.28711,0.36263,0.20094,0.14033,0.24028,0.43642,0.44327,0.36506,0.41186,0.38802,0.24894,0.33624,0.37916,0.36349,0.42423,0.085166,0.27961,0.16194,0.33659,0.067089,0.23981,0.11012,0.32354,0.095337,0.057788,0.084711,0.041968,-0.063798,-0.04728,0.26348,0.30819,0.1888,0.12799,0.2617,0.26492,0.40541,0.3787,0.38219,0.30334,0.4426,0.23983,0.083033,-0.011049,0.080029,0.16667,0.1563,0.19245,0.0032782,-0.41158
0.55752,0.49092,0.4355,0.11363,0.58167,0.42368,0.40184,0.19344,0.5962,0.47313,0.65278,0.40661,0.67025,0.35293,1,0.64633,0.6022,0.6242,0.61513,0.54922,0.34435,0.39955,0.079353,0.38405,0.3262,0.38858,0.38312,0.28847,0.48684,0.36909,0.3095,0.35672,0.55135,0.4956,0.40305,0.3027,0.26796,0.22989,0.15828,-0.086629,-0.078909,-0.04032,0.4581,0.3643,0.5771,0.30974,0.47656,0.44556,0.57274,0.2436,0.42968,0.19856,0.26418,0.24371,0.30817,0.36142,0.52749,0.45088,0.47059,0.13438,0.40643,0.14141,0.39662,0.38849,0.43295,0.31218,0.36299,0.087187,0.35147,0.42574,0.45543,0.48621,0.40485,0.33539,0.52854,0.41386,0.58244,0.45212,0.38123,0.51322,0.57742,0.6177,0.36212,0.25528,0.66997,0.47769,0.17375,0.27727,0.45894,0.32208,0.22578,0.097082,0.21932,0.38616,-0.21643,-0.22528,0.21863,0.30129,0.26375,0.34691,0.33952,0.36148,0.3413,0.42709,0.42579,0.51918,0.42626,-0.012684,-0.12567,-0.016632,0.42209,0.17221,0.20701,0.4312,0.37205,-0.35081
0.31342,0.49505,0.20986,0.34154,0.57672,0.62951,0.2008,0.30165,0.49586,0.59686,0.38209,0.42053,0.25202,0.32916,0.64633,1,0.56064,0.52098,0.51026,0.66501,0.46005,0.44403,0.094211,0.47924,0.43247,0.48217,0.43686,0.4986,0.48423,0.50447,0.37078,0.35292,0.49609,0.61151,0.35329,0.40572,0.3283,0.38801,0.20342,-0.0077511,0.20223,0.072501,0.38183,0.41528,0.52832,0.47659,0.34708,0.41517,0.57363,0.33254,0.46751,0.44571,0.32111,0.22345,0.28633,0.30084,0.49956,0.50185,0.35133,0.25886,0.17129,0.10591,0.44604,0.40806,0.27882,0.39456,0.4468,0.42077,0.31586,0.4967,0.33613,0.43654,0.49076,0.52546,0.54733,0.4723,0.57661,0.53354,0.45554,0.55599,0.61893,0.697,0.53091,0.40194,0.57364,0.68486,0.20896,0.36396,0.31574,0.41613,0.2285,-0.06011,0.26232,0.18741,-0.2047,-0.28569,0.25504,0.30899,0.36959,0.29833,0.34439,0.23412,0.3379,0.42376,0.53351,0.49631,0.41568,-0.21142,-0.20608,0.096109,0.54773,0.050423,0.12083,0.42589,0.33052,-0.19888
0.41214,0.74906,0.22843,0.26457,0.33381,0.3966,0.32351,0.3791,0.43007,0.33316,0.67922,0.65474,0.5421,0.49187,0.6022,0.56064,1,0.87671,0.6887,0.80839,0.4323,0.3272,-0.26122,0.3573,0.35708,0.34504,0.34604,0.29277,0.86964,0.80536,0.66194,0.58436,0.70305,0.72548,0.2185,0.46949,0.16347,0.23056,0.15027,-0.23035,-0.053694,-0.16709,0.45812,0.36017,0.47629,0.35457,0.47287,0.46535,0.5875,0.32607,0.32645,0.23393,0.32726,0.20437,0.20578,0.29392,0.7277,0.74212,0.5109,0.28311,0.52422,0.41183,0.78139,0.70849,0.19656,0.48193,0.29511,0.1175,0.43847,0.63583,0.34154,0.54017,0.57404,0.55788,0.52883,0.3927,0.67463,0.59827,0.76484,0.79359,0.8679,0.88118,0.33947,0.25128,0.45604,0.48071,0.030322,0.10186,0.13624,0.13071,0.16833,-0.096837,0.094052,0.10265,-0.25883,-0.38901,0.34694,0.2281,0.34239,0.32422,0.41641,0.27627,0.52806,0.50237,0.38162,0.55871,0.53382,0.073579,-0.29965,-0.16851,0.48445,0.23038,0.11982,0.43295,0.35116,-0.42802
0.403,0.75532,0.26112,0.3231,0.26015,0.38845,0.35233,0.39707,0.42936,0.37675,0.68287,0.73286,0.5906,0.57106,0.6242,0.52098,0.87671,1,0.65489,0.713,0.39492,0.31278,-0.25697,0.36256,0.42197,0.42246,0.38958,0.29381,0.81396,0.77112,0.60445,0.52899,0.70757,0.73157,0.34898,0.47999,0.22279,0.19611,0.14964,-0.30194,-0.085585,-0.24707,0.49394,0.44637,0.51091,0.39251,0.49911,0.51599,0.58896,0.3755,0.3348,0.26588,0.20847,0.089389,0.15259,0.21406,0.67141,0.73448,0.5352,0.29753,0.54429,0.46845,0.72639,0.70589,0.23131,0.53603,0.34646,0.14624,0.36568,0.55869,0.32395,0.55189,0.54876,0.53045,0.49048,0.38938,0.70877,0.65657,0.75237,0.84442,0.81977,0.82406,0.22127,0.16595,0.4226,0.42039,-0.02824,0.056198,0.081572,0.087766,0.095558,-0.15467,0.093312,0.12105,-0.37674,-0.47699,0.33089,0.19897,0.27724,0.23212,0.43315,0.33062,0.55703,0.50304,0.4324,0.561,0.56779,0.12767,-0.40232,-0.24099,0.54349,0.20649,0.16884,0.53225,0.40244,-0.45038
0.66396,0.7454,0.59956,0.33548,0.37032,0.1917,0.63438,0.43089,0.52743,0.16339,0.73204,0.52585,0.60666,0.40195,0.61513,0.51026,0.6887,0.65489,1,0.81576,0.16971,0.20288,0.072636,0.57578,0.11948,0.19933,0.058297,0.0085691,0.58773,0.53863,0.55414,0.58077,0.607,0.53313,0.40228,0.25345,0.11259,0.16504,0.08586,-0.20872,-0.16841,-0.15021,0.50038,0.36221,0.49207,0.30475,0.48073,0.40148,0.44507,0.31895,0.38263,0.22507,0.30225,0.20765,0.28345,0.33355,0.60358,0.54094,0.65592,0.28788,0.51886,0.2661,0.57579,0.48916,0.44661,0.39761,0.51015,0.20029,0.59452,0.56239,0.37645,0.55507,0.49376,0.44987,0.49186,0.3517,0.47642,0.38878,0.44577,0.5593,0.60155,0.63535,0.32431,0.14522,0.52763,0.35997,0.11264,0.15766,0.35617,0.21438,0.45452,0.25018,0.38347,0.52258,-0.1187,-0.24618,0.4547,0.30873,0.52026,0.56084,0.53287,0.53779,0.59289,0.62864,0.45471,0.55676,0.49932,0.2425,-0.10241,-0.17091,0.32848,0.43935,0.3217,0.47056,0.39352,-0.34853
0.47616,0.84883,0.3171,0.38142,0.42451,0.45418,0.36224,0.42653,0.45154,0.3334,0.58177,0.63787,0.39693,0.43283,0.54922,0.66501,0.80839,0.713,0.81576,1,0.35726,0.34982,-0.071157,0.46762,0.21292,0.34842,0.2439,0.29919,0.7659,0.79061,0.56142,0.55351,0.66697,0.70063,0.18218,0.37925,0.15608,0.26633,0.17008,-0.17895,0.026562,-0.078648,0.45752,0.37701,0.43298,0.39248,0.39288,0.40112,0.49834,0.36383,0.3055,0.29528,0.37911,0.17826,0.24228,0.33368,0.69591,0.72321,0.60867,0.46109,0.48666,0.43609,0.77688,0.72471,0.1488,0.437,0.40191,0.25632,0.53031,0.63143,0.36434,0.55342,0.58559,0.61951,0.58863,0.50406,0.54242,0.47927,0.58368,0.67895,0.76684,0.81276,0.52132,0.3546,0.47333,0.48235,0.15244,0.17416,0.27587,0.28646,0.29971,-0.013756,0.2154,0.19598,-0.15881,-0.30905,0.41218,0.31707,0.53932,0.42895,0.51408,0.33648,0.58666,0.55378,0.46644,0.47556,0.57438,0.074906,-0.15545,-0.03197,0.44979,0.30775,0.22419,0.42002,0.3476,-0.40767
-0.04919,0.26318,-0.1677,0.089362,0.25632,0.43327,-0.19888,-0.089392,0.098187,0.27534,0.13812,0.33919,-0.0043912,0.10138,0.34435,0.46005,0.4323,0.39492,0.16971,0.35726,1,0.51315,-0.17318,0.073661,0.51816,0.25413,0.58019,0.4873,0.39022,0.4089,0.48227,0.1943,0.17909,0.3125,0.12711,0.46306,0.18762,0.10945,0.2309,-0.18834,0.24256,-0.17271,0.15735,0.13308,0.26206,0.25835,0.10207,0.23154,0.41002,0.22203,0.23681,0.22933,0.13006,0.097805,-0.036755,0.071856,0.36857,0.40074,0.12703,0.16702,-0.011067,0.058777,0.36116,0.26637,-0.072343,0.12826,0.11383,0.12423,0.078331,0.53382,0.1778,0.33073,0.2051,0.18252,0.16119,0.028508,0.52657,0.57895,0.49952,0.4487,0.53138,0.4624,0.42622,-0.009167,0.26053,0.24861,-0.011381,-0.033941,0.076458,0.06905,-0.027656,-0.31632,0.032331,-0.065015,-0.47578,-0.51172,-0.15524,-0.033104,-0.0034155,-0.0097752,0.096713,0.083142,0.073942,0.25624,0.25097,0.3685,0.20037,-0.24851,-0.52867,-0.12557,0.59356,-0.19178,-0.0037734,0.19282,0.2065,-0.27111
0.32752,0.35796,0.24675,0.29442,0.60341,0.56177,0.11591,0.22145,0.39575,0.55617,0.20457,0.29515,0.12775,0.26743,0.39955,0.44403,0.3272,0.31278,0.20288,0.34982,0.51315,1,0.17539,0.26233,0.52844,0.58495,0.58645,0.49993,0.24841,0.28177,0.19357,0.29215,0.44625,0.47356,0.24663,0.42404,0.30624,0.51845,0.3985,0.26656,0.27516,0.25339,0.45877,0.3525,0.40479,0.45014,0.42616,0.44748,0.36726,0.2792,0.4324,0.36563,0.4805,0.29325,0.39787,0.4977,0.49783,0.36125,0.31427,0.34655,0.26493,0.31342,0.24825,0.36951,-0.010056,0.27082,0.38861,0.38504,0.43026,0.30212,0.4935,0.50987,0.54258,0.50766,0.51129,0.52523,0.37772,0.21837,0.20215,0.24741,0.44493,0.43585,0.41228,0.476,0.46646,0.43758,0.43151,0.44572,0.50107,0.57517,0.21933,0.16799,0.1768,0.13592,0.089598,0.09815,0.26916,0.50612,0.3655,0.31683,0.13809,0.19829,0.30856,0.28859,0.41158,0.14901,0.28246,-0.15971,0.13685,0.33963,0.27091,0.073423,0.18734,0.14159,0.069983,-0.40159
0.28261,-0.16189,0.27354,-0.0070548,0.40149,-0.17874,0.033435,-0.23454,0.28821,-0.10302,-0.045979,-0.2113,-0.0085315,-0.13161,0.079353,0.094211,-0.26122,-0.25697,0.072636,-0.071157,-0.17318,0.17539,1,0.15135,-0.081779,-0.034299,-0.13998,-0.26334,-0.17395,-0.19677,-0.33282,-0.21046,-0.051338,-0.12219,0.30786,-0.062264,0.5561,0.52146,0.55683,0.68797,0.53195,0.6976,0.18936,0.14382,0.024074,-0.012814,0.072321,0.098996,-0.25073,-0.12438,0.24558,0.11721,0.11686,0.11806,0.3822,0.27455,-0.11836,-0.22277,-0.13565,-0.11871,-0.082252,-0.36536,-0.37225,-0.32144,0.18874,-0.28559,0.28864,0.34932,0.2113,-0.088022,0.29439,0.023716,0.1791,0.19198,0.22261,0.2706,0.011268,-0.095938,-0.15539,-0.13041,-0.046048,-0.052178,0.43772,0.50743,0.53625,0.3349,0.73946,0.59289,0.52258,0.33962,-0.02149,0.082693,0.050411,0.14085,0.53018,0.49503,0.15546,0.46613,0.11652,0.13351,-0.14517,-0.12269,-0.22275,-0.22764,0.29765,0.070714,-0.30031,-0.44931,0.30009,0.67458,0.049743,-0.090621,-0.085328,0.0022843,0.033196,0.22464
0.38589,0.36481,0.53814,0.61033,0.2734,0.24916,0.46896,0.56015,0.38704,0.24656,0.44399,0.37601,0.31843,0.30505,0.38405,0.47924,0.3573,0.36256,0.57578,0.46762,0.073661,0.26233,0.15135,1,0.40398,0.52049,0.17918,0.096679,0.25987,0.24563,0.43065,0.65211,0.49538,0.51769,0.52654,0.37901,0.014714,0.18325,0.071642,-0.0444,-0.12176,-0.021241,0.36522,0.32646,0.42598,0.43228,0.38549,0.30476,0.27065,0.16497,0.43282,0.29,0.34244,0.24004,0.40295,0.35263,0.43643,0.22391,0.4185,0.17653,0.29321,0.043098,0.28796,0.12417,0.50363,0.50706,0.59138,0.54794,0.54298,0.39836,0.21191,0.4388,0.41409,0.39699,0.36859,0.33206,0.20548,0.14111,0.22576,0.22958,0.33925,0.3792,0.2085,0.17544,0.43663,0.58422,0.1402,0.371,0.37097,0.46329,0.55407,0.29904,0.54997,0.42776,-0.047373,-0.085574,0.33688,0.27404,0.4522,0.43431,0.47667,0.43619,0.386,0.44994,0.40506,0.30021,0.46346,0.14407,0.056233,-0.12199,0.12496,0.37828,0.32172,0.34604,0.21085,-0.11485
0.11074,0.26156,0.22806,0.50444,0.35827,0.57813,0.12598,0.32398,0.25833,0.60332,0.16159,0.28118,0.1168,0.29239,0.3262,0.43247,0.35708,0.42197,0.11948,0.21292,0.51816,0.52844,-0.081779,0.40398,1,0.74453,0.70107,0.56901,0.26493,0.23866,0.41361,0.39566,0.38057,0.48343,0.44148,0.56591,0.17073,0.39254,0.36081,0.081658,0.19749,-0.0010468,0.49467,0.51279,0.46242,0.50137,0.44103,0.53113,0.39686,0.25991,0.58751,0.48092,0.32619,0.34203,0.31275,0.398,0.45329,0.38403,0.13789,0.14102,0.14522,0.11922,0.22663,0.19517,0.13696,0.33088,0.4369,0.44817,0.25587,0.3531,0.23414,0.39056,0.32579,0.33069,0.31912,0.30998,0.40032,0.35284,0.44225,0.37166,0.42965,0.40359,0.17399,0.10749,0.33076,0.52092,0.075033,0.28455,0.27153,0.40785,0.20169,0.030299,0.26999,0.09177,-0.20948,-0.2134,0.21303,0.32111,0.17558,0.20495,0.14222,0.21672,0.2271,0.33989,0.45234,0.38912,0.33042,-0.090238,-0.17501,-0.021504,0.40724,0.10622,0.25826,0.331,0.21731,-0.20829
0.23572,0.35159,0.35477,0.50331,0.44433,0.66012,0.23742,0.47812,0.33408,0.69791,0.18928,0.37423,0.17178,0.42782,0.38858,0.48217,0.34504,0.42246,0.19933,0.34842,0.25413,0.58495,-0.034299,0.52049,0.74453,1,0.67384,0.59558,0.27847,0.28955,0.22649,0.41992,0.53558,0.58875,0.41232,0.50582,0.17322,0.45412,0.25964,0.18246,0.073254,0.14598,0.53056,0.57646,0.49873,0.56827,0.46709,0.52438,0.40211,0.23813,0.50753,0.46511,0.42563,0.27169,0.45343,0.47468,0.47377,0.38319,0.33006,0.26414,0.31402,0.2804,0.28477,0.33621,0.1356,0.46679,0.51897,0.52749,0.39638,0.25225,0.23696,0.3991,0.41279,0.44302,0.48543,0.55139,0.33043,0.20583,0.29334,0.31216,0.38066,0.4186,0.19263,0.3984,0.29616,0.57511,0.23677,0.45521,0.39869,0.60662,0.2931,0.15522,0.29327,0.11239,0.035141,0.020674,0.38676,0.46656,0.39825,0.27626,0.2809,0.20566,0.43388,0.34729,0.54231,0.23397,0.51222,-0.021308,0.085317,0.1255,0.25073,0.26558,0.26083,0.34162,0.17853,-0.22313
0.14819,0.26427,0.10333,0.19827,0.45722,0.62046,-0.068789,0.099507,0.13319,0.6015,0.13378,0.26655,0.10039,0.27747,0.38312,0.43686,0.34604,0.38958,0.058297,0.2439,0.58019,0.58645,-0.13998,0.17918,0.70107,0.67384,1,0.73816,0.27596,0.28964,0.26601,0.27794,0.31376,0.44133,0.29,0.54382,0.24432,0.36845,0.32246,0.10677,0.17973,0.045878,0.37923,0.38052,0.30992,0.32943,0.32804,0.41155,0.35082,0.17432,0.385,0.30553,0.29438,0.24036,0.27668,0.34066,0.45588,0.42935,0.1139,0.15664,0.16711,0.21339,0.30975,0.31402,-0.029194,0.24309,0.21305,0.20995,0.15508,0.29139,0.18631,0.31562,0.26194,0.26968,0.31599,0.31891,0.4408,0.40065,0.35043,0.40894,0.48218,0.42804,0.30447,0.20739,0.29981,0.44533,0.16359,0.25763,0.24776,0.38513,0.049306,-0.083175,0.032095,-0.096674,-0.14939,-0.15891,0.17217,0.25517,0.11549,0.060507,0.062671,0.02639,0.25152,0.26456,0.40624,0.31428,0.31965,-0.097312,-0.17883,0.054536,0.409,0.089695,0.14705,0.28897,0.14758,-0.33725
0.030361,0.27229,0.048757,0.31409,0.33471,0.83076,-0.011299,0.25945,0.10806,0.73525,0.0099688,0.23571,-0.04828,0.18443,0.28847,0.4986,0.29277,0.29381,0.0085691,0.29919,0.4873,0.49993,-0.26334,0.096679,0.56901,0.59558,0.73816,1,0.22372,0.24712,0.29023,0.27802,0.27699,0.40323,0.10904,0.45289,0.1396,0.36274,0.17716,-0.0047084,0.16365,0.0029692,0.30974,0.38112,0.3255,0.39996,0.22321,0.33883,0.43487,0.27577,0.32806,0.41876,0.29767,0.22383,0.14268,0.27161,0.32439,0.41884,0.073476,0.23232,0.10787,0.32747,0.35441,0.40801,-0.16983,0.30143,0.12692,0.1883,-0.025637,0.20499,0.26145,0.40167,0.31677,0.35228,0.41495,0.3716,0.41348,0.4075,0.2683,0.34495,0.38988,0.37128,0.24058,0.16725,0.13585,0.33222,-0.037047,0.097489,0.080783,0.34333,0.066005,-0.099236,0.049532,-0.11947,-0.21573,-0.24391,0.14537,0.16234,0.18963,0.037335,0.044729,0.071145,0.24272,0.26419,0.33911,0.18238,0.34748,-0.082553,-0.17771,0.025988,0.37964,0.051698,0.097942,0.2937,0.18914,-0.18971
0.29609,0.66749,0.12545,0.21282,0.25469,0.36265,0.24624,0.29745,0.38272,0.24061,0.62577,0.62912,0.44254,0.38832,0.48684,0.48423,0.86964,0.81396,0.58773,0.7659,0.39022,0.24841,-0.17395,0.25987,0.26493,0.27847,0.27596,0.22372,1,0.89234,0.62271,0.54469,0.65052,0.6972,0.083042,0.4268,0.2228,0.19977,0.20225,-0.17994,0.058068,-0.063115,0.38719,0.31433,0.3204,0.27315,0.3564,0.38623,0.46564,0.32042,0.19226,0.18548,0.24756,0.058661,0.1351,0.20361,0.57573,0.62282,0.46195,0.28879,0.52594,0.42841,0.80927,0.74293,0.050008,0.34727,0.26161,0.11969,0.30119,0.56913,0.26403,0.45474,0.57105,0.60783,0.51771,0.42393,0.67511,0.61654,0.74284,0.77936,0.8158,0.82477,0.40342,0.27097,0.33788,0.38322,0.068091,0.049181,0.0016951,0.035689,0.023882,-0.24748,-0.057177,-0.057068,-0.24505,-0.37139,0.25977,0.15942,0.29247,0.21899,0.35525,0.15071,0.45249,0.34088,0.33756,0.43288,0.44911,-0.040896,-0.38952,-0.096918,0.50732,0.16026,-0.015227,0.42519,0.32398,-0.29361
0.23838,0.71335,0.075118,0.27542,0.26225,0.41368,0.1751,0.34086,0.31123,0.2675,0.49916,0.6855,0.33623,0.45791,0.36909,0.50447,0.80536,0.77112,0.53863,0.79061,0.4089,0.28177,-0.19677,0.24563,0.23866,0.28955,0.28964,0.24712,0.89234,1,0.58555,0.51157,0.61665,0.73199,0.039292,0.43426,0.20962,0.23428,0.22928,-0.12536,0.11088,-0.017796,0.3276,0.28916,0.22834,0.30802,0.27599,0.33596,0.42176,0.36289,0.12561,0.20757,0.23525,0.050428,0.11421,0.1894,0.59072,0.63887,0.48316,0.4483,0.50868,0.51322,0.82844,0.77954,-0.04667,0.37923,0.23615,0.19361,0.26096,0.50963,0.21252,0.409,0.56094,0.64036,0.48187,0.45657,0.59688,0.56206,0.71096,0.73723,0.7841,0.81891,0.46799,0.35363,0.26836,0.39487,0.11729,0.074005,-0.030027,0.083217,0.023252,-0.25841,-0.04899,-0.11025,-0.18326,-0.32214,0.25945,0.17591,0.33985,0.21363,0.35248,0.13153,0.44642,0.35548,0.34523,0.38632,0.41012,-0.087593,-0.341,-0.031279,0.46043,0.13011,-0.0042104,0.38289,0.25985,-0.30197
0.13606,0.52491,0.25739,0.42257,0.01093,0.34141,0.35661,0.40783,0.15221,0.12413,0.43124,0.47447,0.21801,0.23816,0.3095,0.37078,0.66194,0.60445,0.55414,0.56142,0.48227,0.19357,-0.33282,0.43065,0.41361,0.22649,0.26601,0.29023,0.62271,0.58555,1,0.76731,0.47377,0.55484,0.22628,0.46163,-0.006792,0.025967,0.065897,-0.37963,-0.13486,-0.3569,0.30498,0.26292,0.29351,0.28294,0.34312,0.3566,0.46045,0.35781,0.30787,0.26163,0.21804,0.14502,0.085157,0.17311,0.50168,0.50955,0.38857,0.24886,0.28463,0.26772,0.6598,0.45463,0.20824,0.4247,0.3143,0.15008,0.25526,0.55437,0.23078,0.5247,0.35362,0.36733,0.26789,0.13387,0.53292,0.56289,0.59132,0.57619,0.61341,0.6047,0.15922,-0.17826,0.15618,0.24285,-0.24502,-0.18126,-0.12232,-0.074936,0.2443,-0.09228,0.21578,0.15968,-0.44716,-0.53408,0.20609,0.023259,0.25614,0.28188,0.39543,0.35682,0.46535,0.5682,0.26634,0.51348,0.43671,0.19732,-0.45815,-0.42296,0.46047,0.28943,0.18534,0.48715,0.3622,-0.24747
0.37877,0.54916,0.47808,0.5864,0.17371,0.4026,0.52364,0.65587,0.29744,0.25509,0.48825,0.50296,0.33766,0.37819,0.35672,0.35292,0.58436,0.52899,0.58077,0.55351,0.1943,0.29215,-0.21046,0.65211,0.39566,0.41992,0.27794,0.27802,0.54469,0.51157,0.76731,1,0.63819,0.67551,0.31786,0.46969,0.024855,0.18385,0.077487,-0.16057,-0.22822,-0.15391,0.46305,0.41692,0.39147,0.44749,0.52968,0.47519,0.45778,0.37662,0.40983,0.31541,0.39308,0.3068,0.35815,0.39154,0.60194,0.41243,0.51938,0.31071,0.48958,0.38371,0.60458,0.46223,0.26635,0.56518,0.45405,0.30839,0.41524,0.43867,0.35664,0.60005,0.5537,0.53091,0.45897,0.36142,0.3894,0.32137,0.39036,0.41887,0.52852,0.53901,0.12825,0.078162,0.21604,0.37562,-0.041568,0.10949,0.11731,0.22531,0.43717,0.23233,0.3789,0.30463,-0.16628,-0.19997,0.40342,0.28617,0.46499,0.47007,0.50161,0.48303,0.5792,0.62271,0.3513,0.39068,0.55756,0.332,-0.063741,-0.24018,0.22055,0.46173,0.316,0.49249,0.28168,-0.27194
0.53703,0.71751,0.4051,0.4747,0.35519,0.41065,0.44468,0.57867,0.39,0.42542,0.65585,0.69562,0.54964,0.6746,0.55135,0.49609,0.70305,0.70757,0.607,0.66697,0.17909,0.44625,-0.051338,0.49538,0.38057,0.53558,0.31376,0.27699,0.65052,0.61665,0.47377,0.63819,1,0.89171,0.35881,0.50272,0.24783,0.39282,0.24421,-0.0070004,-0.09464,0.012606,0.47582,0.46702,0.48639,0.47839,0.49619,0.48162,0.44983,0.33178,0.38103,0.3398,0.31302,0.090648,0.36812,0.36015,0.7324,0.56399,0.67185,0.47849,0.74345,0.58598,0.6708,0.69557,0.26748,0.58099,0.57203,0.40375,0.52522,0.44636,0.39925,0.49215,0.59846,0.59534,0.59554,0.52906,0.50893,0.36033,0.48563,0.56403,0.62595,0.70379,0.31193,0.42426,0.41079,0.54646,0.22087,0.36233,0.26102,0.41023,0.20293,0.064817,0.11791,0.11688,-0.0029392,-0.060594,0.48311,0.44739,0.37457,0.29386,0.4246,0.32056,0.58871,0.46334,0.49059,0.36612,0.56357,0.25884,0.045253,0.042478,0.26058,0.28252,0.13468,0.35288,0.17494,-0.50709
0.38495,0.71639,0.2464,0.55221,0.36446,0.51529,0.27132,0.55803,0.34009,0.45535,0.54572,0.68432,0.39351,0.60958,0.4956,0.61151,0.72548,0.73157,0.53313,0.70063,0.3125,0.47356,-0.12219,0.51769,0.48343,0.58875,0.44133,0.40323,0.6972,0.73199,0.55484,0.67551,0.89171,1,0.33753,0.61775,0.30855,0.41695,0.27667,-0.00067143,0.04061,0.050315,0.43191,0.45484,0.43764,0.51754,0.3983,0.46503,0.47963,0.36452,0.36222,0.37684,0.27699,0.06611,0.28548,0.26624,0.72948,0.62855,0.58921,0.58076,0.60989,0.57567,0.7416,0.72578,0.14884,0.61587,0.50446,0.47535,0.44504,0.4884,0.34386,0.49263,0.59194,0.64881,0.5972,0.51329,0.56204,0.44982,0.56411,0.62068,0.70028,0.76395,0.39287,0.47265,0.39519,0.62623,0.2325,0.36384,0.19067,0.36999,0.14531,-0.10358,0.10748,0.0015965,-0.089019,-0.16173,0.40797,0.38905,0.34549,0.20149,0.42581,0.24553,0.55389,0.43404,0.51371,0.38694,0.60151,0.10015,-0.11075,0.056686,0.37872,0.14109,0.042918,0.40794,0.19644,-0.43535
0.46531,0.23,0.53208,0.43932,0.33267,0.15201,0.40114,0.29722,0.31477,0.22865,0.36509,0.17113,0.38719,0.26615,0.40305,0.35329,0.2185,0.34898,0.40228,0.18218,0.12711,0.24663,0.30786,0.52654,0.44148,0.41232,0.29,0.10904,0.083042,0.039292,0.22628,0.31786,0.35881,0.33753,1,0.59239,0.42488,0.43176,0.39146,0.13551,0.10632,0.038002,0.52283,0.56394,0.59047,0.44609,0.47592,0.52504,0.36494,0.22215,0.65782,0.40443,0.16863,0.19881,0.40141,0.32045,0.36926,0.23344,0.24884,0.015074,0.25552,-0.091823,0.077138,-0.037412,0.61457,0.40442,0.64358,0.48696,0.41897,0.32066,0.32357,0.43028,0.34187,0.28068,0.34347,0.22732,0.40826,0.32341,0.24664,0.36577,0.33562,0.30129,0.20251,0.15802,0.5634,0.51666,0.28133,0.41573,0.44223,0.27657,0.28475,0.17381,0.4532,0.47278,-0.040828,-0.093164,0.36545,0.46846,0.223,0.2945,0.34966,0.48078,0.31945,0.40616,0.51703,0.48826,0.38187,0.1045,0.026233,0.078849,0.3697,0.19974,0.24587,0.33785,0.22344,-0.073495
0.18473,0.36162,0.21414,0.52935,0.36245,0.51235,0.15677,0.37946,0.30296,0.38919,0.23973,0.3496,0.15206,0.24139,0.3027,0.40572,0.46949,0.47999,0.25345,0.37925,0.46306,0.42404,-0.062264,0.37901,0.56591,0.50582,0.54382,0.45289,0.4268,0.43426,0.46163,0.46969,0.50272,0.61775,0.59239,1,0.40609,0.46234,0.47443,0.042606,0.2397,-0.0053722,0.42534,0.47102,0.44272,0.53643,0.31237,0.47913,0.41503,0.3444,0.5178,0.49253,0.21298,0.14627,0.26731,0.25765,0.52379,0.4336,0.28548,0.36548,0.31606,0.26843,0.43896,0.32349,0.21483,0.54427,0.54023,0.55087,0.31803,0.4954,0.32008,0.51945,0.44062,0.42591,0.40832,0.23959,0.59341,0.57384,0.48904,0.52512,0.60245,0.55951,0.34871,0.2541,0.39549,0.53361,0.21107,0.27709,0.24201,0.25211,0.17154,-0.13663,0.27559,0.073721,-0.19445,-0.30996,0.24099,0.3238,0.23896,0.11698,0.39481,0.30543,0.40376,0.39039,0.50174,0.42439,0.52556,-0.042027,-0.20107,0.070252,0.54753,0.057498,0.099274,0.33549,0.12118,-0.22171
0.20211,0.1334,0.13272,0.19276,0.41077,0.16425,-0.024769,-0.109,0.28542,0.12022,0.053559,0.10295,0.08916,0.075637,0.26796,0.3283,0.16347,0.22279,0.11259,0.15608,0.18762,0.30624,0.5561,0.014714,0.17073,0.17322,0.24432,0.1396,0.2228,0.20962,-0.006792,0.024855,0.24783,0.30855,0.42488,0.40609,1,0.74035,0.71182,0.56765,0.60965,0.58453,0.37503,0.40009,0.25301,0.28121,0.26029,0.42868,0.19379,0.20767,0.48385,0.3935,0.13532,0.085942,0.34243,0.20959,0.14893,0.22318,0.030561,0.16239,0.05708,-0.046028,0.033374,0.098174,0.032241,0.028138,0.36506,0.40504,0.085514,0.1841,0.48368,0.31144,0.38585,0.42764,0.44883,0.37863,0.55781,0.48862,0.34706,0.4092,0.43443,0.39523,0.52656,0.57749,0.59623,0.48635,0.59651,0.52531,0.39355,0.22282,-0.13585,-0.25259,0.011608,-0.02079,0.18257,0.12937,0.24206,0.49302,0.11394,-0.015766,0.15306,-0.047697,0.12201,-0.012763,0.54238,0.3415,0.063224,-0.45492,-0.10993,0.58421,0.5705,-0.23233,-0.16253,0.27662,0.20977,-0.04343
0.38781,0.27361,0.3679,0.42227,0.60686,0.42424,0.15339,0.22561,0.43708,0.45272,0.050505,0.16857,0.097568,0.25161,0.22989,0.38801,0.23056,0.19611,0.16504,0.26633,0.10945,0.51845,0.52146,0.18325,0.39254,0.45412,0.36845,0.36274,0.19977,0.23428,0.025967,0.18385,0.39282,0.41695,0.43176,0.46234,0.74035,1,0.76817,0.74101,0.6086,0.69727,0.6245,0.5906,0.40497,0.49997,0.47677,0.62281,0.28045,0.37013,0.62379,0.59828,0.45682,0.38736,0.622,0.58503,0.37779,0.3013,0.17989,0.29913,0.25095,0.19012,0.13626,0.25007,0.03549,0.21443,0.49547,0.57212,0.3422,0.19702,0.57562,0.46049,0.57356,0.62067,0.61047,0.64285,0.48102,0.32064,0.23474,0.3211,0.44179,0.44076,0.54748,0.73749,0.5929,0.61626,0.68935,0.71418,0.55742,0.62822,0.16471,0.094511,0.19463,0.057085,0.4505,0.36221,0.53312,0.77778,0.42286,0.28596,0.18363,0.065729,0.29925,0.18543,0.69518,0.35422,0.19087,-0.36872,0.24607,0.71762,0.37332,0.095961,0.043216,0.33073,0.17766,-0.064525
0.2628,0.17937,0.26163,0.2847,0.47721,0.23551,-0.014032,-0.071668,0.33324,0.18521,0.0051439,0.042636,0.029856,0.058922,0.15828,0.20342,0.15027,0.14964,0.08586,0.17008,0.2309,0.3985,0.55683,0.071642,0.36081,0.25964,0.32246,0.17716,0.20225,0.22928,0.065897,0.077487,0.24421,0.27667,0.39146,0.47443,0.71182,0.76817,1,0.67269,0.72546,0.6048,0.51085,0.42514,0.14648,0.24008,0.32707,0.48834,0.074619,0.19944,0.48741,0.39207,0.28943,0.22491,0.52066,0.47962,0.28741,0.29415,0.027327,0.20986,0.16802,0.058419,0.12526,0.12885,-0.050834,-0.0066341,0.37884,0.44033,0.29803,0.25952,0.43028,0.29994,0.37948,0.43395,0.41961,0.34634,0.44505,0.34346,0.32081,0.33019,0.43916,0.37852,0.60898,0.5605,0.56334,0.50581,0.71147,0.5511,0.46756,0.34512,-0.06032,-0.14642,-0.032836,-0.11159,0.35341,0.20141,0.3853,0.62818,0.22955,0.16878,-0.035723,-0.13106,0.083732,-0.0048722,0.53095,0.33029,0.042534,-0.45865,0.051464,0.65127,0.42985,-0.025406,-0.014975,0.18484,0.15512,0.022421
0.20833,-0.1542,0.17169,0.084258,0.39977,0.029457,-0.13197,-0.1245,0.18066,0.099413,-0.23281,-0.24528,-0.15788,-0.038487,-0.086629,-0.0077511,-0.23035,-0.30194,-0.20872,-0.17895,-0.18834,0.26656,0.68797,-0.0444,0.081658,0.18246,0.10677,-0.0047084,-0.17994,-0.12536,-0.37963,-0.16057,-0.0070004,-0.00067143,0.13551,0.042606,0.56765,0.74101,0.67269,1,0.58141,0.93096,0.26996,0.21847,-0.067786,0.087993,0.14882,0.23145,-0.23261,-0.032535,0.25105,0.20014,0.26487,0.25077,0.5322,0.42647,-0.00019331,-0.095467,-0.15478,0.055329,-0.014558,-0.12385,-0.30145,-0.17112,-0.15232,-0.23074,0.17091,0.37807,0.1605,-0.20275,0.29592,-0.012728,0.18207,0.23962,0.24181,0.33674,0.022665,-0.14664,-0.12056,-0.1517,-0.0088077,-0.014711,0.40158,0.67174,0.34275,0.38758,0.81355,0.73709,0.47675,0.5109,-0.030041,0.11591,-0.066643,-0.15195,0.79814,0.77214,0.34189,0.60979,0.14368,0.091264,-0.18652,-0.33849,-0.11085,-0.3063,0.3653,-0.00059104,-0.25581,-0.52029,0.41874,0.83733,-0.042443,-0.014733,-0.18506,-0.04604,-0.098441,0.24498
-0.052177,-0.082579,-0.16443,0.06387,0.27568,0.14353,-0.3248,-0.2896,0.12891,0.14476,-0.25031,-0.074496,-0.32062,-0.16962,-0.078909,0.20223,-0.053694,-0.085585,-0.16841,0.026562,0.24256,0.27516,0.53195,-0.12176,0.19749,0.073254,0.17973,0.16365,0.058068,0.11088,-0.13486,-0.22822,-0.09464,0.04061,0.10632,0.2397,0.60965,0.6086,0.72546,0.58141,1,0.58572,0.14221,0.13824,-0.02165,0.089039,-0.032158,0.17131,-0.029282,0.059052,0.21599,0.30842,0.10473,0.067538,0.15641,0.14337,-0.055268,0.060207,-0.25782,0.055762,-0.19743,-0.13822,-0.1095,-0.026794,-0.25083,-0.18759,0.084889,0.34154,-0.048544,0.094496,0.19561,0.049364,0.17122,0.29823,0.1814,0.19519,0.278,0.28304,0.22637,0.11527,0.21554,0.17235,0.55854,0.49772,0.35428,0.34905,0.53155,0.42027,0.19716,0.23437,-0.26846,-0.36635,-0.19849,-0.31634,0.26529,0.14505,0.022186,0.31499,0.0043772,-0.10432,-0.2218,-0.35285,-0.24432,-0.28666,0.26718,0.055927,-0.23241,-0.70218,-0.053269,0.67085,0.38478,-0.32448,-0.23272,-0.015429,0.012842,0.22722
0.17593,-0.11908,0.09267,0.020164,0.4086,0.037457,-0.1821,-0.15981,0.18025,0.075993,-0.17511,-0.23165,-0.137,-0.09441,-0.04032,0.072501,-0.16709,-0.24707,-0.15021,-0.078648,-0.17271,0.25339,0.6976,-0.021241,-0.0010468,0.14598,0.045878,0.0029692,-0.063115,-0.017796,-0.3569,-0.15391,0.012606,0.050315,0.038002,-0.0053722,0.58453,0.69727,0.6048,0.93096,0.58572,1,0.20458,0.14276,-0.093058,0.036903,0.082808,0.1453,-0.20766,-0.072196,0.16114,0.14578,0.24528,0.18944,0.47982,0.35894,-0.053485,-0.090186,-0.16576,0.080626,-0.040679,-0.14384,-0.22432,-0.11308,-0.17811,-0.25454,0.1308,0.35856,0.13232,-0.15884,0.27547,0.0050015,0.26158,0.35116,0.32559,0.40526,0.047242,-0.10257,-0.087338,-0.10462,0.037739,0.049342,0.46307,0.72088,0.36282,0.38541,0.81515,0.70969,0.42501,0.43801,-0.071154,0.033219,-0.10924,-0.1895,0.7607,0.72669,0.2944,0.54921,0.18142,0.085402,-0.15669,-0.34975,-0.1052,-0.3454,0.338,-0.064411,-0.25326,-0.58889,0.33623,0.83838,-0.0033889,-0.070148,-0.26398,-0.019011,-0.047299,0.28265
