1,0.73508,0.03637,-0.18685,0.29874,-0.15301,0.21418,-0.034689,0.35069,-0.059283,0.74142,0.43228,0.71633,0.42225,0.55876,0.24804,0.62141,0.53269,0.64594,0.63344,0.22141,0.25361,0.218,-0.14243,0.031138,-0.17535,-0.073344,-0.10056,0.52086,0.44977,0.17711,0.027548,0.19008,0.16631,-0.18998,-0.27792,0.14986,0.12166,0.19134,0.10794,0.22212,0.36218,0.23163,0.20411,0.36384,0.12676,0.37112,0.2941,0.53151,0.51695,0.31144,0.44711,0.45061,0.37665,0.39156,0.39125,0.82098,0.75077,0.50902,0.33016,0.49698,0.10711,0.39795,0.31631,-0.26177,-0.21865,0.0035193,-0.17041,0.60469,0.28944,0.32917,0.29841,0.39694,0.38407,0.46487,0.32986,0.22781,0.16733,0.48899,0.52213,0.6117,0.50139,0.49567,0.39523,0.59852,0.25783,0.22868,0.37196,0.033379,0.14724,0.24044,0.44077,-0.035641,0.14319,0.13106,0.12722,0.27489,0.29381,0.39559,0.50705,-0.02969,0.14855,0.22332,0.20421,0.15512,0.22269,0.2977,0.23448,-0.02854,0.0062099,0.029913,0.29253,0.26634,0.27578,0.15436,-0.074316
0.73508,1,0.23389,0.14041,0.26326,-0.013393,0.49618,0.15556,0.38427,0.03592,0.51524,0.54024,0.57831,0.45526,0.3829,0.18865,0.63921,0.62584,0.47807,0.65887,0.15842,0.27384,0.20147,-0.0023503,0.18336,0.03996,0.10298,0.16334,0.54465,0.48994,0.1962,0.17904,0.36693,0.38145,0.065442,-0.047309,0.30707,0.2674,0.2756,0.24559,0.47638,0.55388,0.26511,0.30383,0.49159,0.2387,0.44814,0.4379,0.58984,0.63624,0.47491,0.63013,0.5584,0.5356,0.57624,0.56553,0.66473,0.8349,0.32295,0.29935,0.46665,0.11035,0.34366,0.38206,0.01347,-0.075401,0.1373,-0.083967,0.56483,0.35346,0.25505,0.26203,0.46057,0.51959,0.4279,0.4715,0.31156,0.3271,0.44322,0.52735,0.57746,0.53013,0.55691,0.4646,0.57258,0.44484,0.26792,0.39781,0.16183,0.30043,0.29557,0.3962,0.12275,0.24953,0.16843,0.22915,0.41332,0.37856,0.66917,0.65468,0.18792,0.36646,0.42869,0.31502,0.27898,0.33635,0.30244,0.25185,0.031527,0.04597,0.19071,0.46127,0.40302,0.29403,0.12618,-0.05965
0.03637,0.23389,1,0.571,0.10986,0.48214,0.69547,0.43296,0.11792,0.3744,-0.30297,-0.11865,-0.13673,-0.13763,0.12666,0.11261,-0.028377,-0.14819,-0.01814,-0.0773,0.09643,0.16468,0.52779,0.55545,0.45375,0.51363,0.60951,0.3945,-0.064852,-0.07475,0.40918,0.59708,0.48133,0.54025,0.71836,0.59355,0.42594,0.39559,0.35006,0.4234,0.23867,0.19546,0.50387,0.53345,0.24801,0.31143,0.27483,0.4925,0.21074,0.08926,0.53583,0.40808,0.3057,0.46242,0.36512,0.29762,-0.0094397,0.064345,0.10631,0.057486,0.32234,0.33679,-0.12505,-0.14458,0.80893,0.5714,0.60799,0.40849,0.20955,0.12896,0.29895,0.33296,0.23929,0.29105,0.19865,0.12662,0.52225,0.55169,0.017257,0.15377,-0.038045,0.046206,0.046231,-0.09187,0.15474,0.25496,0.43719,0.28266,0.53714,0.50466,0.41996,0.57667,0.52935,0.676,0.26322,0.37717,0.42792,0.5008,0.47715,0.45438,0.45764,0.65105,0.48853,0.43223,0.5333,0.52416,0.35226,0.17076,0.30444,0.36966,0.5196,0.39912,0.082456,0.35306,0.43796,-0.0172
-0.18685,0.14041,0.571,1,0.10401,0.73411,0.55413,0.8323,0.24789,0.63035,-0.39513,0.15589,-0.43401,-0.034627,-0.25571,0.20246,0.029517,-0.1718,-0.36327,-0.19616,-0.053567,0.18513,-0.030133,0.68976,0.29796,0.62734,0.46687,0.5435,-0.11129,0.00841,0.060312,0.66664,0.28947,0.61518,0.4771,0.55731,0.18218,0.33451,0.17168,0.24208,0.1564,0.11259,0.29953,0.38537,-0.0094628,0.19253,0.063413,0.28725,0.00246,-0.029123,0.39554,0.26056,0.079142,0.14923,0.29792,0.16428,-0.12659,-0.075965,-0.019605,-0.025004,0.28756,0.61291,-0.19821,0.098439,0.64055,0.789,0.34038,0.47428,0.11361,0.098781,-0.11052,0.021094,-0.033915,0.083195,-0.025265,-0.097075,0.2021,0.42478,0.11001,0.07766,-0.1462,-0.023232,-0.11267,-0.17759,-0.0016341,0.39827,0.09672,0.047925,0.54576,0.57725,0.31315,0.21965,0.69646,0.47706,0.15466,0.20497,0.35071,0.40891,0.3523,0.27678,0.66225,0.53625,0.47501,0.41311,0.31024,0.34293,0.30922,0.16468,0.13633,0.17714,0.43672,0.42693,0.32071,0.29705,0.32054,0.016339
0.29874,0.26326,0.10986,0.10401,1,0.37148,0.13861,0.13684,0.43647,0.22226,0.073479,0.17092,0.10778,0.15144,0.35936,0.26233,0.22496,0.26207,0.17166,0.30211,0.57237,0.44669,0.21486,0.21614,0.43976,0.40988,0.36572,0.39098,0.079242,0.18712,0.1026,0.088468,0.12077,0.2264,0.10827,0.042175,0.20643,0.20286,0.2769,0.2474,-0.003828,0.12867,0.37861,0.29757,0.27756,0.21551,0.33883,0.34134,0.38837,0.22047,0.3436,0.27712,0.32743,0.27507,0.32734,0.29884,0.2696,0.34948,0.23799,-0.001315,0.24928,0.191,0.044514,0.069403,0.067726,0.082529,0.19294,0.09832,0.34152,0.31014,0.13016,0.022815,0.099021,0.094061,0.21124,0.12914,0.026769,0.061107,0.25919,0.16291,0.20172,0.146,0.22131,0.16211,0.1684,0.14318,0.31386,0.29205,0.20714,0.1553,0.24313,0.12005,0.19951,0.1651,0.13994,0.12467,0.26272,0.24551,0.23658,0.1938,0.15342,0.25785,0.11733,0.0028264,0.097903,0.13416,0.24787,0.066585,0.0072416,-0.063257,0.16712,0.20711,0.09855,0.086153,-0.058791,-0.014275
-0.15301,-0.013393,0.48214,0.73411,0.37148,1,0.32912,0.75693,0.45221,0.80066,-0.46522,-0.0081814,-0.50075,-0.20692,-0.24646,0.16562,-0.10006,-0.32077,-0.46012,-0.35038,0.29528,0.39613,-0.09209,0.54649,0.37614,0.72651,0.58622,0.69549,-0.35219,-0.18074,-0.041321,0.52798,0.06519,0.44993,0.37785,0.44785,0.1939,0.3801,0.23324,0.33447,-0.017471,-0.011672,0.48886,0.54937,0.054865,0.26309,0.17676,0.36368,0.089784,-0.067293,0.44803,0.23715,0.15739,0.14941,0.31948,0.13482,-0.028914,-0.11482,0.069297,-0.14489,0.29293,0.60622,-0.41282,-0.13368,0.58912,0.78137,0.31529,0.43926,0.17584,0.22279,0.0011383,0.082436,-0.19976,-0.16765,-0.10062,-0.22143,0.10472,0.28824,0.024131,-0.001672,-0.2778,-0.12381,-0.21181,-0.24714,-0.2046,0.18857,0.030135,0.018344,0.58142,0.56262,0.34524,0.14124,0.72335,0.42216,0.19598,0.1302,0.38413,0.45543,0.2399,0.16033,0.64983,0.56425,0.32504,0.29877,0.23244,0.20236,0.17558,0.093127,0.065757,0.14683,0.51038,0.34396,0.15713,0.21844,0.3037,-0.055003
0.21418,0.49618,0.69547,0.55413,0.13861,0.32912,1,0.55066,0.31386,0.32219,0.020283,0.29789,0.133,0.043735,0.17988,0.12239,0.23486,0.15282,0.14903,0.18882,0.084174,0.23938,0.31022,0.33287,0.28222,0.27407,0.32404,0.25372,0.24458,0.18299,0.29501,0.47944,0.52894,0.61044,0.54369,0.42236,0.32865,0.29111,0.21186,0.27689,0.31526,0.36392,0.33925,0.39019,0.36145,0.35788,0.25051,0.42626,0.35251,0.30202,0.52744,0.51349,0.33748,0.42648,0.33008,0.26836,0.10412,0.25599,0.27943,0.14123,0.63542,0.46962,0.19844,0.26686,0.61658,0.4618,0.55747,0.35751,0.28276,0.17684,0.32714,0.3281,0.34357,0.43065,0.33945,0.2942,0.5217,0.58537,0.109,0.36458,0.18769,0.1898,0.23294,0.11552,0.29945,0.27036,0.30215,0.22619,0.44735,0.46696,0.39732,0.58328,0.47992,0.6883,0.26457,0.36141,0.35902,0.37646,0.54299,0.51154,0.52697,0.72368,0.5647,0.56845,0.40221,0.54762,0.43774,0.28635,0.22402,0.30389,0.43251,0.42945,0.34587,0.32401,0.36042,-0.1136
-0.034689,0.15556,0.43296,0.8323,0.13684,0.75693,0.55066,1,0.45137,0.78746,-0.1965,0.30605,-0.35217,-0.11276,-0.27217,0.11255,0.12402,-0.12739,-0.35192,-0.21553,0.083444,0.32276,-0.18187,0.47056,0.20197,0.46921,0.34969,0.4242,-0.082542,0.067676,-0.035308,0.60606,0.14168,0.58117,0.34214,0.38042,0.11704,0.37593,0.16236,0.27231,0.038155,0.093021,0.36523,0.46209,0.050568,0.26466,0.12546,0.31694,0.09663,0.098521,0.40293,0.35573,0.16314,0.11856,0.27182,0.097983,0.0059985,-0.077594,0.25216,-0.018406,0.5945,0.85992,-0.19258,0.19279,0.50457,0.84971,0.24703,0.44497,0.21094,0.21709,0.031937,0.13951,-0.030869,0.063523,0.025646,-0.098254,0.21715,0.44476,0.14879,0.22334,-0.061404,0.033387,-0.16877,-0.18355,-0.02591,0.22137,-0.064726,-0.067806,0.58497,0.62224,0.39145,0.30919,0.70396,0.48785,0.22283,0.17105,0.31988,0.39304,0.30533,0.28073,0.76893,0.61998,0.47154,0.41727,0.18421,0.27715,0.20909,0.17471,0.051192,0.24131,0.48003,0.41414,0.37093,0.25157,0.36051,-0.063264
0.35069,0.38427,0.11792,0.24789,0.43647,0.45221,0.31386,0.45137,1,0.64318,0.16878,0.44957,0.11667,0.047155,0.10615,0.095432,0.19542,0.11746,-0.12214,0.0020505,0.37955,0.52969,-0.17988,0.049733,0.17114,0.32873,0.2913,0.38022,-0.09109,-0.081965,-0.32901,-0.005183,-0.057949,0.15764,-0.074705,-0.10221,0.037703,0.17443,0.12681,0.20124,-0.02274,0.17466,0.38123,0.38542,0.17953,0.084275,0.30154,0.31222,0.36535,0.2533,0.47963,0.37669,0.35834,0.2362,0.3578,0.21086,0.35187,0.36691,0.32123,-0.10446,0.6016,0.45332,-0.062601,0.23799,0.14953,0.33181,-0.015872,-0.044839,0.37924,0.22688,0.082966,0.054779,-0.089779,-0.0057619,-0.01667,-0.093844,-0.075356,0.042385,0.12215,0.26329,0.057564,0.16911,-0.027896,-0.034345,0.058597,0.15322,-0.059114,0.016243,0.46754,0.37665,0.28255,0.15414,0.41643,0.30709,0.078435,-0.010283,0.19133,0.28108,0.2023,0.1713,0.33141,0.50312,0.14447,0.15631,0.024518,0.07971,0.12958,-0.0027567,-0.19516,-0.10184,0.13193,0.17559,0.2144,0.089319,0.085217,-0.25003
-0.059283,0.03592,0.3744,0.63035,0.22226,0.80066,0.32219,0.78746,0.64318,1,-0.28379,0.2368,-0.39632,-0.17263,-0.14993,0.22637,-0.028136,-0.25302,-0.41908,-0.35319,0.19004,0.39346,-0.14139,0.42886,0.19123,0.51585,0.41871,0.46691,-0.29844,-0.16534,-0.21157,0.36081,0.022044,0.38798,0.19672,0.20262,0.1129,0.33045,0.12918,0.2784,-0.10215,-0.01746,0.47121,0.52656,0.016548,0.15988,0.19977,0.34248,0.13004,0.054164,0.45887,0.32363,0.21307,0.1458,0.25354,0.11994,0.062977,-0.067687,0.18872,-0.080893,0.4676,0.73276,-0.32797,0.11281,0.44129,0.71902,0.13738,0.27022,0.17355,0.23611,-0.031355,0.00032368,-0.22338,-0.16664,-0.15149,-0.28865,0.017318,0.21141,0.016901,0.079122,-0.20664,-0.058149,-0.28966,-0.27976,-0.18018,0.092657,-0.12673,-0.1598,0.61521,0.62207,0.37792,0.2037,0.75672,0.45376,0.14891,0.0021597,0.24051,0.34615,0.15526,0.082218,0.64596,0.58591,0.26927,0.19618,0.13976,0.16507,0.10196,0.021496,-0.04434,0.13506,0.38654,0.23199,0.16353,0.10661,0.28325,-0.15921
0.74142,0.51524,-0.30297,-0.39513,0.073479,-0.46522,0.020283,-0.1965,0.16878,-0.28379,1,0.56707,0.84839,0.43796,0.52133,0.10269,0.54792,0.57553,0.7134,0.62857,0.069988,0.04211,0.082565,-0.40947,-0.25285,-0.48899,-0.37361,-0.34287,0.61596,0.5068,0.10233,-0.23228,0.097166,-0.00058227,-0.3825,-0.43255,0.021971,-0.070389,0.08202,-0.098276,0.2693,0.28283,-0.096542,-0.1447,0.17674,-0.014192,0.1312,0.0013379,0.30459,0.44376,-0.078825,0.20689,0.19242,0.076806,0.10944,0.14895,0.55545,0.50215,0.51401,0.43164,0.40412,0.01469,0.55913,0.50977,-0.54324,-0.4307,-0.12819,-0.22493,0.30363,0.1454,0.22198,0.21761,0.45392,0.44457,0.45704,0.40735,0.11705,0.057631,0.35054,0.37728,0.58913,0.39552,0.55899,0.4098,0.5433,0.06137,0.12666,0.2074,-0.17633,-0.031806,0.11236,0.21435,-0.29768,-0.083909,-0.095784,0.0038122,-0.021994,-0.017063,0.17693,0.26971,-0.16123,-0.15527,0.047136,0.045535,0.037341,0.03669,0.12379,0.24692,-0.065365,-0.080984,-0.14591,0.10382,0.23405,0.019786,-0.035499,-0.067576
0.43228,0.54024,-0.11865,0.15589,0.17092,-0.0081814,0.29789,0.30605,0.44957,0.2368,0.56707,1,0.44481,0.56561,0.26459,0.33116,0.60022,0.63163,0.33984,0.49208,0.015926,0.16838,-0.13075,0.05202,-0.16251,-0.15383,-0.17105,-0.044548,0.51896,0.53672,-0.1287,0.021017,0.16508,0.28344,-0.21203,-0.19324,0.11489,0.19952,0.091566,0.1102,0.29984,0.4288,0.098102,0.11945,0.24341,0.1093,0.30083,0.2535,0.42486,0.51824,0.26564,0.43456,0.36584,0.20072,0.38721,0.34182,0.44887,0.42096,0.35494,0.27251,0.50922,0.31615,0.50053,0.82177,-0.27326,-0.065119,-0.075803,-0.030971,0.21353,0.15291,-0.05321,-0.089841,0.26698,0.33406,0.25269,0.29586,0.11895,0.24572,0.51818,0.40286,0.54321,0.43773,0.45347,0.4043,0.46519,0.36003,0.075404,0.1044,0.16034,0.26481,0.33885,0.16936,0.23463,0.11207,-0.029414,0.0045468,0.15182,0.15512,0.39359,0.33762,0.28587,0.19433,0.25304,0.142,-0.0026329,0.082753,0.14723,0.25322,-0.08698,-0.041075,0.10483,0.30734,0.44703,-0.049382,0.013348,-0.06586
0.71633,0.57831,-0.13673,-0.43401,0.10778,-0.50075,0.133,-0.35217,0.11667,-0.39632,0.84839,0.44481,1,0.53878,0.67118,0.17244,0.53533,0.65254,0.76675,0.67672,0.15273,0.1455,0.33829,-0.27454,-0.043917,-0.3474,-0.19076,-0.24773,0.67581,0.51068,0.30036,-0.13396,0.29632,0.076273,-0.17372,-0.25301,0.13995,-0.06784,0.15672,-0.026734,0.3624,0.42177,-0.063645,-0.097016,0.35015,0.12007,0.20657,0.11785,0.39028,0.44841,0.017368,0.24243,0.22221,0.18945,0.12819,0.24572,0.51589,0.59136,0.47669,0.41043,0.34568,-0.15037,0.63321,0.40244,-0.35086,-0.49024,0.079429,-0.14179,0.24506,0.086628,0.36884,0.29177,0.55615,0.5213,0.54637,0.52457,0.237,0.11074,0.34551,0.43144,0.63328,0.48664,0.63531,0.50856,0.66121,0.16899,0.26856,0.40667,-0.17452,-0.11737,0.087405,0.22344,-0.25415,-0.022289,0.016794,0.13099,0.037253,0.030628,0.2409,0.30315,-0.24699,-0.10393,0.058362,0.10085,0.13183,0.18102,0.20279,0.22243,0.035045,-0.017694,-0.15375,0.093323,0.19579,0.092854,0.032078,-0.084727
0.42225,0.45526,-0.13763,-0.034627,0.15144,-0.20692,0.043735,-0.11276,0.047155,-0.17263,0.43796,0.56561,0.53878,1,0.39419,0.58812,0.61444,0.60438,0.43836,0.62879,-0.18153,-0.014628,0.097523,0.20077,-0.062433,-0.13618,-0.18141,-0.091002,0.64029,0.5921,0.13988,0.049881,0.28142,0.21881,-0.13727,-0.041378,0.10304,0.069527,0.13788,0.092858,0.3703,0.39754,-0.01978,0.05993,0.3411,0.21666,0.30117,0.25037,0.40221,0.4708,0.18947,0.33615,0.26235,0.17792,0.35697,0.46841,0.46661,0.47887,0.25082,0.35526,0.12947,-0.087472,0.61505,0.52908,-0.34282,-0.35931,0.062652,0.010819,0.19325,0.11441,-0.16422,-0.1585,0.32034,0.35882,0.25826,0.31242,0.1006,0.18659,0.45386,0.42003,0.63067,0.57156,0.55543,0.48186,0.59423,0.5666,0.17968,0.40955,-0.13686,-0.018474,0.066422,0.014079,-0.0031774,-0.13099,0.053757,0.096906,0.19496,0.16763,0.34881,0.32288,-0.045209,-0.13882,0.23477,0.086822,0.10055,0.12593,0.19675,0.11328,-0.0022816,-0.0051167,-0.0826,0.20357,0.25127,0.0922,0.038058,0.029234
0.55876,0.3829,0.12666,-0.25571,0.35936,-0.24646,0.17988,-0.27217,0.10615,-0.14993,0.52133,0.26459,0.67118,0.39419,1,0.44925,0.28337,0.37191,0.72496,0.51868,0.22777,0.10737,0.71217,0.10877,0.039981,-0.128,0.056327,-0.1337,0.42069,0.30631,0.36457,-0.047868,0.30156,0.14072,0.018168,-0.096659,0.20298,0.017216,0.12194,0.066663,0.19652,0.20195,0.18194,0.10411,0.30008,0.16589,0.28334,0.22018,0.37271,0.35787,0.16121,0.27952,0.23909,0.28977,0.13628,0.32754,0.36336,0.44432,0.38714,0.42105,0.24079,-0.013021,0.51478,0.28548,-0.10418,-0.2988,0.23898,0.019439,0.22143,0.20168,0.35982,0.21768,0.4918,0.38888,0.48974,0.45908,0.23822,0.095232,0.18057,0.23896,0.45753,0.27355,0.5356,0.28244,0.57874,0.10865,0.51957,0.42793,0.078499,0.12766,0.26345,0.44202,0.0063872,0.24475,0.040244,0.14972,0.023097,0.13677,0.23281,0.26648,-0.085664,0.056659,0.094469,0.04832,0.20991,0.24418,0.29113,0.22211,0.11333,0.013088,-0.013965,-0.0052402,0.038587,0.031489,0.12862,-0.082485
0.24804,0.18865,0.11261,0.20246,0.26233,0.16562,0.12239,0.11255,0.095432,0.22637,0.10269,0.33116,0.17244,0.58812,0.44925,1,0.43988,0.29397,0.28044,0.29132,-0.039782,0.11734,0.24301,0.54324,0.052479,0.13601,0.090849,0.11454,0.44478,0.43996,0.2745,0.35942,0.31631,0.38392,0.07517,0.11953,0.26981,0.32504,0.19034,0.24166,0.23867,0.26755,0.3726,0.38603,0.23344,0.27773,0.32778,0.39982,0.32246,0.23792,0.31456,0.29344,0.23357,0.219,0.2883,0.345,0.34554,0.25189,0.21111,0.22064,0.1806,0.15083,0.34996,0.27156,-0.010961,-0.017736,0.23706,0.25019,0.14599,0.17543,-0.070739,-0.075359,0.22814,0.20293,0.3191,0.11488,0.2454,0.28417,0.36545,0.30561,0.37721,0.30853,0.34265,0.27301,0.36146,0.38476,0.14425,0.22935,0.17251,0.18309,0.32403,0.22447,0.33822,0.13142,0.04827,0.021351,0.24677,0.2823,0.32865,0.319,0.22187,0.016394,0.24852,0.1179,0.2232,0.19694,0.30833,0.17602,0.052184,0.078532,0.18279,0.23325,0.13987,0.1919,0.24379,0.0087029
0.62141,0.63921,-0.028377,0.029517,0.22496,-0.10006,0.23486,0.12402,0.19542,-0.028136,0.54792,0.60022,0.53533,0.61444,0.28337,0.43988,1,0.7855,0.49122,0.64886,0.019847,0.20567,0.042567,0.079862,0.10187,-0.085043,-0.10134,-0.044772,0.7602,0.74456,0.22847,0.2473,0.38773,0.39889,-0.043505,-0.063357,0.28921,0.23828,0.34618,0.23264,0.50713,0.62906,0.1252,0.17101,0.35656,0.21034,0.34133,0.33981,0.47548,0.51816,0.31149,0.45587,0.42424,0.28143,0.4455,0.39728,0.67849,0.65185,0.33597,0.21519,0.40029,0.13358,0.58009,0.56314,-0.18912,-0.1325,0.06148,-0.025536,0.31294,0.17753,0.12578,0.14372,0.40854,0.433,0.39033,0.31134,0.27271,0.32009,0.66267,0.6834,0.77157,0.68317,0.50799,0.57979,0.63112,0.50433,0.16489,0.35138,0.025359,0.062518,0.22148,0.24754,0.046117,0.043177,0.10445,0.1016,0.35381,0.23769,0.511,0.52048,0.075584,0.11405,0.26987,0.17914,0.11924,0.19086,0.28355,0.28278,-0.055836,0.036468,0.16816,0.46089,0.32268,0.2407,0.12165,-0.034172
0.53269,0.62584,-0.14819,-0.1718,0.26207,-0.32077,0.15282,-0.12739,0.11746,-0.25302,0.57553,0.63163,0.65254,0.60438,0.37191,0.29397,0.7855,1,0.58872,0.74243,0.1713,0.22687,0.11928,-0.086655,0.1524,-0.16882,-0.10057,-0.061962,0.79732,0.79903,0.26435,0.068706,0.4064,0.28585,-0.074144,-0.15858,0.3272,0.18726,0.30591,0.20906,0.51709,0.66258,0.0037062,0.014144,0.44344,0.20626,0.37515,0.30147,0.52952,0.596,0.21732,0.41992,0.42877,0.31487,0.39711,0.42874,0.55876,0.6654,0.24342,0.28886,0.2224,-0.12391,0.66131,0.62217,-0.3155,-0.41319,0.0083568,-0.12737,0.21372,0.14348,0.25412,0.13933,0.50983,0.53361,0.43456,0.50901,0.24538,0.2207,0.64425,0.64316,0.8529,0.74058,0.66372,0.76784,0.68481,0.43449,0.22644,0.41081,-0.1176,-0.062053,0.11544,0.070617,-0.153,-0.10722,0.088616,0.12922,0.26004,0.14887,0.46034,0.43611,-0.093405,-0.023296,0.18712,0.070916,0.033581,0.16271,0.26499,0.19826,-0.0024115,0.057125,0.086504,0.36224,0.31599,0.094944,-0.035619,-0.019618
0.64594,0.47807,-0.01814,-0.36327,0.17166,-0.46012,0.14903,-0.35192,-0.12214,-0.41908,0.7134,0.33984,0.76675,0.43836,0.72496,0.28044,0.49122,0.58872,1,0.81237,0.15096,0.07256,0.52088,-0.15658,0.0029788,-0.37023,-0.20906,-0.27627,0.68844,0.58618,0.4644,-0.025525,0.41596,0.18289,-0.036728,-0.16324,0.29614,0.086701,0.19135,0.090804,0.38448,0.3547,-0.0013724,-0.070877,0.33377,0.15231,0.1727,0.10088,0.35667,0.3836,-0.016451,0.20698,0.21386,0.22469,0.12602,0.24055,0.44225,0.48341,0.37139,0.4491,0.19093,-0.15382,0.58384,0.38155,-0.3128,-0.48482,0.20459,-0.044483,0.25825,0.23742,0.38811,0.2857,0.62431,0.5492,0.62381,0.55793,0.38555,0.17193,0.32529,0.36294,0.63233,0.37872,0.67526,0.52354,0.62095,0.10695,0.4524,0.41968,-0.17797,-0.13318,0.18243,0.42628,-0.27552,0.10471,0.0066848,0.10503,0.079388,0.050484,0.28553,0.4145,-0.20091,-0.079712,0.12738,0.12654,0.13205,0.15576,0.25625,0.19015,0.065167,0.030285,0.038701,0.19566,0.19273,0.1111,0.070091,-0.013085
0.63344,0.65887,-0.0773,-0.19616,0.30211,-0.35038,0.18882,-0.21553,0.0020505,-0.35319,0.62857,0.49208,0.67672,0.62879,0.51868,0.29132,0.64886,0.74243,0.81237,1,0.14983,0.13227,0.30399,-0.10458,0.10334,-0.22189,-0.13251,-0.10593,0.74111,0.65924,0.3249,0.017991,0.418,0.27931,-0.066515,-0.14492,0.29694,0.16253,0.28913,0.17055,0.46216,0.51319,-0.0067194,-0.051957,0.40319,0.15566,0.26118,0.17016,0.47241,0.51006,0.12873,0.35562,0.39463,0.31637,0.3349,0.37064,0.55637,0.65496,0.31402,0.37927,0.22727,-0.15295,0.56452,0.46714,-0.32296,-0.46521,0.13534,-0.10517,0.4488,0.42637,0.18677,0.066591,0.51867,0.52249,0.51339,0.48996,0.25721,0.15096,0.43897,0.41651,0.70189,0.5031,0.69074,0.66831,0.6209,0.36144,0.35852,0.45017,-0.11795,-0.072499,0.21287,0.25002,-0.18742,0.031929,0.034328,0.10164,0.2035,0.12046,0.43887,0.48558,-0.11159,-0.0032331,0.27469,0.1561,0.053875,0.10604,0.27828,0.21917,-0.02804,0.022145,0.099864,0.32434,0.32003,0.12752,-0.049289,0.010777
0.22141,0.15842,0.09643,-0.053567,0.57237,0.29528,0.084174,0.083444,0.37955,0.19004,0.069988,0.015926,0.15273,-0.18153,0.22777,-0.039782,0.019847,0.1713,0.15096,0.14983,1,0.72951,0.14109,-0.098101,0.5288,0.39544,0.48898,0.49699,-0.06821,0.012097,0.20491,0.13036,0.1533,0.18829,0.16832,0.096138,0.25937,0.29716,0.37056,0.3499,0.0029117,0.032037,0.28333,0.22436,0.35717,0.34251,0.24269,0.22053,0.3236,0.16877,0.24741,0.1964,0.34244,0.20433,0.3063,0.12902,0.18573,0.23293,0.30037,-0.0051078,0.29652,0.13978,-0.019238,-0.060239,0.16306,0.11203,0.31861,0.2251,0.368,0.46165,0.43228,0.23653,0.096519,0.0087495,0.22279,0.096675,0.15488,0.005522,0.093984,0.17693,0.1161,0.16612,0.1643,0.20191,0.13096,0.058521,0.16874,0.2559,0.37083,0.21982,0.32701,0.1514,0.13876,0.17023,0.22518,0.15966,0.31163,0.29712,0.16145,0.16459,0.16127,0.24252,0.085299,0.079362,0.032982,0.056175,0.095085,-0.027287,-0.065999,0.029608,0.28971,0.17353,0.14642,0.080364,-0.031699,-0.19939
0.25361,0.27384,0.16468,0.18513,0.44669,0.39613,0.23938,0.32276,0.52969,0.39346,0.04211,0.16838,0.1455,-0.014628,0.10737,0.11734,0.20567,0.22687,0.07256,0.13227,0.72951,1,0.07094,0.11448,0.61871,0.52807,0.52154,0.58586,0.10538,0.1754,0.28276,0.37124,0.27208,0.39057,0.25682,0.22128,0.24349,0.3633,0.39402,0.45087,0.05879,0.26673,0.3609,0.40965,0.45064,0.43045,0.32091,0.36563,0.38996,0.24585,0.37327,0.33849,0.36721,0.22617,0.33068,0.22042,0.29133,0.31944,0.35497,-0.0056394,0.45483,0.31421,0.011039,0.098229,0.24772,0.2434,0.33636,0.30062,0.29695,0.32968,0.34904,0.25814,0.057649,0.053511,0.21596,0.0091075,0.14857,0.083188,0.15141,0.37527,0.18093,0.34195,0.14746,0.22587,0.19903,0.24057,0.096444,0.27139,0.4004,0.25076,0.31453,0.18115,0.32802,0.22898,0.29605,0.17585,0.39613,0.38109,0.29683,0.31413,0.35823,0.37595,0.25894,0.32819,0.15052,0.17586,0.1937,-0.00087315,0.052791,0.091324,0.28004,0.35308,0.33338,0.31626,0.17349,-0.15815
0.218,0.20147,0.52779,-0.030133,0.21486,-0.09209,0.31022,-0.18187,-0.17988,-0.14139,0.082565,-0.13075,0.33829,0.097523,0.71217,0.24301,0.042567,0.11928,0.52088,0.30399,0.14109,0.07094,1,0.37312,0.36734,0.14935,0.37052,0.055098,0.24471,0.1557,0.66536,0.29547,0.49299,0.31255,0.46397,0.30716,0.4616,0.19852,0.33558,0.25467,0.23213,0.16658,0.28603,0.21825,0.29059,0.25693,0.20613,0.2941,0.22677,0.1552,0.13718,0.21199,0.14106,0.31923,0.099676,0.24981,0.054166,0.19726,0.11606,0.23056,0.081633,-0.031508,0.22615,-0.072332,0.33681,-0.038464,0.46309,0.20424,0.10471,0.11122,0.46094,0.39155,0.43546,0.36393,0.40815,0.33837,0.43652,0.25992,0.048108,0.13931,0.21746,0.13398,0.33821,0.14386,0.41535,0.081011,0.66385,0.45991,0.1741,0.11086,0.2723,0.50958,0.089677,0.44345,0.1216,0.26175,0.14241,0.20461,0.26651,0.28766,0.018679,0.22044,0.13382,0.15214,0.36641,0.35499,0.28331,0.16431,0.23765,0.18466,0.25273,0.14098,-0.092289,0.18375,0.22626,0.036156
-0.14243,-0.0023503,0.55545,0.68976,0.21614,0.54649,0.33287,0.47056,0.049733,0.42886,-0.40947,0.05202,-0.27454,0.20077,0.10877,0.54324,0.079862,-0.086655,-0.15658,-0.10458,-0.098101,0.11448,0.37312,1,0.34727,0.54689,0.44151,0.32877,0.034312,0.1235,0.324,0.64579,0.35849,0.55359,0.50899,0.56447,0.2913,0.37124,0.23044,0.26062,0.12604,0.1546,0.45093,0.45674,0.1185,0.29201,0.22245,0.39445,0.12143,-0.026768,0.35731,0.21278,0.080823,0.20178,0.24263,0.22633,-0.048113,-0.040324,0.046248,0.08237,0.14226,0.43838,-0.01006,0.043598,0.5384,0.53082,0.41411,0.51613,-0.041972,-0.0089976,-0.050298,-0.00094489,0.030802,0.055032,0.059395,-0.086749,0.23742,0.32643,0.24365,0.083422,-0.0074192,0.079056,0.017658,-0.066933,0.13131,0.39622,0.30438,0.21568,0.37516,0.35598,0.38003,0.23815,0.65454,0.4298,0.048656,0.11989,0.22323,0.32219,0.30375,0.24976,0.45802,0.33235,0.34703,0.22771,0.35214,0.32809,0.38635,0.19235,0.18852,0.13396,0.35921,0.31862,0.11538,0.26809,0.35537,0.12492
0.031138,0.18336,0.45375,0.29796,0.43976,0.37614,0.28222,0.20197,0.17114,0.19123,-0.25285,-0.16251,-0.043917,-0.062433,0.039981,0.052479,0.10187,0.1524,0.0029788,0.10334,0.5288,0.61871,0.36734,0.34727,1,0.77759,0.7618,0.60362,0.11258,0.19412,0.58661,0.55942,0.5652,0.53207,0.61923,0.48491,0.50195,0.39825,0.63908,0.56104,0.17416,0.20463,0.33272,0.34423,0.37026,0.38125,0.27728,0.39776,0.27359,0.13158,0.34575,0.2687,0.30503,0.30504,0.31142,0.2199,0.12709,0.25824,0.075534,-0.084311,0.15072,0.13326,-0.13043,-0.17745,0.5223,0.30324,0.44215,0.28838,0.25382,0.2493,0.30893,0.31777,0.12328,0.11269,0.11533,-0.01107,0.22615,0.18579,0.13839,0.30896,0.14184,0.2936,0.16679,0.26498,0.15311,0.31286,0.35887,0.50611,0.30451,0.15587,0.1504,0.11637,0.25766,0.2469,0.38326,0.32968,0.46162,0.39299,0.25424,0.21823,0.18609,0.39346,0.20768,0.29872,0.29223,0.36325,0.19306,-0.069847,0.28584,0.28591,0.34979,0.37784,0.083658,0.35042,0.19224,0.0031037
-0.17535,0.03996,0.51363,0.62734,0.40988,0.72651,0.27407,0.46921,0.32873,0.51585,-0.48899,-0.15383,-0.3474,-0.13618,-0.128,0.13601,-0.085043,-0.16882,-0.37023,-0.22189,0.39544,0.52807,0.14935,0.54689,0.77759,1,0.8533,0.81828,-0.23948,-0.12945,0.24021,0.57375,0.33309,0.49017,0.56851,0.59551,0.35098,0.39763,0.46112,0.48678,0.062345,0.036365,0.41815,0.48693,0.15514,0.29241,0.20795,0.3875,0.10125,-0.041576,0.42069,0.22497,0.20004,0.20486,0.32692,0.18658,-0.04711,0.042045,-0.027841,-0.16406,0.13209,0.31927,-0.36301,-0.26667,0.67836,0.61538,0.41324,0.42995,0.19227,0.19265,0.065519,0.10431,-0.11708,-0.096597,-0.068764,-0.17828,0.12499,0.24138,-0.0123,0.084546,-0.17049,0.021135,-0.086241,-0.080101,-0.060109,0.34713,0.24503,0.27947,0.5615,0.43082,0.21158,0.054272,0.55129,0.33559,0.3304,0.27176,0.43152,0.45096,0.2016,0.099511,0.39546,0.46875,0.22404,0.24391,0.30604,0.30228,0.17425,-0.033229,0.23172,0.20365,0.35141,0.2893,0.052581,0.30788,0.24772,-0.033769
-0.073344,0.10298,0.60951,0.46687,0.36572,0.58622,0.32404,0.34969,0.2913,0.41871,-0.37361,-0.17105,-0.19076,-0.18141,0.056327,0.090849,-0.10134,-0.10057,-0.20906,-0.13251,0.48898,0.52154,0.37052,0.44151,0.7618,0.8533,1,0.81999,-0.18653,-0.11624,0.32165,0.51465,0.35276,0.43358,0.56946,0.50565,0.39519,0.39746,0.51462,0.53742,0.052299,0.045231,0.46067,0.50448,0.25708,0.3041,0.29911,0.46574,0.20966,0.062159,0.42876,0.29086,0.28984,0.30935,0.36017,0.27014,0.0017951,0.11518,-0.035299,-0.12396,0.17129,0.23345,-0.31078,-0.27554,0.68099,0.49656,0.40264,0.30255,0.25394,0.29577,0.21187,0.21431,-0.00066834,0.02274,0.075953,-0.022064,0.19531,0.24862,0.014499,0.13695,-0.11002,0.047107,-0.0090752,-0.028842,0.022274,0.2477,0.33568,0.35869,0.59743,0.44189,0.28256,0.15307,0.45117,0.38642,0.31912,0.32794,0.44091,0.51529,0.24723,0.15729,0.34999,0.47309,0.21955,0.21719,0.30679,0.3591,0.15834,-0.021088,0.2208,0.28438,0.4064,0.26725,-0.01116,0.26174,0.20983,-0.032436
-0.10056,0.16334,0.3945,0.5435,0.39098,0.69549,0.25372,0.4242,0.38022,0.46691,-0.34287,-0.044548,-0.24773,-0.091002,-0.1337,0.11454,-0.044772,-0.061962,-0.27627,-0.10593,0.49699,0.58586,0.055098,0.32877,0.60362,0.81828,0.81999,1,-0.1948,-0.097688,0.11608,0.45196,0.19387,0.3831,0.3739,0.45615,0.31316,0.37872,0.40987,0.49065,0.1178,0.083907,0.35043,0.4445,0.20662,0.27016,0.20538,0.38745,0.171,0.058307,0.41626,0.27265,0.25061,0.20441,0.45306,0.29227,0.015486,0.093945,-0.07369,-0.17901,0.12783,0.18574,-0.282,-0.17329,0.51236,0.45661,0.33483,0.31303,0.26045,0.30004,0.080639,0.11282,-0.058782,-0.011299,0.052878,-0.021492,0.12461,0.26065,-0.0026951,0.052098,-0.14086,0.028376,-0.0026693,-0.01439,-0.03962,0.36536,0.11731,0.21938,0.56793,0.48215,0.25989,0.032291,0.46837,0.28075,0.2799,0.25698,0.47679,0.51592,0.33228,0.21907,0.46469,0.42957,0.26811,0.25995,0.25928,0.20919,0.16749,0.0064563,0.015679,0.1311,0.41745,0.35487,0.20757,0.30779,0.091818,-0.08312
0.52086,0.54465,-0.064852,-0.11129,0.079242,-0.35219,0.24458,-0.082542,-0.09109,-0.29844,0.61596,0.51896,0.67581,0.64029,0.42069,0.44478,0.7602,0.79732,0.68844,0.74111,-0.06821,0.10538,0.24471,0.034312,0.11258,-0.23948,-0.18653,-0.1948,1,0.8971,0.50454,0.2323,0.54239,0.43131,0.036388,-0.036837,0.30222,0.15171,0.28385,0.15175,0.52949,0.59309,-0.01068,0.0066318,0.39539,0.26446,0.26786,0.25512,0.41678,0.51151,0.099807,0.34864,0.27423,0.26067,0.22322,0.3391,0.49822,0.53577,0.29446,0.36872,0.28663,-0.012502,0.66685,0.54276,-0.27222,-0.34657,0.11696,0.0076335,0.16096,0.11977,0.24743,0.22904,0.60531,0.63572,0.55958,0.49709,0.35473,0.31635,0.55697,0.61384,0.80865,0.65637,0.70246,0.6992,0.66755,0.3742,0.2185,0.45257,-0.23878,-0.10771,0.10696,0.20102,-0.15604,-0.075454,0.060372,0.12945,0.19482,0.15347,0.42612,0.4788,-0.056115,-0.072179,0.23328,0.26768,0.21137,0.3001,0.27514,0.21335,0.10471,0.12942,0.075513,0.34656,0.33297,0.20994,0.15826,0.10465
0.44977,0.48994,-0.07475,0.00841,0.18712,-0.18074,0.18299,0.067676,-0.081965,-0.16534,0.5068,0.53672,0.51068,0.5921,0.30631,0.43996,0.74456,0.79903,0.58618,0.65924,0.012097,0.1754,0.1557,0.1235,0.19412,-0.12945,-0.11624,-0.097688,0.8971,1,0.49693,0.3401,0.51561,0.50228,0.051561,-0.0082439,0.354,0.28053,0.33917,0.21171,0.52163,0.57653,0.095912,0.12962,0.43794,0.33544,0.35998,0.36543,0.45726,0.55291,0.15709,0.40224,0.32279,0.26015,0.31708,0.40884,0.49585,0.50009,0.29405,0.41015,0.24929,0.099704,0.55501,0.57473,-0.28157,-0.24895,0.090499,0.070553,0.099858,0.14156,0.21897,0.239,0.57176,0.60027,0.51424,0.48004,0.37802,0.36232,0.66328,0.62973,0.82234,0.6798,0.6817,0.70485,0.64575,0.39213,0.25292,0.46877,-0.21171,-0.040227,0.13656,0.15864,-0.082406,-0.10451,0.084829,0.13312,0.29316,0.2092,0.46085,0.49591,0.056298,-0.065266,0.23351,0.21803,0.15998,0.28332,0.25094,0.19072,0.12605,0.1549,0.17018,0.42495,0.34416,0.2004,0.13512,0.15882
0.17711,0.1962,0.40918,0.060312,0.1026,-0.041321,0.29501,-0.035308,-0.32901,-0.21157,0.10233,-0.1287,0.30036,0.13988,0.36457,0.2745,0.22847,0.26435,0.4644,0.3249,0.20491,0.28276,0.66536,0.324,0.58661,0.24021,0.32165,0.11608,0.50454,0.49693,1,0.63751,0.72643,0.59851,0.61144,0.4945,0.5292,0.3598,0.52164,0.38559,0.38934,0.32833,0.26445,0.26084,0.44575,0.51747,0.23025,0.37198,0.26274,0.1921,0.078414,0.20548,0.14384,0.25039,0.11131,0.21548,0.1485,0.20938,0.22737,0.2561,0.15547,0.036275,0.25989,-0.01374,0.29494,0.017038,0.58966,0.44949,0.11661,0.15159,0.43786,0.47387,0.50268,0.43537,0.44262,0.28793,0.54607,0.38736,0.1965,0.37972,0.38099,0.36117,0.50031,0.42171,0.41377,0.22951,0.49857,0.54139,0.015935,-0.015337,0.21247,0.34766,0.026286,0.20608,0.19621,0.31567,0.34278,0.30205,0.33306,0.40899,0.11113,0.11402,0.29395,0.39656,0.48996,0.46684,0.3379,0.21216,0.39816,0.37224,0.33677,0.39931,0.070475,0.36839,0.39221,0.18407
0.027548,0.17904,0.59708,0.66664,0.088468,0.52798,0.47944,0.60606,-0.005183,0.36081,-0.23228,0.021017,-0.13396,0.049881,-0.047868,0.35942,0.2473,0.068706,-0.025525,0.017991,0.13036,0.37124,0.29547,0.64579,0.55942,0.57375,0.51465,0.45196,0.2323,0.3401,0.63751,1,0.57453,0.78224,0.66891,0.67358,0.46927,0.55212,0.49916,0.50574,0.33045,0.32091,0.3764,0.48194,0.28424,0.4824,0.20912,0.46048,0.17669,0.10488,0.34254,0.31913,0.18712,0.22421,0.33129,0.23196,0.080013,0.046319,0.1593,0.048158,0.34135,0.47941,-0.0091504,0.0056251,0.59901,0.59308,0.55067,0.59909,0.15501,0.14291,0.24089,0.37592,0.27816,0.28759,0.28347,0.051238,0.52542,0.55676,0.28167,0.40015,0.18664,0.28141,0.15054,0.19961,0.29799,0.43666,0.27781,0.37359,0.41568,0.3505,0.36648,0.37231,0.50484,0.42924,0.31243,0.32943,0.51666,0.48068,0.46021,0.47691,0.5253,0.44437,0.47327,0.52431,0.4144,0.47976,0.35746,0.20854,0.24522,0.40545,0.55664,0.60554,0.29781,0.52588,0.53399,0.067212
0.19008,0.36693,0.48133,0.28947,0.12077,0.06519,0.52894,0.14168,-0.057949,0.022044,0.097166,0.16508,0.29632,0.28142,0.30156,0.31631,0.38773,0.4064,0.41596,0.418,0.1533,0.27208,0.49299,0.35849,0.5652,0.33309,0.35276,0.19387,0.54239,0.51561,0.72643,0.57453,1,0.81356,0.65974,0.56005,0.56022,0.3665,0.5577,0.42402,0.50275,0.47759,0.23342,0.2785,0.46722,0.50496,0.24998,0.421,0.34572,0.30695,0.30207,0.36254,0.25938,0.31866,0.23708,0.29308,0.2573,0.37828,0.2794,0.34176,0.29838,0.16819,0.41402,0.32675,0.42628,0.1274,0.68029,0.48523,0.18428,0.24151,0.32479,0.279,0.42884,0.43233,0.35597,0.23099,0.51559,0.46992,0.31188,0.52884,0.43128,0.48725,0.53185,0.51204,0.50336,0.49445,0.49924,0.54987,0.19724,0.20653,0.17699,0.2551,0.2308,0.31546,0.22259,0.31034,0.39905,0.32134,0.37991,0.38108,0.17517,0.3303,0.42111,0.41344,0.37729,0.45699,0.43348,0.25768,0.36048,0.32262,0.35113,0.43101,0.14792,0.22974,0.32875,-0.044589
0.16631,0.38145,0.54025,0.61518,0.2264,0.44993,0.61044,0.58117,0.15764,0.38798,-0.00058227,0.28344,0.076273,0.21881,0.14072,0.38392,0.39889,0.28585,0.18289,0.27931,0.18829,0.39057,0.31255,0.55359,0.53207,0.49017,0.43358,0.3831,0.43131,0.50228,0.59851,0.78224,0.81356,1,0.65451,0.64822,0.53219,0.50909,0.54919,0.48382,0.4736,0.47713,0.42659,0.5028,0.42332,0.59402,0.29506,0.53608,0.35269,0.29134,0.41278,0.4395,0.25523,0.26512,0.35289,0.31483,0.22424,0.27904,0.35171,0.22736,0.51443,0.54843,0.23611,0.31595,0.52988,0.51204,0.66215,0.64483,0.30505,0.33398,0.29016,0.28394,0.3639,0.42096,0.36744,0.17798,0.54112,0.59723,0.3767,0.50509,0.3436,0.40257,0.37322,0.34461,0.40351,0.52714,0.34261,0.40808,0.4056,0.42349,0.38044,0.35457,0.4892,0.46354,0.21672,0.27813,0.50948,0.49688,0.50084,0.50697,0.5199,0.50252,0.53173,0.50172,0.41779,0.49,0.43982,0.32278,0.27145,0.34867,0.58992,0.62307,0.32013,0.32871,0.45453,0.004277
-0.18998,0.065442,0.71836,0.4771,0.10827,0.37785,0.54369,0.34214,-0.074705,0.19672,-0.3825,-0.21203,-0.17372,-0.13727,0.018168,0.07517,-0.043505,-0.074144,-0.036728,-0.066515,0.16832,0.25682,0.46397,0.50899,0.61923,0.56851,0.56946,0.3739,0.036388,0.051561,0.61144,0.66891,0.65974,0.65451,1,0.86574,0.43212,0.41036,0.37533,0.44569,0.23034,0.19366,0.36506,0.43653,0.37587,0.57495,0.17761,0.39476,0.13753,0.025354,0.3079,0.22372,0.15172,0.26689,0.19364,0.13697,-0.19306,-0.029347,0.087558,0.0081331,0.23629,0.32465,-0.09344,-0.14399,0.82196,0.54966,0.75026,0.64316,0.08634,0.14145,0.25982,0.27009,0.21817,0.21834,0.14543,0.094806,0.4911,0.46526,-0.024176,0.23552,-0.0096489,0.11302,0.060047,0.072754,0.14097,0.25901,0.39137,0.36296,0.39509,0.27561,0.26249,0.36117,0.42324,0.53547,0.33569,0.38605,0.35767,0.3322,0.34988,0.31741,0.35589,0.55306,0.37278,0.37967,0.38036,0.40374,0.31882,0.093121,0.40109,0.44173,0.47093,0.38791,0.050164,0.27193,0.36192,0.053287
-0.27792,-0.047309,0.59355,0.55731,0.042175,0.44785,0.42236,0.38042,-0.10221,0.20262,-0.43255,-0.19324,-0.25301,-0.041378,-0.096659,0.11953,-0.063357,-0.15858,-0.16324,-0.14492,0.096138,0.22128,0.30716,0.56447,0.48491,0.59551,0.50565,0.45615,-0.036837,-0.0082439,0.4945,0.67358,0.56005,0.64822,0.86574,1,0.34795,0.40236,0.31601,0.40391,0.22611,0.16399,0.3141,0.41901,0.28284,0.57867,0.078604,0.33676,0.041721,-0.074827,0.26228,0.14183,0.026994,0.11786,0.18464,0.1006,-0.24442,-0.14118,0.070443,-0.013025,0.17247,0.30831,-0.077031,-0.14917,0.74856,0.59147,0.74558,0.77921,0.0095418,0.060097,0.098585,0.083626,0.099445,0.096949,0.053692,0.0061349,0.4328,0.45933,-0.033289,0.15392,-0.081611,0.068666,0.021444,0.013901,0.097473,0.38146,0.30304,0.27733,0.43985,0.31956,0.25528,0.27185,0.47347,0.46453,0.28262,0.35186,0.3515,0.34407,0.31593,0.28171,0.40859,0.42697,0.39425,0.40617,0.36744,0.31876,0.2911,0.11348,0.33418,0.37173,0.43471,0.38713,0.10162,0.31226,0.34492,0.039801
0.14986,0.30707,0.42594,0.18218,0.20643,0.1939,0.32865,0.11704,0.037703,0.1129,0.021971,0.11489,0.13995,0.10304,0.20298,0.26981,0.28921,0.3272,0.29614,0.29694,0.25937,0.24349,0.4616,0.2913,0.50195,0.35098,0.39519,0.31316,0.30222,0.354,0.5292,0.46927,0.56022,0.53219,0.43212,0.34795,1,0.69916,0.80861,0.72459,0.66857,0.54149,0.4265,0.4114,0.27993,0.28753,0.26873,0.42213,0.29372,0.20613,0.26632,0.34632,0.33443,0.33109,0.43039,0.26504,0.18305,0.25097,0.090287,0.060063,0.18673,0.0496,0.11193,0.078111,0.3545,0.14525,0.44524,0.26295,0.21854,0.29372,0.42685,0.4115,0.41801,0.37479,0.37057,0.20328,0.65734,0.56581,0.23787,0.33499,0.32586,0.28985,0.44505,0.44023,0.35038,0.31151,0.61199,0.3901,0.37562,0.21143,0.40226,0.38949,0.25989,0.45937,0.20183,0.19757,0.52574,0.44311,0.49244,0.45015,0.21727,0.27556,0.25041,0.20175,0.35979,0.27762,0.40782,0.20407,0.17633,0.3615,0.66876,0.56248,0.11962,0.28414,0.17898,0.10192
0.12166,0.2674,0.39559,0.33451,0.20286,0.3801,0.29111,0.37593,0.17443,0.33045,-0.070389,0.19952,-0.06784,0.069527,0.017216,0.32504,0.23828,0.18726,0.086701,0.16253,0.29716,0.3633,0.19852,0.37124,0.39825,0.39763,0.39746,0.37872,0.15171,0.28053,0.3598,0.55212,0.3665,0.50909,0.41036,0.40236,0.69916,1,0.58051,0.74302,0.40728,0.37527,0.6039,0.61085,0.34464,0.44921,0.36955,0.4782,0.31417,0.24653,0.36232,0.42662,0.44631,0.35786,0.52035,0.31597,0.24044,0.20646,0.19995,0.06249,0.37849,0.28559,0.0072883,0.093596,0.33649,0.3354,0.42474,0.43736,0.32142,0.4316,0.20806,0.17814,0.18418,0.17902,0.24298,0.053971,0.59503,0.54396,0.35387,0.34435,0.19436,0.25978,0.30048,0.29323,0.23303,0.34585,0.36094,0.25843,0.56095,0.40591,0.58043,0.43222,0.42082,0.4516,0.15795,0.11383,0.45409,0.4575,0.53925,0.50618,0.50601,0.33919,0.40984,0.21744,0.22848,0.10601,0.28258,0.10623,0.14736,0.32752,0.60782,0.54008,0.20926,0.30743,0.21201,0.029934
0.19134,0.2756,0.35006,0.17168,0.2769,0.23324,0.21186,0.16236,0.12681,0.12918,0.08202,0.091566,0.15672,0.13788,0.12194,0.19034,0.34618,0.30591,0.19135,0.28913,0.37056,0.39402,0.33558,0.23044,0.63908,0.46112,0.51462,0.40987,0.28385,0.33917,0.52164,0.49916,0.5577,0.54919,0.37533,0.31601,0.80861,0.58051,1,0.76816,0.53116,0.44568,0.36959,0.38113,0.33629,0.32402,0.33097,0.45483,0.35164,0.26467,0.3289,0.36199,0.42389,0.32359,0.50031,0.31528,0.30163,0.31406,0.18405,0.02597,0.2391,0.1091,0.088901,0.074111,0.31168,0.16284,0.41245,0.25028,0.32347,0.39905,0.32914,0.37687,0.27281,0.26399,0.25608,0.040841,0.40433,0.37937,0.28669,0.40362,0.31823,0.39788,0.40225,0.46202,0.35943,0.41096,0.51269,0.50276,0.39202,0.22612,0.33525,0.22843,0.21133,0.30302,0.21182,0.22141,0.6111,0.5004,0.43721,0.36828,0.22912,0.24537,0.2497,0.26201,0.31383,0.25481,0.2601,0.18919,0.12279,0.33185,0.55549,0.52546,0.10075,0.30068,0.18207,-0.0048072
0.10794,0.24559,0.4234,0.24208,0.2474,0.33447,0.27689,0.27231,0.20124,0.2784,-0.098276,0.1102,-0.026734,0.092858,0.066663,0.24166,0.23264,0.20906,0.090804,0.17055,0.3499,0.45087,0.25467,0.26062,0.56104,0.48678,0.53742,0.49065,0.15175,0.21171,0.38559,0.50574,0.42402,0.48382,0.44569,0.40391,0.72459,0.74302,0.76816,1,0.40588,0.43147,0.48038,0.53199,0.39026,0.41854,0.3948,0.49784,0.37273,0.2925,0.43901,0.46712,0.51232,0.39668,0.55377,0.38989,0.23551,0.26848,0.17351,-0.0074752,0.27063,0.17422,0.011354,0.055261,0.36096,0.2502,0.44365,0.34552,0.30978,0.39741,0.28118,0.21561,0.21247,0.19584,0.23426,0.040565,0.44372,0.42358,0.201,0.39277,0.28112,0.38114,0.26636,0.38681,0.24935,0.40986,0.46427,0.39176,0.51831,0.37048,0.45908,0.30375,0.37784,0.36648,0.39563,0.2705,0.62339,0.59708,0.50446,0.42666,0.35059,0.34394,0.36284,0.26217,0.28351,0.19126,0.23403,-0.019589,0.13147,0.43062,0.55119,0.4834,0.19761,0.38573,0.21665,0.031714
0.22212,0.47638,0.23867,0.1564,-0.003828,-0.017471,0.31526,0.038155,-0.02274,-0.10215,0.2693,0.29984,0.3624,0.3703,0.19652,0.23867,0.50713,0.51709,0.38448,0.46216,0.0029117,0.05879,0.23213,0.12604,0.17416,0.062345,0.052299,0.1178,0.52949,0.52163,0.38934,0.33045,0.50275,0.4736,0.23034,0.22611,0.66857,0.40728,0.53116,0.40588,1,0.77687,0.1017,0.1385,0.24475,0.18712,0.1746,0.26998,0.24697,0.29312,0.1987,0.33404,0.2611,0.26717,0.39762,0.34055,0.26915,0.37144,0.091448,0.20581,0.14974,-0.060079,0.38095,0.3394,0.095824,-0.053269,0.30484,0.13582,0.14246,0.14423,0.34175,0.3497,0.62805,0.63276,0.46141,0.48584,0.57003,0.55166,0.32307,0.37038,0.4899,0.43339,0.58271,0.54108,0.5338,0.44717,0.45971,0.4146,0.093657,0.098921,0.23606,0.24724,0.044951,0.20954,0.01409,0.1202,0.40743,0.31889,0.55651,0.50949,0.12257,0.10275,0.26709,0.23178,0.24374,0.23051,0.3541,0.28858,0.1166,0.19561,0.43945,0.4987,0.22179,0.22747,0.1176,0.079159
0.36218,0.55388,0.19546,0.11259,0.12867,-0.011672,0.36392,0.093021,0.17466,-0.01746,0.28283,0.4288,0.42177,0.39754,0.20195,0.26755,0.62906,0.66258,0.3547,0.51319,0.032037,0.26673,0.16658,0.1546,0.20463,0.036365,0.045231,0.083907,0.59309,0.57653,0.32833,0.32091,0.47759,0.47713,0.19366,0.16399,0.54149,0.37527,0.44568,0.43147,0.77687,1,0.18288,0.21905,0.33854,0.19249,0.30783,0.38179,0.40637,0.37314,0.31898,0.41665,0.37165,0.34206,0.40526,0.39241,0.40509,0.50503,0.1984,0.15064,0.28562,-0.0027495,0.43006,0.44385,0.035735,-0.09229,0.2195,0.067205,0.15718,0.10149,0.30791,0.28543,0.55026,0.58952,0.46628,0.41201,0.44816,0.44765,0.4328,0.48431,0.60597,0.57395,0.53137,0.63266,0.5696,0.47537,0.37468,0.3926,0.066383,0.056586,0.23133,0.1989,0.14758,0.19118,0.093441,0.15276,0.42223,0.35849,0.59506,0.5575,0.17085,0.20591,0.29504,0.25768,0.16371,0.24772,0.45482,0.28155,0.141,0.22048,0.40055,0.56839,0.31836,0.27293,0.22684,0.062611
