1,0.70512,0.57474,0.62858,0.27447,0.44941,0.714,0.64013,0.31204,0.40838,0.63383,0.65379,0.73667,0.68724,0.53431,0.63855,0.6273,0.53861,0.83103,0.83708,0.046409,0.30321,0.51045,0.45038,0.33962,0.37586,0.34033,0.32376,0.60689,0.57281,0.33347,0.37455,0.72233,0.72566,0.17195,0.17743,0.5254,0.47482,0.61994,0.54086,0.43267,0.49547,0.65574,0.63867,0.59977,0.64691,0.66936,0.66645,0.61611,0.62911,0.60538,0.56367,0.63949,0.60449,0.58071,0.60707,0.6754,0.66747,0.71523,0.63814,0.80884,0.57329,0.59305,0.64162,0.3477,0.22707,0.61319,0.54992,0.63575,0.59229,0.37837,0.055919,0.57112,0.59396,0.42795,0.48818,0.057913,-0.1043,0.40923,0.4847,0.55535,0.62014,0.66227,0.62856,0.6455,0.62668,0.41814,0.52591,0.69963,0.69396,0.1613,0.35892,-0.16681,0.039251,0.42015,0.31394,0.64493,0.55742,0.58118,0.53186,-0.04559,0.11075,0.23945,0.43138,0.081871,-0.013411,0.078707,0.32944,0.25666,0.14905,0.42641,0.10705,0.32811,0.21028,0.093328,0.15926
0.70512,1,0.38681,0.59034,0.19235,0.33285,0.46295,0.4427,0.078937,0.31571,0.62052,0.69869,0.61233,0.66846,0.48913,0.59968,0.84019,0.82478,0.60813,0.79327,0.15301,0.20713,0.40958,0.47211,0.39726,0.44714,0.33013,0.26842,0.74338,0.75093,0.39968,0.27689,0.79354,0.74429,0.0095264,0.20102,0.46952,0.53164,0.57776,0.53143,0.42114,0.45313,0.77395,0.78731,0.64459,0.75378,0.78811,0.82353,0.68861,0.7424,0.77359,0.7079,0.7181,0.75695,0.66116,0.73462,0.8612,0.89113,0.64802,0.65036,0.75364,0.31301,0.78452,0.73732,-0.035566,-0.01226,0.58152,0.62734,0.824,0.80938,0.33342,-0.050982,0.35241,0.49018,0.22117,0.35065,-0.15095,-0.22989,0.71013,0.71978,0.86309,0.81039,0.67425,0.68573,0.67768,0.7412,0.30106,0.50994,0.64021,0.65751,-0.09781,0.090697,-0.4472,-0.38993,0.67311,0.4327,0.66148,0.63561,0.69691,0.62596,-0.15497,-0.18846,0.21549,0.29878,-0.27724,-0.11572,-0.1097,0.10318,0.48684,0.28784,0.44807,0.11293,0.26229,0.12814,-0.10342,0.13864
0.57474,0.38681,1,0.79629,0.55777,0.60846,0.75255,0.58786,0.54418,0.3453,0.34222,0.41243,0.57626,0.56433,0.60988,0.58405,0.38692,0.28779,0.66968,0.62634,0.31608,0.52933,0.83722,0.75083,0.62312,0.67407,0.60771,0.57639,0.4533,0.44298,0.67011,0.60351,0.57882,0.579,0.31309,0.1635,0.65071,0.61022,0.69631,0.66166,0.52491,0.55681,0.553,0.50631,0.55064,0.55048,0.56466,0.55877,0.52526,0.46123,0.5436,0.4916,0.61141,0.54046,0.60484,0.56769,0.39319,0.41879,0.68382,0.62078,0.54404,0.36156,0.30929,0.3438,0.33231,0.13858,0.68061,0.58281,0.51119,0.42549,0.49941,0.29143,0.44588,0.49975,0.49272,0.36178,0.31112,0.15521,0.31129,0.38966,0.43291,0.54557,0.64787,0.56154,0.60494,0.61274,0.56714,0.57785,0.70767,0.66125,0.33244,0.52869,-0.098948,0.12638,0.43421,0.35673,0.55423,0.54739,0.51188,0.4905,0.076982,0.16606,0.41677,0.46231,0.13528,0.27127,0.09995,0.33824,0.20633,0.15881,0.44392,0.15143,0.31721,0.3393,0.23484,0.19045
0.62858,0.59034,0.79629,1,0.35043,0.55819,0.68823,0.71038,0.34532,0.49524,0.45929,0.63809,0.56582,0.68544,0.49168,0.62647,0.54267,0.42812,0.63229,0.73225,0.084486,0.34709,0.78076,0.85588,0.5156,0.65294,0.47882,0.52893,0.46101,0.46165,0.51881,0.54933,0.68444,0.71834,0.33988,0.37555,0.64434,0.68411,0.66227,0.6622,0.54934,0.57685,0.70242,0.68526,0.5962,0.66866,0.69559,0.663,0.56386,0.53206,0.63692,0.57623,0.65786,0.61298,0.65721,0.62206,0.61186,0.6207,0.67437,0.67929,0.64516,0.47935,0.48214,0.44786,0.33727,0.36829,0.71024,0.69911,0.6644,0.57744,0.5723,0.22139,0.41935,0.55986,0.54417,0.46861,0.29284,0.16629,0.40533,0.48331,0.60544,0.66082,0.64909,0.55362,0.69778,0.77066,0.50352,0.64599,0.68896,0.72092,0.2091,0.30699,-0.12326,-0.084596,0.51688,0.47359,0.67547,0.63611,0.62228,0.55779,0.013043,0.040568,0.36045,0.41111,0.18209,0.28102,0.09965,0.24751,0.30181,0.2095,0.5382,0.13436,0.2588,0.4064,0.27808,0.29548
0.27447,0.19235,0.55777,0.35043,1,0.81379,0.36786,0.22862,0.83419,0.28888,0.077817,0.10138,0.16462,0.27092,0.68795,0.49012,0.24704,0.20249,0.44991,0.3922,0.73367,0.81923,0.52604,0.34646,0.83857,0.66854,0.85896,0.62924,0.32406,0.33259,0.49387,0.27923,0.37947,0.37406,-0.026416,-0.059446,0.44469,0.35842,0.64621,0.60031,0.23238,0.3256,0.2671,0.20757,0.37323,0.32252,0.33418,0.35408,0.40022,0.34249,0.3853,0.37861,0.51753,0.42409,0.55297,0.50108,0.23462,0.28261,0.59203,0.54672,0.44596,0.26049,0.34189,0.40166,0.057892,-0.10962,0.45745,0.41567,0.40302,0.32457,0.18765,0.070268,0.012545,0.16718,0.19989,0.15475,-0.1058,-0.18579,0.17786,0.22229,0.26709,0.44843,0.60041,0.50136,0.36609,0.38494,0.75272,0.60767,0.6081,0.6068,0.083994,0.29388,-0.2354,-0.1053,0.25351,0.19638,0.34732,0.31892,0.3118,0.35179,0.038086,0.012951,0.27074,0.20194,0.026147,0.020349,0.13097,0.17979,0.043616,0.018264,0.10991,-0.078248,0.18411,0.15633,0.099851,0.089931
0.44941,0.33285,0.60846,0.55819,0.81379,1,0.54574,0.50311,0.82794,0.56603,0.23614,0.28393,0.33122,0.44417,0.65194,0.5899,0.33166,0.22733,0.5902,0.55712,0.52486,0.68513,0.57996,0.47259,0.72001,0.71363,0.73799,0.65657,0.34144,0.37096,0.48229,0.44776,0.50539,0.5265,0.053114,0.10819,0.48164,0.4371,0.63512,0.62854,0.21216,0.36675,0.46342,0.39981,0.47103,0.48453,0.46914,0.46612,0.45256,0.41754,0.46935,0.45493,0.60383,0.50842,0.55057,0.52217,0.36906,0.40414,0.71377,0.69794,0.55261,0.48068,0.33828,0.41333,0.28633,0.17386,0.59622,0.56076,0.51477,0.44434,0.27294,0.08517,0.11452,0.26436,0.3137,0.25902,0.025543,-0.083368,0.25517,0.24585,0.3425,0.49649,0.62742,0.53996,0.49473,0.50814,0.69361,0.61676,0.68889,0.7189,0.22294,0.39698,-0.056881,0.0082229,0.35023,0.33693,0.45202,0.37332,0.36964,0.36811,0.077075,0.11112,0.28294,0.27386,0.042327,-0.0023133,0.12879,0.20335,0.09281,0.066627,0.20809,-0.071659,0.11098,0.13584,0.073459,0.070299
0.714,0.46295,0.75255,0.68823,0.36786,0.54574,1,0.85409,0.49966,0.49713,0.52076,0.55601,0.75292,0.73931,0.46779,0.51734,0.42622,0.31944,0.67329,0.65494,0.1072,0.34919,0.60731,0.49676,0.40447,0.50977,0.40341,0.43123,0.47127,0.48966,0.58366,0.5536,0.70806,0.66542,0.38326,0.3061,0.58904,0.52814,0.61683,0.5537,0.39875,0.47341,0.67031,0.62454,0.70818,0.68309,0.65703,0.64728,0.57749,0.55795,0.63838,0.58338,0.63536,0.58807,0.60565,0.58693,0.45564,0.4347,0.72187,0.67495,0.6496,0.6192,0.37743,0.43395,0.49012,0.40789,0.75928,0.70769,0.45041,0.45775,0.34126,0.081084,0.49034,0.49787,0.48652,0.36692,0.24342,0.10287,0.34005,0.35259,0.48388,0.54584,0.5942,0.5199,0.62446,0.62777,0.36707,0.39829,0.71194,0.66942,0.43425,0.56776,0.046209,0.17748,0.47189,0.40122,0.62968,0.57701,0.58078,0.55199,0.19703,0.31522,0.39987,0.59156,0.16535,0.28506,0.13352,0.31463,0.26112,0.15834,0.47507,0.19195,0.37815,0.32894,0.20168,0.13066
0.64013,0.4427,0.58786,0.71038,0.22862,0.50311,0.85409,1,0.40635,0.62923,0.5045,0.57967,0.6376,0.74745,0.33353,0.46208,0.40858,0.28577,0.56816,0.60778,-0.0038813,0.23769,0.44487,0.44919,0.22911,0.48974,0.23036,0.35058,0.41995,0.42312,0.47087,0.60357,0.61587,0.67041,0.35687,0.38501,0.44807,0.45367,0.44773,0.43456,0.30941,0.41699,0.56385,0.52688,0.58274,0.56988,0.54159,0.51145,0.41721,0.39363,0.51957,0.40837,0.47812,0.41436,0.44608,0.41159,0.40605,0.38481,0.54235,0.55475,0.54529,0.75239,0.33098,0.39096,0.52678,0.60562,0.60876,0.60661,0.36215,0.39262,0.38776,0.19858,0.52653,0.55685,0.44072,0.40857,0.23732,0.15256,0.27684,0.25902,0.46049,0.44124,0.45949,0.43318,0.54893,0.56108,0.26333,0.27639,0.53515,0.56303,0.48187,0.48093,0.20582,0.15705,0.40782,0.44381,0.49729,0.48445,0.45684,0.4391,0.31943,0.34087,0.3283,0.42574,0.12008,0.20293,0.10634,0.20009,0.26568,0.15879,0.45073,0.21955,0.30527,0.26886,0.15922,0.10332
0.31204,0.078937,0.54418,0.34532,0.83419,0.82794,0.49966,0.40635,1,0.41065,0.16003,0.15214,0.27799,0.36064,0.60963,0.44078,0.12182,0.03848,0.44996,0.34827,0.56725,0.65591,0.48305,0.27756,0.66651,0.6225,0.69858,0.59287,0.19448,0.25835,0.4302,0.33155,0.33402,0.36655,0.14778,0.089146,0.36457,0.27979,0.52297,0.52353,0.15714,0.25241,0.27281,0.19806,0.40217,0.32017,0.2989,0.30343,0.34488,0.2828,0.3475,0.3368,0.45132,0.341,0.43723,0.40205,0.1174,0.15322,0.59742,0.55263,0.41181,0.39247,0.16229,0.27751,0.29522,0.13447,0.49198,0.45362,0.25312,0.18677,0.17112,0.073759,0.067489,0.19443,0.27513,0.15668,0.041777,-0.071221,0.06984,0.05783,0.13624,0.29997,0.47807,0.39933,0.39994,0.35025,0.60625,0.4679,0.58097,0.55534,0.17948,0.37934,-0.032192,0.071775,0.22851,0.23056,0.30152,0.27968,0.21192,0.22265,0.097365,0.21843,0.14828,0.20879,0.0029825,0.015001,0.072327,0.1416,0.031069,0.038989,0.10672,-0.14439,0.023149,-0.019518,-0.0075304,0.050952
0.40838,0.31571,0.3453,0.49524,0.28888,0.56603,0.49713,0.62923,0.41065,1,0.28122,0.28112,0.37179,0.50576,0.34804,0.5589,0.20839,0.028472,0.38421,0.43376,0.036173,0.2565,0.3916,0.3995,0.2418,0.54176,0.25461,0.46197,0.20064,0.17854,0.28073,0.44452,0.37437,0.40374,0.17914,0.21536,0.31381,0.42445,0.32656,0.36016,0.069645,0.22123,0.47616,0.44202,0.4774,0.47961,0.46316,0.43656,0.38332,0.34984,0.43756,0.37288,0.46781,0.4033,0.31433,0.37298,0.30682,0.3154,0.51493,0.54357,0.45107,0.5379,0.20514,0.26678,0.39898,0.38469,0.43905,0.45837,0.32356,0.34528,0.3496,0.1967,0.27516,0.34069,0.3483,0.39055,0.11923,-0.001988,0.089571,-0.0084845,0.22683,0.2704,0.37004,0.37902,0.44535,0.4631,0.17798,0.30474,0.49432,0.59083,0.35543,0.34957,0.24368,0.1111,0.30867,0.24146,0.37371,0.33515,0.32485,0.29377,0.23871,0.21458,0.18612,0.19905,0.041263,0.0053327,-0.066616,0.057471,0.086136,-0.03866,0.12133,0.0085369,0.13635,0.10251,-0.0037055,-0.097745
0.63383,0.62052,0.34222,0.45929,0.077817,0.23614,0.52076,0.5045,0.16003,0.28122,1,0.81067,0.80282,0.6988,0.59573,0.64271,0.63023,0.59993,0.58527,0.62387,-0.034051,0.0049057,0.46186,0.47683,0.1279,0.17866,0.12107,0.063162,0.65602,0.70091,0.29851,0.30426,0.60902,0.6213,0.27023,0.32008,0.39488,0.36872,0.3099,0.306,0.3958,0.50446,0.57091,0.57846,0.54818,0.57863,0.60082,0.59827,0.51778,0.52216,0.55841,0.5153,0.55815,0.5305,0.50426,0.52771,0.43521,0.46413,0.48141,0.40133,0.6564,0.49131,0.5607,0.66461,0.50907,0.2606,0.48991,0.49033,0.44715,0.44051,0.053265,-0.22572,0.32836,0.48353,0.21568,0.24654,0.095555,0.054814,0.46026,0.44861,0.60388,0.57729,0.60548,0.66661,0.80175,0.70644,0.17944,0.42491,0.43219,0.42332,0.059987,0.16639,-0.25284,-0.25784,0.45687,0.32643,0.46648,0.4928,0.52129,0.4564,-0.19042,-0.23047,0.034594,0.17459,-0.24149,-0.016254,-0.072207,0.07614,0.47044,0.33277,0.45917,0.14353,0.17989,0.00033957,-0.087374,0.09752
0.65379,0.69869,0.41243,0.63809,0.10138,0.28393,0.55601,0.57967,0.15214,0.28112,0.81067,1,0.75555,0.79411,0.52043,0.63521,0.69469,0.66426,0.62561,0.70836,-0.042855,0.098333,0.51326,0.58986,0.23318,0.26695,0.18887,0.13293,0.66307,0.67633,0.35036,0.3191,0.70449,0.74009,0.30154,0.42401,0.46289,0.4288,0.44603,0.41896,0.48267,0.49966,0.60357,0.62438,0.54663,0.63261,0.63579,0.64372,0.5648,0.59364,0.62713,0.57256,0.59535,0.57938,0.5627,0.57504,0.58195,0.56341,0.54374,0.53386,0.69814,0.56907,0.673,0.69601,0.37234,0.3103,0.56225,0.61288,0.58927,0.51849,0.22727,-0.10063,0.31757,0.49083,0.24628,0.28177,0.10885,0.038885,0.5233,0.52057,0.70282,0.68015,0.62275,0.64891,0.75514,0.77269,0.24831,0.5234,0.5235,0.54146,0.084727,0.20458,-0.25774,-0.21013,0.44841,0.41807,0.56455,0.55103,0.59622,0.54642,-0.099431,-0.12968,0.17359,0.32257,-0.11911,0.06112,0.017909,0.10882,0.37725,0.24329,0.54334,0.18287,0.23,0.16255,0.058459,0.18288
0.73667,0.61233,0.57626,0.56582,0.16462,0.33122,0.75292,0.6376,0.27799,0.37179,0.80282,0.75555,1,0.826,0.59606,0.70808,0.62396,0.52017,0.71069,0.71915,-0.008433,0.13195,0.58381,0.52699,0.23302,0.31557,0.24645,0.30253,0.6747,0.67558,0.42571,0.36917,0.70123,0.67874,0.28404,0.24439,0.51966,0.46658,0.51496,0.48167,0.47504,0.49253,0.67832,0.66434,0.63289,0.66375,0.68083,0.68203,0.60379,0.61285,0.65067,0.59676,0.65433,0.6089,0.58121,0.60778,0.48659,0.49876,0.64761,0.56757,0.71559,0.52644,0.49747,0.56661,0.49899,0.2331,0.6419,0.59215,0.5326,0.5124,0.20254,-0.088805,0.45857,0.51676,0.39028,0.2935,0.18946,0.071262,0.46006,0.48617,0.59232,0.60521,0.67231,0.66647,0.76967,0.69812,0.27284,0.42583,0.64413,0.58736,0.25469,0.41827,-0.16772,-0.047605,0.47071,0.39259,0.59371,0.5917,0.59043,0.53426,-0.060759,-0.016083,0.22831,0.34779,-0.077628,0.07941,0.0267,0.20345,0.3803,0.2513,0.53096,0.21474,0.34004,0.17632,0.024132,0.16996
0.68724,0.66846,0.56433,0.68544,0.27092,0.44417,0.73931,0.74745,0.36064,0.50576,0.6988,0.79411,0.826,1,0.50728,0.67772,0.63455,0.52869,0.60538,0.6986,0.10228,0.25259,0.5555,0.58291,0.4274,0.48907,0.37768,0.35844,0.62269,0.64584,0.45511,0.36756,0.72257,0.721,0.31446,0.40197,0.52553,0.56211,0.57949,0.57711,0.44637,0.51178,0.71058,0.71299,0.63148,0.69297,0.69687,0.70079,0.61375,0.61543,0.7092,0.62585,0.66342,0.63533,0.6204,0.64475,0.58806,0.56115,0.63354,0.63311,0.70132,0.59783,0.57176,0.56175,0.33583,0.36595,0.64249,0.67813,0.56291,0.54973,0.33453,0.0193,0.37858,0.47858,0.34496,0.31246,0.065564,-0.035065,0.45903,0.46973,0.68633,0.66163,0.6571,0.63878,0.74575,0.76654,0.33514,0.51659,0.68609,0.69423,0.14511,0.29077,-0.16986,-0.11666,0.51591,0.46479,0.60176,0.62488,0.5855,0.53721,-0.022181,-0.017298,0.14625,0.29469,-0.08518,0.087274,-0.038808,0.067615,0.41184,0.20685,0.51434,0.1207,0.26426,0.17324,0.0091929,0.15764
0.53431,0.48913,0.60988,0.49168,0.68795,0.65194,0.46779,0.33353,0.60963,0.34804,0.59573,0.52043,0.59606,0.50728,1,0.82991,0.55753,0.48759,0.72854,0.66864,0.47426,0.58199,0.74628,0.60284,0.6141,0.53991,0.66787,0.50902,0.64401,0.67405,0.51752,0.38119,0.59157,0.58937,0.01472,0.012732,0.56449,0.51889,0.64722,0.64419,0.5095,0.58471,0.47847,0.43933,0.50628,0.50848,0.59316,0.5983,0.57691,0.53033,0.57732,0.56046,0.72726,0.61791,0.67211,0.67254,0.39032,0.46866,0.69727,0.62332,0.6802,0.36217,0.54826,0.67519,0.30129,-0.11085,0.53821,0.50054,0.55689,0.47584,0.16452,-0.063839,0.19809,0.41409,0.32583,0.3342,0.056221,-0.079674,0.37136,0.42662,0.49266,0.6406,0.88209,0.85626,0.76771,0.70624,0.69003,0.74296,0.68253,0.66425,0.13963,0.38768,-0.32297,-0.21053,0.44251,0.3503,0.49911,0.52545,0.54644,0.53416,-0.1031,-0.17418,0.26917,0.26746,-0.19288,-0.037096,0.03727,0.1788,0.25676,0.2561,0.28367,0.089225,0.2174,0.13531,-0.0075931,0.16057
0.63855,0.59968,0.58405,0.62647,0.49012,0.5899,0.51734,0.46208,0.44078,0.5589,0.64271,0.63521,0.70808,0.67772,0.82991,1,0.5901,0.49459,0.77757,0.78156,0.21504,0.41004,0.75643,0.71704,0.50216,0.53928,0.51849,0.46025,0.67224,0.67894,0.47913,0.40436,0.66356,0.67573,0.084264,0.13155,0.59902,0.57768,0.65036,0.65916,0.52129,0.58524,0.60075,0.57045,0.56981,0.60368,0.68699,0.6748,0.62149,0.58885,0.62158,0.58401,0.75251,0.67079,0.6661,0.68972,0.51347,0.55902,0.70272,0.66264,0.78057,0.52344,0.60247,0.69559,0.33367,0.016507,0.55188,0.53057,0.63136,0.52348,0.25153,-0.038303,0.27356,0.47368,0.34214,0.40907,0.036128,-0.11534,0.38413,0.42959,0.55526,0.67434,0.86862,0.90235,0.78379,0.77486,0.58144,0.74987,0.72796,0.76302,0.19368,0.36414,-0.22873,-0.22452,0.4539,0.38647,0.57773,0.58721,0.59218,0.55989,-0.052092,-0.16719,0.28623,0.26474,-0.12079,-0.041144,0.05534,0.21931,0.27627,0.23885,0.37011,0.12142,0.25329,0.18657,0.081225,0.14702
0.6273,0.84019,0.38692,0.54267,0.24704,0.33166,0.42622,0.40858,0.12182,0.20839,0.63023,0.69469,0.62396,0.63455,0.55753,0.5901,1,0.91177,0.63043,0.78791,0.14875,0.25792,0.42157,0.48274,0.41684,0.40736,0.36744,0.26633,0.85231,0.82007,0.43227,0.30669,0.8101,0.81522,0.058219,0.24411,0.51557,0.52003,0.5928,0.54616,0.51668,0.51975,0.70346,0.71423,0.58302,0.6932,0.75164,0.75726,0.6578,0.70126,0.73937,0.71852,0.70686,0.72505,0.70761,0.72658,0.79673,0.80524,0.62197,0.60857,0.73572,0.32499,0.86482,0.79606,0.0054265,0.010576,0.60658,0.63012,0.80586,0.75346,0.22185,-0.16265,0.33598,0.46313,0.26566,0.26694,-0.040162,-0.13857,0.82676,0.78775,0.91789,0.88018,0.7244,0.71193,0.69084,0.72598,0.39121,0.53968,0.58204,0.6094,-0.049904,0.10102,-0.48789,-0.41633,0.62714,0.44818,0.66792,0.64103,0.72419,0.69849,-0.15602,-0.25754,0.32993,0.34533,-0.1227,-0.024214,0.114,0.23803,0.4326,0.27436,0.58517,0.22379,0.28385,0.23295,0.019833,0.19118
0.53861,0.82478,0.28779,0.42812,0.20249,0.22733,0.31944,0.28577,0.03848,0.028472,0.59993,0.66426,0.52017,0.52869,0.48759,0.49459,0.91177,1,0.5163,0.69874,0.14209,0.17308,0.31018,0.37354,0.33346,0.26735,0.27107,0.10554,0.82723,0.80189,0.43581,0.22766,0.73668,0.72634,-0.0027916,0.18327,0.40969,0.37727,0.48847,0.4102,0.45741,0.44329,0.5814,0.6025,0.51452,0.60056,0.64303,0.6702,0.58909,0.64195,0.65798,0.63734,0.60882,0.65961,0.6365,0.64172,0.76291,0.77917,0.5256,0.49458,0.65988,0.23925,0.85337,0.79249,-0.084949,-0.095579,0.47524,0.51136,0.74359,0.69399,0.11305,-0.2064,0.20646,0.37479,0.057244,0.15561,-0.18927,-0.23645,0.84131,0.80008,0.88791,0.82384,0.64159,0.65244,0.57878,0.62846,0.31215,0.45199,0.48207,0.48845,-0.14269,0.01372,-0.54574,-0.46066,0.55757,0.35575,0.56313,0.53069,0.64297,0.6012,-0.21608,-0.28902,0.29005,0.26269,-0.24129,-0.075404,0.074468,0.2196,0.44318,0.28898,0.47856,0.18434,0.24745,0.16713,-0.036573,0.1521
0.83103,0.60813,0.66968,0.63229,0.44991,0.5902,0.67329,0.56816,0.44996,0.38421,0.58527,0.62561,0.71069,0.60538,0.72854,0.77757,0.63043,0.5163,1,0.89878,0.14049,0.43275,0.67667,0.56656,0.44799,0.46226,0.46757,0.4269,0.68906,0.63876,0.45757,0.41001,0.74881,0.77026,0.073292,0.052706,0.6146,0.53063,0.70316,0.64394,0.55888,0.55975,0.59542,0.55726,0.559,0.61303,0.66632,0.66054,0.60814,0.60076,0.582,0.5671,0.7097,0.62578,0.64907,0.64894,0.58597,0.61735,0.7616,0.6941,0.80819,0.55415,0.60546,0.70067,0.3483,0.065911,0.65774,0.56708,0.67511,0.55109,0.27614,-0.0056178,0.47385,0.57236,0.43456,0.45242,0.149,-0.019303,0.40018,0.48013,0.53311,0.66583,0.80826,0.79029,0.69819,0.65436,0.61194,0.64625,0.72899,0.70525,0.3266,0.54292,-0.16194,0.0094151,0.39613,0.35854,0.64377,0.57331,0.62308,0.61828,0.049387,0.075445,0.36677,0.50773,0.062975,-0.0030226,0.19475,0.3348,0.14325,0.15669,0.4705,0.20589,0.31557,0.24619,0.16616,0.1595
0.83708,0.79327,0.62634,0.73225,0.3922,0.55712,0.65494,0.60778,0.34827,0.43376,0.62387,0.70836,0.71915,0.6986,0.66864,0.78156,0.78791,0.69874,0.89878,1,0.10453,0.39899,0.64811,0.61846,0.49176,0.53586,0.47505,0.45763,0.7735,0.73719,0.4837,0.41843,0.85088,0.87325,0.097987,0.1484,0.63652,0.59635,0.72722,0.66806,0.56866,0.58224,0.73591,0.70725,0.64743,0.72898,0.786,0.77764,0.70614,0.71451,0.71992,0.69436,0.76436,0.73118,0.73115,0.73711,0.75724,0.77776,0.79323,0.74603,0.85631,0.54318,0.74707,0.7635,0.24845,0.10033,0.71878,0.65515,0.83127,0.7431,0.36433,-0.023113,0.49537,0.63126,0.44047,0.47422,0.040731,-0.10344,0.59134,0.63399,0.73978,0.80306,0.82668,0.80697,0.72001,0.74465,0.55773,0.64477,0.7499,0.76316,0.18237,0.3649,-0.25943,-0.17233,0.54556,0.44248,0.7392,0.66698,0.70725,0.67489,-0.017542,-0.05965,0.37433,0.43249,0.028511,0.015421,0.15588,0.32737,0.30982,0.20765,0.55237,0.17496,0.31521,0.25745,0.13332,0.22207
0.046409,0.15301,0.31608,0.084486,0.73367,0.52486,0.1072,-0.0038813,0.56725,0.036173,-0.034051,-0.042855,-0.008433,0.10228,0.47426,0.21504,0.14875,0.14209,0.14049,0.10453,1,0.73186,0.23667,0.12679,0.68442,0.5659,0.70875,0.42441,0.24008,0.33689,0.4248,0.16757,0.14048,0.11816,-0.18051,-0.056451,0.07271,0.13011,0.33731,0.33482,0.11707,0.2602,0.048236,0.0080792,0.093017,0.0536,0.050731,0.11865,0.10025,0.090809,0.13651,0.11075,0.21006,0.13156,0.19871,0.20213,0.0093608,0.076116,0.26424,0.26067,0.082689,-0.036823,0.11387,0.13141,-0.19923,-0.15627,0.11215,0.13809,0.11835,0.1172,0.13532,0.16883,-0.058937,0.010389,-0.040486,0.033202,-0.21793,-0.16546,0.1999,0.18612,0.21244,0.21773,0.34139,0.31532,0.15555,0.17639,0.44621,0.29386,0.27976,0.26757,-0.15168,0.070248,-0.18073,-0.12455,0.35627,0.1095,-0.047039,0.061324,-0.028462,-0.015929,-0.027225,-0.046618,-0.018026,-0.038613,-0.31845,-0.15853,-0.22729,-0.18209,0.27636,0.19354,-0.17053,-0.21009,-0.054141,-0.11487,-0.26822,-0.088259
0.30321,0.20713,0.52933,0.34709,0.81923,0.68513,0.34919,0.23769,0.65591,0.2565,0.0049057,0.098333,0.13195,0.25259,0.58199,0.41004,0.25792,0.17308,0.43275,0.39899,0.73186,1,0.46224,0.31657,0.78716,0.66356,0.81532,0.55392,0.30224,0.32028,0.44499,0.24939,0.33259,0.36449,-0.095007,-0.072792,0.39783,0.36482,0.56228,0.52555,0.25521,0.39946,0.22728,0.16534,0.28463,0.26452,0.30226,0.32206,0.35308,0.31437,0.35837,0.34012,0.44452,0.37763,0.4489,0.42412,0.19304,0.22343,0.49776,0.51321,0.34459,0.22006,0.28419,0.31699,-0.064241,-0.1448,0.37892,0.34557,0.3483,0.28472,0.41954,0.32248,0.18198,0.24231,0.26566,0.27474,-0.059181,-0.16635,0.16735,0.21307,0.27097,0.40502,0.51474,0.45271,0.27179,0.34824,0.64764,0.51515,0.47102,0.5137,0.091645,0.29692,-0.15597,-0.019245,0.32402,0.22071,0.26831,0.28955,0.27492,0.28301,0.082844,0.06378,0.25497,0.2575,0.022763,0.0030317,0.00028904,0.10384,0.10703,0.049872,0.067652,-0.051617,0.15344,0.16691,0.044949,0.13727
0.51045,0.40958,0.83722,0.78076,0.52604,0.57996,0.60731,0.44487,0.48305,0.3916,0.46186,0.51326,0.58381,0.5555,0.74628,0.75643,0.42157,0.31018,0.67667,0.64811,0.23667,0.46224,1,0.90563,0.63031,0.63064,0.62288,0.56552,0.45657,0.45322,0.60606,0.5208,0.60896,0.58369,0.35391,0.25086,0.69705,0.65182,0.68154,0.68813,0.56906,0.62225,0.57428,0.54346,0.56415,0.58201,0.63173,0.60948,0.60048,0.53969,0.57703,0.5719,0.69113,0.60822,0.66761,0.64307,0.42177,0.46048,0.69841,0.66371,0.63282,0.35165,0.41237,0.47307,0.37503,0.11748,0.68992,0.62994,0.56583,0.44915,0.40575,0.1143,0.26738,0.4694,0.51769,0.35017,0.31253,0.1619,0.278,0.38433,0.43305,0.6022,0.76076,0.68848,0.74722,0.75494,0.61886,0.77882,0.70263,0.69073,0.24082,0.42314,-0.203,-0.055451,0.41875,0.36882,0.615,0.59704,0.59147,0.53573,-0.0087989,-0.047821,0.36867,0.41317,0.088244,0.2617,0.11945,0.25974,0.22244,0.19678,0.46262,0.093048,0.23748,0.3028,0.25182,0.22943
0.45038,0.47211,0.75083,0.85588,0.34646,0.47259,0.49676,0.44919,0.27756,0.3995,0.47683,0.58986,0.52699,0.58291,0.60284,0.71704,0.48274,0.37354,0.56656,0.61846,0.12679,0.31657,0.90563,1,0.51678,0.59611,0.47753,0.46275,0.47467,0.45333,0.54868,0.52039,0.59339,0.58778,0.34157,0.3224,0.61893,0.62875,0.59202,0.62472,0.59435,0.63827,0.56637,0.55488,0.47277,0.53663,0.59892,0.56807,0.50799,0.4645,0.52476,0.4993,0.60413,0.54292,0.59867,0.5703,0.46448,0.48228,0.56066,0.55465,0.57322,0.33937,0.42704,0.43816,0.33086,0.1884,0.59219,0.5611,0.57957,0.46203,0.45592,0.16779,0.27448,0.48808,0.46936,0.36983,0.30808,0.19651,0.33847,0.43902,0.52025,0.60851,0.67656,0.63066,0.71674,0.7665,0.50558,0.74013,0.60423,0.62769,0.17367,0.25534,-0.1868,-0.15729,0.4291,0.38841,0.56338,0.57331,0.55527,0.48679,-0.074895,-0.18593,0.32883,0.29703,0.085938,0.27075,0.091382,0.20146,0.26879,0.22015,0.49596,0.15008,0.22241,0.33414,0.27291,0.22161
0.33962,0.39726,0.62312,0.5156,0.83857,0.72001,0.40447,0.22911,0.66651,0.2418,0.1279,0.23318,0.23302,0.4274,0.6141,0.50216,0.41684,0.33346,0.44799,0.49176,0.68442,0.78716,0.63031,0.51678,1,0.79567,0.94633,0.65378,0.38196,0.43481,0.54961,0.24216,0.51926,0.47924,0.10273,0.17262,0.54017,0.56915,0.74782,0.7328,0.34027,0.46401,0.47646,0.43485,0.44272,0.46949,0.49328,0.51878,0.52526,0.49853,0.54919,0.53977,0.60628,0.56555,0.64294,0.63417,0.42735,0.4517,0.63652,0.66163,0.50493,0.16911,0.4561,0.39398,-0.078988,-0.036771,0.59416,0.58557,0.56799,0.47428,0.30623,0.068462,0.099178,0.23949,0.31156,0.22967,-0.080148,-0.17192,0.35236,0.42144,0.46887,0.60312,0.65569,0.54177,0.45395,0.54731,0.7289,0.70778,0.64876,0.67574,-0.081472,0.16353,-0.34567,-0.2015,0.45821,0.32479,0.47777,0.47461,0.44699,0.44385,-0.087668,-0.078963,0.23868,0.29083,0.018474,0.089107,0.065263,0.12579,0.22022,0.13072,0.27312,-0.10491,0.14374,0.20332,0.068552,0.13811
0.37586,0.44714,0.67407,0.65294,0.66854,0.71363,0.50977,0.48974,0.6225,0.54176,0.17866,0.26695,0.31557,0.48907,0.53991,0.53928,0.40736,0.26735,0.46226,0.53586,0.5659,0.66356,0.63064,0.59611,0.79567,1,0.75977,0.67201,0.40464,0.46256,0.6553,0.5047,0.56957,0.57851,0.15957,0.27869,0.48156,0.59753,0.64686,0.6904,0.31355,0.50273,0.52687,0.4603,0.48661,0.48163,0.51039,0.51432,0.46552,0.42614,0.53765,0.46447,0.5663,0.49376,0.52029,0.53533,0.38787,0.44804,0.63995,0.66324,0.49341,0.30597,0.33862,0.29806,0.10257,0.17732,0.59627,0.58156,0.53027,0.504,0.49023,0.29728,0.33961,0.42696,0.39331,0.36001,0.087598,0.0012823,0.35259,0.38061,0.49311,0.53114,0.5941,0.54958,0.50458,0.57582,0.54244,0.54294,0.62175,0.66307,0.11837,0.26394,-0.040273,-0.062381,0.6218,0.45931,0.42528,0.49837,0.38897,0.35553,0.1125,0.11525,0.27472,0.30604,-0.039135,0.072248,-0.081717,0.045855,0.35847,0.25864,0.24846,-0.023327,0.11757,0.15606,-0.0064706,0.10785
0.34033,0.33013,0.60771,0.47882,0.85896,0.73799,0.40341,0.23036,0.69858,0.25461,0.12107,0.18887,0.24645,0.37768,0.66787,0.51849,0.36744,0.27107,0.46757,0.47505,0.70875,0.81532,0.62288,0.47753,0.94633,0.75977,1,0.73431,0.33941,0.39389,0.48098,0.22516,0.46909,0.44736,0.063384,0.11003,0.52291,0.56314,0.7367,0.76421,0.29637,0.45859,0.39108,0.34424,0.36966,0.38654,0.4311,0.45035,0.44196,0.40485,0.46686,0.45851,0.56646,0.50118,0.60548,0.58832,0.3411,0.37603,0.60753,0.60976,0.48219,0.21724,0.37115,0.36034,-0.013876,-0.027308,0.53716,0.51665,0.49195,0.39416,0.28193,0.07519,0.099629,0.20479,0.34233,0.24503,-0.03216,-0.14585,0.24175,0.3157,0.36526,0.53482,0.68279,0.54483,0.44946,0.51678,0.79917,0.69656,0.62533,0.6483,0.012101,0.21939,-0.27462,-0.17606,0.45336,0.39713,0.42932,0.45135,0.40709,0.41802,-0.052748,-0.079715,0.22345,0.26024,0.034004,0.11751,0.045178,0.11002,0.2021,0.19268,0.23428,-0.082447,0.11361,0.22044,0.098348,0.22011
0.32376,0.26842,0.57639,0.52893,0.62924,0.65657,0.43123,0.35058,0.59287,0.46197,0.063162,0.13293,0.30253,0.35844,0.50902,0.46025,0.26633,0.10554,0.4269,0.45763,0.42441,0.55392,0.56552,0.46275,0.65378,0.67201,0.73431,1,0.23285,0.2145,0.41812,0.33556,0.40882,0.39235,0.12416,0.08768,0.41962,0.46125,0.54179,0.57604,0.2173,0.24028,0.41382,0.35325,0.37594,0.4045,0.40244,0.41298,0.36028,0.33303,0.41476,0.41552,0.50595,0.41461,0.4816,0.4734,0.30993,0.34064,0.57005,0.5615,0.37835,0.26877,0.22498,0.22454,0.089955,0.094235,0.52102,0.46099,0.42133,0.41585,0.33857,0.11879,0.13481,0.2066,0.43324,0.23529,0.084812,-0.028044,0.1014,0.12875,0.24151,0.37778,0.53083,0.39532,0.39913,0.451,0.56219,0.46244,0.61443,0.6333,0.26494,0.31105,0.023517,-0.013679,0.32983,0.33131,0.43849,0.44641,0.36012,0.37267,0.11201,0.078591,0.31579,0.22623,0.18673,0.13659,0.063802,0.14277,0.11572,0.0069217,0.20714,-0.031764,0.14133,0.25767,0.11813,0.11774
0.60689,0.74338,0.4533,0.46101,0.32406,0.34144,0.47127,0.41995,0.19448,0.20064,0.65602,0.66307,0.6747,0.62269,0.64401,0.67224,0.85231,0.82723,0.68906,0.7735,0.24008,0.30224,0.45657,0.47467,0.38196,0.40464,0.33941,0.23285,1,0.90091,0.56351,0.39414,0.78107,0.76967,0.080791,0.19561,0.44562,0.43736,0.56825,0.49114,0.58876,0.57822,0.55404,0.54556,0.53094,0.56464,0.63299,0.64847,0.56463,0.59589,0.60874,0.58202,0.62333,0.59658,0.61342,0.61131,0.60701,0.65603,0.57473,0.52396,0.67763,0.38543,0.74655,0.76538,0.093408,-0.053773,0.51233,0.48013,0.67892,0.6312,0.14068,-0.099102,0.39252,0.52047,0.21012,0.30205,-0.051585,-0.092379,0.7703,0.76198,0.83049,0.77588,0.755,0.8094,0.6406,0.65363,0.375,0.48039,0.57337,0.56693,0.10828,0.29667,-0.34702,-0.26839,0.5732,0.38748,0.5278,0.54161,0.60974,0.5933,-0.060856,-0.19395,0.35242,0.31421,-0.22877,-0.093714,0.096716,0.2192,0.43954,0.30624,0.48688,0.30184,0.39824,0.16259,-0.037744,0.062257
0.57281,0.75093,0.44298,0.46165,0.33259,0.37096,0.48966,0.42312,0.25835,0.17854,0.70091,0.67633,0.67558,0.64584,0.67405,0.67894,0.82007,0.80189,0.63876,0.73719,0.33689,0.32028,0.45322,0.45333,0.43481,0.46256,0.39389,0.2145,0.90091,1,0.54182,0.35217,0.74486,0.75909,0.033064,0.22742,0.41066,0.4581,0.52784,0.51209,0.54162,0.61036,0.59027,0.57364,0.55422,0.58532,0.64726,0.67081,0.53811,0.57203,0.63632,0.57973,0.64184,0.61817,0.61294,0.63223,0.53017,0.59273,0.58388,0.53385,0.65069,0.34258,0.69192,0.71912,0.10617,-0.03108,0.49891,0.51525,0.6239,0.57405,0.13334,-0.10859,0.35414,0.49335,0.15047,0.31492,-0.057142,-0.08917,0.74233,0.74649,0.83658,0.76673,0.77428,0.83287,0.71628,0.70113,0.38641,0.46508,0.5545,0.53237,0.0043733,0.2222,-0.36512,-0.35009,0.68959,0.48778,0.47024,0.54532,0.55362,0.51552,-0.10562,-0.22381,0.21016,0.25104,-0.3628,-0.13168,-0.076897,0.092674,0.5736,0.47009,0.40227,0.18219,0.24867,0.066748,-0.17277,0.10632
0.33347,0.39968,0.67011,0.51881,0.49387,0.48229,0.58366,0.47087,0.4302,0.28073,0.29851,0.35036,0.42571,0.45511,0.51752,0.47913,0.43227,0.43581,0.45757,0.4837,0.4248,0.44499,0.60606,0.54868,0.54961,0.6553,0.48098,0.41812,0.56351,0.54182,1,0.75692,0.63982,0.58706,0.34015,0.28633,0.49422,0.43753,0.53267,0.46898,0.43174,0.43045,0.42691,0.3856,0.50723,0.46776,0.43295,0.45555,0.43114,0.41536,0.46003,0.41971,0.47013,0.42754,0.43125,0.41619,0.3556,0.36978,0.54013,0.50754,0.43831,0.30845,0.41239,0.41963,0.22418,0.151,0.53758,0.50874,0.42254,0.43418,0.25139,0.12427,0.26197,0.36191,0.22276,0.21035,0.042466,0.079323,0.52285,0.46494,0.54011,0.54168,0.57589,0.57922,0.45898,0.5078,0.32564,0.38434,0.5634,0.52447,0.2032,0.34174,-0.073794,0.0085362,0.5116,0.27185,0.36042,0.35967,0.36799,0.35531,0.13495,0.19172,0.45855,0.39035,-0.089651,0.16411,0.078868,0.21103,0.33477,0.21314,0.29467,0.096627,0.26461,0.16123,0.01638,-0.074505
0.37455,0.27689,0.60351,0.54933,0.27923,0.44776,0.5536,0.60357,0.33155,0.44452,0.30426,0.3191,0.36917,0.36756,0.38119,0.40436,0.30669,0.22766,0.41001,0.41843,0.16757,0.24939,0.5208,0.52039,0.24216,0.5047,0.22516,0.33556,0.39414,0.35217,0.75692,1,0.49044,0.52265,0.34704,0.32531,0.3662,0.29032,0.32552,0.27207,0.28175,0.29802,0.33013,0.2965,0.45063,0.40274,0.33681,0.32149,0.29678,0.26895,0.3238,0.26625,0.34593,0.27447,0.26219,0.23299,0.2321,0.2453,0.4211,0.40485,0.34457,0.47336,0.2292,0.33605,0.41332,0.34555,0.43705,0.40794,0.27114,0.30284,0.3068,0.19664,0.32954,0.3692,0.29391,0.26308,0.18241,0.18284,0.29572,0.18817,0.33526,0.33549,0.37814,0.43405,0.40899,0.42045,0.15905,0.2459,0.42616,0.44334,0.38405,0.38511,0.15729,0.16086,0.35399,0.27222,0.29189,0.25526,0.26229,0.24137,0.28581,0.28853,0.43346,0.31508,0.038048,0.21084,0.098793,0.25528,0.2294,0.11898,0.23006,0.1081,0.19604,0.11864,0.078792,-0.064062
0.72233,0.79354,0.57882,0.68444,0.37947,0.50539,0.70806,0.61587,0.33402,0.37437,0.60902,0.70449,0.70123,0.72257,0.59157,0.66356,0.8101,0.73668,0.74881,0.85088,0.14048,0.33259,0.60896,0.59339,0.51926,0.56957,0.46909,0.40882,0.78107,0.74486,0.63982,0.49044,1,0.93063,0.28302,0.32856,0.62901,0.56779,0.71074,0.6306,0.55414,0.57889,0.78038,0.75933,0.77177,0.80508,0.82572,0.83006,0.78499,0.80141,0.79477,0.78992,0.79243,0.77228,0.77478,0.77685,0.78849,0.80466,0.80799,0.79174,0.86569,0.51511,0.78674,0.76203,0.23784,0.17451,0.82986,0.80695,0.81298,0.79006,0.23093,-0.16762,0.44031,0.54317,0.36936,0.34831,0.077598,-0.033214,0.68433,0.72797,0.82387,0.86547,0.78178,0.74812,0.73426,0.77664,0.47308,0.60728,0.76536,0.75439,0.16215,0.32698,-0.27473,-0.20124,0.63082,0.48303,0.78037,0.73162,0.77047,0.71543,0.0097215,0.0094535,0.45519,0.54855,0.026957,0.097527,0.15196,0.32425,0.35671,0.2243,0.61474,0.20185,0.33978,0.27633,0.12246,0.12519
0.72566,0.74429,0.579,0.71834,0.37406,0.5265,0.66542,0.67041,0.36655,0.40374,0.6213,0.74009,0.67874,0.721,0.58937,0.67573,0.81522,0.72634,0.77026,0.87325,0.11816,0.36449,0.58369,0.58778,0.47924,0.57851,0.44736,0.39235,0.76967,0.75909,0.58706,0.52265,0.93063,1,0.28457,0.37799,0.64278,0.60547,0.68596,0.63009,0.58783,0.60618,0.70772,0.68615,0.68978,0.74267,0.76127,0.75341,0.68367,0.69064,0.73515,0.70156,0.73923,0.70599,0.72745,0.70705,0.71137,0.72935,0.75762,0.74834,0.81983,0.60691,0.75077,0.75955,0.28545,0.2531,0.77829,0.76376,0.76897,0.69252,0.28891,-0.069613,0.50554,0.60981,0.41765,0.43121,0.16572,0.047542,0.64235,0.66346,0.80429,0.84593,0.76006,0.73998,0.74324,0.77574,0.49415,0.58809,0.69619,0.72244,0.21742,0.35136,-0.20485,-0.16614,0.60303,0.5222,0.70986,0.67613,0.72568,0.69263,0.09088,0.044119,0.4521,0.51959,0.070548,0.10376,0.17776,0.28593,0.34125,0.25063,0.62206,0.23076,0.32363,0.27815,0.14668,0.19915
0.17195,0.0095264,0.31309,0.33988,-0.026416,0.053114,0.38326,0.35687,0.14778,0.17914,0.27023,0.30154,0.28404,0.31446,0.01472,0.084264,0.058219,-0.0027916,0.073292,0.097987,-0.18051,-0.095007,0.35391,0.34157,0.10273,0.15957,0.063384,0.12416,0.080791,0.033064,0.34015,0.34704,0.28302,0.28457,1,0.7163,0.29635,0.27781,0.17607,0.1558,0.21496,0.1955,0.18397,0.17527,0.32596,0.20888,0.14859,0.10449,0.16029,0.1265,0.11502,0.14305,0.054258,0.037679,0.1175,0.069331,0.06953,0.036079,0.19324,0.16627,0.17927,0.27704,0.057085,0.023146,0.50232,0.58124,0.43218,0.40542,0.042268,0.040399,0.13694,0.047861,0.22962,0.26444,0.35634,0.15104,0.41883,0.42353,0.09046,0.064624,0.096908,0.099753,0.078352,-0.0070078,0.26534,0.26872,-0.052496,0.14009,0.16617,0.17368,0.13621,0.11707,0.17769,0.24858,0.11212,0.14748,0.25302,0.17288,0.164,0.11801,0.085383,0.28245,0.16106,0.27433,0.27105,0.41831,0.21096,0.14847,0.082686,0.044838,0.40649,0.067111,0.16203,0.17452,0.15957,0.075652
0.17743,0.20102,0.1635,0.37555,-0.059446,0.10819,0.3061,0.38501,0.089146,0.21536,0.32008,0.42401,0.24439,0.40197,0.012732,0.13155,0.24411,0.18327,0.052706,0.1484,-0.056451,-0.072792,0.25086,0.3224,0.17262,0.27869,0.11003,0.08768,0.19561,0.22742,0.28633,0.32531,0.32856,0.37799,0.7163,1,0.19516,0.27604,0.17999,0.20814,0.23472,0.32903,0.2362,0.26094,0.27269,0.26006,0.18328,0.15952,0.14313,0.17109,0.21706,0.19419,0.10887,0.11369,0.16089,0.12587,0.18329,0.16529,0.18035,0.25369,0.20687,0.37823,0.2121,0.18003,0.31394,0.65543,0.36716,0.44768,0.14098,0.107,0.1476,-0.0018321,0.15532,0.26311,0.26046,0.12608,0.25535,0.29777,0.28548,0.21581,0.31275,0.23809,0.12758,0.098035,0.33955,0.40938,-0.027879,0.21121,0.1206,0.20839,-0.02219,-0.04938,0.08068,0.011159,0.28325,0.27998,0.22042,0.1945,0.18683,0.1258,0.027372,0.091915,0.023695,0.18683,0.075647,0.24151,0.081616,-0.046055,0.26574,0.19962,0.3146,-0.05764,-0.0023311,0.039607,0.038252,0.06822
0.5254,0.46952,0.65071,0.64434,0.44469,0.48164,0.58904,0.44807,0.36457,0.31381,0.39488,0.46289,0.51966,0.52553,0.56449,0.59902,0.51557,0.40969,0.6146,0.63652,0.07271,0.39783,0.69705,0.61893,0.54017,0.48156,0.52291,0.41962,0.44562,0.41066,0.49422,0.3662,0.62901,0.64278,0.29635,0.19516,1,0.7832,0.80882,0.74083,0.63504,0.54999,0.60715,0.59019,0.51838,0.6072,0.66343,0.62489,0.58623,0.51593,0.61806,0.6022,0.67678,0.65996,0.73034,0.67215,0.54849,0.51818,0.63532,0.60473,0.64591,0.34599,0.55625,0.52996,0.24694,0.085844,0.71349,0.65759,0.61728,0.50325,0.31299,-0.0068732,0.4036,0.47849,0.61717,0.44336,0.27215,0.13136,0.31339,0.40873,0.51146,0.71345,0.69298,0.5805,0.66901,0.71322,0.56569,0.69965,0.72897,0.7142,0.25356,0.33988,-0.26847,-0.10909,0.44907,0.43504,0.73676,0.61682,0.75089,0.75668,0.054314,0.063981,0.50855,0.61353,0.28174,0.37644,0.31171,0.47073,0.14076,0.22131,0.68961,0.37083,0.43228,0.51407,0.44692,0.38286
0.47482,0.53164,0.61022,0.68411,0.35842,0.4371,0.52814,0.45367,0.27979,0.42445,0.36872,0.4288,0.46658,0.56211,0.51889,0.57768,0.52003,0.37727,0.53063,0.59635,0.13011,0.36482,0.65182,0.62875,0.56915,0.59753,0.56314,0.46125,0.43736,0.4581,0.43753,0.29032,0.56779,0.60547,0.27781,0.27604,0.7832,1,0.767,0.83236,0.56253,0.58133,0.64146,0.62123,0.48741,0.58329,0.6714,0.62884,0.51679,0.45132,0.62469,0.5585,0.64688,0.64056,0.66752,0.67259,0.52255,0.53692,0.58995,0.60853,0.56922,0.29203,0.45953,0.38385,0.15441,0.13332,0.63619,0.63268,0.58675,0.4889,0.4101,0.11888,0.36984,0.47118,0.63095,0.5648,0.28397,0.15482,0.33948,0.43196,0.54691,0.66506,0.6995,0.59402,0.65388,0.71411,0.53268,0.64268,0.63391,0.67118,0.16666,0.31486,-0.19918,-0.1408,0.59061,0.58189,0.65342,0.65766,0.69367,0.69142,0.010365,0.027331,0.35145,0.51518,0.14013,0.28333,0.088582,0.16888,0.24648,0.34714,0.56273,0.30832,0.42007,0.4693,0.25491,0.28444
0.61994,0.57776,0.69631,0.66227,0.64621,0.63512,0.61683,0.44773,0.52297,0.32656,0.3099,0.44603,0.51496,0.57949,0.64722,0.65036,0.5928,0.48847,0.70316,0.72722,0.33731,0.56228,0.68154,0.59202,0.74782,0.64686,0.7367,0.54179,0.56825,0.52784,0.53267,0.32552,0.71074,0.68596,0.17607,0.17999,0.80882,0.767,1,0.91328,0.63728,0.61106,0.64552,0.61734,0.55329,0.62233,0.69619,0.67386,0.63965,0.59548,0.66933,0.62864,0.73766,0.70393,0.78938,0.77238,0.64697,0.66219,0.75057,0.73476,0.73022,0.35799,0.60543,0.5632,0.10664,0.020374,0.73298,0.68442,0.74101,0.61486,0.34319,0.0117,0.39044,0.46008,0.52506,0.4338,0.11576,-0.062847,0.4379,0.54564,0.59171,0.76108,0.80003,0.67451,0.63817,0.7,0.74095,0.80156,0.83342,0.82804,0.10166,0.32987,-0.34578,-0.16633,0.51773,0.4691,0.75324,0.66966,0.69659,0.72496,-0.048104,0.013289,0.41413,0.53743,0.18055,0.23458,0.25906,0.33754,0.15913,0.19573,0.56427,0.22075,0.41522,0.43349,0.32985,0.34301
0.54086,0.53143,0.66166,0.6622,0.60031,0.62854,0.5537,0.43456,0.52353,0.36016,0.306,0.41896,0.48167,0.57711,0.64419,0.65916,0.54616,0.4102,0.64394,0.66806,0.33482,0.52555,0.68813,0.62472,0.7328,0.6904,0.76421,0.57604,0.49114,0.51209,0.46898,0.27207,0.6306,0.63009,0.1558,0.20814,0.74083,0.83236,0.91328,1,0.56857,0.63351,0.6026,0.56641,0.47171,0.54708,0.64941,0.62164,0.55016,0.49163,0.61905,0.55494,0.68318,0.63945,0.73809,0.73262,0.55058,0.57463,0.67641,0.66552,0.65686,0.33327,0.49768,0.46568,0.13132,0.057725,0.64701,0.62339,0.66642,0.54034,0.35665,0.038363,0.33538,0.44289,0.52808,0.45413,0.15458,-0.020507,0.37063,0.48577,0.54173,0.70621,0.80861,0.67721,0.66116,0.7115,0.77309,0.79214,0.76599,0.76476,0.11745,0.32243,-0.26024,-0.17499,0.57645,0.62111,0.68948,0.70081,0.65046,0.66993,-0.049843,-0.031578,0.31514,0.44207,0.085885,0.21457,0.14354,0.22281,0.21401,0.34822,0.51942,0.20229,0.36255,0.38794,0.29271,0.37997
0.43267,0.42114,0.52491,0.54934,0.23238,0.21216,0.39875,0.30941,0.15714,0.069645,0.3958,0.48267,0.47504,0.44637,0.5095,0.52129,0.51668,0.45741,0.55888,0.56866,0.11707,0.25521,0.56906,0.59435,0.34027,0.31355,0.29637,0.2173,0.58876,0.54162,0.43174,0.28175,0.55414,0.58783,0.21496,0.23472,0.63504,0.56253,0.63728,0.56857,1,0.73964,0.40257,0.39378,0.28525,0.34792,0.45119,0.41434,0.34566,0.3135,0.38183,0.37445,0.42291,0.37214,0.50443,0.44112,0.39655,0.42486,0.41634,0.378,0.4618,0.22376,0.47173,0.43647,0.17742,0.019533,0.45715,0.38832,0.52195,0.37249,0.23675,0.039913,0.49746,0.58216,0.48576,0.41559,0.33703,0.23749,0.39569,0.54869,0.53049,0.58466,0.58731,0.56661,0.5738,0.58775,0.43637,0.55009,0.47774,0.42817,0.11074,0.23123,-0.18083,-0.11971,0.41239,0.3923,0.50352,0.49854,0.51652,0.50706,-0.014456,-0.078364,0.32071,0.43088,0.092648,0.2337,0.23133,0.22656,0.21737,0.31055,0.56006,0.36224,0.35755,0.38718,0.30711,0.26165
0.49547,0.45313,0.55681,0.57685,0.3256,0.36675,0.47341,0.41699,0.25241,0.22123,0.50446,0.49966,0.49253,0.51178,0.58471,0.58524,0.51975,0.44329,0.55975,0.58224,0.2602,0.39946,0.62225,0.63827,0.46401,0.50273,0.45859,0.24028,0.57822,0.61036,0.43045,0.29802,0.57889,0.60618,0.1955,0.32903,0.54999,0.58133,0.61106,0.63351,0.73964,1,0.45197,0.43476,0.34925,0.3959,0.48529,0.44039,0.39612,0.38452,0.44385,0.40435,0.48925,0.43359,0.51698,0.49598,0.37268,0.4181,0.50338,0.46109,0.52424,0.34461,0.41602,0.42303,0.2861,0.18153,0.51135,0.45752,0.5051,0.3893,0.28786,0.074581,0.54702,0.67251,0.44244,0.41831,0.33355,0.25275,0.4574,0.54894,0.54605,0.57418,0.65143,0.625,0.66326,0.64598,0.49802,0.59043,0.46797,0.46954,0.090997,0.20696,-0.15702,-0.12228,0.5741,0.47282,0.45456,0.53791,0.47811,0.44079,-0.083705,-0.13592,0.20888,0.36495,-0.019395,0.1962,0.069571,0.17512,0.37837,0.39728,0.46752,0.23828,0.27637,0.26895,0.18249,0.21064
0.65574,0.77395,0.553,0.70242,0.2671,0.46342,0.67031,0.56385,0.27281,0.47616,0.57091,0.60357,0.67832,0.71058,0.47847,0.60075,0.70346,0.5814,0.59542,0.73591,0.048236,0.22728,0.57428,0.56637,0.47646,0.52687,0.39108,0.41382,0.55404,0.59027,0.42691,0.33013,0.78038,0.70772,0.18397,0.2362,0.60715,0.64146,0.64552,0.6026,0.40257,0.45197,1,0.98274,0.83174,0.93885,0.94822,0.93159,0.83578,0.83829,0.89688,0.86619,0.85436,0.87217,0.78182,0.85378,0.80355,0.8022,0.78453,0.78715,0.75283,0.31604,0.64241,0.56933,0.14512,0.10065,0.82842,0.82732,0.79358,0.80569,0.37191,-0.12437,0.35609,0.46647,0.41782,0.37428,0.088214,-0.081553,0.60396,0.61102,0.76503,0.78921,0.66044,0.60372,0.74493,0.76478,0.35943,0.55291,0.7385,0.74135,0.061705,0.24447,-0.34551,-0.24446,0.59606,0.4003,0.84082,0.78365,0.80647,0.71649,-0.10882,-0.0026,0.30655,0.47042,0.018623,0.12014,0.057218,0.24557,0.36025,0.135,0.59628,0.10173,0.29586,0.28452,0.07285,0.18704
