1,0.42869,0.61373,0.47733,0.44676,0.40045,0.62699,0.38042,0.40869,0.45335,0.26648,0.2108,0.38913,0.29842,0.40529,0.45215,0.32015,0.16148,0.67598,0.48731,0.41684,0.38951,0.47336,0.27508,0.31109,0.51929,0.46638,0.41385,0.28545,0.20584,0.4415,0.43156,0.41274,0.26947,0.098254,0.030409,0.20551,0.12469,0.22618,0.22499,0.13292,0.26174,0.49507,0.28803,0.46448,0.29847,0.51991,0.22035,0.44618,0.39708,0.44552,0.36536,0.45885,0.54179,0.51912,0.4374,0.8152,0.30613,0.35789,0.30631,0.36303,0.27018,0.36226,0.20863,0.34768,0.20419,0.35145,0.18613,0.34105,0.30247,0.20536,0.30967,0.44176,0.47629,0.43222,0.30921,0.50345,0.22763,0.078456,0.079254,0.22501,0.16976,0.32407,0.41905,0.28427,0.2477,0.12952,0.31476,0.37121,0.5,0.24929,0.54545,0.29189,0.5281,0.06119,0.047525,0.20358,0.52782,0.42517,0.74275,0.15974,0.44416,0.296,0.71763,0.46234,0.28292,0.1181,0.10164,0.052629,0.095666,0.3209,0.51621,0.55099,0.42996,0.37376,-0.042644
0.42869,1,0.27019,0.49677,0.15746,0.34083,0.46207,0.60386,0.41317,0.42385,0.38817,0.51376,0.48569,0.30629,0.24204,0.28259,0.6785,0.69522,0.58504,0.78864,0.15463,0.1037,-0.070831,0.070434,0.079507,0.18754,-0.019282,-0.070774,0.55744,0.50901,0.27651,0.44908,0.65325,0.78238,0.087743,0.18158,0.48721,0.48886,0.37044,0.41811,0.31576,0.37899,0.50856,0.48353,0.38474,0.48937,0.49425,0.44171,0.48725,0.55711,0.59799,0.56265,0.55496,0.59893,0.67776,0.49443,0.49609,0.75138,0.45056,0.56774,0.67247,0.61801,0.52873,0.68634,0.17226,0.42617,0.54277,0.47995,0.54589,0.33632,-0.29979,0.20833,0.56938,0.64429,0.5558,0.59681,0.60762,0.45172,0.51383,0.53094,0.67776,0.71968,0.51146,0.54941,0.6626,0.51259,0.2604,0.25639,0.47209,0.47335,0.5723,0.44266,0.62891,0.48415,0.16965,0.20708,0.49827,0.40334,0.71759,0.67559,0.64822,0.58534,0.68972,0.60851,0.40165,0.13449,0.27527,0.11075,0.048767,0.029632,0.50925,0.64021,0.61291,0.44245,0.38663,0.055503
0.61373,0.27019,1,0.67976,0.59953,0.59644,0.84208,0.3673,0.57764,0.46945,0.36875,0.31432,0.5281,0.61393,0.7473,0.65396,0.082517,-0.030107,0.74987,0.47671,0.44433,0.38912,0.82196,0.76851,0.45411,0.47795,0.56939,0.4119,0.15546,0.03646,0.47119,0.45897,0.37017,0.17616,0.26822,-0.033828,0.21052,0.13009,0.25158,0.29776,0.29508,0.34958,0.53384,0.28042,0.37956,0.13698,0.50016,0.30633,0.56734,0.37226,0.53984,0.36647,0.56961,0.58663,0.61567,0.45435,0.32679,0.051667,0.26186,0.086577,0.29505,0.058524,0.082678,-0.038318,0.62533,0.10696,0.32856,0.11874,0.34385,0.32144,0.15777,0.36035,0.35277,0.445,0.37894,0.25966,0.32013,0.076002,-0.017884,-0.04932,0.05057,0.10037,0.49734,0.46602,0.4537,0.41839,0.17567,0.4193,0.62253,0.56087,0.28838,0.78099,0.32267,0.69164,-0.06243,0.13896,0.22208,0.32014,0.27499,0.55021,-0.0052101,0.42496,0.21187,0.54534,0.34004,0.30873,0.061108,0.0615,0.12836,0.022893,0.14874,0.40888,0.54515,0.45781,0.59573,-0.13126
0.47733,0.49677,0.67976,1,0.34471,0.49539,0.76047,0.72826,0.57905,0.6263,0.21822,0.49031,0.28772,0.46551,0.33802,0.46766,0.38326,0.25462,0.57881,0.60906,0.11484,0.061671,0.40942,0.53054,0.2894,0.47612,0.26561,0.30483,0.26157,0.090905,0.45198,0.56228,0.48266,0.49354,0.18208,0.15896,0.4717,0.3196,0.38107,0.43672,0.282,0.39874,0.64351,0.40142,0.46813,0.40983,0.59261,0.4054,0.56042,0.51308,0.59129,0.48459,0.62178,0.58611,0.58646,0.51848,0.45452,0.36128,0.28051,0.35492,0.29021,0.38362,0.11676,0.13188,0.33781,0.43106,0.52057,0.53565,0.43866,0.473,-0.00071807,0.46338,0.37109,0.43965,0.46852,0.49858,0.49836,0.40022,0.29754,0.208,0.3075,0.35003,0.41417,0.49683,0.41931,0.50103,0.21627,0.35251,0.54207,0.56443,0.53312,0.60799,0.61192,0.55829,0.082763,0.17588,0.37203,0.4275,0.48627,0.63225,0.40684,0.45676,0.3436,0.54109,0.45125,0.27004,0.20315,0.12954,0.06097,0.021494,0.39941,0.57711,0.5643,0.50725,0.58887,-0.20742
0.44676,0.15746,0.59953,0.34471,1,0.78244,0.5478,0.24268,0.72761,0.43138,0.021295,0.1418,0.23216,0.33619,0.40316,0.41114,-0.059044,-0.066491,0.42745,0.21644,0.5272,0.52317,0.58108,0.42297,0.62634,0.63526,0.52815,0.35793,-0.082132,-0.0047925,0.26463,0.23302,0.15015,0.1008,0.31473,0.079543,0.081523,0.057266,0.037241,0.077804,-0.051455,0.047185,0.40245,0.11962,0.39067,0.21129,0.35963,0.12078,0.53544,0.38931,0.42507,0.3994,0.51455,0.44768,0.4117,0.27498,0.19068,0.097541,0.28992,0.35628,0.13844,0.14613,-0.068835,-0.016452,0.41642,0.1773,0.40989,0.30567,0.15673,0.22133,0.18263,0.22924,0.06534,0.15895,0.11862,-0.075521,0.080757,-0.080871,-0.23453,-0.22371,-0.10909,-0.10315,0.17913,0.35378,0.18119,0.22484,0.22084,0.37648,0.29775,0.38374,0.082987,0.47326,0.22683,0.48392,-0.074258,0.32013,0.072328,0.1666,0.18617,0.38823,0.047443,0.27976,0.14337,0.37843,0.10321,0.14998,-0.046352,0.1638,-0.035517,-0.22854,0.014974,0.18017,0.3582,0.14189,0.24011,-0.056213
0.40045,0.34083,0.59644,0.49539,0.78244,1,0.64657,0.48607,0.74254,0.53022,0.042302,0.2952,0.33351,0.32783,0.39478,0.41634,0.048983,0.021789,0.4915,0.34563,0.53021,0.49516,0.35224,0.37633,0.43603,0.48806,0.38705,0.29671,0.064871,0.085774,0.24058,0.18832,0.23917,0.28675,0.21084,0.11254,0.14479,0.17821,0.093356,0.095548,-0.0075553,0.21124,0.38435,0.12504,0.35265,0.29639,0.26349,0.075806,0.4745,0.46781,0.41737,0.36775,0.44047,0.34107,0.34647,0.08087,0.1785,0.21718,0.43939,0.52845,0.38116,0.38724,0.0026481,0.049469,0.30025,0.27679,0.55045,0.41166,0.28362,0.27288,0.13615,0.26347,0.063082,0.2134,0.10305,0.035991,0.1994,0.014557,-0.031389,-0.14633,0.066298,-0.025823,0.34177,0.42726,0.27564,0.14806,0.090866,0.2152,0.38839,0.32992,0.18457,0.47424,0.37416,0.526,-0.14516,0.39859,0.062622,0.0056008,0.19012,0.35073,0.27711,0.40375,0.20921,0.35005,0.069611,0.14741,-0.038411,0.043484,-0.023631,-0.23092,0.072163,0.23088,0.34082,0.050919,0.2372,-0.12484
0.62699,0.46207,0.84208,0.76047,0.5478,0.64657,1,0.61956,0.70953,0.56198,0.37402,0.43205,0.52176,0.51159,0.60256,0.5909,0.27597,0.16389,0.69321,0.52361,0.3834,0.30925,0.58132,0.52623,0.30872,0.47684,0.42882,0.46083,0.31193,0.13236,0.44922,0.44355,0.53308,0.3759,0.23208,0.10982,0.32197,0.23299,0.28646,0.3313,0.22464,0.40771,0.56359,0.42062,0.49388,0.4175,0.51733,0.39998,0.55972,0.549,0.56276,0.4994,0.60258,0.61974,0.61924,0.46702,0.45221,0.25115,0.46944,0.32167,0.54542,0.35443,0.23807,0.15203,0.46512,0.32533,0.5297,0.34118,0.37834,0.29215,0.12921,0.40988,0.40597,0.44889,0.4477,0.36833,0.36947,0.18986,0.067722,0.10633,0.25551,0.26032,0.53784,0.53922,0.46849,0.46356,0.061611,0.30836,0.6087,0.56257,0.38793,0.72518,0.49723,0.69672,-0.028385,0.22082,0.28043,0.42961,0.40077,0.63139,0.27421,0.5862,0.36558,0.59778,0.37447,0.31465,0.075646,0.065839,0.011403,0.012589,0.2705,0.5432,0.6699,0.45411,0.53399,-0.16339
0.38042,0.60386,0.3673,0.72826,0.24268,0.48607,0.61956,1,0.51345,0.78282,0.28759,0.71793,0.3333,0.41694,0.18828,0.48419,0.48228,0.43793,0.48328,0.61553,-0.0018799,0.0043577,0.12835,0.26533,-0.11726,0.30629,-0.14561,-0.011454,0.43441,0.21124,0.26614,0.47915,0.52007,0.66415,0.15957,0.38971,0.41502,0.21939,0.28957,0.26136,0.072493,0.28882,0.40745,0.24595,0.34006,0.53465,0.40277,0.24419,0.35358,0.55532,0.35915,0.36643,0.48957,0.43333,0.3769,0.2781,0.36586,0.45109,0.44329,0.69691,0.56622,0.83029,0.20314,0.28249,0.19637,0.75483,0.44612,0.58585,0.31517,0.40009,-0.0065129,0.17471,0.3328,0.39187,0.38703,0.44274,0.45765,0.46255,0.31221,0.25231,0.36779,0.4411,0.4318,0.54391,0.4829,0.46851,0.16341,0.27246,0.3915,0.51866,0.60421,0.43368,0.67143,0.35813,0.068013,0.21359,0.1665,0.29575,0.45517,0.48955,0.58305,0.39653,0.3516,0.40004,0.16533,0.029464,0.2687,0.041902,-0.070563,0.042303,0.30954,0.5229,0.47939,0.31452,0.30522,-0.10206
0.40869,0.41317,0.57764,0.57905,0.72761,0.74254,0.70953,0.51345,1,0.58043,0.18713,0.34084,0.33057,0.33684,0.41927,0.38641,0.12907,0.14821,0.52559,0.43427,0.26177,0.21408,0.36172,0.29908,0.38766,0.46475,0.25762,0.18901,0.10077,0.056016,0.2723,0.30852,0.35064,0.3537,0.18138,0.10344,0.31154,0.33303,0.31457,0.3042,0.11099,0.18644,0.59083,0.39,0.52669,0.48683,0.53282,0.3935,0.64309,0.66631,0.52747,0.55249,0.57734,0.52436,0.57323,0.40406,0.28261,0.30445,0.50094,0.50902,0.41451,0.37723,0.019036,0.04178,0.3442,0.37913,0.57773,0.5163,0.38286,0.43961,0.11925,0.40235,0.22787,0.30168,0.35204,0.30176,0.32396,0.24207,0.025064,0.024549,0.18674,0.13667,0.33545,0.44142,0.33231,0.33667,0.12218,0.22301,0.5329,0.48384,0.42178,0.58888,0.5079,0.62873,0.11003,0.27194,0.31042,0.33253,0.41681,0.52022,0.43094,0.47198,0.44616,0.54368,0.30318,0.23628,0.11552,0.23884,-0.0092328,-0.087329,0.27445,0.39146,0.46486,0.41723,0.42724,-0.065451
0.45335,0.42385,0.46945,0.6263,0.43138,0.53022,0.56198,0.78282,0.58043,1,0.34067,0.66644,0.34885,0.53539,0.37381,0.69611,0.31971,0.26194,0.55775,0.55973,0.20833,0.12882,0.40355,0.36341,0.053864,0.46431,0.084865,0.14172,0.25014,0.063521,0.24212,0.4957,0.47023,0.51816,0.31354,0.45085,0.34014,0.074535,0.38766,0.25813,0.10494,0.15282,0.30911,-0.021233,0.23252,0.33173,0.29128,0.028783,0.32441,0.39925,0.23076,0.20801,0.53018,0.38776,0.39686,0.28429,0.29463,0.23874,0.41539,0.63221,0.42052,0.67407,0.089497,0.062882,0.31329,0.72986,0.32291,0.50007,0.28806,0.54324,0.032481,0.10781,0.32035,0.42674,0.41777,0.40538,0.37615,0.35059,0.2444,0.088811,0.18232,0.24637,0.37702,0.55174,0.38461,0.45243,0.21849,0.41389,0.54965,0.72,0.56832,0.52805,0.55725,0.46691,0.10804,0.14974,-0.032933,0.16195,0.23222,0.43287,0.36104,0.38385,0.14864,0.42533,0.12284,0.031915,0.25624,0.21414,-0.10828,0.018243,0.066756,0.33614,0.39703,0.23653,0.31146,-0.083718
0.26648,0.38817,0.36875,0.21822,0.021295,0.042302,0.37402,0.28759,0.18713,0.34067,1,0.53436,0.80969,0.56708,0.66493,0.56233,0.24125,0.16107,0.43804,0.37125,0.027827,0.058564,0.31236,0.31086,-0.092925,0.017197,0.071665,-0.0082744,0.41344,0.08698,0.097397,0.32996,0.43437,0.2474,0.17383,0.12121,0.093606,0.10325,0.2662,0.2108,0.32764,0.17444,0.080266,0.17123,-0.041284,0.071233,0.089085,0.15943,0.13425,0.17826,0.21637,0.15863,0.18528,0.33886,0.35745,0.31753,0.081229,0.0013231,0.37465,0.062348,0.61601,0.22086,0.3908,0.18191,0.47924,0.31407,-0.042448,-0.051443,0.15815,0.14365,-0.092266,0.016856,0.47926,0.48238,0.53886,0.40923,0.23794,0.1515,0.18196,0.22216,0.25011,0.36619,0.38456,0.31039,0.57304,0.57963,0.11461,0.32891,0.62088,0.49395,0.38654,0.54485,0.28422,0.40122,0.12478,-0.1492,0.10643,0.28808,0.17989,0.29558,0.19212,0.31078,0.26096,0.34263,0.10859,0.031562,0.16792,0.27433,0.033606,0.26523,0.079067,0.23076,0.33898,0.42068,0.37259,0.020049
0.2108,0.51376,0.31432,0.49031,0.1418,0.2952,0.43205,0.71793,0.34084,0.66644,0.53436,1,0.51537,0.7432,0.41116,0.68916,0.43504,0.3308,0.43713,0.51155,0.013717,-0.012023,0.24106,0.329,-0.24727,0.069075,-0.20254,-0.15058,0.55957,0.28684,0.39335,0.51965,0.43519,0.48276,0.15488,0.2789,0.28894,0.038134,0.24338,0.095612,0.11044,0.13371,0.24463,0.045283,0.1025,0.21838,0.27018,0.040733,0.26863,0.27839,0.24061,0.18035,0.40942,0.32311,0.33894,0.26192,0.085489,0.18006,0.22493,0.45006,0.50118,0.67322,0.19574,0.16169,0.26684,0.57258,0.040399,0.19588,0.083063,0.14427,-0.066622,0.089203,0.3827,0.4531,0.3858,0.355,0.33431,0.43549,0.36909,0.26841,0.30871,0.47349,0.37398,0.39454,0.51009,0.57575,0.13119,0.26001,0.49951,0.53162,0.51273,0.44442,0.43366,0.25572,-0.0066131,0.11693,0.1021,0.19078,0.31786,0.34894,0.41805,0.3424,0.23978,0.30309,0.10058,-0.018699,0.17546,0.072778,-0.079169,-0.01678,0.18323,0.3493,0.32148,0.27844,0.37713,-0.10484
0.38913,0.48569,0.5281,0.28772,0.23216,0.33351,0.52176,0.3333,0.33057,0.34885,0.80969,0.51537,1,0.63974,0.74063,0.60247,0.24459,0.18895,0.56232,0.40543,0.21531,0.27877,0.33033,0.4028,0.11966,0.12181,0.20196,0.037975,0.42227,0.17191,0.2248,0.36124,0.41969,0.25354,0.15506,-0.062099,0.10163,0.1877,0.23943,0.17361,0.2869,0.21765,0.27216,0.19765,0.13634,0.078725,0.21139,0.15559,0.36315,0.2513,0.41054,0.26224,0.30357,0.40438,0.45495,0.23075,0.11382,0.10873,0.39667,0.15873,0.6269,0.21915,0.38267,0.2345,0.54454,0.1808,0.16537,-0.0019739,0.18383,0.097752,-0.057727,0.075173,0.42556,0.52059,0.44658,0.27981,0.25979,0.043669,0.13337,0.19164,0.29899,0.33604,0.42119,0.4153,0.64262,0.45157,0.20576,0.38789,0.60291,0.38171,0.31205,0.6471,0.31876,0.55559,0.0023723,0.12236,0.20523,0.28455,0.29812,0.39832,0.20548,0.41649,0.31546,0.46522,0.08974,0.068731,0.10228,0.1634,0.056302,0.12869,0.14947,0.24896,0.34363,0.37536,0.36986,0.018274
0.29842,0.30629,0.61393,0.46551,0.33619,0.32783,0.51159,0.41694,0.33684,0.53539,0.56708,0.7432,0.63974,1,0.70795,0.84569,0.25481,0.065742,0.54285,0.41387,0.17415,0.10375,0.58975,0.69639,0.043729,0.13107,0.15738,0.033817,0.32617,0.14017,0.49881,0.51309,0.3216,0.195,0.26772,0.026776,0.12936,-0.084982,0.18227,-0.016295,0.19778,0.066862,0.32756,-0.029617,0.12525,-0.078484,0.29859,-0.027939,0.38161,0.099225,0.37426,0.18118,0.47176,0.4448,0.44263,0.24384,0.014061,-0.08498,0.048398,0.082064,0.30312,0.22227,0.13212,-0.025326,0.58376,0.25228,-0.0538,-0.091481,-0.054749,0.097181,0.023676,0.1495,0.33906,0.4278,0.31378,0.18691,0.17164,0.18734,0.15075,0.13036,0.15283,0.33255,0.32394,0.34967,0.5447,0.59336,0.18035,0.43769,0.55502,0.51543,0.31894,0.64784,0.2878,0.36288,-0.0084042,0.10497,0.1043,0.21463,0.26462,0.38237,0.083652,0.31042,0.14794,0.41416,0.11228,0.14625,0.019638,0.16628,-0.016339,-0.0037296,0.071496,0.26499,0.31912,0.37202,0.50708,-0.17504
0.40529,0.24204,0.7473,0.33802,0.40316,0.39478,0.60256,0.18828,0.41927,0.37381,0.66493,0.41116,0.74063,0.70795,1,0.78239,0.017468,-0.033282,0.70131,0.39933,0.38394,0.33688,0.66462,0.6595,0.25272,0.21102,0.49735,0.27393,0.29645,0.061473,0.30182,0.31804,0.33899,0.068228,0.3537,0.016794,0.059398,0.10023,0.22314,0.17038,0.40555,0.22362,0.24717,0.099564,0.07781,-0.044052,0.22418,0.12975,0.36412,0.17154,0.34845,0.20351,0.37196,0.43833,0.49269,0.31199,0.05637,-0.10119,0.30164,-0.059377,0.43253,0.0041284,0.14821,-0.022413,0.76425,0.10917,0.11779,-0.12433,0.153,0.18649,0.027729,0.14137,0.44659,0.49305,0.50201,0.27367,0.20283,0.0044127,-0.029951,0.007163,0.041204,0.19711,0.53441,0.4074,0.62119,0.5309,0.1511,0.46512,0.73001,0.50636,0.31782,0.78171,0.2588,0.63065,0.039756,0.025321,0.059899,0.17822,0.12239,0.39348,0.03318,0.36354,0.22708,0.42126,0.18171,0.17384,0.07013,0.17494,0.05671,0.12652,-0.050843,0.19913,0.40265,0.37397,0.52039,-0.034479
0.45215,0.28259,0.65396,0.46766,0.41114,0.41634,0.5909,0.48419,0.38641,0.69611,0.56233,0.68916,0.60247,0.84569,0.78239,1,0.21186,0.065667,0.63749,0.42859,0.35382,0.29465,0.6475,0.62537,0.093103,0.30262,0.31276,0.25306,0.38585,0.14414,0.44687,0.53087,0.39874,0.24973,0.3551,0.24486,0.14231,-0.055019,0.27858,0.11536,0.26951,0.09815,0.17579,-0.10623,0.0051699,-0.021,0.17363,-0.078513,0.23682,0.086449,0.27089,0.12439,0.45101,0.43923,0.43688,0.32975,0.10894,-0.11205,0.17456,0.14344,0.41152,0.34891,0.23169,0.011789,0.58795,0.40034,0.024499,-0.0063649,0.027222,0.17832,0.042623,0.14604,0.51383,0.55491,0.53283,0.3247,0.24942,0.22411,0.14967,0.11503,0.15078,0.31374,0.41623,0.48164,0.56509,0.65166,0.17726,0.49925,0.65765,0.65304,0.3889,0.69393,0.34126,0.46268,0.060663,0.089104,-0.03563,0.20653,0.13989,0.41987,0.11333,0.37392,0.10597,0.42732,0.14263,0.10424,0.048741,0.10884,-0.088085,0.053066,-0.010358,0.31482,0.46785,0.35342,0.46128,-0.16053
0.32015,0.6785,0.082517,0.38326,-0.059044,0.048983,0.27597,0.48228,0.12907,0.31971,0.24125,0.43504,0.24459,0.25481,0.017468,0.21186,1,0.79542,0.27962,0.52689,0.063231,0.067612,-0.12252,-0.020479,0.010392,0.18595,-0.13421,-0.15165,0.67136,0.61695,0.39958,0.48538,0.63275,0.72587,0.15246,0.30162,0.22135,0.28123,0.25823,0.33717,0.37028,0.20836,0.36637,0.41295,0.3685,0.48563,0.35687,0.36344,0.31013,0.43,0.49431,0.46138,0.33903,0.39936,0.48499,0.43451,0.48298,0.62752,0.27415,0.43196,0.46087,0.55349,0.56788,0.69938,0.086658,0.51227,0.33078,0.39036,0.20425,0.07005,-0.2521,0.14437,0.57902,0.60454,0.34664,0.39756,0.42361,0.41628,0.70148,0.72818,0.81111,0.72609,0.24347,0.30995,0.50507,0.49936,0.19371,0.30653,0.2374,0.34114,0.42865,0.25086,0.53387,0.25611,0.080631,0.05119,0.48009,0.50889,0.65508,0.6229,0.52577,0.53716,0.51435,0.56138,0.28103,0.14346,0.075364,0.063114,0.1789,0.081937,0.55003,0.53708,0.38239,0.42923,0.33145,0.059808
0.16148,0.69522,-0.030107,0.25462,-0.066491,0.021789,0.16389,0.43793,0.14821,0.26194,0.16107,0.3308,0.18895,0.065742,-0.033282,0.065667,0.79542,1,0.28676,0.55847,0.060197,0.022616,-0.24214,-0.11147,0.056051,0.19312,-0.19311,-0.25296,0.64807,0.66196,0.2195,0.4722,0.6272,0.77323,0.17305,0.29634,0.27657,0.36173,0.21372,0.37033,0.40149,0.11808,0.30008,0.46765,0.33742,0.54448,0.29994,0.43406,0.33111,0.51085,0.44696,0.50703,0.26707,0.37797,0.50731,0.44914,0.34648,0.72468,0.27137,0.43549,0.47057,0.52717,0.56394,0.81527,0.11911,0.50772,0.35153,0.44488,0.23237,0.069613,-0.4177,0.022634,0.56346,0.59193,0.34596,0.44794,0.36685,0.32322,0.68556,0.74565,0.7729,0.76121,0.22923,0.32679,0.53923,0.44316,0.31787,0.32447,0.19819,0.24551,0.495,0.16452,0.49369,0.1907,-0.029089,0.02439,0.43475,0.43125,0.66267,0.55298,0.57705,0.35837,0.67289,0.37309,0.29809,-0.043584,0.25191,0.12347,0.12358,0.03812,0.47481,0.47475,0.33499,0.36978,0.21792,0.10958
0.67598,0.58504,0.74987,0.57881,0.42745,0.4915,0.69321,0.48328,0.52559,0.55775,0.43804,0.43713,0.56232,0.54285,0.70131,0.63749,0.27962,0.28676,1,0.83953,0.37754,0.29987,0.52268,0.57499,0.21773,0.34451,0.35199,0.24966,0.39728,0.22237,0.39068,0.49362,0.50325,0.40258,0.26621,0.026818,0.37499,0.2796,0.29474,0.31963,0.38375,0.35107,0.51,0.24334,0.36695,0.18932,0.50061,0.26539,0.56271,0.42068,0.51273,0.38984,0.57645,0.56609,0.6061,0.43838,0.47225,0.33412,0.3834,0.25794,0.48219,0.28367,0.24287,0.20196,0.59472,0.26661,0.38091,0.1644,0.44929,0.45788,-0.081131,0.29859,0.54365,0.64736,0.60414,0.55939,0.55797,0.28694,0.14797,0.17102,0.22266,0.33488,0.5931,0.61005,0.63413,0.49774,0.20352,0.4316,0.63066,0.60753,0.60585,0.7752,0.52205,0.68007,0.10154,0.12241,0.20622,0.34181,0.45954,0.65846,0.31762,0.47367,0.49123,0.60356,0.35274,0.082944,0.337,0.13353,0.073005,0.053103,0.17414,0.48291,0.53322,0.4539,0.52999,-0.087441
0.48731,0.78864,0.47671,0.60906,0.21644,0.34563,0.52361,0.61553,0.43427,0.55973,0.37125,0.51155,0.40543,0.41387,0.39933,0.42859,0.52689,0.55847,0.83953,1,0.1534,0.10143,0.20818,0.37717,0.072291,0.24641,0.073314,0.017309,0.50366,0.38975,0.33098,0.53678,0.64358,0.69879,0.24545,0.21448,0.50023,0.44074,0.37135,0.46348,0.4466,0.41121,0.53842,0.36511,0.42877,0.37731,0.55051,0.3817,0.54486,0.52855,0.53083,0.45362,0.59701,0.53517,0.60487,0.4746,0.50437,0.59991,0.40181,0.45801,0.52504,0.49876,0.3167,0.43494,0.34035,0.43179,0.45122,0.36674,0.52409,0.50472,-0.26344,0.26148,0.5793,0.67192,0.5871,0.66421,0.62434,0.44367,0.37898,0.38053,0.43306,0.57377,0.61943,0.64087,0.64133,0.54813,0.27752,0.35817,0.51943,0.5849,0.70623,0.54592,0.60456,0.49351,0.20025,0.12105,0.33011,0.34284,0.61641,0.65801,0.54099,0.44646,0.62825,0.53578,0.35734,-0.007066,0.36244,0.16032,0.06714,0.011746,0.36126,0.5593,0.50775,0.42553,0.44678,0.0070315
0.41684,0.15463,0.44433,0.11484,0.5272,0.53021,0.3834,-0.0018799,0.26177,0.20833,0.027827,0.013717,0.21531,0.17415,0.38394,0.35382,0.063231,0.060197,0.37754,0.1534,1,0.80897,0.42551,0.21155,0.57738,0.5314,0.66165,0.49868,0.27023,0.42943,0.34329,0.22551,0.25975,0.16349,0.28703,0.1094,-0.14532,-0.17243,-0.21521,-0.022885,0.098761,0.062688,0.082542,0.046766,0.18896,0.11507,0.028683,-0.01254,0.26498,0.17962,0.29078,0.25197,0.2011,0.19374,0.27345,0.16567,0.20313,0.13847,0.28922,0.20523,0.25126,0.04142,0.29373,0.25858,0.29365,0.011386,0.37542,0.15363,0.16602,0.04829,0.024732,0.097084,0.29086,0.35796,0.14745,0.05412,0.11667,-0.12332,0.032115,0.0045134,0.10807,0.034064,0.19833,0.1251,0.23591,0.082354,-0.06577,0.2169,0.27948,0.23128,-0.025746,0.33034,0.038103,0.39567,-0.37716,-0.045335,-0.050132,-0.054369,0.003215,0.24947,-0.0062996,0.43203,0.11671,0.33806,0.068203,0.047317,-0.13321,0.063251,0.072382,-0.29992,-0.028306,-0.00069655,0.26855,-0.0090276,0.047239,-0.21701
0.38951,0.1037,0.38912,0.061671,0.52317,0.49516,0.30925,0.0043577,0.21408,0.12882,0.058564,-0.012023,0.27877,0.10375,0.33688,0.29465,0.067612,0.022616,0.29987,0.10143,0.80897,1,0.39563,0.19641,0.56383,0.52727,0.62281,0.50093,0.24038,0.36609,0.29158,0.2038,0.25347,0.13224,0.31059,0.1358,-0.2188,-0.019125,-0.22012,0.0195,0.083008,0.038576,0.071742,0.10136,0.17764,0.13047,0.042351,0.051065,0.22508,0.2049,0.25903,0.1786,0.0969,0.14511,0.19034,0.16323,0.15518,0.065107,0.26578,0.16488,0.23767,0.090821,0.23505,0.23155,0.25507,0.039123,0.3268,0.13391,0.11034,-0.030655,0.033492,0.077382,0.21391,0.29617,0.084601,-0.012411,0.13869,-0.11109,-0.017405,-0.07511,0.063667,-0.0099509,0.24221,0.21164,0.21447,0.080913,0.065875,0.26446,0.17605,0.14692,-0.10132,0.30322,0.015295,0.37474,-0.15281,0.053236,0.044738,-0.030909,0.0064077,0.24023,-0.10973,0.37211,0.02919,0.23951,0.017619,-0.030148,-0.26438,-0.093939,0.086216,-0.24514,0.045911,0.044128,0.27717,0.024107,0.010893,0.001273
0.47336,-0.070831,0.82196,0.40942,0.58108,0.35224,0.58132,0.12835,0.36172,0.40355,0.31236,0.24106,0.33033,0.58975,0.66462,0.6475,-0.12252,-0.24214,0.52268,0.20818,0.42551,0.39563,1,0.7595,0.40595,0.46181,0.54954,0.3999,-0.014345,-0.089085,0.37918,0.37981,0.14332,-0.09456,0.29782,0.026318,-0.030925,-0.14978,0.073302,0.12005,0.18691,0.14528,0.28173,0.012299,0.14622,-0.11783,0.30925,0.075297,0.36976,0.11947,0.24629,0.15466,0.37368,0.42916,0.36622,0.3724,0.12728,-0.25561,0.0069765,-0.09619,0.012278,-0.088104,-0.062867,-0.22028,0.56278,0.034096,-0.032967,-0.10204,0.038921,0.17254,0.17168,0.15241,0.18522,0.25948,0.24263,0.084825,0.061056,-0.099813,-0.20428,-0.23991,-0.25716,-0.09983,0.31794,0.27343,0.2308,0.34408,0.1889,0.39935,0.46274,0.52406,0.090534,0.60646,0.044371,0.43904,-0.08039,-0.018665,-0.033364,0.1432,0.014262,0.31724,-0.33511,0.17186,-0.082647,0.31633,0.16106,0.14771,-0.01671,0.039571,0.098835,-0.012822,-0.087133,0.1758,0.34179,0.28846,0.40981,-0.094784
0.27508,0.070434,0.76851,0.53054,0.42297,0.37633,0.52623,0.26533,0.29908,0.36341,0.31086,0.329,0.4028,0.69639,0.6595,0.62537,-0.020479,-0.11147,0.57499,0.37717,0.21155,0.19641,0.7595,1,0.30368,0.2655,0.39654,0.17394,0.024562,-0.1205,0.34829,0.39638,0.16682,0.026879,0.39894,-0.021531,0.085594,0.032825,-0.00048737,0.053401,0.33257,0.24272,0.41338,0.05019,0.23162,-0.10319,0.378,0.090691,0.48033,0.14675,0.42483,0.24241,0.40305,0.43773,0.36839,0.22129,-0.02018,-0.1312,-0.049587,-0.10826,0.011367,-0.069372,-0.063842,-0.13789,0.68642,0.086067,0.062079,-0.017618,-0.016168,0.16682,0.074378,0.21297,0.14648,0.24385,0.24351,0.14702,0.1744,0.060381,-0.068826,-0.16736,-0.14925,0.087769,0.32438,0.33299,0.4542,0.46775,0.30592,0.47907,0.39654,0.34035,0.23263,0.61938,0.28884,0.38298,0.0059674,0.16062,0.14148,0.1028,0.24295,0.33701,-0.074156,0.066592,0.1353,0.29839,0.081348,0.13313,0.097718,0.096873,0.00688,0.0088356,0.059798,0.21559,0.21805,0.34734,0.47937,-0.12808
0.31109,0.079507,0.45411,0.2894,0.62634,0.43603,0.30872,-0.11726,0.38766,0.053864,-0.092925,-0.24727,0.11966,0.043729,0.25272,0.093103,0.010392,0.056051,0.21773,0.072291,0.57738,0.56383,0.40595,0.30368,1,0.735,0.73123,0.41308,-0.06697,0.1752,0.33321,0.2718,0.1918,0.10013,0.33902,-0.012837,-0.0089695,0.20611,0.0098193,0.24077,0.27072,0.095446,0.39233,0.32736,0.38173,0.19244,0.31501,0.28926,0.51175,0.32841,0.57129,0.49316,0.28744,0.33896,0.4425,0.36415,0.19904,0.20724,0.16293,0.050778,-0.08258,-0.22882,0.059176,0.17095,0.40147,-0.054947,0.51305,0.37038,0.23797,0.14262,-0.083027,0.27988,0.16958,0.2237,0.17472,-0.0072695,0.09218,-0.13411,0.063428,0.018052,0.080294,0.021778,0.060038,0.11242,0.16902,0.11372,0.22506,0.39402,0.20228,0.086643,-0.060494,0.31427,0.10411,0.44716,-0.085607,0.064014,0.3749,0.19545,0.24092,0.38865,-0.035177,0.32284,0.16265,0.35476,0.29555,0.27949,-0.059855,0.28949,0.16731,-0.21635,0.22186,0.092785,0.2167,0.24334,0.30585,0.041688
0.51929,0.18754,0.47795,0.47612,0.63526,0.48806,0.47684,0.30629,0.46475,0.46431,0.017197,0.069075,0.12181,0.13107,0.21102,0.30262,0.18595,0.19312,0.34451,0.24641,0.5314,0.52727,0.46181,0.2655,0.735,1,0.61043,0.47132,0.091615,0.18166,0.3995,0.51537,0.44332,0.36903,0.43758,0.36053,0.15682,0.16872,0.12945,0.3286,0.16759,0.14241,0.34059,0.2111,0.3949,0.37241,0.30593,0.18988,0.36984,0.42471,0.44315,0.46511,0.3572,0.37636,0.44363,0.44121,0.3918,0.25965,0.29262,0.33425,0.10674,0.1931,0.17062,0.23669,0.34634,0.41727,0.49329,0.55068,0.26782,0.27865,-0.050336,0.14663,0.25349,0.32268,0.27926,0.15184,0.19423,0.076949,0.17448,0.11788,0.16741,0.14791,0.1518,0.3078,0.19352,0.29156,0.20474,0.46375,0.25862,0.38098,0.19819,0.36081,0.36178,0.43675,0.0077867,0.11022,0.22284,0.35143,0.27652,0.49455,0.1133,0.33047,0.12522,0.41245,0.26334,0.15532,0.072803,0.22781,0.067091,-0.1313,0.19129,0.23355,0.40416,0.29869,0.32331,0.048117
0.46638,-0.019282,0.56939,0.26561,0.52815,0.38705,0.42882,-0.14561,0.25762,0.084865,0.071665,-0.20254,0.20196,0.15738,0.49735,0.31276,-0.13421,-0.19311,0.35199,0.073314,0.66165,0.62281,0.54954,0.39654,0.73123,0.61043,1,0.78173,-0.038174,0.021994,0.35044,0.21694,0.20689,-0.084121,0.35108,-0.025767,0.00098412,0.11749,-0.00034537,0.15379,0.21926,0.1972,0.27627,0.18415,0.27593,0.030213,0.21308,0.15348,0.33817,0.1383,0.40806,0.2836,0.26422,0.30109,0.35104,0.33026,0.28606,0.0056732,0.13991,-0.12324,-0.018575,-0.29951,0.07755,-0.0066445,0.46821,-0.13107,0.37315,0.10691,0.17552,0.13814,0.087564,0.26466,0.20012,0.19911,0.24335,0.059613,0.1743,-0.056071,-0.097219,-0.098447,-0.018402,-0.037019,0.21332,0.16566,0.19714,0.18365,0.023883,0.26131,0.25287,0.19414,-0.08175,0.43024,0.051015,0.49022,0.022274,-0.015608,0.18286,0.17319,0.040648,0.34678,-0.19512,0.28466,0.052792,0.34736,0.21885,0.24912,-0.17918,0.1903,0.040708,-0.037534,0.10414,0.12378,0.32393,0.19346,0.27026,-0.06694
0.41385,-0.070774,0.4119,0.30483,0.35793,0.29671,0.46083,-0.011454,0.18901,0.14172,-0.0082744,-0.15058,0.037975,0.033817,0.27393,0.25306,-0.15165,-0.25296,0.24966,0.017309,0.49868,0.50093,0.3999,0.17394,0.41308,0.47132,0.78173,1,-0.10095,-0.12203,0.26562,0.11766,0.19558,-0.10744,0.23077,0.040264,0.15067,0.042539,0.083073,0.14181,0.0059651,0.13428,0.087009,0.035893,0.13507,0.01236,0.031434,0.048328,0.086807,0.0018492,0.14243,0.05313,0.19818,0.17576,0.18179,0.27276,0.34265,-0.041583,0.12646,-0.12648,0.016945,-0.17013,0.013906,-0.10959,0.20871,-0.065826,0.31377,0.10558,0.22501,0.15738,0.080582,0.28518,0.1092,0.043254,0.21106,0.13713,0.14127,-0.026892,-0.14196,-0.09692,-0.09804,-0.14009,0.14027,0.21385,-0.035169,0.10126,-0.10952,0.088508,0.2059,0.2224,-0.037453,0.31294,0.057096,0.39618,0.059677,0.044223,-0.020863,0.14614,-0.13757,0.23434,-0.16183,0.26341,-0.099246,0.20774,0.27299,0.15864,-0.13245,0.092836,-0.084634,-0.029314,-0.014806,0.16936,0.40759,0.05001,0.16097,-0.14502
0.28545,0.55744,0.15546,0.26157,-0.082132,0.064871,0.31193,0.43441,0.10077,0.25014,0.41344,0.55957,0.42227,0.32617,0.29645,0.38585,0.67136,0.64807,0.39728,0.50366,0.27023,0.24038,-0.014345,0.024562,-0.06697,0.091615,-0.038174,-0.10095,1,0.80584,0.47908,0.51062,0.61359,0.62846,0.18367,0.2981,0.13323,0.096734,0.082128,0.17924,0.35345,0.13296,0.22532,0.42398,0.26808,0.47545,0.26717,0.35775,0.26082,0.40669,0.33189,0.27498,0.13553,0.24683,0.32707,0.34156,0.27946,0.37959,0.31955,0.27061,0.59987,0.50762,0.57975,0.59133,0.21738,0.40169,0.19221,0.17072,0.094525,-0.087936,-0.1104,0.13313,0.65795,0.65949,0.41185,0.41624,0.41905,0.38032,0.58043,0.5766,0.67144,0.69626,0.35863,0.22757,0.60243,0.45588,-0.03074,0.1478,0.29822,0.23385,0.352,0.2619,0.29378,0.19351,-0.16467,-0.1787,0.27952,0.35673,0.39532,0.42485,0.41914,0.41363,0.45524,0.34662,0.15697,0.018197,0.016837,-0.071209,0.098697,-0.0061096,0.42309,0.35514,0.36044,0.37918,0.24883,-0.099447
0.20584,0.50901,0.03646,0.090905,-0.0047925,0.085774,0.13236,0.21124,0.056016,0.063521,0.08698,0.28684,0.17191,0.14017,0.061473,0.14414,0.61695,0.66196,0.22237,0.38975,0.42943,0.36609,-0.089085,-0.1205,0.1752,0.18166,0.021994,-0.12203,0.80584,1,0.50655,0.44563,0.51043,0.60905,0.1559,0.251,0.02193,0.05465,-0.05084,0.13083,0.26398,0.019409,0.20511,0.41302,0.28186,0.43223,0.24135,0.31537,0.25123,0.39224,0.38022,0.37987,0.10521,0.24533,0.32351,0.29339,0.2498,0.45239,0.16586,0.26888,0.38432,0.35676,0.5478,0.67706,0.048268,0.2039,0.2379,0.20153,0.10771,-0.11316,-0.1767,0.10845,0.55718,0.5688,0.24384,0.27144,0.24129,0.23399,0.59239,0.59908,0.66003,0.65126,0.22582,0.076722,0.45106,0.25062,-0.053312,0.088922,0.10578,0.081523,0.14737,0.05377,0.081935,0.042064,-0.25025,-0.22487,0.34091,0.25269,0.39183,0.35791,0.32011,0.37939,0.45259,0.30407,0.21158,0.051486,-0.13612,-0.093079,0.16603,-0.23906,0.4327,0.2658,0.32562,0.29136,0.11026,-0.1006
0.4415,0.27651,0.47119,0.45198,0.26463,0.24058,0.44922,0.26614,0.2723,0.24212,0.097397,0.39335,0.2248,0.49881,0.30182,0.44687,0.39958,0.2195,0.39068,0.33098,0.34329,0.29158,0.37918,0.34829,0.33321,0.3995,0.35044,0.26562,0.47908,0.50655,1,0.77922,0.42845,0.32391,0.1951,0.051463,0.1863,0.082803,0.074585,0.048756,0.13621,0.02769,0.49864,0.296,0.41867,0.22307,0.47513,0.22833,0.50213,0.32101,0.55578,0.39692,0.31189,0.38392,0.43925,0.43367,0.35402,0.19553,-0.096019,0.027817,0.037466,0.12747,0.16451,0.15427,0.38175,0.086933,0.19899,0.16483,0.085356,-0.086056,0.16582,0.46523,0.35723,0.35376,0.26876,0.20669,0.37424,0.40599,0.43882,0.34419,0.40949,0.38744,0.14769,0.13455,0.36051,0.34868,-0.093324,0.15605,0.18784,0.14767,0.10911,0.35126,0.16227,0.24465,-0.027425,-0.031222,0.46301,0.50272,0.4173,0.52506,0.14931,0.36444,0.30128,0.45002,0.43087,0.37362,-0.16987,-0.024898,0.06279,-0.043199,0.52697,0.47087,0.38783,0.58106,0.58429,-0.16557
0.43156,0.44908,0.45897,0.56228,0.23302,0.18832,0.44355,0.47915,0.30852,0.4957,0.32996,0.51965,0.36124,0.51309,0.31804,0.53087,0.48538,0.4722,0.49362,0.53678,0.22551,0.2038,0.37981,0.39638,0.2718,0.51537,0.21694,0.11766,0.51062,0.44563,0.77922,1,0.65245,0.59091,0.24455,0.2522,0.2349,0.14212,0.21195,0.23934,0.26277,0.073375,0.45679,0.27418,0.35944,0.27433,0.45237,0.25255,0.48384,0.38254,0.52356,0.41741,0.35369,0.45022,0.54533,0.56272,0.35586,0.31359,0.031949,0.20493,0.23023,0.34736,0.32438,0.34495,0.45609,0.38622,0.20289,0.33208,0.17964,0.11289,-0.081103,0.20843,0.49728,0.53275,0.45041,0.43405,0.42694,0.41699,0.52263,0.4422,0.46311,0.54192,0.2059,0.31448,0.51046,0.55562,0.18892,0.41106,0.36739,0.40348,0.39153,0.43243,0.3516,0.30271,0.073526,-0.0507,0.39207,0.52376,0.49025,0.59795,0.2945,0.34651,0.42416,0.47568,0.45216,0.1904,0.083197,0.087052,0.1299,0.12637,0.468,0.52597,0.45694,0.67469,0.60502,-0.035332
0.41274,0.65325,0.37017,0.48266,0.15015,0.23917,0.53308,0.52007,0.35064,0.47023,0.43437,0.43519,0.41969,0.3216,0.33899,0.39874,0.63275,0.6272,0.50325,0.64358,0.25975,0.25347,0.14332,0.16682,0.1918,0.44332,0.20689,0.19558,0.61359,0.51043,0.42845,0.65245,1,0.82721,0.47815,0.51605,0.23725,0.31565,0.32019,0.46953,0.39385,0.27607,0.32812,0.43523,0.38829,0.52995,0.33898,0.41325,0.35985,0.53472,0.49902,0.42026,0.38976,0.38251,0.62304,0.54095,0.40459,0.52947,0.482,0.40581,0.65427,0.52938,0.52351,0.60082,0.42265,0.60172,0.47891,0.47617,0.35039,0.23364,-0.30652,0.006838,0.61787,0.63491,0.48119,0.49073,0.35885,0.26718,0.57018,0.55286,0.62194,0.69898,0.43065,0.43041,0.65051,0.60152,0.13505,0.35927,0.49762,0.51368,0.50761,0.448,0.5276,0.46374,0.1285,0.013203,0.35629,0.43286,0.49586,0.64083,0.40615,0.54676,0.51364,0.53373,0.42194,0.16206,0.088781,0.15307,0.092191,0.065155,0.4305,0.52888,0.59658,0.47892,0.46664,0.096945
0.26947,0.78238,0.17616,0.49354,0.1008,0.28675,0.3759,0.66415,0.3537,0.51816,0.2474,0.48276,0.25354,0.195,0.068228,0.24973,0.72587,0.77323,0.40258,0.69879,0.16349,0.13224,-0.09456,0.026879,0.10013,0.36903,-0.084121,-0.10744,0.62846,0.60905,0.32391,0.59091,0.82721,1,0.28967,0.53221,0.41099,0.39863,0.35448,0.50848,0.3487,0.32235,0.34698,0.40816,0.37969,0.61779,0.33922,0.37621,0.36118,0.60421,0.46422,0.46665,0.40608,0.35048,0.53145,0.42464,0.37233,0.69573,0.47871,0.65463,0.61304,0.72946,0.49417,0.69482,0.11414,0.68786,0.53967,0.65816,0.40615,0.29187,-0.34881,0.017721,0.58044,0.62305,0.41863,0.52902,0.43539,0.41363,0.67194,0.55259,0.69995,0.72954,0.44559,0.48744,0.58012,0.49953,0.22484,0.30807,0.3688,0.43768,0.54846,0.24656,0.58786,0.32305,0.099265,0.13534,0.3985,0.32652,0.5797,0.54971,0.62803,0.50266,0.53038,0.44054,0.30269,0.035041,0.18852,0.066498,0.04417,-0.053934,0.46558,0.51523,0.4975,0.37872,0.29564,0.072253
0.098254,0.087743,0.26822,0.18208,0.31473,0.21084,0.23208,0.15957,0.18138,0.31354,0.17383,0.15488,0.15506,0.26772,0.3537,0.3551,0.15246,0.17305,0.26621,0.24545,0.28703,0.31059,0.29782,0.39894,0.33902,0.43758,0.35108,0.23077,0.18367,0.1559,0.1951,0.24455,0.47815,0.28967,1,0.68769,-0.0039706,0.096811,-0.057535,0.12203,0.21136,-0.10751,0.041934,0.038368,0.16369,0.30849,0.092918,0.094441,0.14053,0.21683,0.28794,0.20109,0.23885,0.28947,0.30222,0.25308,-0.074573,0.085199,0.20717,0.069147,0.15342,0.11829,0.12864,0.1621,0.56074,0.5187,0.28995,0.33453,-0.048471,0.20431,-0.15497,-0.098973,0.14826,0.15688,0.1541,0.043468,0.025689,0.015735,0.2349,0.10362,0.12021,0.36136,0.099831,0.1302,0.4597,0.50821,0.081006,0.3876,0.21643,0.26426,0.29049,0.34487,0.34353,0.24301,0.14879,0.060208,0.10084,0.080394,0.17763,0.29888,-0.0044859,0.013665,0.14248,0.18811,-0.04328,0.023726,0.011922,0.25474,-0.15521,-0.17588,0.10142,0.16175,0.2695,0.12307,0.22944,0.066344
0.030409,0.18158,-0.033828,0.15896,0.079543,0.11254,0.10982,0.38971,0.10344,0.45085,0.12121,0.2789,-0.062099,0.026776,0.016794,0.24486,0.30162,0.29634,0.026818,0.21448,0.1094,0.1358,0.026318,-0.021531,-0.012837,0.36053,-0.025767,0.040264,0.2981,0.251,0.051463,0.2522,0.51605,0.53221,0.68769,1,0.055282,0.043892,0.1004,0.25123,0.086991,-0.036575,-0.19208,-0.026208,-0.031649,0.47632,-0.071949,0.042535,-0.16427,0.22346,-0.0101,0.051008,0.13374,0.097251,0.13088,0.22392,0.01125,0.16199,0.3008,0.35178,0.29222,0.534,0.23607,0.28204,0.084474,0.7484,0.20359,0.464,0.069742,0.21923,-0.11904,-0.22173,0.20755,0.1854,0.15268,0.14895,0.023159,0.13145,0.3645,0.20651,0.23923,0.40956,0.102,0.10904,0.28243,0.42387,-0.042679,0.18216,0.18191,0.37003,0.28443,0.033864,0.29167,0.023647,0.12419,-0.025522,-0.096983,0.028131,0.019597,0.15412,0.16009,0.045688,0.028646,0.039338,-0.050652,-0.091376,-0.034876,-0.013323,-0.13871,-0.10848,0.033931,0.17526,0.31636,-0.0013212,0.066795,0.07626
0.20551,0.48721,0.21052,0.4717,0.081523,0.14479,0.32197,0.41502,0.31154,0.34014,0.093606,0.28894,0.10163,0.12936,0.059398,0.14231,0.22135,0.27657,0.37499,0.50023,-0.14532,-0.2188,-0.030925,0.085594,-0.0089695,0.15682,0.00098412,0.15067,0.13323,0.02193,0.1863,0.2349,0.23725,0.41099,-0.0039706,0.055282,1,0.55314,0.62919,0.56054,0.31235,0.46429,0.37877,0.19724,0.25424,0.25517,0.31718,0.24699,0.27951,0.27517,0.25693,0.21894,0.49226,0.34653,0.42777,0.35735,0.3398,0.40943,0.20401,0.23783,0.15089,0.2399,0.02677,0.11753,-0.056228,0.23023,0.37104,0.37693,0.52737,0.4651,-0.040919,0.3417,0.30166,0.27597,0.37267,0.43758,0.54834,0.54045,0.30483,0.18626,0.26443,0.28453,0.39633,0.57711,0.23293,0.27216,0.28573,0.18244,0.31571,0.29949,0.43672,0.24943,0.49147,0.3661,0.25937,0.43952,0.34246,0.30734,0.37394,0.34044,0.40708,0.18755,0.26431,0.26411,0.33071,0.096436,0.47954,0.047751,-0.1633,0.083289,0.24402,0.41819,0.40278,0.26904,0.32087,0.0070423
0.12469,0.48886,0.13009,0.3196,0.057266,0.17821,0.23299,0.21939,0.33303,0.074535,0.10325,0.038134,0.1877,-0.084982,0.10023,-0.055019,0.28123,0.36173,0.2796,0.44074,-0.17243,-0.019125,-0.14978,0.032825,0.20611,0.16872,0.11749,0.042539,0.096734,0.05465,0.082803,0.14212,0.31565,0.39863,0.096811,0.043892,0.55314,1,0.51837,0.6902,0.5045,0.51227,0.40544,0.43567,0.29694,0.32766,0.33141,0.40239,0.34258,0.44758,0.46918,0.47456,0.34427,0.36201,0.44268,0.38554,0.26362,0.51168,0.26129,0.21732,0.2193,0.17175,0.11057,0.26518,0.021681,0.18698,0.48958,0.42761,0.39747,0.27713,-0.2572,0.2743,0.31136,0.31081,0.36545,0.3733,0.46978,0.35413,0.34662,0.28426,0.41158,0.36325,0.46779,0.46782,0.36006,0.33889,0.35412,0.13886,0.25856,0.13574,0.39407,0.27304,0.50582,0.4163,0.50339,0.42009,0.59663,0.32855,0.5449,0.43972,0.45027,0.25173,0.45717,0.29349,0.31819,0.083291,0.27357,0.086966,-0.10791,0.096688,0.48528,0.49294,0.30843,0.36769,0.34131,0.3896
0.22618,0.37044,0.25158,0.38107,0.037241,0.093356,0.28646,0.28957,0.31457,0.38766,0.2662,0.24338,0.23943,0.18227,0.22314,0.27858,0.25823,0.21372,0.29474,0.37135,-0.21521,-0.22012,0.073302,-0.00048737,0.0098193,0.12945,-0.00034537,0.083073,0.082128,-0.05084,0.074585,0.21195,0.32019,0.35448,-0.057535,0.1004,0.62919,0.51837,1,0.74269,0.40125,0.48314,0.25696,0.18514,0.089045,0.147,0.21467,0.2644,0.13149,0.18503,0.17927,0.080153,0.46026,0.31605,0.49565,0.46424,0.31875,0.29068,0.31322,0.204,0.25339,0.21859,0.093533,0.062849,0.011803,0.26842,0.24368,0.25756,0.46574,0.47072,-0.12715,0.17017,0.40062,0.40226,0.41408,0.36972,0.34941,0.33979,0.30405,0.23962,0.30399,0.20373,0.45827,0.585,0.17633,0.28154,0.37116,0.27253,0.54498,0.5528,0.42467,0.36937,0.39173,0.48393,0.37325,0.30577,0.25135,0.31469,0.19262,0.38215,0.27079,0.36316,0.09531,0.33579,0.36922,0.19051,0.28303,0.073032,0.045099,0.25558,0.091047,0.39303,0.41947,0.2898,0.36966,0.26165
0.22499,0.41811,0.29776,0.43672,0.077804,0.095548,0.3313,0.26136,0.3042,0.25813,0.2108,0.095612,0.17361,-0.016295,0.17038,0.11536,0.33717,0.37033,0.31963,0.46348,-0.022885,0.0195,0.12005,0.053401,0.24077,0.3286,0.15379,0.14181,0.17924,0.13083,0.048756,0.23934,0.46953,0.50848,0.12203,0.25123,0.56054,0.6902,0.74269,1,0.57089,0.64152,0.26492,0.37279,0.18007,0.33023,0.24605,0.43658,0.2131,0.37477,0.36199,0.35663,0.45954,0.3808,0.53238,0.60078,0.35015,0.43069,0.3647,0.24575,0.286,0.19965,0.25037,0.31278,-0.0054249,0.31643,0.41063,0.42674,0.53189,0.45361,-0.30484,0.18272,0.54646,0.52304,0.48246,0.46508,0.36221,0.2543,0.35625,0.35366,0.37482,0.34607,0.54544,0.53979,0.31984,0.43525,0.39696,0.31489,0.52462,0.52217,0.45846,0.35005,0.43117,0.52367,0.22644,0.26307,0.38499,0.35943,0.34016,0.43895,0.32435,0.38626,0.27222,0.36999,0.32135,-0.0045279,0.32089,0.048616,0.030928,-0.0043302,0.25067,0.42959,0.4566,0.31402,0.30318,0.24733
0.13292,0.31576,0.29508,0.282,-0.051455,-0.0075553,0.22464,0.072493,0.11099,0.10494,0.32764,0.11044,0.2869,0.19778,0.40555,0.26951,0.37028,0.40149,0.38375,0.4466,0.098761,0.083008,0.18691,0.33257,0.27072,0.16759,0.21926,0.0059651,0.35345,0.26398,0.13621,0.26277,0.39385,0.3487,0.21136,0.086991,0.31235,0.5045,0.40125,0.57089,1,0.47881,0.23416,0.31168,0.13789,0.088918,0.15974,0.29765,0.20859,0.15747,0.31069,0.25293,0.13182,0.2582,0.44665,0.39348,0.11536,0.20858,0.20238,-0.051776,0.29699,0.021111,0.40741,0.365,0.29111,0.14255,0.19608,0.065263,0.12849,0.10043,-0.34551,0.14101,0.60743,0.6394,0.51308,0.4294,0.35748,0.16163,0.37985,0.33979,0.37247,0.43538,0.47878,0.42627,0.48713,0.45949,0.46087,0.39783,0.43488,0.23951,0.30761,0.37281,0.35685,0.3494,0.17504,0.079678,0.35392,0.18816,0.35604,0.41242,0.23959,0.23389,0.3829,0.33354,0.31439,0.067158,0.17802,0.21665,0.13007,0.12628,0.2567,0.23288,0.1874,0.34813,0.36145,0.19861
0.26174,0.37899,0.34958,0.39874,0.047185,0.21124,0.40771,0.28882,0.18644,0.15282,0.17444,0.13371,0.21765,0.066862,0.22362,0.09815,0.20836,0.11808,0.35107,0.41121,0.062688,0.038576,0.14528,0.24272,0.095446,0.14241,0.1972,0.13428,0.13296,0.019409,0.02769,0.073375,0.27607,0.32235,-0.10751,-0.036575,0.46429,0.51227,0.48314,0.64152,0.47881,1,0.32312,0.30607,0.26209,0.1931,0.27054,0.303,0.2551,0.2964,0.29817,0.25081,0.42118,0.20207,0.30069,0.23417,0.36809,0.39491,0.45294,0.27953,0.298,0.17869,0.16994,0.21361,-0.010793,0.10806,0.41927,0.27436,0.4399,0.34248,-0.060225,0.21167,0.37091,0.39134,0.30594,0.30852,0.42357,0.27141,0.1128,0.059433,0.15247,0.1538,0.66694,0.49565,0.24716,0.19593,0.30258,0.1944,0.35987,0.31829,0.28854,0.33652,0.40049,0.50165,0.06252,0.36856,0.28295,0.1498,0.27198,0.31512,0.36174,0.44887,0.20891,0.35801,0.15237,0.058253,0.28853,-0.09429,-0.003635,-0.021888,0.12018,0.26432,0.24682,0.13287,0.21317,0.16604
