1,0.63741,0.3439,0.39005,0.31421,0.14094,0.40596,0.48557,0.3984,0.1572,0.68728,0.57905,0.52415,0.2957,0.24381,0.17509,0.44519,0.47699,0.46971,0.48956,0.30355,0.22492,0.071735,0.13513,0.010389,0.080951,-0.08617,0.0058721,0.4321,0.31576,0.19696,0.063486,0.48233,0.45885,0.12555,0.22151,0.14223,0.34023,0.090278,0.021998,0.41717,0.01585,0.48312,0.46333,0.32955,0.43371,0.42925,0.64404,0.4601,0.50104,0.60941,0.59907,0.66514,0.52599,0.37964,0.54582,0.75711,0.56773,0.81794,0.6831,0.73966,0.48536,0.74076,0.5682,0.17788,0.4043,0.52979,0.50363,0.55049,0.46942,0.3237,0.27816,0.49362,0.44679,0.42279,0.42099,0.22476,0.25155,0.55047,0.22417,0.54807,0.62836,0.023231,0.44945,0.43567,0.40748,0.26084,0.34208,0.37394,0.57202,0.49229,0.21663,0.27421,0.33032,0.13399,0.048836,0.48896,0.24065,0.47464,0.62569,0.29401,0.50363,0.53506,0.59257,0.40548,0.43925,0.35123,0.49545,0.31472,0.2761,0.347,0.40466,0.48449,0.35282,0.30608,0.11104
0.63741,1,0.20982,0.37036,0.38629,0.18835,0.36834,0.60507,0.32917,0.35732,0.46083,0.61702,0.47466,0.39052,0.33056,0.35971,0.30177,0.3644,0.28754,0.4827,0.45765,0.32309,0.064571,0.12816,0.039137,0.0043461,0.0059472,0.048198,0.46333,0.37847,0.2567,0.13248,0.45967,0.43705,0.042528,0.030948,0.035521,0.35347,-0.025832,0.069728,0.56922,0.083899,0.51524,0.49146,0.39744,0.46745,0.488,0.64757,0.46155,0.56146,0.50314,0.67115,0.58116,0.54923,0.34853,0.60463,0.73144,0.73373,0.48869,0.55895,0.65274,0.61783,0.63152,0.66238,0.17532,0.40786,0.23846,0.31499,0.37617,0.53999,0.41641,0.38789,0.47775,0.48645,0.55318,0.50083,0.145,0.17884,0.38803,0.1233,0.41505,0.43393,0.092545,0.5517,0.23138,0.38913,0.32764,0.38601,0.35221,0.59951,0.38338,0.08092,0.25737,0.1842,0.27844,0.13489,0.64593,0.26496,0.47994,0.58123,0.45734,0.4187,0.56041,0.53756,0.37154,0.4217,0.28668,0.28666,0.33671,0.39753,0.25647,0.40207,0.51133,0.27547,0.29202,0.18371
0.3439,0.20982,1,0.69065,0.39795,0.30392,0.83219,0.45256,0.55251,0.082774,0.51237,0.14291,0.61853,0.13363,0.55491,0.20483,0.03146,-0.049607,0.55907,0.35504,0.3023,0.20297,0.85003,0.62272,0.59193,0.48414,0.45792,0.46652,0.11877,-0.0466,0.68727,0.57743,0.70344,0.57062,0.51569,0.40608,0.017397,0.37149,0.067896,0.037385,0.0019759,-0.078337,0.31202,0.27066,0.41003,0.30245,0.18561,0.5015,0.3746,0.3446,0.44739,0.39843,0.38958,0.47858,0.13746,0.37009,0.36948,0.46469,0.38479,0.27134,0.38659,0.15261,0.17698,0.038878,0.70522,0.44211,0.74554,0.59909,0.51258,0.51863,0.37321,0.42859,0.052824,-0.034236,0.12355,0.18311,0.035618,-0.0015015,0.071281,0.035217,0.018392,0.27617,0.12605,0.23361,0.71712,0.63383,0.3065,0.48362,0.64806,0.55481,0.53077,0.51785,0.59952,0.70177,0.081746,0.043234,0.25894,0.081391,0.44704,0.26044,0.44865,0.58985,0.37455,0.36791,0.31799,0.33151,0.26397,0.25696,0.18103,0.22828,0.31878,0.34934,0.37235,0.24784,0.084075,0.12976
0.39005,0.37036,0.69065,1,0.24631,0.3994,0.73215,0.83697,0.51188,0.46492,0.46371,0.48683,0.603,0.50537,0.49805,0.52163,0.17723,0.11964,0.41429,0.57439,0.28275,0.25068,0.52364,0.75797,0.23187,0.30921,0.14256,0.26521,0.26948,0.21838,0.55339,0.66553,0.73276,0.76194,0.44719,0.48147,0.040498,0.39431,-0.021052,-0.031632,0.16479,-0.08435,0.44325,0.44039,0.55359,0.58353,0.33198,0.6132,0.55189,0.51048,0.6062,0.53288,0.41572,0.41262,0.14963,0.35554,0.29736,0.33407,0.4648,0.49816,0.53771,0.59989,0.44446,0.39332,0.6359,0.64077,0.62201,0.70974,0.37455,0.33256,0.56636,0.61244,0.18822,0.15884,0.28026,0.31367,0.2196,0.24367,0.19172,0.11487,0.26169,0.37304,0.12777,0.4216,0.53869,0.78127,0.25755,0.42308,0.50725,0.63158,0.63688,0.34706,0.75355,0.54171,0.025447,-0.027321,0.35324,0.1173,0.49022,0.26409,0.61656,0.56801,0.47357,0.44369,0.29013,0.34822,0.21189,0.40735,0.23454,0.22959,0.39141,0.26722,0.43809,0.26185,0.075352,0.21963
0.31421,0.38629,0.39795,0.24631,1,0.56417,0.38377,0.20801,0.50936,0.2619,0.27224,0.17197,0.32165,-0.0019507,0.35002,0.051415,0.0099272,0.057189,0.21543,0.20885,0.33731,0.24904,0.35191,0.16964,0.55373,0.55665,0.55925,0.60003,0.17238,-0.0093234,0.27756,0.18371,0.30015,0.2239,0.2336,0.18688,-0.001354,0.28101,0.088832,0.13794,0.21053,0.094733,0.23841,0.16762,0.32428,0.29589,0.27531,0.25772,0.30158,0.30202,0.35321,0.40182,0.40178,0.49396,0.28645,0.42945,0.40893,0.51082,0.44959,0.33939,0.36892,0.21792,0.1939,0.1514,0.34001,0.28077,0.38768,0.32928,0.21849,0.35746,0.3071,0.26541,0.24457,0.18231,0.20671,0.26441,-0.013236,-0.02417,0.076364,0.096397,0.10502,0.19917,0.18163,0.23817,0.31105,0.29223,0.30055,0.34333,0.40317,0.38203,0.12662,0.10276,0.1273,0.21662,0.027762,0.0024136,0.34775,0.11873,0.26615,0.2344,0.14955,0.4024,0.24731,0.2168,0.22456,0.18959,0.0080008,0.19246,0.090394,-0.00054981,0.13109,0.10939,0.14376,0.084865,0.12038,0.18165
0.14094,0.18835,0.30392,0.3994,0.56417,1,0.4109,0.43069,0.31514,0.39407,0.14992,0.21691,0.21991,0.09821,0.11561,0.096887,0.0073823,-0.085552,0.22065,0.3359,0.21193,0.29001,0.17597,0.21484,0.38008,0.63761,0.42289,0.59151,0.13577,-0.0034832,0.25838,0.28125,0.32991,0.38338,0.11438,0.1517,-0.10533,0.13722,-0.022823,0.082956,-0.035825,-0.0202,0.1607,0.157,0.44539,0.5446,0.16495,0.25296,0.44293,0.37855,0.27906,0.40035,0.17275,0.27487,0.19893,0.3023,0.089241,0.22745,0.34911,0.3115,0.24312,0.35585,0.1314,0.14118,0.30441,0.29627,0.30623,0.44448,0.092247,0.16004,0.26487,0.20817,0.10284,0.029246,0.031032,0.16319,-0.075316,-0.088022,-0.01005,0.0098597,0.037893,0.063882,0.04591,0.15635,0.15729,0.25516,0.37237,0.37182,0.18045,0.28627,0.19578,0.09639,0.18856,0.13667,0.00075536,-0.048803,0.34245,0.098806,0.24778,0.042446,0.34303,0.23376,0.18805,0.10337,0.24463,0.1537,-0.0117,0.019992,0.097695,0.022281,0.042032,0.050392,0.12495,0.1163,0.1309,0.15676
0.40596,0.36834,0.83219,0.73215,0.38377,0.4109,1,0.65821,0.61121,0.21826,0.49341,0.2848,0.696,0.19141,0.50993,0.22076,0.014158,-0.037133,0.58092,0.52359,0.33839,0.27102,0.69622,0.56359,0.38247,0.40245,0.33297,0.35637,0.20088,-0.0031254,0.56795,0.50657,0.75708,0.69587,0.61157,0.4654,-0.086675,0.23309,-0.049201,-0.009463,0.043173,-0.15961,0.32981,0.2853,0.59984,0.50837,0.24799,0.57383,0.49072,0.44067,0.44334,0.48731,0.29212,0.47825,0.16808,0.47739,0.37275,0.48616,0.45317,0.33592,0.55656,0.41001,0.25857,0.12403,0.77235,0.5758,0.71375,0.61613,0.54197,0.60551,0.40306,0.38245,0.1346,0.05835,0.24523,0.26915,0.014304,-0.026797,0.056326,-0.032201,0.030946,0.27399,0.093155,0.30042,0.6356,0.61181,0.37985,0.52535,0.6347,0.55263,0.62092,0.50114,0.62799,0.67298,0.17902,0.10125,0.3991,0.12008,0.53446,0.32666,0.49374,0.62472,0.41968,0.39658,0.34715,0.38236,0.34176,0.2789,0.23476,0.30721,0.31668,0.39909,0.44454,0.24996,0.1601,0.047236
0.48557,0.60507,0.45256,0.83697,0.20801,0.43069,0.65821,1,0.43718,0.53087,0.47842,0.72303,0.60007,0.63953,0.39582,0.53133,0.31319,0.30489,0.36097,0.66419,0.29023,0.22405,0.26583,0.55018,0.050774,0.19893,-0.021362,0.14601,0.46705,0.42123,0.46057,0.54287,0.68341,0.77536,0.27493,0.37353,-0.04911,0.22733,-0.12207,-0.11162,0.2717,-0.11693,0.47219,0.49069,0.62037,0.7053,0.39902,0.68911,0.66711,0.62381,0.61682,0.63208,0.44095,0.40694,0.17681,0.42914,0.36478,0.38047,0.52278,0.58613,0.66281,0.79624,0.62368,0.64846,0.48944,0.64882,0.44973,0.62819,0.32286,0.3456,0.47751,0.49509,0.24842,0.26517,0.30858,0.31204,0.1573,0.22709,0.30881,0.14405,0.39274,0.42714,0.04156,0.47997,0.34769,0.61099,0.22914,0.31978,0.32749,0.56408,0.63212,0.18382,0.63268,0.35735,0.062427,-0.071749,0.51326,0.13057,0.4997,0.31607,0.65376,0.48869,0.55149,0.50312,0.38534,0.40567,0.22067,0.31074,0.23693,0.24237,0.41384,0.29783,0.49961,0.256,0.11691,0.16455
0.3984,0.32917,0.55251,0.51188,0.50936,0.31514,0.61121,0.43718,1,0.53956,0.52356,0.25629,0.59866,0.20795,0.53274,0.086527,0.019223,0.024645,0.40228,0.29594,0.33498,-0.0080846,0.59858,0.45379,0.39208,0.32768,0.2289,0.1659,0.086003,-0.07619,0.29617,0.22695,0.54815,0.468,0.56248,0.3746,-0.023813,0.14169,-0.12576,-0.06557,0.10416,-0.16718,0.31417,0.23731,0.51925,0.41301,0.29381,0.50445,0.44161,0.41155,0.47258,0.43007,0.3754,0.49449,0.17187,0.39767,0.38954,0.44763,0.49535,0.36666,0.58675,0.42075,0.2716,0.16046,0.66946,0.53184,0.57074,0.45747,0.3616,0.54831,0.29681,0.31423,0.15453,0.062008,0.19721,0.22318,0.069361,0.033326,0.13557,0.031112,0.07713,0.33039,0.037931,0.12228,0.6288,0.48218,0.23733,0.33878,0.58501,0.39338,0.58171,0.47698,0.43533,0.58451,0.059586,0.044056,0.3331,0.025138,0.52108,0.40921,0.19881,0.57698,0.35591,0.38424,0.33019,0.39343,0.21397,0.33491,0.21257,0.15668,0.30122,0.31274,0.32073,0.25218,0.24508,0.051047
0.1572,0.35732,0.082774,0.46492,0.2619,0.39407,0.21826,0.53087,0.53956,1,0.25164,0.36165,0.35169,0.44474,0.37803,0.43293,0.145,0.18278,0.041395,0.25268,0.14037,-0.010535,0.082669,0.27561,-0.0067734,0.012959,-0.08194,-0.039861,0.21062,0.21453,0.11247,0.23268,0.22968,0.30236,0.25722,0.17811,-0.061386,0.065738,-0.15933,-0.06092,0.29422,-0.015562,0.28509,0.25057,0.4512,0.41792,0.30837,0.32322,0.36043,0.35328,0.33044,0.3124,0.24931,0.32004,0.039816,0.18493,0.15574,0.23922,0.22446,0.32384,0.38245,0.57485,0.29483,0.3747,0.37309,0.36734,0.084623,0.19363,-0.013558,0.18222,0.34098,0.34452,0.23552,0.14654,0.23357,0.12716,0.15028,0.19999,0.17389,0.12329,0.22207,0.19675,0.11019,0.18954,0.18647,0.31559,0.076619,0.10233,0.19659,0.26777,0.34234,0.11294,0.39408,0.15937,-0.065011,-0.075819,0.20425,-0.0060908,0.34524,0.20107,0.24692,0.31472,0.27252,0.23543,0.17065,0.18751,-0.0024099,0.17519,0.034066,0.020545,0.16567,0.093242,0.21351,0.064876,0.046283,0.22689
0.68728,0.46083,0.51237,0.46371,0.27224,0.14992,0.49341,0.47842,0.52356,0.25164,1,0.54127,0.78604,0.46459,0.41467,0.14522,0.40795,0.3825,0.36296,0.23678,0.36024,0.05583,0.33556,0.33781,0.24855,0.23754,-0.0074307,0.11367,0.21801,0.19103,0.46926,0.34469,0.54362,0.47339,0.33793,0.39886,-0.14022,0.10587,-0.21109,-0.30736,0.11957,-0.22028,0.34147,0.32018,0.43502,0.4284,0.18536,0.66445,0.48032,0.39891,0.57247,0.50423,0.55799,0.336,0.034425,0.3091,0.5628,0.46979,0.58643,0.42745,0.64701,0.44119,0.61325,0.40584,0.44791,0.60438,0.50933,0.49631,0.38526,0.51086,0.37921,0.44509,0.25892,0.18334,0.11067,0.091502,-0.029595,0.094094,0.48659,0.29441,0.45111,0.63639,-0.21565,0.17509,0.55383,0.44647,0.040894,0.18118,0.38719,0.43163,0.56691,0.18727,0.40585,0.43927,-0.09944,-0.21972,0.35731,-0.089472,0.43315,0.40427,0.36562,0.51424,0.60682,0.62369,0.5783,0.61862,0.11201,0.33689,0.08295,0.032973,0.56976,0.38825,0.46841,0.44993,0.30201,0.088634
0.57905,0.61702,0.14291,0.48683,0.17197,0.21691,0.2848,0.72303,0.25629,0.36165,0.54127,1,0.56006,0.80814,0.3113,0.52687,0.60921,0.656,0.14325,0.51584,0.20687,0.15632,-0.038969,0.30334,-0.05492,0.11925,-0.16797,0.04737,0.66979,0.69134,0.40455,0.44043,0.45184,0.59534,0.020283,0.2947,-0.019846,0.088248,-0.07008,-0.23205,0.4041,-0.028728,0.45669,0.51115,0.42801,0.55135,0.36522,0.60613,0.55143,0.50555,0.52451,0.54944,0.49267,0.2861,0.078961,0.29042,0.42564,0.34693,0.49438,0.53815,0.58741,0.71966,0.76702,0.81843,0.16183,0.53457,0.18151,0.45781,0.20399,0.2259,0.4356,0.5441,0.30431,0.40513,0.18364,0.20909,0.16781,0.36858,0.60487,0.43115,0.67072,0.61677,-0.049652,0.51265,0.21725,0.48551,-0.031727,0.067718,0.090852,0.44788,0.39318,-0.13108,0.34125,0.096872,-0.2269,-0.36778,0.42371,0.0072899,0.20306,0.1834,0.43645,0.30435,0.5195,0.51754,0.45496,0.41608,-0.048906,0.24905,0.062864,-0.06929,0.48068,0.11169,0.33665,0.19084,0.076268,0.21372
0.52415,0.47466,0.61853,0.603,0.32165,0.21991,0.696,0.60007,0.59866,0.35169,0.78604,0.56006,1,0.5916,0.75747,0.44378,0.26334,0.25704,0.46573,0.44092,0.27865,0.13988,0.5568,0.53594,0.36062,0.30105,0.2151,0.26594,0.38372,0.29248,0.53392,0.50621,0.63604,0.553,0.50599,0.41087,0.017067,0.19864,0.010234,-0.095787,0.24308,-0.022674,0.4849,0.47116,0.53111,0.43317,0.30923,0.57225,0.4433,0.38323,0.55352,0.44968,0.47857,0.3539,0.0666,0.28924,0.4409,0.46088,0.46184,0.36061,0.62733,0.44343,0.46936,0.30526,0.64676,0.60956,0.52828,0.48528,0.44634,0.5228,0.51576,0.55917,0.32044,0.20803,0.25744,0.26042,0.18425,0.21611,0.33104,0.2684,0.28568,0.4599,0.10531,0.33427,0.67647,0.62228,0.15301,0.339,0.55127,0.4564,0.56571,0.35212,0.51236,0.53963,-0.059673,-0.12424,0.32156,0.013252,0.35079,0.30679,0.42984,0.63104,0.44803,0.4506,0.35407,0.40005,0.17942,0.35201,0.086207,0.065062,0.45441,0.2367,0.34321,0.18005,0.088165,0.17145
0.2957,0.39052,0.13363,0.50537,-0.0019507,0.09821,0.19141,0.63953,0.20795,0.44474,0.46459,0.80814,0.5916,1,0.46621,0.6752,0.47458,0.49424,0.012735,0.34088,0.055438,-0.036581,0.075515,0.49904,0.0031934,0.061662,-0.13673,0.079467,0.49189,0.59023,0.35499,0.50638,0.37913,0.47322,0.12128,0.30829,0.030699,0.062457,-0.053172,-0.24546,0.30574,-0.00018613,0.39423,0.46014,0.31417,0.37145,0.21941,0.44368,0.3433,0.26336,0.42971,0.26778,0.33974,0.066705,-0.12246,0.01256,0.16276,0.12804,0.24551,0.27714,0.37958,0.53457,0.53872,0.59286,0.27873,0.53436,0.12762,0.36636,0.070178,0.11345,0.41861,0.53664,0.17985,0.28945,0.077558,0.098608,0.23058,0.37944,0.47735,0.38372,0.52547,0.45701,-0.00028289,0.34197,0.21331,0.48278,-0.16953,-0.032042,0.097811,0.29117,0.39581,-0.051773,0.46068,0.17371,-0.29594,-0.37703,0.15837,-0.094195,0.09559,0.026096,0.42101,0.33726,0.36988,0.34612,0.33521,0.30079,-0.078721,0.21197,-0.073029,-0.12795,0.46604,0.030755,0.21626,0.10532,-0.029505,0.2602
0.24381,0.33056,0.55491,0.49805,0.35002,0.11561,0.50993,0.39582,0.53274,0.37803,0.41467,0.3113,0.75747,0.46621,1,0.64846,0.10358,0.107,0.44035,0.41295,0.072695,0.068169,0.65526,0.54657,0.43758,0.23821,0.47105,0.3746,0.34932,0.23652,0.34542,0.38322,0.45297,0.32215,0.45634,0.18969,0.29802,0.39297,0.31529,0.26383,0.46247,0.34338,0.61916,0.5598,0.42527,0.24,0.46606,0.30087,0.29486,0.29973,0.52375,0.31707,0.48383,0.38504,0.17443,0.28158,0.26503,0.36547,0.2696,0.28769,0.29929,0.18217,0.16264,0.12137,0.62458,0.35754,0.43896,0.32353,0.38501,0.33188,0.45477,0.50564,0.34845,0.22594,0.34543,0.32496,0.43696,0.35747,0.12889,0.12204,0.087633,0.24468,0.51513,0.39947,0.65495,0.69076,0.2029,0.39772,0.59513,0.38723,0.3326,0.43693,0.43618,0.47129,0.037028,0.095925,0.17054,0.21203,0.20343,0.22418,0.2014,0.53586,0.10666,0.12718,-0.023082,0.017543,0.15866,0.27521,0.041715,0.14913,0.1052,-0.016119,0.060232,-0.17036,-0.24069,0.31849
0.17509,0.35971,0.20483,0.52163,0.051415,0.096887,0.22076,0.53133,0.086527,0.43293,0.14522,0.52687,0.44378,0.6752,0.64846,1,0.30007,0.27596,0.23568,0.49435,-0.0011818,0.20465,0.18686,0.49041,0.024182,-0.037865,0.14541,0.18009,0.49989,0.5294,0.27327,0.42829,0.32489,0.35958,0.087858,0.019606,0.33521,0.42523,0.27935,0.24307,0.58924,0.40418,0.59663,0.5762,0.29594,0.27405,0.45673,0.2289,0.26982,0.30276,0.37615,0.24451,0.3786,0.18916,0.18411,0.16989,0.1345,0.18829,0.13028,0.29763,0.14653,0.32804,0.3166,0.39937,0.28526,0.19759,0.1024,0.23832,0.13541,0.059877,0.4748,0.54317,0.39881,0.38412,0.3795,0.33095,0.4755,0.497,0.23329,0.15558,0.28046,0.18871,0.5,0.56021,0.2479,0.61207,0.17744,0.27629,0.2184,0.38354,0.22549,0.16501,0.43216,0.16232,-0.0018295,0.019765,0.13966,0.27054,0.12098,0.12932,0.29017,0.26623,0.073341,0.081905,-0.044995,-0.015879,0.07187,0.20824,0.085656,0.15153,0.015567,-0.089786,0.083856,-0.1551,-0.22439,0.37192
0.44519,0.30177,0.03146,0.17723,0.0099272,0.0073823,0.014158,0.31319,0.019223,0.145,0.40795,0.60921,0.26334,0.47458,0.10358,0.30007,1,0.83833,0.099685,0.34453,0.072307,0.17059,-0.15078,0.033765,-0.061361,0.090889,-0.19931,-0.048666,0.70004,0.78815,0.42112,0.36084,0.22222,0.36413,-0.060994,0.20429,0.054179,0.043282,0.093408,-0.20667,0.27612,0.062695,0.35527,0.42897,0.21715,0.30371,0.32154,0.37123,0.36977,0.31583,0.2953,0.32685,0.32791,0.25138,0.011618,0.19306,0.38326,0.26192,0.36476,0.33979,0.17546,0.27316,0.66438,0.61351,-0.047512,0.17115,0.028783,0.28812,0.13129,-0.023752,0.27913,0.38383,0.36056,0.41708,-0.067308,0.10329,0.27054,0.53689,0.76876,0.70718,0.79929,0.68049,-0.019766,0.41622,0.14466,0.25199,-0.09278,-0.039427,-0.046726,0.26814,0.14492,-0.2409,0.072634,-0.047498,-0.42831,-0.49941,0.26233,0.033948,0.03781,0.067394,0.1664,0.15898,0.4368,0.43552,0.28792,0.31195,-0.21997,0.12506,-0.11067,-0.24907,0.37412,-0.035482,0.086757,0.091002,-0.053221,0.28742
0.47699,0.3644,-0.049607,0.11964,0.057189,-0.085552,-0.037133,0.30489,0.024645,0.18278,0.3825,0.656,0.25704,0.49424,0.107,0.27596,0.83833,1,-0.022998,0.30423,0.010318,0.02747,-0.22955,-0.044235,-0.1818,-0.050919,-0.29954,-0.18325,0.69579,0.80576,0.28897,0.28348,0.15302,0.32012,-0.099661,0.20549,0.014811,-0.0018538,0.055659,-0.20396,0.36226,0.10206,0.39739,0.44307,0.19316,0.24357,0.38162,0.35934,0.35305,0.33517,0.3502,0.33306,0.35964,0.26933,-0.00090008,0.13742,0.41117,0.35097,0.41616,0.44811,0.31331,0.33392,0.73414,0.72502,-0.083858,0.17178,-0.01212,0.23186,0.083557,0.0089259,0.23009,0.3306,0.32992,0.42605,-0.013566,0.13263,0.2819,0.55832,0.81183,0.75021,0.86019,0.74601,0.013135,0.43985,0.12745,0.20841,-0.22327,-0.14209,-0.058231,0.22096,0.044397,-0.34323,-0.0028657,-0.1589,-0.42913,-0.49459,0.22052,0.012363,-0.010459,0.046515,0.10735,0.1433,0.38545,0.3812,0.24668,0.19482,-0.22637,0.12613,-0.21399,-0.26672,0.41421,-0.10537,0.083069,-0.012777,-0.14108,0.24196
0.46971,0.28754,0.55907,0.41429,0.21543,0.22065,0.58092,0.36097,0.40228,0.041395,0.36296,0.14325,0.46573,0.012735,0.44035,0.23568,0.099685,-0.022998,1,0.68807,0.12158,0.13407,0.47704,0.25501,0.23522,0.29808,0.33883,0.24856,0.29346,0.073071,0.24644,0.084048,0.51043,0.39254,0.2983,0.11942,0.42586,0.50598,0.40863,0.446,0.267,0.27464,0.46398,0.42503,0.34875,0.32222,0.45921,0.33535,0.33914,0.39468,0.38816,0.4204,0.36404,0.42354,0.5017,0.51296,0.38217,0.35139,0.44539,0.37273,0.3311,0.13948,0.18846,-0.013885,0.38051,0.17031,0.56998,0.46234,0.61272,0.39592,0.13593,0.087358,0.29732,0.17798,0.38071,0.44017,0.35596,0.23855,0.039965,-0.075373,0.030278,0.26044,0.47198,0.44354,0.60384,0.5109,0.53912,0.59379,0.42684,0.34582,0.34641,0.60391,0.20335,0.38341,0.38434,0.40632,0.38861,0.48759,0.43757,0.52923,0.17689,0.34591,0.03358,0.071536,-0.10146,0.029708,0.44019,0.30136,0.27253,0.36905,-0.088747,0.25635,0.13433,-0.034102,0.03151,0.14806
0.48956,0.4827,0.35504,0.57439,0.20885,0.3359,0.52359,0.66419,0.29594,0.25268,0.23678,0.51584,0.44092,0.34088,0.41295,0.49435,0.34453,0.30423,0.68807,1,0.0027457,0.31429,0.23429,0.30704,0.030595,0.22586,0.12325,0.1564,0.61628,0.48919,0.28804,0.31868,0.55432,0.63657,0.23674,0.16605,0.33793,0.38932,0.32513,0.25709,0.42222,0.24144,0.65038,0.65323,0.53133,0.57719,0.64232,0.4708,0.57908,0.61588,0.55939,0.58103,0.37724,0.4425,0.43836,0.52157,0.39123,0.39198,0.535,0.56239,0.41959,0.42218,0.4825,0.41496,0.35827,0.25419,0.4223,0.53974,0.55037,0.25952,0.34735,0.34212,0.45879,0.44112,0.40836,0.58135,0.49611,0.46268,0.25389,0.15248,0.33192,0.39889,0.41639,0.72008,0.41766,0.60133,0.38834,0.50945,0.3063,0.41898,0.34049,0.26774,0.27987,0.18654,0.073537,0.061979,0.53697,0.44001,0.39567,0.36962,0.33529,0.3496,0.24407,0.21876,0.0017828,0.031705,0.24886,0.25579,0.21317,0.20322,0.1005,0.087122,0.1694,-0.074112,-0.089355,0.34357
0.30355,0.45765,0.3023,0.28275,0.33731,0.21193,0.33839,0.29023,0.33498,0.14037,0.36024,0.20687,0.27865,0.055438,0.072695,-0.0011818,0.072307,0.010318,0.12158,0.0027457,1,0.42625,0.27564,0.27743,0.30124,0.2369,0.17842,0.20607,-0.0096562,-0.063768,0.40962,0.24786,0.33249,0.2869,0.10494,0.14053,-0.25464,0.12061,-0.3097,-0.13375,0.063969,-0.29146,0.054999,0.040981,0.29333,0.31522,-0.012769,0.51005,0.23784,0.28275,0.15665,0.3457,0.24158,0.299,0.059361,0.28216,0.44103,0.37132,0.21495,0.15275,0.31573,0.36631,0.23684,0.17327,0.14462,0.36443,0.25204,0.23761,0.23302,0.3961,0.37824,0.35401,0.17025,0.10924,0.21801,0.15647,-0.23712,-0.2125,0.18386,0.033446,0.10007,0.15437,-0.23918,0.065431,0.13664,0.21377,0.28226,0.26683,0.29417,0.41155,0.43256,0.21237,0.34308,0.4333,0.23633,0.11248,0.3702,0.043938,0.49594,0.41528,0.51439,0.33704,0.45964,0.48198,0.45955,0.46271,0.16225,0.21999,0.37307,0.31388,0.30043,0.55477,0.52533,0.49336,0.51393,-0.14743
0.22492,0.32309,0.20297,0.25068,0.24904,0.29001,0.27102,0.22405,-0.0080846,-0.010535,0.05583,0.15632,0.13988,-0.036581,0.068169,0.20465,0.17059,0.02747,0.13407,0.31429,0.42625,1,0.075689,0.12761,0.19264,0.21939,0.13324,0.30377,0.20348,0.19578,0.24984,0.2369,0.13512,0.18299,0.014031,-0.039064,0.018105,0.28104,0.16049,0.16212,0.13677,0.096765,0.22561,0.24945,0.14931,0.20011,0.20446,0.2047,0.14475,0.18627,0.14891,0.2904,0.23601,0.22163,0.21403,0.34185,0.26832,0.31784,0.14182,0.17582,0.051447,0.14334,0.22011,0.11942,-0.0015884,0.050665,0.13101,0.17704,0.31168,0.10794,0.61331,0.47705,0.42522,0.35093,0.3588,0.47234,0.13326,0.089744,0.072471,0.22249,0.13629,0.13145,0.11374,0.39416,0.11841,0.30468,0.36834,0.43155,0.23864,0.45189,0.20626,0.15252,0.2194,0.19733,-0.0060829,-0.013784,0.33804,0.21725,0.26335,0.14833,0.30603,0.23364,0.29715,0.23909,0.10711,0.11537,0.11598,0.1272,0.21242,0.10051,0.015611,0.099755,0.17604,0.1622,0.11401,0.095469
0.071735,0.064571,0.85003,0.52364,0.35191,0.17597,0.69622,0.26583,0.59858,0.082669,0.33556,-0.038969,0.5568,0.075515,0.65526,0.18686,-0.15078,-0.22955,0.47704,0.23429,0.27564,0.075689,1,0.70043,0.67434,0.46451,0.58659,0.49813,-0.039134,-0.19566,0.56644,0.47624,0.54463,0.40053,0.55537,0.32298,0.076809,0.27565,0.088428,0.11147,-0.01403,-0.020388,0.27189,0.21236,0.36774,0.17898,0.14052,0.33035,0.25758,0.22249,0.33616,0.21184,0.26715,0.32954,0.12084,0.24759,0.18464,0.30011,0.15409,0.057772,0.19551,-0.013597,-0.08567,-0.19835,0.72218,0.36964,0.62906,0.4182,0.40587,0.45661,0.26275,0.32982,-0.043407,-0.11609,0.066004,0.12182,0.033569,-0.069024,-0.10757,-0.10149,-0.21588,0.071355,0.20231,0.095631,0.66418,0.57061,0.29558,0.4734,0.66196,0.36756,0.48847,0.59486,0.52587,0.70468,0.13652,0.14985,0.19334,0.093693,0.3787,0.20502,0.30489,0.51558,0.16432,0.16537,0.17383,0.19239,0.25389,0.22581,0.1472,0.24498,0.21603,0.27461,0.21978,0.14686,0.048726,0.088829
0.13513,0.12816,0.62272,0.75797,0.16964,0.21484,0.56359,0.55018,0.45379,0.27561,0.33781,0.30334,0.53594,0.49904,0.54657,0.49041,0.033765,-0.044235,0.25501,0.30704,0.27743,0.12761,0.70043,1,0.41955,0.34283,0.2985,0.38222,0.084907,0.039681,0.56033,0.69285,0.61966,0.60858,0.48137,0.44978,0.046308,0.24734,-0.041868,-0.052404,0.062451,-0.1035,0.31298,0.3318,0.37983,0.34517,0.13184,0.47532,0.31366,0.25866,0.40659,0.21527,0.26545,0.12317,0.013303,0.14221,0.097644,0.12914,0.17966,0.13782,0.26817,0.30445,0.16394,0.10566,0.61135,0.56214,0.5065,0.49677,0.28431,0.24207,0.39973,0.52322,-0.00064294,0.035236,0.13446,0.16798,0.029145,0.030345,0.082253,-0.013378,0.005976,0.1532,0.073141,0.18079,0.45958,0.69677,0.14206,0.34831,0.51188,0.4447,0.63002,0.40349,0.73253,0.61407,0.03996,0.00087815,0.21064,0.029088,0.41259,0.17565,0.52649,0.51727,0.30576,0.28368,0.29329,0.32501,0.16699,0.36527,0.19715,0.16365,0.41353,0.30099,0.40167,0.33101,0.15676,0.090668
0.010389,0.039137,0.59193,0.23187,0.55373,0.38008,0.38247,0.050774,0.39208,-0.0067734,0.24855,-0.05492,0.36062,0.0031934,0.43758,0.024182,-0.061361,-0.1818,0.23522,0.030595,0.30124,0.19264,0.67434,0.41955,1,0.76437,0.71867,0.76093,0.0041766,-0.13269,0.47921,0.38955,0.31361,0.18676,0.28865,0.24326,-0.018406,0.16103,0.097353,0.056397,-0.10378,-0.031318,0.053604,0.070183,0.16604,0.058212,-0.01408,0.1283,0.12403,0.073689,0.2279,0.16213,0.19096,0.14203,0.011362,0.12553,0.12181,0.23724,0.18288,0.034849,0.097716,-0.082429,-0.12692,-0.20213,0.45434,0.3001,0.37746,0.27084,0.19593,0.22013,0.25374,0.29111,0.014811,-0.081005,-0.050489,0.025042,-0.054472,-0.095204,-0.10093,0.027738,-0.20695,-0.024959,0.033897,0.036982,0.36109,0.28599,0.14892,0.2757,0.34398,0.17674,0.13396,0.23359,0.17258,0.38995,-0.064412,-0.090595,0.17864,-0.026616,0.09281,-0.011041,0.20772,0.32588,0.14215,0.09852,0.21332,0.18348,0.056596,0.11704,0.0096242,-0.04711,0.18086,-0.0047454,-0.0022256,0.079786,0.082171,0.16506
0.080951,0.0043461,0.48414,0.30921,0.55665,0.63761,0.40245,0.19893,0.32768,0.012959,0.23754,0.11925,0.30105,0.061662,0.23821,-0.037865,0.090889,-0.050919,0.29808,0.22586,0.2369,0.21939,0.46451,0.34283,0.76437,1,0.62368,0.77725,0.15822,0.01674,0.49675,0.44974,0.37776,0.36241,0.26455,0.37457,-0.037439,0.028705,0.10749,0.0059596,-0.15138,-0.081557,0.095008,0.16402,0.3087,0.35203,0.065476,0.21433,0.31624,0.19912,0.27438,0.29315,0.10924,0.13927,0.052581,0.15954,0.086478,0.17748,0.30959,0.15857,0.17537,0.10133,0.05413,-0.078611,0.38868,0.41589,0.40155,0.51522,0.15908,0.14119,0.21203,0.24091,-0.0094515,-0.0074622,-0.15607,0.044586,-0.048678,-0.046722,-0.0074254,0.17166,-0.016474,0.18144,-0.0069041,0.15013,0.34045,0.33275,0.18981,0.30197,0.21052,0.1474,0.12424,0.089154,0.12066,0.19217,-0.14119,-0.21011,0.24966,-0.028077,0.092213,-0.081291,0.25141,0.19984,0.11012,0.045988,0.17241,0.093919,-0.083142,0.081663,-0.033774,-0.15957,0.23138,-0.048432,-0.032807,0.040481,0.0093793,0.13036
-0.08617,0.0059472,0.45792,0.14256,0.55925,0.42289,0.33297,-0.021362,0.2289,-0.08194,-0.0074307,-0.16797,0.2151,-0.13673,0.47105,0.14541,-0.19931,-0.29954,0.33883,0.12325,0.17842,0.13324,0.58659,0.2985,0.71867,0.62368,1,0.76053,-0.006751,-0.21035,0.24312,0.1677,0.17808,0.038206,0.18386,-0.027345,0.1865,0.30683,0.30421,0.40344,0.071837,0.23534,0.25366,0.19714,0.16134,0.062996,0.1937,-0.021474,0.07573,0.081149,0.12642,0.11532,0.13649,0.24628,0.20829,0.20334,0.067415,0.20367,0.024044,-0.029598,-0.098667,-0.21066,-0.27596,-0.29548,0.36207,0.067924,0.29035,0.15933,0.18228,0.15918,0.11092,0.10808,0.053382,-0.09295,0.094078,0.1437,0.09618,-0.053569,-0.24957,-0.16497,-0.31204,-0.1678,0.41479,0.095725,0.34824,0.28125,0.38969,0.44719,0.34825,0.10474,-0.0063543,0.33573,0.069562,0.29301,0.18722,0.26094,0.077223,0.25513,0.047143,0.047722,0.06027,0.22275,-0.17045,-0.18986,-0.11253,-0.16109,0.10743,-0.0077005,0.081407,0.15941,-0.1891,-0.091507,-0.088624,-0.15695,-0.10949,0.080796
0.0058721,0.048198,0.46652,0.26521,0.60003,0.59151,0.35637,0.14601,0.1659,-0.039861,0.11367,0.04737,0.26594,0.079467,0.3746,0.18009,-0.048666,-0.18325,0.24856,0.1564,0.20607,0.30377,0.49813,0.38222,0.76093,0.77725,0.76053,1,0.085863,-0.06317,0.3527,0.32487,0.24986,0.17638,0.10182,0.16265,0.050456,0.26098,0.25236,0.22464,-0.025244,0.13392,0.15953,0.16759,0.17756,0.18963,0.066217,0.07256,0.18732,0.12705,0.2794,0.22108,0.24278,0.17982,0.15909,0.19542,0.0052141,0.15642,0.1874,0.11714,0.028133,-0.0083936,-0.10041,-0.13041,0.32792,0.27272,0.37414,0.3779,0.11631,0.15529,0.27991,0.24704,0.08408,0.049281,-0.037764,0.1046,0.045584,-0.002897,-0.12705,-0.0030622,-0.12383,-0.032508,0.19719,0.17347,0.24791,0.34237,0.32299,0.409,0.29366,0.25392,0.10143,0.1926,0.22654,0.29889,-0.0074432,-0.020496,0.19572,0.10854,0.041537,-0.074148,0.23047,0.30145,0.010474,-0.042279,0.11561,0.023863,-0.016068,0.047975,-0.041768,-0.0036777,0.0097194,-0.051145,-0.015005,-0.020629,-0.05385,0.17646
0.4321,0.46333,0.11877,0.26948,0.17238,0.13577,0.20088,0.46705,0.086003,0.21062,0.21801,0.66979,0.38372,0.49189,0.34932,0.49989,0.70004,0.69579,0.29346,0.61628,-0.0096562,0.20348,-0.039134,0.084907,0.0041766,0.15822,-0.006751,0.085863,1,0.87444,0.40766,0.39131,0.33342,0.47073,-0.025705,0.1422,0.26749,0.19506,0.2996,0.054039,0.5025,0.27364,0.5013,0.56598,0.29281,0.35426,0.52026,0.35579,0.39587,0.41656,0.34377,0.40975,0.30423,0.32021,0.15304,0.2607,0.33453,0.28598,0.44801,0.42299,0.33759,0.38122,0.63051,0.63916,0.063362,0.15075,0.071933,0.30163,0.21964,0.018163,0.37695,0.38845,0.40806,0.43114,0.20011,0.29869,0.47577,0.64808,0.62722,0.57574,0.65009,0.55112,0.28511,0.64614,0.16609,0.34381,-0.0084499,0.071388,-0.014516,0.26961,0.032112,-0.14846,0.033831,-0.070142,-0.26474,-0.30199,0.33855,0.1636,0.02756,0.10871,0.23925,0.24247,0.26876,0.26567,0.054683,0.039769,-0.028683,0.18187,-0.061504,-0.14688,0.22454,-0.12109,0.021451,-0.16607,-0.23139,0.38613
0.31576,0.37847,-0.0466,0.21838,-0.0093234,-0.0034832,-0.0031254,0.42123,-0.07619,0.21453,0.19103,0.69134,0.29248,0.59023,0.23652,0.5294,0.78815,0.80576,0.073071,0.48919,-0.063768,0.19578,-0.19566,0.039681,-0.13269,0.01674,-0.21035,-0.06317,0.87444,1,0.32864,0.40352,0.19298,0.37699,-0.12126,0.1359,0.2277,0.13861,0.25363,-0.046636,0.44435,0.26891,0.46188,0.54712,0.22852,0.28585,0.46535,0.26173,0.33523,0.32953,0.31085,0.29497,0.26288,0.18556,0.07398,0.10565,0.23238,0.18172,0.27411,0.37104,0.20114,0.35919,0.64559,0.70059,-0.081072,0.077641,-0.094036,0.2184,0.089286,-0.11653,0.38064,0.45086,0.39659,0.49548,0.1223,0.26824,0.48168,0.70111,0.6364,0.69895,0.75512,0.56783,0.19863,0.60185,0.06249,0.28875,-0.12772,-0.062829,-0.12646,0.17997,0.017532,-0.26931,0.040336,-0.18553,-0.42666,-0.44752,0.25069,0.11109,-0.068732,-0.029899,0.22529,0.14128,0.26831,0.24496,0.045664,0.017202,-0.19895,0.092316,-0.11012,-0.27817,0.26889,-0.22736,-0.026761,-0.17169,-0.29499,0.36775
0.19696,0.2567,0.68727,0.55339,0.27756,0.25838,0.56795,0.46057,0.29617,0.11247,0.46926,0.40455,0.53392,0.35499,0.34542,0.27327,0.42112,0.28897,0.24644,0.28804,0.40962,0.24984,0.56644,0.56033,0.47921,0.49675,0.24312,0.3527,0.40766,0.32864,1,0.86738,0.65181,0.66314,0.34492,0.44449,-0.22012,0.057481,-0.15959,-0.32137,0.026229,-0.23863,0.17893,0.22434,0.40478,0.36773,0.035479,0.56159,0.41791,0.34714,0.22727,0.33823,0.17457,0.2659,-0.13051,0.18276,0.30578,0.3449,0.21591,0.13756,0.2577,0.2555,0.36899,0.29413,0.48347,0.43591,0.36203,0.46971,0.20311,0.26395,0.42279,0.57029,0.032086,0.02428,-0.14531,-0.017246,-0.13714,0.067142,0.3907,0.36342,0.2743,0.38087,-0.14103,0.24067,0.35804,0.46634,0.026609,0.18841,0.24805,0.42324,0.3918,0.027358,0.45678,0.3618,-0.24374,-0.39172,0.32115,-0.15693,0.30134,0.054492,0.57787,0.35704,0.54425,0.5174,0.51281,0.4896,-0.087596,0.15845,0.0015596,-0.070348,0.59749,0.30876,0.35602,0.35507,0.15569,0.16083
0.063486,0.13248,0.57743,0.66553,0.18371,0.28125,0.50657,0.54287,0.22695,0.23268,0.34469,0.44043,0.50621,0.50638,0.38322,0.42829,0.36084,0.28348,0.084048,0.31868,0.24786,0.2369,0.47624,0.69285,0.38955,0.44974,0.1677,0.32487,0.39131,0.40352,0.86738,1,0.59624,0.67112,0.39835,0.52753,-0.21569,0.012748,-0.1829,-0.36772,-0.0037499,-0.22731,0.22233,0.29989,0.45157,0.41301,0.070191,0.48672,0.42913,0.32436,0.29022,0.28391,0.095543,0.15201,-0.24265,0.042413,0.084749,0.15579,0.15417,0.14553,0.19623,0.29751,0.33524,0.31991,0.5074,0.4589,0.2859,0.46891,0.10752,0.060393,0.51725,0.67529,0.025621,0.050947,-0.10914,-0.020246,-0.035218,0.16556,0.31012,0.39501,0.28918,0.33511,-0.11451,0.26831,0.30095,0.51759,-0.1168,0.097808,0.18537,0.35292,0.35973,-0.043785,0.54436,0.30979,-0.39776,-0.50314,0.19695,-0.21966,0.20971,-0.11443,0.57791,0.34933,0.47005,0.43312,0.39225,0.35511,-0.20714,0.17006,-0.089003,-0.21372,0.61172,0.1148,0.27019,0.24987,0.0040808,0.19764
0.48233,0.45967,0.70344,0.73276,0.30015,0.32991,0.75708,0.68341,0.54815,0.22968,0.54362,0.45184,0.63604,0.37913,0.45297,0.32489,0.22222,0.15302,0.51043,0.55432,0.33249,0.13512,0.54463,0.61966,0.31361,0.37776,0.17808,0.24986,0.33342,0.19298,0.65181,0.59624,1,0.90386,0.57852,0.55167,0.047271,0.34846,-0.05343,-0.071643,0.23723,-0.083996,0.47126,0.46736,0.6618,0.67539,0.33808,0.73305,0.64724,0.64545,0.58328,0.61385,0.39144,0.3966,0.25826,0.49573,0.46336,0.47272,0.49931,0.44888,0.60704,0.4929,0.45563,0.37035,0.63137,0.59599,0.71188,0.7433,0.4796,0.40781,0.34742,0.43359,0.20785,0.23288,0.24759,0.30574,0.056701,0.083698,0.22246,0.025823,0.19259,0.39197,0.0071139,0.37662,0.54556,0.66922,0.29819,0.46858,0.4842,0.54424,0.61514,0.34505,0.59804,0.56067,0.16206,0.020501,0.51893,0.18798,0.62779,0.44811,0.60249,0.542,0.51308,0.51502,0.44317,0.5201,0.31671,0.34393,0.38412,0.33541,0.45584,0.4689,0.51055,0.40608,0.28487,0.16758
0.45885,0.43705,0.57062,0.76194,0.2239,0.38338,0.69587,0.77536,0.468,0.30236,0.47339,0.59534,0.553,0.47322,0.32215,0.35958,0.36413,0.32012,0.39254,0.63657,0.2869,0.18299,0.40053,0.60858,0.18676,0.36241,0.038206,0.17638,0.47073,0.37699,0.66314,0.67112,0.90386,1,0.50961,0.6003,-0.0058321,0.20843,-0.11176,-0.19334,0.19516,-0.16508,0.42856,0.456,0.66474,0.71481,0.3272,0.71673,0.67459,0.63479,0.53892,0.56999,0.31907,0.31204,0.16578,0.39161,0.38738,0.39005,0.51228,0.46892,0.60571,0.61324,0.57482,0.52029,0.56375,0.62713,0.57084,0.74224,0.43503,0.31238,0.4036,0.48217,0.17544,0.2407,0.15502,0.27304,0.10311,0.184,0.34112,0.19859,0.35546,0.48263,-0.061134,0.4324,0.43013,0.63886,0.17249,0.32669,0.31834,0.4703,0.57146,0.17402,0.55578,0.41613,-0.034279,-0.17873,0.51166,0.092171,0.53895,0.29624,0.61374,0.48231,0.52596,0.50696,0.44972,0.46981,0.18567,0.2688,0.26835,0.17108,0.53718,0.3598,0.4706,0.35178,0.19797,0.19776
0.12555,0.042528,0.51569,0.44719,0.2336,0.11438,0.61157,0.27493,0.56248,0.25722,0.33793,0.020283,0.50599,0.12128,0.45634,0.087858,-0.060994,-0.099661,0.2983,0.23674,0.10494,0.014031,0.55537,0.48137,0.28865,0.26455,0.18386,0.10182,-0.025705,-0.12126,0.34492,0.39835,0.57852,0.50961,1,0.70137,-0.055125,0.075351,-0.052549,-0.10444,0.012114,-0.07182,0.19935,0.13522,0.59229,0.37897,0.13595,0.30516,0.25952,0.17822,0.25133,0.11637,0.02795,0.16657,-0.032942,0.17647,0.16273,0.22124,0.19762,0.038958,0.36354,0.20783,0.0655,-0.13271,0.77566,0.49877,0.51161,0.35612,0.37561,0.33037,0.24803,0.25312,0.087395,0.061429,0.050415,0.077638,0.028758,-0.074114,-0.11272,-0.043534,-0.11835,0.12218,0.034253,0.051033,0.57615,0.40828,0.058983,0.24352,0.50656,0.16562,0.44436,0.37155,0.42191,0.53663,-0.0058037,-0.024619,0.10634,-0.068711,0.41445,0.20239,0.20572,0.45968,0.23603,0.21771,0.15079,0.25072,0.16025,0.18859,0.040137,0.057641,0.32385,0.23535,0.17411,0.19357,0.080694,0.0035321
0.22151,0.030948,0.40608,0.48147,0.18688,0.1517,0.4654,0.37353,0.3746,0.17811,0.39886,0.2947,0.41087,0.30829,0.18969,0.019606,0.20429,0.20549,0.11942,0.16605,0.14053,-0.039064,0.32298,0.44978,0.24326,0.37457,-0.027345,0.16265,0.1422,0.1359,0.44449,0.52753,0.55167,0.6003,0.70137,1,-0.16774,-0.033242,-0.1305,-0.27368,-0.1411,-0.23086,0.098786,0.099393,0.53841,0.47694,0.06504,0.38568,0.38055,0.2433,0.3232,0.19147,0.1073,0.13986,-0.079988,0.10012,0.10917,0.11577,0.30091,0.20656,0.40366,0.38577,0.29392,0.17056,0.49471,0.58373,0.46427,0.55062,0.19682,0.15772,0.27025,0.29961,-0.10385,-0.0054236,-0.16451,-0.14567,-0.026027,0.063555,0.13671,0.21334,0.2153,0.33726,-0.18774,0.11216,0.39328,0.35232,-0.10038,0.0085772,0.22882,0.20244,0.42808,0.093103,0.44918,0.36947,-0.23878,-0.33389,0.15973,-0.13114,0.28292,0.028485,0.34008,0.39819,0.36372,0.34343,0.31475,0.34065,-0.021162,0.27963,-0.15742,-0.16542,0.53772,0.18519,0.18319,0.23784,0.079104,-0.014604
0.14223,0.035521,0.017397,0.040498,-0.001354,-0.10533,-0.086675,-0.04911,-0.023813,-0.061386,-0.14022,-0.019846,0.017067,0.030699,0.29802,0.33521,0.054179,0.014811,0.42586,0.33793,-0.25464,0.018105,0.076809,0.046308,-0.018406,-0.037439,0.1865,0.050456,0.26749,0.2277,-0.22012,-0.21569,0.047271,-0.0058321,-0.055125,-0.16774,1,0.61229,0.80557,0.71339,0.43506,0.68128,0.42118,0.37357,-0.088721,-0.06164,0.48027,-0.19994,-0.071941,0.028353,0.18273,-0.011388,0.28044,0.12105,0.53236,0.17038,0.10276,0.033621,0.082142,0.19341,-0.047442,-0.11667,0.0018932,-0.038213,-0.091233,-0.28051,0.17247,0.12431,0.34909,-0.046463,-0.055071,-0.062119,0.25556,0.23424,0.39937,0.44915,0.6709,0.4901,-0.087872,0.01222,0.01642,0.085299,0.69689,0.40605,0.22993,0.2682,0.28758,0.28969,0.1545,0.01534,-0.061793,0.38292,-0.078215,0.00071738,0.24987,0.43787,-0.015789,0.56675,0.020235,0.26286,-0.14495,0.053241,-0.37128,-0.34607,-0.53717,-0.44587,0.42272,0.16084,0.1982,0.21804,-0.43897,-0.2073,-0.26554,-0.37738,-0.31783,0.31857
0.34023,0.35347,0.37149,0.39431,0.28101,0.13722,0.23309,0.22733,0.14169,0.065738,0.10587,0.088248,0.19864,0.062457,0.39297,0.42523,0.043282,-0.0018538,0.50598,0.38932,0.12061,0.28104,0.27565,0.24734,0.16103,0.028705,0.30683,0.26098,0.19506,0.13861,0.057481,0.012748,0.34846,0.20843,0.075351,-0.033242,0.61229,1,0.57785,0.66352,0.51628,0.59135,0.53771,0.45975,0.148,0.18292,0.51583,0.17618,0.17763,0.31214,0.45237,0.35727,0.56761,0.4431,0.6047,0.4675,0.36562,0.38639,0.25356,0.41276,0.1417,0.07712,0.16621,0.13743,0.079628,-0.022347,0.48626,0.39956,0.46416,0.21543,0.28477,0.26488,0.37803,0.35326,0.50561,0.53371,0.48146,0.34886,0.0053614,-0.081863,0.10197,0.13595,0.59923,0.48121,0.42502,0.53079,0.50853,0.53302,0.46515,0.50214,0.21367,0.4895,0.26348,0.32454,0.3773,0.48213,0.26557,0.625,0.3303,0.45911,0.24033,0.3544,0.053611,0.06779,-0.13426,-0.039115,0.43043,0.30044,0.33753,0.46481,-0.22153,0.11993,0.15016,-0.00058788,0.026849,0.30387
0.090278,-0.025832,0.067896,-0.021052,0.088832,-0.022823,-0.049201,-0.12207,-0.12576,-0.15933,-0.21109,-0.07008,0.010234,-0.053172,0.31529,0.27935,0.093408,0.055659,0.40863,0.32513,-0.3097,0.16049,0.088428,-0.041868,0.097353,0.10749,0.30421,0.25236,0.2996,0.25363,-0.15959,-0.1829,-0.05343,-0.11176,-0.052549,-0.1305,0.80557,0.57785,1,0.79296,0.33448,0.73941,0.41716,0.40141,-0.06865,-0.078181,0.47025,-0.25801,-0.062365,0.013478,0.18332,0.035839,0.24958,0.17471,0.55653,0.261,0.060127,0.087578,0.065493,0.20064,-0.1405,-0.21599,-0.069476,-0.12007,-0.10977,-0.28754,0.16489,0.10869,0.34745,-0.037257,0.0035713,-0.028418,0.25342,0.27368,0.24998,0.40733,0.65202,0.48357,-0.056551,0.11527,0.034196,0.081128,0.7665,0.49018,0.2867,0.29148,0.40263,0.40182,0.23505,0.1079,-0.1643,0.30866,-0.14087,-0.085884,0.1496,0.33739,0.03425,0.62494,-0.11302,0.10566,-0.21473,0.022213,-0.37452,-0.40123,-0.55744,-0.48673,0.2704,0.027714,0.0018486,0.10779,-0.476,-0.29571,-0.38556,-0.48887,-0.41593,0.28781
0.021998,0.069728,0.037385,-0.031632,0.13794,0.082956,-0.009463,-0.11162,-0.06557,-0.06092,-0.30736,-0.23205,-0.095787,-0.24546,0.26383,0.24307,-0.20667,-0.20396,0.446,0.25709,-0.13375,0.16212,0.11147,-0.052404,0.056397,0.0059596,0.40344,0.22464,0.054039,-0.046636,-0.32137,-0.36772,-0.071643,-0.19334,-0.10444,-0.27368,0.71339,0.66352,0.79296,1,0.38466,0.77485,0.39152,0.30243,-0.030176,-0.032227,0.49658,-0.26074,-0.064177,0.079029,0.1323,0.080889,0.2979,0.24681,0.70835,0.41185,0.051807,0.145,-0.012936,0.17644,-0.17464,-0.20371,-0.2529,-0.24075,-0.14946,-0.34773,0.1481,0.035819,0.28877,0.0088949,-0.095249,-0.18983,0.20259,0.14002,0.43929,0.47381,0.4681,0.23107,-0.27798,-0.23568,-0.21214,-0.16775,0.85478,0.4151,0.19244,0.24804,0.63264,0.53543,0.31994,0.17123,-0.1175,0.46204,-0.10564,-0.0039579,0.54172,0.73559,0.10804,0.78376,0.045095,0.27234,-0.18008,0.0032722,-0.44634,-0.47528,-0.55215,-0.49524,0.41758,0.05483,0.17955,0.42439,-0.66438,-0.12063,-0.22744,-0.42536,-0.22707,0.16523
0.41717,0.56922,0.0019759,0.16479,0.21053,-0.035825,0.043173,0.2717,0.10416,0.29422,0.11957,0.4041,0.24308,0.30574,0.46247,0.58924,0.27612,0.36226,0.267,0.42222,0.063969,0.13677,-0.01403,0.062451,-0.10378,-0.15138,0.071837,-0.025244,0.5025,0.44435,0.026229,-0.0037499,0.23723,0.19516,0.012114,-0.1411,0.43506,0.51628,0.33448,0.38466,1,0.5975,0.59076,0.51787,0.20658,0.18793,0.55066,0.23117,0.19238,0.31446,0.32701,0.29647,0.47896,0.33947,0.37148,0.35769,0.42568,0.3664,0.2505,0.36123,0.28625,0.24711,0.37543,0.42256,0.049567,0.011594,0.12739,0.10606,0.24924,0.1106,0.24466,0.26545,0.66909,0.66102,0.56886,0.53218,0.42075,0.4014,0.31156,0.067879,0.27446,0.22678,0.49657,0.49506,0.16711,0.3724,0.20253,0.24829,0.22489,0.31881,0.052701,0.065242,0.050902,0.020716,0.25073,0.25893,0.26486,0.39449,0.18485,0.39615,0.056974,0.1618,0.039886,0.084257,-0.11266,-0.084531,0.2187,0.22496,0.26119,0.33254,-0.06233,0.0063466,0.091089,-0.1156,-0.10975,0.29331
0.01585,0.083899,-0.078337,-0.08435,0.094733,-0.0202,-0.15961,-0.11693,-0.16718,-0.015562,-0.22028,-0.028728,-0.022674,-0.00018613,0.34338,0.40418,0.062695,0.10206,0.27464,0.24144,-0.29146,0.096765,-0.020388,-0.1035,-0.031318,-0.081557,0.23534,0.13392,0.27364,0.26891,-0.23863,-0.22731,-0.083996,-0.16508,-0.07182,-0.23086,0.68128,0.59135,0.73941,0.77485,0.5975,1,0.46053,0.37223,-0.021446,-0.077256,0.475,-0.29224,-0.10813,-0.0095179,0.10403,-0.033593,0.26093,0.12007,0.48984,0.21221,0.010914,0.064375,-0.050973,0.12059,-0.19408,-0.20454,-0.079009,-0.027551,-0.15229,-0.37881,0.013313,-0.058907,0.13767,-0.14715,0.00077633,-0.038297,0.45262,0.45806,0.36529,0.44627,0.57058,0.43433,-0.029205,0.048306,0.043546,-0.014456,0.80109,0.40834,0.16024,0.23238,0.33219,0.33451,0.20631,0.076088,-0.21952,0.18192,-0.17852,-0.16282,0.21946,0.39479,0.016175,0.55194,-0.13125,0.11116,-0.22434,-0.043987,-0.4053,-0.42166,-0.54837,-0.48205,0.1352,0.054469,0.010774,0.14834,-0.48538,-0.32036,-0.37084,-0.48523,-0.39191,0.35172
