1,0.64409,0.47183,0.15485,0.14475,0.074308,0.6313,0.18563,0.23838,0.11766,0.52949,0.2853,0.63913,0.3196,0.45865,0.24881,0.1839,0.17077,0.58476,0.42363,0.030365,0.028173,0.39206,0.13138,0.064067,0.043818,-0.041127,-0.0054694,0.29579,0.045142,0.045541,-0.093513,0.2795,0.14085,-0.10108,-0.24776,-0.071207,0.031156,0.078467,0.018074,0.097834,0.26199,0.054016,0.072967,-0.087165,-0.017698,0.049085,0.051724,0.1866,0.24825,0.23065,0.29755,0.33606,0.41783,0.22703,0.22723,0.66824,0.63356,0.69918,0.4184,0.64365,0.12997,0.42881,0.12412,0.13735,-0.091548,0.23534,0.053012,0.53806,0.25927,-0.16946,-0.098898,0.10208,0.021706,0.10942,0.1411,-0.072212,-0.12656,0.030774,-0.067307,0.015591,-0.015015,0.4439,0.023155,0.15423,0.033619,0.077681,-0.13118,0.44127,0.35051,0.33957,0.42313,0.35568,0.55509,0.14367,0.22467,0.0050719,0.15274,0.2999,0.44269,0.40305,0.5201,0.40077,0.53587,0.27,0.40076,0.41959,0.51701,0.11931,0.065503,-0.097614,0.14575,0.28034,0.1963,0.37131,0.13922
0.64409,1,0.2045,0.03851,0.15513,0.29897,0.5228,0.20543,0.028179,0.088348,0.32402,0.2177,0.52905,0.51767,0.38907,0.44516,0.25955,0.51442,0.5142,0.59673,0.15984,0.029416,0.34085,0.071192,0.010795,0.1736,-0.17241,-0.052465,0.35849,0.27543,-0.027428,-0.17783,0.2737,0.15207,-0.20287,-0.26433,-0.42288,-0.27752,-0.05664,-0.056246,-0.16457,0.022932,0.076731,0.11103,0.043071,0.02104,0.0050127,0.070284,0.084238,0.082278,0.089034,0.16979,0.40762,0.56195,0.31931,0.34286,0.53521,0.79878,0.41634,0.3563,0.18187,-0.012801,0.29975,0.14365,-0.056394,-0.22832,0.13904,0.017736,0.38353,0.2751,-0.38907,-0.28128,-0.15079,-0.092237,-0.11785,-0.063752,-0.36244,-0.40368,0.097112,-0.1262,0.187,0.12891,0.45885,0.099838,0.18588,0.17129,-0.15886,-0.12516,0.57343,0.58969,0.29146,0.33398,0.48003,0.61982,0.19135,0.28532,-0.11377,0.11841,0.29413,0.42108,0.41923,0.66032,0.32086,0.6111,0.20203,0.38108,0.64756,0.32114,-0.033926,-0.035036,-0.19738,0.11266,0.26423,0.11274,0.22515,0.0833
0.47183,0.2045,1,0.61646,0.52292,0.23313,0.79529,0.48627,0.39157,0.21689,0.14176,0.018824,0.17749,-0.061234,0.33446,0.28605,-0.049336,-0.26541,0.34712,0.13789,0.18779,0.39886,0.59659,0.41289,0.56364,0.32729,0.43463,0.37821,0.00093572,-0.076241,0.55555,0.43544,0.3734,0.36677,0.4048,0.19345,0.020394,0.30552,0.51157,0.44554,-0.032556,0.14929,0.54624,0.52373,0.38732,0.39483,0.46136,0.47683,0.42214,0.37346,0.56633,0.55214,0.34576,0.32738,0.40826,0.44775,0.37425,0.30281,0.32977,0.21474,0.36027,0.13162,0.25135,0.1839,0.49655,0.3874,0.59499,0.40469,0.44848,0.28823,0.37151,0.39512,0.427,0.23675,0.45698,0.37194,0.32082,0.32831,0.14874,0.094883,0.12382,0.1692,0.28959,0.10672,0.44473,0.43859,0.014909,0.15477,0.33748,0.37219,0.4228,0.47178,0.22766,0.33233,0.21988,0.013227,0.40686,0.43927,0.33759,0.42225,0.3091,0.24058,0.4687,0.36158,0.36329,0.3894,0.22271,0.46798,0.16815,0.28556,0.34366,0.31409,0.30462,0.31526,0.34827,0.0064941
0.15485,0.03851,0.61646,1,0.33283,0.53675,0.51242,0.83158,0.29138,0.50389,0.034707,0.35738,-0.024482,0.11034,0.07296,0.34223,-0.037057,-0.15726,0.24788,0.31256,0.19526,0.43849,0.48544,0.75564,0.56341,0.6207,0.40703,0.5159,-0.075746,0.054763,0.58204,0.73262,0.37733,0.57467,0.51528,0.6361,0.054244,0.29882,0.36615,0.43427,-0.0085321,0.21577,0.56096,0.52342,0.55858,0.61629,0.44227,0.47604,0.3098,0.25204,0.29112,0.3297,0.11749,0.10849,0.20238,0.2292,0.19571,0.21248,0.14345,0.42972,0.1454,0.55794,0.0032978,0.48559,0.4782,0.72371,0.63279,0.69818,0.40489,0.42101,0.36767,0.35882,0.38876,0.3434,0.37698,0.30683,0.38686,0.43675,0.18273,0.1113,0.18344,0.28801,-0.020651,0.31745,0.38629,0.55267,0.05261,0.45549,0.13186,0.2472,0.49544,0.26565,0.30081,0.0489,0.11463,0.034953,0.4369,0.32333,0.16978,0.13414,0.40705,0.025544,0.47376,0.076936,0.43634,0.20742,0.059573,0.33409,0.12095,0.21453,0.23239,0.12052,0.16239,0.20404,0.20246,-0.064596
0.14475,0.15513,0.52292,0.33283,1,0.30799,0.40954,0.26061,0.4661,0.13181,0.046772,-0.07614,0.10019,-0.040468,0.36975,0.18443,0.029593,-0.13919,0.1865,0.090765,0.37426,0.42043,0.38017,0.24788,0.68704,0.3924,0.59353,0.4909,-0.0903,-0.16707,0.4434,0.33985,0.24666,0.24793,0.30265,0.194,-0.036332,0.16157,0.29412,0.20637,-0.11252,-0.026786,0.46522,0.49711,0.36896,0.33884,0.29491,0.36334,0.37117,0.31592,0.41724,0.44104,0.23751,0.25433,0.30127,0.29148,0.22262,0.20259,0.0737,0.069981,0.097524,-0.00077594,0.11046,0.025077,0.41648,0.27671,0.41532,0.29348,0.26587,0.16423,0.25798,0.33272,0.20182,0.068061,0.23462,0.1936,0.15589,0.12012,0.17249,0.13566,0.089539,0.12996,0.10841,-0.060883,0.37414,0.32047,-0.046874,0.072596,0.18723,0.2074,0.14915,0.16669,0.074607,0.095608,0.114,0.049937,0.28396,0.24486,0.22917,0.21414,0.1982,0.091578,0.25965,0.21503,0.24703,0.28132,0.11188,0.2414,0.19627,0.066219,0.26759,0.19939,0.1837,0.20753,0.19218,0.16483
0.074308,0.29897,0.23313,0.53675,0.30799,1,0.36488,0.65386,0.1928,0.4812,0.063296,0.31783,0.079381,0.32312,0.15129,0.34542,-0.086004,0.14293,0.18825,0.34027,0.34969,0.32867,0.3241,0.48722,0.38735,0.66309,0.084851,0.3365,-0.044822,0.088636,0.18027,0.25193,0.13568,0.27226,0.12265,0.25107,-0.24694,-0.14846,-0.015778,0.10793,-0.3169,-0.13407,0.28355,0.29697,0.25289,0.24399,0.12028,0.22348,-0.061935,-0.064835,-0.087202,0.02259,0.15436,0.31093,0.21645,0.16265,0.01449,0.27891,0.048121,0.39069,-0.12484,0.3598,-0.13475,0.33753,0.13352,0.27669,0.27688,0.35975,0.15132,0.35288,-0.1263,-0.12399,-0.22889,-0.20874,-0.17974,-0.23405,-0.27257,-0.19858,-0.054688,-0.21905,-0.049793,-0.022011,0.013567,0.084526,0.060125,0.25881,-0.064544,0.14944,0.29142,0.38448,0.5095,0.28038,0.54656,0.37621,0.17135,0.20155,0.088472,0.0054907,0.12614,0.14548,0.44943,0.39964,0.21757,0.2984,0.40604,0.31942,0.38744,0.15466,0.13091,0.002845,-0.051274,0.12342,0.20339,0.15162,0.15715,0.038515
0.6313,0.5228,0.79529,0.51242,0.40954,0.36488,1,0.58579,0.41824,0.32337,0.36658,0.21419,0.49086,0.21067,0.48631,0.46936,-0.050271,0.0064005,0.4344,0.36571,0.14222,0.31327,0.63941,0.35728,0.37344,0.34482,0.21379,0.30159,0.19225,0.062351,0.32543,0.20337,0.29212,0.29894,0.14475,-0.033216,-0.2425,-0.0099934,0.20919,0.17309,-0.16424,0.0020067,0.37112,0.37506,0.2434,0.24334,0.28363,0.33222,0.24642,0.20184,0.41004,0.41238,0.44985,0.47679,0.41266,0.42249,0.37241,0.47634,0.44759,0.36513,0.42531,0.18414,0.28232,0.29658,0.39154,0.15651,0.46776,0.25258,0.49093,0.3687,0.063086,0.14313,0.16368,0.033027,0.21524,0.20788,-0.033552,-0.026455,0.10629,-0.047183,0.10643,0.093304,0.40409,0.17082,0.31728,0.34437,-0.15724,-0.032699,0.5991,0.55272,0.48985,0.55163,0.45988,0.60394,0.1553,0.087265,0.11443,0.23258,0.28712,0.41557,0.50902,0.53316,0.47459,0.52822,0.36052,0.46527,0.4839,0.4903,0.1796,0.098815,0.11249,0.21693,0.31029,0.18111,0.29785,0.019731
0.18563,0.20543,0.48627,0.83158,0.26061,0.65386,0.58579,1,0.26266,0.61574,0.041708,0.54992,0.087674,0.32879,0.051818,0.33116,-0.059111,-0.037302,0.13583,0.32624,0.20598,0.36057,0.42926,0.68423,0.36345,0.64474,0.1459,0.40116,-0.07652,0.088004,0.36606,0.54745,0.26594,0.5004,0.33516,0.48706,-0.22854,0.022842,0.18253,0.32191,-0.2353,0.0023019,0.52283,0.53818,0.49647,0.52327,0.34472,0.44876,0.2337,0.23846,0.20735,0.29672,0.19473,0.27276,0.26306,0.27532,0.11331,0.29309,0.22797,0.60209,0.14565,0.6941,-0.080896,0.55601,0.35153,0.60908,0.53202,0.62058,0.27549,0.47662,0.15756,0.13326,0.11251,0.10785,0.12644,0.072964,0.04111,0.12355,0.14,-0.046521,0.08306,0.12636,-0.045182,0.19149,0.2351,0.46314,-0.12485,0.26619,0.33019,0.45624,0.614,0.33333,0.55607,0.2794,0.13435,0.075142,0.2862,0.23705,0.14573,0.18286,0.59768,0.29934,0.44114,0.25381,0.47973,0.33346,0.28845,0.33757,0.13758,0.096463,0.11102,0.11858,0.2225,0.19166,0.20529,0.022257
0.23838,0.028179,0.39157,0.29138,0.4661,0.1928,0.41824,0.26266,1,0.55486,0.25628,0.22153,0.38979,0.055158,0.57993,0.2958,0.20841,-0.16935,0.030498,-0.10188,0.097195,0.30726,0.46135,0.40487,0.44194,0.30059,0.47257,0.40969,0.034077,-0.1103,0.14465,0.17671,0.1935,0.14528,0.31192,0.12156,0.095077,0.042764,0.13331,-0.040421,0.016168,0.10355,0.22929,0.25352,0.1565,0.075324,0.19827,0.11261,0.3368,0.30505,0.28922,0.26563,0.14508,0.12528,0.10567,0.11587,0.24445,0.094074,-0.015556,-0.074419,0.28796,0.17726,0.12626,0.086584,0.53481,0.3192,0.045751,-0.0099417,0.27007,-0.050241,0.36661,0.27334,0.25356,0.04745,0.23829,0.1979,0.20362,0.21308,0.27408,0.16689,0.22962,0.16289,0.24796,0.13001,0.28019,0.14091,-0.0074126,0.030738,0.091218,0.055492,0.11617,0.084124,0.10935,0.052181,-0.16544,-0.18695,0.0073422,-0.014978,0.04553,0.059922,0.093396,-0.035815,0.097769,-0.050021,0.046838,-0.007604,-0.015655,0.074628,0.2434,-0.0047713,0.14255,0.11045,0.055047,0.043003,0.12734,0.028765
0.11766,0.088348,0.21689,0.50389,0.13181,0.4812,0.32337,0.61574,0.55486,1,0.0292,0.50389,0.14213,0.25322,0.27125,0.36592,0.1009,-0.089263,-0.044118,0.03935,0.17466,0.30454,0.41146,0.63405,0.28497,0.42536,0.16892,0.39831,-0.11498,0.017507,0.11972,0.31204,0.051377,0.19898,0.20193,0.25458,-0.11655,0.073201,0.13096,0.11153,-0.19736,0.014074,0.32737,0.35179,0.25427,0.17642,0.30693,0.25939,0.25414,0.2968,0.1267,0.19531,0.2486,0.29079,0.25576,0.24429,0.10498,0.20424,-0.098365,0.19489,0.038898,0.48919,-0.14369,0.2349,0.32088,0.45484,0.022001,0.13054,0.15138,0.15093,0.13083,0.10032,0.12242,0.067315,0.12524,0.035163,0.015902,0.085364,0.24731,0.12999,0.20503,0.085094,0.018154,0.12038,0.16204,0.20983,-0.13225,0.10045,0.32984,0.34791,0.45135,0.22067,0.48345,0.16732,-0.01626,0.070972,0.11751,0.10724,0.11898,0.13843,0.31085,0.13152,0.17491,0.070849,0.29333,0.166,0.16676,0.18744,0.28122,0.052692,0.15421,0.1876,0.26773,0.23983,0.22918,0.15928
0.52949,0.32402,0.14176,0.034707,0.046772,0.063296,0.36658,0.041708,0.25628,0.0292,1,0.45581,0.78699,0.52343,0.55122,0.36854,0.28401,0.37428,0.62416,0.38495,-0.21467,-0.26515,0.4144,0.17674,-0.067332,0.011928,-0.21218,-0.18121,0.50312,0.25722,0.066935,-0.021488,0.36937,0.22005,0.032462,-0.14206,0.0074098,-0.18138,-0.23493,-0.30905,0.11692,0.1141,-0.16458,-0.1628,-0.11411,-0.06064,-0.1694,-0.21848,-0.084312,-0.088104,-0.097518,-0.081459,-0.062409,0.0036885,-0.12407,-0.12152,0.33211,0.28816,0.35324,0.20021,0.48897,0.24524,0.42557,0.32049,0.32659,-0.11491,0.052802,-0.035117,0.32787,0.078489,-0.23294,-0.25245,0.02248,-0.093792,-0.056168,-0.10253,-0.14703,-0.20921,-0.010074,-0.24096,-0.0010064,0.035503,0.47625,0.19871,0.072723,-0.080595,0.24115,0.062746,0.077305,0.0032216,0.051493,0.13113,0.10055,0.25641,0.011225,0.051246,-0.18846,-0.13882,0.025406,0.085426,0.18595,0.17196,0.12196,0.13745,0.083724,0.15078,0.093421,-0.0011084,0.043136,-0.16422,-0.27201,-0.068317,-0.035961,-0.15659,0.087743,0.088687
0.2853,0.2177,0.018824,0.35738,-0.07614,0.31783,0.21419,0.54992,0.22153,0.50389,0.45581,1,0.42174,0.73376,0.14802,0.35092,0.27366,0.34885,0.23719,0.2759,-0.11441,-0.14842,0.3124,0.50278,-0.10873,0.27491,-0.2676,-0.083256,0.19094,0.33284,0.0048312,0.23828,0.2698,0.37036,0.18262,0.29509,-0.19918,-0.14439,-0.12175,-0.020974,-0.061889,0.13961,0.046045,0.11113,0.13063,0.17392,0.0299,0.040001,0.032749,0.052812,-0.11904,-0.011444,-0.052229,0.074914,-0.046335,-0.018047,0.14804,0.2241,0.21235,0.40432,0.24993,0.6678,0.035043,0.54841,0.26193,0.31835,0.061125,0.21409,0.084374,0.16426,-0.14153,-0.23825,-0.010196,0.073876,-0.063674,-0.10402,-0.13795,-0.096946,0.17515,-0.08302,0.08674,0.1446,0.036335,0.20519,0.062839,0.14568,0.032797,0.24725,0.1061,0.20435,0.24858,0.03747,0.38274,0.15114,0.029219,0.089704,-0.0031394,-0.0005892,-0.019103,0.0604,0.34956,0.12967,0.079959,0.071132,0.26662,0.20982,0.093606,0.055642,0.025305,-0.092308,-0.15978,-0.050364,0.068704,0.061802,0.1567,0.11924
0.63913,0.52905,0.17749,-0.024482,0.10019,0.079381,0.49086,0.087674,0.38979,0.14213,0.78699,0.42174,1,0.60129,0.6922,0.42616,0.44553,0.39799,0.48759,0.3721,-0.10802,-0.1231,0.42399,0.11977,-0.064002,0.072996,-0.1978,-0.13527,0.58421,0.24967,-0.076941,-0.18068,0.38214,0.24222,-0.053858,-0.27199,-0.12698,-0.29558,-0.22602,-0.36168,0.045895,0.093164,-0.16473,-0.12294,-0.13549,-0.12256,-0.15394,-0.21538,0.10173,0.098861,0.07337,0.09393,0.19881,0.26571,0.029631,-0.0017826,0.46706,0.4309,0.46027,0.22176,0.56974,0.18956,0.50704,0.30566,0.25836,-0.20362,0.0038416,-0.13477,0.32639,0.029091,-0.23724,-0.28322,-0.083629,-0.21471,-0.098076,-0.11221,-0.29657,-0.35871,0.13192,-0.22438,0.13586,0.059271,0.52222,0.18076,0.12747,-0.079155,0.057025,-0.18712,0.30156,0.19408,0.089214,0.12153,0.21987,0.40682,-0.098094,-0.0095935,-0.31067,-0.1603,0.10911,0.18132,0.24381,0.34696,0.21483,0.29186,0.11775,0.21927,0.25024,0.051785,0.058047,-0.24297,-0.26495,-0.011205,0.048525,-0.14856,0.11417,0.088185
0.3196,0.51767,-0.061234,0.11034,-0.040468,0.32312,0.21067,0.32879,0.055158,0.25322,0.52343,0.73376,0.60129,1,0.32956,0.50758,0.40861,0.63114,0.40229,0.44758,0.071508,-0.19571,0.34211,0.319,-0.16352,0.28058,-0.37725,-0.20873,0.41742,0.49533,-0.070048,0.032381,0.39025,0.36352,0.059362,0.14093,-0.28128,-0.31812,-0.17724,-0.10771,-0.10217,0.022682,0.0075167,0.10184,0.14284,0.14518,-0.064077,-0.020485,0.0027561,-0.038259,-0.1091,-0.045556,0.043925,0.16408,0.030823,0.025484,0.26129,0.4047,0.24657,0.31389,0.16165,0.37252,0.19813,0.46676,0.17019,0.082077,0.057265,0.15037,0.11576,0.15198,-0.30476,-0.41117,-0.19746,-0.15422,-0.22152,-0.278,-0.33209,-0.33379,0.20367,-0.19864,0.19335,0.21805,0.30404,0.2544,0.1312,0.15418,0.077265,0.12393,0.18118,0.27313,0.14485,-0.062664,0.35077,0.23708,0.014834,0.079974,-0.12258,-0.02655,0.060154,0.11581,0.35586,0.24511,0.11714,0.1969,0.2303,0.26683,0.28346,-0.063703,-0.093345,-0.23078,-0.26804,-0.026102,0.08308,-0.019548,0.13106,0.1394
0.45865,0.38907,0.33446,0.07296,0.36975,0.15129,0.48631,0.051818,0.57993,0.27125,0.55122,0.14802,0.6922,0.32956,1,0.68626,0.31095,0.10567,0.46527,0.22099,0.23237,0.26669,0.58754,0.24668,0.2927,0.2819,0.27042,0.29918,0.44287,0.17241,0.15442,-0.012256,0.31064,0.12238,0.1644,-0.13454,-0.057883,-0.10772,0.066418,-0.14616,-0.033982,0.025219,0.13672,0.11859,0.10441,0.05565,0.14921,0.068611,0.27798,0.24745,0.28522,0.23619,0.36377,0.29557,0.23132,0.17777,0.36548,0.29311,0.13451,-0.039567,0.3262,0.017975,0.38421,0.14026,0.48974,-0.026617,0.037117,-0.12445,0.3851,-0.051884,-0.01587,0.056653,0.19247,0.003869,0.21579,0.17184,-0.072317,-0.09393,0.28899,-0.0017698,0.33661,0.2237,0.73711,0.35444,0.46079,0.18479,0.13573,0.055275,0.36608,0.28439,0.21652,0.25246,0.2322,0.34186,0.014909,0.016383,-0.08095,0.022661,0.27186,0.28775,0.24517,0.22642,0.29174,0.24765,0.088548,0.14868,0.21751,0.058419,0.23441,0.028529,0.057867,0.18081,0.17904,0.024195,0.18237,0.085452
0.24881,0.44516,0.28605,0.34223,0.18443,0.34542,0.46936,0.33116,0.2958,0.36592,0.36854,0.35092,0.42616,0.50758,0.68626,1,0.27614,0.32203,0.43806,0.4435,0.24728,0.30103,0.57894,0.42789,0.30325,0.39497,0.24322,0.36671,0.47691,0.51534,0.33959,0.27316,0.35531,0.30194,0.26827,0.14339,-0.23519,-0.072276,0.14508,0.084907,-0.11168,0.081189,0.24913,0.21124,0.33435,0.31891,0.27534,0.22967,0.19588,0.098351,0.19095,0.18017,0.36992,0.2901,0.31709,0.33843,0.24231,0.37853,0.047101,0.063218,0.10247,0.1543,0.30515,0.43248,0.33516,0.10683,0.16187,0.099608,0.44519,0.23924,-0.022318,0.093042,0.28181,0.29165,0.29307,0.26299,0.018961,0.032849,0.35803,0.16277,0.4756,0.44981,0.64875,0.62874,0.52531,0.49256,0.021993,0.35412,0.40143,0.44857,0.39373,0.32759,0.34375,0.28447,0.23684,0.14277,0.1155,0.20121,0.37775,0.35206,0.36025,0.19582,0.34472,0.25142,0.18437,0.16388,0.27845,0.13797,0.19964,0.19746,0.16242,0.26085,0.30378,0.13081,0.15042,-0.019905
0.1839,0.25955,-0.049336,-0.037057,0.029593,-0.086004,-0.050271,-0.059111,0.20841,0.1009,0.28401,0.27366,0.44553,0.40861,0.31095,0.27614,1,0.55236,0.18599,0.18046,-0.10978,-0.12059,-0.023666,-0.030202,-0.12891,0.046414,-0.13073,-0.038904,0.61954,0.50413,0.053062,0.10375,0.54393,0.41244,0.23753,0.13838,-0.016126,-0.089106,0.014674,-0.14214,0.097605,0.22001,0.056647,0.067788,0.24807,0.20638,0.091107,-0.029928,0.43574,0.3452,0.28039,0.2714,0.14023,0.13014,0.01334,0.015241,0.48866,0.27382,0.24411,0.01524,0.37628,0.16606,0.56833,0.38799,0.12286,0.062945,0.068585,0.065872,0.14526,-0.087856,-0.036652,-0.15096,0.25004,0.2141,0.19647,0.1605,0.054823,-0.004572,0.67021,0.32068,0.67862,0.50042,0.25242,0.27565,0.42225,0.16961,0.0022142,0.020856,-0.022198,0.018852,-0.028557,-0.22541,-0.092576,-0.16369,0.016244,-0.060916,-0.008509,0.10782,0.24856,0.18012,0.0061319,-0.094405,0.25087,0.012377,-0.045094,0.00055589,-0.1474,-0.022978,-0.043933,0.018042,0.076751,0.14891,0.0605,-0.11262,-0.084418,0.11209
0.17077,0.51442,-0.26541,-0.15726,-0.13919,0.14293,0.0064005,-0.037302,-0.16935,-0.089263,0.37428,0.34885,0.39799,0.63114,0.10567,0.32203,0.55236,1,0.32531,0.46921,-0.086781,-0.31132,0.0030164,-0.064516,-0.31659,0.018027,-0.46819,-0.33395,0.5937,0.64532,-0.075815,-0.055909,0.38582,0.26052,-0.099071,-0.078212,-0.23159,-0.30298,-0.30114,-0.28101,-0.00098893,0.023388,-0.2019,-0.19422,-0.018623,-0.028773,-0.20548,-0.18623,-0.16307,-0.24566,-0.20477,-0.20752,0.017407,0.13603,-0.076125,-0.037241,0.33451,0.4362,0.1795,0.069606,0.10962,0.032005,0.40886,0.42092,-0.1927,-0.28516,-0.067937,-0.055674,0.12028,0.12232,-0.46696,-0.47463,-0.19573,-0.036189,-0.28868,-0.20906,-0.31071,-0.36888,0.19092,0.098338,0.3243,0.33831,0.22681,0.30428,0.055381,-0.001544,-0.03164,-0.085636,0.049381,0.069109,0.083929,-0.05409,0.18082,0.18029,0.19111,0.24812,-0.175,-0.031426,0.1975,0.18309,0.17901,0.20546,0.17415,0.26829,0.050127,0.1793,0.15494,-0.064651,-0.11646,-0.026923,-0.22719,0.049317,0.080306,-0.11861,-0.073028,0.10675
0.58476,0.5142,0.34712,0.24788,0.1865,0.18825,0.4344,0.13583,0.030498,-0.044118,0.62416,0.23719,0.48759,0.40229,0.46527,0.43806,0.18599,0.32531,1,0.72578,0.13578,-0.097997,0.55793,0.29395,0.21078,0.16815,-0.020976,0.0078299,0.42968,0.27693,0.38143,0.21402,0.46669,0.2922,0.071399,-0.0034186,0.0076916,0.06582,-0.026981,-0.039073,0.018998,0.17528,0.03529,0.0089271,0.12955,0.18748,-0.032575,0.0012059,-0.0092046,-0.0076306,-0.038447,0.0063889,0.047261,0.12188,-0.023886,-0.00074446,0.51036,0.54724,0.40381,0.32139,0.35697,0.17916,0.41918,0.27602,0.33568,-0.019305,0.34331,0.22515,0.55475,0.38722,-0.17468,-0.070258,0.12405,0.034183,0.13044,0.064418,-0.033937,-0.11134,-0.023485,-0.15071,0.092506,0.11386,0.47728,0.22735,0.28799,0.11241,0.26441,0.15393,0.1436,0.11899,0.26254,0.28013,0.16306,0.34082,0.27428,0.29262,0.11876,0.15982,0.18769,0.26184,0.29996,0.285,0.38731,0.36585,0.18156,0.26698,0.24449,0.24939,-0.011359,0.055681,-0.14471,0.022524,0.085138,0.13847,0.28132,-0.013868
0.42363,0.59673,0.13789,0.31256,0.090765,0.34027,0.36571,0.32624,-0.10188,0.03935,0.38495,0.2759,0.3721,0.44758,0.22099,0.4435,0.18046,0.46921,0.72578,1,0.20505,0.039251,0.36562,0.31858,0.13246,0.25315,-0.050747,0.12695,0.44409,0.37869,0.31213,0.25347,0.41684,0.40894,-0.038651,0.071275,-0.12677,-0.061741,-0.17878,-0.12673,-0.0022533,0.15117,-0.082687,-0.060479,0.20516,0.28853,-0.20846,-0.10715,-0.064507,-0.034385,-0.1931,-0.041075,-0.020992,0.078692,-0.10718,-0.054451,0.43341,0.62263,0.42483,0.49366,0.27814,0.33012,0.36645,0.50263,0.061172,-0.052548,0.35118,0.30885,0.61351,0.59705,-0.21529,-0.13371,0.025481,0.071012,0.017607,0.041455,-0.11507,-0.17802,0.010053,-0.094882,0.1631,0.14031,0.23543,0.29395,0.13825,0.11504,0.056032,0.060684,0.16921,0.16898,0.32676,0.21182,0.28066,0.27628,0.17726,0.38096,0.01102,0.077598,0.15379,0.122,0.41332,0.30324,0.41846,0.35855,0.17166,0.19461,0.34178,0.23131,-0.089628,-0.052503,-0.26003,-0.1227,-0.049361,-0.068475,0.052608,0.00021371
0.030365,0.15984,0.18779,0.19526,0.37426,0.34969,0.14222,0.20598,0.097195,0.17466,-0.21467,-0.11441,-0.10802,0.071508,0.23237,0.24728,-0.10978,-0.086781,0.13578,0.20505,1,0.36072,0.25082,0.22997,0.5024,0.42986,0.32226,0.39257,-0.089471,-0.023481,0.2825,0.25152,0.098228,0.13058,0.049411,0.1944,-0.044604,0.062972,0.12054,0.20379,-0.24348,-0.11937,0.30495,0.33629,0.30731,0.27401,0.14831,0.30557,0.199,0.17117,0.13802,0.18411,0.15553,0.20938,0.12708,0.11601,0.069085,0.14791,0.081228,0.14389,-0.11357,-0.040062,-0.057167,0.017314,0.19605,0.20637,0.29707,0.28623,0.1789,0.18279,0.12538,0.19209,-0.046641,-0.097726,0.038491,-0.11757,0.0097225,-0.0053692,0.08016,-0.026643,0.070265,0.023702,0.039331,0.021166,0.16303,0.26454,0.12534,0.068246,0.084908,0.16106,0.18695,0.10393,0.16946,0.13299,0.082295,0.20045,0.17488,0.22262,0.14053,0.14405,0.30919,0.12487,0.24282,0.22666,0.10615,0.18877,0.18718,0.22379,-0.0044848,-0.0035821,0.046325,0.081377,0.12107,0.20615,0.10317,0.06804
0.028173,0.029416,0.39886,0.43849,0.42043,0.32867,0.31327,0.36057,0.30726,0.30454,-0.26515,-0.14842,-0.1231,-0.19571,0.26669,0.30103,-0.12059,-0.31132,-0.097997,0.039251,0.36072,1,0.17275,0.26841,0.54529,0.42146,0.68015,0.79621,-0.18127,-0.16226,0.34435,0.35715,0.17206,0.24949,0.30584,0.24574,-0.029997,0.15529,0.33969,0.34856,-0.00016651,0.09888,0.43852,0.38631,0.40743,0.40292,0.40261,0.38329,0.41183,0.38927,0.43405,0.43788,0.33385,0.24944,0.36812,0.35674,0.12819,0.09351,-0.028554,0.062279,0.029508,0.095077,0.067826,0.1348,0.18129,0.31358,0.29769,0.22836,0.2819,0.039907,0.4531,0.51948,0.37073,0.32804,0.38096,0.47422,0.33997,0.41448,0.19138,0.25503,0.27038,0.26257,0.14653,0.2945,0.42424,0.3951,0.011485,0.21992,0.21977,0.23327,0.32053,0.1951,0.080505,-0.011042,0.011636,-0.12127,0.31718,0.21143,0.32284,0.19832,0.13114,-0.022047,0.31615,0.013252,0.19208,-0.042883,0.069554,0.1904,0.36621,0.28852,0.38481,0.23756,0.15381,0.028701,0.046743,0.1238
0.39206,0.34085,0.59659,0.48544,0.38017,0.3241,0.63941,0.42926,0.46135,0.41146,0.4144,0.3124,0.42399,0.34211,0.58754,0.57894,-0.023666,0.0030164,0.55793,0.36562,0.25082,0.17275,1,0.73923,0.51709,0.39851,0.23197,0.2545,0.15816,0.13148,0.4705,0.36101,0.33571,0.3283,0.28788,0.13804,0.0077931,0.13756,0.18655,0.14486,-0.1086,0.048715,0.33973,0.35445,0.27483,0.23956,0.2016,0.26186,0.16928,0.14674,0.14106,0.19908,0.11795,0.22011,0.16477,0.18586,0.37227,0.45611,0.12912,0.24582,0.20234,0.26598,0.086004,0.1608,0.64599,0.31221,0.34915,0.26429,0.45531,0.30508,0.17311,0.16929,0.16805,-0.0043582,0.16119,0.076799,0.071282,0.076324,0.0043958,-0.05434,0.077692,0.10963,0.41453,0.22425,0.29497,0.2527,0.14177,0.21669,0.21987,0.2849,0.36628,0.36464,0.34182,0.36515,0.091828,0.082064,0.1686,0.18919,0.15456,0.20557,0.33874,0.21742,0.28906,0.23827,0.28525,0.22403,0.25002,0.22383,0.018654,-0.0078817,-0.0026712,0.061178,0.11023,0.18913,0.37861,-0.049139
0.13138,0.071192,0.41289,0.75564,0.24788,0.48722,0.35728,0.68423,0.40487,0.63405,0.17674,0.50278,0.11977,0.319,0.24668,0.42789,-0.030202,-0.064516,0.29395,0.31858,0.22997,0.26841,0.73923,1,0.51151,0.57224,0.26241,0.39432,-0.057326,0.090025,0.47871,0.63143,0.31835,0.47872,0.43075,0.5049,0.14113,0.19884,0.19634,0.26175,0.0031847,0.16455,0.40383,0.41011,0.39408,0.40629,0.25088,0.29965,0.17853,0.18923,0.033203,0.12633,-0.060075,0.018573,0.049956,0.071679,0.24838,0.31779,0.011607,0.36868,0.068358,0.58827,-0.10561,0.35443,0.54335,0.61075,0.36763,0.47688,0.40149,0.3865,0.28612,0.19769,0.21054,0.11938,0.16693,0.051984,0.24639,0.292,0.049365,-0.0046689,0.07379,0.15016,0.070409,0.30266,0.21292,0.3146,0.21327,0.42351,0.0059192,0.13668,0.42897,0.19771,0.37165,0.073908,0.038808,0.080676,0.30403,0.187,0.081513,0.018193,0.34266,-0.013711,0.26905,-0.00035708,0.39143,0.108,0.063216,0.1495,0.089621,0.07361,-0.00045668,-0.0034899,0.037661,0.18281,0.30768,-0.044623
0.064067,0.010795,0.56364,0.56341,0.68704,0.38735,0.37344,0.36345,0.44194,0.28497,-0.067332,-0.10873,-0.064002,-0.16352,0.2927,0.30325,-0.12891,-0.31659,0.21078,0.13246,0.5024,0.54529,0.51709,0.51151,1,0.53957,0.7326,0.64652,-0.1655,-0.20091,0.74082,0.59468,0.31318,0.36118,0.43594,0.39181,0.23048,0.40782,0.48542,0.43495,-0.0037869,0.15635,0.54403,0.50406,0.48459,0.46738,0.40265,0.45893,0.40368,0.36177,0.37598,0.4165,0.11833,0.13319,0.22295,0.21434,0.23469,0.19975,0.013375,0.12309,0.0060295,0.11006,-0.0079308,0.057643,0.55488,0.5174,0.53404,0.47095,0.43989,0.27669,0.47164,0.55076,0.32632,0.18467,0.35216,0.25979,0.38819,0.39012,0.11626,0.17792,0.11194,0.20134,0.095489,0.17618,0.40283,0.41216,0.15854,0.35786,0.046378,0.097581,0.19513,0.22069,0.0011481,0.0030902,0.10902,0.081144,0.4589,0.35229,0.16471,0.10466,0.1512,-0.092175,0.2912,0.029523,0.21099,0.058869,0.0782,0.29783,0.19663,0.19069,0.2776,0.13288,0.076299,0.21485,0.19376,-0.036099
0.043818,0.1736,0.32729,0.6207,0.3924,0.66309,0.34482,0.64474,0.30059,0.42536,0.011928,0.27491,0.072996,0.28058,0.2819,0.39497,0.046414,0.018027,0.16815,0.25315,0.42986,0.42146,0.39851,0.57224,0.53957,1,0.29452,0.49518,0.051494,0.10138,0.40418,0.52729,0.39582,0.50855,0.46867,0.54495,-0.029213,-0.010179,0.21394,0.20674,-0.12971,-0.036974,0.43619,0.42001,0.47802,0.47513,0.233,0.30935,0.23468,0.1925,0.12652,0.15478,0.088871,0.14923,0.16044,0.088524,0.20394,0.25092,0.098268,0.38256,0.022095,0.48254,-0.021502,0.42686,0.44111,0.48753,0.48174,0.53628,0.30026,0.32459,0.11075,0.086863,0.012834,-0.031089,0.0272,-0.062827,0.027105,0.11005,0.18013,-0.015605,0.2019,0.23669,0.10137,0.30578,0.33074,0.38769,0.19556,0.29976,0.10892,0.25706,0.43483,0.088983,0.3895,0.1211,0.05198,0.04236,0.2204,0.12671,0.15355,0.041627,0.4752,0.14153,0.37244,0.14875,0.38756,0.2218,0.17615,0.14119,0.082758,0.016805,0.021278,0.04182,0.083323,0.10815,0.16061,-0.048927
-0.041127,-0.17241,0.43463,0.40703,0.59353,0.084851,0.21379,0.1459,0.47257,0.16892,-0.21218,-0.2676,-0.1978,-0.37725,0.27042,0.24322,-0.13073,-0.46819,-0.020976,-0.050747,0.32226,0.68015,0.23197,0.26241,0.7326,0.29452,1,0.78036,-0.19011,-0.19613,0.47603,0.43457,0.13378,0.16088,0.38713,0.31244,0.24285,0.382,0.46426,0.34385,0.17316,0.17016,0.37049,0.3087,0.3499,0.34662,0.35303,0.29211,0.36516,0.31347,0.37798,0.34895,0.082936,-0.081349,0.16297,0.19462,0.10751,-0.02894,-0.16199,-0.14776,0.02015,-0.017952,0.030411,-0.034137,0.38544,0.38413,0.27873,0.19921,0.40499,0.097712,0.60095,0.69784,0.56028,0.44436,0.56562,0.56649,0.6118,0.61081,0.19762,0.42493,0.25734,0.29218,0.16261,0.24932,0.46296,0.31957,0.063252,0.36356,-0.019724,-0.049037,0.036146,0.098934,-0.21037,-0.25688,0.032149,-0.078714,0.37396,0.25446,0.12763,8.3441e-05,-0.076187,-0.30237,0.17022,-0.16545,0.022141,-0.1422,-0.15816,0.20115,0.26281,0.29069,0.40333,0.12169,0.0052573,0.067325,0.023958,-0.059753
-0.0054694,-0.052465,0.37821,0.5159,0.4909,0.3365,0.30159,0.40116,0.40969,0.39831,-0.18121,-0.083256,-0.13527,-0.20873,0.29918,0.36671,-0.038904,-0.33395,0.0078299,0.12695,0.39257,0.79621,0.2545,0.39432,0.64652,0.49518,0.78036,1,-0.13911,-0.12836,0.40957,0.46385,0.168,0.27938,0.39246,0.3751,0.1016,0.17903,0.32382,0.27211,0.034251,0.13539,0.4475,0.39237,0.43165,0.40363,0.34888,0.3093,0.36908,0.3014,0.34172,0.33078,0.14905,0.0024795,0.18725,0.13937,0.14618,0.080064,-0.02635,0.13554,0.082797,0.2398,0.01911,0.18887,0.3746,0.45316,0.35445,0.30711,0.41692,0.18597,0.38885,0.4738,0.4238,0.32361,0.42156,0.4782,0.3889,0.42715,0.25518,0.30758,0.28504,0.21344,0.12054,0.28388,0.39316,0.35217,0.068135,0.30143,0.10811,0.099208,0.27159,0.12235,0.041909,-0.13244,0.021455,-0.016465,0.32794,0.17416,0.16544,0.022384,0.16763,-0.1464,0.29631,-0.094186,0.20608,-0.024784,-0.02768,0.26453,0.26158,0.1794,0.30133,0.12048,0.038088,0.049494,0.095564,0.074916
0.29579,0.35849,0.00093572,-0.075746,-0.0903,-0.044822,0.19225,-0.07652,0.034077,-0.11498,0.50312,0.19094,0.58421,0.41742,0.44287,0.47691,0.61954,0.5937,0.42968,0.44409,-0.089471,-0.18127,0.15816,-0.057326,-0.1655,0.051494,-0.19011,-0.13911,1,0.73489,0.14237,0.0264,0.48913,0.33923,0.081875,-0.10762,0.067376,-0.11942,-0.13757,-0.22882,0.21821,0.11839,-0.14689,-0.20224,0.015727,0.035907,-0.013225,-0.11589,0.044581,-0.0054011,0.023128,-0.007418,0.13463,0.077792,-0.0092865,-0.038218,0.36353,0.28038,0.3448,0.035752,0.41721,0.082517,0.67995,0.4987,-0.008547,-0.29314,0.049114,-0.048993,0.30764,0.073268,-0.25428,-0.26128,0.14071,0.1465,0.079678,0.070221,-0.079039,-0.14339,0.40395,0.099822,0.47651,0.29454,0.47409,0.45452,0.20838,0.035788,0.060675,-0.072368,0.01865,-0.043739,0.15275,0.074689,0.051148,0.12244,0.19848,0.096424,-0.05159,0.045381,0.35177,0.23877,0.16368,0.10092,0.28753,0.18818,-0.10466,0.032417,-0.026894,-0.038702,-0.083362,0.051936,-0.016747,0.16477,0.097667,-0.19126,-0.10444,-0.063469
0.045142,0.27543,-0.076241,0.054763,-0.16707,0.088636,0.062351,0.088004,-0.1103,0.017507,0.25722,0.33284,0.24967,0.49533,0.17241,0.51534,0.50413,0.64532,0.27693,0.37869,-0.023481,-0.16226,0.13148,0.090025,-0.20091,0.10138,-0.19613,-0.12836,0.73489,1,0.12903,0.16655,0.43819,0.40736,0.19121,0.14961,-0.19615,-0.15833,-0.097294,-0.052789,0.016697,0.047895,-0.069993,-0.094532,0.161,0.15852,0.045799,3.5413e-05,-0.015521,-0.10595,-0.055193,-0.043608,0.092426,0.048733,0.041816,0.074888,0.21019,0.22188,0.08383,0.0056181,0.11493,0.15163,0.3872,0.55156,-0.059881,-0.080758,0.047054,0.064564,0.21854,0.16093,-0.17269,-0.18453,0.14285,0.26421,0.094729,0.059634,-0.02662,-0.032823,0.40306,0.27229,0.56839,0.46327,0.38133,0.51442,0.28487,0.21591,-0.11059,0.16599,0.059254,0.088211,0.19833,0.070382,0.1352,0.0015284,0.25505,0.057055,0.022512,0.13503,0.31316,0.24098,0.24566,0.010283,0.24003,0.15607,-0.019587,0.064941,0.055986,-0.00036581,-0.14353,0.095022,0.022066,0.15808,0.19232,-0.01312,-0.063233,-0.056482
0.045541,-0.027428,0.55555,0.58204,0.4434,0.18027,0.32543,0.36606,0.14465,0.11972,0.066935,0.0048312,-0.076941,-0.070048,0.15442,0.33959,0.053062,-0.075815,0.38143,0.31213,0.2825,0.34435,0.4705,0.47871,0.74082,0.40418,0.47603,0.40957,0.14237,0.12903,1,0.82686,0.58162,0.59743,0.5426,0.4723,0.2735,0.48247,0.44061,0.46965,0.14961,0.23721,0.50986,0.41448,0.62803,0.65095,0.41368,0.45887,0.42274,0.38774,0.37271,0.38442,0.064039,0.024023,0.14718,0.20388,0.29984,0.2003,0.12763,0.15569,0.15758,0.26651,0.26901,0.37801,0.486,0.45158,0.6366,0.57359,0.44212,0.34363,0.41603,0.50666,0.51953,0.43774,0.4655,0.36876,0.48292,0.48679,0.24531,0.23998,0.28259,0.34093,0.11826,0.37508,0.51439,0.46531,0.19303,0.4311,-0.042378,0.02337,0.2939,0.23697,-0.051443,-0.085522,0.27249,0.13016,0.56352,0.44886,0.32305,0.21406,0.18325,-0.17329,0.49669,0.028931,0.20612,0.03973,-0.067965,0.24252,0.09717,0.32798,0.32864,0.16928,0.11364,0.18741,0.11015,-0.047711
-0.093513,-0.17783,0.43544,0.73262,0.33985,0.25193,0.20337,0.54745,0.17671,0.31204,-0.021488,0.23828,-0.18068,0.032381,-0.012256,0.27316,0.10375,-0.055909,0.21402,0.25347,0.25152,0.35715,0.36101,0.63143,0.59468,0.52729,0.43457,0.46385,0.0264,0.16655,0.82686,1,0.51754,0.64745,0.63359,0.691,0.21384,0.38521,0.36511,0.43991,0.10855,0.19945,0.51444,0.45494,0.6729,0.70724,0.37289,0.40906,0.37467,0.30516,0.25612,0.29145,-0.086608,-0.12004,0.017002,0.090164,0.19718,0.076218,0.0352,0.21637,0.11256,0.4776,0.1366,0.50042,0.46668,0.62533,0.57537,0.62669,0.35205,0.33873,0.45966,0.47004,0.5119,0.467,0.43613,0.32107,0.54427,0.55648,0.31647,0.28423,0.33215,0.36725,-0.093492,0.37233,0.43261,0.45861,0.18673,0.5128,-0.16924,-0.02547,0.28158,0.013104,-0.022796,-0.29152,0.18033,0.033102,0.52574,0.35735,0.18975,0.032485,0.16883,-0.32582,0.40835,-0.14404,0.29355,0.030661,-0.24006,0.13688,0.098088,0.24986,0.24947,0.055463,0.018225,0.16073,0.077854,0.0012716
0.2795,0.2737,0.3734,0.37733,0.24666,0.13568,0.29212,0.26594,0.1935,0.051377,0.36937,0.2698,0.38214,0.39025,0.31064,0.35531,0.54393,0.38582,0.46669,0.41684,0.098228,0.17206,0.33571,0.31835,0.31318,0.39582,0.13378,0.168,0.48913,0.43819,0.58162,0.51754,1,0.89332,0.61463,0.46194,0.18277,0.092899,0.24017,0.21213,0.27965,0.30272,0.31214,0.26444,0.5274,0.54027,0.26433,0.23705,0.48029,0.36567,0.33903,0.31836,0.046173,0.03532,0.023078,0.053404,0.60696,0.39071,0.39983,0.26412,0.47791,0.39547,0.60056,0.60934,0.48037,0.35425,0.57237,0.52443,0.4302,0.17438,0.17699,0.098451,0.36868,0.27526,0.27789,0.1671,0.28343,0.27969,0.37327,0.15644,0.50294,0.54607,0.37013,0.52,0.56574,0.37838,0.31378,0.30178,-0.099941,-0.022713,0.15461,-0.041785,-0.074265,-0.094449,0.12167,-0.040482,0.30852,0.25728,0.31453,0.17408,0.22953,-0.10776,0.52484,0.048435,0.15699,0.047775,-0.061429,0.11683,-0.058541,0.1291,0.10898,0.10014,0.02484,-0.052379,0.041304,-0.044042
0.14085,0.15207,0.36677,0.57467,0.24793,0.27226,0.29894,0.5004,0.14528,0.19898,0.22005,0.37036,0.24222,0.36352,0.12238,0.30194,0.41244,0.26052,0.2922,0.40894,0.13058,0.24949,0.3283,0.47872,0.36118,0.50855,0.16088,0.27938,0.33923,0.40736,0.59743,0.64745,0.89332,1,0.62707,0.59102,0.10686,0.059319,0.20682,0.27177,0.22108,0.24202,0.38142,0.35617,0.59512,0.62873,0.26244,0.28532,0.47753,0.36567,0.31015,0.35006,-0.017291,0.0038816,0.0037965,0.030782,0.48741,0.31925,0.37406,0.41467,0.41913,0.58763,0.42888,0.70912,0.45702,0.5085,0.637,0.66087,0.39576,0.27162,0.22688,0.10831,0.32572,0.27571,0.23612,0.12823,0.27517,0.29814,0.35514,0.11218,0.42314,0.46408,0.15604,0.47079,0.46068,0.41808,0.21234,0.35283,-0.096539,0.015358,0.21329,-0.069664,0.019946,-0.16052,0.068679,-0.063546,0.29647,0.2329,0.21284,0.059305,0.31954,-0.14901,0.48892,-0.020102,0.26236,0.088529,-0.061794,0.16684,-0.07502,0.065881,0.067257,0.0011593,-0.0040029,-0.049368,0.028945,-0.016501
-0.10108,-0.20287,0.4048,0.51528,0.30265,0.12265,0.14475,0.33516,0.31192,0.20193,0.032462,0.18262,-0.053858,0.059362,0.1644,0.26827,0.23753,-0.099071,0.071399,-0.038651,0.049411,0.30584,0.28788,0.43075,0.43594,0.46867,0.38713,0.39246,0.081875,0.19121,0.5426,0.63359,0.61463,0.62707,1,0.77041,0.28182,0.24914,0.48531,0.42753,0.22089,0.29499,0.4938,0.46005,0.59468,0.58197,0.44936,0.42036,0.44654,0.29753,0.35448,0.30273,-0.049892,-0.13764,0.065732,0.045936,0.14101,-0.10267,-0.0324,0.03928,0.10832,0.35968,0.086683,0.36158,0.66893,0.6788,0.48622,0.52389,0.18232,0.025862,0.40619,0.2896,0.46665,0.39124,0.39207,0.32321,0.46614,0.53995,0.36922,0.24629,0.36386,0.51001,0.17991,0.44103,0.50584,0.47835,0.25932,0.48555,-0.18737,-0.028824,0.12509,-0.10066,-0.10855,-0.31487,0.02508,-0.18121,0.41905,0.25241,0.12159,-0.038743,0.12129,-0.36197,0.31884,-0.22598,0.22957,-0.041653,-0.25902,0.012427,0.13386,0.20343,0.30814,0.08037,0.0025503,0.052713,0.080926,-0.060197
-0.24776,-0.26433,0.19345,0.6361,0.194,0.25107,-0.033216,0.48706,0.12156,0.25458,-0.14206,0.29509,-0.27199,0.14093,-0.13454,0.14339,0.13838,-0.078212,-0.0034186,0.071275,0.1944,0.24574,0.13804,0.5049,0.39181,0.54495,0.31244,0.3751,-0.10762,0.14961,0.4723,0.691,0.46194,0.59102,0.77041,1,0.23279,0.27178,0.40317,0.45312,0.054237,0.1826,0.45694,0.45776,0.65003,0.69962,0.3868,0.4235,0.32306,0.195,0.2019,0.18618,-0.17668,-0.24719,-0.027079,-0.050754,0.0020621,-0.12429,-0.046072,0.2528,-0.054146,0.50049,-0.12165,0.41879,0.48738,0.81036,0.56691,0.74409,0.12933,0.21184,0.40391,0.28971,0.32814,0.32317,0.30264,0.18352,0.47448,0.5515,0.3213,0.25323,0.31664,0.47629,-0.15893,0.36125,0.40626,0.54696,0.24301,0.54058,-0.28716,-0.07556,0.14162,-0.18766,-0.047919,-0.43008,-0.025082,-0.11622,0.48062,0.30892,0.032893,-0.13,0.18517,-0.39864,0.28862,-0.28709,0.21452,-0.10126,-0.22483,0.018867,-0.091788,0.1066,0.28181,0.037649,-0.048297,0.067168,0.028725,-0.069842
-0.071207,-0.42288,0.020394,0.054244,-0.036332,-0.24694,-0.2425,-0.22854,0.095077,-0.11655,0.0074098,-0.19918,-0.12698,-0.28128,-0.057883,-0.23519,-0.016126,-0.23159,0.0076916,-0.12677,-0.044604,-0.029997,0.0077931,0.14113,0.23048,-0.029213,0.24285,0.1016,0.067376,-0.19615,0.2735,0.21384,0.18277,0.10686,0.28182,0.23279,1,0.60735,0.33043,0.23786,0.69148,0.47123,0.052984,-0.065461,-0.0036412,0.045189,0.15735,0.034799,0.064972,0.080311,0.044293,-0.059421,-0.29494,-0.46709,-0.2228,-0.31717,0.087826,-0.18953,0.010891,-0.096763,0.14299,0.063079,0.082297,-0.053826,0.21349,0.18908,0.11838,0.14371,0.15856,-0.0050495,0.28187,0.17337,0.2571,0.15139,0.19314,0.12168,0.52338,0.48585,-0.052866,0.10697,-0.032401,-0.02891,-0.090754,0.18669,-0.049875,-0.17906,0.52136,0.090649,-0.52655,-0.66165,-0.11893,-0.15823,-0.33638,-0.3285,-0.049983,0.036382,0.3711,0.11541,-0.011992,-0.25053,-0.28878,-0.47319,-0.023453,-0.41115,-0.060894,-0.29691,-0.41919,-0.12275,0.046881,0.19924,0.16177,0.041928,-0.22095,-0.13037,0.016842,-0.04134
0.031156,-0.27752,0.30552,0.29882,0.16157,-0.14846,-0.0099934,0.022842,0.042764,0.073201,-0.18138,-0.14439,-0.29558,-0.31812,-0.10772,-0.072276,-0.089106,-0.30298,0.06582,-0.061741,0.062972,0.15529,0.13756,0.19884,0.40782,-0.010179,0.382,0.17903,-0.11942,-0.15833,0.48247,0.38521,0.092899,0.059319,0.24914,0.27178,0.60735,1,0.64135,0.59264,0.38816,0.53463,0.34814,0.24319,0.31738,0.34847,0.47599,0.4449,0.33763,0.3877,0.32745,0.34577,0.13846,-0.017421,0.24395,0.27181,0.12193,-0.021845,-0.059204,-0.1457,-0.011689,-0.024358,0.0018983,-0.079119,0.20524,0.36837,0.27737,0.26095,0.22188,0.18734,0.44399,0.54202,0.54868,0.49657,0.54289,0.4984,0.6277,0.59598,0.055591,0.40954,0.14528,0.20996,-0.10904,0.15876,0.27667,0.17707,0.2099,0.26914,-0.11416,-0.14639,0.21001,0.26046,-0.096234,-0.10809,0.33143,0.31517,0.72547,0.62778,0.32674,0.23957,-0.0706,-0.26114,0.23348,-0.053012,0.12978,0.043325,-0.10383,0.25375,0.17679,0.5087,0.51743,0.36313,0.23761,0.3293,0.27858,0.12435
0.078467,-0.05664,0.51157,0.36615,0.29412,-0.015778,0.20919,0.18253,0.13331,0.13096,-0.23493,-0.12175,-0.22602,-0.17724,0.066418,0.14508,0.014674,-0.30114,-0.026981,-0.17878,0.12054,0.33969,0.18655,0.19634,0.48542,0.21394,0.46426,0.32382,-0.13757,-0.097294,0.44061,0.36511,0.24017,0.20682,0.48531,0.40317,0.33043,0.64135,1,0.82291,0.21923,0.31118,0.638,0.55403,0.45865,0.44828,0.73479,0.69277,0.4917,0.43767,0.62012,0.55539,0.37408,0.1685,0.54371,0.52914,0.13604,0.041994,-0.059939,-0.061003,-0.040202,-0.031605,-0.043693,-0.051125,0.33661,0.47664,0.42184,0.36364,0.24622,0.16296,0.36217,0.43233,0.50508,0.49186,0.5503,0.50759,0.53181,0.53893,0.27617,0.42011,0.27778,0.33889,0.20372,0.24354,0.47419,0.46361,0.16427,0.38044,0.18283,0.22383,0.24928,0.24581,0.020055,-0.0024897,0.28382,0.1169,0.72666,0.70439,0.40176,0.33853,0.048345,-0.1268,0.25189,0.044437,0.22399,0.15177,0.044498,0.34803,0.20203,0.58945,0.60089,0.43196,0.36374,0.39828,0.30753,0.1177
0.018074,-0.056246,0.44554,0.43427,0.20637,0.10793,0.17309,0.32191,-0.040421,0.11153,-0.30905,-0.020974,-0.36168,-0.10771,-0.14616,0.084907,-0.14214,-0.28101,-0.039073,-0.12673,0.20379,0.34856,0.14486,0.26175,0.43495,0.20674,0.34385,0.27211,-0.22882,-0.052789,0.46965,0.43991,0.21213,0.27177,0.42753,0.45312,0.23786,0.59264,0.82291,1,0.20047,0.35096,0.6945,0.61614,0.52891,0.55391,0.73815,0.78438,0.43946,0.41059,0.55099,0.56023,0.31963,0.1989,0.53896,0.56239,0.045338,0.015645,-0.029181,0.051733,-0.15663,0.042006,-0.13258,0.027253,0.23428,0.53958,0.46024,0.48422,0.09735,0.17613,0.38413,0.45305,0.463,0.51027,0.4963,0.42254,0.50633,0.54337,0.2117,0.29264,0.19202,0.26081,0.036543,0.21821,0.40321,0.51853,0.12635,0.43329,0.13995,0.22738,0.31636,0.27167,0.09003,0.025967,0.43053,0.1369,0.78131,0.75055,0.40128,0.3646,0.12467,-0.095599,0.21759,0.036625,0.279,0.18322,0.11286,0.3455,0.17311,0.56486,0.55559,0.43424,0.44467,0.45193,0.33542,0.11392
0.097834,-0.16457,-0.032556,-0.0085321,-0.11252,-0.3169,-0.16424,-0.2353,0.016168,-0.19736,0.11692,-0.061889,0.045895,-0.10217,-0.033982,-0.11168,0.097605,-0.00098893,0.018998,-0.0022533,-0.24348,-0.00016651,-0.1086,0.0031847,-0.0037869,-0.12971,0.17316,0.034251,0.21821,0.016697,0.14961,0.10855,0.27965,0.22108,0.22089,0.054237,0.69148,0.38816,0.21923,0.20047,1,0.66797,-0.04417,-0.16911,-0.063558,-0.018066,0.097008,-0.075875,0.087409,0.06623,0.077082,-0.017474,-0.16474,-0.37715,-0.13427,-0.15162,0.27697,-0.056107,0.083046,-0.15899,0.26707,0.037979,0.26842,0.094139,0.04826,0.014147,-0.02142,-0.016021,0.2273,-0.1065,0.11942,0.072787,0.36906,0.38432,0.24555,0.27912,0.45904,0.4101,0.029853,0.10334,0.068676,0.11075,0.13141,0.32926,0.009227,-0.15406,0.31647,0.14878,-0.34528,-0.49957,-0.17322,-0.17254,-0.30096,-0.28049,-0.011233,-0.011623,0.19643,0.055334,0.060485,-0.13884,-0.242,-0.40063,-0.0015895,-0.34789,-0.0094125,-0.23518,-0.26578,-0.057067,0.20328,0.23528,0.041408,-0.0061657,-0.12781,-0.19298,-0.01821,0.024812
