1,0.72605,0.64585,0.66306,0.41647,0.52405,0.6596,0.71413,0.4479,0.43291,0.53956,0.60405,0.4561,0.38687,0.44709,0.32304,0.65209,0.16028,0.69401,0.56672,0.46915,0.52817,0.43673,0.35085,0.33844,0.31912,0.35511,0.41702,0.63092,0.40693,0.50105,0.54546,0.71041,0.71372,0.30949,0.20923,0.64032,0.6266,0.50417,0.51287,0.53191,0.413,0.59175,0.60933,0.65975,0.59205,0.72181,0.76261,0.56547,0.53181,0.71377,0.65594,0.72791,0.58032,0.70901,0.60164,0.75909,0.60646,0.74433,0.7478,0.75749,0.60969,0.66303,0.41891,0.41963,0.5266,0.74108,0.63492,0.43163,0.59173,0.5218,0.56434,0.53812,0.43037,0.42299,0.41258,0.66494,0.58841,0.59189,0.19197,0.60146,0.59206,0.56701,0.42946,0.52515,0.56388,0.4744,0.40268,0.64853,0.75203,0.6685,0.66064,0.52767,0.57781,0.13803,0.2519,0.52666,0.64621,0.63886,0.67528,0.44154,0.5169,0.6205,0.68144,0.32678,0.52391,0.219,0.31151,0.092682,0.36882,0.36893,0.64271,0.49808,0.58637,0.51473,-0.018021
0.72605,1,0.47981,0.57612,0.43979,0.57727,0.52466,0.54277,0.30147,0.36366,0.43096,0.49314,0.27104,0.30267,0.42244,0.30694,0.66271,0.25553,0.61223,0.72479,0.50041,0.58976,0.3389,0.38343,0.31398,0.42027,0.46045,0.52466,0.55129,0.42841,0.43056,0.43819,0.69926,0.71764,0.24397,0.28852,0.47677,0.55833,0.28741,0.41107,0.61535,0.56556,0.45129,0.49649,0.52403,0.55693,0.69362,0.65259,0.62021,0.64164,0.72661,0.78275,0.72222,0.61991,0.66864,0.63629,0.69645,0.81168,0.51947,0.68839,0.43631,0.38909,0.53279,0.58576,0.194,0.30891,0.59292,0.57014,0.56625,0.63394,0.37757,0.46153,0.64652,0.65773,0.46162,0.48352,0.59757,0.58923,0.71151,0.24392,0.67142,0.69277,0.54063,0.54517,0.47709,0.59275,0.41417,0.52729,0.51858,0.6441,0.62191,0.5214,0.52572,0.50639,0.050711,0.11229,0.50897,0.59137,0.69146,0.59554,0.45456,0.40394,0.6175,0.61197,0.45345,0.54598,0.25601,0.28385,0.21103,0.31754,0.31504,0.70295,0.53793,0.48763,0.44263,-0.044135
0.64585,0.47981,1,0.70159,0.61123,0.5683,0.64535,0.52814,0.40714,0.31673,0.46085,0.40555,0.37429,0.29293,0.46425,0.30517,0.39798,-0.13098,0.71787,0.39471,0.47882,0.57472,0.74901,0.54913,0.66415,0.53914,0.51724,0.49182,0.47052,0.21284,0.78856,0.70708,0.65759,0.55131,0.58389,0.25508,0.66686,0.54475,0.64824,0.535,0.39097,0.16494,0.79541,0.76473,0.77569,0.65455,0.78216,0.81549,0.60783,0.56522,0.63293,0.66399,0.6274,0.66905,0.76278,0.72789,0.45828,0.42996,0.64619,0.52496,0.52081,0.27406,0.3382,0.060484,0.61095,0.5138,0.73784,0.62896,0.34058,0.5252,0.55752,0.63114,0.3944,0.18376,0.45708,0.29917,0.65336,0.58704,0.40906,0.21464,0.41737,0.35783,0.59679,0.36501,0.63559,0.58369,0.6112,0.58025,0.64467,0.63305,0.64968,0.68564,0.51056,0.56472,0.15167,0.22077,0.67278,0.6969,0.60392,0.66953,0.38396,0.45987,0.47657,0.53035,0.41719,0.5845,0.10275,0.18889,0.12116,0.28198,0.35009,0.55792,0.35898,0.55087,0.43163,0.10478
0.66306,0.57612,0.70159,1,0.49581,0.7039,0.47469,0.74461,0.34294,0.51059,0.30725,0.35943,0.18184,0.1747,0.28986,0.3296,0.42267,-0.13721,0.58853,0.40992,0.48744,0.7031,0.49328,0.65371,0.57063,0.61381,0.64116,0.6654,0.29022,0.11678,0.60336,0.73986,0.56104,0.67654,0.45935,0.30297,0.55932,0.5653,0.44116,0.5501,0.37063,0.2619,0.64825,0.67381,0.69883,0.59479,0.69113,0.7583,0.54309,0.49212,0.64138,0.61474,0.58094,0.56006,0.66483,0.63438,0.51133,0.48111,0.57111,0.6737,0.51456,0.53195,0.26527,0.11467,0.46334,0.74167,0.71834,0.81217,0.47711,0.62624,0.41626,0.58315,0.31498,0.21689,0.32099,0.18706,0.5929,0.6339,0.47113,0.14112,0.47649,0.43692,0.42996,0.32431,0.46304,0.67257,0.52634,0.52025,0.57452,0.71346,0.63514,0.54688,0.66159,0.41555,0.11296,0.1541,0.65469,0.65478,0.60275,0.61364,0.54869,0.31076,0.50743,0.43859,0.38611,0.48748,0.16199,0.22901,0.075963,0.25906,0.42454,0.62099,0.42441,0.4999,0.4397,0.080118
0.41647,0.43979,0.61123,0.49581,1,0.73813,0.51911,0.34538,0.64846,0.61989,0.53205,0.24957,0.34892,0.31539,0.62511,0.5378,0.16463,-0.24993,0.51671,0.21075,0.60913,0.50828,0.74061,0.64918,0.57997,0.61935,0.60812,0.63606,0.18249,-0.16068,0.42363,0.42532,0.36125,0.22343,0.37279,0.23954,0.39621,0.34165,0.35743,0.29163,0.29423,0.086967,0.67365,0.6737,0.58145,0.4638,0.70343,0.60594,0.57001,0.56139,0.4315,0.61422,0.41208,0.60922,0.48705,0.62904,0.30719,0.33338,0.54018,0.45309,0.46661,0.25662,0.29051,0.040254,0.66738,0.46548,0.44871,0.39707,0.40015,0.43147,0.40959,0.55767,0.33177,0.13042,0.49172,0.25105,0.43562,0.35194,0.21266,-0.080199,0.086599,0.15666,0.60071,0.3849,0.7089,0.60939,0.63634,0.62925,0.62302,0.65015,0.52112,0.62119,0.53538,0.58494,0.18325,0.2561,0.45853,0.49455,0.4941,0.56363,0.3953,0.52508,0.38265,0.49406,0.36448,0.45664,0.047885,-0.0030816,0.23356,0.36742,0.14374,0.44784,0.24543,0.34332,0.37721,0.21409
0.52405,0.57727,0.5683,0.7039,0.73813,1,0.44489,0.56355,0.40524,0.60459,0.34509,0.28843,0.20862,0.23148,0.38527,0.40814,0.41766,-0.15503,0.49487,0.31826,0.68242,0.70798,0.51211,0.65334,0.52244,0.70163,0.71453,0.79324,0.24542,0.0039981,0.4691,0.58067,0.46514,0.50428,0.28868,0.23253,0.42512,0.47782,0.38862,0.47902,0.36932,0.26273,0.65718,0.63856,0.62578,0.49707,0.72189,0.67012,0.60893,0.57144,0.55538,0.63671,0.52262,0.57295,0.58953,0.66367,0.43941,0.48169,0.50204,0.58182,0.47498,0.44955,0.30878,0.22893,0.45733,0.5889,0.50106,0.58846,0.36375,0.46452,0.32805,0.51012,0.3272,0.1994,0.44899,0.18755,0.46029,0.39997,0.4406,0.020704,0.34241,0.35581,0.51366,0.39916,0.45794,0.58717,0.68379,0.58497,0.55773,0.63447,0.51324,0.5235,0.49043,0.41062,0.22317,0.24991,0.50507,0.57472,0.5085,0.54628,0.32465,0.31402,0.35028,0.40611,0.32181,0.4182,0.026105,0.00092518,0.28089,0.28611,0.15225,0.47584,0.29229,0.36279,0.36961,0.024573
0.6596,0.52466,0.64535,0.47469,0.51911,0.44489,1,0.73107,0.72816,0.548,0.75298,0.77549,0.75335,0.66696,0.76975,0.53322,0.40942,0.18441,0.74019,0.61508,0.20982,0.36604,0.63259,0.32702,0.16778,0.11638,0.085693,0.23539,0.74623,0.51714,0.50172,0.48493,0.66886,0.58376,0.28547,0.26221,0.52162,0.44525,0.20362,0.22151,0.35749,0.47141,0.61927,0.62641,0.70633,0.69134,0.66732,0.73748,0.66864,0.62628,0.65057,0.67788,0.52588,0.52249,0.46816,0.49147,0.33596,0.32277,0.82364,0.68045,0.77191,0.56951,0.62931,0.36818,0.6297,0.39008,0.64718,0.47427,0.48409,0.56974,0.59184,0.57371,0.50115,0.42222,0.51205,0.47584,0.75281,0.69127,0.37193,0.30096,0.51303,0.47893,0.62245,0.52623,0.66963,0.55611,0.24391,0.32561,0.64702,0.7012,0.74591,0.76245,0.61011,0.83076,-0.12894,-0.030653,0.32619,0.43445,0.60242,0.62015,0.47065,0.76066,0.68968,0.79484,0.51805,0.6385,0.38095,0.37774,0.087052,0.14151,0.45417,0.65744,0.47647,0.56211,0.58581,0.21164
0.71413,0.54277,0.52814,0.74461,0.34538,0.56355,0.73107,1,0.51865,0.61255,0.43404,0.67906,0.44893,0.45725,0.4151,0.40968,0.42926,0.13837,0.57351,0.51588,0.2247,0.49964,0.35071,0.35352,0.16645,0.19679,0.22996,0.34031,0.53558,0.39022,0.39433,0.61697,0.58352,0.74116,0.28076,0.28217,0.52689,0.51862,0.26195,0.45414,0.32861,0.43059,0.48548,0.48856,0.63914,0.6196,0.5968,0.70791,0.56091,0.52777,0.64847,0.57601,0.58133,0.41697,0.46936,0.49787,0.42507,0.37159,0.75314,0.79478,0.80363,0.84346,0.52787,0.39261,0.45819,0.69115,0.68224,0.70243,0.40263,0.62836,0.51103,0.57204,0.30855,0.29141,0.3768,0.27303,0.64214,0.65154,0.39393,0.20711,0.55019,0.509,0.37544,0.34102,0.38997,0.54266,0.28804,0.2433,0.65632,0.75314,0.70583,0.58665,0.65008,0.61573,0.029268,0.068177,0.34951,0.429,0.53163,0.5416,0.52095,0.50975,0.65275,0.64432,0.37403,0.469,0.33146,0.32369,0.19239,0.14415,0.38837,0.54912,0.4987,0.51414,0.4795,0.064519
0.4479,0.30147,0.40714,0.34294,0.64846,0.40524,0.72816,0.51865,1,0.80149,0.70153,0.58848,0.6498,0.63662,0.8585,0.77747,0.15981,-0.13198,0.54115,0.25738,0.24613,0.28637,0.70221,0.45917,0.23533,0.15048,0.17082,0.2302,0.35994,0.13795,0.27821,0.35646,0.32138,0.20762,0.27068,0.19502,0.35907,0.228,0.13902,0.10749,0.19642,0.19176,0.55123,0.56556,0.55686,0.51488,0.54154,0.56499,0.49684,0.49723,0.33883,0.52153,0.25502,0.39612,0.24461,0.35437,0.15973,0.098259,0.73945,0.51561,0.71653,0.54768,0.3707,0.062121,0.79873,0.51072,0.38947,0.27825,0.40409,0.41205,0.46118,0.50854,0.30957,0.1685,0.46336,0.36708,0.49715,0.44848,0.11205,0.054997,0.13912,0.16333,0.52376,0.41271,0.69269,0.54971,0.261,0.31984,0.61375,0.67965,0.57883,0.66335,0.58277,0.81287,-0.052488,0.0035571,0.19314,0.24102,0.41084,0.46776,0.36919,0.7839,0.44457,0.64545,0.4276,0.49833,0.21408,0.13953,0.079281,0.17453,0.28603,0.44142,0.28591,0.33092,0.50375,0.25156
0.43291,0.36366,0.31673,0.51059,0.61989,0.60459,0.548,0.61255,0.80149,1,0.57669,0.51092,0.40195,0.49388,0.66799,0.80426,0.22296,-0.11318,0.46142,0.20232,0.30821,0.43093,0.58697,0.60026,0.2797,0.31884,0.36048,0.4167,0.2106,0.017269,0.23871,0.46681,0.25833,0.26926,0.21558,0.18539,0.36391,0.33155,0.16794,0.26867,0.25345,0.22038,0.53408,0.54007,0.52499,0.46112,0.55828,0.58541,0.51349,0.48495,0.36541,0.55069,0.31564,0.41429,0.27474,0.45131,0.22309,0.19517,0.63772,0.59717,0.66237,0.67719,0.32372,0.068894,0.7291,0.71913,0.359,0.4203,0.42461,0.46541,0.38395,0.5135,0.25337,0.13191,0.41642,0.28335,0.41873,0.3975,0.18214,-0.014089,0.14681,0.23241,0.43442,0.36158,0.59519,0.61295,0.35728,0.38918,0.6097,0.76132,0.58121,0.5942,0.65513,0.66955,0.082516,0.084172,0.23995,0.30552,0.40092,0.44755,0.38949,0.58159,0.43264,0.55791,0.40243,0.45025,0.1581,0.03493,0.15394,0.18767,0.20038,0.41673,0.35611,0.34491,0.46703,0.1406
0.53956,0.43096,0.46085,0.30725,0.53205,0.34509,0.75298,0.43404,0.70153,0.57669,1,0.68365,0.82588,0.64865,0.82727,0.61415,0.39942,0.087762,0.67348,0.38276,0.18674,0.26976,0.66644,0.35183,0.19391,0.13535,0.1392,0.18041,0.5776,0.35433,0.36618,0.34439,0.4209,0.24431,0.15087,-0.0074127,0.3787,0.31918,0.13042,0.10284,0.36478,0.32968,0.54647,0.5579,0.50569,0.50366,0.55443,0.57615,0.46887,0.51646,0.38208,0.58772,0.33418,0.40556,0.35191,0.37036,0.19061,0.16036,0.6104,0.47088,0.64807,0.41286,0.6241,0.15392,0.63376,0.30588,0.36793,0.18485,0.41039,0.37981,0.50466,0.49512,0.51372,0.35569,0.48065,0.47198,0.57071,0.53543,0.21276,0.30517,0.34409,0.2898,0.65048,0.37279,0.7465,0.4955,0.25347,0.32363,0.50932,0.58549,0.56248,0.60734,0.50269,0.65757,-0.16673,-0.0041143,0.18298,0.32771,0.41637,0.47156,0.31812,0.64574,0.49947,0.63755,0.5652,0.59499,0.17794,0.25602,-0.068588,0.21609,0.45616,0.49501,0.24863,0.41379,0.62659,0.15666
0.60405,0.49314,0.40555,0.35943,0.24957,0.28843,0.77549,0.67906,0.58848,0.51092,0.68365,1,0.69871,0.80217,0.65367,0.55031,0.48302,0.27331,0.53575,0.49723,0.029773,0.29997,0.46146,0.28489,0.018653,-0.0019885,-0.037806,0.049876,0.72354,0.59874,0.35943,0.40215,0.51059,0.51331,0.21601,0.1906,0.47053,0.44602,0.15418,0.20744,0.30504,0.44221,0.43102,0.44602,0.51096,0.54397,0.51114,0.61498,0.50537,0.51385,0.4963,0.54755,0.46961,0.30478,0.36155,0.33819,0.23244,0.21063,0.69985,0.61094,0.7052,0.61902,0.57053,0.39946,0.50358,0.41367,0.4874,0.36607,0.29597,0.40695,0.53574,0.48832,0.39084,0.42812,0.35146,0.44482,0.59633,0.58532,0.2736,0.36054,0.49343,0.4469,0.49353,0.41115,0.48066,0.474,0.19569,0.24376,0.52268,0.60954,0.63533,0.5476,0.48941,0.64902,-0.17533,-0.07133,0.14917,0.27291,0.43249,0.43731,0.3349,0.64373,0.61469,0.63192,0.41876,0.51791,0.33699,0.34993,0.010152,0.05879,0.42353,0.48948,0.39466,0.41089,0.52859,-0.0027901
0.4561,0.27104,0.37429,0.18184,0.34892,0.20862,0.75335,0.44893,0.6498,0.40195,0.82588,0.69871,1,0.72362,0.78302,0.51541,0.23411,-0.0089334,0.49857,0.30714,0.039219,0.1052,0.55337,0.17543,0.076457,-0.073179,-0.080982,0.012066,0.56892,0.40629,0.23007,0.20778,0.34937,0.21004,0.15036,-0.002212,0.25419,0.26336,-0.018608,-0.032265,0.15649,0.28683,0.45572,0.46758,0.41472,0.37682,0.35557,0.44008,0.28,0.29725,0.29348,0.39581,0.18379,0.18826,0.17366,0.15075,0.025955,-0.042237,0.56858,0.4076,0.65035,0.45102,0.48974,0.06365,0.54773,0.24416,0.30929,0.097035,0.24182,0.28725,0.47851,0.42937,0.38214,0.2926,0.44896,0.42336,0.54568,0.51717,0.091972,0.25279,0.27505,0.11887,0.52291,0.31187,0.61499,0.40516,0.061973,0.12621,0.41893,0.47058,0.47899,0.46967,0.36061,0.59159,-0.23215,-0.089471,0.024298,0.17535,0.22865,0.26357,0.25161,0.65261,0.49053,0.5729,0.52668,0.5008,0.11122,0.19986,-0.13858,0.13532,0.46522,0.40136,0.11107,0.29402,0.57591,0.069069
0.38687,0.30267,0.29293,0.1747,0.31539,0.23148,0.66696,0.45725,0.63662,0.49388,0.64865,0.80217,0.72362,1,0.77504,0.71428,0.30304,0.11876,0.37484,0.31129,-0.038581,0.11765,0.52078,0.40268,-0.050718,-0.039682,-0.11738,-0.027682,0.57089,0.39242,0.27461,0.25366,0.38784,0.26008,0.24834,0.20522,0.34572,0.30271,0.10819,0.11462,0.20471,0.31022,0.35157,0.3595,0.39255,0.38609,0.40087,0.40404,0.41394,0.41973,0.30358,0.39879,0.30181,0.28489,0.21045,0.26735,0.1465,0.083845,0.56993,0.37327,0.54087,0.43003,0.49676,0.30952,0.53925,0.29924,0.29546,0.1425,0.16003,0.22447,0.36366,0.35893,0.29956,0.27823,0.35804,0.42397,0.5176,0.43045,0.09565,0.19081,0.26935,0.23574,0.53837,0.51988,0.50623,0.49142,0.21364,0.34125,0.44638,0.49382,0.55305,0.47956,0.50052,0.6415,-0.10669,-0.073218,0.048194,0.1075,0.33217,0.34275,0.36074,0.7062,0.54269,0.54307,0.3184,0.38262,0.3118,0.28401,0.073413,0.03372,0.19681,0.29027,0.22323,0.27445,0.41759,0.034519
0.44709,0.42244,0.46425,0.28986,0.62511,0.38527,0.76975,0.4151,0.8585,0.66799,0.82727,0.65367,0.78302,0.77504,1,0.82134,0.20805,-0.069347,0.61165,0.35717,0.22751,0.27508,0.773,0.49041,0.22533,0.14668,0.1783,0.25024,0.49642,0.23473,0.37479,0.34315,0.42183,0.21777,0.26502,0.1127,0.40052,0.34968,0.11943,0.086798,0.32089,0.35573,0.55388,0.58529,0.4954,0.48245,0.57754,0.5519,0.52084,0.53231,0.40333,0.61253,0.31563,0.46459,0.33148,0.40323,0.1622,0.1607,0.64988,0.43074,0.60533,0.39618,0.43761,0.11681,0.7404,0.35285,0.35347,0.16186,0.47403,0.40868,0.4507,0.48942,0.47912,0.34264,0.53927,0.48073,0.57709,0.52434,0.15709,0.14426,0.21189,0.23555,0.7074,0.54752,0.80964,0.62795,0.27937,0.4425,0.54672,0.64571,0.59487,0.65368,0.59309,0.76649,-0.085975,-0.00079534,0.20889,0.2873,0.46183,0.49591,0.4448,0.80693,0.5402,0.67819,0.54188,0.61244,0.1928,0.21014,0.066404,0.24117,0.34906,0.52552,0.27133,0.36103,0.53282,0.20222
0.32304,0.30694,0.30517,0.3296,0.5378,0.40814,0.53322,0.40968,0.77747,0.80426,0.61415,0.55031,0.51541,0.71428,0.82134,1,0.19637,-0.12304,0.4498,0.24644,0.17175,0.29253,0.69835,0.64,0.29297,0.27217,0.235,0.26808,0.2925,0.12219,0.362,0.45015,0.27539,0.18722,0.33134,0.23738,0.34781,0.30272,0.12269,0.083651,0.24524,0.26754,0.52131,0.53984,0.42566,0.37605,0.48363,0.48504,0.48483,0.44672,0.27796,0.5342,0.20982,0.35868,0.20265,0.33105,0.16535,0.13322,0.52506,0.38632,0.47193,0.45919,0.27667,0.012769,0.72555,0.53522,0.2444,0.21202,0.42029,0.3547,0.32716,0.42395,0.31416,0.20672,0.37936,0.36039,0.48218,0.4358,0.095093,0.036625,0.12307,0.17197,0.59996,0.5872,0.70059,0.67477,0.29575,0.52908,0.47096,0.59524,0.52142,0.4863,0.57618,0.66003,-0.043554,-0.014903,0.17402,0.19121,0.37531,0.36968,0.34783,0.62681,0.46066,0.51237,0.44766,0.48016,0.16205,0.15796,0.033283,0.20975,0.28042,0.42333,0.26571,0.27263,0.43331,0.10018
0.65209,0.66271,0.39798,0.42267,0.16463,0.41766,0.40942,0.42926,0.15981,0.22296,0.39942,0.48302,0.23411,0.30304,0.20805,0.19637,1,0.48624,0.53471,0.65147,0.34313,0.53599,0.18522,0.26205,0.20061,0.36294,0.28136,0.29028,0.64314,0.61058,0.47945,0.46236,0.63658,0.63809,0.2161,0.24395,0.48183,0.42282,0.39761,0.40405,0.59798,0.41995,0.40864,0.39526,0.49538,0.5403,0.5672,0.60767,0.52909,0.5406,0.55212,0.5752,0.6698,0.51085,0.57264,0.52053,0.71538,0.68002,0.43335,0.54997,0.36,0.28344,0.65617,0.53205,0.13052,0.23786,0.50767,0.46239,0.2951,0.40586,0.39575,0.36068,0.57216,0.56573,0.24764,0.42161,0.54652,0.51108,0.79271,0.54782,0.83388,0.73229,0.41076,0.46928,0.26862,0.37315,0.31024,0.40015,0.40179,0.42479,0.52402,0.39678,0.31818,0.39316,-0.043294,0.071781,0.39717,0.51018,0.53383,0.49902,0.17802,0.20354,0.45973,0.46118,0.34795,0.45417,0.28423,0.28996,0.0068688,0.090533,0.2938,0.47063,0.43981,0.46352,0.41951,-0.016518
0.16028,0.25553,-0.13098,-0.13721,-0.24993,-0.15503,0.18441,0.13837,-0.13198,-0.11318,0.087762,0.27331,-0.0089334,0.11876,-0.069347,-0.12304,0.48624,1,0.047037,0.50357,-0.12537,0.0011194,-0.33248,-0.36254,-0.39808,-0.23923,-0.2267,-0.21022,0.47627,0.61987,0.0042615,-0.029268,0.29791,0.34135,-0.10952,0.088174,0.134,0.031445,-0.090899,-0.035287,0.28311,0.44238,-0.25631,-0.26271,0.03505,0.25179,0.0041838,0.053788,0.24897,0.30023,0.30865,0.18355,0.34282,0.12308,0.087322,0.016459,0.30596,0.35728,0.13928,0.22146,0.024805,0.031945,0.51831,0.62863,-0.22803,-0.27768,0.15824,0.0083127,0.13676,0.21224,0.089442,-0.13848,0.31586,0.47553,-0.19713,0.13675,0.17062,0.18514,0.35738,0.53413,0.5209,0.64642,-0.12532,0.095153,-0.14211,-0.20046,-0.28478,-0.15433,0.01897,-0.059708,0.17296,-0.01979,0.010504,0.098533,-0.35259,-0.24189,-0.1693,0.022718,0.19956,0.089075,0.11806,0.029879,0.29922,0.244,0.10427,0.21773,0.50911,0.30626,-0.073875,-0.31926,0.14366,0.11939,0.3862,0.32205,0.11879,0.093837
0.69401,0.61223,0.71787,0.58853,0.51671,0.49487,0.74019,0.57351,0.54115,0.46142,0.67348,0.53575,0.49857,0.37484,0.61165,0.4498,0.53471,0.047037,1,0.68922,0.43509,0.59681,0.67233,0.41519,0.41735,0.37876,0.32152,0.36354,0.64327,0.42889,0.71352,0.65259,0.72822,0.61614,0.30833,0.1906,0.63702,0.48578,0.39865,0.38721,0.55166,0.39812,0.70663,0.7052,0.69873,0.69967,0.7477,0.8137,0.682,0.64842,0.63205,0.73147,0.58874,0.63609,0.65243,0.64588,0.4972,0.50016,0.68853,0.59216,0.57865,0.36551,0.53326,0.24663,0.5177,0.37529,0.65807,0.54984,0.60633,0.62629,0.65302,0.70018,0.59084,0.44292,0.52281,0.50784,0.77046,0.72737,0.5555,0.36909,0.6099,0.50064,0.70221,0.53703,0.6751,0.5877,0.39082,0.50308,0.66941,0.68373,0.66679,0.74069,0.50891,0.66787,-0.0077216,0.1058,0.55206,0.63088,0.65597,0.70201,0.38643,0.52591,0.58393,0.65471,0.54077,0.68251,0.25422,0.32532,0.095208,0.29585,0.46466,0.6777,0.46392,0.5951,0.60554,0.13582
0.56672,0.72479,0.39471,0.40992,0.21075,0.31826,0.61508,0.51588,0.25738,0.20232,0.38276,0.49723,0.30714,0.31129,0.35717,0.24644,0.65147,0.50357,0.68922,1,0.32534,0.50092,0.26849,0.15266,0.16114,0.24776,0.17493,0.26274,0.71797,0.71071,0.53534,0.45686,0.78869,0.75565,0.22592,0.38037,0.46229,0.35269,0.099114,0.17577,0.50658,0.60333,0.36263,0.38541,0.52495,0.66027,0.52832,0.59535,0.67102,0.6461,0.73062,0.68803,0.63428,0.52951,0.51925,0.46637,0.57878,0.68209,0.54718,0.6379,0.32924,0.24534,0.57251,0.58562,0.1155,0.073456,0.63165,0.52522,0.63644,0.71391,0.47091,0.39497,0.60328,0.69822,0.26822,0.43245,0.71005,0.69946,0.66124,0.49215,0.79156,0.73218,0.44929,0.63793,0.37023,0.42088,0.055326,0.38767,0.45361,0.47276,0.62421,0.50316,0.42504,0.55158,-0.23626,-0.1383,0.35852,0.43628,0.65092,0.53635,0.37643,0.37013,0.62582,0.63422,0.48627,0.62555,0.44057,0.46231,0.016314,0.11953,0.46101,0.66231,0.58117,0.58519,0.45478,0.11672
0.46915,0.50041,0.47882,0.48744,0.60913,0.68242,0.20982,0.2247,0.24613,0.30821,0.18674,0.029773,0.039219,-0.038581,0.22751,0.17175,0.34313,-0.12537,0.43509,0.32534,1,0.66231,0.41359,0.48654,0.61741,0.73029,0.772,0.78136,0.13423,-0.045097,0.47958,0.43843,0.46146,0.37175,0.23177,0.18204,0.29877,0.25442,0.34755,0.24108,0.3063,0.14507,0.53692,0.55265,0.50182,0.38737,0.5463,0.51115,0.42896,0.38046,0.45321,0.45761,0.40266,0.45962,0.54978,0.47883,0.46761,0.52345,0.32784,0.34206,0.25656,0.12981,0.18193,0.066936,0.30663,0.33462,0.45389,0.44804,0.41958,0.44996,0.30763,0.34631,0.30914,0.20589,0.2872,0.12197,0.31903,0.22452,0.43513,-0.042009,0.20921,0.2643,0.37499,0.32366,0.35418,0.37018,0.47773,0.46321,0.36424,0.40244,0.27111,0.36613,0.24718,0.20534,0.098661,0.14833,0.44813,0.51732,0.35917,0.36392,0.26757,0.12996,0.16163,0.29647,0.26781,0.4087,0.00011703,-0.042803,0.1667,0.27348,0.15612,0.3906,0.19421,0.37989,0.24476,0.090529
0.52817,0.58976,0.57472,0.7031,0.50828,0.70798,0.36604,0.49964,0.28637,0.43093,0.26976,0.29997,0.1052,0.11765,0.27508,0.29253,0.53599,0.0011194,0.59681,0.50092,0.66231,1,0.41765,0.52614,0.56792,0.69731,0.61396,0.64598,0.30113,0.20962,0.61451,0.62079,0.52169,0.56859,0.29484,0.28096,0.45087,0.41463,0.36475,0.42422,0.41428,0.25497,0.57226,0.58301,0.64459,0.67407,0.64345,0.70942,0.63163,0.63327,0.60477,0.65554,0.64131,0.60627,0.65754,0.6442,0.53395,0.61517,0.47241,0.57725,0.35784,0.28319,0.27629,0.19579,0.36986,0.5044,0.59697,0.66183,0.48424,0.59763,0.51102,0.60268,0.35621,0.36002,0.29352,0.24903,0.51806,0.48686,0.53494,0.32396,0.58053,0.48056,0.39797,0.37603,0.41385,0.55695,0.48181,0.54324,0.58409,0.576,0.54036,0.45048,0.40303,0.37723,0.054568,0.12031,0.52527,0.60064,0.55195,0.55508,0.31392,0.17063,0.44869,0.3762,0.47087,0.52968,0.15625,0.11633,0.10145,0.17584,0.31085,0.50611,0.37931,0.47823,0.43473,0.028448
0.43673,0.3389,0.74901,0.49328,0.74061,0.51211,0.63259,0.35071,0.70221,0.58697,0.66644,0.46146,0.55337,0.52078,0.773,0.69835,0.18522,-0.33248,0.67233,0.26849,0.41359,0.41765,1,0.70709,0.64803,0.51276,0.45033,0.41646,0.36758,0.090855,0.68756,0.61144,0.41136,0.22792,0.49249,0.20963,0.51411,0.35599,0.45458,0.26217,0.26319,0.052874,0.78802,0.77874,0.66425,0.51875,0.69245,0.67972,0.57514,0.52375,0.37794,0.61674,0.3313,0.5504,0.46702,0.57061,0.18963,0.19338,0.62234,0.41428,0.50599,0.26024,0.22705,-0.16435,0.81169,0.47969,0.46144,0.36758,0.39427,0.44366,0.46422,0.56383,0.33151,0.1231,0.46906,0.31343,0.52444,0.47267,0.14903,0.071707,0.11925,0.095809,0.74562,0.51874,0.80295,0.65932,0.54412,0.66777,0.59929,0.65854,0.59794,0.70391,0.55025,0.69508,0.10815,0.17422,0.467,0.45284,0.48795,0.56022,0.30741,0.63548,0.37447,0.52262,0.4749,0.59099,0.023652,0.093144,0.059228,0.34055,0.311,0.48496,0.25638,0.37496,0.48418,0.24432
0.35085,0.38343,0.54913,0.65371,0.64918,0.65334,0.32702,0.35352,0.45917,0.60026,0.35183,0.28489,0.17543,0.40268,0.49041,0.64,0.26205,-0.36254,0.41519,0.15266,0.48654,0.52614,0.70709,1,0.59879,0.70133,0.63599,0.65366,0.11666,-0.13772,0.52646,0.56285,0.36365,0.30771,0.50401,0.39179,0.44235,0.39852,0.43417,0.3562,0.28475,0.076297,0.67153,0.69127,0.57261,0.39019,0.64313,0.59411,0.47951,0.42212,0.35946,0.50952,0.30411,0.47754,0.49007,0.55165,0.31926,0.31078,0.4012,0.36296,0.2989,0.29106,0.11352,-0.040409,0.62367,0.6529,0.43864,0.52682,0.34106,0.31876,0.2352,0.45631,0.2055,0.062545,0.37459,0.21069,0.42485,0.39975,0.24398,-0.080808,0.12799,0.18777,0.59094,0.53075,0.59439,0.77951,0.64617,0.74424,0.43179,0.57254,0.50497,0.49131,0.61343,0.42637,0.23175,0.23021,0.57055,0.43051,0.47284,0.48929,0.36935,0.35981,0.32092,0.33586,0.30784,0.40088,-0.0019214,0.084345,0.15519,0.37591,0.14512,0.44576,0.20484,0.19198,0.30306,0.0098328
0.33844,0.31398,0.66415,0.57063,0.57997,0.52244,0.16778,0.16645,0.23533,0.2797,0.19391,0.018653,0.076457,-0.050718,0.22533,0.29297,0.20061,-0.39808,0.41735,0.16114,0.61741,0.56792,0.64803,0.59879,1,0.82217,0.77927,0.68386,-0.011353,-0.12296,0.5988,0.53726,0.33123,0.26437,0.60658,0.23246,0.24169,0.27519,0.43518,0.25224,0.1475,-0.059611,0.70619,0.71639,0.55644,0.38559,0.51472,0.57547,0.36223,0.29447,0.35938,0.48417,0.31026,0.42119,0.47794,0.46962,0.29358,0.30185,0.30912,0.31647,0.16264,0.040752,-0.074551,-0.33956,0.51726,0.50995,0.46604,0.52005,0.30151,0.45432,0.23841,0.35334,0.17133,0.020362,0.24353,0.06576,0.30563,0.28723,0.25355,-0.070235,0.11626,0.033883,0.38301,0.26886,0.57016,0.5612,0.46875,0.60504,0.34764,0.43642,0.29253,0.31031,0.26984,0.23058,0.089681,0.11976,0.50399,0.53636,0.29535,0.31689,0.14719,0.14163,0.098351,0.18141,0.38222,0.38528,-0.20433,-0.047794,-0.012619,0.30041,0.34945,0.38182,0.10753,0.29035,0.31205,0.010469
0.31912,0.42027,0.53914,0.61381,0.61935,0.70163,0.11638,0.19679,0.15048,0.31884,0.13535,-0.0019885,-0.073179,-0.039682,0.14668,0.27217,0.36294,-0.23923,0.37876,0.24776,0.73029,0.69731,0.51276,0.70133,0.82217,1,0.81234,0.79138,0.022743,-0.11077,0.59942,0.58098,0.37539,0.3215,0.49386,0.33353,0.2673,0.25921,0.42002,0.36055,0.28011,0.041763,0.6391,0.62506,0.54598,0.4178,0.54298,0.55195,0.46633,0.41118,0.38726,0.48346,0.39556,0.47891,0.51345,0.58116,0.44306,0.48858,0.23549,0.31791,0.10666,0.030832,0.050632,-0.074223,0.39192,0.45066,0.45578,0.56416,0.36284,0.40127,0.1807,0.34993,0.16436,0.0898,0.17242,0.045797,0.25925,0.24627,0.36466,0.042597,0.24282,0.24493,0.40987,0.41418,0.43963,0.57417,0.58487,0.72138,0.38951,0.42513,0.28752,0.29177,0.27835,0.19306,0.18547,0.19291,0.54824,0.54152,0.3708,0.38953,0.18011,0.010202,0.12825,0.15535,0.27895,0.35049,-0.062062,-0.046675,0.12972,0.2617,0.16065,0.34936,0.16435,0.24034,0.24198,0.045836
0.35511,0.46045,0.51724,0.64116,0.60812,0.71453,0.085693,0.22996,0.17082,0.36048,0.1392,-0.037806,-0.080982,-0.11738,0.1783,0.235,0.28136,-0.2267,0.32152,0.17493,0.772,0.61396,0.45033,0.63599,0.77927,0.81234,1,0.892,-0.048302,-0.19821,0.4552,0.5075,0.3204,0.31017,0.38691,0.15628,0.2665,0.31653,0.35256,0.33788,0.25367,0.070843,0.57348,0.57931,0.477,0.32942,0.5661,0.49829,0.37575,0.34695,0.41101,0.48332,0.36543,0.45482,0.51695,0.50912,0.35743,0.42566,0.22725,0.32463,0.1497,0.13631,0.040586,-0.089042,0.38295,0.51487,0.41193,0.48531,0.38718,0.44276,0.12298,0.23939,0.21288,0.067279,0.26458,-0.012816,0.2245,0.23268,0.37312,-0.09181,0.13968,0.21161,0.32674,0.22185,0.42143,0.49924,0.543,0.5521,0.27519,0.42597,0.27309,0.30816,0.3751,0.094102,0.15512,0.17425,0.48794,0.52518,0.34566,0.35112,0.26609,0.045394,0.070838,0.14015,0.27429,0.3637,-0.18756,-0.071848,0.14859,0.30009,0.22934,0.37928,0.14796,0.25213,0.1795,0.011823
0.41702,0.52466,0.49182,0.6654,0.63606,0.79324,0.23539,0.34031,0.2302,0.4167,0.18041,0.049876,0.012066,-0.027682,0.25024,0.26808,0.29028,-0.21022,0.36354,0.26274,0.78136,0.64598,0.41646,0.65366,0.68386,0.79138,0.892,1,-0.0010951,-0.17473,0.40379,0.43764,0.3994,0.41194,0.31436,0.22775,0.26233,0.38062,0.26651,0.26382,0.25162,0.21466,0.5889,0.61849,0.51231,0.36145,0.58298,0.53123,0.45247,0.39364,0.52035,0.55247,0.39245,0.49079,0.55261,0.5151,0.42042,0.48506,0.29934,0.45086,0.21075,0.23194,0.10056,0.025924,0.36466,0.51296,0.45928,0.55528,0.43309,0.47707,0.13277,0.2875,0.24838,0.14025,0.32861,0.078721,0.32616,0.30846,0.4195,-0.11328,0.21615,0.29325,0.37598,0.34558,0.43547,0.5668,0.52366,0.53895,0.28328,0.47249,0.34618,0.35555,0.44787,0.1767,0.12109,0.15688,0.55147,0.57063,0.44013,0.41431,0.3601,0.1305,0.20989,0.27313,0.33199,0.42546,-0.074523,0.064192,0.15497,0.31976,0.29086,0.51239,0.20702,0.27952,0.24102,-0.0055901
0.63092,0.55129,0.47052,0.29022,0.18249,0.24542,0.74623,0.53558,0.35994,0.2106,0.5776,0.72354,0.56892,0.57089,0.49642,0.2925,0.64314,0.47627,0.64327,0.71797,0.13423,0.30113,0.36758,0.11666,-0.011353,0.022743,-0.048302,-0.0010951,1,0.81587,0.55079,0.48468,0.70691,0.64684,0.17213,0.21658,0.56863,0.41114,0.31035,0.29618,0.49486,0.50764,0.40069,0.38646,0.50648,0.57204,0.5289,0.5862,0.54748,0.5212,0.53684,0.53047,0.54824,0.39705,0.42585,0.41201,0.46386,0.42494,0.64357,0.55023,0.54443,0.34874,0.70647,0.57916,0.24485,0.095085,0.54105,0.35692,0.3798,0.44316,0.56074,0.44734,0.53952,0.55285,0.27841,0.48538,0.65711,0.63154,0.53945,0.51777,0.6872,0.65773,0.57518,0.56641,0.38262,0.32334,0.16604,0.29567,0.49775,0.46758,0.60264,0.56813,0.3538,0.62028,-0.1682,-0.049674,0.24477,0.30687,0.51484,0.51148,0.31821,0.53305,0.60123,0.62463,0.35536,0.4933,0.47371,0.3698,0.022396,0.03071,0.34206,0.4917,0.52221,0.4851,0.4782,0.20127
0.40693,0.42841,0.21284,0.11678,-0.16068,0.0039981,0.51714,0.39022,0.13795,0.017269,0.35433,0.59874,0.40629,0.39242,0.23473,0.12219,0.61058,0.61987,0.42889,0.71071,-0.045097,0.20962,0.090855,-0.13772,-0.12296,-0.11077,-0.19821,-0.17473,0.81587,1,0.4255,0.37171,0.53035,0.57076,0.11575,0.29165,0.33524,0.21976,0.044168,0.047416,0.26416,0.43263,0.14607,0.13028,0.35319,0.51176,0.24057,0.37475,0.41285,0.4104,0.36467,0.35595,0.38899,0.217,0.23995,0.16134,0.32111,0.34714,0.41238,0.44964,0.2779,0.22387,0.49838,0.49529,0.00039091,-0.061386,0.37588,0.2682,0.26643,0.38217,0.4178,0.23515,0.38974,0.54171,0.045963,0.34725,0.50217,0.55351,0.48329,0.71295,0.73165,0.60912,0.24554,0.40961,0.11849,0.10881,-0.15268,0.066927,0.25797,0.21804,0.4497,0.27645,0.17133,0.41841,-0.42784,-0.32493,0.034605,0.14931,0.35585,0.25411,0.091296,0.29388,0.4535,0.41464,0.41481,0.40602,0.48022,0.34499,-0.17372,-0.25615,0.42313,0.37303,0.41069,0.41735,0.43165,0.11733
0.50105,0.43056,0.78856,0.60336,0.42363,0.4691,0.50172,0.39433,0.27821,0.23871,0.36618,0.35943,0.23007,0.27461,0.37479,0.362,0.47945,0.0042615,0.71352,0.53534,0.47958,0.61451,0.68756,0.52646,0.5988,0.59942,0.4552,0.40379,0.55079,0.4255,1,0.86502,0.62454,0.55421,0.49598,0.33422,0.63119,0.40186,0.56704,0.42661,0.37424,0.23774,0.67849,0.65066,0.70772,0.67688,0.63669,0.70617,0.66999,0.59859,0.49705,0.59045,0.50318,0.58069,0.61283,0.60734,0.43459,0.46153,0.51225,0.41404,0.30618,0.12435,0.27697,0.052387,0.45138,0.32388,0.5999,0.53596,0.4473,0.51297,0.47018,0.49839,0.35239,0.25334,0.23462,0.23966,0.60962,0.59852,0.44516,0.40923,0.48353,0.41034,0.60401,0.55598,0.49426,0.49984,0.47656,0.65059,0.52488,0.49781,0.54798,0.55785,0.39045,0.47325,0.0040592,0.064413,0.56215,0.58052,0.58821,0.59756,0.31043,0.3304,0.39187,0.39997,0.40721,0.59412,0.23282,0.18264,0.011855,0.11045,0.37356,0.51391,0.38933,0.52205,0.45254,0.23047
0.54546,0.43819,0.70708,0.73986,0.42532,0.58067,0.48493,0.61697,0.35646,0.46681,0.34439,0.40215,0.20778,0.25366,0.34315,0.45015,0.46236,-0.029268,0.65259,0.45686,0.43843,0.62079,0.61144,0.56285,0.53726,0.58098,0.5075,0.43764,0.48468,0.37171,0.86502,1,0.54792,0.60657,0.472,0.33294,0.64761,0.43322,0.52729,0.5254,0.37268,0.25593,0.65669,0.6073,0.68044,0.62368,0.624,0.71786,0.61332,0.52098,0.46061,0.54188,0.47853,0.47617,0.53552,0.5973,0.41497,0.39848,0.5731,0.51905,0.4693,0.42032,0.2766,0.045726,0.5193,0.5954,0.61091,0.62145,0.43776,0.54035,0.46588,0.51816,0.29332,0.18935,0.25001,0.173,0.55398,0.60906,0.42625,0.33941,0.45563,0.43707,0.52835,0.46464,0.4594,0.55228,0.48403,0.56682,0.60506,0.61446,0.56531,0.53102,0.47084,0.48956,0.081937,0.12683,0.51444,0.56021,0.5297,0.56348,0.33965,0.30063,0.41858,0.41048,0.40553,0.53752,0.20607,0.059158,0.049782,0.10486,0.3411,0.49604,0.40658,0.5272,0.44939,0.22166
0.71041,0.69926,0.65759,0.56104,0.36125,0.46514,0.66886,0.58352,0.32138,0.25833,0.4209,0.51059,0.34937,0.38784,0.42183,0.27539,0.63658,0.29791,0.72822,0.78869,0.46146,0.52169,0.41136,0.36365,0.33123,0.37539,0.3204,0.3994,0.70691,0.53035,0.62454,0.54792,1,0.8621,0.52322,0.46907,0.56479,0.52762,0.37029,0.4049,0.56773,0.57058,0.57968,0.59166,0.68756,0.69194,0.68252,0.76093,0.63642,0.59715,0.7977,0.70383,0.69682,0.5777,0.67728,0.58435,0.67525,0.67756,0.66673,0.64313,0.50501,0.32847,0.63729,0.54302,0.35006,0.32652,0.81679,0.68367,0.56421,0.68849,0.47274,0.48439,0.63386,0.55388,0.41881,0.45856,0.77651,0.67222,0.66399,0.33199,0.72597,0.71909,0.55752,0.62165,0.5161,0.58026,0.28661,0.46958,0.54005,0.54991,0.62387,0.59312,0.46314,0.5788,-0.076967,-0.0044685,0.47803,0.53727,0.62944,0.60384,0.46963,0.5075,0.62747,0.70375,0.4205,0.60374,0.38083,0.41511,0.1784,0.2462,0.43238,0.63781,0.49934,0.538,0.41,0.050919
0.71372,0.71764,0.55131,0.67654,0.22343,0.50428,0.58376,0.74116,0.20762,0.26926,0.24431,0.51331,0.21004,0.26008,0.21777,0.18722,0.63809,0.34135,0.61614,0.75565,0.37175,0.56859,0.22792,0.30771,0.26437,0.3215,0.31017,0.41194,0.64684,0.57076,0.55421,0.60657,0.8621,1,0.43884,0.48974,0.5707,0.5688,0.34847,0.42928,0.50645,0.59844,0.46509,0.48888,0.64333,0.65187,0.62177,0.71577,0.60985,0.56384,0.77477,0.66727,0.6766,0.48855,0.64239,0.52689,0.6615,0.67434,0.62943,0.74834,0.50512,0.50915,0.54598,0.58882,0.20502,0.43813,0.77923,0.77908,0.47539,0.67808,0.44242,0.46324,0.53393,0.55105,0.34317,0.3797,0.71016,0.70169,0.68518,0.33474,0.76478,0.76406,0.37815,0.50259,0.32401,0.51926,0.2706,0.35593,0.49178,0.54681,0.61193,0.46563,0.46177,0.47428,-0.068657,-0.0022995,0.46461,0.52455,0.63411,0.55745,0.45201,0.37525,0.6401,0.61293,0.37256,0.51728,0.40424,0.39298,0.15399,0.15428,0.43211,0.64777,0.5521,0.54423,0.42212,-0.02231
0.30949,0.24397,0.58389,0.45935,0.37279,0.28868,0.28547,0.28076,0.27068,0.21558,0.15087,0.21601,0.15036,0.24834,0.26502,0.33134,0.2161,-0.10952,0.30833,0.22592,0.23177,0.29484,0.49249,0.50401,0.60658,0.49386,0.38691,0.31436,0.17213,0.11575,0.49598,0.472,0.52322,0.43884,1,0.64291,0.37375,0.34862,0.4138,0.34722,0.18433,0.1124,0.51195,0.50891,0.56807,0.45442,0.44008,0.53372,0.36477,0.34847,0.38573,0.4242,0.33871,0.37913,0.41021,0.37908,0.32868,0.29189,0.4292,0.33335,0.25279,0.1212,0.1041,0.0067669,0.56572,0.50109,0.6319,0.58768,0.25643,0.4287,0.24802,0.346,0.19091,0.059417,0.2091,0.079262,0.42162,0.38484,0.19654,0.09412,0.26047,0.29913,0.34691,0.38075,0.50033,0.57644,0.33806,0.49045,0.37906,0.37816,0.371,0.32308,0.35386,0.38284,0.069384,0.070512,0.43544,0.39411,0.34304,0.35183,0.25937,0.37147,0.30255,0.31923,0.256,0.31238,0.13668,0.12234,0.12961,0.1992,0.25873,0.3261,0.17182,0.21535,0.231,-0.0016474
0.20923,0.28852,0.25508,0.30297,0.23954,0.23253,0.26221,0.28217,0.19502,0.18539,-0.0074127,0.1906,-0.002212,0.20522,0.1127,0.23738,0.24395,0.088174,0.1906,0.38037,0.18204,0.28096,0.20963,0.39179,0.23246,0.33353,0.15628,0.22775,0.21658,0.29165,0.33422,0.33294,0.46907,0.48974,0.64291,1,0.24736,0.18958,0.14075,0.099552,0.054598,0.16343,0.28574,0.26589,0.44001,0.39544,0.26518,0.35656,0.37331,0.33025,0.35349,0.31749,0.25833,0.28899,0.27251,0.25517,0.33236,0.35316,0.34059,0.40912,0.11996,0.13683,0.13826,0.26117,0.25553,0.30618,0.53015,0.60282,0.28817,0.39165,0.177,0.25393,0.081239,0.13803,0.082262,0.073486,0.34862,0.29612,0.23768,0.16172,0.36809,0.38254,0.21325,0.52118,0.21113,0.44143,0.14251,0.37931,0.26809,0.25105,0.41487,0.27017,0.36876,0.39139,-0.044396,-0.054078,0.30602,0.18108,0.36345,0.27257,0.19189,0.26479,0.41002,0.289,0.20458,0.19435,0.32624,0.18661,0.065865,0.077915,0.1553,0.29248,0.21333,0.084033,0.16899,0.015337
0.64032,0.47677,0.66686,0.55932,0.39621,0.42512,0.52162,0.52689,0.35907,0.36391,0.3787,0.47053,0.25419,0.34572,0.40052,0.34781,0.48183,0.134,0.63702,0.46229,0.29877,0.45087,0.51411,0.44235,0.24169,0.2673,0.2665,0.26233,0.56863,0.33524,0.63119,0.64761,0.56479,0.5707,0.37375,0.24736,1,0.66768,0.719,0.64862,0.62561,0.32146,0.5233,0.49361,0.60994,0.54079,0.72879,0.68524,0.63686,0.56046,0.56404,0.57678,0.62304,0.59495,0.68827,0.65097,0.51336,0.4833,0.65514,0.51527,0.50456,0.36587,0.44519,0.33159,0.37602,0.41957,0.64812,0.53355,0.39901,0.44416,0.62843,0.6254,0.47523,0.35644,0.3544,0.39855,0.64985,0.6559,0.46125,0.30762,0.49549,0.58321,0.58244,0.40847,0.43098,0.47671,0.5509,0.47451,0.64269,0.63182,0.69788,0.69902,0.59153,0.5809,0.2432,0.37538,0.68584,0.58759,0.73499,0.73769,0.47662,0.52085,0.59229,0.56264,0.30774,0.54518,0.35015,0.26947,0.12929,0.33339,0.18464,0.55959,0.66613,0.59143,0.36959,0.24546
0.6266,0.55833,0.54475,0.5653,0.34165,0.47782,0.44525,0.51862,0.228,0.33155,0.31918,0.44602,0.26336,0.30271,0.34968,0.30272,0.42282,0.031445,0.48578,0.35269,0.25442,0.41463,0.35599,0.39852,0.27519,0.25921,0.31653,0.38062,0.41114,0.21976,0.40186,0.43322,0.52762,0.5688,0.34862,0.18958,0.66768,1,0.51702,0.59441,0.63984,0.48881,0.49962,0.52995,0.4426,0.36824,0.7012,0.6555,0.4937,0.41438,0.60481,0.60498,0.61074,0.55114,0.68083,0.59289,0.43767,0.43294,0.43594,0.45407,0.43004,0.40448,0.34275,0.30768,0.27457,0.45592,0.47906,0.4539,0.30406,0.37809,0.46047,0.55775,0.62663,0.52597,0.58846,0.59962,0.63001,0.62643,0.46621,0.088731,0.45035,0.46082,0.51476,0.33542,0.43463,0.57886,0.47296,0.43315,0.40249,0.58829,0.61929,0.55569,0.56475,0.39425,0.23999,0.33641,0.5546,0.58952,0.62345,0.61343,0.41421,0.42821,0.56566,0.53124,0.354,0.40454,0.073743,0.24667,0.1633,0.42356,0.25871,0.63452,0.57413,0.4302,0.37853,-0.052837
0.50417,0.28741,0.64824,0.44116,0.35743,0.38862,0.20362,0.26195,0.13902,0.16794,0.13042,0.15418,-0.018608,0.10819,0.11943,0.12269,0.39761,-0.090899,0.39865,0.099114,0.34755,0.36475,0.45458,0.43417,0.43518,0.42002,0.35256,0.26651,0.31035,0.044168,0.56704,0.52729,0.37029,0.34847,0.4138,0.14075,0.719,0.51702,1,0.7341,0.5061,-0.065977,0.49953,0.44789,0.45471,0.28745,0.61521,0.52747,0.41145,0.33461,0.29766,0.35139,0.47903,0.51728,0.60607,0.65873,0.50519,0.4027,0.42073,0.27738,0.33357,0.13365,0.25567,0.10756,0.31359,0.36712,0.43634,0.41428,-0.026751,0.16775,0.3582,0.45348,0.26601,0.06544,0.26203,0.23142,0.28616,0.26472,0.32368,0.016557,0.22127,0.28187,0.45537,0.26836,0.27958,0.30961,0.7194,0.5343,0.47026,0.42412,0.41849,0.50161,0.31536,0.34963,0.52892,0.53735,0.6202,0.50076,0.48787,0.58765,0.20089,0.2809,0.22613,0.30566,-0.018372,0.18821,0.085237,0.042195,0.2871,0.31712,-0.12082,0.17571,0.41516,0.33419,0.17945,0.20145
0.51287,0.41107,0.535,0.5501,0.29163,0.47902,0.22151,0.45414,0.10749,0.26867,0.10284,0.20744,-0.032265,0.11462,0.086798,0.083651,0.40405,-0.035287,0.38721,0.17577,0.24108,0.42422,0.26217,0.3562,0.25224,0.36055,0.33788,0.26382,0.29618,0.047416,0.42661,0.5254,0.4049,0.42928,0.34722,0.099552,0.64862,0.59441,0.7341,1,0.53247,0.15204,0.4111,0.34387,0.4605,0.38234,0.58862,0.53962,0.43227,0.38921,0.40002,0.37143,0.59783,0.50109,0.59342,0.7149,0.49053,0.43407,0.40658,0.33706,0.40676,0.2947,0.30699,0.30654,0.24124,0.47509,0.50759,0.51914,0.1343,0.27182,0.31863,0.46097,0.23811,0.11622,0.32751,0.23442,0.33259,0.34708,0.40553,0.05028,0.35607,0.38813,0.3991,0.21117,0.21922,0.40226,0.63451,0.4608,0.60075,0.56516,0.45812,0.5468,0.4042,0.32281,0.58037,0.55316,0.60932,0.56222,0.46809,0.60607,0.29852,0.24066,0.28127,0.29302,0.00065043,0.15821,0.087615,-0.018376,0.46559,0.30888,-0.16362,0.23297,0.45307,0.35651,0.15139,0.046675
0.53191,0.61535,0.39097,0.37063,0.29423,0.36932,0.35749,0.32861,0.19642,0.25345,0.36478,0.30504,0.15649,0.20471,0.32089,0.24524,0.59798,0.28311,0.55166,0.50658,0.3063,0.41428,0.26319,0.28475,0.1475,0.28011,0.25367,0.25162,0.49486,0.26416,0.37424,0.37268,0.56773,0.50645,0.18433,0.054598,0.62561,0.63984,0.5061,0.53247,1,0.58224,0.35621,0.37468,0.34143,0.34266,0.63728,0.55225,0.47201,0.47719,0.53831,0.58801,0.62553,0.54273,0.59599,0.56073,0.56384,0.62608,0.37292,0.33665,0.3336,0.24797,0.5583,0.49431,0.16532,0.19189,0.38573,0.28862,0.37696,0.28654,0.38202,0.45248,0.79646,0.71756,0.49326,0.66236,0.50216,0.49988,0.51973,0.21628,0.54787,0.60654,0.46311,0.38017,0.41155,0.44687,0.37468,0.39368,0.38482,0.45645,0.47691,0.48031,0.41218,0.41426,0.2657,0.35335,0.45242,0.52942,0.61118,0.61464,0.41719,0.32758,0.53739,0.59572,0.31894,0.48888,0.20907,0.24463,0.25972,0.36346,0.091624,0.49209,0.56917,0.4192,0.32071,0.05899
0.413,0.56556,0.16494,0.2619,0.086967,0.26273,0.47141,0.43059,0.19176,0.22038,0.32968,0.44221,0.28683,0.31022,0.35573,0.26754,0.41995,0.44238,0.39812,0.60333,0.14507,0.25497,0.052874,0.076297,-0.059611,0.041763,0.070843,0.21466,0.50764,0.43263,0.23774,0.25593,0.57058,0.59844,0.1124,0.16343,0.32146,0.48881,-0.065977,0.15204,0.58224,1,0.15987,0.22962,0.2929,0.38852,0.37598,0.43086,0.4124,0.43931,0.60929,0.52946,0.4403,0.28965,0.3837,0.20533,0.33486,0.41854,0.33158,0.35459,0.26426,0.31563,0.47724,0.54876,0.076076,0.085963,0.35966,0.25227,0.54686,0.38375,0.23605,0.21104,0.63581,0.71942,0.34226,0.47619,0.55483,0.55487,0.43599,0.23563,0.53598,0.63777,0.26206,0.36708,0.30664,0.39275,-0.024437,0.13706,0.1889,0.32816,0.35025,0.26999,0.34616,0.30885,-0.20097,-0.084543,0.17659,0.37171,0.46418,0.38163,0.50215,0.3661,0.52385,0.55764,0.44629,0.51384,0.32939,0.31124,0.024158,0.087661,0.39389,0.65163,0.44057,0.42816,0.30816,-0.068601
0.59175,0.45129,0.79541,0.64825,0.67365,0.65718,0.61927,0.48548,0.55123,0.53408,0.54647,0.43102,0.45572,0.35157,0.55388,0.52131,0.40864,-0.25631,0.70663,0.36263,0.53692,0.57226,0.78802,0.67153,0.70619,0.6391,0.57348,0.5889,0.40069,0.14607,0.67849,0.65669,0.57968,0.46509,0.51195,0.28574,0.5233,0.49962,0.49953,0.4111,0.35621,0.15987,1,0.95713,0.8183,0.59701,0.77361,0.83755,0.58051,0.45433,0.53256,0.64585,0.43738,0.51879,0.58159,0.59656,0.35819,0.30964,0.62957,0.51988,0.5324,0.39563,0.32859,-0.053239,0.70456,0.62393,0.63254,0.61068,0.41667,0.48864,0.53508,0.62397,0.38893,0.17432,0.58006,0.42082,0.63979,0.5738,0.37261,0.091416,0.34343,0.22245,0.65124,0.46797,0.71797,0.6953,0.53744,0.61345,0.60001,0.65929,0.60344,0.68118,0.50952,0.60654,0.099426,0.16358,0.57081,0.61767,0.48019,0.54073,0.28957,0.45048,0.42216,0.50838,0.50863,0.5916,-0.012065,0.079968,0.069975,0.30989,0.42001,0.5866,0.29792,0.43808,0.55857,0.051497
