1,0.82634,0.55838,0.47627,0.31857,0.22051,0.6379,0.39009,0.28328,0.22553,0.58546,0.22564,0.51778,0.38318,0.30845,0.17487,0.66845,0.53484,0.82649,0.66278,0.26458,0.34484,0.15348,0.038184,0.14004,0.20984,0.13688,0.10378,0.45915,0.32949,0.3061,0.31708,0.62247,0.59913,0.38737,0.36616,0.54634,0.42261,0.34439,0.2325,0.55778,0.47716,0.52449,0.46851,0.50338,0.41797,0.66237,0.62515,0.65009,0.56103,0.6467,0.70138,0.73485,0.6913,0.61418,0.61478,0.89095,0.80589,0.82843,0.72589,0.59871,0.30651,0.74583,0.69087,0.1805,0.11478,0.61585,0.56646,0.65585,0.43345,0.56299,0.39617,0.61184,0.60289,0.64402,0.57098,0.69438,0.59784,0.33473,0.5667,0.51983,0.62478,0.29833,0.36441,0.54659,0.49604,0.32919,0.26449,0.61309,0.56464,0.58044,0.67885,0.40383,0.62501,0.44106,0.22327,0.58049,0.69145,0.76967,0.83216,0.59511,0.59549,0.45756,0.5524,0.046933,0.24913,0.61278,0.71649,0.29786,0.4977,0.49758,0.5922,0.49983,0.23216,0.13906,0.12753
0.82634,1,0.53635,0.49948,0.26221,0.2618,0.63114,0.4955,0.24002,0.25104,0.56852,0.3243,0.49794,0.39066,0.28847,0.21181,0.70205,0.64192,0.79811,0.74573,0.13889,0.22458,0.25672,0.11547,0.14811,0.19511,0.099932,0.06129,0.5294,0.41109,0.36671,0.36505,0.69923,0.72907,0.50521,0.45108,0.46001,0.31788,0.18115,0.069413,0.51808,0.48546,0.40409,0.37935,0.55804,0.49007,0.62904,0.58467,0.61241,0.59359,0.66403,0.6467,0.67792,0.69437,0.53326,0.54167,0.76245,0.89054,0.71042,0.68013,0.60464,0.417,0.74631,0.75143,0.35906,0.22042,0.59036,0.59811,0.56332,0.42319,0.50597,0.30196,0.62461,0.63861,0.64832,0.57954,0.60814,0.58513,0.44856,0.66677,0.59402,0.66788,0.19279,0.36132,0.56879,0.50415,0.26632,0.20051,0.48898,0.44759,0.59603,0.6257,0.44526,0.62527,0.46461,0.10448,0.49383,0.58892,0.78066,0.75813,0.64472,0.60752,0.51491,0.48862,0.12575,0.27872,0.62425,0.57797,0.25503,0.4577,0.5211,0.63825,0.48837,0.18305,0.098095,0.065288
0.55838,0.53635,1,0.71232,0.55689,0.48783,0.90887,0.64511,0.64986,0.58976,0.50652,0.40688,0.68511,0.36627,0.57493,0.42554,0.31865,0.28606,0.60547,0.46518,0.20642,0.14621,0.73566,0.53263,0.51172,0.50432,0.34049,0.34105,0.22368,0.207,0.5995,0.5644,0.7517,0.66548,0.74462,0.56164,0.47831,0.40384,0.4006,0.27285,0.60313,0.46878,0.60756,0.5545,0.73147,0.56717,0.67292,0.70109,0.67291,0.62047,0.7341,0.67039,0.52766,0.61289,0.62663,0.57299,0.41304,0.4231,0.63076,0.44737,0.58124,0.46533,0.27348,0.27042,0.6846,0.51416,0.78645,0.66421,0.56863,0.39337,0.5136,0.39342,0.54221,0.46556,0.54747,0.49739,0.49585,0.40481,0.31969,0.46584,0.34745,0.4434,0.34358,0.35282,0.7598,0.58411,0.46752,0.36895,0.76213,0.66602,0.76929,0.7687,0.6801,0.7934,0.39712,0.19931,0.63718,0.57559,0.67272,0.61986,0.65453,0.68737,0.47172,0.47503,0.10394,0.45288,0.49816,0.53572,0.32628,0.53486,0.39512,0.50259,0.46595,0.3452,0.27421,0.2163
0.47627,0.49948,0.71232,1,0.35989,0.51566,0.70395,0.92146,0.63697,0.81717,0.31383,0.68746,0.53263,0.44215,0.54272,0.5557,0.28434,0.20537,0.59253,0.57849,-0.033993,0.0056456,0.6228,0.62072,0.13605,0.27108,-0.048625,0.016878,0.19749,0.28236,0.35245,0.5166,0.70666,0.76283,0.5984,0.57818,0.34792,0.36429,0.23442,0.16015,0.43775,0.47547,0.4663,0.39321,0.53023,0.44727,0.53017,0.54959,0.58127,0.64886,0.57515,0.5997,0.51637,0.62616,0.44257,0.43716,0.41833,0.32903,0.59569,0.63919,0.68418,0.81736,0.24619,0.33351,0.544,0.69813,0.54321,0.63201,0.4726,0.42919,0.54686,0.42074,0.53457,0.52888,0.62654,0.61938,0.53365,0.51093,0.27489,0.37413,0.33833,0.41179,0.31849,0.46351,0.64668,0.59786,0.38797,0.32505,0.68565,0.73365,0.81026,0.71754,0.78077,0.65643,0.37674,0.16244,0.41032,0.47283,0.58299,0.56238,0.75264,0.61366,0.52738,0.4171,0.073148,0.31381,0.61092,0.56343,0.35984,0.47376,0.34949,0.42132,0.43452,0.29014,0.25461,0.16829
0.31857,0.26221,0.55689,0.35989,1,0.86846,0.4663,0.26015,0.7975,0.4998,0.372,0.24606,0.51025,0.32313,0.49277,0.13379,0.31398,0.28352,0.28513,0.24694,0.5406,0.48954,0.31983,0.21945,0.80319,0.83085,0.77694,0.77798,0.27964,0.29251,0.60509,0.48803,0.42085,0.40365,0.37473,0.39188,0.16138,0.19799,0.20214,0.12747,0.42497,0.40991,0.071646,0.28967,0.40109,0.36823,0.29183,0.39209,0.42729,0.46107,0.44902,0.51876,0.32031,0.29839,0.48954,0.49019,0.23027,0.26365,0.39317,0.32858,0.32464,0.31644,0.14998,0.24989,0.29798,0.41309,0.39133,0.40463,0.44948,0.36454,0.42449,0.43262,0.34048,0.33607,0.28495,0.35395,0.18906,0.22337,0.29503,0.36767,0.34012,0.3609,0.16432,0.18951,0.41159,0.30813,0.39233,0.20018,0.57524,0.44904,0.28952,0.2578,0.34949,0.42586,0.097059,-0.11666,0.27182,0.28559,0.27075,0.27297,0.43092,0.50778,0.28162,0.34583,0.09296,0.30478,0.18,0.24853,0.040067,0.18244,0.29908,0.22432,0.28163,0.16704,0.1134,-0.071191
0.22051,0.2618,0.48783,0.51566,0.86846,1,0.40551,0.45524,0.79907,0.68193,0.28931,0.36351,0.44487,0.2671,0.48369,0.18027,0.25264,0.22763,0.2676,0.30556,0.46324,0.41633,0.3644,0.33472,0.65543,0.73992,0.63758,0.70534,0.18389,0.22592,0.4463,0.40772,0.37294,0.41586,0.33716,0.3598,0.12911,0.21707,0.14854,0.10995,0.33752,0.44778,0.034678,0.16994,0.31723,0.31187,0.20329,0.28838,0.3505,0.47949,0.36554,0.44032,0.25598,0.3114,0.3767,0.39072,0.13937,0.21723,0.31965,0.37359,0.33435,0.48042,0.062435,0.22798,0.31838,0.49563,0.24387,0.34122,0.33051,0.39023,0.53998,0.50891,0.35247,0.38319,0.329,0.43663,0.20486,0.29064,0.25619,0.33613,0.27958,0.31437,0.16757,0.22699,0.35902,0.29821,0.38592,0.22856,0.52644,0.49678,0.36085,0.25865,0.46726,0.39139,0.1752,-0.06805,0.1855,0.21365,0.22248,0.19051,0.51591,0.45387,0.31201,0.23826,0.061691,0.24006,0.28754,0.21248,0.12634,0.19352,0.15338,0.10639,0.20489,0.12038,0.11796,-0.066869
0.6379,0.63114,0.90887,0.70395,0.4663,0.40551,1,0.70408,0.58912,0.55019,0.52422,0.39116,0.67379,0.443,0.46641,0.38296,0.36474,0.35311,0.66667,0.55473,0.12863,0.10769,0.6058,0.43395,0.39912,0.41661,0.24545,0.2327,0.28126,0.24064,0.5522,0.53313,0.76234,0.71576,0.67225,0.55861,0.56904,0.43989,0.44028,0.29088,0.64403,0.5057,0.66298,0.61652,0.76704,0.64696,0.73962,0.76462,0.76206,0.69646,0.78199,0.75918,0.6105,0.71267,0.61068,0.59259,0.48972,0.51132,0.72016,0.55946,0.62589,0.50783,0.40844,0.43143,0.62015,0.44313,0.84933,0.7381,0.51668,0.40216,0.50687,0.34531,0.5873,0.52671,0.60094,0.56378,0.53432,0.45243,0.35544,0.52222,0.40069,0.5117,0.34017,0.3461,0.73081,0.5869,0.41185,0.30806,0.70001,0.64669,0.78805,0.82308,0.67115,0.81404,0.51519,0.23655,0.67513,0.66235,0.76909,0.712,0.72734,0.73772,0.54519,0.55322,0.16255,0.48773,0.60494,0.61031,0.32989,0.56425,0.43149,0.53594,0.52215,0.39341,0.29922,0.23213
0.39009,0.4955,0.64511,0.92146,0.26015,0.45524,0.70408,1,0.54908,0.76877,0.23637,0.66768,0.45592,0.42811,0.49552,0.58518,0.20116,0.15627,0.57108,0.6179,-0.096911,-0.087355,0.6069,0.57596,0.061696,0.17763,-0.10478,-0.055092,0.1787,0.26576,0.34761,0.48562,0.68344,0.75656,0.60693,0.56999,0.3207,0.34693,0.19734,0.12901,0.3557,0.4329,0.45906,0.39517,0.55558,0.49268,0.48882,0.53291,0.53873,0.64697,0.53944,0.56368,0.45105,0.63874,0.35967,0.36874,0.32626,0.27941,0.50447,0.59147,0.63635,0.8389,0.19504,0.31469,0.57256,0.63479,0.53504,0.64739,0.36894,0.37185,0.48183,0.31371,0.50712,0.49879,0.58466,0.59949,0.45291,0.46159,0.24801,0.31661,0.26506,0.34545,0.31799,0.44399,0.60503,0.58698,0.35032,0.27694,0.56898,0.62489,0.8074,0.69409,0.77693,0.63736,0.39383,0.1752,0.36111,0.42874,0.53736,0.50342,0.74751,0.58098,0.56004,0.3653,0.099904,0.29899,0.63449,0.48429,0.38866,0.44771,0.30041,0.34882,0.38125,0.24603,0.23626,0.17528
0.28328,0.24002,0.64986,0.63697,0.7975,0.79907,0.58912,0.54908,1,0.7713,0.28821,0.50585,0.54813,0.51162,0.59966,0.39691,0.15288,0.1484,0.31536,0.29764,0.25654,0.15082,0.50641,0.47014,0.56879,0.69338,0.42392,0.48394,0.17208,0.26516,0.46493,0.51355,0.46441,0.48826,0.42723,0.40697,0.16368,0.17514,0.20237,0.14242,0.41413,0.40512,0.16591,0.27755,0.39763,0.36111,0.32576,0.42269,0.47653,0.5342,0.46656,0.50201,0.37466,0.36086,0.50096,0.4839,0.17002,0.12047,0.47551,0.41572,0.49408,0.594,0.098776,0.2074,0.4422,0.58403,0.41559,0.45156,0.38777,0.3392,0.33724,0.3181,0.38644,0.35842,0.37655,0.41283,0.19043,0.20661,0.20145,0.27032,0.26674,0.31429,0.22972,0.26439,0.53386,0.43552,0.41841,0.22683,0.67252,0.60733,0.4977,0.45599,0.55453,0.54369,0.20777,-0.0057144,0.30782,0.3599,0.34516,0.34939,0.5742,0.57211,0.33343,0.34116,0.075475,0.33409,0.27942,0.4036,0.17028,0.3098,0.25344,0.24506,0.3845,0.23917,0.17287,0.10228
0.22553,0.25104,0.58976,0.81717,0.4998,0.68193,0.55019,0.76877,0.7713,1,0.21522,0.6702,0.48591,0.43197,0.59288,0.54403,0.09914,0.024269,0.34742,0.36075,0.091633,0.011405,0.57231,0.52315,0.28518,0.42981,0.14596,0.21232,0.076553,0.219,0.28133,0.45671,0.48739,0.54445,0.40849,0.38233,0.22569,0.28084,0.20597,0.17071,0.33362,0.44161,0.286,0.30031,0.36609,0.35198,0.32611,0.39862,0.42719,0.5827,0.40225,0.44447,0.35727,0.43028,0.37504,0.34611,0.096075,0.092255,0.40878,0.47285,0.53845,0.80049,0.021671,0.1856,0.45915,0.63531,0.33098,0.4079,0.35958,0.42319,0.44294,0.38629,0.3978,0.36426,0.47795,0.52677,0.34448,0.32283,0.14087,0.23219,0.18779,0.26844,0.32546,0.40721,0.54898,0.43136,0.39987,0.27581,0.63407,0.70878,0.59909,0.53294,0.6969,0.49364,0.26426,0.10778,0.29496,0.32659,0.30783,0.30442,0.58235,0.5161,0.32565,0.23609,0.021232,0.26817,0.42369,0.37609,0.32676,0.3631,0.18683,0.18247,0.34896,0.25022,0.20675,0.19175
0.58546,0.56852,0.50652,0.31383,0.372,0.28931,0.52422,0.23637,0.28821,0.21522,1,0.35621,0.80228,0.55543,0.39357,0.1098,0.64766,0.65309,0.55467,0.51385,0.28759,0.38073,0.075754,-0.060134,0.24592,0.16799,0.36481,0.21812,0.53836,0.41989,0.28001,0.17959,0.43293,0.36258,0.30942,0.15925,0.23719,0.014852,0.034007,-0.10468,0.39897,0.32249,0.34868,0.41544,0.52811,0.53011,0.56092,0.4476,0.65749,0.47232,0.5959,0.57388,0.37928,0.35925,0.43933,0.41264,0.46341,0.5237,0.52253,0.25013,0.46074,0.18499,0.59549,0.53935,0.24224,0.14525,0.44168,0.33291,0.5705,0.53059,0.49043,0.48118,0.46466,0.44594,0.30772,0.35938,0.36752,0.35442,0.52516,0.55109,0.59365,0.55073,-0.051658,0.10897,0.40533,0.33969,0.091929,-0.043234,0.45661,0.32487,0.45766,0.45312,0.28357,0.48217,0.12714,-0.24986,0.36912,0.36527,0.50851,0.46032,0.45239,0.49259,0.42675,0.52879,0.13211,0.31596,0.35232,0.26429,-0.11939,0.15438,0.49625,0.43118,0.18591,0.12036,-0.049389,-0.17005
0.22564,0.3243,0.40688,0.68746,0.24606,0.36351,0.39116,0.66768,0.50585,0.6702,0.35621,1,0.47916,0.75499,0.54712,0.69385,0.22781,0.1585,0.32909,0.41085,-0.19609,-0.1766,0.49901,0.52045,0.096922,0.16233,-0.054171,-0.053725,0.28149,0.37561,0.25625,0.43899,0.40152,0.49149,0.34969,0.28318,0.011864,0.0085179,0.017189,-0.0072144,0.21048,0.29832,0.15792,0.24949,0.26381,0.29124,0.3137,0.31934,0.34623,0.43247,0.34166,0.3714,0.30388,0.32376,0.32148,0.30678,0.14145,0.071567,0.31042,0.31454,0.55566,0.79188,0.18795,0.25387,0.48203,0.67112,0.23717,0.34897,0.36764,0.34363,0.21907,0.20276,0.3735,0.35665,0.3974,0.49101,0.21214,0.16669,0.23181,0.20776,0.25092,0.22476,0.23086,0.38984,0.53793,0.50393,0.33961,0.24758,0.47791,0.55904,0.50646,0.39387,0.52029,0.36853,0.14248,-0.050158,0.16521,0.23853,0.25618,0.28555,0.46523,0.38093,0.2986,0.24375,0.12276,0.24322,0.37835,0.33498,0.12489,0.17351,0.23768,0.20332,0.27825,0.17095,0.15437,0.038454
0.51778,0.49794,0.68511,0.53263,0.51025,0.44487,0.67379,0.45592,0.54813,0.48591,0.80228,0.47916,1,0.6018,0.58619,0.3068,0.51088,0.46166,0.49104,0.44954,0.21262,0.20947,0.39273,0.23152,0.41486,0.38334,0.37568,0.32351,0.42378,0.39905,0.44542,0.39015,0.57647,0.48247,0.40327,0.22843,0.28566,0.11098,0.1625,0.025642,0.49857,0.40538,0.44432,0.54485,0.61971,0.57655,0.64171,0.57627,0.6906,0.56589,0.63697,0.5939,0.4526,0.44263,0.57313,0.54312,0.39443,0.40697,0.59482,0.30677,0.65212,0.42045,0.43044,0.39975,0.47834,0.35977,0.52046,0.39602,0.57978,0.44752,0.44048,0.36669,0.45345,0.44905,0.39315,0.49069,0.37072,0.2688,0.48888,0.5174,0.53056,0.53808,0.11052,0.25608,0.57052,0.44406,0.26841,0.095381,0.66627,0.51966,0.53406,0.5828,0.45448,0.6268,0.2271,-0.13552,0.44836,0.43964,0.53634,0.49955,0.53253,0.59476,0.37958,0.49796,0.080511,0.34852,0.36615,0.40481,0.091412,0.30403,0.44548,0.45531,0.36616,0.22401,0.11656,0.042112
0.38318,0.39066,0.36627,0.44215,0.32313,0.2671,0.443,0.42811,0.51162,0.43197,0.55543,0.75499,0.6018,1,0.53999,0.56643,0.29903,0.269,0.38623,0.39808,-0.012273,-0.004434,0.25962,0.27894,0.21091,0.23778,0.15608,0.07367,0.40935,0.43158,0.32054,0.41122,0.39985,0.45202,0.29387,0.17706,0.075543,-0.11643,0.018651,-0.074139,0.33487,0.24312,0.1969,0.35867,0.40438,0.48804,0.43258,0.398,0.53558,0.50679,0.4551,0.45224,0.40591,0.3261,0.41925,0.40342,0.2823,0.19816,0.43934,0.27235,0.50404,0.53043,0.39274,0.3608,0.37188,0.47936,0.32959,0.35835,0.43565,0.33763,0.18333,0.18585,0.39257,0.34105,0.3149,0.36939,0.10993,0.084844,0.3081,0.2488,0.38307,0.29985,0.071299,0.26495,0.51724,0.52807,0.19376,0.10454,0.4485,0.43484,0.4256,0.39341,0.3628,0.40877,0.10961,-0.19656,0.24401,0.35913,0.37736,0.41175,0.45715,0.44049,0.3204,0.4461,0.23689,0.31611,0.32091,0.34142,-0.060674,0.12087,0.40681,0.33378,0.34581,0.22422,0.095424,-0.0091521
0.30845,0.28847,0.57493,0.54272,0.49277,0.48369,0.46641,0.49552,0.59966,0.59288,0.39357,0.54712,0.58619,0.53999,1,0.6748,0.17911,0.096086,0.45199,0.30556,0.20585,0.18116,0.63095,0.5308,0.41361,0.38414,0.30611,0.29329,0.21636,0.27529,0.4434,0.44077,0.53653,0.4657,0.4875,0.37418,0.13992,0.1242,0.098406,0.010542,0.35897,0.34038,0.32486,0.42865,0.45095,0.43078,0.4826,0.50096,0.42291,0.53599,0.47935,0.45317,0.34354,0.38477,0.46326,0.43061,0.22591,0.12937,0.39361,0.29834,0.47572,0.4835,0.12265,0.1231,0.61904,0.54957,0.3283,0.34738,0.49767,0.28328,0.32074,0.29356,0.43272,0.34345,0.45178,0.43831,0.2374,0.1551,0.2618,0.21833,0.27686,0.26843,0.27521,0.38244,0.70676,0.66531,0.36085,0.29931,0.65373,0.56825,0.51146,0.46648,0.55666,0.56409,0.12178,-0.1228,0.19503,0.31247,0.32087,0.38396,0.4746,0.55083,0.37031,0.40762,0.11904,0.32618,0.31965,0.3337,0.17738,0.26415,0.33473,0.35703,0.35437,0.20449,0.14094,0.13949
0.17487,0.21181,0.42554,0.5557,0.13379,0.18027,0.38296,0.58518,0.39691,0.54403,0.1098,0.69385,0.3068,0.56643,0.6748,1,0.076405,-0.03977,0.355,0.37572,-0.17226,-0.18066,0.60608,0.64856,0.077654,0.12229,-0.067231,-0.099737,0.21175,0.2985,0.30375,0.50348,0.38419,0.45241,0.37074,0.34705,0.11619,0.11939,0.089023,0.068727,0.18373,0.29315,0.24801,0.29396,0.27926,0.29158,0.31557,0.35483,0.28383,0.38182,0.31759,0.27749,0.2977,0.3174,0.35536,0.30507,0.11075,-0.058358,0.21277,0.1966,0.36752,0.57409,0.084439,0.063992,0.48691,0.49532,0.23196,0.30665,0.28737,0.15217,0.12187,0.11955,0.36807,0.30928,0.42806,0.41541,0.22766,0.19593,0.17869,0.073264,0.16979,0.15627,0.37438,0.55105,0.60175,0.66112,0.36129,0.34372,0.41758,0.46213,0.46269,0.4119,0.49763,0.37485,0.12604,0.046506,0.17225,0.24582,0.2272,0.30679,0.35964,0.31363,0.21867,0.18561,0.041168,0.12457,0.29042,0.30102,0.30365,0.32475,0.24213,0.22987,0.2976,0.095959,0.065067,0.12398
0.66845,0.70205,0.31865,0.28434,0.31398,0.25264,0.36474,0.20116,0.15288,0.09914,0.64766,0.22781,0.51088,0.29903,0.17911,0.076405,1,0.88493,0.64994,0.69214,0.29416,0.42205,-0.062658,-0.17369,0.12466,0.1827,0.24069,0.10702,0.83729,0.7244,0.33368,0.35514,0.46157,0.49237,0.21393,0.25865,0.19936,0.1272,0.0064767,-0.044655,0.32904,0.46248,0.22747,0.35745,0.37781,0.36032,0.49245,0.4676,0.49442,0.33621,0.53027,0.51104,0.55207,0.47163,0.48102,0.4234,0.70203,0.73146,0.53827,0.39127,0.42622,0.19216,0.84867,0.78035,0.043926,-0.005304,0.38472,0.36512,0.50037,0.40673,0.38101,0.32862,0.51486,0.57664,0.40096,0.4574,0.57256,0.54373,0.78138,0.80747,0.88511,0.85852,0.070784,0.38372,0.3231,0.30663,0.14251,-0.088448,0.32079,0.21146,0.35011,0.34606,0.11156,0.3191,0.095414,-0.15035,0.3165,0.3964,0.55591,0.5749,0.37445,0.39548,0.2981,0.38985,-0.079255,0.018565,0.32189,0.33812,0.035698,0.31286,0.64898,0.51981,0.28148,-0.06947,-0.20448,-0.22132
0.53484,0.64192,0.28606,0.20537,0.28352,0.22763,0.35311,0.15627,0.1484,0.024269,0.65309,0.1585,0.46166,0.269,0.096086,-0.03977,0.88493,1,0.57716,0.64877,0.29548,0.40653,-0.09262,-0.23234,0.14036,0.17877,0.24286,0.076264,0.83621,0.73239,0.34812,0.32524,0.38742,0.43501,0.24174,0.21396,0.11266,-0.027533,-0.091126,-0.14568,0.28472,0.35973,0.13909,0.27779,0.41731,0.41611,0.41791,0.40164,0.46339,0.31245,0.50648,0.45781,0.45534,0.40101,0.35905,0.32256,0.59301,0.67828,0.4607,0.31006,0.30343,0.096471,0.8158,0.77308,0.062383,-0.027583,0.36677,0.36408,0.41384,0.35949,0.31837,0.31692,0.46782,0.53434,0.2599,0.31085,0.40355,0.42517,0.80129,0.79696,0.85468,0.81923,-0.057061,0.23257,0.23818,0.19853,0.020722,-0.23717,0.21582,0.084655,0.27548,0.23209,0.022977,0.26582,0.074399,-0.23426,0.24275,0.28365,0.52357,0.48217,0.36533,0.35044,0.30798,0.36756,-0.094589,0.0056393,0.24728,0.21107,-0.14244,0.20078,0.60755,0.46676,0.1747,-0.17377,-0.28493,-0.35169
0.82649,0.79811,0.60547,0.59253,0.28513,0.2676,0.66667,0.57108,0.31536,0.34742,0.55467,0.32909,0.49104,0.38623,0.45199,0.355,0.64994,0.57716,1,0.85889,0.20138,0.24236,0.32092,0.18249,0.11867,0.19075,0.10861,0.011601,0.56156,0.46979,0.42165,0.44548,0.71094,0.72659,0.50563,0.51503,0.50083,0.38103,0.22717,0.1402,0.51426,0.5218,0.5153,0.43984,0.55962,0.47419,0.64079,0.61279,0.59113,0.53631,0.61893,0.59908,0.61163,0.67541,0.50025,0.45159,0.74444,0.70131,0.67443,0.63877,0.54739,0.4244,0.71056,0.6795,0.29482,0.19681,0.60297,0.62108,0.6046,0.47991,0.5327,0.38925,0.63076,0.59359,0.61774,0.57043,0.65388,0.63188,0.44768,0.5755,0.5786,0.63449,0.30859,0.47688,0.54921,0.54972,0.27286,0.19285,0.50877,0.5039,0.69642,0.71131,0.49128,0.65128,0.3823,0.13083,0.48631,0.57137,0.71673,0.75498,0.64158,0.58636,0.5056,0.53338,-0.011543,0.21318,0.60827,0.64533,0.26863,0.48344,0.54125,0.58269,0.41449,0.13771,0.011859,0.020929
0.66278,0.74573,0.46518,0.57849,0.24694,0.30556,0.55473,0.6179,0.29764,0.36075,0.51385,0.41085,0.44954,0.39808,0.30556,0.37572,0.69214,0.64877,0.85889,1,0.10305,0.17772,0.19577,0.13052,0.0078291,0.1204,0.031859,-0.080937,0.65705,0.61974,0.33367,0.41838,0.60426,0.70732,0.4169,0.43783,0.29696,0.25614,0.0548,0.020806,0.35066,0.50254,0.28608,0.26811,0.43816,0.42587,0.42735,0.43763,0.51592,0.46096,0.5168,0.46725,0.49718,0.57078,0.36251,0.33587,0.63073,0.62106,0.53255,0.56937,0.5408,0.51254,0.72671,0.75823,0.2003,0.14943,0.46317,0.54695,0.47783,0.54839,0.50266,0.39644,0.59171,0.61876,0.5451,0.57349,0.58734,0.65177,0.53379,0.56959,0.63594,0.66364,0.21361,0.45932,0.41394,0.47046,0.20295,0.029113,0.37292,0.3594,0.6234,0.57379,0.40224,0.50339,0.27468,0.012124,0.29832,0.39615,0.57725,0.58343,0.59748,0.4537,0.45751,0.40334,-0.10108,0.041234,0.52112,0.4894,0.21577,0.40119,0.50987,0.43961,0.26163,-0.033337,-0.15705,-0.13729
0.26458,0.13889,0.20642,-0.033993,0.5406,0.46324,0.12863,-0.096911,0.25654,0.091633,0.28759,-0.19609,0.21262,-0.012273,0.20585,-0.17226,0.29416,0.29548,0.20138,0.10305,1,0.80165,-0.060235,-0.18391,0.52757,0.52675,0.68472,0.63384,0.18347,0.22727,0.32242,0.21259,0.17258,0.12588,0.14878,0.1419,0.059235,0.095684,0.12515,0.1097,0.064233,0.20618,0.1588,0.29481,0.29778,0.26679,0.20083,0.25433,0.25266,0.22963,0.27244,0.31794,0.18385,0.18022,0.20544,0.2027,0.26042,0.28932,0.23342,0.17043,-0.018388,-0.11565,0.1868,0.20845,-0.038098,-0.022872,0.19891,0.17939,0.27701,0.30595,0.44187,0.38864,0.19055,0.16687,0.017961,0.049266,0.25598,0.29261,0.29507,0.33792,0.2975,0.31777,0.011969,0.18981,0.060125,0.12817,0.087365,0.050581,0.20156,0.17256,0.029387,0.042603,-0.038225,0.11824,-0.078934,-0.068374,0.21097,0.22155,0.16336,0.17077,0.14681,0.17698,0.13022,0.17899,-0.085752,-0.00028185,0.12837,0.023016,0.0094393,0.1211,0.29881,0.12401,0.041742,-0.042329,-0.028803,-0.073121
0.34484,0.22458,0.14621,0.0056456,0.48954,0.41633,0.10769,-0.087355,0.15082,0.011405,0.38073,-0.1766,0.20947,-0.004434,0.18116,-0.18066,0.42205,0.40653,0.24236,0.17772,0.80165,1,-0.20335,-0.25195,0.36503,0.31929,0.59083,0.50373,0.27088,0.21788,0.2326,0.096314,0.20736,0.17999,0.16159,0.16021,-0.034623,-0.03662,-0.13974,-0.18733,0.020013,0.063324,0.024273,0.13944,0.33608,0.34289,0.14424,0.13801,0.35511,0.32058,0.35313,0.43273,0.21676,0.23786,0.11187,0.15804,0.41658,0.3744,0.28956,0.20241,0.060644,-0.11913,0.32146,0.3098,-0.052292,0.025472,0.19573,0.20394,0.32813,0.34976,0.55178,0.57244,0.16602,0.18769,0.00076285,0.037157,0.27866,0.34029,0.39558,0.32179,0.38196,0.31322,-0.2326,0.0081242,0.019792,0.12247,-0.10968,-0.089539,0.16978,0.1099,0.064815,0.029959,0.0091796,0.1523,-0.17819,-0.31043,-0.0073175,0.13033,0.14901,0.15767,0.22321,0.27025,0.2606,0.3527,0.041808,0.055212,0.13643,-0.052359,-0.17968,-0.062601,0.32482,0.13238,-0.038531,-0.049487,-0.065726,-0.29688
0.15348,0.25672,0.73566,0.6228,0.31983,0.3644,0.6058,0.6069,0.50641,0.57231,0.075754,0.49901,0.39273,0.25962,0.63095,0.60608,-0.062658,-0.09262,0.32092,0.19577,-0.060235,-0.20335,1,0.86216,0.4695,0.45478,0.15942,0.22632,-0.034142,0.028108,0.57218,0.61597,0.55973,0.50943,0.66808,0.48354,0.33238,0.32173,0.38012,0.31515,0.41284,0.37231,0.4259,0.35845,0.45432,0.2906,0.43392,0.49694,0.24903,0.37302,0.36458,0.31975,0.27942,0.39136,0.42013,0.37165,0.040186,0.064347,0.22999,0.22846,0.37726,0.52418,-0.13976,-0.10335,0.79435,0.64788,0.44837,0.44495,0.23588,0.095984,0.23631,0.10283,0.32494,0.22681,0.44272,0.37399,0.2345,0.15618,0.070308,0.15468,0.026402,0.12118,0.46999,0.37133,0.70448,0.57524,0.54001,0.56866,0.57137,0.5787,0.53983,0.49143,0.60867,0.52809,0.37723,0.29696,0.39408,0.32078,0.36161,0.357,0.40757,0.39629,0.19875,0.13102,0.024282,0.29897,0.34563,0.40306,0.33449,0.42226,0.11003,0.28792,0.37115,0.24811,0.28218,0.26259
0.038184,0.11547,0.53263,0.62072,0.21945,0.33472,0.43395,0.57596,0.47014,0.52315,-0.060134,0.52045,0.23152,0.27894,0.5308,0.64856,-0.17369,-0.23234,0.18249,0.13052,-0.18391,-0.25195,0.86216,1,0.32393,0.34894,0.048863,0.1398,-0.14228,-0.086947,0.4009,0.51012,0.3785,0.40794,0.51161,0.44171,0.23367,0.27028,0.2993,0.27317,0.35852,0.33125,0.23292,0.14741,0.26929,0.15438,0.26743,0.31375,0.1434,0.26694,0.2289,0.19125,0.1849,0.3085,0.30288,0.31148,-0.049619,-0.1048,0.081449,0.14583,0.23368,0.49413,-0.23314,-0.19257,0.63614,0.6968,0.22682,0.31746,0.13125,0.081652,0.23778,0.15918,0.25511,0.20891,0.39955,0.3287,0.11069,0.09221,-0.024419,-0.00056982,-0.072724,-0.024189,0.37297,0.28928,0.55757,0.61471,0.46592,0.63004,0.43412,0.528,0.47992,0.38655,0.61815,0.40692,0.33733,0.22947,0.22278,0.2142,0.2518,0.25611,0.37382,0.29225,0.16633,0.082532,0.10222,0.2527,0.30604,0.32297,0.27035,0.32141,-0.010776,0.18003,0.29765,0.23014,0.27146,0.19675
0.14004,0.14811,0.51172,0.13605,0.80319,0.65543,0.39912,0.061696,0.56879,0.28518,0.24592,0.096922,0.41486,0.21091,0.41361,0.077654,0.12466,0.14036,0.11867,0.0078291,0.52757,0.36503,0.4695,0.32393,1,0.87449,0.86494,0.85057,0.096714,0.08502,0.68585,0.48784,0.33305,0.27447,0.3817,0.26989,0.22109,0.15722,0.24719,0.17671,0.41502,0.3053,0.13026,0.29429,0.40313,0.34555,0.3079,0.39768,0.29296,0.32914,0.36306,0.37527,0.17777,0.21844,0.44163,0.4314,0.039138,0.16587,0.17789,0.087017,0.11176,0.096197,-0.017723,0.029166,0.43216,0.38463,0.34625,0.29241,0.2527,0.18562,0.27442,0.2733,0.16153,0.12696,0.11772,0.11819,0.015878,0.010367,0.18426,0.24296,0.17392,0.19077,0.12042,0.074205,0.37375,0.28816,0.32849,0.2832,0.40351,0.31717,0.15792,0.16826,0.26045,0.33445,0.10158,-0.06351,0.31851,0.23907,0.21369,0.19807,0.27312,0.3634,0.1359,0.24963,0.13604,0.32895,0.11939,0.14084,-0.016575,0.13003,0.20267,0.20546,0.25889,0.14749,0.19105,0.02319
0.20984,0.19511,0.50432,0.27108,0.83085,0.73992,0.41661,0.17763,0.69338,0.42981,0.16799,0.16233,0.38334,0.23778,0.38414,0.12229,0.1827,0.17877,0.19075,0.1204,0.52675,0.31929,0.45478,0.34894,0.87449,1,0.72928,0.77751,0.19113,0.24723,0.71889,0.65733,0.34249,0.35605,0.36206,0.35295,0.2083,0.23121,0.31408,0.29751,0.41073,0.41717,0.11535,0.31304,0.32205,0.2561,0.28211,0.41557,0.24675,0.30853,0.33288,0.36973,0.27399,0.22191,0.46213,0.45765,0.10942,0.22397,0.26545,0.22677,0.19569,0.24885,0.080424,0.15942,0.32639,0.38534,0.34366,0.35589,0.24297,0.221,0.29678,0.28242,0.25615,0.20624,0.21984,0.25563,0.15156,0.13973,0.19753,0.32616,0.24449,0.32102,0.26838,0.25428,0.40547,0.27238,0.44443,0.29518,0.47183,0.40813,0.15255,0.15055,0.23208,0.27867,0.14103,0.052941,0.34513,0.30678,0.21939,0.23305,0.26969,0.34122,0.061293,0.1621,-0.049845,0.1781,0.14086,0.26839,0.11287,0.26603,0.23091,0.1613,0.29254,0.088147,0.089998,-0.033241
0.13688,0.099932,0.34049,-0.048625,0.77694,0.63758,0.24545,-0.10478,0.42392,0.14596,0.36481,-0.054171,0.37568,0.15608,0.30611,-0.067231,0.24069,0.24286,0.10861,0.031859,0.68472,0.59083,0.15942,0.048863,0.86494,0.72928,1,0.90074,0.18631,0.15258,0.51455,0.30378,0.18958,0.12105,0.21077,0.10627,0.10343,0.049079,0.16301,0.095752,0.30044,0.2496,0.018272,0.22715,0.34106,0.32579,0.22912,0.28087,0.27773,0.24476,0.34785,0.34964,0.14289,0.16161,0.36882,0.36592,0.076243,0.19227,0.094491,-0.032403,-0.028184,-0.075444,0.058793,0.074841,0.227,0.18124,0.22659,0.16492,0.32008,0.31474,0.3425,0.35931,0.12742,0.10924,0.0087713,0.041536,0.018165,0.054846,0.31307,0.29755,0.27002,0.23655,-0.0072626,0.013731,0.21619,0.22285,0.23262,0.18114,0.284,0.19495,0.056166,0.05306,0.11555,0.20891,0.016684,-0.1843,0.21422,0.18795,0.13494,0.11442,0.17097,0.25181,0.092099,0.21727,0.10443,0.22442,0.063325,-0.0081251,-0.18092,0.0067901,0.22253,0.11871,0.077644,0.027758,0.029605,-0.18901
0.10378,0.06129,0.34105,0.016878,0.77798,0.70534,0.2327,-0.055092,0.48394,0.21232,0.21812,-0.053725,0.32351,0.07367,0.29329,-0.099737,0.10702,0.076264,0.011601,-0.080937,0.63384,0.50373,0.22632,0.1398,0.85057,0.77751,0.90074,1,0.0016693,0.0075704,0.44293,0.26634,0.14122,0.067451,0.18482,0.11131,0.11291,0.18745,0.26938,0.20941,0.28665,0.26683,0.047981,0.23154,0.24115,0.22188,0.17011,0.24683,0.20626,0.2259,0.27733,0.2976,0.10558,0.11832,0.37261,0.36921,0.014956,0.13779,0.10564,0.016736,-0.00017549,-0.040726,-0.077132,-0.024263,0.21568,0.20494,0.17414,0.12547,0.22431,0.19112,0.31499,0.28447,0.12764,0.098537,0.093028,0.082094,0.02525,0.033176,0.15004,0.22479,0.12285,0.14919,0.090394,0.055342,0.22248,0.16447,0.35785,0.30712,0.33604,0.25104,-0.0024398,0.020145,0.10709,0.1785,0.094793,0.0027633,0.25083,0.18888,0.088225,0.073506,0.14161,0.19659,0.030015,0.077746,0.061346,0.19361,0.070016,0.051898,0.018604,0.091026,0.04054,0.012152,0.08384,0.098797,0.1415,-0.057877
0.45915,0.5294,0.22368,0.19749,0.27964,0.18389,0.28126,0.1787,0.17208,0.076553,0.53836,0.28149,0.42378,0.40935,0.21636,0.21175,0.83729,0.83621,0.56156,0.65705,0.18347,0.27088,-0.034142,-0.14228,0.096714,0.19113,0.18631,0.0016693,1,0.89154,0.41655,0.48206,0.32679,0.42536,0.16173,0.19602,0.076873,0.02094,-0.078917,-0.084347,0.27042,0.40811,0.088749,0.30446,0.30222,0.31726,0.36316,0.36433,0.34462,0.21234,0.39419,0.33787,0.40535,0.29751,0.40853,0.33933,0.51606,0.48139,0.35847,0.20359,0.28962,0.17214,0.75525,0.67652,0.043404,-0.026272,0.27741,0.31001,0.40356,0.31131,0.22893,0.22521,0.50866,0.56142,0.30034,0.43641,0.42109,0.431,0.81007,0.73528,0.85772,0.80228,0.098266,0.43658,0.31727,0.28374,0.14282,-0.22126,0.21002,0.086955,0.19512,0.15663,-0.026893,0.16743,-0.016505,-0.20668,0.17462,0.28254,0.383,0.42562,0.21048,0.25819,0.14344,0.24185,-0.18909,-0.11131,0.12478,0.19947,-0.025397,0.23672,0.62591,0.39902,0.19091,-0.22731,-0.37343,-0.34031
0.32949,0.41109,0.207,0.28236,0.29251,0.22592,0.24064,0.26576,0.26516,0.219,0.41989,0.37561,0.39905,0.43158,0.27529,0.2985,0.7244,0.73239,0.46979,0.61974,0.22727,0.21788,0.028108,-0.086947,0.08502,0.24723,0.15258,0.0075704,0.89154,1,0.39209,0.56846,0.30852,0.42588,0.16556,0.2258,-0.059901,-0.0097645,-0.076018,-0.032942,0.11317,0.39695,0.095718,0.36755,0.24665,0.26196,0.30742,0.38263,0.28567,0.20742,0.36181,0.31223,0.38287,0.25987,0.35628,0.2744,0.39851,0.37319,0.30373,0.20955,0.28038,0.29239,0.64003,0.60891,0.050041,0.039752,0.24315,0.32063,0.35216,0.31533,0.17897,0.19999,0.46852,0.48877,0.27481,0.39899,0.43263,0.43392,0.76316,0.67045,0.81243,0.76007,0.14883,0.56014,0.32319,0.29715,0.19369,-0.21624,0.23187,0.12252,0.178,0.1109,-0.040752,0.075982,-0.12495,-0.19019,0.14028,0.24604,0.2953,0.33908,0.17725,0.18185,0.05776,0.12097,-0.32086,-0.24555,0.11399,0.16534,0.038103,0.23663,0.649,0.33989,0.18216,-0.28314,-0.39147,-0.3166
0.3061,0.36671,0.5995,0.35245,0.60509,0.4463,0.5522,0.34761,0.46493,0.28133,0.28001,0.25625,0.44542,0.32054,0.4434,0.30375,0.33368,0.34812,0.42165,0.33367,0.32242,0.2326,0.57218,0.4009,0.68585,0.71889,0.51455,0.44293,0.41655,0.39209,1,0.82468,0.62223,0.59996,0.6125,0.50955,0.21042,0.14367,0.19343,0.086131,0.37286,0.29513,0.28045,0.44088,0.58998,0.51042,0.47669,0.54538,0.39104,0.40358,0.49217,0.47422,0.34549,0.37371,0.41816,0.38293,0.30164,0.32782,0.33992,0.22968,0.36099,0.33703,0.25705,0.25448,0.55234,0.49343,0.58646,0.5813,0.37384,0.24454,0.23881,0.21137,0.28698,0.2515,0.22987,0.27254,0.22485,0.21553,0.4264,0.40406,0.38799,0.42526,0.22803,0.28963,0.50547,0.43667,0.27761,0.18754,0.43228,0.35348,0.36425,0.29935,0.31669,0.42617,0.15261,-0.071139,0.32963,0.29157,0.38995,0.38336,0.40792,0.45355,0.298,0.39409,0.095868,0.32403,0.23639,0.29234,0.013499,0.2623,0.43893,0.37586,0.31467,0.15843,0.082691,-0.094538
0.31708,0.36505,0.5644,0.5166,0.48803,0.40772,0.53313,0.48562,0.51355,0.45671,0.17959,0.43899,0.39015,0.41122,0.44077,0.50348,0.35514,0.32524,0.44548,0.41838,0.21259,0.096314,0.61597,0.51012,0.48784,0.65733,0.30378,0.26634,0.48206,0.56846,0.82468,1,0.56799,0.65929,0.57159,0.56901,0.25711,0.27512,0.31578,0.2852,0.3573,0.46957,0.34424,0.47511,0.48617,0.38178,0.46033,0.60555,0.36638,0.36162,0.47401,0.44695,0.49314,0.41832,0.4955,0.42173,0.29872,0.27363,0.36314,0.28834,0.36594,0.50018,0.29471,0.2628,0.4785,0.52806,0.52421,0.61565,0.36203,0.24499,0.26428,0.21221,0.42719,0.36804,0.38243,0.41461,0.43851,0.38018,0.44975,0.47373,0.48251,0.54031,0.46182,0.58641,0.61377,0.52941,0.47425,0.30065,0.50771,0.47878,0.36206,0.30536,0.28212,0.329,0.15943,0.13038,0.38953,0.38398,0.40521,0.46027,0.33447,0.35534,0.10254,0.18576,-0.1743,0.056406,0.3087,0.41876,0.18876,0.44562,0.51106,0.39074,0.39189,0.0073081,-0.063591,-0.11334
0.62247,0.69923,0.7517,0.70666,0.42085,0.37294,0.76234,0.68344,0.46441,0.48739,0.43293,0.40152,0.57647,0.39985,0.53653,0.38419,0.46157,0.38742,0.71094,0.60426,0.17258,0.20736,0.55973,0.3785,0.33305,0.34249,0.18958,0.14122,0.32679,0.30852,0.62223,0.56799,1,0.92399,0.78708,0.66948,0.42603,0.30144,0.23865,0.061002,0.53084,0.40931,0.55847,0.51896,0.78506,0.68883,0.72557,0.71793,0.71452,0.73503,0.73758,0.72638,0.6907,0.755,0.54986,0.5267,0.57829,0.60058,0.69512,0.65932,0.74948,0.62345,0.45904,0.50714,0.6668,0.57377,0.79886,0.78608,0.54482,0.41672,0.4596,0.28715,0.52284,0.49661,0.58899,0.5312,0.52734,0.46965,0.37612,0.47219,0.44437,0.52155,0.23036,0.35082,0.70257,0.63713,0.26141,0.29531,0.65166,0.60052,0.77028,0.75391,0.6827,0.77903,0.44763,0.10257,0.5149,0.60662,0.7536,0.74496,0.7679,0.72306,0.61561,0.61334,0.21399,0.47475,0.65768,0.58983,0.21908,0.48664,0.54138,0.65868,0.59066,0.39041,0.28536,0.19784
0.59913,0.72907,0.66548,0.76283,0.40365,0.41586,0.71576,0.75656,0.48826,0.54445,0.36258,0.49149,0.48247,0.45202,0.4657,0.45241,0.49237,0.43501,0.72659,0.70732,0.12588,0.17999,0.50943,0.40794,0.27447,0.35605,0.12105,0.067451,0.42536,0.42588,0.59996,0.65929,0.92399,1,0.76236,0.75441,0.41864,0.3326,0.1933,0.068864,0.49546,0.47543,0.45718,0.43912,0.71313,0.63345,0.63797,0.66668,0.67931,0.71922,0.68445,0.69908,0.68516,0.746,0.51856,0.50151,0.58466,0.59299,0.67562,0.7147,0.71317,0.71579,0.51173,0.57462,0.57868,0.61397,0.74567,0.84418,0.49513,0.42716,0.50624,0.3431,0.55213,0.55568,0.62374,0.60449,0.57885,0.57144,0.41883,0.51607,0.50476,0.57063,0.25775,0.45412,0.67854,0.63419,0.27872,0.26524,0.60247,0.60365,0.73285,0.6885,0.64518,0.67943,0.40585,0.092334,0.46693,0.57501,0.7236,0.7162,0.76656,0.67443,0.58893,0.55684,0.15113,0.35831,0.66599,0.5726,0.23394,0.49935,0.56898,0.61636,0.5715,0.27658,0.17926,0.088652
0.38737,0.50521,0.74462,0.5984,0.37473,0.33716,0.67225,0.60693,0.42723,0.40849,0.30942,0.34969,0.40327,0.29387,0.4875,0.37074,0.21393,0.24174,0.50563,0.4169,0.14878,0.16159,0.66808,0.51161,0.3817,0.36206,0.21077,0.18482,0.16173,0.16556,0.6125,0.57159,0.78708,0.76236,1,0.78487,0.28846,0.25488,0.20378,0.083699,0.38077,0.28367,0.44786,0.38973,0.74526,0.58991,0.50201,0.58307,0.55725,0.57456,0.62978,0.57291,0.44056,0.58397,0.40057,0.37059,0.38133,0.41921,0.46279,0.43164,0.49214,0.45005,0.19709,0.21835,0.7337,0.65926,0.76144,0.79926,0.44664,0.27259,0.46287,0.34468,0.37651,0.29918,0.39314,0.35561,0.40731,0.40749,0.29471,0.36024,0.28958,0.33265,0.24231,0.27567,0.66151,0.58129,0.29043,0.32759,0.57409,0.52524,0.70358,0.58557,0.59279,0.62385,0.28286,0.080513,0.39585,0.41633,0.57705,0.5227,0.60201,0.58451,0.51016,0.43634,0.17648,0.41152,0.47877,0.35979,0.14781,0.39774,0.44408,0.49006,0.37947,0.25649,0.18667,0.08491
0.36616,0.45108,0.56164,0.57818,0.39188,0.3598,0.55861,0.56999,0.40697,0.38233,0.15925,0.28318,0.22843,0.17706,0.37418,0.34705,0.25865,0.21396,0.51503,0.43783,0.1419,0.16021,0.48354,0.44171,0.26989,0.35295,0.10627,0.11131,0.19602,0.2258,0.50955,0.56901,0.66948,0.75441,0.78487,1,0.33769,0.41618,0.25373,0.19526,0.34664,0.40475,0.34898,0.32853,0.54453,0.40663,0.40206,0.54116,0.43432,0.46206,0.46352,0.52138,0.40573,0.5161,0.3742,0.34881,0.34968,0.37955,0.44545,0.5257,0.40186,0.44771,0.21166,0.25352,0.45792,0.54753,0.65416,0.81753,0.31556,0.20818,0.38784,0.31485,0.34759,0.32216,0.43876,0.47084,0.49676,0.53936,0.23063,0.36469,0.29931,0.34638,0.34253,0.4201,0.5334,0.48624,0.29539,0.28932,0.48138,0.46757,0.57393,0.48817,0.48626,0.48326,0.19625,0.10924,0.37976,0.41606,0.51322,0.49385,0.5073,0.51764,0.44941,0.36822,0.13124,0.27362,0.44292,0.38879,0.2585,0.4152,0.4533,0.47973,0.39412,0.22596,0.13642,0.11232
0.54634,0.46001,0.47831,0.34792,0.16138,0.12911,0.56904,0.3207,0.16368,0.22569,0.23719,0.011864,0.28566,0.075543,0.13992,0.11619,0.19936,0.11266,0.50083,0.29696,0.059235,-0.034623,0.33238,0.23367,0.22109,0.2083,0.10343,0.11291,0.076873,-0.059901,0.21042,0.25711,0.42603,0.41864,0.28846,0.33769,1,0.74612,0.72989,0.6277,0.67062,0.56669,0.63594,0.46507,0.35939,0.28361,0.59705,0.57884,0.39415,0.33388,0.33813,0.38601,0.51859,0.46734,0.58817,0.50761,0.36995,0.39565,0.4639,0.46808,0.25344,0.14818,0.26968,0.2314,0.15377,0.052354,0.48374,0.43051,0.2395,0.058847,0.37057,0.14057,0.40355,0.35858,0.56125,0.42297,0.52528,0.43209,0.00020098,0.32838,0.12195,0.31402,0.53187,0.3526,0.44821,0.34687,0.45288,0.45644,0.43125,0.47473,0.43434,0.57482,0.37622,0.42588,0.5696,0.58138,0.72069,0.55091,0.59059,0.63238,0.31241,0.33869,0.23761,0.23677,0.0034946,0.27434,0.54214,0.58749,0.44192,0.5688,0.15333,0.41355,0.50163,0.3336,0.31032,0.38091
0.42261,0.31788,0.40384,0.36429,0.19799,0.21707,0.43989,0.34693,0.17514,0.28084,0.014852,0.0085179,0.11098,-0.11643,0.1242,0.11939,0.1272,-0.027533,0.38103,0.25614,0.095684,-0.03662,0.32173,0.27028,0.15722,0.23121,0.049079,0.18745,0.02094,-0.0097645,0.14367,0.27512,0.30144,0.3326,0.25488,0.41618,0.74612,1,0.74784,0.77665,0.55619,0.70935,0.53714,0.42473,0.14824,0.070974,0.37978,0.53985,0.21196,0.19336,0.25739,0.29224,0.39281,0.40796,0.4721,0.418,0.22984,0.2712,0.33245,0.41713,0.15151,0.15556,0.10101,0.13547,0.054733,0.048378,0.33192,0.37773,0.20528,0.1403,0.4117,0.15604,0.50162,0.45781,0.64857,0.53363,0.60131,0.517,-0.058226,0.312,0.050085,0.30476,0.73263,0.56582,0.4038,0.31005,0.64914,0.50705,0.40657,0.43723,0.30732,0.39371,0.27796,0.2714,0.49259,0.73255,0.6297,0.50293,0.41404,0.46297,0.18667,0.16977,0.080287,-0.060315,-0.19779,0.01527,0.4792,0.56437,0.73814,0.72838,0.055298,0.1803,0.34431,0.18108,0.16206,0.37296
0.34439,0.18115,0.4006,0.23442,0.20214,0.14854,0.44028,0.19734,0.20237,0.20597,0.034007,0.017189,0.1625,0.018651,0.098406,0.089023,0.0064767,-0.091126,0.22717,0.0548,0.12515,-0.13974,0.38012,0.2993,0.24719,0.31408,0.16301,0.26938,-0.078917,-0.076018,0.19343,0.31578,0.23865,0.1933,0.20378,0.25373,0.72989,0.74784,1,0.93103,0.52866,0.55252,0.58092,0.51477,0.17522,0.088692,0.4709,0.53165,0.16413,0.12939,0.1878,0.23804,0.4489,0.34128,0.59554,0.5383,0.16117,0.19407,0.33041,0.3334,0.11568,0.087177,-0.012328,-0.041913,0.12914,0.049972,0.38645,0.33586,0.18964,0.028218,0.19236,-0.020395,0.31781,0.21563,0.50567,0.41084,0.45606,0.2774,-0.092209,0.27185,-0.039356,0.20898,0.78684,0.42487,0.44329,0.26488,0.6999,0.66558,0.48487,0.5423,0.22627,0.38494,0.17575,0.21333,0.60369,0.80168,0.77158,0.56442,0.44372,0.49645,0.096951,0.12994,-0.010317,-0.046068,-0.13315,0.12733,0.39013,0.57183,0.46406,0.60509,-0.018791,0.23007,0.41507,0.36201,0.32914,0.41135
0.2325,0.069413,0.27285,0.16015,0.12747,0.10995,0.29088,0.12901,0.14242,0.17071,-0.10468,-0.0072144,0.025642,-0.074139,0.010542,0.068727,-0.044655,-0.14568,0.1402,0.020806,0.1097,-0.18733,0.31515,0.27317,0.17671,0.29751,0.095752,0.20941,-0.084347,-0.032942,0.086131,0.2852,0.061002,0.068864,0.083699,0.19526,0.6277,0.77665,0.93103,1,0.43114,0.58072,0.47238,0.42052,-0.0027421,-0.087025,0.3116,0.42105,-0.0056509,-0.027462,0.052841,0.093608,0.3407,0.2404,0.50236,0.4306,0.050341,0.088636,0.17757,0.22416,-0.038077,0.020068,-0.061564,-0.077152,-0.019212,-0.052893,0.21353,0.21706,0.08638,-0.013337,0.16039,-0.031407,0.28744,0.18557,0.42776,0.36952,0.43327,0.26895,-0.13501,0.21873,-0.079671,0.16872,0.81965,0.48813,0.3313,0.19607,0.72444,0.62401,0.37201,0.44542,0.10155,0.22834,0.046904,0.037696,0.47697,0.8253,0.6647,0.4848,0.29105,0.35733,-0.070582,-0.048763,-0.19795,-0.25479,-0.33517,-0.1035,0.28715,0.49385,0.5322,0.59571,-0.074674,0.087233,0.30662,0.17055,0.15751,0.35321
0.55778,0.51808,0.60313,0.43775,0.42497,0.33752,0.64403,0.3557,0.41413,0.33362,0.39897,0.21048,0.49857,0.33487,0.35897,0.18373,0.32904,0.28472,0.51426,0.35066,0.064233,0.020013,0.41284,0.35852,0.41502,0.41073,0.30044,0.28665,0.27042,0.11317,0.37286,0.3573,0.53084,0.49546,0.38077,0.34664,0.67062,0.55619,0.52866,0.43114,1,0.71328,0.39906,0.40192,0.47095,0.39301,0.64091,0.63204,0.48914,0.42677,0.53975,0.50288,0.55341,0.54265,0.66784,0.65366,0.35346,0.43366,0.47171,0.34221,0.32805,0.22208,0.33274,0.33021,0.36097,0.25419,0.45665,0.41989,0.45715,0.28609,0.39677,0.25939,0.67497,0.63021,0.66604,0.5772,0.35705,0.21294,0.24453,0.47831,0.32037,0.43128,0.3551,0.23164,0.60122,0.48299,0.43445,0.40736,0.58142,0.50587,0.48191,0.57178,0.4977,0.60275,0.61481,0.29858,0.63941,0.62447,0.6418,0.66081,0.46803,0.58433,0.31014,0.40917,0.16629,0.43887,0.41987,0.56595,0.28903,0.5641,0.30331,0.49641,0.4903,0.35323,0.30574,0.2171
0.47716,0.48546,0.46878,0.47547,0.40991,0.44778,0.5057,0.4329,0.40512,0.44161,0.32249,0.29832,0.40538,0.24312,0.34038,0.29315,0.46248,0.35973,0.5218,0.50254,0.20618,0.063324,0.37231,0.33125,0.3053,0.41717,0.2496,0.26683,0.40811,0.39695,0.29513,0.46957,0.40931,0.47543,0.28367,0.40475,0.56669,0.70935,0.55252,0.58072,0.71328,1,0.36866,0.41896,0.2714,0.18903,0.47406,0.61595,0.33332,0.26625,0.40843,0.40807,0.51414,0.47369,0.62859,0.53566,0.27613,0.38385,0.34172,0.34919,0.23136,0.31609,0.36969,0.41129,0.16733,0.15362,0.30165,0.38544,0.28757,0.27699,0.44953,0.26488,0.73611,0.71794,0.71754,0.69253,0.5658,0.47624,0.35791,0.60217,0.45084,0.59227,0.60373,0.60995,0.53266,0.48096,0.65617,0.40294,0.48777,0.45861,0.37856,0.41846,0.33019,0.31794,0.44223,0.42403,0.5856,0.51069,0.50546,0.54924,0.32698,0.30879,0.14667,0.054677,-0.21126,0.0052328,0.41104,0.55126,0.51313,0.68614,0.31576,0.29834,0.36749,-0.0026767,-0.0075715,0.16772
0.52449,0.40409,0.60756,0.4663,0.071646,0.034678,0.66298,0.45906,0.16591,0.286,0.34868,0.15792,0.44432,0.1969,0.32486,0.24801,0.22747,0.13909,0.5153,0.28608,0.1588,0.024273,0.4259,0.23292,0.13026,0.11535,0.018272,0.047981,0.088749,0.095718,0.28045,0.34424,0.55847,0.45718,0.44786,0.34898,0.63594,0.53714,0.58092,0.47238,0.39906,0.36866,1,0.829,0.59019,0.47126,0.79175,0.7537,0.57444,0.49284,0.57635,0.54193,0.55723,0.58205,0.51307,0.43621,0.39716,0.38751,0.59633,0.42717,0.38112,0.20533,0.26058,0.15417,0.36014,0.18049,0.65578,0.49441,0.35647,0.21206,0.3717,0.14027,0.43996,0.28944,0.49607,0.36643,0.59394,0.45076,0.13294,0.35635,0.20017,0.36787,0.47546,0.47226,0.52679,0.43163,0.37019,0.38052,0.51413,0.53525,0.58636,0.67748,0.42915,0.53008,0.38764,0.45935,0.73338,0.60613,0.65492,0.64013,0.38066,0.38634,0.31816,0.31204,-0.013649,0.24882,0.61468,0.53686,0.4536,0.54268,0.31638,0.45192,0.4947,0.36426,0.30403,0.35643
