1,0.73203,0.52851,0.55295,0.28997,0.27542,0.47691,0.43841,0.23538,0.15743,0.69336,0.60209,0.5216,0.51342,0.37914,0.28324,0.69567,0.60908,0.6724,0.66504,0.42277,0.50546,0.11866,0.13726,0.34326,0.31127,0.31325,0.30494,0.63315,0.50357,0.19438,0.26452,0.61827,0.54693,0.066864,0.077181,0.43215,0.42961,0.52886,0.48457,0.37278,0.51312,0.57119,0.65218,0.42669,0.44536,0.72628,0.64363,0.68606,0.56215,0.65679,0.65086,0.70305,0.70578,0.63653,0.64436,0.87419,0.59775,0.72057,0.65722,0.46973,0.36061,0.51941,0.57791,0.042086,0.15504,0.39776,0.43248,0.54596,0.31715,0.38019,0.36827,0.62296,0.55963,0.6033,0.52647,0.5129,0.36317,0.52417,0.37073,0.68737,0.70814,0.51777,0.60225,0.55668,0.51178,0.45268,0.41086,0.38597,0.41895,0.23391,0.43234,0.20859,0.4071,0.31498,0.31657,0.52928,0.52773,0.63902,0.8347,0.24839,0.42197,0.52422,0.50995,0.32803,0.29685,0.43651,0.57849,0.089212,0.016264,0.1305,0.46566,0.3758,0.29057,0.20175,0.23391
0.73203,1,0.39726,0.44685,0.10806,0.19578,0.33548,0.29231,0.1829,0.0086951,0.59807,0.44433,0.36696,0.37498,0.26273,0.055669,0.59671,0.76323,0.57079,0.62555,0.23337,0.39603,0.0099593,-0.039849,0.11426,0.15922,0.074672,0.11438,0.51339,0.486,0.047513,0.14751,0.43303,0.43027,-0.07732,-0.00022897,0.36109,0.34799,0.37306,0.25477,0.36057,0.51486,0.42717,0.44794,0.23998,0.27041,0.55323,0.44547,0.51888,0.36817,0.48926,0.4675,0.45859,0.57724,0.45261,0.38644,0.65114,0.91032,0.52021,0.70782,0.37144,0.383,0.49128,0.62822,0.0091656,0.055067,0.19884,0.28185,0.39503,0.3113,0.33568,0.27541,0.49938,0.57293,0.54407,0.57202,0.46765,0.47668,0.39874,0.47923,0.54813,0.61621,0.37411,0.47079,0.44307,0.27383,0.23204,0.21906,0.2883,0.23615,0.25992,0.4052,0.22011,0.45212,0.12029,0.11224,0.50418,0.20069,0.79487,0.69232,0.28991,0.42347,0.65123,0.45825,0.29807,0.23834,0.28627,0.52533,-0.026707,0.010328,0.09413,0.39617,0.46849,0.26279,0.17898,0.2424
0.52851,0.39726,1,0.82088,0.45962,0.52448,0.87039,0.71101,0.55616,0.42645,0.62126,0.68222,0.77289,0.66384,0.70146,0.62879,0.53878,0.43921,0.6789,0.70488,0.45799,0.56263,0.62014,0.57662,0.51906,0.63217,0.44038,0.5073,0.64068,0.54634,0.70649,0.71206,0.8202,0.75823,0.47575,0.45521,0.70527,0.5468,0.70575,0.58471,0.39757,0.4092,0.66815,0.64808,0.55213,0.56506,0.65543,0.65258,0.65838,0.60961,0.66637,0.59689,0.72902,0.65112,0.68327,0.63495,0.5051,0.28577,0.5641,0.47313,0.54529,0.38472,0.55692,0.58268,0.52027,0.3314,0.7354,0.63147,0.56066,0.34235,0.65117,0.67049,0.49437,0.4022,0.59869,0.41098,0.74127,0.60632,0.43298,0.2861,0.62357,0.70016,0.77934,0.73097,0.76422,0.69273,0.49876,0.4707,0.69972,0.56741,0.60385,0.75694,0.61181,0.78914,0.32407,0.24544,0.54919,0.60104,0.54429,0.6517,0.59878,0.5993,0.48477,0.59391,0.53572,0.60882,0.30973,0.52148,0.11034,0.063568,0.22464,0.44123,0.40842,0.37153,0.36952,0.36153
0.55295,0.44685,0.82088,1,0.45704,0.68839,0.78765,0.85858,0.52273,0.54854,0.52917,0.74933,0.64805,0.70943,0.53131,0.56448,0.5131,0.39299,0.58615,0.7798,0.3912,0.54376,0.44315,0.61904,0.39874,0.55661,0.34059,0.44848,0.59565,0.54211,0.52595,0.63626,0.7534,0.79786,0.40396,0.47146,0.64914,0.58109,0.67121,0.61672,0.48394,0.52982,0.61404,0.68467,0.54164,0.60124,0.68427,0.67691,0.62107,0.60882,0.65241,0.63734,0.70577,0.60331,0.70231,0.6456,0.52665,0.34658,0.5756,0.60851,0.53407,0.56608,0.54175,0.61538,0.46091,0.51173,0.6693,0.74627,0.53056,0.36387,0.56267,0.61269,0.58052,0.51668,0.63097,0.57844,0.67417,0.61341,0.494,0.22933,0.65148,0.69228,0.71452,0.67469,0.69588,0.767,0.5089,0.49352,0.69995,0.70569,0.61685,0.63355,0.72485,0.70162,0.34477,0.27534,0.53502,0.59048,0.59399,0.61228,0.69893,0.49873,0.52744,0.51411,0.44755,0.50448,0.29016,0.49857,0.12402,0.068107,0.18791,0.43305,0.43882,0.32349,0.2619,0.43781
0.28997,0.10806,0.45962,0.45704,1,0.45903,0.45366,0.40481,0.4272,0.28642,0.32317,0.36467,0.37785,0.325,0.46955,0.40301,0.25241,0.084233,0.26099,0.27761,0.68088,0.63854,0.29764,0.37475,0.5249,0.5171,0.58455,0.59156,0.32406,0.23049,0.34765,0.35135,0.41964,0.39448,0.26707,0.15826,0.35819,0.22126,0.67403,0.36039,0.097148,0.12198,0.35934,0.45169,0.35476,0.40128,0.41811,0.53438,0.5116,0.53436,0.53292,0.58793,0.57759,0.54537,0.53053,0.55679,0.33531,0.10362,0.49259,0.37155,0.3353,0.23475,0.2339,0.26994,0.17769,0.32399,0.42979,0.45801,0.42379,0.17785,0.2914,0.30676,0.17632,0.12092,0.15525,0.15926,0.21457,0.13048,0.33457,0.14481,0.47805,0.494,0.4869,0.48831,0.45759,0.55192,0.6069,0.60458,0.36054,0.39093,0.29593,0.47969,0.29422,0.34704,0.23952,0.26523,0.39213,0.5259,0.25345,0.40243,0.37244,0.22726,0.19985,0.2438,0.27634,0.24381,0.29377,0.26322,0.012969,0.067127,0.09966,0.18794,0.17078,0.021647,0.10896,0.049319
0.27542,0.19578,0.52448,0.68839,0.45903,1,0.58988,0.6441,0.7093,0.80785,0.28185,0.4548,0.46383,0.47037,0.40732,0.49624,0.18948,0.13606,0.32799,0.38444,0.36351,0.39959,0.47818,0.69557,0.23354,0.4809,0.32808,0.45147,0.17976,0.17476,0.39123,0.44376,0.30141,0.33861,0.27928,0.34097,0.42287,0.35731,0.43105,0.38838,0.24559,0.26507,0.39944,0.44734,0.26485,0.36755,0.40467,0.4538,0.28498,0.29561,0.32798,0.31815,0.44554,0.36192,0.35475,0.38425,0.19606,0.12367,0.25671,0.28627,0.39231,0.44149,0.084634,0.186,0.55289,0.60882,0.27494,0.36163,0.23604,0.085448,0.45103,0.50941,0.28625,0.26203,0.33972,0.28567,0.28896,0.32463,0.36396,0.14519,0.40897,0.45011,0.47628,0.39942,0.51458,0.61948,0.40566,0.32438,0.62312,0.69605,0.52406,0.51134,0.67188,0.51657,0.17209,0.25935,0.24751,0.38771,0.3452,0.39633,0.49113,0.38033,0.20246,0.24521,0.23573,0.28513,0.074566,0.23462,0.099021,0.089176,0.11065,0.22193,0.20641,0.20671,0.22785,0.29137
0.47691,0.33548,0.87039,0.78765,0.45366,0.58988,1,0.83533,0.71445,0.5418,0.5517,0.74563,0.84629,0.74142,0.60607,0.57466,0.42992,0.34373,0.57333,0.63478,0.34231,0.42696,0.51366,0.5213,0.42822,0.54082,0.33682,0.42694,0.52546,0.45343,0.52488,0.53739,0.69296,0.68366,0.42518,0.43174,0.56563,0.43756,0.58652,0.52292,0.34784,0.38224,0.62296,0.65573,0.54264,0.56069,0.59245,0.60391,0.62639,0.5895,0.67872,0.60638,0.7148,0.57675,0.63517,0.59182,0.41052,0.2366,0.54664,0.45421,0.64833,0.49299,0.51326,0.52272,0.53751,0.50514,0.66727,0.64798,0.45073,0.29473,0.55756,0.55299,0.47871,0.41181,0.5558,0.44254,0.57638,0.48959,0.40917,0.22381,0.55518,0.64833,0.69335,0.65076,0.68011,0.70266,0.43411,0.43879,0.77216,0.6712,0.54152,0.68368,0.63921,0.75255,0.34829,0.29929,0.51109,0.55079,0.48453,0.5372,0.59513,0.56901,0.38498,0.45974,0.36915,0.44931,0.27841,0.45418,0.13654,0.052988,0.18771,0.36012,0.42629,0.3046,0.31769,0.37484
0.43841,0.29231,0.71101,0.85858,0.40481,0.6441,0.83533,1,0.60941,0.68725,0.44514,0.82679,0.67462,0.8385,0.42195,0.54395,0.36234,0.27027,0.50777,0.70118,0.25559,0.36445,0.32873,0.50523,0.23519,0.41436,0.17091,0.26761,0.50314,0.49769,0.41775,0.51085,0.67333,0.75014,0.41397,0.51013,0.49961,0.46305,0.51998,0.43991,0.34234,0.40235,0.55638,0.60269,0.48158,0.54926,0.53678,0.50016,0.55492,0.54139,0.55212,0.50002,0.61995,0.4152,0.56225,0.487,0.35768,0.19781,0.53399,0.5258,0.64814,0.71789,0.51059,0.54533,0.44542,0.65835,0.58814,0.70587,0.37489,0.24548,0.48675,0.48909,0.49093,0.45227,0.53242,0.50669,0.56341,0.57058,0.35834,0.12579,0.51071,0.53479,0.59356,0.56962,0.53681,0.60964,0.32734,0.31553,0.76249,0.78222,0.63033,0.59789,0.76791,0.66742,0.30833,0.2594,0.46255,0.43022,0.54398,0.46427,0.69982,0.46918,0.44497,0.44459,0.33745,0.41179,0.30629,0.48794,0.15682,0.030264,0.14346,0.43094,0.45621,0.33723,0.31737,0.37615
0.23538,0.1829,0.55616,0.52273,0.4272,0.7093,0.71445,0.60941,1,0.71034,0.32743,0.54146,0.67892,0.56445,0.57629,0.54202,0.20044,0.19343,0.3658,0.29188,0.20944,0.20202,0.52859,0.54023,0.24442,0.41891,0.23804,0.25809,0.23167,0.23996,0.41948,0.36093,0.31718,0.30829,0.27095,0.28613,0.28284,0.16829,0.29678,0.23375,0.15794,0.19249,0.35245,0.3977,0.29082,0.39267,0.28416,0.33113,0.29507,0.30091,0.30416,0.23971,0.40321,0.31555,0.20422,0.26415,0.17704,0.12291,0.33091,0.24123,0.52504,0.45048,0.15599,0.21983,0.65925,0.61782,0.24939,0.27196,0.17487,0.0056252,0.39611,0.44785,0.32005,0.26738,0.35427,0.22247,0.26324,0.22861,0.3511,0.25722,0.37542,0.41022,0.48177,0.43584,0.51738,0.49178,0.33955,0.26395,0.67006,0.56596,0.31609,0.45459,0.51538,0.53185,0.1636,0.23196,0.23663,0.29705,0.19148,0.28768,0.34388,0.41443,0.079398,0.12874,0.168,0.19875,0.063238,0.18634,-0.046998,0.16717,0.16718,0.19894,0.2651,0.20409,0.27561,0.31312
0.15743,0.0086951,0.42645,0.54854,0.28642,0.80785,0.5418,0.68725,0.71034,1,0.10158,0.45063,0.36371,0.5232,0.23259,0.47872,0.049497,0.032156,0.2479,0.26917,0.13509,0.17247,0.47472,0.64326,0.15925,0.40579,0.19727,0.27039,0.072764,0.1617,0.42649,0.42464,0.23074,0.27928,0.3977,0.45886,0.30333,0.24194,0.22022,0.2769,0.17301,0.1909,0.415,0.41288,0.2831,0.38964,0.25848,0.27268,0.16822,0.22256,0.17271,0.1041,0.28842,0.10498,0.16276,0.18334,0.046916,-0.036354,0.15657,0.15125,0.43115,0.53744,-0.079844,0.015133,0.61262,0.71607,0.23171,0.3001,0.012011,-0.029937,0.43117,0.50931,0.29792,0.29046,0.31748,0.24203,0.26782,0.31332,0.2763,0.1207,0.25174,0.22451,0.28715,0.23744,0.38016,0.43238,0.21606,0.11042,0.62742,0.66584,0.49482,0.39228,0.68925,0.42103,0.14307,0.23284,0.18513,0.23216,0.21681,0.21814,0.42509,0.40857,0.065115,0.17784,0.15554,0.27494,0.028873,0.18921,0.1095,0.12271,0.18515,0.24497,0.20793,0.29126,0.35896,0.29363
0.69336,0.59807,0.62126,0.52917,0.32317,0.28185,0.5517,0.44514,0.32743,0.10158,1,0.64649,0.69056,0.59582,0.68853,0.44419,0.74612,0.6364,0.77276,0.70716,0.43706,0.50737,0.17745,0.12221,0.23802,0.33701,0.20304,0.27381,0.78274,0.6211,0.27705,0.31764,0.62103,0.50626,-0.095627,-0.067563,0.44304,0.28484,0.49916,0.36582,0.31547,0.44245,0.32967,0.40452,0.27041,0.33217,0.56564,0.52674,0.56993,0.49295,0.5042,0.55167,0.62803,0.64995,0.52066,0.53298,0.5977,0.4218,0.57131,0.4962,0.33659,0.17889,0.66893,0.67177,0.023793,0.024904,0.36719,0.34839,0.5508,0.37148,0.39218,0.38747,0.50453,0.43926,0.44318,0.38682,0.49375,0.35254,0.46012,0.45648,0.73067,0.68786,0.66553,0.73456,0.60663,0.42065,0.36774,0.42475,0.31561,0.28538,0.36931,0.55668,0.27483,0.47789,0.13512,0.15665,0.43918,0.47578,0.54451,0.66977,0.28215,0.36556,0.51614,0.58309,0.47419,0.38311,0.28055,0.37205,-0.1025,0.098406,0.14769,0.30781,0.35915,0.26782,0.16177,0.17678
0.60209,0.44433,0.68222,0.74933,0.36467,0.4548,0.74563,0.82679,0.54146,0.45063,0.64649,1,0.76438,0.91631,0.58834,0.65191,0.56561,0.46675,0.67232,0.81634,0.27176,0.39774,0.33218,0.40093,0.25932,0.34003,0.185,0.18487,0.6965,0.66106,0.43889,0.51529,0.72384,0.73797,0.27708,0.35276,0.45296,0.36335,0.50084,0.38982,0.36423,0.46984,0.46424,0.55132,0.46036,0.55194,0.53091,0.46999,0.63134,0.59784,0.57863,0.52255,0.60249,0.47072,0.53046,0.48179,0.53644,0.32547,0.65804,0.59818,0.61334,0.62549,0.61788,0.69596,0.30702,0.4523,0.53573,0.60238,0.45121,0.30926,0.53509,0.53888,0.60148,0.55423,0.55508,0.53338,0.64583,0.61593,0.45139,0.28364,0.62385,0.62942,0.6653,0.72476,0.56352,0.52447,0.31603,0.31953,0.62179,0.62337,0.53338,0.59219,0.58823,0.61807,0.26309,0.20885,0.48257,0.45706,0.56922,0.54944,0.55232,0.45919,0.51505,0.53456,0.47406,0.41351,0.4187,0.53888,-0.013581,0.063057,0.17196,0.41002,0.42554,0.38136,0.3285,0.24728
0.5216,0.36696,0.77289,0.64805,0.37785,0.46383,0.84629,0.67462,0.67892,0.36371,0.69056,0.76438,1,0.78948,0.76102,0.6598,0.58496,0.45476,0.57349,0.63157,0.31663,0.37584,0.46772,0.40431,0.40996,0.49041,0.32548,0.36946,0.6751,0.55056,0.47351,0.43562,0.71353,0.6369,0.25513,0.23948,0.45797,0.26989,0.51821,0.43794,0.23113,0.30822,0.4885,0.54747,0.46568,0.51908,0.56051,0.59938,0.64797,0.60564,0.62756,0.57739,0.6571,0.60336,0.54865,0.55084,0.48172,0.2633,0.63299,0.44769,0.61226,0.37081,0.61276,0.60442,0.47652,0.3665,0.62218,0.54288,0.56368,0.38727,0.48731,0.50453,0.46339,0.35252,0.43729,0.32729,0.56337,0.44441,0.47781,0.40711,0.68157,0.66776,0.67849,0.78491,0.69247,0.57397,0.35924,0.44039,0.68856,0.52775,0.42059,0.65507,0.4769,0.69487,0.26118,0.2183,0.56269,0.57414,0.41367,0.58672,0.46399,0.53768,0.40562,0.5167,0.50062,0.47986,0.3696,0.44904,-0.082414,0.16873,0.31918,0.31105,0.35397,0.36371,0.30203,0.27002
0.51342,0.37498,0.66384,0.70943,0.325,0.47037,0.74142,0.8385,0.56445,0.5232,0.59582,0.91631,0.78948,1,0.5783,0.70181,0.58473,0.50062,0.56819,0.74431,0.23812,0.35185,0.35157,0.42056,0.2119,0.42501,0.13826,0.2211,0.70369,0.70803,0.46182,0.52743,0.74706,0.76753,0.33858,0.43528,0.47061,0.37169,0.44928,0.38235,0.38521,0.45592,0.49419,0.53088,0.49659,0.57774,0.52059,0.45704,0.61819,0.62319,0.55416,0.47132,0.56543,0.41001,0.46921,0.40404,0.50395,0.31619,0.61874,0.54444,0.6518,0.67036,0.61143,0.67789,0.41511,0.54657,0.59221,0.63026,0.41964,0.32219,0.55441,0.58051,0.5685,0.54173,0.52489,0.47164,0.66033,0.65716,0.53559,0.41949,0.67331,0.61719,0.62649,0.75683,0.61474,0.52505,0.23359,0.30447,0.66979,0.649,0.52576,0.55844,0.64995,0.65964,0.18841,0.16719,0.56585,0.4271,0.52556,0.49366,0.60449,0.56926,0.54985,0.58319,0.51626,0.47649,0.32127,0.4626,-0.081245,0.20361,0.33598,0.4225,0.46442,0.43391,0.31806,0.3045
0.37914,0.26273,0.70146,0.53131,0.46955,0.40732,0.60607,0.42195,0.57629,0.23259,0.68853,0.58834,0.76102,0.5783,1,0.79787,0.49265,0.34012,0.68379,0.54283,0.4434,0.45427,0.62427,0.47843,0.47739,0.48167,0.43067,0.37656,0.59678,0.49294,0.64053,0.60069,0.61311,0.48787,0.20574,0.14995,0.54005,0.28552,0.5189,0.34435,0.2921,0.29898,0.32298,0.36953,0.32721,0.41583,0.397,0.45148,0.44274,0.47248,0.40385,0.44077,0.46623,0.53214,0.40175,0.45876,0.37145,0.11705,0.39273,0.27241,0.21966,0.11585,0.44402,0.43891,0.42446,0.13658,0.44522,0.33301,0.47998,0.26481,0.55157,0.56798,0.4088,0.28927,0.42855,0.24583,0.54515,0.38097,0.47602,0.35785,0.58614,0.58116,0.8584,0.77589,0.73716,0.52991,0.53041,0.46383,0.47192,0.31549,0.37705,0.56217,0.36351,0.59568,0.17725,0.16414,0.3595,0.50016,0.27043,0.49682,0.29697,0.33915,0.24671,0.3875,0.46749,0.45048,0.16688,0.28481,-0.055163,0.1118,0.20137,0.28013,0.27029,0.32676,0.24067,0.27061
0.28324,0.055669,0.62879,0.56448,0.40301,0.49624,0.57466,0.54395,0.54202,0.47872,0.44419,0.65191,0.6598,0.70181,0.79787,1,0.40067,0.24429,0.51001,0.48555,0.32415,0.31367,0.71259,0.71053,0.41329,0.48352,0.37918,0.31367,0.4826,0.50965,0.70259,0.73566,0.60839,0.5633,0.43474,0.41906,0.52066,0.31394,0.4368,0.3234,0.32345,0.31515,0.42848,0.43305,0.44528,0.50816,0.37317,0.38601,0.4307,0.47303,0.40805,0.33274,0.35619,0.31587,0.31572,0.32367,0.32872,-0.00041978,0.37759,0.24072,0.32982,0.30807,0.32051,0.36122,0.59238,0.36223,0.54489,0.42537,0.31504,0.16156,0.61972,0.66991,0.45652,0.33617,0.43289,0.30059,0.55406,0.49105,0.53123,0.34014,0.53209,0.50321,0.73033,0.69497,0.7155,0.57745,0.44561,0.35398,0.56225,0.45592,0.40495,0.45484,0.51019,0.57484,0.1685,0.15997,0.37862,0.4415,0.18968,0.34758,0.41136,0.38526,0.22698,0.38081,0.4641,0.47321,0.19833,0.30025,-0.065699,0.17509,0.30047,0.27345,0.22001,0.3986,0.29315,0.33095
0.69567,0.59671,0.53878,0.5131,0.25241,0.18948,0.42992,0.36234,0.20044,0.049497,0.74612,0.56561,0.58496,0.58473,0.49265,0.40067,1,0.84229,0.47635,0.61521,0.34825,0.46445,0.13526,0.1161,0.28282,0.48174,0.18913,0.31396,0.8734,0.83261,0.26373,0.32159,0.67926,0.59006,0.024306,0.095353,0.42693,0.35416,0.46449,0.45785,0.49054,0.60077,0.41768,0.49307,0.47469,0.48937,0.65661,0.63078,0.69514,0.66966,0.66968,0.62812,0.62579,0.68127,0.56767,0.53889,0.74816,0.53112,0.68602,0.57486,0.38728,0.26915,0.69199,0.75473,0.11302,0.1391,0.52353,0.51346,0.48341,0.3918,0.38851,0.40562,0.65794,0.60981,0.50386,0.45355,0.56779,0.46781,0.73697,0.67547,0.88478,0.79824,0.53021,0.80119,0.62457,0.50143,0.26255,0.43793,0.27179,0.25844,0.16309,0.3932,0.21677,0.43031,0.091092,0.16864,0.66471,0.57793,0.48283,0.63507,0.29054,0.46998,0.5882,0.60075,0.52454,0.43589,0.27709,0.31351,-0.33505,0.34501,0.46391,0.30559,0.36987,0.22593,0.10677,0.27217
0.60908,0.76323,0.43921,0.39299,0.084233,0.13606,0.34373,0.27027,0.19343,0.032156,0.6364,0.46675,0.45476,0.50062,0.34012,0.24429,0.84229,1,0.43458,0.55547,0.22466,0.34496,0.059545,-0.013288,0.10523,0.33756,0.018665,0.17822,0.74063,0.80633,0.14366,0.20678,0.51727,0.48533,-0.039925,0.085902,0.32161,0.28757,0.27255,0.24737,0.43415,0.55875,0.36349,0.3684,0.35344,0.36443,0.51883,0.43294,0.58751,0.52378,0.54921,0.46816,0.44064,0.51841,0.38728,0.31378,0.64948,0.75332,0.57331,0.61523,0.4125,0.35409,0.62223,0.75934,0.10226,0.13602,0.35855,0.38395,0.28385,0.27101,0.36011,0.36447,0.54755,0.61964,0.47662,0.52303,0.52202,0.54071,0.63458,0.79652,0.75622,0.71025,0.37578,0.66369,0.49176,0.28707,0.025833,0.21752,0.22997,0.18165,0.17952,0.33697,0.2138,0.44985,-0.10987,0.0081067,0.60214,0.27197,0.62209,0.56242,0.30943,0.54419,0.66549,0.58816,0.44655,0.33291,0.17848,0.30544,-0.39843,0.29479,0.4456,0.32364,0.42581,0.22539,0.10391,0.21417
0.6724,0.57079,0.6789,0.58615,0.26099,0.32799,0.57333,0.50777,0.3658,0.2479,0.77276,0.67232,0.57349,0.56819,0.68379,0.51001,0.47635,0.43458,1,0.81035,0.31607,0.44676,0.44126,0.3543,0.33307,0.30118,0.29878,0.22673,0.55972,0.45948,0.51892,0.56929,0.59732,0.52088,0.15076,0.13808,0.5564,0.3992,0.47678,0.39291,0.3976,0.49362,0.47097,0.47612,0.31359,0.359,0.56433,0.45655,0.48127,0.37063,0.4161,0.42416,0.5468,0.50126,0.48961,0.47765,0.45102,0.304,0.35853,0.35593,0.22483,0.18912,0.39454,0.43906,0.19986,0.012636,0.30714,0.27911,0.48276,0.28237,0.50754,0.54883,0.51902,0.48761,0.60564,0.50676,0.64295,0.48976,0.35988,0.27126,0.49102,0.57795,0.73673,0.608,0.60736,0.46518,0.45678,0.35149,0.41551,0.2887,0.54908,0.63159,0.43556,0.61383,0.26769,0.19949,0.34505,0.38152,0.6033,0.67834,0.37112,0.41248,0.43764,0.49145,0.42217,0.44179,0.28147,0.50365,0.19858,-0.096354,0.016055,0.4903,0.42224,0.46107,0.37812,0.33522
0.66504,0.62555,0.70488,0.7798,0.27761,0.38444,0.63478,0.70118,0.29188,0.26917,0.70716,0.81634,0.63157,0.74431,0.54283,0.48555,0.61521,0.55547,0.81035,1,0.27866,0.51679,0.29597,0.34711,0.32883,0.40188,0.26279,0.29348,0.70274,0.64464,0.44775,0.56497,0.74011,0.75007,0.20183,0.25983,0.58333,0.49371,0.57233,0.50397,0.43544,0.53752,0.50968,0.53775,0.41645,0.48902,0.68021,0.57793,0.6509,0.56922,0.57517,0.58019,0.61959,0.56429,0.64916,0.5667,0.53541,0.42152,0.53775,0.55548,0.38268,0.38763,0.58861,0.68063,0.18637,0.14401,0.54961,0.56561,0.65143,0.54744,0.49437,0.55742,0.54729,0.55258,0.55919,0.56945,0.73646,0.68627,0.4346,0.31256,0.63189,0.66383,0.66861,0.72174,0.58957,0.53915,0.34909,0.4261,0.49136,0.4485,0.66305,0.6974,0.58295,0.68241,0.23709,0.13384,0.55235,0.47725,0.73401,0.68752,0.62896,0.51033,0.69201,0.66945,0.57566,0.53868,0.4313,0.60706,0.0997,-0.009084,0.19354,0.52645,0.4952,0.49011,0.35291,0.30018
0.42277,0.23337,0.45799,0.3912,0.68088,0.36351,0.34231,0.25559,0.20944,0.13509,0.43706,0.27176,0.31663,0.23812,0.4434,0.32415,0.34825,0.22466,0.31607,0.27866,1,0.80533,0.22167,0.22329,0.45385,0.44162,0.56846,0.61534,0.42046,0.30422,0.31572,0.31295,0.38525,0.329,0.12266,0.040664,0.47897,0.38947,0.65335,0.387,0.22955,0.21072,0.35811,0.41181,0.26466,0.26118,0.42948,0.51838,0.50917,0.42391,0.54152,0.57753,0.58953,0.56648,0.53802,0.51804,0.43717,0.21819,0.48439,0.42051,0.2542,0.13414,0.33344,0.35415,0.02397,0.085891,0.38901,0.36518,0.38688,0.13045,0.46731,0.38924,0.28067,0.2025,0.28829,0.22256,0.31229,0.21283,0.26026,0.18985,0.47131,0.49209,0.49101,0.51425,0.4668,0.42883,0.50892,0.47174,0.29362,0.31833,0.27764,0.43216,0.19724,0.31922,0.33161,0.2754,0.38167,0.50116,0.35415,0.50113,0.29956,0.23213,0.29242,0.3466,0.33172,0.283,0.27473,0.36254,0.091822,0.098306,0.077095,0.2121,0.14909,0.10156,0.10631,0.050777
0.50546,0.39603,0.56263,0.54376,0.63854,0.39959,0.42696,0.36445,0.20202,0.17247,0.50737,0.39774,0.37584,0.35185,0.45427,0.31367,0.46445,0.34496,0.44676,0.51679,0.80533,1,0.25425,0.25729,0.51896,0.58248,0.57692,0.68512,0.53888,0.43234,0.4424,0.46368,0.52337,0.48979,0.16274,0.14351,0.5424,0.4734,0.70331,0.51418,0.33279,0.35143,0.46243,0.49792,0.371,0.38494,0.59647,0.62344,0.59759,0.54195,0.60675,0.66655,0.65323,0.62508,0.63071,0.60519,0.47309,0.32816,0.51953,0.48334,0.24164,0.16229,0.36489,0.42101,-0.005477,0.063561,0.49663,0.48042,0.54107,0.38049,0.56457,0.54205,0.3845,0.35898,0.34423,0.34117,0.48416,0.41846,0.36592,0.29373,0.56345,0.58416,0.55535,0.5891,0.50361,0.47439,0.51937,0.54776,0.29676,0.32459,0.46729,0.55133,0.36717,0.44492,0.28905,0.2321,0.50786,0.54739,0.51001,0.59559,0.45469,0.39958,0.48903,0.52425,0.47942,0.42564,0.24404,0.37477,0.069209,0.1437,0.19365,0.32957,0.33865,0.21187,0.21791,0.11639
0.11866,0.0099593,0.62014,0.44315,0.29764,0.47818,0.51366,0.32873,0.52859,0.47472,0.17745,0.33218,0.46772,0.35157,0.62427,0.71259,0.13526,0.059545,0.44126,0.29597,0.22167,0.25425,1,0.85767,0.59897,0.5863,0.5953,0.47516,0.13305,0.14619,0.86539,0.81962,0.41456,0.36266,0.64869,0.51744,0.5631,0.31588,0.41165,0.39083,0.30013,0.22583,0.5403,0.45171,0.46789,0.45311,0.35135,0.35413,0.27229,0.27791,0.30826,0.18465,0.32445,0.23698,0.28207,0.29013,0.10617,-0.080836,0.07202,-0.03308,0.18798,0.098865,-0.058623,0.0072984,0.80074,0.25741,0.46918,0.27415,0.21157,0.10495,0.5461,0.66202,0.26514,0.19663,0.38328,0.17002,0.51052,0.41694,0.31467,0.17706,0.2434,0.33885,0.58047,0.39067,0.69044,0.57289,0.50539,0.36632,0.61547,0.38557,0.47173,0.50414,0.55087,0.62593,0.30718,0.22007,0.31614,0.41985,0.14158,0.2998,0.33353,0.40397,0.024672,0.23068,0.37175,0.55371,0.12881,0.23346,0.14414,0.17188,0.28158,0.31775,0.20171,0.44576,0.43278,0.34935
0.13726,-0.039849,0.57662,0.61904,0.37475,0.69557,0.5213,0.50523,0.54023,0.64326,0.12221,0.40093,0.40431,0.42056,0.47843,0.71053,0.1161,-0.013288,0.3543,0.34711,0.22329,0.25729,0.85767,1,0.47003,0.56328,0.52534,0.49289,0.084072,0.11851,0.74157,0.79509,0.41242,0.43281,0.63375,0.58244,0.49406,0.34946,0.44428,0.44695,0.29506,0.23562,0.54573,0.50217,0.47765,0.4848,0.39951,0.40707,0.26837,0.29234,0.32122,0.19312,0.37799,0.21869,0.3308,0.31904,0.13959,-0.10667,0.11886,0.033766,0.25797,0.26011,-0.059019,0.026092,0.76698,0.46005,0.47862,0.40347,0.24707,0.092701,0.49414,0.62711,0.22455,0.16155,0.31507,0.19754,0.43186,0.3897,0.33176,0.080459,0.28708,0.37186,0.52961,0.36462,0.63223,0.68763,0.51348,0.3972,0.64682,0.5603,0.51998,0.46369,0.6698,0.56588,0.30843,0.25442,0.28769,0.44391,0.144,0.25811,0.45139,0.37588,0.052165,0.23251,0.31478,0.47819,0.10864,0.25817,0.16932,0.13272,0.21729,0.26273,0.18359,0.37458,0.35628,0.3873
0.34326,0.11426,0.51906,0.39874,0.5249,0.23354,0.42822,0.23519,0.24442,0.15925,0.23802,0.25932,0.40996,0.2119,0.47739,0.41329,0.28282,0.10523,0.33307,0.32883,0.45385,0.51896,0.59897,0.47003,1,0.76171,0.92543,0.76553,0.2485,0.18102,0.61787,0.55213,0.42936,0.33665,0.43455,0.21268,0.53754,0.35473,0.59666,0.60447,0.23875,0.22535,0.56181,0.54398,0.45113,0.40917,0.55852,0.63025,0.50743,0.43824,0.57698,0.56912,0.52913,0.50068,0.5902,0.61602,0.30725,0.022134,0.32379,0.12249,0.12477,-0.055297,0.05552,0.1066,0.34388,0.060021,0.57745,0.40935,0.45587,0.39143,0.3491,0.42552,0.27798,0.21911,0.30522,0.17392,0.40801,0.18267,0.32881,0.1612,0.38081,0.41588,0.4916,0.44719,0.6122,0.61295,0.67036,0.73105,0.41959,0.23377,0.29929,0.48059,0.27013,0.45771,0.43497,0.37309,0.51549,0.68227,0.22324,0.50868,0.25429,0.33335,0.10471,0.26062,0.32599,0.50142,0.27994,0.27738,0.15616,0.18185,0.34471,0.36836,0.2275,0.20482,0.29356,0.22835
0.31127,0.15922,0.63217,0.55661,0.5171,0.4809,0.54082,0.41436,0.41891,0.40579,0.33701,0.34003,0.49041,0.42501,0.48167,0.48352,0.48174,0.33756,0.30118,0.40188,0.44162,0.58248,0.5863,0.56328,0.76171,1,0.70796,0.81145,0.42099,0.44033,0.68337,0.64319,0.51461,0.46078,0.44235,0.38751,0.55978,0.40707,0.57072,0.60906,0.32321,0.30726,0.60225,0.58986,0.53334,0.54281,0.6112,0.70785,0.55853,0.56923,0.59792,0.55158,0.59464,0.52074,0.54679,0.53959,0.33573,0.11927,0.35241,0.18736,0.29141,0.14768,0.16089,0.25935,0.50269,0.32748,0.67186,0.57131,0.4247,0.41263,0.45413,0.59883,0.34769,0.31057,0.3003,0.16175,0.46729,0.37122,0.52223,0.46073,0.58271,0.53431,0.48431,0.57993,0.70105,0.69328,0.47475,0.666,0.50629,0.4009,0.4717,0.60862,0.55768,0.62512,0.21638,0.28669,0.63874,0.69265,0.32868,0.5044,0.52377,0.58358,0.35745,0.49558,0.53726,0.64094,0.12976,0.19375,-0.11183,0.44239,0.59905,0.40657,0.35112,0.27591,0.28592,0.28278
0.31325,0.074672,0.44038,0.34059,0.58455,0.32808,0.33682,0.17091,0.23804,0.19727,0.20304,0.185,0.32548,0.13826,0.43067,0.37918,0.18913,0.018665,0.29878,0.26279,0.56846,0.57692,0.5953,0.52534,0.92543,0.70796,1,0.83971,0.14612,0.060857,0.56914,0.52749,0.32702,0.23951,0.40252,0.15968,0.51484,0.31922,0.62872,0.57344,0.17824,0.13976,0.50698,0.4877,0.35277,0.32214,0.50983,0.58533,0.44111,0.34888,0.50398,0.49226,0.51613,0.4623,0.54892,0.57108,0.26514,-0.019683,0.27346,0.057473,0.083556,-0.095364,-0.053702,0.013684,0.3118,0.040882,0.47267,0.32229,0.46871,0.33272,0.33818,0.42574,0.16734,0.10532,0.21052,0.081377,0.33117,0.13617,0.26343,0.10554,0.3322,0.38822,0.43856,0.37814,0.56737,0.58779,0.69266,0.71239,0.40091,0.25181,0.33107,0.49394,0.26917,0.40668,0.45095,0.41235,0.45416,0.64187,0.20358,0.49366,0.23063,0.30418,0.065973,0.24417,0.31846,0.45819,0.32367,0.30471,0.22292,0.16382,0.26725,0.35792,0.18408,0.22782,0.293,0.1545
0.30494,0.11438,0.5073,0.44848,0.59156,0.45147,0.42694,0.26761,0.25809,0.27039,0.27381,0.18487,0.36946,0.2211,0.37656,0.31367,0.31396,0.17822,0.22673,0.29348,0.61534,0.68512,0.47516,0.49289,0.76553,0.81145,0.83971,1,0.28212,0.20474,0.49968,0.48626,0.39723,0.34213,0.36144,0.23217,0.51799,0.3783,0.6067,0.58774,0.26787,0.2437,0.50562,0.50514,0.39011,0.37072,0.54831,0.65702,0.4655,0.43815,0.56184,0.54905,0.58537,0.50372,0.5972,0.5768,0.29013,0.072418,0.31068,0.13384,0.16353,-0.016618,0.11193,0.14746,0.28562,0.16561,0.55125,0.4659,0.4473,0.35826,0.40058,0.50454,0.18905,0.16589,0.19883,0.15729,0.36292,0.23615,0.39405,0.26463,0.49925,0.53325,0.43027,0.45087,0.59329,0.64214,0.53316,0.68129,0.39445,0.33915,0.37729,0.52329,0.37643,0.44839,0.29817,0.32626,0.5284,0.67392,0.26102,0.47442,0.38244,0.45931,0.21375,0.38503,0.36358,0.48028,0.17475,0.22129,0.076819,0.21574,0.39524,0.31722,0.25085,0.19053,0.20198,0.15768
0.63315,0.51339,0.64068,0.59565,0.32406,0.17976,0.52546,0.50314,0.23167,0.072764,0.78274,0.6965,0.6751,0.70369,0.59678,0.4826,0.8734,0.74063,0.55972,0.70274,0.42046,0.53888,0.13305,0.084072,0.2485,0.42099,0.14612,0.28212,1,0.89781,0.35013,0.38857,0.79254,0.73352,0.12087,0.20729,0.46615,0.3845,0.50135,0.43776,0.43489,0.5247,0.35921,0.43745,0.4633,0.51626,0.57436,0.54262,0.69812,0.70005,0.63686,0.62175,0.62006,0.60799,0.55878,0.5144,0.67889,0.45512,0.73415,0.62812,0.47915,0.37594,0.837,0.83347,0.08354,0.19419,0.59234,0.59121,0.49675,0.38227,0.44165,0.4577,0.63896,0.5783,0.52228,0.49109,0.66125,0.56586,0.64786,0.5777,0.8346,0.73151,0.63614,0.85667,0.58145,0.412,0.23959,0.3597,0.32857,0.33689,0.28709,0.45921,0.29731,0.49071,0.097705,0.11272,0.59125,0.49392,0.51855,0.6069,0.41773,0.47827,0.62521,0.65248,0.56152,0.43908,0.30236,0.37789,-0.27774,0.2546,0.36305,0.31808,0.36609,0.23763,0.10465,0.23182
0.50357,0.486,0.54634,0.54211,0.23049,0.17476,0.45343,0.49769,0.23996,0.1617,0.6211,0.66106,0.55056,0.70803,0.49294,0.50965,0.83261,0.80633,0.45948,0.64464,0.30422,0.43234,0.14619,0.11851,0.18102,0.44033,0.060857,0.20474,0.89781,1,0.36791,0.43493,0.70747,0.70011,0.17116,0.30899,0.44088,0.38592,0.37528,0.34216,0.49121,0.57894,0.37719,0.41595,0.49172,0.53452,0.49323,0.45239,0.64125,0.66104,0.59672,0.5056,0.47787,0.45862,0.41973,0.33657,0.58223,0.45837,0.63465,0.57823,0.46067,0.46597,0.73248,0.80146,0.18391,0.28842,0.5544,0.5859,0.29868,0.24303,0.45642,0.48099,0.6421,0.64956,0.52648,0.53749,0.6535,0.65752,0.69301,0.696,0.78937,0.67033,0.54461,0.81399,0.54962,0.36661,0.093537,0.24174,0.31966,0.30522,0.27765,0.37322,0.36873,0.51113,-0.022963,0.084397,0.62828,0.37387,0.51789,0.47972,0.47538,0.53542,0.65161,0.64316,0.54798,0.43555,0.18349,0.30122,-0.38251,0.36417,0.51713,0.39616,0.46927,0.30323,0.16448,0.28329
0.19438,0.047513,0.70649,0.52595,0.34765,0.39123,0.52488,0.41775,0.41948,0.42649,0.27705,0.43889,0.47351,0.46182,0.64053,0.70259,0.26373,0.14366,0.51892,0.44775,0.31572,0.4424,0.86539,0.74157,0.61787,0.68337,0.56914,0.49968,0.35013,0.36791,1,0.9266,0.60276,0.54919,0.69291,0.5999,0.65664,0.48479,0.54432,0.49047,0.30747,0.2479,0.58724,0.51802,0.55199,0.57912,0.43455,0.44025,0.3996,0.45522,0.38024,0.28436,0.39959,0.29511,0.36208,0.36413,0.18364,-0.059278,0.19881,0.085116,0.2549,0.1879,0.11183,0.16411,0.65982,0.25291,0.61638,0.43627,0.32817,0.20022,0.63259,0.75212,0.31413,0.24076,0.38034,0.18987,0.64902,0.5365,0.34626,0.23481,0.34494,0.37936,0.62433,0.52962,0.66233,0.53353,0.46813,0.37957,0.57589,0.40711,0.58881,0.58806,0.62255,0.66034,0.27696,0.20241,0.41792,0.47582,0.27847,0.39962,0.47547,0.49521,0.24246,0.44335,0.57529,0.68476,0.13806,0.2989,0.10226,0.18655,0.36847,0.47421,0.34504,0.53735,0.52078,0.38069
0.26452,0.14751,0.71206,0.63626,0.35135,0.44376,0.53739,0.51085,0.36093,0.42464,0.31764,0.51529,0.43562,0.52743,0.60069,0.73566,0.32159,0.20678,0.56929,0.56497,0.31295,0.46368,0.81962,0.79509,0.55213,0.64319,0.52749,0.48626,0.38857,0.43493,0.9266,1,0.67135,0.66554,0.69738,0.67042,0.71613,0.57356,0.58101,0.5322,0.4311,0.40275,0.63626,0.56626,0.59164,0.59996,0.50322,0.45926,0.45311,0.47129,0.44813,0.32214,0.44279,0.30587,0.4323,0.37348,0.26551,0.039308,0.2366,0.16541,0.2654,0.27428,0.19057,0.25583,0.62296,0.29006,0.65023,0.53218,0.35987,0.22469,0.6755,0.7747,0.39389,0.34465,0.47779,0.34125,0.72215,0.67051,0.42178,0.22452,0.39975,0.46172,0.67251,0.55439,0.70943,0.61991,0.49134,0.40801,0.58691,0.46092,0.62692,0.56695,0.68754,0.69094,0.31063,0.21729,0.4769,0.46192,0.36442,0.40464,0.56777,0.49206,0.34697,0.47671,0.55106,0.65958,0.19825,0.37573,0.14002,0.18555,0.32897,0.48757,0.37443,0.54669,0.44656,0.40075
0.61827,0.43303,0.8202,0.7534,0.41964,0.30141,0.69296,0.67333,0.31718,0.23074,0.62103,0.72384,0.71353,0.74706,0.61311,0.60839,0.67926,0.51727,0.59732,0.74011,0.38525,0.52337,0.41456,0.41242,0.42936,0.51461,0.32702,0.39723,0.79254,0.70747,0.60276,0.67135,1,0.93677,0.52445,0.55148,0.67301,0.5936,0.6896,0.60406,0.42823,0.49969,0.62743,0.65774,0.69576,0.70301,0.69752,0.65011,0.7542,0.78033,0.71433,0.65409,0.69972,0.63402,0.69812,0.64224,0.67024,0.35191,0.69638,0.57775,0.56499,0.46843,0.73709,0.71327,0.36116,0.34041,0.81698,0.77824,0.61578,0.40964,0.59505,0.59655,0.55746,0.46807,0.59627,0.48289,0.79194,0.66111,0.5748,0.35335,0.74112,0.7504,0.73125,0.80864,0.72001,0.64362,0.40934,0.45872,0.59871,0.56229,0.47391,0.58092,0.51216,0.66648,0.31492,0.23558,0.67485,0.58721,0.559,0.64977,0.59332,0.54558,0.60572,0.66085,0.56796,0.5662,0.45049,0.53362,0.034036,0.12424,0.33818,0.49033,0.448,0.40308,0.30249,0.32724
0.54693,0.43027,0.75823,0.79786,0.39448,0.33861,0.68366,0.75014,0.30829,0.27928,0.50626,0.73797,0.6369,0.76753,0.48787,0.5633,0.59006,0.48533,0.52088,0.75007,0.329,0.48979,0.36266,0.43281,0.33665,0.46078,0.23951,0.34213,0.73352,0.70011,0.54919,0.66554,0.93677,1,0.57488,0.64428,0.61907,0.60404,0.66009,0.54801,0.42776,0.48659,0.63242,0.64723,0.69802,0.70132,0.66256,0.57989,0.7231,0.74325,0.70679,0.61738,0.66612,0.53072,0.66818,0.55804,0.60521,0.39249,0.6791,0.62658,0.62317,0.6146,0.72699,0.73821,0.37038,0.44989,0.81498,0.84048,0.52725,0.34045,0.54947,0.53862,0.521,0.48083,0.57521,0.53517,0.75582,0.72067,0.53058,0.29926,0.67116,0.6934,0.66157,0.73634,0.65414,0.6175,0.36696,0.397,0.6383,0.63065,0.51137,0.53979,0.59332,0.68749,0.30513,0.20764,0.66289,0.49133,0.60347,0.55587,0.68476,0.53079,0.63957,0.62229,0.51748,0.5377,0.41036,0.54819,0.035419,0.1131,0.29439,0.4799,0.48786,0.395,0.2383,0.34942
0.066864,-0.07732,0.47575,0.40396,0.26707,0.27928,0.42518,0.41397,0.27095,0.3977,-0.095627,0.27708,0.25513,0.33858,0.20574,0.43474,0.024306,-0.039925,0.15076,0.20183,0.12266,0.16274,0.64869,0.63375,0.43455,0.44235,0.40252,0.36144,0.12087,0.17116,0.69291,0.69738,0.52445,0.57488,1,0.89895,0.44532,0.43077,0.43436,0.40405,0.17255,0.11147,0.62005,0.51621,0.69808,0.63014,0.34057,0.2901,0.34254,0.42579,0.38978,0.17494,0.33819,0.12337,0.31985,0.24635,0.14878,-0.050652,0.21149,0.11644,0.44498,0.41865,0.075966,0.065242,0.68244,0.49897,0.66487,0.60115,0.11217,0.0059746,0.38262,0.44369,0.17948,0.12761,0.33244,0.1683,0.48372,0.44335,0.21808,0.0036707,0.15365,0.23523,0.31434,0.24355,0.45855,0.45603,0.32483,0.19057,0.62172,0.532,0.40185,0.34849,0.52671,0.49943,0.34911,0.26023,0.3856,0.28106,0.20415,0.20328,0.47492,0.41489,0.12851,0.25584,0.28946,0.48851,0.23868,0.31884,0.23337,0.11014,0.29161,0.37556,0.19313,0.33267,0.39738,0.33427
0.077181,-0.00022897,0.45521,0.47146,0.15826,0.34097,0.43174,0.51013,0.28613,0.45886,-0.067563,0.35276,0.23948,0.43528,0.14995,0.41906,0.095353,0.085902,0.13808,0.25983,0.040664,0.14351,0.51744,0.58244,0.21268,0.38751,0.15968,0.23217,0.20729,0.30899,0.5999,0.67042,0.55148,0.64428,0.89895,1,0.39661,0.4475,0.31535,0.35413,0.22029,0.20357,0.56249,0.4782,0.69231,0.66243,0.2986,0.23202,0.339,0.42754,0.35806,0.1212,0.29307,0.042783,0.24203,0.12588,0.18124,0.057785,0.23051,0.19564,0.51324,0.57369,0.17832,0.17048,0.64644,0.62934,0.63404,0.66351,0.042391,-0.027813,0.40786,0.44412,0.21978,0.21432,0.35226,0.25548,0.50123,0.57106,0.2882,0.098062,0.20415,0.25563,0.30165,0.28131,0.41911,0.40843,0.13844,0.048328,0.59425,0.59765,0.42692,0.28925,0.62325,0.51478,0.18657,0.15783,0.39756,0.17124,0.26576,0.13756,0.56397,0.47224,0.24403,0.32139,0.28042,0.4252,0.12923,0.26133,0.092222,0.1826,0.34608,0.33077,0.25735,0.3155,0.28775,0.35442
0.43215,0.36109,0.70527,0.64914,0.35819,0.42287,0.56563,0.49961,0.28284,0.30333,0.44304,0.45296,0.45797,0.47061,0.54005,0.52066,0.42693,0.32161,0.5564,0.58333,0.47897,0.5424,0.5631,0.49406,0.53754,0.55978,0.51484,0.51799,0.46615,0.44088,0.65664,0.71613,0.67301,0.61907,0.44532,0.39661,1,0.77711,0.73238,0.72414,0.61309,0.55895,0.66922,0.66017,0.49267,0.48456,0.64084,0.62237,0.55615,0.51796,0.5968,0.57741,0.59288,0.54263,0.67491,0.6053,0.41797,0.22606,0.35039,0.34261,0.25719,0.25979,0.35808,0.40446,0.39535,0.16982,0.59087,0.50873,0.49274,0.30227,0.63568,0.65173,0.50897,0.44927,0.62843,0.47556,0.7303,0.60396,0.47016,0.22157,0.50158,0.58844,0.72128,0.59965,0.74367,0.68939,0.59156,0.52478,0.57118,0.4953,0.51238,0.58293,0.52294,0.63483,0.46267,0.39806,0.56807,0.60848,0.51384,0.58488,0.50927,0.43332,0.42873,0.46306,0.46435,0.55594,0.28318,0.39835,0.34777,0.10605,0.25153,0.60012,0.44645,0.4499,0.37632,0.45197
0.42961,0.34799,0.5468,0.58109,0.22126,0.35731,0.43756,0.46305,0.16829,0.24194,0.28484,0.36335,0.26989,0.37169,0.28552,0.31394,0.35416,0.28757,0.3992,0.49371,0.38947,0.4734,0.31588,0.34946,0.35473,0.40707,0.31922,0.3783,0.3845,0.38592,0.48479,0.57356,0.5936,0.60404,0.43077,0.4475,0.77711,1,0.61562,0.70428,0.55238,0.54451,0.62073,0.62785,0.45578,0.44142,0.56084,0.49281,0.46034,0.46908,0.5404,0.49305,0.49125,0.41389,0.58601,0.50839,0.40151,0.26424,0.31105,0.38263,0.27451,0.3731,0.33438,0.39153,0.26489,0.24895,0.53354,0.53895,0.35952,0.2259,0.57268,0.54003,0.46746,0.39031,0.57072,0.44024,0.59778,0.55632,0.39843,0.11613,0.38665,0.49939,0.51965,0.42353,0.52794,0.56904,0.42522,0.34104,0.49291,0.52462,0.40819,0.3626,0.45,0.48496,0.45527,0.42792,0.49242,0.43886,0.50599,0.47898,0.50664,0.40474,0.44689,0.38054,0.31659,0.38636,0.20569,0.36947,0.37258,0.039493,0.14965,0.60266,0.46523,0.39871,0.28136,0.48949
0.52886,0.37306,0.70575,0.67121,0.67403,0.43105,0.58652,0.51998,0.29678,0.22022,0.49916,0.50084,0.51821,0.44928,0.5189,0.4368,0.46449,0.27255,0.47678,0.57233,0.65335,0.70331,0.41165,0.44428,0.59666,0.57072,0.62872,0.6067,0.50135,0.37528,0.54432,0.58101,0.6896,0.66009,0.43436,0.31535,0.73238,0.61562,1,0.70212,0.26284,0.26081,0.66591,0.70192,0.51164,0.50645,0.67309,0.72001,0.68348,0.60759,0.69878,0.68982,0.77477,0.71919,0.80319,0.73645,0.55501,0.28847,0.6214,0.5186,0.44709,0.31585,0.44621,0.48344,0.27105,0.20456,0.71344,0.66008,0.71125,0.40651,0.44707,0.44998,0.32415,0.2136,0.38976,0.26768,0.56632,0.43672,0.35156,0.13569,0.56556,0.63085,0.63659,0.61408,0.66602,0.6658,0.71233,0.65343,0.61792,0.57187,0.53403,0.70234,0.4578,0.5741,0.51768,0.42068,0.61065,0.68524,0.53918,0.67908,0.51185,0.38153,0.45465,0.52227,0.54682,0.58892,0.48108,0.58069,0.2649,0.038048,0.10847,0.49808,0.36377,0.33352,0.34128,0.29972
0.48457,0.25477,0.58471,0.61672,0.36039,0.38838,0.52292,0.43991,0.23375,0.2769,0.36582,0.38982,0.43794,0.38235,0.34435,0.3234,0.45785,0.24737,0.39291,0.50397,0.387,0.51418,0.39083,0.44695,0.60447,0.60906,0.57344,0.58774,0.43776,0.34216,0.49047,0.5322,0.60406,0.54801,0.40405,0.35413,0.72414,0.70428,0.70212,1,0.49327,0.46978,0.63231,0.68616,0.58454,0.53142,0.7194,0.72021,0.59794,0.5809,0.66198,0.63928,0.72119,0.59171,0.74067,0.71353,0.47155,0.15142,0.40086,0.28717,0.27648,0.21505,0.27809,0.31366,0.26503,0.20691,0.62592,0.58902,0.55013,0.44977,0.40299,0.46768,0.40998,0.32845,0.41175,0.31251,0.53921,0.37566,0.46246,0.15405,0.50929,0.56888,0.53355,0.51902,0.62403,0.71484,0.61375,0.65571,0.51253,0.51798,0.36197,0.45588,0.38264,0.42893,0.54008,0.50926,0.56434,0.68365,0.34544,0.5212,0.39895,0.43199,0.2969,0.3729,0.33004,0.42386,0.3046,0.33342,0.31752,0.1974,0.26266,0.41653,0.34564,0.23855,0.20133,0.37484
0.37278,0.36057,0.39757,0.48394,0.097148,0.24559,0.34784,0.34234,0.15794,0.17301,0.31547,0.36423,0.23113,0.38521,0.2921,0.32345,0.49054,0.43415,0.3976,0.43544,0.22955,0.33279,0.30013,0.29506,0.23875,0.32321,0.17824,0.26787,0.43489,0.49121,0.30747,0.4311,0.42823,0.42776,0.17255,0.22029,0.61309,0.55238,0.26284,0.49327,1,0.87497,0.36437,0.37854,0.32958,0.24912,0.45121,0.34816,0.30865,0.31023,0.44812,0.40641,0.38827,0.29508,0.44304,0.34966,0.38771,0.30869,0.22407,0.32259,0.070823,0.27529,0.33286,0.43199,0.18193,0.13808,0.2563,0.28294,0.12616,0.101,0.48977,0.47948,0.73105,0.7403,0.67906,0.615,0.51741,0.46924,0.51408,0.27781,0.47141,0.54906,0.55204,0.43447,0.57215,0.55237,0.39602,0.33901,0.26751,0.25038,0.079327,0.082134,0.23844,0.31791,0.24621,0.27129,0.34884,0.36626,0.26953,0.26059,0.22848,0.28981,0.26151,0.1546,0.068751,0.11488,-0.0097429,0.11619,0.1238,0.183,0.18129,0.23215,0.26952,0.15583,-0.011769,0.3934
0.51312,0.51486,0.4092,0.52982,0.12198,0.26507,0.38224,0.40235,0.19249,0.1909,0.44245,0.46984,0.30822,0.45592,0.29898,0.31515,0.60077,0.55875,0.49362,0.53752,0.21072,0.35143,0.22583,0.23562,0.22535,0.30726,0.13976,0.2437,0.5247,0.57894,0.2479,0.40275,0.49969,0.48659,0.11147,0.20357,0.55895,0.54451,0.26081,0.46978,0.87497,1,0.39767,0.45106,0.36923,0.30069,0.49873,0.40084,0.37102,0.36841,0.49592,0.45484,0.39971,0.36822,0.45194,0.36473,0.47516,0.43443,0.31444,0.41034,0.16309,0.30703,0.41416,0.50396,0.13944,0.16487,0.26091,0.33367,0.13057,0.12028,0.53112,0.51053,0.82681,0.84569,0.74815,0.77492,0.55801,0.52779,0.61595,0.36566,0.5775,0.62527,0.53817,0.49517,0.57532,0.54034,0.3051,0.34476,0.27392,0.27662,0.10728,0.12366,0.26653,0.33335,0.22393,0.22707,0.46142,0.37121,0.40263,0.37964,0.26914,0.36087,0.39273,0.23768,0.14313,0.14138,0.10029,0.17612,0.010946,0.18023,0.25179,0.31096,0.33761,0.21752,0.048347,0.39439
0.57119,0.42717,0.66815,0.61404,0.35934,0.39944,0.62296,0.55638,0.35245,0.415,0.32967,0.46424,0.4885,0.49419,0.32298,0.42848,0.41768,0.36349,0.47097,0.50968,0.35811,0.46243,0.5403,0.54573,0.56181,0.60225,0.50698,0.50562,0.35921,0.37719,0.58724,0.63626,0.62743,0.63242,0.62005,0.56249,0.66922,0.62073,0.66591,0.63231,0.36437,0.39767,1,0.92754,0.74879,0.68059,0.7918,0.73936,0.72305,0.61167,0.76734,0.5839,0.70395,0.53726,0.69994,0.60478,0.54296,0.36986,0.51137,0.44709,0.5753,0.46294,0.2594,0.32301,0.5354,0.39729,0.71747,0.6645,0.42672,0.21573,0.53039,0.56592,0.45482,0.40673,0.55959,0.45417,0.64836,0.57878,0.4338,0.29704,0.49063,0.58195,0.48757,0.50845,0.71536,0.6795,0.53562,0.48489,0.70967,0.57921,0.47664,0.58857,0.54001,0.6552,0.50721,0.43044,0.74768,0.5866,0.59984,0.67316,0.56269,0.62895,0.4408,0.47691,0.42317,0.58237,0.39806,0.57453,0.25572,0.18663,0.38238,0.62128,0.47595,0.46506,0.50267,0.45032
