1,0.78009,0.62822,0.6979,0.7825,0.68985,0.79786,0.77004,0.71079,0.65812,0.74825,0.5518,0.66365,0.59176,0.6689,0.67807,0.69394,0.5968,0.768,0.75745,0.56454,0.69137,0.59502,0.66444,0.52526,0.60384,0.49983,0.53165,0.7074,0.57975,0.4491,0.49999,0.78117,0.75359,0.56445,0.59119,0.62877,0.3446,0.49855,0.51263,0.51078,0.39285,0.44845,0.47367,0.37137,0.52331,0.42084,0.37538,0.34979,0.73505,0.62103,0.64654,0.47817,0.5904,0.66375,0.74783,0.8297,0.75982,0.84903,0.56651,0.84724,0.56679,0.70649,0.54291,0.50258,0.53983,0.68549,0.6293,0.83739,0.59965,0.60413,0.68865,0.55259,0.5521,0.65112,0.70089,0.72321,0.5234,0.59721,0.30419,0.73013,0.69061,0.64525,0.61571,0.81299,0.74729,0.44036,0.61818,0.77473,0.79292,0.70978,0.66071,0.54812,0.68026,0.18767,0.17906,0.45662,0.59092,0.72514,0.66985,0.55267,0.73985,0.50257,0.74836,0.10134,0.31591,0.59864,0.24693,0.10387,0.1587,0.44369,0.43158,0.40718,0.34527,0.096705,0.24348
0.78009,1,0.41706,0.68395,0.52183,0.55733,0.54831,0.78442,0.42745,0.56285,0.59372,0.77452,0.5073,0.7308,0.42407,0.60982,0.69447,0.75262,0.57345,0.79055,0.30398,0.46578,0.34985,0.60126,0.27958,0.38361,0.32265,0.31934,0.67326,0.63208,0.28131,0.36799,0.74332,0.80138,0.61738,0.72698,0.57045,0.44943,0.4939,0.5926,0.5255,0.48895,0.20049,0.27904,0.15702,0.40042,0.15629,0.17193,0.045856,0.7941,0.45277,0.6708,0.25767,0.32889,0.61165,0.73022,0.73568,0.8873,0.84588,0.8171,0.82037,0.66363,0.77106,0.77769,0.35653,0.58721,0.74379,0.79598,0.70171,0.64735,0.33106,0.45814,0.37714,0.49851,0.56077,0.62816,0.71219,0.6915,0.64007,0.36613,0.73357,0.67799,0.56902,0.62773,0.82249,0.82643,0.38093,0.5899,0.8131,0.86397,0.68288,0.48634,0.72687,0.57841,0.31988,0.2731,0.39789,0.58841,0.67525,0.54201,0.76781,0.73816,0.7079,0.73703,0.31556,0.41796,0.55103,0.18651,0.14731,0.44441,0.49268,0.48046,0.49746,0.37772,0.15729,0.33892
0.62822,0.41706,1,0.80509,0.63532,0.58563,0.88959,0.6844,0.57476,0.5314,0.54988,0.24389,0.6411,0.32718,0.83161,0.61762,0.36526,0.36659,0.75788,0.51931,0.54922,0.53466,0.90798,0.80913,0.78761,0.70666,0.66449,0.64866,0.53989,0.40107,0.74037,0.76349,0.65974,0.57616,0.58685,0.4478,0.72901,0.48259,0.61181,0.60495,0.55717,0.34288,0.59359,0.46129,0.51748,0.51678,0.52881,0.49127,0.43766,0.52245,0.66201,0.54826,0.61102,0.67086,0.78667,0.72713,0.42766,0.43636,0.45066,0.14577,0.50808,0.28428,0.43674,0.12999,0.78531,0.54346,0.71031,0.48608,0.692,0.5216,0.68949,0.72144,0.54496,0.39618,0.58141,0.51121,0.67443,0.51505,0.46586,0.38602,0.58326,0.60472,0.73883,0.51066,0.73186,0.61362,0.62609,0.69058,0.5767,0.69263,0.69024,0.81175,0.51431,0.77826,0.46779,0.28035,0.67755,0.69428,0.71055,0.65326,0.33695,0.612,0.23711,0.50287,0.065429,0.49897,0.59899,0.34281,0.2323,0.32218,0.49028,0.51676,0.42538,0.38775,0.31803,0.17101
0.6979,0.68395,0.80509,1,0.56809,0.6396,0.79884,0.8868,0.46968,0.58077,0.55342,0.46243,0.60147,0.53952,0.70546,0.73181,0.60383,0.57115,0.71642,0.71262,0.42868,0.53283,0.79089,0.86448,0.65992,0.693,0.45395,0.47054,0.68842,0.59007,0.69818,0.78198,0.83027,0.81177,0.71825,0.67934,0.70774,0.51914,0.52459,0.59964,0.61262,0.48042,0.56585,0.55452,0.54881,0.6417,0.50967,0.52592,0.40895,0.76008,0.69616,0.73648,0.60127,0.65192,0.7883,0.80617,0.61018,0.67983,0.6125,0.49987,0.63384,0.51325,0.64953,0.45883,0.66809,0.70548,0.80548,0.77029,0.73551,0.60199,0.64108,0.79449,0.61982,0.59071,0.67947,0.65684,0.84543,0.81048,0.63417,0.47742,0.70795,0.75584,0.68849,0.59423,0.83132,0.84597,0.48206,0.73192,0.6476,0.81852,0.73193,0.71087,0.67462,0.67731,0.37853,0.20874,0.65455,0.70409,0.78424,0.68193,0.57634,0.62893,0.46371,0.61968,0.27315,0.48131,0.67224,0.29994,0.19296,0.37339,0.6242,0.60856,0.48416,0.44915,0.29427,0.2036
0.7825,0.52183,0.63532,0.56809,1,0.70381,0.76572,0.6562,0.81544,0.65981,0.69173,0.44635,0.57233,0.49339,0.74381,0.67946,0.63388,0.5217,0.69786,0.67084,0.61007,0.63706,0.61706,0.58071,0.61123,0.55733,0.58238,0.58953,0.65553,0.51641,0.50037,0.52507,0.65426,0.58567,0.42416,0.39711,0.62664,0.3199,0.54997,0.57564,0.51161,0.40087,0.49206,0.43702,0.39306,0.46452,0.48261,0.42058,0.43401,0.52589,0.57804,0.49286,0.57178,0.63234,0.66885,0.66341,0.62711,0.52551,0.64046,0.29014,0.68419,0.40868,0.54893,0.40697,0.44988,0.42373,0.58024,0.43034,0.73486,0.56995,0.50417,0.62516,0.57435,0.54672,0.57651,0.64782,0.62109,0.37638,0.40484,0.30372,0.60533,0.61175,0.70825,0.53863,0.64327,0.53982,0.59286,0.65437,0.6726,0.62196,0.66171,0.65327,0.43285,0.61031,0.33908,0.30839,0.43499,0.52311,0.69644,0.63421,0.44524,0.64415,0.39601,0.61251,-0.1662,0.14189,0.60579,0.41547,0.19382,0.12614,0.38084,0.4344,0.35628,0.22529,0.013934,0.056023
0.68985,0.55733,0.58563,0.6396,0.70381,1,0.65329,0.70162,0.76608,0.85483,0.59247,0.46855,0.59546,0.50845,0.58303,0.62278,0.51964,0.35607,0.53625,0.55195,0.48016,0.62399,0.47199,0.70837,0.56479,0.62773,0.59757,0.56398,0.49228,0.34248,0.29806,0.40199,0.53684,0.572,0.55057,0.54764,0.67523,0.35097,0.51756,0.54012,0.54,0.2866,0.36199,0.33367,0.23168,0.37205,0.28343,0.28572,0.23248,0.60856,0.48383,0.66093,0.4066,0.46965,0.583,0.65332,0.5146,0.47289,0.50536,0.31435,0.59986,0.55346,0.37076,0.23214,0.49551,0.64544,0.57598,0.52897,0.62998,0.4731,0.52661,0.6681,0.38936,0.34499,0.45646,0.4986,0.60665,0.49404,0.47055,0.33998,0.59596,0.61885,0.52343,0.46593,0.6172,0.66505,0.44251,0.58325,0.64359,0.73342,0.59285,0.52473,0.54533,0.64346,0.24381,0.21043,0.40798,0.48476,0.55963,0.4266,0.58621,0.57487,0.34109,0.39805,0.17402,0.2272,0.65248,0.32157,0.034562,0.20519,0.42655,0.29399,0.35315,0.19042,0.20269,0.065043
0.79786,0.54831,0.88959,0.79884,0.76572,0.65329,1,0.81791,0.71883,0.6422,0.72632,0.39994,0.74482,0.48147,0.84199,0.68658,0.50149,0.49306,0.83923,0.68835,0.49903,0.59009,0.81446,0.73654,0.68711,0.6644,0.49039,0.53239,0.68127,0.56218,0.67327,0.68521,0.72583,0.67239,0.50104,0.44199,0.67361,0.37921,0.52362,0.53043,0.48614,0.31038,0.65445,0.57101,0.56434,0.60369,0.61386,0.55677,0.55105,0.64581,0.76525,0.6432,0.69613,0.71581,0.80669,0.79071,0.5452,0.5352,0.61645,0.32183,0.69801,0.43359,0.63344,0.36293,0.61412,0.48723,0.68412,0.5306,0.77536,0.55748,0.7181,0.76896,0.58648,0.50444,0.59302,0.60361,0.712,0.52131,0.48534,0.41909,0.64463,0.66148,0.72458,0.55603,0.77585,0.64324,0.55801,0.66923,0.65148,0.73048,0.76167,0.82908,0.54851,0.77457,0.38271,0.26084,0.66594,0.69004,0.79956,0.70527,0.49364,0.71946,0.42091,0.66451,0.094018,0.44669,0.64757,0.30112,0.16663,0.22882,0.51291,0.53297,0.45675,0.39694,0.26579,0.19107
0.77004,0.78442,0.6844,0.8868,0.6562,0.70162,0.81791,1,0.60397,0.73936,0.65437,0.7039,0.64892,0.69129,0.67314,0.77201,0.63302,0.62997,0.71115,0.82168,0.40893,0.57831,0.648,0.79952,0.54447,0.63559,0.3385,0.41458,0.77136,0.7207,0.57423,0.67143,0.84374,0.88062,0.62285,0.63774,0.69261,0.49873,0.51306,0.61139,0.54494,0.50341,0.5045,0.51442,0.45749,0.61138,0.46939,0.47343,0.38285,0.82256,0.67959,0.75931,0.55867,0.57852,0.76029,0.78768,0.62452,0.71868,0.72569,0.64326,0.80175,0.73667,0.71157,0.64545,0.50984,0.73244,0.75716,0.7788,0.7439,0.6111,0.59992,0.77901,0.5528,0.60872,0.62655,0.71095,0.85043,0.77944,0.60848,0.42025,0.71992,0.761,0.68498,0.67333,0.84398,0.83956,0.41976,0.71257,0.71845,0.84647,0.75981,0.67793,0.72534,0.66914,0.3179,0.22638,0.57759,0.65106,0.7823,0.65077,0.74641,0.73496,0.61556,0.67952,0.2685,0.39602,0.66073,0.24644,0.14845,0.38297,0.60168,0.57669,0.48624,0.38732,0.20225,0.21589
0.71079,0.42745,0.57476,0.46968,0.81544,0.76608,0.71883,0.60397,1,0.74651,0.77506,0.43051,0.71599,0.53443,0.72337,0.62405,0.46668,0.3809,0.59102,0.52727,0.49865,0.5726,0.53765,0.54661,0.49888,0.47542,0.5633,0.50058,0.48789,0.35316,0.31265,0.33489,0.48215,0.43994,0.32537,0.24334,0.56007,0.20546,0.4412,0.4043,0.42385,0.23902,0.51924,0.45638,0.3791,0.4282,0.47985,0.4399,0.45938,0.51946,0.59273,0.57123,0.52539,0.57202,0.56437,0.58611,0.45193,0.42715,0.51344,0.21162,0.65005,0.45194,0.44853,0.28815,0.48696,0.38408,0.46971,0.30821,0.63924,0.43445,0.49173,0.62138,0.34322,0.30639,0.37522,0.48486,0.53574,0.30754,0.38942,0.21955,0.51081,0.52414,0.55973,0.48937,0.55832,0.42862,0.4381,0.53425,0.61641,0.54501,0.57274,0.5881,0.38817,0.64011,0.20772,0.18361,0.39703,0.3928,0.56207,0.4505,0.39472,0.54103,0.29485,0.41208,-0.1011,0.099191,0.49929,0.25949,0.013876,-0.015012,0.24699,0.23568,0.19998,0.077389,-0.018539,0.0050353
0.65812,0.56285,0.5314,0.58077,0.65981,0.85483,0.6422,0.73936,0.74651,1,0.58646,0.557,0.55194,0.51349,0.5068,0.61093,0.44516,0.28688,0.47193,0.54254,0.50125,0.63514,0.3838,0.65518,0.50291,0.6339,0.47267,0.46977,0.45952,0.37862,0.24751,0.36812,0.48235,0.5567,0.49908,0.50181,0.52339,0.2201,0.42497,0.40295,0.39743,0.23717,0.23582,0.22689,0.16228,0.29115,0.20265,0.20692,0.18132,0.59034,0.40759,0.53651,0.28397,0.40012,0.48015,0.53446,0.49078,0.4801,0.529,0.35967,0.66941,0.75403,0.31808,0.25687,0.44719,0.75015,0.45232,0.42798,0.544,0.30336,0.54298,0.62464,0.32978,0.31301,0.40416,0.48451,0.55914,0.39081,0.43465,0.20702,0.50452,0.55709,0.45777,0.40933,0.60003,0.58339,0.34033,0.46593,0.6283,0.68131,0.48499,0.46095,0.4808,0.5987,0.12724,0.080238,0.27764,0.33684,0.43314,0.33849,0.54668,0.5369,0.2564,0.34758,0.078802,0.097208,0.40381,0.14457,-0.073822,0.071057,0.24442,0.15719,0.20225,0.042107,-0.0093012,0.025919
0.74825,0.59372,0.54988,0.55342,0.69173,0.59247,0.72632,0.65437,0.77506,0.58646,1,0.61262,0.87508,0.68162,0.74301,0.65546,0.53815,0.55691,0.71436,0.68064,0.28279,0.39444,0.54715,0.56682,0.35282,0.41002,0.40289,0.35311,0.55851,0.53602,0.33246,0.34084,0.56803,0.51572,0.34909,0.31036,0.52603,0.26578,0.36942,0.35373,0.35553,0.20335,0.46037,0.43475,0.34932,0.44823,0.42426,0.39207,0.40236,0.597,0.59448,0.61974,0.53223,0.55511,0.59589,0.65711,0.42513,0.53012,0.58098,0.35092,0.72405,0.48996,0.72599,0.49766,0.49483,0.29347,0.54316,0.41014,0.69963,0.586,0.4358,0.52102,0.287,0.33785,0.41176,0.56626,0.55384,0.42193,0.43348,0.34636,0.58601,0.6436,0.5851,0.49985,0.65608,0.53777,0.43453,0.54358,0.7141,0.59684,0.72078,0.67014,0.52707,0.67345,0.24402,0.2321,0.47131,0.43301,0.65563,0.53599,0.47332,0.66864,0.47178,0.62294,0.10772,0.32179,0.53984,0.26652,0.044131,0.12733,0.33692,0.33479,0.32716,0.30377,0.074878,0.20345
0.5518,0.77452,0.24389,0.46243,0.44635,0.46855,0.39994,0.7039,0.43051,0.557,0.61262,1,0.53576,0.88525,0.43867,0.70235,0.46662,0.62553,0.40387,0.65217,0.18978,0.25483,0.24261,0.51123,0.10909,0.21354,0.21304,0.2176,0.55593,0.63934,0.18768,0.26789,0.54722,0.60344,0.34374,0.46772,0.49442,0.42713,0.44287,0.53,0.38743,0.45589,0.084435,0.1139,0.015622,0.22353,0.09136,0.073227,0.033672,0.57357,0.2951,0.50895,0.21323,0.22118,0.43692,0.52283,0.43829,0.60866,0.58338,0.57566,0.739,0.74966,0.67717,0.75692,0.25388,0.49669,0.45631,0.50456,0.49041,0.51252,0.10435,0.28266,0.16192,0.36314,0.35516,0.59576,0.52896,0.52151,0.41592,0.26613,0.54758,0.61506,0.56306,0.57399,0.61022,0.61345,0.32909,0.54258,0.66299,0.66726,0.57012,0.39267,0.61498,0.41742,0.30665,0.30688,0.24579,0.37465,0.51187,0.39844,0.68316,0.55377,0.63321,0.50367,0.15718,0.23275,0.40129,0.18979,0.24091,0.43551,0.33124,0.41925,0.45079,0.23054,0.032807,0.17597
0.66365,0.5073,0.6411,0.60147,0.57233,0.59546,0.74482,0.64892,0.71599,0.55194,0.87508,0.53576,1,0.66594,0.79326,0.68114,0.34856,0.40715,0.61894,0.51659,0.23747,0.30623,0.63441,0.66957,0.38009,0.42139,0.4316,0.32653,0.42635,0.41915,0.33572,0.33345,0.52863,0.45559,0.42196,0.30862,0.60748,0.36121,0.41882,0.37262,0.31706,0.18876,0.43217,0.37205,0.30339,0.36273,0.35642,0.3421,0.31177,0.54831,0.5225,0.58296,0.44885,0.45183,0.53247,0.61903,0.28297,0.38577,0.47722,0.23298,0.66861,0.42877,0.64334,0.36828,0.58176,0.34714,0.54541,0.3775,0.61889,0.53469,0.47392,0.54802,0.23758,0.22712,0.38813,0.48873,0.53545,0.45153,0.37522,0.33742,0.50972,0.5564,0.56822,0.50525,0.58155,0.49712,0.42014,0.55566,0.66296,0.60578,0.75174,0.68452,0.62935,0.79834,0.27697,0.19208,0.47211,0.46154,0.64224,0.47693,0.50165,0.68673,0.49343,0.51382,0.18593,0.40547,0.62834,0.23813,0.067735,0.18515,0.40066,0.38304,0.41889,0.35104,0.26804,0.20461
0.59176,0.7308,0.32718,0.53952,0.49339,0.50845,0.48147,0.69129,0.53443,0.51349,0.68162,0.88525,0.66594,1,0.56996,0.78304,0.52336,0.65688,0.48054,0.64337,0.22653,0.21979,0.38018,0.57737,0.19146,0.21639,0.28252,0.21336,0.54645,0.6126,0.29559,0.32882,0.57463,0.58709,0.40266,0.46975,0.57674,0.41259,0.53434,0.52496,0.49952,0.4346,0.23354,0.24779,0.13355,0.27209,0.20381,0.17593,0.15283,0.57542,0.38614,0.56386,0.3519,0.3503,0.50253,0.58329,0.44614,0.57523,0.52806,0.48174,0.70784,0.61215,0.75491,0.72387,0.32987,0.42794,0.49989,0.48259,0.55814,0.53335,0.14557,0.38116,0.24935,0.38321,0.44766,0.59715,0.55242,0.55602,0.40705,0.3718,0.59322,0.68584,0.62702,0.60076,0.60107,0.6085,0.46572,0.62841,0.65905,0.65174,0.6501,0.49226,0.61702,0.51653,0.40449,0.36056,0.31293,0.40328,0.61319,0.45286,0.66305,0.54108,0.63645,0.52219,0.084476,0.26635,0.51548,0.36682,0.28869,0.3174,0.34164,0.52173,0.49441,0.29134,0.12543,0.16293
0.6689,0.42407,0.83161,0.70546,0.74381,0.58303,0.84199,0.67314,0.72337,0.5068,0.74301,0.43867,0.79326,0.56996,1,0.82725,0.4471,0.47448,0.79453,0.59683,0.51353,0.47089,0.88055,0.77657,0.64795,0.53092,0.60607,0.57239,0.63198,0.52968,0.69486,0.68474,0.67549,0.56409,0.44368,0.33595,0.75015,0.51242,0.61103,0.63114,0.58089,0.47265,0.62925,0.5139,0.48569,0.47074,0.59486,0.53048,0.49205,0.46234,0.62578,0.51278,0.64179,0.69522,0.71379,0.73349,0.43216,0.40855,0.42073,0.10389,0.56546,0.33805,0.58766,0.31537,0.66532,0.40324,0.59319,0.38012,0.70944,0.5768,0.6126,0.68875,0.56616,0.48605,0.63102,0.65515,0.69373,0.50344,0.43322,0.34281,0.62832,0.65923,0.85003,0.67332,0.68522,0.53122,0.60358,0.79476,0.56993,0.62374,0.74811,0.80198,0.50297,0.7194,0.44135,0.31512,0.62473,0.65181,0.76985,0.70432,0.3633,0.5875,0.37018,0.50291,-0.044084,0.34042,0.63414,0.34796,0.29182,0.29902,0.51532,0.58882,0.49362,0.40553,0.21013,0.19196
0.67807,0.60982,0.61762,0.73181,0.67946,0.62278,0.68658,0.77201,0.62405,0.61093,0.65546,0.70235,0.68114,0.78304,0.82725,1,0.58287,0.55449,0.66939,0.70034,0.49409,0.50211,0.6937,0.76604,0.52898,0.51094,0.48163,0.48585,0.71774,0.68882,0.61475,0.65696,0.73874,0.68886,0.48236,0.46612,0.71439,0.53335,0.57065,0.61898,0.63982,0.61023,0.46978,0.43346,0.38517,0.41426,0.45836,0.40897,0.35885,0.56961,0.52886,0.53767,0.53721,0.62191,0.62769,0.68694,0.57577,0.57695,0.49538,0.34824,0.665,0.60487,0.66406,0.57204,0.5261,0.56376,0.53052,0.45751,0.67821,0.53671,0.49924,0.64157,0.59033,0.63393,0.7297,0.78232,0.74827,0.62442,0.527,0.33487,0.69732,0.73725,0.79884,0.73634,0.7256,0.64132,0.50813,0.79195,0.57112,0.69098,0.65353,0.64035,0.55153,0.58752,0.38694,0.24919,0.45357,0.59364,0.73352,0.66463,0.53874,0.50809,0.51929,0.48829,-0.027498,0.20352,0.58534,0.34402,0.32835,0.30608,0.48964,0.61349,0.49962,0.39482,0.11169,0.17855
0.69394,0.69447,0.36526,0.60383,0.63388,0.51964,0.50149,0.63302,0.46668,0.44516,0.53815,0.46662,0.34856,0.52336,0.4471,0.58287,1,0.79951,0.64829,0.82255,0.42861,0.61607,0.39408,0.4396,0.4571,0.50726,0.28904,0.33135,0.83277,0.76949,0.50965,0.52388,0.7297,0.74457,0.41522,0.51775,0.56071,0.39212,0.38432,0.45947,0.68372,0.60248,0.43405,0.49531,0.34388,0.4751,0.38982,0.37923,0.29926,0.63379,0.54184,0.62523,0.49893,0.56391,0.62602,0.69467,0.78524,0.78633,0.62183,0.64728,0.51975,0.36354,0.68385,0.66725,0.17048,0.34886,0.57201,0.6338,0.731,0.55328,0.45981,0.58309,0.71499,0.77238,0.71162,0.77241,0.73796,0.6944,0.78581,0.54648,0.85662,0.79662,0.50257,0.59919,0.7029,0.71051,0.34657,0.56156,0.4929,0.60254,0.54392,0.49601,0.45148,0.40494,0.23537,0.13732,0.44745,0.5688,0.72026,0.69722,0.57235,0.55766,0.63311,0.75843,0.20813,0.29028,0.57294,0.37584,0.048583,0.22199,0.51019,0.57177,0.49269,0.51369,0.23779,0.26825
0.5968,0.75262,0.36659,0.57115,0.5217,0.35607,0.49306,0.62997,0.3809,0.28688,0.55691,0.62553,0.40715,0.65688,0.47448,0.55449,0.79951,1,0.66689,0.83217,0.22847,0.30826,0.39898,0.44131,0.29464,0.29021,0.23402,0.19572,0.74158,0.77846,0.50084,0.51165,0.72015,0.72228,0.39059,0.5709,0.5693,0.46999,0.51408,0.58903,0.65379,0.55457,0.37547,0.40169,0.30214,0.44787,0.3468,0.33221,0.24708,0.65252,0.50493,0.63539,0.50502,0.4812,0.67785,0.71085,0.61847,0.77919,0.62389,0.67701,0.53046,0.29861,0.79993,0.77926,0.12904,0.26186,0.61865,0.66365,0.6765,0.65969,0.25615,0.42874,0.5083,0.64477,0.55804,0.63747,0.68538,0.71312,0.65188,0.68972,0.76933,0.74353,0.60622,0.59941,0.67588,0.61803,0.5083,0.62142,0.5844,0.63446,0.63195,0.54296,0.53596,0.40393,0.4982,0.44537,0.50166,0.60455,0.72723,0.67964,0.60993,0.61948,0.73243,0.80677,0.15926,0.41146,0.53085,0.4636,0.32276,0.4675,0.48658,0.65866,0.5931,0.53839,0.29908,0.27502
0.768,0.57345,0.75788,0.71642,0.69786,0.53625,0.83923,0.71115,0.59102,0.47193,0.71436,0.40387,0.61894,0.48054,0.79453,0.66939,0.64829,0.66689,1,0.82106,0.50074,0.54839,0.7773,0.67217,0.59362,0.57795,0.43219,0.50032,0.78566,0.65847,0.71488,0.72569,0.7951,0.71977,0.44831,0.46576,0.63475,0.472,0.48519,0.56951,0.60825,0.45071,0.59084,0.53878,0.49846,0.56681,0.56863,0.5057,0.49113,0.595,0.6782,0.56323,0.6978,0.73062,0.76954,0.74424,0.61363,0.62483,0.57953,0.39049,0.56063,0.37113,0.67994,0.45241,0.46113,0.38503,0.66759,0.56863,0.83173,0.65822,0.67725,0.71578,0.68037,0.61343,0.70818,0.6632,0.75,0.59592,0.56048,0.4774,0.73368,0.71709,0.76334,0.64015,0.78267,0.61452,0.52915,0.74277,0.55804,0.64098,0.76083,0.85977,0.48774,0.68551,0.37911,0.33672,0.64575,0.70088,0.79053,0.7931,0.45475,0.68655,0.4859,0.77794,0.086405,0.44703,0.59348,0.3893,0.23705,0.35679,0.56334,0.5792,0.51474,0.55388,0.28431,0.29739
0.75745,0.79055,0.51931,0.71262,0.67084,0.55195,0.68835,0.82168,0.52727,0.54254,0.68064,0.65217,0.51659,0.64337,0.59683,0.70034,0.82255,0.83217,0.82106,1,0.37115,0.53766,0.51412,0.56772,0.45508,0.47964,0.2778,0.32336,0.88915,0.84891,0.57837,0.62661,0.84518,0.86554,0.48658,0.56821,0.60361,0.42837,0.43002,0.55962,0.61818,0.53146,0.45324,0.47359,0.37085,0.5127,0.40984,0.39594,0.32245,0.71429,0.60774,0.65821,0.56353,0.59678,0.7117,0.74626,0.69853,0.82634,0.72248,0.71372,0.69609,0.57873,0.81093,0.78558,0.31185,0.45143,0.68919,0.7162,0.76521,0.64151,0.50828,0.62143,0.6503,0.73636,0.71862,0.76888,0.81676,0.72891,0.65768,0.54085,0.80951,0.78463,0.65501,0.68057,0.81656,0.74492,0.42953,0.67111,0.65439,0.73088,0.67215,0.61833,0.55634,0.53392,0.33485,0.31983,0.49887,0.63878,0.7587,0.69086,0.66446,0.70127,0.71686,0.81408,0.18777,0.33586,0.57586,0.32069,0.21933,0.40974,0.56889,0.56074,0.47594,0.49847,0.17704,0.30944
0.56454,0.30398,0.54922,0.42868,0.61007,0.48016,0.49903,0.40893,0.49865,0.50125,0.28279,0.18978,0.23747,0.22653,0.51353,0.49409,0.42861,0.22847,0.50074,0.37115,1,0.8303,0.55521,0.49107,0.7448,0.68067,0.71248,0.7985,0.45383,0.30559,0.57842,0.60659,0.49096,0.46994,0.44794,0.33613,0.61384,0.36087,0.53974,0.50419,0.58592,0.48339,0.22427,0.19056,0.17035,0.18929,0.20994,0.13418,0.16423,0.26835,0.28424,0.25817,0.24528,0.39642,0.35368,0.37252,0.50296,0.38742,0.37807,0.087669,0.37106,0.2967,0.10568,0.049961,0.42532,0.50546,0.35313,0.27097,0.39926,0.23315,0.63174,0.59977,0.59757,0.51986,0.63818,0.54132,0.53401,0.21803,0.43098,0.15135,0.46726,0.44746,0.53048,0.42893,0.44061,0.40112,0.30069,0.47931,0.31447,0.39999,0.27755,0.43978,0.11328,0.39717,0.07437,0.0086694,0.20152,0.31483,0.34292,0.40159,0.082579,0.32683,-0.0068195,0.29107,-0.3248,-0.079337,0.25857,0.29337,0.080384,-0.04292,0.12338,0.21943,0.1128,0.044925,-0.06155,-0.055378
0.69137,0.46578,0.53466,0.53283,0.63706,0.62399,0.59009,0.57831,0.5726,0.63514,0.39444,0.25483,0.30623,0.21979,0.47089,0.50211,0.61607,0.30826,0.54839,0.53766,0.8303,1,0.5073,0.51114,0.71302,0.74811,0.58302,0.70541,0.61689,0.46672,0.51454,0.55366,0.5917,0.62737,0.43869,0.37434,0.55431,0.36844,0.34963,0.41916,0.54464,0.52266,0.372,0.40272,0.28833,0.37692,0.35452,0.32421,0.27213,0.48444,0.48608,0.48705,0.33018,0.4968,0.46026,0.52856,0.65909,0.55741,0.5282,0.32442,0.48285,0.45704,0.25068,0.23312,0.38682,0.54611,0.4575,0.45205,0.54355,0.29012,0.75237,0.71194,0.6387,0.64132,0.63145,0.65698,0.65792,0.39644,0.63908,0.14979,0.64442,0.57138,0.43857,0.56172,0.61395,0.58136,0.11527,0.43577,0.37456,0.50081,0.34682,0.45367,0.25077,0.41944,-0.063066,-0.1981,0.37593,0.47397,0.48872,0.49434,0.26826,0.43943,0.21617,0.43927,-0.0017633,0.07612,0.36277,0.12987,-0.1821,-0.003037,0.36804,0.27855,0.18672,0.20403,0.019866,0.15326
0.59502,0.34985,0.90798,0.79089,0.61706,0.47199,0.81446,0.648,0.53765,0.3838,0.54715,0.24261,0.63441,0.38018,0.88055,0.6937,0.39408,0.39898,0.7773,0.51412,0.55521,0.5073,1,0.82295,0.73669,0.64983,0.58244,0.59761,0.57252,0.44719,0.8031,0.81092,0.71953,0.58413,0.53092,0.36442,0.71427,0.57934,0.55857,0.59407,0.57112,0.49869,0.66991,0.57048,0.61273,0.59847,0.65023,0.6109,0.54636,0.50161,0.68429,0.52561,0.68168,0.73709,0.74459,0.67301,0.42294,0.41477,0.41274,0.11071,0.45736,0.25043,0.48562,0.19068,0.72902,0.48517,0.66526,0.47259,0.68737,0.56881,0.67859,0.73753,0.59298,0.48881,0.62732,0.57261,0.69883,0.54376,0.46275,0.3219,0.57392,0.60827,0.76993,0.62494,0.67929,0.562,0.52712,0.75679,0.46983,0.57168,0.72077,0.83422,0.49982,0.70608,0.37319,0.18731,0.68245,0.66867,0.74402,0.70788,0.27089,0.54075,0.27715,0.50892,-0.0020234,0.39085,0.57652,0.33706,0.27222,0.28026,0.56814,0.59115,0.41839,0.41689,0.24976,0.14362
0.66444,0.60126,0.80913,0.86448,0.58071,0.70837,0.73654,0.79952,0.54661,0.65518,0.56682,0.51123,0.66957,0.57737,0.77657,0.76604,0.4396,0.44131,0.67217,0.56772,0.49107,0.51114,0.82295,1,0.62605,0.65737,0.58522,0.56165,0.55047,0.44919,0.57108,0.68627,0.74317,0.7144,0.73288,0.65682,0.76422,0.63948,0.61817,0.6873,0.59355,0.51849,0.44989,0.41066,0.38013,0.48649,0.41224,0.41292,0.28936,0.67554,0.55307,0.62795,0.46701,0.57135,0.6904,0.71312,0.51115,0.5369,0.5327,0.32914,0.62018,0.57694,0.47791,0.28558,0.6994,0.79323,0.7391,0.65576,0.71234,0.6195,0.61117,0.74025,0.47718,0.42631,0.59296,0.59012,0.76427,0.67703,0.56853,0.31949,0.6425,0.67963,0.73493,0.67336,0.76281,0.74427,0.48671,0.79104,0.65359,0.80022,0.77657,0.72626,0.71415,0.74701,0.34618,0.17302,0.59238,0.62667,0.70247,0.59589,0.56176,0.63564,0.3706,0.48855,0.18562,0.36218,0.61927,0.28796,0.19587,0.37011,0.61626,0.54065,0.47637,0.37999,0.24872,0.15903
0.52526,0.27958,0.78761,0.65992,0.61123,0.56479,0.68711,0.54447,0.49888,0.50291,0.35282,0.10909,0.38009,0.19146,0.64795,0.52898,0.4571,0.29464,0.59362,0.45508,0.7448,0.71302,0.73669,0.62605,1,0.84358,0.74411,0.70628,0.54041,0.45532,0.81578,0.80739,0.61872,0.56716,0.5564,0.4045,0.70014,0.45922,0.60186,0.55533,0.59365,0.44312,0.58075,0.4949,0.48835,0.47212,0.47465,0.4506,0.42393,0.42883,0.57963,0.52585,0.54356,0.63259,0.66349,0.59495,0.39648,0.38294,0.32774,0.080459,0.33337,0.18962,0.22944,0.056611,0.58121,0.48549,0.56033,0.43208,0.50677,0.33423,0.74234,0.76689,0.62586,0.53389,0.67687,0.56384,0.60807,0.44481,0.46506,0.36466,0.57179,0.6226,0.57631,0.42084,0.55564,0.54139,0.46353,0.52418,0.37735,0.48471,0.43196,0.57724,0.24875,0.51789,0.28378,0.12985,0.54853,0.54781,0.56309,0.55561,0.171,0.40659,0.099939,0.3569,-0.048521,0.23797,0.47562,0.43149,0.078986,0.065046,0.36983,0.43898,0.20563,0.29365,0.26607,0.061917
0.60384,0.38361,0.70666,0.693,0.55733,0.62773,0.6644,0.63559,0.47542,0.6339,0.41002,0.21354,0.42139,0.21639,0.53092,0.51094,0.50726,0.29021,0.57795,0.47964,0.68067,0.74811,0.64983,0.65737,0.84358,1,0.57596,0.68847,0.5213,0.47501,0.67212,0.73503,0.5939,0.5824,0.51629,0.42965,0.65198,0.36532,0.4636,0.37566,0.49092,0.33608,0.47879,0.45868,0.44893,0.52089,0.40036,0.39222,0.38868,0.55236,0.55519,0.59652,0.4685,0.5468,0.60483,0.55544,0.50048,0.46059,0.45606,0.27074,0.43842,0.37756,0.29079,0.085447,0.50604,0.60703,0.51861,0.49118,0.53671,0.33347,0.7357,0.76039,0.57671,0.53616,0.62105,0.55871,0.60294,0.45231,0.51263,0.38971,0.54608,0.6193,0.41964,0.33716,0.5784,0.63765,0.33805,0.43004,0.43988,0.55681,0.45386,0.5864,0.33738,0.53829,0.090224,-0.027496,0.45862,0.4696,0.52559,0.56058,0.27812,0.47348,0.14425,0.4594,0.13522,0.26808,0.47855,0.34756,-0.034262,-0.038773,0.31596,0.33364,0.21126,0.24318,0.20933,0.089035
0.49983,0.32265,0.66449,0.45395,0.58238,0.59757,0.49039,0.3385,0.5633,0.47267,0.40289,0.21304,0.4316,0.28252,0.60607,0.48163,0.28904,0.23402,0.43219,0.2778,0.71248,0.58302,0.58244,0.58522,0.74411,0.57596,1,0.83222,0.26287,0.15006,0.47075,0.48053,0.42223,0.35339,0.53815,0.40916,0.6734,0.45331,0.65356,0.60739,0.57334,0.35739,0.3083,0.1992,0.1783,0.20265,0.2077,0.18959,0.12862,0.2943,0.33923,0.38389,0.26891,0.39787,0.46656,0.48358,0.35038,0.35477,0.32137,-0.037749,0.37649,0.16848,0.16911,-0.016701,0.70839,0.45819,0.54044,0.31292,0.46031,0.40216,0.43961,0.49542,0.29422,0.23161,0.47477,0.4217,0.4157,0.24255,0.35827,0.17568,0.45977,0.48814,0.59073,0.41022,0.48363,0.43504,0.50074,0.49409,0.53342,0.50105,0.39814,0.47433,0.25825,0.55003,0.37091,0.23927,0.36634,0.41495,0.40139,0.3451,0.12387,0.3624,0.031896,0.2011,-0.19125,0.17084,0.42209,0.41222,0.16302,0.15493,0.19608,0.21729,0.17155,0.052186,0.092557,0.036493
0.53165,0.31934,0.64866,0.47054,0.58953,0.56398,0.53239,0.41458,0.50058,0.46977,0.35311,0.2176,0.32653,0.21336,0.57239,0.48585,0.33135,0.19572,0.50032,0.32336,0.7985,0.70541,0.59761,0.56165,0.70628,0.68847,0.83222,1,0.36534,0.2556,0.53342,0.55824,0.45987,0.41773,0.40853,0.27974,0.65507,0.42146,0.54094,0.54185,0.55124,0.39026,0.32488,0.22087,0.22616,0.25638,0.26028,0.19858,0.21232,0.27587,0.38388,0.3412,0.29332,0.41446,0.47441,0.44442,0.4302,0.38184,0.35519,0.036982,0.39489,0.22644,0.16541,0.0070773,0.58665,0.48374,0.47117,0.31079,0.50803,0.41577,0.52358,0.54716,0.46165,0.42313,0.51721,0.50646,0.495,0.26233,0.39857,0.15079,0.46101,0.45029,0.57337,0.41885,0.50483,0.46612,0.35876,0.4651,0.43689,0.49063,0.36885,0.51791,0.22145,0.47039,0.21156,0.095103,0.33732,0.41202,0.40901,0.4174,0.17124,0.38215,0.046696,0.26571,-0.12564,0.13315,0.41728,0.368,0.12701,0.11535,0.19553,0.19065,0.19244,0.062492,0.0059426,0.083507
0.7074,0.67326,0.53989,0.68842,0.65553,0.49228,0.68127,0.77136,0.48789,0.45952,0.55851,0.55593,0.42635,0.54645,0.63198,0.71774,0.83277,0.74158,0.78566,0.88915,0.45383,0.61689,0.57252,0.55047,0.54041,0.5213,0.26287,0.36534,1,0.8893,0.6735,0.71305,0.83848,0.84633,0.39802,0.45385,0.634,0.52305,0.41568,0.59015,0.63758,0.684,0.5724,0.59244,0.47686,0.57637,0.55738,0.51328,0.44447,0.66526,0.66908,0.63546,0.63475,0.66657,0.74048,0.77719,0.691,0.7421,0.63467,0.62465,0.59896,0.48715,0.70003,0.70893,0.25954,0.39465,0.61298,0.65501,0.74227,0.58148,0.55164,0.65069,0.76186,0.80494,0.75721,0.82587,0.85513,0.73489,0.7235,0.4696,0.84777,0.77798,0.69223,0.76216,0.81617,0.74909,0.37073,0.71049,0.48586,0.67325,0.61781,0.6283,0.5058,0.46721,0.28039,0.20201,0.59535,0.7329,0.81519,0.78949,0.58918,0.59916,0.66429,0.75161,0.19676,0.35376,0.55823,0.25276,0.20628,0.41361,0.66347,0.69315,0.561,0.58761,0.25556,0.31804
0.57975,0.63208,0.40107,0.59007,0.51641,0.34248,0.56218,0.7207,0.35316,0.37862,0.53602,0.63934,0.41915,0.6126,0.52968,0.68882,0.76949,0.77846,0.65847,0.84891,0.30559,0.46672,0.44719,0.44919,0.45532,0.47501,0.15006,0.2556,0.8893,1,0.66262,0.65667,0.76006,0.79629,0.30614,0.39982,0.57042,0.47285,0.38437,0.47609,0.55609,0.62127,0.47572,0.49438,0.38474,0.46822,0.43849,0.39833,0.35851,0.60376,0.55887,0.59003,0.54465,0.53942,0.65953,0.66661,0.54252,0.67226,0.54713,0.61859,0.5416,0.45148,0.73808,0.78746,0.12137,0.31279,0.49383,0.56882,0.61148,0.49181,0.44238,0.56323,0.64927,0.80115,0.69063,0.80861,0.74674,0.71304,0.65408,0.57816,0.78728,0.78689,0.59214,0.66723,0.7112,0.65061,0.33421,0.57715,0.44589,0.5647,0.51839,0.51699,0.43624,0.33625,0.29551,0.17768,0.50854,0.6136,0.73267,0.69616,0.58482,0.53379,0.71441,0.70522,0.22349,0.32532,0.52046,0.34826,0.19663,0.36199,0.54413,0.6545,0.53506,0.5877,0.27301,0.33664
0.4491,0.28131,0.74037,0.69818,0.50037,0.29806,0.67327,0.57423,0.31265,0.24751,0.33246,0.18768,0.33572,0.29559,0.69486,0.61475,0.50965,0.50084,0.71488,0.57837,0.57842,0.51454,0.8031,0.57108,0.81578,0.67212,0.47075,0.53342,0.6735,0.66262,1,0.9501,0.7022,0.62424,0.3979,0.33794,0.6396,0.51012,0.52089,0.54086,0.641,0.55937,0.64662,0.56428,0.59588,0.53454,0.60025,0.54495,0.52955,0.39167,0.61427,0.47208,0.68978,0.701,0.71471,0.60974,0.41206,0.40057,0.2651,0.13509,0.25353,0.11346,0.44725,0.27162,0.46537,0.34668,0.5071,0.42507,0.52789,0.3629,0.63731,0.7173,0.73391,0.68634,0.73782,0.6286,0.67065,0.56305,0.48232,0.52048,0.61995,0.6993,0.67526,0.52502,0.59031,0.51949,0.48125,0.62585,0.24595,0.41144,0.45377,0.66194,0.22199,0.39134,0.40312,0.24023,0.62312,0.63483,0.66594,0.71543,0.17305,0.35279,0.25968,0.4906,-0.039415,0.36023,0.47002,0.4919,0.32127,0.25033,0.44916,0.64847,0.40348,0.4939,0.32852,0.21279
0.49999,0.36799,0.76349,0.78198,0.52507,0.40199,0.68521,0.67143,0.33489,0.36812,0.34084,0.26789,0.33345,0.32882,0.68474,0.65696,0.52388,0.51165,0.72569,0.62661,0.60659,0.55366,0.81092,0.68627,0.80739,0.73503,0.48053,0.55824,0.71305,0.65667,0.9501,1,0.76609,0.71559,0.51192,0.45603,0.68459,0.56547,0.55081,0.61697,0.6563,0.56432,0.60122,0.54047,0.584,0.57817,0.57968,0.53547,0.49828,0.50119,0.61605,0.52633,0.6608,0.69564,0.73896,0.63906,0.46264,0.47806,0.35994,0.24107,0.35154,0.27935,0.4355,0.28661,0.51183,0.517,0.58305,0.54031,0.57415,0.42618,0.64872,0.7498,0.72515,0.68538,0.75216,0.62878,0.75803,0.62926,0.53281,0.49869,0.63474,0.71422,0.70679,0.5589,0.66377,0.63038,0.49531,0.70769,0.33808,0.52503,0.50095,0.66335,0.31607,0.43098,0.37428,0.24774,0.61119,0.63352,0.6614,0.70277,0.26173,0.40857,0.25253,0.51199,-0.017103,0.3265,0.46486,0.45465,0.34214,0.30128,0.47467,0.62991,0.39781,0.44025,0.2645,0.16553
0.78117,0.74332,0.65974,0.83027,0.65426,0.53684,0.72583,0.84374,0.48215,0.48235,0.56803,0.54722,0.52863,0.57463,0.67549,0.73874,0.7297,0.72015,0.7951,0.84518,0.49096,0.5917,0.71953,0.74317,0.61872,0.5939,0.42223,0.45987,0.83848,0.76006,0.7022,0.76609,1,0.95122,0.67404,0.6559,0.69596,0.64907,0.5364,0.6961,0.64208,0.67989,0.56216,0.57164,0.51816,0.64665,0.51444,0.51386,0.39209,0.78203,0.67015,0.6856,0.57453,0.62131,0.76473,0.75734,0.70531,0.7842,0.76104,0.64333,0.70933,0.52872,0.71344,0.67131,0.50682,0.62204,0.84494,0.842,0.81504,0.74096,0.60164,0.76567,0.68135,0.74713,0.77856,0.77558,0.90005,0.81486,0.68981,0.41796,0.78024,0.74701,0.72894,0.76101,0.84142,0.80962,0.41018,0.76409,0.64939,0.74162,0.76087,0.68868,0.67867,0.62822,0.3238,0.23502,0.59789,0.71358,0.81557,0.73118,0.65569,0.73604,0.64316,0.76778,0.20425,0.39391,0.63151,0.35788,0.19766,0.4086,0.67761,0.65448,0.48595,0.52615,0.22074,0.32556
0.75359,0.80138,0.57616,0.81177,0.58567,0.572,0.67239,0.88062,0.43994,0.5567,0.51572,0.60344,0.45559,0.58709,0.56409,0.68886,0.74457,0.72228,0.71977,0.86554,0.46994,0.62737,0.58413,0.7144,0.56716,0.5824,0.35339,0.41773,0.84633,0.79629,0.62424,0.71559,0.95122,1,0.70102,0.72176,0.67877,0.59717,0.50761,0.66489,0.6154,0.64707,0.469,0.51309,0.41615,0.578,0.41435,0.42187,0.29296,0.80904,0.61327,0.71106,0.47707,0.53317,0.72195,0.75098,0.69795,0.81276,0.76833,0.73851,0.71543,0.62374,0.67228,0.71195,0.39976,0.68263,0.81545,0.88149,0.7431,0.66399,0.58293,0.75734,0.64933,0.74232,0.73635,0.76548,0.90476,0.83834,0.71926,0.44848,0.79282,0.75607,0.64705,0.74954,0.84142,0.83921,0.33262,0.70357,0.64689,0.77557,0.68585,0.58709,0.6631,0.55461,0.26894,0.16911,0.5541,0.66863,0.75301,0.63998,0.72224,0.7142,0.65514,0.72732,0.25591,0.34612,0.61406,0.30326,0.11336,0.41382,0.66567,0.59637,0.46489,0.47919,0.19439,0.33701
0.56445,0.61738,0.58685,0.71825,0.42416,0.55057,0.50104,0.62285,0.32537,0.49908,0.34909,0.34374,0.42196,0.40266,0.44368,0.48236,0.41522,0.39059,0.44831,0.48658,0.44794,0.43869,0.53092,0.73288,0.5564,0.51629,0.53815,0.40853,0.39802,0.30614,0.3979,0.51192,0.67404,0.70102,1,0.87273,0.62764,0.51265,0.5607,0.61464,0.49101,0.35788,0.24371,0.28294,0.28745,0.40944,0.14637,0.20907,0.052606,0.68125,0.37474,0.54005,0.22305,0.33294,0.49875,0.56372,0.4522,0.58287,0.56621,0.42933,0.54096,0.43003,0.33445,0.26874,0.58262,0.74639,0.7756,0.74494,0.52409,0.51647,0.47927,0.59913,0.33979,0.29565,0.55121,0.39196,0.6242,0.61337,0.46106,0.29639,0.50711,0.51277,0.51767,0.46734,0.61346,0.66412,0.40542,0.58799,0.61859,0.70957,0.60103,0.5025,0.66525,0.66774,0.2885,0.1916,0.42275,0.45121,0.51064,0.37658,0.53946,0.62839,0.3074,0.41273,0.1299,0.28531,0.52864,0.33782,0.12973,0.30222,0.47717,0.36818,0.2481,0.26305,0.16972,0.15692
0.59119,0.72698,0.4478,0.67934,0.39711,0.54764,0.44199,0.63774,0.24334,0.50181,0.31036,0.46772,0.30862,0.46975,0.33595,0.46612,0.51775,0.5709,0.46576,0.56821,0.33613,0.37434,0.36442,0.65682,0.4045,0.42965,0.40916,0.27974,0.45385,0.39982,0.33794,0.45603,0.6559,0.72176,0.87273,1,0.52412,0.43326,0.54041,0.61823,0.52475,0.37903,0.16844,0.24238,0.20534,0.37882,0.11255,0.16146,0.0013156,0.70215,0.31988,0.54669,0.21917,0.29709,0.51601,0.62425,0.58074,0.6423,0.6096,0.56149,0.52456,0.44973,0.43024,0.4102,0.35976,0.7036,0.70232,0.77717,0.53626,0.50814,0.37693,0.53995,0.34685,0.36288,0.54642,0.4189,0.58276,0.63344,0.49269,0.41301,0.57856,0.58653,0.51708,0.44097,0.64117,0.68988,0.45606,0.565,0.63781,0.74996,0.57863,0.43091,0.63083,0.51046,0.38683,0.32181,0.43525,0.49841,0.53597,0.43828,0.60619,0.58324,0.39304,0.50274,0.18727,0.34127,0.51707,0.35294,0.19964,0.40695,0.4771,0.44,0.41194,0.34848,0.23663,0.20308
0.62877,0.57045,0.72901,0.70774,0.62664,0.67523,0.67361,0.69261,0.56007,0.52339,0.52603,0.49442,0.60748,0.57674,0.75015,0.71439,0.56071,0.5693,0.63475,0.60361,0.61384,0.55431,0.71427,0.76422,0.70014,0.65198,0.6734,0.65507,0.634,0.57042,0.6396,0.68459,0.69596,0.67877,0.62764,0.52412,1,0.666,0.83775,0.77206,0.76778,0.57637,0.42196,0.35693,0.28679,0.36902,0.3201,0.29421,0.20546,0.56179,0.48228,0.63961,0.44883,0.49509,0.68639,0.71753,0.47489,0.5654,0.5015,0.33745,0.55859,0.35053,0.50307,0.37049,0.54211,0.54072,0.68085,0.58332,0.65188,0.61797,0.54448,0.66606,0.57132,0.51954,0.68244,0.66887,0.76024,0.65342,0.57075,0.54603,0.6891,0.69224,0.74661,0.63964,0.66659,0.67528,0.62337,0.78516,0.6077,0.75903,0.67726,0.66661,0.60271,0.69673,0.46416,0.37147,0.51173,0.64147,0.70708,0.61939,0.53255,0.62404,0.46831,0.52549,0.059507,0.31892,0.71928,0.51079,0.30767,0.41881,0.52221,0.58952,0.52951,0.37295,0.33691,0.069736
0.3446,0.44943,0.48259,0.51914,0.3199,0.35097,0.37921,0.49873,0.20546,0.2201,0.26578,0.42713,0.36121,0.41259,0.51242,0.53335,0.39212,0.46999,0.472,0.42837,0.36087,0.36844,0.57934,0.63948,0.45922,0.36532,0.45331,0.42146,0.52305,0.47285,0.51012,0.56547,0.64907,0.59717,0.51265,0.43326,0.666,1,0.52716,0.79331,0.58598,0.77524,0.32918,0.27918,0.22783,0.36395,0.30525,0.3075,0.13553,0.4686,0.37243,0.43685,0.35017,0.35605,0.51367,0.53327,0.31381,0.45436,0.30991,0.25569,0.32332,0.29628,0.35612,0.34924,0.3828,0.47669,0.59803,0.57962,0.51924,0.62052,0.36234,0.41647,0.3507,0.37411,0.50205,0.48333,0.64462,0.63293,0.57918,0.2806,0.63054,0.58553,0.64277,0.76832,0.58675,0.55862,0.24466,0.73163,0.36655,0.49679,0.60292,0.56137,0.63566,0.53732,0.33138,0.19346,0.53504,0.6714,0.60252,0.57369,0.51967,0.52235,0.53587,0.47611,0.25797,0.4431,0.44815,0.28491,0.26821,0.61678,0.70949,0.64684,0.55267,0.52611,0.46015,0.30587
0.49855,0.4939,0.61181,0.52459,0.54997,0.51756,0.52362,0.51306,0.4412,0.42497,0.36942,0.44287,0.41882,0.53434,0.61103,0.57065,0.38432,0.51408,0.48519,0.43002,0.53974,0.34963,0.55857,0.61817,0.60186,0.4636,0.65356,0.54094,0.41568,0.38437,0.52089,0.55081,0.5364,0.50761,0.5607,0.54041,0.83775,0.52716,1,0.81087,0.70423,0.45577,0.24721,0.15748,0.13617,0.20119,0.16706,0.1274,0.076837,0.38552,0.29583,0.43771,0.29666,0.36992,0.62578,0.602,0.39203,0.44548,0.39975,0.20378,0.45695,0.20138,0.37726,0.27888,0.43724,0.43384,0.56441,0.43156,0.5215,0.49385,0.34803,0.48175,0.41572,0.35674,0.5669,0.48651,0.54094,0.46602,0.29459,0.44233,0.49406,0.53725,0.72075,0.43911,0.48051,0.47641,0.80506,0.69864,0.58495,0.64146,0.55592,0.50679,0.44278,0.54769,0.66885,0.62985,0.41234,0.5199,0.55332,0.5075,0.37392,0.48236,0.28521,0.39201,-0.17847,0.22344,0.53686,0.60358,0.36958,0.3809,0.28995,0.55907,0.4385,0.22792,0.24836,-0.027761
0.51263,0.5926,0.60495,0.59964,0.57564,0.54012,0.53043,0.61139,0.4043,0.40295,0.35373,0.53,0.37262,0.52496,0.63114,0.61898,0.45947,0.58903,0.56951,0.55962,0.50419,0.41916,0.59407,0.6873,0.55533,0.37566,0.60739,0.54185,0.59015,0.47609,0.54086,0.61697,0.6961,0.66489,0.61464,0.61823,0.77206,0.79331,0.81087,1,0.75238,0.71539,0.31888,0.2286,0.19778,0.33021,0.27864,0.24461,0.10862,0.48836,0.39351,0.47069,0.3769,0.41681,0.67116,0.71214,0.46063,0.53194,0.45901,0.2879,0.47241,0.32622,0.40967,0.40467,0.45449,0.52655,0.69609,0.62051,0.61616,0.661,0.39284,0.50962,0.47946,0.45943,0.62333,0.56221,0.71208,0.61943,0.47095,0.35614,0.64317,0.61757,0.84566,0.70135,0.66014,0.62746,0.61273,0.86588,0.59252,0.70644,0.65681,0.554,0.60428,0.5545,0.62771,0.55954,0.56285,0.70779,0.66442,0.60042,0.52927,0.59527,0.44069,0.48469,0.041723,0.35239,0.54892,0.43996,0.43872,0.67154,0.58442,0.66608,0.56495,0.41041,0.34223,0.14857
0.51078,0.5255,0.55717,0.61262,0.51161,0.54,0.48614,0.54494,0.42385,0.39743,0.35553,0.38743,0.31706,0.49952,0.58089,0.63982,0.68372,0.65379,0.60825,0.61818,0.58592,0.54464,0.57112,0.59355,0.59365,0.49092,0.57334,0.55124,0.63758,0.55609,0.641,0.6563,0.64208,0.6154,0.49101,0.52475,0.76778,0.58598,0.70423,0.75238,1,0.72754,0.33502,0.27365,0.20573,0.25018,0.25769,0.22015,0.099634,0.39742,0.37247,0.47852,0.41647,0.47242,0.60717,0.66801,0.57946,0.56435,0.33077,0.27663,0.29428,0.21463,0.43118,0.39093,0.39756,0.40978,0.53909,0.48306,0.58924,0.43739,0.53044,0.60606,0.72438,0.68211,0.78173,0.65594,0.73992,0.65382,0.64776,0.54018,0.744,0.7009,0.71092,0.60961,0.62473,0.60297,0.56818,0.76797,0.42319,0.61971,0.4746,0.52468,0.39533,0.44291,0.51437,0.38004,0.48364,0.62491,0.63638,0.6267,0.40469,0.40396,0.37989,0.45639,0.037677,0.27551,0.53103,0.49011,0.32164,0.43562,0.44699,0.62663,0.52885,0.42268,0.32874,0.16682
0.39285,0.48895,0.34288,0.48042,0.40087,0.2866,0.31038,0.50341,0.23902,0.23717,0.20335,0.45589,0.18876,0.4346,0.47265,0.61023,0.60248,0.55457,0.45071,0.53146,0.48339,0.52266,0.49869,0.51849,0.44312,0.33608,0.35739,0.39026,0.684,0.62127,0.55937,0.56432,0.67989,0.64707,0.35788,0.37903,0.57637,0.77524,0.45577,0.71539,0.72754,1,0.34843,0.34783,0.23113,0.31856,0.33955,0.33031,0.14091,0.4042,0.35475,0.39395,0.33427,0.39513,0.4718,0.54908,0.52966,0.52722,0.35624,0.36133,0.2981,0.31601,0.3768,0.52224,0.2267,0.41211,0.47387,0.52105,0.48527,0.47975,0.42219,0.48307,0.62123,0.69244,0.68002,0.71837,0.7074,0.64086,0.66045,0.20366,0.68189,0.58588,0.6179,0.81516,0.58406,0.54576,0.16882,0.682,0.27223,0.45427,0.44748,0.39012,0.45719,0.28763,0.25542,0.078196,0.46243,0.6389,0.60187,0.60085,0.42806,0.36135,0.50888,0.41927,0.12121,0.19646,0.35878,0.17884,0.18787,0.48168,0.66191,0.6504,0.49577,0.48148,0.25264,0.25507
0.44845,0.20049,0.59359,0.56585,0.49206,0.36199,0.65445,0.5045,0.51924,0.23582,0.46037,0.084435,0.43217,0.23354,0.62925,0.46978,0.43405,0.37547,0.59084,0.45324,0.22427,0.372,0.66991,0.44989,0.58075,0.47879,0.3083,0.32488,0.5724,0.47572,0.64662,0.60122,0.56216,0.469,0.24371,0.16844,0.42196,0.32918,0.24721,0.31888,0.33502,0.34843,1,0.94104,0.91931,0.85962,0.95179,0.94558,0.91107,0.56218,0.92171,0.67742,0.90267,0.86449,0.76341,0.66263,0.37762,0.37754,0.32256,0.15022,0.32811,0.042391,0.43243,0.25162,0.35341,0.1299,0.49713,0.41349,0.60806,0.50959,0.50638,0.63359,0.44444,0.43811,0.41129,0.48198,0.51159,0.45287,0.38373,0.28835,0.51287,0.51668,0.47967,0.51063,0.51815,0.41783,0.29513,0.4433,0.27982,0.32886,0.56538,0.63013,0.31619,0.41857,0.23294,0.10369,0.77619,0.64612,0.73638,0.69847,0.22047,0.31722,0.30537,0.41488,0.08087,0.34933,0.45406,0.27915,0.090866,0.048589,0.561,0.55332,0.29688,0.44284,0.27186,0.17057
