1,0.76239,0.71235,0.6687,0.48391,0.6057,0.71609,0.65176,0.61238,0.47951,0.66355,0.70783,0.61031,0.56601,0.67672,0.63278,0.72944,0.48967,0.83494,0.76171,0.34014,0.30516,0.70888,0.63677,0.61808,0.54347,0.58703,0.54866,0.5824,0.56903,0.51773,0.5209,0.80613,0.67713,0.56475,0.4756,0.76354,0.65707,0.5374,0.65883,0.66014,0.55293,0.7542,0.76906,0.64999,0.69237,0.77637,0.7534,0.57414,0.58118,0.76948,0.62542,0.60015,0.64918,0.76947,0.6683,0.77551,0.74654,0.74378,0.58839,0.74728,0.54893,0.70265,0.57501,0.56101,0.43167,0.71234,0.57933,0.72299,0.62801,0.26587,0.44456,0.62844,0.52686,0.50635,0.49501,0.74689,0.52804,0.69825,0.52492,0.61459,0.67355,0.64077,0.6172,0.62649,0.79796,0.29749,0.62306,0.59391,0.73119,0.48866,0.56199,0.44659,0.54548,0.14562,0.076997,0.31499,0.45437,0.80298,0.64209,0.54635,0.51669,0.57371,0.55836,0.34312,0.43729,0.28951,0.26507,-0.11363,0.29515,0.16166,0.27804,0.46381,0.47115,0.32742,0.13212
0.76239,1,0.45506,0.67003,0.68399,0.55601,0.59073,0.74762,0.62521,0.37288,0.61379,0.78673,0.58034,0.5861,0.60734,0.64146,0.675,0.66773,0.57912,0.8404,0.47294,0.62525,0.55561,0.52636,0.52939,0.54085,0.44244,0.47635,0.65201,0.61705,0.58233,0.63224,0.78706,0.82811,0.33307,0.34096,0.57,0.43142,0.35807,0.42972,0.67655,0.55329,0.53,0.60491,0.57638,0.62449,0.66723,0.64377,0.58792,0.6165,0.7478,0.70762,0.61573,0.57838,0.64406,0.53246,0.79471,0.88175,0.68489,0.69706,0.61956,0.63074,0.74329,0.7344,0.30245,0.47389,0.50725,0.45397,0.69525,0.70008,0.27684,0.44893,0.6229,0.54138,0.38185,0.41226,0.61513,0.4673,0.627,0.60027,0.70971,0.72042,0.61653,0.71479,0.65934,0.74948,0.38657,0.62401,0.49442,0.59558,0.47622,0.29648,0.44321,0.29278,0.11578,-0.12959,0.2704,0.39199,0.76953,0.55104,0.5475,0.26467,0.65301,0.40266,0.39894,0.36151,0.31717,0.17398,-0.21067,0.046735,0.082834,0.32663,0.49734,0.46676,0.29639,0.038645
0.71235,0.45506,1,0.66393,0.28353,0.33783,0.7782,0.54252,0.36852,0.35728,0.42982,0.44557,0.38965,0.40759,0.47366,0.47894,0.51407,0.081305,0.75953,0.59029,0.36347,0.29366,0.8675,0.7049,0.62967,0.48509,0.59054,0.69897,0.35237,0.15611,0.64026,0.70775,0.61349,0.44948,0.75524,0.64078,0.57446,0.48537,0.40139,0.54834,0.40935,0.33084,0.52342,0.63307,0.37548,0.46917,0.45295,0.64134,0.27944,0.33045,0.5253,0.42688,0.3235,0.46871,0.65833,0.51294,0.49383,0.56606,0.48584,0.29667,0.55605,0.40215,0.43526,0.30452,0.69862,0.57254,0.7358,0.63811,0.68577,0.61743,0.26496,0.41001,0.36467,0.15704,0.33441,0.25604,0.62005,0.5356,0.47584,0.18036,0.47039,0.44704,0.47161,0.42429,0.4302,0.65015,0.20216,0.54741,0.53834,0.60863,0.49141,0.68518,0.56542,0.66167,0.080946,-0.20567,0.26032,0.31505,0.5854,0.35047,0.443,0.55768,0.53768,0.65919,0.45893,0.55723,0.13556,0.29827,-0.15602,0.35593,0.3465,0.29427,0.42392,0.50037,0.5299,0.30496
0.6687,0.67003,0.66393,1,0.51207,0.67316,0.66964,0.84842,0.62532,0.64476,0.24399,0.5759,0.41433,0.62986,0.47839,0.69343,0.49983,0.16729,0.48193,0.61731,0.2402,0.40838,0.79491,0.74064,0.71627,0.71451,0.66136,0.62828,0.38727,0.26363,0.57365,0.66765,0.71361,0.66134,0.69887,0.63075,0.49434,0.38381,0.30376,0.57762,0.48213,0.43084,0.52858,0.59446,0.35615,0.43942,0.61774,0.52532,0.41375,0.42484,0.58055,0.52957,0.56996,0.56489,0.63604,0.53557,0.72967,0.7175,0.61914,0.58098,0.61445,0.70456,0.60581,0.46592,0.67764,0.68262,0.68042,0.76283,0.67809,0.61274,0.23734,0.40984,0.45061,0.32196,0.4314,0.34963,0.53912,0.47041,0.67365,0.27718,0.41488,0.421,0.45819,0.5018,0.55998,0.78027,0.43841,0.60096,0.69032,0.75351,0.60662,0.49185,0.76797,0.58099,0.059021,0.050129,0.14033,0.2905,0.68576,0.44022,0.64674,0.45808,0.54668,0.46017,0.49846,0.58635,0.36472,0.29236,-0.055294,0.10417,-0.069064,0.15846,0.39445,0.4479,0.46984,0.20409
0.48391,0.68399,0.28353,0.51207,1,0.45234,0.35537,0.62002,0.73606,0.35377,0.40446,0.55262,0.48723,0.43012,0.6035,0.47185,0.52167,0.50568,0.32184,0.63854,0.40477,0.57929,0.41006,0.2862,0.42759,0.45942,0.41602,0.2393,0.48866,0.4278,0.38147,0.43689,0.49757,0.56879,0.10442,0.11571,0.23546,0.14062,0.22989,0.16743,0.39475,0.35236,0.15715,0.25988,0.26868,0.35171,0.28507,0.39594,0.37765,0.44629,0.43228,0.59568,0.4156,0.40604,0.30023,0.21742,0.64212,0.66295,0.64681,0.71529,0.49554,0.54135,0.6276,0.63626,0.28151,0.39769,0.29383,0.27211,0.41185,0.53227,0.20762,0.3287,0.36964,0.28618,0.25103,0.2112,0.35075,0.23403,0.37683,0.42944,0.46484,0.4527,0.54429,0.62444,0.43018,0.44441,0.26722,0.43181,0.46071,0.45388,0.32075,0.1657,0.36918,0.36112,0.14525,-0.14694,0.070674,-0.010739,0.46432,0.33346,0.3816,0.22191,0.53075,0.26331,0.1881,0.22545,0.38319,0.094788,-0.11638,-0.12281,-0.15394,0.080243,0.34542,0.14107,0.020553,-0.1629
0.6057,0.55601,0.33783,0.67316,0.45234,1,0.46745,0.63883,0.56253,0.65153,0.27692,0.55075,0.40698,0.51737,0.45253,0.6392,0.43157,0.32232,0.45571,0.54213,0.10646,0.16348,0.46342,0.51392,0.48045,0.61786,0.45506,0.38861,0.37053,0.43239,0.38179,0.33198,0.56839,0.50522,0.37238,0.2968,0.47063,0.4503,0.35484,0.51013,0.49663,0.48648,0.58541,0.5364,0.35458,0.43069,0.61761,0.40418,0.30836,0.34643,0.46153,0.41015,0.42544,0.3869,0.48156,0.44044,0.61012,0.54656,0.49057,0.45721,0.51162,0.51159,0.52627,0.4339,0.37206,0.32267,0.47287,0.48463,0.4769,0.39972,0.21122,0.43161,0.44397,0.45547,0.42321,0.39427,0.46214,0.29518,0.52269,0.36899,0.33267,0.38176,0.3585,0.39407,0.4728,0.57944,0.20718,0.41024,0.49782,0.63696,0.33113,0.19449,0.43793,0.41322,0.12507,0.28427,0.26882,0.31429,0.5512,0.34475,0.53649,0.35778,0.33744,0.25506,0.22389,0.28501,0.26111,0.15721,-0.061339,0.10132,-0.12127,0.046961,0.26429,0.26593,0.15456,-0.074422
0.71609,0.59073,0.7782,0.66964,0.35537,0.46745,1,0.67567,0.5219,0.31448,0.48407,0.48221,0.59879,0.31545,0.41402,0.44429,0.45926,0.1987,0.63109,0.55677,0.3347,0.40398,0.69132,0.44494,0.54636,0.42987,0.3773,0.4907,0.44939,0.20086,0.57662,0.59005,0.7025,0.5815,0.56597,0.38018,0.55193,0.38918,0.25541,0.51807,0.52616,0.41549,0.62698,0.67877,0.38809,0.405,0.49011,0.53102,0.23951,0.29222,0.58912,0.49072,0.38977,0.54839,0.61125,0.54923,0.54512,0.5858,0.53493,0.37856,0.65911,0.44608,0.4939,0.39041,0.56872,0.46918,0.70861,0.55019,0.68249,0.54223,0.4196,0.52709,0.47377,0.36522,0.48488,0.36999,0.65727,0.3736,0.53732,0.23973,0.40632,0.44108,0.40572,0.48605,0.43788,0.64808,0.29621,0.56584,0.53483,0.69089,0.44257,0.5556,0.57055,0.65413,0.055315,-0.055907,0.13744,0.2887,0.67749,0.49648,0.54649,0.65705,0.57153,0.69451,0.50837,0.59329,0.2785,0.40119,-0.10693,0.14379,0.029257,0.1542,0.4445,0.54438,0.51875,0.34192
0.65176,0.74762,0.54252,0.84842,0.62002,0.63883,0.67567,1,0.70597,0.66557,0.39547,0.75498,0.57511,0.69632,0.52933,0.68541,0.53846,0.39636,0.48623,0.75058,0.39491,0.60034,0.62997,0.57011,0.56458,0.64064,0.4976,0.51741,0.53874,0.42224,0.61733,0.6967,0.77973,0.78903,0.47395,0.49451,0.4171,0.27484,0.20704,0.40392,0.51398,0.41516,0.46215,0.53109,0.37889,0.46054,0.54972,0.54642,0.44445,0.47839,0.61327,0.59958,0.57023,0.57553,0.55974,0.44902,0.71713,0.78678,0.67799,0.69942,0.687,0.81897,0.67627,0.67912,0.53723,0.65979,0.63,0.65841,0.69075,0.68304,0.32868,0.52082,0.52335,0.41927,0.39978,0.32398,0.56553,0.46273,0.62614,0.3992,0.54775,0.57329,0.53007,0.66306,0.58001,0.70246,0.39812,0.55909,0.68411,0.67644,0.61176,0.43982,0.67435,0.51804,0.0058656,-0.084216,0.14673,0.18809,0.70293,0.45452,0.70455,0.45748,0.65548,0.49143,0.43942,0.50826,0.4274,0.17755,-0.13036,0.025443,-0.079136,0.16296,0.45843,0.46955,0.35593,0.088265
0.61238,0.62521,0.36852,0.62532,0.73606,0.56253,0.5219,0.70597,1,0.66737,0.37821,0.62104,0.63929,0.56425,0.60653,0.52812,0.43062,0.33929,0.40108,0.5888,0.41921,0.49209,0.44151,0.334,0.34974,0.38597,0.41905,0.35181,0.3563,0.35231,0.28022,0.30546,0.53655,0.51119,0.30258,0.19851,0.36049,0.26091,0.29272,0.3481,0.45053,0.28623,0.4313,0.39751,0.4049,0.45354,0.51579,0.45076,0.47978,0.44127,0.60445,0.54516,0.51646,0.58655,0.40499,0.36468,0.65105,0.64547,0.74039,0.70996,0.71152,0.66485,0.55739,0.51179,0.51215,0.49654,0.53337,0.44102,0.48697,0.47737,0.28837,0.41612,0.50205,0.39137,0.34586,0.35371,0.3445,0.18131,0.44685,0.37099,0.34481,0.42254,0.47698,0.52635,0.46289,0.5101,0.29221,0.36641,0.67851,0.62618,0.45922,0.39304,0.5646,0.58814,0.12246,0.12441,0.044222,0.10435,0.57145,0.46569,0.51578,0.47622,0.49343,0.38493,0.15271,0.32769,0.47497,0.15033,0.066203,-0.025069,-0.30832,-0.037811,0.36933,0.21872,0.12465,-0.13923
0.47951,0.37288,0.35728,0.64476,0.35377,0.65153,0.31448,0.66557,0.66737,1,0.17952,0.59356,0.38446,0.73332,0.51298,0.64445,0.37478,0.18844,0.34193,0.44727,0.28786,0.26169,0.41128,0.47341,0.31214,0.43096,0.49129,0.49335,0.24228,0.33753,0.30836,0.31422,0.4544,0.39717,0.45768,0.44309,0.38064,0.36708,0.31088,0.40311,0.33896,0.24836,0.4537,0.36698,0.3577,0.4166,0.54563,0.41489,0.43933,0.4111,0.45602,0.38538,0.51258,0.43205,0.40523,0.33858,0.52844,0.51989,0.57689,0.51786,0.59095,0.68865,0.44338,0.37989,0.54165,0.52902,0.5071,0.5256,0.37358,0.3593,0.24816,0.41228,0.40247,0.31975,0.28669,0.38022,0.35147,0.32163,0.45005,0.26769,0.30666,0.35476,0.40786,0.34761,0.41725,0.45019,0.18075,0.18887,0.66611,0.54033,0.46252,0.38178,0.54084,0.48526,0.0022881,0.20569,0.19049,0.21157,0.50057,0.29788,0.58232,0.36584,0.35529,0.26071,0.11344,0.27353,0.41184,0.064823,0.10306,0.20348,-0.11475,0.07245,0.34697,0.23338,0.11896,-0.13998
0.66355,0.61379,0.42982,0.24399,0.40446,0.27692,0.48407,0.39547,0.37821,0.17952,1,0.6241,0.67969,0.44265,0.59937,0.38497,0.73179,0.55572,0.63436,0.63627,0.38834,0.39022,0.39329,0.24075,0.3092,0.25505,0.29938,0.32652,0.63761,0.54998,0.44194,0.4309,0.62791,0.55619,0.22361,0.19733,0.56158,0.36805,0.27283,0.30432,0.56998,0.49139,0.42728,0.47977,0.47714,0.48312,0.42761,0.58575,0.39811,0.47124,0.49782,0.40965,0.26024,0.32016,0.45411,0.34359,0.55344,0.5464,0.50859,0.38233,0.62716,0.32908,0.6491,0.55769,0.27204,0.22412,0.36608,0.17938,0.56187,0.4685,0.19542,0.43427,0.51411,0.42288,0.27967,0.28834,0.58691,0.45801,0.41208,0.51173,0.64752,0.66578,0.54466,0.57768,0.35506,0.49876,0.052827,0.4825,0.28597,0.40407,0.15549,0.25426,0.082328,0.241,0.010617,-0.205,0.28307,0.33762,0.49197,0.36008,0.28623,0.25528,0.52396,0.44005,0.25707,0.26573,0.19566,0.17312,-0.18086,0.20544,0.22711,0.31675,0.33903,0.38035,0.15833,-0.000842
0.70783,0.78673,0.44557,0.5759,0.55262,0.55075,0.48221,0.75498,0.62104,0.59356,0.6241,1,0.68283,0.84844,0.74467,0.76708,0.64644,0.6955,0.65669,0.85332,0.56025,0.52702,0.43036,0.5265,0.35221,0.51876,0.44524,0.46969,0.73073,0.73075,0.63232,0.60946,0.73624,0.74541,0.26843,0.34706,0.58587,0.49193,0.44195,0.35283,0.65968,0.49245,0.46327,0.50428,0.5614,0.60268,0.59515,0.62394,0.58879,0.60444,0.67494,0.63942,0.54359,0.42073,0.56371,0.40562,0.59966,0.78118,0.62238,0.60031,0.64736,0.72605,0.73459,0.83159,0.29662,0.50236,0.41625,0.33156,0.55226,0.54877,0.29337,0.50103,0.69508,0.5959,0.42543,0.48422,0.64406,0.4941,0.60844,0.6707,0.82444,0.83698,0.76287,0.78974,0.69789,0.66863,0.30605,0.40678,0.50534,0.44328,0.39007,0.28434,0.32199,0.27936,0.17974,-0.07594,0.47749,0.40766,0.69171,0.4164,0.57586,0.27808,0.59068,0.32018,0.14146,0.14863,0.26,-0.0017709,-0.19317,0.26096,0.2664,0.40825,0.43149,0.34847,0.077299,-0.16774
0.61031,0.58034,0.38965,0.41433,0.48723,0.40698,0.59879,0.57511,0.63929,0.38446,0.67969,0.68283,1,0.50657,0.6343,0.45256,0.53932,0.49193,0.55403,0.57322,0.29758,0.39324,0.33803,0.10855,0.27212,0.30545,0.24122,0.19392,0.64533,0.47864,0.42601,0.35877,0.61153,0.53005,0.20945,0.11593,0.48029,0.27132,0.21165,0.26429,0.5158,0.39826,0.37741,0.39238,0.45073,0.46912,0.41837,0.4743,0.39877,0.45819,0.49704,0.44553,0.29904,0.40743,0.42788,0.37707,0.51346,0.56534,0.57607,0.46408,0.73321,0.55973,0.60051,0.60897,0.36156,0.32049,0.33668,0.12955,0.43743,0.39044,0.19582,0.44205,0.54415,0.48955,0.35238,0.32962,0.48051,0.19246,0.56086,0.48908,0.56476,0.56761,0.54622,0.6192,0.52749,0.50353,0.30392,0.43388,0.41872,0.51417,0.18413,0.23932,0.2412,0.35637,0.14547,-0.038461,0.21733,0.24722,0.50141,0.3736,0.34746,0.32603,0.3708,0.31092,0.16542,0.25362,0.21347,0.21824,-0.062883,0.086344,-0.048593,0.16299,0.28544,0.26641,0.10284,-0.070042
0.56601,0.5861,0.40759,0.62986,0.43012,0.51737,0.31545,0.69632,0.56425,0.73332,0.44265,0.84844,0.50657,1,0.69478,0.79704,0.55819,0.44247,0.50536,0.65278,0.48373,0.3988,0.44891,0.5816,0.35257,0.56717,0.55897,0.58605,0.53189,0.57151,0.55991,0.5743,0.59857,0.57224,0.40828,0.47432,0.53996,0.45057,0.4445,0.34706,0.50501,0.34689,0.39514,0.4289,0.38724,0.4815,0.51276,0.53254,0.50223,0.51426,0.56091,0.46399,0.45515,0.26027,0.49726,0.33628,0.52901,0.63987,0.55812,0.50036,0.55835,0.69516,0.61731,0.60064,0.40097,0.57572,0.41515,0.43417,0.43684,0.43624,0.21316,0.45196,0.57307,0.46434,0.37236,0.42435,0.50763,0.45603,0.52288,0.54284,0.64796,0.6635,0.65723,0.63909,0.59359,0.62509,0.26655,0.32752,0.57321,0.42817,0.40702,0.27446,0.39895,0.27079,0.18581,-0.0057107,0.43081,0.3159,0.5177,0.2206,0.55834,0.20348,0.44654,0.24964,0.11692,0.18339,0.25163,-0.084305,0.011794,0.3449,0.17753,0.27456,0.36542,0.26073,0.033367,-0.20785
0.67672,0.60734,0.47366,0.47839,0.6035,0.45253,0.41402,0.52933,0.60653,0.51298,0.59937,0.74467,0.6343,0.69478,1,0.80267,0.66664,0.56312,0.67237,0.71995,0.57052,0.38303,0.46831,0.42416,0.38371,0.49464,0.52349,0.41322,0.72251,0.6724,0.59842,0.49323,0.6175,0.56473,0.26936,0.24026,0.62285,0.53688,0.53289,0.35961,0.61295,0.55811,0.4158,0.55548,0.48859,0.61014,0.45077,0.67915,0.50611,0.60756,0.56211,0.64187,0.41759,0.35065,0.46289,0.42727,0.56063,0.64308,0.58574,0.53931,0.48733,0.46525,0.69696,0.71668,0.27611,0.29025,0.26088,0.15322,0.39661,0.35509,0.32346,0.46119,0.72467,0.60562,0.5397,0.59928,0.65346,0.39316,0.46124,0.67214,0.73071,0.72109,0.90432,0.79632,0.65514,0.61984,0.26363,0.33917,0.47818,0.4927,0.20227,0.28211,0.19546,0.32136,0.28859,-0.014411,0.47499,0.30444,0.50989,0.36861,0.40299,0.17929,0.42511,0.25024,-0.054572,0.045229,0.23783,-0.025803,-0.032527,0.31141,0.19368,0.21605,0.39655,0.2042,-0.1334,-0.34753
0.63278,0.64146,0.47894,0.69343,0.47185,0.6392,0.44429,0.68541,0.52812,0.64445,0.38497,0.76708,0.45256,0.79704,0.80267,1,0.60863,0.47819,0.58548,0.74743,0.48061,0.38141,0.54149,0.6307,0.47791,0.62075,0.60133,0.57299,0.64205,0.64344,0.65916,0.60101,0.69446,0.66015,0.3968,0.44495,0.61712,0.59761,0.51891,0.48816,0.59127,0.50503,0.45707,0.55291,0.37833,0.49622,0.56441,0.57589,0.39576,0.50303,0.54585,0.57486,0.52949,0.32031,0.56119,0.45108,0.58658,0.70952,0.49955,0.48612,0.43519,0.55353,0.69038,0.68182,0.28526,0.37062,0.37852,0.39598,0.47473,0.42513,0.32428,0.47069,0.66175,0.59137,0.47833,0.54776,0.64454,0.46027,0.55063,0.58847,0.68402,0.71623,0.80875,0.75612,0.62959,0.70518,0.37405,0.42275,0.53019,0.54921,0.39285,0.25316,0.38161,0.26767,0.23626,0.13035,0.41844,0.31574,0.57247,0.29889,0.56868,0.16022,0.43639,0.24366,0.13311,0.17368,0.18131,-0.020366,-0.058202,0.35149,0.14228,0.17402,0.36203,0.23506,0.048739,-0.16687
0.72944,0.675,0.51407,0.49983,0.52167,0.43157,0.45926,0.53846,0.43062,0.37478,0.73179,0.64644,0.53932,0.55819,0.66664,0.60863,1,0.58286,0.61882,0.7256,0.32034,0.41929,0.55911,0.4652,0.54292,0.45796,0.56066,0.49363,0.75951,0.65935,0.62947,0.60256,0.73453,0.6893,0.45674,0.45789,0.63203,0.50951,0.42045,0.49429,0.56187,0.55447,0.48248,0.58534,0.56753,0.62034,0.54966,0.68709,0.5175,0.63741,0.60788,0.55539,0.48858,0.41314,0.59029,0.48437,0.79435,0.73858,0.62056,0.54438,0.57855,0.48086,0.79557,0.64444,0.37664,0.33649,0.49101,0.38608,0.58006,0.56874,0.11137,0.32948,0.55167,0.45201,0.26706,0.31243,0.66314,0.48039,0.70188,0.61564,0.7144,0.69509,0.65639,0.66201,0.45251,0.63983,0.20188,0.52282,0.41744,0.56268,0.33176,0.29686,0.26923,0.26474,0.0019801,-0.13636,0.33363,0.36965,0.58611,0.43764,0.4225,0.20314,0.603,0.47968,0.34123,0.38797,0.22635,0.24113,-0.034991,0.26722,0.16704,0.32179,0.36837,0.37073,0.21042,-0.026451
0.48967,0.66773,0.081305,0.16729,0.50568,0.32232,0.1987,0.39636,0.33929,0.18844,0.55572,0.6955,0.49193,0.44247,0.56312,0.47819,0.58286,1,0.44816,0.67638,0.41955,0.40407,0.087883,0.1739,0.20326,0.34738,0.2397,0.14401,0.73983,0.81043,0.45275,0.37967,0.57438,0.64267,-0.030113,0.11891,0.48315,0.39961,0.38571,0.17297,0.51476,0.45125,0.29929,0.33449,0.52099,0.48597,0.42379,0.45117,0.5011,0.54251,0.50888,0.56186,0.4209,0.28831,0.39056,0.29797,0.44625,0.58036,0.38541,0.41218,0.32104,0.41046,0.57632,0.76063,-0.071712,0.13011,0.076851,-0.018959,0.34306,0.37786,0.11244,0.26648,0.60289,0.60393,0.27246,0.35608,0.54671,0.34195,0.43936,0.76707,0.75837,0.7796,0.61956,0.71055,0.58131,0.41496,0.30903,0.30408,0.18035,0.14322,0.10794,-0.030443,-0.077027,-0.075894,0.21755,-0.078651,0.43876,0.33976,0.49304,0.33771,0.26185,-0.059739,0.39045,0.070387,0.0020448,-0.04526,0.079933,-0.070623,-0.18837,0.20984,0.26711,0.31933,0.29702,0.21956,-0.11094,-0.22817
0.83494,0.57912,0.75953,0.48193,0.32184,0.45571,0.63109,0.48623,0.40108,0.34193,0.63436,0.65669,0.55403,0.50536,0.67237,0.58548,0.61882,0.44816,1,0.75021,0.40103,0.24424,0.63022,0.57328,0.49472,0.47509,0.49492,0.51295,0.5919,0.52546,0.59434,0.55446,0.70653,0.54945,0.4834,0.42353,0.71549,0.61414,0.57463,0.52418,0.5432,0.47846,0.62372,0.69426,0.55176,0.62013,0.56269,0.71733,0.42507,0.47968,0.63332,0.50749,0.39773,0.46252,0.68177,0.58692,0.4997,0.58678,0.48633,0.32594,0.55895,0.363,0.55587,0.51227,0.44369,0.32463,0.5471,0.39021,0.63451,0.4988,0.25599,0.44304,0.59385,0.49376,0.48439,0.41936,0.73914,0.55148,0.49308,0.51379,0.68341,0.69328,0.68478,0.6052,0.60736,0.66977,0.2508,0.51718,0.48848,0.54841,0.37143,0.52977,0.28551,0.47447,0.25468,-0.042441,0.47112,0.46135,0.65469,0.48604,0.39331,0.42174,0.4462,0.46947,0.21939,0.27847,0.048339,0.12567,-0.18139,0.44518,0.4388,0.37679,0.43317,0.47209,0.20228,0.044499
0.76171,0.8404,0.59029,0.61731,0.63854,0.54213,0.55677,0.75058,0.5888,0.44727,0.63627,0.85332,0.57322,0.65278,0.71995,0.74743,0.7256,0.67638,0.75021,1,0.57694,0.60366,0.60087,0.6223,0.51985,0.57556,0.51281,0.52907,0.72806,0.68214,0.7069,0.72012,0.82399,0.82634,0.35198,0.44665,0.58082,0.51525,0.45268,0.44748,0.62192,0.55117,0.46591,0.57004,0.55968,0.62753,0.59014,0.71496,0.5308,0.60126,0.67887,0.66793,0.55773,0.49152,0.66116,0.48694,0.7066,0.88189,0.6319,0.63197,0.5877,0.6344,0.74317,0.81451,0.31493,0.45857,0.51812,0.45445,0.7256,0.72858,0.27304,0.4886,0.63794,0.53635,0.37879,0.38465,0.70614,0.60001,0.56371,0.62859,0.83896,0.83955,0.76864,0.82235,0.65935,0.69934,0.33238,0.60252,0.54603,0.57137,0.46972,0.35991,0.39233,0.33064,0.11846,-0.17958,0.39597,0.35243,0.71144,0.46305,0.55244,0.27472,0.6599,0.41022,0.30853,0.28893,0.16538,0.10113,-0.32411,0.19764,0.30054,0.36796,0.46082,0.42469,0.20796,-0.05099
0.34014,0.47294,0.36347,0.2402,0.40477,0.10646,0.3347,0.39491,0.41921,0.28786,0.38834,0.56025,0.29758,0.48373,0.57052,0.48061,0.32034,0.41955,0.40103,0.57694,1,0.68236,0.28663,0.32381,0.079305,0.23504,0.19468,0.4442,0.40177,0.31995,0.54959,0.55401,0.35413,0.37917,0.087786,0.096403,0.28318,0.25729,0.24639,0.05312,0.40155,0.26859,0.22858,0.34141,0.37387,0.39848,0.21804,0.48384,0.33335,0.39749,0.43135,0.46718,0.18732,0.20428,0.23849,0.18191,0.25682,0.49885,0.33121,0.32308,0.23727,0.31985,0.36293,0.46371,0.084507,0.35687,0.18858,0.095575,0.3327,0.36922,0.50261,0.56516,0.50305,0.3553,0.28137,0.38081,0.36617,0.31848,0.079101,0.3869,0.60682,0.58072,0.58719,0.61091,0.34485,0.33789,0.065938,0.2448,0.24559,0.1393,0.2098,0.24334,0.21024,0.16377,0.13208,-0.37248,0.33109,0.20655,0.39707,0.23149,0.33367,0.077656,0.4527,0.30676,0.063455,0.039679,0.13078,-0.065092,-0.099378,0.23492,0.3241,0.32975,0.49469,0.24426,-0.060451,-0.20987
0.30516,0.62525,0.29366,0.40838,0.57929,0.16348,0.40398,0.60034,0.49209,0.26169,0.39022,0.52702,0.39324,0.3988,0.38303,0.38141,0.41929,0.40407,0.24424,0.60366,0.68236,1,0.34917,0.2774,0.22102,0.2728,0.19152,0.34265,0.46753,0.25345,0.53545,0.61372,0.47523,0.54578,0.13158,0.16833,0.1102,-0.042958,-0.048488,0.016201,0.27425,0.1918,0.097609,0.20601,0.28344,0.31775,0.1762,0.34765,0.34636,0.40005,0.41259,0.45764,0.29489,0.31573,0.19666,0.10494,0.46691,0.62982,0.48965,0.56715,0.35014,0.49975,0.43409,0.48796,0.19243,0.52071,0.29276,0.25756,0.45853,0.54794,0.36282,0.57067,0.31671,0.22104,0.11547,0.094544,0.29578,0.32814,0.24777,0.33977,0.53015,0.47193,0.46043,0.60422,0.26826,0.34986,0.16355,0.3049,0.30219,0.26536,0.33151,0.19534,0.42409,0.22529,-0.10122,-0.44422,0.027428,-0.007703,0.42022,0.25417,0.39102,0.13441,0.53692,0.33223,0.34562,0.31698,0.28413,0.088067,-0.24445,-0.17233,-0.001663,0.20069,0.38474,0.30731,0.11733,-0.044592
0.70888,0.55561,0.8675,0.79491,0.41006,0.46342,0.69132,0.62997,0.44151,0.41128,0.39329,0.43036,0.33803,0.44891,0.46831,0.54149,0.55911,0.087883,0.63022,0.60087,0.28663,0.34917,1,0.77978,0.76869,0.60387,0.72442,0.7421,0.36313,0.18286,0.61868,0.72683,0.70998,0.56421,0.79138,0.68253,0.55807,0.44369,0.35069,0.60086,0.38865,0.41303,0.50503,0.63529,0.31599,0.43763,0.51237,0.59149,0.3246,0.37136,0.547,0.47871,0.41132,0.53635,0.68068,0.56764,0.65444,0.6388,0.55191,0.45031,0.58952,0.49452,0.50041,0.30506,0.73789,0.62576,0.78708,0.77983,0.72069,0.62766,0.19004,0.36195,0.33521,0.17929,0.33704,0.25167,0.57746,0.53584,0.61623,0.21605,0.40706,0.40836,0.45902,0.42073,0.42411,0.70655,0.31138,0.66949,0.57294,0.69063,0.60574,0.68255,0.67116,0.65031,0.039747,-0.10302,0.13012,0.29859,0.63331,0.44136,0.48455,0.51393,0.60711,0.60958,0.61187,0.67479,0.26032,0.33978,-0.20125,0.17175,0.15185,0.21376,0.4941,0.49191,0.58603,0.40758
0.63677,0.52636,0.7049,0.74064,0.2862,0.51392,0.44494,0.57011,0.334,0.47341,0.24075,0.5265,0.10855,0.5816,0.42416,0.6307,0.4652,0.1739,0.57328,0.6223,0.32381,0.2774,0.77978,1,0.64834,0.63644,0.70794,0.74564,0.29149,0.34215,0.57006,0.66345,0.58922,0.50375,0.66992,0.69926,0.53155,0.52555,0.49849,0.59105,0.42007,0.3623,0.51907,0.55849,0.32486,0.40022,0.59451,0.53704,0.32441,0.3385,0.50677,0.40289,0.44591,0.3789,0.64034,0.49355,0.54761,0.61323,0.42001,0.32214,0.38495,0.46634,0.4245,0.34466,0.52587,0.52719,0.61818,0.69149,0.5918,0.57713,0.12875,0.26533,0.37894,0.26108,0.34798,0.33929,0.53533,0.56768,0.52456,0.3431,0.45362,0.48447,0.45842,0.40786,0.49724,0.68788,0.29062,0.48423,0.47278,0.49662,0.46606,0.4963,0.53099,0.39145,0.12489,-0.0010346,0.34207,0.37943,0.58403,0.27971,0.49621,0.29953,0.46266,0.35983,0.39905,0.39646,0.14232,0.061975,-0.15433,0.31569,0.29313,0.30242,0.33524,0.41952,0.40425,0.15632
0.61808,0.52939,0.62967,0.71627,0.42759,0.48045,0.54636,0.56458,0.34974,0.31214,0.3092,0.35221,0.27212,0.35257,0.38371,0.47791,0.54292,0.20326,0.49472,0.51985,0.079305,0.22102,0.76869,0.64834,1,0.78424,0.83287,0.64619,0.44861,0.37109,0.58377,0.6103,0.73899,0.59778,0.73152,0.70484,0.57758,0.42541,0.51659,0.71921,0.49377,0.53698,0.51583,0.65789,0.31494,0.38374,0.53858,0.51593,0.26016,0.30407,0.49097,0.47089,0.39826,0.39771,0.6939,0.56826,0.58833,0.54155,0.4476,0.34524,0.42659,0.37586,0.39249,0.33296,0.65831,0.45848,0.63109,0.69463,0.6302,0.54308,-0.025549,0.1172,0.37696,0.30413,0.41493,0.26887,0.60473,0.4251,0.63758,0.38122,0.4082,0.41965,0.42351,0.42615,0.56122,0.7345,0.52288,0.63037,0.55649,0.64821,0.39652,0.29617,0.46412,0.40677,0.23471,0.076717,0.25745,0.37458,0.52808,0.2861,0.52526,0.33335,0.51906,0.35477,0.4305,0.59921,0.14674,0.29308,-0.05699,0.2341,0.093858,0.091416,0.31383,0.37727,0.38263,0.2854
0.54347,0.54085,0.48509,0.71451,0.45942,0.61786,0.42987,0.64064,0.38597,0.43096,0.25505,0.51876,0.30545,0.56717,0.49464,0.62075,0.45796,0.34738,0.47509,0.57556,0.23504,0.2728,0.60387,0.63644,0.78424,1,0.74149,0.6267,0.50047,0.47137,0.66468,0.64333,0.68645,0.58141,0.54965,0.57182,0.53673,0.46008,0.51147,0.59026,0.53267,0.49933,0.42919,0.59113,0.29998,0.38201,0.4795,0.51742,0.29086,0.3345,0.44669,0.42488,0.34629,0.24739,0.58677,0.46325,0.49391,0.55692,0.36489,0.30996,0.31403,0.41272,0.42641,0.47579,0.42414,0.42082,0.43841,0.53065,0.52906,0.48738,0.083994,0.28046,0.47848,0.40867,0.45337,0.38924,0.58332,0.3973,0.53351,0.5021,0.53656,0.54207,0.50647,0.53002,0.66045,0.6999,0.44282,0.51283,0.56347,0.57925,0.23958,0.1373,0.39713,0.307,0.28149,0.067752,0.45003,0.424,0.47689,0.20829,0.54413,0.2007,0.41135,0.20524,0.27185,0.38272,0.12575,0.070019,-0.071327,0.27374,0.1788,0.17538,0.25496,0.28536,0.16467,0.017565
0.58703,0.44244,0.59054,0.66136,0.41602,0.45506,0.3773,0.4976,0.41905,0.49129,0.29938,0.44524,0.24122,0.55897,0.52349,0.60133,0.56066,0.2397,0.49492,0.51281,0.19468,0.19152,0.72442,0.70794,0.83287,0.74149,1,0.7725,0.40926,0.46827,0.51297,0.55704,0.64347,0.45475,0.72414,0.72388,0.6126,0.55334,0.68195,0.70479,0.4496,0.4348,0.48224,0.55437,0.26368,0.325,0.51877,0.50957,0.26329,0.25173,0.4868,0.44048,0.38156,0.28483,0.61972,0.50002,0.52507,0.51744,0.43962,0.29708,0.41049,0.36921,0.35442,0.278,0.66494,0.49328,0.59847,0.65676,0.50732,0.4559,0.023228,0.19889,0.38906,0.26373,0.38008,0.30165,0.54057,0.45268,0.59601,0.44135,0.43876,0.50502,0.53794,0.45714,0.52385,0.67085,0.42711,0.49546,0.57009,0.56123,0.35649,0.33713,0.40395,0.42544,0.3236,0.1975,0.37771,0.38054,0.45828,0.16507,0.48975,0.29426,0.45124,0.25948,0.25712,0.44521,0.12561,0.086001,0.025918,0.42886,0.20215,0.13364,0.33825,0.23592,0.2295,0.11155
0.54866,0.47635,0.69897,0.62828,0.2393,0.38861,0.4907,0.51741,0.35181,0.49335,0.32652,0.46969,0.19392,0.58605,0.41322,0.57299,0.49363,0.14401,0.51295,0.52907,0.4442,0.34265,0.7421,0.74564,0.64619,0.6267,0.7725,1,0.3003,0.29027,0.61457,0.70283,0.60009,0.42338,0.73335,0.6862,0.60798,0.60463,0.58289,0.65988,0.44642,0.30565,0.4945,0.58715,0.30061,0.34481,0.52206,0.58278,0.26421,0.27009,0.5656,0.42366,0.36358,0.28557,0.68859,0.51996,0.46461,0.55365,0.37083,0.20804,0.38092,0.35345,0.31781,0.20436,0.5783,0.55606,0.67664,0.69144,0.56768,0.55282,0.22306,0.38218,0.35004,0.2181,0.23474,0.33346,0.51303,0.48918,0.4891,0.29402,0.47002,0.50737,0.40805,0.36442,0.42489,0.63954,0.2917,0.52384,0.56345,0.52278,0.45856,0.44659,0.54826,0.42903,0.21231,-0.056497,0.39706,0.44875,0.51695,0.18912,0.54736,0.31617,0.55206,0.49742,0.47249,0.55584,0.084805,0.079922,0.00053962,0.46652,0.31556,0.27282,0.47851,0.4026,0.4141,0.23331
0.5824,0.65201,0.35237,0.38727,0.48866,0.37053,0.44939,0.53874,0.3563,0.24228,0.63761,0.73073,0.64533,0.53189,0.72251,0.64205,0.75951,0.73983,0.5919,0.72806,0.40177,0.46753,0.36313,0.29149,0.44861,0.50047,0.40926,0.3003,1,0.77115,0.7391,0.61564,0.73303,0.74498,0.2127,0.27418,0.5927,0.44224,0.42147,0.34561,0.61803,0.59106,0.35093,0.53387,0.51085,0.56491,0.39995,0.59108,0.4716,0.62109,0.54942,0.60962,0.39078,0.24886,0.5008,0.39821,0.53981,0.64006,0.44953,0.45608,0.43129,0.4802,0.7056,0.78822,0.14155,0.25018,0.21292,0.10861,0.41119,0.35739,0.19604,0.36336,0.68409,0.63474,0.41449,0.41076,0.72037,0.39574,0.61994,0.74347,0.84214,0.76814,0.78815,0.84151,0.62582,0.54697,0.41664,0.39853,0.32904,0.36723,0.14901,0.07025,0.09082,0.11542,0.22979,-0.1309,0.46353,0.35149,0.52617,0.36748,0.36742,0.081958,0.48751,0.29606,0.13939,0.17388,0.067157,0.034282,-0.15992,0.23579,0.2476,0.28443,0.30363,0.29858,0.0072091,-0.14698
0.56903,0.61705,0.15611,0.26363,0.4278,0.43239,0.20086,0.42224,0.35231,0.33753,0.54998,0.73075,0.47864,0.57151,0.6724,0.64344,0.65935,0.81043,0.52546,0.68214,0.31995,0.25345,0.18286,0.34215,0.37109,0.47137,0.46827,0.29027,0.77115,1,0.49551,0.37653,0.64132,0.64447,0.11355,0.25786,0.62286,0.54988,0.56568,0.40273,0.63711,0.57262,0.39002,0.4532,0.48075,0.48971,0.50719,0.48026,0.4011,0.45722,0.4862,0.49044,0.39369,0.226,0.48737,0.37349,0.47082,0.56386,0.35318,0.33147,0.34692,0.39417,0.57084,0.73132,0.038384,0.077844,0.13834,0.074502,0.32433,0.29872,0.081303,0.19181,0.67601,0.68529,0.38979,0.44222,0.6114,0.35843,0.55998,0.85061,0.75159,0.81494,0.7053,0.69664,0.63402,0.4964,0.3707,0.3146,0.2572,0.25785,0.045423,-0.073608,-0.091039,-0.059472,0.33208,0.13505,0.53461,0.42105,0.48236,0.2572,0.332,-0.033409,0.36679,0.021303,-0.076843,-0.06011,-0.015771,-0.13176,-0.054051,0.34752,0.2369,0.21607,0.25355,0.16437,-0.18109,-0.25336
0.51773,0.58233,0.64026,0.57365,0.38147,0.38179,0.57662,0.61733,0.28022,0.30836,0.44194,0.63232,0.42601,0.55991,0.59842,0.65916,0.62947,0.45275,0.59434,0.7069,0.54959,0.53545,0.61868,0.57006,0.58377,0.66468,0.51297,0.61457,0.7391,0.49551,1,0.90518,0.73882,0.69545,0.46048,0.52126,0.54578,0.42143,0.38171,0.41758,0.55543,0.51804,0.36216,0.61049,0.40055,0.54435,0.34573,0.60743,0.35114,0.52139,0.4862,0.50534,0.2525,0.233,0.55413,0.41089,0.47374,0.64261,0.37671,0.33971,0.34504,0.49593,0.55275,0.61221,0.31469,0.52699,0.39506,0.35525,0.5492,0.49252,0.24677,0.42178,0.57154,0.4603,0.38085,0.38893,0.68072,0.42926,0.54898,0.554,0.78394,0.67985,0.66697,0.72539,0.58773,0.63075,0.3498,0.44824,0.40233,0.42094,0.25888,0.21512,0.34937,0.22056,0.16327,-0.30465,0.46971,0.3797,0.49512,0.24168,0.47286,0.18391,0.53887,0.43484,0.32684,0.34616,0.028142,0.13267,-0.12542,0.31728,0.36269,0.34946,0.40031,0.40177,0.22454,-0.052347
0.5209,0.63224,0.70775,0.66765,0.43689,0.33198,0.59005,0.6967,0.30546,0.31422,0.4309,0.60946,0.35877,0.5743,0.49323,0.60101,0.60256,0.37967,0.55446,0.72012,0.55401,0.61372,0.72683,0.66345,0.6103,0.64333,0.55704,0.70283,0.61564,0.37653,0.90518,1,0.71958,0.69921,0.54232,0.59579,0.46582,0.35472,0.28759,0.37876,0.48868,0.47069,0.32362,0.54836,0.34841,0.475,0.35673,0.61031,0.37774,0.49278,0.52373,0.54873,0.3006,0.30509,0.57389,0.37745,0.5197,0.69105,0.43022,0.41169,0.40844,0.56537,0.54214,0.55059,0.42842,0.66849,0.52163,0.52848,0.65999,0.6463,0.22726,0.4594,0.47034,0.32285,0.30463,0.28365,0.60462,0.52655,0.53053,0.42719,0.70461,0.61885,0.5555,0.6635,0.51491,0.62941,0.33812,0.57317,0.43672,0.42368,0.43822,0.373,0.51827,0.33275,0.10635,-0.42255,0.36286,0.3085,0.55191,0.25661,0.54068,0.26619,0.66635,0.55939,0.52422,0.52443,0.101,0.16142,-0.19219,0.26344,0.35562,0.38639,0.45164,0.49182,0.40763,0.15023
0.80613,0.78706,0.61349,0.71361,0.49757,0.56839,0.7025,0.77973,0.53655,0.4544,0.62791,0.73624,0.61153,0.59857,0.6175,0.69446,0.73453,0.57438,0.70653,0.82399,0.35413,0.47523,0.70998,0.58922,0.73899,0.68645,0.64347,0.60009,0.73303,0.64132,0.73882,0.71958,1,0.9118,0.55402,0.60315,0.71164,0.52482,0.46854,0.63853,0.67586,0.63257,0.64689,0.73807,0.52903,0.58922,0.65435,0.6468,0.45099,0.51526,0.68148,0.57529,0.52211,0.50191,0.74245,0.58168,0.72251,0.75953,0.58068,0.53769,0.67178,0.65155,0.67828,0.68265,0.52803,0.52368,0.66744,0.61934,0.76324,0.60971,0.19813,0.41267,0.68041,0.62159,0.51671,0.43613,0.79837,0.54428,0.77419,0.62954,0.70048,0.75837,0.67918,0.73183,0.67591,0.82172,0.4987,0.64809,0.61734,0.66616,0.45427,0.37905,0.41672,0.38203,0.15972,0.013193,0.29736,0.40329,0.73806,0.49231,0.57854,0.38884,0.66999,0.45793,0.43383,0.49744,0.25347,0.27225,-0.15897,0.24071,0.1212,0.21993,0.46495,0.50798,0.3331,0.17718
0.67713,0.82811,0.44948,0.66134,0.56879,0.50522,0.5815,0.78903,0.51119,0.39717,0.55619,0.74541,0.53005,0.57224,0.56473,0.66015,0.6893,0.64267,0.54945,0.82634,0.37917,0.54578,0.56421,0.50375,0.59778,0.58141,0.45475,0.42338,0.74498,0.64447,0.69545,0.69921,0.9118,1,0.37103,0.48624,0.5489,0.37227,0.29305,0.44077,0.62372,0.60462,0.48496,0.60605,0.50249,0.56277,0.56245,0.54495,0.46292,0.55335,0.6067,0.57772,0.52658,0.44582,0.60778,0.43731,0.70517,0.76754,0.53777,0.61357,0.59298,0.71712,0.72207,0.79585,0.34187,0.48445,0.5067,0.50579,0.6796,0.59219,0.20028,0.35531,0.66558,0.60286,0.44371,0.36874,0.69853,0.49259,0.69915,0.60162,0.69304,0.71402,0.63779,0.74874,0.62218,0.70628,0.48542,0.58564,0.52369,0.51696,0.46216,0.25749,0.3855,0.24323,0.038091,-0.10344,0.19606,0.29335,0.70119,0.48206,0.53815,0.2402,0.67746,0.38419,0.40903,0.40205,0.28554,0.21745,-0.1784,0.080724,0.047327,0.22136,0.40114,0.45953,0.29757,0.10919
0.56475,0.33307,0.75524,0.69887,0.10442,0.37238,0.56597,0.47395,0.30258,0.45768,0.22361,0.26843,0.20945,0.40828,0.26936,0.3968,0.45674,-0.030113,0.4834,0.35198,0.087786,0.13158,0.79138,0.66992,0.73152,0.54965,0.72414,0.73335,0.2127,0.11355,0.46048,0.54232,0.55402,0.37103,1,0.8195,0.55003,0.45102,0.41365,0.6589,0.26223,0.28654,0.54705,0.59762,0.34627,0.37752,0.56245,0.48778,0.25367,0.25767,0.52189,0.31837,0.39256,0.45936,0.67123,0.58077,0.49121,0.46994,0.3991,0.2035,0.49937,0.37838,0.28595,0.086235,0.8162,0.57653,0.7736,0.78074,0.58214,0.53716,-0.0089942,0.17195,0.22843,0.096373,0.22145,0.12382,0.50141,0.46005,0.5708,0.12957,0.26322,0.26374,0.25633,0.21847,0.40453,0.61518,0.32922,0.48154,0.55772,0.62917,0.50332,0.56193,0.57428,0.55933,0.0446,0.056983,0.23263,0.42106,0.52837,0.2922,0.45437,0.43901,0.43591,0.48365,0.47053,0.67226,0.19562,0.2897,0.056986,0.37083,0.17337,0.22235,0.39647,0.51842,0.54031,0.35772
0.4756,0.34096,0.64078,0.63075,0.11571,0.2968,0.38018,0.49451,0.19851,0.44309,0.19733,0.34706,0.11593,0.47432,0.24026,0.44495,0.45789,0.11891,0.42353,0.44665,0.096403,0.16833,0.68253,0.69926,0.70484,0.57182,0.72388,0.6862,0.27418,0.25786,0.52126,0.59579,0.60315,0.48624,0.8195,1,0.46719,0.38286,0.39092,0.56711,0.3023,0.28958,0.46268,0.50608,0.29808,0.3502,0.47166,0.43775,0.23108,0.22878,0.38892,0.20924,0.31227,0.26424,0.57496,0.37672,0.42767,0.45673,0.32227,0.20063,0.39542,0.44358,0.25801,0.22201,0.67592,0.61872,0.64442,0.74329,0.61199,0.539,-0.031526,0.14068,0.2763,0.1724,0.22109,0.1178,0.50003,0.61274,0.52558,0.21268,0.37649,0.40466,0.31481,0.29524,0.4233,0.62178,0.29322,0.40087,0.48417,0.46162,0.43901,0.4171,0.43034,0.34771,0.055524,-0.033811,0.22633,0.30509,0.42257,0.11291,0.36768,0.28818,0.4001,0.29686,0.33011,0.48469,0.09819,0.19718,-0.070957,0.35245,0.26679,0.18928,0.24906,0.36427,0.43138,0.23971
0.76354,0.57,0.57446,0.49434,0.23546,0.47063,0.55193,0.4171,0.36049,0.38064,0.56158,0.58587,0.48029,0.53996,0.62285,0.61712,0.63203,0.48315,0.71549,0.58082,0.28318,0.1102,0.55807,0.53155,0.57758,0.53673,0.6126,0.60798,0.5927,0.62286,0.54578,0.46582,0.71164,0.5489,0.55003,0.46719,1,0.85506,0.76509,0.76756,0.715,0.58163,0.72511,0.74993,0.64729,0.61081,0.77072,0.68637,0.50466,0.50028,0.68345,0.48756,0.52135,0.41398,0.81621,0.68215,0.5129,0.52279,0.41122,0.18362,0.48855,0.32793,0.52806,0.45209,0.39493,0.21975,0.48886,0.36094,0.48495,0.34599,0.19917,0.32052,0.66691,0.64744,0.54807,0.59362,0.82631,0.49601,0.66948,0.56457,0.63344,0.67776,0.63387,0.53028,0.67204,0.7388,0.47687,0.50601,0.5215,0.53155,0.29075,0.2744,0.20064,0.24,0.33157,0.23955,0.52788,0.63363,0.7016,0.48332,0.37616,0.24495,0.37526,0.36478,0.23968,0.32833,0.090902,0.11236,0.10197,0.57309,0.32064,0.34304,0.43585,0.44976,0.22882,0.08226
0.65707,0.43142,0.48537,0.38381,0.14062,0.4503,0.38918,0.27484,0.26091,0.36708,0.36805,0.49193,0.27132,0.45057,0.53688,0.59761,0.50951,0.39961,0.61414,0.51525,0.25729,-0.042958,0.44369,0.52555,0.42541,0.46008,0.55334,0.60463,0.44224,0.54988,0.42143,0.35472,0.52482,0.37227,0.45102,0.38286,0.85506,1,0.79236,0.76329,0.61474,0.48724,0.618,0.613,0.52327,0.47963,0.69361,0.59997,0.40255,0.37244,0.57472,0.45821,0.49829,0.29818,0.73663,0.61925,0.38673,0.46594,0.29905,0.10296,0.31904,0.19629,0.4096,0.34741,0.22717,0.10238,0.41316,0.31115,0.34533,0.27827,0.18842,0.26404,0.51932,0.52287,0.39932,0.57669,0.67674,0.41743,0.53257,0.41408,0.52464,0.57139,0.55069,0.4028,0.52558,0.56699,0.32465,0.39725,0.41963,0.45902,0.24954,0.26315,0.17668,0.21667,0.34618,0.31634,0.52398,0.57777,0.5837,0.3812,0.36006,0.17488,0.23396,0.28512,0.14691,0.19686,-0.033584,0.020323,0.103,0.6321,0.37686,0.31746,0.36725,0.32144,0.13817,0.04045
0.5374,0.35807,0.40139,0.30376,0.22989,0.35484,0.25541,0.20704,0.29272,0.31088,0.27283,0.44195,0.21165,0.4445,0.53289,0.51891,0.42045,0.38571,0.57463,0.45268,0.24639,-0.048488,0.35069,0.49849,0.51659,0.51147,0.68195,0.58289,0.42147,0.56568,0.38171,0.28759,0.46854,0.29305,0.41365,0.39092,0.76509,0.79236,1,0.70179,0.55733,0.41661,0.58025,0.55638,0.4299,0.42382,0.59183,0.52595,0.31489,0.29983,0.52747,0.42219,0.39471,0.15326,0.63129,0.55,0.2633,0.35412,0.20489,0.03127,0.20216,0.12601,0.25851,0.28176,0.27072,0.1237,0.31268,0.25727,0.22132,0.18109,0.043599,0.078502,0.50873,0.50152,0.4324,0.52852,0.57491,0.27813,0.42073,0.53871,0.48247,0.54546,0.56227,0.401,0.61693,0.55288,0.4373,0.27314,0.43107,0.35437,0.11527,0.10861,0.0206,0.1144,0.55408,0.3895,0.62393,0.55872,0.42141,0.2,0.26032,0.06783,0.15994,0.10622,-0.075186,0.077479,-0.14763,-0.22045,0.12559,0.63467,0.38059,0.24293,0.2931,0.18232,-0.045469,-0.15076
0.65883,0.42972,0.54834,0.57762,0.16743,0.51013,0.51807,0.40392,0.3481,0.40311,0.30432,0.35283,0.26429,0.34706,0.35961,0.48816,0.49429,0.17297,0.52418,0.44748,0.05312,0.016201,0.60086,0.59105,0.71921,0.59026,0.70479,0.65988,0.34561,0.40273,0.41758,0.37876,0.63853,0.44077,0.6589,0.56711,0.76756,0.76329,0.70179,1,0.52206,0.49599,0.6905,0.66343,0.44755,0.41734,0.71721,0.5241,0.29721,0.27358,0.55051,0.38412,0.48872,0.37747,0.76127,0.67609,0.49687,0.46519,0.3619,0.18884,0.42676,0.25609,0.31412,0.21153,0.49446,0.25122,0.64006,0.59956,0.49674,0.32621,0.036818,0.12867,0.40983,0.40339,0.38656,0.45075,0.58967,0.32509,0.61493,0.27985,0.33721,0.38366,0.37094,0.28848,0.46692,0.65923,0.46248,0.51797,0.59588,0.6529,0.33886,0.28901,0.35992,0.34174,0.25594,0.42624,0.29665,0.52366,0.56829,0.37077,0.45782,0.30488,0.32543,0.33062,0.34848,0.48497,0.080157,0.20868,0.16566,0.48553,0.11074,0.092447,0.34667,0.3749,0.33181,0.18626
0.66014,0.67655,0.40935,0.48213,0.39475,0.49663,0.52616,0.51398,0.45053,0.33896,0.56998,0.65968,0.5158,0.50501,0.61295,0.59127,0.56187,0.51476,0.5432,0.62192,0.40155,0.27425,0.38865,0.42007,0.49377,0.53267,0.4496,0.44642,0.61803,0.63711,0.55543,0.48868,0.67586,0.62372,0.26223,0.3023,0.715,0.61474,0.55733,0.52206,1,0.70918,0.60032,0.65192,0.55935,0.58476,0.61012,0.59546,0.49896,0.48794,0.54767,0.55022,0.37907,0.25626,0.56164,0.44491,0.48284,0.54716,0.41277,0.35188,0.46718,0.4276,0.56172,0.64981,0.229,0.27683,0.30611,0.23454,0.50333,0.35628,0.31624,0.38372,0.78758,0.68451,0.65014,0.62695,0.67465,0.33637,0.54311,0.58105,0.63736,0.67104,0.60012,0.5806,0.67361,0.73718,0.34478,0.42205,0.44201,0.46509,0.13573,0.084525,0.17689,0.1715,0.28657,0.059362,0.43193,0.44739,0.57873,0.35931,0.43388,0.26361,0.44964,0.30871,0.12524,0.18485,0.18342,0.12754,-0.059087,0.25644,0.13238,0.21257,0.26756,0.28821,0.096869,-0.10068
0.55293,0.55329,0.33084,0.43084,0.35236,0.48648,0.41549,0.41516,0.28623,0.24836,0.49139,0.49245,0.39826,0.34689,0.55811,0.50503,0.55447,0.45125,0.47846,0.55117,0.26859,0.1918,0.41303,0.3623,0.53698,0.49933,0.4348,0.30565,0.59106,0.57262,0.51804,0.47069,0.63257,0.60462,0.28654,0.28958,0.58163,0.48724,0.41661,0.49599,0.70918,1,0.52698,0.63573,0.51747,0.5483,0.51929,0.56104,0.42659,0.49099,0.43707,0.54012,0.3283,0.27346,0.50376,0.43243,0.4526,0.48923,0.3492,0.33109,0.31799,0.31477,0.46002,0.55194,0.18744,0.18069,0.24287,0.21234,0.43129,0.28337,0.14591,0.28329,0.68851,0.6295,0.61774,0.57576,0.56801,0.28786,0.5094,0.52439,0.54152,0.55378,0.53666,0.53999,0.5841,0.63728,0.33652,0.44577,0.30574,0.40886,0.17665,0.10157,0.14253,0.14639,0.33902,0.045236,0.4226,0.3898,0.53985,0.37209,0.37884,0.15087,0.43796,0.20607,0.18486,0.20172,0.14554,0.13026,-0.023363,0.27747,0.14651,0.16294,0.28911,0.27678,0.071792,-0.042958
0.7542,0.53,0.52342,0.52858,0.15715,0.58541,0.62698,0.46215,0.4313,0.4537,0.42728,0.46327,0.37741,0.39514,0.4158,0.45707,0.48248,0.29929,0.62372,0.46591,0.22858,0.097609,0.50503,0.51907,0.51583,0.42919,0.48224,0.4945,0.35093,0.39002,0.36216,0.32362,0.64689,0.48496,0.54705,0.46268,0.72511,0.618,0.58025,0.6905,0.60032,0.52698,1,0.86423,0.66561,0.65323,0.80532,0.6379,0.44404,0.41768,0.6762,0.39268,0.45034,0.48203,0.67152,0.63629,0.52753,0.46789,0.44569,0.26688,0.53704,0.36664,0.36261,0.28248,0.51032,0.3269,0.63831,0.54183,0.58104,0.34767,0.28503,0.38172,0.62486,0.6182,0.65071,0.6113,0.68108,0.40584,0.55253,0.4,0.35729,0.46774,0.41472,0.36816,0.56115,0.72508,0.30289,0.43255,0.54298,0.61148,0.31569,0.43868,0.28143,0.40479,0.19406,0.35303,0.36184,0.56023,0.70341,0.5464,0.40451,0.43654,0.36464,0.40296,0.21154,0.36222,0.27014,0.20144,0.10768,0.44063,0.1411,0.22194,0.41949,0.49976,0.32333,0.12368
