1,0.92425,0.77893,0.70502,0.5754,0.48184,0.61689,0.57219,0.53145,0.48685,0.71338,0.6233,0.69504,0.54365,0.77536,0.71719,0.78958,0.74144,0.87558,0.84867,0.35979,0.61069,0.72134,0.54752,0.65724,0.62539,0.64521,0.60077,0.6793,0.76249,0.6655,0.68278,0.90481,0.90762,0.53047,0.44822,0.51651,0.63843,0.5344,0.62369,0.089524,0.16545,0.82476,0.8196,0.75882,0.83741,0.87491,0.88428,0.75622,0.83913,0.79149,0.70779,0.67171,0.67165,0.79398,0.75516,0.92872,0.87665,0.82356,0.81852,0.79081,0.57663,0.66919,0.74113,0.55308,0.57496,0.81043,0.86534,0.82548,0.82174,0.29388,0.11436,0.48924,0.55496,0.45676,0.54772,0.44746,0.58295,0.60811,0.82673,0.82099,0.83869,0.61008,0.7063,0.85839,0.84891,0.57955,0.73369,0.6615,0.73645,0.2907,0.38432,0.30652,0.6317,0.29513,0.62257,0.81066,0.80586,0.6882,0.76351,0.52657,0.71596,0.68816,0.73487,0.56435,0.63755,0.40549,0.52607,0.416,0.49724,0.62654,0.65192,0.67283,0.70212,0.42992,0.53892
0.92425,1,0.74354,0.74253,0.59198,0.60737,0.55705,0.58224,0.59946,0.55031,0.62807,0.58266,0.59948,0.48813,0.75142,0.7089,0.744,0.749,0.85088,0.89903,0.41701,0.62025,0.68346,0.58813,0.69773,0.65646,0.69152,0.66115,0.56452,0.68737,0.6257,0.64991,0.86744,0.88633,0.44944,0.34511,0.46474,0.57519,0.56478,0.62881,0.072783,0.090078,0.76917,0.74493,0.74229,0.77556,0.85471,0.84488,0.74746,0.81456,0.78578,0.71953,0.70338,0.75061,0.79254,0.77507,0.94496,0.95569,0.78991,0.84262,0.7251,0.57914,0.67859,0.74059,0.45633,0.51297,0.81779,0.86379,0.86865,0.87882,0.23029,0.050632,0.34213,0.42828,0.32232,0.46132,0.33607,0.47156,0.51196,0.77782,0.80393,0.78579,0.60334,0.66823,0.82399,0.83029,0.5791,0.73257,0.68295,0.78203,0.329,0.38743,0.34432,0.65678,0.29166,0.62435,0.77347,0.78541,0.71383,0.76438,0.57165,0.7549,0.73653,0.77542,0.52802,0.58594,0.33902,0.52584,0.38519,0.47368,0.62623,0.68848,0.67739,0.68673,0.32991,0.46744
0.77893,0.74354,1,0.85297,0.64467,0.40667,0.85168,0.68508,0.63213,0.50186,0.5826,0.56294,0.58111,0.4571,0.77021,0.68121,0.49008,0.54748,0.80615,0.71887,0.47911,0.63178,0.88391,0.67041,0.56748,0.52373,0.54844,0.46265,0.44758,0.56402,0.73534,0.73705,0.76104,0.76992,0.60717,0.45894,0.6066,0.58696,0.62625,0.65674,0.24608,0.32468,0.69017,0.68794,0.72404,0.73762,0.72881,0.73205,0.6765,0.74078,0.67757,0.60514,0.67101,0.59087,0.77813,0.67294,0.68646,0.67942,0.72757,0.73737,0.66533,0.47392,0.5113,0.513,0.64981,0.57317,0.7531,0.75735,0.63414,0.66168,0.60783,0.40001,0.54671,0.58099,0.55593,0.54489,0.59192,0.66009,0.45773,0.65819,0.60429,0.653,0.50387,0.50424,0.80728,0.80614,0.64455,0.61107,0.77004,0.78318,0.40305,0.50393,0.50751,0.72136,0.30133,0.51861,0.66645,0.60891,0.66625,0.71003,0.56154,0.71007,0.61438,0.63214,0.6166,0.64982,0.35971,0.41316,0.35058,0.27369,0.39089,0.58187,0.69389,0.59634,0.4393,0.36153
0.70502,0.74253,0.85297,1,0.67208,0.54215,0.79823,0.75693,0.62669,0.64954,0.48728,0.49886,0.53071,0.43699,0.68775,0.69527,0.42218,0.50334,0.76981,0.74249,0.3921,0.59972,0.77099,0.69258,0.49906,0.45511,0.49266,0.45519,0.35807,0.50162,0.67606,0.71091,0.66502,0.70752,0.54724,0.41618,0.55937,0.59517,0.57888,0.54523,0.21094,0.24469,0.63206,0.59822,0.65482,0.64054,0.69187,0.65291,0.60291,0.64882,0.63605,0.59029,0.69607,0.66746,0.72444,0.67404,0.65917,0.73685,0.70755,0.74922,0.60957,0.50014,0.53923,0.52626,0.53715,0.50854,0.77127,0.77904,0.61895,0.67102,0.53037,0.37704,0.45105,0.54028,0.49566,0.52456,0.51495,0.61326,0.34083,0.54452,0.5682,0.56935,0.44655,0.45865,0.73566,0.75587,0.60975,0.56323,0.74771,0.79999,0.58082,0.56742,0.62927,0.76641,0.31616,0.49622,0.68842,0.66609,0.78581,0.75701,0.69204,0.75853,0.72374,0.74137,0.62979,0.6319,0.32157,0.43328,0.32207,0.32913,0.47729,0.66727,0.71471,0.58791,0.45846,0.31484
0.5754,0.59198,0.64467,0.67208,1,0.72279,0.53252,0.60849,0.66265,0.6421,0.46088,0.47629,0.48815,0.45045,0.6324,0.53514,0.38933,0.49304,0.57147,0.53871,0.47765,0.57069,0.76819,0.66275,0.71871,0.66944,0.72727,0.65744,0.30509,0.4191,0.4911,0.54565,0.55597,0.60683,0.43567,0.24665,0.50781,0.52316,0.55949,0.50136,0.096887,0.16077,0.53975,0.54379,0.59985,0.55794,0.61322,0.63265,0.63136,0.64173,0.62073,0.64538,0.61691,0.58998,0.64302,0.67633,0.56552,0.56953,0.70123,0.67039,0.59605,0.43668,0.40859,0.43902,0.51471,0.41101,0.6883,0.71101,0.48203,0.56924,0.31047,0.17825,0.35459,0.38444,0.30002,0.36877,0.261,0.30161,0.35874,0.45116,0.45347,0.51636,0.39418,0.52896,0.5973,0.60737,0.5782,0.6164,0.65551,0.64495,0.35781,0.50242,0.33715,0.59553,0.10485,0.28274,0.5412,0.56744,0.63951,0.70246,0.53229,0.58204,0.54432,0.62749,0.51619,0.60374,0.30371,0.38037,0.20168,0.20615,0.50093,0.53346,0.5926,0.52444,0.40304,0.28236
0.48184,0.60737,0.40667,0.54215,0.72279,1,0.25859,0.42136,0.51525,0.7518,0.3408,0.34047,0.32728,0.34808,0.44356,0.53883,0.42317,0.50082,0.47381,0.56204,0.43076,0.50372,0.51027,0.63811,0.72186,0.75462,0.74487,0.8001,0.26374,0.33124,0.36834,0.37922,0.48049,0.51556,0.16425,0.089251,0.38176,0.41407,0.45466,0.39465,0.011558,-0.022715,0.36075,0.35335,0.38752,0.38824,0.48052,0.49414,0.49563,0.47981,0.51116,0.52262,0.49356,0.61005,0.51172,0.62737,0.58473,0.65219,0.52475,0.58398,0.42928,0.38249,0.47221,0.48095,0.18605,0.23652,0.62009,0.64959,0.5481,0.62988,-0.001444,-0.049058,0.09174,0.17313,0.097471,0.24614,0.096156,0.11246,0.20595,0.343,0.49078,0.47132,0.48764,0.57278,0.49323,0.47276,0.53848,0.63219,0.50488,0.55695,0.29533,0.38895,0.2127,0.45683,0.12531,0.30555,0.47151,0.54123,0.56124,0.60074,0.36973,0.54002,0.52817,0.62003,0.33221,0.37781,0.17358,0.3506,0.13344,0.26888,0.58002,0.50885,0.46012,0.47315,0.21392,0.24982
0.61689,0.55705,0.85168,0.79823,0.53252,0.25859,1,0.80896,0.55371,0.51538,0.6063,0.58316,0.6124,0.52071,0.66762,0.58801,0.3872,0.48255,0.62219,0.56423,0.28229,0.49052,0.71839,0.4631,0.36991,0.3545,0.34429,0.3059,0.43179,0.53474,0.64933,0.7017,0.65012,0.67357,0.54929,0.46512,0.46232,0.49776,0.40208,0.40863,0.2316,0.35433,0.56157,0.55001,0.55141,0.59057,0.56659,0.54589,0.44177,0.57063,0.47574,0.4241,0.44169,0.39881,0.52738,0.45517,0.50919,0.53438,0.5972,0.60075,0.66283,0.52515,0.55391,0.52778,0.64248,0.62275,0.58765,0.60856,0.47436,0.52924,0.58205,0.38233,0.50557,0.56306,0.49807,0.53594,0.52291,0.63566,0.39743,0.55439,0.50196,0.54443,0.37645,0.40329,0.685,0.68453,0.48637,0.41894,0.61543,0.61148,0.39823,0.41139,0.54976,0.65315,0.14965,0.44395,0.53627,0.51249,0.57003,0.57821,0.5901,0.62796,0.59262,0.53633,0.56433,0.54809,0.44489,0.37075,0.45386,0.25008,0.37167,0.54327,0.67045,0.44185,0.381,0.25288
0.57219,0.58224,0.68508,0.75693,0.60849,0.42136,0.80896,1,0.53868,0.5666,0.6362,0.6905,0.55559,0.62328,0.5725,0.52613,0.45693,0.58989,0.54023,0.59209,0.22511,0.47215,0.61657,0.51785,0.46213,0.46169,0.39535,0.43115,0.44861,0.60692,0.52023,0.61792,0.64268,0.71412,0.34975,0.31702,0.44452,0.49452,0.44571,0.40875,0.28398,0.36459,0.45777,0.44531,0.45134,0.5074,0.52168,0.50867,0.38262,0.51857,0.44742,0.40542,0.36508,0.37786,0.51849,0.45775,0.543,0.59217,0.59276,0.63285,0.71094,0.71716,0.60477,0.66173,0.50283,0.66156,0.57908,0.65979,0.46301,0.60775,0.40021,0.19685,0.41829,0.50545,0.39702,0.45265,0.38945,0.49164,0.43734,0.52225,0.55616,0.56239,0.48141,0.51873,0.63967,0.65674,0.49425,0.52481,0.5619,0.57313,0.34106,0.33036,0.47136,0.55617,0.1787,0.47254,0.46258,0.52357,0.58041,0.57667,0.63594,0.57534,0.6234,0.54752,0.45902,0.46934,0.30533,0.3719,0.3411,0.2302,0.41166,0.55313,0.60638,0.42183,0.31508,0.28266
0.53145,0.59946,0.63213,0.62669,0.66265,0.51525,0.55371,0.53868,1,0.62051,0.31017,0.31588,0.40511,0.21142,0.7452,0.66857,0.28408,0.36596,0.57932,0.56008,0.48309,0.49484,0.64941,0.66963,0.474,0.36661,0.46127,0.34461,0.20284,0.2735,0.36709,0.43667,0.51668,0.52421,0.33295,0.27773,0.40395,0.40752,0.48482,0.4423,-0.0060975,0.065418,0.49779,0.47553,0.57229,0.51813,0.54344,0.55704,0.52822,0.54791,0.56009,0.50513,0.64833,0.5993,0.5722,0.53886,0.54807,0.60212,0.62242,0.61257,0.56704,0.50581,0.32784,0.40512,0.35298,0.38216,0.66734,0.64096,0.47118,0.49545,0.42462,0.23868,0.27895,0.29008,0.3789,0.38076,0.2599,0.27796,0.18314,0.37153,0.41102,0.42551,0.29203,0.38312,0.64678,0.60718,0.41721,0.35746,0.72016,0.68037,0.48144,0.53648,0.49333,0.61486,0.26595,0.25331,0.51247,0.45545,0.54224,0.54848,0.52732,0.60731,0.51076,0.50113,0.48933,0.47295,0.24205,0.3759,0.24446,0.23799,0.31103,0.34335,0.4906,0.36648,0.2635,0.14005
0.48685,0.55031,0.50186,0.64954,0.6421,0.7518,0.51538,0.5666,0.62051,1,0.36592,0.32867,0.42515,0.32265,0.54241,0.54968,0.32666,0.35799,0.51845,0.53061,0.33745,0.35548,0.59083,0.61338,0.5336,0.52666,0.56414,0.54203,0.24202,0.28106,0.31374,0.42632,0.48738,0.51379,0.29089,0.27586,0.49373,0.47608,0.52599,0.38002,0.18451,0.19747,0.31822,0.29425,0.37925,0.34509,0.4074,0.41586,0.43006,0.41808,0.45713,0.45151,0.50851,0.55441,0.46986,0.52881,0.53899,0.6106,0.62833,0.63858,0.60481,0.54345,0.43893,0.4635,0.38366,0.43157,0.68201,0.67081,0.46182,0.55084,0.13936,0.080333,0.27092,0.2782,0.32458,0.25587,0.3131,0.24905,0.26172,0.2663,0.3886,0.40244,0.39935,0.42555,0.53564,0.53414,0.51031,0.50397,0.53649,0.59329,0.59884,0.62841,0.61197,0.69078,0.18271,0.25648,0.46376,0.55238,0.69686,0.70228,0.59613,0.71722,0.62328,0.65494,0.53763,0.48103,0.32257,0.33178,0.11311,0.29323,0.52047,0.62894,0.64201,0.44788,0.36471,0.17252
0.71338,0.62807,0.5826,0.48728,0.46088,0.3408,0.6063,0.6362,0.31017,0.36592,1,0.73002,0.86325,0.83951,0.64212,0.54316,0.76716,0.73332,0.60007,0.58656,0.24557,0.47001,0.57095,0.30788,0.56374,0.55966,0.49723,0.54016,0.72047,0.8003,0.66933,0.64254,0.75719,0.78394,0.53932,0.48818,0.3581,0.50448,0.24845,0.39424,0.091198,0.2467,0.68321,0.69525,0.58344,0.733,0.69476,0.70842,0.52105,0.67896,0.58341,0.49616,0.32421,0.34326,0.53951,0.51609,0.69096,0.60358,0.57072,0.5585,0.72384,0.58686,0.74469,0.73095,0.56429,0.6604,0.5153,0.64417,0.61991,0.68165,0.21557,0.050678,0.43033,0.49898,0.30372,0.46204,0.26156,0.50478,0.57914,0.76993,0.76227,0.82971,0.49047,0.73041,0.73598,0.70832,0.39277,0.63845,0.43791,0.44711,-0.0072862,0.066462,0.107,0.35821,0.035988,0.53556,0.61413,0.63387,0.38086,0.48214,0.29184,0.46876,0.42688,0.44902,0.38572,0.41994,0.31609,0.34433,0.54441,0.47845,0.54828,0.47526,0.44354,0.48534,0.25816,0.4325
0.6233,0.58266,0.56294,0.49886,0.47629,0.34047,0.58316,0.6905,0.31588,0.32867,0.73002,1,0.6496,0.77764,0.46695,0.39078,0.61585,0.6861,0.50903,0.55891,0.085285,0.38163,0.48875,0.2506,0.47001,0.49308,0.42188,0.48661,0.60413,0.77123,0.4754,0.52836,0.67405,0.71035,0.21955,0.22775,0.31453,0.42294,0.30239,0.34827,0.27779,0.3357,0.52762,0.57293,0.4238,0.56528,0.57888,0.5679,0.33101,0.52785,0.43378,0.36882,0.28644,0.33108,0.51487,0.45981,0.56819,0.51535,0.47289,0.47202,0.61937,0.52908,0.63878,0.71191,0.40493,0.59516,0.4013,0.52499,0.47924,0.60184,0.20616,0.049935,0.45317,0.48619,0.24053,0.37629,0.28814,0.41268,0.52147,0.68407,0.62876,0.68453,0.58752,0.63794,0.63229,0.60281,0.52537,0.61371,0.41514,0.4015,0.012831,0.09373,0.10785,0.31875,0.0062676,0.53186,0.44491,0.47152,0.36378,0.44266,0.37555,0.34786,0.39559,0.37538,0.29122,0.32992,0.17317,0.38233,0.30029,0.12424,0.36294,0.43647,0.50803,0.47033,0.24133,0.40157
0.69504,0.59948,0.58111,0.53071,0.48815,0.32728,0.6124,0.55559,0.40511,0.42515,0.86325,0.6496,1,0.80041,0.71577,0.6459,0.66095,0.62985,0.63424,0.54224,0.28466,0.50786,0.57963,0.27042,0.50447,0.48273,0.4375,0.44959,0.62495,0.70944,0.65723,0.61406,0.68866,0.68897,0.57426,0.58028,0.36009,0.5748,0.20786,0.33612,0.00098597,0.16149,0.72431,0.72507,0.6359,0.73987,0.71911,0.71517,0.5656,0.66542,0.6291,0.5158,0.42614,0.41498,0.54789,0.53139,0.65722,0.57788,0.59498,0.53314,0.69338,0.48777,0.70934,0.64704,0.5808,0.58286,0.54561,0.64684,0.61209,0.6427,0.2978,0.14566,0.47343,0.52652,0.3721,0.44667,0.28906,0.53796,0.46547,0.69411,0.66319,0.77784,0.33397,0.64039,0.7603,0.70431,0.35427,0.56596,0.51663,0.49328,0.12553,0.194,0.22095,0.43293,0.011446,0.49211,0.69022,0.66276,0.45022,0.5229,0.33625,0.52193,0.44826,0.49834,0.52847,0.54345,0.40734,0.41675,0.58018,0.49854,0.57341,0.51078,0.47875,0.51508,0.32842,0.39352
0.54365,0.48813,0.4571,0.43699,0.45045,0.34808,0.52071,0.62328,0.21142,0.32265,0.83951,0.77764,0.80041,1,0.49064,0.49097,0.64855,0.67941,0.45692,0.48255,0.17158,0.43081,0.46569,0.17214,0.52148,0.51905,0.44588,0.50997,0.64127,0.73461,0.58704,0.51924,0.6077,0.64335,0.46013,0.43381,0.36046,0.52973,0.19023,0.31766,0.18059,0.31033,0.5539,0.57995,0.45346,0.59206,0.56832,0.5721,0.39544,0.54575,0.49891,0.41929,0.2696,0.28686,0.46207,0.4486,0.54266,0.4851,0.47616,0.45079,0.58772,0.48327,0.68113,0.66081,0.48972,0.57549,0.41748,0.54216,0.49527,0.59683,0.19087,0.055843,0.41988,0.52009,0.28114,0.39023,0.20394,0.43894,0.47651,0.62242,0.63669,0.71965,0.45412,0.66393,0.60056,0.58947,0.43281,0.59063,0.38244,0.3692,-0.012077,0.028712,0.064739,0.28454,-0.043781,0.46826,0.5289,0.56007,0.33718,0.42724,0.25815,0.34793,0.36734,0.38266,0.32344,0.37665,0.25898,0.31485,0.49458,0.38177,0.52243,0.44527,0.42381,0.45682,0.27385,0.41158
0.77536,0.75142,0.77021,0.68775,0.6324,0.44356,0.66762,0.5725,0.7452,0.54241,0.64212,0.46695,0.71577,0.49064,1,0.79923,0.57147,0.53957,0.78944,0.72143,0.5206,0.63679,0.73098,0.55501,0.5792,0.50124,0.53366,0.4427,0.54473,0.59778,0.68103,0.66817,0.7483,0.7614,0.59963,0.48323,0.48334,0.62175,0.49568,0.59503,0.089134,0.20304,0.782,0.76464,0.73607,0.78279,0.79085,0.79385,0.6793,0.74166,0.73453,0.63552,0.67699,0.63729,0.74061,0.67691,0.74275,0.72493,0.70461,0.69132,0.69647,0.54364,0.52596,0.57621,0.58538,0.52767,0.72789,0.76466,0.66197,0.6571,0.45968,0.24109,0.47852,0.53644,0.53616,0.57038,0.45755,0.61212,0.42871,0.64644,0.68041,0.72724,0.41299,0.59924,0.84544,0.81372,0.45164,0.56401,0.7379,0.7576,0.33153,0.41121,0.4004,0.61913,0.3678,0.54745,0.7498,0.69829,0.61812,0.65353,0.51075,0.69775,0.57193,0.58893,0.55529,0.59842,0.38854,0.44485,0.45547,0.48071,0.4771,0.48554,0.54392,0.46954,0.35819,0.45337
0.71719,0.7089,0.68121,0.69527,0.53514,0.53883,0.58801,0.52613,0.66857,0.54968,0.54316,0.39078,0.6459,0.49097,0.79923,1,0.53061,0.51195,0.74911,0.7449,0.54585,0.70418,0.63489,0.61029,0.56185,0.51208,0.51015,0.45161,0.51109,0.57324,0.70711,0.65934,0.66776,0.67508,0.48458,0.50992,0.48817,0.65688,0.39693,0.47001,-0.013024,0.11867,0.72072,0.68673,0.67088,0.70184,0.72816,0.7133,0.65168,0.66416,0.69896,0.57326,0.64152,0.6633,0.65449,0.65106,0.69251,0.7215,0.62277,0.63209,0.55615,0.49771,0.55186,0.53963,0.4119,0.41515,0.69666,0.75337,0.65271,0.64132,0.45623,0.2887,0.44299,0.54121,0.5492,0.62251,0.39992,0.55134,0.37371,0.57594,0.68814,0.6782,0.41978,0.58666,0.80417,0.76218,0.42511,0.47348,0.71469,0.71902,0.35945,0.40404,0.37024,0.54506,0.40133,0.47648,0.7672,0.711,0.59671,0.6224,0.48003,0.59369,0.5098,0.57941,0.42873,0.52241,0.34984,0.371,0.46894,0.5784,0.56654,0.43798,0.50727,0.5213,0.31059,0.41843
0.78958,0.744,0.49008,0.42218,0.38933,0.42317,0.3872,0.45693,0.28408,0.32666,0.76716,0.61585,0.66095,0.64855,0.57147,0.53061,1,0.829,0.67173,0.70907,0.17951,0.49577,0.46419,0.32762,0.64349,0.59684,0.57918,0.60829,0.83483,0.83606,0.54739,0.56179,0.83255,0.82332,0.3629,0.31179,0.37919,0.51105,0.34905,0.49921,0.1225,0.18166,0.66869,0.68392,0.5664,0.70284,0.73183,0.76447,0.58989,0.72691,0.6696,0.61211,0.44316,0.47277,0.62444,0.63771,0.84783,0.74519,0.60662,0.60954,0.68105,0.54615,0.74359,0.81905,0.40169,0.54987,0.58639,0.67969,0.76247,0.72673,0.041252,-0.078717,0.38823,0.50284,0.27502,0.48679,0.26963,0.41609,0.72,0.81799,0.86802,0.86517,0.58861,0.79248,0.6763,0.682,0.39741,0.69813,0.40299,0.51604,0.0032343,0.068653,-0.014651,0.32134,0.11867,0.54478,0.70187,0.72963,0.4091,0.55172,0.26074,0.46812,0.50082,0.52886,0.29279,0.40548,0.31665,0.44947,0.46803,0.49562,0.65845,0.46298,0.43093,0.5466,0.23215,0.54714
0.74144,0.749,0.54748,0.50334,0.49304,0.50082,0.48255,0.58989,0.36596,0.35799,0.73332,0.6861,0.62985,0.67941,0.53957,0.51195,0.829,1,0.66227,0.71418,0.23848,0.51499,0.48909,0.33983,0.60468,0.59564,0.5728,0.63358,0.72445,0.82041,0.57829,0.58519,0.80207,0.81486,0.28415,0.31949,0.36385,0.50611,0.38124,0.49182,0.074194,0.20808,0.60219,0.5975,0.50323,0.63017,0.67762,0.69313,0.52754,0.67035,0.62131,0.56784,0.41931,0.46305,0.59118,0.59371,0.81285,0.77581,0.58006,0.58745,0.67982,0.57066,0.83738,0.85442,0.36111,0.56698,0.55508,0.66054,0.71618,0.75604,0.12674,0.030207,0.37048,0.47004,0.19568,0.41445,0.18745,0.38782,0.60639,0.81929,0.82833,0.81434,0.63332,0.76441,0.64567,0.63803,0.4991,0.72128,0.4823,0.53552,0.022641,0.080085,0.040728,0.39122,0.070908,0.49143,0.57386,0.60374,0.44814,0.53915,0.344,0.46972,0.58089,0.5591,0.34072,0.39441,0.29847,0.46467,0.47226,0.3884,0.54721,0.53886,0.44684,0.47432,0.12608,0.40077
0.87558,0.85088,0.80615,0.76981,0.57147,0.47381,0.62219,0.54023,0.57932,0.51845,0.60007,0.50903,0.63424,0.45692,0.78944,0.74911,0.67173,0.66227,1,0.89237,0.43983,0.61316,0.73262,0.61726,0.54777,0.47743,0.55999,0.47062,0.60557,0.68358,0.69132,0.686,0.8185,0.81317,0.51012,0.43589,0.5777,0.67008,0.61763,0.66505,0.17937,0.24865,0.75512,0.71427,0.6912,0.72632,0.81677,0.78158,0.68044,0.72642,0.74359,0.64847,0.74155,0.71444,0.80121,0.74113,0.8456,0.83719,0.73277,0.75308,0.69414,0.54468,0.60781,0.64034,0.45054,0.44332,0.78254,0.81491,0.78215,0.73751,0.37713,0.20512,0.49174,0.55494,0.49573,0.54135,0.49536,0.5884,0.57123,0.75152,0.76928,0.74809,0.57935,0.62401,0.78817,0.76671,0.55779,0.645,0.75199,0.78913,0.44135,0.51941,0.4021,0.68476,0.398,0.55922,0.75101,0.73274,0.72889,0.7774,0.51294,0.72084,0.65464,0.72184,0.51745,0.63236,0.29479,0.40625,0.30271,0.48444,0.53853,0.65002,0.64302,0.63528,0.42516,0.50206
0.84867,0.89903,0.71887,0.74249,0.53871,0.56204,0.56423,0.59209,0.56008,0.53061,0.58656,0.55891,0.54224,0.48255,0.72143,0.7449,0.70907,0.71418,0.89237,1,0.44394,0.63389,0.60319,0.56002,0.59837,0.53787,0.57054,0.55477,0.61545,0.72405,0.68982,0.6606,0.82621,0.84533,0.36495,0.30224,0.48946,0.63086,0.53353,0.59245,0.17622,0.20267,0.6946,0.67058,0.63606,0.67418,0.76771,0.74812,0.64534,0.70328,0.73136,0.63997,0.65627,0.71063,0.71416,0.69887,0.85761,0.91051,0.70238,0.79583,0.6554,0.60287,0.68402,0.73361,0.31218,0.40071,0.76543,0.81692,0.83215,0.83519,0.32902,0.14823,0.41256,0.51555,0.37224,0.51858,0.42404,0.55714,0.51466,0.71802,0.82839,0.74138,0.64956,0.64695,0.77537,0.75602,0.54552,0.62341,0.69984,0.76007,0.30705,0.35053,0.28057,0.57675,0.436,0.58237,0.71015,0.71578,0.65331,0.69174,0.51187,0.65865,0.62951,0.68738,0.35103,0.47259,0.29522,0.40935,0.35885,0.52208,0.56238,0.58684,0.57803,0.55647,0.24769,0.52983
0.35979,0.41701,0.47911,0.3921,0.47765,0.43076,0.28229,0.22511,0.48309,0.33745,0.24557,0.085285,0.28466,0.17158,0.5206,0.54585,0.17951,0.23848,0.43983,0.44394,1,0.49266,0.4565,0.472,0.42124,0.40596,0.43378,0.34413,0.21772,0.25451,0.51061,0.37136,0.33815,0.36106,0.348,0.31573,0.39652,0.40231,0.30905,0.3735,-0.082617,0.12979,0.4108,0.3885,0.46057,0.40393,0.41511,0.40526,0.49165,0.39001,0.48428,0.36302,0.42738,0.46801,0.38475,0.39436,0.35955,0.41097,0.37645,0.41756,0.1991,0.15878,0.27907,0.16691,0.17854,0.13544,0.47555,0.47822,0.31888,0.29726,0.48086,0.31404,0.2963,0.27332,0.30865,0.31581,0.24713,0.2698,0.1946,0.27879,0.39949,0.36475,0.19898,0.29558,0.46021,0.43204,0.30516,0.28884,0.52045,0.48197,0.19767,0.2879,0.18469,0.35214,0.26849,0.1395,0.41753,0.34637,0.37817,0.38409,0.23151,0.39095,0.2391,0.3817,0.24393,0.32261,0.13984,0.062185,0.20816,0.3309,0.21998,0.20842,0.27489,0.23881,0.10559,0.13963
0.61069,0.62025,0.63178,0.59972,0.57069,0.50372,0.49052,0.47215,0.49484,0.35548,0.47001,0.38163,0.50786,0.43081,0.63679,0.70418,0.49577,0.51499,0.61316,0.63389,0.49266,1,0.59474,0.52309,0.53521,0.56248,0.48756,0.50922,0.42749,0.5538,0.6334,0.55353,0.62473,0.64283,0.37524,0.2787,0.43287,0.5159,0.4323,0.51003,0.065391,0.13097,0.62841,0.59649,0.54248,0.59449,0.65345,0.62641,0.57589,0.60791,0.59526,0.50505,0.45239,0.49959,0.61534,0.60998,0.60034,0.5952,0.51238,0.5449,0.45505,0.3381,0.47925,0.47395,0.41445,0.39245,0.55685,0.58163,0.63482,0.56734,0.51634,0.39235,0.44684,0.57163,0.44928,0.60462,0.25544,0.41511,0.42324,0.6299,0.64158,0.66787,0.50808,0.55962,0.68583,0.62732,0.47673,0.58403,0.55905,0.53585,0.14032,0.20346,0.13003,0.38895,0.21467,0.5008,0.61198,0.58971,0.49535,0.49136,0.32963,0.42795,0.39367,0.46721,0.30326,0.41017,0.3578,0.41454,0.37453,0.31186,0.41058,0.39742,0.46964,0.4947,0.26847,0.44421
0.72134,0.68346,0.88391,0.77099,0.76819,0.51027,0.71839,0.61657,0.64941,0.59083,0.57095,0.48875,0.57963,0.46569,0.73098,0.63489,0.46419,0.48909,0.73262,0.60319,0.4565,0.59474,1,0.78727,0.71811,0.63908,0.72611,0.59729,0.37746,0.4493,0.63004,0.66175,0.70927,0.72374,0.67735,0.4927,0.69754,0.60517,0.73248,0.70293,0.18236,0.33379,0.65269,0.64012,0.70142,0.69633,0.69082,0.73111,0.68457,0.73015,0.64625,0.61708,0.66887,0.60979,0.77058,0.71533,0.6672,0.62913,0.77953,0.7279,0.69931,0.46682,0.42706,0.45052,0.73638,0.56516,0.79359,0.78788,0.59257,0.63204,0.45068,0.26112,0.52501,0.48769,0.49942,0.44431,0.44116,0.4637,0.41632,0.56932,0.51835,0.61293,0.45543,0.53606,0.78665,0.7688,0.69387,0.67357,0.76099,0.73139,0.45245,0.59284,0.5177,0.73726,0.19215,0.41803,0.65908,0.65558,0.69207,0.78136,0.56128,0.72388,0.61756,0.66676,0.70812,0.73908,0.37897,0.4766,0.27175,0.31102,0.48822,0.63343,0.71497,0.64487,0.57428,0.30642
0.54752,0.58813,0.67041,0.69258,0.66275,0.63811,0.4631,0.51785,0.66963,0.61338,0.30788,0.2506,0.27042,0.17214,0.55501,0.61029,0.32762,0.33983,0.61726,0.56002,0.472,0.52309,0.78727,1,0.63962,0.57958,0.62296,0.52467,0.28062,0.27357,0.41147,0.45821,0.53676,0.56961,0.37981,0.28893,0.60803,0.45008,0.68522,0.55343,0.14233,0.17238,0.39825,0.34359,0.45041,0.41284,0.47412,0.493,0.50328,0.46541,0.46656,0.40725,0.56776,0.56085,0.61585,0.56015,0.5414,0.58032,0.59867,0.61369,0.52064,0.45881,0.29923,0.36787,0.40697,0.37281,0.70394,0.6807,0.49396,0.49142,0.29523,0.14763,0.3587,0.31811,0.41857,0.36284,0.35794,0.24248,0.26063,0.34129,0.40544,0.40947,0.42462,0.459,0.59395,0.57142,0.57479,0.50566,0.61946,0.61121,0.49628,0.61928,0.50307,0.61961,0.27568,0.24722,0.50481,0.51489,0.61997,0.63777,0.47294,0.60514,0.53266,0.59527,0.48719,0.56312,0.22343,0.37301,0.063342,0.2692,0.43514,0.46271,0.52726,0.53837,0.44143,0.22794
0.65724,0.69773,0.56748,0.49906,0.71871,0.72186,0.36991,0.46213,0.474,0.5336,0.56374,0.47001,0.50447,0.52148,0.5792,0.56185,0.64349,0.60468,0.54777,0.59837,0.42124,0.53521,0.71811,0.63962,1,0.90848,0.90557,0.87959,0.47133,0.46556,0.5402,0.50619,0.68827,0.69441,0.45758,0.267,0.45859,0.46462,0.51561,0.53435,0.016719,0.12159,0.58108,0.57975,0.61591,0.62022,0.63142,0.69592,0.66033,0.6931,0.64231,0.61105,0.47634,0.57513,0.62856,0.6759,0.70429,0.66011,0.64139,0.65072,0.55071,0.35753,0.48857,0.50385,0.51674,0.40058,0.68815,0.73101,0.683,0.71637,0.031887,-0.13922,0.2863,0.31587,0.20932,0.34651,0.14214,0.22825,0.38053,0.54531,0.60889,0.63707,0.45684,0.6473,0.6764,0.65805,0.5661,0.70419,0.49843,0.54875,0.092916,0.26078,0.1025,0.43375,0.11205,0.41416,0.6625,0.69945,0.50208,0.62493,0.32333,0.54019,0.51138,0.60083,0.36985,0.52056,0.33598,0.45752,0.39015,0.45693,0.71688,0.50859,0.46974,0.57687,0.33697,0.412
0.62539,0.65646,0.52373,0.45511,0.66944,0.75462,0.3545,0.46169,0.36661,0.52666,0.55966,0.49308,0.48273,0.51905,0.50124,0.51208,0.59684,0.59564,0.47743,0.53787,0.40596,0.56248,0.63908,0.57958,0.90848,1,0.84376,0.9006,0.41656,0.4857,0.52363,0.4968,0.68547,0.68805,0.35761,0.20728,0.42008,0.41768,0.44834,0.4487,0.0026198,0.071677,0.53593,0.5407,0.53059,0.58289,0.59515,0.654,0.61156,0.63977,0.58119,0.52859,0.35031,0.49177,0.56672,0.63114,0.67899,0.62838,0.55252,0.565,0.51141,0.31414,0.50922,0.52573,0.45521,0.43672,0.59389,0.66868,0.65783,0.70292,0.070203,-0.090461,0.25907,0.31499,0.13791,0.31293,0.16134,0.23105,0.35016,0.57216,0.60194,0.67073,0.49123,0.66676,0.62362,0.62613,0.57928,0.74476,0.43108,0.43809,0.0087103,0.15925,0.046971,0.33822,0.00057724,0.46995,0.60111,0.66222,0.46853,0.57162,0.25901,0.4737,0.47285,0.5601,0.34074,0.43481,0.31936,0.49045,0.36711,0.37885,0.69288,0.51819,0.48234,0.60278,0.29113,0.42059
0.64521,0.69152,0.54844,0.49266,0.72727,0.74487,0.34429,0.39535,0.46127,0.56414,0.49723,0.42188,0.4375,0.44588,0.53366,0.51015,0.57918,0.5728,0.55999,0.57054,0.43378,0.48756,0.72611,0.62296,0.90557,0.84376,1,0.90887,0.37711,0.41481,0.45064,0.48963,0.63155,0.6511,0.46054,0.28157,0.5394,0.53517,0.58178,0.62358,0.092711,0.13659,0.53543,0.52892,0.56942,0.56234,0.60821,0.6696,0.62544,0.66768,0.61812,0.61993,0.52253,0.61354,0.62253,0.72199,0.69511,0.65616,0.67245,0.66476,0.5624,0.36443,0.4562,0.47633,0.52295,0.39425,0.70407,0.72745,0.60995,0.67461,-0.014915,-0.1698,0.21855,0.22838,0.12586,0.26289,0.12234,0.18231,0.38236,0.51695,0.5602,0.59165,0.48845,0.58328,0.65805,0.63906,0.60157,0.73998,0.5646,0.60596,0.21071,0.36007,0.17729,0.53739,0.076389,0.36526,0.59325,0.65395,0.5731,0.69927,0.38785,0.59614,0.57592,0.66072,0.44552,0.56823,0.27298,0.44094,0.20651,0.34431,0.6564,0.59384,0.55078,0.57233,0.38804,0.34282
0.60077,0.66115,0.46265,0.45519,0.65744,0.8001,0.3059,0.43115,0.34461,0.54203,0.54016,0.48661,0.44959,0.50997,0.4427,0.45161,0.60829,0.63358,0.47062,0.55477,0.34413,0.50922,0.59729,0.52467,0.87959,0.9006,0.90887,1,0.37364,0.45494,0.47063,0.47038,0.6273,0.64501,0.32284,0.19553,0.41919,0.45696,0.45888,0.50025,0.045371,0.070613,0.47724,0.48626,0.47849,0.52884,0.56113,0.62409,0.56134,0.61581,0.54242,0.55231,0.36466,0.51179,0.50986,0.65312,0.67174,0.65469,0.5651,0.59754,0.52013,0.35313,0.55754,0.54699,0.42375,0.38207,0.59595,0.66361,0.62434,0.72391,-0.078543,-0.20342,0.15517,0.19856,0.029916,0.19463,0.040798,0.16187,0.34695,0.54117,0.57902,0.62203,0.49204,0.62148,0.60801,0.57914,0.5569,0.77627,0.44238,0.46724,0.032019,0.1684,0.045864,0.39039,-0.00408,0.4288,0.53594,0.60874,0.46298,0.58072,0.30425,0.49285,0.53181,0.58257,0.34288,0.42345,0.24198,0.44271,0.29654,0.3239,0.6663,0.55145,0.47542,0.50342,0.24463,0.30884
0.6793,0.56452,0.44758,0.35807,0.30509,0.26374,0.43179,0.44861,0.20284,0.24202,0.72047,0.60413,0.62495,0.64127,0.54473,0.51109,0.83483,0.72445,0.60557,0.61545,0.21772,0.42749,0.37746,0.28062,0.47133,0.41656,0.37711,0.37364,1,0.86763,0.5563,0.53954,0.73429,0.74913,0.32781,0.3944,0.38766,0.53708,0.30458,0.44029,0.22201,0.37001,0.59252,0.60204,0.41489,0.57359,0.60274,0.616,0.40756,0.53807,0.53922,0.44894,0.32523,0.35211,0.5233,0.49443,0.65084,0.55426,0.47996,0.46534,0.62,0.49763,0.67006,0.74276,0.37131,0.52857,0.46219,0.56229,0.58822,0.50913,0.12322,-0.012514,0.56,0.63447,0.42384,0.59203,0.39082,0.45879,0.71755,0.69599,0.78738,0.7603,0.58775,0.76092,0.58958,0.57387,0.34277,0.51396,0.28865,0.41095,-0.0163,0.058365,-0.01876,0.23474,0.22118,0.44486,0.61156,0.62663,0.32149,0.43308,0.19384,0.32785,0.37019,0.39527,0.20149,0.36415,0.2972,0.34729,0.44238,0.5011,0.50624,0.30296,0.32308,0.3888,0.21061,0.54298
0.76249,0.68737,0.56402,0.50162,0.4191,0.33124,0.53474,0.60692,0.2735,0.28106,0.8003,0.77123,0.70944,0.73461,0.59778,0.57324,0.83606,0.82041,0.68358,0.72405,0.25451,0.5538,0.4493,0.27357,0.46556,0.4857,0.41481,0.45494,0.86763,1,0.63265,0.65803,0.80377,0.84648,0.33275,0.38798,0.37343,0.58024,0.31137,0.46826,0.23586,0.32024,0.70154,0.72591,0.53538,0.70506,0.74024,0.73787,0.48984,0.65886,0.61083,0.51788,0.39217,0.43474,0.60413,0.57584,0.73131,0.6569,0.54125,0.55174,0.67095,0.59167,0.77667,0.83386,0.38555,0.59415,0.51164,0.64026,0.65223,0.65595,0.27329,0.09019,0.55741,0.67334,0.38096,0.59137,0.38494,0.55935,0.72952,0.84371,0.88007,0.86991,0.66749,0.81507,0.6974,0.6953,0.44038,0.66344,0.44083,0.49823,0.012093,0.05724,0.017478,0.28948,0.18454,0.63526,0.64397,0.64145,0.41779,0.51688,0.28586,0.36601,0.4344,0.45224,0.26442,0.37847,0.21384,0.38846,0.44762,0.409,0.52085,0.43744,0.46083,0.49392,0.22981,0.59233
0.6655,0.6257,0.73534,0.67606,0.4911,0.36834,0.64933,0.52023,0.36709,0.31374,0.66933,0.4754,0.65723,0.58704,0.68103,0.70711,0.54739,0.57829,0.69132,0.68982,0.51061,0.6334,0.63004,0.41147,0.5402,0.52363,0.45064,0.47063,0.5563,0.63265,1,0.84089,0.69553,0.69032,0.63097,0.55158,0.44,0.62489,0.3278,0.43991,0.075557,0.23493,0.70227,0.68975,0.6666,0.72337,0.67148,0.67346,0.60409,0.65055,0.63004,0.52603,0.45995,0.43747,0.56284,0.53638,0.60819,0.60058,0.48312,0.52705,0.46064,0.31748,0.62526,0.49009,0.5011,0.4283,0.55388,0.62942,0.60249,0.62005,0.56357,0.39513,0.49784,0.56669,0.4574,0.58465,0.47291,0.72474,0.43978,0.64434,0.6864,0.68531,0.38998,0.54877,0.69913,0.69389,0.38276,0.46055,0.57384,0.57255,0.097022,0.1452,0.18346,0.42035,0.2411,0.47896,0.69352,0.59383,0.42875,0.47424,0.30407,0.4709,0.44455,0.47363,0.35472,0.42231,0.36552,0.27448,0.6015,0.53511,0.50237,0.4244,0.41895,0.44229,0.20965,0.39894
0.68278,0.64991,0.73705,0.71091,0.54565,0.37922,0.7017,0.61792,0.43667,0.42632,0.64254,0.52836,0.61406,0.51924,0.66817,0.65934,0.56179,0.58519,0.686,0.6606,0.37136,0.55353,0.66175,0.45821,0.50619,0.4968,0.48963,0.47038,0.53954,0.65803,0.84089,1,0.75105,0.75497,0.62826,0.52578,0.47417,0.62735,0.43361,0.49699,0.15356,0.26222,0.70036,0.6832,0.67432,0.72676,0.70073,0.70845,0.56684,0.65397,0.605,0.53135,0.51601,0.48998,0.60143,0.58563,0.63107,0.59487,0.51467,0.50655,0.57421,0.40953,0.61083,0.53599,0.57136,0.58091,0.58833,0.65833,0.60219,0.60256,0.46872,0.29964,0.49975,0.55873,0.46566,0.53361,0.50507,0.71034,0.48187,0.66364,0.67181,0.68701,0.39952,0.53642,0.71921,0.72083,0.39927,0.49593,0.594,0.61014,0.22967,0.23876,0.34885,0.48597,0.22481,0.51677,0.70141,0.59467,0.50116,0.56199,0.40789,0.50103,0.55117,0.5421,0.46012,0.49511,0.33218,0.36068,0.51991,0.45117,0.49349,0.49796,0.52497,0.43775,0.31298,0.39255
0.90481,0.86744,0.76104,0.66502,0.55597,0.48049,0.65012,0.64268,0.51668,0.48738,0.75719,0.67405,0.68866,0.6077,0.7483,0.66776,0.83255,0.80207,0.8185,0.82621,0.33815,0.62473,0.70927,0.53676,0.68827,0.68547,0.63155,0.6273,0.73429,0.80377,0.69553,0.75105,1,0.96577,0.51733,0.4317,0.5634,0.60889,0.58047,0.62533,0.1721,0.28069,0.75892,0.74633,0.68679,0.78974,0.81326,0.83647,0.68659,0.78153,0.73558,0.63324,0.56168,0.5768,0.75452,0.69895,0.90893,0.84565,0.73679,0.73477,0.82148,0.61687,0.7499,0.82833,0.57691,0.68336,0.76462,0.82802,0.85284,0.82691,0.32497,0.12308,0.55438,0.60263,0.42706,0.54553,0.46879,0.58749,0.63419,0.84771,0.84803,0.87595,0.62921,0.73507,0.82982,0.82447,0.58508,0.74128,0.64178,0.67892,0.2162,0.28564,0.29195,0.54659,0.23331,0.62674,0.78299,0.78148,0.61295,0.69742,0.46528,0.64642,0.68514,0.68385,0.52631,0.56366,0.43521,0.61543,0.49503,0.51394,0.64689,0.62367,0.62892,0.64171,0.38238,0.54632
0.90762,0.88633,0.76992,0.70752,0.60683,0.51556,0.67357,0.71412,0.52421,0.51379,0.78394,0.71035,0.68897,0.64335,0.7614,0.67508,0.82332,0.81486,0.81317,0.84533,0.36106,0.64283,0.72374,0.56961,0.69441,0.68805,0.6511,0.64501,0.74913,0.84648,0.69032,0.75497,0.96577,1,0.51969,0.43515,0.57667,0.6501,0.58843,0.65017,0.21952,0.29931,0.7686,0.7613,0.69034,0.79415,0.83325,0.84817,0.67522,0.79261,0.71981,0.63704,0.56741,0.59114,0.75483,0.71448,0.89553,0.85675,0.76391,0.78199,0.82868,0.68327,0.75078,0.84804,0.5788,0.70527,0.77999,0.85817,0.82526,0.83945,0.33567,0.11906,0.56676,0.63611,0.45954,0.57428,0.46105,0.58044,0.66377,0.83986,0.86993,0.87945,0.69169,0.77091,0.84728,0.84618,0.6169,0.76267,0.64797,0.70269,0.24254,0.29931,0.31012,0.57647,0.25399,0.65747,0.7703,0.7842,0.64973,0.73247,0.51161,0.66369,0.70368,0.69879,0.51653,0.58029,0.37579,0.58074,0.4442,0.49081,0.63972,0.64486,0.66847,0.64622,0.38877,0.56124
0.53047,0.44944,0.60717,0.54724,0.43567,0.16425,0.54929,0.34975,0.33295,0.29089,0.53932,0.21955,0.57426,0.46013,0.59963,0.48458,0.3629,0.28415,0.51012,0.36495,0.348,0.37524,0.67735,0.37981,0.45758,0.35761,0.46054,0.32284,0.32781,0.33275,0.63097,0.62826,0.51733,0.51969,1,0.73032,0.53283,0.55296,0.37019,0.44488,0.10129,0.21499,0.6027,0.55657,0.63853,0.62132,0.55326,0.58578,0.57296,0.59491,0.51764,0.48935,0.49963,0.39043,0.51458,0.45808,0.45949,0.40573,0.5836,0.50686,0.47624,0.25854,0.27429,0.23972,0.72062,0.44695,0.58671,0.57609,0.42216,0.41327,0.37286,0.22023,0.41662,0.38219,0.39916,0.39039,0.34621,0.50926,0.32734,0.41887,0.38026,0.46375,0.12992,0.2939,0.61042,0.61269,0.34969,0.34734,0.5381,0.55879,0.35674,0.36691,0.43798,0.54847,0.055058,0.2623,0.61331,0.58935,0.46821,0.54195,0.32527,0.55163,0.47614,0.50894,0.63201,0.68829,0.35255,0.32886,0.43611,0.43439,0.46245,0.48246,0.50269,0.48668,0.53328,0.26971
0.44822,0.34511,0.45894,0.41618,0.24665,0.089251,0.46512,0.31702,0.27773,0.27586,0.48818,0.22775,0.58028,0.43381,0.48323,0.50992,0.31179,0.31949,0.43589,0.30224,0.31573,0.2787,0.4927,0.28893,0.267,0.20728,0.28157,0.19553,0.3944,0.38798,0.55158,0.52578,0.4317,0.43515,0.73032,1,0.49284,0.56156,0.29097,0.31188,0.077135,0.2287,0.45809,0.41702,0.42198,0.48821,0.40354,0.43869,0.35632,0.38585,0.33042,0.22111,0.35582,0.26304,0.32569,0.26473,0.37317,0.32996,0.45726,0.38125,0.44718,0.35661,0.37647,0.32787,0.48721,0.43938,0.47295,0.50645,0.28361,0.32747,0.34608,0.23303,0.38812,0.34854,0.40676,0.33117,0.36659,0.48633,0.32743,0.36117,0.38134,0.4173,0.22445,0.32268,0.51245,0.46829,0.24437,0.25495,0.43384,0.4421,0.35749,0.35771,0.42164,0.44512,0.14991,0.20179,0.5006,0.45953,0.39234,0.4371,0.31661,0.45566,0.43506,0.47442,0.52807,0.5484,0.33965,0.31397,0.34881,0.43247,0.37416,0.45072,0.43083,0.40582,0.43032,0.18574
0.51651,0.46474,0.6066,0.55937,0.50781,0.38176,0.46232,0.44452,0.40395,0.49373,0.3581,0.31453,0.36009,0.36046,0.48334,0.48817,0.37919,0.36385,0.5777,0.48946,0.39652,0.43287,0.69754,0.60803,0.45859,0.42008,0.5394,0.41919,0.38766,0.37343,0.44,0.47417,0.5634,0.57667,0.53283,0.49284,1,0.77363,0.77992,0.73436,0.54823,0.62238,0.3644,0.32215,0.38823,0.36365,0.42215,0.45983,0.45661,0.43007,0.4336,0.40385,0.47613,0.42187,0.57952,0.56607,0.48888,0.48141,0.61953,0.56563,0.56409,0.45654,0.32553,0.39845,0.57344,0.48907,0.68513,0.65323,0.40842,0.466,0.37735,0.31956,0.6409,0.59438,0.58538,0.44681,0.55574,0.37645,0.50456,0.34458,0.42126,0.47196,0.5091,0.40972,0.57476,0.56471,0.627,0.51965,0.60879,0.59556,0.5286,0.6038,0.54293,0.66306,0.27369,0.24448,0.49575,0.58334,0.65139,0.70577,0.43736,0.58694,0.57409,0.57814,0.61208,0.63915,0.22724,0.35877,0.067984,0.32486,0.40045,0.58976,0.62638,0.53515,0.53627,0.17383
0.63843,0.57519,0.58696,0.59517,0.52316,0.41407,0.49776,0.49452,0.40752,0.47608,0.50448,0.42294,0.5748,0.52973,0.62175,0.65688,0.51105,0.50611,0.67008,0.63086,0.40231,0.5159,0.60517,0.45008,0.46462,0.41768,0.53517,0.45696,0.53708,0.58024,0.62489,0.62735,0.60889,0.6501,0.55296,0.56156,0.77363,1,0.57831,0.65833,0.3878,0.52244,0.59434,0.55095,0.57087,0.5728,0.61197,0.62851,0.55815,0.57762,0.58524,0.53606,0.51399,0.54078,0.60495,0.64151,0.58066,0.58507,0.60024,0.57741,0.54937,0.47177,0.47383,0.49337,0.53977,0.43942,0.68757,0.72247,0.4947,0.56756,0.34732,0.24121,0.64314,0.65777,0.57968,0.55646,0.55911,0.59975,0.54605,0.48617,0.59766,0.61882,0.48488,0.54537,0.67541,0.67375,0.4562,0.51953,0.59082,0.64269,0.3585,0.44096,0.3591,0.5969,0.35247,0.42451,0.64223,0.6691,0.61301,0.69196,0.39238,0.56615,0.57965,0.57068,0.5269,0.59575,0.21589,0.3344,0.3062,0.48528,0.50089,0.5686,0.56452,0.50258,0.41785,0.32029
0.5344,0.56478,0.62625,0.57888,0.55949,0.45466,0.40208,0.44571,0.48482,0.52599,0.24845,0.30239,0.20786,0.19023,0.49568,0.39693,0.34905,0.38124,0.61763,0.53353,0.30905,0.4323,0.73248,0.68522,0.51561,0.44834,0.58178,0.45888,0.30458,0.31137,0.3278,0.43361,0.58047,0.58843,0.37019,0.29097,0.77992,0.57831,1,0.83723,0.46686,0.51903,0.35623,0.32237,0.39327,0.3695,0.47617,0.49582,0.47695,0.45912,0.45205,0.45381,0.55337,0.52456,0.72091,0.65837,0.56227,0.55189,0.59359,0.58484,0.54827,0.4417,0.26646,0.39205,0.48421,0.42628,0.67324,0.65613,0.49394,0.48073,0.2471,0.105,0.48819,0.42937,0.49759,0.3083,0.46546,0.24835,0.40041,0.34945,0.41031,0.43145,0.57018,0.41855,0.53836,0.54165,0.71406,0.63356,0.63382,0.66335,0.53796,0.6447,0.54734,0.6628,0.3733,0.31515,0.45902,0.55217,0.71543,0.75095,0.54519,0.59858,0.6173,0.61317,0.56406,0.59957,0.19019,0.42453,-0.062361,0.22427,0.29333,0.61901,0.62612,0.54482,0.54708,0.27592
0.62369,0.62881,0.65674,0.54523,0.50136,0.39465,0.40863,0.40875,0.4423,0.38002,0.39424,0.34827,0.33612,0.31766,0.59503,0.47001,0.49921,0.49182,0.66505,0.59245,0.3735,0.51003,0.70293,0.55343,0.53435,0.4487,0.62358,0.50025,0.44029,0.46826,0.43991,0.49699,0.62533,0.65017,0.44488,0.31188,0.73436,0.65833,0.83723,1,0.45299,0.53036,0.52745,0.53362,0.52264,0.55457,0.60578,0.67063,0.57339,0.63233,0.58701,0.59955,0.55837,0.55609,0.77475,0.77152,0.64371,0.60138,0.6356,0.62918,0.5711,0.45064,0.33909,0.46382,0.55213,0.49489,0.66985,0.66916,0.52804,0.55104,0.26741,0.085846,0.47944,0.49921,0.49749,0.41271,0.39058,0.3605,0.48236,0.53625,0.56846,0.60423,0.60098,0.51765,0.66268,0.67807,0.63182,0.7132,0.63495,0.6966,0.31352,0.41563,0.30795,0.59662,0.44404,0.42078,0.54526,0.60293,0.60751,0.70997,0.40767,0.56189,0.56834,0.55196,0.49991,0.58287,0.14589,0.31013,0.067518,0.2996,0.27985,0.53981,0.52661,0.47641,0.43624,0.30441
0.089524,0.072783,0.24608,0.21094,0.096887,0.011558,0.2316,0.28398,-0.0060975,0.18451,0.091198,0.27779,0.00098597,0.18059,0.089134,-0.013024,0.1225,0.074194,0.17937,0.17622,-0.082617,0.065391,0.18236,0.14233,0.016719,0.0026198,0.092711,0.045371,0.22201,0.23586,0.075557,0.15356,0.1721,0.21952,0.10129,0.077135,0.54823,0.3878,0.46686,0.45299,1,0.65076,-0.071416,-0.054038,-0.061834,-0.055783,0.009867,0.03398,-0.043215,0.032359,0.0038711,0.037296,0.048055,-0.020837,0.19941,0.16787,0.070526,0.06619,0.16595,0.21219,0.26984,0.33192,0.083623,0.20395,0.30401,0.29704,0.18795,0.16965,0.0092985,0.11211,0.11764,0.0080536,0.4354,0.39035,0.4016,0.21059,0.43085,0.19088,0.3774,0.076847,0.12244,0.13052,0.38032,0.10522,0.14357,0.1677,0.34293,0.2387,0.078555,0.23072,0.28971,0.28741,0.28971,0.30655,0.28391,0.1909,0.029638,0.16352,0.26841,0.29741,0.16131,0.16393,0.25402,0.13395,0.18603,0.20126,-0.075352,-0.070127,-0.21836,-0.049216,0.042509,0.27572,0.29239,0.1998,0.23752,0.10813
0.16545,0.090078,0.32468,0.24469,0.16077,-0.022715,0.35433,0.36459,0.065418,0.19747,0.2467,0.3357,0.16149,0.31033,0.20304,0.11867,0.18166,0.20808,0.24865,0.20267,0.12979,0.13097,0.33379,0.17238,0.12159,0.071677,0.13659,0.070613,0.37001,0.32024,0.23493,0.26222,0.28069,0.29931,0.21499,0.2287,0.62238,0.52244,0.51903,0.53036,0.65076,1,0.094107,0.10033,0.089476,0.10048,0.10354,0.14416,0.025762,0.1107,0.067611,0.069728,0.05447,0.040657,0.27158,0.22977,0.10542,0.083456,0.2084,0.18232,0.29099,0.264,0.20841,0.23119,0.3774,0.33874,0.2323,0.21822,0.065699,0.10523,0.28312,0.22053,0.66465,0.6084,0.50619,0.31422,0.5174,0.33754,0.3885,0.17273,0.19985,0.23572,0.34008,0.26243,0.25413,0.2674,0.38033,0.29259,0.18684,0.22178,0.20377,0.23971,0.25506,0.31736,0.35486,0.16726,0.16257,0.24272,0.27197,0.3232,0.21365,0.21374,0.24802,0.16372,0.22447,0.29022,0.10189,0.04696,0.024629,0.17448,0.039629,0.25294,0.27635,0.16313,0.29782,0.12853
0.82476,0.76917,0.69017,0.63206,0.53975,0.36075,0.56157,0.45777,0.49779,0.31822,0.68321,0.52762,0.72431,0.5539,0.782,0.72072,0.66869,0.60219,0.75512,0.6946,0.4108,0.62841,0.65269,0.39825,0.58108,0.53593,0.53543,0.47724,0.59252,0.70154,0.70227,0.70036,0.75892,0.7686,0.6027,0.45809,0.3644,0.59434,0.35623,0.52745,-0.071416,0.094107,1,0.9604,0.90358,0.94393,0.95861,0.93156,0.79204,0.87882,0.85615,0.76964,0.68934,0.72012,0.7932,0.79308,0.77246,0.70156,0.65246,0.62539,0.562,0.32524,0.52042,0.53759,0.54336,0.45259,0.69675,0.75806,0.73667,0.69507,0.37204,0.16434,0.46857,0.56745,0.41008,0.61058,0.33789,0.59989,0.48142,0.80049,0.7848,0.82689,0.41966,0.66292,0.81451,0.83967,0.40524,0.5962,0.60146,0.66795,0.1485,0.23606,0.13815,0.44772,0.30297,0.68866,0.88946,0.78804,0.54913,0.6488,0.39094,0.55543,0.5085,0.54327,0.49164,0.54759,0.30827,0.41125,0.57131,0.57113,0.55515,0.46758,0.49959,0.55851,0.33165,0.5561
