1,0.94404,0.79565,0.80793,0.51057,0.62773,0.71805,0.68717,0.54863,0.58793,0.80131,0.69791,0.77589,0.69647,0.67497,0.71426,0.8036,0.82337,0.86863,0.86193,0.51115,0.54732,0.71435,0.61834,0.62587,0.58345,0.53815,0.63799,0.68162,0.52475,0.69275,0.6184,0.83261,0.78981,0.60339,0.61171,0.35528,0.45533,0.61265,0.55572,0.6542,0.62388,0.69521,0.63958,0.52644,0.65086,0.80733,0.74402,0.71703,0.77971,0.80928,0.67246,0.83509,0.79355,0.79988,0.7879,0.94943,0.89222,0.88109,0.82912,0.85606,0.66644,0.70679,0.59285,0.34087,0.50216,0.75236,0.69165,0.82226,0.81641,0.6576,0.6248,0.63453,0.62096,0.67113,0.68378,0.71057,0.69958,0.66356,0.43248,0.75419,0.77537,0.74212,0.77572,0.7178,0.69588,0.48426,0.63732,0.77636,0.7839,0.8393,0.86814,0.78288,0.75934,0.3628,0.1233,0.7379,0.51542,0.87098,0.89749,0.77906,0.66074,0.72645,0.6443,0.47417,0.57781,0.50847,0.57094,0.18583,0.43506,0.68656,0.86532,0.7156,0.61272,0.57155,0.12216
0.94404,1,0.83737,0.84617,0.59962,0.67957,0.76586,0.74237,0.6479,0.66439,0.77835,0.68377,0.77835,0.69587,0.72946,0.72574,0.81678,0.80849,0.91302,0.9103,0.50369,0.57739,0.75522,0.64942,0.71091,0.67333,0.55174,0.64357,0.69362,0.5403,0.73102,0.6729,0.83719,0.82601,0.68767,0.68578,0.4112,0.49718,0.67576,0.62854,0.66538,0.61933,0.71789,0.66725,0.5846,0.70025,0.84244,0.77896,0.7444,0.7914,0.82754,0.66533,0.84465,0.81018,0.83926,0.81395,0.93307,0.9523,0.87605,0.84549,0.84048,0.7093,0.67443,0.58909,0.39094,0.56005,0.80622,0.74837,0.86167,0.85595,0.68618,0.66832,0.63769,0.61798,0.66864,0.69055,0.73704,0.74683,0.69388,0.46004,0.7637,0.80366,0.77913,0.77136,0.77468,0.70212,0.53825,0.66234,0.81995,0.8056,0.86849,0.89387,0.80164,0.78898,0.41417,0.14539,0.79041,0.53134,0.91134,0.91238,0.79512,0.67562,0.73051,0.67424,0.45947,0.57707,0.52278,0.59812,0.17137,0.44767,0.70792,0.86595,0.74048,0.64111,0.56145,0.13215
0.79565,0.83737,1,0.87454,0.70654,0.66418,0.8574,0.79496,0.72969,0.67152,0.73672,0.62888,0.78251,0.72228,0.82239,0.76472,0.80591,0.73158,0.84386,0.83037,0.47762,0.5213,0.88399,0.80604,0.78646,0.76611,0.59023,0.66115,0.65558,0.56108,0.78727,0.77836,0.81707,0.81785,0.78371,0.72457,0.36058,0.54725,0.60185,0.60702,0.53688,0.56918,0.76779,0.7207,0.68266,0.77909,0.8618,0.81017,0.7474,0.79586,0.83549,0.69891,0.82849,0.80889,0.80579,0.82432,0.82127,0.80365,0.76559,0.75125,0.76634,0.66813,0.64944,0.56406,0.59113,0.64595,0.87467,0.76711,0.80884,0.77617,0.78414,0.69527,0.59363,0.5776,0.65435,0.63832,0.73837,0.77067,0.63738,0.43874,0.74729,0.7804,0.819,0.76893,0.84564,0.79549,0.5487,0.7336,0.84084,0.85524,0.84881,0.85868,0.78883,0.80334,0.43296,0.14561,0.76128,0.56605,0.85896,0.87161,0.75618,0.78718,0.69301,0.7136,0.45282,0.58351,0.47703,0.55119,0.057992,0.49258,0.78669,0.77747,0.71788,0.67528,0.61014,0.11046
0.80793,0.84617,0.87454,1,0.62385,0.77956,0.82807,0.89599,0.63768,0.78917,0.7634,0.70704,0.81469,0.82763,0.76819,0.82625,0.83574,0.75903,0.85003,0.90639,0.48793,0.47315,0.82294,0.86033,0.7002,0.76908,0.54323,0.68664,0.62072,0.58127,0.7948,0.82219,0.82744,0.86215,0.80064,0.81248,0.29891,0.49887,0.53708,0.53531,0.58962,0.62768,0.73996,0.70075,0.7186,0.81786,0.86031,0.81165,0.77013,0.81207,0.86472,0.78343,0.8662,0.86211,0.78032,0.78964,0.84909,0.8267,0.78696,0.83046,0.77841,0.79378,0.74461,0.64181,0.5662,0.74763,0.87888,0.88466,0.88931,0.83347,0.68679,0.58989,0.69096,0.70263,0.66428,0.69454,0.7652,0.81939,0.69399,0.46546,0.82908,0.86391,0.75888,0.79651,0.80873,0.79488,0.4614,0.68654,0.80539,0.89869,0.91136,0.86816,0.90445,0.85995,0.37995,0.099689,0.75604,0.52793,0.8712,0.85077,0.83012,0.71864,0.74696,0.67487,0.36343,0.50271,0.44758,0.50077,0.044743,0.52301,0.82436,0.80109,0.76628,0.64997,0.58091,0.046994
0.51057,0.59962,0.70654,0.62385,1,0.62626,0.70526,0.64293,0.76319,0.61945,0.56893,0.49685,0.59081,0.53956,0.7291,0.61984,0.62307,0.48979,0.61663,0.60395,0.53331,0.59016,0.68213,0.59206,0.64856,0.69485,0.75711,0.68262,0.49329,0.41016,0.64376,0.62268,0.59178,0.62873,0.61875,0.5555,0.29507,0.42919,0.47923,0.43526,0.36082,0.36437,0.47291,0.43001,0.44609,0.51269,0.58427,0.50575,0.47246,0.52576,0.574,0.436,0.5623,0.54774,0.56454,0.5555,0.51849,0.60385,0.56499,0.53304,0.5558,0.52815,0.54545,0.51162,0.50237,0.51512,0.60382,0.53125,0.53033,0.52319,0.6056,0.44286,0.37156,0.38526,0.41472,0.40747,0.50996,0.54759,0.43669,0.24561,0.48949,0.54749,0.64481,0.55828,0.59098,0.56243,0.49181,0.56881,0.59698,0.69192,0.59606,0.62763,0.60239,0.60922,0.17074,0.048853,0.51701,0.35451,0.59256,0.63859,0.53045,0.64543,0.51162,0.63359,0.29629,0.40978,0.38147,0.45697,0.0028493,0.28786,0.50279,0.46072,0.47167,0.48775,0.42286,-0.00086305
0.62773,0.67957,0.66418,0.77956,0.62626,1,0.69779,0.8017,0.60067,0.84268,0.67744,0.65114,0.74489,0.76516,0.70006,0.83386,0.74502,0.65668,0.69993,0.76449,0.52517,0.51935,0.70857,0.67409,0.5658,0.63864,0.58191,0.6294,0.64081,0.65102,0.66946,0.68059,0.71797,0.74323,0.67661,0.6786,0.30296,0.40428,0.46157,0.46399,0.46205,0.50426,0.50659,0.47904,0.58258,0.6268,0.64696,0.61803,0.52816,0.60245,0.69159,0.59399,0.69425,0.6575,0.60073,0.62368,0.63333,0.67293,0.64162,0.734,0.68099,0.78983,0.62792,0.67679,0.44927,0.62027,0.67739,0.75153,0.69076,0.68621,0.53306,0.46389,0.61142,0.66859,0.56873,0.61384,0.64589,0.66821,0.64888,0.42955,0.68711,0.69128,0.67796,0.74555,0.7367,0.6748,0.40046,0.6091,0.68865,0.76385,0.76702,0.72239,0.80604,0.68367,0.30789,0.15342,0.56944,0.41003,0.68445,0.66015,0.69437,0.58097,0.55938,0.46319,0.20263,0.30212,0.31201,0.35313,0.12083,0.4384,0.58129,0.53649,0.57428,0.45132,0.35764,0.015899
0.71805,0.76586,0.8574,0.82807,0.70526,0.69779,1,0.90393,0.82072,0.79348,0.81634,0.72416,0.84072,0.72916,0.83178,0.81433,0.73296,0.60779,0.79175,0.82323,0.28928,0.41099,0.82302,0.73132,0.6123,0.59057,0.49561,0.52312,0.55523,0.52785,0.69362,0.70183,0.78106,0.8187,0.64432,0.58862,0.17013,0.3469,0.39864,0.39662,0.47487,0.46058,0.57278,0.51774,0.57452,0.73205,0.74952,0.6364,0.74542,0.73618,0.73507,0.62225,0.76475,0.7408,0.72076,0.73511,0.70804,0.69966,0.68747,0.75554,0.84956,0.84364,0.74431,0.78791,0.64081,0.64584,0.77684,0.7222,0.70617,0.69056,0.7287,0.65321,0.55681,0.56382,0.62333,0.63156,0.68448,0.6883,0.47123,0.18414,0.62547,0.66761,0.72825,0.70314,0.80447,0.6723,0.45713,0.65066,0.75981,0.82526,0.82562,0.83455,0.78262,0.85727,0.37589,0.047446,0.60937,0.40132,0.78799,0.79494,0.74505,0.83015,0.72736,0.71554,0.36317,0.53967,0.49111,0.58412,0.16659,0.32235,0.58754,0.64448,0.63615,0.52385,0.39956,0.10059
0.68717,0.74237,0.79496,0.89599,0.64293,0.8017,0.90393,1,0.74872,0.90748,0.81281,0.79526,0.84811,0.85746,0.78321,0.87838,0.77167,0.64816,0.7789,0.86192,0.32296,0.39959,0.80892,0.79457,0.60564,0.66264,0.47504,0.54779,0.56794,0.5894,0.74434,0.78923,0.82262,0.88091,0.73416,0.71732,0.18661,0.36909,0.4147,0.40241,0.5345,0.50486,0.60267,0.57977,0.67571,0.79915,0.77307,0.68777,0.74847,0.78091,0.76532,0.71803,0.76025,0.73991,0.70082,0.70681,0.70313,0.68586,0.68087,0.78687,0.79521,0.91528,0.77523,0.8297,0.63563,0.74509,0.79424,0.85643,0.74598,0.72884,0.64698,0.59258,0.63111,0.66896,0.61148,0.65003,0.74384,0.74597,0.55884,0.25183,0.69837,0.74673,0.70584,0.73024,0.78669,0.69144,0.42187,0.60586,0.73496,0.80568,0.86619,0.8037,0.87692,0.8342,0.33572,0.013918,0.63732,0.42018,0.78217,0.76908,0.81316,0.73373,0.74591,0.65616,0.32996,0.46459,0.45067,0.52557,0.080424,0.36417,0.65843,0.63775,0.65818,0.53566,0.43127,0.070774
0.54863,0.6479,0.72969,0.63768,0.76319,0.60067,0.82072,0.74872,1,0.73865,0.65127,0.59436,0.66108,0.57423,0.77838,0.71256,0.66472,0.50067,0.69916,0.64166,0.2304,0.39606,0.71367,0.61709,0.69799,0.6269,0.47712,0.38912,0.55179,0.4671,0.55515,0.52192,0.64437,0.69647,0.57457,0.52475,0.33044,0.39268,0.49575,0.46416,0.47429,0.40224,0.47322,0.43177,0.43821,0.58216,0.62219,0.53832,0.58611,0.62367,0.57188,0.44231,0.538,0.52897,0.65074,0.66104,0.56881,0.61853,0.59723,0.61772,0.66649,0.70286,0.53466,0.62717,0.5647,0.59331,0.60904,0.56117,0.51584,0.4988,0.69381,0.56303,0.4717,0.46054,0.55726,0.53517,0.62073,0.63958,0.44292,0.1615,0.49392,0.53229,0.6755,0.59311,0.71343,0.57681,0.61329,0.60949,0.65545,0.66798,0.66201,0.65034,0.63114,0.62103,0.38569,0.14896,0.58223,0.4579,0.66125,0.7336,0.59378,0.684,0.50948,0.58447,0.29429,0.41825,0.35349,0.60745,0.16791,0.25741,0.45396,0.44785,0.45369,0.54284,0.32222,0.14841
0.58793,0.66439,0.67152,0.78917,0.61945,0.84268,0.79348,0.90748,0.73865,1,0.72128,0.6881,0.75615,0.75359,0.72259,0.8277,0.70821,0.58011,0.71808,0.79744,0.3069,0.35558,0.7608,0.6682,0.59726,0.64678,0.45723,0.48522,0.55007,0.54249,0.67387,0.66527,0.75037,0.81122,0.67001,0.63563,0.20039,0.31862,0.38053,0.38249,0.51173,0.39539,0.45964,0.45282,0.56678,0.66531,0.65543,0.58289,0.61054,0.67303,0.64488,0.6165,0.60674,0.64903,0.60012,0.6489,0.62077,0.64821,0.59511,0.71134,0.70571,0.87949,0.66352,0.76935,0.61331,0.6899,0.68265,0.76864,0.66695,0.68292,0.59055,0.50713,0.56752,0.63069,0.5553,0.58613,0.6436,0.65595,0.53359,0.20435,0.62327,0.66178,0.62241,0.65813,0.74707,0.61876,0.41134,0.50693,0.67192,0.7113,0.80986,0.67554,0.83386,0.7335,0.2569,0.017665,0.55927,0.35203,0.71029,0.68228,0.70398,0.59113,0.63705,0.50692,0.28068,0.39255,0.34586,0.45875,0.10254,0.28045,0.54557,0.53053,0.52669,0.45606,0.33662,0.061621
0.80131,0.77835,0.73672,0.7634,0.56893,0.67744,0.81634,0.81281,0.65127,0.72128,1,0.87502,0.93635,0.83768,0.82527,0.84519,0.82558,0.74496,0.81945,0.82474,0.42181,0.38973,0.79238,0.65116,0.5404,0.52417,0.53422,0.56879,0.67688,0.62895,0.72592,0.67575,0.8425,0.79598,0.58996,0.55002,0.24612,0.40127,0.3935,0.4286,0.58839,0.62674,0.54947,0.54341,0.53949,0.66855,0.74642,0.65746,0.69668,0.75096,0.71541,0.68034,0.72162,0.69925,0.67601,0.681,0.74712,0.68786,0.73014,0.77216,0.90593,0.81442,0.84442,0.83812,0.55824,0.54744,0.68123,0.6723,0.68199,0.6581,0.67101,0.52794,0.65816,0.67868,0.66011,0.66365,0.77154,0.70896,0.57942,0.25424,0.6867,0.7146,0.75802,0.79501,0.78934,0.68544,0.45119,0.64384,0.72309,0.74645,0.82073,0.80798,0.78122,0.81089,0.32432,0.083316,0.59355,0.46672,0.78649,0.81096,0.7861,0.73288,0.73902,0.62519,0.3765,0.57862,0.44067,0.54026,0.12029,0.38619,0.58864,0.69206,0.67984,0.52659,0.44312,0.13275
0.69791,0.68377,0.62888,0.70704,0.49685,0.65114,0.72416,0.79526,0.59436,0.6881,0.87502,1,0.84444,0.8871,0.6997,0.83203,0.74959,0.7155,0.68441,0.72966,0.37079,0.35878,0.69085,0.63664,0.48083,0.481,0.47493,0.50455,0.63642,0.65449,0.65665,0.65558,0.79582,0.77136,0.55961,0.55048,0.26705,0.34209,0.40556,0.42577,0.59421,0.57409,0.4977,0.46929,0.4995,0.59071,0.65098,0.56966,0.58717,0.64415,0.63773,0.57106,0.63123,0.6041,0.60917,0.59079,0.66917,0.58561,0.64854,0.67835,0.8145,0.77807,0.72903,0.83279,0.46423,0.52936,0.57588,0.65725,0.59494,0.52845,0.54859,0.48598,0.62929,0.65769,0.5941,0.61519,0.69716,0.67293,0.55411,0.27546,0.64379,0.67601,0.6895,0.7415,0.68363,0.59289,0.42335,0.5748,0.63726,0.65986,0.73447,0.70657,0.70989,0.69384,0.29718,0.053729,0.5559,0.40859,0.66675,0.68591,0.74651,0.61479,0.67465,0.57696,0.3122,0.49852,0.37865,0.49436,0.069869,0.34393,0.53136,0.59295,0.59471,0.43201,0.42667,0.14108
0.77589,0.77835,0.78251,0.81469,0.59081,0.74489,0.84072,0.84811,0.66108,0.75615,0.93635,0.84444,1,0.87916,0.85477,0.8638,0.85968,0.77683,0.82145,0.82825,0.47114,0.39312,0.77259,0.68692,0.59504,0.58755,0.56816,0.61712,0.68612,0.67758,0.75595,0.72979,0.86553,0.81757,0.62454,0.60228,0.26447,0.47282,0.4209,0.4807,0.55406,0.65557,0.57231,0.56009,0.62372,0.7338,0.75364,0.70257,0.72991,0.78138,0.78651,0.75552,0.73508,0.7517,0.6626,0.70781,0.73422,0.70142,0.7052,0.78604,0.88091,0.81914,0.80396,0.80672,0.56396,0.58302,0.72432,0.70979,0.70102,0.7025,0.68003,0.54726,0.65202,0.6954,0.60808,0.65687,0.78318,0.75926,0.64038,0.38092,0.74638,0.77728,0.75497,0.81988,0.80259,0.74899,0.39926,0.66007,0.74267,0.79523,0.82127,0.82357,0.81407,0.84942,0.30643,0.080231,0.6099,0.49615,0.78232,0.81309,0.77617,0.74741,0.71146,0.63255,0.27526,0.47749,0.34748,0.45576,0.047327,0.43111,0.63792,0.70269,0.67841,0.54483,0.38027,0.036138
0.69647,0.69587,0.72228,0.82763,0.53956,0.76516,0.72916,0.85746,0.57423,0.75359,0.83768,0.8871,0.87916,1,0.746,0.88877,0.8111,0.76086,0.72798,0.76928,0.44125,0.36797,0.74153,0.76907,0.52221,0.58933,0.56407,0.6346,0.63723,0.69696,0.69616,0.75021,0.79665,0.78504,0.64946,0.66211,0.31113,0.45289,0.41298,0.46671,0.52951,0.62509,0.53856,0.52487,0.59784,0.67447,0.70429,0.66136,0.59757,0.68067,0.71737,0.66263,0.72216,0.68642,0.65405,0.65901,0.68409,0.62201,0.63969,0.7043,0.74125,0.78103,0.71123,0.74742,0.47718,0.61277,0.67061,0.75424,0.68976,0.63608,0.55354,0.48698,0.65512,0.70653,0.59908,0.63621,0.71279,0.72521,0.61713,0.42604,0.72529,0.76635,0.70603,0.79814,0.73139,0.72049,0.41882,0.66272,0.69113,0.75968,0.78929,0.75629,0.83162,0.7749,0.33234,0.11556,0.60177,0.46989,0.6937,0.71052,0.78192,0.66644,0.63586,0.5542,0.23854,0.39712,0.35882,0.42309,0.013802,0.43483,0.63846,0.62921,0.6701,0.47627,0.41203,0.08864
0.67497,0.72946,0.82239,0.76819,0.7291,0.70006,0.83178,0.78321,0.77838,0.72259,0.82527,0.6997,0.85477,0.746,1,0.85738,0.84386,0.69097,0.82949,0.7659,0.55913,0.44744,0.83897,0.71061,0.6537,0.65294,0.65038,0.63723,0.74223,0.72101,0.74972,0.74821,0.77878,0.73894,0.66477,0.60845,0.42343,0.57266,0.51056,0.57052,0.54079,0.69258,0.56641,0.58521,0.59028,0.72006,0.75778,0.75274,0.64657,0.70597,0.72491,0.64259,0.6952,0.67498,0.69997,0.72297,0.67603,0.67087,0.64174,0.67736,0.75687,0.69927,0.70868,0.73158,0.6194,0.55269,0.68274,0.6335,0.66193,0.62142,0.70317,0.47743,0.67606,0.68431,0.6516,0.64635,0.77833,0.75659,0.64215,0.39721,0.70879,0.74403,0.8634,0.85466,0.86451,0.81866,0.56375,0.77421,0.76103,0.79327,0.74345,0.74328,0.70813,0.73149,0.39749,0.27167,0.6526,0.62615,0.7409,0.79809,0.69162,0.71776,0.56826,0.54455,0.19899,0.46269,0.2729,0.45891,0.078171,0.57514,0.6974,0.65366,0.64555,0.5749,0.39522,0.20825
0.71426,0.72574,0.76472,0.82625,0.61984,0.83386,0.81433,0.87838,0.71256,0.8277,0.84519,0.83203,0.8638,0.88877,0.85738,1,0.79562,0.68744,0.77597,0.7928,0.47979,0.46599,0.80552,0.77789,0.58038,0.61548,0.60859,0.65503,0.70483,0.73294,0.7138,0.73875,0.80522,0.80897,0.6691,0.65248,0.40401,0.51894,0.49202,0.54466,0.60744,0.6351,0.54237,0.53591,0.54743,0.6614,0.70818,0.67691,0.60744,0.66937,0.69164,0.61061,0.71175,0.67749,0.6997,0.72909,0.70151,0.658,0.66196,0.73188,0.77662,0.83737,0.7223,0.81778,0.52402,0.59578,0.67956,0.73911,0.68724,0.61822,0.64958,0.55078,0.72402,0.7331,0.73996,0.75777,0.76545,0.76677,0.60915,0.32978,0.69995,0.72139,0.81986,0.85915,0.79988,0.7487,0.54333,0.74763,0.75155,0.82291,0.78907,0.76392,0.79183,0.74176,0.40645,0.20915,0.64585,0.55371,0.73182,0.7641,0.74503,0.72272,0.60525,0.5403,0.2566,0.44007,0.40214,0.51551,0.15806,0.49297,0.64784,0.59288,0.62871,0.48019,0.40251,0.20911
0.8036,0.81678,0.80591,0.83574,0.62307,0.74502,0.73296,0.77167,0.66472,0.70821,0.82558,0.74959,0.85968,0.8111,0.84386,0.79562,1,0.88879,0.8889,0.85102,0.6119,0.48747,0.76133,0.69092,0.68409,0.71212,0.58718,0.64726,0.85548,0.79324,0.82429,0.78653,0.87694,0.81184,0.6998,0.71367,0.47415,0.61004,0.57274,0.62804,0.60636,0.78818,0.64269,0.65964,0.67596,0.75272,0.81738,0.81954,0.69522,0.78081,0.83667,0.74337,0.77643,0.72824,0.74969,0.74179,0.81059,0.76642,0.73834,0.75818,0.76597,0.68117,0.78556,0.67015,0.47358,0.59221,0.72623,0.72858,0.80227,0.73784,0.69124,0.50185,0.74493,0.78024,0.63832,0.67005,0.82572,0.81877,0.85054,0.64322,0.91509,0.91983,0.83803,0.91842,0.83161,0.86461,0.493,0.74442,0.74889,0.80163,0.80425,0.78176,0.80432,0.72631,0.31957,0.22009,0.72588,0.65267,0.79643,0.83849,0.79018,0.62126,0.64146,0.54695,0.21661,0.41474,0.22709,0.37537,-0.016214,0.60609,0.78818,0.77113,0.6992,0.64399,0.4774,0.10796
0.82337,0.80849,0.73158,0.75903,0.48979,0.65668,0.60779,0.64816,0.50067,0.58011,0.74496,0.7155,0.77683,0.76086,0.69097,0.68744,0.88879,1,0.83075,0.78242,0.54913,0.46155,0.67929,0.61691,0.60194,0.58682,0.55505,0.63085,0.82145,0.72347,0.74586,0.71839,0.82068,0.77349,0.65304,0.64541,0.43606,0.54066,0.54714,0.56931,0.63056,0.73229,0.63094,0.60321,0.59099,0.64607,0.77116,0.77941,0.58568,0.7168,0.74531,0.64506,0.73793,0.71273,0.71758,0.71142,0.82787,0.79481,0.72728,0.70217,0.73291,0.57733,0.68482,0.57193,0.35879,0.497,0.67159,0.66973,0.74091,0.72084,0.60662,0.48602,0.70629,0.70557,0.61897,0.64175,0.71713,0.71368,0.77732,0.64206,0.84964,0.86081,0.73797,0.81432,0.721,0.76005,0.44807,0.64265,0.68958,0.69177,0.7453,0.73237,0.74916,0.68983,0.30137,0.14045,0.7132,0.54797,0.74137,0.79028,0.74123,0.54124,0.62264,0.53605,0.29067,0.44955,0.29672,0.37489,0.055522,0.49466,0.71855,0.79353,0.67134,0.58837,0.47827,0.025331
0.86863,0.91302,0.84386,0.85003,0.61663,0.69993,0.79175,0.7789,0.69916,0.71808,0.81945,0.68441,0.82145,0.72798,0.82949,0.77597,0.8889,0.83075,1,0.92299,0.52594,0.50286,0.82564,0.70515,0.72067,0.69755,0.56469,0.63725,0.8044,0.68921,0.77803,0.74498,0.85513,0.83605,0.71694,0.72033,0.44971,0.54791,0.62386,0.68141,0.65203,0.70852,0.66302,0.64488,0.6153,0.73498,0.83555,0.8164,0.72411,0.7901,0.80902,0.67062,0.81869,0.79449,0.83802,0.8351,0.86895,0.8568,0.78697,0.80876,0.79881,0.72066,0.71054,0.62186,0.43938,0.58759,0.797,0.76758,0.84519,0.82099,0.67257,0.52861,0.69855,0.70428,0.70555,0.70474,0.78368,0.78382,0.73228,0.5122,0.80086,0.8381,0.85111,0.83989,0.83892,0.80016,0.59085,0.7332,0.82162,0.81842,0.84794,0.85283,0.80242,0.7676,0.46017,0.25263,0.78589,0.61683,0.86255,0.89,0.80295,0.65545,0.65077,0.57223,0.34693,0.4962,0.42754,0.51207,0.16853,0.53639,0.73462,0.80534,0.73381,0.62964,0.49146,0.17154
0.86193,0.9103,0.83037,0.90639,0.60395,0.76449,0.82323,0.86192,0.64166,0.79744,0.82474,0.72966,0.82825,0.76928,0.7659,0.7928,0.85102,0.78242,0.92299,1,0.50624,0.49493,0.8099,0.71389,0.65249,0.67666,0.50148,0.61509,0.68966,0.62979,0.80631,0.77936,0.87449,0.87863,0.75666,0.75437,0.3194,0.45573,0.52048,0.55007,0.60784,0.62206,0.67933,0.66347,0.6782,0.77903,0.84205,0.79019,0.78812,0.8242,0.85289,0.7414,0.8528,0.81518,0.77664,0.75388,0.86115,0.86174,0.79279,0.84979,0.82885,0.80115,0.77879,0.7077,0.4842,0.62715,0.83395,0.85339,0.92212,0.88724,0.64306,0.58089,0.68001,0.69294,0.64951,0.70274,0.76207,0.76527,0.70676,0.4194,0.82623,0.85303,0.76023,0.80404,0.8164,0.75564,0.42084,0.62746,0.79167,0.82267,0.91493,0.86658,0.88388,0.84598,0.36435,0.12234,0.73011,0.50209,0.87997,0.85225,0.85812,0.67649,0.74775,0.61434,0.3414,0.4828,0.42188,0.4792,0.091202,0.4817,0.75353,0.80385,0.74866,0.58999,0.51079,0.097527
0.51115,0.50369,0.47762,0.48793,0.53331,0.52517,0.28928,0.32296,0.2304,0.3069,0.42181,0.37079,0.47114,0.44125,0.55913,0.47979,0.6119,0.54913,0.52594,0.50624,1,0.67543,0.41954,0.36156,0.49783,0.55944,0.73335,0.76457,0.57395,0.58904,0.59648,0.57851,0.56173,0.45627,0.48832,0.52685,0.5026,0.59035,0.53097,0.61696,0.32562,0.62774,0.43674,0.51721,0.49369,0.47595,0.48175,0.61477,0.3493,0.39536,0.60931,0.49669,0.45741,0.39932,0.39134,0.4006,0.52392,0.50556,0.46541,0.44602,0.34443,0.21261,0.41712,0.27581,0.18099,0.23093,0.44828,0.4592,0.5388,0.48496,0.31248,0.097306,0.46347,0.47646,0.32109,0.39565,0.50766,0.50527,0.65336,0.55589,0.64833,0.63844,0.56766,0.69278,0.48473,0.63038,0.28087,0.48986,0.46017,0.55064,0.40468,0.45519,0.41452,0.37029,0.13776,0.35194,0.52472,0.60832,0.41711,0.49469,0.37064,0.36105,0.29267,0.31298,-0.043578,0.13646,-0.043796,0.026068,-0.081101,0.6962,0.61106,0.50673,0.46128,0.34661,0.39272,0.054277
0.54732,0.57739,0.5213,0.47315,0.59016,0.51935,0.41099,0.39959,0.39606,0.35558,0.38973,0.35878,0.39312,0.36797,0.44744,0.46599,0.48747,0.46155,0.50286,0.49493,0.67543,1,0.38263,0.33048,0.43598,0.48924,0.67288,0.69826,0.4824,0.41804,0.46995,0.46063,0.47916,0.45898,0.41838,0.40653,0.42924,0.48596,0.63578,0.55232,0.39513,0.42523,0.39497,0.41562,0.3665,0.40195,0.46859,0.46444,0.38286,0.40557,0.5059,0.35814,0.48638,0.34295,0.49612,0.47868,0.52455,0.55057,0.56235,0.48708,0.39704,0.29379,0.43656,0.33815,0.058488,0.18963,0.42067,0.41945,0.49791,0.45934,0.45087,0.41279,0.44612,0.36941,0.44622,0.47739,0.41786,0.43608,0.4211,0.34792,0.47956,0.48427,0.50797,0.53112,0.36893,0.45325,0.3762,0.47245,0.46443,0.57911,0.39686,0.53345,0.37228,0.3745,0.19344,0.16332,0.53851,0.45545,0.45498,0.5208,0.3812,0.47909,0.33145,0.51789,0.14852,0.31548,0.27694,0.26567,0.021061,0.42569,0.4776,0.42798,0.332,0.32075,0.3956,0.089573
0.71435,0.75522,0.88399,0.82294,0.68213,0.70857,0.82302,0.80892,0.71367,0.7608,0.79238,0.69085,0.77259,0.74153,0.83897,0.80552,0.76133,0.67929,0.82564,0.8099,0.41954,0.38263,1,0.86326,0.73545,0.72181,0.55458,0.59148,0.63314,0.57414,0.76851,0.76823,0.78106,0.79202,0.7623,0.6748,0.30763,0.41397,0.52588,0.53042,0.50009,0.52227,0.66979,0.6318,0.60904,0.7131,0.81481,0.74712,0.67249,0.73163,0.72696,0.64793,0.77966,0.80393,0.79493,0.8037,0.77197,0.74184,0.692,0.71216,0.75558,0.74715,0.64369,0.66045,0.69187,0.68319,0.79347,0.72815,0.74287,0.71571,0.69807,0.54275,0.60558,0.61859,0.63226,0.598,0.7319,0.72451,0.58905,0.34492,0.65716,0.69278,0.83271,0.75605,0.89056,0.75336,0.6283,0.73324,0.83952,0.79259,0.85463,0.784,0.79317,0.74191,0.46594,0.16424,0.69441,0.48878,0.81857,0.79257,0.76399,0.68614,0.66347,0.56019,0.47743,0.6203,0.5023,0.52923,0.078117,0.45721,0.70212,0.72056,0.70731,0.60333,0.57122,0.17893
0.61834,0.64942,0.80604,0.86033,0.59206,0.67409,0.73132,0.79457,0.61709,0.6682,0.65116,0.63664,0.68692,0.76907,0.71061,0.77789,0.69092,0.61691,0.70515,0.71389,0.36156,0.33048,0.86326,1,0.69315,0.74034,0.47105,0.57499,0.50584,0.52221,0.7052,0.78131,0.70205,0.74696,0.7477,0.72864,0.29051,0.43678,0.50745,0.47708,0.4688,0.54003,0.70194,0.62412,0.63081,0.70669,0.78507,0.73404,0.60505,0.68295,0.70422,0.63222,0.75251,0.77833,0.75155,0.74215,0.7064,0.65495,0.62588,0.65535,0.62469,0.70346,0.5674,0.54473,0.61051,0.7603,0.77962,0.754,0.72181,0.62122,0.66114,0.50939,0.64992,0.6319,0.61585,0.60308,0.71996,0.76444,0.56864,0.40112,0.64616,0.69298,0.73954,0.69317,0.78606,0.73519,0.60004,0.71811,0.75865,0.79933,0.77845,0.71286,0.76924,0.6863,0.49989,0.16368,0.6973,0.49322,0.7282,0.71703,0.72221,0.66599,0.58049,0.54098,0.40284,0.50046,0.49269,0.51255,0.040644,0.50771,0.73606,0.64195,0.65973,0.55684,0.56674,0.14451
0.62587,0.71091,0.78646,0.7002,0.64856,0.5658,0.6123,0.60564,0.69799,0.59726,0.5404,0.48083,0.59504,0.52221,0.6537,0.58038,0.68409,0.60194,0.72067,0.65249,0.49783,0.43598,0.73545,0.69315,1,0.89568,0.48431,0.49354,0.62148,0.45244,0.75729,0.66158,0.74358,0.74432,0.75804,0.70149,0.47014,0.56202,0.69614,0.70185,0.5457,0.52818,0.79123,0.74174,0.64261,0.69572,0.79317,0.75682,0.64426,0.70704,0.72879,0.59147,0.58075,0.65418,0.65655,0.68569,0.72676,0.73768,0.67193,0.64031,0.58297,0.53163,0.42119,0.36466,0.54515,0.68311,0.75647,0.65934,0.63303,0.6391,0.72187,0.50031,0.52506,0.50892,0.53834,0.49151,0.71218,0.75057,0.66298,0.43566,0.63638,0.67171,0.72416,0.6421,0.76775,0.6836,0.56921,0.56792,0.67577,0.66262,0.69451,0.6353,0.63977,0.56922,0.39004,0.19741,0.74586,0.61296,0.75304,0.7794,0.59491,0.60441,0.60298,0.62132,0.46063,0.54403,0.34147,0.55613,0.099105,0.49627,0.68945,0.63805,0.61978,0.69873,0.66526,0.091238
0.58345,0.67333,0.76611,0.76908,0.69485,0.63864,0.59057,0.66264,0.6269,0.64678,0.52417,0.481,0.58755,0.58933,0.65294,0.61548,0.71212,0.58682,0.69755,0.67666,0.55944,0.48924,0.72181,0.74034,0.89568,1,0.52668,0.59016,0.5891,0.50584,0.79945,0.77822,0.7326,0.75256,0.82305,0.80196,0.43592,0.56925,0.68152,0.67845,0.54224,0.55878,0.74,0.72759,0.68749,0.71628,0.79452,0.76167,0.61644,0.70738,0.76207,0.66053,0.63068,0.66061,0.64823,0.66134,0.68907,0.68897,0.6401,0.62842,0.50639,0.54404,0.48048,0.37978,0.49437,0.74532,0.78014,0.73691,0.67399,0.63045,0.67157,0.47017,0.60582,0.60729,0.57717,0.55604,0.7417,0.80771,0.70308,0.50019,0.71845,0.7602,0.71677,0.6799,0.7504,0.74729,0.52503,0.58686,0.66482,0.68565,0.70545,0.62785,0.6948,0.5607,0.34759,0.18998,0.76936,0.62888,0.74379,0.73536,0.59941,0.51607,0.57549,0.57882,0.37915,0.45458,0.36798,0.52338,-0.034935,0.56969,0.772,0.61695,0.62692,0.61028,0.65781,0.1204
0.53815,0.55174,0.59023,0.54323,0.75711,0.58191,0.49561,0.47504,0.47712,0.45723,0.53422,0.47493,0.56816,0.56407,0.65038,0.60859,0.58718,0.55505,0.56469,0.50148,0.73335,0.67288,0.55458,0.47105,0.48431,0.52668,1,0.90757,0.53914,0.46995,0.48252,0.49138,0.51695,0.48569,0.4366,0.41654,0.48497,0.59539,0.51612,0.56633,0.29339,0.48948,0.33505,0.37312,0.2363,0.33733,0.46686,0.51709,0.28366,0.38157,0.53559,0.40195,0.5292,0.49312,0.53732,0.55177,0.50553,0.52515,0.51193,0.45916,0.45992,0.36653,0.45134,0.40395,0.23392,0.2628,0.42401,0.40333,0.46258,0.42065,0.37664,0.21432,0.36068,0.38694,0.4165,0.40685,0.40859,0.40528,0.48957,0.35517,0.48123,0.52571,0.58726,0.63262,0.47049,0.60303,0.51944,0.63952,0.56784,0.66248,0.44898,0.56993,0.46535,0.51638,0.21827,0.29645,0.49558,0.46431,0.44588,0.55149,0.37721,0.5311,0.29324,0.46368,0.13016,0.28418,0.22849,0.24959,0.12828,0.44223,0.44171,0.44807,0.47922,0.35478,0.33979,0.029705
0.63799,0.64357,0.66115,0.68664,0.68262,0.6294,0.52312,0.54779,0.38912,0.48522,0.56879,0.50455,0.61712,0.6346,0.63723,0.65503,0.64726,0.63085,0.63725,0.61509,0.76457,0.69826,0.59148,0.57499,0.49354,0.59016,0.90757,1,0.55603,0.50483,0.59573,0.62497,0.59813,0.57629,0.5268,0.52871,0.45545,0.62317,0.55089,0.5832,0.42829,0.54484,0.47453,0.50059,0.3595,0.44764,0.57133,0.62869,0.41852,0.49982,0.6371,0.53971,0.66036,0.61599,0.61539,0.61282,0.60702,0.61385,0.63598,0.59917,0.5156,0.44444,0.5438,0.41601,0.1981,0.31848,0.56055,0.54999,0.61712,0.56021,0.4527,0.32976,0.47781,0.49575,0.49142,0.49345,0.50602,0.52227,0.54994,0.45474,0.59659,0.63259,0.6245,0.68557,0.49994,0.65705,0.44544,0.65137,0.61238,0.74436,0.57133,0.67617,0.59908,0.62608,0.23892,0.24983,0.59451,0.4984,0.565,0.62973,0.50579,0.5879,0.41685,0.52899,0.21445,0.33684,0.32969,0.28906,0.09566,0.51996,0.59955,0.57611,0.58553,0.40119,0.4489,0.0375
0.68162,0.69362,0.65558,0.62072,0.49329,0.64081,0.55523,0.56794,0.55179,0.55007,0.67688,0.63642,0.68612,0.63723,0.74223,0.70483,0.85548,0.82145,0.8044,0.68966,0.57395,0.4824,0.63314,0.50584,0.62148,0.5891,0.53914,0.55603,1,0.86584,0.73179,0.67166,0.76294,0.68595,0.61771,0.57844,0.62409,0.68229,0.54475,0.67487,0.60351,0.78226,0.52092,0.56286,0.49231,0.54851,0.67237,0.7204,0.48249,0.59833,0.61569,0.47793,0.58297,0.52575,0.61917,0.63913,0.66654,0.61569,0.57869,0.55956,0.6046,0.504,0.62634,0.57763,0.2901,0.39472,0.51856,0.54237,0.5793,0.53447,0.56207,0.34443,0.73225,0.74231,0.67805,0.65139,0.7281,0.69563,0.7631,0.60856,0.77359,0.76157,0.82001,0.8633,0.71967,0.77569,0.50981,0.71193,0.56284,0.6189,0.5729,0.5832,0.57003,0.49822,0.30192,0.32831,0.6275,0.65439,0.60879,0.69005,0.62708,0.48411,0.43835,0.41599,0.1594,0.37367,0.16003,0.30995,0.13979,0.61132,0.6473,0.58489,0.54451,0.52316,0.38089,0.18833
0.52475,0.5403,0.56108,0.58127,0.41016,0.65102,0.52785,0.5894,0.4671,0.54249,0.62895,0.65449,0.67758,0.69696,0.72101,0.73294,0.79324,0.72347,0.68921,0.62979,0.58904,0.41804,0.57414,0.52221,0.45244,0.50584,0.46995,0.50483,0.86584,1,0.66686,0.70173,0.69282,0.61443,0.55698,0.54911,0.53784,0.57834,0.45018,0.60425,0.48138,0.77779,0.36685,0.4413,0.52477,0.57088,0.57824,0.67542,0.4096,0.48989,0.56194,0.44725,0.52116,0.44732,0.51807,0.56545,0.52303,0.45013,0.41996,0.4742,0.49657,0.49541,0.5597,0.61831,0.27576,0.36291,0.45224,0.53356,0.54188,0.42632,0.47323,0.25012,0.75287,0.79469,0.62894,0.70588,0.6936,0.68216,0.69299,0.61133,0.7745,0.74291,0.74314,0.86769,0.69403,0.76953,0.40652,0.66896,0.5182,0.57628,0.49949,0.48871,0.53109,0.45949,0.25971,0.32257,0.52768,0.64471,0.46909,0.55398,0.58,0.45224,0.32315,0.2783,-0.11369,0.1582,0.015992,0.16088,-0.070931,0.68542,0.63298,0.45397,0.45492,0.28186,0.16763,0.2173
0.69275,0.73102,0.78727,0.7948,0.64376,0.66946,0.69362,0.74434,0.55515,0.67387,0.72592,0.65665,0.75595,0.69616,0.74972,0.7138,0.82429,0.74586,0.77803,0.80631,0.59648,0.46995,0.76851,0.7052,0.75729,0.79945,0.48252,0.59573,0.73179,0.66686,1,0.90487,0.88534,0.85531,0.80514,0.77088,0.3285,0.52322,0.51409,0.54047,0.60221,0.64391,0.70575,0.68927,0.76976,0.79002,0.8146,0.75868,0.73903,0.79451,0.7834,0.73709,0.70053,0.68346,0.60254,0.60657,0.73763,0.70877,0.66686,0.6987,0.67726,0.65011,0.7691,0.66046,0.58423,0.66969,0.7927,0.77276,0.74463,0.73791,0.69601,0.52248,0.68369,0.70001,0.59121,0.60221,0.79895,0.80285,0.69696,0.48008,0.82163,0.84884,0.78943,0.78319,0.7752,0.74388,0.33965,0.56808,0.62342,0.70444,0.76452,0.68823,0.77503,0.69973,0.21776,0.026414,0.68956,0.50614,0.75206,0.75415,0.74942,0.64964,0.75252,0.65811,0.39753,0.56867,0.35911,0.4272,-0.053476,0.5188,0.79135,0.69598,0.6638,0.63648,0.59242,0.028072
0.6184,0.6729,0.77836,0.82219,0.62268,0.68059,0.70183,0.78923,0.52192,0.66527,0.67575,0.65558,0.72979,0.75021,0.74821,0.73875,0.78653,0.71839,0.74498,0.77936,0.57851,0.46063,0.76823,0.78131,0.66158,0.77822,0.49138,0.62497,0.67166,0.70173,0.90487,1,0.80894,0.82026,0.81413,0.80555,0.32231,0.52357,0.49653,0.54398,0.52852,0.64082,0.70023,0.69721,0.7858,0.81601,0.80679,0.78749,0.67114,0.74281,0.75465,0.70724,0.72644,0.69283,0.64444,0.62411,0.68915,0.65458,0.59694,0.65193,0.61187,0.6483,0.69424,0.623,0.54609,0.68097,0.79815,0.81679,0.74959,0.69725,0.60784,0.47327,0.6898,0.67794,0.58343,0.60453,0.77458,0.79816,0.66701,0.5185,0.79627,0.83896,0.77639,0.78376,0.76312,0.75464,0.35851,0.60516,0.643,0.71235,0.75088,0.70311,0.77609,0.69952,0.34685,0.12849,0.71675,0.54038,0.71803,0.69431,0.74373,0.60839,0.68537,0.59994,0.28183,0.434,0.34554,0.3981,-0.05473,0.58271,0.82815,0.68934,0.68542,0.55079,0.5666,0.10763
0.83261,0.83719,0.81707,0.82744,0.59178,0.71797,0.78106,0.82262,0.64437,0.75037,0.8425,0.79582,0.86553,0.79665,0.77878,0.80522,0.87694,0.82068,0.85513,0.87449,0.56173,0.47916,0.78106,0.70205,0.74358,0.7326,0.51695,0.59813,0.76294,0.69282,0.88534,0.80894,1,0.95322,0.77018,0.74043,0.34827,0.5171,0.53616,0.5855,0.67074,0.70116,0.70389,0.69881,0.75124,0.81435,0.83073,0.78752,0.77511,0.86234,0.85815,0.77293,0.7364,0.71964,0.68249,0.7091,0.83547,0.78405,0.76265,0.81576,0.83274,0.77647,0.7985,0.75743,0.55769,0.68735,0.82187,0.82485,0.77386,0.78062,0.72204,0.58044,0.73063,0.75133,0.66128,0.69647,0.86572,0.83325,0.71588,0.43169,0.82818,0.85501,0.78098,0.83661,0.83624,0.78252,0.43819,0.61712,0.72285,0.76165,0.83355,0.77117,0.8297,0.77776,0.32281,0.10352,0.74448,0.57601,0.80925,0.84968,0.7965,0.72492,0.77905,0.69441,0.37249,0.55836,0.37445,0.52481,0.059734,0.5243,0.75401,0.75921,0.69346,0.61246,0.56967,0.065733
0.78981,0.82601,0.81785,0.86215,0.62873,0.74323,0.8187,0.88091,0.69647,0.81122,0.79598,0.77136,0.81757,0.78504,0.73894,0.80897,0.81184,0.77349,0.83605,0.87863,0.45627,0.45898,0.79202,0.74696,0.74432,0.75256,0.48569,0.57629,0.68595,0.61443,0.85531,0.82026,0.95322,1,0.82046,0.79853,0.29547,0.4718,0.50934,0.542,0.67112,0.60377,0.69101,0.65384,0.74336,0.79716,0.8109,0.74205,0.75846,0.83972,0.81413,0.73171,0.73497,0.72503,0.69394,0.71443,0.81846,0.79833,0.75529,0.82223,0.81137,0.83512,0.76256,0.7571,0.5981,0.76883,0.86096,0.88768,0.77272,0.7815,0.70329,0.60972,0.69759,0.69428,0.65126,0.67632,0.82321,0.82917,0.65118,0.35065,0.77355,0.81588,0.73789,0.76576,0.81335,0.72533,0.44269,0.58931,0.72092,0.76181,0.85245,0.77991,0.8614,0.79805,0.34947,0.045153,0.74043,0.4974,0.80716,0.83296,0.8014,0.72395,0.80561,0.72975,0.41789,0.55971,0.46287,0.59068,0.10063,0.42367,0.72474,0.72132,0.68192,0.60653,0.57099,0.020617
0.60339,0.68767,0.78371,0.80064,0.61875,0.67661,0.64432,0.73416,0.57457,0.67001,0.58996,0.55961,0.62454,0.64946,0.66477,0.6691,0.6998,0.65304,0.71694,0.75666,0.48832,0.41838,0.7623,0.7477,0.75804,0.82305,0.4366,0.5268,0.61771,0.55698,0.80514,0.81413,0.77018,0.82046,1,0.91178,0.33514,0.45216,0.51586,0.50627,0.51522,0.53649,0.75079,0.75744,0.8169,0.78609,0.78882,0.78026,0.59408,0.68743,0.72977,0.64263,0.64382,0.64711,0.59256,0.59215,0.70747,0.71625,0.57649,0.61934,0.57076,0.6224,0.57394,0.49259,0.62066,0.77321,0.86519,0.87036,0.71876,0.6887,0.66039,0.49497,0.60003,0.58615,0.56943,0.58065,0.783,0.78413,0.65763,0.44749,0.72671,0.76462,0.68348,0.67,0.79124,0.72402,0.42057,0.56762,0.6299,0.6546,0.74007,0.63968,0.73899,0.6247,0.31656,0.10712,0.74338,0.52746,0.73387,0.71129,0.70064,0.56392,0.65188,0.57379,0.34891,0.43585,0.40713,0.42906,-0.0025169,0.5262,0.80354,0.64854,0.62757,0.61954,0.63808,0.069218
0.61171,0.68578,0.72457,0.81248,0.5555,0.6786,0.58862,0.71732,0.52475,0.63563,0.55002,0.55048,0.60228,0.66211,0.60845,0.65248,0.71367,0.64541,0.72033,0.75437,0.52685,0.40653,0.6748,0.72864,0.70149,0.80196,0.41654,0.52871,0.57844,0.54911,0.77088,0.80555,0.74043,0.79853,0.91178,1,0.30847,0.43869,0.54457,0.55225,0.50588,0.58074,0.71309,0.70961,0.81021,0.77381,0.73715,0.75235,0.60301,0.65654,0.75229,0.65579,0.65753,0.64552,0.59552,0.59274,0.70137,0.68785,0.60347,0.66485,0.53888,0.61434,0.54648,0.42228,0.49952,0.74923,0.86627,0.91081,0.74998,0.70793,0.54489,0.44431,0.60124,0.59413,0.54447,0.57194,0.73336,0.77849,0.70574,0.5187,0.76556,0.79936,0.66796,0.67651,0.73321,0.7066,0.39199,0.55406,0.65151,0.68874,0.72912,0.67023,0.74478,0.59751,0.34442,0.14506,0.74731,0.53194,0.70919,0.68786,0.67458,0.48907,0.60368,0.5314,0.28347,0.30014,0.33879,0.39234,-0.023711,0.54273,0.78272,0.65233,0.62955,0.62056,0.59558,0.014262
0.35528,0.4112,0.36058,0.29891,0.29507,0.30296,0.17013,0.18661,0.33044,0.20039,0.24612,0.26705,0.26447,0.31113,0.42343,0.40401,0.47415,0.43606,0.44971,0.3194,0.5026,0.42924,0.30763,0.29051,0.47014,0.43592,0.48497,0.45545,0.62409,0.53784,0.3285,0.32231,0.34827,0.29547,0.33514,0.30847,1,0.77618,0.61814,0.7339,0.37085,0.64006,0.30728,0.37588,0.15121,0.16903,0.35095,0.49446,0.13479,0.2326,0.31624,0.13246,0.3113,0.1818,0.47054,0.38779,0.38508,0.37913,0.2981,0.23342,0.15288,0.08841,0.17411,0.12478,0.010306,0.10931,0.17782,0.21308,0.3397,0.22748,0.25147,0.087343,0.38413,0.35216,0.37484,0.35314,0.40123,0.41773,0.54115,0.55442,0.44167,0.46021,0.54305,0.59308,0.41473,0.55288,0.49409,0.6223,0.32621,0.34753,0.20517,0.28849,0.19629,0.10599,0.32772,0.5551,0.46083,0.62314,0.29492,0.38514,0.24315,0.21802,0.013387,0.081577,-0.035341,0.081249,0.022045,0.13761,0.2276,0.55985,0.38853,0.27843,0.2929,0.17075,0.22733,0.32207
0.45533,0.49718,0.54725,0.49887,0.42919,0.40428,0.3469,0.36909,0.39268,0.31862,0.40127,0.34209,0.47282,0.45289,0.57266,0.51894,0.61004,0.54066,0.54791,0.45573,0.59035,0.48596,0.41397,0.43678,0.56202,0.56925,0.59539,0.62317,0.68229,0.57834,0.52322,0.52357,0.5171,0.4718,0.45216,0.43869,0.77618,1,0.50707,0.70418,0.3875,0.70563,0.48023,0.54077,0.36307,0.39613,0.52476,0.63564,0.35032,0.46598,0.54523,0.44482,0.44586,0.32267,0.48297,0.47603,0.46095,0.43872,0.41451,0.37536,0.32724,0.2489,0.38514,0.27944,0.17465,0.31427,0.37473,0.37987,0.4097,0.35247,0.40494,0.17041,0.5406,0.50108,0.45431,0.45479,0.59447,0.60211,0.59849,0.54785,0.59772,0.6049,0.55682,0.66902,0.49645,0.72087,0.36228,0.66299,0.3787,0.51768,0.34887,0.40423,0.40113,0.37966,0.28796,0.44669,0.52274,0.70345,0.41346,0.53667,0.40247,0.45156,0.22969,0.37541,0.0048496,0.19773,0.0011784,0.19048,0.12274,0.66843,0.59516,0.41231,0.49667,0.38449,0.30979,0.17627
0.61265,0.67576,0.60185,0.53708,0.47923,0.46157,0.39864,0.4147,0.49575,0.38053,0.3935,0.40556,0.4209,0.41298,0.51056,0.49202,0.57274,0.54714,0.62386,0.52048,0.53097,0.63578,0.52588,0.50745,0.69614,0.68152,0.51612,0.55089,0.54475,0.45018,0.51409,0.49653,0.53616,0.50934,0.51586,0.54457,0.61814,0.50707,1,0.83424,0.63,0.59956,0.60074,0.55656,0.40747,0.47127,0.66498,0.67128,0.42838,0.48825,0.56825,0.38901,0.57172,0.55038,0.76416,0.69861,0.66184,0.65955,0.63803,0.54801,0.4459,0.33576,0.27972,0.2207,0.16479,0.38335,0.54105,0.48718,0.57073,0.50409,0.54688,0.46212,0.50602,0.45161,0.57376,0.53207,0.56438,0.5715,0.58977,0.50116,0.52685,0.56465,0.69096,0.60168,0.56245,0.54703,0.66696,0.59946,0.70642,0.58842,0.52101,0.58374,0.44506,0.34061,0.45579,0.27268,0.75433,0.61116,0.64522,0.65955,0.45346,0.40572,0.34616,0.37584,0.36409,0.429,0.39757,0.49822,0.078279,0.51199,0.57081,0.56822,0.47766,0.43689,0.53028,0.21045
0.55572,0.62854,0.60702,0.53531,0.43526,0.46399,0.39662,0.40241,0.46416,0.38249,0.4286,0.42577,0.4807,0.46671,0.57052,0.54466,0.62804,0.56931,0.68141,0.55007,0.61696,0.55232,0.53042,0.47708,0.70185,0.67845,0.56633,0.5832,0.67487,0.60425,0.54047,0.54398,0.5855,0.542,0.50627,0.55225,0.7339,0.70418,0.83424,1,0.53762,0.7125,0.53841,0.55717,0.40237,0.44154,0.58846,0.6649,0.41385,0.46096,0.57376,0.40911,0.50507,0.49065,0.67626,0.66714,0.59965,0.56927,0.54253,0.50026,0.4039,0.29912,0.29733,0.23258,0.1325,0.32702,0.48991,0.48577,0.57057,0.46182,0.43731,0.28651,0.52938,0.49148,0.57226,0.53988,0.57793,0.62292,0.65894,0.5564,0.60737,0.61687,0.74162,0.71089,0.61209,0.65869,0.63264,0.65676,0.66509,0.62419,0.46338,0.54881,0.4108,0.35276,0.535,0.49365,0.71343,0.75287,0.56624,0.62022,0.41695,0.41354,0.25599,0.33149,0.15269,0.30315,0.15419,0.36133,0.093741,0.66475,0.59333,0.51288,0.51975,0.40034,0.45648,0.20713
0.6542,0.66538,0.53688,0.58962,0.36082,0.46205,0.47487,0.5345,0.47429,0.51173,0.58839,0.59421,0.55406,0.52951,0.54079,0.60744,0.60636,0.63056,0.65203,0.60784,0.32562,0.39513,0.50009,0.4688,0.5457,0.54224,0.29339,0.42829,0.60351,0.48138,0.60221,0.52852,0.67074,0.67112,0.51522,0.50588,0.37085,0.3875,0.63,0.53762,1,0.61296,0.54736,0.4754,0.40166,0.49877,0.65606,0.57964,0.54297,0.62436,0.50583,0.4378,0.50342,0.56615,0.58043,0.60082,0.65292,0.62652,0.67638,0.62847,0.65375,0.5554,0.51039,0.50226,0.25466,0.4353,0.55415,0.55224,0.55856,0.53983,0.61994,0.54575,0.71297,0.63723,0.71862,0.64736,0.638,0.65118,0.47365,0.27037,0.55437,0.58579,0.64484,0.57566,0.52464,0.45547,0.44618,0.39327,0.56165,0.51412,0.62813,0.5627,0.58414,0.50173,0.29669,0.026622,0.6127,0.4507,0.67969,0.70524,0.56805,0.44976,0.57923,0.50766,0.45802,0.57289,0.46169,0.66853,0.16681,0.28811,0.54702,0.56581,0.48248,0.48143,0.52862,0.15664
0.62388,0.61933,0.56918,0.62768,0.36437,0.50426,0.46058,0.50486,0.40224,0.39539,0.62674,0.57409,0.65557,0.62509,0.69258,0.6351,0.78818,0.73229,0.70852,0.62206,0.62774,0.42523,0.52227,0.54003,0.52818,0.55878,0.48948,0.54484,0.78226,0.77779,0.64391,0.64082,0.70116,0.60377,0.53649,0.58074,0.64006,0.70563,0.59956,0.7125,0.61296,1,0.52013,0.56685,0.53916,0.57897,0.65717,0.74555,0.47531,0.57509,0.62878,0.5318,0.5696,0.52208,0.59761,0.58427,0.62707,0.54552,0.52687,0.53938,0.52769,0.41364,0.5679,0.46925,0.27984,0.4091,0.52232,0.54031,0.59315,0.49465,0.48381,0.21957,0.75953,0.76036,0.63797,0.65209,0.74952,0.69966,0.71706,0.63736,0.77173,0.76836,0.74527,0.83138,0.67405,0.78895,0.43756,0.67035,0.55981,0.62966,0.52113,0.56178,0.53328,0.47229,0.38191,0.39106,0.62609,0.72476,0.57167,0.6707,0.55205,0.48691,0.40725,0.37767,0.05127,0.32359,0.093769,0.27471,0.022058,0.74755,0.68144,0.59932,0.55552,0.42419,0.37611,0.17403
0.69521,0.71789,0.76779,0.73996,0.47291,0.50659,0.57278,0.60267,0.47322,0.45964,0.54947,0.4977,0.57231,0.53856,0.56641,0.54237,0.64269,0.63094,0.66302,0.67933,0.43674,0.39497,0.66979,0.70194,0.79123,0.74,0.33505,0.47453,0.52092,0.36685,0.70575,0.70023,0.70389,0.69101,0.75079,0.71309,0.30728,0.48023,0.60074,0.53841,0.54736,0.52013,1,0.93775,0.73156,0.7871,0.86822,0.81172,0.7273,0.77247,0.79445,0.70143,0.69124,0.67795,0.66549,0.59349,0.76012,0.72824,0.72254,0.68972,0.63592,0.51614,0.49119,0.34196,0.45094,0.64805,0.79823,0.72186,0.70721,0.69217,0.71378,0.58408,0.55885,0.49399,0.55887,0.51511,0.75102,0.74425,0.61639,0.41627,0.64111,0.67443,0.6502,0.59242,0.70504,0.64703,0.38956,0.49613,0.66056,0.65158,0.73981,0.68034,0.68441,0.6161,0.44835,0.15886,0.78591,0.58463,0.80707,0.75439,0.66742,0.58248,0.70268,0.62599,0.53863,0.58035,0.40427,0.55955,0.14939,0.56491,0.81583,0.77635,0.76746,0.75926,0.8397,0.16298
