1,0.78433,0.72145,0.67315,0.60394,0.35599,0.73752,0.5658,0.50148,0.23772,0.6616,0.48781,0.50817,0.29715,0.47647,0.20006,0.36864,0.21012,0.7527,0.7169,0.36812,0.4513,0.53643,0.50085,0.46317,0.45066,0.55114,0.38062,0.1875,0.039612,0.49233,0.39116,0.66615,0.52749,0.42062,0.51228,0.13181,0.39015,0.25703,0.20471,0.46157,0.27258,0.67384,0.64842,0.44468,0.3852,0.65786,0.68239,0.50106,0.47792,0.66794,0.46878,0.46217,0.5169,0.54,0.52893,0.82074,0.57933,0.73866,0.44539,0.691,0.37373,0.26927,0.097496,0.51682,0.52557,0.65769,0.56452,0.67355,0.45613,0.30744,0.41404,0.57147,0.5059,0.52501,0.47679,0.63116,0.52216,0.28725,0.50329,0.25706,0.52772,0.49956,0.31005,0.61608,0.64493,0.3498,0.55367,0.58016,0.58781,0.65289,0.66438,0.61275,0.72591,0.098565,0.005975,0.32823,0.24292,0.63429,0.68093,0.47303,0.59448,0.4604,0.60165,0.53654,0.57873,0.40293,0.40858,-0.048217,0.054646,0.3457,0.34956,0.46209,0.53024,0.49037,0.31112
0.78433,1,0.57142,0.59019,0.5342,0.43169,0.52795,0.59301,0.34235,0.13306,0.51335,0.48967,0.33732,0.18283,0.3444,0.14092,0.37298,0.31463,0.67986,0.74138,0.31661,0.47011,0.48251,0.42836,0.42189,0.51831,0.44483,0.3461,0.18629,0.15263,0.49263,0.40471,0.68743,0.59571,0.49176,0.52789,0.072629,0.3602,0.27861,0.19835,0.49783,0.30834,0.58581,0.55617,0.52962,0.51225,0.62772,0.64345,0.50053,0.58288,0.54885,0.46448,0.56821,0.59192,0.51344,0.57623,0.78986,0.76254,0.62114,0.52318,0.5663,0.43313,0.23719,0.18327,0.39525,0.36265,0.59157,0.51855,0.63934,0.47128,0.393,0.40895,0.54156,0.53666,0.45161,0.53069,0.63443,0.49859,0.31453,0.63394,0.3145,0.59426,0.5549,0.27169,0.57474,0.53498,0.38707,0.44023,0.55325,0.59732,0.60659,0.53688,0.55467,0.522,0.092098,0.0064889,0.32763,0.24008,0.69932,0.69907,0.53318,0.42273,0.49798,0.48992,0.52813,0.54637,0.4106,0.35921,-0.090878,0.011764,0.25395,0.36636,0.50015,0.48849,0.44073,0.34867
0.72145,0.57142,1,0.80141,0.63156,0.41477,0.84072,0.50921,0.43319,0.095206,0.50407,0.091526,0.37259,0.069277,0.45733,0.00010657,0.11485,0.0087863,0.67548,0.50911,0.38225,0.43096,0.76137,0.63433,0.62464,0.58814,0.59061,0.39532,0.028597,-0.14614,0.6766,0.46525,0.64234,0.40078,0.43906,0.50211,0.25055,0.49317,0.41154,0.31664,0.49987,0.23396,0.79927,0.78327,0.4866,0.46576,0.75047,0.79853,0.57684,0.52216,0.71731,0.44373,0.48449,0.54737,0.70199,0.63418,0.64606,0.40648,0.56933,0.29045,0.58616,0.15932,0.077368,-0.18997,0.62064,0.55334,0.70613,0.50288,0.57428,0.3076,0.54372,0.60995,0.58061,0.44732,0.5591,0.43545,0.67534,0.46972,0.075955,0.33876,0.056593,0.30085,0.37287,0.10012,0.53194,0.48385,0.41359,0.53436,0.57578,0.54629,0.55644,0.71351,0.5276,0.65181,0.1678,0.071697,0.42625,0.26349,0.5734,0.70005,0.31186,0.59413,0.3547,0.60357,0.55548,0.64338,0.34533,0.38733,-0.0082541,0.066907,0.36131,0.43507,0.43261,0.44785,0.56519,0.39013
0.67315,0.59019,0.80141,1,0.48004,0.43574,0.7459,0.77429,0.23206,0.30167,0.48967,0.35677,0.3116,0.37358,0.33365,0.27657,0.21181,0.14207,0.62691,0.65101,0.41548,0.42443,0.48681,0.70811,0.49999,0.67895,0.5159,0.35781,0.16604,0.089974,0.69091,0.66719,0.80372,0.71555,0.41591,0.61808,0.22246,0.47016,0.37077,0.36481,0.45839,0.33203,0.75307,0.77196,0.52829,0.58011,0.70366,0.78734,0.45834,0.51392,0.71376,0.40145,0.38458,0.44404,0.613,0.59117,0.54191,0.43096,0.56712,0.52658,0.50535,0.44968,0.21682,0.054569,0.49767,0.73027,0.73326,0.73842,0.58289,0.5041,0.53182,0.51781,0.59249,0.52315,0.48547,0.47776,0.7497,0.63328,0.23904,0.45449,0.28223,0.50788,0.44143,0.32487,0.58294,0.73651,0.34756,0.59724,0.53637,0.71431,0.67198,0.57204,0.76486,0.59526,0.12753,0.095414,0.44964,0.34641,0.58881,0.62873,0.47736,0.64611,0.41569,0.593,0.66394,0.63429,0.37873,0.53035,0.0010007,0.14794,0.42047,0.4167,0.47291,0.46825,0.56183,0.4834
0.60394,0.5342,0.63156,0.48004,1,0.69285,0.58122,0.235,0.64196,0.13943,0.37708,0.061756,0.28725,-0.12389,0.50038,-0.10119,-0.031681,-0.063418,0.50731,0.40855,0.58978,0.69352,0.61812,0.33386,0.61061,0.63889,0.7818,0.76522,-0.1399,-0.26943,0.25282,0.07401,0.33236,0.16258,0.33968,0.32204,0.2596,0.52137,0.43515,0.3734,0.35056,0.26215,0.72369,0.69428,0.41926,0.29452,0.68033,0.66111,0.61942,0.55994,0.66094,0.52775,0.51046,0.63493,0.58951,0.61507,0.55543,0.32281,0.64418,0.4421,0.56783,0.14984,-0.12478,-0.24198,0.51086,0.3186,0.51189,0.35185,0.4481,0.17043,0.18843,0.36905,0.37598,0.2623,0.33094,0.31047,0.44631,0.24747,-0.026961,0.14799,-0.027124,0.19493,0.25324,0.10647,0.45708,0.39238,0.53775,0.61968,0.65094,0.52087,0.45477,0.56915,0.37951,0.45764,0.22865,0.15421,0.38448,0.3245,0.50525,0.54381,0.11374,0.42065,0.234,0.38195,0.36445,0.49548,0.19679,0.28736,0.15167,0.17762,0.09525,0.25737,0.35703,0.29924,0.41614,0.21751
0.35599,0.43169,0.41477,0.43574,0.69285,1,0.31106,0.38159,0.20929,0.27005,0.27182,0.25526,0.10203,0.07023,0.21729,0.062311,0.21312,0.18883,0.42212,0.30804,0.72963,0.66739,0.37374,0.24715,0.30154,0.62956,0.59741,0.79279,0.19763,0.1399,0.34402,0.27069,0.37592,0.33804,0.2678,0.2775,0.033609,0.3334,0.081413,0.13994,0.22655,0.069857,0.4689,0.47574,0.54564,0.53338,0.52108,0.54429,0.55309,0.65053,0.43899,0.49138,0.48808,0.48477,0.32413,0.36938,0.38929,0.3266,0.39291,0.53209,0.30735,0.25608,0.15912,0.15525,0.14165,0.165,0.40501,0.40861,0.25774,0.32745,0.14099,0.17465,0.34118,0.21728,0.24319,0.19672,0.40557,0.38244,0.23859,0.33148,0.32947,0.33306,0.19662,0.21016,0.33482,0.29928,0.23156,0.57665,0.35053,0.4162,0.41213,0.32898,0.39797,0.27767,-0.086883,-0.080727,0.10037,0.072575,0.4559,0.39481,0.22302,0.31462,0.30718,0.26825,0.2469,0.17145,0.058456,0.073348,-0.061946,0.1046,0.18313,0.21672,0.38069,0.19847,0.16195,0.21115
0.73752,0.52795,0.84072,0.7459,0.58122,0.31106,1,0.62047,0.63497,0.35554,0.62055,0.1638,0.61605,0.22436,0.57284,0.171,0.12255,-0.013285,0.59461,0.50361,0.30062,0.34034,0.63384,0.58448,0.49391,0.42911,0.52002,0.31775,0.10214,-0.092804,0.47048,0.38081,0.56385,0.40153,0.39119,0.4474,0.28659,0.49505,0.37609,0.3675,0.44774,0.2907,0.74881,0.76343,0.41809,0.39277,0.69416,0.78056,0.46412,0.43285,0.69118,0.37424,0.36187,0.50895,0.62651,0.57717,0.51827,0.32872,0.70449,0.38977,0.78222,0.36272,0.17691,-0.086396,0.59321,0.59159,0.66187,0.51897,0.52044,0.34072,0.48213,0.49629,0.54202,0.44413,0.50687,0.49193,0.67718,0.5069,0.11369,0.30111,0.13858,0.3543,0.34899,0.20573,0.62232,0.61058,0.36867,0.52341,0.60461,0.58368,0.62913,0.69221,0.59204,0.67624,0.22666,0.13287,0.4919,0.34827,0.55488,0.62221,0.32833,0.61897,0.30838,0.56878,0.43564,0.55207,0.2555,0.44251,0.061797,0.16,0.40268,0.44531,0.35767,0.41132,0.53555,0.27363
0.5658,0.59301,0.50921,0.77429,0.235,0.38159,0.62047,1,0.11828,0.47589,0.46734,0.57026,0.30873,0.54107,0.20284,0.47894,0.31636,0.22612,0.53517,0.65546,0.24698,0.29017,0.24024,0.57933,0.17498,0.44715,0.21487,0.12601,0.36926,0.40438,0.60002,0.72315,0.7955,0.85926,0.30886,0.51217,0.02511,0.28407,0.16115,0.22731,0.37884,0.22311,0.48399,0.52897,0.51987,0.62906,0.54178,0.63189,0.31925,0.47462,0.50776,0.28896,0.37989,0.36105,0.3958,0.39384,0.43236,0.48199,0.49885,0.65284,0.52613,0.76605,0.44457,0.45844,0.22868,0.55027,0.6002,0.72015,0.49649,0.60791,0.48364,0.36573,0.52493,0.54279,0.37603,0.4286,0.69768,0.62539,0.34315,0.53211,0.4091,0.59485,0.45205,0.39248,0.52313,0.71849,0.19213,0.45674,0.37803,0.64416,0.70162,0.42772,0.76413,0.50589,0.054711,0.03646,0.32277,0.2685,0.5699,0.52877,0.55311,0.48883,0.42424,0.50087,0.46509,0.41893,0.34298,0.45924,-0.063949,0.077132,0.35827,0.40787,0.41389,0.38677,0.35131,0.33868
0.50148,0.34235,0.43319,0.23206,0.64196,0.20929,0.63497,0.11828,1,0.41142,0.44708,-0.04875,0.61642,-0.066344,0.80321,0.14401,-0.0084366,-0.15537,0.42549,0.31977,0.20031,0.29952,0.60244,0.35245,0.45618,0.25953,0.45557,0.34214,-0.090311,-0.28963,-0.047011,-0.078806,0.082167,-0.062381,0.29739,0.12431,0.25259,0.32654,0.29925,0.28717,0.26325,0.24661,0.56009,0.53108,0.20747,0.10112,0.53497,0.49951,0.50893,0.33857,0.53184,0.40299,0.33765,0.5119,0.46735,0.45509,0.40182,0.12827,0.64092,0.23809,0.66234,0.13989,-0.090612,-0.26829,0.55064,0.20231,0.35264,0.12161,0.3743,0.038772,0.16189,0.34249,0.33408,0.26631,0.32075,0.31871,0.3573,0.19822,-0.074651,0.01655,-0.0388,0.13003,0.31529,0.13234,0.5094,0.33853,0.37713,0.44796,0.60691,0.33477,0.49019,0.61117,0.35276,0.50925,0.27283,0.18515,0.43454,0.33877,0.45495,0.49979,0.13415,0.44131,0.1738,0.40457,0.18765,0.39179,0.091788,0.30123,0.13984,0.1591,0.2377,0.31393,0.21542,0.34474,0.39464,0.069982
0.23772,0.13306,0.095206,0.30167,0.13943,0.27005,0.35554,0.47589,0.41142,1,0.40198,0.27199,0.50057,0.41336,0.42699,0.67732,0.25429,0.060124,0.26461,0.242,0.11993,0.10434,0.21246,0.4662,-0.036251,0.16346,0.1314,0.18892,0.28768,0.2095,0.055981,0.34187,0.13646,0.26343,0.035537,0.078608,-0.043622,0.035323,-0.15111,0.037569,0.15854,0.04259,0.18589,0.22289,0.13698,0.23767,0.26772,0.26813,0.24828,0.26277,0.22836,0.20131,0.13224,0.19757,0.13403,0.088075,0.062352,0.00051403,0.27755,0.36748,0.40721,0.57821,0.34724,0.33089,0.14634,0.23669,0.079126,0.17456,0.13582,0.1881,0.018439,0.035911,0.26535,0.26351,0.15278,0.14307,0.31161,0.39464,0.24998,0.17795,0.32332,0.31919,0.27099,0.35051,0.40186,0.4403,-0.01404,0.47239,0.24028,0.29833,0.60411,0.3237,0.61067,0.39393,-0.079161,-0.040417,0.13251,0.17297,0.37382,0.28213,0.30254,0.42934,0.28655,0.3389,0.16185,0.092679,-0.0082964,0.15632,-0.11985,0.091975,0.3919,0.28566,0.22359,0.31018,0.18839,0.18119
0.6616,0.51335,0.50407,0.48967,0.37708,0.27182,0.62055,0.46734,0.44708,0.40198,1,0.48593,0.80951,0.45511,0.5182,0.38227,0.52123,0.27284,0.62899,0.47016,0.32293,0.28345,0.44697,0.38747,0.27861,0.22094,0.38874,0.27405,0.36288,0.14781,0.32585,0.23533,0.45842,0.39517,0.25593,0.30693,0.12459,0.24934,0.1485,0.13792,0.394,0.1846,0.40663,0.41517,0.31171,0.36114,0.43466,0.4902,0.37008,0.44115,0.47654,0.35736,0.27846,0.35917,0.31631,0.308,0.40456,0.30477,0.56192,0.33265,0.6216,0.36841,0.47317,0.23355,0.35985,0.35919,0.39986,0.40055,0.31473,0.26535,0.12095,0.20904,0.41881,0.34429,0.40702,0.31294,0.64577,0.5926,0.39757,0.42618,0.43685,0.52019,0.50911,0.40708,0.65115,0.55712,0.24442,0.50553,0.49303,0.47877,0.53448,0.45037,0.41885,0.56417,0.055799,-0.014889,0.23776,0.16216,0.40164,0.41806,0.31726,0.62682,0.1872,0.42009,0.26319,0.26905,0.011232,0.35635,-0.10736,0.095756,0.41486,0.21038,0.10616,0.25921,0.25558,0.24885
0.48781,0.48967,0.091526,0.35677,0.061756,0.25526,0.1638,0.57026,-0.04875,0.27199,0.48593,1,0.25667,0.70924,0.089696,0.48974,0.7001,0.65477,0.38872,0.51234,0.2771,0.22318,0.012341,0.24914,0.015851,0.24018,0.17724,0.13833,0.61828,0.62957,0.31997,0.42941,0.60676,0.69498,0.26251,0.34906,-0.19273,-0.090772,-0.25771,-0.21636,0.14763,-0.019997,0.097847,0.10037,0.33286,0.41203,0.14543,0.23532,0.15458,0.31978,0.28238,0.26921,0.1533,0.13114,-0.015036,0.0040467,0.34693,0.44139,0.33197,0.42669,0.20042,0.43847,0.62558,0.65686,0.083044,0.30577,0.33487,0.52015,0.25086,0.47961,0.030252,0.048863,0.29782,0.31833,0.20336,0.13592,0.46813,0.60164,0.6755,0.64771,0.6397,0.73216,0.37819,0.44803,0.4291,0.52722,-0.15955,0.37161,0.066629,0.37813,0.41089,0.15205,0.49532,0.42055,-0.3401,-0.29863,-0.095772,-0.084605,0.36667,0.25847,0.53004,0.34521,0.42579,0.34267,0.34234,0.12708,0.20636,0.075931,-0.31949,-0.083599,0.31728,0.16655,0.23603,0.27339,-0.028461,0.10753
0.50817,0.33732,0.37259,0.3116,0.28725,0.10203,0.61605,0.30873,0.61642,0.50057,0.80951,0.25667,1,0.40132,0.69695,0.46305,0.34804,0.11725,0.49572,0.39007,0.1992,0.092411,0.46347,0.34053,0.20794,0.052859,0.30368,0.11297,0.29168,0.083278,0.11237,0.10179,0.23809,0.19577,0.18443,0.10803,0.23455,0.31359,0.15568,0.22686,0.24201,0.28624,0.36144,0.38215,0.2326,0.25766,0.39464,0.45155,0.36588,0.3317,0.40911,0.3227,0.20038,0.26861,0.26674,0.29345,0.25688,0.12412,0.5082,0.20296,0.65304,0.29099,0.38839,0.15349,0.32295,0.20892,0.25932,0.22356,0.30145,0.15525,0.15293,0.20667,0.35142,0.30478,0.39704,0.32921,0.54449,0.48123,0.23704,0.26701,0.33984,0.39018,0.40828,0.42462,0.64361,0.46641,0.20011,0.36226,0.43424,0.31812,0.48733,0.44486,0.34239,0.47851,0.16599,0.099276,0.35925,0.294,0.36931,0.38372,0.22006,0.53568,0.10623,0.32595,0.10723,0.15344,-0.14357,0.32111,0.042765,0.21604,0.4126,0.31047,0.11306,0.17885,0.19512,0.13648
0.29715,0.18283,0.069277,0.37358,-0.12389,0.07023,0.22436,0.54107,-0.066344,0.41336,0.45511,0.70924,0.40132,1,0.16946,0.69857,0.56339,0.49833,0.22545,0.34484,0.27043,0.032691,-0.046936,0.27199,-0.022916,0.11603,0.071372,-0.008584,0.63915,0.60705,0.32136,0.45555,0.49433,0.56378,0.070664,0.19006,0.031862,0.013173,-0.13305,-0.0065067,0.14835,0.09773,0.10791,0.14656,0.30753,0.39795,0.12476,0.21555,0.097917,0.23726,0.26648,0.17562,-0.035788,-0.10763,-0.034256,-0.068919,0.080364,0.18308,0.17091,0.29397,0.10137,0.35759,0.5487,0.54048,0.044508,0.34459,0.20231,0.44066,0.12083,0.44423,0.094773,0.065194,0.3399,0.29878,0.17154,0.067597,0.46129,0.6357,0.60955,0.48164,0.66497,0.62682,0.31193,0.58115,0.40702,0.48844,-0.20213,0.27389,0.016645,0.29974,0.42426,0.016641,0.4817,0.35487,-0.19353,-0.11024,0.064061,0.054869,0.1934,0.089737,0.38401,0.38275,0.16351,0.19764,0.12677,-0.07244,-0.11262,0.084851,-0.17027,0.14875,0.42655,0.21469,0.049539,0.16017,-0.054201,0.1788
0.47647,0.3444,0.45733,0.33365,0.50038,0.21729,0.57284,0.20284,0.80321,0.42699,0.5182,0.089696,0.69695,0.16946,1,0.46686,0.18147,0.016557,0.57299,0.49163,0.30719,0.20677,0.6631,0.48874,0.4593,0.32556,0.53979,0.37233,0.12992,-0.050778,0.11119,0.071404,0.23398,0.10271,0.32309,0.21753,0.30775,0.42293,0.27559,0.38422,0.28439,0.4596,0.52455,0.51672,0.23542,0.18735,0.53974,0.49764,0.4781,0.30753,0.49377,0.37567,0.27617,0.42025,0.39272,0.47113,0.30662,0.11293,0.47414,0.17985,0.48035,0.099537,0.10578,-0.12798,0.47507,0.1354,0.34325,0.1827,0.51142,0.1781,0.31753,0.45128,0.45674,0.35801,0.44916,0.41298,0.49781,0.37773,0.068724,0.1321,0.21139,0.35183,0.54121,0.48954,0.66516,0.45115,0.40162,0.50314,0.48943,0.35415,0.51059,0.61107,0.40136,0.52387,0.30027,0.25145,0.48082,0.46614,0.49103,0.55769,0.20426,0.52962,0.16295,0.41075,0.17582,0.2996,-0.03508,0.38132,0.22912,0.30483,0.29629,0.37522,0.20604,0.28689,0.30005,0.084706
0.20006,0.14092,0.00010657,0.27657,-0.10119,0.062311,0.171,0.47894,0.14401,0.67732,0.38227,0.48974,0.46305,0.69857,0.46686,1,0.45685,0.33626,0.32215,0.43907,0.12737,-0.032769,0.12939,0.47285,-0.078752,0.12959,0.091073,0.035371,0.53597,0.56585,0.19069,0.46789,0.33159,0.48501,0.099367,0.22721,0.03546,0.049786,-0.11096,0.10119,0.12981,0.22495,0.030351,0.083724,0.19245,0.30665,0.17515,0.17814,0.18818,0.15818,0.15787,0.21025,0.018509,0.062278,0.0010547,0.062904,-0.018056,-0.0055922,0.057316,0.19405,0.091257,0.40632,0.51788,0.49673,0.00037826,0.10172,0.11081,0.27802,0.23677,0.36542,0.16145,0.13315,0.39022,0.31954,0.22651,0.22934,0.40594,0.47627,0.40317,0.29995,0.58876,0.58988,0.53354,0.72043,0.45057,0.52337,-0.033703,0.36613,-0.025748,0.23224,0.51774,0.20852,0.52376,0.30782,-0.033946,0.041378,0.17951,0.247,0.34879,0.25006,0.36209,0.36771,0.21289,0.27836,0.13286,-0.038087,-0.10071,0.25558,-0.0073086,0.22299,0.36723,0.24562,0.11825,0.15561,-0.036681,0.12419
0.36864,0.37298,0.11485,0.21181,-0.031681,0.21312,0.12255,0.31636,-0.0084366,0.25429,0.52123,0.7001,0.34804,0.56339,0.18147,0.45685,1,0.79631,0.42528,0.35881,0.26042,0.21658,0.20403,0.17931,-0.024032,0.055221,0.094504,0.16387,0.83556,0.70697,0.34284,0.37017,0.4092,0.44025,0.15622,0.20939,-0.21824,-0.15963,-0.42041,-0.33917,0.17564,-0.11692,-0.019189,-0.046861,0.28591,0.37718,0.1258,0.14379,0.2078,0.30744,0.20659,0.29877,0.092356,0.17615,-0.03449,-0.086562,0.30758,0.37623,0.13582,0.1162,0.035165,0.10818,0.66733,0.55814,0.02552,0.091534,0.21779,0.26237,0.16556,0.46492,0.031205,0.069071,0.33501,0.29126,0.25374,0.12058,0.42371,0.62271,0.85721,0.67873,0.81112,0.67536,0.45249,0.47842,0.37879,0.26907,-0.27624,0.19588,-0.026298,0.16439,0.3337,0.23299,0.33074,0.45976,-0.52982,-0.50449,-0.18855,-0.26789,0.38415,0.29789,0.39951,0.34275,0.35831,0.38092,0.218,-0.086292,-0.083381,-0.15064,-0.5038,-0.14247,0.50419,0.17963,0.1521,0.24675,-0.12477,0.0089174
0.21012,0.31463,0.0087863,0.14207,-0.063418,0.18883,-0.013285,0.22612,-0.15537,0.060124,0.27284,0.65477,0.11725,0.49833,0.016557,0.33626,0.79631,1,0.17964,0.24473,0.23984,0.17041,0.073659,0.083882,-0.043067,0.1277,0.096444,0.14557,0.72809,0.73602,0.28706,0.33979,0.38036,0.40953,0.15657,0.17071,-0.30522,-0.21814,-0.4141,-0.36684,0.13098,-0.12352,-0.13015,-0.14236,0.26054,0.34822,-0.027721,0.034928,0.12289,0.24516,0.098554,0.24897,-0.018628,0.055493,-0.099565,-0.14626,0.2283,0.43274,0.0087487,0.075576,-0.12944,-0.011533,0.58807,0.53447,-0.017595,0.040902,0.15581,0.18875,0.084585,0.43324,-0.014461,0.024092,0.21128,0.10268,0.048429,-0.049112,0.28709,0.51477,0.81468,0.77985,0.71711,0.72881,0.35015,0.42933,0.23509,0.17732,-0.34344,0.091813,-0.15794,0.092869,0.13576,0.027038,0.20566,0.29246,-0.52307,-0.4917,-0.24098,-0.29695,0.28708,0.16068,0.28011,0.22624,0.31446,0.20695,0.17792,-0.13448,-0.091555,-0.24764,-0.50825,-0.19294,0.41224,0.17018,0.092744,0.19831,-0.2324,-0.011046
0.7527,0.67986,0.67548,0.62691,0.50731,0.42212,0.59461,0.53517,0.42549,0.26461,0.62899,0.38872,0.49572,0.22545,0.57299,0.32215,0.42528,0.17964,1,0.81792,0.37484,0.43441,0.64425,0.5602,0.42748,0.45987,0.50331,0.38523,0.24361,0.12937,0.48713,0.37098,0.67713,0.55404,0.4288,0.57674,0.18603,0.4443,0.33321,0.33419,0.48522,0.39218,0.60062,0.58237,0.53139,0.51472,0.69315,0.66612,0.56176,0.53487,0.62799,0.49722,0.50129,0.58313,0.528,0.62482,0.63547,0.41337,0.55026,0.38497,0.49588,0.32192,0.30683,0.1298,0.39594,0.32656,0.63645,0.5814,0.76709,0.49381,0.40446,0.49179,0.62801,0.57823,0.59899,0.58972,0.72493,0.52362,0.2353,0.40109,0.35808,0.50879,0.65895,0.48222,0.73023,0.63743,0.48311,0.58842,0.52013,0.55658,0.66216,0.73267,0.48898,0.61975,0.21642,0.13964,0.43539,0.3492,0.64934,0.74111,0.39078,0.68124,0.34023,0.67016,0.48834,0.49653,0.17579,0.44545,0.081771,0.19172,0.29578,0.33584,0.40722,0.34556,0.31549,0.32735
0.7169,0.74138,0.50911,0.65101,0.40855,0.30804,0.50361,0.65546,0.31977,0.242,0.47016,0.51234,0.39007,0.34484,0.49163,0.43907,0.35881,0.24473,0.81792,1,0.28953,0.35818,0.41177,0.55837,0.38946,0.50142,0.47083,0.25956,0.23346,0.26893,0.41374,0.44891,0.74841,0.71813,0.43997,0.64303,0.23987,0.49965,0.39428,0.4209,0.42663,0.54879,0.53554,0.53476,0.5163,0.49557,0.62541,0.63285,0.42358,0.46227,0.56483,0.42521,0.40964,0.48111,0.47506,0.62224,0.61043,0.53319,0.57476,0.50983,0.44539,0.43298,0.25271,0.20112,0.32389,0.37385,0.61835,0.65003,0.85362,0.65444,0.45709,0.45706,0.63878,0.6488,0.52248,0.67922,0.7011,0.51073,0.24931,0.49864,0.38858,0.67281,0.70664,0.61583,0.70177,0.77498,0.45467,0.51602,0.46543,0.63315,0.67211,0.58179,0.59707,0.4852,0.31573,0.26155,0.56511,0.50583,0.69136,0.71722,0.49445,0.52082,0.38334,0.55439,0.4791,0.5008,0.28965,0.55072,0.20628,0.28655,0.27122,0.40949,0.43238,0.38267,0.32585,0.28126
0.36812,0.31661,0.38225,0.41548,0.58978,0.72963,0.30062,0.24698,0.20031,0.11993,0.32293,0.2771,0.1992,0.27043,0.30719,0.12737,0.26042,0.23984,0.37484,0.28953,1,0.63035,0.26059,0.085994,0.35237,0.46192,0.62459,0.70204,0.32108,0.16029,0.29468,0.097761,0.31774,0.21637,0.14503,0.12933,0.26987,0.41241,0.10682,0.25079,0.13169,0.19313,0.49812,0.5086,0.5483,0.4652,0.44509,0.48162,0.56131,0.57829,0.55546,0.45881,0.18467,0.24785,0.16083,0.19895,0.26101,0.18636,0.40562,0.43435,0.18001,0.013047,0.092985,-0.0016294,0.12838,0.19279,0.39296,0.42211,0.19697,0.3721,0.21589,0.26655,0.42154,0.28037,0.30411,0.22171,0.44134,0.4804,0.33713,0.27718,0.4718,0.31157,0.11541,0.38983,0.34363,0.22847,0.059054,0.45461,0.29782,0.31611,0.32717,0.22031,0.27699,0.29564,-0.016929,0.047156,0.20563,0.14251,0.3149,0.23779,0.12504,0.38703,0.1212,0.20549,0.07557,-0.041191,-0.19617,0.11229,0.082276,0.37216,0.28663,0.16392,0.24776,0.071538,-0.012902,0.27614
0.4513,0.47011,0.43096,0.42443,0.69352,0.66739,0.34034,0.29017,0.29952,0.10434,0.28345,0.22318,0.092411,0.032691,0.20677,-0.032769,0.21658,0.17041,0.43441,0.35818,0.63035,1,0.33468,0.2014,0.31381,0.51217,0.55149,0.70965,0.12566,0.029868,0.23114,0.11719,0.3346,0.26339,0.054848,0.24318,0.1216,0.31989,0.16815,0.20401,0.18477,0.12415,0.49459,0.45615,0.42794,0.37273,0.50329,0.48536,0.57045,0.59123,0.53079,0.51707,0.38608,0.53986,0.36659,0.40855,0.44268,0.37618,0.49413,0.48639,0.26828,0.090568,0.076367,0.0098621,0.14008,0.15673,0.53184,0.47298,0.28837,0.42545,0.17737,0.42285,0.28936,0.18525,0.18797,0.2392,0.36212,0.23602,0.21769,0.2774,0.20572,0.24146,0.23937,0.2115,0.26034,0.26961,0.26425,0.43003,0.36478,0.40446,0.37973,0.48251,0.25786,0.35485,-0.036064,-0.076628,0.10323,0.085182,0.40993,0.43627,0.24513,0.30983,0.22192,0.40741,0.3242,0.26236,0.075446,0.079341,-0.021218,0.042196,0.098107,0.13753,0.30621,0.24117,0.13274,0.18854
0.53643,0.48251,0.76137,0.48681,0.61812,0.37374,0.63384,0.24024,0.60244,0.21246,0.44697,0.012341,0.46347,-0.046936,0.6631,0.12939,0.20403,0.073659,0.64425,0.41177,0.26059,0.33468,1,0.66993,0.64805,0.54545,0.61987,0.45186,0.025637,-0.1497,0.47808,0.32941,0.40124,0.17135,0.4643,0.39583,0.1609,0.35013,0.26856,0.21576,0.46572,0.17471,0.62272,0.58468,0.36037,0.3236,0.65066,0.62084,0.59073,0.4389,0.58352,0.45532,0.50035,0.62407,0.62184,0.57099,0.53467,0.24743,0.39791,0.10756,0.4721,0.054563,0.093597,-0.15535,0.6612,0.28897,0.46936,0.22549,0.49349,0.1105,0.34995,0.50693,0.47741,0.33519,0.47567,0.32663,0.53809,0.39115,0.090619,0.26149,0.071342,0.26109,0.47327,0.15347,0.57282,0.34589,0.4432,0.53742,0.551,0.4635,0.53282,0.7444,0.4098,0.65952,0.078186,-0.011202,0.33443,0.18689,0.57297,0.65785,0.19846,0.56443,0.25014,0.50792,0.45681,0.51967,0.18029,0.23005,-0.078017,0.01308,0.3134,0.36425,0.29543,0.37707,0.41062,0.23231
0.50085,0.42836,0.63433,0.70811,0.33386,0.24715,0.58448,0.57933,0.35245,0.4662,0.38747,0.24914,0.34053,0.27199,0.48874,0.47285,0.17931,0.083882,0.5602,0.55837,0.085994,0.2014,0.66993,1,0.49609,0.6557,0.41596,0.21979,0.051831,0.014682,0.5765,0.68758,0.64027,0.53609,0.53112,0.60932,0.024167,0.20316,0.25187,0.19071,0.51636,0.22905,0.5424,0.54003,0.34342,0.38406,0.54743,0.58182,0.39256,0.28902,0.51139,0.30228,0.37086,0.47508,0.54615,0.49387,0.40954,0.20588,0.34509,0.2331,0.43111,0.41215,0.22583,0.051679,0.6552,0.59589,0.54571,0.4643,0.54139,0.33524,0.36815,0.44031,0.45902,0.37994,0.35756,0.30145,0.60008,0.49221,0.1395,0.28011,0.13817,0.44005,0.54993,0.31465,0.57434,0.65263,0.34289,0.63964,0.47037,0.62158,0.65415,0.66208,0.71782,0.63747,0.021739,-0.010762,0.31056,0.22078,0.53077,0.61579,0.41512,0.62073,0.35839,0.55134,0.613,0.62754,0.3989,0.46903,-0.13424,-0.0656,0.44465,0.33743,0.33756,0.48677,0.53676,0.36676
0.46317,0.42189,0.62464,0.49999,0.61061,0.30154,0.49391,0.17498,0.45618,-0.036251,0.27861,0.015851,0.20794,-0.022916,0.4593,-0.078752,-0.024032,-0.043067,0.42748,0.38946,0.35237,0.31381,0.64805,0.49609,1,0.69593,0.70035,0.41691,-0.17953,-0.32355,0.35865,0.13795,0.40347,0.13907,0.51285,0.45473,0.43953,0.47708,0.47762,0.44243,0.39894,0.37605,0.74532,0.71178,0.37965,0.21762,0.58252,0.61096,0.45375,0.33389,0.63988,0.32671,0.29098,0.3724,0.49817,0.48228,0.41162,0.12703,0.46962,0.2038,0.3607,-0.024605,-0.34371,-0.48646,0.7863,0.50209,0.42654,0.2588,0.49674,0.094758,0.34944,0.44673,0.48647,0.4088,0.37188,0.29396,0.44095,0.28613,0.0079824,0.12438,-0.047475,0.17583,0.14431,0.10039,0.55359,0.37765,0.38675,0.5209,0.64638,0.51696,0.29174,0.421,0.30126,0.46335,0.26622,0.30297,0.46321,0.38825,0.29236,0.42456,0.070658,0.40724,0.037299,0.18723,0.27364,0.45704,0.13158,0.36038,0.21533,0.28684,0.25341,0.17721,0.096218,0.20424,0.41831,0.35733
0.45066,0.51831,0.58814,0.67895,0.63889,0.62956,0.42911,0.44715,0.25953,0.16346,0.22094,0.24018,0.052859,0.11603,0.32556,0.12959,0.055221,0.1277,0.45987,0.50142,0.46192,0.51217,0.54545,0.6557,0.69593,1,0.66519,0.62336,-0.040011,-0.035444,0.51921,0.46451,0.59809,0.44104,0.47772,0.56347,0.18446,0.42081,0.36698,0.30634,0.37588,0.24388,0.66135,0.66492,0.48093,0.45204,0.5965,0.61857,0.49472,0.46202,0.59642,0.39848,0.39421,0.48485,0.54154,0.54779,0.44414,0.34157,0.44512,0.41805,0.32653,0.23342,-0.04691,-0.1145,0.57076,0.52778,0.5391,0.48035,0.50294,0.30253,0.32275,0.41086,0.41677,0.29972,0.26991,0.27432,0.52461,0.41104,0.13963,0.32319,0.12207,0.40245,0.35357,0.1987,0.48353,0.50628,0.39374,0.65928,0.50351,0.63484,0.46556,0.42328,0.56799,0.42405,0.054693,0.078434,0.29403,0.25503,0.44016,0.50129,0.27761,0.45499,0.27062,0.33436,0.50989,0.56304,0.32177,0.37033,0.005922,0.061736,0.22178,0.215,0.35581,0.36604,0.44372,0.39396
0.55114,0.44483,0.59061,0.5159,0.7818,0.59741,0.52002,0.21487,0.45557,0.1314,0.38874,0.17724,0.30368,0.071372,0.53979,0.091073,0.094504,0.096444,0.50331,0.47083,0.62459,0.55149,0.61987,0.41596,0.70035,0.66519,1,0.76963,-0.041769,-0.16658,0.2845,0.10877,0.37803,0.20723,0.36479,0.44179,0.34941,0.5298,0.35574,0.40487,0.29167,0.38412,0.61863,0.60822,0.33686,0.21218,0.53443,0.54757,0.43232,0.39714,0.56612,0.38287,0.33535,0.45438,0.42959,0.49069,0.40302,0.20834,0.52805,0.34338,0.3987,0.07458,-0.058417,-0.19179,0.52278,0.37007,0.44493,0.37405,0.46171,0.22061,0.17951,0.35289,0.43774,0.29523,0.35197,0.35496,0.43038,0.31289,0.0892,0.2108,0.13248,0.33606,0.32235,0.34613,0.58325,0.50719,0.46915,0.70201,0.55592,0.56119,0.38993,0.47297,0.33059,0.45409,0.21639,0.19873,0.33324,0.3641,0.39837,0.42263,0.079042,0.43451,0.10533,0.24729,0.30733,0.37948,0.10858,0.28345,0.24367,0.31458,0.060531,0.13616,0.16293,0.16955,0.28071,0.19539
0.38062,0.3461,0.39532,0.35781,0.76522,0.79279,0.31775,0.12601,0.34214,0.18892,0.27405,0.13833,0.11297,-0.008584,0.37233,0.035371,0.16387,0.14557,0.38523,0.25956,0.70204,0.70965,0.45186,0.21979,0.41691,0.62336,0.76963,1,0.081258,-0.071109,0.18112,0.045404,0.20816,0.091542,0.1345,0.21231,0.1727,0.37378,0.1489,0.22322,0.16281,0.1621,0.45106,0.45881,0.29355,0.23527,0.41489,0.41884,0.43868,0.43702,0.40297,0.36911,0.25913,0.41782,0.28133,0.33721,0.30223,0.19494,0.36876,0.32492,0.24418,0.026971,0.023499,-0.060511,0.23805,0.16868,0.30001,0.25625,0.25958,0.2259,0.0092754,0.2049,0.25612,0.069083,0.19153,0.17634,0.29744,0.24896,0.17622,0.19317,0.22795,0.25278,0.22558,0.27556,0.33663,0.28932,0.32435,0.58282,0.35046,0.39897,0.28855,0.37028,0.24867,0.31899,-0.014848,-0.010399,0.082639,0.13545,0.31447,0.30806,0.036616,0.34207,0.1048,0.24553,0.21274,0.19541,-0.0018909,0.050681,0.060941,0.21362,0.072595,0.048766,0.18058,0.15943,0.19072,0.16489
0.1875,0.18629,0.028597,0.16604,-0.1399,0.19763,0.10214,0.36926,-0.090311,0.28768,0.36288,0.61828,0.29168,0.63915,0.12992,0.53597,0.83556,0.72809,0.24361,0.23346,0.32108,0.12566,0.025637,0.051831,-0.17953,-0.040011,-0.041769,0.081258,1,0.85913,0.34294,0.39752,0.34348,0.42601,0.029531,0.075823,-0.13846,-0.11044,-0.44101,-0.26259,0.074199,-0.12589,-0.080328,-0.065717,0.30235,0.43698,0.086804,0.12216,0.18217,0.26861,0.15363,0.22873,-0.016762,-0.020725,-0.13243,-0.21665,0.081606,0.23531,0.036575,0.12213,-0.04803,0.10228,0.61966,0.59075,-0.14884,0.015626,0.18048,0.27177,0.033975,0.48557,0.075963,0.058005,0.29855,0.22776,0.20259,0.039294,0.39293,0.6126,0.82221,0.62364,0.82143,0.62134,0.32541,0.50968,0.22658,0.1605,-0.44759,0.035472,-0.21874,0.0093936,0.29923,0.092663,0.30676,0.32319,-0.48434,-0.44551,-0.14067,-0.21825,0.33237,0.16786,0.34518,0.24153,0.32618,0.26948,0.072253,-0.2854,-0.21321,-0.20021,-0.40426,-0.010247,0.55395,0.26785,0.16894,0.13398,-0.24448,-0.035426
0.039612,0.15263,-0.14614,0.089974,-0.26943,0.1399,-0.092804,0.40438,-0.28963,0.2095,0.14781,0.62957,0.083278,0.60705,-0.050778,0.56585,0.70697,0.73602,0.12937,0.26893,0.16029,0.029868,-0.1497,0.014682,-0.32355,-0.035444,-0.16658,-0.071109,0.85913,1,0.30635,0.46314,0.3546,0.5504,-0.011791,0.1291,-0.22046,-0.16085,-0.41492,-0.28375,-0.018402,-0.15257,-0.23322,-0.19562,0.27771,0.41576,-0.017839,0.038291,0.080523,0.21531,-0.00084636,0.17967,-0.0079236,-0.05439,-0.18444,-0.20089,0.0053388,0.2881,-0.10264,0.17834,-0.20027,0.20064,0.60384,0.69186,-0.32879,-0.10356,0.094895,0.27277,0.00921,0.50621,0.095631,0.00389,0.23842,0.19838,0.076798,0.037887,0.30277,0.48448,0.71861,0.6317,0.73399,0.62785,0.30637,0.46674,0.084601,0.13289,-0.40517,-0.03861,-0.36077,-0.029598,0.21907,-0.067444,0.27785,0.12035,-0.40675,-0.3748,-0.14414,-0.1866,0.27035,0.10077,0.33091,0.086527,0.30286,0.16772,0.071696,-0.27832,-0.094455,-0.17384,-0.34731,-0.064237,0.35965,0.25112,0.18326,0.079923,-0.29478,-0.07461
0.49233,0.49263,0.6766,0.69091,0.25282,0.34402,0.47048,0.60002,-0.047011,0.055981,0.32585,0.31997,0.11237,0.32136,0.11119,0.19069,0.34284,0.28706,0.48713,0.41374,0.29468,0.23114,0.47808,0.5765,0.35865,0.51921,0.2845,0.18112,0.34294,0.30635,1,0.82537,0.77262,0.62344,0.4372,0.55752,-0.029499,0.18047,0.15766,0.037332,0.45402,0.014287,0.48658,0.48503,0.51541,0.59002,0.53262,0.58309,0.41452,0.42184,0.49994,0.32262,0.38217,0.36858,0.44506,0.29895,0.44997,0.41229,0.24742,0.25935,0.2611,0.26264,0.27015,0.18303,0.40559,0.51214,0.59254,0.54647,0.35664,0.42054,0.39743,0.42326,0.43248,0.34085,0.30162,0.14829,0.56226,0.54737,0.36157,0.45662,0.28706,0.46442,0.4208,0.15937,0.3573,0.38219,0.12174,0.3543,0.30707,0.43486,0.48427,0.42334,0.53655,0.53424,-0.16557,-0.23032,0.11087,-0.05573,0.44309,0.4785,0.40326,0.50588,0.38245,0.45584,0.51328,0.37889,0.32061,0.25678,-0.31803,-0.15505,0.43164,0.26843,0.31282,0.4174,0.39944,0.35487
0.39116,0.40471,0.46525,0.66719,0.07401,0.27069,0.38081,0.72315,-0.078806,0.34187,0.23533,0.42941,0.10179,0.45555,0.071404,0.46789,0.37017,0.33979,0.37098,0.44891,0.097761,0.11719,0.32941,0.68758,0.13795,0.46451,0.10877,0.045404,0.39752,0.46314,0.82537,1,0.75305,0.7594,0.41472,0.54897,-0.12978,0.068912,0.026664,-0.0067732,0.39871,0.0037714,0.3457,0.36551,0.47925,0.5935,0.44879,0.48651,0.30324,0.33074,0.38702,0.26424,0.33345,0.2955,0.38497,0.2413,0.35409,0.35576,0.17844,0.30537,0.23642,0.4782,0.41258,0.39443,0.30319,0.50666,0.50816,0.56259,0.31982,0.45701,0.34304,0.28232,0.39083,0.33991,0.24385,0.12726,0.54349,0.56273,0.41727,0.46998,0.38035,0.57066,0.46682,0.28871,0.3697,0.53435,0.033586,0.37541,0.19901,0.4691,0.57554,0.38147,0.69413,0.48014,-0.23825,-0.2572,0.09171,-0.0068357,0.51204,0.46684,0.53158,0.45891,0.46295,0.45626,0.55797,0.39774,0.39135,0.29633,-0.34023,-0.17289,0.45859,0.36066,0.36046,0.46569,0.35261,0.31864
0.66615,0.68743,0.64234,0.80372,0.33236,0.37592,0.56385,0.7955,0.082167,0.13646,0.45842,0.60676,0.23809,0.49433,0.23398,0.33159,0.4092,0.38036,0.67713,0.74841,0.31774,0.3346,0.40124,0.64027,0.40347,0.59809,0.37803,0.20816,0.34348,0.3546,0.77262,0.75305,1,0.88797,0.58472,0.75503,0.05069,0.28851,0.26288,0.21821,0.4896,0.25619,0.57954,0.59746,0.65227,0.69886,0.61949,0.69988,0.40745,0.5238,0.61681,0.41068,0.44455,0.44727,0.48794,0.48234,0.57807,0.55321,0.51494,0.52152,0.42434,0.48276,0.38207,0.30818,0.45218,0.63868,0.75896,0.79571,0.62456,0.62114,0.46264,0.46016,0.5652,0.51626,0.40757,0.37013,0.75237,0.6515,0.40881,0.5978,0.39203,0.69292,0.56434,0.40782,0.63244,0.71823,0.27717,0.50934,0.42078,0.67603,0.64209,0.49633,0.6794,0.62294,-0.010177,-0.039235,0.29495,0.20446,0.58042,0.61655,0.53516,0.60347,0.43014,0.55733,0.64378,0.53329,0.40712,0.42112,-0.13576,-0.011078,0.38443,0.34349,0.41434,0.45089,0.38784,0.38749
0.52749,0.59571,0.40078,0.71555,0.16258,0.33804,0.40153,0.85926,-0.062381,0.26343,0.39517,0.69498,0.19577,0.56378,0.10271,0.48501,0.44025,0.40953,0.55404,0.71813,0.21637,0.26339,0.17135,0.53609,0.13907,0.44104,0.20723,0.091542,0.42601,0.5504,0.62344,0.7594,0.88797,1,0.43617,0.66193,-0.070048,0.17607,0.12218,0.13367,0.35866,0.20624,0.36159,0.40396,0.55581,0.6627,0.47611,0.56041,0.25943,0.4498,0.43386,0.34409,0.38365,0.33338,0.34596,0.36435,0.45552,0.51205,0.39612,0.58285,0.31856,0.65414,0.49852,0.52133,0.17483,0.50917,0.59474,0.75985,0.50736,0.59411,0.41926,0.31736,0.48434,0.48662,0.31903,0.35792,0.65671,0.59636,0.43145,0.59725,0.47082,0.69713,0.51762,0.44185,0.51677,0.7136,0.17873,0.41831,0.25859,0.60601,0.59759,0.33109,0.69271,0.43026,-0.031284,-0.035139,0.23237,0.19653,0.53531,0.4884,0.59536,0.45353,0.45076,0.4778,0.56371,0.41922,0.39894,0.41982,-0.12194,-0.0083438,0.29664,0.32798,0.43284,0.33293,0.22833,0.348
0.42062,0.49176,0.43906,0.41591,0.33968,0.2678,0.39119,0.30886,0.29739,0.035537,0.25593,0.26251,0.18443,0.070664,0.32309,0.099367,0.15622,0.15657,0.4288,0.43997,0.14503,0.054848,0.4643,0.53112,0.51285,0.47772,0.36479,0.1345,0.029531,-0.011791,0.4372,0.41472,0.58472,0.43617,1,0.71649,0.046433,0.1672,0.28981,0.16304,0.48414,0.23477,0.47918,0.47143,0.54711,0.44491,0.49181,0.48626,0.30267,0.27314,0.39754,0.28227,0.42773,0.40516,0.43513,0.37058,0.46751,0.24866,0.40169,0.22259,0.42328,0.26492,-0.0072816,-0.12268,0.64442,0.47268,0.48176,0.37254,0.41837,0.11573,0.3786,0.25418,0.45632,0.44008,0.29953,0.24381,0.46513,0.39119,0.15546,0.23954,0.15142,0.41971,0.32863,0.15016,0.57561,0.4524,0.29526,0.4748,0.47916,0.46188,0.35332,0.33892,0.40528,0.39949,0.044821,0.055542,0.34422,0.18277,0.46566,0.45419,0.31919,0.42656,0.33868,0.23884,0.35704,0.4296,0.29455,0.37066,-0.05222,-0.021435,0.30447,0.28607,0.25373,0.22595,0.3154,0.31881
0.51228,0.52789,0.50211,0.61808,0.32204,0.2775,0.4474,0.51217,0.12431,0.078608,0.30693,0.34906,0.10803,0.19006,0.21753,0.22721,0.20939,0.17071,0.57674,0.64303,0.12933,0.24318,0.39583,0.60932,0.45473,0.56347,0.44179,0.21231,0.075823,0.1291,0.55752,0.54897,0.75503,0.66193,0.71649,1,0.088495,0.32805,0.35912,0.28911,0.4888,0.33679,0.48958,0.48125,0.49378,0.44528,0.53709,0.54977,0.26139,0.26507,0.42941,0.28253,0.42648,0.48347,0.47725,0.48919,0.45949,0.31776,0.42751,0.37068,0.33411,0.36869,0.090132,0.0029756,0.49088,0.54906,0.61089,0.63198,0.54698,0.36956,0.34503,0.32637,0.48224,0.47569,0.28692,0.37612,0.54424,0.36554,0.18249,0.31191,0.17825,0.51203,0.45195,0.27838,0.56827,0.65431,0.41273,0.48461,0.43325,0.62793,0.46941,0.43391,0.51544,0.43088,0.12618,0.11062,0.35807,0.25992,0.47348,0.54511,0.39563,0.46185,0.29946,0.39054,0.57083,0.51961,0.40718,0.39823,0.039954,0.027796,0.18602,0.18903,0.32007,0.3066,0.36353,0.30026
0.13181,0.072629,0.25055,0.22246,0.2596,0.033609,0.28659,0.02511,0.25259,-0.043622,0.12459,-0.19273,0.23455,0.031862,0.30775,0.03546,-0.21824,-0.30522,0.18603,0.23987,0.26987,0.1216,0.1609,0.024167,0.43953,0.18446,0.34941,0.1727,-0.13846,-0.22046,-0.029499,-0.12978,0.05069,-0.070048,0.046433,0.088495,1,0.70107,0.5844,0.75251,0.12654,0.60475,0.47732,0.47875,0.1141,-0.032485,0.34099,0.31858,0.14418,0.035858,0.31064,0.048333,-0.067511,-0.009222,0.18185,0.34291,-0.085967,-0.23485,0.17264,-0.023018,0.13004,-0.1429,-0.37692,-0.4557,0.19354,0.15663,0.084654,0.083932,0.23705,0.01083,0.32709,0.29838,0.38686,0.34305,0.41442,0.41079,0.31909,0.096335,-0.18492,-0.21987,0.016658,-0.047911,-0.010238,0.24497,0.32825,0.20469,0.32437,0.19063,0.19832,0.080027,0.15522,0.10316,-0.022274,0.0030218,0.5942,0.62197,0.65348,0.6894,0.074076,0.15592,-0.13145,0.11965,-0.25789,-0.012724,-0.075278,0.079036,-0.24651,0.3315,0.70058,0.73603,0.08171,0.1948,-0.063481,-0.10077,0.12035,0.20375
0.39015,0.3602,0.49317,0.47016,0.52137,0.3334,0.49505,0.28407,0.32654,0.035323,0.24934,-0.090772,0.31359,0.013173,0.42293,0.049786,-0.15963,-0.21814,0.4443,0.49965,0.41241,0.31989,0.35013,0.20316,0.47708,0.42081,0.5298,0.37378,-0.11044,-0.16085,0.18047,0.068912,0.28851,0.17607,0.1672,0.32805,0.70107,1,0.68509,0.8489,0.2514,0.7477,0.66892,0.68465,0.31546,0.17947,0.55957,0.54901,0.32315,0.24942,0.45039,0.15069,0.17226,0.21569,0.38682,0.58227,0.24172,0.11838,0.41941,0.30187,0.37182,0.097666,-0.26138,-0.36236,0.26384,0.25953,0.30105,0.31853,0.55231,0.23911,0.44565,0.42726,0.42793,0.44238,0.55232,0.55465,0.49302,0.26281,-0.14444,0.033834,0.038312,0.10137,0.21607,0.34653,0.44664,0.39957,0.54472,0.31987,0.44089,0.37465,0.3337,0.30708,0.20504,0.098158,0.63631,0.63049,0.72604,0.76562,0.31036,0.42006,0.036175,0.2554,-0.064175,0.16072,0.12945,0.27492,-0.10572,0.45561,0.67021,0.66502,0.070244,0.30925,0.2102,0.069604,0.28275,0.26914
0.25703,0.27861,0.41154,0.37077,0.43515,0.081413,0.37609,0.16115,0.29925,-0.15111,0.1485,-0.25771,0.15568,-0.13305,0.27559,-0.11096,-0.42041,-0.4141,0.33321,0.39428,0.10682,0.16815,0.26856,0.25187,0.47762,0.36698,0.35574,0.1489,-0.44101,-0.41492,0.15766,0.026664,0.26288,0.12218,0.28981,0.35912,0.5844,0.68509,1,0.8068,0.5179,0.67706,0.56442,0.56887,0.25382,0.11967,0.4873,0.46713,0.22344,0.14578,0.41575,0.16497,0.2662,0.33572,0.61091,0.72414,0.18867,0.0067398,0.31143,0.1376,0.31005,0.078581,-0.40671,-0.49651,0.3803,0.31496,0.27794,0.25456,0.49256,0.014984,0.37243,0.35345,0.34764,0.34981,0.33582,0.43887,0.37363,0.029324,-0.4265,-0.20485,-0.23387,-0.018797,0.22195,0.092525,0.3446,0.3491,0.75444,0.28635,0.5249,0.43262,0.23595,0.21433,0.065593,0.014438,0.80427,0.71623,0.77275,0.71713,0.16995,0.32152,-0.00056024,0.28243,-0.24005,0.064721,0.10802,0.43888,0.026067,0.61128,0.58696,0.48253,-0.044314,0.10643,0.014138,-0.035688,0.42567,0.38897
0.20471,0.19835,0.31664,0.36481,0.3734,0.13994,0.3675,0.22731,0.28717,0.037569,0.13792,-0.21636,0.22686,-0.0065067,0.38422,0.10119,-0.33917,-0.36684,0.33419,0.4209,0.25079,0.20401,0.21576,0.19071,0.44243,0.30634,0.40487,0.22322,-0.26259,-0.28375,0.037332,-0.0067732,0.21821,0.13367,0.16304,0.28911,0.75251,0.8489,0.8068,1,0.29679,0.82977,0.55823,0.58633,0.21505,0.077991,0.45615,0.42336,0.17544,0.10566,0.35529,0.086637,0.093822,0.15113,0.35844,0.58827,0.041727,-0.089606,0.28423,0.21416,0.27057,0.13588,-0.32906,-0.39606,0.22936,0.22891,0.19852,0.25213,0.49406,0.12734,0.41262,0.37404,0.39007,0.39532,0.41292,0.47271,0.37533,0.092169,-0.29901,-0.17936,-0.076168,-0.0074045,0.20044,0.38367,0.44046,0.40913,0.64686,0.28247,0.40804,0.35766,0.26743,0.19368,0.077062,0.019479,0.79985,0.81309,0.78211,0.87923,0.14689,0.26508,-0.032202,0.2539,-0.27427,0.0067255,0.013063,0.22917,-0.20725,0.53017,0.81752,0.74927,-0.034756,0.14475,-0.019945,-0.1016,0.19566,0.29192
0.46157,0.49783,0.49987,0.45839,0.35056,0.22655,0.44774,0.37884,0.26325,0.15854,0.394,0.14763,0.24201,0.14835,0.28439,0.12981,0.17564,0.13098,0.48522,0.42663,0.13169,0.18477,0.46572,0.51636,0.39894,0.37588,0.29167,0.16281,0.074199,-0.018402,0.45402,0.39871,0.4896,0.35866,0.48414,0.4888,0.12654,0.2514,0.5179,0.29679,1,0.3441,0.48777,0.43289,0.39063,0.36915,0.56079,0.52217,0.32061,0.3074,0.51875,0.40093,0.43054,0.57232,0.67015,0.58091,0.41718,0.21267,0.27174,0.089471,0.30155,0.20201,0.051046,-0.083419,0.51079,0.41539,0.39479,0.32227,0.45722,0.21628,0.26592,0.28912,0.53105,0.45507,0.409,0.27642,0.50663,0.38196,0.13361,0.27479,0.18709,0.37024,0.41147,0.17978,0.47501,0.41596,0.43041,0.38932,0.48402,0.47577,0.54139,0.439,0.39136,0.44142,0.19302,0.11063,0.45419,0.26908,0.50186,0.53876,0.36711,0.5515,0.21411,0.36891,0.36193,0.43065,0.13919,0.3019,-0.090702,0.072184,0.38644,0.27357,0.2725,0.34239,0.45364,0.38411
0.27258,0.30834,0.23396,0.33203,0.26215,0.069857,0.2907,0.22311,0.24661,0.04259,0.1846,-0.019997,0.28624,0.09773,0.4596,0.22495,-0.11692,-0.12352,0.39218,0.54879,0.19313,0.12415,0.17471,0.22905,0.37605,0.24388,0.38412,0.1621,-0.12589,-0.15257,0.014287,0.0037714,0.25619,0.20624,0.23477,0.33679,0.60475,0.7477,0.67706,0.82977,0.3441,1,0.45631,0.4419,0.17712,0.060353,0.38439,0.33899,0.080788,0.024175,0.27851,0.038241,0.087345,0.10193,0.26841,0.5021,0.13784,0.024296,0.26069,0.16772,0.21817,0.11386,-0.15338,-0.25777,0.21576,0.1728,0.15568,0.22105,0.62957,0.20869,0.38772,0.34911,0.41299,0.46914,0.43434,0.55144,0.37673,0.15818,-0.14199,-0.0081469,0.11516,0.21927,0.32719,0.55419,0.53132,0.49512,0.54896,0.23392,0.39423,0.34998,0.25051,0.1992,0.14353,0.028914,0.70271,0.73065,0.71437,0.84749,0.23972,0.35084,0.085221,0.24841,-0.10632,0.080246,0.044027,0.19674,-0.18776,0.52603,0.72793,0.68427,0.02508,0.21133,0.040294,-0.00024628,0.15713,0.26524
