0,1.7867e-18,1.6416e-05,8.0546e-07,9.0133e-05,0.085386,2.548e-07,3.0144e-10,4.4362e-07,0.054713,2.6853e-22,8.3573e-15,5.8331e-12,0.00023897,0.0026416,0.032107,1.1417e-08,6.7907e-10,1.3296e-09,2.0503e-10,0.00015927,0.0056532,0.38302,0.099213,0.89959,0.32474,0.29441,0.94314,3.3631e-08,8.284e-05,0.015702,0.44022,4.1055e-10,3.5193e-09,0.12581,0.0064475,0.082534,2.045e-05,0.27191,0.78932,1.092e-07,0.84735,3.809e-10,2.3646e-09,3.821e-05,2.9522e-08,4.2308e-08,6.0883e-19,3.1513e-09,6.5742e-11,1.2798e-16,5.5854e-16,1.6477e-20,4.7756e-12,1.6563e-06,5.0702e-13,3.7192e-29,3.5657e-14,2.3296e-37,6.0085e-22,3.0871e-27,3.0766e-10,2.3578e-27,3.3593e-14,0.029425,2.8819e-07,3.1431e-12,5.0587e-11,2.9272e-13,1.3649e-09,5.3304e-05,0.00056771,1.3775e-10,9.9727e-09,7.0574e-08,8.1242e-08,0.0056885,0.0019018,2.9327e-13,0.0058195,3.8946e-13,7.4519e-18,0.7778,7.9535e-09,2.5165e-08,2.2757e-07,0.0012648,1.8316e-05,2.4336e-06,2.072e-14,1.5695e-10,0.0077512,0.00068463,3.6551e-05,0.10213,0.55287,2.1733e-10,0.0030126,8.4537e-10,1.1254e-17,0.00026044,5.057e-11,1.744e-12,1.3714e-15,2.6414e-07,1.8746e-08,1.0483e-05,1.15e-10,8.7674e-05,0.00062626,1.3598e-05,2.8062e-07,3.3438e-10,9.4976e-06,0.00013943,0.17614
1.7867e-18,0,0.0099642,3.0858e-06,1.0479e-06,0.02099,3.5258e-06,2.3916e-16,3.9068e-05,7.1664e-06,2.9553e-09,4.179e-17,8.4371e-10,7.7921e-07,3.6052e-05,6.1559e-06,0.00017481,4.5547e-06,0.00036004,3.9646e-10,3.9099e-09,5.5155e-05,0.43243,0.11805,0.63443,0.9579,0.94242,0.55807,2.3641e-09,1.794e-06,0.0015193,0.10607,3.2747e-09,2.2481e-08,0.60534,0.70695,0.66608,9.1223e-06,0.75368,0.39651,2.9554e-14,0.30737,1.5175e-11,1.703e-10,4.7556e-07,1.6324e-09,2.3858e-10,3.3948e-19,2.7724e-09,7.7737e-14,5.3153e-11,5.5855e-21,6.3411e-15,3.3955e-13,1.2381e-05,2.5447e-16,2.1905e-26,1.2783e-26,2.2313e-10,1.0569e-13,1.423e-19,3.7022e-17,4.5511e-18,2.688e-20,0.031876,2.2133e-07,0.003297,8.6364e-05,2.0953e-06,9.9527e-13,1.158e-07,9.3738e-07,6.3238e-10,2.7693e-10,2.1249e-13,6.7121e-11,0.076663,0.028549,9.2852e-07,0.13278,1.2851e-07,2.8996e-08,0.26001,2.5335e-13,0.0043873,8.5964e-07,4.262e-05,1.0688e-06,9.8652e-06,5.2496e-16,1.2826e-06,0.32493,0.0014752,0.024039,0.00056042,0.099819,4.4535e-19,0.0010501,5.15e-10,6.2799e-15,4.0185e-09,9.7055e-08,8.8409e-14,1.3138e-12,2.8549e-06,7.687e-08,0.00037554,0.000376,2.5192e-05,4.7248e-07,0.0015348,3.3956e-07,2.2865e-11,0.0006452,0.0002879,0.024423
1.6416e-05,0.0099642,0,1.3892e-22,4.5831e-07,0.00015626,9.7794e-40,6.0876e-09,2.3018e-13,0.31392,2.0523e-11,0.081053,3.3342e-17,0.10304,1.7244e-13,0.011924,0.70233,0.54661,1.0421e-13,8.2687e-06,0.00017002,0.012736,4.8044e-43,1.7723e-17,1.4964e-15,3.4564e-10,3.8175e-09,1.7766e-09,0.14774,0.57122,2.6924e-22,1.0327e-14,1.0473e-23,2.473e-14,1.4466e-11,2.527e-07,0.83265,2.8637e-06,0.40906,0.64968,0.98085,0.34066,0.00010149,0.00080833,1.8808e-07,0.00016869,0.022967,6.2758e-11,2.3277e-06,1.5736e-05,9.4804e-09,4.4256e-07,8.3269e-07,5.851e-10,0.093458,3.1425e-06,3.2696e-06,2.0947e-09,1.1633e-06,0.00078303,1.0264e-06,0.062277,0.030269,0.63668,7.2343e-24,1.4785e-08,7.2356e-28,5.568e-16,2.0069e-11,1.0585e-11,2.5545e-06,4.4594e-08,0.52087,0.67747,0.13198,0.024903,0.66522,0.98545,0.38604,0.66877,0.82323,0.0006241,0.1243,0.004013,5.6426e-25,3.1611e-18,0.00013633,3.6337e-10,3.1297e-19,1.7471e-13,2.8182e-12,1.1504e-11,5.2436e-16,1.4806e-23,0.31999,0.59936,0.0013763,0.32211,9.7692e-09,0.0012874,8.5147e-09,1.9861e-15,2.3353e-06,3.6257e-06,7.3274e-05,3.414e-05,0.0010984,0.0015022,0.026625,0.0049599,7.0123e-05,1.1784e-05,2.7046e-06,0.0022292,0.30636,0.1135
8.0546e-07,3.0858e-06,1.3892e-22,0,0.0023785,4.1257e-07,1.8531e-26,1.3926e-40,2.1588e-11,2.0504e-09,2.2868e-09,2.6687e-10,3.2111e-16,4.2325e-11,8.8754e-11,7.6675e-12,0.030034,0.14478,1.3621e-07,1.5294e-14,0.00045529,0.0019745,6.17e-12,2.9621e-29,0.0043028,0.00011803,0.081798,0.0010385,0.00085376,0.0072603,2.0716e-13,1.5375e-20,1.6073e-26,1.0248e-29,9.6421e-09,4.4575e-10,0.62269,5.9547e-07,0.79818,0.70078,0.04389,0.30477,1.3436e-08,1.7053e-08,2.0208e-13,4.6377e-15,3.3223e-05,7.3592e-17,2.4773e-13,2.4999e-11,2.0318e-16,2.2282e-12,1.221e-07,1.5459e-07,0.067618,8.0158e-06,0.00021956,2.9415e-05,2.0737e-09,8.7767e-11,1.2915e-12,4.978e-16,1.2141e-08,6.3886e-07,2.2744e-18,1.0389e-18,1.9736e-17,2.7865e-24,2.3358e-06,3.2124e-05,4.2324e-14,8.2273e-17,0.021078,0.052196,0.00051357,9.2799e-05,0.0069329,0.002658,0.018762,0.16158,0.0012176,2.5832e-06,0.11919,7.7448e-08,1.1556e-12,4.2501e-32,0.0014633,6.8977e-08,3.4898e-11,4.5041e-18,1.9446e-18,1.3549e-05,9.4405e-29,8.1677e-13,0.75724,0.73998,9.2518e-06,0.15285,1.9226e-10,0.0010924,4.4741e-17,3.4433e-14,9.3284e-10,1.2955e-08,0.00031658,1.262e-05,0.0092404,2.2986e-07,0.0038656,0.0047094,7.3157e-07,0.0009474,2.063e-08,0.0012087,0.35943,0.0069254
9.0133e-05,1.0479e-06,4.5831e-07,0.0023785,0,5.558e-14,1.2486e-06,0.010642,2.8066e-11,0.001206,0.00075111,0.035353,5.9795e-05,0.9811,1.1298e-05,0.53207,0.90403,0.48698,0.0081077,0.010323,2.432e-05,0.0021184,1.0053e-05,0.037952,1.9876e-13,1.3977e-13,1.0197e-13,4.8785e-16,0.034914,0.90984,0.00058421,0.024428,0.00019014,0.005881,0.0040146,0.022031,0.98688,0.00049513,0.2797,0.092302,0.0097122,0.24886,0.0033042,0.040341,5.1591e-05,0.00023671,0.00065013,0.0014528,0.00017659,0.00017259,9.2729e-06,3.4575e-07,3.4687e-07,1.3323e-10,0.00037985,4.1622e-08,2.0429e-07,2.4111e-11,7.8631e-09,2.1506e-05,3.3934e-06,0.0073863,0.01743,0.0644,2.072e-05,0.00050102,9.5112e-07,3.8819e-05,0.0072294,7.1006e-06,0.00013209,0.0010292,0.0025592,0.025556,0.011149,0.0010766,0.87228,0.76908,0.35299,0.24061,0.20087,0.014548,0.026121,0.0033368,0.00010694,0.00028482,0.00018624,1.6987e-05,3.1318e-07,1.4068e-06,0.12257,0.21083,0.12057,0.0077541,0.73594,0.97662,1.2988e-05,0.14786,0.00099486,0.0038875,0.067758,3.3139e-07,0.0022802,0.0077043,0.0057339,0.020144,0.92259,0.018298,0.27129,0.99467,0.10982,0.18268,0.079253,0.30181,0.14227,0.026107
0.085386,0.02099,0.00015626,4.1257e-07,5.558e-14,0,1.7611e-07,3.7683e-08,8.5672e-05,6.0591e-07,0.067075,0.007673,0.0068502,0.23183,0.1589,0.23821,0.92856,0.2979,0.0066621,2.6429e-05,0.0092278,0.00031838,0.031239,0.0082867,1.6074e-06,1.7308e-18,7.0027e-08,1.5858e-15,0.097595,0.96626,0.001411,0.00048943,3.7426e-05,1.2821e-06,0.1634,0.063857,0.19957,0.094036,0.78161,0.31286,0.66339,0.80619,0.04948,0.05502,1.123e-08,5.8446e-13,0.043685,0.0017895,1.3801e-08,1.7843e-06,0.00054394,3.8493e-07,0.034521,0.00066376,0.014669,0.00017008,0.27748,0.0051228,1.1947e-05,0.00010438,0.0027194,7.8617e-06,0.10899,0.08485,0.00015224,0.00023211,0.00013831,1.2118e-08,0.26155,0.050426,0.0010548,0.01058,0.21044,0.72239,0.7062,0.046006,0.35966,0.28412,0.90285,0.90468,0.64524,0.43737,0.57693,0.056047,0.054574,0.0016255,2.7022e-06,2.8015e-06,0.027124,0.00038323,0.016351,0.24064,0.020845,0.095385,0.99268,0.55314,1.7907e-05,0.229,0.0022351,0.60603,1.7291e-05,0.0039895,0.021197,0.20809,0.0025533,0.060393,0.887,0.80814,0.2343,0.78667,0.60956,0.54028,0.12762,0.1564,0.11033,0.055399
2.548e-07,3.5258e-06,9.7794e-40,1.8531e-26,1.2486e-06,1.7611e-07,0,5.5668e-20,9.8527e-17,0.007291,1.4061e-10,0.0004119,4.7976e-23,0.018955,2.6458e-11,0.0066334,0.86347,0.65189,6.5455e-15,6.201e-12,2.2815e-05,0.00079505,4.585e-23,5.9723e-14,1.3648e-06,3.3029e-07,3.1363e-05,7.6049e-06,0.013704,0.96972,3.4681e-14,3.7421e-11,3.7435e-29,4.9197e-23,9.3452e-17,1.9637e-09,0.29158,0.0040979,0.5499,0.9085,0.59988,0.051059,3.7639e-05,0.00040191,5.0141e-16,3.1092e-11,0.0022149,1.6422e-14,1.8309e-10,1.6668e-08,1.3344e-08,2.5497e-10,0.00028653,6.035e-10,0.039789,6.5397e-10,2.6346e-06,2.8468e-10,5.7768e-09,2.6392e-05,1.4142e-13,1.8834e-07,0.0013993,0.1305,5.7067e-31,1.2741e-14,1.1789e-24,4.7725e-17,7.9291e-13,2.2442e-16,3.1578e-07,1.3673e-06,0.10054,0.47816,0.002489,0.00086697,0.86207,0.74479,0.49359,0.69567,0.70697,0.00069184,0.25687,0.00018753,2.3866e-18,9.0241e-17,1.6331e-06,5.121e-12,2.7545e-18,2.2693e-13,2.3294e-17,6.5066e-11,7.8847e-18,3.9955e-21,0.02838,0.21761,4.2163e-07,0.14329,1.8656e-12,4.5086e-05,1.3621e-10,1.3065e-17,8.9972e-08,5.0615e-07,1.3474e-05,1.3755e-06,1.8663e-05,0.00054798,0.0038312,0.00013135,7.8762e-05,4.2198e-07,1.2062e-08,0.0020365,0.050347,0.56597
3.0144e-10,2.3916e-16,6.0876e-09,1.3926e-40,0.010642,3.7683e-08,5.5668e-20,0,2.2244e-08,2.7884e-12,5.9417e-10,1.5129e-25,4.8526e-16,1.27e-18,5.3454e-07,2.6493e-12,9.5265e-05,0.00014848,5.6803e-06,1.949e-20,0.00031495,0.0058482,0.0010093,3.0343e-13,0.5372,0.014669,0.79527,0.074612,1.6923e-09,7.9734e-08,3.0221e-09,7.1446e-13,5.6664e-22,2.4096e-31,0.00066193,2.5007e-06,0.55064,0.0051466,0.13672,0.17387,0.0007701,0.15415,1.0593e-09,1.8356e-10,2.5302e-17,7.1129e-24,4.2426e-07,1.879e-22,1.158e-20,1.501e-17,4.3056e-17,4.1636e-18,1.6286e-08,2.3695e-07,0.030426,4.2694e-08,4.4465e-06,1.5651e-06,6.7715e-12,3.2797e-15,2.4888e-20,4.0876e-34,1.5319e-17,2.9267e-19,2.0733e-10,2.757e-19,7.7677e-09,7.6441e-18,5.5881e-05,1.481e-05,6.4668e-10,1.1915e-10,0.0021749,0.0010403,0.00012208,0.00010141,0.054554,0.0051969,0.00012057,0.078637,6.6585e-07,5.0068e-08,0.61358,5.1339e-10,1.304e-05,1.0164e-16,0.0047951,6.6366e-05,4.2995e-05,5.6215e-14,4.1401e-18,0.024342,3.7887e-18,7.1492e-06,0.4479,0.38292,1.8689e-11,0.11125,7.5273e-11,8.1423e-05,1.1963e-19,2.2298e-10,2.5996e-13,5.3243e-11,1.1196e-06,2.6038e-07,0.0066562,0.00010877,0.0035088,0.0028058,1.4099e-07,0.00021435,7.5948e-11,0.0015671,0.15422,0.044194
4.4362e-07,3.9068e-05,2.3018e-13,2.1588e-11,2.8066e-11,8.5672e-05,9.8527e-17,2.2244e-08,0,1.0462e-12,6.2227e-12,0.0015475,5.915e-16,0.010662,2.2617e-12,0.29241,0.81538,0.76467,3.3437e-07,0.0002361,2.7883e-05,0.92178,5.978e-16,5.4754e-09,6.9793e-07,4.2533e-05,0.0048393,0.04247,0.29536,0.3541,0.00023336,0.0052241,3.8568e-13,1.5537e-09,6.8555e-14,2.3275e-06,0.77239,0.083716,0.12516,0.42533,0.20462,0.040878,9.034e-05,0.0034553,9.9037e-12,1.5009e-07,0.00026302,4.653e-11,1.5414e-08,1.6764e-07,1.022e-09,3.9612e-08,2.2067e-06,1.2648e-10,0.035465,4.6768e-07,8.3488e-07,9.2881e-09,1.1616e-10,3.9333e-06,3.0193e-15,8.2802e-08,0.00077387,0.049817,7.5893e-21,2.5024e-12,2.4369e-14,3.9716e-09,5.4568e-06,3.7859e-13,0.00022584,9.0046e-05,0.059011,0.45096,0.015568,0.0060473,0.399,0.68559,0.09811,0.70547,0.34817,3.6404e-05,0.64492,0.13605,6.9551e-18,4.1663e-10,0.0034524,2.2293e-05,3.8073e-15,6.3612e-07,5.8974e-15,6.7976e-10,2.5879e-08,4.0718e-15,0.46887,0.59243,3.1117e-05,0.7601,8.1325e-12,1.9996e-07,0.014732,1.0948e-14,7.8319e-06,1.2085e-06,3.6843e-05,6.3388e-07,0.0085586,2.7999e-05,0.0090135,0.055529,0.00017991,9.7621e-05,6.2939e-05,0.0018504,0.0025046,0.53501
0.054713,7.1664e-06,0.31392,2.0504e-09,0.001206,6.0591e-07,0.007291,2.7884e-12,1.0462e-12,0,0.001894,5.4392e-06,1.0193e-05,1.1859e-08,1.8474e-06,3.1458e-08,0.076662,0.02517,0.61499,0.0018111,0.086671,0.89819,0.31454,0.00064101,0.93444,0.87494,0.31884,0.62817,0.0096798,0.008382,0.17061,0.0041649,0.0046938,0.00016952,0.0014851,0.029216,0.45552,0.42414,0.051473,0.45896,0.00025761,0.85008,0.00040609,0.0019833,6.8449e-09,1.0311e-07,0.00012345,5.4758e-05,5.8791e-06,9.233e-06,3.6307e-05,9.9428e-05,0.0020934,6.5395e-05,0.62855,0.023479,0.057026,0.0031962,0.0057549,5.2889e-05,1.3671e-06,1.4408e-14,0.00024983,2.3125e-06,2.5748e-06,3.7626e-06,0.3032,0.01759,0.8692,0.025628,1.9563e-05,1.5805e-05,0.0037158,0.073553,0.0040191,0.12098,0.066416,0.014137,0.033322,0.13283,0.006309,0.015815,0.17949,0.020175,0.022327,8.3608e-05,0.35138,0.21276,0.015901,0.00092385,1.8026e-05,0.16882,6.0524e-07,0.051416,0.4293,0.35645,0.012172,0.94103,1.5136e-05,0.013613,0.002318,8.7652e-05,0.00074137,0.0037288,0.036804,0.021579,0.97665,0.032014,0.67898,0.80294,0.042762,0.25642,0.0087043,0.43026,0.57384,0.0052368
2.6853e-22,2.9553e-09,2.0523e-11,2.2868e-09,0.00075111,0.067075,1.4061e-10,5.9417e-10,6.2227e-12,0.001894,0,8.5923e-13,1.0074e-32,2.1135e-09,1.3228e-07,0.076207,2.1969e-07,1.3627e-06,5.0001e-06,0.0035303,5.9538e-06,0.4974,2.6959e-05,2.3611e-05,0.0021629,0.0034236,0.92809,0.16606,0.0073602,0.019198,1.3855e-09,1.5644e-05,6.5504e-13,9.4847e-10,2.3446e-05,4.2903e-07,0.087006,0.19727,0.0095162,0.00013029,0.14499,0.0067565,1.8988e-05,6.4888e-05,2.6529e-08,4.5292e-08,0.023152,1.8632e-20,4.9673e-10,4.2753e-07,1.9551e-14,4.7551e-11,1.1886e-13,2.6274e-05,0.67579,0.00011873,6.5869e-14,1.32e-09,3.1488e-15,4.8848e-08,3.7235e-19,1.5966e-08,7.3054e-17,2.5723e-07,9.0704e-09,2.6373e-16,2.8167e-11,1.0558e-10,1.1261e-06,2.403e-11,1.7062e-06,1.1518e-08,0.0013778,0.024722,0.17758,0.26544,0.71921,0.25208,2.7326e-10,0.00025524,6.9029e-09,2.1024e-18,0.0080422,0.032105,1.9636e-13,1.0247e-08,0.61929,0.026499,9.8435e-07,3.4949e-08,3.9532e-14,0.021747,2.5698e-07,1.8714e-08,0.22601,0.0069006,7.169e-06,0.27623,3.0902e-08,2.8882e-07,4.2092e-06,1.6854e-11,1.8595e-16,1.5283e-17,9.2228e-15,3.2917e-17,0.17236,2.4932e-05,0.3129,0.68874,2.7581e-14,9.1428e-07,1.497e-09,7.6372e-09,0.00017266,0.28077
8.3573e-15,4.179e-17,0.081053,2.6687e-10,0.035353,0.007673,0.0004119,1.5129e-25,0.0015475,5.4392e-06,8.5923e-13,0,9.2265e-14,7.6304e-36,0.00010551,4.3376e-12,1.3164e-16,8.1488e-20,0.080325,1.4236e-11,0.011085,0.056097,0.63589,0.00016108,0.50445,0.14609,0.039914,0.56486,7.1437e-21,1.2129e-22,2.8295e-07,1.701e-08,6.4793e-09,9.3773e-16,0.8054,0.00025144,0.80951,0.28288,0.39412,0.0042719,2.9257e-07,0.72711,4.2529e-09,2.3295e-11,4.6705e-08,2.6416e-13,4.3193e-06,2.0552e-16,2.6166e-13,4.1576e-11,5.6112e-12,3.3155e-13,1.5123e-10,0.00038643,0.33681,0.0003119,5.6387e-08,1.3658e-05,1.2785e-10,1.2283e-12,2.761e-15,3.2226e-25,2.5537e-30,1.9424e-37,0.047876,1.8421e-12,0.026223,3.857e-09,0.012287,0.0054428,2.5308e-08,6.1967e-13,0.00015307,2.7098e-07,0.024483,0.010233,0.040112,3.4692e-06,2.4604e-16,3.631e-08,6.0416e-21,4.3413e-17,0.54624,1.9924e-11,0.0075755,3.0308e-10,0.69992,0.41029,0.26886,9.097e-09,6.4551e-07,0.10986,1.924e-05,0.23829,0.0052347,3.6557e-06,6.5643e-08,0.92945,0.012695,0.024677,2.3605e-08,0.00015277,9.6375e-12,1.1886e-11,4.9477e-09,1.1875e-07,0.5523,0.002117,0.44472,0.39948,4.8031e-10,0.1736,2.5291e-05,0.019323,0.3536,0.0086373
5.8331e-12,8.4371e-10,3.3342e-17,3.2111e-16,5.9795e-05,0.0068502,4.7976e-23,4.8526e-16,5.915e-16,1.0193e-05,1.0074e-32,9.2265e-14,0,1.5656e-15,3.3843e-29,1.2858e-08,0.0011303,0.0014967,1.9072e-09,1.6329e-08,0.00055457,0.087782,1.3729e-13,1.5789e-12,5.8094e-06,0.00018151,0.0082088,0.0010044,1.2527e-06,0.00028132,1.982e-12,3.8854e-11,2.2247e-18,2.1689e-13,3.9723e-11,1.7657e-07,0.83578,0.014816,0.90109,0.24361,0.0027234,0.783,3.2151e-10,1.1642e-09,2.7122e-12,3.0852e-08,0.00011793,2.0105e-14,1.3383e-08,1.296e-06,2.0378e-13,7.7982e-09,5.855e-10,8.8831e-06,0.41808,0.00033088,1.6352e-08,2.9419e-09,2.7012e-09,5.8118e-06,8.7332e-18,1.3235e-08,1.3728e-09,0.00014562,3.8821e-19,1.2514e-16,3.7119e-12,3.0993e-10,1.0363e-08,6.7584e-12,1.4363e-11,1.0292e-13,6.3979e-05,0.010633,0.001471,0.0012886,0.024003,0.0079061,3.5074e-05,0.00089726,0.00039445,3.2065e-09,0.19965,2.9067e-05,2.0967e-21,1.8945e-17,0.061574,2.2008e-05,2.6663e-13,4.3649e-09,4.5904e-14,9.9226e-06,2.0536e-11,1.0372e-12,0.46822,0.12983,6.0092e-05,0.87213,1.0776e-05,0.00013432,4.0337e-08,4.9014e-18,8.9805e-09,7.2093e-09,8.7896e-06,3.9364e-07,0.028029,9.9921e-06,0.29421,0.42893,5.1902e-09,0.0035423,1.7114e-05,0.027475,0.28333,0.03592
0.00023897,7.7921e-07,0.10304,4.2325e-11,0.9811,0.23183,0.018955,1.27e-18,0.010662,1.1859e-08,2.1135e-09,7.6304e-36,1.5656e-15,0,1.8266e-09,2.6542e-21,8.4937e-10,1.2956e-10,0.87708,1.967e-05,0.50043,0.65673,0.35839,8.04e-11,0.96906,0.4535,0.09522,0.33372,1.6329e-10,1.8883e-15,8.2969e-06,3.8181e-11,1.7151e-06,9.634e-10,0.13931,0.000124,0.7092,0.44768,0.51813,0.0024651,0.00014194,0.9982,5.9875e-07,3.141e-09,9.0337e-05,2.872e-06,0.0069834,1.2968e-08,1.7013e-05,0.0011294,4.0787e-08,0.00092345,2.1056e-05,0.41734,0.13547,0.87876,0.046586,0.11841,0.0024602,0.00059607,1.6636e-06,1.8424e-12,1.1515e-12,1.3181e-15,0.00055271,1.8858e-12,0.11963,4.0122e-06,0.39346,0.16688,9.7695e-08,1.4581e-12,0.027649,0.00032747,0.3455,0.22994,0.0045282,1.6794e-06,6.5676e-10,1.2527e-06,5.054e-12,4.138e-09,0.99726,1.8429e-05,0.0087695,3.9359e-10,0.038084,0.69709,0.23374,0.00030049,5.3481e-07,0.52922,2.9929e-09,0.033509,0.0002361,1.9768e-06,0.052905,0.25157,0.24458,0.75125,8.1122e-08,2.4396e-05,3.1864e-06,1.4348e-05,2.7517e-05,0.00018392,0.33829,0.0092127,0.37447,0.11868,1.8546e-09,0.7087,0.0078595,0.1996,0.72003,0.0013015
0.0026416,3.6052e-05,1.7244e-13,8.8754e-11,1.1298e-05,0.1589,2.6458e-11,5.3454e-07,2.2617e-12,1.8474e-06,1.3228e-07,0.00010551,3.3843e-29,1.8266e-09,0,2.9254e-19,0.20716,0.1925,1.7123e-08,1.5085e-07,0.37667,0.40717,9.2586e-20,4.6433e-13,2.1511e-08,0.0033313,1.1765e-09,2.3289e-06,1.1794e-05,0.0035678,1.497e-05,1.2966e-06,5.8781e-09,5.8155e-05,4.3876e-09,0.020076,0.00021219,6.5535e-07,8.4981e-05,0.0011056,2.554e-09,1.6934e-05,3.0348e-17,9.5302e-14,5.8067e-08,0.0030949,1.8506e-09,0.00018322,0.00024943,0.00019434,6.0968e-12,7.7084e-05,3.5614e-10,1.1437e-06,0.032777,0.00048188,0.0010468,4.2494e-06,0.00084905,0.00035725,0.00019883,0.025668,0.04675,0.13902,1.3346e-17,7.0656e-06,1.9211e-08,5.3801e-05,1.1457e-06,3.3409e-05,5.0308e-09,4.1171e-11,1.2445e-05,0.0054345,1.496e-05,4.9652e-05,2.2642e-08,7.0962e-06,0.11598,0.13681,0.28626,0.0025473,1.5352e-11,4.1061e-07,9.7521e-20,1.3607e-22,0.012768,4.6605e-07,9.652e-16,9.82e-07,3.204e-05,2.2707e-08,2.4133e-08,1.1505e-09,0.65281,0.24293,0.036932,0.0091932,0.012533,0.0058183,0.013461,1.5931e-12,0.1939,0.12091,0.7792,0.83126,0.052475,0.00065318,0.61226,0.068553,0.20013,0.84479,0.46406,0.037137,0.0030086,7.127e-05
0.032107,6.1559e-06,0.011924,7.6675e-12,0.53207,0.23821,0.0066334,2.6493e-12,0.29241,3.1458e-08,0.076207,4.3376e-12,1.2858e-08,2.6542e-21,2.9254e-19,0,0.00019095,0.00063053,0.0036923,1.2817e-10,0.98855,0.012,0.022047,1.8877e-10,0.76896,0.64549,0.075817,0.027438,7.3848e-11,3.2794e-12,0.00071585,4.5691e-08,4.9844e-05,6.2061e-06,0.28502,0.81177,2.752e-05,5.8229e-08,0.00053637,0.0027247,2.1587e-15,2.9081e-07,7.8424e-16,1.211e-14,0.00023607,0.00068979,4.2397e-09,0.0048391,0.00084054,0.00016602,2.0984e-06,0.002566,1.7786e-06,0.020429,0.024115,0.037669,0.1008,0.021028,0.11205,0.00021649,0.073576,4.1666e-05,7.9108e-05,4.1355e-07,0.00040279,0.015364,0.21243,0.003316,0.098495,0.4667,8.3241e-10,6.9002e-13,4.3077e-07,1.2184e-06,1.6728e-06,3.5254e-05,7.8016e-10,9.8537e-11,0.004066,0.057289,0.0005085,0.020742,7.3005e-11,9.0657e-14,0.0022236,8.6877e-17,0.029833,0.00062079,0.0072541,1.2684e-06,0.0055305,0.043596,3.3469e-08,0.047199,0.98227,0.81027,0.08827,0.00081273,0.14028,0.11473,0.00031593,0.00099125,0.37243,0.31905,0.58456,0.84707,0.38212,0.010554,0.29731,0.064168,0.85003,0.27454,0.30762,0.058064,0.0057716,2.7841e-06
1.1417e-08,0.00017481,0.70233,0.030034,0.90403,0.92856,0.86347,9.5265e-05,0.81538,0.076662,2.1969e-07,1.3164e-16,0.0011303,8.4937e-10,0.20716,0.00019095,0,7.8884e-41,0.22486,1.5796e-05,0.37923,0.036881,0.065503,0.68166,0.45571,0.26866,0.014479,0.55425,2.1123e-23,5.2734e-33,8.0407e-08,5.7281e-06,0.0062728,4.6357e-06,0.45842,0.012156,0.51022,0.59895,0.25557,0.011166,0.00062567,0.44595,8.1493e-06,4.3246e-08,0.007604,0.00015799,6.015e-05,2.9141e-06,3.2084e-06,8.2485e-05,0.00024385,4.4588e-05,4.1984e-05,0.0019161,0.88779,0.017931,1.2928e-06,0.0012047,4.4509e-06,2.0992e-05,0.031738,0.00071943,1.8871e-20,7.0315e-17,0.5637,0.036254,0.72661,0.00034983,0.10928,0.77296,0.00054208,1.2435e-06,5.8331e-06,1.0995e-07,0.41314,0.20844,0.00081298,1.4166e-12,1.5727e-30,4.7928e-24,1.5118e-34,9.8657e-22,0.81026,1.175e-07,0.077353,0.0018657,0.25879,0.63192,0.57017,0.00090804,0.076836,0.0029814,0.37707,0.56381,4.5612e-08,7.7483e-11,0.0011829,0.68003,0.64598,0.41254,0.041841,0.051993,2.2939e-08,2.547e-08,0.00035324,0.0001019,0.0068362,0.12729,0.17758,0.0021154,2.4046e-06,0.66642,0.29113,0.26807,0.51774,0.00036202
6.7907e-10,4.5547e-06,0.54661,0.14478,0.48698,0.2979,0.65189,0.00014848,0.76467,0.02517,1.3627e-06,8.1488e-20,0.0014967,1.2956e-10,0.1925,0.00063053,7.8884e-41,0,0.77998,0.00015372,0.90027,0.73862,0.0047173,0.59092,0.025976,0.53604,0.00019629,0.024796,5.0027e-23,1.7333e-35,0.00033533,0.00043933,0.061564,6.5111e-05,0.22498,0.011647,0.85724,0.98204,0.49872,0.0123,5.229e-06,0.21398,4.7732e-07,1.3643e-08,0.01787,0.0026687,1.4469e-06,6.3017e-06,9.3635e-06,2.758e-05,1.1177e-05,3.1205e-05,6.1835e-06,0.00085988,0.99128,0.093562,1.7258e-07,1.0656e-05,1.1799e-07,8.9179e-09,9.4642e-05,2.9667e-05,1.1598e-26,9.6531e-26,0.30761,0.035565,0.88297,0.0043044,0.30936,0.91367,0.0046178,3.5981e-05,3.7405e-05,5.4597e-08,0.86913,0.10567,0.00047448,1.1417e-13,2.1027e-36,2.2278e-28,3.9617e-45,6.4363e-28,0.87325,1.7841e-08,0.12012,0.010487,0.006026,0.082825,0.47906,0.0065828,0.58957,1.7087e-05,0.97224,0.052118,4.2717e-08,1.2524e-10,0.0066936,0.88064,0.89891,0.57192,0.19101,0.080215,1.1113e-06,1.4899e-06,0.0023418,0.016894,0.0053445,0.12405,0.0085537,0.00096923,1.37e-07,0.19937,0.3122,0.87668,0.085071,0.0028539
1.3296e-09,0.00036004,1.0421e-13,1.3621e-07,0.0081077,0.0066621,6.5455e-15,5.6803e-06,3.3437e-07,0.61499,5.0001e-06,0.080325,1.9072e-09,0.87708,1.7123e-08,0.0036923,0.22486,0.77998,0,2.3036e-22,0.13831,0.10191,6.7575e-10,0.0016365,0.0037608,0.00021156,2.2223e-05,0.0021619,0.00026772,0.3742,0.0023653,0.30651,2.5115e-11,6.7533e-07,0.00020923,0.14552,5.5402e-08,3.976e-11,2.0888e-07,1.0666e-08,0.00095674,0.00067105,2.2308e-09,5.9175e-08,1.2218e-05,5.7927e-05,3.4101e-09,2.7295e-05,2.1818e-05,5.7979e-07,9.1988e-07,8.5091e-08,4.6647e-06,6.6518e-08,6.1503e-11,1.9285e-11,1.3932e-06,1.0384e-05,1.1224e-08,2.6381e-06,3.4942e-05,0.088688,0.020909,0.86608,1.5617e-06,0.037186,2.6826e-14,2.5844e-09,7.9002e-17,5.3066e-07,0.097205,0.28778,0.00022005,0.02933,1.5405e-06,1.7374e-08,7.8033e-06,0.0032844,0.62728,0.35929,0.71302,0.0012874,1.08e-09,1.3118e-08,2.8473e-16,2.3919e-11,1.0998e-12,1.1608e-15,5.1258e-08,1.4613e-05,1.4095e-05,2.8203e-16,0.012568,1.2793e-06,1.2004e-06,2.4806e-07,8.9108e-07,2.4808e-10,2.1543e-08,3.3418e-12,0.030353,1.4527e-05,0.68331,0.38435,0.21668,0.71818,1.7341e-08,0.00017858,0.00074098,3.3633e-06,0.28016,0.0015429,0.10123,0.67866,0.70188,0.070578
2.0503e-10,3.9646e-10,8.2687e-06,1.5294e-14,0.010323,2.6429e-05,6.201e-12,1.949e-20,0.0002361,0.0018111,0.0035303,1.4236e-11,1.6329e-08,1.967e-05,1.5085e-07,1.2817e-10,1.5796e-05,0.00015372,2.3036e-22,0,0.9734,8.972e-05,0.0039056,0.0001325,0.71014,0.0054513,0.13296,0.055968,4.6661e-17,2.1245e-10,0.00035114,7.0512e-05,1.8513e-13,2.044e-18,0.003536,0.042273,2.3449e-05,8.4832e-07,4.916e-05,0.0014937,7.3792e-08,0.002916,2.1206e-19,1.3092e-19,2.647e-12,1.0643e-14,8.067e-19,1.2032e-09,8.3245e-15,4.9554e-17,1.0025e-13,6.4516e-15,1.9492e-06,1.4311e-08,2.0177e-08,7.7216e-12,7.4135e-07,7.0274e-07,1.7557e-12,6.9304e-14,9.0566e-08,7.401e-08,4.0422e-10,1.2941e-07,6.7449e-06,0.0016962,7.3342e-08,1.0245e-12,2.9681e-13,0.0013415,1.3311e-05,1.8269e-05,3.5382e-09,1.6051e-08,2.131e-07,6.183e-15,1.077e-10,2.5054e-09,0.0017186,0.062497,3.3334e-05,4.2833e-07,1.1596e-07,2.9313e-25,1.052e-07,4.0639e-16,9.0868e-07,2.7797e-11,0.00013782,9.4986e-08,2.0136e-05,0.00092497,0.00052319,0.022273,0.37115,0.45117,1.4044e-12,1.7599e-08,5.4035e-07,3.2402e-06,2.7383e-05,1.1592e-05,0.0026139,0.0071547,0.98273,0.70013,0.0021344,0.0015818,0.0088159,0.012626,0.2211,0.2891,0.038228,0.36741,0.27686,1.6737e-05
0.00015927,3.9099e-09,0.00017002,0.00045529,2.432e-05,0.0092278,2.2815e-05,0.00031495,2.7883e-05,0.086671,5.9538e-06,0.011085,0.00055457,0.50043,0.37667,0.98855,0.37923,0.90027,0.13831,0.9734,0,5.3717e-08,0.00064021,0.00058786,0.00017967,0.0035139,0.028928,0.01141,0.90664,0.43819,1.9392e-07,0.0022269,3.2244e-05,0.00037147,0.20123,0.086302,0.0016631,0.14151,0.00011501,0.10274,0.43675,0.00029613,0.50383,0.61854,0.00026956,8.532e-05,0.87675,2.6139e-11,0.0033813,0.00045522,0.05558,1.4716e-05,0.0028995,0.00020177,0.47055,0.00046834,1.618e-08,2.8964e-06,0.0082543,0.062022,8.2944e-05,4.0237e-06,0.0035222,0.033965,0.077437,4.5471e-06,0.001862,0.0034138,0.004109,5.2392e-07,1.822e-06,8.8228e-06,0.037256,0.18328,0.0073618,0.055853,0.0034817,0.0090362,0.024309,0.68451,0.22305,0.059272,0.0032008,0.42632,0.095446,0.0086215,0.0004662,0.00096422,0.00025828,1.6768e-07,3.2407e-08,0.0090805,1.7239e-05,3.0526e-08,0.0035963,0.17056,3.1182e-06,0.59342,1.0952e-10,1.2623e-07,1.6597e-11,2.4716e-05,3.2813e-09,4.2462e-10,3.3074e-09,2.5007e-09,0.04729,0.0068312,2.5786e-06,9.1781e-05,0.00018745,1.7547e-13,5.1322e-12,1.414e-10,1.7412e-11,0.071794
0.0056532,5.5155e-05,0.012736,0.0019745,0.0021184,0.00031838,0.00079505,0.0058482,0.92178,0.89819,0.4974,0.056097,0.087782,0.65673,0.40717,0.012,0.036881,0.73862,0.10191,8.972e-05,5.3717e-08,0,0.35728,0.11967,0.018186,0.0069868,0.10406,0.00015746,0.012508,0.016351,0.0020471,0.0035138,0.099241,0.025001,0.86468,0.63506,0.82595,0.00049458,0.049782,0.047464,0.095126,0.2388,0.0055057,0.0020814,0.06822,0.01408,0.012081,0.011978,0.077177,0.02247,0.068953,0.00031223,0.0036428,0.0064163,0.008541,1.8561e-05,0.00090087,7.3862e-05,0.083414,0.031388,0.53182,0.080131,0.0068,0.14552,0.98461,0.53807,0.11005,0.030215,0.00010337,0.18858,7.2407e-17,6.7527e-10,5.8307e-08,1.0681e-05,6.5216e-06,1.0444e-09,0.10402,0.27477,0.37815,0.0062087,0.0963,0.10885,0.1658,6.0187e-07,0.14897,0.00015014,3.5243e-06,3.5178e-08,0.0032726,6.4517e-09,0.01133,0.062416,0.006985,0.015504,0.94111,0.86705,2.3288e-05,0.0075747,0.0011297,0.070057,0.00013982,0.0040085,0.00022193,0.0032123,0.19201,0.15978,0.15755,0.12087,0.0090608,0.22105,0.84961,0.22453,0.03117,0.047366,0.16476,0.24518
0.38302,0.43243,4.8044e-43,6.17e-12,1.0053e-05,0.031239,4.585e-23,0.0010093,5.978e-16,0.31454,2.6959e-05,0.63589,1.3729e-13,0.35839,9.2586e-20,0.022047,0.065503,0.0047173,6.7575e-10,0.0039056,0.00064021,0.35728,0,1.9503e-23,3.1093e-21,2.1281e-09,3.0818e-15,8.8034e-11,0.63446,0.016414,4.1889e-14,7.2828e-10,5.8222e-13,3.8013e-07,1.6326e-13,5.5487e-05,0.35019,0.00063966,0.2819,0.17446,0.8647,0.80441,0.00076336,0.0090832,3.6672e-06,0.028417,0.086318,3.6489e-05,0.0014619,0.0062086,2.6024e-05,0.0092584,0.00095054,3.8232e-05,0.14074,0.0022527,0.023704,0.00019051,0.059747,0.48254,0.016499,0.86883,0.29724,0.014969,1.8342e-25,3.2359e-06,6.6856e-18,1.0086e-07,2.5666e-07,4.2847e-09,0.0011605,3.7621e-05,0.5979,0.15717,0.42226,0.13752,0.68341,0.4013,0.1901,0.21655,0.0079728,0.38555,0.013038,0.24438,1.9545e-20,2.4774e-14,0.00024041,9.4802e-10,2.8919e-20,3.7105e-06,2.2777e-10,1.0017e-15,4.8397e-12,8.0986e-24,0.095749,0.067212,0.01776,0.25411,1.7656e-06,0.011843,0.00014844,1.4628e-11,0.044498,0.043141,0.033383,0.01834,0.0017187,0.0054622,0.072248,0.0025151,0.0079297,0.00067194,0.0068846,0.072917,0.55376,0.27971
0.099213,0.11805,1.7723e-17,2.9621e-29,0.037952,0.0082867,5.9723e-14,3.0343e-13,5.4754e-09,0.00064101,2.3611e-05,0.00016108,1.5789e-12,8.04e-11,4.6433e-13,1.8877e-10,0.68166,0.59092,0.0016365,0.0001325,0.00058786,0.11967,1.9503e-23,0,9.0882e-08,1.7503e-05,0.0002071,1.3884e-06,0.30158,0.62972,8.9293e-14,8.9918e-23,2.8143e-17,1.4428e-16,4.4992e-10,7.7348e-09,0.57363,0.0022769,0.61095,0.5242,0.44773,0.20752,9.6346e-05,3.3558e-05,1.6355e-06,1.5199e-05,0.10779,7.9318e-10,9.2873e-05,0.0013937,2.4323e-07,0.0081568,0.0010271,0.13318,0.87164,0.08257,0.23455,0.11525,0.027815,0.092595,0.0009068,0.00015197,0.045,0.19814,9.6529e-17,7.1475e-14,3.7716e-11,1.0081e-10,0.00042188,0.0028407,4.0296e-07,6.458e-12,0.99377,0.6686,0.10091,0.039899,0.72331,0.7124,0.31699,0.87092,0.94214,0.061255,0.37374,0.026833,3.3008e-09,4.1015e-23,0.082895,1.2554e-05,2.1588e-11,1.1901e-08,5.7501e-18,3.0595e-07,1.6975e-26,6.4729e-17,0.62732,0.99149,0.0096736,0.72382,1.5504e-07,0.031557,4.5214e-12,1.2235e-11,0.00014181,0.0004351,0.00027004,4.9506e-05,0.041102,4.3062e-06,0.015597,0.045386,1.4431e-07,0.00018207,3.496e-07,3.5139e-05,0.055396,0.26984
0.89959,0.63443,1.4964e-15,0.0043028,1.9876e-13,1.6074e-06,1.3648e-06,0.5372,6.9793e-07,0.93444,0.0021629,0.50445,5.8094e-06,0.96906,2.1511e-08,0.76896,0.45571,0.025976,0.0037608,0.71014,0.00017967,0.018186,3.1093e-21,9.0882e-08,0,5.2956e-30,4.01e-25,1.3423e-29,0.95954,0.10552,5.5147e-10,8.3459e-07,9.3145e-05,0.022116,0.00034069,0.0027034,0.8231,0.049006,0.23595,0.49304,0.2063,0.70361,0.51473,0.39342,0.042288,0.4792,0.86421,0.11765,0.1305,0.37016,0.0050331,0.047457,0.019245,0.082958,0.89024,0.12586,0.13755,0.003466,0.025092,0.67203,0.2342,0.31595,0.1217,0.01312,5.2199e-09,0.0001907,1.9209e-06,0.00080179,0.016266,0.0067935,0.0017299,0.00030136,0.85724,0.32442,0.53949,0.76099,0.50794,0.24651,0.21911,0.73616,0.011055,0.76176,0.68049,0.65321,5.6374e-06,0.00038846,0.068944,0.00063823,1.6331e-05,0.0305,0.1022,0.0040162,0.034698,8.1142e-07,0.43357,0.27023,0.028724,0.74646,0.25864,0.89333,0.010751,4.7128e-05,0.082692,0.23035,0.0087679,0.024609,0.49151,0.15376,0.90695,0.56701,0.026773,0.95404,0.97844,0.33178,0.31748,0.043537
0.32474,0.9579,3.4564e-10,0.00011803,1.3977e-13,1.7308e-18,3.3029e-07,0.014669,4.2533e-05,0.87494,0.0034236,0.14609,0.00018151,0.4535,0.0033313,0.64549,0.26866,0.53604,0.00021156,0.0054513,0.0035139,0.0069868,2.1281e-09,1.7503e-05,5.2956e-30,0,1.5304e-17,1.3913e-31,0.053143,0.83889,1.0102e-10,7.7577e-09,1.8819e-06,5.1807e-06,0.0010699,2.3328e-06,0.64921,0.72732,0.19046,0.9423,0.064436,0.32112,0.24748,0.044897,0.00012132,9.9755e-06,0.426,0.0084457,8.0687e-05,0.014573,0.00067947,0.00027194,0.18328,0.089174,0.5228,0.051155,0.29268,0.029797,0.00011569,0.05261,0.031827,0.21725,0.51061,0.33897,8.8727e-07,1.2053e-07,3.5278e-07,1.5202e-11,0.051848,0.084823,0.0091919,0.0029809,0.90861,0.92779,0.056494,0.58798,0.55416,0.5702,0.92814,0.035694,0.84141,0.026277,0.93317,0.066686,2.0181e-05,3.1761e-05,0.019993,0.00017301,0.0097151,0.071866,0.12983,0.27795,0.14136,0.018479,0.084807,0.0098608,0.0020624,0.73305,0.26173,0.3227,0.0019136,0.014211,0.17975,0.57629,0.034875,0.25297,0.31177,0.32049,0.68159,0.051118,0.0043871,0.55616,0.69023,0.62283,0.90931,0.11183
0.29441,0.94242,3.8175e-09,0.081798,1.0197e-13,7.0027e-08,3.1363e-05,0.79527,0.0048393,0.31884,0.92809,0.039914,0.0082088,0.09522,1.1765e-09,0.075817,0.014479,0.00019629,2.2223e-05,0.13296,0.028928,0.10406,3.0818e-15,0.0002071,4.01e-25,1.5304e-17,0,1.4966e-29,0.93465,0.0097746,0.0027197,0.040247,0.029236,0.64252,0.024311,0.73976,0.022302,0.000134,0.00015387,3.07e-07,0.38234,0.0037425,0.0017359,0.015604,0.048565,0.44377,0.01755,0.79422,0.35701,0.32355,0.12318,0.15996,0.095827,0.0023815,0.010532,0.012571,0.41239,0.012423,0.77024,0.71919,0.22966,0.0096655,0.00063055,0.00024173,5.2934e-06,0.40887,0.00031298,0.051467,0.025578,0.051697,0.17661,0.18801,0.51648,0.25792,0.25216,0.079361,0.24167,0.51501,0.0020709,0.043654,0.00010138,0.040123,1.3109e-07,0.24392,1.2607e-05,0.00048951,8.2614e-07,9.643e-09,1.2598e-05,0.2021,0.93849,2.6685e-05,0.39763,0.00027388,0.021787,0.0012588,0.34759,0.0016278,0.56673,0.56197,0.46377,0.0061473,0.037031,0.01996,0.17036,0.048922,0.19069,0.92549,0.32201,0.051356,0.020474,0.26541,0.28083,0.055107,0.18227,0.32567
0.94314,0.55807,1.7766e-09,0.0010385,4.8785e-16,1.5858e-15,7.6049e-06,0.074612,0.04247,0.62817,0.16606,0.56486,0.0010044,0.33372,2.3289e-06,0.027438,0.55425,0.024796,0.0021619,0.055968,0.01141,0.00015746,8.8034e-11,1.3884e-06,1.3423e-29,1.3913e-31,1.4966e-29,0,0.29614,0.44251,9.5685e-06,4.9895e-05,0.0020455,0.030843,0.21505,0.046745,0.53976,0.0012568,0.0018361,0.0057156,0.75912,0.10229,0.051177,0.040371,0.029719,0.020117,0.42077,0.37756,0.021709,0.12132,0.00053508,0.0065535,0.0027579,0.027674,0.051823,0.016552,0.94951,0.05594,0.021654,0.15341,0.73255,0.9188,0.22149,0.11169,4.1965e-05,0.00073434,2.4003e-06,1.8639e-06,0.15635,0.057762,0.00052222,0.0023066,0.30632,0.54925,0.64637,0.20271,0.57965,0.97193,0.12131,0.97033,0.13112,0.6929,0.015575,0.033756,0.0022227,1.8001e-05,5.5473e-05,2.0315e-07,0.00026507,0.0017159,0.21682,0.018211,0.0053099,0.00020294,0.92797,0.8034,0.016383,0.18613,0.61378,0.36718,0.0045487,0.00017772,0.89877,0.60746,0.15889,0.77192,0.84527,0.5599,0.61181,0.96437,0.90603,0.53423,0.85539,0.80215,0.5128,0.030763
3.3631e-08,2.3641e-09,0.14774,0.00085376,0.034914,0.097595,0.013704,1.6923e-09,0.29536,0.0096798,0.0073602,7.1437e-21,1.2527e-06,1.6329e-10,1.1794e-05,7.3848e-11,2.1123e-23,5.0027e-23,0.00026772,4.6661e-17,0.90664,0.012508,0.63446,0.30158,0.95954,0.053143,0.93465,0.29614,0,2.4068e-48,2.2461e-07,7.3683e-07,3.0556e-05,1.2117e-09,0.75486,0.082601,0.00093555,0.016756,0.00019565,0.51132,5.6735e-11,0.00070327,6.4052e-11,4.4398e-14,0.00027663,8.6856e-06,8.8834e-12,7.8882e-06,5.324e-07,1.1449e-07,1.654e-05,1.9209e-07,0.00015371,6.4802e-05,0.061525,0.0012724,2.8641e-05,0.00038873,8.9947e-09,6.9474e-08,2.3928e-05,1.4869e-06,5.3324e-18,1.3478e-18,0.44112,0.065557,0.38171,0.00017613,0.006923,0.8254,1.9884e-06,9.0127e-07,2.1802e-07,3.6334e-08,0.014079,0.00020509,7.6064e-10,3.1167e-19,8.8867e-18,1.2855e-14,2.2258e-19,2.7169e-13,0.0004058,4.3035e-19,0.04222,1.6501e-05,0.91826,0.38533,0.86005,0.00084849,0.69646,0.069824,0.68108,0.3937,0.0010608,0.00017282,2.2602e-05,0.045462,0.73779,0.18545,0.0031917,0.0027938,0.00088253,0.0010167,0.50629,0.62897,0.72752,0.025916,0.45466,0.072875,0.0057379,0.13991,0.79444,0.04225,0.0043865,1.0596e-06
8.284e-05,1.794e-06,0.57122,0.0072603,0.90984,0.96626,0.96972,7.9734e-08,0.3541,0.008382,0.019198,1.2129e-22,0.00028132,1.8883e-15,0.0035678,3.2794e-12,5.2734e-33,1.7333e-35,0.3742,2.1245e-10,0.43819,0.016351,0.016414,0.62972,0.10552,0.83889,0.0097746,0.44251,2.4068e-48,0,4.0259e-05,3.0522e-07,0.017981,1.9826e-06,0.13937,0.097263,0.0050733,0.090715,0.0017382,0.57092,1.2255e-08,0.00087673,2.6917e-09,4.3548e-13,0.0049124,0.0003913,1.9728e-09,0.0012152,2.7483e-05,3.8264e-05,0.00010809,0.00024797,0.0011539,0.023,0.36827,0.19817,0.0042158,0.026044,0.0006879,2.9506e-06,0.013584,6.362e-06,4.7173e-19,1.8861e-23,0.32401,0.34498,0.25237,0.0072533,0.27723,0.15557,1.5478e-06,7.0493e-09,5.0579e-07,1.1461e-10,0.13597,0.00090417,4.3682e-10,1.6964e-23,2.0989e-18,2.6389e-23,6.2696e-29,3.5202e-14,0.014824,3.7771e-16,0.44744,0.00033895,0.11933,0.44498,0.12307,0.027545,0.83137,0.00086067,0.62407,0.023027,5.2002e-08,9.3775e-09,0.0019739,0.17594,0.4033,0.71646,0.0055739,0.084614,0.00090124,0.0025178,0.57898,0.8345,0.01466,0.26119,0.17974,0.00056761,0.00087733,0.0051416,0.74513,0.035663,0.00024778,3.6639e-06
0.015702,0.0015193,2.6924e-22,2.0716e-13,0.00058421,0.001411,3.4681e-14,3.0221e-09,0.00023336,0.17061,1.3855e-09,2.8295e-07,1.982e-12,8.2969e-06,1.497e-05,0.00071585,8.0407e-08,0.00033533,0.0023653,0.00035114,1.9392e-07,0.0020471,4.1889e-14,8.9293e-14,5.5147e-10,1.0102e-10,0.0027197,9.5685e-06,2.2461e-07,4.0259e-05,0,1.0526e-46,1.6645e-19,2.3476e-20,1.5426e-05,1.2109e-08,0.0067967,0.48475,0.05109,6.0719e-05,0.75002,0.0032747,0.028463,0.0057825,2.782e-07,3.6685e-06,0.66645,7.6491e-14,1.0319e-07,1.3481e-05,0.0051594,2.3032e-05,0.032634,0.0010063,0.11141,0.025189,0.00014164,1.5446e-05,0.0079643,0.09322,0.001454,0.0016015,3.377e-06,0.00025889,3.6831e-10,2.4685e-08,5.3075e-06,1.3293e-09,0.012672,0.0010993,7.0571e-08,2.5793e-14,0.69669,0.76805,0.076021,0.83409,0.094236,0.4143,7.6959e-07,4.8533e-06,0.00068203,1.5234e-06,0.085185,0.0030099,6.8446e-06,1.8052e-09,0.74653,0.020948,0.0022089,6.8135e-08,7.119e-07,0.73965,4.2212e-09,5.3854e-06,0.0026501,7.1581e-07,6.1495e-05,0.055139,0.00017878,0.50778,9.7431e-15,7.293e-06,6.0892e-13,1.2064e-11,1.9584e-11,2.0424e-10,0.28647,0.052793,0.98489,0.39231,6.9595e-16,0.00012092,7.7785e-06,8.2531e-06,0.057107,0.049287
0.44022,0.10607,1.0327e-14,1.5375e-20,0.024428,0.00048943,3.7421e-11,7.1446e-13,0.0052241,0.0041649,1.5644e-05,1.701e-08,3.8854e-11,3.8181e-11,1.2966e-06,4.5691e-08,5.7281e-06,0.00043933,0.30651,7.0512e-05,0.0022269,0.0035138,7.2828e-10,8.9918e-23,8.3459e-07,7.7577e-09,0.040247,4.9895e-05,7.3683e-07,3.0522e-07,1.0526e-46,0,8.2816e-16,5.611e-21,4.4542e-07,4.0303e-12,0.0080295,0.87695,0.025075,3.6698e-06,0.96367,0.0051508,0.0062467,0.00019276,6.6299e-09,1.5006e-07,0.39337,2.6989e-10,4.2715e-08,5.1364e-05,0.00031501,0.0004303,0.24482,0.063321,0.0027736,0.60632,0.30248,0.056952,0.059602,0.075584,0.016099,0.0002179,2.7462e-05,6.5884e-05,3.4375e-11,3.5042e-09,0.00039032,1.4303e-09,0.19034,0.46286,1.2254e-11,2.6076e-21,0.75564,0.53581,0.18371,0.80575,0.66875,0.042896,0.00011241,5.6649e-07,0.00033188,2.7687e-05,0.16293,0.00090094,0.00018247,1.1822e-11,0.15461,0.23376,0.023142,9.4396e-06,6.1505e-06,0.59471,6.01e-13,0.00011445,4.6479e-07,5.3134e-11,0.015709,0.0069163,0.010005,0.16323,9.7031e-15,1.1792e-05,1.2884e-09,3.096e-08,6.8972e-07,8.2316e-06,0.010979,0.03747,0.27877,0.00864,9.1422e-17,0.16187,0.00082625,0.0020443,0.96047,0.015337
4.1055e-10,3.2747e-09,1.0473e-23,1.6073e-26,0.00019014,3.7426e-05,3.7435e-29,5.6664e-22,3.8568e-13,0.0046938,6.5504e-13,6.4793e-09,2.2247e-18,1.7151e-06,5.8781e-09,4.9844e-05,0.0062728,0.061564,2.5115e-11,1.8513e-13,3.2244e-05,0.099241,5.8222e-13,2.8143e-17,9.3145e-05,1.8819e-06,0.029236,0.0020455,3.0556e-05,0.017981,1.6645e-19,8.2816e-16,0,1.942e-56,8.9628e-15,2.5428e-13,0.56568,1.2436e-05,0.5161,0.38363,0.0034663,0.30681,1.1543e-09,1.6459e-09,2.9736e-20,2.5593e-21,2.324e-05,1.4995e-26,3.586e-19,4.8225e-19,4.7927e-15,6.6863e-17,7.3001e-07,5.0515e-07,0.0014184,1.1181e-10,2.3594e-09,1.0091e-09,7.823e-11,8.3538e-09,1.802e-16,1.4794e-10,4.6652e-09,3.0886e-06,4.6549e-18,8.5652e-16,1.7622e-24,1.2633e-27,5.314e-10,2.2212e-07,1.3255e-05,2.9821e-08,0.010703,0.0041322,0.0022533,0.00014194,0.4907,0.30854,0.0062162,0.75377,0.018218,7.0324e-07,0.93115,2.0328e-06,5.2298e-13,7.9288e-21,0.00021035,1.4731e-09,3.4362e-10,6.0978e-13,5.5285e-17,1.5309e-05,6.4467e-16,8.5704e-14,0.047556,0.80335,1.025e-11,0.021249,8.1415e-18,8.9188e-09,3.4514e-16,7.8997e-13,1.9048e-11,1.5522e-11,1.3527e-08,9.039e-12,7.8624e-05,1.6386e-05,1.2186e-06,2.7198e-05,4.5812e-09,1.4312e-09,2.4797e-11,2.5254e-07,0.00041044,0.040383
3.5193e-09,2.2481e-08,2.473e-14,1.0248e-29,0.005881,1.2821e-06,4.9197e-23,2.4096e-31,1.5537e-09,0.00016952,9.4847e-10,9.3773e-16,2.1689e-13,9.634e-10,5.8155e-05,6.2061e-06,4.6357e-06,6.5111e-05,6.7533e-07,2.044e-18,0.00037147,0.025001,3.8013e-07,1.4428e-16,0.022116,5.1807e-06,0.64252,0.030843,1.2117e-09,1.9826e-06,2.3476e-20,5.611e-21,1.942e-56,0,2.7355e-11,4.6953e-16,0.94353,0.010479,0.17334,0.017764,0.016699,0.043512,4.4705e-08,4.5186e-09,1.7689e-20,9.3654e-25,4.3719e-05,6.1439e-25,2.97e-21,2.716e-18,1.1254e-12,2.6817e-14,6.9013e-05,0.00010138,0.042622,7.2164e-07,9.7148e-07,8.0543e-07,2.0707e-11,1.4284e-09,2.1807e-16,7.3194e-17,1.4466e-14,8.8626e-12,5.855e-14,9.0077e-18,2.4077e-14,1.64e-27,2.6507e-08,9.9534e-05,3.0339e-07,4.17e-10,0.031757,0.0030068,0.058199,0.00072328,0.20924,0.024199,1.9393e-05,0.014843,8.0549e-06,3.9916e-10,0.45738,3.2841e-08,3.943e-08,1.415e-18,0.034791,4.501e-05,7.1865e-05,1.2594e-09,2.2248e-14,0.033195,1.5536e-13,1.1827e-07,0.67709,0.028649,2.2094e-11,0.26195,1.1215e-12,0.00023248,6.7995e-17,4.116e-10,4.7887e-12,3.5954e-11,7.7742e-09,1.3171e-09,0.022923,0.00088112,0.00089928,0.036328,1.3714e-12,6.122e-06,1.2262e-09,1.0131e-05,0.015165,0.015274
0.12581,0.60534,1.4466e-11,9.6421e-09,0.0040146,0.1634,9.3452e-17,0.00066193,6.8555e-14,0.0014851,2.3446e-05,0.8054,3.9723e-11,0.13931,4.3876e-09,0.28502,0.45842,0.22498,0.00020923,0.003536,0.20123,0.86468,1.6326e-13,4.4992e-10,0.00034069,0.0010699,0.024311,0.21505,0.75486,0.13937,1.5426e-05,4.4542e-07,8.9628e-15,2.7355e-11,0,1.6087e-23,0.50286,0.35943,0.52305,0.2034,0.88303,0.38246,0.014456,0.098979,1.4257e-15,1.7337e-06,0.097157,0.0001464,0.0013416,0.029113,0.0019198,0.15613,0.73422,0.041629,0.68902,0.030756,0.046631,0.0065122,0.015346,0.63598,4.8168e-06,0.010711,0.42583,0.10547,2.2102e-31,8.2592e-11,2.2209e-11,7.7274e-06,2.1754e-06,3.645e-05,0.0022115,0.0017766,0.28758,0.45521,0.54009,0.345,0.72684,0.3674,0.16962,0.59683,0.14919,0.13636,0.67732,0.53513,1.218e-14,2.1443e-07,0.47339,0.002674,3.748e-11,0.042822,1.2244e-08,2.8528e-06,7.561e-08,1.4598e-12,0.94381,0.76491,0.19528,0.40345,1.3449e-07,0.012999,0.01155,3.2721e-09,0.0036398,0.0074452,0.065489,0.0019706,0.050119,0.02082,0.62579,0.48353,5.285e-05,0.0037419,0.0331,0.017624,0.32628,0.96578
