0,9.8304e-39,1.1329e-13,7.2606e-10,7.0973e-05,0.0066971,1.6521e-18,8.0357e-07,0.00044364,0.0055212,3.5869e-15,0.0054982,1.1591e-11,1.3002e-06,0.00012297,0.032333,9.1054e-21,1.7881e-12,9.2785e-39,2.5023e-20,0.0010686,1.5506e-05,0.060776,0.64271,0.08741,0.0099588,0.094873,0.20628,3.4261e-09,3.8342e-05,0.00013929,7.7042e-05,1.8413e-17,5.5385e-16,9.7194e-07,4.064e-06,4.7724e-13,7.1551e-08,1.5931e-05,0.0041961,1.22e-13,6.6833e-10,5.622e-12,1.4833e-09,5.1888e-11,1.0266e-07,2.6923e-20,1.2216e-17,2.2275e-19,8.1985e-14,3.9211e-19,1.6044e-23,9.8064e-27,1.2237e-22,6.3661e-17,5.8327e-17,1.3284e-52,1.6569e-35,4.351e-39,7.912e-26,5.8737e-16,0.00013633,6.7419e-28,1.3303e-22,0.027082,0.16192,4.9736e-17,4.1814e-14,8.3667e-20,3.015e-08,6.4377e-14,5.2117e-07,8.9796e-17,3.2612e-16,6.1059e-19,2.365e-14,6.6291e-23,6.6311e-16,2.8297e-05,4.0564e-14,9.3039e-12,1.2948e-17,0.00020885,4.5541e-06,4.6327e-13,1.0848e-10,3.9023e-05,0.001073,7.4767e-17,5.2477e-14,6.9715e-15,1.3435e-21,2.9839e-07,1.2482e-17,1.6135e-08,0.0060252,6.9226e-15,1.1871e-22,1.2188e-30,9.9285e-40,9.6776e-16,9.1818e-16,3.9429e-09,2.3324e-13,0.56846,0.0021097,7.8276e-17,6.4838e-25,0.00021403,9.1901e-11,9.3042e-11,1.4432e-15,7.4245e-11,0.0042539,0.089669,0.1199
9.8304e-39,0,1.5064e-12,7.6888e-11,0.001189,0.0012116,4.8265e-18,1.1435e-10,0.0030926,0.0019441,3.2275e-14,5.1539e-05,8.9739e-11,7.7161e-07,0.00034378,0.0092672,1.3962e-23,8.6128e-19,2.2241e-34,6.9146e-28,0.09006,0.0057278,0.0015183,0.15942,0.070489,0.016725,0.22371,0.45623,3.2812e-12,1.736e-07,3.9216e-06,4.3687e-06,2.4899e-23,3.8055e-26,4.3024e-11,6.9179e-09,3.1775e-09,7.3723e-05,0.026527,0.39865,1.1222e-11,3.0464e-10,2.9279e-07,1.6899e-06,1.1816e-13,1.9497e-10,6.7042e-18,3.9824e-15,8.2593e-17,1.1927e-15,2.0067e-20,3.9234e-19,1.5979e-21,6.6472e-23,2.1341e-12,8.2105e-13,8.9264e-30,1.7255e-52,2.4102e-24,1.0557e-21,2.541e-16,1.1062e-07,5.9742e-28,1.6309e-28,6.4184e-06,0.0067204,1.8551e-15,6.3842e-16,6.1822e-14,6.8393e-08,3.9816e-11,0.0001731,1.3285e-17,1.4717e-18,2.9943e-19,7.8429e-15,1.5382e-16,3.7452e-15,8.5831e-09,1.2316e-20,1.1242e-15,1.009e-20,0.018094,5.5547e-06,3.12e-14,4.7973e-11,0.00098738,0.013887,2.1685e-10,9.3199e-09,8.5197e-16,1.123e-17,1.1348e-08,1.1994e-17,2.1096e-09,0.20321,1.3493e-10,2.253e-15,5.0916e-32,2.8416e-29,5.445e-19,1.6824e-16,1.5711e-11,2.2462e-10,0.12519,0.00055271,1.4025e-17,9.6224e-15,0.0016354,3.8928e-09,8.1191e-12,1.5617e-18,2.3017e-10,0.02495,0.23238,0.42733
1.1329e-13,1.5064e-12,0,1.6025e-24,1.3584e-13,2.4239e-10,4.4648e-58,5.1071e-19,2.3133e-19,2.0118e-15,3.7649e-11,2.3797e-07,4.0886e-22,4.0339e-06,1.4258e-14,5.6837e-08,7.0659e-05,0.00038726,2.2588e-16,2.003e-09,0.011268,0.074214,8.0821e-27,2.2912e-12,2.1968e-11,4.7155e-11,2.0135e-05,1.9473e-05,0.0059304,0.011035,5.2544e-16,5.4054e-14,1.5226e-28,1.5497e-20,9.1029e-28,7.6053e-14,6.0007e-10,2.9821e-07,3.7818e-07,0.00072989,3.1498e-16,1.4464e-09,1.6712e-16,1.8128e-13,2.1765e-26,3.8262e-14,4.0401e-21,1.7042e-23,4.0455e-21,2.4905e-17,1.1706e-26,6.4056e-21,3.9729e-12,7.7003e-17,9.7327e-18,1.8292e-14,1.4972e-07,6.8855e-08,5.1239e-18,9.4963e-09,6.2702e-15,1.9761e-09,0.00070866,0.00081732,4.5047e-22,1.7002e-11,8.8945e-33,1.9424e-20,3.1809e-14,6.3674e-07,1.8034e-11,6.3464e-07,7.7112e-13,1.9369e-09,4.1806e-13,9.4785e-11,1.1049e-10,2.775e-07,6.6676e-05,1.889e-09,1.323e-05,1.3273e-08,1.6729e-05,9.5026e-06,1.8186e-29,4.2913e-15,1.6225e-09,3.3856e-06,9.7239e-30,1.4078e-20,1.356e-30,1.6006e-30,1.0624e-21,1.0169e-33,4.8652e-07,0.014478,1.8527e-18,1.3093e-14,4.1859e-21,2.7319e-17,1.0495e-19,2.6373e-22,1.1063e-09,8.1476e-10,0.2056,5.9238e-09,8.7786e-11,1.6189e-12,4.6058e-05,1.7834e-12,5.6192e-07,5.6209e-11,1.8688e-09,1.5175e-05,0.00068469,0.0078495
7.2606e-10,7.6888e-11,1.6025e-24,0,6.0875e-06,1.4504e-11,9.437e-24,1.1948e-62,1.9179e-18,3.0891e-37,9.2006e-05,2.5957e-22,2.2915e-12,1.474e-08,7.2689e-13,1.568e-13,0.00042134,0.011698,1.3797e-15,8.9922e-15,0.67963,0.94534,1.7506e-17,2.3983e-17,0.096908,0.0007926,0.55459,0.83758,0.015415,0.00046385,9.7182e-06,1.3131e-11,5.3489e-24,8.0417e-30,6.1329e-16,9.3609e-15,1.2854e-05,4.5882e-06,0.0038848,0.050265,2.1222e-08,7.8225e-10,1.8108e-09,6.4404e-07,2.9909e-12,9.5811e-09,3.011e-12,3.2558e-13,6.2456e-15,2.7368e-19,1.3869e-14,5.1101e-16,1.3464e-11,1.0467e-17,1.4232e-08,2.228e-08,9.9884e-08,3.9378e-05,8.9352e-16,1.3411e-18,4.8891e-22,2.8804e-37,0.0023903,3.039e-05,6.2711e-13,3.1179e-23,6.871e-13,4.2133e-18,1.0197e-09,4.2508e-08,4.4919e-13,8.2854e-08,1.8416e-12,3.4761e-12,9.8749e-18,2.9347e-17,2.0436e-12,2.3844e-11,0.00066307,2.4024e-06,2.2896e-05,1.6471e-07,7.128e-05,2.3267e-09,3.9377e-19,6.6116e-16,9.3194e-07,4.9387e-05,3.6791e-22,1.3026e-26,3.6475e-36,5.1441e-25,4.9356e-32,7.5687e-20,2.0165e-06,0.047022,1.8405e-07,9.99e-10,4.9806e-15,6.9428e-14,1.1947e-28,6.8729e-17,4.1012e-12,1.098e-07,0.37369,9.2125e-05,1.0269e-16,6.0974e-14,6.1059e-06,9.1706e-10,1.1674e-05,7.9176e-08,2.7651e-08,0.00031639,0.0016653,0.039534
7.0973e-05,0.001189,1.3584e-13,6.0875e-06,0,5.9837e-47,1.8109e-09,0.0013044,2.7107e-34,7.4458e-11,2.7692e-06,0.0024037,2.5589e-11,5.5037e-05,1.498e-10,0.10263,9.1288e-05,0.00043857,0.00040526,0.0023164,9.2799e-13,2.0535e-10,6.6169e-05,0.0069716,4.1361e-35,1.673e-39,1.5224e-31,1.1234e-31,0.00052889,0.00028087,2.3822e-16,2.3783e-10,8.2107e-08,3.0231e-07,2.3076e-06,7.08e-07,0.048505,0.015154,0.013115,0.12006,5.9429e-08,1.8974e-07,0.38361,0.00032378,3.6496e-07,3.5514e-06,0.00029072,6.9751e-07,4.9452e-08,2.8933e-09,8.2486e-09,1.0435e-11,6.4446e-05,0.00020823,2.0542e-10,1.9276e-10,0.0045849,0.0011143,6.457e-07,4.0393e-05,5.0548e-05,7.9771e-05,0.066974,0.0020428,0.00021269,1.4918e-07,7.3618e-07,2.8129e-07,7.9333e-09,4.5141e-06,6.1762e-08,3.2243e-08,2.0152e-05,2.6164e-05,0.00040897,8.8554e-06,0.020498,0.0060018,0.00024732,3.6825e-06,2.0589e-05,5.708e-06,0.044506,0.020196,1.6718e-07,0.00012503,6.8584e-07,0.014045,1.3698e-14,8.2399e-09,0.00032628,0.0014479,1.1675e-05,5.5422e-08,0.23738,0.15511,0.00076597,0.00039635,0.00080485,0.00072587,3.7006e-08,3.304e-11,0.00048079,1.4601e-05,0.25787,0.00014935,0.027516,0.0021649,0.62639,0.025446,0.00020097,0.0057875,0.00048069,0.041045,0.16708,0.38664
0.0066971,0.0012116,2.4239e-10,1.4504e-11,5.9837e-47,0,2.635e-07,4.8278e-09,1.6255e-34,7.5033e-22,0.00032972,4.8249e-06,1.173e-08,0.00095251,3.6077e-10,0.02728,0.0018146,0.0050872,0.00093116,0.00014329,2.3837e-09,1.165e-07,4.5564e-06,2.8319e-05,8.9941e-20,2.8941e-27,1.7382e-18,7.0528e-24,0.024281,0.005439,1.0397e-08,2.235e-07,2.6012e-06,1.2076e-07,2.4544e-05,6.1203e-06,0.11533,0.0076247,0.069663,0.18045,2.4024e-05,9.1689e-09,0.67354,0.037614,7.6388e-05,0.00010232,0.012594,0.00034528,1.0971e-05,5.373e-10,4.2323e-06,1.7165e-08,0.0015682,0.00010495,2.0224e-06,7.683e-07,0.08896,0.0075806,6.6841e-05,2.4911e-06,2.8942e-05,4.9232e-10,0.44785,0.0050175,7.169e-05,1.13e-10,0.0026355,1.9279e-05,3.6154e-05,7.9521e-07,9.9605e-13,2.9411e-11,9.7089e-06,1.2995e-06,3.9431e-05,2.327e-08,0.011913,0.00030859,0.0015538,2.6075e-05,0.0005304,8.9366e-05,0.040403,0.0052157,6.4348e-06,0.00021016,1.0758e-06,0.0049044,4.5462e-12,1.008e-10,5.7235e-06,0.0013942,1.6607e-09,7.3285e-07,0.031996,0.40799,0.023048,0.0086594,0.0062112,0.019533,1.4126e-11,5.4364e-09,0.00010153,0.0033234,0.45328,0.0030867,0.00036004,0.0090436,0.12343,0.017658,0.060952,0.19504,0.011899,0.14228,0.15054,0.4162
1.6521e-18,4.8265e-18,4.4648e-58,9.437e-24,1.8109e-09,2.635e-07,0,9.184e-24,2.193e-15,3.0339e-13,5.7926e-12,7.4478e-07,3.4436e-21,1.3725e-08,1.7937e-09,1.3197e-06,4.4568e-06,9.329e-06,1.2526e-20,1.7628e-13,0.11672,0.18964,2.1521e-16,2.8944e-08,4.212e-07,1.1401e-07,0.002466,0.0041625,0.00048922,0.0030138,2.3868e-13,2.1658e-12,9.1897e-30,7.6124e-25,4.5638e-21,1.1025e-13,3.0231e-14,1.778e-08,1.7223e-08,0.00030493,6.0985e-19,4.0932e-11,2.415e-20,4.505e-17,2.5368e-30,3.754e-19,3.1156e-27,4.9368e-30,9.9137e-30,4.3732e-23,3.4304e-32,2.1485e-29,1.0915e-16,1.4888e-24,1.0645e-16,1.3685e-15,2.0187e-10,2.2888e-11,2.8773e-25,9.9321e-14,1.0918e-17,3.2867e-11,2.1191e-07,3.5518e-08,2.6131e-17,1.3577e-08,6.5861e-43,4.4987e-27,1.303e-11,3.3741e-07,3.63e-11,1.5073e-05,2.8011e-15,4.4114e-12,4.2957e-16,5.8353e-14,1.8952e-12,6.1614e-09,8.0668e-06,7.1946e-12,3.7564e-07,2.2003e-11,2.0528e-05,1.4366e-05,2.5414e-26,2.9582e-15,1.6389e-07,0.00012551,2.1241e-23,3.9262e-19,5.4383e-33,3.4187e-38,5.58e-21,9.5811e-37,1.525e-11,0.003564,2.6876e-21,2.6997e-20,1.4349e-30,1.7178e-24,5.6661e-26,4.9294e-27,5.4559e-13,2.1133e-13,0.046875,2.4488e-10,2.4346e-16,1.1235e-16,3.7467e-05,5.5068e-14,3.5346e-08,1.5777e-12,7.2479e-12,6.35e-07,0.00019955,0.0042583
8.0357e-07,1.1435e-10,5.1071e-19,1.1948e-62,0.0013044,4.8278e-09,9.184e-24,0,3.4562e-13,1.5655e-30,0.0035901,1.0455e-20,4.5506e-09,4.6335e-08,1.142e-10,3.722e-15,0.013573,0.056175,2.3352e-14,3.6637e-17,0.2381,0.2878,1.8395e-16,1.2495e-14,0.45324,0.029657,0.20194,0.50311,0.028674,0.0010127,1.3101e-05,2.9996e-10,5.6301e-22,4.3016e-29,1.8321e-16,2.6811e-14,6.3049e-05,1.3657e-05,0.015496,0.11563,7.9349e-06,3.1537e-08,3.4555e-09,5.5981e-07,1.5906e-13,1.5118e-10,2.2016e-10,2.2191e-12,1.1503e-12,3.7496e-19,1.0598e-12,5.908e-14,6.9382e-09,1.4431e-18,6.1714e-06,3.4324e-06,4.6113e-05,0.0005349,4.6436e-11,1.5952e-15,2.1173e-18,6.2292e-41,0.01677,8.7805e-05,1.9339e-14,2.7125e-18,1.7479e-12,3.4983e-19,3.3885e-06,2.7962e-06,4.305e-10,9.2598e-05,3.539e-11,8.2471e-11,3.9883e-15,5.2643e-16,5.9095e-09,2.7622e-09,0.0022132,7.9065e-05,0.0010456,1.4943e-05,7.3263e-05,1.2632e-08,2.404e-16,2.9253e-15,1.1094e-05,0.00060173,3.0468e-14,1.2718e-17,9.8771e-36,7.029e-23,1.5286e-31,1.802e-18,6.1606e-07,0.031999,5.6307e-06,4.4078e-08,1.3439e-12,5.1665e-11,4.4181e-28,6.4916e-15,9.2508e-14,4.2977e-06,0.22384,0.0002019,2.8464e-18,3.4067e-10,8.8803e-07,9.2262e-09,0.00018761,1.2162e-05,1.4847e-06,0.0024069,0.0036069,0.031919
0.00044364,0.0030926,2.3133e-19,1.9179e-18,2.7107e-34,1.6255e-34,2.193e-15,3.4562e-13,0,7.6899e-31,0.00034816,4.0289e-11,3.8658e-13,2.2183e-11,5.1381e-16,4.9413e-07,0.061804,0.069929,8.4656e-05,0.00021647,0.0015302,0.065439,3.8054e-11,1.2784e-09,3.1177e-14,8.0961e-23,6.4579e-08,3.524e-10,0.035233,0.0010406,2.0493e-09,1.8124e-11,2.1473e-09,2.3257e-10,4.97e-08,2.3652e-07,0.045345,0.032061,0.01301,0.082106,1.3785e-07,2.7117e-07,0.042449,0.00058448,4.6919e-07,5.6288e-06,4.7451e-05,7.1156e-08,7.0909e-10,1.9198e-12,1.7697e-09,5.9607e-11,2.3185e-06,5.72e-06,6.6249e-11,3.5353e-10,0.037515,0.14198,7.7955e-10,1.2212e-07,1.3168e-10,1.1276e-15,0.22914,0.010879,1.4675e-08,4.3389e-15,1.2326e-07,6.6361e-09,9.456e-07,2.1741e-05,2.4423e-05,7.2813e-05,1.0372e-06,6.6823e-06,2.0423e-06,1.522e-07,0.01959,0.011192,0.013436,0.00082103,0.00096838,8.9734e-05,0.0046865,0.0010779,1.9943e-12,2.5486e-08,9.9226e-08,0.0052491,4.3465e-21,1.7277e-16,9.1887e-11,4.5219e-09,1.8069e-13,6.4961e-13,0.010734,0.94467,0.00012711,6.0825e-06,1.521e-05,1.1744e-05,1.5664e-14,2.0472e-14,3.0529e-05,1.9353e-05,0.35864,2.9383e-05,0.00053461,3.0341e-07,0.03723,0.0001144,0.0017522,0.0025067,1.1868e-06,0.0032021,0.03439,0.21297
0.0055212,0.0019441,2.0118e-15,3.0891e-37,7.4458e-11,7.5033e-22,3.0339e-13,1.5655e-30,7.6899e-31,0,0.0081725,6.6322e-21,2.9167e-10,3.3989e-08,1.3144e-15,6.2467e-13,0.22742,0.76815,1.3251e-05,5.7628e-06,0.26475,0.88983,1.9965e-14,6.5032e-12,0.00040422,4.0439e-08,0.074711,0.0090954,0.3518,0.0070924,0.00048761,4.247e-09,2.5288e-10,5.9506e-13,2.1105e-07,1.3788e-06,0.0054883,0.0004994,0.01145,0.036745,3.0188e-05,1.5413e-08,0.0003884,0.00018861,4.0821e-06,1.001e-05,4.6507e-05,4.3668e-07,4.9875e-08,5.1764e-15,3.351e-07,1.2129e-08,7.1882e-06,3.8938e-08,2.2604e-06,1.4352e-05,0.24219,0.26151,2.0661e-07,9.9665e-10,1.1864e-12,1.0181e-34,0.79238,0.022972,3.4275e-09,2.5003e-18,3.5202e-05,2.2062e-07,6.2095e-06,6.8384e-08,1.379e-08,1.048e-06,4.6322e-07,4.5971e-06,6.2077e-10,4.3828e-12,1.5849e-05,5.5971e-05,0.085524,0.0042483,0.02138,0.00089586,4.8256e-05,2.3232e-07,3.4998e-13,3.5694e-08,3.988e-07,0.00063506,3.0417e-18,3.4175e-24,5.569e-16,2.2111e-12,3.9946e-23,1.3745e-10,0.0010843,0.18926,0.00024819,4.5258e-05,0.0001271,0.0001522,5.4202e-15,1.3847e-11,4.7745e-05,0.0036307,0.79649,0.00090703,6.5762e-08,2.1072e-06,4.4818e-05,4.9557e-06,0.022064,0.025428,1.206e-05,0.0020136,0.011135,0.018739
3.5869e-15,3.2275e-14,3.7649e-11,9.2006e-05,2.7692e-06,0.00032972,5.7926e-12,0.0035901,0.00034816,0.0081725,0,7.6847e-06,5.6085e-35,1.6199e-13,6.2794e-07,0.18103,3.3407e-19,1.3403e-19,1.777e-13,1.7557e-11,0.00035909,1.538e-06,0.35687,0.46479,0.0024182,0.039888,4.437e-06,0.0073306,1.1989e-12,8.8488e-08,0.00051971,0.027878,3.1441e-08,5.1238e-06,0.00011673,0.051587,0.0034718,0.85685,0.67951,0.20237,4.2583e-07,5.7033e-05,1.2272e-05,1.2471e-07,3.7845e-12,3.0321e-12,8.3111e-14,9.3095e-09,6.3025e-20,1.0465e-09,8.6824e-16,1.6333e-14,1.6977e-06,6.3378e-06,1.8632e-08,1.5434e-07,2.3474e-09,6.1305e-12,6.957e-12,0.0020216,2.9779e-09,0.023432,9.1835e-16,1.0706e-12,0.0028214,0.076146,1.5324e-08,3.1462e-05,2.5109e-14,2.8735e-12,1.8832e-10,4.5807e-10,2.1004e-09,1.0723e-08,0.00012784,6.2886e-06,3.7196e-06,8.5996e-06,5.2303e-12,2.7255e-13,1.1839e-15,2.8452e-13,0.53013,0.18437,2.6701e-07,2.1124e-05,0.26321,0.59936,4.2827e-09,4.9907e-05,3.909e-09,5.8048e-09,0.00043748,4.1684e-10,0.12106,0.0020454,3.3485e-06,4.3068e-06,3.0651e-11,3.0895e-09,6.1802e-09,1.5246e-10,5.1634e-08,3.509e-12,0.10706,8.191e-05,9.799e-06,0.0010828,0.14561,0.059266,1.0618e-10,3.6236e-08,0.02274,0.14236,0.54838,0.037488
0.0054982,5.1539e-05,2.3797e-07,2.5957e-22,0.0024037,4.8249e-06,7.4478e-07,1.0455e-20,4.0289e-11,6.6322e-21,7.6847e-06,0,5.5431e-10,6.4802e-29,4.3531e-13,7.3698e-23,0.0050518,0.052716,3.9228e-05,1.7685e-07,0.016177,0.030629,8.0594e-11,8.7081e-12,0.23804,0.047182,0.51029,0.51378,0.00048381,2.176e-06,0.0015497,1.9158e-08,3.5348e-07,1.6982e-10,1.1531e-05,0.00044578,0.88542,0.9176,0.83463,0.93018,0.0097279,0.00020896,0.053594,0.002078,0.0011063,0.00029945,9.2655e-05,6.8008e-05,1.4253e-05,3.2647e-08,1.8779e-05,2.8805e-06,0.00015657,5.3106e-05,6.036e-05,0.00013438,0.08424,0.38414,0.00011062,8.8536e-05,1.5762e-13,1.6446e-33,0.021264,0.0017202,4.2248e-10,5.6168e-21,0.0034753,1.2054e-05,3.6894e-06,1.6686e-05,0.0070739,0.012832,2.5051e-06,7.473e-06,4.7682e-07,1.7793e-10,0.0091545,0.041471,0.0043136,0.010737,0.001954,0.0056884,0.0044787,8.1772e-07,1.2599e-12,4.9021e-11,2.1223e-05,0.002254,6.2315e-10,1.0455e-13,3.787e-11,6.1436e-07,8.8584e-12,3.482e-06,0.081987,0.54216,0.043349,0.003288,0.0015544,0.00039713,1.9948e-09,1.5175e-06,0.00020597,0.0026491,0.13449,0.0027077,1.8083e-06,2.7897e-05,0.12783,0.033724,0.0034044,0.012579,0.00056535,0.036473,0.059267,0.64036
1.1591e-11,8.9739e-11,4.0886e-22,2.2915e-12,2.5589e-11,1.173e-08,3.4436e-21,4.5506e-09,3.8658e-13,2.9167e-10,5.6085e-35,5.5431e-10,0,3.8031e-16,3.2527e-15,0.0001342,2.3961e-11,2.7442e-09,1.7749e-10,7.8953e-09,0.0089947,0.010095,6.6654e-07,0.0043632,1.304e-07,1.2859e-06,2.1651e-06,5.3873e-05,6.5287e-08,4.2323e-07,1.1196e-08,8.0012e-07,1.1692e-14,4.0533e-10,3.1102e-07,0.0049303,0.00039497,0.17638,0.046942,0.75544,8.4305e-11,2.6617e-07,1.2284e-08,5.6771e-13,2.792e-17,1.1564e-14,8.9068e-19,1.2003e-14,1.4044e-22,4.4909e-14,1.9182e-18,1.1426e-15,6.0705e-09,1.4152e-08,1.7977e-14,6.9431e-13,5.9019e-07,2.3645e-07,1.0073e-15,0.00013445,1.5795e-19,8.4738e-08,3.8443e-08,4.0238e-07,5.9869e-10,6.1327e-06,8.6952e-12,5.2664e-07,7.6028e-15,9.3765e-09,1.6938e-08,3.9257e-06,5.641e-09,8.2341e-09,6.4697e-07,1.8364e-10,3.014e-06,0.00088096,2.1888e-10,1.2069e-11,2.8834e-12,1.2383e-12,0.17818,0.0015614,2.5069e-14,1.2555e-08,0.00089681,0.24562,1.3456e-20,9.4822e-12,1.9514e-12,5.107e-15,5.1583e-09,9.4841e-18,0.0051943,0.098229,8.7269e-09,1.8158e-08,1.5084e-12,7.6348e-11,2.3171e-12,1.0154e-15,1.6633e-06,8.9575e-11,0.32738,1.2388e-05,4.0676e-06,2.7752e-07,0.26591,0.00015537,1.114e-08,4.7966e-09,4.0655e-06,0.0058563,0.15548,0.60888
1.3002e-06,7.7161e-07,4.0339e-06,1.474e-08,5.5037e-05,0.00095251,1.3725e-08,4.6335e-08,2.2183e-11,3.3989e-08,1.6199e-13,6.4802e-29,3.8031e-16,0,9.9506e-13,4.1982e-14,0.00020146,0.000873,1.0527e-06,4.5421e-07,0.88151,0.95705,0.0013353,0.00054711,0.0095779,0.0033896,0.056479,0.37028,1.9797e-07,3.5084e-08,6.3607e-05,1.7197e-07,3.9943e-07,6.3818e-09,0.00026224,0.030189,0.35821,0.15592,0.82078,0.36724,2.8067e-05,0.0027192,0.015731,6.578e-06,2.8661e-07,2.3749e-10,3.2358e-08,4.566e-07,1.6437e-12,3.6618e-11,4.8876e-09,6.2619e-09,2.5576e-07,4.6549e-05,9.301e-08,3.0757e-07,0.00046534,0.015065,1.8614e-08,0.00074734,4.8495e-11,2.9273e-12,6.658e-07,5.7422e-06,2.7915e-06,5.4389e-10,3.8119e-05,6.7139e-06,2.5203e-08,2.3867e-05,0.024733,0.022788,6.7413e-07,1.9482e-05,8.6801e-05,3.2893e-06,0.18051,0.30194,0.00012525,0.0021399,1.3096e-06,0.00019313,0.38593,0.001051,1.2271e-11,3.8015e-12,0.01751,0.20297,8.6235e-09,2.6934e-08,5.6543e-08,6.3497e-07,5.0511e-06,2.0671e-07,0.18179,0.01592,0.0026203,6.3868e-06,1.934e-06,1.6513e-07,4.0854e-09,1.6916e-08,6.4095e-05,1.0571e-08,0.0035147,8.125e-05,6.2326e-05,1.9047e-05,0.46078,0.14064,2.3924e-07,2.9918e-05,1.4617e-05,0.0058101,0.24541,0.91149
0.00012297,0.00034378,1.4258e-14,7.2689e-13,1.498e-10,3.6077e-10,1.7937e-09,1.142e-10,5.1381e-16,1.3144e-15,6.2794e-07,4.3531e-13,3.2527e-15,9.9506e-13,0,2.8555e-21,0.028304,0.24214,6.3967e-09,0.00014333,0.011498,0.026511,4.9708e-18,2.8088e-12,1.4348e-07,1.2163e-06,0.00013923,0.00027003,0.0078312,0.00065089,1.3275e-08,1.6536e-08,1.4764e-12,1.9115e-09,2.5037e-10,2.3951e-06,0.087683,0.12996,0.2309,0.89813,6.4516e-06,2.0277e-05,4.9922e-05,4.4392e-08,6.9932e-09,3.7413e-08,4.0019e-10,6.6243e-11,6.9896e-08,1.5699e-12,5.4412e-10,5.779e-09,1.6769e-05,1.1651e-06,2.3795e-09,3.7939e-08,0.0054418,0.11459,6.2598e-07,0.00020876,7.645e-10,3.6722e-10,0.13485,0.13341,3.0892e-17,3.2649e-13,4.1054e-05,1.3285e-05,9.2234e-11,0.00044361,6.2919e-05,0.00026638,3.1988e-08,1.6861e-05,6.5123e-09,2.0267e-08,0.0034428,0.058068,0.0012112,0.0072732,0.00060415,0.00089631,0.00065334,1.368e-06,5.2419e-24,1.5989e-20,5.7259e-06,0.00019862,1.2019e-19,3.3369e-14,2.2562e-11,1.7831e-09,1.3963e-13,5.6133e-14,0.13768,0.13437,0.016775,9.9066e-05,6.244e-05,1.232e-06,8.4844e-10,2.8089e-13,3.0973e-06,2.2524e-07,0.14681,4.6324e-05,6.6824e-05,3.0053e-05,0.029893,0.0010894,2.8302e-05,7.2985e-06,8.6231e-06,0.012071,0.085369,0.088674
0.032333,0.0092672,5.6837e-08,1.568e-13,0.10263,0.02728,1.3197e-06,3.722e-15,4.9413e-07,6.2467e-13,0.18103,7.3698e-23,0.0001342,4.1982e-14,2.8555e-21,0,0.35273,0.62895,8.2923e-06,2.1591e-06,0.035039,0.026941,2.0696e-16,2.8754e-19,0.34489,0.13602,0.41367,0.22462,0.0092893,0.00020712,0.00015764,5.1336e-11,1.2127e-06,6.1697e-09,3.0093e-06,1.3552e-05,0.1568,0.14563,0.27866,0.40334,0.024411,0.00027194,0.0022133,0.0002611,0.0005386,0.00029436,8.3708e-05,8.3807e-06,0.00043199,1.4271e-06,7.4889e-05,0.00058634,0.00021577,7.5689e-05,8.1033e-06,0.0001471,0.17726,0.4781,0.008945,0.015898,3.7188e-06,1.5887e-14,0.30425,0.43658,2.6504e-10,1.1648e-10,0.0042868,0.00013531,0.00036295,0.063039,0.13737,0.14508,3.5876e-06,0.00011758,4.654e-08,1.2505e-07,0.0050818,0.016266,0.028682,0.37293,0.037788,0.05618,2.3626e-06,2.7381e-13,3.8305e-16,3.3518e-20,5.567e-06,1.6592e-05,1.0583e-07,2.6333e-09,2.5049e-09,1.6329e-07,9.2552e-11,2.2888e-06,0.12431,0.57199,0.035057,0.002428,0.0051742,0.00013429,6.1842e-06,9.3029e-05,0.0071792,0.022967,0.61693,0.1288,0.000312,0.00018182,0.00015843,5.0242e-05,0.002834,0.0046586,0.00021687,0.24276,0.4289,0.13063
9.1054e-21,1.3962e-23,7.0659e-05,0.00042134,9.1288e-05,0.0018146,4.4568e-06,0.013573,0.061804,0.22742,3.3407e-19,0.0050518,2.3961e-11,0.00020146,0.028304,0.35273,0,5.6363e-51,2.2845e-19,1.0361e-22,0.0002585,7.4786e-08,0.44622,0.033532,0.12851,0.025234,0.0030083,0.19241,1.2166e-40,1.1095e-25,3.0098e-05,8.2173e-06,2.767e-09,1.5581e-10,0.0085706,0.0013942,0.014453,0.12088,0.9373,0.5874,3.9361e-05,2.5508e-09,0.0051189,7.1064e-06,1.8757e-06,5.9211e-06,1.5452e-10,1.6109e-09,1.2729e-10,2.595e-05,2.9803e-12,2.3571e-11,2.4263e-13,1.1153e-09,4.6508e-10,6.7303e-08,1.4032e-23,2.1784e-26,1.2111e-12,7.3909e-07,5.387e-08,0.018483,8.8687e-43,5.5829e-32,0.59353,0.94864,1.169e-06,4.3482e-06,7.0334e-11,2.4075e-07,1.5084e-06,4.0307e-05,1.5795e-11,1.1431e-14,3.6826e-07,3.9961e-09,1.9323e-14,6.4672e-13,4.1103e-32,9.6421e-36,5.0742e-51,8.9151e-45,0.38938,1.2528e-06,5.5116e-05,0.00013542,0.081913,0.28179,6.2733e-05,0.0093864,1.1239e-05,1.4395e-05,0.17411,6.8912e-05,0.24546,0.066299,7.9527e-05,5.1244e-07,1.5303e-13,1.4323e-14,2.3515e-06,5.4747e-07,0.00021136,8.1674e-07,0.33501,0.8216,5.8984e-05,2.3182e-05,0.66451,9.7016e-05,2.6831e-19,9.3286e-12,0.00048421,0.39826,0.012074,0.0064941
1.7881e-12,8.6128e-19,0.00038726,0.011698,0.00043857,0.0050872,9.329e-06,0.056175,0.069929,0.76815,1.3403e-19,0.052716,2.7442e-09,0.000873,0.24214,0.62895,5.6363e-51,0,1.0696e-14,2.7757e-19,0.00024167,2.443e-07,0.25962,0.0042235,0.086672,0.028612,0.0027495,0.35362,1.9082e-40,1.7534e-26,1.2701e-05,4.885e-05,9.6905e-07,2.657e-08,0.0028796,0.008561,0.16988,0.73804,0.26742,0.07528,0.00041348,6.1487e-06,0.089592,0.00057798,1.0806e-07,1.1847e-07,1.032e-07,3.5044e-07,2.3524e-09,9.9164e-05,3.7788e-11,3.8577e-09,4.7877e-09,3.6704e-07,6.4223e-06,5.6817e-05,1.2913e-15,1.4957e-21,2.9877e-09,0.00011278,0.00016033,0.24024,5.0802e-37,4.6394e-31,0.44822,0.73758,3.9063e-06,4.6499e-06,1.4095e-07,6.2425e-06,7.1759e-05,7.7731e-05,1.5783e-09,1.8904e-12,0.0013186,0.00010812,3.0468e-07,5.8538e-08,7.7985e-35,3.2355e-34,5.5902e-44,1.4463e-37,0.48795,0.0041846,0.0033346,0.014876,0.80127,0.0034756,0.0079917,0.30302,0.0006451,0.0042654,0.78018,0.0010098,0.36556,0.0039101,0.0027621,0.00043566,6.2181e-12,4.1713e-10,4.2893e-06,1.1009e-05,0.00012609,3.7099e-06,0.24958,0.9454,0.0022825,0.0095235,0.082075,0.013753,1.6755e-16,1.7373e-09,0.0325,0.033453,0.0004092,1.0191e-05
9.2785e-39,2.2241e-34,2.2588e-16,1.3797e-15,0.00040526,0.00093116,1.2526e-20,2.3352e-14,8.4656e-05,1.3251e-05,1.777e-13,3.9228e-05,1.7749e-10,1.0527e-06,6.3967e-09,8.2923e-06,2.2845e-19,1.0696e-14,0,7.4798e-45,0.013467,0.0028069,6.2262e-05,0.025409,0.14808,0.019376,0.18582,0.88795,7.6764e-14,1.3192e-09,7.7165e-08,1.1146e-08,2.1585e-24,6.7445e-26,4.1235e-11,1.5503e-11,6.7177e-11,1.5065e-06,0.0051808,0.087057,1.683e-11,7.5305e-12,1.508e-11,1.7863e-08,9.7441e-14,8.8111e-10,1.0347e-18,7.8089e-17,1.6696e-15,1.5134e-12,3.1425e-17,5.5746e-16,9.2613e-17,2.5533e-21,7.1181e-11,6.6184e-09,9.5361e-28,1.6287e-23,3.0611e-21,1.4344e-18,4.2186e-13,6.2188e-08,2.3402e-24,1.1882e-21,0.0002499,0.015781,3.2229e-16,2.272e-17,2.5565e-16,5.163e-10,2.2736e-12,8.5224e-07,5.1237e-18,1.1929e-15,3.7564e-17,2.5358e-14,1.1714e-19,4.2968e-18,9.2526e-09,1.3256e-14,8.8609e-15,2.8485e-18,0.00012199,6.8624e-10,3.4056e-13,3.2071e-13,0.00072947,0.018062,2.9855e-11,4.92e-11,4.3999e-23,1.9927e-24,1.7337e-10,1.8232e-19,1.3813e-06,0.11054,2.8071e-10,2.2491e-14,6.147e-25,6.494e-29,9.1054e-19,3.1786e-15,4.1369e-11,2.1058e-12,0.8885,0.0088119,1.5097e-16,4.922e-19,0.00088795,3.6938e-10,8.6092e-13,5.1827e-15,1.3408e-07,0.09286,0.88547,0.79933
2.5023e-20,6.9146e-28,2.003e-09,8.9922e-15,0.0023164,0.00014329,1.7628e-13,3.6637e-17,0.00021647,5.7628e-06,1.7557e-11,1.7685e-07,7.8953e-09,4.5421e-07,0.00014333,2.1591e-06,1.0361e-22,2.7757e-19,7.4798e-45,0,0.20953,0.029574,0.016356,0.11139,0.92425,0.1422,0.69874,0.32483,6.8073e-20,2.7807e-17,3.0112e-05,9.9459e-08,2.6825e-16,4.6541e-24,1.1151e-07,2.1073e-08,0.00022415,0.0015575,0.50538,0.80049,1.0862e-05,5.6472e-11,0.00038679,0.0009094,2.0508e-08,5.5348e-08,4.9219e-08,2.1436e-08,1.4114e-11,2.9217e-09,1.2856e-11,1.6625e-09,9.6792e-11,2.4257e-14,5.1478e-06,2.6475e-05,5.1446e-18,2.2791e-17,2.3107e-12,2.8988e-14,9.0705e-13,2.0164e-11,6.5497e-26,2.7643e-29,0.013987,0.067994,2.3991e-09,4.4405e-13,6.277e-10,3.7527e-13,5.5794e-11,5.1128e-07,1.5429e-15,3.2248e-17,5.5163e-13,1.7161e-14,2.7872e-15,1.6769e-19,2.0103e-12,2.8192e-14,2.2608e-18,2.1485e-20,0.0086729,3.3767e-09,1.3989e-07,1.2411e-09,0.012745,0.7236,2.6052e-06,6.2786e-06,1.5967e-17,1.6522e-14,3.3546e-07,5.1794e-11,0.00066964,0.88293,0.00020901,5.2173e-07,1.056e-14,4.6962e-15,6.9712e-16,5.5179e-09,3.9595e-09,3.0924e-07,0.21839,0.61637,8.1048e-12,2.0828e-10,0.0080049,3.621e-07,2.6621e-11,1.8205e-08,0.0012204,0.68549,0.054948,0.093867
0.0010686,0.09006,0.011268,0.67963,9.2799e-13,2.3837e-09,0.11672,0.2381,0.0015302,0.26475,0.00035909,0.016177,0.0089947,0.88151,0.011498,0.035039,0.0002585,0.00024167,0.013467,0.20953,0,6.9095e-35,0.46404,0.024269,4.0159e-12,4.3913e-12,4.401e-22,3.1548e-18,0.024615,0.0051589,5.7282e-05,0.0090053,0.034703,0.12479,0.069203,0.08325,0.4715,0.24412,0.12703,0.18145,0.43485,0.011362,0.052267,0.00025002,0.00021488,0.00096632,0.013729,0.0016859,0.0018124,0.0047019,0.00074405,7.348e-05,0.024317,0.027319,0.011667,0.012856,0.0012886,0.00032961,0.0040442,0.037059,0.82327,0.15875,0.022086,0.010473,0.64345,0.78115,0.014677,0.028057,0.0005997,0.00014036,1.5082e-08,8.8952e-07,0.019506,0.041251,0.82731,0.54938,0.0015683,0.00027943,0.00024672,2.3456e-05,0.00021801,7.4177e-05,0.88442,0.019994,0.46485,0.11803,0.28775,0.53875,0.013385,0.034721,0.72111,0.6047,0.64235,0.14957,0.33698,0.40576,0.0095574,0.0064354,0.045778,0.036677,0.073018,0.030264,0.11223,0.028411,0.29677,0.99727,0.11746,0.77981,0.90873,0.1399,0.00020379,0.13055,0.61203,0.60703,0.72643,0.37387
1.5506e-05,0.0057278,0.074214,0.94534,2.0535e-10,1.165e-07,0.18964,0.2878,0.065439,0.88983,1.538e-06,0.030629,0.010095,0.95705,0.026511,0.026941,7.4786e-08,2.443e-07,0.0028069,0.029574,6.9095e-35,0,0.012566,0.0018689,4.3738e-06,6.8185e-05,1.7396e-15,5.0066e-11,0.00080026,0.007396,0.0041785,0.24101,0.010891,0.027523,0.048211,0.050185,0.67403,0.65639,0.088092,0.021707,0.80794,0.44139,0.76812,0.088792,2.6146e-05,1.7446e-05,0.078234,0.092143,8.2346e-06,6.346e-05,9.32e-06,3.1958e-08,0.0077153,0.0033785,0.17289,0.053419,1.1428e-07,2.359e-06,0.00032563,0.012991,0.461,0.1465,6.0445e-05,0.00011438,0.52509,0.75701,0.016377,0.012306,4.1463e-05,1.1483e-05,2.5107e-13,1.9626e-14,0.042313,0.021448,0.99261,0.65168,0.00055432,2.0384e-05,5.4355e-07,5.9334e-05,1.4135e-06,9.5136e-05,0.0041792,0.9214,0.81003,0.13544,0.18152,0.27587,0.03779,0.18063,0.43069,0.71591,0.91123,0.0628,0.029141,0.00011057,0.92918,0.1119,0.068778,0.053976,0.0060399,0.00082401,0.0012785,9.5712e-06,0.61147,0.50218,0.095968,0.52455,0.027795,0.44663,5.0045e-05,0.10633,0.63969,0.54758,0.42423,0.00022506
0.060776,0.0015183,8.0821e-27,1.7506e-17,6.6169e-05,4.5564e-06,2.1521e-16,1.8395e-16,3.8054e-11,1.9965e-14,0.35687,8.0594e-11,6.6654e-07,0.0013353,4.9708e-18,2.0696e-16,0.44622,0.25962,6.2262e-05,0.016356,0.46404,0.012566,0,1.4957e-45,1.3556e-09,5.0239e-09,0.051346,0.0053552,0.6783,0.73277,2.0283e-14,4.8884e-17,9.6146e-14,2.7874e-11,9.731e-21,3.6617e-10,3.2456e-05,5.9534e-05,1.6029e-06,8.5614e-05,1.5212e-07,2.7132e-06,5.5252e-08,6.6683e-06,5.2312e-09,0.00030921,2.9014e-08,9.9153e-11,0.0021194,2.5868e-06,4.5026e-06,6.6467e-05,0.00053455,7.3448e-07,8.6836e-08,2.8332e-06,0.62537,0.43403,0.0046353,0.0049249,1.9463e-06,5.8157e-12,0.088041,0.20818,7.4992e-34,3.2213e-19,8.7253e-09,1.1657e-08,0.0036617,0.24263,0.0035996,0.2105,4.9699e-05,0.0052536,1.4054e-08,2.4245e-06,0.0038725,0.056326,0.39258,0.058758,0.74843,0.13963,1.2963e-09,2.8954e-06,8.4526e-24,1.3695e-14,9.928e-13,3.1691e-14,2.2484e-14,8.7491e-15,1.0142e-12,1.7089e-10,1.4253e-16,3.7897e-12,1.9503e-06,0.00022413,6.0513e-07,6.2767e-05,5.4516e-06,7.3087e-06,2.2614e-07,5.166e-07,0.014759,0.11001,0.76803,0.00020215,1.478e-05,3.1576e-07,2.8703e-05,7.3583e-08,0.18012,0.00035333,2.9287e-06,0.0022041,0.00046798,0.0011689
0.64271,0.15942,2.2912e-12,2.3983e-17,0.0069716,2.8319e-05,2.8944e-08,1.2495e-14,1.2784e-09,6.5032e-12,0.46479,8.7081e-12,0.0043632,0.00054711,2.8088e-12,2.8754e-19,0.033532,0.0042235,0.025409,0.11139,0.024269,0.0018689,1.4957e-45,0,5.2617e-05,1.2076e-05,0.55265,0.087958,0.082412,0.29007,3.6991e-07,2.595e-11,1.7897e-06,2.1991e-07,2.2223e-11,1.5282e-08,0.0040039,0.00082276,0.00019875,0.00071889,6.6413e-06,3.4655e-05,0.0041265,0.071846,0.00086128,0.059252,0.00093836,9.2433e-05,0.080013,0.00095956,0.0048397,0.019059,0.023503,0.0001226,0.00016495,0.00010453,0.54651,0.20183,0.32176,0.074967,0.0040016,1.3097e-10,0.0040895,0.018232,2.1904e-18,4.0774e-23,0.0052516,7.5425e-05,0.10939,0.32055,0.0033896,0.051696,0.0016294,0.010299,4.0821e-07,4.012e-05,0.17749,0.26174,0.76676,0.99448,0.37648,0.7689,2.5957e-06,0.00033012,1.2508e-13,5.889e-17,1.8749e-09,5.7315e-18,2.8554e-08,3.8301e-12,5.1596e-10,1.0291e-06,3.5286e-17,2.3731e-07,2.4288e-05,0.0047327,0.0061397,0.008487,0.001881,0.0015595,2.4532e-06,0.00028453,0.041919,0.31535,0.21322,0.0018094,0.0001397,5.5517e-05,0.00082016,6.0613e-05,0.89587,0.027488,0.0002163,0.0046093,0.00077885,0.015814
0.08741,0.070489,2.1968e-11,0.096908,4.1361e-35,8.9941e-20,4.212e-07,0.45324,3.1177e-14,0.00040422,0.0024182,0.23804,1.304e-07,0.0095779,1.4348e-07,0.34489,0.12851,0.086672,0.14808,0.92425,4.0159e-12,4.3738e-06,1.3556e-09,5.2617e-05,0,2.3423e-48,3.6902e-46,3.7478e-43,0.23905,0.30093,3.5443e-22,2.4229e-10,3.1212e-05,0.00067654,1.4389e-06,0.00083771,0.0065496,0.054686,0.0022913,0.030523,1.2884e-07,0.00014532,0.11211,0.00025673,3.1416e-07,1.4851e-05,0.0001266,4.6755e-07,0.00027454,3.9133e-05,4.9671e-06,2.2266e-06,0.029529,0.0072424,1.5389e-08,3.5582e-08,0.63442,0.042501,0.029414,0.28968,0.17333,0.24159,0.82957,0.72312,3.3483e-08,1.1762e-06,1.4233e-05,0.0002823,0.0018095,0.02296,0.00067803,0.00071474,0.0483,0.12158,0.15139,0.14973,0.84707,0.8998,0.023995,0.0027375,0.033298,0.019367,0.14213,0.36681,2.4638e-06,0.00034905,4.062e-05,0.00044542,3.0546e-07,7.6657e-05,0.0536,0.03957,0.0012868,2.877e-05,0.21613,0.44005,7.1183e-05,0.0032151,0.0086473,0.015111,0.00072077,4.8606e-06,0.09727,0.0020657,0.096929,3.9562e-05,0.1456,0.085589,0.84045,0.11276,0.012872,0.01166,0.0013795,0.071689,0.019185,0.77819
0.0099588,0.016725,4.7155e-11,0.0007926,1.673e-39,2.8941e-27,1.1401e-07,0.029657,8.0961e-23,4.0439e-08,0.039888,0.047182,1.2859e-06,0.0033896,1.2163e-06,0.13602,0.025234,0.028612,0.019376,0.1422,4.3913e-12,6.8185e-05,5.0239e-09,1.2076e-05,2.3423e-48,0,3.6272e-26,1.291e-31,0.019136,0.0022879,3.8202e-25,6.4822e-20,1.7868e-05,7.7616e-06,5.2978e-06,9.4215e-06,0.010529,0.0044165,9.0775e-05,0.00021787,1.7843e-07,1.0922e-07,0.15983,9.6071e-05,5.8467e-05,0.0015598,0.00046951,1.2351e-07,0.0023349,0.00012244,3.1521e-05,3.2173e-06,0.00069187,0.0063477,2.631e-09,3.912e-09,0.18256,0.0058651,0.0010269,0.0052622,0.016402,0.0021349,0.32791,0.051336,4.5767e-05,1.12e-06,1.6655e-05,7.8393e-06,0.0027359,0.006573,0.00022614,0.00046247,0.0015567,0.011339,0.0068686,0.0015929,0.064104,0.088123,0.015399,4.6368e-05,0.002568,6.1925e-05,0.00089815,0.0016893,2.6426e-07,0.00074596,1.2174e-08,0.00024546,1.0948e-09,2.1677e-07,0.062364,0.065931,0.0042673,0.00055428,0.085177,0.51995,1.5239e-05,0.00013436,0.0069875,0.0041042,0.0008456,1.9282e-05,0.45621,0.047492,0.54469,0.029224,0.085564,0.00089771,0.16907,0.0010003,0.0044699,0.04862,0.00028045,0.28343,0.27341,0.68634
0.094873,0.22371,2.0135e-05,0.55459,1.5224e-31,1.7382e-18,0.002466,0.20194,6.4579e-08,0.074711,4.437e-06,0.51029,2.1651e-06,0.056479,0.00013923,0.41367,0.0030083,0.0027495,0.18582,0.69874,4.401e-22,1.7396e-15,0.051346,0.55265,3.6902e-46,3.6272e-26,0,1.8333e-55,0.022445,0.062317,1.6321e-11,0.00015743,0.020148,0.14005,0.0096252,0.19555,0.20785,0.55089,0.046244,0.24378,0.0001873,0.0020675,0.82436,0.0051836,1.9467e-05,4.737e-05,0.0047986,0.00049864,0.00057975,0.0025392,1.2911e-05,1.1563e-05,0.081099,0.048186,3.4148e-06,4.1284e-06,0.35376,0.018415,0.25007,0.69385,0.73208,0.35884,0.47482,0.3627,0.005214,0.02645,0.0052978,0.043718,6.5256e-05,8.7585e-05,1.7856e-05,6.3159e-06,0.12022,0.18329,0.91516,0.61379,0.82538,0.50502,9.5908e-05,0.00021743,0.00083259,0.0035635,0.92971,0.86755,0.0078816,0.0061228,0.004175,0.026528,0.00042839,0.016819,0.49481,0.51901,0.15911,0.010302,0.83942,0.023963,0.0084813,0.021269,0.099689,0.16327,0.036454,0.0018805,0.26232,0.0075679,0.20343,0.0057639,0.44138,0.92139,0.026716,0.93428,0.0061994,0.14793,0.34496,0.73598,0.71912,0.020534
0.20628,0.45623,1.9473e-05,0.83758,1.1234e-31,7.0528e-24,0.0041625,0.50311,3.524e-10,0.0090954,0.0073306,0.51378,5.3873e-05,0.37028,0.00027003,0.22462,0.19241,0.35362,0.88795,0.32483,3.1548e-18,5.0066e-11,0.0053552,0.087958,3.7478e-43,1.291e-31,1.8333e-55,0,0.98383,0.92674,1.381e-08,0.00098612,0.084746,0.41214,0.023559,0.17507,0.16893,0.021621,0.00085777,0.010116,0.00037618,0.00096441,0.55985,0.004359,0.0029513,0.0063556,0.037412,0.0023272,0.011331,0.0054424,0.0005908,0.0002169,0.1985,0.14929,2.6594e-06,3.3296e-06,0.85586,0.092661,0.19821,0.83892,0.9983,0.62072,0.34816,0.76821,0.0080337,0.011877,0.033069,0.12603,0.0057894,0.019143,8.6378e-05,0.00041855,0.11957,0.23027,0.25751,0.31793,0.75907,0.68692,0.066868,0.0056836,0.13422,0.068435,0.27129,0.50117,0.0062127,0.044307,6.9296e-06,0.00013194,2.6208e-05,0.0019441,0.97636,0.8067,0.19211,0.028855,0.24856,0.97323,0.0019621,0.020619,0.28301,0.37135,0.083883,0.015901,0.7154,0.34433,0.45582,0.017599,0.39455,0.52822,0.82123,0.26794,0.62232,0.88266,0.30771,0.22904,0.084121,0.48174
3.4261e-09,3.2812e-12,0.0059304,0.015415,0.00052889,0.024281,0.00048922,0.028674,0.035233,0.3518,1.1989e-12,0.00048381,6.5287e-08,1.9797e-07,0.0078312,0.0092893,1.2166e-40,1.9082e-40,7.6764e-14,6.8073e-20,0.024615,0.00080026,0.6783,0.082412,0.23905,0.019136,0.022445,0.98383,0,9.1353e-53,1.1454e-07,4.2122e-10,4.4735e-05,5.7629e-08,0.048012,0.016214,0.34978,0.79923,0.33708,0.30479,0.00081743,2.171e-07,0.28015,0.00015188,0.00017075,7.6273e-05,4.9366e-06,4.5764e-06,1.5717e-05,0.009088,6.0078e-07,2.3525e-05,2.6672e-07,0.00021788,2.1046e-07,2.1574e-05,1.3913e-11,4.4891e-10,6.6618e-06,0.01246,0.00032471,0.035171,6.0597e-29,2.0757e-21,0.59792,0.74963,0.00058857,0.00011308,3.0427e-07,0.00010546,0.0048346,0.00559,3.0181e-11,7.814e-14,0.00018826,2.3694e-08,8.0608e-08,3.6757e-08,3.9051e-36,8.8496e-27,1.3174e-44,5.614e-35,0.23157,2.3366e-08,7.6229e-05,0.00043382,0.081238,0.006508,0.0098923,0.29002,0.016723,0.055608,0.74392,0.040573,0.84112,0.01116,0.032579,0.0004598,1.3162e-06,5.6484e-08,0.0097287,0.0014226,0.079928,0.0028665,0.020479,0.17507,0.12816,0.014396,0.7577,0.0035388,1.0879e-17,4.2426e-07,0.019278,0.0051508,2.5174e-06,2.0353e-05
3.8342e-05,1.736e-07,0.011035,0.00046385,0.00028087,0.005439,0.0030138,0.0010127,0.0010406,0.0070924,8.8488e-08,2.176e-06,4.2323e-07,3.5084e-08,0.00065089,0.00020712,1.1095e-25,1.7534e-26,1.3192e-09,2.7807e-17,0.0051589,0.007396,0.73277,0.29007,0.30093,0.0022879,0.062317,0.92674,9.1353e-53,0,6.9724e-07,3.2508e-14,0.00012247,5.531e-08,0.042898,0.0054637,0.46652,0.9056,0.35519,0.68902,0.16792,4.9259e-07,0.24395,3.7107e-06,0.0023446,0.0012026,0.00012984,1.3502e-06,0.00039463,0.010868,5.382e-06,0.00010038,1.3281e-06,0.0013208,7.6502e-06,0.00067861,4.4026e-07,2.5574e-06,0.00015778,0.010065,0.00051048,0.00028266,1.1711e-18,1.3753e-16,0.5431,0.62911,0.002716,6.3299e-05,9.9e-06,8.4796e-05,0.028426,0.014138,1.4813e-09,2.2143e-10,0.00066582,4.2505e-07,3.2228e-08,2.9019e-08,7.3604e-30,6.3436e-21,1.699e-36,1.693e-29,0.069113,9.1435e-14,5.4862e-05,0.00022192,0.017554,0.0078665,0.0043023,0.13527,0.029313,0.17669,0.62051,0.35541,0.12764,0.019746,0.086854,0.0024057,0.00024397,2.1903e-05,0.030017,0.025937,0.48263,0.14031,6.2475e-05,0.0024559,0.16483,0.043172,0.64342,0.0035518,2.6738e-19,2.0873e-05,0.025676,0.00044659,7.2873e-07,7.9084e-05
0.00013929,3.9216e-06,5.2544e-16,9.7182e-06,2.3822e-16,1.0397e-08,2.3868e-13,1.3101e-05,2.0493e-09,0.00048761,0.00051971,0.0015497,1.1196e-08,6.3607e-05,1.3275e-08,0.00015764,3.0098e-05,1.2701e-05,7.7165e-08,3.0112e-05,5.7282e-05,0.0041785,2.0283e-14,3.6991e-07,3.5443e-22,3.8202e-25,1.6321e-11,1.381e-08,1.1454e-07,6.9724e-07,0,1.8622e-38,1.91e-17,4.9249e-16,8.1483e-17,2.753e-11,0.0097508,0.079436,0.017706,0.29464,2.6145e-06,0.00024602,0.00050884,1.6373e-08,1.9519e-15,2.5135e-11,6.9824e-10,5.3379e-13,7.5114e-07,3.0393e-07,1.589e-10,8.7859e-10,1.4902e-05,2.4704e-06,1.0122e-07,1.3229e-06,0.00017603,4.2199e-05,2.0836e-05,0.0046938,5.6718e-06,2.4728e-05,0.0014962,0.0016748,2.3483e-13,1.4033e-10,3.1391e-15,6.2208e-15,2.4497e-06,0.0025627,0.0032496,0.0094181,0.00037009,0.0019058,0.0046587,0.0007406,0.0056688,0.0080759,5.3098e-08,2.9346e-07,9.3064e-07,5.8089e-08,0.0050089,0.00032443,4.19e-11,2.3189e-08,0.00058301,0.021556,3.3147e-08,9.1179e-06,4.6011e-06,0.00019822,7.8719e-05,5.4057e-08,0.06227,0.387,3.803e-05,0.00029449,8.1139e-07,1.2836e-06,2.2035e-07,5.59e-09,0.00021242,6.0487e-07,0.24321,5.2307e-05,0.0035869,0.00028333,0.86976,0.0011845,1.9246e-08,2.139e-06,8.7919e-05,0.052814,0.31441,0.24984
7.7042e-05,4.3687e-06,5.4054e-14,1.3131e-11,2.3783e-10,2.235e-07,2.1658e-12,2.9996e-10,1.8124e-11,4.247e-09,0.027878,1.9158e-08,8.0012e-07,1.7197e-07,1.6536e-08,5.1336e-11,8.2173e-06,4.885e-05,1.1146e-08,9.9459e-08,0.0090053,0.24101,4.8884e-17,2.595e-11,2.4229e-10,6.4822e-20,0.00015743,0.00098612,4.2122e-10,3.2508e-14,1.8622e-38,0,3.4497e-14,4.6169e-20,2.1875e-14,3.0334e-14,0.0014925,0.00065606,8.2721e-05,0.00040394,7.1741e-06,1.3469e-09,1.6079e-05,8.0859e-10,2.8438e-10,1.4315e-06,3.0891e-09,2.2304e-16,4.0058e-06,5.4505e-06,8.9566e-10,9.8408e-09,1.4442e-10,9.9912e-08,1.1447e-10,7.669e-08,0.00020472,0.00070384,4.9425e-06,0.00034601,4.1223e-06,7.1669e-11,0.00025131,0.0011581,5.8968e-10,3.8031e-12,5.7987e-12,5.1212e-17,5.3073e-06,0.0025142,0.001083,0.009134,4.9848e-08,3.5952e-06,1.3688e-06,1.3294e-07,1.9936e-08,1.5973e-06,7.752e-09,9.1918e-10,4.0355e-10,9.6011e-13,2.7053e-09,3.1565e-15,6.7676e-17,3.278e-12,8.7569e-10,0.0001853,3.3281e-11,5.7431e-10,5.2987e-06,0.00014486,0.00046932,3.9451e-05,0.05132,0.11178,8.3568e-07,1.2299e-06,2.6946e-07,3.105e-09,2.8728e-05,8.1144e-06,0.21182,0.022853,0.032909,0.49296,0.00012129,9.6579e-08,0.020706,1.1013e-08,2.3525e-11,7.6755e-07,7.0744e-07,0.92927,0.43947,0.16727
1.8413e-17,2.4899e-23,1.5226e-28,5.3489e-24,8.2107e-08,2.6012e-06,9.1897e-30,5.6301e-22,2.1473e-09,2.5288e-10,3.1441e-08,3.5348e-07,1.1692e-14,3.9943e-07,1.4764e-12,1.2127e-06,2.767e-09,9.6905e-07,2.1585e-24,2.6825e-16,0.034703,0.010891,9.6146e-14,1.7897e-06,3.1212e-05,1.7868e-05,0.020148,0.084746,4.4735e-05,0.00012247,1.91e-17,3.4497e-14,0,1.1626e-63,7.3321e-33,7.5661e-21,5.4657e-08,0.00017789,0.0032708,0.45835,2.7962e-12,1.9856e-07,1.1205e-13,1.0217e-11,1.3569e-32,1.9859e-22,8.5122e-26,4.7233e-25,9.9566e-25,9.3798e-27,5.1043e-27,7.0759e-26,1.3758e-22,6.4627e-29,3.1545e-13,4.4156e-12,9.2252e-15,4.5191e-16,5.7184e-23,4.586e-20,2.6853e-28,1.5861e-17,3.4598e-09,3.5319e-11,1.2243e-20,1.655e-14,1.7433e-34,9.957e-33,5.7012e-13,1.1303e-07,3.2933e-09,0.00036688,6.7253e-12,1.0243e-10,2.233e-15,2.6866e-12,4.1161e-12,1.337e-09,2.102e-06,1.0599e-09,1.2239e-08,7.7316e-12,0.0045694,1.0756e-05,1.2564e-23,1.8687e-18,0.0012327,0.00024375,1.7093e-19,4.5559e-16,1.0254e-30,8.5938e-29,6.4844e-22,8.2528e-32,9.2916e-09,0.21166,1.5721e-11,1.9147e-16,9.3013e-29,8.3777e-28,1.999e-30,1.5049e-25,5.1555e-17,7.2079e-17,0.0085518,8.3613e-10,6.102e-20,1.9924e-15,0.0070704,2.7201e-10,8.4831e-13,5.1306e-20,1.7789e-15,7.8563e-07,0.00040084,0.015232
5.5385e-16,3.8055e-26,1.5497e-20,8.0417e-30,3.0231e-07,1.2076e-07,7.6124e-25,4.3016e-29,2.3257e-10,5.9506e-13,5.1238e-06,1.6982e-10,4.0533e-10,6.3818e-09,1.9115e-09,6.1697e-09,1.5581e-10,2.657e-08,6.7445e-26,4.6541e-24,0.12479,0.027523,2.7874e-11,2.1991e-07,0.00067654,7.7616e-06,0.14005,0.41214,5.7629e-08,5.531e-08,4.9249e-16,4.6169e-20,1.1626e-63,0,9.1279e-30,7.5461e-29,9.7512e-08,3.2041e-05,0.017785,0.4024,1.1489e-10,7.8508e-10,4.077e-09,1.8947e-08,1.3466e-24,3.3577e-18,1.6335e-18,1.2517e-20,1.2313e-21,3.5512e-25,4.642e-22,2.5691e-23,4.0456e-22,6.464e-28,1.0666e-11,6.271e-11,3.9913e-15,1.2947e-15,2.4566e-21,9.5782e-25,1.3362e-24,7.5479e-25,2.1926e-11,1.4848e-14,8.7678e-15,6.5641e-17,7.0165e-28,6.4734e-42,1.1873e-10,4.9965e-08,3.8722e-11,1.7225e-05,2.4074e-13,1.5734e-13,1.5171e-17,2.5957e-16,8.5824e-15,2.2283e-14,9.611e-08,1.3898e-11,4.5051e-11,2.4718e-14,0.0014507,5.3233e-09,1.4237e-21,2.9845e-18,0.00055277,0.0010369,3.4603e-16,2.9259e-16,1.5739e-26,2.1201e-22,5.0425e-19,1.2052e-21,2.5688e-07,0.2611,1.7105e-09,1.4119e-14,1.3297e-25,6.9019e-25,2.8941e-30,3.0597e-21,2.2498e-15,1.3659e-13,0.064874,6.7281e-06,1.4154e-20,1.9237e-14,0.0039602,7.7957e-11,3.0441e-14,4.6103e-17,2.2121e-14,0.00061229,0.028169,0.28068
