0,7.0326e-44,3.6979e-25,2.1224e-22,4.0197e-13,1.047e-15,1.4345e-31,6.2306e-27,1.9866e-19,1.9636e-12,1.1436e-21,3.0029e-24,6.0242e-21,5.3288e-27,4.4898e-17,3.4177e-23,1.4919e-29,1.8609e-23,2.8349e-31,8.1905e-25,0.01081,2.3841e-05,5.7232e-10,8.2072e-13,1.9375e-08,1.5688e-13,1.1869e-05,0.00082609,5.076e-32,4.4378e-24,2.3296e-09,9.8784e-15,5.0345e-27,3.4101e-30,7.6901e-10,6.7379e-10,3.9706e-27,1.2524e-28,1.4899e-13,1.0496e-10,2.069e-25,7.9499e-15,1.1773e-18,2.8995e-17,4.8514e-16,1.1586e-16,1.7694e-20,3.7915e-20,1.1949e-22,3.1381e-17,1.0264e-26,1.0611e-23,3.5229e-26,2.0484e-24,9.5287e-25,8.1859e-24,1.1167e-43,4.6024e-33,3.8156e-47,9.4706e-24,8.3038e-34,5.1242e-16,1.2576e-33,1.6583e-27,7.2766e-12,6.6093e-15,7.9941e-25,3.8421e-17,1.9837e-07,0.00022953,3.3832e-12,2.2468e-16,1.7256e-23,3.4545e-22,7.0747e-27,6.789e-21,1.8531e-32,3.1764e-30,2.6925e-19,1.5526e-08,1.2108e-23,9.2767e-21,1.7055e-19,1.9782e-21,1.8311e-30,6.3263e-25,4.5728e-09,1.6969e-13,2.2552e-27,1.0346e-28,2.5007e-16,1.0403e-17,2.6972e-15,1.0092e-15,0.0052045,5.1254e-05,2.0299e-23,4.2559e-29,1.3218e-24,1.409e-36,2.0952e-18,4.3301e-23,1.2119e-18,1.5355e-27,5.956e-16,7.8443e-10,4.3017e-05,8.1467e-14,2.8596e-09,5.6844e-06,9.9767e-10,3.2095e-21,4.7802e-24,6.4469e-17,4.8098e-13,0.94113
7.0326e-44,0,1.8777e-16,4.2963e-22,2.3399e-15,1.7681e-18,2.529e-23,1.1912e-30,2.7057e-15,2.5432e-11,6.2454e-12,4.3109e-21,4.3215e-12,1.0078e-20,4.2023e-12,1.8257e-21,8.7053e-35,3.5128e-42,1.171e-34,9.2345e-49,2.8148e-05,1.9328e-07,6.5634e-07,1.2906e-11,5.724e-07,6.3916e-13,1.4243e-05,3.5911e-05,1.1243e-32,2.9017e-37,3.3616e-10,2.351e-13,7.5687e-28,2.6079e-35,7.1231e-08,4.5529e-11,7.4901e-25,1.0559e-26,1.9578e-12,2.2606e-13,8.1633e-18,7.961e-15,7.4403e-21,1.3412e-18,1.6005e-18,1.1666e-20,3.2418e-25,1.0277e-25,2.7036e-21,1.8051e-21,3.6517e-20,2.8666e-21,2.2875e-27,7.2304e-27,5.3109e-21,1.8172e-21,4.0368e-49,4.8955e-58,1.39e-32,4.1781e-27,9.5172e-17,1.2613e-15,2.3159e-21,5.7385e-29,5.143e-08,3.3643e-11,3.3699e-19,1.591e-16,4.2075e-14,8.2419e-10,1.7618e-09,1.8951e-13,1.8728e-18,4.9563e-23,1.7743e-19,1.5628e-22,7.9144e-29,1.8061e-32,9.4262e-30,1.6761e-15,8.0138e-40,2.3552e-33,9.8789e-26,1.4327e-36,1.7431e-26,6.8785e-24,2.0651e-09,1.8757e-09,4.0966e-16,1.0697e-27,5.8643e-23,4.879e-17,2.638e-15,2.9765e-09,0.0036849,5.851e-06,1.6738e-29,6.4197e-24,3.0817e-48,6.8127e-37,2.8623e-17,1.0459e-12,1.0758e-20,1.6645e-17,1.4092e-12,0.00051745,1.8195e-05,7.6876e-12,0.000131,8.7176e-09,4.013e-18,7.9054e-44,4.0162e-32,5.3972e-16,2.8138e-07,0.5387
3.6979e-25,1.8777e-16,0,4.9598e-22,1.598e-23,4.5758e-17,8.361e-43,6.1928e-17,5.8798e-23,4.4385e-12,3.1035e-22,9.5642e-12,1.0548e-18,1.5506e-15,7.5677e-32,3.6468e-26,1.2913e-13,1.7014e-09,4.1598e-31,8.6681e-12,1.489e-07,2.5927e-09,3.3419e-42,4.2043e-29,1.0439e-29,2.4079e-24,1.0197e-17,1.5188e-10,6.8721e-17,7.7695e-10,2.4704e-32,5.3636e-26,3.0452e-27,1.3871e-17,9.9545e-15,9.3005e-10,2.0829e-19,5.3126e-18,2.206e-24,2.8007e-12,2.7728e-15,3.6899e-08,6.3422e-19,3.3942e-16,3.9045e-12,8.5183e-12,9.9601e-16,1.3803e-18,1.1101e-17,1.3218e-11,1.4302e-28,2.2776e-22,2.7281e-24,2.5492e-23,1.1053e-23,1.3177e-19,3.1922e-18,3.2485e-16,2.5968e-24,1.5928e-13,1.1225e-20,2.2392e-08,5.7548e-24,5.2048e-11,7.483e-18,3.2477e-14,9.6895e-32,2.3734e-17,5.0703e-08,2.5201e-07,8.9917e-22,1.885e-16,4.1254e-17,2.2233e-12,5.6966e-21,5.8825e-17,5.4735e-31,1.1308e-24,4.3883e-09,6.1959e-05,3.606e-13,3.3781e-12,1.8318e-29,1.0321e-17,1.526e-30,4.1986e-25,1.9648e-15,1.3555e-19,1.3957e-31,1.6436e-27,5.7562e-22,2.1628e-29,2.145e-19,1.9711e-27,0.011425,1.7318e-05,1.2194e-20,5.3253e-23,1.7939e-17,4.3867e-26,1.9527e-12,5.3737e-26,9.4214e-19,6.0982e-25,2.5887e-22,5.2219e-13,0.00022217,1.8747e-13,1.3614e-07,1.482e-11,5.1069e-15,1.0308e-14,9.8135e-19,7.0704e-14,2.5636e-12,0.27402
2.1224e-22,4.2963e-22,4.9598e-22,0,3.9269e-14,5.5789e-27,1.1577e-45,1.2736e-51,1.3498e-20,2.7579e-18,2.1631e-10,5.0423e-24,6.7646e-22,2.2748e-26,4.6863e-10,7.482e-19,2.1984e-13,1.4671e-07,5.8428e-19,4.1773e-17,3.1737e-09,3.048e-17,1.6676e-08,1.7478e-18,1.243e-11,7.1594e-27,4.5317e-07,2.0156e-07,2.229e-16,1.6733e-12,9.0221e-13,1.8844e-17,3.3747e-30,5.2418e-33,1.7367e-09,1.2036e-15,7.3114e-16,1.5444e-20,1.5122e-16,1.1312e-11,9.9248e-12,3.2138e-08,6.1745e-24,1.5184e-22,2.1568e-16,7.0283e-20,6.583e-18,1.4415e-21,1.3421e-19,5.1526e-18,5.7555e-28,1.9883e-28,1.4127e-19,1.0183e-18,1.8343e-22,1.1805e-20,2.8708e-15,5.6724e-17,3.5647e-25,2.0852e-28,3.9849e-24,2.2653e-29,5.0884e-15,2.1491e-19,0.00020852,1.2807e-25,6.7065e-32,1.7419e-38,0.00027927,0.0007993,3.7148e-22,1.5122e-29,1.7584e-15,2.3712e-14,3.7293e-20,1.2906e-25,1.1488e-26,2.5444e-34,4.9161e-07,0.0001957,1.4801e-13,1.9449e-13,1.4142e-11,3.7372e-16,1.0283e-16,1.9233e-30,2.4734e-07,2.3213e-11,6.9192e-15,5.7133e-29,4.8965e-26,4.4573e-16,2.8867e-26,1.1114e-10,0.005036,0.00088917,1.6234e-24,8.2043e-20,7.1222e-22,5.0272e-20,2.9715e-29,7.5554e-19,7.5194e-25,2.3577e-19,7.8881e-24,4.8948e-05,0.0054572,4.5058e-08,0.0001543,6.1095e-05,8.9868e-10,1.1059e-16,7.5842e-19,1.2365e-16,1.5285e-15,0.67705
4.0197e-13,2.3399e-15,1.598e-23,3.9269e-14,0,1.7916e-44,3.2391e-12,2.5957e-10,1.2327e-25,6.8689e-15,6.1629e-10,2.7038e-08,6.8602e-06,3.6738e-07,6.2305e-24,1.7003e-21,3.3346e-11,9.1391e-11,7.4564e-16,7.11e-12,8.9869e-16,3.3949e-10,1.8009e-18,5.6313e-23,3.3268e-21,9.8486e-22,9.5565e-36,7.5231e-35,2.494e-10,1.1273e-08,1.49e-19,3.0619e-16,9.397e-14,9.6643e-12,8.0564e-08,1.5016e-06,7.0427e-18,4.9305e-16,2.1485e-21,3.9209e-13,4.3903e-07,0.00019589,8.1898e-13,9.948e-12,2.8751e-10,4.6202e-11,1.9153e-15,1.738e-14,1.0341e-11,1.4353e-11,6.6968e-16,2.4586e-15,2.9955e-20,2.2484e-17,2.6106e-20,1.3969e-18,1.385e-11,1.9602e-11,3.1732e-13,9.2736e-11,4.6607e-07,1.0916e-05,5.5207e-14,1.0222e-08,1.5244e-11,4.0916e-08,4.0109e-12,2.7598e-09,7.4708e-07,6.6549e-06,4.4052e-11,3.1613e-08,7.6312e-09,1.1869e-09,2.6605e-12,1.647e-13,2.9282e-15,1.5857e-14,2.7506e-12,3.1258e-08,2.91e-17,2.6028e-15,8.7716e-25,1.3117e-21,2.365e-22,1.993e-16,3.1265e-17,1.1711e-15,1.6486e-15,2.5207e-18,1.947e-17,2.0404e-12,2.364e-11,2.1804e-07,0.14732,0.0010061,1.2508e-14,3.553e-16,1.1325e-17,1.6144e-14,0.0010222,4.6498e-06,9.5358e-10,1.5251e-11,2.4533e-17,2.0591e-07,0.0027737,6.6292e-05,0.0017766,1.1195e-07,2.3512e-10,3.3262e-13,7.5089e-15,2.9985e-10,3.5172e-10,0.068773
1.047e-15,1.7681e-18,4.5758e-17,5.5789e-27,1.7916e-44,0,5.5612e-17,1.948e-24,1.1831e-27,4.2494e-26,2.2318e-10,7.2216e-18,3.2022e-12,6.3984e-16,6.1247e-19,7.4039e-26,3.9588e-11,9.1946e-09,2.3631e-16,5.2125e-15,9.0305e-15,4.0436e-21,9.9382e-12,2.3987e-23,4.4873e-17,4.1975e-30,2.6949e-24,4.6599e-24,1.924e-13,1.9752e-11,4.8081e-16,1.2012e-17,5.7057e-18,3.2381e-20,1.3322e-09,1.0489e-11,4.8111e-17,2.0893e-19,2.5696e-25,1.3804e-17,2.4394e-10,2.8136e-07,2.787e-20,3.4788e-18,9.2297e-16,1.8628e-17,1.193e-22,3.6398e-21,4.3103e-18,6.984e-18,1.524e-23,3.9083e-23,2.4818e-27,7.5525e-22,1.3971e-27,1.703e-25,2.1295e-11,7.7267e-13,1.4565e-21,1.0718e-21,3.29e-12,4.4707e-17,4.9096e-12,6.76e-14,3.3784e-09,1.4566e-16,6.4473e-16,2.0131e-15,0.00022644,0.0021217,4.7719e-17,8.9395e-18,6.488e-10,1.3281e-11,1.5165e-16,3.2224e-21,8.4788e-20,8.0824e-23,3.7259e-09,2.0095e-06,5.1105e-16,1.5758e-15,3.023e-19,4.3588e-24,2.5779e-22,1.2554e-22,4.8107e-16,1.3164e-19,1.6153e-17,5.519e-24,2.5063e-27,2.8625e-13,7.1902e-21,3.8678e-08,0.0024762,4.4681e-05,3.6993e-22,3.6457e-20,2.53e-23,4.9944e-17,2.164e-09,4.2739e-09,5.5478e-16,1.9165e-13,2.9023e-22,1.7771e-05,0.018506,0.00012571,0.00019801,5.8584e-07,7.8944e-11,7.1169e-17,2.3263e-18,2.8372e-13,1.1947e-12,0.1246
1.4345e-31,2.529e-23,8.361e-43,1.1577e-45,3.2391e-12,5.5612e-17,0,8.8104e-43,6.3369e-25,2.6093e-16,1.004e-20,7.558e-19,5.3685e-36,3.6023e-27,7.1661e-17,6.6964e-20,3.452e-16,1.3144e-10,3.037e-29,1.3599e-17,7.5666e-05,1.3978e-09,4.6014e-15,6.6431e-17,4.5197e-14,1.4534e-20,4.1174e-06,0.00013832,6.1244e-24,8.6255e-15,2.5679e-16,3.2785e-18,1.3378e-38,2.4343e-33,3.8965e-12,1.3376e-12,6.1691e-17,2.5574e-21,4.0656e-17,8.9431e-11,3.4263e-17,3.2414e-10,6.8302e-22,1.3462e-19,1.6225e-14,3.952e-15,6.3184e-16,8.8574e-19,6.258e-20,1.0839e-14,2.5277e-31,8.4652e-27,2.553e-23,5.7533e-23,1.0586e-22,6.044e-19,5.1973e-20,9.3036e-22,7.9981e-35,1.3581e-24,8.9678e-35,1.3698e-22,3.7455e-20,7.2639e-19,1.6249e-09,5.8021e-21,9.7388e-40,9.1387e-28,6.6699e-07,2.2156e-05,1.968e-23,1.0642e-25,8.1309e-22,8.4015e-17,2.6204e-28,4.2787e-24,1.3448e-35,3.0846e-34,9.3061e-09,0.00029096,1.5136e-13,3.4306e-12,1.2362e-16,6.1462e-17,3.8145e-21,7.5027e-26,1.6345e-08,1.9584e-12,1.6024e-25,3.4553e-32,1.1854e-24,5.7195e-24,5.3682e-25,5.5953e-22,0.0019308,1.1187e-05,3.8941e-24,9.6871e-22,7.4453e-22,2.1735e-25,8.0559e-30,2.259e-35,3.4685e-26,7.9079e-26,2.8234e-22,2.7611e-08,0.00016841,7.5558e-13,3.8028e-09,8.5111e-08,3.9664e-12,1.0107e-18,3.4601e-23,1.4464e-17,1.2811e-14,0.65479
6.2306e-27,1.1912e-30,6.1928e-17,1.2736e-51,2.5957e-10,1.948e-24,8.8104e-43,0,3.0681e-16,4.5137e-21,3.2878e-13,7.7788e-33,6.063e-24,7.0647e-33,1.9924e-10,5.7748e-21,7.1742e-18,1.7943e-13,1.1243e-23,1.441e-28,7.4422e-05,5.7798e-14,1.1264e-07,2.1907e-16,6.9068e-08,5.4555e-21,0.00042697,0.0017716,1.3659e-26,2.7394e-22,1.4448e-11,3.5428e-18,6.4625e-30,5.9905e-46,2.9491e-09,1.0365e-14,3.8541e-13,1.6011e-19,3.2915e-12,6.2294e-10,2.3048e-16,1.0358e-11,2.5995e-25,1.1192e-22,1.0191e-17,1.6139e-20,6.8998e-24,9.3459e-23,6.2839e-21,6.8859e-21,1.1829e-26,3.4481e-28,9.9148e-27,2.5153e-27,6.6177e-23,5.3113e-21,1.8303e-20,9.2081e-23,1.0604e-28,3.2199e-36,2.3973e-23,7.675e-47,3.5224e-14,4.5338e-24,2.0198e-06,8.3523e-27,1.8402e-20,7.7434e-25,1.6432e-05,0.00067459,6.1954e-18,4.6257e-28,4.6277e-19,1.226e-19,1.2514e-25,4.9081e-28,3.4259e-26,1.2132e-34,8.599e-11,1.78e-05,5.1038e-16,8.8535e-16,4.2716e-12,9.2064e-22,2.5024e-20,4.9733e-26,5.1119e-07,5.1531e-14,2.104e-14,3.8238e-26,5.8538e-27,2.6504e-14,1.0577e-28,3.7485e-11,0.0023378,0.00018751,1.0475e-23,1.8386e-18,2.8366e-28,2.0682e-21,1.4685e-35,8.2524e-19,2.8266e-26,1.333e-17,5.1864e-21,4.7345e-05,0.00077527,9.5004e-08,5.678e-06,9.4059e-05,2.0732e-09,4.5433e-22,3.4541e-25,1.8872e-20,8.1517e-14,0.69675
1.9866e-19,2.7057e-15,5.8798e-23,1.3498e-20,1.2327e-25,1.1831e-27,6.3369e-25,3.0681e-16,0,2.0761e-31,6.8639e-17,2.3971e-14,1.8715e-20,3.0966e-17,7.0898e-22,1.039e-18,1.6813e-12,2.7439e-10,5.9037e-16,1.0566e-09,1.6498e-05,4.7688e-08,2.0712e-09,1.7637e-11,1.0821e-15,6.2235e-16,6.9861e-14,5.2025e-13,9.3354e-14,5.8204e-10,6.9036e-08,9.9425e-09,4.3277e-17,4.2137e-17,1.388e-12,5.1581e-12,4.1013e-22,2.4985e-25,4.5846e-21,2.0303e-19,1.1085e-14,2.8664e-11,1.0743e-12,2.736e-12,1.7348e-10,5.2144e-11,1.3509e-11,3.1931e-12,4.534e-14,7.1651e-11,7.5195e-19,4.3429e-17,2.7185e-16,3.0289e-14,1.7315e-16,6.5685e-15,3.0351e-14,7.93e-16,2.0218e-22,2.5766e-13,8.3279e-29,5.8756e-16,6.8454e-14,1.7364e-11,7.887e-18,2.1965e-18,1.822e-19,1.0096e-11,9.0226e-05,0.0010627,1.0128e-11,7.2685e-17,4.4314e-16,1.1862e-15,2.31e-20,1.6591e-24,3.9143e-23,9.3955e-22,7.5939e-09,0.00024496,7e-12,4.1049e-12,8.5046e-16,7.359e-17,4.2251e-19,2.1496e-17,5.6018e-08,8.4418e-11,1.0269e-26,2.7823e-27,6.1471e-21,6.9136e-17,5.1752e-20,2.5423e-15,0.023073,0.0017788,2.1113e-16,1.777e-16,1.6457e-16,3.6895e-16,2.2331e-10,1.0366e-19,1.2569e-12,7.714e-16,2.0196e-15,3.0206e-07,0.00078508,2.4492e-07,6.0404e-07,1.5157e-07,3.0647e-09,2.6327e-13,3.9277e-18,1.3609e-09,2.69e-12,0.29159
1.9636e-12,2.5432e-11,4.4385e-12,2.7579e-18,6.8689e-15,4.2494e-26,2.6093e-16,4.5137e-21,2.0761e-31,0,2.5193e-14,5.2591e-22,1.1845e-15,1.067e-19,7.9794e-14,8.4478e-15,4.6098e-08,1.4542e-05,7.1614e-10,1.1944e-06,0.026239,4.4939e-08,2.8493e-06,2.8746e-11,8.1005e-09,4.453e-13,1.4273e-08,1.1694e-06,4.9286e-09,8.5969e-07,0.00040709,3.8361e-07,8.6646e-09,4.4492e-14,8.0629e-11,6.1278e-13,7.4778e-14,4.5867e-13,1.5635e-17,5.5949e-13,5.4786e-13,5.0476e-10,2.8838e-13,3.4675e-12,9.6975e-08,2.8565e-10,3.6734e-10,1.5887e-10,4.6641e-10,7.4006e-09,1.2488e-12,3.6446e-14,1.8304e-13,3.5979e-13,3.4892e-11,1.8034e-09,6.6976e-11,2.9515e-11,2.8797e-19,4.0102e-14,1.9013e-25,8.9295e-36,4.5575e-06,1.9634e-05,1.1375e-17,1.7138e-37,1.8765e-10,4.9344e-09,0.013407,0.071999,1.048e-09,3.7448e-13,3.092e-10,2.6849e-10,9.2059e-16,2.4696e-18,7.5929e-16,3.3959e-19,5.81e-06,0.00083233,8.8764e-07,3.5079e-07,4.4297e-08,1.1141e-08,6.1985e-12,1.1913e-11,2.2316e-07,1.2604e-14,5.8789e-16,6.7629e-17,1.5345e-16,1.2176e-09,3.3357e-20,1.4854e-09,0.0037569,0.0011022,2.7667e-12,1.6293e-11,3.2899e-10,1.0349e-09,8.8755e-09,8.6037e-13,6.3913e-07,3.9545e-08,6.8883e-12,0.00019994,0.061735,0.00058038,1.648e-07,6.2563e-08,1.6202e-06,2.1568e-10,1.3989e-12,2.919e-07,3.2205e-11,0.67999
1.1436e-21,6.2454e-12,3.1035e-22,2.1631e-10,6.1629e-10,2.2318e-10,1.004e-20,3.2878e-13,6.8639e-17,2.5193e-14,0,5.0939e-24,6.5905e-35,4.8326e-27,2.9469e-36,1.0555e-21,1.2794e-15,1.4295e-10,5.5687e-22,7.4049e-09,0.22869,0.0049039,1.2149e-11,1.1324e-10,0.00021659,1.9703e-05,7.9597e-05,0.16696,1.0057e-18,6.3167e-12,2.5342e-05,7.7809e-07,6.3934e-12,2.4324e-11,2.6268e-06,0.00036223,3.8498e-15,6.0935e-12,2.3033e-08,3.7888e-07,1.274e-17,7.6634e-09,2.1016e-09,2.9328e-09,2.314e-06,4.5946e-06,2.9682e-09,5.7917e-09,5.7995e-10,6.9514e-07,5.1884e-15,1.6618e-13,9.2752e-14,2.6851e-12,1.1743e-12,8.9626e-13,1.1246e-11,1.1443e-08,1.389e-16,5.3536e-10,1.6443e-17,1.5453e-11,8.2685e-20,9.9928e-11,5.058e-18,1.0592e-10,3.9258e-13,1.1052e-07,1.0102e-05,0.0001218,1.0385e-10,5.5489e-14,2.0135e-13,6.1732e-12,1.1957e-15,7.1201e-14,1.5996e-19,9.1659e-14,8.289e-09,9.3999e-08,4.2943e-10,1.7827e-11,4.0156e-18,1.4509e-11,3.0605e-26,1.4293e-13,3.6042e-09,2.6635e-13,3.7877e-25,8.6896e-15,7.9646e-09,1.8466e-10,2.7028e-09,4.1656e-14,0.028139,0.00072603,2.9349e-09,8.3672e-14,4.9497e-07,2.8222e-11,3.9901e-05,2.0766e-14,2.7116e-06,1.5131e-10,2.449e-07,5.0006e-06,0.063621,3.523e-05,7.5152e-07,3.6224e-05,2.1537e-05,1.2022e-05,1.4369e-08,3.72e-06,1.6695e-06,0.042808
3.0029e-24,4.3109e-21,9.5642e-12,5.0423e-24,2.7038e-08,7.2216e-18,7.558e-19,7.7788e-33,2.3971e-14,5.2591e-22,5.0939e-24,0,2.7782e-24,6.7402e-52,5.4268e-13,2.8024e-25,2.4242e-17,1.2298e-11,1.7194e-16,4.9351e-18,0.0042513,2.7167e-08,3.6561e-05,3.5566e-12,0.0013409,4.9473e-10,0.0023022,0.071479,2.2478e-22,1.378e-18,9.0385e-05,1.2929e-08,9.3373e-12,1.1038e-18,4.8837e-05,6.4726e-07,1.0011e-15,2.9492e-14,8.7919e-10,3.7023e-09,3.3389e-20,1.315e-12,6.5541e-15,5.8773e-15,3.6362e-10,4.0086e-12,2.9173e-17,5.0876e-15,4.9749e-14,5.7307e-13,5.519e-17,5.133e-17,4.6398e-17,3.8792e-15,4.6611e-15,2.7659e-15,1.057e-13,7.1853e-13,5.1574e-20,8.1245e-20,1.5972e-19,6.2763e-34,1.1491e-16,2.5867e-18,2.7792e-08,1.3722e-22,1.5202e-10,5.6545e-11,0.0054489,0.059534,5.5349e-13,5.7645e-21,1.896e-15,2.8981e-17,1.1477e-16,1.0882e-18,2.211e-18,2.2589e-19,5.9785e-10,1.4573e-07,8.946e-12,7.3131e-14,8.6287e-12,7.5841e-15,4.5921e-20,1.3622e-18,4.6705e-05,1.0553e-11,3.5991e-15,3.9179e-16,4.8505e-15,1.0897e-08,1.3955e-15,1.01e-07,0.059165,0.0018697,4.7399e-14,2.4441e-14,1.2334e-12,3.412e-12,1.4682e-12,3.8611e-11,7.3355e-10,1.0754e-10,1.3721e-09,0.00035805,0.12522,0.00031821,6.3215e-06,7.8932e-05,2.0423e-06,8.2199e-10,9.9001e-14,2.2685e-08,9.5298e-08,0.86532
6.0242e-21,4.3215e-12,1.0548e-18,6.7646e-22,6.8602e-06,3.2022e-12,5.3685e-36,6.063e-24,1.8715e-20,1.1845e-15,6.5905e-35,2.7782e-24,0,3.6256e-37,9.5095e-20,3.2968e-17,5.4535e-13,7.858e-07,1.2291e-17,2.1006e-09,0.15566,1.8611e-05,1.5573e-06,5.0381e-08,0.00017435,2.1001e-08,0.0023197,0.07981,3.5046e-21,2.8067e-12,1.6437e-05,6.2597e-08,1.6179e-18,4.9901e-18,3.1568e-06,4.3083e-06,1.4447e-12,2.3986e-13,2.3398e-10,3.3508e-08,1.3575e-19,1.1376e-11,5.8167e-10,2.1527e-10,7.04e-06,8.7842e-06,7.0744e-08,1.9016e-07,1.2119e-10,6.1309e-08,1.5075e-17,4.0251e-13,2.2464e-11,6.5857e-09,4.8217e-13,3.0198e-11,3.8469e-08,1.2462e-09,3.2123e-20,1.8885e-13,6.6055e-28,5.0336e-20,5.3875e-18,5.6529e-18,1.5454e-07,3.2703e-13,2.1661e-18,5.8574e-11,0.0038354,0.053481,7.0037e-15,4.5877e-24,1.6327e-17,1.4945e-14,3.9817e-22,1.7356e-19,4.1327e-24,7.3517e-20,8.1088e-05,0.0023792,2.048e-08,1.1986e-08,2.3722e-10,2.4662e-10,3.6048e-16,2.0231e-13,5.3559e-05,1.0099e-08,3.3934e-21,9.4017e-14,6.066e-10,1.4596e-10,7.3133e-13,8.0883e-15,0.0012109,0.00099054,6.8472e-12,4.7273e-12,5.2442e-08,1.1669e-09,4.781e-14,2.0684e-24,1.2114e-11,1.4391e-12,3.0624e-09,7.5624e-05,0.39794,0.00065191,3.7864e-08,0.00073965,0.00030402,1.4386e-06,3.662e-10,1.5232e-09,1.9279e-10,0.50807
5.3288e-27,1.0078e-20,1.5506e-15,2.2748e-26,3.6738e-07,6.3984e-16,3.6023e-27,7.0647e-33,3.0966e-17,1.067e-19,4.8326e-27,6.7402e-52,3.6256e-37,0,4.2143e-16,4.7668e-29,1.5041e-18,1.0965e-11,3.8499e-17,2.9234e-15,0.0035178,2.8282e-08,3.8911e-08,3.0105e-14,2.2337e-06,2.3441e-14,4.8933e-05,0.032762,8.0453e-22,2.3159e-16,1.4117e-06,3.1958e-12,3.0365e-19,6.9182e-25,4.9659e-12,1.1156e-12,1.8882e-20,2.6273e-19,2.2005e-16,3.4879e-15,8.6078e-28,1.2611e-16,7.4576e-21,7.4742e-21,5.4252e-16,6.8345e-17,1.7899e-19,2.2464e-17,5.2755e-19,1.5316e-14,1.501e-24,8.39e-21,2.7536e-18,4.3708e-16,1.4735e-20,1.0915e-18,2.3833e-14,1.3434e-14,7.6768e-25,9.0559e-23,1.2844e-23,1.3189e-26,6.2168e-17,1.8097e-20,3.6878e-11,6.5588e-26,3.6741e-20,4.6752e-19,0.001024,0.0046105,3.0317e-14,6.2272e-24,3.6761e-18,2.9737e-19,4.709e-20,1.7976e-20,2.7042e-27,5.8346e-25,5.2301e-08,2.0747e-06,2.3539e-13,3.0329e-18,4.6183e-12,3.1366e-17,9.8149e-27,1.2102e-28,2.0268e-06,4.2987e-15,4.5179e-24,3.6322e-21,4.5832e-17,7.1737e-12,5.5507e-20,4.8878e-14,0.00031699,7.7816e-05,3.3133e-23,6.4415e-21,2.3188e-14,9.1482e-15,1.3789e-18,1.2738e-19,9.4342e-14,3.3086e-13,1.3758e-13,5.2554e-06,0.29408,9.1025e-07,5.0737e-08,1.2405e-06,4.4147e-08,8.5436e-12,6.927e-16,5.3494e-10,3.219e-11,0.51035
4.4898e-17,4.2023e-12,7.5677e-32,4.6863e-10,6.2305e-24,6.1247e-19,7.1661e-17,1.9924e-10,7.0898e-22,7.9794e-14,2.9469e-36,5.4268e-13,9.5095e-20,4.2143e-16,0,4.3959e-43,1.7487e-13,1.9771e-10,1.2205e-24,2.3635e-09,0.00067031,9.3582e-06,6.6906e-28,3.5552e-21,9.2501e-16,6.6589e-14,1.0743e-21,3.4431e-12,3.2382e-18,2.5099e-11,1.3262e-16,4.4221e-17,5.5784e-17,8.0475e-13,2.3322e-11,2.1167e-06,6.059e-19,8.6534e-15,2.0315e-18,7.3138e-13,1.1991e-15,1.0286e-08,5.2156e-12,1.001e-11,1.5748e-08,8.0942e-08,1.1085e-12,7.174e-13,1.4255e-10,1.5568e-08,4.0651e-15,1.4354e-13,7.0408e-16,1.2924e-14,4.5161e-17,1.2824e-16,3.3014e-12,1.8416e-10,1.1152e-14,2.9166e-09,3.5804e-11,2.3258e-06,2.0396e-19,3.2453e-10,6.1975e-24,2.2389e-09,2.5939e-15,2.1587e-08,4.3638e-08,2.4157e-07,1.2242e-11,1.1165e-13,2.4964e-13,2.2364e-11,3.1701e-19,5.0395e-18,3.9958e-24,1.7492e-16,2.4677e-08,2.3043e-05,3.1719e-13,2.8624e-14,5.4101e-34,7.1102e-21,2.119e-40,2.7965e-19,5.5822e-15,8.5059e-22,6.3153e-27,5.0159e-18,6.2321e-12,2.0854e-12,1.1022e-10,9.8942e-14,0.0012194,4.6283e-06,4.3036e-15,6.1988e-20,4.838e-11,1.4426e-14,0.0025428,4.0963e-13,1.1964e-08,3.2676e-12,5.9226e-12,9.4133e-08,0.14377,2.5059e-06,3.5505e-09,1.1008e-10,1.5343e-09,1.9386e-08,3.552e-11,3.3563e-10,2.9681e-10,0.094174
3.4177e-23,1.8257e-21,3.6468e-26,7.482e-19,1.7003e-21,7.4039e-26,6.6964e-20,5.7748e-21,1.039e-18,8.4478e-15,1.0555e-21,2.8024e-25,3.2968e-17,4.7668e-29,4.3959e-43,0,1.7944e-23,4.7242e-15,1.2402e-29,4.7466e-22,6.7469e-08,3.4298e-12,2.5114e-22,1.8516e-33,2.8408e-17,5.7736e-23,1.695e-19,1.2992e-11,7.7812e-29,3.1779e-20,1.1596e-21,1.0392e-30,2.0895e-24,1.6172e-24,2.4736e-11,7.7577e-10,1.091e-22,6.2926e-18,3.2152e-20,2.8782e-15,4.8699e-23,4.8936e-14,2.3232e-17,6.6372e-16,1.0147e-13,5.2669e-14,5.9488e-21,6.7251e-20,9.0726e-15,3.2747e-13,1.7473e-20,2.1104e-17,8.8679e-21,2.5267e-19,9.4087e-21,9.9835e-21,9.4803e-19,2.0459e-15,5.1678e-18,4.2623e-15,7.5894e-12,4.4689e-11,5.8178e-25,2.2145e-19,5.7329e-17,1.6135e-15,2.6128e-18,8.3522e-15,5.193e-08,1.7902e-06,6.4906e-15,5.3319e-19,4.2443e-19,8.4051e-19,4.443e-24,2.9291e-26,1.4967e-29,9.2511e-26,5.7549e-11,1.6244e-07,4.5624e-21,4.6959e-24,6.1184e-35,6.6531e-37,3.0357e-54,8.7558e-44,3.3096e-13,2.5968e-28,8.7065e-22,1.9172e-22,2.3732e-19,4.4401e-13,3.8066e-16,7.1113e-12,0.00153,2.0123e-06,1.4943e-22,3.1524e-25,1.2295e-18,1.586e-20,1.7644e-07,1.645e-12,2.9303e-14,1.4861e-16,3.4298e-16,5.6245e-07,0.2441,7.2737e-08,7.7502e-08,3.8083e-11,4.165e-13,1.6777e-13,6.8157e-15,7.3756e-14,5.1039e-10,0.15505
1.4919e-29,8.7053e-35,1.2913e-13,2.1984e-13,3.3346e-11,3.9588e-11,3.452e-16,7.1742e-18,1.6813e-12,4.6098e-08,1.2794e-15,2.4242e-17,5.4535e-13,1.5041e-18,1.7487e-13,1.7944e-23,0,5.2454e-50,5.7013e-28,7.9432e-35,1.0277e-06,3.2212e-07,3.5908e-05,1.8287e-08,6.4469e-05,4.3218e-08,0.00030287,0.00083966,1.3856e-53,8.429e-57,3.4808e-08,1.1618e-10,1.0884e-23,2.4783e-30,0.00028819,3.7232e-06,1.1115e-24,1.2125e-16,6.7452e-08,2.1623e-09,1.5282e-20,1.5245e-15,7.7081e-10,3.8249e-09,1.7706e-07,4.7304e-09,9.0729e-13,1.6207e-11,8.1952e-09,8.0323e-09,5.0169e-11,4.5693e-09,4.4963e-13,2.2418e-12,4.3217e-11,5.5703e-12,6.1848e-32,1.5206e-24,6.5933e-14,1.8779e-10,5.9003e-11,2.4121e-09,3.7281e-31,1.9004e-32,1.2175e-06,1.2554e-06,1.8199e-14,1.2464e-10,4.2095e-18,5.9327e-13,9.7451e-06,2.1051e-10,1.6434e-26,5.5903e-30,9.1407e-20,4.5478e-19,4.6586e-29,1.1628e-24,1.721e-35,4.3911e-25,1.7061e-54,5.806e-42,2.1109e-23,5.0837e-34,1.8614e-30,8.0751e-22,7.1576e-05,4.8859e-07,6.9253e-11,6.7642e-17,2.4356e-12,6.6243e-10,2.1146e-07,4.144e-06,0.26813,0.0015893,3.306e-14,1.8393e-17,7.8416e-22,9.2951e-22,2.2346e-08,2.5505e-08,1.1111e-11,7.4124e-16,1.5785e-07,0.00085061,0.015793,5.4176e-09,0.0001057,1.1425e-07,3.2198e-14,8.1565e-20,4.0514e-15,7.2508e-14,8.0246e-06,0.73212
1.8609e-23,3.5128e-42,1.7014e-09,1.4671e-07,9.1391e-11,9.1946e-09,1.3144e-10,1.7943e-13,2.7439e-10,1.4542e-05,1.4295e-10,1.2298e-11,7.858e-07,1.0965e-11,1.9771e-10,4.7242e-15,5.2454e-50,0,3.0151e-23,4.4437e-35,6.4687e-05,0.00087697,0.00022587,8.0764e-06,0.00037281,7.2999e-06,0.00029487,0.0012446,7.6943e-35,1.1321e-51,1.5323e-07,4.1354e-09,8.8562e-19,1.2402e-25,2.694e-05,3.0613e-07,7.0742e-21,2.6924e-18,7.4256e-06,2.5345e-08,1.6032e-15,7.3801e-13,8.5726e-09,1.324e-07,2.7813e-08,1.4075e-09,1.3534e-12,2.3131e-11,2.6831e-08,5.3904e-09,1.5581e-08,5.664e-08,1.772e-13,1.741e-13,5.1777e-09,1.3563e-09,4.3263e-35,7.2524e-36,4.0585e-13,1.4584e-09,7.1481e-08,8.2516e-07,1.9363e-21,1.4266e-25,1.3302e-07,0.0001203,2.6179e-10,1.0574e-07,6.5244e-21,4.3861e-16,0.00076735,3.0164e-06,1.1371e-17,2.3046e-23,5.3521e-13,1.5488e-13,1.9772e-20,2.2824e-18,2.0365e-59,3.5052e-32,5.2272e-55,2.3023e-51,9.0891e-23,1.1817e-32,1.1242e-23,5.7433e-15,0.00062744,5.7838e-05,5.8216e-09,4.9309e-15,5.4255e-13,5.2757e-11,1.1361e-06,1.16e-05,0.97969,0.033656,4.75e-13,2.8043e-12,1.8662e-28,5.1285e-21,2.1365e-07,5.6209e-07,2.0738e-13,8.2151e-15,1.8419e-07,0.00017848,2.6287e-05,2.9529e-09,0.019375,4.7206e-06,5.5529e-15,8.1941e-28,4.2291e-19,1.3043e-13,9.8806e-05,0.30746
2.8349e-31,1.171e-34,4.1598e-31,5.8428e-19,7.4564e-16,2.3631e-16,3.037e-29,1.1243e-23,5.9037e-16,7.1614e-10,5.5687e-22,1.7194e-16,1.2291e-17,3.8499e-17,1.2205e-24,1.2402e-29,5.7013e-28,3.0151e-23,0,3.3738e-38,0.00022026,9.8989e-09,1.6846e-15,3.3256e-15,2.2145e-11,2.311e-12,8.2571e-08,2.3499e-05,1.5605e-39,7.4131e-28,6.7609e-18,2.868e-15,1.0024e-37,1.1217e-30,1.0707e-07,1.3751e-08,2.2612e-23,1.3315e-22,1.8675e-13,6.5041e-13,4.3089e-19,1.5004e-16,2.0476e-15,8.4583e-13,2.0836e-10,1.1122e-10,8.0204e-16,7.1775e-19,2.0018e-14,2.3017e-10,4.9293e-19,5.5854e-19,2.2323e-23,7.8807e-23,3.5398e-17,3.1937e-17,1.9615e-33,3.3877e-28,9.091e-23,1.0718e-15,1.1431e-15,4.4531e-12,3.4117e-26,7.5495e-21,1.8713e-08,1.4236e-09,1.3068e-24,8.6276e-17,2.5875e-24,1.5807e-17,1.1589e-16,5.7967e-18,2.8388e-27,1.8615e-26,3.8958e-31,1.6273e-30,5.6247e-42,1.482e-37,1.2147e-19,5.5635e-10,2.1162e-31,1.4875e-21,3.4297e-43,1.8726e-35,1.3012e-36,7.1826e-25,4.2218e-15,1.986e-12,3.4288e-20,5.1615e-28,2.9794e-23,2.2444e-27,6.3178e-16,8.0313e-18,0.0023082,3.7701e-06,2.5313e-20,2.9156e-20,1.7554e-29,4.6453e-34,1.5396e-12,3.425e-17,9.0271e-19,7.0734e-20,4.5865e-14,8.0662e-05,5.9607e-07,4.9035e-18,2.1222e-08,6.151e-12,5.7641e-23,8.0598e-25,1.6263e-19,3.5867e-13,7.8576e-06,0.42414
8.1905e-25,9.2345e-49,8.6681e-12,4.1773e-17,7.11e-12,5.2125e-15,1.3599e-17,1.441e-28,1.0566e-09,1.1944e-06,7.4049e-09,4.9351e-18,2.1006e-09,2.9234e-15,2.3635e-09,4.7466e-22,7.9432e-35,4.4437e-35,3.3738e-38,0,7.1443e-06,3.9253e-08,7.9076e-05,3.47e-09,0.00023538,1.4273e-08,0.0011833,0.00069093,2.5851e-43,1.2434e-48,1.9317e-10,6.0136e-12,1.0755e-24,3.2047e-32,0.0075161,5.1728e-05,4.3067e-15,5.09e-16,6.2847e-06,2.9413e-08,6.9865e-13,2.3289e-13,4.0715e-12,5.7268e-11,1.5618e-10,1.0087e-11,3.8467e-18,5.1022e-17,1.5894e-12,3.1563e-14,2.7095e-12,9.8654e-13,1.1083e-18,3.0942e-18,2.8373e-13,1.59e-14,7.8701e-31,1.3624e-29,2.4794e-16,7.1924e-17,3.6259e-08,8.5423e-12,3.2644e-18,6.9248e-31,0.0018989,4.5928e-06,2.1122e-11,1.3214e-10,1.8586e-18,5.4534e-12,2.141e-08,6.7721e-14,1.3592e-22,5.5351e-29,1.4529e-19,3.1644e-24,4.763e-22,7.744e-25,1.0667e-25,3.1636e-14,5.0379e-38,1.9504e-26,3.275e-21,6.9304e-38,2.0703e-22,9.0364e-20,1.0755e-05,1.6182e-06,1.4911e-08,3.9151e-17,6.6901e-17,3.1794e-11,7.2415e-10,3.4145e-05,0.082627,0.00031368,1.1336e-16,9.1145e-14,6.0128e-34,4.0559e-22,6.9095e-13,1.1388e-07,1.3718e-16,3.65e-13,2.6457e-08,0.028637,0.0010286,7.1995e-09,0.0004191,6.5169e-06,1.1126e-14,1.499e-26,7.8765e-21,1.0972e-14,0.00033029,0.72584
0.01081,2.8148e-05,1.489e-07,3.1737e-09,8.9869e-16,9.0305e-15,7.5666e-05,7.4422e-05,1.6498e-05,0.026239,0.22869,0.0042513,0.15566,0.0035178,0.00067031,6.7469e-08,1.0277e-06,6.4687e-05,0.00022026,7.1443e-06,0,8.8079e-28,3.9463e-06,1.7645e-09,7.5633e-12,5.3216e-16,1.3684e-14,6.6168e-18,0.00033907,0.00012045,1.0167e-14,4.7825e-09,2.3774e-06,7.4984e-06,0.0012322,4.1143e-05,1.2605e-06,3.165e-06,1.0786e-10,1.3443e-09,0.019571,0.058393,5.7727e-08,3.8493e-07,1.22e-06,1.4772e-07,4.118e-08,7.0964e-09,5.614e-06,2.3874e-06,2.8796e-07,1.0207e-06,3.4667e-07,1.0096e-05,1.7017e-08,1.9432e-09,0.0017451,0.0010371,0.0015742,2.4433e-05,0.4059,0.099083,1.5113e-05,0.0001277,0.15874,0.0017476,5.2132e-08,5.4913e-10,0.00011683,6.1052e-07,2.295e-12,5.7434e-08,0.00052949,0.00063857,0.011432,0.00031479,1.7466e-06,1.6655e-05,5.8944e-05,5.1689e-06,1.6535e-10,2.376e-11,5.2096e-09,4.6566e-13,3.7488e-07,4.1336e-12,3.427e-06,7.6426e-05,0.0060134,1.26e-07,2.3694e-11,4.4283e-07,7.2718e-06,0.053853,0.37557,0.00024629,2.321e-09,5.0551e-07,2.1309e-10,1.4972e-06,0.00051287,0.059017,1.7318e-07,5.7176e-06,1.5303e-07,0.19899,0.667,0.007675,0.7488,7.7753e-05,2.0849e-09,7.4612e-08,1.149e-06,3.4131e-05,0.0021345,0.5405
2.3841e-05,1.9328e-07,2.5927e-09,3.048e-17,3.3949e-10,4.0436e-21,1.3978e-09,5.7798e-14,4.7688e-08,4.4939e-08,0.0049039,2.7167e-08,1.8611e-05,2.8282e-08,9.3582e-06,3.4298e-12,3.2212e-07,0.00087697,9.8989e-09,3.9253e-08,8.8079e-28,0,7.7335e-08,4.9773e-15,8.1587e-13,5.9433e-23,1.7578e-11,2.7495e-10,8.6451e-07,3.0487e-06,2.7524e-15,2.2754e-13,1.9571e-11,3.9988e-12,1.0425e-06,5.8821e-11,1.4382e-07,8.8584e-10,6.0195e-13,2.8887e-13,3.5629e-06,5.0197e-06,5.4809e-14,5.2955e-12,1.4217e-09,1.1964e-11,2.102e-12,6.3214e-15,6.2158e-10,5.4081e-10,1.9502e-11,7.2996e-12,3.6374e-12,3.3956e-10,4.6745e-14,4.7632e-16,7.7708e-06,1.6383e-05,1.0608e-07,2.0127e-11,0.00018029,1.3619e-08,1.2656e-05,1.8108e-06,0.0046346,2.6105e-11,3.7922e-12,7.5566e-15,0.00025626,1.6884e-05,3.5507e-20,1.6322e-18,1.0562e-07,3.3028e-07,3.1327e-07,7.7864e-12,5.8045e-11,3.1323e-12,0.00097462,0.0029155,2.8782e-08,3.0894e-08,5.1384e-09,6.5464e-14,4.0365e-11,1.6357e-17,1.9229e-10,8.0288e-12,1.4887e-06,5.5656e-13,2.0635e-17,1.2768e-09,2.9309e-13,0.00010178,0.0011754,1.4982e-06,9.9802e-12,1.0813e-10,2.3852e-14,7.5956e-12,1.316e-09,4.6685e-05,2.3053e-12,1.7507e-07,4.4817e-11,0.10443,0.36536,0.00053522,0.0016191,6.9409e-05,4.5248e-09,9.2625e-11,3.3624e-09,4.1686e-08,1.2204e-05,0.20317
5.7232e-10,6.5634e-07,3.3419e-42,1.6676e-08,1.8009e-18,9.9382e-12,4.6014e-15,1.1264e-07,2.0712e-09,2.8493e-06,1.2149e-11,3.6561e-05,1.5573e-06,3.8911e-08,6.6906e-28,2.5114e-22,3.5908e-05,0.00022587,1.6846e-15,7.9076e-05,3.9463e-06,7.7335e-08,0,2.0127e-44,1.8261e-45,1.5788e-29,7.1317e-30,6.8353e-14,5.1012e-07,0.0013114,2.8088e-47,3.2933e-36,3.133e-16,2.5861e-09,2.287e-18,4.6137e-10,2.8491e-11,6.9081e-11,4.9367e-24,1.7416e-09,1.7433e-10,1.6133e-05,2.1842e-15,8.6121e-13,3.6982e-11,3.7623e-10,1.9337e-13,7.2663e-15,2.9278e-11,5.2034e-08,4.4748e-18,1.5914e-14,2.8492e-17,1.6392e-17,1.0783e-17,4.6621e-15,1.6118e-07,4.9019e-06,1.2829e-09,1.1713e-07,8.531e-06,0.011138,2.1217e-10,0.0010716,4.8614e-19,1.529e-09,2.9172e-15,1.1123e-10,0.00029174,0.00013572,2.6983e-14,5.2534e-08,7.6179e-08,1.0056e-05,2.009e-11,6.5481e-09,9.4298e-15,2.8267e-11,0.00032336,0.0097927,2.4323e-06,2.6014e-08,2.2552e-20,6.8554e-12,1.6801e-25,4.6509e-20,1.3423e-18,1.2366e-28,1.198e-16,1.6518e-13,5.0719e-14,4.3275e-16,1.5667e-14,2.3857e-19,0.0013851,4.6159e-05,1.5249e-13,3.011e-15,2.4321e-09,3.8397e-14,4.8459e-05,5.3224e-11,6.9568e-10,2.939e-11,2.8585e-20,9.0843e-14,0.0043097,9.9652e-08,6.2868e-06,3.6537e-10,5.2727e-10,5.2141e-08,7.4478e-10,1.1569e-09,2.381e-10,0.043895
8.2072e-13,1.2906e-11,4.2043e-29,1.7478e-18,5.6313e-23,2.3987e-23,6.6431e-17,2.1907e-16,1.7637e-11,2.8746e-11,1.1324e-10,3.5566e-12,5.0381e-08,3.0105e-14,3.5552e-21,1.8516e-33,1.8287e-08,8.0764e-06,3.3256e-15,3.47e-09,1.7645e-09,4.9773e-15,2.0127e-44,0,4.4241e-31,1.6879e-40,1.2616e-27,1.562e-15,3.8229e-09,9.0399e-06,9.5224e-39,2.8372e-48,5.448e-20,1.147e-15,3.7468e-16,4.3494e-14,1.2904e-13,5.637e-14,6.3337e-23,2.4141e-10,3.7355e-13,3.0055e-07,2.3989e-16,1.1101e-13,4.7324e-13,1.8752e-13,8.8785e-16,3.0182e-16,1.1708e-11,1.8961e-10,9.4869e-19,1.3247e-15,7.1106e-19,1.1584e-18,1.202e-19,6.5875e-18,7.5714e-10,3.3267e-08,1.5045e-11,1.6614e-11,3.1264e-07,1.3874e-06,5.8762e-14,6.6438e-08,8.2887e-16,4.0674e-17,4.2076e-16,5.0479e-16,0.011631,0.0068663,8.2095e-18,6.5492e-12,6.5053e-09,2.0883e-08,2.0837e-13,4.0579e-14,3.0038e-15,1.1293e-15,9.9974e-06,0.0011176,4.4755e-09,7.8981e-13,4.3488e-18,1.8796e-17,4.1583e-29,7.0039e-37,8.3554e-17,3.7013e-44,1.0622e-14,8.4355e-17,8.5493e-19,2.5763e-12,1.3623e-21,5.0787e-13,0.005445,0.00060927,1.3925e-14,9.7939e-17,1.8929e-12,3.1837e-15,3.0792e-07,7.2846e-08,7.2572e-13,2.2347e-12,6.0069e-26,4.9593e-11,0.0099803,0.00010886,0.0013889,7.6583e-07,4.4844e-08,1.4926e-09,1.242e-10,1.4987e-11,1.1147e-10,0.024366
1.9375e-08,5.724e-07,1.0439e-29,1.243e-11,3.3268e-21,4.4873e-17,4.5197e-14,6.9068e-08,1.0821e-15,8.1005e-09,0.00021659,0.0013409,0.00017435,2.2337e-06,9.2501e-16,2.8408e-17,6.4469e-05,0.00037281,2.2145e-11,0.00023538,7.5633e-12,8.1587e-13,1.8261e-45,4.4241e-31,0,8.3191e-52,3.4168e-44,1.1422e-27,5.4844e-06,0.0012913,2.4528e-46,1.9582e-33,1.5667e-17,1.3977e-11,3.2858e-23,4.3791e-17,3.9245e-15,1.525e-14,2.6387e-34,1.0355e-14,8.7932e-11,2.8067e-08,9.9461e-19,2.7666e-15,1.5839e-14,6.0697e-14,5.7574e-15,1.1347e-17,3.3227e-13,1.3998e-09,2.2086e-20,3.539e-16,7.8148e-18,9.1766e-16,2.9143e-16,2.2472e-12,3.8214e-07,3.6155e-07,8.9241e-11,9.83e-09,1.161e-07,0.0011174,7.0174e-07,0.00095066,7.5587e-14,8.5397e-13,9.0041e-18,1.0706e-13,0.0010687,0.0010043,5.3269e-16,7.7515e-10,7.6889e-09,4.6903e-07,1.8885e-13,2.2306e-12,4.2632e-17,3.8165e-16,0.00043553,0.018924,1.119e-07,4.118e-09,6.4374e-16,6.8017e-13,5.0061e-19,7.398e-22,1.0742e-13,7.3729e-21,3.3754e-12,4.9999e-15,4.4358e-22,2.0769e-20,6.8835e-20,3.4171e-18,0.0032958,0.00013078,2.7704e-18,7.5881e-15,1.1235e-13,3.0661e-16,2.801e-07,1.8954e-12,1.2286e-12,1.6856e-12,2.2686e-23,8.7688e-11,0.0023669,3.2044e-08,4.9698e-05,1.328e-12,4.0298e-15,2.5983e-12,7.7401e-13,2.821e-09,6.9794e-11,0.075929
1.5688e-13,6.3916e-13,2.4079e-24,7.1594e-27,9.8486e-22,4.1975e-30,1.4534e-20,5.4555e-21,6.2235e-16,4.453e-13,1.9703e-05,4.9473e-10,2.1001e-08,2.3441e-14,6.6589e-14,5.7736e-23,4.3218e-08,7.2999e-06,2.311e-12,1.4273e-08,5.3216e-16,5.9433e-23,1.5788e-29,1.6879e-40,8.3191e-52,0,4.0227e-32,4.8996e-24,1.2541e-09,1.0589e-06,2.0025e-40,2.2713e-46,8.2158e-24,1.2591e-21,3.7101e-23,7.3226e-24,2.6527e-16,2.7743e-19,9.8153e-35,9.9949e-17,3.065e-13,4.3597e-09,7.6557e-31,5.3201e-26,1.3047e-23,9.0041e-26,1.8609e-24,9.6479e-26,1.4759e-20,1.5446e-18,1.7625e-30,3.2381e-26,2.7372e-25,3.0342e-21,2.1885e-26,5.0745e-21,1.2921e-09,1.5589e-10,8.8579e-17,6.2425e-20,7.3517e-11,1.233e-10,4.1288e-09,1.187e-08,4.0317e-10,2.0747e-21,9.5866e-23,2.0971e-25,0.0049814,0.0076207,2.4933e-20,2.9617e-17,4.7466e-11,5.297e-10,2.4015e-16,1.0582e-16,3.3355e-21,9.8493e-24,2.85e-05,0.0013972,6.9769e-11,5.2688e-14,7.4267e-14,9.9958e-18,9.9333e-22,3.5697e-33,4.4448e-14,8.3746e-27,3.3051e-12,9.0344e-20,2.9403e-28,3.1458e-17,9.315e-28,1.505e-13,0.00054575,5.8589e-05,1.4888e-26,1.6802e-20,1.5396e-19,1.2447e-18,3.2879e-15,1.116e-12,5.1356e-19,2.5849e-14,2.7375e-31,1.6883e-09,0.014345,5.9991e-07,0.00012259,1.6687e-08,1.5247e-12,2.6638e-16,1.1871e-18,5.9556e-15,1.8155e-16,0.12553
1.1869e-05,1.4243e-05,1.0197e-17,4.5317e-07,9.5565e-36,2.6949e-24,4.1174e-06,0.00042697,6.9861e-14,1.4273e-08,7.9597e-05,0.0023022,0.0023197,4.8933e-05,1.0743e-21,1.695e-19,0.00030287,0.00029487,8.2571e-08,0.0011833,1.3684e-14,1.7578e-11,7.1317e-30,1.2616e-27,3.4168e-44,4.0227e-32,0,1.8707e-52,0.0001873,0.0040363,1.1632e-28,2.3775e-24,7.2258e-11,2.766e-07,3.5977e-15,2.8341e-10,7.2465e-14,1.8381e-11,1.033e-28,1.1129e-13,3.3826e-08,4.6329e-05,2.6006e-12,3.0676e-11,4.9167e-10,1.3071e-09,3.319e-12,2.7188e-12,5.153e-09,8.1414e-08,1.0322e-12,2.3855e-10,2.2586e-12,4.1326e-10,2.3151e-14,2.0763e-11,0.00012155,9.609e-05,1.1952e-07,6.0377e-06,0.0011234,0.062064,3.7028e-07,0.00066677,5.3177e-13,3.1741e-08,1.1037e-10,1.0318e-07,0.0013171,0.0013281,4.5609e-10,6.4067e-06,2.8143e-05,2.2113e-05,1.1868e-08,1.3225e-09,1.4572e-11,1.0548e-10,8.5209e-05,0.0016781,4.0064e-09,4.42e-11,9.4087e-17,2.6037e-14,2.2674e-18,6.3159e-17,1.1518e-15,1.0609e-22,3.6143e-10,4.7517e-10,3.5357e-14,2.982e-11,9.9053e-11,3.3459e-09,0.03292,0.0013329,1.7756e-13,1.0012e-12,4.3888e-10,3.6352e-10,0.050545,1.2665e-05,1.983e-07,1.2081e-08,3.1389e-18,4.7872e-10,0.071303,0.0014197,0.0035516,4.9939e-08,3.7696e-09,2.4573e-08,3.4141e-09,7.6786e-09,1.1605e-10,0.0032777
0.00082609,3.5911e-05,1.5188e-10,2.0156e-07,7.5231e-35,4.6599e-24,0.00013832,0.0017716,5.2025e-13,1.1694e-06,0.16696,0.071479,0.07981,0.032762,3.4431e-12,1.2992e-11,0.00083966,0.0012446,2.3499e-05,0.00069093,6.6168e-18,2.7495e-10,6.8353e-14,1.562e-15,1.1422e-27,4.8996e-24,1.8707e-52,0,0.00056327,0.0027989,3.8911e-19,2.6521e-14,4.8162e-09,1.4511e-06,2.1329e-08,6.8627e-08,2.4705e-10,2.7901e-10,8.655e-21,1.5117e-11,0.00013059,0.0027982,2.1889e-07,1.7985e-07,6.3455e-06,1.3798e-06,1.179e-07,7.5134e-08,3.9532e-05,8.8095e-06,8.3961e-07,2.2205e-06,3.0222e-07,2.5961e-06,1.5803e-09,1.1328e-08,0.00065876,8.6147e-05,5.5244e-05,0.0003701,0.021471,0.13,3.4471e-05,0.00056066,9.6996e-05,6.9614e-05,6.039e-08,1.9129e-06,0.00061034,0.0027555,3.5153e-07,0.00010171,5.7298e-05,3.3856e-05,2.76e-08,1.9365e-09,1.2669e-08,1.3972e-08,0.00020762,0.012629,4.0261e-09,8.4396e-09,1.411e-11,4.1666e-12,9.6539e-10,4.5735e-11,2.4548e-08,2.7413e-09,1.5843e-05,1.4436e-08,2.8304e-10,5.6491e-07,1.3432e-07,0.0013539,0.041282,0.00094144,2.7948e-10,3.4188e-09,5.265e-09,4.5916e-07,0.11989,0.0099093,4.8329e-06,2.9162e-06,1.7265e-14,7.9694e-06,0.19196,0.0057207,0.033449,3.8114e-07,4.7214e-08,1.9159e-07,8.8088e-07,1.1933e-08,2.5607e-09,0.1593
5.076e-32,1.1243e-32,6.8721e-17,2.229e-16,2.494e-10,1.924e-13,6.1244e-24,1.3659e-26,9.3354e-14,4.9286e-09,1.0057e-18,2.2478e-22,3.5046e-21,8.0453e-22,3.2382e-18,7.7812e-29,1.3856e-53,7.6943e-35,1.5605e-39,2.5851e-43,0.00033907,8.6451e-07,5.1012e-07,3.8229e-09,5.4844e-06,1.2541e-09,0.0001873,0.00056327,0,1.2719e-72,1.1904e-11,1.6285e-14,4.4726e-31,1.8535e-37,0.00054661,1.0006e-05,1.8134e-20,2.5352e-16,4.3471e-08,1.4208e-07,1.6192e-22,3.4414e-17,2.115e-10,6.1129e-10,3.338e-07,2.8382e-08,6.3182e-14,3.5681e-12,1.5183e-09,4.0372e-09,1.2247e-12,2.5118e-10,1.2362e-15,5.3366e-15,6.0893e-13,1.9293e-12,9.1586e-26,5.574e-23,1.0509e-16,2.2738e-12,1.1884e-13,3.1475e-13,6.1368e-29,1.2216e-35,1.0814e-05,3.7448e-07,4.6349e-14,8.6983e-10,3.3996e-15,9.4303e-09,2.2983e-09,1.8888e-16,7.9149e-36,1.2133e-34,7.5109e-35,5.5477e-28,2.2361e-35,1.9416e-31,7.1486e-26,2.7907e-16,2.6137e-38,9.0162e-28,1.4e-25,4.576e-35,1.6443e-29,3.8947e-19,2.5774e-05,4.2343e-08,6.7774e-12,6.9493e-16,5.0069e-13,5.5115e-11,6.6235e-09,1.1365e-07,0.030639,0.00011632,5.0438e-15,1.4661e-16,4.4242e-22,1.3684e-20,1.7007e-10,2.0967e-11,7.6798e-14,1.6912e-16,6.5067e-09,0.00013707,0.030168,1.3811e-07,9.9179e-09,3.6472e-07,2.087e-12,1.4807e-18,3.6312e-16,1.1329e-18,1.8324e-07,0.40666
4.4378e-24,2.9017e-37,7.7695e-10,1.6733e-12,1.1273e-08,1.9752e-11,8.6255e-15,2.7394e-22,5.8204e-10,8.5969e-07,6.3167e-12,1.378e-18,2.8067e-12,2.3159e-16,2.5099e-11,3.1779e-20,8.429e-57,1.1321e-51,7.4131e-28,1.2434e-48,0.00012045,3.0487e-06,0.0013114,9.0399e-06,0.0012913,1.0589e-06,0.0040363,0.0027989,1.2719e-72,0,6.0871e-08,4.34e-10,1.0843e-22,6.1851e-34,0.0097045,2.9673e-05,3.8424e-18,3.0861e-14,4.3531e-05,1.7771e-06,5.0003e-17,3.5188e-14,1.0039e-08,2.1916e-08,6.5712e-07,2.4597e-08,1.0167e-13,1.4809e-11,3.1414e-08,1.0942e-09,5.1478e-09,6.5421e-08,1.8862e-13,3.9838e-13,3.8931e-10,1.2056e-10,2.052e-26,1.1587e-25,6.06e-13,2.9819e-11,8.0432e-09,1.2795e-11,1.4467e-21,5.8875e-39,0.00062278,7.5364e-05,1.147e-09,1.5936e-07,2.1621e-17,2.3196e-10,3.0667e-05,5.7456e-11,3.2227e-25,4.8744e-29,2.342e-21,1.3218e-21,1.0009e-24,1.4342e-24,4.8532e-39,4.4677e-25,1.059e-48,1.7122e-36,9.2429e-21,1.9446e-34,3.7828e-23,5.8297e-15,0.0050998,0.00014031,7.7955e-08,3.5944e-13,1.0944e-11,4.8649e-08,3.1418e-06,0.00044119,0.4484,0.0095638,6.9708e-13,2.5215e-12,3.9868e-25,5.0642e-18,2.3761e-09,2.313e-07,2.0289e-13,6.0215e-14,8.6497e-07,0.0023743,0.0079571,1.7263e-06,9.9991e-05,2.831e-05,3.0657e-12,2.693e-22,1.7814e-17,3.7964e-18,1.7036e-05,0.36973
2.3296e-09,3.3616e-10,2.4704e-32,9.0221e-13,1.49e-19,4.8081e-16,2.5679e-16,1.4448e-11,6.9036e-08,0.00040709,2.5342e-05,9.0385e-05,1.6437e-05,1.4117e-06,1.3262e-16,1.1596e-21,3.4808e-08,1.5323e-07,6.7609e-18,1.9317e-10,1.0167e-14,2.7524e-15,2.8088e-47,9.5224e-39,2.4528e-46,2.0025e-40,1.1632e-28,3.8911e-19,1.1904e-11,6.0871e-08,0,1.8855e-54,1.3365e-23,8.5492e-15,1.0224e-12,5.5218e-11,4.5235e-11,1.7335e-11,5.866e-20,6.4205e-09,2.7809e-09,3.9982e-06,5.9471e-15,1.0675e-11,6.0998e-11,1.4526e-10,2.1298e-14,2.7157e-15,7.4148e-10,4.9641e-09,4.3695e-16,8.353e-13,9.6054e-19,8.9127e-17,2.8533e-15,2.0366e-13,1.1495e-08,5.044e-09,8.7054e-09,1.9665e-08,0.00014836,0.0028822,1.1864e-12,4.8681e-08,5.7622e-08,3.1968e-07,1.3883e-15,8.6154e-13,6.5355e-07,2.1412e-06,2.5935e-18,4.8221e-11,5.1978e-10,2.7665e-08,1.7202e-13,5.1075e-12,6.9522e-17,1.6485e-15,2.6183e-07,6.8211e-05,1.0698e-12,4.4195e-13,1.7229e-22,6.0844e-20,2.8417e-22,5.6461e-24,1.4188e-12,9.9443e-19,3.682e-09,1.2932e-13,4.0623e-20,2.7474e-18,9.5753e-16,1.1084e-13,0.041164,7.9834e-05,4.2148e-15,3.6717e-13,4.1223e-17,6.0918e-17,4.7599e-08,3.0846e-09,8.0648e-18,2.1837e-14,1.407e-21,1.8897e-09,0.0064648,6.0475e-07,0.0026071,1.4178e-09,2.0841e-15,4.1123e-14,1.907e-12,2.2411e-14,5.0637e-09,0.38165
9.8784e-15,2.351e-13,5.3636e-26,1.8844e-17,3.0619e-16,1.2012e-17,3.2785e-18,3.5428e-18,9.9425e-09,3.8361e-07,7.7809e-07,1.2929e-08,6.2597e-08,3.1958e-12,4.4221e-17,1.0392e-30,1.1618e-10,4.1354e-09,2.868e-15,6.0136e-12,4.7825e-09,2.2754e-13,3.2933e-36,2.8372e-48,1.9582e-33,2.2713e-46,2.3775e-24,2.6521e-14,1.6285e-14,4.34e-10,1.8855e-54,0,2.8006e-25,1.5211e-23,1.9072e-17,2.1573e-16,5.7236e-12,4.7426e-13,6.4562e-18,1.8376e-07,1.1944e-13,1.3201e-07,3.0522e-18,1.8891e-15,1.0212e-14,1.0018e-15,2.1074e-17,2.3198e-16,1.0496e-12,1.8709e-12,1.615e-19,5.125e-15,2.1975e-18,2.7478e-17,4.1566e-18,2.3252e-15,7.1553e-12,2.9207e-11,1.7642e-12,1.9609e-11,5.6497e-08,3.5115e-06,1.2501e-14,3.8962e-11,1.3708e-11,1.2085e-13,1.6742e-16,1.9309e-16,0.00054383,0.0034283,1.5308e-14,4.0927e-12,2.768e-12,1.9028e-10,1.5943e-16,8.5998e-15,1.1724e-18,5.4339e-20,9.5687e-08,6.159e-05,1.6013e-12,3.5674e-16,4.2015e-17,1.7138e-19,9.863e-27,5.8742e-33,8.1432e-11,7.1069e-32,1.6333e-11,5.2927e-14,2.6785e-16,5.0178e-12,3.1164e-16,6.6803e-12,0.011575,0.00074488,1.3628e-17,9.7011e-17,4.4515e-16,4.7602e-17,1.1005e-09,8.437e-11,1.956e-18,5.1604e-17,8.0115e-27,1.1812e-13,0.079656,3.0669e-05,0.00014227,5.6014e-06,1.9422e-08,5.1129e-13,5.479e-13,9.455e-22,5.349e-16,0.29971
