0,1.0998e-38,5.6751e-30,2.4631e-15,2.611e-05,6.9418e-06,4.2579e-29,3.1925e-19,8.3852e-18,2.3241e-07,4.1277e-17,2.6728e-19,5.491e-15,3.2728e-19,9.7497e-10,1.1107e-10,4.0001e-07,3.2792e-06,1.3424e-53,1.2988e-18,0.0048343,0.0037717,3.688e-14,0.0012789,0.0042211,0.05657,0.041975,0.68235,1.7787e-17,1.538e-18,1.5985e-13,1.5479e-09,5.9139e-21,2.3681e-15,1.4639e-08,7.3522e-05,6.9827e-08,9.6211e-09,3.6254e-06,0.00037225,7.0503e-11,3.669e-08,2.8693e-26,7.8087e-26,5.9975e-22,1.1091e-23,2.4625e-19,3.3291e-18,4.0604e-22,8.2734e-21,7.1531e-21,6.6487e-16,1.5207e-13,3.3011e-20,5.0354e-07,2.1351e-09,2.313e-30,3.1508e-24,7.7155e-21,1.3633e-12,2.6998e-16,3.021e-11,1.7161e-13,3.0396e-09,1.537e-12,6.0813e-07,3.0059e-17,6.0614e-10,2.3661e-08,5.9241e-05,2.9896e-07,3.7774e-12,1.4781e-21,6.3551e-22,2.6473e-23,1.4499e-17,6.9401e-31,3.0733e-23,1.3097e-18,7.5951e-08,2.8883e-12,4.6857e-13,6.4713e-14,2.658e-13,1.9322e-24,5.2358e-08,4.2634e-14,1.4143e-05,2.3462e-17,2.1121e-10,1.0146e-09,1.6719e-18,2.995e-08,1.9646e-17,3.2176e-06,0.83801,1.9433e-07,1.3009e-10,3.5267e-20,3.293e-26,3.2217e-12,2.2637e-16,9.8406e-20,5.6753e-23,5.9025e-06,2.8791e-05,3.8196e-08,2.0446e-16,0.00048752,1.8658e-06,1.1267e-10,1.0058e-14,7.6429e-15,2.0169e-18,2.4105e-09,0.00021664
1.0998e-38,0,8.0073e-22,2.2605e-30,1.5227e-07,5.8872e-09,6.9774e-29,3.9327e-25,1.5633e-17,2.085e-08,5.3389e-12,2.9701e-22,2.829e-15,1.8656e-16,1.7423e-11,4.0278e-14,4.7646e-12,4.6966e-13,1.8136e-38,1.7556e-34,0.00055367,2.2301e-07,3.7583e-10,8.0126e-05,0.00058244,5.5273e-05,0.0084877,0.091738,2.4223e-23,1.0319e-25,2.7348e-11,1.2019e-08,2.9089e-25,3.2901e-24,2.423e-09,1.9562e-06,8.1344e-08,1.8012e-11,7.2518e-08,7.5692e-05,1.7505e-10,1.3063e-08,3.9809e-28,5.6478e-27,6.361e-25,1.8592e-28,9.2923e-25,3.9736e-24,3.1988e-26,6.7339e-26,4.0138e-25,2.9258e-25,3.5664e-19,1.1784e-29,8.362e-13,6.9851e-16,5.2506e-37,1.0647e-63,2.7038e-24,1.3957e-27,5.9006e-18,1.6231e-16,2.4773e-21,3.7192e-20,2.3659e-10,4.5584e-06,1.1972e-21,2.4411e-15,2.2616e-09,3.8613e-12,2.3963e-05,3.9495e-08,8.0154e-15,1.6153e-19,1.2409e-14,3.0797e-14,8.0668e-29,1.7612e-26,2.6482e-16,2.8017e-13,9.9096e-20,4.9507e-19,5.6311e-16,1.1702e-16,3.3583e-16,4.5742e-12,4.1169e-14,2.0877e-07,3.2298e-21,1.6181e-23,9.026e-16,5.3841e-21,9.4472e-14,8.6988e-22,2.2712e-07,0.20363,2.3238e-13,2.5126e-13,3.7417e-36,8.5496e-34,9.994e-18,1.2198e-24,7.348e-31,7.8827e-30,5.3989e-10,5.4546e-09,1.0154e-10,1.6289e-21,0.042252,4.7695e-08,7.1096e-13,1.7024e-22,7.1427e-24,2.4536e-20,2.1548e-09,0.0082121
5.6751e-30,8.0073e-22,0,3.1115e-13,2.0909e-09,1.0261e-09,1.7891e-41,3.0324e-18,1.0004e-30,9.5724e-10,2.2464e-27,3.2536e-16,3.301e-29,3.4524e-20,3.3216e-19,6.8347e-22,7.7997e-05,0.010468,3.0007e-27,3.6402e-10,3.0543e-05,9.8103e-08,6.2851e-37,2.4694e-11,1.7183e-08,1.1914e-05,4.5638e-08,0.0017888,5.5251e-21,1.3001e-14,5.9941e-26,1.6492e-22,1.1792e-14,3.9396e-10,5.0472e-22,4.6988e-08,2.3249e-10,8.1e-13,6.352e-05,0.00037863,4.1985e-08,5.3083e-08,5.6472e-34,1.1121e-24,1.1966e-31,2.1684e-25,2.5454e-22,1.4132e-19,9.3773e-26,4.7122e-25,1.2543e-16,2.999e-10,2.847e-13,1.8571e-16,3.2791e-07,1.9013e-09,6.1362e-09,1.9274e-11,9.3843e-20,8.6201e-07,5.2005e-22,4.3207e-13,1.6003e-08,4.8784e-06,1.5292e-36,6.9822e-13,2.8557e-13,4.5366e-06,8.5676e-06,0.025863,7.1663e-09,3.247e-19,7.158e-13,6.5091e-14,3.6762e-17,4.1903e-17,1.2203e-24,1.0043e-15,8.5632e-12,7.1272e-06,4.0051e-07,2.3098e-11,7.6192e-27,1.2374e-17,1.613e-47,3.1944e-12,6.4452e-31,1.2875e-13,1.1168e-33,8.2327e-15,8.3078e-18,1.8916e-29,3.9031e-17,1.5025e-30,1.0392e-06,0.2146,5.4293e-07,3.0236e-10,1.2078e-16,2.2149e-14,3.716e-15,2.3108e-21,2.2908e-13,8.4899e-13,1.0691e-08,2.8911e-12,1.5545e-08,2.7423e-11,6.262e-05,1.1324e-05,1.9456e-08,1.6221e-11,8.678e-12,2.9724e-20,1.5536e-19,0.1151
2.4631e-15,2.2605e-30,3.1115e-13,0,6.5744e-13,5.4223e-12,2.778e-28,2.286e-49,4.5291e-17,2.0779e-11,1.0476e-06,6.6721e-21,4.9397e-15,2.8721e-17,1.5273e-10,2.0224e-15,7.8153e-14,3.3514e-12,4.3132e-15,3.6865e-31,0.0005652,2.286e-08,0.00020565,6.3174e-09,4.6566e-07,5.6695e-13,0.0028334,0.01866,5.554e-17,1.8618e-22,9.8022e-10,2.4937e-09,9.1228e-27,2.6632e-33,1.3e-07,1.7756e-12,2.7951e-12,1.4393e-19,2.5718e-06,1.1824e-07,8.1326e-10,3.3897e-10,4.3808e-19,9.971e-17,2.3808e-17,6.2021e-24,3.1819e-26,1.7306e-24,5.183e-21,7.7014e-24,1.0679e-29,6.4101e-28,3.0818e-22,3.8741e-24,1.0995e-21,5.1946e-19,6.1965e-27,1.3691e-31,4.1159e-21,1.3092e-25,3.9825e-18,1.2875e-22,9.3427e-42,1.0543e-43,2.0174e-07,3.7792e-16,4.3714e-32,2.0091e-34,1.4103e-16,6.2656e-24,6.1087e-06,2.9285e-06,4.1437e-10,4.5078e-14,3.7379e-07,6.525e-09,8.5837e-24,1.0531e-29,6.0419e-17,3.736e-12,5.9496e-30,1.338e-21,1.4315e-15,2.0854e-18,2.3134e-11,2.396e-28,1.0406e-08,6.2469e-08,3.7569e-19,1.6774e-36,9.0703e-24,1.1168e-19,5.1654e-23,5.5983e-18,1.8345e-06,0.065203,3.8091e-12,3.214e-17,1.1541e-35,3.3557e-29,1.6999e-20,7.4737e-22,8.5064e-27,2.5338e-28,2.4539e-13,2.8071e-07,2.7805e-12,2.7816e-28,0.054817,3.754e-06,9.7646e-13,1.466e-20,6.255e-19,6.7192e-09,3.884e-05,0.01515
2.611e-05,1.5227e-07,2.0909e-09,6.5744e-13,0,5.7219e-21,7.4169e-13,4.5772e-11,6.7491e-17,1.2663e-06,0.00010857,1.9004e-06,1.079e-09,1.239e-06,1.4137e-10,9.5728e-11,0.0020248,0.0050808,2.1249e-05,7.5709e-06,3.786e-19,4.2788e-19,1.2208e-08,5.0989e-06,3.7291e-22,3.4646e-16,6.492e-07,8.7648e-08,7.1312e-08,1.25e-06,1.2734e-09,3.8686e-08,8.2274e-11,2.063e-08,9.3445e-06,2.4451e-07,3.1675e-05,7.7464e-06,0.033539,0.00092116,7.9634e-08,7.8292e-05,7.4726e-09,8.5984e-08,2.2103e-08,3.8621e-11,2.8837e-07,6.242e-08,4.6147e-08,3.9938e-07,3.7215e-08,1.2485e-05,1.1361e-07,2.0559e-06,2.1748e-06,3.1377e-05,1.0542e-06,1.0017e-06,4.2649e-09,1.0031e-05,1.4583e-08,1.9281e-06,5.3622e-10,1.6446e-08,3.3612e-05,0.00017929,6.7386e-11,1.628e-07,3.9672e-05,1.6457e-05,5.0379e-06,3.5548e-08,8.8807e-06,9.2914e-06,2.046e-05,0.00072304,1.1555e-09,2.2451e-09,0.00025519,0.0020623,1.1363e-06,1.0866e-06,1.1577e-13,6.9922e-09,2.7747e-07,8.081e-09,1.1381e-08,1.1778e-09,1.4449e-14,7.5419e-10,1.2915e-06,5.1212e-09,2.9797e-08,7.0742e-09,0.16641,0.87243,0.089286,0.0019418,7.0471e-06,6.0993e-05,3.2935e-05,3.2031e-12,2.0999e-05,1.5569e-06,3.7175e-05,0.00019407,0.00010364,1.2e-06,0.008395,0.11094,0.088905,0.00035184,0.0007201,0.0017465,6.3088e-05,0.042621
6.9418e-06,5.8872e-09,1.0261e-09,5.4223e-12,5.7219e-21,0,4.6212e-16,8.6857e-17,9.8639e-27,8.545e-20,5.0567e-10,3.1889e-10,1.5035e-15,1.0929e-11,2.1737e-22,2.9561e-21,0.17751,0.75594,0.00011255,0.0042417,1.3561e-15,1.1562e-13,1.3153e-10,1.6605e-06,7.7326e-10,2.9929e-11,1.169e-05,3.6477e-12,0.00042958,0.0020909,3.3344e-05,1.0806e-07,0.0001981,0.0001434,1.0852e-06,1.5481e-10,0.024584,0.00021799,0.17616,0.46532,0.017994,0.11179,2.8512e-07,2.8702e-06,5.914e-10,8.0093e-12,6.4578e-09,7.9758e-07,9.1838e-10,3.9243e-08,5.7818e-06,0.0025497,1.038e-09,9.0498e-06,0.00035634,0.00081532,0.00049113,3.2643e-06,3.5066e-11,3.628e-06,3.1129e-14,5.2259e-15,1.2991e-05,6.3825e-08,2.588e-08,3.1753e-10,4.0077e-07,2.2437e-06,0.012118,0.0058825,1.3708e-06,1.327e-06,0.00082758,0.00071546,0.00052915,0.00026647,2.0647e-08,6.2635e-07,0.023042,0.1104,0.0077165,5.7183e-05,8.8302e-09,5.3113e-05,7.399e-09,5.0532e-10,2.9618e-10,0.00056565,5.3039e-19,3.7257e-12,1.682e-11,5.3194e-13,2.6761e-17,1.4609e-14,0.080162,0.52385,0.0014791,0.0085691,1.0088e-08,5.5639e-07,0.00029929,3.7436e-13,0.00032262,2.9154e-05,0.00022351,6.6567e-05,0.01542,0.00016735,0.022009,0.00089849,0.0003061,3.4739e-08,1.5191e-07,7.9769e-07,3.7519e-08,0.022324
4.2579e-29,6.9774e-29,1.7891e-41,2.778e-28,7.4169e-13,4.6212e-16,0,2.8827e-47,6.7979e-45,7.0973e-21,7.2026e-25,2.4349e-30,4.247e-39,5.7688e-34,7.2458e-24,3.4761e-26,8.3889e-06,0.0037341,6.3276e-20,2.4664e-12,1.3858e-05,2.2498e-06,1.0449e-16,4.5034e-06,2.7843e-05,4.308e-05,0.0046655,0.013491,3.1582e-19,3.1374e-18,1.1691e-13,6.3379e-12,2.4627e-18,2.6857e-15,7.881e-12,1.478e-09,7.3249e-09,1.4462e-12,3.0692e-05,0.0010486,3.4059e-08,5.6196e-06,7.2889e-28,2.3174e-22,2.4893e-26,2.8579e-31,4.7746e-26,2.2489e-19,3.7159e-25,1.3912e-25,4.9957e-26,7.8507e-16,2.813e-24,8.8625e-19,2.3427e-12,1.9322e-14,8.4849e-15,3.0018e-20,1.8048e-34,9.2557e-16,1.7111e-43,7.4474e-29,1.5419e-21,3.6695e-17,4.97e-26,2.2552e-21,9.1407e-24,5.3472e-13,5.4715e-08,5.0425e-06,8.4073e-10,2.5308e-14,4.9821e-12,1.2889e-13,1.372e-13,2.5697e-11,2.605e-24,1.2502e-18,1.2101e-12,2.6885e-07,9.4243e-12,3.7935e-14,2.9253e-17,2.3411e-16,6.4466e-28,3.0445e-18,9.0612e-18,9.8305e-07,4.1975e-36,2.6683e-23,1.448e-21,1.2647e-32,1.2055e-22,8.2563e-34,2.5044e-07,0.030232,4.7338e-12,3.8556e-12,1.9247e-25,3.8275e-21,1.4096e-14,3.9056e-29,2.9642e-14,5.7482e-18,3.335e-09,2.5942e-09,2.4504e-08,1.928e-17,0.0007566,9.6266e-08,1.0145e-08,3.0988e-17,1.1735e-15,1.0975e-17,1.7613e-13,0.0022508
3.1925e-19,3.9327e-25,3.0324e-18,2.286e-49,4.5772e-11,8.6857e-17,2.8827e-47,0,5.2085e-30,3.0165e-27,8.7909e-16,1.0285e-37,7.9118e-28,5.1637e-41,5.502e-21,1.7453e-25,3.836e-10,2.9712e-06,2.9635e-14,1.3109e-15,0.014933,0.0001283,1.3287e-08,1.0453e-08,1.1547e-05,1.3476e-09,0.0023673,0.0033574,1.1951e-16,3.0477e-22,2.9314e-10,4.6269e-12,6.3772e-21,1.3537e-24,3.6472e-10,6.1614e-15,1.3809e-09,1.1632e-15,1.7778e-06,0.00015644,5.534e-08,7.8362e-07,9.7184e-20,4.9578e-17,4.8168e-19,2.862e-24,1.9131e-22,6.4795e-20,6.7732e-20,2.6797e-25,1.8756e-23,2.2888e-16,1.7341e-20,2.5739e-17,9.4262e-15,2.8472e-14,5.0658e-18,2.8273e-22,1.3627e-25,2.3924e-19,2.3383e-36,1.7214e-42,8.6633e-28,2.5701e-29,8.3654e-15,3.5389e-34,2.2099e-24,1.4494e-22,5.941e-12,2.1542e-10,1.2536e-07,1.4411e-09,1.7287e-11,3.2826e-13,1.7456e-10,1.3451e-10,3.0102e-22,3.0875e-23,2.8528e-16,1.3723e-09,2.6644e-18,5.942e-16,9.5712e-13,3.0258e-15,2.261e-16,9.1035e-23,1.8661e-10,2.4518e-05,9.1611e-25,6.5767e-23,4.7441e-21,2.3065e-20,4.4016e-26,1.4925e-21,2.6076e-08,0.023358,6.4829e-13,9.0193e-14,9.0451e-26,2.1674e-23,7.2932e-17,1.2103e-21,1.2252e-16,1.4347e-18,2.7359e-10,5.0406e-07,5.774e-09,5.7887e-19,0.01399,4.0223e-08,1.118e-10,2.742e-17,1.3425e-16,1.1129e-11,2.9228e-08,0.0018049
8.3852e-18,1.5633e-17,1.0004e-30,4.5291e-17,6.7491e-17,9.8639e-27,6.7979e-45,5.2085e-30,0,2.442e-27,3.5238e-24,8.2181e-18,6.8357e-29,2.1723e-24,1.1948e-31,5.4021e-29,0.10491,0.91802,1.1587e-12,1.8887e-05,5.8454e-08,1.3357e-08,1.6636e-19,1.0997e-06,7.1775e-07,4.041e-05,0.00092264,0.0010656,3.4075e-09,1.8338e-08,8.2527e-12,8.044e-14,2.4663e-08,1.7075e-07,7.7972e-12,3.0707e-10,4.6043e-06,9.6265e-09,0.0029281,0.0033163,0.00084711,0.012608,1.1471e-18,6.3194e-15,1.8307e-20,1.3987e-21,2.4736e-18,1.0896e-12,7.4259e-18,2.9911e-20,1.6364e-13,3.3144e-08,2.1663e-16,1.3259e-14,2.1904e-06,7.028e-07,6.0821e-06,2.4003e-11,8.6118e-25,3.0234e-10,7.2464e-36,2.7468e-26,5.7715e-11,3.7044e-10,3.945e-21,2.4412e-19,5.7774e-15,1.1341e-09,0.00068672,0.0028391,3.2236e-09,9.5342e-15,3.7207e-05,4.0846e-06,2.3167e-06,6.1953e-06,1.2156e-16,2.406e-13,1.745e-05,0.04117,0.00019296,6.2717e-06,1.5489e-14,2.0974e-09,3.8213e-23,1.0838e-12,7.6103e-22,9.5801e-05,1.2747e-32,3.2875e-17,3.7102e-22,1.0314e-32,9.4238e-23,8.1147e-31,1.2715e-08,0.0010013,3.6992e-11,1.1396e-05,2.3089e-17,3.554e-12,1.2593e-11,5.2843e-23,8.4858e-09,5.0356e-11,0.00016379,5.059e-07,6.6629e-06,1.4002e-10,0.00017826,6.7774e-07,1.3845e-05,1.4669e-11,5.6245e-11,8.8846e-14,3.5539e-15,0.013352
2.3241e-07,2.085e-08,9.5724e-10,2.0779e-11,1.2663e-06,8.545e-20,7.0973e-21,3.0165e-27,2.442e-27,0,4.959e-21,4.1647e-20,4.2345e-22,7.1777e-26,5.1002e-32,1.6648e-27,0.10895,0.53561,0.00069609,0.098574,0.045708,0.008698,1.5172e-06,0.0024495,0.052612,0.001605,0.092965,0.00010543,0.0011495,0.00019323,0.0067602,8.1672e-05,0.011336,0.0067172,0.0015909,4.4525e-05,0.15963,0.013992,0.24833,0.58438,0.72267,0.74783,1.039e-05,0.00018788,1.1811e-05,2.5752e-06,1.6922e-07,0.00012855,3.5973e-05,1.3237e-08,0.00049218,0.051521,4.8284e-08,3.07e-05,0.00043542,0.0051124,0.010501,6.0568e-06,8.1537e-13,1.2527e-06,6.3663e-28,2.0111e-36,2.5568e-07,9.424e-09,7.3366e-11,4.2209e-25,0.0018348,0.0027449,0.0073928,0.12237,2.9315e-09,7.2605e-09,0.013831,0.020642,0.00049724,0.00061025,8.2866e-06,4.7194e-06,0.00043235,0.093659,0.013573,0.0055766,0.0002853,0.0062045,1.1979e-09,1.4301e-06,1.5214e-07,0.48733,7.4777e-19,8.6988e-09,3.6367e-12,1.1064e-11,1.2032e-14,6.3504e-13,0.00034437,0.0043306,1.3112e-07,0.010827,3.1733e-09,3.7526e-06,2.2304e-05,1.6691e-10,0.00066124,0.001139,0.071027,0.070768,0.14083,0.0011487,0.19865,0.0015247,9.2249e-06,1.0409e-07,2.9021e-07,1.3152e-06,2.3232e-06,0.010927
4.1277e-17,5.3389e-12,2.2464e-27,1.0476e-06,0.00010857,5.0567e-10,7.2026e-25,8.7909e-16,3.5238e-24,4.959e-21,0,5.7831e-29,1.1897e-51,1.0048e-33,1.1754e-42,5.4165e-30,0.026948,0.76085,5.3055e-13,0.003772,0.020307,0.0046253,3.6511e-17,9.1843e-05,0.0030321,0.21529,0.0015566,0.15847,4.9687e-13,1.5591e-07,4.3963e-09,9.9846e-11,3.4423e-05,0.00068461,3.4942e-07,0.0093518,0.0032227,0.00056908,0.076964,0.89074,0.052517,0.16662,1.1956e-11,3.4918e-09,9.6063e-13,5.4521e-11,3.3549e-07,7.233e-06,6.2655e-12,4.3366e-15,1.7501e-06,0.0046672,6.9078e-08,1.1037e-07,0.11486,0.011843,0.0069337,9.3223e-06,5.331e-20,2.7975e-05,4.9029e-32,1.3206e-19,1.2178e-05,0.0001051,1.7836e-20,9.9719e-15,0.00053351,0.12359,0.011083,0.96377,0.00012257,7.1924e-11,1.0668e-05,1.6387e-05,6.3999e-09,2.7007e-08,3.2436e-09,3.4256e-05,1.8282e-07,0.26019,0.045435,0.0078914,1.0397e-12,3.4706e-07,1.1354e-25,1.1448e-05,1.2355e-19,0.00012126,1.7378e-29,1.5604e-08,1.09e-11,7.1556e-17,8.889e-14,9.2722e-21,0.00052356,0.24804,3.2506e-05,0.031124,6.6804e-07,1.7863e-05,2.8925e-08,1.2565e-15,2.3644e-05,0.00015527,0.072574,0.0034273,0.0025013,1.7451e-05,0.015247,0.023879,0.00043578,2.4816e-05,3.4941e-06,1.121e-15,4.0053e-13,0.0022371
2.6728e-19,2.9701e-22,3.2536e-16,6.6721e-21,1.9004e-06,3.1889e-10,2.4349e-30,1.0285e-37,8.2181e-18,4.1647e-20,5.7831e-29,0,1.1717e-36,4.9947e-59,2.2624e-24,1.5318e-27,1.0491e-08,0.00011106,9.3862e-13,4.3821e-09,0.18353,0.0084719,5.1664e-10,7.3342e-07,0.0024065,0.00016202,0.00069136,0.016472,6.6767e-21,2.8284e-19,2.9658e-08,2.0206e-10,8.5707e-12,2.1009e-12,3.7824e-06,9.8367e-06,3.088e-07,1.0628e-08,0.00031958,0.22918,1.1159e-05,0.00010062,1.1022e-17,3.611e-15,1.6865e-13,9.9147e-17,1.2183e-13,9.5855e-12,9.3858e-13,9.3e-17,6.4586e-13,2.5062e-08,8.4696e-14,3.5034e-10,2.812e-07,3.8601e-08,8.3395e-13,3.9699e-16,3.7759e-22,2.7938e-11,5.1937e-28,2.3401e-29,2.4737e-17,7.1622e-18,1.7215e-13,3.2118e-20,3.4647e-10,9.1212e-08,3.6695e-10,0.00046246,1.5087e-06,4.7517e-09,1.3662e-08,1.8771e-08,2.6817e-10,1.7212e-10,1.2026e-13,1.636e-13,3.0914e-16,5.4066e-08,1.6393e-10,4.2515e-09,1.119e-11,1.6765e-11,3.7497e-14,3.9437e-13,2.2534e-10,1.4688e-06,5.3877e-22,7.8258e-16,4.7459e-14,9.2109e-15,3.8718e-17,9.8026e-19,0.00034851,0.25487,2.0457e-09,1.4585e-07,2.1302e-13,3.8298e-12,1.0589e-13,9.5392e-18,2.4788e-10,2.4438e-09,5.2093e-06,0.00085808,4.5577e-06,1.2887e-11,0.1189,0.0015768,2.8063e-09,1.1654e-11,1.4177e-11,5.321e-13,1.4964e-08,4.4127e-05
5.491e-15,2.829e-15,3.301e-29,4.9397e-15,1.079e-09,1.5035e-15,4.247e-39,7.9118e-28,6.8357e-29,4.2345e-22,1.1897e-51,1.1717e-36,0,6.1671e-39,1.1143e-39,9.621e-32,9.7341e-05,0.22443,3.9098e-10,0.00013244,0.0011205,4.2394e-05,1.3016e-14,4.5663e-06,1.596e-05,9.9327e-05,0.00043034,0.01995,2.8748e-19,2.1457e-12,2.6535e-11,1.442e-13,3.3624e-10,8.9597e-09,2.3309e-10,1.9059e-06,5.0556e-06,2.883e-08,0.0027588,0.36559,0.0003281,0.0077135,2.7146e-17,3.0362e-13,3.3244e-18,5.5305e-19,2.5274e-12,2.2878e-10,5.1915e-17,3.9466e-21,1.9136e-12,9.0624e-07,1.0371e-15,2.2545e-10,5.1585e-06,4.6505e-07,3.8143e-06,9.365e-10,2.0046e-30,1.1274e-09,1.2055e-46,4.7766e-30,2.7462e-13,1.0751e-11,4.5425e-21,6.1577e-22,1.1868e-09,8.0766e-05,0.00031465,0.03683,7.0609e-08,2.7289e-12,1.1528e-07,5.3374e-08,7.9273e-10,8.7649e-10,4.8751e-14,2.7221e-09,4.0174e-09,0.0048033,4.551e-05,1.0151e-05,1.1495e-13,1.1066e-09,1.4706e-23,9.7047e-11,2.8698e-17,1.967e-08,1.0718e-41,5.4519e-18,1.3123e-17,9.8683e-22,4.3882e-21,6.0727e-30,0.00038246,0.13615,1.443e-06,5.5628e-06,1.7537e-12,2.4217e-10,1.4035e-13,1.272e-26,1.1352e-07,4.2925e-08,1.1344e-05,1.4221e-06,3.8135e-05,5.9053e-10,0.0051362,0.0086815,4.7841e-05,2.8108e-09,4.0075e-10,1.407e-16,1.4022e-14,0.00025706
3.2728e-19,1.8656e-16,3.4524e-20,2.8721e-17,1.239e-06,1.0929e-11,5.7688e-34,5.1637e-41,2.1723e-24,7.1777e-26,1.0048e-33,4.9947e-59,6.1671e-39,0,2.6392e-30,2.894e-31,1.2112e-05,0.0067433,1.6798e-11,1.1616e-05,0.077304,0.024318,5.5079e-14,3.5636e-08,5.9895e-05,6.6698e-05,6.0992e-05,0.0059066,4.8814e-17,9.5692e-18,5.4214e-12,3.854e-14,4.2901e-12,6.661e-12,5.3317e-10,5.8537e-09,6.1044e-08,1.5428e-10,1.0199e-05,0.019236,5.6882e-06,1.3939e-05,1.4814e-17,2.9567e-15,3.1593e-15,3.0082e-16,1.6258e-12,2.952e-11,1.1388e-11,9.1145e-18,5.4603e-12,3.545e-06,6.1355e-12,4.6853e-09,1.2419e-05,1.2293e-05,2.664e-09,2.1363e-11,4.1246e-22,1.5855e-09,5.3135e-37,6.9482e-37,1.4113e-13,2.5377e-13,2.3617e-20,5.9977e-34,2.9118e-10,2.3532e-07,4.3427e-07,0.025425,8.6527e-06,1.0705e-09,5.7152e-09,7.4137e-09,1.0268e-11,4.7963e-11,1.4247e-15,4.0836e-14,5.3507e-16,1.0003e-06,1.8701e-08,3.8257e-08,1.6361e-13,1.7584e-13,1.9998e-19,2.1349e-12,4.6801e-14,9.9906e-06,6.4479e-24,2.1917e-12,1.0966e-13,7.8806e-15,9.959e-18,1.1728e-18,2.5766e-06,0.13145,7.2555e-09,1.1786e-06,5.5994e-12,1.1127e-10,1.7484e-12,2.1274e-16,1.9333e-10,4.3557e-08,9.8389e-06,4.8995e-05,9.8263e-06,6.8525e-10,0.027631,2.4497e-06,1.432e-07,1.4312e-09,8.4544e-10,9.4746e-14,4.0899e-11,0.001466
9.7497e-10,1.7423e-11,3.3216e-19,1.5273e-10,1.4137e-10,2.1737e-22,7.2458e-24,5.502e-21,1.1948e-31,5.1002e-32,1.1754e-42,2.2624e-24,1.1143e-39,2.6392e-30,0,2.7769e-45,0.01407,0.89894,1.3625e-06,0.005616,0.00035949,7.3482e-05,1.8305e-15,6.1798e-07,6.4891e-06,0.0010587,2.9735e-05,0.00021356,3.7614e-09,1.3629e-06,1.2972e-06,3.3501e-09,0.00037897,0.00054621,1.2708e-08,5.5794e-05,0.038367,0.00081132,0.20736,0.96445,0.069016,0.122,4.9418e-08,8.8506e-06,5.6113e-10,3.5994e-08,8.8575e-07,6.638e-05,1.1942e-08,3.9938e-13,1.9503e-05,0.019856,6.5202e-07,4.7394e-07,0.022484,0.025816,0.0057354,2.322e-06,1.1659e-15,5.831e-06,1.1176e-31,1.4357e-26,2.9948e-06,7.5032e-07,4.1099e-21,2.6263e-20,0.0028635,0.06628,0.0073856,0.49533,0.00030483,4.3716e-07,6.3154e-05,3.0667e-05,1.3859e-06,1.0272e-05,6.6401e-08,8.4563e-05,9.4643e-06,0.10548,0.014783,0.00095404,1.9141e-13,2.5186e-07,5.4441e-20,7.0803e-09,8.1787e-20,0.00014078,4.9875e-36,1.4155e-10,2.2153e-14,5.6741e-16,2.3105e-19,1.7521e-23,0.0013721,0.20424,7.7873e-05,0.049909,2.3336e-08,7.4697e-06,5.5312e-07,8.3068e-16,3.3412e-05,0.00041299,0.0097994,0.0001355,0.0093003,0.00034991,0.022955,0.0015584,8.5026e-05,9.0183e-07,2.7984e-07,2.1225e-10,5.4013e-12,0.018479
1.1107e-10,4.0278e-14,6.8347e-22,2.0224e-15,9.5728e-11,2.9561e-21,3.4761e-26,1.7453e-25,5.4021e-29,1.6648e-27,5.4165e-30,1.5318e-27,9.621e-32,2.894e-31,2.7769e-45,0,8.0751e-05,0.067016,5.3082e-09,5.2992e-06,4.34e-05,3.1144e-08,9.3277e-18,1.3904e-14,6.6648e-08,4.5911e-08,2.8697e-10,3.5649e-09,2.3958e-14,7.5578e-12,5.8116e-13,9.1282e-18,6.3163e-08,6.0196e-08,4.0901e-12,3.6514e-09,1.88e-05,1.7038e-08,0.0093555,0.11189,0.00021911,0.00066175,1.2298e-13,2.6433e-12,2.4636e-13,1.0096e-12,3.488e-11,5.6349e-11,2.7848e-09,1.974e-14,5.9858e-07,0.00075,1.2553e-08,2.6829e-09,0.00045037,0.00025067,0.0003903,4.9245e-07,3.5166e-12,1.6038e-05,2.6263e-24,4.8437e-24,6.4563e-09,7.8929e-10,6.0978e-21,1.9532e-22,5.2082e-06,0.00017879,7.0045e-05,0.13625,8.5237e-06,4.8033e-09,1.2651e-07,4.1553e-09,4.1714e-09,3.1013e-11,2.7918e-09,6.9367e-08,4.2488e-10,0.00036798,8.3365e-06,1.6272e-09,1.1912e-20,1.434e-14,4.6286e-21,4.1491e-18,2.6169e-20,2.2206e-09,3.7616e-29,3.3306e-16,1.9021e-16,7.0382e-15,7.1857e-23,1.559e-19,2.3517e-05,0.068415,1.2397e-06,0.0015934,3.0159e-10,1.654e-07,2.6965e-10,4.7488e-14,3.2821e-08,1.1512e-05,0.00016491,1.2808e-05,0.00018199,2.6873e-07,0.18041,9.9861e-05,1.6646e-06,2.7616e-08,1.885e-10,2.0438e-12,8.9341e-13,0.023592
4.0001e-07,4.7646e-12,7.7997e-05,7.8153e-14,0.0020248,0.17751,8.3889e-06,3.836e-10,0.10491,0.10895,0.026948,1.0491e-08,9.7341e-05,1.2112e-05,0.01407,8.0751e-05,0,2.9731e-47,1.543e-10,5.8867e-21,0.38994,0.04892,0.40124,0.000156,0.017493,2.8484e-07,0.00011494,0.20745,8.3515e-28,1.1982e-28,0.00031647,0.0013382,1.245e-22,2.331e-24,3.6397e-08,2.0564e-05,1.0242e-08,9.6168e-08,2.4802e-07,0.012584,4.0034e-11,2.4513e-09,5.7954e-10,1.4051e-10,2.9484e-07,1.6483e-08,2.7789e-08,9.2369e-12,1.595e-07,2.3004e-10,2.79e-15,7.4086e-14,3.4559e-10,4.9458e-12,6.7578e-16,3.4521e-13,4.587e-19,1.1181e-14,0.00016234,3.3959e-07,0.00088927,3.2599e-05,2.3611e-17,1.0015e-17,0.00099608,0.00015295,4.5559e-10,1.2745e-07,5.3696e-08,1.9365e-06,0.58523,0.19812,1.8324e-16,4.1762e-18,1.0665e-11,3.8219e-13,7.0177e-09,3.9902e-08,9.3723e-29,1.6733e-26,1.0949e-43,2.4051e-29,2.2625e-07,4.4283e-12,3.5239e-07,2.8654e-10,0.0059012,2.3253e-09,7.4365e-06,3.6334e-08,8.2538e-05,0.0097993,3.6667e-05,0.00028484,0.011274,0.96887,0.0012638,1.2202e-10,1.7339e-10,9.1446e-14,5.1924e-13,4.9989e-07,1.8963e-17,4.8563e-13,6.0649e-11,1.1714e-05,8.9662e-10,8.0218e-14,0.28009,0.13055,1.6411e-06,1.2387e-07,3.888e-08,0.00014374,0.015449,0.55091
3.2792e-06,4.6966e-13,0.010468,3.3514e-12,0.0050808,0.75594,0.0037341,2.9712e-06,0.91802,0.53561,0.76085,0.00011106,0.22443,0.0067433,0.89894,0.067016,2.9731e-47,0,5.7276e-11,8.5923e-29,0.56603,0.084894,0.84358,0.0025487,0.024157,1.3439e-06,0.0031521,0.518,8.9857e-20,4.0254e-27,0.00033215,0.0077033,1.0144e-23,2.8863e-26,1.5517e-05,0.00034425,1.3152e-08,1.2713e-07,5.1535e-07,5.5194e-05,1.9824e-13,3.894e-11,7.3326e-07,4.1166e-08,0.00010711,1.0831e-05,4.4205e-06,3.1269e-10,2.6334e-05,1.136e-06,4.8861e-12,4.3429e-14,1.7596e-06,1.1455e-12,2.7817e-12,5.9612e-11,3.9044e-23,2.5819e-17,0.0097622,1.3554e-08,0.12632,0.0091744,3.9009e-14,6.1926e-16,0.19828,0.23925,1.059e-09,1.5458e-08,3.5462e-07,2.6493e-10,0.79727,0.67012,1.7104e-13,3.6933e-15,3.0207e-09,4.703e-09,3.1615e-08,3.4822e-10,3.6422e-22,1.1798e-30,6.2257e-44,6.2223e-27,4.3719e-06,1.1218e-11,0.0023997,4.9524e-06,0.090868,3.9949e-06,0.013653,4.9174e-06,0.020804,0.2289,0.029348,0.073454,0.047066,0.6151,0.0020029,2.6333e-09,1.9674e-09,5.0577e-12,1.4164e-08,0.0004745,1.6363e-17,1.2985e-11,1.3153e-08,0.001015,1.9901e-09,3.9987e-12,0.33703,0.034815,4.283e-05,2.2316e-06,2.8682e-06,0.0070845,0.48934,0.84171
1.3424e-53,1.8136e-38,3.0007e-27,4.3132e-15,2.1249e-05,0.00011255,6.3276e-20,2.9635e-14,1.1587e-12,0.00069609,5.3055e-13,9.3862e-13,3.9098e-10,1.6798e-11,1.3625e-06,5.3082e-09,1.543e-10,5.7276e-11,0,6.1253e-33,0.0045203,7.3513e-05,1.8942e-13,0.00016912,0.00063799,0.0076673,0.0054353,0.71071,6.6445e-22,1.1141e-20,2.9028e-16,2.4293e-10,5.3602e-26,8.4998e-20,2.9127e-11,7.4417e-05,1.0624e-06,8.6489e-09,4.6967e-05,0.00014681,5.7685e-10,1.5479e-08,2.2154e-25,1.8989e-27,2.2877e-24,8.0026e-25,1.3868e-18,1.7328e-21,5.4518e-25,9.9966e-21,7.5379e-21,7.3247e-19,6.788e-11,8.3256e-25,4.4561e-06,1.1547e-09,3.5978e-23,4.7881e-25,2.0816e-15,2.9264e-13,2.5876e-10,2.3686e-07,2.2081e-11,4.9412e-09,2.3728e-11,0.0014194,8.5228e-20,5.0769e-12,1.0128e-07,4.8039e-07,0.0031662,5.1974e-09,9.198e-20,1.3821e-21,8.4374e-21,3.0782e-19,2.5735e-28,2.3198e-21,5.1618e-19,2.9403e-09,3.4061e-14,4.9171e-15,1.2985e-17,9.7473e-16,9.1622e-24,6.5877e-08,6.8162e-13,1.932e-07,1.4711e-12,3.0919e-09,1.6828e-08,1.62e-15,3.3105e-07,6.1779e-13,2.7251e-05,0.43207,6.0015e-06,1.5011e-09,2.9086e-18,1.2366e-22,5.4919e-13,4.6974e-16,1.2409e-26,1.1117e-26,2.3768e-06,9.3169e-06,8.926e-10,1.4374e-18,0.0029339,5.6254e-05,5.7069e-10,1.1542e-12,6.7243e-15,1.92e-19,1.1563e-08,0.0003448
1.2988e-18,1.7556e-34,3.6402e-10,3.6865e-31,7.5709e-06,0.0042417,2.4664e-12,1.3109e-15,1.8887e-05,0.098574,0.003772,4.3821e-09,0.00013244,1.1616e-05,0.005616,5.2992e-06,5.8867e-21,8.5923e-29,6.1253e-33,0,0.0066629,2.4809e-06,0.0017747,5.8616e-06,0.00019117,3.0236e-07,0.0059884,0.60595,1.3294e-18,1.1013e-23,1.9278e-09,3.5316e-06,1.5142e-33,3.5751e-38,1.6121e-07,1.3844e-06,6.682e-10,6.1778e-14,8.2881e-06,2.7667e-09,2.9586e-13,4.8653e-13,6.8877e-15,7.8235e-16,2.2088e-13,9.8794e-17,5.1622e-16,2.3688e-20,1.5094e-18,1.8768e-15,4.4547e-22,1.0188e-26,5.3753e-10,1.3631e-25,8.4961e-12,1.7341e-13,2.1325e-30,1.4361e-31,1.3225e-08,2.5636e-17,2.1235e-05,1.4172e-05,3.1281e-20,1.176e-22,0.00082845,0.011557,2.1254e-24,1.9134e-23,3.7005e-12,1.1923e-22,0.089918,0.0011913,2.7682e-15,6.0383e-21,2.3286e-09,1.2656e-10,8.006e-20,1.0001e-22,4.2751e-20,1.2289e-15,7.167e-32,1.4661e-25,1.4888e-14,4.2608e-18,1.7984e-09,4.0185e-14,1.754e-06,2.9144e-06,6.0321e-08,2.3099e-14,1.2806e-08,7.1766e-09,2.1166e-07,1.9552e-07,0.0002785,0.86173,4.316e-07,1.6844e-11,1.3801e-21,1.9294e-22,1.6234e-12,5.4355e-11,4.3733e-28,2.6719e-26,3.4048e-07,0.0003667,6.3367e-10,7.5703e-21,0.0060081,4.5091e-05,1.2523e-08,5.4748e-12,5.1531e-13,2.8754e-07,0.016913,0.011136
0.0048343,0.00055367,3.0543e-05,0.0005652,3.786e-19,1.3561e-15,1.3858e-05,0.014933,5.8454e-08,0.045708,0.020307,0.18353,0.0011205,0.077304,0.00035949,4.34e-05,0.38994,0.56603,0.0045203,0.0066629,0,5.4296e-32,4.7049e-09,0.0010727,7.0942e-17,1.7217e-09,3.2203e-08,1.2628e-13,0.0088966,0.30015,4.214e-10,1.8228e-06,0.00090493,0.015001,0.0024855,2.975e-05,0.011438,0.0029174,0.32782,0.0014955,6.8618e-05,0.007858,3.0132e-05,0.00026846,4.8942e-05,2.1461e-06,0.00021948,9.2252e-05,0.0002083,0.049609,0.010729,0.030105,0.0018189,0.0050084,0.032562,0.015246,0.015254,0.021447,0.001598,0.039428,0.034539,0.20541,0.043813,0.02815,0.01103,0.62137,0.00012684,0.0010876,0.18815,0.0071942,3.6161e-07,1.2566e-07,0.011532,0.0043228,0.015616,0.003133,6.6763e-06,1.0565e-05,0.97357,0.18149,0.17233,0.0053588,2.9564e-08,0.00043132,0.00059366,0.00051084,3.4006e-09,0.00010017,9.3327e-07,9.641e-06,0.0035394,9.1273e-06,8.4707e-05,4.4521e-06,0.63805,0.30541,0.43871,0.069255,0.0038835,0.018028,0.11736,3.1171e-06,0.0072727,0.0016383,0.032942,0.0056837,0.04226,0.10112,0.0045029,0.0048876,0.91045,0.0025642,0.012046,0.00046772,0.00066844,0.13122
0.0037717,2.2301e-07,9.8103e-08,2.286e-08,4.2788e-19,1.1562e-13,2.2498e-06,0.0001283,1.3357e-08,0.008698,0.0046253,0.0084719,4.2394e-05,0.024318,7.3482e-05,3.1144e-08,0.04892,0.084894,7.3513e-05,2.4809e-06,5.4296e-32,0,3.7677e-09,1.6734e-09,1.6302e-18,3.0078e-16,5.11e-14,6.11e-13,3.0918e-06,0.00062049,5.9134e-13,5.1928e-10,9.0428e-07,9.4918e-06,4.2234e-06,9.4043e-07,7.5658e-05,2.3881e-06,0.020379,1.1754e-05,1.7048e-06,8.8263e-05,3.2264e-10,1.8753e-08,5.9815e-09,2.6753e-10,2.4065e-07,1.9674e-08,1.107e-07,0.00016873,1.6795e-05,2.2994e-05,1.766e-05,8.9903e-06,0.00016977,8.1326e-06,0.00057314,2.0502e-05,0.00010188,0.0004346,0.014445,0.026113,0.00048352,0.00033822,0.0035539,0.15823,2.2875e-07,2.9812e-06,0.001478,6.1917e-05,9.0726e-08,2.4414e-12,0.00092326,2.3354e-05,0.00048393,2.26e-07,2.7871e-08,1.4462e-08,0.049836,0.00984,0.00063748,1.0457e-05,3.0704e-14,5.6913e-08,4.777e-05,6.5371e-08,7.4449e-11,3.5261e-10,1.9336e-07,5.1238e-11,2.3381e-06,1.9386e-06,2.8592e-09,4.5208e-06,0.044796,0.91375,0.13813,0.0011608,1.6354e-05,0.00036889,9.9099e-06,1.9175e-07,1.5262e-06,8.1641e-06,7.3072e-06,4.4121e-07,0.00026187,0.0008801,0.015274,0.036278,0.31671,0.00098571,3.1693e-05,2.3823e-05,1.803e-06,0.074604
3.688e-14,3.7583e-10,6.2851e-37,0.00020565,1.2208e-08,1.3153e-10,1.0449e-16,1.3287e-08,1.6636e-19,1.5172e-06,3.6511e-17,5.1664e-10,1.3016e-14,5.5079e-14,1.8305e-15,9.3277e-18,0.40124,0.84358,1.8942e-13,0.0017747,4.7049e-09,3.7677e-09,0,1.1964e-19,1.197e-15,7.4242e-08,1.0005e-18,1.4531e-11,3.5768e-11,8.6085e-07,1.0924e-29,4.7127e-30,4.127e-06,0.0007661,1.2231e-24,4.9924e-11,9.6912e-07,1.213e-09,0.00056118,0.00045519,4.4063e-07,2.6839e-09,5.7852e-22,1.5289e-16,3.5209e-20,2.0214e-14,2.8646e-12,3.8318e-13,5.5312e-12,7.3754e-11,0.00015759,0.0072449,0.00096021,1.51e-05,0.015685,0.0013332,0.0037897,0.00062668,2.711e-06,0.15908,1.355e-08,1.0583e-05,0.26634,0.50252,5.1603e-30,2.494e-08,2.9162e-05,0.0038332,0.00010168,0.4382,2.2897e-06,7.9741e-16,1.39e-08,9.4241e-09,2.4533e-12,7.0335e-13,4.7638e-16,2.302e-10,9.2114e-05,0.0048591,0.093914,5.9955e-05,6.7599e-24,3.0291e-13,6.6081e-27,4.4422e-08,2.0875e-31,5.5964e-12,1.0598e-17,1.2065e-05,2.0406e-08,4.3816e-15,9.701e-12,1.1041e-17,0.00020401,0.54638,0.0068689,1.5398e-05,8.9076e-06,2.6425e-05,2.0292e-05,1.7276e-07,1.5672e-05,0.0006146,8.9218e-07,3.1909e-10,4.9101e-05,0.0022387,0.00017303,3.7916e-07,1.337e-05,6.4062e-06,2.1153e-06,3.5841e-16,1.5271e-19,0.080732
0.0012789,8.0126e-05,2.4694e-11,6.3174e-09,5.0989e-06,1.6605e-06,4.5034e-06,1.0453e-08,1.0997e-06,0.0024495,9.1843e-05,7.3342e-07,4.5663e-06,3.5636e-08,6.1798e-07,1.3904e-14,0.000156,0.0025487,0.00016912,5.8616e-06,0.0010727,1.6734e-09,1.1964e-19,0,5.2485e-20,6.9069e-26,5.9087e-37,2.2511e-17,6.9563e-08,1.0747e-06,2.6457e-17,2.8426e-30,7.2002e-07,8.5288e-08,5.0481e-24,6.4516e-23,4.7274e-15,1.0392e-19,1.5753e-05,1.7029e-08,1.873e-08,2.5669e-14,1.3429e-13,5.9952e-11,3.3041e-12,1.0866e-09,1.3908e-09,5.2359e-14,7.7365e-08,2.0187e-09,0.00084647,0.0026284,0.026494,0.00013064,1.9411e-05,8.7051e-05,0.015615,0.055377,0.22784,0.99248,0.017412,0.0034425,0.081196,0.040557,1.1903e-11,2.7872e-11,9.7692e-06,1.4313e-07,1.8648e-09,0.0025804,0.0024301,1.6168e-07,1.022e-06,2.1998e-08,2.2246e-05,4.4698e-09,2.4379e-09,1.208e-10,1.0449e-05,6.6736e-05,4.7801e-06,3.0755e-11,1.7612e-20,1.2446e-13,1.7056e-13,4.1623e-25,1.4901e-15,1.0777e-13,6.6402e-09,2.066e-07,3.8674e-11,3.8181e-06,1.9869e-17,1.1805e-07,4.3227e-05,0.8908,0.0065548,4.3892e-07,2.4599e-05,4.9286e-05,2.1281e-08,0.010277,3.3064e-06,0.0032394,6.5965e-09,2.9874e-08,5.7186e-07,0.00082513,0.11619,2.3359e-06,3.489e-05,4.1769e-05,8.843e-06,8.7514e-05,3.9291e-09,0.42477
0.0042211,0.00058244,1.7183e-08,4.6566e-07,3.7291e-22,7.7326e-10,2.7843e-05,1.1547e-05,7.1775e-07,0.052612,0.0030321,0.0024065,1.596e-05,5.9895e-05,6.4891e-06,6.6648e-08,0.017493,0.024157,0.00063799,0.00019117,7.0942e-17,1.6302e-18,1.197e-15,5.2485e-20,0,3.0343e-28,8.6863e-24,3.8565e-13,1.3645e-07,6.5352e-06,5.6252e-26,2.5924e-22,2.1053e-11,6.933e-10,3.3283e-17,4.1825e-15,1.22e-07,4.4635e-10,2.1959e-05,1.4588e-08,1.9035e-11,2.6561e-11,3.2778e-09,1.4978e-07,1.8194e-09,3.0228e-08,2.1718e-05,4.8337e-09,1.2252e-05,3.6129e-06,0.00074209,0.0034708,0.028499,0.0029812,0.0007836,0.0037237,0.0015755,0.025655,0.010264,0.23312,0.0050902,0.032757,0.015041,0.011523,2.6751e-07,8.2373e-05,1.4488e-06,6.3387e-06,4.4246e-05,0.0029062,0.0025017,1.8371e-06,4.2034e-08,2.326e-09,2.4622e-05,2.541e-06,4.7295e-08,9.0008e-08,0.00050662,0.00076225,6.8405e-05,6.8546e-06,7.7052e-16,2.9437e-09,1.4381e-07,1.4324e-09,2.8991e-14,6.1201e-13,2.5193e-09,8.1179e-06,0.00034828,0.00010317,4.6151e-07,4.2273e-06,0.0038643,0.90843,0.21934,0.00087823,0.0066821,0.0058651,0.0008652,0.0018967,0.00017536,0.0047942,6.0212e-06,1.413e-06,0.0012986,0.0061993,0.0013823,0.0003357,0.2425,0.016515,0.019107,0.0015299,7.8001e-06,0.14424
0.05657,5.5273e-05,1.1914e-05,5.6695e-13,3.4646e-16,2.9929e-11,4.308e-05,1.3476e-09,4.041e-05,0.001605,0.21529,0.00016202,9.9327e-05,6.6698e-05,0.0010587,4.5911e-08,2.8484e-07,1.3439e-06,0.0076673,3.0236e-07,1.7217e-09,3.0078e-16,7.4242e-08,6.9069e-26,3.0343e-28,0,3.5816e-26,1.2723e-24,4.598e-08,1.1579e-08,7.5999e-16,5.5858e-20,9.6399e-11,7.5191e-13,3.2348e-15,1.6441e-24,6.7944e-13,1.7872e-15,2.7453e-06,2.9538e-07,1.4667e-11,1.7062e-11,5.643e-11,1.6345e-09,1.8989e-08,2.1218e-09,1.7021e-09,2.8399e-14,1.9402e-05,1.4957e-05,0.00028519,0.00012361,0.00022859,0.0012841,4.6531e-11,1.3513e-07,1.6195e-05,0.00048524,0.046467,0.051118,0.051117,0.0015146,0.00017745,5.5147e-07,0.00055439,4.142e-07,2.9568e-08,2.5479e-10,1.0271e-07,2.6441e-06,3.1869e-06,3.403e-07,4.0691e-07,1.9153e-08,2.6812e-05,3.2004e-08,5.226e-09,4.7457e-12,4.0252e-06,6.9153e-10,2.1998e-11,1.7371e-13,5.4398e-14,5.9711e-11,3.0492e-05,1.1597e-14,2.7285e-07,3.0818e-12,1.2748e-06,1.8375e-08,6.9047e-07,0.00063053,1.1672e-10,2.9119e-05,0.0067098,0.9768,0.020219,8.014e-09,3.0204e-06,4.6071e-06,1.1587e-06,0.00037656,3.8437e-06,0.00022833,2.3163e-11,2.2467e-07,3.3147e-06,0.00076203,0.10994,0.00011065,0.00057582,2.0366e-06,4.5108e-06,0.0033697,2.3907e-05,0.95518
0.041975,0.0084877,4.5638e-08,0.0028334,6.492e-07,1.169e-05,0.0046655,0.0023673,0.00092264,0.092965,0.0015566,0.00069136,0.00043034,6.0992e-05,2.9735e-05,2.8697e-10,0.00011494,0.0031521,0.0054353,0.0059884,3.2203e-08,5.11e-14,1.0005e-18,5.9087e-37,8.6863e-24,3.5816e-26,0,1.778e-25,4.3398e-09,4.9061e-06,1.5172e-20,9.6454e-23,1.4526e-05,5.9158e-05,6.1552e-19,5.9967e-14,7.6784e-10,4.1249e-11,0.00026328,8.0512e-05,5.5445e-08,4.643e-13,5.8443e-11,8.1164e-09,2.7756e-09,8.785e-07,1.6467e-05,4.8585e-09,0.0017487,0.00045721,0.075973,0.18988,0.22102,0.067425,0.0010316,0.0088197,0.089979,0.25457,0.92365,0.27692,0.52065,0.184,0.82308,0.42857,4.6598e-08,0.00017526,0.013125,0.010571,0.00026807,0.67488,0.0015511,4.8291e-07,6.6372e-08,4.8361e-08,1.3047e-07,2.7463e-12,6.2118e-07,1.0022e-05,4.5736e-06,1.3625e-05,6.5028e-05,8.2585e-09,4.9817e-20,4.37e-12,1.8521e-09,6.4886e-11,1.7731e-12,2.1346e-18,1.9543e-05,0.0018032,0.00024747,0.012901,5.8138e-08,0.00033877,0.011693,0.097905,0.94895,0.00027381,0.043943,0.026755,6.8607e-05,0.057029,0.00022996,0.083405,3.3531e-09,4.4402e-09,0.00013516,0.10011,0.21173,0.0020688,0.0056708,0.016652,0.00049718,3.7106e-06,1.3767e-10,0.73974
0.68235,0.091738,0.0017888,0.01866,8.7648e-08,3.6477e-12,0.013491,0.0033574,0.0010656,0.00010543,0.15847,0.016472,0.01995,0.0059066,0.00021356,3.5649e-09,0.20745,0.518,0.71071,0.60595,1.2628e-13,6.11e-13,1.4531e-11,2.2511e-17,3.8565e-13,1.2723e-24,1.778e-25,0,0.010554,0.1205,4.283e-08,2.5996e-11,0.10285,0.098499,1.7437e-08,1.772e-13,0.0042214,0.0018338,0.15361,0.38962,0.00079903,0.0027256,3.9966e-05,0.00037548,0.0025242,0.0056305,0.0022877,5.5437e-05,0.26809,0.22799,0.92275,0.71525,0.27091,0.76341,0.0069675,0.032841,0.57628,0.85298,0.89695,0.24352,0.54465,0.046547,0.67345,0.55799,7.1351e-05,6.1842e-05,0.3231,0.10719,0.02194,0.68146,5.806e-06,6.8099e-05,0.0080116,0.012393,0.0027867,2.5703e-05,0.0033288,0.0015231,0.54896,0.00016106,0.062678,8.0393e-06,3.647e-06,0.0011696,0.00093989,1.8469e-07,2.1261e-05,1.5077e-06,0.00038489,0.00428,0.008792,0.072868,3.1489e-06,0.00090965,0.85053,0.20865,0.58654,0.017798,0.11979,0.15111,0.15886,0.10817,0.13809,0.66386,3.0822e-05,0.00011338,0.0035323,0.889,0.98362,0.0022679,0.026974,0.0012982,0.0070039,0.011509,7.7365e-06,0.29205
1.7787e-17,2.4223e-23,5.5251e-21,5.554e-17,7.1312e-08,0.00042958,3.1582e-19,1.1951e-16,3.4075e-09,0.0011495,4.9687e-13,6.6767e-21,2.8748e-19,4.8814e-17,3.7614e-09,2.3958e-14,8.3515e-28,8.9857e-20,6.6445e-22,1.3294e-18,0.0088966,3.0918e-06,3.5768e-11,6.9563e-08,1.3645e-07,4.598e-08,4.3398e-09,0.010554,0,1.7281e-43,9.8315e-20,4.7518e-16,4.2822e-30,5.2936e-25,1.0871e-15,1.8272e-07,1.904e-10,1.2101e-11,1.4661e-07,0.0032053,4.5204e-12,6.0899e-11,1.0722e-28,3.3521e-29,3.3826e-21,3.136e-23,9.7665e-15,9.2712e-21,1.7951e-15,1.191e-19,9.1787e-19,5.0458e-16,4.2876e-15,3.8719e-16,3.6884e-12,1.4376e-12,4.0993e-19,6.528e-19,1.2796e-13,1.3916e-09,1.1297e-11,6.5139e-10,4.2802e-17,9.9494e-15,4.8236e-13,4.9858e-08,4.0709e-16,4.0811e-09,2.8156e-07,5.1537e-05,0.0046121,1.1271e-06,1.4137e-18,7.658e-21,1.1916e-17,1.7273e-19,1.9517e-18,4.3644e-14,1.5008e-27,8.2644e-20,2.2324e-26,2.1868e-22,1.6298e-19,2.3404e-21,9.7067e-18,6.9081e-12,4.2483e-11,3.2229e-20,4.4745e-17,2.1581e-15,6.7709e-09,2.1491e-10,1.9391e-09,1.4533e-14,0.0016219,0.8611,6.2755e-06,3.8657e-12,5.4004e-14,1.0649e-14,3.821e-18,7.1659e-18,8.4572e-20,2.3582e-15,2.5318e-14,1.4374e-10,3.7907e-14,1.7969e-18,0.10795,0.034683,3.8788e-07,1.4051e-10,6.33e-11,8.068e-18,2.1846e-10,0.052765
1.538e-18,1.0319e-25,1.3001e-14,1.8618e-22,1.25e-06,0.0020909,3.1374e-18,3.0477e-22,1.8338e-08,0.00019323,1.5591e-07,2.8284e-19,2.1457e-12,9.5692e-18,1.3629e-06,7.5578e-12,1.1982e-28,4.0254e-27,1.1141e-20,1.1013e-23,0.30015,0.00062049,8.6085e-07,1.0747e-06,6.5352e-06,1.1579e-08,4.9061e-06,0.1205,1.7281e-43,0,9.1292e-19,2.3061e-14,1.9997e-44,2.8444e-41,1.8311e-14,1.7146e-09,1.6258e-13,1.263e-16,4.8703e-12,4.1072e-07,2.9703e-19,1.3e-16,7.8975e-24,1.0415e-26,2.9439e-17,1.1176e-19,1.3325e-14,5.2684e-22,1.1925e-12,4.2978e-18,6.918e-22,3.0773e-20,5.5564e-13,7.488e-15,1.4361e-13,3.695e-14,9.6839e-28,5.8659e-26,1.085e-13,2.4513e-14,2.7988e-13,4.8107e-13,5.3516e-22,3.5105e-22,3.3941e-08,3.919e-09,1.2195e-21,1.0083e-14,1.8027e-08,1.4435e-06,0.017351,3.3442e-05,2.8398e-24,7.8694e-29,6.9602e-22,2.3806e-21,7.2152e-22,1.4011e-18,4.459e-43,6.2209e-28,5.5435e-40,5.0223e-29,6.4398e-16,1.4645e-27,3.9015e-11,6.3836e-11,2.7025e-06,1.2124e-12,2.0901e-10,6.1456e-12,3.3242e-06,1.9194e-06,1.4476e-06,2.0393e-08,2.6718e-06,0.80488,9.7611e-07,4.4005e-13,2.9375e-15,4.8376e-17,1.6105e-14,1.9393e-11,7.9912e-24,1.0805e-18,1.8483e-14,4.1889e-10,4.9286e-10,4.3762e-20,0.017776,2.3137e-05,5.5812e-07,8.706e-09,3.8405e-10,2.8616e-12,4.941e-07,0.34474
1.5985e-13,2.7348e-11,5.9941e-26,9.8022e-10,1.2734e-09,3.3344e-05,1.1691e-13,2.9314e-10,8.2527e-12,0.0067602,4.3963e-09,2.9658e-08,2.6535e-11,5.4214e-12,1.2972e-06,5.8116e-13,0.00031647,0.00033215,2.9028e-16,1.9278e-09,4.214e-10,5.9134e-13,1.0924e-29,2.6457e-17,5.6252e-26,7.5999e-16,1.5172e-20,4.283e-08,9.8315e-20,9.1292e-19,0,3.6847e-49,1.283e-22,7.5148e-17,1.1925e-25,8.3842e-14,3.3534e-13,2.1961e-17,2.7558e-08,1.66e-10,7.231e-17,5.0463e-17,2.7637e-24,1.8871e-23,4.0092e-21,2.0923e-18,5.8724e-13,2.5572e-21,2.4101e-11,1.3154e-11,1.7001e-08,1.2966e-07,0.0002319,2.3081e-07,4.407e-05,3.0428e-06,9.5569e-08,1.7484e-06,8.5622e-07,0.0015275,3.0878e-07,2.4985e-05,4.3961e-05,0.00018316,1.672e-14,1.6063e-07,9.427e-13,3.8767e-09,0.00024449,0.0099958,2.288e-05,9.5028e-13,2.0538e-15,1.1974e-17,5.5729e-17,7.6843e-21,2.6272e-20,3.0033e-17,2.197e-12,1.0271e-08,2.1568e-08,1.3562e-10,8.5799e-25,1.593e-20,1.542e-17,1.2248e-09,7.7667e-19,7.4131e-18,7.3735e-11,2.8871e-07,1.7194e-05,2.8014e-08,9.3677e-07,1.6548e-09,1.0501e-05,0.62895,0.010623,4.0831e-08,1.9283e-06,1.248e-06,1.3499e-08,2.6978e-07,1.9785e-12,2.5463e-08,1.9522e-09,1.4404e-09,8.7093e-07,6.5325e-07,0.00031675,9.5785e-07,0.0020603,0.00022863,1.0092e-05,8.4105e-13,5.6098e-12,0.1231
1.5479e-09,1.2019e-08,1.6492e-22,2.4937e-09,3.8686e-08,1.0806e-07,6.3379e-12,4.6269e-12,8.044e-14,8.1672e-05,9.9846e-11,2.0206e-10,1.442e-13,3.854e-14,3.3501e-09,9.1282e-18,0.0013382,0.0077033,2.4293e-10,3.5316e-06,1.8228e-06,5.1928e-10,4.7127e-30,2.8426e-30,2.5924e-22,5.5858e-20,9.6454e-23,2.5996e-11,4.7518e-16,2.3061e-14,3.6847e-49,0,2.6098e-14,2.4274e-13,3.0323e-28,2.2526e-21,5.6972e-16,2.7812e-18,5.2991e-09,7.9319e-09,5.4704e-12,1.0982e-10,9.279e-21,1.5706e-18,5.0345e-19,1.6672e-16,1.1942e-11,2.3075e-18,3.9902e-10,1.1693e-11,2.1235e-05,0.00014973,0.0003928,8.5745e-06,3.8473e-05,9.4732e-05,0.00016254,0.00049545,6.3843e-05,0.072388,6.5635e-08,7.5096e-07,0.0013143,0.00049343,2.0248e-15,1.69e-12,2.4692e-09,1.9948e-08,0.00010013,0.017146,2.6868e-06,1.3238e-14,1.6331e-09,1.2604e-10,4.2236e-10,3.3924e-14,9.6685e-15,7.5223e-15,2.4569e-08,2.8459e-05,1.3834e-06,2.0869e-08,1.4503e-19,7.0317e-15,3.6697e-17,5.4473e-12,3.2954e-21,1.0474e-16,6.5163e-14,7.6435e-09,2.4346e-08,7.7639e-09,5.8664e-12,1.5258e-11,2.2174e-07,0.33699,4.9487e-05,6.3203e-07,3.7729e-06,4.4269e-06,6.167e-10,1.7918e-06,5.6622e-08,1.9551e-05,2.2786e-07,9.3792e-09,8.2879e-06,0.00015732,0.0099794,7.4244e-07,0.00082254,1.7903e-05,1.196e-05,3.1033e-10,1.1407e-12,0.17506
