0,9.067e-30,1.5925e-24,8.6987e-21,3.5338e-10,2.1834e-16,7.0777e-25,1.6806e-19,8.299e-17,5.3596e-10,2.1843e-20,4.1799e-24,1.1229e-16,4.4202e-14,2.002e-21,3.7295e-18,3.4895e-26,2.0282e-10,3.2099e-40,1.0893e-29,2.0567e-05,0.0001464,3.3502e-24,1.9783e-18,3.5699e-17,6.669e-13,2.9071e-15,3.6353e-13,5.3814e-15,3.0274e-14,1.1644e-11,8.2917e-12,1.5261e-35,1.8523e-21,5.1743e-14,7.7299e-10,6.6425e-30,6.7772e-20,1.338e-12,4.9938e-20,3.9776e-20,2.1876e-13,7.9602e-29,1.4463e-30,2.2642e-19,9.8943e-23,1.7985e-31,9.8113e-29,1.5781e-14,6.3264e-15,1.285e-30,1.1734e-17,4.7951e-16,2.5937e-19,1.2874e-30,9.3555e-21,2.3055e-31,5.6339e-28,1.1232e-27,2.4202e-15,4.6876e-28,3.5209e-13,1.2338e-23,1.4109e-14,8.2124e-14,3.4829e-08,1.5977e-24,8.0618e-15,1.5271e-25,7.866e-18,0.0010076,1.2043e-08,7.3534e-18,4.3387e-12,3.8306e-11,1.2009e-10,5.1684e-28,3.8116e-12,3.0425e-23,5.3694e-12,5.9985e-17,3.5985e-21,1.0384e-18,4.0682e-17,9.9481e-18,2.3386e-34,0.00021815,1.6834e-17,1.1423e-15,2.3254e-26,2.2361e-10,7.2869e-14,1.0146e-08,5.2771e-13,0.075397,0.34901,8.6359e-05,5.2047e-09,4.4315e-35,8.3743e-19,4.7659e-13,1.3017e-11,1.6676e-14,1.1367e-13,1.7202e-05,2.203e-08,0.0003265,0.0010448,0.1662,0.00024575,0.048117,0.00057118,2.2665e-09,1.1656e-09,4.3168e-05,0.10703
9.067e-30,0,4.9052e-09,6.843e-21,5.0676e-22,1.5119e-13,1.7627e-15,4.3013e-28,1.2111e-17,2.6111e-06,6.7496e-17,8.17e-33,7.0608e-15,3.2935e-15,1.7262e-16,9.2848e-19,2.7548e-21,1.0365e-20,8.2871e-15,3.3034e-41,9.8906e-10,1.2035e-17,1.5862e-13,4.5864e-12,3.2855e-12,9.0237e-13,1.438e-08,7.2057e-10,1.6111e-19,4.1593e-17,5.4366e-15,4.0594e-18,7.3781e-33,4.9414e-39,3.1182e-05,1.9578e-05,2.6761e-14,3.5524e-08,6.8329e-06,4.0746e-08,2.0643e-21,2.0961e-13,3.0712e-12,2.4465e-16,1.1825e-14,1.3518e-17,1.1342e-20,6.3614e-19,2.5776e-15,4.5178e-17,4.1052e-28,4.3728e-24,5.0637e-17,9.1242e-15,6.0702e-19,2.3345e-12,6.6792e-34,3.7502e-50,4.2596e-22,3.8679e-23,2.8567e-17,5.1382e-18,1.2674e-27,1.0905e-26,0.00016877,9.0536e-10,3.4898e-11,5.3907e-09,5.5745e-23,2.0937e-23,0.00060473,8.3174e-09,1.7241e-17,8.4822e-13,1.4249e-06,1.5895e-07,5.5358e-17,1.6548e-09,9.1887e-18,4.717e-16,2.803e-24,2.7196e-25,4.4973e-17,9.3901e-25,4.5706e-20,2.6833e-28,1.0281e-06,1.4554e-17,1.2729e-10,9.0755e-16,7.2949e-10,0.00022968,1.3486e-08,0.00027704,0.15826,0.11399,0.00081835,7.0253e-07,1.2676e-30,2.7412e-13,4.1666e-13,0.0010641,1.3587e-19,3.2528e-07,4.2657e-07,5.4861e-06,7.6635e-05,0.033237,0.0096634,0.5701,0.31357,4.5161e-05,9.5263e-11,1.7377e-09,0.00023068,0.6387
1.5925e-24,4.9052e-09,0,2.0438e-20,0.00043827,2.359e-05,1.0541e-31,7.4444e-13,3.4824e-06,7.1805e-06,4.0414e-08,1.1059e-08,8.2867e-07,2.2569e-07,9.2521e-10,5.6563e-10,1.7172e-11,0.32262,1.9565e-29,1.8711e-15,4.8386e-06,0.00026508,9.8737e-47,7.7283e-24,6.0786e-18,3.1564e-10,1.8103e-15,2.6275e-23,9.7708e-06,0.056435,1.128e-18,4.2548e-24,7.0502e-17,7.9336e-09,6.0815e-29,1.0362e-18,1.5151e-14,3.072e-10,3.5689e-07,3.7746e-13,1.9791e-07,3.5472e-05,6.3205e-12,3.5655e-18,2.1945e-06,1.3961e-09,5.8895e-09,9.4682e-19,0.00053405,3.6284e-05,5.1509e-12,5.1097e-08,5.3888e-05,1.4566e-09,5.4547e-20,1.9336e-11,1.3494e-10,4.3921e-14,2.9364e-10,0.00022741,1.5034e-13,3.3755e-07,2.6027e-08,0.0001514,2.8198e-23,1.9386e-14,7.8189e-27,1.5974e-18,3.5979e-22,3.9299e-17,0.0010502,1.8826e-07,4.478e-06,0.054962,2.884e-05,0.0015642,2.6551e-17,1.6402e-12,7.5576e-10,0.027203,1.2495e-09,9.7671e-09,1.1171e-09,6.2743e-08,3.9205e-08,2.2033e-19,0.013103,4.2086e-13,1.202e-12,1.4332e-16,1.7113e-10,4.0314e-22,4.7577e-14,3.0424e-20,0.32477,0.011574,0.001294,8.6111e-05,3.6124e-15,1.0992e-05,1.3723e-08,1.234e-13,1.2955e-12,4.6921e-20,3.4933e-09,1.3031e-13,0.098129,0.00020954,0.056572,7.8228e-06,1.4015e-05,0.00025706,6.4598e-08,7.0355e-11,3.1026e-12,0.00014788
8.6987e-21,6.843e-21,2.0438e-20,0,2.1173e-11,3.8674e-21,7.3488e-21,9.9465e-43,1.1912e-17,5.408e-19,0.0026219,1.2586e-14,1.3578e-07,5.8965e-18,5.9552e-10,8.0182e-23,7.426e-11,0.040733,4.2661e-10,4.0002e-17,0.0030692,2.1279e-07,6.2646e-34,2.4259e-27,6.7986e-25,9.9934e-25,3.2154e-20,7.5372e-18,9.787e-07,0.0011155,1.6811e-14,1.0522e-20,1.2147e-24,3.2237e-20,2.6789e-23,5.1313e-18,1.2829e-10,1.2451e-06,0.00015759,1.0074e-14,4.186e-10,3.7225e-08,3.5911e-12,1.0588e-15,7.7136e-06,1.8495e-08,3.7553e-17,5.1398e-12,1.4194e-07,6.005e-08,6.8678e-15,3.2211e-12,2.6897e-14,5.0843e-14,2.2228e-18,1.6456e-12,3.3085e-26,5.1877e-25,3.0452e-17,6.4919e-15,6.1156e-17,8.311e-24,2.1493e-16,1.8739e-09,1.6861e-21,6.5858e-22,9.9867e-22,8.0501e-30,1.5479e-21,7.8747e-17,0.0034514,1.9077e-07,7.2033e-09,5.8768e-05,3.5585e-08,1.1575e-05,1.1e-12,1.2476e-09,3.5344e-21,0.00059493,1.3019e-07,8.1163e-08,3.729e-09,6.0863e-11,9.3187e-14,5.7329e-32,2.009e-08,4.2796e-16,1.4833e-22,9.5414e-29,1.9154e-16,1.6395e-10,1.9606e-30,6.4821e-15,0.4731,0.54239,0.086752,0.00031068,3.6019e-22,1.7308e-08,3.8932e-19,3.7652e-09,4.5854e-13,3.133e-09,8.5211e-11,3.1827e-15,4.4624e-06,0.00028305,0.50154,0.20459,0.40103,0.052782,5.8955e-07,9.0745e-09,1.3141e-09,0.012241
3.5338e-10,5.0676e-22,0.00043827,2.1173e-11,0,6.2091e-09,8.0997e-06,2.6651e-17,7.3374e-27,8.9543e-06,2.8487e-07,2.2719e-13,2.5695e-10,3.946e-08,2.9879e-16,1.0934e-09,7.6359e-12,4.1e-11,5.916e-05,1.4898e-18,2.7838e-07,8.1003e-15,1.8762e-07,0.00038449,4.8292e-08,3.3465e-09,1.1934e-07,0.0031857,2.2369e-10,4.7481e-08,1.4616e-06,2.2773e-08,9.3115e-11,3.1187e-14,0.20349,0.15852,0.0037252,0.086085,0.0046549,0.040568,5.7719e-07,9.7766e-06,0.054787,0.0013201,0.0008858,1.0179e-05,0.00040651,5.2967e-07,1.8956e-06,1.0407e-08,3.3139e-08,8.9393e-16,1.2319e-07,2.5334e-07,0.00018942,0.0075274,8.3394e-19,2.4302e-20,3.854e-19,8.4312e-25,1.1399e-10,8.5177e-13,8.377e-18,2.1485e-18,0.00048331,4.6693e-07,0.00026275,0.00075576,1.6393e-07,2.3852e-12,0.010793,4.0126e-05,3.2356e-06,0.00038502,0.0019447,0.0094757,1.08e-05,0.0039455,2.0036e-06,4.1656e-08,2.0655e-09,6.0191e-09,6.057e-13,1.364e-17,3.925e-08,1.2195e-08,0.00094717,3.4431e-08,2.9868e-09,5.4324e-09,6.2869e-05,0.042717,3.3359e-06,5.625e-06,0.076147,0.072769,0.39011,0.89623,2.1654e-09,3.0478e-05,1.449e-06,0.0063485,2.8229e-12,0.0011318,0.021164,0.0055384,1.299e-06,0.24858,0.15612,0.13434,0.059996,0.329,1.4966e-05,0.085074,0.80286,0.046394
2.1834e-16,1.5119e-13,2.359e-05,3.8674e-21,6.2091e-09,0,1.6328e-09,1.4211e-18,6.8107e-14,1.7471e-19,0.00060253,2.8361e-13,2.3626e-07,1.2106e-11,6.1039e-09,1.3387e-18,3.511e-08,5.7595e-05,4.6329e-09,7.7856e-13,0.19474,0.045614,2.3457e-09,1.7439e-11,4.9052e-10,3.6853e-17,4.9042e-09,8.913e-07,3.0513e-06,3.2863e-08,1.4307e-06,3.3221e-05,3.2825e-14,4.3002e-11,2.7003e-06,0.00022591,1.2224e-09,7.3964e-09,8.3735e-06,2.5905e-11,1.023e-10,2.7617e-10,3.6092e-15,1.4978e-12,8.5093e-06,3.7699e-08,3.8286e-17,2.9082e-07,0.00012352,1.4075e-05,2.7768e-09,1.8636e-07,5.7298e-08,1.0044e-06,4.4163e-10,1.6996e-08,1.1549e-16,4.6513e-13,1.8578e-10,4.0628e-09,2.2193e-11,2.2248e-11,4.6312e-12,2.9064e-08,2.7581e-06,5.6477e-05,9.9523e-10,3.2972e-10,6.8468e-10,4.0303e-07,0.0094691,3.4996e-08,1.2651e-08,4.7311e-09,6.827e-08,5.9711e-07,2.6306e-09,0.00024546,6.8359e-12,3.3783e-06,3.191e-05,1.4336e-06,6.6484e-06,6.0575e-07,1.0019e-09,7.9438e-15,0.010962,1.8516e-07,9.0838e-11,1.9194e-18,3.4895e-05,0.017084,2.091e-08,1.4769e-07,0.12726,0.0004227,0.00088034,8.9764e-05,2.6895e-13,1.5589e-05,1.4838e-12,6.9607e-06,2.4133e-05,0.0016332,0.0058835,0.00040766,0.0012497,0.054698,0.45587,0.21731,0.13932,0.56824,0.0010827,0.0010048,0.058954,0.36541
7.0777e-25,1.7627e-15,1.0541e-31,7.3488e-21,8.0997e-06,1.6328e-09,0,2.4308e-21,7.4501e-12,8.8802e-05,3.4803e-10,4.1543e-10,5.8043e-16,8.4235e-05,1.39e-07,1.2313e-08,3.3937e-09,0.014786,4.87e-18,1.3785e-13,2.8355e-05,2.9515e-07,1.2168e-22,1.1664e-08,4.7595e-13,4.0254e-08,1.9411e-06,1.8347e-10,7.9929e-09,0.013715,1.1462e-14,1.9341e-15,1.2738e-23,6.0635e-15,4.442e-14,1.5974e-06,2.4655e-13,8.5614e-07,0.0016079,1.1233e-11,4.686e-12,1.2423e-07,9.2249e-18,1.3631e-21,9.2419e-07,2.7364e-07,1.9434e-10,2.7398e-12,0.0031581,0.00028497,2.1935e-15,1.8308e-10,8.2178e-07,3.7491e-13,9.7953e-17,3.3952e-13,5.5018e-13,3.4258e-15,1.7695e-12,1.7834e-06,4.7593e-20,1.0593e-08,1.3404e-10,7.8561e-07,3.145e-14,1.3947e-09,3.5424e-24,3.0338e-13,6.7437e-22,7.695e-13,9.0543e-08,4.2322e-12,9.1562e-10,4.3201e-06,3.2193e-10,3.1627e-06,6.5468e-20,2.4896e-06,1.3497e-12,0.0031297,2.4808e-07,1.611e-08,2.5942e-07,2.8795e-10,2.0996e-08,3.1198e-19,0.00023283,4.5144e-14,1.7886e-12,1.325e-22,1.4225e-08,1.588e-13,2.4977e-14,1.1238e-19,0.50138,0.4968,0.093504,0.00033981,1.7346e-21,1.0385e-10,4.6903e-13,6.7988e-20,2.2044e-14,6.466e-23,3.1115e-11,1.2426e-15,0.00055864,3.6226e-07,0.19276,0.07919,0.72228,0.059567,1.2104e-08,5.9942e-13,1.0443e-11,1.8483e-05
1.6806e-19,4.3013e-28,7.4444e-13,9.9465e-43,2.6651e-17,1.4211e-18,2.4308e-21,0,6.1829e-24,1.5257e-20,5.4784e-07,6.5027e-29,1.3937e-14,4.4905e-23,3.3079e-12,3.8556e-22,1.1862e-12,5.1408e-07,2.8296e-10,2.0283e-28,5.7045e-07,4.674e-16,5.8022e-18,2.6413e-14,5.2878e-14,1.0609e-18,9.2881e-11,1.2046e-11,1.1491e-12,7.3664e-08,3.9916e-17,4.1646e-23,6.7167e-32,4.0155e-33,9.0095e-10,1.2614e-10,1.098e-07,0.00066475,0.011018,2.9649e-07,1.7332e-11,1.2746e-07,2.6264e-09,2.7193e-12,1.7434e-06,3.0307e-09,3.2051e-13,4.7256e-13,1.2151e-08,5.9567e-10,7.2867e-17,5.1959e-16,2.6015e-14,1.3204e-14,9.604e-14,8.2522e-09,5.6278e-25,8.0315e-33,1.5774e-21,2.3989e-23,2.8363e-22,1.5923e-37,2.1768e-21,1.2769e-21,1.3631e-12,4.2266e-20,5.7738e-18,5.373e-20,1.3635e-22,6.0781e-22,4.0175e-05,8.3673e-12,6.3656e-12,9.2834e-08,4.0138e-07,5.2453e-05,4.6957e-14,2.4957e-09,1.0501e-17,4.1877e-07,4.0448e-13,1.7603e-14,3.0464e-12,2.3806e-20,7.3767e-15,1.2828e-23,4.5266e-07,1.0399e-13,4.9534e-22,2.108e-21,9.0912e-17,1.7882e-08,3.1046e-21,1.1271e-11,0.94321,0.30554,0.073177,0.02117,1.1645e-23,5.1385e-09,8.3141e-24,3.9701e-09,8.9116e-20,1.7088e-10,1.8493e-08,3.1455e-11,4.9028e-08,0.029733,0.11184,0.75728,0.33574,0.046312,3.6505e-09,1.3486e-09,7.8214e-06,0.28279
8.299e-17,1.2111e-17,3.4824e-06,1.1912e-17,7.3374e-27,6.8107e-14,7.4501e-12,6.1829e-24,0,1.106e-20,1.8261e-06,2.2869e-17,1.32e-18,5.504e-14,1.9382e-16,3.7771e-12,3.7914e-08,2.1636e-05,3.6521e-07,2.2892e-15,9.3314e-08,1.6018e-10,1.5538e-08,2.9541e-05,1.1497e-05,1.0721e-06,9.4459e-08,1.0115e-05,7.6424e-06,9.8045e-06,0.00051444,0.00014407,1.4738e-12,2.3204e-11,0.00016755,0.014885,5.8583e-06,0.0012605,0.00027794,1.2716e-05,7.251e-09,0.00038395,3.5895e-08,4.7312e-07,2.7565e-07,5.593e-09,1.4314e-11,7.11e-09,5.2294e-10,1.5851e-08,2.6126e-16,5.4795e-13,1.3328e-11,3.099e-15,2.7395e-07,4.4741e-06,1.8951e-19,4.8112e-19,2.5787e-27,2.6614e-24,1.9069e-24,1.7355e-20,1.279e-13,2.179e-11,2.0985e-11,1.0318e-10,2.1083e-12,1.6187e-08,2.6337e-10,6.5541e-10,0.00034541,1.1836e-07,5.9354e-11,7.3388e-07,1.4578e-05,8.9892e-06,1.5827e-05,0.02639,9.9252e-09,2.9597e-06,1.5534e-05,7.1949e-08,6.7956e-10,4.5914e-12,2.4598e-09,2.5988e-11,0.00028519,3.9998e-06,1.4322e-21,1.0439e-17,3.4055e-09,6.5201e-07,5.2706e-14,2.5045e-15,0.13545,0.1293,0.59103,0.20381,2.2265e-14,1.914e-09,1.4323e-11,7.296e-10,1.4036e-10,1.1523e-06,0.062092,4.2519e-05,8.1918e-10,0.066336,0.42086,0.76074,0.00012377,0.64597,3.3028e-06,0.0071668,0.12856,0.089267
5.3596e-10,2.6111e-06,7.1805e-06,5.408e-19,8.9543e-06,1.7471e-19,8.8802e-05,1.5257e-20,1.106e-20,0,0.027938,1.1979e-15,1.1899e-06,1.4083e-26,1.9238e-11,5.6867e-19,2.3001e-06,0.020923,1.8474e-05,9.5787e-09,0.00035422,0.0012172,1.7113e-07,9.4641e-10,0.00010084,3.6874e-08,1.7324e-10,1.4142e-10,0.0028165,2.4013e-05,0.00012353,9.0073e-05,5.1953e-09,4.849e-07,3.9019e-09,1.3618e-08,1.5477e-06,3.8265e-06,0.00010791,3.1464e-07,2.2054e-05,0.0021802,5.5207e-09,3.8531e-06,6.995e-06,1.1415e-07,5.185e-13,1.301e-07,1.8619e-08,1.7344e-07,4.5102e-09,1.1168e-06,2.0073e-11,3.377e-08,2.6897e-07,2.2566e-05,3.6471e-12,9.2433e-12,1.1071e-14,1.1493e-11,1.7112e-15,2.0568e-22,1.33e-08,1.6285e-06,8.2276e-13,3.4231e-12,3.5439e-11,4.9834e-12,2.4916e-06,6.3196e-06,0.0021994,1.5867e-07,3.2972e-07,6.6451e-05,0.00037545,1.5926e-06,1.0329e-05,5.9845e-05,7.5584e-09,0.00092733,0.00013523,8.4145e-06,2.2128e-07,1.3103e-05,1.0857e-07,7.4674e-09,0.026861,0.020628,1.385e-20,9.5729e-13,2.5427e-09,1.4317e-06,9.0301e-13,3.1047e-10,0.97783,0.011565,0.019546,0.0093495,6.8964e-11,0.00021383,5.4419e-15,4.1494e-06,8.1434e-06,0.0012721,0.16692,0.00070699,1.6401e-07,0.43063,0.20949,0.01251,0.16204,0.37829,1.3621e-05,0.0040501,0.14709,0.087542
2.1843e-20,6.7496e-17,4.0414e-08,0.0026219,2.8487e-07,0.00060253,3.4803e-10,5.4784e-07,1.8261e-06,0.027938,0,1.4347e-17,1.1466e-21,1.4134e-08,5.3552e-16,1.1492e-06,2.0179e-26,1.5654e-13,2.9079e-18,2.1434e-18,9.0825e-07,7.9625e-07,6.406e-07,0.003001,0.00011809,0.0016338,0.00019793,4.5434e-05,1.7307e-18,3.1079e-13,1.4991e-08,3.7042e-08,7.9914e-18,1.4782e-13,0.005947,0.015504,7.6584e-14,3.5924e-06,0.00073063,0.00015295,2.684e-14,1.7147e-10,4.949e-08,5.2315e-10,6.6962e-10,3.8092e-10,4.8221e-08,3.4498e-15,4.5312e-07,1.1558e-09,9.0827e-11,1.9346e-07,0.0012991,6.4985e-05,5.3275e-09,1.6721e-05,2.0577e-13,4.7371e-13,3.0417e-11,1.3782e-06,8.9744e-18,3.9253e-05,2.6296e-19,1.2333e-13,0.00075803,0.0058309,4.0867e-06,0.028064,7.3886e-14,1.4841e-09,0.016554,2.8207e-08,1.709e-11,7.0102e-08,0.00052823,0.00034603,2.9526e-15,3.7889e-09,1.6114e-07,2.1928e-11,3.4208e-19,1.4706e-20,5.8037e-13,9.9902e-15,8.26e-06,8.2665e-11,0.52085,4.0405e-10,0.00038894,2.9324e-07,0.057431,0.0016912,0.31655,0.0029701,0.8974,0.011854,0.00044819,2.388e-05,1.6209e-10,6.0115e-06,0.00038392,0.0016174,5.9605e-12,1.7549e-08,0.0014948,0.0010141,0.016417,0.034127,0.026769,0.011668,0.0051923,7.8435e-05,2.1961e-05,1.5785e-06,0.052966,0.99184
4.1799e-24,8.17e-33,1.1059e-08,1.2586e-14,2.2719e-13,2.8361e-13,4.1543e-10,6.5027e-29,2.2869e-17,1.1979e-15,1.4347e-17,0,6.3231e-22,9.8415e-43,8.9998e-28,2.509e-30,4.0955e-19,5.3022e-23,7.2409e-20,1.0564e-43,9.0247e-14,4.2663e-12,3.8699e-08,4.5131e-12,9.8661e-06,1.0433e-11,1.1367e-08,1.3321e-09,2.586e-26,2.5735e-26,4.0132e-18,1.2702e-16,7.0384e-27,7.4825e-28,0.00089617,1.355e-05,3.3941e-15,1.6268e-10,1.4984e-08,9.4932e-06,4.313e-20,1.5455e-10,2.3775e-09,4.7315e-11,7.8361e-14,3.3586e-16,9.6258e-16,1.4723e-17,2.2936e-15,2.6166e-16,2.7858e-21,1.2923e-18,6.5748e-13,8.2924e-08,5.8858e-14,2.6142e-07,5.1368e-16,4.3743e-32,1.865e-17,4.6917e-16,3.5166e-19,7.618e-26,1.0418e-26,1.2448e-39,0.00022808,5.7513e-11,1.1724e-07,3.4032e-05,2.3717e-13,3.5872e-13,0.00026899,6.5829e-11,5.7602e-23,8.6785e-16,5.7345e-08,3.4294e-10,6.0695e-19,1.3142e-10,1.472e-16,6.0621e-21,2.0417e-38,1.388e-40,7.9653e-30,3.2163e-33,3.2736e-23,8.8215e-21,0.00013969,2.3988e-07,4.2451e-11,1.3412e-08,8.0471e-07,0.00042134,5.8651e-05,0.00053621,0.027739,0.35568,6.4779e-10,2.2451e-07,1.1273e-22,1.1587e-07,1.2654e-14,0.00057015,1.7761e-15,6.4884e-05,0.084208,0.06949,0.0013128,0.98284,0.017864,0.0012577,0.00098368,2.1496e-07,3.5339e-08,1.2429e-05,0.34711,0.040187
1.1229e-16,7.0608e-15,8.2867e-07,1.3578e-07,2.5695e-10,2.3626e-07,5.8043e-16,1.3937e-14,1.32e-18,1.1899e-06,1.1466e-21,6.3231e-22,0,3.7453e-11,2.9355e-18,6.0877e-09,1.0743e-12,1.6259e-10,1.9181e-13,1.7765e-14,0.00021712,6.4279e-07,2.3308e-05,0.1861,0.00075542,0.00014416,0.0029423,0.017418,4.9214e-19,5.816e-10,5.4765e-08,6.5349e-06,9.3937e-17,3.0536e-12,0.010101,0.15774,4.9823e-10,0.00078389,0.0093221,0.0010828,1.4298e-11,4.482e-07,1.9273e-06,6.8303e-07,7.1276e-09,1.4035e-09,9.9581e-08,8.7188e-10,4.3184e-07,3.7284e-09,9.8214e-11,1.1096e-08,0.00020136,2.2847e-07,4.7181e-08,1.972e-06,1.8292e-11,4.8074e-14,1.2308e-14,2.2115e-09,1.4465e-26,9.6102e-14,4.5599e-16,1.3648e-16,5.4693e-06,6.3789e-05,2.524e-05,0.11409,2.1782e-08,7.8347e-07,0.016326,1.4855e-08,6.1625e-13,2.0518e-10,9.7643e-06,3.8053e-05,4.8792e-10,0.018298,8.3656e-14,2.1474e-10,5.1708e-14,3.6188e-14,4.8382e-13,3.0147e-17,4.051e-12,5.1074e-11,0.00015623,2.9107e-08,9.6867e-08,1.6976e-11,0.024093,0.0031821,0.0029447,7.6076e-06,0.075696,0.6403,0.0075511,0.0022883,6.33e-11,2.4891e-06,1.3221e-05,4.6719e-05,2.9972e-06,0.00010773,0.043073,0.0017384,0.0087179,0.0072964,0.44459,0.29344,0.55485,0.046283,0.00039918,0.00098298,0.21046,0.39437
4.4202e-14,3.2935e-15,2.2569e-07,5.8965e-18,3.946e-08,1.2106e-11,8.4235e-05,4.4905e-23,5.504e-14,1.4083e-26,1.4134e-08,9.8415e-43,3.7453e-11,0,6.1172e-23,3.1474e-34,1.1606e-13,1.4352e-08,4.2396e-11,1.4125e-19,3.5927e-10,4.3096e-07,8.332e-09,5.9795e-15,9.6491e-06,3.8231e-14,1.0549e-13,3.3119e-15,2.4864e-12,2.2088e-14,9.4e-14,1.5469e-14,5.9894e-16,2.0143e-14,2.1439e-07,8.7024e-10,9.9894e-13,7.2266e-09,1.2099e-08,1.3548e-05,4.3924e-11,1.369e-05,5.6128e-07,4.3505e-08,9.808e-07,4.4432e-10,1.9685e-11,2.3131e-12,5.8273e-11,1.6831e-11,8.3154e-14,2.2289e-09,4.866e-09,0.001297,9.6083e-11,2.5847e-05,3.4247e-12,1.2019e-18,1.1697e-13,7.0422e-11,1.1379e-13,5.677e-23,4.0044e-17,4.4811e-16,3.6804e-07,1.2884e-14,1.2749e-07,2.8445e-08,2.2871e-08,2.4027e-08,0.0088205,6.4146e-09,1.8115e-14,2.1597e-09,2.7026e-06,6.2422e-08,3.3555e-11,4.508e-09,6.6959e-12,7.1727e-13,3.1818e-19,2.2059e-20,6.5977e-20,1.3639e-18,1.1924e-15,1.2336e-17,0.0009768,4.2919e-05,1.7779e-14,4.6099e-08,2.3565e-07,0.00067685,4.2631e-07,0.00080346,0.022817,0.94471,3.7321e-08,8.2167e-05,1.1689e-11,0.0066745,1.1384e-13,0.012509,1.0185e-08,0.0020645,0.15419,0.024683,0.001895,0.30503,0.8861,1.5449e-05,0.029746,0.00067345,4.2649e-06,0.0012706,0.68522,0.010704
2.002e-21,1.7262e-16,9.2521e-10,5.9552e-10,2.9879e-16,6.1039e-09,1.39e-07,3.3079e-12,1.9382e-16,1.9238e-11,5.3552e-16,8.9998e-28,2.9355e-18,6.1172e-23,0,4.9168e-35,1.2608e-20,6.3349e-14,4.4643e-21,3.0166e-25,2.5069e-14,1.3135e-06,1.5101e-09,6.3365e-08,1.2534e-06,1.2456e-10,6.2723e-12,1.4775e-07,1.7036e-25,4.4404e-21,6.1098e-16,1.4311e-10,3.8897e-17,5.1896e-14,0.00085854,0.0030613,1.7381e-17,1.4191e-12,2.225e-12,6.1974e-06,7.6352e-17,1.1713e-13,1.2133e-07,1.6099e-13,2.2514e-10,1.1509e-16,7.1065e-09,1.2698e-21,3.9239e-11,1.6719e-16,7.1735e-14,8.6835e-19,1.0572e-07,1.0868e-05,2.4603e-09,4.9526e-08,8.609e-14,7.1302e-19,3.454e-15,1.0758e-12,2.5445e-10,1.991e-09,3.9475e-23,6.2123e-25,0.00062587,0.00031461,0.0012622,0.061215,5.0505e-07,8.2434e-06,5.4016e-05,2.862e-09,1.0449e-25,2.2084e-16,1.0296e-12,5.4184e-16,1.2596e-19,6.4614e-07,2.8488e-09,4.6586e-21,2.6003e-26,2.3393e-25,1.3833e-56,3.9855e-34,9.4543e-20,2.7411e-17,0.0011153,2.1782e-05,6.0764e-10,1.5087e-10,0.013057,0.00046968,0.016528,6.076e-05,0.00034176,0.86106,8.177e-10,0.00015199,2.6568e-11,3.4622e-06,3.1752e-07,0.028146,5.8799e-08,0.002012,0.50716,0.5826,0.0033824,0.75395,0.69273,0.0001049,0.017561,0.0079227,5.072e-07,0.012193,0.10364,1.3164e-05
3.7295e-18,9.2848e-19,5.6563e-10,8.0182e-23,1.0934e-09,1.3387e-18,1.2313e-08,3.8556e-22,3.7771e-12,5.6867e-19,1.1492e-06,2.509e-30,6.0877e-09,3.1474e-34,4.9168e-35,0,1.4325e-16,6.0671e-10,3.5744e-15,4.5068e-28,4.8327e-10,1.4684e-06,8.3748e-13,5.1734e-18,6.2327e-10,2.3881e-17,4.0624e-16,1.8304e-14,8.4374e-19,6.7179e-19,4.7184e-20,4.2542e-16,6.5287e-23,3.9743e-20,4.9805e-07,1.165e-08,4.1187e-17,6.8415e-16,1.0272e-11,2.3472e-10,1.6394e-15,4.3836e-11,4.1146e-09,2.1943e-13,1.8112e-06,1.0654e-10,5.3954e-14,1.2594e-14,5.3677e-07,5.3769e-11,5.0556e-13,1.4386e-14,3.2464e-12,6.443e-05,8.0327e-14,6.9187e-09,3.088e-15,2.9212e-24,7.6368e-11,2.8586e-10,2.617e-08,2.0373e-13,1.4669e-22,7.6695e-22,0.0004027,3.0337e-06,1.7876e-06,5.2824e-07,8.377e-10,5.8724e-08,5.1585e-05,1.2162e-09,3.0016e-20,1.616e-15,5.9894e-10,4.0396e-13,5.6057e-19,3.1048e-09,2.877e-13,2.3929e-15,5.0397e-22,6.8687e-25,6.1875e-36,4.8246e-29,6.1566e-18,7.3018e-24,2.415e-06,7.0786e-08,3.0051e-12,3.4063e-13,6.6096e-07,0.001774,1.4482e-06,0.00092799,0.003606,0.11187,9.9053e-08,8.29e-05,1.9553e-14,0.00020299,3.1635e-14,0.050166,2.373e-08,0.002659,0.1044,0.033539,0.026385,0.80462,0.47928,1.0321e-05,0.082425,0.03319,5.3087e-06,0.0037858,0.55366,0.041249
3.4895e-26,2.7548e-21,1.7172e-11,7.426e-11,7.6359e-12,3.511e-08,3.3937e-09,1.1862e-12,3.7914e-08,2.3001e-06,2.0179e-26,4.0955e-19,1.0743e-12,1.1606e-13,1.2608e-20,1.4325e-16,0,5.0657e-15,3.192e-17,8.4504e-26,6.431e-05,9.2738e-08,1.0375e-13,1.9999e-09,7.1039e-13,3.8041e-09,8.5742e-14,1.3768e-10,1.9681e-29,4.5666e-20,6.2713e-18,3.4171e-16,1.057e-26,1.8125e-22,4.2352e-09,3.8301e-09,4.2016e-18,2.7639e-11,8.4727e-08,1.2894e-10,7.3933e-14,1.8185e-13,4.0471e-10,3.6458e-15,3.6539e-14,2.5428e-17,3.2285e-13,2.7862e-22,1.1939e-11,1.7865e-18,1.5962e-16,1.6276e-13,2.2547e-10,1.4861e-07,1.8716e-15,3.3804e-10,7.5096e-34,4.0019e-27,2.4596e-17,5.9975e-13,8.9277e-15,4.7222e-10,5.0725e-34,5.7005e-19,2.0299e-06,2.5521e-05,1.7798e-10,1.0639e-06,7.321e-15,3.138e-14,0.17484,3.8359e-05,2.5436e-13,6.3842e-09,0.0009543,9.9261e-05,2.3489e-20,4.9328e-10,1.4479e-23,5.135e-17,1.0226e-24,5.7545e-23,7.627e-20,2.8644e-20,6.1187e-09,1.2094e-18,0.013234,6.7397e-12,1.0697e-07,6.6868e-14,3.3645e-05,0.00022525,0.00086362,0.0010606,0.98081,0.096142,3.0172e-05,3.2336e-06,3.286e-15,2.1418e-08,7.22e-08,0.012661,3.2076e-16,5.2764e-10,1.9263e-05,9.3235e-07,0.005349,0.0029541,0.67076,0.00094738,0.041039,5.9337e-05,3.5182e-06,3.0125e-06,0.0097521,0.74798
2.0282e-10,1.0365e-20,0.32262,0.040733,4.1e-11,5.7595e-05,0.014786,5.1408e-07,2.1636e-05,0.020923,1.5654e-13,5.3022e-23,1.6259e-10,1.4352e-08,6.3349e-14,6.0671e-10,5.0657e-15,0,8.8805e-09,2.1312e-21,9.0869e-08,2.9306e-07,0.28488,0.033313,0.012605,1.3289e-05,0.003133,0.07872,2.9574e-27,3.4465e-36,5.9919e-09,1.6529e-06,1.5301e-14,7.6164e-19,0.71451,0.14725,3.7989e-10,4.0625e-07,1.0915e-06,0.034287,1.5961e-11,6.8168e-09,0.00019886,2.8702e-05,8.2172e-12,2.8992e-10,6.5259e-08,6.8632e-09,6.5336e-11,7.4497e-13,2.9505e-11,7.3972e-14,8.1785e-08,0.00034655,7.773e-07,0.0002128,1.0445e-08,7.0416e-15,1.1142e-06,1.5988e-07,6.1873e-05,1.8202e-07,1.1922e-14,1.4573e-29,0.38317,0.11253,0.34992,0.81788,1.7261e-05,1.8695e-06,0.17069,0.00097996,3.2594e-16,2.8105e-16,0.00074334,7.7487e-06,4.5693e-13,1.8457e-05,1.8574e-08,2.5137e-30,2.6665e-29,6.9725e-32,2.8572e-17,2.3453e-24,6.2175e-15,1.2944e-07,0.00011919,0.00015489,0.027207,0.08038,0.18857,0.71152,0.34882,0.35597,0.0074883,0.33872,1.9523e-08,2.103e-05,1.4583e-10,2.3747e-05,0.0012089,0.46773,7.8291e-07,0.39205,0.98019,0.58235,0.33088,0.39045,0.020974,0.0099586,0.00095235,6.8048e-05,0.00022342,0.006942,0.17651,0.0049805
3.2099e-40,8.2871e-15,1.9565e-29,4.2661e-10,5.916e-05,4.6329e-09,4.87e-18,2.8296e-10,3.6521e-07,1.8474e-05,2.9079e-18,7.2409e-20,1.9181e-13,4.2396e-11,4.4643e-21,3.5744e-15,3.192e-17,8.8805e-09,0,2.2252e-28,3.6656e-07,0.0025946,5.5721e-18,1.7625e-14,1.2356e-10,8.1063e-10,1.2116e-10,1.9302e-11,1.5027e-15,5.0582e-12,1.0757e-15,1.8211e-13,5.4976e-24,3.3091e-13,3.7085e-10,6.6584e-08,8.0745e-25,6.4023e-17,1.4815e-14,5.816e-12,6.8783e-13,5.9169e-10,1.5208e-17,6.789e-23,2.5174e-13,2.6239e-17,6.6769e-14,5.392e-25,5.8999e-08,5.2789e-10,3.425e-18,3.4055e-11,4.6559e-07,2.5427e-09,7.74e-22,2.9503e-15,7.5227e-11,3.0044e-15,2.8011e-10,4.6952e-05,1.0573e-13,4.987e-06,1.536e-13,2.0741e-11,1.295e-08,5.0563e-05,4.3665e-13,7.9661e-07,2.8365e-18,8.2387e-11,0.0015677,1.3682e-08,1.1519e-15,1.3593e-10,3.3743e-10,9.2217e-08,3.4944e-27,2.6002e-13,1.4532e-10,1.7681e-11,5.6636e-22,8.2582e-23,4.3565e-22,2.3474e-16,1.7202e-16,7.1764e-21,0.0019639,1.2351e-11,2.2758e-10,3.7436e-13,2.8758e-06,3.1472e-12,0.0003979,8.5839e-10,0.0016604,0.60608,1.1692e-09,2.821e-09,1.02e-19,2.88e-10,6.3953e-07,7.662e-08,1.0482e-08,1.3586e-09,0.0069866,0.00055951,0.55692,0.12544,0.026322,1.1424e-08,1.9453e-08,2.0097e-06,3.0857e-08,1.0693e-09,0.013049,0.58871
1.0893e-29,3.3034e-41,1.8711e-15,4.0002e-17,1.4898e-18,7.7856e-13,1.3785e-13,2.0283e-28,2.2892e-15,9.5787e-09,2.1434e-18,1.0564e-43,1.7765e-14,1.4125e-19,3.0166e-25,4.5068e-28,8.4504e-26,2.1312e-21,2.2252e-28,0,1.0999e-14,2.9203e-16,4.3342e-16,1.8881e-17,9.2883e-12,1.3149e-14,1.9598e-11,3.4044e-12,4.8065e-26,7.2161e-22,5.087e-24,2.9045e-25,2.4208e-38,9.845e-39,1.001e-05,1.0091e-08,6.63e-15,1.5152e-11,6.0265e-09,9.4099e-09,2e-17,2.6979e-13,1.8759e-09,2.6646e-14,9.6737e-14,8.4707e-18,1.9103e-15,9.0643e-25,2.8085e-12,4.1048e-16,1.3373e-21,9.9991e-21,1.2271e-13,1.6937e-10,3.3303e-20,2.6429e-10,5.4162e-24,3.4671e-50,4.2875e-18,4.236e-18,2.6568e-15,2.886e-18,1.3044e-27,8.0703e-37,8.6685e-05,3.607e-09,1.1177e-11,5.1692e-09,8.4397e-26,4.2599e-26,0.00072328,2.2491e-10,1.6416e-18,1.5066e-12,1.7547e-06,1.1745e-06,5.9665e-24,4.8937e-16,5.8912e-14,7.191e-18,6.0643e-41,4.7332e-41,1.6273e-30,4.5163e-38,4.5644e-20,2.4341e-23,3.2455e-05,3.4332e-16,4.9454e-13,2.2503e-14,1.3283e-09,6.0772e-06,6.8579e-07,3.5884e-05,0.14881,0.027882,5.2863e-07,9.7302e-06,1.9366e-24,2.4243e-09,2.3202e-13,0.00066867,4.1472e-20,1.8541e-07,0.00012242,0.00033598,0.043131,0.21818,5.2087e-05,0.01534,0.00018637,3.6127e-06,2.9583e-09,6.0774e-08,0.010658,0.53547
2.0567e-05,9.8906e-10,4.8386e-06,0.0030692,2.7838e-07,0.19474,2.8355e-05,5.7045e-07,9.3314e-08,0.00035422,9.0825e-07,9.0247e-14,0.00021712,3.5927e-10,2.5069e-14,4.8327e-10,6.431e-05,9.0869e-08,3.6656e-07,1.0999e-14,0,6.917e-22,0.00037654,5.2963e-05,0.33471,0.0037887,0.016975,1.241e-08,3.471e-07,6.5751e-05,3.2571e-13,1.9229e-13,8.7572e-06,1.7108e-06,0.28542,0.24058,0.00044586,0.0014806,0.0023707,0.51854,3.527e-07,0.00088952,0.0049012,1.9061e-05,2.4445e-06,4.4106e-07,0.007353,3.5555e-10,3.0673e-05,4.7394e-07,3.5732e-08,1.6726e-09,0.021711,0.01216,0.0032928,0.025885,0.0015118,8.1909e-11,3.4732e-05,5.5187e-05,0.0034614,6.6086e-05,5.0095e-06,2.2865e-09,0.30387,7.3687e-06,0.020826,0.24466,3.1852e-05,3.3259e-06,5.609e-11,4.916e-14,5.3635e-11,8.1369e-06,0.00048672,1.5292e-06,4.0624e-06,7.1329e-05,0.33595,1.0047e-06,1.8608e-16,6.7211e-15,2.845e-15,1.0292e-16,1.5497e-05,2.3507e-05,0.42273,0.0025346,0.0024517,0.089119,0.0099715,0.0026945,0.009816,0.045229,0.10714,2.6821e-06,3.4976e-05,0.011216,4.8852e-07,0.0043681,3.01e-05,0.34488,6.0157e-09,0.00013451,0.44045,0.62974,0.11066,0.42872,0.2263,0.0038067,5.2098e-05,3.777e-05,1.2391e-10,0.0025926,0.46243,0.009948
0.0001464,1.2035e-17,0.00026508,2.1279e-07,8.1003e-15,0.045614,2.9515e-07,4.674e-16,1.6018e-10,0.0012172,7.9625e-07,4.2663e-12,6.4279e-07,4.3096e-07,1.3135e-06,1.4684e-06,9.2738e-08,2.9306e-07,0.0025946,2.9203e-16,6.917e-22,0,1.1904e-05,0.00058883,0.0065672,0.0007315,0.018882,1.7698e-05,1.6209e-09,0.0017517,1.6679e-12,6.8105e-17,8.0024e-10,5.0942e-13,0.1085,0.039484,0.17945,0.60169,0.5557,0.84401,0.00068346,0.018708,0.23471,0.011434,0.00044028,7.4254e-05,0.031018,1.3072e-05,1.4136e-05,3.9355e-07,1.5496e-07,3.9135e-09,0.000249,8.2935e-05,0.015861,0.20122,1.715e-09,5.9321e-18,2.0322e-10,3.8333e-14,1.1213e-05,7.4865e-11,2.8624e-08,2.3934e-10,0.018315,8.4675e-12,0.00027741,0.0014631,3.6201e-09,3.9551e-13,5.0461e-06,2.4599e-14,7.8636e-05,0.0065639,0.15941,0.24981,0.00023803,4.1431e-05,0.0022355,2.1016e-05,3.0189e-12,1.0847e-09,3.061e-09,2.6989e-16,0.00090326,1.1413e-05,0.045523,0.00014837,0.00017106,0.0010313,3.4124e-05,0.016595,6.3734e-08,0.0055727,0.21777,1.2386e-08,0.73901,0.92546,8.6265e-08,0.0016977,7.5217e-07,0.10103,1.4122e-12,3.2735e-05,1.4785e-05,7.7453e-05,0.00042557,0.28388,0.0025717,0.034969,0.98389,0.013797,1.1676e-06,0.00013063,0.15273,0.58793
3.3502e-24,1.5862e-13,9.8737e-47,6.2646e-34,1.8762e-07,2.3457e-09,1.2168e-22,5.8022e-18,1.5538e-08,1.7113e-07,6.406e-07,3.8699e-08,2.3308e-05,8.332e-09,1.5101e-09,8.3748e-13,1.0375e-13,0.28488,5.5721e-18,4.3342e-16,0.00037654,1.1904e-05,0,6.627e-32,1.6027e-30,2.8371e-16,1.1043e-25,1.7004e-27,4.9462e-06,0.025105,3.262e-17,6.3733e-26,2.6507e-24,5.5365e-14,1.9264e-33,6.6997e-22,1.1769e-13,1.2953e-08,1.084e-05,4.3399e-16,8.8891e-07,1.4984e-07,4.3846e-11,2.5048e-18,8.1772e-05,2.1437e-08,2.0509e-11,1.5898e-15,5.0653e-05,2.8878e-06,4.4143e-13,5.7781e-10,1.7058e-07,1.5074e-12,9.5234e-22,3.6045e-14,1.0647e-19,1.4278e-18,2.4716e-13,7.3887e-09,2.0766e-15,1.2606e-10,7.0034e-11,0.00014715,4.7376e-27,1.114e-17,7.3199e-33,6.5156e-32,2.5614e-25,8.3073e-18,0.019841,5.3364e-06,2.7526e-05,0.028146,2.4705e-05,0.0018917,1.0277e-14,1.5962e-12,4.7009e-17,0.0079212,2.3485e-07,2.132e-07,3.4671e-09,8.2923e-08,6.3641e-08,5.4709e-24,0.00010509,7.5483e-21,1.8413e-14,1.3944e-22,2.1712e-16,6.6714e-22,5.5695e-21,2.1461e-19,0.62915,0.20965,0.11251,0.00020606,3.4312e-18,1.5732e-08,3.3249e-10,1.7415e-11,1.7835e-16,1.2478e-16,8.9393e-17,2.8635e-21,0.0012944,2.1004e-05,0.013532,0.035593,0.063595,0.0086256,1.3144e-10,1.6299e-10,3.3242e-15,2.2599e-07
1.9783e-18,4.5864e-12,7.7283e-24,2.4259e-27,0.00038449,1.7439e-11,1.1664e-08,2.6413e-14,2.9541e-05,9.4641e-10,0.003001,4.5131e-12,0.1861,5.9795e-15,6.3365e-08,5.1734e-18,1.9999e-09,0.033313,1.7625e-14,1.8881e-17,5.2963e-05,0.00058883,6.627e-32,0,2.9857e-19,2.0856e-18,4.0811e-24,7.0734e-28,0.00029569,1.8236e-05,2.6552e-14,2.224e-20,2.1635e-15,4.9972e-11,6.98e-21,2.4745e-23,2.5834e-12,5.0079e-12,8.4971e-11,1.6876e-15,8.7297e-08,5.2179e-06,1.0092e-11,1.1181e-13,4.9926e-05,3.8865e-07,1.0518e-15,1.3939e-12,5.1197e-05,2.2664e-05,3.6673e-11,3.1981e-07,1.0748e-08,1.7423e-06,1.1132e-18,1.3869e-10,4.1132e-13,7.3296e-17,8.7645e-08,5.8163e-05,1.1504e-06,1.8048e-09,6.1719e-08,1.5678e-05,4.835e-12,4.1872e-12,3.5139e-17,1.1783e-22,1.5242e-15,1.0737e-14,0.11638,0.0010329,1.738e-06,0.0012512,1.2806e-05,2.1633e-05,1.6902e-12,3.5856e-14,5.5792e-12,1.7224e-05,5.5548e-09,3.3504e-10,3.6534e-09,2.2127e-07,9.6215e-11,2.3913e-22,0.00030888,3.4281e-10,1.0037e-09,1.0233e-10,1.8503e-09,1.0565e-10,2.7502e-12,7.2967e-07,0.12781,0.98997,1.8321e-05,1.6809e-06,4.3366e-15,0.0005273,1.066e-10,0.00019634,2.5118e-09,6.1092e-06,4.2322e-07,5.1051e-07,0.082322,0.4512,0.05935,8.3122e-05,0.00027226,0.00016896,2.7463e-05,9.1082e-08,2.8929e-07,0.056104
3.5699e-17,3.2855e-12,6.0786e-18,6.7986e-25,4.8292e-08,4.9052e-10,4.7595e-13,5.2878e-14,1.1497e-05,0.00010084,0.00011809,9.8661e-06,0.00075542,9.6491e-06,1.2534e-06,6.2327e-10,7.1039e-13,0.012605,1.2356e-10,9.2883e-12,0.33471,0.0065672,1.6027e-30,2.9857e-19,0,1.7401e-32,7.4353e-40,4.2671e-19,8.5481e-09,2.9412e-06,4.491e-15,1.1247e-16,3.6324e-27,6.6852e-16,2.1509e-26,7.8308e-24,1.0124e-14,5.7401e-08,1.3155e-11,3.5607e-25,1.3569e-10,1.4024e-12,1.4252e-11,5.8861e-20,8.6598e-05,1.251e-06,1.1691e-12,1.4107e-11,0.0013035,0.00015502,1.7866e-10,1.1938e-09,4.4814e-07,4.6633e-07,7.3055e-23,3.3357e-14,2.4395e-15,8.3221e-13,9.3153e-09,1.5138e-05,5.2284e-08,2.1388e-06,6.7805e-07,3.1373e-05,5.4676e-20,3.6342e-09,4.8655e-18,6.311e-23,5.5904e-18,6.9756e-13,0.7563,0.15322,1.9863e-06,0.00015452,1.2969e-07,0.00087817,2.5099e-16,5.8865e-08,1.7375e-18,1.4873e-06,2.1576e-07,9.0166e-08,6.6687e-08,5.4169e-08,8.008e-14,1.0662e-26,6.6977e-12,5.4455e-18,1.4259e-13,3.0486e-19,5.081e-07,0.00023332,2.2037e-09,2.3994e-07,0.0038392,0.35076,0.00147,2.3317e-06,3.794e-12,0.00038648,5.1729e-12,3.0679e-05,1.0112e-11,8.4101e-06,3.8257e-08,5.4722e-16,0.073145,0.00027297,0.48849,0.0039353,0.25328,0.26589,9.2019e-05,1.9457e-06,1.3506e-06,0.00040003
6.669e-13,9.0237e-13,3.1564e-10,9.9934e-25,3.3465e-09,3.6853e-17,4.0254e-08,1.0609e-18,1.0721e-06,3.6874e-08,0.0016338,1.0433e-11,0.00014416,3.8231e-14,1.2456e-10,2.3881e-17,3.8041e-09,1.3289e-05,8.1063e-10,1.3149e-14,0.0037887,0.0007315,2.8371e-16,2.0856e-18,1.7401e-32,0,1.974e-27,9.6339e-18,6.9599e-11,1.142e-09,1.7885e-20,6.8338e-19,3.1525e-22,6.1309e-15,3.2323e-13,2.1249e-14,1.4442e-12,3.1585e-09,2.2551e-11,1.8807e-15,2.2801e-12,7.8052e-11,4.2519e-08,1.6691e-15,0.00019184,1.4094e-06,5.3658e-10,1.204e-11,0.00030513,2.868e-05,1.0061e-08,5.9878e-08,1.4196e-05,0.0022726,3.0109e-15,2.382e-09,1.3393e-10,1.3538e-13,4.4131e-06,0.00011338,9.1036e-05,1.5343e-07,5.3051e-08,7.5932e-10,6.3483e-08,8.235e-08,2.0093e-08,2.8551e-12,3.4068e-12,2.5322e-10,0.30682,0.00050852,5.9093e-10,2.083e-07,5.6768e-09,8.5292e-07,4.7654e-15,4.8054e-07,2.0754e-12,5.9061e-11,1.4709e-12,7.8353e-13,3.784e-11,3.064e-12,3.7715e-20,2.1743e-23,1.3935e-08,1.9556e-11,6.0668e-14,8.1395e-15,0.0031484,0.093835,4.8629e-07,0.00013283,0.00048381,0.41006,7.5707e-09,6.417e-08,6.8532e-10,0.010533,6.1751e-13,0.013792,1.7027e-07,0.01175,0.00076472,1.3415e-06,0.12519,0.39453,0.38574,0.00070002,0.028579,0.031821,0.0016397,0.0004008,0.044043,0.83105
2.9071e-15,1.438e-08,1.8103e-15,3.2154e-20,1.1934e-07,4.9042e-09,1.9411e-06,9.2881e-11,9.4459e-08,1.7324e-10,0.00019793,1.1367e-08,0.0029423,1.0549e-13,6.2723e-12,4.0624e-16,8.5742e-14,0.003133,1.2116e-10,1.9598e-11,0.016975,0.018882,1.1043e-25,4.0811e-24,7.4353e-40,1.974e-27,0,5.4798e-31,1.993e-07,1.5152e-09,1.927e-11,1.3338e-13,6.6809e-19,5.0372e-09,1.1775e-25,1.2499e-25,8.036e-17,2.0836e-13,7.4826e-22,7.9211e-24,7.8529e-09,2.7009e-08,4.1439e-10,1.8416e-13,0.0011129,4.9528e-05,1.0426e-11,2.7476e-11,0.0011327,0.0018869,2.6769e-10,1.6935e-08,1.4528e-06,0.00041127,2.7891e-17,7.289e-11,5.2788e-12,1.2011e-11,1.8189e-08,0.00022275,1.817e-07,3.3289e-06,8.599e-06,0.0005722,1.7062e-20,1.4243e-10,6.0701e-16,7.1484e-20,3.4653e-11,4.5584e-09,0.77784,0.01469,8.6343e-07,0.0011106,1.6077e-06,0.00017595,9.3188e-13,6.0252e-09,8.5418e-16,1.5754e-08,1.9529e-08,4.3862e-11,1.2587e-12,4.0907e-09,6.0323e-12,5.8998e-21,5.019e-08,1.1482e-10,2.6457e-14,7.9976e-14,7.5495e-06,2.4576e-05,2.958e-07,5.7284e-08,5.3592e-05,0.01541,1.8883e-06,1.5579e-06,3.6991e-09,0.043518,2.0118e-10,0.00025719,6.8251e-09,0.0013436,0.0014918,1.1399e-08,0.12561,0.29536,0.7529,4.3628e-08,0.013108,0.10302,2.3008e-05,0.0036563,0.0047268,0.17415
3.6353e-13,7.2057e-10,2.6275e-23,7.5372e-18,0.0031857,8.913e-07,1.8347e-10,1.2046e-11,1.0115e-05,1.4142e-10,4.5434e-05,1.3321e-09,0.017418,3.3119e-15,1.4775e-07,1.8304e-14,1.3768e-10,0.07872,1.9302e-11,3.4044e-12,1.241e-08,1.7698e-05,1.7004e-27,7.0734e-28,4.2671e-19,9.6339e-18,5.4798e-31,0,0.00018865,0.00031431,6.0107e-17,1.1892e-23,4.8369e-16,6.7391e-08,1.3967e-26,3.3095e-22,1.5744e-16,2.5451e-16,5.0435e-15,4.1644e-20,1.0296e-08,0.00014266,1.263e-10,2.8613e-15,0.00018564,1.5535e-05,7.3206e-12,5.1196e-15,0.0010866,0.00082988,4.6563e-14,6.5908e-08,4.8047e-06,0.00039657,2.0805e-22,9.18e-12,2.1095e-09,2.0068e-13,2.9909e-06,0.010629,1.518e-06,9.1357e-06,7.4019e-05,0.012127,9.2159e-15,1.5018e-13,2.032e-21,1.1896e-22,3.5854e-14,2.2159e-13,0.0060759,1.3921e-06,1.1281e-05,0.0073358,0.0038355,3.0483e-05,1.915e-11,2.1277e-10,2.144e-10,0.00026029,1.292e-09,3.4493e-11,2.1809e-07,4.5491e-06,5.9844e-08,1.2679e-18,0.00029253,6.0339e-12,6.0814e-14,6.7695e-12,3.6115e-09,1.0148e-08,3.8092e-13,4.3071e-08,0.0090996,0.49227,4.8892e-07,8.4463e-09,1.2654e-11,0.020461,4.2361e-13,8.1001e-05,2.4282e-13,9.4535e-11,1.0306e-09,1.543e-13,0.30216,0.33095,0.99477,1.7765e-09,8.3718e-05,0.00073085,5.8896e-10,3.2658e-07,1.3812e-07,0.0040625
5.3814e-15,1.6111e-19,9.7708e-06,9.787e-07,2.2369e-10,3.0513e-06,7.9929e-09,1.1491e-12,7.6424e-06,0.0028165,1.7307e-18,2.586e-26,4.9214e-19,2.4864e-12,1.7036e-25,8.4374e-19,1.9681e-29,2.9574e-27,1.5027e-15,4.8065e-26,3.471e-07,1.6209e-09,4.9462e-06,0.00029569,8.5481e-09,6.9599e-11,1.993e-07,0.00018865,0,8.0262e-31,3.53e-27,5.1335e-17,1.5069e-26,8.3336e-28,0.0089696,0.00068561,1.3484e-15,1.4626e-08,7.8226e-08,1.4794e-05,3.5921e-17,1.685e-15,1.0682e-05,1.9925e-12,2.4054e-11,5.075e-14,3.9651e-07,1.6811e-15,1.1182e-09,2.2684e-17,3.3206e-13,1.2417e-16,7.6519e-07,0.002134,6.735e-11,4.4988e-07,1.0158e-12,1.1653e-18,7.8975e-09,4.4862e-09,3.5914e-08,5.0255e-10,6.6858e-24,5.1605e-33,0.084027,0.0020173,0.0088977,0.18584,1.7228e-07,7.1344e-06,0.016203,4.8735e-06,4.9735e-22,2.7336e-18,1.341e-07,1.7796e-07,2.7463e-25,5.3734e-07,2.6992e-17,1.2125e-27,1.5698e-41,1.868e-30,5.2621e-33,2.0513e-41,1.1036e-17,4.434e-13,1.1375e-07,4.3936e-07,3.9344e-05,3.7913e-06,0.068782,0.39297,0.26903,0.1596,0.0046724,0.11035,2.3228e-09,1.0315e-05,4.682e-12,3.7289e-06,3.744e-06,0.31874,2.4999e-10,0.00023466,0.088902,0.033337,0.41419,0.67706,0.050601,0.0036759,0.0022516,0.00041933,0.00015865,0.00020617,0.93023,0.072674
3.0274e-14,4.1593e-17,0.056435,0.0011155,4.7481e-08,3.2863e-08,0.013715,7.3664e-08,9.8045e-06,2.4013e-05,3.1079e-13,2.5735e-26,5.816e-10,2.2088e-14,4.4404e-21,6.7179e-19,4.5666e-20,3.4465e-36,5.0582e-12,7.2161e-22,6.5751e-05,0.0017517,0.025105,1.8236e-05,2.9412e-06,1.142e-09,1.5152e-09,0.00031431,8.0262e-31,0,1.1426e-10,2.0446e-06,9.4994e-19,5.6755e-19,0.16649,0.0014436,1.735e-17,3.1465e-13,4.6061e-14,3.2344e-07,1.8728e-18,1.9177e-14,8.0727e-07,5.7607e-09,4.7719e-10,2.0196e-10,3.5126e-11,4.9971e-10,3.645e-07,4.0602e-09,2.8357e-10,1.8812e-10,6.2241e-07,0.0054224,2.5347e-10,2.5078e-06,1.2018e-09,5.7775e-14,9.2872e-06,3.4213e-05,1.3665e-05,6.015e-07,2.4055e-14,2.2522e-26,0.64097,0.34372,0.091352,0.36489,5.1433e-05,0.00020471,0.32263,0.018701,2.2842e-21,3.9446e-22,8.206e-07,1.4651e-08,9.5793e-17,6.6765e-06,9.328e-14,3.6846e-43,1.5638e-28,6.9237e-37,7.1174e-24,4.214e-23,3.0647e-18,1.0459e-10,3.0182e-06,8.8221e-05,0.0014867,0.0014446,0.58099,0.37069,0.26788,0.46973,3.3029e-05,0.099417,1.8349e-12,8.0869e-08,4.0952e-10,0.0014862,3.3184e-05,0.68484,3.9014e-06,0.79582,0.34997,0.46496,0.84809,0.108,0.51123,1.3171e-05,0.0035131,0.0079158,0.0017439,0.044439,0.026573,0.0017588
1.1644e-11,5.4366e-15,1.128e-18,1.6811e-14,1.4616e-06,1.4307e-06,1.1462e-14,3.9916e-17,0.00051444,0.00012353,1.4991e-08,4.0132e-18,5.4765e-08,9.4e-14,6.1098e-16,4.7184e-20,6.2713e-18,5.9919e-09,1.0757e-15,5.087e-24,3.2571e-13,1.6679e-12,3.262e-17,2.6552e-14,4.491e-15,1.7885e-20,1.927e-11,6.0107e-17,3.53e-27,1.1426e-10,0,7.3088e-57,3.7828e-27,5.3559e-23,3.0475e-09,7.9783e-12,5.0973e-13,7.8499e-08,1.4386e-06,1.0586e-07,1.6197e-13,1.1274e-11,5.2632e-06,1.0934e-16,3.7942e-07,6.021e-13,1.4692e-05,1.7045e-16,1.0543e-05,7.8702e-12,2.8376e-10,4.2451e-11,0.0018253,0.0041133,1.8959e-13,1.7619e-07,9.1858e-10,7.6898e-19,2.0198e-06,2.1094e-05,1.5316e-05,1.096e-10,2.2362e-13,8.5125e-17,8.7805e-05,4.2796e-12,5.6446e-07,8.1596e-06,3.408e-13,1.5346e-10,0.0023327,7.64e-08,2.2024e-14,3.0951e-09,1.5251e-06,8.7174e-07,9.4426e-22,4.2276e-08,3.4998e-13,1.9252e-13,1.9109e-32,1.1125e-21,1.1875e-20,8.8558e-26,2.6457e-15,5.1303e-18,1.1455e-05,8.8175e-09,3.331e-07,8.156e-08,0.0013798,0.0082029,1.1763e-05,0.0066848,0.0459,0.00015033,1.3291e-09,1.6497e-06,1.188e-10,0.0028876,9.9607e-10,0.024272,1.1316e-12,2.6931e-08,4.4628e-05,1.4315e-05,0.73246,0.10557,0.12621,7.6192e-05,5.0858e-06,1.1695e-05,3.8613e-07,3.4711e-07,0.0057372,0.52465
8.2917e-12,4.0594e-18,4.2548e-24,1.0522e-20,2.2773e-08,3.3221e-05,1.9341e-15,4.1646e-23,0.00014407,9.0073e-05,3.7042e-08,1.2702e-16,6.5349e-06,1.5469e-14,1.4311e-10,4.2542e-16,3.4171e-16,1.6529e-06,1.8211e-13,2.9045e-25,1.9229e-13,6.8105e-17,6.3733e-26,2.224e-20,1.1247e-16,6.8338e-19,1.3338e-13,1.1892e-23,5.1335e-17,2.0446e-06,7.3088e-57,0,3.2755e-25,2.5022e-23,7.6143e-13,8.8113e-16,1.8913e-09,8.4375e-06,0.00035899,1.759e-06,2.2333e-10,1.2161e-09,5.3548e-05,3.7661e-13,1.2474e-05,8.1739e-10,7.4372e-06,1.1225e-16,1.885e-06,1.4959e-10,6.1101e-12,3.6041e-13,0.00018578,0.00014692,1.6307e-14,1.9221e-06,9.435e-12,1.2841e-22,3.9122e-08,1.6595e-07,2.118e-07,4.7901e-14,7.7775e-13,2.8921e-13,4.5221e-08,9.0352e-21,7.6652e-12,3.6328e-12,4.0848e-20,4.1892e-19,0.0051611,3.3518e-09,1.2546e-09,5.5897e-05,0.00015048,0.00043571,2.549e-16,4.4921e-12,2.8941e-12,4.9859e-08,8.2107e-24,3.1787e-17,1.6071e-13,2.2052e-20,1.5716e-11,6.3285e-18,2.3182e-05,1.7878e-14,2.3085e-08,6.5801e-08,2.0407e-08,2.5909e-06,1.1002e-11,3.1764e-05,0.1952,7.1926e-08,5.0306e-06,0.00012263,2.4711e-13,0.0015255,9.1953e-13,0.00099321,1.3269e-20,1.0018e-13,5.7917e-12,5.6606e-12,0.21878,0.04845,0.018464,0.001125,7.9738e-06,1.0409e-06,6.5914e-09,1.644e-10,2.2514e-07,0.066512
