0,4.2799e-50,1.5546e-11,2.5175e-23,0.002112,4.439e-07,9.2171e-16,5.8776e-21,7.7459e-08,1.5888e-08,6.5393e-41,4.8566e-23,1.0937e-26,1.1209e-17,3.8915e-09,1.366e-05,6.4475e-19,2.0564e-22,2.9049e-33,5.9649e-21,0.0086267,4.3612e-06,6.5176e-06,3.4244e-08,7.0693e-06,2.5585e-05,2.6459e-05,9.1632e-06,2.3615e-12,1.0072e-07,3.2858e-05,3.0955e-06,7.8602e-13,2.5835e-16,0.0086081,0.00015717,5.9386e-06,4.9375e-11,6.0488e-07,1.614e-16,0.014493,5.1433e-06,1.2195e-22,2.339e-20,4.4744e-24,2.0024e-20,2.4714e-19,3.3017e-19,1.0035e-18,9.7035e-22,1.8082e-25,6.9234e-29,1.0679e-24,5.6372e-14,1.3502e-17,8.4381e-21,3.07e-44,5.8331e-39,2.6269e-32,8.4328e-27,1.4183e-22,3.2013e-15,4.9278e-21,5.4374e-14,0.00028235,1.2322e-11,5.1794e-12,1.192e-13,2.3588e-18,2.0654e-06,0.2803,0.85383,0.0010208,0.0045107,1.448e-12,3.718e-18,0.68082,0.0093269,4.3088e-16,1.7544e-09,1.0301e-30,3.4901e-24,2.321e-11,3.5061e-17,1.0384e-27,5.3809e-26,1.9873e-14,8.2841e-12,2.716e-09,3.8042e-29,6.969e-06,2.3868e-06,3.4189e-05,5.21e-08,0.0065155,6.7712e-08,6.5221e-15,1.7815e-12,1.7188e-21,2.0764e-19,7.1874e-10,9.5373e-13,1.9839e-11,1.318e-17,0.0055295,8.7886e-05,0.00065546,2.0826e-06,2.7604e-08,0.73647,3.9752e-08,1.3433e-14,2.7345e-07,3.8734e-11,1.8005e-05,0.081323
4.2799e-50,0,4.3868e-09,1.4113e-27,0.00041555,9.7063e-10,2.6032e-14,5.6926e-27,4.6597e-09,3.9276e-11,7.4497e-35,1.1115e-28,9.1542e-26,2.3885e-24,6.8586e-11,2.7388e-08,8.6446e-20,7.6624e-27,8.0254e-20,1.0284e-19,0.013568,1.0096e-06,7.4643e-06,1.51e-10,1.6397e-05,1.9204e-06,8.6131e-07,6.2284e-06,1.5781e-13,1.5838e-10,0.00033897,1.8782e-05,5.0379e-11,3.1e-16,0.02585,2.8938e-05,1.117e-05,1.0404e-08,2.8183e-07,6.796e-21,0.054287,2.7779e-05,8.1421e-27,3.9354e-24,3.7968e-26,2.271e-21,1.135e-25,4.1501e-24,5.6908e-22,4.2156e-24,6.7922e-30,1.3399e-33,6.8236e-34,7.4367e-19,1.0325e-24,2.0382e-30,1.3574e-42,1.8536e-54,6.1586e-28,6.4727e-33,4.8235e-20,1.7595e-20,3.0874e-25,3.3276e-21,0.00038603,1.653e-12,9.478e-11,2.4008e-14,1.2096e-16,1.767e-06,0.12552,0.46757,0.079272,0.03322,2.57e-11,3.1931e-16,0.031258,5.9438e-05,1.5285e-14,6.7319e-08,4.774e-37,3.4225e-36,1.5319e-14,2.0609e-21,2.7369e-36,1.973e-35,5.8556e-17,1.2088e-15,3.5172e-09,4.5878e-29,1.7405e-05,0.00026681,6.7882e-05,8.6716e-05,0.0026828,1.6897e-08,3.223e-17,1.0777e-17,2.078e-24,7.4387e-20,8.0625e-10,6.9267e-08,3.9824e-09,6.2697e-13,0.026964,0.0001964,0.00058851,1.2137e-06,2.9638e-08,0.65585,9.841e-07,8.1489e-14,3.0788e-06,2.2388e-07,0.00053622,0.05613
1.5546e-11,4.3868e-09,0,1.3166e-29,1.8402e-21,1.618e-21,5.148e-48,7.4086e-20,4.5315e-22,2.8327e-20,1.9889e-06,0.00074586,1.1071e-13,0.00015652,6.4592e-14,8.3991e-08,4.3366e-06,1.977e-06,5.4972e-24,1.2304e-12,5.9765e-08,0.00022534,3.1902e-37,6.4161e-29,6.425e-48,3.8648e-35,2.0703e-32,1.3266e-23,4.3984e-07,2.1661e-05,5.3914e-37,1.9216e-28,1.0447e-33,2.1155e-28,6.4527e-28,6.2759e-29,2.4876e-06,1.7501e-10,3.6272e-13,1.4391e-16,0.0013132,7.8846e-06,3.4216e-06,0.0022281,1.0644e-07,1.3303e-06,0.00049215,0.001023,0.0039708,0.00082565,3.6852e-08,1.1946e-07,1.388e-05,1.2285e-06,1.8592e-06,9.0165e-12,2.1459e-07,1.7233e-07,1.2517e-12,1.1288e-05,1.6115e-18,1.0604e-06,1.012e-06,0.0054117,6.2679e-32,3.8459e-19,4.8981e-39,9.6915e-26,5.7834e-18,4.2041e-24,0.78902,0.2748,0.049435,0.042918,0.00016272,9.3937e-09,0.00030808,0.059246,1.264e-06,2.5568e-09,1.1557e-06,6.9066e-08,1.1103e-08,3.5188e-13,9.223e-19,3.4251e-14,1.0264e-25,1.3128e-26,3.6321e-35,3.3853e-22,7.8276e-18,8.7362e-24,1.7336e-18,2.9605e-36,8.7808e-05,0.00021672,6.9841e-11,0.001105,2.077e-08,4.0376e-08,2.9092e-13,7.3657e-26,5.0954e-13,2.7206e-11,1.0112e-08,8.7742e-15,8.4729e-10,1.2336e-09,1.2964e-06,2.2351e-05,1.7939e-06,1.9075e-05,8.8109e-11,1.0038e-10,8.2567e-16,0.57967
2.5175e-23,1.4113e-27,1.3166e-29,0,9.5452e-14,3.4449e-21,9.0427e-33,4.7914e-57,1.2404e-19,5.9126e-33,1.5122e-14,7.2442e-16,9.4077e-22,5.221e-22,3.4292e-18,1.2411e-18,9.1064e-09,1.6508e-10,2.9918e-31,7.4577e-31,1.4885e-05,2.833e-05,7.102e-22,3.559e-37,5.7107e-19,3.5711e-20,1.2114e-23,9.2814e-22,1.5798e-08,9.0009e-08,3.0175e-15,1.0985e-19,1.7935e-22,9.0785e-31,9.0639e-10,3.853e-13,6.9879e-08,6.3389e-12,8.3975e-11,4.4766e-23,0.00019688,6.5808e-07,1.9997e-13,1.3039e-09,2.5249e-13,1.4382e-12,8.4854e-13,3.0177e-11,2.9023e-09,1.8358e-12,2.501e-17,4.1956e-21,1.5641e-15,3.2635e-16,2.5955e-17,1.7274e-26,9.9347e-16,2.1724e-15,7.4776e-19,6.7471e-17,2.4792e-19,4.4294e-17,7.7305e-16,3.5575e-11,6.9219e-15,5.8249e-24,4.5732e-22,1.821e-27,3.8498e-23,1.2994e-20,0.44137,0.45148,0.08706,0.06218,8.0272e-12,1.6895e-15,0.33553,0.92251,3.5093e-07,1.4419e-06,1.0647e-16,1.821e-17,5.3439e-14,8.1619e-24,3.4342e-34,3.4464e-31,3.5166e-31,3.1968e-30,5.1074e-25,4.343e-36,5.8094e-22,7.4743e-18,1.5013e-23,6.84e-18,0.0012795,2.1455e-07,2.2123e-15,1.7121e-10,1.4188e-23,3.0835e-17,1.0702e-16,3.6071e-17,3.2755e-13,3.5334e-13,8.09e-06,2.939e-09,6.9798e-07,4.2807e-09,2.4473e-07,0.0099996,2.8401e-09,3.6879e-09,3.1247e-12,6.9214e-09,2.0416e-10,0.23805
0.002112,0.00041555,1.8402e-21,9.5452e-14,0,9.7153e-17,3.465e-17,1.4949e-12,9.5821e-25,5.9973e-17,0.33135,0.30839,5.1038e-05,0.0085975,3.4276e-20,9.0088e-11,0.020218,0.045529,7.3411e-09,3.446e-07,3.6276e-12,0.0018606,7.7461e-21,7.7962e-13,8.4988e-17,5.7653e-28,1.8686e-18,5.3424e-18,0.00015186,0.0003243,1.0205e-21,2.135e-16,2.1372e-17,1.4043e-12,1.0534e-13,1.5705e-15,0.0002356,1.3181e-06,1.056e-09,4.3682e-06,0.021394,0.51588,0.0020879,0.067628,0.00035085,0.00016697,0.002479,0.01198,0.0063352,0.04659,2.2159e-05,0.0010977,0.00023395,7.5447e-06,4.1686e-05,5.5694e-07,0.0045876,0.0030537,9.4628e-06,0.0034902,4.4521e-10,0.00019957,0.00020837,0.043662,1.9547e-15,5.4965e-06,5.8969e-15,3.5695e-12,4.77e-12,1.3273e-19,0.84288,0.17591,0.33398,0.58862,1.4272e-06,0.00012518,0.00025848,0.2867,0.0015302,0.012179,0.00032627,0.00026648,7.0877e-10,6.2878e-11,2.0795e-09,0.00011116,1.6477e-13,1.2345e-10,7.3044e-27,7.3458e-09,7.1759e-14,2.5243e-16,1.2862e-15,9.718e-19,0.015865,0.002511,2.5042e-07,0.016058,3.6326e-08,4.5738e-09,1.8003e-05,4.9735e-14,5.7795e-09,1.535e-06,0.0015611,1.3386e-07,0.00023311,1.7468e-05,1.9992e-06,0.00085526,0.039523,1.2739e-05,2.8916e-10,1.15e-07,5.6008e-08,0.047288
4.439e-07,9.7063e-10,1.618e-21,3.4449e-21,9.7153e-17,0,1.1969e-23,5.5119e-16,2.8483e-20,1.8991e-32,6.1087e-06,0.00058026,4.3e-12,5.4864e-05,1.4272e-10,1.5315e-11,6.2193e-06,3.5906e-05,3.2114e-11,4.4002e-09,4.6395e-09,1.0056e-09,1.6578e-14,2.7898e-18,6.3851e-15,8.0393e-22,8.8323e-19,5.9994e-30,9.2924e-06,2.4202e-08,4.5554e-11,7.8331e-11,1.0566e-16,5.8653e-17,1.343e-07,8.6098e-13,1.4446e-05,1.5609e-08,1.1274e-10,1.5782e-23,0.3724,0.055702,1.6114e-07,1.3685e-05,2.4015e-07,3.4686e-07,1.1832e-09,5.9546e-07,3.6947e-06,7.7231e-07,1.7338e-09,2.3066e-07,1.0218e-08,3.3431e-12,1.2406e-12,5.7534e-22,2.7499e-09,2.3537e-08,1.1698e-13,2.4516e-10,1.0793e-18,1.0047e-11,4.3853e-12,7.0587e-12,2.6179e-10,7.5262e-07,3.4868e-19,3.4405e-16,2.9171e-11,7.7992e-10,0.21193,0.42535,0.10885,0.38017,0.063901,9.2795e-06,0.46821,0.059833,0.00026283,6.0308e-06,1.2507e-09,3.0702e-10,6.2342e-13,4.5664e-19,7.1043e-17,1.9207e-13,9.9418e-23,8.1127e-30,8.0362e-18,9.3343e-24,7.6374e-12,6.616e-09,4.6921e-10,1.2393e-12,6.4527e-06,0.0034519,1.5469e-09,3.1648e-07,7.3588e-12,9.495e-11,1.8952e-06,1.9031e-10,4.8452e-10,4.2133e-06,0.017976,0.0011152,0.0009055,0.0017765,0.0018368,0.21077,0.0013003,0.0012727,3.896e-06,0.0052516,0.00036176,0.93325
9.2171e-16,2.6032e-14,5.148e-48,9.0427e-33,3.465e-17,1.1969e-23,0,2.6793e-34,1.1355e-31,8.0999e-30,1.5998e-12,8.342e-10,4.6154e-26,3.0721e-10,3.7214e-16,2.5259e-11,8.4568e-08,3.8546e-08,2.4616e-23,8.633e-14,0.00026776,0.00012882,2.7055e-26,2.7346e-26,4.4048e-22,5.0966e-21,1.4985e-19,1.5902e-13,4.5115e-09,8.2529e-06,1.8492e-21,1.711e-20,1.9363e-28,9.7713e-29,1.0363e-13,4.6134e-21,5.1577e-05,1.6925e-07,3.7023e-10,3.1525e-14,0.00024849,6.7219e-05,2.1979e-06,0.00096657,5.0691e-06,7.7951e-05,0.00033426,0.0021869,0.0048938,4.7203e-05,7.22e-08,1.5725e-07,6.0743e-08,2.7703e-06,8.5852e-07,6.9991e-12,2.4992e-09,4.3817e-10,4.8961e-15,1.1991e-08,9.0135e-32,3.8273e-20,6.7312e-17,6.9625e-09,2.7081e-26,4.6595e-25,8.5203e-22,2.35e-17,1.0282e-13,9.4213e-15,0.48637,0.67138,0.011061,0.0067355,3.1442e-06,1.76e-12,0.004078,0.49803,2.7976e-08,4.4055e-07,9.1283e-09,3.0288e-11,2.3517e-10,4.2334e-14,1.0814e-20,3.7653e-16,1.376e-23,1.8425e-21,4.5411e-25,3.1022e-32,2.7356e-11,1.8815e-14,1.7975e-14,7.6997e-25,7.7693e-06,0.00011457,4.2789e-07,0.011274,3.9613e-08,2.7275e-06,6.6136e-09,3.0004e-21,1.2402e-07,2.3146e-08,2.3144e-05,1.7668e-09,1.1239e-08,2.7052e-06,9.182e-09,0.0044304,0.0063681,0.00050703,1.991e-09,1.4205e-09,5.8561e-15,0.14838
5.8776e-21,5.6926e-27,7.4086e-20,4.7914e-57,1.4949e-12,5.5119e-16,2.6793e-34,0,2.0826e-18,1.3216e-27,5.726e-18,6.7106e-23,7.9007e-21,1.1803e-26,1.8987e-15,4.2633e-17,5.8292e-08,2.9972e-13,4.4189e-22,3.1981e-27,0.00036702,3.0052e-05,1.3783e-12,1.4206e-21,6.3366e-10,2.3673e-11,1.0259e-13,4.8671e-12,2.96e-10,9.8386e-10,7.1074e-10,6.9633e-15,5.4851e-17,7.3539e-28,0.0001292,3.8599e-08,0.0010006,1.3871e-07,1.7965e-06,1.1083e-13,0.0039052,5.5764e-05,2.908e-09,1.1846e-06,1.9211e-08,1.9034e-08,2.8336e-09,1.0173e-07,6.9841e-07,1.7558e-11,2.6541e-13,2.2032e-16,1.2343e-15,1.5581e-11,3.0397e-15,1.0978e-17,7.5333e-14,2.1536e-14,7.0875e-16,8.7957e-17,4.769e-21,2.6953e-30,9.275e-23,3.9146e-19,2.1636e-10,1.3133e-21,3.3036e-11,5.0535e-17,2.7322e-13,1.0558e-11,0.41658,0.83724,0.019381,0.0060549,2.028e-14,1.8497e-16,0.34982,0.35815,2.8895e-06,0.001265,2.4983e-16,9.8258e-21,8.7365e-13,1.9273e-22,2.0045e-26,3.7051e-27,1.9781e-21,3.8281e-18,6.5341e-17,5.9284e-31,5.2108e-12,9.2655e-10,1.4274e-16,1.2081e-11,0.0088926,1.1089e-06,1.3234e-09,2.2066e-06,1.7241e-18,1.9654e-11,4.4222e-12,3.1404e-12,1.5378e-08,2.8685e-10,0.00047701,7.9028e-07,3.5792e-06,1.6798e-07,3.8943e-09,0.18114,0.0013688,2.5324e-07,1.5286e-10,2.0876e-08,3.8498e-10,0.073474
7.7459e-08,4.6597e-09,4.5315e-22,1.2404e-19,9.5821e-25,2.8483e-20,1.1355e-31,2.0826e-18,0,5.3868e-34,3.8397e-06,1.5552e-05,5.8382e-21,1.8283e-08,1.0411e-22,1.5091e-11,1.8162e-05,0.0007612,4.2893e-14,2.9609e-07,5.3175e-05,0.0010043,1.2461e-23,3.5028e-19,1.0021e-15,3.6847e-17,3.5317e-22,5.5928e-12,0.00014394,0.0020112,2.8871e-15,2.0568e-11,8.4243e-19,5.2468e-15,5.8966e-13,1.0105e-17,7.5941e-07,3.5856e-07,7.922e-10,2.6275e-09,0.013344,0.13082,1.2084e-07,0.00012566,8.0111e-06,2.1774e-05,9.0948e-05,0.0003156,0.00050248,0.00028945,5.1963e-06,2.5123e-05,0.00011117,7.839e-05,0.0003782,3.4204e-08,6.4022e-06,1.0153e-06,1.4925e-10,1.2051e-06,2.3818e-26,7.6638e-16,1.8629e-08,0.00013241,8.6751e-25,6.3697e-18,3.3018e-16,6.6556e-16,8.1378e-12,1.3879e-14,0.82139,0.85528,0.39106,0.37434,9.7695e-05,1.0486e-06,0.05905,0.8864,4.6951e-06,1.6996e-06,7.8373e-08,6.1384e-09,6.8309e-14,2.7753e-12,1.6266e-14,3.0073e-10,8.125e-16,8.0767e-12,1.8254e-22,2.2602e-19,1.566e-12,2.4375e-15,5.4973e-12,1.8071e-19,5.0513e-05,0.0025539,1.8824e-06,0.035336,5.0379e-07,1.6314e-06,0.00085128,2.2686e-12,2.3226e-05,8.8639e-05,0.00051424,1.034e-05,1.7505e-06,0.0011249,7.0834e-05,0.01961,0.0019713,0.00032166,1.4902e-07,1.164e-07,1.1199e-13,0.018588
1.5888e-08,3.9276e-11,2.8327e-20,5.9126e-33,5.9973e-17,1.8991e-32,8.0999e-30,1.3216e-27,5.3868e-34,0,3.6568e-06,1.1016e-06,4.9421e-21,1.3586e-11,1.3959e-20,4.6801e-18,0.00018654,0.0017909,5.4806e-15,2.0493e-11,0.00025706,0.0010773,2.3793e-27,4.7196e-39,6.3976e-16,8.49e-22,1.4081e-30,5.3936e-19,0.0013142,0.00010446,4.5378e-13,4.8757e-14,6.5543e-17,8.2376e-17,6.2844e-11,5.9596e-15,3.2942e-06,6.6497e-06,2.0115e-08,7.3613e-14,0.081314,0.033206,9.0501e-09,3.468e-06,2.7253e-07,5.5269e-07,7.5176e-08,2.3257e-06,1.4566e-05,1.012e-05,8.6432e-09,4.5005e-08,3.8119e-08,2.4479e-10,1.7182e-08,8.7061e-16,3.4231e-07,1.4712e-07,1.5326e-11,8.7728e-09,3.7806e-19,1.6735e-15,1.1374e-10,2.6766e-06,2.32e-21,1.0674e-22,6.4557e-17,2.0018e-19,7.7741e-15,7.5476e-18,0.10312,0.57291,0.54483,0.87695,0.0022879,7.2258e-06,0.44172,0.5909,0.00015672,1.2794e-05,2.3467e-07,1.6041e-08,4.3975e-11,4.6106e-13,1.5221e-20,7.2018e-15,3.4193e-23,1.5234e-21,3.0086e-23,2.7487e-28,5.672e-17,1.1177e-15,6.3034e-17,2.3236e-15,0.00015261,0.01996,9.417e-08,0.0013716,1.6449e-10,1.2727e-09,2.3205e-06,4.3081e-10,7.135e-08,2.1071e-05,0.00030288,5.1092e-05,5.343e-05,0.0008597,0.0060388,0.21176,0.00018497,0.0012621,6.4768e-07,5.4425e-06,2.8069e-09,0.22167
6.5393e-41,7.4497e-35,1.9889e-06,1.5122e-14,0.33135,6.1087e-06,1.5998e-12,5.726e-18,3.8397e-06,3.6568e-06,0,3.8065e-26,1.2938e-31,1.1772e-21,0.0001335,0.0095738,2.2916e-15,1.8508e-20,9.871e-14,5.3068e-08,0.29964,2.6846e-05,0.053162,6.0735e-05,0.014204,0.20078,0.010035,0.0064374,1.5729e-08,2.19e-05,0.20088,0.035936,9.956e-06,3.2088e-09,0.44185,0.0094671,0.090857,1.6718e-06,0.0082538,1.4844e-11,0.2148,6.7081e-05,2.6447e-17,5.218e-18,5.7406e-15,1.3622e-14,1.8043e-14,4.4418e-15,3.9595e-14,5.0184e-26,5.6516e-19,1.5668e-24,1.309e-20,3.2555e-09,2.0471e-13,3.8397e-13,2.4352e-26,2.077e-31,5.6664e-29,3.5275e-29,1.7024e-25,2.5025e-26,4.8734e-23,5.4177e-19,0.012145,5.0479e-13,1.9392e-06,2.3998e-10,1.719e-05,0.17436,0.018539,0.040621,0.031977,0.037062,2.1146e-08,1.0485e-10,0.010218,1.2471e-06,5.4269e-09,3.0168e-06,1.7523e-27,1.7085e-25,1.2733e-08,1.0179e-12,3.7223e-24,8.6854e-30,1.53e-07,1.1481e-08,0.00019771,5.1335e-25,0.08875,0.26695,0.099103,0.029445,0.078119,8.922e-06,7.7006e-08,2.8099e-07,4.9223e-11,5.647e-07,0.00028494,0.00036847,0.00016388,4.9633e-07,0.45138,0.19689,0.017239,0.0027276,2.7517e-06,0.084436,0.0047744,2.9159e-06,0.040908,0.010361,0.014157,0.81501
4.8566e-23,1.1115e-28,0.00074586,7.2442e-16,0.30839,0.00058026,8.342e-10,6.7106e-23,1.5552e-05,1.1016e-06,3.8065e-26,0,3.3507e-22,1.6562e-41,2.2772e-07,6.6835e-13,8.6921e-13,5.3449e-21,9.4577e-14,4.6826e-18,0.1979,0.0022552,0.020004,1.2753e-06,0.11831,0.10462,0.014119,0.023531,9.7312e-13,3.1497e-11,0.037211,0.0016743,4.4308e-06,5.9797e-13,0.61179,0.14607,0.0054755,3.1942e-05,0.037498,4.9417e-08,0.0010346,1.6419e-06,8.2989e-07,2.3786e-07,4.3554e-06,3.814e-06,6.6764e-08,5.3916e-07,2.4979e-06,5.2512e-09,3.1041e-08,4.1961e-11,3.0427e-13,1.1034e-05,1.5439e-09,4.8228e-09,4.9318e-15,4.6526e-15,1.7834e-10,1.2528e-11,5.1018e-12,2.9208e-20,4.7845e-20,3.151e-20,0.067921,2.0679e-09,0.075409,0.0012858,2.4492e-06,0.029682,0.30963,0.87728,0.00211,5.6702e-05,9.8137e-09,2.1671e-13,0.10811,0.016483,4.3092e-08,0.014059,4.414e-19,1.4264e-20,8.7152e-11,5.2214e-17,1.1297e-12,2.1769e-18,3.247e-07,1.5508e-06,0.032185,2.9455e-12,0.074239,0.099743,0.0068259,0.020497,0.31092,9.8339e-05,8.2978e-06,1.4542e-08,1.8579e-09,1.2132e-05,5.0329e-05,3.7454e-05,0.0039527,1.0275e-06,0.44215,0.29635,0.0019869,0.001741,6.9565e-05,0.26089,0.000342,0.00023753,0.0063496,0.0014673,0.011165,0.079301
1.0937e-26,9.1542e-26,1.1071e-13,9.4077e-22,5.1038e-05,4.3e-12,4.6154e-26,7.9007e-21,5.8382e-21,4.9421e-21,1.2938e-31,3.3507e-22,0,3.9762e-27,1.639e-18,7.7093e-10,1.8072e-12,2.5081e-10,5.7705e-22,5.7014e-09,0.36891,0.032467,1.177e-13,1.9733e-18,1.7143e-08,1.7493e-07,1.6314e-11,1.321e-06,1.3704e-07,0.0002951,8.5118e-08,5.4655e-07,8.49e-13,1.0866e-14,3.0428e-06,4.5117e-10,6.2684e-05,2.6371e-07,2.8996e-05,6.6678e-12,0.0062489,0.00032882,7.1505e-14,2.1385e-12,3.4726e-10,1.1523e-08,2.4778e-08,9.2077e-09,5.0582e-07,1.5025e-09,1.9779e-10,4.4066e-12,1.3373e-10,1.5194e-06,1.848e-06,2.0053e-10,2.1429e-15,7.2171e-18,9.5219e-17,2.0961e-12,5.171e-31,3.6648e-22,1.6476e-17,4.6669e-09,4.044e-13,5.8009e-25,1.4451e-10,9.276e-12,3.856e-13,2.3476e-07,0.019305,0.15741,0.087506,0.083564,0.00011291,3.6535e-08,0.85601,0.032225,2.425e-10,3.9962e-08,1.8396e-17,1.454e-15,2.7217e-10,5.19e-12,1.4254e-24,2.8942e-22,2.6877e-14,1.14e-12,2.0406e-09,2.4597e-27,6.9848e-05,2.587e-06,0.00011008,3.1624e-08,0.00021617,5.4393e-05,8.7056e-07,5.9953e-05,5.8733e-07,1.3084e-05,0.00059464,5.8236e-09,0.00086948,3.0588e-05,0.020809,0.0015469,0.00058698,0.012742,1.736e-05,0.43401,9.9957e-06,2.8182e-05,0.0029518,3.9638e-05,3.6019e-08,0.19452
1.1209e-17,2.3885e-24,0.00015652,5.221e-22,0.0085975,5.4864e-05,3.0721e-10,1.1803e-26,1.8283e-08,1.3586e-11,1.1772e-21,1.6562e-41,3.9762e-27,0,2.0463e-13,3.4204e-17,9.9251e-08,2.259e-09,5.7789e-13,9.8526e-16,0.37385,0.18226,0.00011716,3.0694e-12,0.0096148,0.016204,1.8761e-05,0.00038061,1.1992e-07,2.6357e-06,0.0024016,0.00020665,2.0588e-07,1.2886e-12,0.27139,0.010621,0.00041295,8.7551e-08,0.0077191,8.6754e-09,0.00037311,0.00056087,9.3435e-07,1.5512e-06,3.7333e-05,1.6446e-05,8.0853e-07,1.6032e-06,2.745e-05,1.9469e-08,2.0237e-07,2.6107e-12,1.2218e-09,6.5607e-05,1.4647e-07,4.2893e-08,6.341e-12,1.6681e-11,3.8042e-08,4.2194e-10,8.0809e-10,5.5471e-18,4.7245e-15,3.2774e-13,0.002157,3.5052e-14,0.0028996,1.6978e-06,1.2945e-08,2.248e-05,0.087941,0.59949,0.049188,0.029934,2.1189e-08,6.0235e-09,0.76913,0.20713,7.6182e-06,0.037215,1.1955e-18,4.022e-18,3.1248e-12,2.8907e-14,1.1769e-17,2.1935e-23,1.4116e-07,6.7039e-07,0.0011455,1.3589e-13,0.00017748,0.0021705,3.0844e-06,0.0039552,0.74849,2.1578e-05,4.9924e-06,6.8819e-09,1.1935e-09,1.4329e-05,8.612e-05,0.00021453,0.0038868,3.2302e-05,0.13627,0.035407,0.00080804,0.0053214,5.8298e-05,0.19126,8.0433e-05,3.2456e-05,0.00063113,0.00074848,1.6963e-05,0.081433
3.8915e-09,6.8586e-11,6.4592e-14,3.4292e-18,3.4276e-20,1.4272e-10,3.7214e-16,1.8987e-15,1.0411e-22,1.3959e-20,0.0001335,2.2772e-07,1.639e-18,2.0463e-13,0,1.2436e-31,0.0031664,0.00085402,1.6982e-15,9.9096e-13,1.3436e-05,0.030565,2.9143e-31,9.1916e-25,1.666e-13,1.4841e-18,5.1591e-24,3.1414e-13,4.8406e-08,1.0531e-06,1.3013e-23,1.4545e-21,6.9802e-21,2.7586e-17,9.9847e-12,1.5551e-13,1.4035e-09,5.0435e-11,6.4965e-09,6.797e-09,0.0054527,0.025085,1.0906e-05,0.00075816,2.3593e-05,7.9909e-05,0.0006072,0.00085062,0.0021866,0.030713,2.438e-06,7.9346e-06,1.5477e-05,1.5697e-06,2.2294e-05,7.9332e-08,2.0749e-06,1.9043e-06,9.0347e-06,0.00094248,2.8227e-08,7.6888e-05,4.381e-08,0.0033524,1.1612e-16,2.8143e-11,1.824e-13,2.4441e-11,1.4623e-19,1.5468e-20,0.32365,0.038269,0.13059,0.10191,5.5445e-08,5.0696e-07,0.00035475,0.050056,6.2955e-07,0.00041015,5.4334e-09,2.1589e-08,2.9374e-13,1.5713e-14,2.3893e-18,9.4603e-11,1.9104e-17,1.3946e-10,8.2331e-20,1.5571e-13,1.4575e-15,9.408e-21,1.101e-18,5.2417e-17,0.00032631,1.4685e-05,4.0426e-09,2.4139e-05,3.4715e-10,1.4289e-09,1.8649e-08,7.8554e-13,7.2537e-08,7.9075e-08,5.4254e-06,4.4362e-10,1.8785e-05,2.3037e-06,3.8558e-06,0.00062167,4.0105e-06,2.2418e-08,1.817e-11,2.6217e-08,4.686e-12,0.029933
1.366e-05,2.7388e-08,8.3991e-08,1.2411e-18,9.0088e-11,1.5315e-11,2.5259e-11,4.2633e-17,1.5091e-11,4.6801e-18,0.0095738,6.6835e-13,7.7093e-10,3.4204e-17,1.2436e-31,0,0.0073025,0.000817,1.1872e-12,4.3284e-23,1.5325e-06,0.015093,3.0804e-15,2.0529e-20,4.8433e-07,1.217e-13,1.0017e-13,2.7153e-13,1.1993e-09,7.96e-12,5.7998e-16,1.3443e-21,7.7634e-18,2.2921e-21,0.00060241,3.9851e-06,6.8775e-09,3.7507e-08,4.0965e-07,5.9544e-08,1.1562e-06,0.00015868,0.081935,0.24951,0.049836,0.034625,0.0066717,0.069593,0.11154,0.36008,0.003328,0.0023668,0.00028761,2.7745e-06,1.3074e-06,3.8401e-09,0.00039918,0.0037657,0.0057296,0.027527,0.0011612,0.00045856,9.5982e-09,6.5711e-06,5.8052e-06,4.7075e-05,1.6411e-06,9.318e-06,6.2261e-15,1.811e-16,0.10807,0.00067904,0.096753,0.0030124,3.8307e-07,1.9212e-10,0.002131,0.00084001,5.0454e-05,0.0068104,1.1069e-06,1.1651e-06,6.7142e-13,1.8758e-16,6.7404e-10,5.77e-09,5.7968e-14,1.2707e-10,1.087e-08,8.1114e-10,2.2054e-17,2.4139e-16,5.1808e-23,7.6229e-12,0.0028245,0.0004355,3.4598e-06,8.363e-06,4.4788e-12,7.657e-09,1.3277e-10,2.2433e-09,1.0148e-07,1.2007e-07,3.8735e-05,5.6425e-07,1.3696e-05,4.78e-05,0.00030562,2.977e-07,5.2552e-07,7.7589e-05,2.3732e-09,1.1843e-05,5.7961e-07,0.026335
6.4475e-19,8.6446e-20,4.3366e-06,9.1064e-09,0.020218,6.2193e-06,8.4568e-08,5.8292e-08,1.8162e-05,0.00018654,2.2916e-15,8.6921e-13,1.8072e-12,9.9251e-08,0.0031664,0.0073025,0,3.6238e-25,5.2497e-09,7.7709e-09,0.0010753,3.1961e-09,0.044166,0.0026273,0.00011383,0.00014036,0.0090363,0.00050938,1.2383e-19,3.4954e-12,0.023434,0.016639,5.0035e-08,1.106e-09,0.027833,5.9311e-05,0.0030195,0.00033837,0.0004076,2.4349e-09,0.10609,1.2582e-05,1.9821e-13,2.754e-13,2.3463e-16,1.0158e-15,1.6918e-14,4.5004e-14,3.1435e-13,2.4978e-13,1.5236e-14,4.0365e-15,7.2818e-13,2.073e-08,1.3009e-10,7.8683e-13,1.0141e-19,7.4906e-20,2.9692e-16,1.5521e-16,2.7554e-14,4.392e-10,3.5741e-14,2.0874e-12,0.0049524,2.2248e-06,2.2365e-07,2.8398e-09,1.4224e-05,0.052627,0.1758,0.91509,0.068456,0.011978,0.0082664,8.5603e-09,0.15612,0.0024203,1.0838e-19,4.2787e-14,3.1257e-29,1.7072e-18,8.4812e-12,3.803e-19,6.4683e-14,1.5257e-13,4.0445e-06,1.6076e-07,0.00077065,1.5726e-12,0.1925,0.025074,0.15075,0.0014108,0.0070928,0.00024652,5.508e-14,2.0715e-10,4.6882e-10,1.0919e-09,0.0010427,5.2243e-08,7.8301e-06,1.897e-10,0.10544,0.019477,0.037041,8.8842e-05,0.0030471,0.33638,3.7564e-07,9.393e-09,0.00086606,6.4726e-05,0.069907,0.12713
2.0564e-22,7.6624e-27,1.977e-06,1.6508e-10,0.045529,3.5906e-05,3.8546e-08,2.9972e-13,0.0007612,0.0017909,1.8508e-20,5.3449e-21,2.5081e-10,2.259e-09,0.00085402,0.000817,3.6238e-25,0,9.2465e-09,2.8946e-11,4.9359e-05,4.3405e-12,0.046346,0.00096485,0.00070716,0.001383,0.01205,0.00026743,6.9311e-26,6.6873e-25,0.0057752,0.0002046,4.4525e-10,1.1294e-15,0.12869,0.00010583,0.020968,2.3913e-07,0.00023755,8.0333e-14,0.033277,1.653e-07,8.1723e-12,3.7944e-11,5.8609e-15,4.5475e-14,5.3863e-14,1.5816e-12,7.4834e-13,4.9884e-14,5.0912e-16,5.4832e-19,3.9165e-18,1.4153e-12,4.94e-17,1.36e-16,2.3268e-25,2.0002e-29,5.6205e-15,4.4209e-17,2.32e-11,1.2906e-11,4.1476e-21,3.2983e-21,0.056696,7.6393e-05,4.0243e-07,1.4633e-08,3.679e-06,0.09218,0.43788,0.95643,0.0014315,0.00012309,1.8098e-10,5.0325e-17,0.42166,0.0045107,2.7695e-16,1.8116e-10,6.3475e-30,6.6839e-36,3.3514e-10,1.9985e-25,1.6095e-16,2.8754e-19,5.0886e-09,1.014e-08,0.00019787,1.119e-13,0.13051,0.16762,0.032884,0.016582,0.015495,2.5951e-07,3.0688e-14,1.7509e-12,2.2004e-14,4.5913e-11,1.0138e-07,2.1353e-06,2.0816e-07,7.2482e-15,0.011419,0.00030287,0.026457,1.6159e-06,3.9266e-08,0.58127,0.00014361,4.0666e-10,0.0001504,1.639e-05,0.065268,0.6082
2.9049e-33,8.0254e-20,5.4972e-24,2.9918e-31,7.3411e-09,3.2114e-11,2.4616e-23,4.4189e-22,4.2893e-14,5.4806e-15,9.871e-14,9.4577e-14,5.7705e-22,5.7789e-13,1.6982e-15,1.1872e-12,5.2497e-09,9.2465e-09,0,4.2667e-37,9.2577e-05,0.00096433,6.6962e-20,7.6003e-20,1.8237e-15,2.8101e-14,1.1319e-15,2.7368e-16,5.8113e-09,1.4865e-05,1.1555e-17,3.9511e-16,1.4071e-23,9.9451e-25,4.616e-09,8.7522e-09,1.3006e-08,1.8544e-11,2.2784e-09,1.8934e-14,8.2519e-06,7.3135e-07,7.8943e-12,1.6637e-08,1.3591e-10,9.7097e-09,9.5324e-09,4.4289e-08,3.572e-06,3.5547e-05,7.2227e-09,1.066e-10,5.997e-09,1.363e-07,3.6512e-07,2.1716e-14,3.0854e-12,2.5468e-10,2.188e-13,3.6864e-08,3.9096e-14,7.0803e-08,2.6436e-08,0.00046138,2.3153e-10,3.3837e-13,1.8739e-15,2.3125e-13,4.6975e-29,2.974e-21,0.66961,0.09953,0.00046279,0.0021981,1.1982e-08,1.1224e-14,0.046217,0.55713,3.4323e-09,3.112e-07,7.3447e-12,8.0746e-11,1.8517e-10,1.0117e-13,4.0682e-15,7.1752e-14,1.8383e-21,7.9538e-18,2.1666e-13,5.5867e-21,9.3115e-17,4.3002e-22,8.0185e-14,3.7097e-22,0.00069775,8.6149e-05,6.7035e-09,4.2622e-05,1.3666e-13,1.2224e-14,5.6614e-08,4.2979e-22,2.0354e-09,2.4512e-14,0.00044407,3.425e-07,0.00015387,2.1445e-07,4.5889e-05,0.0010133,2.4745e-15,3.9396e-11,3.9194e-11,8.2951e-11,7.4421e-11,0.076823
5.9649e-21,1.0284e-19,1.2304e-12,7.4577e-31,3.446e-07,4.4002e-09,8.633e-14,3.1981e-27,2.9609e-07,2.0493e-11,5.3068e-08,4.6826e-18,5.7014e-09,9.8526e-16,9.9096e-13,4.3284e-23,7.7709e-09,2.8946e-11,4.2667e-37,0,1.6014e-06,9.0149e-06,6.0624e-10,9.5636e-14,1.494e-08,5.4424e-10,1.0961e-09,6.3258e-13,4.1595e-14,2.2909e-15,2.1799e-12,2.6123e-17,1.0597e-20,2.6447e-28,0.0042373,0.00064767,3.7717e-07,1.7504e-09,6.4353e-07,2.2872e-12,2.5043e-07,3.1584e-10,4.1735e-06,0.00011812,1.5042e-07,7.1153e-07,3.1723e-09,9.8832e-07,3.3757e-06,2.2613e-05,2.7467e-09,3.9734e-11,5.6879e-12,5.381e-12,2.9299e-14,1.2417e-18,8.825e-12,2.2543e-08,6.433e-10,3.478e-08,6.6947e-06,3.8063e-06,8.7366e-11,1.0031e-09,0.003865,1.7931e-05,3.6663e-09,6.5226e-09,1.4056e-25,2.964e-19,0.60213,0.002084,8.3841e-05,1.7381e-06,6.5939e-13,5.3818e-22,0.0098986,0.049554,3.222e-07,0.00044931,8.8236e-15,5.3653e-14,3.8604e-13,6.1946e-22,2.2823e-13,3.6209e-14,1.0967e-17,9.4356e-16,3.7667e-08,5.085e-15,1.0291e-18,2.0779e-18,1.8987e-22,8.2015e-17,0.081323,5.2542e-05,8.9562e-12,3.5856e-11,2.4621e-25,5.6092e-22,1.6033e-14,1.1459e-20,3.9014e-12,2.4258e-23,8.872e-05,1.0514e-08,5.4117e-06,4.184e-10,1.6133e-06,3.5474e-06,2.7925e-11,5.5609e-14,6.3716e-19,3.1414e-12,3.0013e-07,0.052728
0.0086267,0.013568,5.9765e-08,1.4885e-05,3.6276e-12,4.6395e-09,0.00026776,0.00036702,5.3175e-05,0.00025706,0.29964,0.1979,0.36891,0.37385,1.3436e-05,1.5325e-06,0.0010753,4.9359e-05,9.2577e-05,1.6014e-06,0,3.9973e-21,7.6713e-05,0.0014501,9.4751e-09,4.5335e-09,5.9888e-08,3.4141e-15,3.8232e-07,2.5612e-09,3.8337e-08,2.8382e-09,6.1015e-10,4.1225e-09,0.00098402,0.00030287,0.00068351,2.7243e-06,1.1101e-07,6.6123e-08,0.089987,0.0002343,0.04198,0.22102,0.00087091,0.00039178,0.0024607,0.011677,0.0032308,0.03664,0.00042744,0.0015586,0.0091022,3.2642e-07,1.9799e-06,3.9761e-07,0.00071405,0.0068988,0.0026573,0.02697,0.0067322,0.34163,0.0011963,0.0083542,0.0066252,0.55505,2.8666e-08,8.7302e-06,3.7026e-10,7.6539e-08,6.8292e-06,5.1931e-10,0.0047394,0.007309,2.6062e-06,7.788e-07,0.032189,0.011509,1.6151e-05,0.0074273,9.7956e-06,6.4014e-06,3.1744e-05,4.5941e-13,0.00016869,0.003811,2.6144e-06,1.7134e-07,2.1319e-09,0.00036637,2.5751e-08,1.4913e-07,4.979e-08,8.8591e-10,0.013968,0.19316,1.2682e-09,0.00021946,6.7953e-10,1.8746e-10,1.0683e-06,7.33e-07,7.9621e-14,2.8007e-09,2.7083e-06,6.3384e-05,0.030984,3.6348e-05,0.00097911,6.174e-06,2.4485e-05,8.923e-07,1.2319e-11,2.2322e-06,0.012404,0.65233
4.3612e-06,1.0096e-06,0.00022534,2.833e-05,0.0018606,1.0056e-09,0.00012882,3.0052e-05,0.0010043,0.0010773,2.6846e-05,0.0022552,0.032467,0.18226,0.030565,0.015093,3.1961e-09,4.3405e-12,0.00096433,9.0149e-06,3.9973e-21,0,0.1846,0.11789,0.0021536,0.00095708,0.004006,4.8703e-09,9.9243e-10,4.6953e-11,0.093773,0.0050175,3.8512e-05,3.0562e-06,0.42674,0.02649,0.0069296,0.00017322,0.00029319,7.705e-11,0.56926,0.00011366,1.2779e-06,1.8262e-06,3.0639e-09,2.463e-10,3.588e-11,2.3607e-09,1.6507e-10,1.386e-10,2.6762e-11,9.9813e-11,1.2287e-09,2.0803e-15,4.4075e-16,2.6189e-16,4.2621e-09,5.7492e-09,3.4854e-09,7.7637e-10,2.3815e-05,0.0009823,3.5177e-08,1.8308e-10,0.46407,0.61069,1.4825e-06,2.7993e-06,6.9482e-05,0.10339,0.096746,0.0071857,0.010327,0.0017974,3.0815e-06,1.9679e-09,0.39434,0.23916,5.9391e-05,0.00083791,4.3579e-12,6.85e-13,6.4771e-07,2.8345e-15,7.8173e-09,8.8656e-08,1.8982e-07,1.0939e-08,0.00023167,3.4967e-09,0.003879,0.010526,0.0014386,0.00045285,0.023383,0.072806,1.2149e-10,5.3107e-08,9.8477e-16,1.1134e-15,9.734e-05,0.00017718,7.5588e-10,2.0679e-12,0.0031057,0.016653,0.13011,0.00042502,0.10229,0.53767,0.0073561,1.2854e-09,9.4954e-08,0.00041952,0.80582,0.10643
6.5176e-06,7.4643e-06,3.1902e-37,7.102e-22,7.7461e-21,1.6578e-14,2.7055e-26,1.3783e-12,1.2461e-23,2.3793e-27,0.053162,0.020004,1.177e-13,0.00011716,2.9143e-31,3.0804e-15,0.044166,0.046346,6.6962e-20,6.0624e-10,7.6713e-05,0.1846,0,5.1991e-53,2.3447e-40,5.5139e-43,5.4619e-53,8.7872e-21,0.001846,0.016766,1.7661e-43,3.251e-30,8.9455e-26,6.666e-18,1.0456e-34,7.8988e-29,5.2519e-09,8.8402e-08,4.6961e-12,5.7144e-10,0.00066186,0.01078,3.571e-05,0.0079774,7.2385e-05,0.0010981,0.019293,0.022451,0.13259,0.53138,0.00038275,0.0025329,0.0057447,0.00011874,0.0068587,1.4562e-07,0.0020762,0.0020019,3.7643e-05,0.047271,3.7466e-09,0.0061293,0.0022733,0.86882,2.0367e-45,3.3144e-19,3.5522e-26,2.1313e-18,1.1826e-20,6.428e-36,0.69373,0.29311,0.67252,0.46571,0.011295,0.00038824,0.00020895,0.0053194,0.00031821,3.4723e-06,0.013014,0.0029068,3.1006e-07,3.3717e-07,1.5282e-14,2.0799e-08,1.2705e-29,8.212e-21,2.1373e-36,8.6088e-15,5.4971e-25,1.0656e-34,7.1292e-22,2.5351e-31,4.3173e-05,0.0091856,1.6278e-06,0.071043,2.7178e-05,3.8627e-06,2.2512e-08,1.4552e-16,9.216e-08,6.0913e-06,1.0591e-07,6.1808e-14,1.9691e-06,3.0427e-06,0.008293,0.00010769,4.9431e-08,0.0013276,7.5366e-10,6.6618e-08,1.0424e-14,0.14471
3.4244e-08,1.51e-10,6.4161e-29,3.559e-37,7.7962e-13,2.7898e-18,2.7346e-26,1.4206e-21,3.5028e-19,4.7196e-39,6.0735e-05,1.2753e-06,1.9733e-18,3.0694e-12,9.1916e-25,2.0529e-20,0.0026273,0.00096485,7.6003e-20,9.5636e-14,0.0014501,0.11789,5.1991e-53,0,2.1228e-29,1.3558e-31,6.5397e-45,3.2839e-21,0.0031465,0.0044486,6.2454e-24,8.549e-24,2.7441e-20,1.2635e-19,5.2948e-20,1.5048e-22,4.2509e-08,1.1255e-06,1.0181e-09,1.0331e-13,0.00052246,0.0010713,1.5825e-07,6.8499e-05,9.3151e-07,7.4526e-06,3.914e-05,9.4731e-05,0.0044217,0.0086872,1.3354e-06,8.6234e-07,2.4935e-06,1.0459e-08,9.7609e-06,9.6067e-13,1.8463e-05,5.924e-06,3.7346e-08,4.129e-05,1.1885e-10,1.4716e-06,1.2973e-05,0.029751,4.4966e-31,1.6245e-27,8.0711e-23,1.004e-22,9.9953e-20,1.3825e-28,0.76145,0.58579,0.4164,0.9673,0.01513,9.2724e-05,0.18736,0.31435,0.00091157,2.1931e-06,0.00015823,1.3482e-05,7.5977e-09,1.8259e-10,1.6579e-19,9.0528e-16,1.0254e-30,1.951e-29,6.3288e-26,1.6456e-21,1.2668e-23,9.6711e-22,2.6548e-20,1.6542e-17,0.0015744,0.0024565,9.4258e-08,0.0015808,9.4091e-08,1.0633e-06,1.2524e-08,8.418e-12,7.07e-08,1.3759e-05,8.6611e-06,1.1111e-08,1.0349e-05,2.377e-06,0.022223,0.010647,2.1574e-08,0.0066382,5.4987e-06,0.00051363,5.4585e-10,0.69027
7.0693e-06,1.6397e-05,6.425e-48,5.7107e-19,8.4988e-17,6.3851e-15,4.4048e-22,6.3366e-10,1.0021e-15,6.3976e-16,0.014204,0.11831,1.7143e-08,0.0096148,1.666e-13,4.8433e-07,0.00011383,0.00070716,1.8237e-15,1.494e-08,9.4751e-09,0.0021536,2.3447e-40,2.1228e-29,0,3.9483e-44,7.664e-44,1.4277e-23,0.00028051,0.0048005,2.4333e-39,2.2551e-27,1.2879e-25,2.2665e-18,2.4919e-47,1.6793e-30,3.8697e-07,4.4372e-10,4.8058e-12,1.221e-12,0.054762,0.0017026,5.6011e-07,0.00096157,1.6234e-08,1.3219e-06,0.00076752,0.00068476,0.0061712,0.073595,3.1832e-06,4.5353e-05,0.0023222,4.4021e-05,0.00029086,1.7272e-08,0.00030142,0.00010971,8.8608e-07,0.0058352,8.9863e-09,0.023383,0.019246,0.79922,3.3627e-38,6.9948e-17,3.6042e-40,1.6531e-27,1.0254e-15,1.1049e-27,0.80843,0.35738,0.82385,0.91538,0.1643,0.0077118,0.001689,0.019763,3.2897e-05,2.2459e-08,0.00080492,0.00020211,4.8019e-07,1.1597e-09,1.1833e-15,1.6867e-10,1.2298e-24,1.3926e-25,2.5371e-34,1.0809e-12,1.7157e-20,1.3121e-24,2.232e-17,1.557e-29,0.0046603,0.054195,2.2737e-11,0.0063678,5.7697e-06,4.2474e-07,7.0014e-11,5.7958e-19,7.7076e-13,4.1121e-08,2.3525e-10,5.2723e-16,1.9152e-08,9.1604e-09,0.0068984,1.5748e-05,3.3746e-10,0.00023102,1.6174e-09,3.9406e-09,1.6933e-12,0.79908
2.5585e-05,1.9204e-06,3.8648e-35,3.5711e-20,5.7653e-28,8.0393e-22,5.0966e-21,2.3673e-11,3.6847e-17,8.49e-22,0.20078,0.10462,1.7493e-07,0.016204,1.4841e-18,1.217e-13,0.00014036,0.001383,2.8101e-14,5.4424e-10,4.5335e-09,0.00095708,5.5139e-43,1.3558e-31,3.9483e-44,0,1.9839e-35,1.2789e-26,1.2315e-05,7.5931e-05,2.9005e-40,5.6691e-32,6.9471e-28,8.882e-21,1.522e-30,2.3425e-29,6.0104e-09,2.6738e-07,1.2381e-14,1.1937e-11,0.025562,0.073851,2.0799e-06,0.00075979,2.1917e-08,3.744e-07,1.7229e-05,0.0001508,0.0012313,0.10805,1.7815e-07,0.00020366,6.0112e-06,3.1621e-08,1.104e-06,3.1881e-12,7.6664e-05,3.7174e-05,1.4184e-07,0.0017936,2.469e-09,0.027825,0.0001354,0.17413,1.6849e-29,1.1536e-10,6.3291e-33,4.2999e-22,5.9435e-16,2.4035e-25,0.85094,0.38297,0.48549,0.80632,0.043655,0.00061694,0.0094769,0.11019,2.1887e-06,1.2663e-08,0.0005634,0.0005797,1.7199e-09,3.5559e-11,5.4408e-15,4.2456e-08,4.888e-30,1.9642e-25,1.0051e-35,7.1154e-14,3.4064e-22,5.6696e-26,1.9044e-19,1.7209e-25,7.6406e-05,0.0037417,2.8111e-11,0.00078671,1.252e-08,5.3647e-11,2.418e-11,1.6773e-17,6.8182e-14,2.8638e-08,2.9875e-07,4.529e-15,9.3978e-08,1.1819e-06,0.0067025,0.000416,1.7732e-08,2.2369e-05,8.8079e-09,5.1122e-08,1.9914e-08,0.44825
2.6459e-05,8.6131e-07,2.0703e-32,1.2114e-23,1.8686e-18,8.8323e-19,1.4985e-19,1.0259e-13,3.5317e-22,1.4081e-30,0.010035,0.014119,1.6314e-11,1.8761e-05,5.1591e-24,1.0017e-13,0.0090363,0.01205,1.1319e-15,1.0961e-09,5.9888e-08,0.004006,5.4619e-53,6.5397e-45,7.664e-44,1.9839e-35,0,1.4663e-31,0.010866,0.0040761,6.9744e-32,5.8929e-24,3.0392e-20,2.7907e-15,2.2723e-32,1.9974e-25,2.0294e-05,2.7254e-07,5.428e-10,7.3219e-13,0.25295,0.015792,2.3296e-07,0.00018017,5.5439e-08,1.4649e-06,0.0001106,0.00012302,0.0045486,0.027761,8.3483e-06,2.7228e-05,0.0007069,1.2071e-06,6.7453e-05,1.2918e-10,0.00015227,7.1113e-05,1.394e-06,0.0013765,1.9421e-08,0.0014793,0.011609,0.32114,1.8872e-34,2.1874e-20,1.0669e-28,3.9789e-25,1.7787e-19,9.8609e-30,0.82566,0.7871,0.23453,0.67463,0.042474,0.0063402,0.060174,0.25511,8.3314e-05,2.9111e-06,0.00026991,0.00018468,1.6374e-09,1.6652e-10,3.3834e-17,2.5201e-12,1.4059e-25,6.3079e-24,1.4183e-32,8.8213e-16,1.2711e-25,2.7596e-26,2.2112e-20,4.5059e-24,0.0020514,0.030843,6.485e-09,0.0055488,1.7464e-07,6.4452e-08,1.1786e-07,1.8942e-14,1.7578e-08,9.4772e-06,5.7252e-07,6.1819e-10,0.00017517,3.015e-07,0.045627,0.0019639,2.4749e-08,0.00018547,1.7473e-09,5.6602e-06,2.6488e-12,0.81432
9.1632e-06,6.2284e-06,1.3266e-23,9.2814e-22,5.3424e-18,5.9994e-30,1.5902e-13,4.8671e-12,5.5928e-12,5.3936e-19,0.0064374,0.023531,1.321e-06,0.00038061,3.1414e-13,2.7153e-13,0.00050938,0.00026743,2.7368e-16,6.3258e-13,3.4141e-15,4.8703e-09,8.7872e-21,3.2839e-21,1.4277e-23,1.2789e-26,1.4663e-31,0,9.5844e-06,6.658e-07,5.6542e-19,1.1896e-16,1.7735e-17,2.0621e-16,5.0287e-15,2.4483e-14,7.7633e-07,1.9495e-13,3.7944e-11,1.4769e-20,0.015353,0.00086968,2.8069e-06,0.0001108,3.4272e-07,3.1653e-07,1.4424e-07,1.813e-06,0.00039932,0.0027558,1.3788e-06,2.9788e-06,0.00010477,1.5316e-09,5.7092e-09,1.1042e-15,3.1697e-05,0.00033686,3.5027e-07,0.00012876,1.0546e-06,0.014468,0.00078872,0.0078365,1.6093e-11,7.2485e-06,4.8699e-21,1.7944e-17,4.0596e-16,5.0334e-19,0.68375,0.94598,0.94585,0.98681,0.00027444,1.3632e-05,0.10844,0.50948,0.00039688,5.215e-05,4.2762e-07,4.6342e-06,3.9101e-10,5.5318e-17,1.3805e-13,3.2494e-11,1.0228e-22,7.2379e-29,2.4757e-20,9.4148e-15,2.4105e-21,3.6624e-18,1.5132e-17,2.3346e-18,0.0012785,0.00018436,5.6578e-10,6.4846e-06,1.7828e-12,7.4246e-13,1.2711e-06,1.5857e-14,1.4005e-09,1.4169e-08,0.0012179,2.1057e-07,0.034162,4.2466e-05,0.0082075,0.002726,1.733e-10,1.0425e-06,2.3694e-09,0.00031018,9.726e-06,0.34518
2.3615e-12,1.5781e-13,4.3984e-07,1.5798e-08,0.00015186,9.2924e-06,4.5115e-09,2.96e-10,0.00014394,0.0013142,1.5729e-08,9.7312e-13,1.3704e-07,1.1992e-07,4.8406e-08,1.1993e-09,1.2383e-19,6.9311e-26,5.8113e-09,4.1595e-14,3.8232e-07,9.9243e-10,0.001846,0.0031465,0.00028051,1.2315e-05,0.010866,9.5844e-06,0,1.096e-40,7.9654e-08,1.1859e-10,5.1017e-20,2.9413e-26,0.023978,3.5629e-05,1.1658e-06,1.9121e-09,9.0207e-10,1.4734e-13,2.9906e-06,8.3577e-10,0.00081431,0.0033624,0.00015333,6.5389e-05,4.0186e-05,0.00028377,0.00013835,0.00015701,5.8012e-08,7.0947e-09,3.2079e-08,4.3473e-06,4.7182e-11,4.0545e-11,4.9027e-13,1.1941e-11,4.9703e-07,2.3339e-06,2.8188e-06,2.4985e-05,2.0513e-16,7.7733e-14,0.057217,0.070584,3.4753e-07,2.0896e-05,5.7034e-07,0.0016651,0.80673,0.21472,2.2468e-08,1.2228e-09,8.5808e-12,3.7002e-19,0.0021711,0.36927,1.9966e-22,5.1401e-07,7.2703e-24,2.3878e-24,1.994e-14,4.3277e-28,3.2039e-13,6.5061e-11,2.4956e-10,1.319e-07,7.4973e-05,7.1248e-09,0.010757,0.00031387,2.7378e-05,4.2113e-06,2.7915e-07,7.9219e-10,1.5123e-12,7.8581e-11,2.1887e-11,2.6929e-09,3.4961e-07,1.6129e-08,1.2076e-05,3.3798e-14,0.00023701,3.7701e-09,0.00084485,9.2885e-06,1.6239e-10,0.003195,4.0311e-05,3.9086e-10,4.1447e-09,5.7502e-09,0.00081586,0.12471
1.0072e-07,1.5838e-10,2.1661e-05,9.0009e-08,0.0003243,2.4202e-08,8.2529e-06,9.8386e-10,0.0020112,0.00010446,2.19e-05,3.1497e-11,0.0002951,2.6357e-06,1.0531e-06,7.96e-12,3.4954e-12,6.6873e-25,1.4865e-05,2.2909e-15,2.5612e-09,4.6953e-11,0.016766,0.0044486,0.0048005,7.5931e-05,0.0040761,6.658e-07,1.096e-40,0,4.0811e-06,7.6777e-10,2.7555e-15,1.772e-21,0.23618,0.0040086,0.0038461,3.8531e-08,4.8491e-06,5.0196e-14,0.0038574,2.0591e-08,0.0093549,0.020314,0.00027176,0.00011671,4.5027e-06,0.00024676,4.2695e-05,0.00010503,1.5225e-07,3.6287e-08,3.472e-08,5.3025e-10,1.7972e-14,1.3159e-13,1.1778e-12,1.2714e-09,2.8491e-06,1.4953e-06,0.00036347,0.0002352,9.8575e-16,2.4912e-19,0.57406,0.69525,8.1302e-06,0.00034709,4.8644e-07,0.0032703,0.78021,0.17677,0.00013119,1.6322e-08,1.7795e-10,2.0397e-19,0.014961,0.35963,7.7869e-13,1.4795e-05,1.8478e-20,6.2279e-24,1.9406e-11,7.5143e-32,1.437e-10,5.7064e-10,4.7533e-08,5.1874e-07,0.0017388,3.7878e-07,0.0049981,0.00090612,7.7304e-07,3.9724e-05,0.0005508,2.8502e-07,5.2018e-12,7.2261e-14,1.4325e-14,1.2487e-12,3.2175e-10,5.3458e-08,9.5637e-08,3.6099e-16,0.00085762,2.0146e-06,0.0013223,2.0265e-06,1.0507e-09,0.00019743,0.00073423,1.5322e-08,6.1767e-10,8.2326e-07,0.043715,0.55782
3.2858e-05,0.00033897,5.3914e-37,3.0175e-15,1.0205e-21,4.5554e-11,1.8492e-21,7.1074e-10,2.8871e-15,4.5378e-13,0.20088,0.037211,8.5118e-08,0.0024016,1.3013e-23,5.7998e-16,0.023434,0.0057752,1.1555e-17,2.1799e-12,3.8337e-08,0.093773,1.7661e-43,6.2454e-24,2.4333e-39,2.9005e-40,6.9744e-32,5.6542e-19,7.9654e-08,4.0811e-06,0,3.7012e-59,6.7411e-48,8.2004e-31,2.1334e-33,1.6125e-28,4.3422e-07,1.2326e-09,3.5704e-12,1.039e-08,0.00012531,5.7045e-05,0.044638,0.72468,0.0074974,0.031625,0.28125,0.4908,0.74723,0.45398,0.02108,0.072522,0.079707,0.0042669,0.0066153,3.5378e-05,0.0026076,0.0080764,0.00092974,0.60938,1.0916e-06,0.13729,0.0010035,0.47621,1.6269e-26,2.1405e-09,1.2152e-27,4.3928e-13,3.612e-20,5.3547e-34,0.35519,0.017772,0.010984,0.0069378,0.0012665,8.2436e-06,3.9618e-12,9.7589e-08,2.9171e-07,5.9147e-06,0.0036522,0.00038336,5.2183e-07,7.0288e-10,1.7363e-10,5.8279e-06,5.3264e-21,4.7374e-15,6.6661e-24,2.4437e-08,1.4087e-22,2.7373e-34,1.1443e-25,6.2551e-38,0.00086088,0.0038617,6.3448e-08,0.023973,5.7439e-06,1.6938e-06,6.8406e-12,1.0127e-25,1.2835e-10,1.2568e-10,2.7389e-10,2.3717e-21,8.451e-10,6.155e-10,5.8555e-07,1.0612e-12,8.3959e-08,3.728e-06,6.1825e-14,5.5871e-12,1.7461e-18,0.30939
3.0955e-06,1.8782e-05,1.9216e-28,1.0985e-19,2.135e-16,7.8331e-11,1.711e-20,6.9633e-15,2.0568e-11,4.8757e-14,0.035936,0.0016743,5.4655e-07,0.00020665,1.4545e-21,1.3443e-21,0.016639,0.0002046,3.9511e-16,2.6123e-17,2.8382e-09,0.0050175,3.251e-30,8.549e-24,2.2551e-27,5.6691e-32,5.8929e-24,1.1896e-16,1.1859e-10,7.6777e-10,3.7012e-59,0,1.4178e-48,7.6313e-42,1.3883e-19,5.6979e-21,4.5137e-07,2.6242e-08,1.4553e-11,5.7249e-09,3.1122e-05,5.5196e-06,0.070663,0.79104,0.01037,0.019132,0.16423,0.36464,0.43937,0.81833,0.0010581,0.0032239,0.0029854,2.26e-05,2.1135e-05,4.919e-08,0.00017131,0.0019782,0.00017523,0.14114,5.1466e-06,0.033626,1.5433e-06,0.021898,1.3459e-18,6.5199e-09,3.5728e-26,6.9581e-15,1.2711e-18,4.4799e-29,0.14256,0.00052134,0.0036743,0.0005841,5.4092e-06,3.3283e-08,6.2916e-11,2.4508e-08,4.1448e-08,6.8249e-07,0.00091629,1.211e-05,1.0266e-06,3.5014e-12,9.2148e-13,2.3855e-08,3.7747e-25,3.8303e-17,9.6929e-22,2.0953e-11,6.5351e-25,1.1602e-31,4.9004e-34,6.8469e-30,1.6345e-05,0.0060078,3.0249e-08,0.0067756,8.0325e-10,9.8524e-09,4.4591e-20,6.0252e-20,1.8196e-15,7.4572e-14,7.8285e-16,1.2877e-26,2.4746e-10,3.5834e-09,5.9211e-07,8.9849e-11,1.1062e-08,1.4591e-07,1.6374e-14,5.2103e-13,1.7353e-15,0.36588
7.8602e-13,5.0379e-11,1.0447e-33,1.7935e-22,2.1372e-17,1.0566e-16,1.9363e-28,5.4851e-17,8.4243e-19,6.5543e-17,9.956e-06,4.4308e-06,8.49e-13,2.0588e-07,6.9802e-21,7.7634e-18,5.0035e-08,4.4525e-10,1.4071e-23,1.0597e-20,6.1015e-10,3.8512e-05,8.9455e-26,2.7441e-20,1.2879e-25,6.9471e-28,3.0392e-20,1.7735e-17,5.1017e-20,2.7555e-15,6.7411e-48,1.4178e-48,0,9.7975e-69,2.434e-19,1.77e-26,1.0197e-09,3.4856e-15,1.8876e-17,3.6365e-17,7.3162e-07,1.1883e-07,0.0013474,0.094796,0.00014266,0.00029975,0.0029689,0.021851,0.027316,0.054144,1.0773e-05,1.319e-05,4.0308e-05,5.955e-06,1.2458e-07,1.0876e-11,2.9949e-10,1.9451e-08,1.4305e-08,0.0010756,4.2368e-13,1.5807e-05,3.8571e-13,4.4853e-06,1.5813e-17,2.9781e-10,2.1944e-32,4.1857e-17,5.3203e-24,1.1485e-25,0.53899,0.016511,7.9284e-06,6.657e-06,8.4266e-09,9.6561e-15,3.5241e-10,4.0265e-05,2.9661e-14,1.453e-11,3.816e-11,2.8526e-14,2.8044e-12,1.252e-19,1.6107e-18,3.8862e-12,3.4346e-26,1.1734e-18,9.5815e-22,1.3402e-17,4.9098e-21,9.4635e-28,2.58e-27,2.2765e-33,3.5896e-07,3.4066e-05,7.6171e-12,4.5257e-05,9.5461e-13,3.774e-12,2.862e-15,5.4221e-25,2.9771e-16,4.2949e-20,3.4313e-12,5.1996e-24,1.6714e-11,1.6387e-10,1.1957e-10,6.4921e-10,6.4657e-10,1.1399e-11,1.755e-17,2.179e-17,6.0373e-19,0.093522
