0,7.3921e-24,1.462e-14,7.1987e-18,0.00067635,7.9815e-09,1.1145e-24,1.1515e-18,0.00010138,2.1278e-07,3.1581e-18,1.1898e-19,6.3536e-27,2.7051e-22,1.897e-12,1.4862e-18,8.7722e-18,1.1657e-12,1.5586e-39,1.3314e-40,0.5728,0.00016219,2.5055e-11,7.3489e-09,2.1215e-05,2.1398e-06,2.0328e-05,5.3112e-05,1.8404e-16,1.8714e-14,3.046e-05,2.3358e-06,1.7721e-25,8.339e-26,0.035372,0.029843,5.0923e-12,8.3083e-10,2.6997e-17,9.0136e-13,3.2134e-08,1.1473e-10,8.5277e-20,1.4583e-18,5.0577e-16,3.7853e-19,7.721e-21,1.3049e-20,4.7835e-17,6.6304e-18,2.2856e-16,5.9178e-14,1.2771e-18,2.5953e-16,6.7238e-15,1.795e-16,2.559e-21,1.0862e-20,8.5313e-25,1.5878e-18,6.0033e-36,1.7616e-14,1.2853e-15,9.0506e-19,1.3031e-05,0.0051993,7.3631e-17,3.1323e-13,2.3307e-18,1.4247e-15,1.8058e-06,0.49671,2.3208e-14,1.134e-15,4.6932e-08,2.3438e-10,0.48147,0.204,1.9966e-07,3.2748e-10,1.6358e-13,2.6201e-17,2.7361e-20,7.2258e-18,4.7853e-19,9.6651e-18,1.0138e-07,4.8175e-12,2.2959e-23,7.2147e-23,0.048615,6.4754e-06,0.041326,0.63344,8.6704e-08,9.1467e-05,5.2603e-19,1.274e-13,6.3207e-15,2.4961e-12,0.5796,0.17726,0.0031657,3.5654e-08,0.31925,0.87061,0.33838,3.8459e-05,0.0015223,0.068699,5.3057e-08,0.19227,4.1508e-05,0.0098006,0.25598,0.051581
7.3921e-24,0,1.0109e-06,1.8583e-15,0.018363,3.1587e-05,2.4457e-09,1.407e-08,0.33696,8.3033e-05,2.4712e-17,2.7834e-23,8.3562e-17,9.0955e-21,2.1374e-10,5.1256e-16,3.5987e-41,1.7896e-38,1.5395e-16,1.0592e-33,0.061579,0.010984,1.9456e-07,1.067e-09,4.8195e-07,9.6846e-09,3.6969e-05,0.00089665,1.2383e-27,1.8545e-28,4.0434e-07,0.00060333,9.7046e-34,9.8841e-28,0.90789,0.013641,1.3524e-09,2.5589e-12,9.8899e-15,2.62e-12,8.0295e-08,5.798e-09,3.6153e-31,6.8367e-33,5.5625e-19,8.878e-29,5.3366e-33,2.8872e-38,2.0719e-22,1.5775e-27,4.0134e-31,4.121e-24,4.5522e-25,3.8744e-29,3.3288e-20,1.0338e-26,2.4097e-45,1.1851e-52,3.1502e-19,2.1277e-19,9.2195e-29,9.6194e-05,1.6014e-32,5.4354e-27,0.66568,0.88163,6.0441e-15,8.7255e-18,2.4091e-38,4.9615e-36,3.0556e-05,0.53554,9.7474e-06,1.9307e-10,0.0065295,1.0865e-05,0.065203,0.0046542,2.5676e-24,3.136e-25,9.406e-46,3.4851e-36,3.164e-21,3.6235e-22,1.6718e-21,2.1201e-27,0.00018135,2.6427e-11,1.138e-18,6.28e-20,0.23375,0.26968,9.6342e-09,8.1219e-07,3.902e-21,3.2036e-08,3.1465e-20,2.381e-18,3.9883e-23,1.0789e-17,0.058286,0.020913,0.0080884,0.00020407,0.00059326,0.15848,0.18144,0.20894,2.6682e-10,0.0003547,8.9512e-09,0.16884,0.0011849,0.11812,0.2079,0.09066
1.462e-14,1.0109e-06,0,4.0241e-34,1.2204e-13,1.4687e-16,1.2223e-28,2.6003e-15,6.1365e-13,1.5079e-05,1.816e-05,1.5681e-07,1.2018e-14,5.4538e-14,1.1958e-16,4.3271e-15,1.003e-06,0.0003556,7.296e-21,1.0176e-17,8.1387e-05,3.3043e-12,1.2535e-40,1.9036e-28,1.6673e-17,3.2665e-21,1.6362e-16,1.1807e-14,5.7122e-09,1.3752e-08,6.7376e-21,2.9843e-16,8.6102e-15,8.4164e-15,9.5787e-05,0.045595,2.0068e-19,1.1378e-16,4.5071e-23,3.0491e-20,5.371e-12,1.3716e-13,2.1699e-13,3.8466e-11,2.8754e-13,2.9294e-13,5.2313e-14,1.0813e-13,5.1714e-12,2.8519e-09,6.5695e-13,1.6792e-10,9.5702e-17,9.4375e-13,2.469e-16,3.5844e-14,6.449e-07,9.6349e-08,5.2322e-22,2.3792e-17,6.2357e-13,5.4712e-06,0.00011755,1.6509e-05,3.2589e-05,0.090786,9.6426e-22,5.1022e-15,2.3196e-11,5.7079e-08,7.7491e-11,0.00029651,1.0776e-08,7.486e-11,1.5046e-10,5.3925e-06,0.00010654,0.057894,0.00010559,8.2774e-07,3.1515e-08,5.2198e-13,3.2263e-19,7.6959e-14,2.4354e-16,7.8669e-17,3.8397e-14,9.7792e-15,4.3223e-24,3.2747e-20,3.2343e-05,3.5467e-12,0.22833,0.12331,2.8352e-08,7.4368e-06,1.8732e-13,4.2192e-13,2.1604e-11,1.8702e-10,0.3491,0.04226,1.1266e-07,2.5906e-09,0.098826,0.00078565,0.22362,2.3025e-05,0.011302,0.052251,1.2711e-08,0.064347,7.6475e-05,2.1621e-05,0.0038192,0.019576
7.1987e-18,1.8583e-15,4.0241e-34,0,1.1015e-05,1.1601e-13,2.2342e-22,2.4336e-24,1.5063e-05,1.1745e-10,3.3856e-09,1.601e-18,4.5267e-14,3.8376e-22,1.6665e-10,9.9732e-18,7.3149e-13,4.6283e-08,4.0282e-18,1.8101e-26,0.30399,1.3522e-05,4.9502e-32,3.1624e-44,1.4599e-11,1.3749e-19,5.7188e-10,3.4565e-12,2.9086e-09,2.7476e-09,1.0382e-11,3.3587e-13,4.6444e-22,4.315e-25,2.0889e-05,2.1846e-06,5.789e-19,4.948e-22,2.739e-20,2.7733e-20,3.3518e-13,1.1128e-14,1.2938e-23,3.9701e-22,8.3296e-16,8.7683e-21,5.2021e-23,2.4085e-20,5.7822e-14,2.4399e-12,1.9324e-18,1.2066e-14,5.9152e-20,7.6041e-17,6.6171e-20,1.9601e-17,8.9607e-17,2.4077e-17,3.091e-21,1.236e-21,5.0615e-19,5.4411e-10,4.1822e-10,9.1119e-09,2.4374e-05,3.5368e-06,2.507e-24,2.5526e-23,1.879e-20,1.0307e-14,1.9976e-14,0.0064766,9.2295e-08,9.4654e-14,6.1421e-13,1.4691e-09,0.00027628,0.041972,2.6714e-07,3.742e-10,2.2673e-16,3.5336e-20,2.6343e-19,2.0145e-13,3.3441e-23,9.2322e-31,5.1127e-11,4.4118e-19,1.9358e-22,2.4331e-25,0.010231,0.00013289,0.13292,0.30336,1.2757e-11,9.3154e-10,2.5239e-21,2.1981e-18,1.8934e-17,1.218e-13,0.87413,0.62208,5.8735e-06,1.7334e-07,0.02574,0.00049491,0.22502,0.0022604,0.00017448,0.010081,1.2219e-12,0.10116,0.001385,2.4669e-07,0.00056994,0.00024171
0.00067635,0.018363,1.2204e-13,1.1015e-05,0,1.0456e-36,3.6364e-06,0.0048944,4.3611e-40,0.00033685,0.34388,0.21705,0.044113,0.00079883,2.3581e-22,1.9416e-10,0.0023064,0.012955,7.6454e-09,6.9207e-07,1.297e-26,1.4484e-37,4.7485e-12,1.4049e-05,7.1456e-41,8.9614e-21,7.2242e-45,6.4986e-18,5.2214e-05,3.2054e-05,1.3436e-10,0.00053951,1.676e-06,2.4141e-06,0.7483,0.46992,1.1907e-08,6.6805e-06,4.2528e-19,4.689e-16,0.0042161,4.7881e-05,0.0009526,0.010809,2.5504e-06,5.695e-05,2.9226e-05,8.7844e-06,3.8866e-07,1.7861e-05,1.1227e-06,1.7766e-06,1.1904e-11,6.3719e-08,2.1786e-13,6.5465e-11,0.0038539,0.0004584,1.4771e-15,4.5653e-13,1.0701e-08,0.0012845,1.8518e-05,3.4989e-07,0.48163,0.18174,3.9787e-09,1.2258e-07,3.1668e-07,5.0743e-05,0.021479,0.39285,0.8789,0.040872,0.014187,0.058648,0.19754,0.022827,0.029443,0.006256,0.00095287,8.6786e-09,4.6266e-16,6.3634e-11,4.0829e-06,1.151e-06,1.1696e-28,1.6452e-16,1.5477e-16,1.8658e-16,0.30682,0.00026209,0.0037335,0.19969,0.0017467,0.016014,1.3334e-05,6.9601e-05,0.00010269,1.013e-05,0.64356,0.87502,0.00080519,0.013208,0.75078,0.80478,0.11015,0.027697,0.59613,0.82445,0.18058,0.34121,0.024111,0.056082,0.22409,0.27376
7.9815e-09,3.1587e-05,1.4687e-16,1.1601e-13,1.0456e-36,0,5.119e-13,5.3305e-11,5.2717e-39,4.4132e-14,0.0036234,0.00042982,3.4707e-05,1.2443e-08,1.6283e-19,1.9729e-15,3.3831e-05,0.0051473,1.8944e-15,1.3212e-13,5.402e-12,4.0673e-22,7.4192e-15,1.0212e-09,2.9806e-25,1.208e-24,4.6146e-27,7.3861e-20,1.9024e-05,2.9656e-06,4.1213e-10,9.19e-09,4.2255e-11,4.5146e-12,0.51859,0.18756,4.3845e-10,2.2393e-08,2.5752e-18,7.2418e-18,0.0091482,3.9113e-06,2.3467e-09,4.0064e-07,1.1789e-09,3.3312e-10,1.3998e-09,1.8419e-09,6.0916e-09,1.0616e-07,1.3739e-09,4.9576e-09,2.8529e-16,3.0941e-11,2.8974e-13,7.2312e-12,3.3625e-06,2.9168e-07,1.1729e-24,3.2401e-23,2.2725e-13,4.8029e-10,2.2969e-05,1.4649e-07,0.00038207,0.033357,8.2975e-16,8.4694e-14,1.5942e-11,1.2269e-08,0.00072685,0.30007,0.1629,0.0010791,9.2683e-05,0.0013712,0.75636,0.31045,0.0016249,0.0024251,1.7852e-05,1.0375e-10,8.6227e-18,9.9854e-13,1.2352e-10,3.1853e-11,7.7303e-23,4.3454e-17,1.9631e-22,3.8095e-25,0.006103,4.9171e-07,0.48933,0.92045,1.1155e-05,2.4874e-05,6.378e-09,2.5366e-06,3.2363e-06,3.5793e-06,0.34852,0.17583,0.00045105,0.00069629,0.60705,0.97759,0.11625,0.012568,0.25864,0.41789,0.010609,0.38352,0.17638,0.097434,0.37166,0.39264
1.1145e-24,2.4457e-09,1.2223e-28,2.2342e-22,3.6364e-06,5.119e-13,0,7.3851e-44,7.5521e-11,9.7287e-11,8.4216e-12,1.5108e-13,1.1105e-28,3.3562e-27,1.5837e-09,1.2147e-11,5.3853e-08,6.7637e-05,3.7725e-21,9.7809e-20,0.19166,1.1894e-05,1.7333e-16,1.01e-10,2.8468e-07,2.6915e-11,3.0781e-07,3.6081e-08,1.1528e-09,2.0302e-10,4.5541e-15,2.0188e-13,3.9793e-24,1.5673e-20,1.2925e-06,0.00013926,2.2163e-15,3.7703e-12,4.298e-17,1.9953e-13,4.3257e-07,9.464e-10,6.5014e-21,1.3431e-17,3.883e-24,6.0238e-22,6.8235e-20,3.5608e-19,1.0248e-14,1.1938e-13,1.5272e-18,4.7262e-15,2.4789e-18,2.526e-15,2.2006e-16,2.944e-15,4.6617e-09,2.7232e-08,1.9632e-25,2.7771e-21,2.4189e-19,3.015e-17,1.9248e-06,2.8946e-08,1.9408e-10,2.2074e-07,2.0905e-29,4.3077e-24,7.3302e-09,3.8764e-09,1.9236e-05,0.32394,1.8999e-10,9.0347e-11,2.7502e-10,3.8668e-06,0.0026854,0.21031,2.0673e-05,9.6354e-06,3.5425e-10,5.058e-13,1.0964e-15,9.2393e-12,1.3581e-17,8.1615e-18,3.8291e-06,4.4721e-07,1.7392e-24,7.6403e-21,2.8262e-08,3.5511e-14,0.57445,0.029795,1.0889e-09,3.6134e-07,6.0635e-18,1.0904e-14,6.6627e-15,2.4495e-13,0.015664,8.5301e-05,3.9878e-07,1.5753e-15,0.043164,0.00040678,0.10333,8.8094e-05,0.001249,0.052962,8.1199e-10,0.018612,1.833e-06,3.9586e-05,0.01333,0.11101
1.1515e-18,1.407e-08,2.6003e-15,2.4336e-24,0.0048944,5.3305e-11,7.3851e-44,0,2.4761e-07,6.5022e-18,4.6281e-11,7.7043e-15,1.7336e-18,4.4906e-28,3.0363e-05,2.6448e-09,2.0963e-07,0.00039269,3.3776e-14,1.6191e-16,0.9624,0.0034028,1.1729e-08,8.1364e-09,0.0047998,2.0135e-10,0.0045686,1.0915e-05,8.8095e-08,6.879e-08,1.1961e-09,2.961e-16,4.9586e-17,6.389e-21,7.3722e-06,1.146e-06,8.9465e-09,5.5311e-09,9.2107e-09,2.7546e-08,0.0001168,1.1076e-07,5.7866e-14,4.3329e-12,5.144e-15,2.7191e-14,8.2793e-13,2.2589e-11,1.0885e-07,6.2497e-07,9.5701e-12,2.13e-07,6.1088e-10,1.3542e-07,1.0597e-08,1.6715e-07,2.5323e-07,1.1614e-06,7.5868e-13,1.759e-13,5.3936e-13,1.2748e-28,3.5186e-05,7.5565e-07,4.3779e-12,2.2084e-16,1.4059e-16,1.9182e-16,5.2684e-06,6.7156e-07,9.4625e-07,0.01485,4.5003e-12,1.3657e-13,1.6603e-08,2.0976e-07,0.0034538,0.062356,0.00060466,0.0013713,3.0452e-09,1.5897e-08,3.3265e-09,3.0812e-08,3.5198e-13,8.1503e-14,0.0011306,0.0006177,1.7254e-12,6.4048e-14,4.291e-10,4.6908e-10,0.01151,0.054945,2.2199e-07,1.2823e-08,9.5719e-11,3.3551e-10,4.1986e-09,1.8991e-08,6.7665e-05,1.9686e-05,4.1056e-05,5.5949e-08,0.14327,0.012753,0.19528,0.014087,0.0010166,0.052273,7.1285e-09,0.0069446,0.00014555,0.00087851,0.051642,0.20832
0.00010138,0.33696,6.1365e-13,1.5063e-05,4.3611e-40,5.2717e-39,7.5521e-11,2.4761e-07,0,1.7946e-07,0.050438,0.063091,0.00057236,5.8023e-06,1.2398e-16,1.6511e-08,0.13755,0.64013,7.6172e-09,1.2583e-05,3.7882e-14,8.2742e-20,3.8339e-10,0.0005844,1.2896e-20,1.8327e-17,2.8441e-23,1.317e-15,0.017091,0.0014128,3.9208e-08,3.4049e-05,2.95e-05,3.9617e-06,0.071125,0.278,4.5057e-06,0.00052522,6.6352e-12,6.245e-12,0.054812,0.0018325,0.00073144,0.015117,3.3719e-07,6.4943e-05,0.00020289,0.00016028,1.5467e-05,0.0004541,1.319e-05,2.5069e-05,6.7794e-09,1.9534e-05,2.2147e-08,3.4019e-07,0.1525,0.061218,7.0259e-16,2.2683e-13,1.6441e-07,6.787e-07,0.047236,0.00058568,0.00024495,0.10087,1.6182e-10,5.5569e-09,0.0017765,0.022107,0.03629,0.3697,0.41188,0.017118,0.00065563,0.055529,0.61173,0.38645,0.39574,0.4821,0.096436,0.00019191,6.1381e-10,4.1469e-07,3.9684e-07,1.1141e-05,2.0187e-16,1.5674e-09,6.4959e-15,1.639e-13,0.027972,1.6912e-06,0.69574,0.38275,0.0049148,0.0045319,0.0001771,0.00052793,0.0092311,0.0061721,0.23589,0.0072463,0.070153,0.010345,0.9711,0.85543,0.37909,0.083899,0.70586,0.63572,0.19367,0.077913,0.77857,0.8126,0.92713,0.53577
2.1278e-07,8.3033e-05,1.5079e-05,1.1745e-10,0.00033685,4.4132e-14,9.7287e-11,6.5022e-18,1.7946e-07,0,0.00049032,0.00049257,2.8079e-06,4.0665e-11,1.2762e-05,1.0637e-13,0.010498,0.72945,1.2109e-06,2.9416e-08,0.66033,0.0015328,7.222e-07,4.0976e-07,0.0028723,8.1229e-13,0.0016651,2.6697e-09,0.01382,0.028816,0.0005019,1.2077e-08,2.3638e-06,3.0027e-07,0.028272,0.0081295,9.21e-05,6.1932e-08,4.5337e-05,5.9843e-06,0.39707,0.0065168,7.3346e-10,1.4901e-08,6.5336e-10,5.3111e-10,2.4021e-09,2.3402e-08,1.2872e-06,1.1423e-05,2.1558e-08,2.6121e-06,1.5806e-09,3.103e-07,8.9546e-05,2.5939e-06,0.00013404,8.4475e-05,1.5668e-11,6.5912e-13,6.9265e-09,1.2641e-12,0.011795,0.00096642,4.2538e-07,1.1716e-06,1.9067e-08,3.6714e-09,5.3731e-05,1.5095e-05,1.1596e-05,0.015839,0.00065489,1.9898e-05,1.2556e-05,7.7788e-07,0.14614,0.98074,0.2757,0.91793,0.0052489,0.00081829,3.153e-06,1.7277e-06,1.1262e-08,2.4135e-09,0.02933,0.00014963,1.2853e-10,1.7399e-15,8.0693e-06,1.1615e-05,0.0026565,0.17588,0.00012151,0.0029141,2.4706e-06,2.7614e-05,4.9951e-05,0.00026362,0.0032627,0.0083691,0.022582,0.014606,0.61613,0.94836,0.41797,0.48483,0.29461,0.63857,0.13915,0.91742,0.096171,0.21192,0.9641,0.23406
3.1581e-18,2.4712e-17,1.816e-05,3.3856e-09,0.34388,0.0036234,8.4216e-12,4.6281e-11,0.050438,0.00049032,0,3.1579e-36,4.6863e-35,2.7183e-23,8.88e-16,7.5682e-19,5.5697e-18,4.9455e-16,3.6775e-15,1.4877e-17,0.67912,0.95249,2.6964e-09,6.8959e-10,0.11883,0.028705,0.13999,0.44256,8.1185e-20,1.768e-23,0.00020698,0.00015347,1.3548e-16,2.197e-17,0.00082459,6.526e-05,5.7165e-07,3.4388e-06,0.00011379,0.00013999,5.3535e-07,4.6449e-11,2.386e-14,9.0229e-15,3.8466e-13,8.8293e-15,4.3658e-16,6.2451e-16,1.1589e-11,7.2409e-12,1.1297e-13,1.5072e-11,1.1663e-13,2.9039e-12,4.7403e-11,3.9525e-12,2.6138e-08,2.2014e-09,4.4805e-10,3.5836e-07,7.6061e-20,1.7284e-10,8.5339e-14,1.8117e-20,2.8932e-11,0.0012783,1.9814e-10,1.9013e-10,9.6734e-09,1.689e-08,0.5174,0.0054806,4.0902e-05,3.6628e-10,0.0080313,0.0023556,0.24476,0.50527,3.1077e-09,8.5421e-09,2.8323e-16,1.0515e-14,2.2551e-16,1.2674e-20,6.6984e-35,5.6e-24,0.02801,5.9718e-08,3.3405e-08,6.7705e-08,0.46588,0.041844,0.0017989,0.0014448,4.1867e-09,4.5675e-05,1.7819e-09,1.4938e-10,7.9555e-12,4.3633e-09,0.019591,0.0045485,0.67429,0.032612,0.0029099,0.8435,0.37989,0.35441,1.2439e-09,3.1722e-05,3.4221e-09,0.079737,0.027615,0.99671,0.2877,0.23514
1.1898e-19,2.7834e-23,1.5681e-07,1.601e-18,0.21705,0.00042982,1.5108e-13,7.7043e-15,0.063091,0.00049257,3.1579e-36,0,5.6081e-29,8.1002e-34,8.7298e-12,2.5405e-18,6.2353e-23,1.9265e-20,1.1399e-17,3.7399e-24,0.60256,0.23125,1.8697e-11,1.9845e-15,0.0040832,0.00095935,0.02063,0.10487,2.3787e-20,2.1534e-21,1.1064e-05,6.8901e-05,8.4274e-24,2.7788e-27,0.00017696,6.4119e-08,2.4587e-09,4.3848e-08,1.0636e-08,9.51e-08,3.9764e-10,7.5542e-11,2.9618e-16,1.3749e-17,4.6106e-13,3.8305e-18,2.3128e-18,6.4192e-19,5.144e-14,1.1852e-15,9.0158e-18,1.9328e-14,9.3584e-16,8.0085e-15,6.6689e-14,1.4054e-14,5.7138e-15,6.1098e-14,6.4624e-13,1.9962e-12,3.1084e-23,3.0114e-14,3.9824e-21,4.7824e-23,2.7063e-06,0.00011136,7.051e-14,7.715e-17,2.1482e-15,1.0736e-11,0.00516,0.22046,7.5002e-05,1.8118e-10,0.0023811,0.00047735,0.18484,0.63661,6.4032e-12,8.5954e-12,1.1926e-23,1.0521e-21,1.7649e-17,2.7137e-19,6.2294e-29,5.1785e-31,0.0021851,6.333e-12,6.2633e-12,8.4105e-13,0.3026,0.012031,0.0014516,0.0098549,8.696e-09,1.0193e-07,5.3031e-14,2.7433e-13,8.3013e-16,4.7273e-13,0.22605,0.11372,0.03364,5.6797e-05,0.14657,0.45748,0.8278,0.18499,1.948e-06,0.0027,6.7667e-13,0.025096,0.004634,0.046875,0.47734,0.025094
6.3536e-27,8.3562e-17,1.2018e-14,4.5267e-14,0.044113,3.4707e-05,1.1105e-28,1.7336e-18,0.00057236,2.8079e-06,4.6863e-35,5.6081e-29,0,1.1216e-38,8.4846e-16,3.9619e-24,1.4665e-17,8.9738e-12,2.2774e-24,3.6028e-25,0.91842,0.10749,4.4681e-15,4.2789e-12,0.0041096,8.3696e-05,0.0023647,0.00016803,2.9113e-21,2.4741e-21,5.6094e-08,3.3384e-06,1.6534e-23,1.3712e-21,0.00042743,0.0025792,9.4725e-12,1.7668e-09,1.5626e-11,4.3712e-10,8.1384e-10,1.533e-10,1.4851e-21,1.8982e-20,3.6694e-18,2.11e-20,9.2425e-22,7.3662e-22,2.8695e-16,7.7428e-17,2.0175e-19,7.7019e-16,1.0848e-19,1.3783e-16,6.2979e-15,1.6208e-16,2.7324e-10,8.2667e-11,3.3696e-19,3.6382e-14,7.8901e-25,4.5468e-12,9.4067e-11,4.1032e-14,8.0795e-11,0.0040968,8.6415e-19,1.4522e-15,2.2989e-12,2.0446e-11,0.012933,0.27984,3.6063e-09,1.2908e-11,7.9243e-07,0.00026717,0.020232,0.38617,3.1632e-09,2.8445e-10,1.419e-15,2.3415e-16,4.519e-21,1.2994e-20,1.219e-30,3.1259e-23,0.00073035,5.5547e-08,5.9942e-19,2.7805e-15,0.0016595,1.0032e-07,0.040215,0.56293,1.2131e-09,6.7287e-07,1.1741e-15,1.546e-15,1.8373e-15,1.9087e-12,0.46015,0.84513,0.0049528,1.2955e-05,0.34506,0.33407,0.74569,0.012522,1.5835e-06,0.001922,2.7579e-12,0.0083175,2.0687e-05,0.030897,0.76943,0.03759
2.7051e-22,9.0955e-21,5.4538e-14,3.8376e-22,0.00079883,1.2443e-08,3.3562e-27,4.4906e-28,5.8023e-06,4.0665e-11,2.7183e-23,8.1002e-34,1.1216e-38,0,3.4813e-11,1.6616e-21,2.8197e-18,3.5482e-12,2.2862e-16,2.83e-23,0.21296,0.0018179,1.6072e-13,5.0309e-15,4.9043e-08,2.1496e-10,1.8922e-06,6.6728e-06,1.7811e-17,4.5248e-19,4.8841e-09,3.7098e-06,1.678e-25,2.3878e-25,8.8895e-05,3.422e-07,5.0228e-12,7.1793e-14,7.8869e-15,1.0753e-14,1.0339e-08,2.1832e-11,2.3294e-24,1.3889e-24,4.5746e-18,8.7806e-23,4.0213e-23,1.8099e-23,6.7881e-17,5.2909e-17,3.13e-24,1.0973e-17,2.2347e-20,2.4896e-18,2.5184e-17,5.4111e-19,2.5316e-15,8.0755e-14,3.3107e-18,3.54e-18,1.6258e-23,6.6357e-16,2.1394e-14,7.4991e-14,2.6535e-05,4.1191e-06,7.8529e-19,1.5387e-21,6.4988e-14,3.2029e-13,2.8639e-05,0.81466,1.7801e-06,5.8514e-10,1.5391e-05,9.9118e-05,0.42538,0.67011,3.4642e-09,1.3265e-09,3.2274e-22,3.0648e-20,6.7459e-20,1.4321e-18,6.8699e-28,2.9123e-30,2.7626e-05,1.3148e-11,3.3839e-22,6.8346e-23,0.076437,0.00030655,0.037707,0.15513,1.414e-11,2.0744e-09,3.8269e-16,1.2737e-17,3.566e-15,1.3671e-12,0.78761,0.83359,0.074128,0.00025153,0.30002,0.28825,0.63728,0.411,1.6402e-07,0.011092,1.6676e-11,0.14123,0.0010844,0.034001,0.9111,0.054036
1.897e-12,2.1374e-10,1.1958e-16,1.6665e-10,2.3581e-22,1.6283e-19,1.5837e-09,3.0363e-05,1.2398e-16,1.2762e-05,8.88e-16,8.7298e-12,8.4846e-16,3.4813e-11,0,2.4339e-39,1.2577e-13,2.4819e-10,4.3018e-26,8.8023e-21,8.7504e-10,5.6801e-15,6.0225e-28,3.2844e-16,6.4426e-17,1.005e-12,1.0099e-20,2.9085e-11,6.1136e-19,3.282e-21,1.1909e-11,1.4903e-06,1.5732e-15,2.1209e-15,0.85811,0.87711,5.3415e-14,1.0295e-11,3.5979e-19,5.9428e-19,2.7654e-11,3.9626e-15,5.9101e-10,1.8628e-08,3.857e-11,3.0763e-11,1.2657e-15,6.2154e-16,1.1036e-14,2.96e-12,1.0466e-14,8.7929e-14,5.7721e-26,3.6592e-17,4.6865e-21,4.3294e-21,7.9061e-07,1.4626e-09,3.7084e-23,1.6166e-17,1.0427e-21,5.2592e-06,3.8068e-13,2.6572e-21,0.00017929,0.17686,1.2205e-12,6.9116e-11,1.3584e-13,7.5612e-10,0.044237,0.43768,0.015101,1.3825e-07,4.7253e-05,2.9201e-05,0.49439,0.33245,2.8885e-06,5.2165e-08,1.5147e-10,1.0672e-18,3.0663e-50,2.6455e-44,2.1066e-30,5.8473e-24,1.5689e-22,1.3748e-27,6.6918e-22,1.9285e-20,0.088352,9.516e-07,5.5538e-05,0.0097129,1.4294e-08,1.1104e-05,7.9864e-11,5.0651e-12,4.7179e-13,1.9293e-12,0.20929,0.033026,0.00086598,0.00093686,0.018042,0.65222,0.65069,0.028583,0.0015153,0.0015599,0.00043537,0.27756,0.0075325,0.098754,0.92652,0.049657
1.4862e-18,5.1256e-16,4.3271e-15,9.9732e-18,1.9416e-10,1.9729e-15,1.2147e-11,2.6448e-09,1.6511e-08,1.0637e-13,7.5682e-19,2.5405e-18,3.9619e-24,1.6616e-21,2.4339e-39,0,1.922e-15,1.2524e-10,1.2677e-31,3.9053e-32,0.0082267,1.8784e-07,4.4502e-29,5.7404e-25,5.8697e-11,1.0791e-12,1.074e-11,3.1114e-09,4.5734e-21,1.3216e-21,5.558e-10,2.8686e-07,2.1796e-20,2.4031e-21,0.30527,0.10856,5.6216e-16,9.9953e-15,2.1258e-19,4.7154e-20,7.9536e-12,3.6943e-15,4.4101e-16,2.5274e-14,2.7409e-14,2.9138e-16,2.8406e-22,2.8587e-21,2.1351e-17,2.2749e-15,2.1079e-17,4.349e-15,1.2342e-28,5.9649e-21,1.3882e-20,1.67e-22,1.8272e-11,1.0478e-13,1.2167e-23,2.5673e-20,5.2411e-32,6.3047e-12,3.4572e-16,5.2004e-23,3.0106e-05,0.8411,2.4805e-13,2.8809e-12,4.6613e-18,6.2782e-12,0.0019036,0.64168,0.00070597,9.2332e-10,1.8245e-05,2.0204e-07,0.66072,0.15989,1.2175e-06,4.1159e-08,1.6549e-13,3.1115e-21,5.494e-47,5.8044e-56,1.9939e-32,2.7846e-31,6.1087e-15,2.4314e-28,4.917e-26,7.6357e-30,0.017558,4.634e-06,0.0048734,0.0057415,5.4253e-09,1.0352e-06,9.9228e-15,2.8382e-15,1.4478e-15,9.4248e-14,0.52668,0.040861,0.00038406,0.001061,0.14093,0.61714,0.50119,0.0070079,0.00062141,0.0032441,3.1377e-06,0.13883,0.0017637,0.022252,0.3231,0.072599
8.7722e-18,3.5987e-41,1.003e-06,7.3149e-13,0.0023064,3.3831e-05,5.3853e-08,2.0963e-07,0.13755,0.010498,5.5697e-18,6.2353e-23,1.4665e-17,2.8197e-18,1.2577e-13,1.922e-15,0,4.5342e-59,5.3993e-18,5.6747e-33,0.069263,0.00144,7.7644e-08,3.9481e-10,1.1203e-07,2.2965e-07,3.7388e-06,0.00098679,1.6851e-43,1.0582e-37,3.3179e-08,0.000135,3.8692e-36,6.2595e-37,0.47915,0.0026093,1.4651e-11,9.1126e-12,1.3301e-15,4.8753e-13,1.3023e-11,9.3906e-12,1.0429e-23,1.0605e-24,4.9621e-15,8.3845e-23,1.5437e-28,3.5694e-29,5.9799e-20,1.644e-23,3.3079e-27,4.1405e-25,5.1345e-24,9.5824e-26,4.3766e-24,6.7589e-26,3.4893e-34,2.0667e-35,1.9846e-17,1.4443e-16,7.9641e-27,4.9561e-05,3.9166e-46,4.3285e-34,0.94745,0.89779,1.9264e-16,5.6653e-18,1.67e-35,9.6481e-29,0.0063627,0.04674,2.6306e-05,2.4068e-09,0.0010173,0.00095958,0.62557,0.090825,8.3425e-39,5.9666e-33,2.8043e-61,9.4156e-50,1.1101e-25,1.7461e-24,1.3393e-22,7.7521e-26,7.4228e-07,1.0313e-12,5.6453e-15,1.2819e-16,0.54421,0.21868,2.4104e-10,1.1653e-07,9.0011e-18,8.8662e-09,1.0011e-20,9.9532e-19,1.1635e-25,2.8987e-23,0.056572,0.0014646,3.7392e-05,1.5047e-05,0.13469,0.76867,0.16482,0.0033552,3.2307e-08,0.00067982,3.7281e-15,0.0059055,0.00043157,0.0041212,0.80963,0.019102
1.1657e-12,1.7896e-38,0.0003556,4.6283e-08,0.012955,0.0051473,6.7637e-05,0.00039269,0.64013,0.72945,4.9455e-16,1.9265e-20,8.9738e-12,3.5482e-12,2.4819e-10,1.2524e-10,4.5342e-59,0,1.3567e-11,2.7521e-23,0.082837,0.034168,0.00011208,2.4995e-06,3.0486e-05,0.0009416,0.00079319,0.19865,6.9624e-39,6.3862e-35,2.4885e-08,0.005082,6.3334e-27,7.1282e-26,0.97295,0.024781,1.9292e-07,1.9451e-06,2.2782e-10,1.8571e-07,3.9952e-09,1.3397e-08,6.1434e-15,3.4433e-16,1.6374e-11,4.5284e-16,7.1817e-19,6.6337e-21,2.2026e-15,8.5704e-19,5.7963e-20,1.8056e-18,1.3948e-16,4.3661e-20,2.0677e-18,8.8914e-19,7.878e-30,7.9152e-32,4.9829e-12,1.2537e-10,4.1621e-20,0.0031919,1.0333e-43,1.3557e-33,0.30133,0.24464,7.9896e-10,2.2795e-11,1.1754e-27,7.1661e-23,0.1684,0.011274,0.011248,2.2986e-06,0.48656,0.057241,0.020359,0.0035792,2.239e-41,1.1648e-34,9.0696e-52,2.5666e-38,9.089e-19,1.4969e-19,8.6564e-15,7.3384e-18,0.00010081,6.3976e-09,4.2084e-10,2.2823e-10,0.081533,0.86766,5.121e-13,2.9982e-09,1.2508e-13,7.9093e-06,6.3258e-14,2.8443e-12,7.2501e-19,4.1386e-16,0.0079138,0.00033449,0.00031781,0.0011637,0.0029347,0.3591,0.36511,0.0069323,1.3525e-08,0.00033517,5.8605e-10,0.023933,0.0022667,0.040937,0.65681,0.06315
1.5586e-39,1.5395e-16,7.296e-21,4.0282e-18,7.6454e-09,1.8944e-15,3.7725e-21,3.3776e-14,7.6172e-09,1.2109e-06,3.6775e-15,1.1399e-17,2.2774e-24,2.2862e-16,4.3018e-26,1.2677e-31,5.3993e-18,1.3567e-11,0,7.2299e-55,0.086383,3.191e-08,2.0181e-21,4.1281e-14,9.0091e-09,2.601e-09,1.6156e-09,5.1033e-08,1.8975e-22,1.4381e-18,3.9382e-09,1.8838e-07,3.1781e-28,1.0326e-30,0.37275,0.52181,5.9854e-17,2.8633e-12,1.1112e-23,6.1839e-19,1.0661e-13,9.5846e-14,9.2679e-16,1.2993e-13,1.0506e-13,7.5443e-17,1.3356e-20,3.7104e-20,1.537e-16,4.4058e-16,5.6724e-15,3.8585e-14,2.8143e-24,1.1101e-17,2.6412e-19,2.6999e-19,3.3507e-15,3.98e-17,1.121e-29,7.0078e-23,7.5094e-36,1.8915e-13,2.2597e-16,1.8558e-23,1.2561e-05,0.42292,6.0405e-20,3.8674e-14,2.6959e-21,2.7243e-13,0.00062499,0.9456,9.0937e-10,1.983e-14,2.7562e-08,6.1647e-09,0.068802,0.81463,3.8988e-07,5.0557e-10,2.1692e-12,1.4567e-20,7.3278e-36,2.7055e-33,3.0775e-23,1.0804e-19,8.8534e-17,4.2279e-19,3.8717e-26,7.1908e-24,4.5229e-05,7.1036e-13,0.047723,0.90896,5.2278e-07,6.6306e-06,6.3664e-19,1.7561e-14,1.678e-17,3.4623e-17,0.54839,0.35884,3.9055e-06,3.321e-11,0.44392,0.97072,0.016934,2.818e-05,0.080322,0.055519,1.2365e-09,0.011481,8.3681e-05,0.0023901,0.042143,0.051227
1.3314e-40,1.0592e-33,1.0176e-17,1.8101e-26,6.9207e-07,1.3212e-13,9.7809e-20,1.6191e-16,1.2583e-05,2.9416e-08,1.4877e-17,3.7399e-24,3.6028e-25,2.83e-23,8.8023e-21,3.9053e-32,5.6747e-33,2.7521e-23,7.2299e-55,0,0.20303,4.2502e-07,3.1016e-19,3.3721e-17,1.6531e-10,1.5935e-12,8.1366e-10,3.9161e-09,4.1152e-31,5.608e-27,3.6059e-10,9.9073e-08,3.2559e-43,4.6259e-48,0.2329,0.069927,2.0606e-18,8.1479e-16,5.8262e-26,9.7689e-21,3.1727e-14,5.4986e-15,7.6149e-27,4.7271e-24,3.4715e-19,3.8819e-26,1.0191e-32,1.2427e-31,5.9676e-24,9.9764e-25,3.0399e-25,6.6621e-23,5.304e-30,2.3285e-26,2.3468e-26,5.7039e-27,3.5875e-29,1.1989e-31,1.0721e-33,6.4111e-28,2.5888e-44,6.8903e-13,4.9375e-28,6.7149e-30,0.0021717,0.22187,3.9147e-25,9.4379e-20,1.4176e-39,1.3292e-27,4.5772e-06,0.77891,1.1591e-10,4.7394e-18,1.6951e-08,8.7813e-10,0.62068,0.20778,1.6237e-15,3.0826e-18,2.993e-27,4.3222e-35,8.6236e-39,1.1453e-35,2.9799e-25,9.0358e-28,1.2273e-13,5.4001e-19,2.4108e-28,7.3556e-30,0.025504,4.4106e-06,0.0013465,0.034968,5.2293e-13,1.433e-08,3.4482e-27,1.1862e-20,4.7212e-24,2.8086e-21,0.83128,0.4684,2.3699e-06,3.2604e-08,0.72909,0.85142,0.056809,4.3303e-05,0.00011427,0.01078,2.3383e-13,0.032243,8.535e-05,0.00147,0.10387,0.006309
0.5728,0.061579,8.1387e-05,0.30399,1.297e-26,5.402e-12,0.19166,0.9624,3.7882e-14,0.66033,0.67912,0.60256,0.91842,0.21296,8.7504e-10,0.0082267,0.069263,0.082837,0.086383,0.20303,0,1.9846e-26,0.0035472,0.12209,4.6692e-22,4.4855e-14,3.439e-24,6.2149e-08,0.0030849,2.4932e-05,6.0276e-08,0.040403,0.086408,0.14983,0.027068,0.49262,0.37657,0.11254,2.4318e-05,2.8157e-05,0.15364,0.0013014,0.55777,0.92183,0.25757,0.51476,0.53755,0.14815,0.22222,0.26909,0.09577,0.17728,0.0098779,0.10853,0.014779,0.013117,0.90948,0.35456,0.0010852,0.0012745,0.31442,0.65461,0.1653,0.10894,0.014518,0.056179,0.17181,0.091956,0.14918,0.1532,0.098715,0.038896,0.47374,0.89959,0.62279,0.68669,0.0073845,0.043024,0.014185,0.022581,0.0090573,0.0074383,1.9088e-05,8.4833e-05,0.057335,0.030829,1.0474e-08,0.00026241,0.00052586,0.00093222,0.063907,0.39299,0.026879,0.12886,7.654e-06,0.18225,0.56759,0.45598,0.72954,0.84659,0.74086,0.57107,0.8267,0.63898,7.1439e-05,0.052669,0.0051553,0.025733,0.00061866,0.017642,0.036942,0.0098673,0.51052,0.16161,0.00090488,0.28282
0.00016219,0.010984,3.3043e-12,1.3522e-05,1.4484e-37,4.0673e-22,1.1894e-05,0.0034028,8.2742e-20,0.0015328,0.95249,0.23125,0.10749,0.0018179,5.6801e-15,1.8784e-07,0.00144,0.034168,3.191e-08,4.2502e-07,1.9846e-26,0,2.6057e-09,7.9239e-05,7.1442e-33,2.1812e-20,6.0306e-37,1.9437e-13,0.00017061,6.4546e-05,1.1615e-08,0.0020866,3.2067e-05,4.5299e-06,0.24748,0.37603,4.6243e-07,4.434e-06,7.0266e-14,5.0096e-12,0.001622,4.109e-07,0.0051577,0.043181,0.00041527,0.0010716,0.00017039,5.8424e-05,9.3476e-06,8.936e-05,6.7018e-06,2.0582e-05,1.2079e-08,1.8986e-06,8.3372e-09,6.3581e-08,0.017944,0.0059898,9.1352e-11,1.8782e-11,1.5738e-05,0.0068124,0.00042445,7.7401e-05,0.4348,0.077078,1.7402e-06,1.4834e-05,1.2561e-05,0.0004135,9.0938e-08,5.7075e-05,0.025829,0.0028125,0.0010172,0.00066782,0.4719,0.0419,0.040668,0.0088492,0.0007969,2.7336e-07,1.5999e-11,6.012e-09,0.00076695,1.2605e-05,3.3556e-19,1.5311e-11,1.1795e-09,1.7842e-11,0.26469,0.00022456,0.056665,0.81518,5.2354e-05,0.0066466,0.00090123,0.00032572,0.00066232,0.00044941,0.31352,0.43811,0.0016391,0.0014672,0.78217,0.97063,0.9972,0.20603,0.19235,0.54447,0.41075,0.53046,0.060833,0.041203,0.58494,0.093914
2.5055e-11,1.9456e-07,1.2535e-40,4.9502e-32,4.7485e-12,7.4192e-15,1.7333e-16,1.1729e-08,3.8339e-10,7.222e-07,2.6964e-09,1.8697e-11,4.4681e-15,1.6072e-13,6.0225e-28,4.4502e-29,7.7644e-08,0.00011208,2.0181e-21,3.1016e-19,0.0035472,2.6057e-09,0,5.2191e-57,5.4987e-18,5.2176e-18,1.7299e-17,4.7009e-14,4.2997e-09,5.7515e-09,2.0754e-16,8.381e-12,1.3655e-16,4.5362e-15,8.8773e-06,0.0019593,3.878e-23,1.6639e-19,8.0801e-22,2.2746e-22,3.0133e-14,1.9026e-17,1.5502e-14,6.6735e-13,5.578e-14,5.6671e-15,4.4045e-18,1.2663e-16,4.581e-16,1.0305e-12,1.0866e-14,2.1014e-14,1.2655e-22,1.5205e-16,1.0592e-20,7.141e-19,7.6419e-08,3.0465e-09,2.9444e-23,2.1223e-20,3.7069e-18,1.0215e-05,1.5754e-07,9.7718e-10,2.2617e-06,0.1522,1.6034e-22,5.8211e-18,4.5225e-14,8.1638e-09,2.5893e-07,0.16369,0.0009405,1.3673e-09,1.1703e-11,1.1193e-05,9.8727e-05,0.047782,0.0005721,1.2012e-06,3.1146e-08,3.5952e-16,1.4056e-29,2.1254e-22,4.759e-28,6.5661e-29,3.1729e-17,8.7733e-32,1.2398e-23,1.3671e-22,0.0029917,6.8652e-08,0.012721,0.50033,9.67e-08,3.4144e-06,5.6451e-17,7.4053e-16,1.5932e-15,1.616e-12,0.9149,0.56116,3.4489e-06,1.4828e-07,0.2829,0.0012169,0.14539,0.0013281,0.006221,0.015797,2.5195e-09,0.25742,0.003431,0.00016569,0.00188,0.004739
7.3489e-09,1.067e-09,1.9036e-28,3.1624e-44,1.4049e-05,1.0212e-09,1.01e-10,8.1364e-09,0.0005844,4.0976e-07,6.8959e-10,1.9845e-15,4.2789e-12,5.0309e-15,3.2844e-16,5.7404e-25,3.9481e-10,2.4995e-06,4.1281e-14,3.3721e-17,0.12209,7.9239e-05,5.2191e-57,0,1.2892e-11,8.4339e-16,6.4564e-10,2.4908e-09,8.4276e-10,5.6983e-09,3.6251e-13,8.7604e-12,1.2254e-15,2.6281e-15,1.8882e-05,5.7322e-05,3.1421e-17,7.0169e-18,1.4787e-15,1.3057e-17,1.0749e-15,1.5563e-18,4.2274e-14,1.7317e-13,1.0043e-09,1.4592e-12,5.7012e-16,3.4163e-14,3.2341e-11,2.1297e-09,5.4617e-12,7.8317e-11,2.7326e-16,7.1052e-13,5.9024e-16,2.5762e-14,2.1339e-09,4.1273e-10,8.5787e-14,1.7797e-13,1.7756e-14,2.153e-05,5.0461e-08,2.0515e-08,3.5434e-05,0.020956,1.4447e-15,8.1254e-14,7.8081e-15,2.6563e-09,4.5503e-09,0.040129,0.00067615,2.3669e-10,1.3724e-09,3.1951e-06,0.00012536,0.015947,2.2704e-05,1.9115e-08,8.8996e-12,1.4582e-16,2.0601e-21,5.2015e-18,6.1396e-25,2.9425e-30,4.1423e-11,2.7521e-27,2.6957e-16,8.2674e-18,0.033555,0.001613,0.022088,0.054578,4.2805e-08,9.0412e-07,6.1371e-14,1.757e-14,1.6523e-13,2.6795e-10,0.36236,0.022729,3.9817e-05,0.00022326,0.29572,0.00080514,0.26607,0.013432,0.0008813,0.0067892,1.093e-10,0.066791,0.0062273,2.9289e-05,0.00072786,0.0064226
2.1215e-05,4.8195e-07,1.6673e-17,1.4599e-11,7.1456e-41,2.9806e-25,2.8468e-07,0.0047998,1.2896e-20,0.0028723,0.11883,0.0040832,0.0041096,4.9043e-08,6.4426e-17,5.8697e-11,1.1203e-07,3.0486e-05,9.0091e-09,1.6531e-10,4.6692e-22,7.1442e-33,5.4987e-18,1.2892e-11,0,4.9095e-34,1.7496e-74,1.1929e-19,1.4141e-06,2.7006e-08,3.2487e-13,0.0028302,9.8948e-12,5.5017e-10,0.21096,0.034657,9.7528e-13,2.9817e-14,4.0833e-28,1.5937e-26,2.0409e-05,2.2252e-09,7.1332e-10,2.6912e-08,1.4048e-08,1.3564e-09,1.4252e-10,1.0418e-11,5.1706e-12,8.4633e-11,3.4122e-13,1.0211e-12,2.0102e-16,4.6858e-14,7.2864e-19,2.9952e-18,4.9249e-08,6.5608e-09,2.0607e-18,3.0655e-20,4.4285e-11,0.038563,4.4808e-09,6.0961e-07,0.33665,0.65507,1.1031e-15,3.5313e-15,3.4509e-14,8.7382e-10,0.00013831,0.40516,0.22724,0.0031609,0.00010407,0.0046955,0.32958,0.035408,9.7774e-06,7.8438e-08,1.4349e-09,3.155e-16,8.5943e-20,8.1112e-13,5.3979e-09,4.2599e-13,3.9533e-26,4.2282e-24,2.7834e-19,2.3984e-21,0.32163,0.045554,1.4748e-05,0.013411,3.7238e-09,5.012e-05,6.3111e-10,8.4709e-10,9.8033e-09,1.2779e-08,0.28607,0.3368,0.0032676,0.00030568,0.82245,0.2782,0.42751,0.12508,0.006771,0.11084,0.00072082,0.20139,0.079289,0.012579,0.40454,0.091903
2.1398e-06,9.6846e-09,3.2665e-21,1.3749e-19,8.9614e-21,1.208e-24,2.6915e-11,2.0135e-10,1.8327e-17,8.1229e-13,0.028705,0.00095935,8.3696e-05,2.1496e-10,1.005e-12,1.0791e-12,2.2965e-07,0.0009416,2.601e-09,1.5935e-12,4.4855e-14,2.1812e-20,5.2176e-18,8.4339e-16,4.9095e-34,0,1.8366e-29,4.767e-21,2.8113e-07,2.5327e-09,9.1886e-20,4.532e-11,2.827e-14,8.9739e-15,0.05112,0.00055355,4.4161e-10,6.9248e-16,3.8186e-19,1.4614e-22,9.3407e-05,5.5406e-11,4.336e-12,3.0957e-09,2.7264e-10,4.3883e-10,2.5227e-11,1.6714e-11,1.9431e-09,5.421e-08,1.2997e-12,2.1347e-09,4.2646e-14,1.3591e-10,8.8556e-12,1.6914e-12,9.3911e-07,8.9725e-09,1.1854e-18,2.3088e-20,1.4066e-10,0.00014024,2.2503e-05,0.0002118,0.21168,0.029949,8.2483e-16,6.0145e-15,2.9782e-12,4.8685e-11,1.9204e-10,0.00022051,2.1227e-05,5.0764e-08,6.3954e-07,6.0382e-06,0.28646,0.98757,9.6372e-06,1.5502e-06,1.4485e-10,2.704e-12,1.1118e-15,3.2608e-13,4.5883e-11,1.271e-14,7.5079e-13,7.091e-13,2.0518e-17,2.3763e-20,0.1491,0.0011,0.62462,0.44824,2.038e-17,3.3792e-09,5.7996e-08,8.5967e-11,8.6896e-07,8.0172e-06,0.17048,0.16019,0.00066857,0.00013974,0.63445,0.37962,0.32017,0.57739,6.6617e-06,0.0013944,0.0021709,0.77691,0.15191,0.056519,0.93736,0.18895
2.0328e-05,3.6969e-05,1.6362e-16,5.7188e-10,7.2242e-45,4.6146e-27,3.0781e-07,0.0045686,2.8441e-23,0.0016651,0.13999,0.02063,0.0023647,1.8922e-06,1.0099e-20,1.074e-11,3.7388e-06,0.00079319,1.6156e-09,8.1366e-10,3.439e-24,6.0306e-37,1.7299e-17,6.4564e-10,1.7496e-74,1.8366e-29,0,1.1133e-26,2.1473e-05,6.1371e-07,4.6689e-10,0.0056011,1.4062e-09,9.5036e-09,0.44096,0.18013,6.6784e-12,6.3204e-14,6.2968e-27,5.5305e-30,0.00023097,3.6007e-09,7.4928e-07,1.6076e-05,3.2321e-06,1.03e-06,3.6467e-08,7.3673e-09,1.4968e-08,2.7674e-07,1.7215e-09,3.6261e-09,4.1788e-14,6.4838e-11,2.2553e-16,2.4448e-15,1.9419e-05,2.1152e-06,1.6793e-16,1.2167e-16,4.1599e-10,0.0075787,2.93e-06,5.9132e-06,0.86617,0.7401,1.3741e-12,1.3071e-11,1.6236e-10,6.0184e-07,0.00047359,0.36047,0.22512,0.011943,1.804e-05,0.0025108,0.69603,0.074937,0.0028788,8.3092e-05,4.3078e-06,1.7902e-12,6.3752e-22,5.6905e-13,7.9465e-09,1.2883e-11,1.5705e-34,4.2816e-23,1.1896e-17,3.0046e-19,0.88316,0.0069873,0.00067163,0.031153,5.6854e-09,4.8647e-07,4.2064e-08,6.7614e-09,2.343e-07,1.0227e-07,0.52148,0.3322,0.005984,0.0012991,0.67953,0.15209,0.58303,0.18015,0.013131,0.018162,0.0039064,0.31585,0.16627,0.0067153,0.23118,0.0067997
5.3112e-05,0.00089665,1.1807e-14,3.4565e-12,6.4986e-18,7.3861e-20,3.6081e-08,1.0915e-05,1.317e-15,2.6697e-09,0.44256,0.10487,0.00016803,6.6728e-06,2.9085e-11,3.1114e-09,0.00098679,0.19865,5.1033e-08,3.9161e-09,6.2149e-08,1.9437e-13,4.7009e-14,2.4908e-09,1.1929e-19,4.767e-21,1.1133e-26,0,0.0041372,0.0083918,1.0147e-07,2.6963e-05,2.0585e-07,6.8486e-07,0.13007,0.286,9.0362e-08,2.8472e-09,8.0984e-13,1.2361e-14,0.0075593,0.0030598,1.4111e-07,9.2491e-06,2.1274e-06,2.8408e-07,3.3056e-07,1.505e-07,5.9358e-06,3.125e-05,1.3136e-07,1.2397e-07,3.9895e-11,1.3286e-07,4.401e-10,9.4803e-10,0.00011361,1.9961e-05,2.6598e-14,7.734e-14,1.8089e-06,0.00088237,0.0056417,0.0057383,0.27364,0.25137,8.1877e-12,2.9137e-09,7.9123e-08,1.2088e-07,2.2574e-05,0.14766,0.10002,0.011194,3.0667e-08,0.0037506,0.30212,0.73336,0.21696,0.11637,0.0029078,1.8799e-06,2.7986e-12,5.5407e-07,4.2068e-07,6.9664e-09,7.1044e-14,2.5605e-09,6.1365e-17,3.436e-18,0.0010514,0.00010694,0.77514,0.86805,3.7612e-05,3.4526e-05,1.9969e-08,1.0302e-08,5.9993e-06,2.6482e-06,0.17236,0.33909,8.2679e-05,0.0053725,0.02214,0.095568,0.43795,0.081363,0.15849,0.933,0.01098,0.69959,0.084511,0.001456,0.14994,0.15129
1.8404e-16,1.2383e-27,5.7122e-09,2.9086e-09,5.2214e-05,1.9024e-05,1.1528e-09,8.8095e-08,0.017091,0.01382,8.1185e-20,2.3787e-20,2.9113e-21,1.7811e-17,6.1136e-19,4.5734e-21,1.6851e-43,6.9624e-39,1.8975e-22,4.1152e-31,0.0030849,0.00017061,4.2997e-09,8.4276e-10,1.4141e-06,2.8113e-07,2.1473e-05,0.0041372,0,1.6221e-55,6.035e-14,6.0252e-07,4.5155e-32,1.2176e-30,0.3257,0.016442,1.1011e-08,2.1906e-08,3.3374e-14,1.7567e-10,2.3011e-15,9.3167e-15,1.9153e-13,5.23e-13,2.7652e-12,5.2437e-14,3.6107e-18,2.9213e-19,5.2491e-14,8.6939e-16,1.4107e-16,5.6628e-15,1.616e-17,7.902e-16,7.1208e-17,9.7082e-17,1.8101e-16,8.1103e-20,1.4628e-14,5.9605e-12,1.688e-21,1.1125e-06,5.629e-28,4.0137e-30,0.25557,0.5134,2.0609e-11,5.0562e-10,1.325e-21,4.7865e-18,0.085957,0.2276,6.762e-07,8.6861e-12,0.009859,0.00017225,0.53072,0.26087,1.0193e-30,1.0141e-29,1.9323e-39,2.0729e-31,6.4686e-29,4.9262e-36,1.0674e-18,1.2224e-19,2.267e-06,4.9355e-10,1.7431e-14,3.9403e-14,0.1872,0.00022741,1.3582e-05,0.00089775,1.7816e-14,9.6498e-07,3.9124e-12,8.2644e-13,1.2194e-16,1.2408e-15,0.45943,0.017399,9.7415e-06,9.0156e-05,0.0048657,0.25401,0.23904,0.007039,1.8303e-08,0.00013829,2.6573e-10,0.0001742,4.4885e-07,0.046816,0.64655,0.44914
1.8714e-14,1.8545e-28,1.3752e-08,2.7476e-09,3.2054e-05,2.9656e-06,2.0302e-10,6.879e-08,0.0014128,0.028816,1.768e-23,2.1534e-21,2.4741e-21,4.5248e-19,3.282e-21,1.3216e-21,1.0582e-37,6.3862e-35,1.4381e-18,5.608e-27,2.4932e-05,6.4546e-05,5.7515e-09,5.6983e-09,2.7006e-08,2.5327e-09,6.1371e-07,0.0083918,1.6221e-55,0,8.0631e-13,9.8897e-06,8.5727e-28,2.1996e-29,0.68792,0.0051301,1.7937e-07,3.7595e-09,3.8987e-12,2.1121e-11,8.2497e-13,1.115e-16,1.8765e-15,1.6837e-14,1.8738e-13,3.6555e-15,3.5715e-19,5.9407e-21,1.2333e-12,2.0686e-14,2.1262e-18,7.6498e-15,8.7296e-19,3.5192e-17,7.6473e-17,4.0673e-18,3.0128e-12,1.3425e-15,4.4231e-15,1.9983e-12,2.0113e-19,1.7773e-05,1.0813e-22,3.6323e-25,0.19599,0.70576,8.143e-11,1.5153e-11,1.4803e-17,1.5975e-14,0.10379,0.18591,8.7468e-06,1.4154e-10,0.066079,8.6724e-05,0.48733,0.27786,1.6033e-27,5.716e-28,1.637e-40,2.7652e-30,3.2928e-31,7.4487e-40,6.794e-25,1.69e-23,1.0394e-06,2.0225e-09,1.8124e-13,2.3576e-12,0.95764,0.0062775,4.3484e-06,1.1252e-05,1.711e-22,2.4352e-10,1.267e-09,5.3778e-13,2.0142e-13,1.4734e-11,0.19832,0.0059012,0.0098439,0.0019439,5.0521e-06,0.10821,0.34963,0.25934,1.6909e-14,1.2842e-09,3.3475e-07,0.025658,0.0021515,0.41704,0.0345,0.19533
3.046e-05,4.0434e-07,6.7376e-21,1.0382e-11,1.3436e-10,4.1213e-10,4.5541e-15,1.1961e-09,3.9208e-08,0.0005019,0.00020698,1.1064e-05,5.6094e-08,4.8841e-09,1.1909e-11,5.558e-10,3.3179e-08,2.4885e-08,3.9382e-09,3.6059e-10,6.0276e-08,1.1615e-08,2.0754e-16,3.6251e-13,3.2487e-13,9.1886e-20,4.6689e-10,1.0147e-07,6.035e-14,8.0631e-13,0,3.9131e-29,1.2106e-18,2.8953e-15,2.055e-05,0.00038206,1.2985e-10,2.1609e-08,2.2809e-12,1.4203e-09,3.4617e-08,3.8431e-08,5.0965e-08,1.0995e-06,3.4989e-11,1.5873e-09,3.1408e-08,4.6978e-09,3.636e-08,1.2545e-07,3.1716e-09,8.9732e-08,1.2798e-09,4.8497e-08,3.603e-08,1.178e-07,7.9821e-06,3.2056e-06,9.7967e-13,3.3867e-11,2.0266e-08,0.00012297,1.5729e-07,9.0324e-08,0.0058189,0.065115,1.3104e-12,2.9948e-11,7.1983e-08,2.8414e-08,0.0019147,0.12974,0.0012022,5.3474e-06,0.0061443,0.0097764,0.60586,0.3346,6.7226e-12,2.047e-09,9.8238e-13,8.2009e-13,1.2608e-14,8.1751e-15,3.4805e-09,3.2991e-11,4.7774e-05,1.2004e-06,6.1154e-14,5.637e-12,0.012633,1.8684e-05,0.36948,0.91743,2.2227e-11,0.00076469,5.8828e-06,6.1732e-06,3.6054e-06,8.1304e-06,0.09967,0.018758,3.6128e-09,7.8867e-07,0.27527,0.044776,0.33739,0.0095369,2.8229e-05,0.0088261,0.00025182,0.23948,0.0010669,0.048721,0.8423,0.36487
2.3358e-06,0.00060333,2.9843e-16,3.3587e-13,0.00053951,9.19e-09,2.0188e-13,2.961e-16,3.4049e-05,1.2077e-08,0.00015347,6.8901e-05,3.3384e-06,3.7098e-06,1.4903e-06,2.8686e-07,0.000135,0.005082,1.8838e-07,9.9073e-08,0.040403,0.0020866,8.381e-12,8.7604e-12,0.0028302,4.532e-11,0.0056011,2.6963e-05,6.0252e-07,9.8897e-06,3.9131e-29,0,1.8818e-10,6.865e-12,1.3565e-05,4.8666e-05,4.0529e-06,0.00031352,4.809e-05,0.00075695,0.00047775,0.00021223,3.6965e-05,0.00022945,7.1913e-09,3.2339e-07,2.5044e-05,6.0322e-05,0.0002262,0.00087481,5.2986e-05,0.00099027,1.4509e-05,0.00067641,0.0011901,0.004115,0.0042628,0.0024815,8.0575e-08,2.7664e-07,1.5759e-05,9.5145e-10,0.0047835,2.6188e-05,1.4664e-07,1.4856e-05,2.2474e-08,2.1988e-07,0.00079068,0.00016533,0.00013425,0.015877,3.8231e-05,3.3322e-06,0.00026171,0.0011437,0.025475,0.02512,0.00023878,0.021115,2.743e-05,2.7076e-05,1.8342e-06,2.8727e-08,2.0328e-07,8.4703e-08,0.051894,0.0024201,5.4129e-08,1.334e-08,1.2245e-06,1.1377e-06,0.054575,0.049247,8.8335e-06,0.00075165,0.00028984,0.001619,0.0011848,0.0029242,0.00039202,0.00034268,3.0123e-08,8.5935e-05,0.64389,0.0096017,0.22906,0.0016176,0.004745,0.147,0.0046234,0.18793,0.016205,0.14818,0.33785,0.43608
1.7721e-25,9.7046e-34,8.6102e-15,4.6444e-22,1.676e-06,4.2255e-11,3.9793e-24,4.9586e-17,2.95e-05,2.3638e-06,1.3548e-16,8.4274e-24,1.6534e-23,1.678e-25,1.5732e-15,2.1796e-20,3.8692e-36,6.3334e-27,3.1781e-28,3.2559e-43,0.086408,3.2067e-05,1.3655e-16,1.2254e-15,9.8948e-12,2.827e-14,1.4062e-09,2.0585e-07,4.5155e-32,8.5727e-28,1.2106e-18,1.8818e-10,0,1.7268e-66,0.0004492,4.0436e-05,6.7384e-18,3.5373e-14,2.2531e-24,5.2507e-18,1.8939e-13,8.5364e-15,5.5357e-32,2.0635e-29,6.7364e-31,2.1811e-35,1.2502e-38,2.2905e-39,1.3862e-32,7.4849e-35,6.5549e-34,3.0442e-33,1.3806e-33,5.8344e-31,2.8469e-31,1.5622e-31,4.75e-33,2.5123e-35,8.0538e-36,1.7192e-33,2.5108e-46,1.5379e-11,8.1387e-33,1.0002e-29,0.0033815,0.032691,2.4768e-39,1.153e-35,1.398e-36,2.9098e-33,0.0044666,0.040339,1.7169e-08,6.9035e-13,3.2969e-06,1.2548e-05,0.34525,0.68659,4.7483e-22,4.906e-26,2.5365e-38,2.804e-46,3.6488e-32,3.7904e-28,1.1273e-26,1.6643e-31,9.7633e-10,1.7414e-16,4.0295e-30,7.5738e-29,0.047426,4.4277e-05,0.00066811,0.013537,5.0789e-18,3.8421e-10,5.5643e-32,2.1018e-26,9.7234e-31,8.1802e-25,0.90601,0.90859,4.8502e-09,3.6811e-13,0.74333,0.23511,0.063402,5.1663e-05,7.4478e-06,0.0057906,5.8642e-17,0.013248,2.1003e-05,0.00061963,0.13546,0.1269
