0,7.6192e-52,6.863e-14,1.2572e-16,0.00033618,1.6667e-14,2.1169e-07,4.2305e-09,0.00098994,8.9572e-08,6.5924e-23,7.4686e-14,0.00018439,4.3275e-05,1.333e-05,1.5278e-09,1.0097e-48,1.5247e-41,1.785e-21,1.4235e-40,0.47125,0.0056589,0.014034,8.807e-06,0.00032381,7.0469e-06,0.00030121,0.0060898,3.5032e-24,3.3717e-14,4.9781e-06,2.7448e-06,5.614e-25,7.3113e-25,0.004498,0.015637,2.7311e-13,4.7305e-09,3.1856e-07,9.6907e-12,0.72211,2.6038e-05,1.2818e-20,7.0122e-28,1.5071e-19,2.0706e-30,3.1713e-28,5.3908e-30,2.7635e-32,3.0607e-37,3.7792e-22,1.0827e-31,1.9034e-28,2.7582e-35,8.5565e-15,1.8427e-25,1.1274e-80,1.0012e-45,8.9855e-32,1.3109e-25,2.2919e-15,3.5546e-07,5.6336e-11,3.0155e-13,0.054879,0.00119,1.3317e-21,1.6838e-07,3.3079e-49,1.8106e-25,0.0080138,0.52885,6.4581e-09,8.2405e-09,4.073e-07,4.241e-08,0.018596,0.24723,5.2383e-33,4.3866e-21,8.3235e-46,1.6526e-40,7.6437e-16,2.6448e-25,2.3566e-23,5.3066e-29,7.5033e-07,1.0675e-07,3.779e-13,9.8828e-29,0.44268,0.31533,0.66695,0.89558,6.6382e-14,1.4073e-07,8.7428e-19,1.6578e-25,3.8865e-08,2.9621e-19,0.044305,2.4495e-06,9.9515e-07,0.00093809,0.0037268,0.012095,0.96887,3.7187e-07,0.0037338,0.87619,0.39972,0.69901,0.064219,1.2437e-12,0.001993,0.23161
7.6192e-52,0,1.2568e-09,8.6013e-13,0.0074633,7.269e-09,0.00024257,1.1471e-06,0.074421,0.0012367,3.4711e-17,2.7752e-09,0.00055981,0.0046941,0.0014213,1.0403e-05,1.7792e-45,5.1539e-32,9.926e-13,3.6244e-31,0.7547,0.11708,0.076428,2.2453e-05,0.0033574,0.00049815,0.003475,0.014644,2.3987e-21,4.2762e-07,0.0002006,2.6935e-05,2.4207e-23,1.0849e-26,0.00074108,0.0083282,1.8007e-10,0.00023497,0.00023431,9.3611e-09,0.10107,0.043313,1.0528e-16,1.8957e-21,1.4997e-14,7.0808e-23,1.6827e-23,5.1547e-25,2.3461e-28,6.8111e-29,2.6735e-17,2.6151e-23,1.1802e-22,5.1808e-28,1.508e-12,3.6693e-21,1.61e-57,3.4339e-52,1.0131e-23,3.533e-24,5.544e-12,2.1529e-05,1.2579e-09,5.9793e-13,0.35206,0.052114,2.9308e-19,6.5053e-08,9.4077e-29,2.3425e-16,0.12401,0.73801,8.0051e-07,1.294e-05,6.4034e-05,3.0258e-05,0.31067,0.59873,3.1414e-30,3.8826e-13,1.5594e-34,1.9917e-24,6.2166e-09,2.1736e-15,9.5566e-14,4.3357e-19,0.0013737,0.00011564,4.3655e-07,4.1261e-19,0.43658,0.74475,0.090665,0.59096,1.1172e-11,1.5419e-07,9.2784e-21,9.9971e-16,1.8522e-06,1.4138e-15,0.15484,1.3433e-05,4.0496e-07,0.021412,0.0014419,0.0011858,0.21432,0.0001181,0.0089639,0.071881,0.53355,0.47911,0.1046,5.7519e-10,0.0010361,0.021191
6.863e-14,1.2568e-09,0,1.3982e-34,6.7381e-23,2.7522e-27,2.1629e-49,1.7547e-23,8.0288e-23,7.1758e-16,2.2614e-27,2.2818e-11,1.1351e-27,7.2939e-12,8.89e-27,3.0556e-26,2.5528e-10,3.0584e-10,1.6888e-22,9.433e-12,2.5546e-06,4.572e-08,2.0874e-29,2.633e-20,2.8216e-16,1.818e-16,1.3553e-19,3.2082e-08,8.5347e-13,5.4335e-12,2.8928e-23,2.5734e-14,6.4521e-13,1.1439e-11,5.0551e-05,0.0079842,3.2165e-14,4.6214e-14,2.834e-17,3.0103e-14,0.03875,2.0287e-14,8.9921e-20,2.8333e-14,7.5892e-10,1.2081e-08,3.1529e-14,3.7365e-14,5.3386e-23,5.3289e-15,3.813e-40,6.2269e-21,1.1637e-21,2.1871e-19,5.7775e-25,7.155e-24,2.3173e-09,1.2873e-09,7.8464e-28,2.498e-14,2.9308e-20,5.6067e-05,7.4285e-13,2.4295e-08,1.3879e-23,1.7805e-10,1.7595e-14,2.4168e-05,2.171e-11,9.2511e-08,3.8339e-11,0.00040111,5.0849e-14,4.8457e-15,5.2921e-14,2.5879e-13,1.2252e-05,0.004918,3.9914e-07,1.3049e-05,8.2899e-10,8.3365e-14,8.2513e-35,1.3226e-12,1.3815e-28,3.3011e-22,2.7334e-32,1.9325e-19,3.2303e-32,2.2039e-24,3.3931e-12,3.7471e-13,5.8159e-09,5.7535e-10,3.8782e-09,3.2189e-10,1.4149e-16,4.7862e-11,1.0443e-19,3.0093e-14,9.3491e-05,5.2195e-11,8.0679e-09,0.0029303,2.6158e-06,0.00049807,0.028366,0.0030768,0.000956,0.056641,0.0033608,0.37216,1.4453e-06,9.2816e-07,1.4465e-05,0.040457
1.2572e-16,8.6013e-13,1.3982e-34,0,2.7059e-17,8.6427e-32,4.2839e-33,1.2327e-44,1.159e-15,6.8524e-21,5.29e-28,5.376e-23,1.6203e-19,5.2765e-18,1.2836e-16,1.4478e-24,2.9556e-17,1.314e-13,1.9807e-16,1.3455e-18,0.0003745,6.5659e-05,3.6737e-15,5.778e-21,2.1705e-14,4.2816e-17,2.3455e-14,6.9862e-07,6.0708e-17,3.8776e-12,3.2721e-19,6.5994e-16,4.8947e-19,7.4889e-22,2.4836e-07,2.3044e-07,1.4938e-19,1.4185e-12,3.0238e-13,5.6977e-14,0.64024,1.8197e-10,1.3899e-16,3.6122e-12,4.5735e-09,5.5486e-10,1.2506e-10,3.5906e-11,8.5865e-22,1.1787e-13,1.0264e-31,2.3718e-22,2.9103e-18,3.7597e-19,5.635e-24,2.0196e-16,2.5776e-14,2.3565e-15,2.8885e-28,3.6081e-27,5.1779e-33,8.9236e-16,1.1628e-17,8.4555e-15,1.3202e-11,6.7844e-19,9.0266e-25,1.8348e-14,6.79e-15,1.1561e-12,2.961e-09,0.0012998,2.6993e-11,6.9177e-14,1.1535e-10,4.503e-12,5.7806e-05,9.4879e-05,8.0912e-17,1.2396e-06,6.1648e-15,1.3615e-15,2.0712e-25,2.3086e-12,1.3612e-18,8.8315e-20,1.3886e-19,3.7494e-15,1.8047e-27,3.2305e-27,5.8517e-14,9.5736e-12,3.2452e-12,1.0062e-08,7.0115e-09,3.4976e-10,1.2206e-14,3.1093e-10,4.7289e-21,1.6679e-14,3.9369e-13,1.4028e-14,3.4761e-14,1.3437e-05,4.2319e-08,3.8284e-05,0.015884,9.6069e-07,0.00019989,0.029559,6.0924e-05,0.029297,7.277e-08,5.3855e-10,1.7158e-06,0.005361
0.00033618,0.0074633,6.7381e-23,2.7059e-17,0,1.0783e-19,3.7111e-25,2.9815e-15,2.4098e-67,7.9176e-19,2.0047e-12,7.8938e-07,1.3467e-19,1.822e-14,1.1091e-35,3.7544e-20,1.6983e-05,1.2356e-05,1.3703e-07,0.00044823,1.4271e-27,9.6101e-20,3.8121e-25,7.6911e-12,9.2635e-12,2.5792e-23,3.1192e-43,2.3251e-18,5.3162e-09,2.1582e-07,2.6031e-28,2.2018e-17,5.2111e-08,3.8114e-06,2.028e-08,3.946e-06,5.1271e-12,1.3047e-07,7.7925e-15,4.8133e-14,0.44144,9.729e-09,1.6186e-14,1.5191e-10,4.2495e-08,4.7486e-06,4.3731e-07,6.307e-08,7.8499e-14,1.4578e-06,1.1272e-20,5.0863e-08,6.6716e-10,6.7655e-10,1.4535e-16,5.2077e-15,0.0037225,0.00014348,1.0175e-16,2.1663e-07,8.7898e-13,4.6724e-05,3.4437e-06,1.0955e-07,1.3508e-20,6.7907e-11,2.9368e-11,1.0387e-06,0.00012913,0.00025893,3.9604e-14,0.018922,3.0809e-08,8.3773e-09,1.2879e-06,0.00055557,0.00070642,0.011671,4.1211e-05,0.01817,4.2464e-06,4.5565e-08,1.0457e-27,0.021961,4.6666e-12,3.9576e-12,3.9007e-26,1.5836e-33,4.2318e-19,9.0053e-18,1.1514e-20,2.7701e-16,1.0257e-17,6.4048e-12,0.0086484,1.5428e-06,2.7066e-11,3.743e-06,1.3586e-22,2.395e-14,0.00080002,3.9369e-10,2.4091e-05,0.0026863,1.0361e-10,8.2963e-08,0.0025904,0.17273,0.0057955,0.094658,0.00063739,0.95903,3.2846e-06,2.3316e-07,5.5887e-09,0.0023555
1.6667e-14,7.269e-09,2.7522e-27,8.6427e-32,1.0783e-19,0,1.2097e-30,4.6513e-34,4.7279e-20,2.8104e-34,8.7597e-28,9.8924e-27,1.0123e-23,2.5988e-21,2.7188e-18,1.2009e-23,9.2495e-16,1.6505e-14,7.5961e-14,8.371e-13,8.3715e-06,1.6438e-08,3.2098e-13,1.8398e-17,6.434e-15,1.8275e-16,1.7971e-21,2.1017e-13,1.77e-14,1.1104e-10,4.7009e-17,2.2122e-13,1.5851e-14,2.5553e-14,2.5805e-06,3.9874e-06,2.8618e-16,1.3162e-09,5.7532e-09,8.2255e-11,0.3962,1.0636e-09,5.5191e-12,3.6491e-09,4.2371e-06,1.7434e-07,3.4797e-07,1.053e-07,3.4193e-14,1.8652e-09,5.0459e-19,4.1199e-14,3.296e-11,2.355e-14,4.6064e-12,2.0141e-14,9.5329e-10,4.3111e-11,4.6232e-25,4.8202e-23,5.8885e-28,3.5272e-20,1.6675e-15,9.8609e-15,6.6082e-14,2.1493e-22,5.615e-20,8.5636e-11,4.1016e-12,1.1845e-06,2.9632e-09,0.00090409,4.2073e-09,1.0834e-10,6.4056e-08,1.6801e-12,0.015151,0.059582,5.3869e-14,6.4217e-10,1.2509e-14,1.8709e-13,1.8555e-27,3.6141e-09,1.212e-16,2.2212e-13,8.0749e-16,1.608e-09,1.2721e-28,1.0902e-24,1.8118e-12,8.6876e-11,3.332e-13,6.2203e-08,1.1748e-08,9.9901e-07,5.6748e-10,2.0108e-08,3.9478e-11,4.6051e-13,1.2403e-08,6.8369e-10,1.4715e-09,2.3441e-07,8.1337e-10,2.6271e-07,0.01838,1.5343e-06,0.0049342,0.047745,0.20401,0.31727,2.4541e-06,7.195e-08,5.1416e-07,0.0085577
2.1169e-07,0.00024257,2.1629e-49,4.2839e-33,3.7111e-25,1.2097e-30,0,4.9262e-34,2.1422e-26,5.314e-21,1.2766e-24,7.6754e-15,4.6155e-39,1.1334e-15,1.9534e-24,1.736e-25,7.999e-06,9.0412e-06,3.6499e-16,6.2559e-07,8.2601e-06,3.9288e-08,6.6491e-24,2.6195e-18,9.9595e-13,9.7859e-14,4.2786e-16,1.7914e-08,1.4683e-08,6.3195e-09,9.7608e-18,1.8219e-11,3.103e-10,1.0579e-09,4.6072e-06,0.00010797,3.2722e-14,4.5623e-15,2.7945e-16,1.5361e-12,0.016331,5.3264e-16,2.6874e-11,1.2585e-08,5.3715e-06,2.1338e-05,6.4967e-06,1.2757e-07,8.6348e-12,1.6581e-07,2.5827e-23,5.329e-15,1.1927e-12,1.2303e-14,1.0197e-17,8.1759e-16,0.00031894,0.00015398,8.1343e-25,7.3774e-13,1.2171e-25,7.0846e-10,3.7553e-12,3.3328e-09,2.5439e-27,5.9695e-17,2.6726e-14,5.0569e-07,7.9831e-05,0.0010133,1.4097e-11,1.4024e-05,7.1186e-13,3.7975e-13,2.7744e-16,1.1066e-12,6.3241e-06,0.0063946,0.00025997,0.0031101,7.7965e-06,6.3145e-09,3.9819e-25,2.9073e-08,8.4768e-21,2.2048e-17,1.2912e-28,1.7594e-14,1.068e-31,6.4043e-18,3.0986e-20,6.6573e-19,4.2017e-18,3.8934e-19,3.1752e-07,2.6842e-09,2.9667e-08,3.6928e-07,7.4139e-19,3.1191e-11,6.6134e-11,1.6441e-10,4.4267e-12,2.3366e-06,3.9039e-09,5.4855e-05,6.6975e-05,0.00011208,0.0082793,0.0098176,0.0034273,0.30014,1.55e-06,5.0365e-06,3.6526e-07,9.6343e-05
4.2305e-09,1.1471e-06,1.7547e-23,1.2327e-44,2.9815e-15,4.6513e-34,4.9262e-34,0,5.5165e-16,6.1247e-29,1.0159e-21,9.9604e-29,4.8413e-25,2.3958e-25,4.9384e-14,1.238e-21,3.6917e-11,2.7654e-09,2.7158e-08,1.3772e-09,0.0027366,0.00032157,5.2617e-13,1.8619e-25,1.4241e-12,1.2373e-15,1.6997e-12,1.0469e-07,3.2369e-11,1.0393e-07,3.9685e-14,1.1325e-13,5.3724e-16,2.894e-20,5.0868e-08,2.6828e-08,4.5698e-16,8.3183e-10,1.1149e-08,1.3476e-10,0.52656,3.1817e-10,2.391e-13,6.5137e-09,2.5605e-06,9.1743e-07,6.3883e-06,3.956e-07,6.3472e-12,1.7693e-08,1.5711e-19,2.325e-17,3.8928e-11,6.6243e-15,3.0361e-13,3.6559e-12,1.0743e-07,4.3218e-08,8.9398e-20,1.4191e-23,8.5075e-31,1.2875e-28,7.4622e-17,7.1875e-17,1.8227e-15,3.3726e-34,4.7769e-20,1.8439e-15,3.6496e-09,1.2652e-06,2.7304e-09,1.9892e-05,1.0388e-11,2.0878e-12,3.2131e-12,3.3656e-14,0.00010864,0.00034297,3.5479e-10,4.9309e-05,4.5439e-10,1.3444e-09,2.7427e-19,1.0824e-06,3.7806e-12,2.7055e-13,8.4518e-15,1.12e-07,7.1819e-22,3.2902e-17,4.4795e-16,7.6734e-13,1.9543e-16,5.8998e-14,4.8556e-09,2.7208e-07,1.5034e-09,1.9402e-06,1.4667e-11,1.122e-10,1.539e-18,4.2134e-14,3.4092e-16,4.2523e-07,7.0309e-09,2.9929e-06,0.0023077,1.8902e-06,0.02164,0.013527,0.0043737,0.077546,4.0005e-07,1.5501e-08,4.5509e-07,0.019265
0.00098994,0.074421,8.0288e-23,1.159e-15,2.4098e-67,4.7279e-20,2.1422e-26,5.5165e-16,0,7.627e-21,1.0713e-12,9.8906e-07,3.7275e-19,5.9544e-15,4.3425e-35,1.089e-17,0.00026908,7.3904e-05,1.9726e-06,0.0080835,8.2035e-23,1.9153e-15,8.1161e-27,2.7991e-12,9.9599e-16,5.2457e-24,9.8179e-39,5.0709e-14,3.7993e-07,1.1318e-06,1.9084e-28,2.8528e-16,5.2045e-06,9.4146e-05,4.0773e-09,1.1884e-06,4.7803e-11,1.2482e-07,3.9695e-13,1.4672e-11,0.51481,3.0203e-09,4.6399e-14,2.089e-09,2.3571e-07,1.7696e-05,6.8677e-07,1.5154e-07,3.1595e-12,1.6634e-05,3.6329e-19,4.887e-06,1.5333e-10,6.5317e-09,4.2427e-14,2.2724e-12,0.01258,0.0010723,1.2831e-14,5.4607e-07,4.1085e-13,4.0914e-06,5.7313e-05,4.4299e-06,9.8039e-26,2.2491e-14,4.2293e-10,6.7003e-06,0.00031046,0.00088783,8.7615e-15,0.007766,1.01e-06,1.5724e-06,2.0165e-06,0.0011013,0.0015283,0.045185,0.00015488,0.025408,3.0629e-05,2.1485e-06,2.8631e-26,0.04221,1.6273e-11,5.8164e-10,6.2499e-25,2.4329e-29,1.3601e-18,2.2721e-15,1.6672e-20,2.7249e-17,4.1445e-19,8.1111e-11,0.0044915,1.5203e-06,3.5613e-09,3.3147e-06,5.7667e-19,4.4433e-13,0.0008617,6.6401e-10,0.00042649,0.0016031,2.3329e-10,3.9867e-07,0.00039508,0.15044,0.019268,0.043154,0.00038827,0.8347,6.6283e-05,0.0001427,1.8114e-06,0.042598
8.9572e-08,0.0012367,7.1758e-16,6.8524e-21,7.9176e-19,2.8104e-34,5.314e-21,6.1247e-29,7.627e-21,0,5.013e-15,9.4907e-13,2.092e-12,1.945e-12,9.7239e-12,6.1102e-16,6.5552e-09,4.2814e-07,2.934e-06,5.6082e-06,7.0709e-08,1.0327e-11,2.1365e-13,9.9879e-17,4.9434e-14,6.7831e-21,1.1113e-17,2.6041e-16,1.0268e-06,4.5668e-06,1.3624e-14,2.0291e-11,1.0576e-09,6.1644e-10,2.5962e-06,2.8459e-06,1.3665e-09,1.5038e-10,1.7991e-09,5.6719e-13,0.17317,1.2657e-09,6.741e-12,2.3493e-09,3.0084e-05,1.3727e-05,1.2133e-05,1.7219e-07,3.3737e-08,1.1324e-06,4.0112e-13,1.3726e-09,1.2016e-08,4.239e-12,9.7308e-09,9.3214e-12,2.011e-06,4.696e-05,2.1359e-17,1.0977e-10,4.1829e-17,7.5005e-18,2.066e-08,1.36e-08,6.2547e-16,2.1027e-22,4.7759e-10,1.3576e-05,5.3922e-08,3.06e-05,2.0729e-11,0.00016795,9.8174e-10,6.6724e-10,6.077e-09,3.7551e-11,0.00020335,0.0010887,5.6217e-08,0.00016759,4.2383e-07,5.293e-10,4.4553e-17,1.2929e-05,7.9366e-10,4.9362e-13,3.3972e-14,1.7308e-10,2.599e-22,1.8676e-18,8.6873e-13,7.3741e-10,1.5584e-16,3.2851e-08,2.0458e-05,2.7426e-07,3.9522e-06,1.4648e-07,8.4452e-10,9.0264e-11,1.817e-09,2.5258e-07,5.929e-07,0.00010819,1.7135e-07,2.4102e-05,0.022041,6.6709e-05,0.0038206,0.046264,0.060551,0.99359,0.00011294,2.5288e-06,1.8854e-06,0.0074541
6.5924e-23,3.4711e-17,2.2614e-27,5.29e-28,2.0047e-12,8.7597e-28,1.2766e-24,1.0159e-21,1.0713e-12,5.013e-15,0,1.7285e-27,1.057e-24,3.5241e-15,1.3991e-17,9.2059e-16,7.6329e-22,5.0348e-19,4.3557e-18,1.9016e-19,0.0012079,0.00014237,6.6779e-09,3.2662e-11,3.3438e-09,3.4342e-10,1.4058e-11,1.6735e-06,3.4942e-23,9.4783e-10,1.7909e-15,3.8474e-13,2.3273e-21,6.4045e-20,3.6684e-08,1.438e-05,5.2312e-18,6.7129e-07,2.6885e-07,6.4836e-08,0.71342,1.9592e-05,4.3711e-14,8.9304e-12,9.9147e-10,3.859e-11,1.6783e-12,1.4067e-12,2.0611e-21,7.1439e-12,6.9381e-24,1.776e-14,2.1603e-21,8.4318e-23,1.3597e-17,7.362e-20,1.6749e-17,7.6096e-18,1.3823e-30,4.3802e-24,7.7782e-27,7.4549e-16,1.6193e-22,2.7269e-20,2.1762e-10,1.1769e-08,3.3815e-27,3.6177e-11,2.8685e-17,1.2684e-13,1.2135e-05,0.34449,2.9646e-08,2.4127e-08,1.4368e-06,4.721e-06,0.22353,0.52013,3.5397e-19,1.5892e-10,7.9852e-23,1.4011e-18,7.2791e-24,2.3585e-11,4.645e-24,2.3621e-17,1.6694e-11,7.1819e-13,9.7463e-22,5.3799e-31,1.1763e-07,4.1053e-09,2.2664e-05,2.1996e-06,2.4029e-09,1.0373e-06,1.7824e-16,5.0424e-11,6.5816e-16,4.2389e-20,0.0011263,8.4565e-13,1.6014e-08,4.1623e-10,4.7736e-12,3.828e-10,0.0017315,6.4514e-07,0.010844,0.65888,0.18238,0.041679,6.6908e-05,1.9961e-09,1.0769e-09,0.020465
7.4686e-14,2.7752e-09,2.2818e-11,5.376e-23,7.8938e-07,9.8924e-27,7.6754e-15,9.9604e-29,9.8906e-07,9.4907e-13,1.7285e-27,0,3.255e-12,2.2941e-27,4.0351e-08,1.3974e-13,3.9313e-15,2.3747e-16,3.35e-11,4.1864e-14,0.21273,0.10117,0.0092142,2.4139e-06,6.179e-06,9.2312e-07,8.3542e-06,0.01093,1.1745e-17,2.0065e-14,4.0105e-08,4.2977e-08,4.9428e-14,1.8972e-15,0.00033608,1.025e-05,3.7809e-12,4.8613e-06,0.00066858,0.0010092,0.27134,1.2195e-06,2.3344e-07,4.3722e-06,4.3069e-07,2.1484e-07,8.1703e-06,1.6582e-05,7.9597e-12,1.9384e-06,2.5891e-12,4.0468e-12,5.0585e-09,1.9649e-09,3.9024e-09,3.3836e-09,7.6517e-11,2.6841e-10,8.2826e-17,1.4978e-24,7.9307e-22,2.5251e-30,4.3636e-19,6.2432e-24,0.0050325,9.8197e-13,1.9653e-19,3.1546e-14,7.1556e-11,2.1944e-07,0.01381,0.13516,1.1339e-05,4.5121e-09,0.0024869,1.0642e-06,0.84999,0.95064,1.8364e-12,1.3921e-11,4.0116e-18,4.91e-13,1.2151e-13,1.8525e-08,1.3964e-10,4.8492e-07,5.8548e-07,0.0003442,1.8312e-11,5.1608e-13,6.3222e-07,2.4996e-05,0.00012136,0.00043118,3.3358e-07,0.026136,6.4516e-08,2.6535e-06,1.8942e-06,2.0214e-08,6.4267e-06,3.7586e-08,6.0371e-09,4.2014e-08,5.8113e-07,7.4182e-06,0.0086723,2.6471e-06,0.51207,0.011534,0.076848,0.20108,8.552e-05,1.6003e-08,2.3809e-06,0.0024221
0.00018439,0.00055981,1.1351e-27,1.6203e-19,1.3467e-19,1.0123e-23,4.6155e-39,4.8413e-25,3.7275e-19,2.092e-12,1.057e-24,3.255e-12,0,6.516e-22,3.7809e-32,6.0598e-22,7.2559e-05,0.000221,1.7735e-08,5.4408e-05,1.5327e-06,1.8947e-07,7.5194e-20,3.5348e-18,2.802e-13,8.0394e-11,7.7798e-17,1.6108e-09,1.0542e-09,4.691e-05,1.8736e-16,6.825e-12,8.1085e-09,2.2462e-08,1.0816e-07,3.3713e-05,4.1449e-11,0.00017392,1.636e-07,5.8181e-06,0.35608,9.9564e-08,3.113e-07,6.2345e-05,0.0043597,0.0019566,0.0005608,0.00012059,5.7058e-08,3.076e-05,1.1448e-15,6.4409e-08,1.1815e-07,2.2162e-09,4.7885e-10,1.7526e-10,0.021757,0.00021893,2.8677e-13,1.6476e-10,2.3042e-15,2.4565e-08,4.6175e-14,2.8072e-11,1.3653e-26,1.5857e-11,1.0565e-11,1.3366e-06,0.00060038,0.0025694,1.7536e-10,0.0002095,1.7858e-07,4.6658e-07,1.5423e-07,1.4874e-06,0.015219,0.12569,0.00030936,0.0034414,1.8512e-05,1.0577e-05,1.3543e-21,0.00086836,7.033e-17,1.2875e-11,3.7324e-17,1.0103e-10,1.2244e-22,8.3817e-16,2.5248e-14,5.4974e-16,1.1959e-14,3.2621e-19,0.00050129,0.0023068,3.2503e-07,0.00031042,5.5908e-12,1.4808e-08,2.2456e-07,1.266e-10,5.1277e-10,2.5619e-09,2.3198e-12,1.1861e-09,7.5751e-05,0.00032635,0.34613,0.041935,0.066203,0.16341,3.5335e-06,4.4744e-05,2.5007e-07,0.00033297
4.3275e-05,0.0046941,7.2939e-12,5.2765e-18,1.822e-14,2.5988e-21,1.1334e-15,2.3958e-25,5.9544e-15,1.945e-12,3.5241e-15,2.2941e-27,6.516e-22,0,7.5028e-25,3.146e-28,5.2177e-07,2.4152e-11,7.3189e-07,1.7061e-07,4.5141e-08,0.00014048,2.744e-10,4.033e-15,2.2884e-15,1.0358e-16,2.9187e-17,1.8229e-08,1.085e-17,1.7267e-15,2.8737e-20,1.9964e-22,2.0487e-12,2.5614e-11,1.3176e-10,1.6934e-10,4.5859e-13,0.0031751,5.0961e-05,0.0064694,0.042412,5.6111e-08,1.4793e-08,0.00014383,1.9207e-06,2.7219e-05,4.8849e-05,0.00092873,8.876e-09,6.2596e-05,1.5035e-15,1.3826e-07,3.2035e-06,7.0513e-05,5.2747e-08,4.4323e-08,0.0012705,7.1975e-06,4.3427e-07,3.803e-09,4.5928e-09,1.443e-11,7.2952e-16,6.4915e-24,5.5682e-11,4.8066e-17,1.1991e-14,1.4825e-13,1.54e-06,5.8974e-05,1.3356e-06,0.00045157,1.5437e-05,7.5228e-08,0.024267,3.843e-05,0.26794,0.37946,4.817e-07,5.5423e-11,2.9594e-13,3.3601e-11,1.4574e-23,0.0025767,1.7881e-15,2.5664e-08,2.7223e-14,5.5493e-09,8.1819e-16,3.8762e-11,1.9566e-14,3.1036e-10,3.7197e-11,3.5531e-09,0.00018687,0.9817,6.2403e-10,9.498e-06,1.5263e-08,1.37e-08,3.926e-06,8.5946e-11,4.4765e-11,5.0302e-11,1.2995e-13,2.5318e-11,0.00015991,0.003366,0.23722,4.6571e-08,1.0136e-06,0.018785,2.2996e-09,1.5906e-08,2.9962e-09,2.7962e-06
1.333e-05,0.0014213,8.89e-27,1.2836e-16,1.1091e-35,2.7188e-18,1.9534e-24,4.9384e-14,4.3425e-35,9.7239e-12,1.3991e-17,4.0351e-08,3.7809e-32,7.5028e-25,0,6.7305e-32,1.0175e-05,3.85e-07,1.3234e-12,9.4583e-07,1.1091e-22,3.7627e-16,1.8745e-29,1.1867e-17,1.6029e-15,3.0867e-20,2.789e-35,2.229e-12,7.1098e-16,2.6183e-12,1.3783e-35,4.2469e-25,2.1165e-09,6.9845e-06,3.506e-05,0.0029819,4.7492e-11,8.7548e-05,2.4303e-11,1.9712e-07,0.15029,5.8088e-09,1.5307e-11,7.3707e-07,3.3683e-06,2.9294e-05,3.0654e-08,2.8483e-07,6.0377e-14,1.8125e-08,1.8195e-24,3.9926e-08,1.1264e-12,3.5134e-09,1.1501e-13,7.3967e-13,0.0023303,5.6518e-06,4.4984e-13,4.0244e-08,1.1645e-08,0.017184,8.4451e-11,9.6325e-10,5.4281e-20,7.426e-06,4.7214e-10,6.9629e-05,2.7088e-06,5.302e-06,1.0096e-14,0.0010209,1.8197e-07,1.8684e-08,8.4625e-05,0.0001742,0.032908,0.19264,4.0594e-05,6.6105e-05,3.4555e-09,6.7193e-10,1.4404e-48,6.6935e-05,2.1673e-25,3.2225e-14,9.2755e-32,3.769e-29,1.5625e-23,1.7541e-19,1.5083e-17,1.7697e-18,4.5528e-13,4.0473e-11,0.015792,0.040575,3.1992e-12,2.7259e-06,1.1204e-20,1.9612e-14,0.0037999,3.7882e-15,3.1977e-08,3.7847e-06,2.1617e-11,1.7585e-08,0.00022075,0.039702,0.4777,0.0053603,0.00012963,0.11608,6.8497e-07,2.5238e-06,1.0784e-06,0.0025214
1.5278e-09,1.0403e-05,3.0556e-26,1.4478e-24,3.7544e-20,1.2009e-23,1.736e-25,1.238e-21,1.089e-17,6.1102e-16,9.2059e-16,1.3974e-13,6.0598e-22,3.146e-28,6.7305e-32,0,5.1603e-08,6.0594e-10,5.1083e-20,9.5195e-13,5.6302e-11,1.7877e-11,1.3434e-22,1.2223e-23,5.7769e-19,1.2264e-23,5.5083e-24,1.0599e-11,2.4447e-15,1.2804e-22,1.229e-25,5.8439e-21,5.8496e-14,8.4602e-13,6.0133e-05,1.0105e-05,5.1716e-13,4.6435e-13,3.4719e-23,2.4992e-12,4.3028e-07,1.031e-19,2.9245e-14,1.0267e-08,1.8902e-09,1.3165e-07,1.3034e-09,2.5706e-09,7.4649e-14,1.4818e-10,3.1012e-25,3.0326e-16,3.3466e-11,9.2541e-10,3.9376e-18,4.9753e-15,6.3079e-06,1.3304e-07,3.4771e-14,2.1898e-10,1.5133e-09,0.0002005,7.3878e-12,8.2301e-15,3.0623e-13,4.0643e-11,2.3765e-12,2.0323e-08,5.0306e-08,4.5467e-06,4.1226e-17,1.1756e-09,1.4211e-15,1.27e-17,1.5015e-12,2.9403e-17,2.0667e-06,0.00098479,4.4659e-06,4.2998e-09,5.6483e-11,1.132e-15,5.6337e-48,1.1101e-14,5.885e-27,1.0145e-21,2.8971e-46,8.5836e-18,1.0254e-37,4.0945e-18,1.5583e-14,9.7921e-11,7.1375e-11,1.1901e-10,6.5778e-08,0.00047477,1.0938e-12,1.9429e-08,1.1237e-15,8.7185e-10,7.7296e-07,2.7472e-09,1.3071e-12,7.1863e-05,3.1975e-06,0.00018093,0.052401,0.0012195,0.45686,6.0083e-08,2.2062e-07,0.13282,1.8764e-07,8.4923e-10,4.0562e-06,8.8467e-06
1.0097e-48,1.7792e-45,2.5528e-10,2.9556e-17,1.6983e-05,9.2495e-16,7.999e-06,3.6917e-11,0.00026908,6.5552e-09,7.6329e-22,3.9313e-15,7.2559e-05,5.2177e-07,1.0175e-05,5.1603e-08,0,1.0433e-44,2.7998e-12,7.9133e-32,0.10463,0.0057846,0.013161,1.1907e-06,1.2086e-05,2.8603e-08,2.5792e-07,9.8685e-05,1.1238e-37,1.2635e-12,2.673e-09,4.1911e-11,2.5762e-35,4.4455e-37,4.5276e-06,1.262e-05,4.9429e-15,3.3062e-07,7.1538e-05,3.52e-12,0.052803,0.0012076,7.1859e-20,1.175e-20,1.0121e-17,5.9088e-24,1.234e-21,2.1196e-22,5.7357e-30,5.9574e-26,7.3126e-22,9.4442e-24,3.0292e-26,9.4855e-29,1.2773e-16,1.7012e-24,1.9466e-56,7.0851e-51,1.4996e-26,1.2912e-29,3.8351e-17,1.4244e-11,1.0326e-16,6.6779e-24,0.081899,3.1589e-05,2.5196e-30,3.0406e-14,4.9719e-30,1.1294e-19,0.019662,0.86732,3.2601e-08,2.3767e-07,4.8375e-05,9.1115e-07,0.16342,0.13383,4.7173e-55,1.0953e-17,1.0816e-54,2.8075e-33,1.6609e-14,6.4921e-17,8.7553e-16,3.189e-21,1.1957e-05,8.6884e-08,3.9363e-11,1.5588e-30,0.089204,0.12493,0.55379,0.97757,2.5402e-11,2.9323e-07,1.4978e-25,3.243e-19,1.4839e-10,2.3556e-24,0.016264,2.0955e-09,2.9493e-08,8.147e-05,1.5302e-06,2.4744e-06,0.50327,1.1848e-06,0.0014257,0.13271,0.37539,0.30554,0.0017907,8.0838e-14,0.00023939,0.24656
1.5247e-41,5.1539e-32,3.0584e-10,1.314e-13,1.2356e-05,1.6505e-14,9.0412e-06,2.7654e-09,7.3904e-05,4.2814e-07,5.0348e-19,2.3747e-16,0.000221,2.4152e-11,3.85e-07,6.0594e-10,1.0433e-44,0,2.7494e-11,1.955e-27,0.025512,0.0088232,0.073029,5.7185e-06,1.1287e-05,6.2416e-08,6.2988e-07,0.00024228,4.1081e-29,3.057e-21,3.6709e-08,1.5979e-10,9.4633e-25,6.2922e-27,1.7946e-08,8.2079e-06,6.5378e-12,7.5161e-06,0.00011469,1.7546e-06,0.60878,0.00011028,1.72e-23,5.6755e-23,3.7051e-23,7.3351e-28,6.1292e-32,6.31e-26,1.1334e-32,3.6356e-29,1.1832e-25,5.1705e-23,2.346e-24,7.9307e-23,1.352e-13,3.2158e-23,6.1573e-43,4.1874e-49,3.9364e-21,3.373e-23,1.6982e-11,5.0273e-09,7.0442e-14,4.2635e-26,0.017034,8.6451e-06,5.1975e-27,7.1604e-12,1.1629e-36,3.6381e-20,0.28267,0.35863,2.9353e-05,7.3618e-07,0.015465,5.1841e-05,0.64851,0.64637,2.6233e-34,8.3268e-43,2.5061e-66,1.4661e-52,7.1431e-19,1.553e-18,2.0864e-22,1.9652e-19,6.3156e-06,9.6422e-07,7.7407e-11,1.4717e-20,0.14844,0.31339,0.86908,0.53841,1.2574e-10,0.036358,6.8616e-26,3.4923e-22,3.6413e-09,1.3538e-20,0.10886,2.5928e-07,1.197e-07,8.6945e-06,1.8721e-05,1.8875e-05,0.28565,8.2401e-05,0.8783,0.097902,0.010691,0.21172,0.00035359,4.7033e-11,0.00021574,0.93873
1.785e-21,9.926e-13,1.6888e-22,1.9807e-16,1.3703e-07,7.5961e-14,3.6499e-16,2.7158e-08,1.9726e-06,2.934e-06,4.3557e-18,3.35e-11,1.7735e-08,7.3189e-07,1.3234e-12,5.1083e-20,2.7998e-12,2.7494e-11,0,2.9948e-32,0.011926,3.7967e-05,1.1974e-09,2.6645e-07,8.2499e-05,2.527e-06,1.9732e-06,0.00020591,2.1933e-18,1.5005e-19,1.903e-09,2.1462e-06,4.4574e-19,5.0699e-13,0.19586,0.26705,1.8912e-11,6.0587e-15,1.0159e-15,1.0415e-12,0.00097393,1.4829e-11,2.4122e-08,3.3147e-08,1.7199e-07,5.5678e-07,2.7523e-09,4.8135e-09,4.0014e-14,3.0854e-10,7.1505e-17,1.9792e-16,9.6649e-12,7.2753e-12,8.2457e-18,1.2956e-13,5.3443e-12,2.396e-08,6.578e-22,8.1469e-14,2.443e-09,0.016627,2.7813e-09,8.8972e-07,0.0031578,0.014096,8.5397e-12,3.6146e-05,1.1612e-12,3.3402e-07,5.6212e-06,0.012987,1.9511e-18,3.697e-19,9.761e-13,3.1661e-16,4.5695e-06,0.0012777,2.5905e-07,7.5554e-06,3.7741e-12,8.8251e-14,6.9684e-21,1.7698e-21,3.7233e-22,8.1788e-19,2.8393e-18,3.0318e-13,2.4436e-18,7.4087e-18,4.3427e-06,1.1883e-05,0.0071376,0.0026678,7.0982e-11,3.838e-09,5.7905e-10,3.8953e-10,3.8913e-13,5.3098e-10,0.02758,5.5408e-05,2.4594e-05,0.024797,0.00079892,0.13899,0.01636,3.2284e-06,0.0027724,0.14084,0.014003,0.61136,0.019027,6.5999e-06,0.0067497,0.053115
1.4235e-40,3.6244e-31,9.433e-12,1.3455e-18,0.00044823,8.371e-13,6.2559e-07,1.3772e-09,0.0080835,5.6082e-06,1.9016e-19,4.1864e-14,5.4408e-05,1.7061e-07,9.4583e-07,9.5195e-13,7.9133e-32,1.955e-27,2.9948e-32,0,0.20823,0.0028553,0.0031985,6.8848e-07,0.0057599,0.00013417,0.00015341,0.00044376,1.9229e-28,1.4267e-20,3.287e-06,8.8449e-07,2.2979e-37,4.0282e-31,0.0050831,0.0099623,6.1414e-16,2.1311e-09,4.0187e-07,4.9149e-13,0.90594,5.8042e-07,9.9801e-12,3.4179e-12,1.8811e-12,1.8241e-16,3.5782e-17,3.8654e-15,4.2817e-23,1.2153e-21,1.2944e-18,1.691e-25,1.655e-17,3.1814e-20,3.9695e-17,1.836e-20,7.3253e-35,7.9971e-26,2.5569e-24,1.9593e-24,2.0688e-12,1.9802e-05,4.2899e-18,2.0845e-16,0.3574,0.024607,4.3565e-25,2.7478e-13,1.4875e-36,1.885e-24,0.031455,0.661,1.2362e-10,1.7261e-11,4.6682e-07,7.8646e-11,0.00020243,0.00010168,1.736e-21,1.0981e-12,8.7164e-30,2.2085e-25,1.2326e-16,9.3208e-23,1.4677e-17,2.7259e-23,1.0379e-08,7.2874e-08,4.0514e-14,9.7963e-27,0.0032122,0.0094469,0.27673,0.33231,3.0656e-09,4.0016e-07,3.6588e-15,1.9554e-16,3.1724e-11,8.628e-18,0.0042918,6.7507e-07,6.1894e-08,0.00083493,5.276e-05,0.0057013,0.072433,2.6836e-08,0.00048525,0.95864,0.067321,0.078849,0.00056793,2.7506e-09,0.0029061,0.81842
0.47125,0.7547,2.5546e-06,0.0003745,1.4271e-27,8.3715e-06,8.2601e-06,0.0027366,8.2035e-23,7.0709e-08,0.0012079,0.21273,1.5327e-06,4.5141e-08,1.1091e-22,5.6302e-11,0.10463,0.025512,0.011926,0.20823,0,5.9189e-36,3.9656e-12,8.5663e-06,1.8211e-06,3.0762e-13,2.0011e-28,4.9153e-19,0.0002445,4.948e-05,1.7621e-16,2.7151e-12,0.043474,0.23857,0.0037325,0.0096816,0.004986,0.03137,7.3027e-07,8.6772e-05,0.056205,0.00034836,2.3447e-05,0.0078421,0.0011631,0.047965,0.0017948,0.009513,0.00022315,0.015906,2.4374e-07,0.12812,0.00074413,0.05099,7.2154e-05,0.0005314,0.80602,0.096168,0.0033912,0.50151,0.03981,0.8749,0.0061974,0.00033724,3.5134e-08,0.015506,0.0038163,0.029297,0.0089658,0.002846,3.1735e-12,0.014385,9.2e-05,0.00012809,0.043752,0.34053,0.0016859,0.028869,0.033335,0.028101,0.0050496,8.8388e-05,2.9096e-15,0.24538,1.3999e-06,0.0001977,1.2355e-12,3.7288e-22,3.3638e-07,5.8816e-06,4.2421e-11,3.9132e-10,9.0877e-09,6.881e-06,0.99343,0.6439,0.00019331,0.05631,2.9028e-11,6.4072e-07,0.58069,0.00039866,0.073594,0.067609,7.975e-05,0.00078007,0.1795,0.47803,0.54491,0.0052388,0.00034494,0.19764,0.00017497,0.00097324,0.00034922,0.0014005
0.0056589,0.11708,4.572e-08,6.5659e-05,9.6101e-20,1.6438e-08,3.9288e-08,0.00032157,1.9153e-15,1.0327e-11,0.00014237,0.10117,1.8947e-07,0.00014048,3.7627e-16,1.7877e-11,0.0057846,0.0088232,3.7967e-05,0.0028553,5.9189e-36,0,6.4927e-10,3.5422e-07,0.0020465,1.1815e-08,8.1602e-21,3.3649e-23,0.0022297,5.3372e-05,3.2859e-09,4.0017e-06,0.0067974,0.050012,0.16638,0.53459,0.03797,2.8468e-05,2.2863e-10,1.6116e-11,0.005179,9.2446e-07,2.9711e-05,8.972e-05,0.0028871,0.0061008,0.0003882,0.00010418,7.4422e-05,3.0157e-05,8.3667e-07,0.00037703,0.00032247,0.00020106,0.00039907,2.7645e-05,0.082445,0.016742,7.4551e-08,0.042612,0.0047798,0.59813,0.0026951,0.0025537,1.3501e-07,0.05939,0.0014944,0.2389,0.0002034,0.0034146,5.0733e-17,0.003694,3.0119e-06,8.871e-07,0.00015691,0.0024619,9.3419e-05,0.017772,0.034865,0.008416,0.0027411,8.4143e-07,1.1851e-14,0.0001913,2.6596e-09,9.5953e-10,5.7989e-14,3.7386e-16,4.7941e-09,6.3081e-10,6.7117e-07,5.8181e-06,3.31e-06,0.00024574,0.13391,0.0079468,0.0010002,0.0011566,1.8682e-08,1.1807e-05,0.098511,0.046133,0.056704,0.51453,0.095923,0.32731,0.13938,0.85804,0.10034,0.26582,0.40153,0.27324,0.068462,0.0026815,0.080147,0.021685
0.014034,0.076428,2.0874e-29,3.6737e-15,3.8121e-25,3.2098e-13,6.6491e-24,5.2617e-13,8.1161e-27,2.1365e-13,6.6779e-09,0.0092142,7.5194e-20,2.744e-10,1.8745e-29,1.3434e-22,0.013161,0.073029,1.1974e-09,0.0031985,3.9656e-12,6.4927e-10,0,1.0929e-29,1.0252e-25,8.2657e-29,1.2755e-32,1.3377e-16,2.2045e-06,5.3611e-05,1.3797e-35,8.9469e-24,4.0786e-07,3.131e-05,7.0712e-05,0.00023251,2.576e-10,2.8328e-08,3.3897e-14,4.0329e-11,0.53939,3.6497e-10,1.7321e-11,2.8326e-06,7.9231e-05,0.0064544,0.00022666,5.7019e-05,8.1278e-09,0.0001058,8.7527e-17,3.0684e-06,4.9305e-08,4.2112e-07,7.7636e-14,1.6635e-09,0.1452,0.033556,6.7043e-08,0.0058339,9.452e-07,0.21565,0.00032423,0.0048665,1.468e-24,2.371e-09,0.00015654,0.022155,0.017427,0.02492,2.42e-17,2.8974e-07,2.436e-09,4.3745e-10,1.0903e-10,1.6448e-09,4.6963e-10,5.7743e-08,0.018317,0.69571,0.04001,0.0049762,5.9638e-22,0.023286,7.1657e-13,4.0105e-10,8.8398e-35,2.256e-21,1.8488e-21,4.6901e-12,5.3106e-21,5.2945e-21,9.5495e-23,4.7524e-18,0.0012319,1.6031e-08,4.3499e-08,0.0014518,1.4262e-16,9.8703e-09,8.0948e-06,2.4444e-09,1.4904e-06,0.032846,3.1769e-09,1.0807e-05,0.002549,0.16959,0.0004932,0.070422,1.211e-05,0.057903,2.236e-06,0.00041387,1.6604e-05,0.00016482
8.807e-06,2.2453e-05,2.633e-20,5.778e-21,7.6911e-12,1.8398e-17,2.6195e-18,1.8619e-25,2.7991e-12,9.9879e-17,3.2662e-11,2.4139e-06,3.5348e-18,4.033e-15,1.1867e-17,1.2223e-23,1.1907e-06,5.7185e-06,2.6645e-07,6.8848e-07,8.5663e-06,3.5422e-07,1.0929e-29,0,1.325e-18,3.0323e-21,1.7555e-19,6.6459e-12,2.816e-07,1.792e-05,8.7039e-18,2.2966e-20,5.2019e-13,6.2025e-13,4.0954e-06,1.2082e-05,2.5331e-10,4.5869e-05,8.5915e-07,3.1256e-07,0.718,8.4372e-06,4.0176e-12,7.5384e-07,0.00021977,0.00027528,1.334e-06,8.0207e-07,1.4629e-09,1.622e-07,1.2911e-16,3.4052e-10,1.8244e-09,3.1265e-11,1.3471e-09,1.1403e-09,0.00011558,8.6122e-06,6.6807e-09,1.9579e-06,6.6843e-09,9.5739e-06,1.2473e-07,3.0299e-09,8.886e-20,1.3376e-15,8.4852e-09,4.0924e-05,1.0793e-07,0.00086009,2.5367e-11,0.0002057,2.6581e-08,1.8239e-07,7.817e-08,2.1344e-12,5.2534e-05,7.5838e-05,4.1504e-07,0.00020822,1.8602e-06,1.1991e-06,3.0833e-20,3.9971e-06,2.4558e-14,6.5422e-14,1.1283e-19,3.5255e-07,7.2816e-18,2.8033e-13,3.2529e-13,2.0883e-12,3.1018e-13,1.8879e-12,0.00081451,1.4249e-05,1.6587e-08,6.4471e-05,5.7829e-11,3.5076e-09,4.1575e-10,1.6018e-10,4.4903e-09,0.00072402,1.7535e-07,4.7168e-06,0.032416,0.0094016,0.1515,0.015187,0.00090695,0.0042421,1.7228e-06,1.693e-06,5.4477e-05,0.064293
0.00032381,0.0033574,2.8216e-16,2.1705e-14,9.2635e-12,6.434e-15,9.9595e-13,1.4241e-12,9.9599e-16,4.9434e-14,3.3438e-09,6.179e-06,2.802e-13,2.2884e-15,1.6029e-15,5.7769e-19,1.2086e-05,1.1287e-05,8.2499e-05,0.0057599,1.8211e-06,0.0020465,1.0252e-25,1.325e-18,0,1.1442e-44,2.64e-23,2.3851e-09,1.1766e-08,1.33e-08,1.5776e-36,4.0067e-27,2.2075e-06,2.2278e-07,1.2533e-12,1.3211e-12,3.9534e-08,6.6124e-06,3.6025e-08,5.4202e-05,0.069797,4.6156e-08,2.3994e-11,8.3223e-06,1.456e-05,0.0002341,1.245e-05,4.3315e-06,4.2463e-08,0.0001072,1.2514e-17,3.3398e-05,1.0473e-09,2.8507e-05,2.9566e-11,6.2205e-09,0.0039709,4.1465e-06,2.7989e-05,0.00016428,1.4708e-05,0.0001547,0.0010085,1.0742e-05,3.5924e-16,7.9e-17,8.0785e-07,7.4147e-05,0.0002049,0.001862,5.5552e-11,9.0599e-08,0.00011833,6.5093e-07,0.00012026,2.2952e-08,0.0033423,0.033798,3.4234e-06,5.2041e-06,2.6384e-06,2.4165e-06,7.0822e-20,0.00033484,2.9071e-10,2.3883e-06,5.263e-19,4.4406e-10,1.0059e-20,2.5064e-11,2.2749e-09,1.0414e-10,1.9947e-13,2.3024e-07,0.000121,0.03505,1.6229e-10,2.7951e-05,3.3656e-09,1.9718e-07,3.7859e-05,2.1441e-09,9.4856e-07,1.6696e-05,1.7536e-09,7.3205e-08,0.19415,0.00065788,0.48946,0.00019407,8.3173e-08,0.001218,3.8964e-06,1.0082e-05,9.1467e-06,5.9985e-05
7.0469e-06,0.00049815,1.818e-16,4.2816e-17,2.5792e-23,1.8275e-16,9.7859e-14,1.2373e-15,5.2457e-24,6.7831e-21,3.4342e-10,9.2312e-07,8.0394e-11,1.0358e-16,3.0867e-20,1.2264e-23,2.8603e-08,6.2416e-08,2.527e-06,0.00013417,3.0762e-13,1.1815e-08,8.2657e-29,3.0323e-21,1.1442e-44,0,2.7564e-33,1.071e-17,2.1468e-11,1.4178e-10,8.1396e-50,3.1435e-42,1.8228e-10,1.9335e-10,1.0325e-11,7.9398e-12,4.9439e-11,1.4441e-07,4.7615e-11,5.5991e-09,0.23824,7.737e-08,1.6727e-15,2.4428e-09,1.0712e-08,1.2327e-06,6.5432e-07,2.3371e-07,5.1131e-11,6.1965e-07,1.4981e-20,2.5095e-07,2.9374e-11,1.707e-08,1.1849e-13,5.9229e-12,6.2104e-05,1.245e-06,3.6843e-09,4.4999e-05,5.0823e-08,6.9733e-05,0.00056169,1.347e-07,4.9963e-17,1.7908e-16,7.6453e-09,1.5937e-05,5.0193e-06,0.00013552,2.8465e-14,3.9892e-07,2.6921e-08,1.9388e-10,2.5985e-06,1.284e-08,5.9153e-05,0.00018286,1.958e-09,7.7378e-06,1.2011e-08,2.4878e-09,3.4656e-25,0.00064296,2.4758e-11,5.9602e-10,2.8082e-23,2.1279e-16,1.4033e-21,1.4174e-15,1.1065e-13,1.4777e-11,6.3104e-17,3.1482e-09,4.5992e-05,0.00016774,1.8563e-13,8.9348e-07,2.0869e-15,1.3751e-12,3.5823e-06,6.0854e-13,4.4634e-09,7.2122e-06,7.2734e-11,2.3361e-09,0.11291,0.0024214,0.043994,0.013562,3.3693e-07,0.024751,4.8865e-08,2.3973e-12,2.1867e-10,5.8582e-05
0.00030121,0.003475,1.3553e-19,2.3455e-14,3.1192e-43,1.7971e-21,4.2786e-16,1.6997e-12,9.8179e-39,1.1113e-17,1.4058e-11,8.3542e-06,7.7798e-17,2.9187e-17,2.789e-35,5.5083e-24,2.5792e-07,6.2988e-07,1.9732e-06,0.00015341,2.0011e-28,8.1602e-21,1.2755e-32,1.7555e-19,2.64e-23,2.7564e-33,0,7.3058e-26,1.9182e-11,2.0086e-08,1.5622e-41,1.1687e-28,1.5618e-09,2.1915e-07,2.0898e-09,4.8333e-07,8.9079e-12,4.3398e-07,1.5961e-12,5.9639e-13,0.81435,2.8459e-08,5.1513e-15,1.3548e-08,4.9306e-08,1.8482e-05,4.4822e-08,2.6092e-08,1.4143e-14,6.0686e-07,6.9776e-21,5.1895e-06,4.7744e-11,8.8056e-08,4.6889e-16,1.6496e-13,0.0026843,3.4297e-06,5.8406e-11,4.5757e-06,5.3331e-07,0.0019863,1.0933e-06,2.466e-09,3.0952e-17,4.4546e-09,3.0475e-10,7.1378e-06,1.0127e-05,7.4378e-05,3.6025e-14,0.0094885,8.5388e-06,1.5844e-07,0.00041299,1.187e-05,0.0017804,0.0015086,1.2001e-07,0.00059603,1.2741e-07,1.7985e-08,9.0241e-33,0.0093309,1.9146e-14,5.1143e-11,2.6574e-28,7.5299e-30,4.3185e-20,2.313e-18,1.2273e-18,2.4229e-15,6.5884e-16,5.0397e-09,0.0094799,0.0001077,3.2823e-14,6.4873e-05,3.2264e-18,4.9225e-14,0.0057403,7.1632e-10,0.00025361,0.0059542,3.3168e-12,3.778e-09,0.018501,0.12984,0.0031004,0.15078,7.3693e-05,0.34893,1.3131e-06,1.4384e-05,4.2479e-06,0.0037876
0.0060898,0.014644,3.2082e-08,6.9862e-07,2.3251e-18,2.1017e-13,1.7914e-08,1.0469e-07,5.0709e-14,2.6041e-16,1.6735e-06,0.01093,1.6108e-09,1.8229e-08,2.229e-12,1.0599e-11,9.8685e-05,0.00024228,0.00020591,0.00044376,4.9153e-19,3.3649e-23,1.3377e-16,6.6459e-12,2.3851e-09,1.071e-17,7.3058e-26,0,3.6663e-06,0.0014565,7.8809e-16,3.3688e-15,1.0962e-07,1.7834e-06,8.4754e-09,1.5437e-06,4.2224e-06,0.00038267,4.7779e-06,3.089e-09,0.44378,2.7822e-06,3.1039e-08,3.4007e-06,3.0496e-05,0.00035835,0.0014624,0.001382,4.5804e-06,6.084e-05,2.8807e-08,6.6429e-05,0.0017774,5.4648e-05,3.4108e-05,6.2856e-06,0.030752,0.0034317,1.3225e-06,0.014265,6.3058e-05,0.030668,2.7751e-05,6.6799e-06,1.7772e-10,1.9804e-06,5.7831e-06,0.0012981,0.00058297,0.022422,1.8581e-09,0.00027397,1.099e-09,1.3375e-09,2.0978e-06,3.8045e-05,6.2026e-08,2.0116e-07,0.00014911,0.0079378,0.00018996,4.9485e-06,1.1569e-11,0.12211,1.0193e-08,7.1453e-08,8.4473e-10,5.2237e-12,1.4734e-12,2.4561e-09,4.5163e-11,5.719e-08,7.5784e-14,1.0723e-09,0.00014866,0.0017365,4.2542e-06,0.0010896,6.4026e-10,2.643e-10,2.0559e-05,6.3303e-05,6.0323e-07,0.00012851,1.3216e-10,6.9447e-09,0.16338,0.10125,0.0080921,0.27161,0.0081225,0.070543,2.7198e-08,1.637e-07,8.9501e-09,3.9961e-06
3.5032e-24,2.3987e-21,8.5347e-13,6.0708e-17,5.3162e-09,1.77e-14,1.4683e-08,3.2369e-11,3.7993e-07,1.0268e-06,3.4942e-23,1.1745e-17,1.0542e-09,1.085e-17,7.1098e-16,2.4447e-15,1.1238e-37,4.1081e-29,2.1933e-18,1.9229e-28,0.0002445,0.0022297,2.2045e-06,2.816e-07,1.1766e-08,2.1468e-11,1.9182e-11,3.6663e-06,0,1.0797e-20,3.3771e-20,6.7037e-24,1.5247e-41,2.4413e-29,3.0437e-06,3.1603e-06,2.5494e-23,9.0672e-06,4.9552e-07,9.3085e-08,0.78304,1.9813e-05,1.57e-13,2.0105e-10,3.3493e-13,2.5345e-13,3.0134e-13,1.4501e-10,3.0881e-21,9.2097e-14,3.6867e-24,3.5227e-15,5.6977e-19,3.8223e-13,3.5461e-17,2.6514e-18,3.0282e-22,4.3185e-25,5.2838e-18,1.9112e-19,6.7933e-13,8.2297e-07,5.1571e-27,7.2396e-29,0.0026898,0.00050777,6.1862e-27,8.5176e-16,2.0844e-17,9.3444e-14,0.012694,0.12006,5.4971e-12,9.3886e-13,0.00018105,8.7092e-07,0.12561,0.058239,2.9793e-28,3.9827e-14,9.1796e-41,4.0167e-22,5.5794e-23,1.4232e-08,1.0791e-19,4.8797e-14,1.1298e-09,7.3958e-12,8.3784e-16,4.0899e-25,2.1321e-05,1.5736e-05,0.010171,0.0013824,4.253e-09,0.0097061,2.6192e-29,1.9643e-14,3.4195e-16,1.3017e-25,0.013944,8.2156e-18,5.8388e-13,2.6926e-10,1.0859e-15,1.0957e-13,0.0046245,3.1577e-08,0.033638,0.29487,0.0004013,0.00038642,9.4914e-08,9.412e-17,8.6123e-10,0.061862
3.3717e-14,4.2762e-07,5.4335e-12,3.8776e-12,2.1582e-07,1.1104e-10,6.3195e-09,1.0393e-07,1.1318e-06,4.5668e-06,9.4783e-10,2.0065e-14,4.691e-05,1.7267e-15,2.6183e-12,1.2804e-22,1.2635e-12,3.057e-21,1.5005e-19,1.4267e-20,4.948e-05,5.3372e-05,5.3611e-05,1.792e-05,1.33e-08,1.4178e-10,2.0086e-08,0.0014565,1.0797e-20,0,6.5299e-14,8.6738e-12,2.6702e-16,2.0331e-14,0.00061807,0.0017024,8.0468e-08,2.2764e-13,5.655e-13,6.123e-08,3.8611e-08,5.0434e-19,2.213e-11,6.4774e-08,6.2408e-15,1.5468e-11,1.4147e-13,3.0402e-10,8.7468e-16,7.9494e-13,3.5122e-21,1.4298e-16,8.2063e-12,2.0305e-08,5.1871e-14,8.5923e-13,4.6909e-11,4.3925e-12,1.0201e-13,8.4591e-12,1.2246e-05,0.0025912,1.3965e-10,4.4042e-16,0.017833,0.00026429,1.2935e-15,1.1095e-09,9.7372e-15,3.5858e-11,0.0012325,0.035857,4.8354e-08,8.8699e-14,0.00032775,2.7373e-10,0.0054707,0.089308,8.6545e-08,8.3343e-23,1.4998e-19,3.7538e-27,1.9974e-29,4.2046e-24,3.5145e-19,2.1471e-14,1.3198e-20,5.482e-10,3.4989e-17,1.3253e-14,1.0756e-05,0.00014656,0.029826,0.10684,7.8952e-05,0.34395,1.1784e-13,5.6621e-14,4.8486e-11,8.0292e-10,0.023402,2.0545e-06,2.7364e-06,0.00021052,0.0095315,0.15425,0.0059312,3.1492e-05,0.35547,2.0942e-06,2.2609e-07,0.21639,2.3602e-06,1.462e-07,0.0033834,0.00033611
4.9781e-06,0.0002006,2.8928e-23,3.2721e-19,2.6031e-28,4.7009e-17,9.7608e-18,3.9685e-14,1.9084e-28,1.3624e-14,1.7909e-15,4.0105e-08,1.8736e-16,2.8737e-20,1.3783e-35,1.229e-25,2.673e-09,3.6709e-08,1.903e-09,3.287e-06,1.7621e-16,3.2859e-09,1.3797e-35,8.7039e-18,1.5776e-36,8.1396e-50,1.5622e-41,7.8809e-16,3.3771e-20,6.5299e-14,0,1.8508e-61,1.5767e-13,2.2356e-11,2.0846e-11,1.3355e-10,6.5004e-15,1.0925e-07,2.9747e-13,1.9576e-09,0.42427,1.7646e-09,4.9026e-15,1.0007e-07,2.2914e-10,1.3915e-06,5.9115e-08,3.4459e-07,1.8281e-15,5.3482e-07,1.1187e-26,1.7223e-07,5.766e-14,7.6518e-09,7.689e-18,3.2914e-13,7.0806e-05,9.8396e-08,3.7379e-11,9.4268e-07,7.2165e-09,0.00038246,1.0564e-07,2.004e-10,8.5265e-18,8.1235e-10,1.6938e-12,5.8547e-08,3.8293e-06,1.8742e-06,4.8168e-13,7.6938e-06,6.5423e-09,1.2334e-11,1.6504e-05,3.3294e-07,0.0014251,0.0028001,1.4186e-09,1.3454e-05,1.3973e-10,6.73e-10,2.0052e-34,0.00049298,1.3415e-16,2.4371e-10,3.5524e-28,3.0432e-25,2.5942e-23,2.3843e-18,1.3072e-16,1.1314e-15,1.9393e-15,8.9662e-11,0.00012073,0.00074666,2.3078e-18,2.0183e-07,9.4586e-22,9.0307e-16,0.00012037,1.9975e-17,4.9257e-09,4.1461e-06,1.0574e-14,1.3762e-11,0.0061505,0.0024908,0.021851,0.012411,2.1667e-08,0.0041983,1.5672e-09,2.5667e-10,1.7366e-11,2.379e-06
2.7448e-06,2.6935e-05,2.5734e-14,6.5994e-16,2.2018e-17,2.2122e-13,1.8219e-11,1.1325e-13,2.8528e-16,2.0291e-11,3.8474e-13,4.2977e-08,6.825e-12,1.9964e-22,4.2469e-25,5.8439e-21,4.1911e-11,1.5979e-10,2.1462e-06,8.8449e-07,2.7151e-12,4.0017e-06,8.9469e-24,2.2966e-20,4.0067e-27,3.1435e-42,1.1687e-28,3.3688e-15,6.7037e-24,8.6738e-12,1.8508e-61,0,8.3574e-16,2.8527e-13,3.0812e-11,3.4555e-11,6.7663e-16,0.00066153,6.7384e-07,3.2985e-05,0.6891,0.00011502,2.9608e-13,4.9089e-07,5.961e-10,2.7266e-07,5.5092e-07,5.1712e-06,1.2719e-12,5.4424e-07,1.7894e-19,1.3951e-06,1.7661e-11,1.3146e-07,2.9497e-12,2.1397e-10,4.705e-06,8.0313e-09,2.8598e-07,3.0345e-05,5.6898e-08,0.00025241,8.6694e-10,1.3229e-13,2.3543e-14,1.3619e-09,2.4485e-11,3.9995e-08,9.3426e-07,3.601e-06,1.4589e-07,3.5349e-05,2.91e-07,3.3148e-08,0.00088705,2.436e-05,0.0068327,0.0010725,3.6473e-12,2.6071e-07,1.6023e-13,6.7663e-10,6.4031e-26,0.0053555,2.6871e-14,8.9431e-08,1.8586e-17,7.7712e-15,7.1411e-17,1.52e-13,3.2226e-12,5.45e-12,1.0015e-11,3.6996e-10,0.00049103,0.036667,1.1241e-19,9.6698e-07,9.6578e-17,4.5727e-17,2.3695e-05,1.3712e-19,1.0567e-11,3.9277e-09,5.1938e-17,8.1542e-17,0.0060551,0.0014825,0.14687,0.022835,1.2652e-07,4.9943e-05,2.0945e-10,1.7223e-14,2.2229e-14,1.567e-05
