0,9.2674e-27,0.65859,0.022054,0.00020451,0.061579,0.0084936,0.67345,1.0841e-05,0.47114,2.0057e-27,3.3145e-08,6.7128e-25,7.3637e-08,1.0821e-13,0.0022101,2.1629e-17,2.2738e-12,4.4472e-19,3.3616e-18,0.0064709,0.0017391,0.0073626,0.082099,0.70523,0.031851,0.37241,0.2208,8.3353e-12,7.7395e-09,0.03015,0.7379,0.019816,0.041944,0.019884,0.00057427,0.067184,0.13805,0.019001,0.18858,0.0062969,5.2574e-06,0.0043436,0.012235,4.7231e-06,0.12216,2.9348e-06,0.00025922,2.5939e-12,1.2658e-11,0.00010475,9.7121e-09,7.2007e-09,2.0288e-06,7.2414e-07,7.4027e-07,7.5422e-38,1.9325e-28,2.908e-11,3.6898e-05,9.8782e-11,0.19202,4.5834e-07,8.0376e-05,0.0012129,0.0071861,0.96591,0.03708,2.5228e-16,0.00032757,3.9066e-05,0.00020805,4.9318e-07,1.2229e-06,2.06e-09,3.7541e-05,0.0050524,0.040692,2.1672e-10,7.2623e-12,9.1637e-17,6.3444e-11,1.125e-10,5.5731e-07,6.0249e-16,0.0014457,0.0048826,2.7758e-06,0.68511,0.072175,0.0030394,1.6524e-08,0.66502,0.080452,0.10991,0.12081,0.00066327,0.00026304,5.432e-07,3.563e-11,0.71835,0.069639,0.0060134,0.012191,0.058034,0.0061629,0.00021574,0.0038749,0.72883,0.93988,0.71632,0.00028055,0.00098645,0.00063602,0.059295,0.36609
9.2674e-27,0,0.0039678,0.086566,0.0011341,0.87078,1.0699e-10,0.057321,1.206e-06,0.66255,1.5166e-11,9.6771e-13,9.2057e-15,4.8202e-09,1.325e-06,0.020777,1.3374e-18,1.0995e-17,6.1382e-10,4.9633e-20,0.052834,0.00069667,0.013427,0.97723,0.024702,0.62732,0.20983,0.045798,5.8131e-13,1.976e-10,0.016116,0.028363,3.8644e-06,1.4637e-06,0.42624,0.56536,0.0001323,0.00093939,0.00064122,0.0024523,7.1871e-10,1.954e-13,0.0010429,0.00015694,1.6816e-10,0.0032641,8.8958e-09,2.0955e-08,1.9883e-15,2.1531e-18,8.2436e-10,5.6586e-18,1.1307e-13,1.6409e-12,1.2037e-14,4.6973e-14,1.7729e-20,3.2598e-40,5.5604e-05,0.00019821,1.755e-09,0.17884,1.6648e-05,1.4045e-06,0.87004,0.35912,0.093846,0.30698,5.1238e-14,9.1283e-06,0.0016339,0.0011987,3.0237e-09,9.5492e-12,4.7127e-08,1.1286e-09,0.00010405,4.397e-05,1.3473e-08,4.1109e-12,1.0283e-14,3.0262e-12,1.3559e-13,2.1103e-09,1.9285e-14,1.1762e-08,0.00091753,4.6303e-07,0.047875,0.00018746,0.00024062,5.1983e-07,0.13454,0.0020739,0.039362,0.0047923,1.4661e-07,1.7823e-06,7.9897e-21,1.0213e-19,0.021287,3.9853e-06,4.4226e-08,8.6243e-05,0.00054612,2.5731e-05,0.00016884,0.0018769,0.70172,0.57644,0.019405,2.8413e-09,3.1676e-07,0.0002601,0.1239,0.46839
0.65859,0.0039678,0,2.3586e-14,0.18081,4.1796e-10,5.3274e-23,3.1366e-08,0.15068,2.3589e-06,0.00016418,0.14813,0.095238,0.09305,0.12248,0.17007,0.73032,0.070333,0.82561,0.34711,0.24044,0.044024,3.9194e-12,1.6162e-13,5.4929e-09,1.7978e-11,1.2609e-16,5.8739e-07,0.43043,0.36329,2.0041e-07,7.3663e-16,4.5174e-10,9.6595e-13,4.2946e-25,1.1997e-15,5.5052e-08,5.4344e-07,1.1272e-05,6.73e-08,0.0032681,0.016528,4.9347e-11,2.0899e-12,0.0022128,0.00010476,0.00066513,1.5387e-10,0.0096362,0.27737,1.5975e-12,2.1762e-07,0.00014225,2.565e-09,4.3497e-06,0.00021663,0.90872,0.43405,0.1954,0.48471,5.7531e-05,2.5077e-05,0.12734,0.07752,5.7998e-36,2.242e-14,1.5725e-16,2.111e-07,0.010063,0.11577,0.00020236,3.1375e-05,0.0031869,0.00030227,0.014814,0.12258,7.1733e-12,2.5368e-13,0.83397,0.060278,0.64392,0.57448,0.57427,0.26351,0.058669,0.0016401,2.2224e-08,0.00045716,1.3781e-12,4.5533e-11,8.8029e-08,1.1387e-14,3.2984e-12,2.286e-21,0.0011364,1.9581e-06,4.7046e-08,6.7372e-11,6.6886e-10,5.2001e-09,3.9143e-09,1.8953e-19,2.2663e-10,3.3283e-08,2.1254e-12,5.8296e-12,9.8356e-06,0.036683,0.00015205,3.2316e-06,9.5406e-12,4.2124e-07,0.3158,9.3598e-06,2.0849e-08,0.83452
0.022054,0.086566,2.3586e-14,0,0.20529,1.1681e-26,1.896e-13,9.3559e-40,0.0022249,5.4635e-18,5.6165e-07,0.05678,2.8816e-08,0.67399,0.0015873,0.012968,0.71992,0.035542,4.9022e-06,0.016136,0.51503,0.02333,0.71433,1.6551e-22,0.00021285,8.7269e-18,1.72e-09,6.6452e-13,0.17515,0.91864,0.46346,1.2597e-20,0.00032705,5.4906e-17,6.7195e-10,1.2902e-13,0.025659,2.867e-05,0.035669,0.0028394,0.055967,0.17015,0.00019638,1.1177e-06,0.9085,0.018255,0.44075,0.00036522,0.97617,0.72351,5.4519e-07,0.0012803,0.3357,0.068356,0.00021334,0.044551,0.12267,0.35552,0.81179,0.76134,0.00035967,7.6781e-17,0.015037,0.23074,1.0759e-18,4.051e-33,2.0274e-05,8.7385e-10,0.16626,0.22911,0.17816,0.79779,0.68032,0.31147,0.75893,0.2373,0.013135,6.0329e-08,0.18019,0.34486,0.074222,0.7778,0.16983,0.029698,0.98417,4.4793e-07,0.23903,0.56031,5.1043e-13,1.0563e-14,9.5499e-05,0.0069188,4.366e-23,6.7488e-10,0.058792,0.011866,1.0828e-05,2.0461e-07,9.8093e-06,0.00060641,2.7492e-20,1.5238e-12,8.1666e-10,1.4898e-07,0.00011173,1.7401e-05,0.000118,0.044029,0.096218,0.030114,2.3086e-08,5.0892e-08,6.3002e-05,0.00022304,6.3611e-05,0.84269
0.00020451,0.0011341,0.18081,0.20529,0,2.8651e-06,0.090725,0.094963,2.3562e-08,0.0062643,0.37153,0.036508,0.18925,0.064326,6.294e-06,0.0011826,0.0056462,0.0011966,0.035687,0.00017171,1.98e-14,1.0057e-08,0.0082823,0.007896,1.7978e-08,1.9015e-07,4.1824e-06,7.5459e-07,0.33509,0.021859,0.21153,0.28168,0.14097,0.005338,0.18724,0.60834,0.011263,0.012787,0.00060307,0.002271,0.96292,0.11659,1.7762e-06,0.00021721,0.00058423,0.0080819,2.2232e-05,1.914e-05,9.0679e-07,0.0067078,1.6711e-05,0.0005967,4.3134e-05,0.00065742,4.3368e-05,0.00020352,0.00084905,1.168e-05,0.0033613,0.98726,0.0020964,0.019216,0.58859,0.39872,0.41023,0.31536,0.018003,0.23131,1.8932e-05,0.0001123,0.11238,0.78169,0.22798,0.25225,0.0094613,0.11525,0.74506,0.45758,0.001361,0.046385,0.013308,0.074622,0.0064954,0.047478,0.039408,0.080474,9.1875e-05,0.00028748,0.010978,0.057742,0.0027183,0.1434,0.014375,0.043491,0.087644,0.12851,0.0011622,0.0024601,0.0035601,0.017486,0.060874,0.0014444,0.15273,0.97262,0.2333,0.10166,0.0022263,0.41819,0.92992,0.44188,0.040942,0.010991,0.23021,0.29451,0.47484,0.86236
0.061579,0.87078,4.1796e-10,1.1681e-26,2.8651e-06,0,3.9174e-05,3.903e-29,6.2764e-09,9.6257e-35,1.9967e-09,0.92085,6.7664e-11,0.011067,0.0023636,0.04282,0.22312,6.2807e-05,3.1465e-09,1.1053e-05,0.0002441,5.2247e-07,0.26237,4.691e-13,2.0994e-06,6.8643e-26,3.2406e-15,5.3131e-23,9.8806e-06,0.026876,0.61563,3.8381e-12,0.42802,7.6371e-09,1.8713e-06,9.1146e-09,0.017428,1.6055e-06,0.0040731,2.8743e-05,0.83195,0.88727,2.1937e-10,3.3402e-13,0.50488,0.0011429,0.030476,4.7723e-06,0.27455,0.41324,8.9817e-09,0.0034781,0.054411,0.068025,6.7472e-05,0.099992,0.72541,0.16177,0.39944,0.076892,0.00027507,2.0267e-16,1.523e-07,0.10291,2.1924e-15,4.1243e-32,8.4981e-05,1.8731e-08,0.031367,0.0061374,0.98897,0.31591,0.014252,0.040298,0.22053,0.0064671,0.2022,0.0003477,0.76944,0.9838,0.00057781,0.13119,0.0092667,0.0022962,0.012022,0.020835,0.71431,0.82369,6.124e-15,6.7341e-14,1.5132e-05,0.08471,1.4067e-25,7.4132e-08,0.016236,0.11227,1.2175e-06,4.7489e-09,0.003107,0.050013,2.3243e-19,5.5033e-14,4.9422e-05,0.00020419,0.0042056,0.013013,0.03162,0.25701,0.42401,0.072974,2.524e-11,1.6357e-05,0.054827,0.0072422,0.00015804,0.5038
0.0084936,1.0699e-10,5.3274e-23,1.896e-13,0.090725,3.9174e-05,0,2.8666e-13,9.1848e-05,5.8001e-05,0.8054,0.00021367,0.10469,0.59513,0.027622,0.13569,0.0038165,0.061905,0.06874,0.020665,0.30578,0.0031746,0.00011181,3.155e-05,0.00046715,0.00068922,5.229e-05,0.0017308,0.0025579,0.025006,0.00024753,5.3961e-10,3.452e-12,1.1023e-16,6.4997e-13,7.297e-08,4.0232e-05,0.00030138,0.0092492,0.00060314,8.5122e-05,4.7001e-06,2.1685e-05,7.9785e-07,5.5093e-06,6.914e-06,0.0019885,5.3672e-08,9.6863e-06,0.00017259,4.0722e-12,1.8243e-11,2.4076e-05,5.2735e-08,3.707e-05,0.00089917,0.20481,0.0015675,0.00053435,0.084727,2.4533e-18,1.3401e-09,0.01492,0.00096327,4.4639e-17,2.7113e-09,1.2666e-13,7.0771e-06,0.00045494,0.030404,4.3871e-05,4.1536e-05,1.674e-05,3.7797e-08,2.1422e-05,0.00025792,7.6125e-12,3.6271e-15,0.18425,4.5035e-06,0.021453,0.020001,0.0041232,0.15923,0.00019719,0.00081961,0.00017138,0.005381,9.5141e-09,1.7063e-09,4.7971e-07,4.7937e-15,5.1586e-10,2.2038e-22,0.0010692,5.5218e-06,6.4322e-06,2.0554e-06,7.046e-13,2.2367e-11,4.2896e-12,1.3072e-25,5.2092e-14,3.2553e-14,3.3609e-07,4.1075e-13,2.1236e-08,0.00038176,0.0058539,0.00015647,3.2535e-08,4.1642e-08,1.4566e-05,5.2375e-05,5.8849e-06,0.1663
0.67345,0.057321,3.1366e-08,9.3559e-40,0.094963,3.903e-29,2.8666e-13,0,6.7452e-09,6.529e-33,0.015951,0.00013965,9.8916e-06,0.16949,0.00075344,0.17028,0.13053,0.1203,1.0044e-05,0.0080771,0.31001,5.6183e-05,0.025916,1.2298e-09,0.013191,1.3911e-09,1.1529e-05,6.3185e-08,0.31529,0.41058,0.66796,2.0755e-16,0.083734,6.3279e-15,1.8246e-05,1.5705e-06,0.15377,2.1299e-06,0.047144,0.00074868,0.64296,0.25755,4.3185e-06,2.6408e-09,0.53886,0.0010646,0.12606,7.7622e-05,0.23947,0.23035,3.1887e-07,7.9205e-06,0.046069,0.14845,0.00076585,0.23292,0.94192,0.34527,0.0018522,0.8231,1.0527e-15,4.5261e-45,0.018226,0.018098,4.5962e-11,5.5499e-43,0.0023075,1.1635e-08,0.0095689,0.007619,0.69804,0.088635,0.70767,0.43996,0.7554,0.23162,0.0076041,1.1845e-08,0.06918,0.0060094,0.45539,0.68504,0.038971,0.02455,0.75297,0.006481,0.43133,0.40968,3.8263e-15,1.9058e-17,7.2958e-07,0.00011819,9.4021e-24,2.4204e-10,0.0061294,0.036363,6.6006e-05,6.5209e-07,0.00014505,0.00050207,1.501e-30,2.6843e-17,1.1248e-09,1.0841e-07,0.024036,0.00059595,0.010233,0.032487,0.53385,0.0029317,5.1042e-10,1.377e-07,2.972e-06,0.0019001,5.8485e-06,0.44182
1.0841e-05,1.206e-06,0.15068,0.0022249,2.3562e-08,6.2764e-09,9.1848e-05,6.7452e-09,0,7.0058e-19,0.038957,7.8726e-09,0.15509,0.56663,0.19608,0.24537,0.016549,0.15227,0.1365,0.98013,1.6667e-06,3.1764e-12,0.027617,0.54559,0.036265,4.0047e-05,0.00029854,1.5928e-06,0.2676,0.31869,3.9419e-05,0.94981,0.48119,0.054036,0.36358,0.21326,0.64691,0.032777,0.12202,0.013535,0.78238,0.032541,1.486e-06,1.1132e-06,0.027925,0.3052,0.0001769,0.00010039,4.2826e-06,0.0017632,5.2994e-10,2.0226e-06,6.7155e-06,0.0036153,6.9509e-06,0.0095936,1.0077e-05,3.8707e-06,6.1214e-05,0.2033,3.9142e-16,5.7043e-09,0.44664,0.0033606,0.067796,3.3551e-05,0.84713,0.58586,1.702e-06,0.0052382,0.3128,0.50554,0.27458,0.94421,0.83955,0.25335,0.3594,0.60656,0.13646,0.0011328,0.48412,0.038568,0.73471,0.6765,0.4763,0.061216,0.47241,0.8436,1.6198e-09,2.029e-06,0.0004597,0.059661,1.1558e-07,0.00013218,0.34005,0.90061,0.019005,0.00049347,0.013042,0.03609,3.4324e-05,5.3233e-11,0.07776,0.056117,0.76584,0.33223,0.11402,0.97329,0.016698,0.21497,0.10755,0.031609,0.0084229,0.27706,0.2998,0.00203
0.47114,0.66255,2.3589e-06,5.4635e-18,0.0062643,9.6257e-35,5.8001e-05,6.529e-33,7.0058e-19,0,0.00043276,0.003528,5.1552e-07,0.03465,0.067059,0.0053451,0.73252,0.0017845,9.4209e-08,9.2854e-06,0.019842,6.3268e-07,0.08437,4.3654e-08,0.019069,1.4226e-11,9.6997e-08,1.714e-09,0.00020766,0.043183,0.0093509,5.7396e-06,0.78889,9.3132e-07,0.015832,0.012896,0.16896,3.6283e-05,0.11513,0.00056126,0.21355,0.83206,1.1593e-09,4.4874e-12,0.84071,0.050662,0.014247,1.7878e-05,0.11273,0.51034,3.5133e-09,5.3514e-05,0.0088488,0.075026,0.0017448,0.14375,0.44391,0.4105,0.020735,0.32509,1.6105e-09,1.6074e-26,4.1827e-05,0.16928,1.5833e-08,3.7087e-25,0.093654,0.00082509,0.033676,0.0036281,0.70328,0.99686,0.0060002,0.041532,0.064231,0.00034078,0.8334,0.0094039,0.83736,0.33583,0.011178,0.47968,0.00032398,0.00052583,0.027359,0.25943,0.12227,0.050778,5.4727e-17,1.9573e-17,1.8613e-06,0.012413,4.1241e-29,5.4919e-09,0.068963,0.97907,0.0030308,1.4323e-05,0.057812,0.3172,4.431e-19,3.3776e-15,0.00086195,0.016124,0.088048,0.043519,0.21441,0.79402,0.59005,0.099382,1.0302e-06,0.0042824,0.045549,0.19414,0.00044419,0.051646
2.0057e-27,1.5166e-11,0.00016418,5.6165e-07,0.37153,1.9967e-09,0.8054,0.015951,0.038957,0.00043276,0,3.8722e-14,1.0079e-42,2.0861e-08,7.9215e-12,0.2111,3.9653e-13,1.3197e-14,1.2713e-24,7.2151e-18,0.39474,0.60889,0.31515,1.9607e-07,0.0017975,2.1669e-10,2.4882e-06,1.7465e-05,4.8913e-17,3.6569e-11,0.21275,0.0042331,0.23686,0.99436,1.3627e-06,3.2441e-08,0.78957,0.39203,0.31837,0.23152,0.00086109,0.00045335,0.23989,0.07727,0.030495,0.86315,0.10951,0.98704,0.00015086,1.2878e-08,0.33765,0.011077,0.018321,0.35021,0.1825,0.068889,1.6162e-13,5.8778e-11,1.7264e-11,3.4914e-08,2.9205e-07,0.8584,1.0341e-13,2.6899e-11,6.8487e-13,3.7655e-08,0.11796,0.0056509,0.0001586,0.075841,0.0063313,0.0074722,5.4145e-09,1.2031e-08,4.1261e-09,2.2979e-07,0.15372,0.48361,1.094e-05,1.9445e-06,2.1912e-15,5.4595e-07,1.0528e-13,1.9135e-07,6.7944e-13,0.45565,0.12245,0.010875,0.03089,0.69922,0.17102,0.0084402,0.00021596,0.30732,0.24362,0.96307,0.78936,0.83582,0.030313,0.00084482,0.04872,0.057794,0.56679,0.58005,0.65007,0.65577,0.13123,0.0023184,0.42679,0.32454,0.07481,0.20614,0.0039429,0.81008,0.66628,0.41128
3.3145e-08,9.6771e-13,0.14813,0.05678,0.036508,0.92085,0.00021367,0.00013965,7.8726e-09,0.003528,3.8722e-14,0,1.1791e-08,4.6498e-14,0.0010683,3.4822e-05,4.7524e-16,4.4675e-18,2.0936e-05,1.6029e-10,0.84662,0.039425,0.11075,0.52725,0.046936,0.060175,0.036362,0.58829,1.0213e-11,1.4453e-12,0.1165,0.79851,0.043517,0.00044028,0.0091937,0.017821,0.16153,0.01437,0.2651,0.17946,0.00019325,4.3839e-08,0.23235,0.14542,0.0026865,0.18306,0.00018361,0.001748,5.9961e-08,1.1038e-11,0.0010183,2.7563e-08,4.149e-06,0.013785,9.8323e-07,1.8603e-05,8.3581e-09,8.1431e-08,8.3211e-06,0.00074146,2.8494e-11,8.1077e-05,6.9234e-11,5.6196e-38,0.00071615,0.42853,0.35655,0.70674,0.0086996,0.061757,0.51783,0.27425,0.00095784,2.9436e-05,0.0018107,0.0002371,0.1471,0.0024389,1.1106e-11,3.2041e-07,6.8682e-13,2.1257e-08,5.6298e-09,2.8818e-07,2.0021e-09,6.0331e-06,0.3591,0.20357,0.049998,0.0010576,2.2208e-05,0.038277,0.0038525,0.17213,0.72086,0.95596,0.06365,0.058042,6.2683e-07,2.3886e-05,0.00039087,0.017177,0.0017833,0.083036,0.97449,0.31405,0.072198,0.001769,0.28988,0.61773,0.20174,0.00013045,9.7749e-09,0.54843,0.87121,0.42329
6.7128e-25,9.2057e-15,0.095238,2.8816e-08,0.18925,6.7664e-11,0.10469,9.8916e-06,0.15509,5.1552e-07,1.0079e-42,1.1791e-08,0,1.1437e-12,5.5475e-21,0.034843,1.6909e-12,1.471e-19,2.7461e-30,2.0006e-21,0.062053,0.075649,2.2946e-05,0.00067408,0.5936,1.3273e-05,0.019373,0.0022398,2.3675e-21,2.4487e-11,0.00018812,0.1022,0.00023161,0.35357,0.033499,0.0017851,0.087619,0.40945,0.055463,0.74538,5.1816e-06,7.6438e-08,0.43908,0.23758,1.1206e-05,0.1433,0.011205,0.15093,7.9247e-07,8.6958e-09,0.83292,0.0027991,0.0062753,0.020236,0.11799,0.0024381,1.4168e-11,1.6192e-15,6.9865e-10,1.8251e-07,1.4731e-05,0.066255,3.4831e-18,3.3054e-07,1.0729e-05,1.9187e-10,0.33395,0.083498,0.0025076,0.29185,3.4103e-06,0.0002915,1.4857e-13,7.9492e-12,4.7539e-13,5.5742e-12,0.0034999,0.17729,1.4884e-05,3.5482e-08,3.4471e-18,2.7195e-10,2.4971e-18,3.0485e-11,3.2995e-20,0.038712,0.00089078,2.4172e-07,0.032685,0.1526,0.28753,0.0059872,0.0016994,0.78659,0.83837,0.11008,0.65084,0.70985,0.0029821,0.00016271,0.0023111,0.20565,0.47807,0.21944,0.10782,0.026636,0.012818,0.0062241,0.67029,0.82984,0.060321,0.256,0.016341,0.25841,0.69677,0.30261
7.3637e-08,4.8202e-09,0.09305,0.67399,0.064326,0.011067,0.59513,0.16949,0.56663,0.03465,2.0861e-08,4.6498e-14,1.1437e-12,0,6.0075e-07,2.5097e-15,6.1299e-17,2.6361e-16,2.0183e-08,6.9648e-18,0.026206,0.85899,0.23513,0.013761,0.44786,0.096593,0.026305,0.26807,1.1228e-18,1.464e-15,0.087786,0.5444,0.00048544,0.007142,0.093927,0.61514,0.20956,0.39787,0.092459,0.25839,3.0988e-06,4.7205e-07,0.81013,0.4663,1.9422e-05,0.0077425,0.0001804,0.0020012,3.3601e-07,1.2035e-09,0.020222,2.604e-05,0.001182,0.029386,7.326e-06,1.4961e-09,1.7614e-09,5.6936e-10,0.0019626,8.1586e-06,0.11433,0.28715,5.6007e-17,3.3985e-12,1.7514e-05,6.3148e-06,0.44627,0.89546,0.017817,0.1633,0.044629,0.052715,6.4322e-05,6.5142e-06,0.0014186,9.9343e-05,0.22064,0.022242,5.4412e-09,8.7543e-08,5.1963e-18,2.1968e-14,1.6207e-13,4.2921e-10,1.0918e-15,4.1085e-14,0.027797,1.9488e-07,0.094905,0.82245,0.41933,0.86423,0.96922,0.11009,0.51353,0.23812,0.016812,0.040331,1.2171e-05,5.5817e-05,0.58277,0.090236,0.00383,0.29076,0.22084,0.12465,0.015817,0.16753,0.97789,0.95045,0.31495,0.01247,0.0019247,0.26179,0.6438,0.7225
1.0821e-13,1.325e-06,0.12248,0.0015873,6.294e-06,0.0023636,0.027622,0.00075344,0.19608,0.067059,7.9215e-12,0.0010683,5.5475e-21,6.0075e-07,0,8.0925e-09,0.00044166,2.7858e-06,9.7697e-26,1.0523e-11,0.0050594,0.19096,1.6562e-24,0.18518,0.62714,0.11853,0.49357,0.10288,8.3171e-08,0.00013771,4.5047e-06,0.56078,0.00017675,0.085874,0.82535,0.23932,0.012733,0.83437,0.13713,0.41764,0.015938,0.013202,0.025863,0.20485,0.0001909,0.042478,0.00044241,0.0067816,2.6403e-06,6.92e-06,0.048749,0.00053212,0.0032125,0.00032227,0.096342,4.2875e-05,4.8732e-06,1.2288e-08,9.8825e-07,8.0846e-08,0.0029961,0.87434,1.592e-11,0.0003984,0.20453,0.00020387,0.0032279,0.81335,0.0064671,0.013326,6.112e-06,0.0074541,1.6469e-10,8.7458e-07,2.0137e-10,3.4498e-09,0.0033288,0.24636,0.027023,0.0032303,3.9519e-09,0.00070646,1.6398e-12,0.00046217,8.709e-15,0.18567,9.57e-12,4.7006e-08,0.33966,0.11951,0.0011245,1.4901e-08,0.93817,0.0025404,0.62487,0.067446,0.77905,0.095125,0.0041445,0.00097996,0.29727,0.49102,0.25018,0.55708,0.0099347,0.0026012,0.00030109,0.0063006,0.16734,0.8737,0.86531,0.94925,0.6392,0.70207,0.11674,0.31562
0.0022101,0.020777,0.17007,0.012968,0.0011826,0.04282,0.13569,0.17028,0.24537,0.0053451,0.2111,3.4822e-05,0.034843,2.5097e-15,8.0925e-09,0,1.7793e-08,0.00026088,0.000509,0.00029826,0.62885,0.15271,0.0027315,6.8421e-13,0.52361,0.096996,0.26888,0.16283,1.1821e-08,1.7684e-08,0.00067534,6.2708e-06,8.0366e-05,1.2354e-06,0.36059,0.14514,0.00084095,4.9427e-05,0.019645,0.0028901,0.0032685,0.00093311,2.6605e-06,1.0675e-06,0.0040414,0.00057963,4.2294e-05,4.0023e-07,5.7135e-05,0.0033711,8.8444e-05,0.00026803,0.0040204,0.0070919,0.0003466,1.5355e-05,1.4861e-05,0.0018742,0.0095088,0.0066631,0.026997,0.065412,1.1338e-05,0.00077536,0.8941,0.82944,0.0034904,0.0020166,0.074647,0.031773,0.38967,0.35939,0.0049876,0.012754,6.8926e-05,0.16157,0.0024714,0.00042487,4.2575e-06,0.00014293,1.9535e-06,0.0001224,1.7699e-05,0.00072451,5.5043e-06,1.1657e-06,0.07821,0.0047547,0.03477,0.024921,5.2303e-05,0.0057538,2.3052e-05,0.10892,0.55749,0.79538,0.0023327,0.00046525,4.0244e-05,6.9271e-05,0.006359,0.84217,0.0021653,0.15074,0.0060429,0.01571,0.0001237,0.031193,0.52595,0.33946,0.025161,0.0040718,0.087804,0.018646,0.0026441,0.91582
2.1629e-17,1.3374e-18,0.73032,0.71992,0.0056462,0.22312,0.0038165,0.13053,0.016549,0.73252,3.9653e-13,4.7524e-16,1.6909e-12,6.1299e-17,0.00044166,1.7793e-08,0,1.1894e-32,1.7438e-10,2.7379e-19,0.80951,0.011573,0.60501,0.33131,0.21483,0.3008,0.2172,0.58642,1.6353e-29,9.2363e-28,0.0049222,0.0022811,9.4828e-07,4.2831e-07,0.59707,0.44116,0.0003314,0.0033211,1.4298e-05,0.0041725,3.5331e-11,6.6787e-18,0.12687,0.036402,7.5162e-06,0.0097805,1.9152e-05,2.0966e-05,7.8143e-10,1.1123e-11,0.00010447,4.5703e-09,6.2981e-08,0.00048523,1.1121e-08,4.8125e-07,1.4376e-21,1.6556e-19,2.6319e-05,0.0081803,3.868e-07,0.10317,7.2915e-15,6.3221e-14,0.02046,0.10602,0.45483,0.75642,9.6585e-05,0.029748,0.12511,0.079337,2.1025e-07,3.1287e-08,7.8967e-07,0.00010529,0.00073478,6.5216e-05,2.5505e-20,5.6723e-22,7.1258e-31,5.9331e-22,3.2331e-11,7.5868e-15,4.8406e-18,4.7071e-11,0.043758,1.0386e-05,0.75806,0.44724,0.006455,0.0022581,0.57522,0.59984,0.20335,0.21603,8.934e-06,0.0034022,2.3679e-11,8.6804e-12,0.35795,0.16462,0.00083834,0.028279,0.14612,0.019308,0.00043774,0.0004545,0.49736,0.65773,0.039689,2.9389e-09,5.6455e-05,0.0030064,0.13808,0.67804
2.2738e-12,1.0995e-17,0.070333,0.035542,0.0011966,6.2807e-05,0.061905,0.1203,0.15227,0.0017845,1.3197e-14,4.4675e-18,1.471e-19,2.6361e-16,2.7858e-06,0.00026088,1.1894e-32,0,2.316e-15,1.5674e-27,0.036085,0.0052401,0.14599,0.2917,0.062633,0.038912,0.22077,0.4513,2.8791e-34,1.6455e-34,0.0010797,0.40348,2.4668e-07,0.00039116,0.36721,0.052598,4.3727e-05,0.021752,0.00014066,0.010244,1.2474e-11,2.5943e-20,0.9641,0.8636,1.323e-08,0.011331,2.2436e-06,0.00017758,3.2384e-12,8.5557e-16,0.0075534,8.8292e-08,4.3963e-08,8.6956e-05,4.8706e-07,4.4054e-08,1.0828e-13,1.5733e-20,0.0026854,0.00033717,0.0062314,0.13087,3.2387e-20,1.9269e-17,8.401e-05,1.481e-07,0.91916,0.12037,0.008638,0.079846,0.0017009,0.089039,2.6727e-11,2.0515e-12,2.7548e-08,2.9117e-11,0.0024734,0.0066476,5.8812e-19,7.028e-19,1.2858e-43,2.4635e-27,2.1198e-20,2.0339e-30,4.3306e-22,2.7711e-08,0.00533,1.773e-07,0.15179,0.45063,0.15951,0.3905,0.061592,0.19158,0.28087,0.11504,0.0013108,0.069046,3.0853e-09,2.4273e-08,0.25558,0.7772,0.021853,0.38849,0.68331,0.046664,0.001049,0.015016,0.97664,0.48746,0.29254,5.2383e-06,8.18e-05,0.2478,0.66521,0.81166
4.4472e-19,6.1382e-10,0.82561,4.9022e-06,0.035687,3.1465e-09,0.06874,1.0044e-05,0.1365,9.4209e-08,1.2713e-24,2.0936e-05,2.7461e-30,2.0183e-08,9.7697e-26,0.000509,1.7438e-10,2.316e-15,0,1.7377e-36,0.065191,0.37756,8.3105e-12,0.055689,0.97114,3.1124e-06,0.010243,0.00062128,2.1427e-22,3.2577e-15,2.149e-09,0.75652,1.1985e-07,0.025083,0.65545,0.045939,0.00023364,0.29144,0.018992,0.26912,1.1883e-06,8.4467e-06,0.9867,0.38875,2.9937e-05,0.062785,0.03457,0.21934,7.4625e-06,1.2633e-06,0.84163,0.011041,0.0085929,0.0057051,0.12438,0.0030259,1.4616e-08,3.7057e-10,2.8826e-06,8.197e-09,0.01926,0.060204,4.4487e-15,1.4545e-06,9.7314e-05,3.2388e-10,0.012028,0.58884,0.0014188,0.0034395,9.2328e-07,0.00039403,1.3894e-17,3.4098e-13,1.5017e-17,1.197e-13,1.1034e-06,0.035399,4.8724e-05,5.0049e-06,4.004e-18,1.7631e-06,2.6259e-21,6.2377e-12,2.3165e-17,0.19268,6.174e-09,8.9972e-08,0.02934,0.10421,0.025461,5.3615e-08,0.00064384,0.20223,0.93529,0.20086,0.3342,0.53953,0.00039752,1.3405e-07,0.01369,0.33223,0.12033,0.12284,0.10722,0.056995,0.0015496,0.019768,0.42819,0.71295,0.63821,0.016414,0.01813,0.17591,0.39405,0.87373
3.3616e-18,4.9633e-20,0.34711,0.016136,0.00017171,1.1053e-05,0.020665,0.0080771,0.98013,9.2854e-06,7.2151e-18,1.6029e-10,2.0006e-21,6.9648e-18,1.0523e-11,0.00029826,2.7379e-19,1.5674e-27,1.7377e-36,0,0.067239,0.10664,0.00015564,0.2028,0.20825,0.0063544,0.10599,0.19698,2.1629e-27,4.6548e-20,4.9807e-05,0.82702,1.0246e-07,0.00053752,0.41867,0.076818,0.00022438,0.046912,0.00033259,0.03692,2.6252e-09,1.8828e-11,0.93496,0.52775,3.1288e-07,0.057166,0.0012457,0.037361,1.0381e-09,2.6118e-11,0.11642,7.9767e-06,5.8195e-07,8.0115e-05,2.8014e-05,3.0293e-06,1.4459e-13,9.7429e-20,9.1052e-05,1.6986e-06,0.0051598,0.061682,5.3243e-14,1.6788e-09,5.5568e-05,1.9988e-09,0.098667,0.20024,8.4093e-09,5.3196e-08,0.022106,0.41814,1.0534e-11,6.9909e-12,1.8434e-11,1.9721e-10,0.0014856,0.065188,1.9181e-08,1.1489e-07,1.4447e-23,5.3348e-11,1.3656e-22,9.3381e-21,2.3334e-17,5.5117e-06,6.6423e-06,7.4775e-09,0.15058,0.37796,0.0089134,0.0020311,0.021643,0.6981,0.67665,0.21588,0.012498,0.14203,1.9356e-08,3.0104e-10,0.17399,0.96868,0.0006695,0.056449,0.5126,0.19654,0.00056461,0.0070454,0.7334,0.78794,0.22403,5.1424e-05,6.5442e-05,0.11991,0.54919,0.89586
0.0064709,0.052834,0.24044,0.51503,1.98e-14,0.0002441,0.30578,0.31001,1.6667e-06,0.019842,0.39474,0.84662,0.062053,0.026206,0.0050594,0.62885,0.80951,0.036085,0.065191,0.067239,0,3.4319e-26,0.085044,0.23235,3.5043e-12,5.4904e-07,2.1683e-10,9.8663e-11,0.40689,0.88319,0.011891,0.11182,0.061088,0.021032,0.039503,0.24188,0.0013501,0.00022183,3.0465e-06,1.138e-05,0.97179,0.69713,0.00044259,0.005777,7.2309e-06,1.7849e-05,0.002769,0.0066913,5.3591e-05,0.038965,0.0022702,0.016005,1.7924e-05,0.012137,0.00013782,0.11559,0.022874,0.0041248,0.00018798,0.95054,0.00022918,0.088013,0.81524,0.464,0.046181,0.17229,7.0804e-05,0.0056153,3.6044e-06,2.7461e-09,3.3143e-08,0.003567,0.24001,0.91537,0.0061372,0.23925,0.058433,0.94653,0.25264,0.030314,0.15712,0.042183,0.044522,0.01322,0.11017,0.47687,0.039004,0.0015736,2.9917e-06,0.0068752,4.4182e-05,0.064391,0.090373,0.037284,0.0055963,0.05099,0.00010366,0.00022232,0.048411,0.04415,0.048658,0.0027883,0.29934,0.33436,0.68866,0.49474,0.24709,0.7403,0.4223,0.7191,0.00032319,0.033697,0.07379,0.32827,0.70018,0.014435
0.0017391,0.00069667,0.044024,0.02333,1.0057e-08,5.2247e-07,0.0031746,5.6183e-05,3.1764e-12,6.3268e-07,0.60889,0.039425,0.075649,0.85899,0.19096,0.15271,0.011573,0.0052401,0.37756,0.10664,3.4319e-26,0,0.38833,0.16304,3.2453e-17,3.7978e-12,7.7417e-12,3.4e-15,0.19935,0.031804,0.00045499,2.9118e-06,0.00075655,7.7637e-07,0.0015112,0.0065028,0.0026774,4.8901e-06,6.0793e-07,7.0413e-09,0.47484,0.00096875,5.7077e-06,1.9356e-07,7.1864e-09,3.8409e-08,6.2302e-05,4.2059e-06,8.1043e-07,0.0024248,2.545e-06,2.2679e-05,3.7948e-06,0.0053854,3.5802e-05,0.0067203,0.00029811,6.7635e-05,8.3073e-06,0.94539,5.0048e-09,9.0125e-05,0.89334,0.23174,0.0022408,0.0026875,2.5725e-05,0.00018562,0.00022425,3.7927e-05,1.2001e-05,0.0014262,0.48348,0.51546,0.0079476,0.91192,0.069612,0.3115,0.064376,2.2266e-06,0.026708,1.8457e-05,0.071738,0.005449,0.01462,0.0030228,0.24037,0.00078126,3.8371e-07,0.0019679,8.8581e-05,0.026525,4.1715e-05,0.0048244,0.00023473,0.03136,5.2246e-07,1.5008e-06,0.00022564,9.0523e-05,6.7645e-06,2.1264e-06,0.0013761,4.1323e-05,0.065978,0.031352,0.017548,0.99154,0.52114,0.26637,0.00051884,9.3495e-06,3.0622e-05,8.0592e-05,0.033736,0.053252
0.0073626,0.013427,3.9194e-12,0.71433,0.0082823,0.26237,0.00011181,0.025916,0.027617,0.08437,0.31515,0.11075,2.2946e-05,0.23513,1.6562e-24,0.0027315,0.60501,0.14599,8.3105e-12,0.00015564,0.085044,0.38833,0,2.5708e-06,3.7634e-06,0.06813,3.0546e-06,0.50306,0.0025438,0.057098,1.5832e-20,0.00024184,1.4651e-10,9.8611e-05,2.234e-09,0.00013167,2.7585e-09,0.014878,2.693e-05,0.0016606,0.0042579,0.041609,0.0003878,0.007294,0.00030933,0.0015039,0.011383,0.00025928,0.0052622,0.0579,0.094134,0.0092063,0.085104,6.8405e-05,0.2249,0.0020497,0.51032,0.015539,0.15726,0.0045332,0.32066,0.7019,0.0053912,0.37906,2.5055e-05,0.64027,2.4161e-09,0.012176,0.20223,0.17544,2.9247e-09,7.2471e-07,2.5594e-08,4.6978e-06,2.1654e-07,2.285e-05,2.3478e-08,0.0013176,0.55881,0.089081,0.007516,0.10215,2.3064e-05,0.079028,1.2563e-07,0.32438,2.0706e-20,3.2048e-09,0.033113,0.17683,0.00074906,2.7443e-11,0.27513,1.3216e-08,0.13826,0.0012138,0.082124,0.012018,0.00097859,0.00035787,0.82052,0.006715,0.10254,0.063082,3.998e-06,8.2951e-06,0.00044289,0.044518,0.0034082,0.023684,0.0018072,0.085292,0.26133,0.024393,0.0053675,0.66047
0.082099,0.97723,1.6162e-13,1.6551e-22,0.007896,4.691e-13,3.155e-05,1.2298e-09,0.54559,4.3654e-08,1.9607e-07,0.52725,0.00067408,0.013761,0.18518,6.8421e-13,0.33131,0.2917,0.055689,0.2028,0.23235,0.16304,2.5708e-06,0,1.3373e-05,4.4738e-13,1.5546e-08,3.9959e-05,0.6768,0.13214,5.2407e-05,4.5595e-19,6.654e-06,2.0213e-13,2.9173e-11,5.3561e-14,0.0002985,2.9125e-06,0.0045551,0.001277,0.12433,0.058887,7.0054e-09,4.2362e-09,0.14867,0.00028811,0.0062182,5.8961e-07,0.13879,0.74506,7.1704e-06,0.0089418,0.32551,0.013282,0.0027757,0.0053518,0.55877,0.62418,0.57412,0.3163,0.082469,2.0154e-08,0.90276,0.59629,1.1934e-12,2.8029e-12,1.3806e-07,1.3813e-11,0.61007,0.91298,0.54103,0.99084,0.70827,0.50358,0.4703,0.29117,0.0034403,4.5672e-05,0.0026597,0.31014,0.9282,0.33623,0.83018,0.41575,0.10923,5.1936e-07,0.00015254,0.0080331,2.2417e-06,7.7942e-06,1.613e-06,0.0033384,1.0462e-19,4.0477e-08,0.55434,0.14394,0.0060342,5.7999e-05,0.00015767,0.0020534,3.7849e-09,3.2512e-05,1.357e-05,0.0050721,9.9092e-06,4.1549e-05,1.0442e-06,0.018369,0.020873,0.1022,6.3562e-06,7.0745e-05,0.15971,0.00091029,8.1009e-06,0.12773
0.70523,0.024702,5.4929e-09,0.00021285,1.7978e-08,2.0994e-06,0.00046715,0.013191,0.036265,0.019069,0.0017975,0.046936,0.5936,0.44786,0.62714,0.52361,0.21483,0.062633,0.97114,0.20825,3.5043e-12,3.2453e-17,3.7634e-06,1.3373e-05,0,1.2595e-31,1.0623e-29,2.9384e-16,0.17018,0.017297,3.0744e-15,9.9801e-14,4.8915e-14,2.4382e-12,3.0052e-17,3.21e-10,5.9965e-11,4.4836e-07,1.366e-18,8.1839e-14,0.033049,0.012009,3.1813e-05,1.6088e-05,3.107e-06,1.4839e-06,0.00059213,4.6477e-07,0.000705,0.10848,1.4676e-05,0.00088508,0.00014741,0.00014729,0.00010482,0.0068547,0.1212,0.0014199,0.35827,0.305,0.065622,0.10402,0.11164,0.029821,7.136e-12,0.00016191,1.4734e-08,0.00034529,0.0017239,0.0020948,0.00011984,7.4143e-05,0.13285,0.16974,0.1599,0.89305,0.0053901,0.022831,0.091242,0.00011964,0.083383,0.00026584,0.041353,0.0010491,0.061413,9.6971e-05,6.4925e-06,3.9241e-11,0.00015145,0.05682,0.066208,0.15613,0.0014563,0.0023203,1.2925e-06,3.793e-05,2.7541e-09,6.543e-07,0.0016927,0.0073007,0.022606,6.3261e-07,0.010768,0.00020474,0.00028488,4.9076e-06,0.01793,0.3957,0.00039142,0.00039007,1.1461e-05,1.8717e-06,0.30877,1.1023e-05,0.018432,0.96993
0.031851,0.62732,1.7978e-11,8.7269e-18,1.9015e-07,6.8643e-26,0.00068922,1.3911e-09,4.0047e-05,1.4226e-11,2.1669e-10,0.060175,1.3273e-05,0.096593,0.11853,0.096996,0.3008,0.038912,3.1124e-06,0.0063544,5.4904e-07,3.7978e-12,0.06813,4.4738e-13,1.2595e-31,0,1.0681e-43,2.0538e-37,0.003162,0.11438,0.0030685,1.6601e-14,3.1145e-05,1.9314e-10,3.2325e-14,9.1601e-16,1.065e-05,4.6919e-07,2.8783e-09,2.682e-10,0.4485,0.65864,1.0127e-07,2.6439e-10,0.058003,0.00028238,0.010665,9.6319e-07,0.21763,0.61345,8.3146e-08,0.0056441,0.014116,0.01191,4.4419e-05,0.022246,0.567,0.60945,0.73522,0.044841,0.10711,6.8266e-05,4.9839e-06,0.00097146,1.4733e-21,5.3332e-17,1.4749e-07,4.001e-08,0.018416,0.018183,0.42569,0.20399,0.15361,0.23963,0.40308,0.029059,0.12752,0.0029239,0.88125,0.30364,0.036987,0.7974,0.29402,0.32986,0.46497,1.3487e-05,0.0025102,0.00053334,7.7394e-14,3.728e-08,0.0093468,0.5095,2.6607e-13,2.6914e-05,3.6398e-05,0.00076786,3.5251e-08,6.9905e-09,0.013366,0.22568,5.4845e-07,1.4505e-09,0.0058497,0.0026309,0.00013976,0.00017024,0.032958,0.68645,0.0043282,0.012432,1.0372e-05,0.0003299,0.5228,0.0001267,0.0022403,0.68163
0.37241,0.20983,1.2609e-16,1.72e-09,4.1824e-06,3.2406e-15,5.229e-05,1.1529e-05,0.00029854,9.6997e-08,2.4882e-06,0.036362,0.019373,0.026305,0.49357,0.26888,0.2172,0.22077,0.010243,0.10599,2.1683e-10,7.7417e-12,3.0546e-06,1.5546e-08,1.0623e-29,1.0681e-43,0,1.0914e-37,0.022282,0.1566,5.9792e-05,1.6152e-11,9.5352e-06,2.9839e-08,2.867e-14,4.1152e-11,5.5919e-07,4.7504e-07,1.6193e-11,1.3346e-12,0.52503,0.58259,2.9976e-09,4.6371e-11,0.0014944,0.00015477,0.00020069,1.905e-09,0.010023,0.44986,4.3997e-08,0.0003051,0.00032118,0.00011717,5.9769e-06,0.0008281,0.98261,0.16045,0.66804,0.1307,0.036095,0.0040385,0.00010853,0.00064301,8.9803e-22,1.0295e-10,3.2558e-07,0.00016782,0.001715,0.00023811,0.0092475,0.008453,0.99352,0.78238,0.3556,0.7887,0.016613,0.0021566,0.86021,0.094695,0.18016,0.56703,0.91223,0.72607,0.78674,0.0022424,2.6771e-05,6.5691e-06,7.0217e-16,1.5064e-08,0.0004595,0.061472,6.865e-09,1.0386e-06,6.8817e-05,4.1898e-05,1.6339e-08,1.5092e-11,0.0022879,0.054565,1.1317e-05,9.7537e-10,0.0069462,0.0075922,0.00013429,6.3996e-06,0.052957,0.79784,0.0066246,0.0004204,2.4668e-07,0.00094612,0.89218,0.0012149,0.0099636,0.69355
0.2208,0.045798,5.8739e-07,6.6452e-13,7.5459e-07,5.3131e-23,0.0017308,6.3185e-08,1.5928e-06,1.714e-09,1.7465e-05,0.58829,0.0022398,0.26807,0.10288,0.16283,0.58642,0.4513,0.00062128,0.19698,9.8663e-11,3.4e-15,0.50306,3.9959e-05,2.9384e-16,2.0538e-37,1.0914e-37,0,0.016904,0.23433,0.15719,6.4149e-09,0.017446,1.3075e-06,2.4402e-06,4.4586e-09,9.5434e-05,1.7641e-06,1.9025e-07,1.8425e-10,0.1511,0.30733,1.1016e-05,1.2106e-08,0.011185,0.00082725,0.011691,9.6693e-07,0.036415,0.47849,1.1717e-07,0.00073691,0.0019803,0.012103,5.8349e-09,0.00028426,0.85081,0.25283,0.37015,0.028393,0.11902,0.022863,0.00047218,0.033951,2.0545e-11,4.2846e-09,2.8142e-05,9.6078e-05,0.0012869,0.00019129,0.32661,0.16927,0.4749,0.89085,0.52045,0.79405,0.1287,0.0012753,0.97389,0.52663,0.085555,0.73032,0.97414,0.86126,0.63025,4.2815e-06,0.15281,0.0069906,3.4755e-14,4.1783e-10,0.0013195,0.69486,1.5013e-09,0.00050158,0.0005223,0.0015007,6.9203e-10,1.4121e-11,3.2636e-05,0.0070732,2.0948e-09,4.1244e-08,0.00090929,0.001316,0.0013559,0.010195,0.040491,0.9375,0.84897,0.1098,1.0687e-07,8.3577e-06,0.010813,0.00012735,0.26379,0.3119
8.3353e-12,5.8131e-13,0.43043,0.17515,0.33509,9.8806e-06,0.0025579,0.31529,0.2676,0.00020766,4.8913e-17,1.0213e-11,2.3675e-21,1.1228e-18,8.3171e-08,1.1821e-08,1.6353e-29,2.8791e-34,2.1427e-22,2.1629e-27,0.40689,0.19935,0.0025438,0.6768,0.17018,0.003162,0.022282,0.016904,0,2.2965e-54,4.6108e-11,0.0042295,7.5561e-13,3.5837e-08,0.65843,0.65449,0.00017073,0.063845,0.00043154,0.063771,3.2494e-12,1.2769e-15,0.8968,0.9358,5.5096e-07,0.0010744,0.00091984,0.0016288,1.1255e-07,2.2455e-11,0.22429,1.23e-05,0.00068407,0.0012741,0.0060383,2.1879e-05,8.7252e-11,1.6089e-12,0.00025449,3.4375e-06,0.00037656,0.87931,1.2137e-20,7.2334e-13,0.00075165,1.3957e-05,0.15404,0.92613,0.049095,0.14432,0.002268,0.004813,2.308e-16,2.3416e-18,9.7877e-14,9.7692e-11,8.4335e-06,8.0186e-05,1.3455e-13,6.691e-17,6.4108e-36,7.6448e-20,1.2832e-23,2.5053e-23,1.0716e-20,2.3917e-06,0.0072257,6.0846e-09,0.0032537,0.18952,0.19264,0.013638,0.05654,0.35878,0.46302,0.11438,0.016892,0.060784,5.4269e-08,5.7303e-10,0.4952,0.38008,0.0040671,0.00092745,0.009418,0.0001907,0.00065527,0.0087572,0.20225,0.11447,0.3584,1.3968e-05,3.136e-05,0.009922,0.053073,0.20248
7.7395e-09,1.976e-10,0.36329,0.91864,0.021859,0.026876,0.025006,0.41058,0.31869,0.043183,3.6569e-11,1.4453e-12,2.4487e-11,1.464e-15,0.00013771,1.7684e-08,9.2363e-28,1.6455e-34,3.2577e-15,4.6548e-20,0.88319,0.031804,0.057098,0.13214,0.017297,0.11438,0.1566,0.23433,2.2965e-54,0,9.9261e-11,2.0611e-05,1.4592e-11,5.7993e-11,0.53091,0.92025,8.8262e-06,0.00050672,2.1783e-05,0.0093017,7.6674e-12,1.1596e-14,0.24299,0.11391,2.0895e-08,2.7153e-05,6.0529e-06,4.2606e-06,4.0484e-09,2.1937e-13,0.054882,3.3533e-07,5.6094e-05,0.0013044,7.7029e-05,2.0559e-07,1.1048e-10,7.2327e-11,0.00025988,1.8633e-07,0.0020953,0.22477,1.7045e-13,1.4632e-14,0.00048193,0.0021263,0.27073,0.39093,0.22406,0.083988,0.0070988,0.0032245,2.1417e-14,4.7209e-16,1.6859e-11,5.1007e-10,1.8492e-06,5.2105e-06,2.2928e-20,6.0229e-18,4.536e-38,1.1231e-21,7.8479e-22,7.811e-24,4.5887e-19,6.9532e-07,0.0017925,1.4486e-09,0.009301,0.62501,0.095652,0.052508,0.31609,0.20312,0.30202,0.10438,0.00027187,0.010193,2.9484e-09,1.0981e-10,0.4938,0.42748,0.0040297,0.0073556,0.050513,0.00044283,0.0019521,0.019399,0.1243,0.058391,0.037335,5.9533e-08,1.6161e-05,0.01394,0.099229,0.052239
0.03015,0.016116,2.0041e-07,0.46346,0.21153,0.61563,0.00024753,0.66796,3.9419e-05,0.0093509,0.21275,0.1165,0.00018812,0.087786,4.5047e-06,0.00067534,0.0049222,0.0010797,2.149e-09,4.9807e-05,0.011891,0.00045499,1.5832e-20,5.2407e-05,3.0744e-15,0.0030685,5.9792e-05,0.15719,4.6108e-11,9.9261e-11,0,1.7565e-18,6.9866e-26,6.041e-16,9.5274e-17,1.2637e-10,3.3527e-12,6.122e-06,7.6577e-12,1.1007e-06,8.4701e-07,4.099e-05,0.0010746,0.0012647,1.0889e-08,1.1976e-11,0.004588,2.7716e-06,0.0011611,0.018521,0.34018,0.01165,0.079065,0.0019992,0.17509,0.0080919,0.069744,0.010125,0.0051395,0.0015599,0.05746,0.65943,0.0013194,0.86746,0.00024835,0.83606,2.0374e-15,7.9298e-09,0.15529,0.06405,2.1034e-08,9.0711e-10,5.5712e-11,2.579e-08,1.4174e-08,0.00035302,4.9244e-13,9.7299e-07,0.015949,1.6478e-06,1.511e-06,5.6102e-06,7.0735e-11,7.6811e-08,1.4173e-07,0.0047252,8.4301e-11,8.472e-13,0.84653,0.85223,0.0090459,1.3063e-05,0.7495,0.011404,0.016109,8.3228e-05,1.7553e-05,0.0001723,3.1205e-05,2.0331e-07,0.17577,0.16474,0.00026115,5.0663e-07,1.9724e-10,1.7245e-09,2.3489e-05,0.0091491,4.5129e-07,2.7251e-06,2.5101e-05,4.154e-07,0.39145,3.5125e-06,6.9135e-07,0.02414
0.7379,0.028363,7.3663e-16,1.2597e-20,0.28168,3.8381e-12,5.3961e-10,2.0755e-16,0.94981,5.7396e-06,0.0042331,0.79851,0.1022,0.5444,0.56078,6.2708e-06,0.0022811,0.40348,0.75652,0.82702,0.11182,2.9118e-06,0.00024184,4.5595e-19,9.9801e-14,1.6601e-14,1.6152e-11,6.4149e-09,0.0042295,2.0611e-05,1.7565e-18,0,1.502e-14,3.1825e-32,8.3827e-21,3.575e-21,1.3839e-09,2.4112e-13,7.9395e-11,4.0757e-11,3.6277e-05,6.2303e-05,2.0631e-06,4.2631e-10,0.00042327,4.0807e-10,0.010221,3.0477e-09,0.030541,0.20149,1.7812e-05,6.8776e-05,0.021853,0.0058111,3.4567e-05,0.0042871,0.3304,0.57354,0.051513,0.5584,1.9128e-05,5.4122e-10,0.91151,0.94553,5.6326e-16,1.2799e-15,2.8642e-13,5.5673e-16,0.058209,0.081055,0.0029829,2.131e-06,0.00056785,0.00035907,0.00043961,0.53348,5.0841e-12,1.3795e-13,0.00047978,3.9086e-07,0.022206,0.00048568,0.06594,0.014329,0.00021257,2.3203e-08,0.00057733,2.4911e-06,1.2241e-07,1.0967e-05,3.9812e-06,2.7126e-06,4.4693e-11,4.2329e-08,9.929e-05,3.8474e-05,1.3048e-11,4.8012e-10,3.1201e-09,6.8396e-10,5.1512e-12,1.2234e-08,9.593e-10,5.7354e-12,1.3504e-07,5.2379e-10,7.1028e-06,0.010439,0.0024903,2.6465e-07,1.4003e-13,2.2361e-16,0.00021456,4.8343e-12,1.9654e-12,0.4138
0.019816,3.8644e-06,4.5174e-10,0.00032705,0.14097,0.42802,3.452e-12,0.083734,0.48119,0.78889,0.23686,0.043517,0.00023161,0.00048544,0.00017675,8.0366e-05,9.4828e-07,2.4668e-07,1.1985e-07,1.0246e-07,0.061088,0.00075655,1.4651e-10,6.654e-06,4.8915e-14,3.1145e-05,9.5352e-06,0.017446,7.5561e-13,1.4592e-11,6.9866e-26,1.502e-14,0,1.1369e-36,4.2634e-20,9.2441e-14,9.0529e-14,3.9741e-06,1.2306e-13,6.4061e-08,5.5311e-11,6.4193e-10,0.0040433,0.00055864,1.6664e-09,4.415e-11,0.0020347,8.119e-08,1.4698e-05,0.00013314,0.00017213,5.1358e-06,0.0013499,7.0605e-05,0.0034876,0.00027289,0.0014801,1.8168e-06,0.00053502,1.867e-05,0.00020838,0.039654,1.3906e-07,4.4861e-05,5.3589e-08,0.12029,1.0235e-21,3.1141e-10,0.023983,0.0029075,5.0114e-05,0.00054554,4.3722e-08,3.3013e-08,7.8e-06,0.0044558,1.4617e-11,1.3047e-09,0.00010225,3.4905e-12,3.5935e-08,2.5647e-10,2.499e-12,2.1236e-11,5.1971e-11,1.2691e-10,7.8819e-11,3.1507e-13,0.015548,0.011222,0.030256,0.0016302,0.0044898,8.4189e-05,0.0061853,0.00011111,4.2321e-07,6.0824e-05,1.627e-06,1.5015e-06,0.032033,3.6602e-05,8.0501e-08,1.453e-07,1.9432e-06,4.1433e-09,3.0092e-08,0.0014555,5.8622e-06,5.6619e-05,1.055e-05,3.6737e-08,0.070846,0.0046824,4.0015e-05,0.58795
0.041944,1.4637e-06,9.6595e-13,5.4906e-17,0.005338,7.6371e-09,1.1023e-16,6.3279e-15,0.054036,9.3132e-07,0.99436,0.00044028,0.35357,0.007142,0.085874,1.2354e-06,4.2831e-07,0.00039116,0.025083,0.00053752,0.021032,7.7637e-07,9.8611e-05,2.0213e-13,2.4382e-12,1.9314e-10,2.9839e-08,1.3075e-06,3.5837e-08,5.7993e-11,6.041e-16,3.1825e-32,1.1369e-36,0,1.0531e-19,3.0439e-19,2.4053e-12,2.8882e-11,3.4145e-13,3.5647e-10,9.3068e-10,6.703e-10,5.2285e-08,5.5009e-11,6.7694e-08,1.1241e-15,0.00024695,1.5532e-12,9.5771e-06,0.00029797,1.5276e-07,1.837e-08,0.0016206,0.0010428,9.4607e-06,8.7124e-05,0.0058039,0.00054447,1.0176e-05,0.0051415,1.653e-11,3.7349e-13,0.0036277,8.197e-05,3.1098e-12,2.1246e-11,2.7974e-20,5.3453e-19,0.00014724,2.9569e-05,0.00031595,0.00042965,4.707e-06,8.1435e-08,3.738e-06,0.029328,8.7436e-13,7.2192e-16,2.0223e-06,4.3571e-11,1.6716e-05,3.2724e-07,2.5528e-06,1.572e-05,3.0547e-07,4.2076e-12,1.7735e-05,2.1766e-07,2.617e-07,6.6799e-08,1.5688e-06,8.5159e-06,2.1231e-10,2.3207e-09,0.0077259,0.00056878,2.7711e-11,9.9765e-11,6.7052e-11,3.5947e-11,9.2367e-12,5.6606e-11,2.5321e-12,6.1371e-11,1.0409e-07,1.9633e-10,1.789e-08,5.6119e-05,0.00077923,1.228e-05,1.9673e-15,1.6803e-17,6.5094e-05,4.0101e-05,5.1367e-09,0.95857
0.019884,0.42624,4.2946e-25,6.7195e-10,0.18724,1.8713e-06,6.4997e-13,1.8246e-05,0.36358,0.015832,1.3627e-06,0.0091937,0.033499,0.093927,0.82535,0.36059,0.59707,0.36721,0.65545,0.41867,0.039503,0.0015112,2.234e-09,2.9173e-11,3.0052e-17,3.2325e-14,2.867e-14,2.4402e-06,0.65843,0.53091,9.5274e-17,8.3827e-21,4.2634e-20,1.0531e-19,0,2.4518e-46,3.3587e-08,1.835e-07,2.2172e-06,1.0947e-08,0.0045732,0.01757,4.3652e-06,2.3463e-08,2.1374e-06,1.4218e-14,0.029679,5.7673e-07,0.093288,0.7581,0.00012662,0.0059221,0.063829,0.00096178,0.017585,0.094643,0.017934,0.72147,0.28668,0.92131,0.0036014,5.0527e-05,0.2554,0.078759,5.2315e-38,3.228e-13,2.2004e-28,7.0377e-19,0.29346,0.084232,0.0013235,0.00083003,0.007318,0.0072707,0.075778,0.24849,1.7645e-10,1.9891e-09,0.76902,0.003716,0.90671,0.16851,0.46543,0.37628,0.085301,0.0013719,7.3366e-07,5.0008e-06,5.6305e-07,0.00064088,0.0011742,5.6082e-06,6.8113e-08,1.6649e-12,2.6755e-05,1.0662e-06,7.0088e-06,3.28e-05,1.14e-05,7.5643e-05,7.8408e-06,2.155e-13,2.6286e-06,1.653e-06,1.577e-06,3.0039e-07,6.9975e-05,0.25704,3.6483e-07,1.5267e-08,1.1888e-09,9.3601e-07,0.54211,0.00076191,5.3453e-06,0.51722
