0,7.5464e-19,8.825e-24,2.0719e-12,0.00013355,1.348e-05,8.8769e-34,6.1575e-11,1.0375e-19,7.42e-06,6.7011e-17,4.6856e-13,2.534e-25,4.2734e-13,1.2572e-18,2.6869e-07,1.4832e-13,9.136e-07,4.8919e-19,5.0875e-10,1.9315e-05,0.025137,7.0226e-15,4.7461e-06,2.2189e-14,1.0521e-08,1.3533e-05,0.038323,3.1931e-11,0.00054952,2.1082e-10,8.1443e-06,9.2515e-23,1.8121e-18,9.6997e-15,6.9685e-09,1.1412e-12,2.7274e-07,1.3268e-13,2.5516e-05,1.1701e-11,0.00014645,2.1272e-22,4.668e-23,1.3988e-18,6.3525e-17,8.7838e-26,3.4432e-22,1.3749e-22,5.1248e-23,9.5711e-34,3.7091e-26,7.9318e-24,4.425e-16,3.375e-24,5.1398e-17,4.2127e-13,8.3469e-20,6.0505e-28,5.3713e-17,3.8111e-26,2.9298e-09,1.79e-10,1.596e-08,1.3096e-16,1.8721e-12,2.082e-20,1.2599e-13,1.8507e-09,6.8128e-07,2.6875e-15,2.681e-16,2.2424e-25,4.0934e-24,1.7083e-15,1.8101e-11,2.0829e-28,5.616e-26,5.7181e-13,4.1707e-05,1.171e-11,5.3575e-14,7.5521e-11,7.5251e-08,5.5014e-26,9.5052e-16,3.2068e-13,4.7462e-09,4.7589e-14,5.9188e-16,1.1001e-12,2.1204e-08,4.8725e-11,1.2234e-23,1.6599e-06,0.0034033,8.0159e-13,2.3165e-09,7.9913e-17,9.6015e-16,1.6659e-11,3.1581e-26,1.0883e-09,8.183e-18,1.5817e-08,1.5252e-08,0.038412,1.8191e-13,0.23066,0.0019931,5.7609e-16,1.0124e-07,1.2427e-05,1.9186e-07,3.9584e-08,0.0055081
7.5464e-19,0,1.223e-06,1.5196e-09,4.2423e-05,2.1153e-12,1.4165e-10,1.8901e-12,5.8601e-07,0.001061,0.00032248,1.602e-14,4.5015e-09,1.2644e-07,8.4674e-08,8.1269e-06,1.0126e-21,2.2955e-30,2.7358e-11,1.1962e-27,2.6626e-09,4.38e-05,4.3588e-05,0.00056359,3.607e-07,1.3832e-11,0.0045195,0.01459,2.5294e-17,2.2481e-16,8.6053e-09,1.8322e-05,4.6904e-24,2.4428e-21,7.3743e-06,0.00098742,1.612e-05,6.306e-07,4.3241e-10,2.9472e-05,1.4324e-12,0.0027644,6.203e-17,4.6309e-22,3.5332e-20,5.2803e-18,4.1929e-16,3.5502e-17,3.8322e-14,2.1031e-14,1.1042e-14,2.6529e-13,3.6903e-12,1.2552e-08,2.8035e-12,1.0334e-08,1.1225e-17,1.5249e-41,7.4334e-13,4.1382e-15,1.2047e-10,2.0161e-14,1.5531e-14,3.6405e-28,3.5191e-10,0.00013136,6.3154e-11,3.5331e-15,3.6709e-15,7.9324e-06,1.7586e-12,2.1986e-13,5.8409e-17,9.8201e-21,1.281e-08,3.8338e-09,1.5191e-14,6.2863e-15,4.5387e-10,4.2933e-08,1.2898e-27,1.0482e-25,4.1389e-07,2.4395e-08,1.57e-16,5.0068e-12,0.002989,0.005595,1.5187e-06,2.8021e-07,2.2084e-10,0.29277,1.814e-05,3.8265e-06,0.0026565,0.28718,1.4291e-07,0.00011524,1.146e-20,1.2454e-10,3.6127e-07,1.9484e-15,1.0511e-08,9.0176e-16,0.00024269,0.00074781,0.87001,0.00016345,0.060331,0.0014682,4.728e-09,9.9121e-08,0.046546,0.00023156,0.00059693,0.24759
8.825e-24,1.223e-06,0,1.0042e-24,4.5755e-10,5.1399e-05,1.8821e-48,6.3342e-08,8.0132e-24,2.1107e-08,2.145e-10,1.0561e-06,5.3014e-14,7.6619e-06,5.7426e-22,2.1824e-07,0.00037187,0.31818,5.1053e-19,1.0556e-06,1.0307e-07,0.16709,9.9411e-44,9.5383e-21,1.8884e-30,1.0818e-11,4.7558e-14,5.6946e-05,4.6474e-05,0.49825,9.3801e-24,1.1168e-13,3.4554e-18,8.208e-15,3.6105e-29,2.8275e-15,1.7527e-12,1.1359e-05,2.7819e-15,4.0886e-05,1.539e-08,0.0018069,2.8285e-18,1.2026e-13,1.0999e-12,5.233e-11,1.1871e-20,2.9318e-15,2.074e-14,5.2344e-11,1.3621e-31,1.0423e-16,4.7514e-20,2.4583e-11,3.657e-17,8.9281e-15,1.1465e-06,3.1566e-10,1.1003e-17,2.2457e-07,3.3604e-15,0.0019609,0.15683,0.1095,2.1373e-16,2.2278e-19,1.1935e-23,2.0356e-11,1.8505e-06,1.876e-08,1.9002e-13,5.6236e-15,7.726e-17,1.7943e-14,1.5343e-17,3.9267e-17,3.5699e-16,1.3574e-14,1.0865e-07,0.004647,8.1823e-05,5.1963e-06,1.5298e-08,6.0862e-07,1.0401e-18,2.9981e-13,2.1018e-16,3.4274e-12,1.6456e-18,7.9219e-20,1.7046e-16,2.3701e-17,4.3041e-13,9.3595e-25,1.2489e-07,0.0016174,2.9881e-14,5.5068e-07,5.9585e-14,8.7296e-14,4.1644e-13,3.709e-09,6.8391e-13,1.2729e-07,1.0501e-14,2.9278e-16,4.323e-06,7.7323e-14,0.66601,0.00043888,1.5636e-12,3.9133e-05,2.0607e-08,1.3841e-13,6.205e-19,0.0062281
2.0719e-12,1.5196e-09,1.0042e-24,0,2.1803e-15,6.5536e-21,7.2948e-30,6.1026e-38,2.0958e-13,1.0529e-18,4.6898e-05,1.0038e-12,5.5621e-11,8.8593e-12,6.0864e-11,4.1484e-14,6.9905e-06,0.0043339,1.2709e-10,3.7068e-11,3.008e-09,0.0029723,2.6232e-18,2.4286e-33,1.1475e-13,1.4751e-13,1.9216e-05,5.1686e-05,2.93e-05,2.4835e-05,2.2077e-19,5.6482e-24,2.9109e-25,6.1657e-31,7.0112e-20,1.5295e-19,6.9518e-05,0.0020774,1.055e-12,5.9595e-05,7.1303e-06,0.13228,2.4537e-16,3.8542e-15,6.7289e-14,4.5575e-17,1.782e-18,7.4237e-15,2.4277e-13,5.8682e-13,4.9504e-22,9.4198e-16,8.2983e-23,1.1013e-10,5.0091e-14,6.8089e-12,1.5873e-06,3.6349e-08,2.4893e-13,7.5375e-11,2.6828e-12,1.6402e-13,0.00033501,6.5364e-05,6.1238e-17,7.8858e-30,1.4565e-20,6.196e-24,0.00012394,0.00089283,4.1991e-18,9.7141e-22,9.7552e-13,6.0304e-12,3.0017e-13,2.199e-19,1.1138e-11,1.1229e-13,1.8165e-05,0.0076303,5.9794e-10,7.1986e-08,6.6607e-07,7.8733e-10,5.825e-15,1.471e-20,9.1877e-06,5.9445e-11,5.113e-16,2.3645e-17,1.6612e-29,1.0326e-08,1.2867e-35,1.1885e-18,0.0012586,0.23758,2.3701e-08,2.3259e-05,7.5587e-19,3.8782e-14,3.1764e-31,1.2134e-10,2.9533e-18,6.7096e-13,1.0609e-17,3.8541e-12,0.00016427,8.8479e-11,0.76184,0.1758,3.1454e-08,2.7958e-05,2.4671e-06,1.4508e-11,5.6707e-13,0.020428
0.00013355,4.2423e-05,4.5755e-10,2.1803e-15,0,1.1509e-20,3.014e-11,1.2914e-09,3.0794e-05,7.7113e-05,0.44791,0.0525,0.021939,0.13118,1.115e-08,1.1853e-06,0.41448,0.087865,1.0522e-06,1.1376e-06,1.5656e-09,1.9432e-12,1.1369e-12,1.0065e-15,4.4657e-10,5.2018e-11,7.7851e-08,6.0349e-24,0.044461,0.074208,2.7711e-17,3.7311e-14,1.5453e-13,9.5252e-12,3.5927e-11,1.4919e-09,0.0077216,0.028416,7.3473e-12,8.2288e-13,4.326e-06,1.5043e-05,3.5388e-09,1.3156e-05,2.7442e-06,4.9727e-07,4.296e-09,2.9709e-07,0.0011564,0.0039762,2.849e-06,0.0016407,1.0757e-11,4.7903e-07,1.2456e-09,5.0241e-10,0.07964,0.0053737,0.0021886,0.0015741,0.014794,0.0083139,0.0097489,0.00062053,2.9991e-05,6.1552e-06,5.1029e-11,2.1757e-14,0.0039144,0.06361,6.4955e-17,5.3268e-16,5.4306e-05,0.00057657,8.0158e-11,5.3835e-10,0.002696,0.00035899,0.31246,0.41289,3.9899e-06,0.00019846,3.6575e-13,1.4325e-10,1.8028e-08,6.3224e-15,0.00074444,3.1743e-05,1.5074e-19,9.8444e-20,1.0167e-16,1.3023e-12,9.4552e-11,1.3886e-09,0.24009,0.2845,0.00035592,0.10504,5.1985e-10,3.0088e-06,5.0619e-13,1.2124e-06,9.1207e-10,8.8021e-09,1.9316e-11,1.6568e-10,0.21577,0.0076629,0.73061,0.73041,0.023079,8.4263e-06,5.7045e-09,1.5133e-09,1.0482e-07,0.073227
1.348e-05,2.1153e-12,5.1399e-05,6.5536e-21,1.1509e-20,0,4.245e-07,2.9656e-23,0.00014662,3.3048e-13,0.079419,1.4476e-10,0.0011394,3.2926e-05,1.9047e-05,9.7292e-06,0.0018993,4.7247e-05,0.0050453,2.3392e-07,1.3635e-07,2.0999e-07,0.00042485,2.2644e-08,0.0025644,1.3857e-07,0.053237,1.6436e-10,0.011665,2.1332e-06,1.1029e-09,9.6156e-14,3.5041e-14,2.5964e-20,2.3194e-06,2.9209e-06,0.20343,0.25821,3.8243e-08,1.1708e-08,0.00055401,0.027285,3.6723e-09,5.7246e-08,1.6077e-07,2.1887e-09,2.9733e-08,1.9825e-07,6.3729e-05,1.7644e-05,4.5484e-06,2.253e-05,1.5782e-10,1.2381e-05,3.0853e-06,1.396e-05,0.00012632,1.9512e-07,4.3736e-05,3.3673e-08,2.3889e-05,5.8015e-15,0.00050312,8.2903e-09,1.4365e-07,2.0278e-08,3.9904e-07,3.7775e-15,0.0018328,0.095098,5.6167e-15,3.0343e-17,0.00067989,9.5918e-05,6.341e-07,1.0165e-09,0.001184,5.6497e-05,0.2405,0.080599,3.0804e-08,4.561e-05,2.7541e-05,8.3139e-09,2.6922e-05,8.3227e-11,0.82643,0.046024,3.7071e-13,4.5108e-11,4.3998e-19,0.0010248,5.0958e-16,0.00012415,0.18188,0.56254,0.004601,0.43979,2.6783e-12,2.5591e-07,3.4053e-19,3.5306e-06,1.0095e-09,6.0504e-08,4.7253e-06,0.0055291,0.4042,0.037517,0.32566,0.63362,0.0012328,3.5931e-07,0.0014608,8.6511e-06,0.00059632,0.31662
8.8769e-34,1.4165e-10,1.8821e-48,7.2948e-30,3.014e-11,4.245e-07,0,6.0451e-21,3.7035e-19,4.1089e-10,3.8189e-11,1.1752e-11,7.3892e-22,1.1628e-13,9.1242e-27,9.2879e-17,3.0574e-06,0.011735,2.1371e-18,2.9071e-10,4.0135e-11,0.011288,2.7601e-35,3.6465e-20,4.3582e-28,9.8784e-14,4.6168e-12,6.1368e-05,1.2311e-08,0.00094931,7.3993e-25,6.4365e-15,4.774e-31,8.3908e-24,2.0853e-32,3.8101e-19,1.0655e-11,3.0191e-05,2.8036e-16,7.6463e-06,3.1432e-09,0.00092372,2.738e-20,5.3432e-18,3.2658e-17,1.7318e-17,2.9297e-23,7.9661e-18,2.5734e-16,5.0584e-15,1.9275e-33,1.1216e-18,6.2307e-21,3.6399e-13,6.3494e-21,1.9244e-15,2.7277e-06,1.4757e-10,4.8085e-17,2.8098e-09,5.9364e-18,1.8396e-09,1.7703e-05,3.5559e-05,2.8437e-25,4.0172e-25,1.7043e-26,1.0996e-19,3.4966e-06,1.2441e-07,4.814e-20,2.924e-19,7.6327e-24,2.754e-22,5.5462e-23,1.9422e-21,1.2233e-22,1.5383e-22,1.9063e-07,0.0071682,2.7687e-07,7.4321e-11,3.6992e-14,5.6187e-12,8.6841e-34,2.8928e-29,5.4873e-17,2.349e-16,6.5467e-19,5.4022e-24,7.851e-19,7.7866e-14,3.7849e-20,4.2859e-37,1.8549e-05,0.0025573,2.8987e-12,1.2348e-07,3.9968e-15,2.279e-12,2.0655e-16,1.0564e-18,1.0363e-10,3.1701e-13,4.2115e-16,1.4033e-14,0.022211,2.2712e-11,0.95553,0.00081965,4.4515e-15,3.3252e-05,2.4052e-07,4.8668e-10,1.655e-12,2.4788e-05
6.1575e-11,1.8901e-12,6.3342e-08,6.1026e-38,1.2914e-09,2.9656e-23,6.0451e-21,0,2.6713e-05,1.4411e-14,0.00039308,6.9067e-21,7.3458e-10,1.7937e-20,1.5056e-09,8.2879e-20,8.0565e-06,4.7117e-05,5.985e-05,5.2575e-10,2.2807e-08,0.0009357,5.0766e-08,4.1616e-14,2.346e-07,8.2148e-12,0.011987,0.0040833,4.7862e-07,2.1394e-12,4.5365e-13,8.7733e-17,3.9561e-26,1.0759e-32,2.5648e-13,3.157e-13,0.0074739,0.011661,4.3108e-08,5.9992e-05,0.0018908,0.19287,1.8607e-11,8.3906e-13,8.2139e-14,1.3086e-19,7.8589e-13,3.4339e-11,1.0375e-09,1.7126e-12,3.9104e-14,1.1398e-10,8.9706e-14,1.0675e-07,5.1743e-09,1.0165e-06,0.00080842,1.0735e-07,2.3113e-07,9.3049e-10,7.1989e-10,3.9626e-32,2.1836e-07,9.8218e-11,2.4025e-21,3.3744e-25,2.3801e-12,6.4489e-25,0.00964,0.0093042,5.623e-16,1.2455e-18,1.8378e-11,3.8147e-12,1.8629e-11,1.6139e-12,1.2752e-09,1.3366e-12,0.0053856,0.071448,2.9882e-08,6.1697e-09,1.8537e-07,2.6152e-12,5.7384e-16,2.1491e-28,0.0054078,3.8842e-09,9.482e-10,7.6998e-10,7.9782e-19,0.011994,1.5748e-28,4.9892e-11,0.18496,0.88095,6.3723e-05,0.0073113,1.3524e-12,2.651e-07,8.393e-24,3.2392e-11,1.5823e-10,2.3516e-12,3.4126e-10,7.7536e-06,0.44841,1.6478e-05,0.54674,0.50943,1.1452e-06,0.0064554,0.0090688,6.3577e-05,6.5802e-05,0.015744
1.0375e-19,5.8601e-07,8.0132e-24,2.0958e-13,3.0794e-05,0.00014662,3.7035e-19,2.6713e-05,0,2.8284e-12,2.428e-24,6.364e-09,2.1884e-29,3.3908e-11,4.2506e-14,0.00024341,1.5822e-09,0.045353,3.4036e-08,0.012235,6.5716e-06,0.39808,8.8164e-13,4.5557e-08,1.5222e-13,0.00013534,1.0988e-05,0.075608,3.0273e-06,0.10546,9.9278e-05,0.0074349,2.4764e-10,5.5217e-11,8.122e-12,1.1003e-08,1.1206e-07,5.8426e-05,2.1463e-07,0.12613,4.91e-08,0.011635,6.722e-12,5.3234e-12,2.1128e-12,8.6201e-10,8.8935e-15,6.2832e-13,2.0459e-18,5.7012e-14,7.9822e-25,3.3227e-18,1.0683e-18,4.3088e-08,1.3598e-13,7.0031e-09,6.9249e-08,4.9797e-11,1.9207e-23,9.6291e-10,1.159e-23,2.7884e-05,0.0090377,0.27846,3.5536e-15,3.7054e-16,3.3978e-13,1.3769e-05,4.0586e-05,3.4991e-08,1.0305e-05,3.4328e-08,3.9041e-13,1.303e-09,1.3068e-07,2.1845e-08,1.9437e-17,7.8216e-15,6.2105e-12,9.126e-06,3.0801e-06,6.7276e-05,2.203e-05,0.0021139,7.1372e-10,0.0011159,1.6741e-12,4.6282e-05,7.9299e-10,1.9464e-09,8.4698e-12,1.6542e-11,2.4075e-15,3.0701e-19,1.7056e-08,1.3836e-05,5.2378e-12,3.9687e-07,8.6545e-11,1.1168e-10,1.6265e-10,6.9631e-11,1.2384e-07,8.5054e-07,4.3497e-08,1.112e-08,4.6235e-08,4.5064e-12,0.99692,6.5362e-05,1.2644e-11,5.1579e-06,1.2664e-05,2.4169e-08,2.1273e-09,0.76959
7.42e-06,0.001061,2.1107e-08,1.0529e-18,7.7113e-05,3.3048e-13,4.1089e-10,1.4411e-14,2.8284e-12,0,6.3286e-07,1.0052e-07,7.9423e-11,7.2625e-16,1.6616e-07,9.5429e-15,0.00033302,0.74055,0.0015814,0.076791,0.00067713,0.86172,2.6375e-06,1.5096e-12,0.00013515,0.00020114,0.000629,0.00042625,0.039061,0.037352,0.0011511,3.7672e-05,2.8011e-06,3.3871e-13,1.3681e-08,1.7378e-13,0.0094963,0.34961,7.716e-05,0.0042271,0.010847,0.20759,0.00010523,2.6875e-05,0.00029134,2.1301e-05,4.3544e-05,0.00075166,0.00086674,0.00056466,3.0337e-07,0.00012497,1.2265e-08,5.1159e-06,0.0011705,0.0012521,0.00050119,0.0017062,1.9275e-06,0.012465,2.8063e-07,6.8369e-11,0.86573,0.98769,6.4285e-12,7.3699e-22,0.00034936,0.00025965,0.48589,0.0016272,3.9995e-09,1.167e-09,9.4462e-05,0.00027841,3.0884e-07,6.1584e-09,3.9857e-06,1.6123e-07,0.0039483,0.047881,0.0031484,0.015552,0.0031379,7.4012e-06,7.0388e-05,8.3977e-06,0.002537,0.00084923,1.2581e-07,1.0044e-10,3.0351e-16,5.4662e-07,5.2282e-31,2.2614e-12,0.04553,0.29392,0.0022881,0.024546,8.6082e-08,1.5846e-07,7.1294e-18,2.8989e-05,1.0236e-07,2.4256e-05,9.1533e-09,5.8387e-06,0.11187,0.00041667,0.45521,0.44615,2.5042e-05,5.5386e-06,2.5752e-05,6.2467e-09,4.6527e-07,0.088093
6.7011e-17,0.00032248,2.145e-10,4.6898e-05,0.44791,0.079419,3.8189e-11,0.00039308,2.428e-24,6.3286e-07,0,1.771e-17,2.0367e-56,2.9696e-22,3.8707e-10,0.027577,1.1726e-11,0.63448,0.010824,0.61341,0.017996,0.011829,0.00084487,0.15858,4.3477e-07,0.03255,0.027456,0.23679,6.1109e-05,0.36367,0.14174,0.90994,4.076e-07,1.362e-08,8.0971e-08,8.792e-07,8.0955e-08,0.0001017,1.0413e-07,0.17994,3.8594e-06,0.014095,5.0336e-10,1.1413e-13,2.3954e-10,1.2391e-08,8.9826e-12,1.2894e-08,2.9529e-17,5.9032e-15,6.2597e-20,1.7158e-20,4.7581e-12,3.5157e-07,6.0457e-12,4.286e-09,0.079997,1.6638e-05,1.4642e-17,2.9695e-10,1.8095e-34,1.673e-08,0.00090804,0.17467,8.4062e-15,1.742e-12,3.2478e-07,0.0035268,0.15201,0.00027064,0.00021637,2.0156e-05,3.9085e-11,3.647e-08,6.9387e-08,1.3273e-05,7.9966e-19,2.6868e-16,1.2412e-08,0.0044196,0.0081093,0.0010871,0.0306,0.042385,4.838e-08,0.008848,8.4077e-08,1.0129e-05,3.4837e-09,2.8058e-05,1.4955e-06,0.00054245,3.1644e-07,3.4636e-09,1.3052e-06,5.1991e-05,4.2059e-09,1.9125e-07,4.5124e-05,2.0336e-05,1.0056e-08,1.4569e-09,5.7891e-05,0.00011597,2.1636e-07,5.1011e-05,2.1304e-05,3.2975e-10,0.76553,0.00012601,1.0692e-08,0.0010013,0.0048044,0.0001602,5.4104e-09,0.35613
4.6856e-13,1.602e-14,1.0561e-06,1.0038e-12,0.0525,1.4476e-10,1.1752e-11,6.9067e-21,6.364e-09,1.0052e-07,1.771e-17,0,6.3277e-20,8.0874e-33,5.4672e-05,0.002879,2.7404e-10,0.0050338,0.1689,0.0012629,0.00055536,0.7301,0.041216,0.083498,0.0017765,0.00053569,0.99439,0.69238,6.3324e-06,9.7858e-06,0.00128,0.0058743,1.8766e-11,3.1534e-18,1.2291e-05,6.5922e-06,0.00022211,0.004231,1.348e-06,0.021854,0.0009906,0.16943,3.385e-11,4.1524e-15,1.4107e-15,1.0659e-19,5.31e-13,2.8299e-11,1.1235e-20,1.5679e-23,1.4278e-17,3.5019e-23,4.0848e-13,1.3481e-07,7.0798e-09,5.2365e-08,0.0058101,4.3504e-10,2.6416e-17,2.4476e-20,8.0866e-24,8.341e-39,7.362e-07,3.9457e-09,8.8196e-18,1.0072e-14,4.9113e-10,2.6972e-12,0.0049108,0.002006,1.5519e-06,2.9289e-08,2.4215e-09,2.6309e-10,1.5343e-06,3.018e-08,5.7376e-13,6.4736e-15,0.0010331,0.2749,0.00010019,3.2251e-05,0.16311,0.0002532,8.3152e-09,1.7436e-09,0.0044227,0.0018801,9.4362e-07,5.2056e-06,8.6656e-13,0.066787,1.386e-12,6.5102e-07,5.6765e-05,0.0056258,6.4137e-07,5.3591e-05,2.6251e-09,3.7094e-07,2.9727e-15,1.3955e-10,3.6126e-07,2.1882e-06,0.00054306,0.089517,0.011437,3.0558e-06,0.43543,0.001771,6.2588e-08,0.00029862,0.026743,0.010507,3.2821e-05,0.4196
2.534e-25,4.5015e-09,5.3014e-14,5.5621e-11,0.021939,0.0011394,7.3892e-22,7.3458e-10,2.1884e-29,7.9423e-11,2.0367e-56,6.3277e-20,0,3.5385e-30,8.1337e-18,3.3771e-07,4.9531e-15,0.017905,8.5526e-08,0.010072,2.2054e-05,0.51671,6.1293e-08,0.0002094,2.5763e-11,0.00013987,0.00026791,0.80563,7.8394e-10,0.0023853,0.00059232,0.061203,7.9145e-16,1.0353e-16,1.5387e-12,2.4947e-10,2.2619e-10,4.6074e-06,1.9825e-12,0.014513,8.8589e-10,0.0013134,2.6772e-15,1.6496e-20,1.6933e-15,2.015e-14,2.1747e-17,9.7895e-14,3.1013e-20,3.9776e-19,4.9373e-25,9.3365e-23,1.1782e-15,1.8152e-10,3.817e-19,3.253e-13,0.0013473,1.0184e-08,1.8045e-22,1.6079e-12,8.6133e-34,1.2307e-12,2.1383e-07,0.00030246,1.5621e-19,1.7566e-16,3.0814e-12,2.8734e-07,0.00087597,2.8717e-06,1.0121e-09,6.4468e-11,8.3787e-19,3.1807e-14,3.2479e-12,4.9666e-11,7.8027e-29,1.3559e-27,2.3813e-11,9.4398e-05,5.7387e-07,1.5795e-08,2.9027e-06,7.486e-05,2.5512e-17,5.8537e-08,2.4476e-12,2.7117e-09,1.6263e-13,7.082e-10,1.2764e-11,1.7942e-06,1.0363e-13,2.8355e-19,2.0179e-06,6.5409e-05,3.1711e-11,1.2643e-09,1.8916e-09,7.3332e-09,3.0091e-13,7.1969e-20,2.2506e-07,3.3326e-11,1.0979e-09,1.2954e-07,0.00037743,2.9787e-13,0.88906,0.00030754,5.9185e-14,4.9814e-06,0.00016759,2.6227e-06,9.9253e-11,0.62211
4.2734e-13,1.2644e-07,7.6619e-06,8.8593e-12,0.13118,3.2926e-05,1.1628e-13,1.7937e-20,3.3908e-11,7.2625e-16,2.9696e-22,8.0874e-33,3.5385e-30,0,1.7519e-10,5.4773e-11,9.1793e-09,0.15276,0.020969,0.043977,0.00021124,0.96528,0.0016642,0.00028773,7.6386e-05,7.2751e-05,0.054111,0.86164,1.1694e-05,9.7719e-05,0.0044057,0.019727,1.503e-10,4.1305e-15,3.0966e-08,5.0259e-11,0.00013031,0.011106,5.6679e-06,0.1546,0.00096543,0.15232,7.8132e-10,1.1151e-13,7.1376e-13,7.2999e-17,3.9042e-12,2.7818e-09,1.8893e-15,3.5856e-18,1.0378e-15,3.898e-17,3.4683e-11,3.208e-10,1.6414e-09,1.4125e-07,0.030792,2.2821e-05,3.1209e-13,8.406e-10,3.3663e-18,8.2625e-25,6.5582e-05,0.004062,1.7266e-21,1.6069e-22,1.9357e-07,2.1259e-08,0.10568,0.00054204,3.0435e-07,4.8275e-07,1.0963e-10,1.5094e-09,6.8358e-07,9.6634e-06,2.8429e-14,4.4727e-17,1.7867e-05,0.061202,0.00078709,1.2448e-05,0.0042674,2.3257e-05,6.2471e-12,5.2423e-11,1.7559e-06,1.9214e-07,2.021e-06,1.3273e-06,6.6421e-10,0.010594,1.4758e-18,2.0042e-12,0.0046536,0.12428,2.7926e-05,6.0521e-06,3.7797e-07,8.9519e-06,6.5137e-14,1.8463e-11,6.3064e-06,1.9883e-06,4.8307e-07,0.0035925,0.039251,4.3884e-07,0.46036,0.12164,2.9187e-09,0.00028371,0.0038243,0.0014789,2.6354e-05,0.09015
1.2572e-18,8.4674e-08,5.7426e-22,6.0864e-11,1.115e-08,1.9047e-05,9.1242e-27,1.5056e-09,4.2506e-14,1.6616e-07,3.8707e-10,5.4672e-05,8.1337e-18,1.7519e-10,0,6.2364e-25,0.00056315,0.0058169,1.0271e-20,1.2322e-07,1.5436e-13,2.0199e-05,2.7925e-38,1.8768e-18,5.357e-35,1.4453e-16,5.5029e-33,1.2821e-10,1.1418e-09,0.0040433,8.0211e-24,7.6804e-11,4.6924e-19,3.1501e-13,2.172e-25,4.4025e-10,5.8086e-14,8.2113e-07,2.2283e-16,2.5197e-07,2.6679e-08,3.1228e-06,1.1659e-14,4.6155e-12,1.9207e-11,7.2944e-10,1.5182e-16,2.4101e-12,7.7787e-08,5.7093e-07,7.2498e-17,3.9243e-08,1.2972e-12,4.0457e-08,1.7747e-16,6.5638e-11,0.00019199,1.4521e-09,1.5808e-08,0.00041785,2.3749e-07,3.1134e-05,0.0015188,0.00013436,1.535e-15,4.8833e-16,3.0003e-12,7.5538e-09,3.4984e-06,1.1892e-07,2.1851e-17,7.2246e-18,1.0778e-18,2.0299e-14,2.2111e-20,2.2167e-12,3.8339e-13,1.6758e-11,4.879e-05,9.0683e-05,1.9215e-06,1.6089e-10,2.507e-31,1.6601e-15,3.2099e-33,1.4958e-19,2.0947e-21,3.5594e-17,8.4652e-19,9.4527e-16,2.7832e-10,5.6186e-11,6.0094e-10,6.8425e-18,0.00068457,0.012034,2.6498e-08,0.00093678,3.0713e-10,2.5998e-07,7.0754e-10,1.4077e-11,3.2675e-08,2.8864e-09,8.8609e-13,8.2213e-10,0.074538,6.9627e-08,0.67001,0.0098419,8.9916e-11,0.00011037,0.0001014,1.2262e-07,5.8897e-10,0.012928
2.6869e-07,8.1269e-06,2.1824e-07,4.1484e-14,1.1853e-06,9.7292e-06,9.2879e-17,8.2879e-20,0.00024341,9.5429e-15,0.027577,0.002879,3.3771e-07,5.4773e-11,6.2364e-25,0,0.00081746,0.0010862,2.557e-11,7.3542e-09,2.5237e-13,2.4066e-06,2.5472e-18,2.13e-25,7.4531e-16,1.4707e-13,1.8282e-18,3.1556e-08,3.4012e-07,1.4177e-07,2.0798e-18,9.9073e-17,1.5015e-16,2.9017e-15,7.5368e-17,8.5727e-13,1.6213e-05,0.0035413,4.4579e-07,1.6724e-05,0.00054384,0.0014063,1.2584e-06,1.6947e-06,3.1303e-06,3.9345e-07,4.1046e-07,7.9556e-06,0.0089637,0.0090977,1.1802e-07,0.0034229,1.4002e-06,6.4296e-05,2.3535e-07,0.00036474,0.0010408,4.8901e-05,0.0044245,0.13543,0.0087107,1.8177e-06,0.00038351,0.00013805,9.3238e-12,6.4687e-17,5.2663e-07,4.6608e-10,0.0056088,0.00012296,1.4339e-15,2.0711e-14,1.6747e-13,1.0151e-11,1.1396e-15,1.3351e-12,6.3196e-08,2.5222e-08,0.0038291,0.00053996,2.5556e-06,6.6536e-11,1.4743e-19,4.5568e-19,7.3315e-20,2.3735e-21,2.509e-09,1.814e-14,3.8209e-07,1.692e-09,6.1903e-11,9.5816e-06,7.101e-14,9.0554e-12,0.24949,0.79922,0.0003946,0.035052,4.9961e-08,5.6028e-06,3.6049e-09,1.8306e-06,8.7237e-07,3.5027e-09,7.9995e-13,1.978e-09,0.4584,0.0002081,0.87711,0.24563,2.8929e-08,0.0034387,0.0041381,2.9251e-07,2.8313e-06,0.014537
1.4832e-13,1.0126e-21,0.00037187,6.9905e-06,0.41448,0.0018993,3.0574e-06,8.0565e-06,1.5822e-09,0.00033302,1.1726e-11,2.7404e-10,4.9531e-15,9.1793e-09,0.00056315,0.00081746,0,1.142e-21,4.0814e-05,2.3308e-07,1.3297e-05,0.52578,0.10291,0.069325,3.2705e-06,2.295e-05,0.018622,0.30748,3.786e-22,2.3706e-14,0.036419,0.044216,1.0849e-11,4.0884e-13,0.00014322,0.00096426,1.2982e-05,4.2774e-08,2.7759e-06,0.10339,3.3957e-08,0.06812,3.2434e-09,3.1305e-14,5.8131e-12,5.0637e-10,3.5482e-11,6.4071e-12,6.3565e-12,2.4158e-11,2.1804e-14,1.2453e-13,2.5088e-10,0.00016956,1.838e-10,8.7559e-07,3.4048e-12,1.5701e-18,1.4357e-13,5.9576e-13,2.9417e-15,7.2641e-10,9.6643e-15,9.5523e-12,2.1569e-08,6.843e-07,3.9656e-08,9.768e-08,1.4055e-08,1.1741e-06,0.00013374,6.3085e-06,1.7715e-14,6.4856e-13,0.00080851,0.00090577,3.2332e-20,1.165e-15,1.455e-28,2.0641e-15,1.0256e-23,9.2664e-22,0.068144,0.0020493,3.1284e-10,0.00030202,0.0010486,0.0010475,0.0028825,0.0011229,3.7582e-06,0.69159,0.00075159,8.413e-05,6.6676e-06,0.041062,3.0232e-10,2.7661e-07,1.1782e-12,1.4469e-09,4.6995e-05,4.1014e-10,1.1997e-05,9.0633e-10,0.00048976,0.0021591,0.024831,2.6304e-06,0.18972,0.0020392,6.2796e-12,2.0124e-05,0.35153,6.9495e-05,3.952e-05,0.42667
9.136e-07,2.2955e-30,0.31818,0.0043339,0.087865,4.7247e-05,0.011735,4.7117e-05,0.045353,0.74055,0.63448,0.0050338,0.017905,0.15276,0.0058169,0.0010862,1.142e-21,0,4.4275e-07,5.3268e-22,5.2705e-07,0.0002193,0.073986,0.039466,0.0015145,1.5961e-05,0.022427,0.31331,1.7416e-18,2.2418e-28,0.00064356,0.001943,4.3794e-11,1.8189e-08,0.06305,0.46021,0.021379,4.6354e-06,0.0066594,0.12769,2.4105e-06,0.29537,4.1023e-06,2.2762e-08,4.6281e-08,5.8935e-06,1.4496e-05,1.761e-07,0.00063542,0.00049081,0.00028631,0.0034991,0.0045431,0.11505,9.3888e-05,0.048811,6.7941e-21,3.3804e-25,0.0015212,1.7186e-05,0.013046,6.8459e-06,3.5149e-15,1.5155e-25,0.0018967,0.18249,0.0010559,1.5334e-07,2.8147e-11,0.00034424,0.0005367,6.9958e-05,4.0452e-07,4.0043e-09,0.015762,0.005594,8.4799e-08,5.1734e-06,1.2212e-14,9.8791e-20,4.5461e-34,2.4076e-31,0.00054135,0.00097537,7.1663e-10,1.1201e-05,0.079617,0.027336,0.37473,0.3296,0.012968,0.1093,0.42428,0.33403,0.24272,0.64062,0.0020887,0.032164,1.8673e-10,0.00031466,0.24611,6.1279e-05,0.012323,2.4575e-07,0.32992,0.34441,0.35981,0.25794,0.011144,0.042937,1.1253e-05,0.00021877,0.61235,0.14054,0.38047,0.58943
4.8919e-19,2.7358e-11,5.1053e-19,1.2709e-10,1.0522e-06,0.0050453,2.1371e-18,5.985e-05,3.4036e-08,0.0015814,0.010824,0.1689,8.5526e-08,0.020969,1.0271e-20,2.557e-11,4.0814e-05,4.4275e-07,0,1.7979e-27,1.4703e-08,3.6989e-06,1.2337e-27,1.4903e-20,9.4102e-18,2.867e-11,1.5093e-17,1.4507e-06,2.5061e-13,0.00017314,1.9351e-16,6.5991e-08,6.0801e-22,1.1496e-11,3.3559e-13,8.8826e-08,1.2971e-14,3.164e-11,1.5722e-13,5.3619e-07,1.6633e-09,6.2507e-05,1.7063e-14,3.7039e-12,5.4731e-09,2.2522e-08,1.1214e-14,1.3242e-14,7.0114e-06,9.1173e-06,2.7703e-12,2.0152e-06,1.6604e-10,1.3129e-08,2.2843e-16,4.8352e-13,2.0202e-14,2.5802e-12,1.324e-08,0.00029699,6.1622e-05,0.13039,8.3204e-07,2.8413e-07,4.168e-06,2.9724e-06,8.0595e-15,1.6641e-10,6.7562e-19,2.5159e-07,3.6386e-12,3.2861e-13,8.2384e-15,2.1382e-14,1.4458e-14,2.5443e-11,2.6857e-11,1.8036e-10,3.9337e-06,6.9248e-05,8.3136e-15,2.8888e-15,1.1096e-20,4.8398e-08,8.5446e-24,9.8959e-15,3.3952e-15,1.8956e-12,1.8529e-09,2.906e-11,4.4033e-13,3.0777e-13,4.2394e-06,4.3279e-16,0.018004,0.63225,3.1095e-10,2.1438e-07,2.4271e-20,1.0503e-16,2.8285e-09,5.8629e-12,1.0055e-12,5.1974e-16,6.0085e-12,1.7096e-12,0.059497,3.2585e-07,0.29502,0.084291,3.1803e-11,6.6556e-09,5.9007e-09,4.0933e-12,2.2571e-11,0.18502
5.0875e-10,1.1962e-27,1.0556e-06,3.7068e-11,1.1376e-06,2.3392e-07,2.9071e-10,5.2575e-10,0.012235,0.076791,0.61341,0.0012629,0.010072,0.043977,1.2322e-07,7.3542e-09,2.3308e-07,5.3268e-22,1.7979e-27,0,4.4247e-08,1.5821e-09,3.0145e-09,5.5109e-13,7.9427e-08,1.2152e-11,6.0019e-05,0.002027,4.0809e-19,1.5154e-17,2.4592e-13,1.2715e-09,6.4926e-24,4.3075e-17,5.5891e-06,0.0008671,4.9446e-07,4.7918e-09,5.6213e-08,7.7574e-05,1.4928e-09,0.012408,3.4193e-12,4.1578e-12,3.6526e-13,4.944e-13,4.6954e-11,2.4165e-14,5.1792e-07,2.7162e-07,9.1104e-09,3.8928e-06,1.7342e-07,8.3095e-07,5.2756e-09,8.0832e-07,5.3598e-18,5.1871e-17,3.5091e-07,4.1405e-08,0.0038649,1.4954e-05,1.2843e-11,8.19e-22,4.2037e-05,0.0030419,1.7372e-14,1.0939e-21,1.176e-27,1.6727e-06,5.2903e-11,4.8919e-12,7.0999e-12,4.7677e-16,2.7779e-09,8.1386e-10,3.7058e-09,1.4372e-09,0.00010663,3.516e-05,2.4023e-26,3.6374e-24,6.1213e-12,2.7217e-08,1.6856e-16,1.0068e-17,5.1054e-05,1.9896e-05,0.0032888,1.9222e-05,1.6115e-12,0.0006119,3.0842e-05,5.3228e-08,0.079356,0.64703,4.9154e-07,3.1124e-05,2.3672e-22,3.838e-13,4.7687e-09,3.6341e-11,2.9582e-13,4.3427e-20,6.2407e-06,1.2441e-06,0.2466,4.9196e-05,0.020949,0.046107,9.353e-09,7.1452e-08,0.00012772,3.3394e-07,6.5246e-05,0.014501
1.9315e-05,2.6626e-09,1.0307e-07,3.008e-09,1.5656e-09,1.3635e-07,4.0135e-11,2.2807e-08,6.5716e-06,0.00067713,0.017996,0.00055536,2.2054e-05,0.00021124,1.5436e-13,2.5237e-13,1.3297e-05,5.2705e-07,1.4703e-08,4.4247e-08,0,4.9751e-13,7.4132e-12,4.0568e-12,9.8938e-19,2.2726e-15,3.9842e-20,5.5723e-09,1.3634e-07,5.321e-08,2.9369e-15,3.2709e-12,2.2666e-17,6.0163e-13,2.0705e-13,8.6632e-09,0.00019624,9.8425e-05,1.2893e-11,5.2166e-06,0.00024695,0.0096686,4.7389e-10,5.5907e-08,3.8529e-09,1.0237e-08,1.4882e-08,2.9414e-07,0.00066196,0.0030368,1.7957e-07,0.00050956,1.6404e-06,0.12094,1.0189e-11,4.6333e-06,0.00068792,8.5694e-08,0.0024457,0.0005261,0.0033309,0.00011617,1.3789e-06,1.7109e-10,2.4364e-08,1.8079e-07,1.5282e-09,1.0907e-12,5.0571e-06,3.7e-05,2.788e-10,1.8163e-11,3.6127e-09,2.28e-08,2.0495e-08,1.1163e-06,1.7735e-05,4.3808e-05,0.00061119,0.0093713,4.0347e-09,1.1872e-07,1.0037e-12,2.4596e-09,1.7253e-12,3.1026e-12,3.5393e-08,1.1657e-08,2.5036e-09,4.1866e-08,3.7434e-07,5.4928e-05,8.7721e-06,5.3579e-06,0.11168,0.29493,0.00010162,0.0024846,3.7959e-08,8.2935e-05,4.6909e-06,1.6375e-05,4.5456e-08,1.0724e-07,2.6147e-11,0.00012682,0.13681,0.017611,0.15759,0.0006825,2.5009e-06,0.00012472,0.0055458,2.5512e-07,1.3937e-07,0.23271
0.025137,4.38e-05,0.16709,0.0029723,1.9432e-12,2.0999e-07,0.011288,0.0009357,0.39808,0.86172,0.011829,0.7301,0.51671,0.96528,2.0199e-05,2.4066e-06,0.52578,0.0002193,3.6989e-06,1.5821e-09,4.9751e-13,0,5.1244e-05,3.4383e-07,0.00021572,2.8668e-11,1.1813e-07,1.7426e-13,0.0022194,0.00023716,2.5631e-09,1.4217e-08,5.3929e-08,4.675e-05,0.0056033,0.056554,0.2728,0.019645,0.015377,1.7381e-05,0.13996,0.052005,0.00030438,0.015227,0.0047297,0.0003664,0.0004401,0.0001702,0.2184,0.1933,0.080281,0.50893,0.0010259,0.090314,0.00018092,0.0018069,0.0069899,0.00082667,0.3271,0.0087976,0.59163,0.10801,5.0707e-05,1.4312e-08,0.54734,0.41735,0.00011953,3.824e-10,1.8741e-06,0.047536,3.8835e-08,2.3209e-08,0.003615,0.00066966,0.0037224,0.0095199,0.37104,0.11828,0.96635,0.60776,2.3366e-06,0.00011285,1.5118e-15,4.1766e-07,0.00020364,9.056e-07,0.00080485,0.087869,0.014133,0.0039151,0.00065635,0.0061015,0.0317,0.015752,0.24003,0.047289,0.064852,0.93184,1.715e-05,0.0034037,0.0020758,0.002097,7.6071e-07,2.7336e-07,0.0024343,0.036166,0.54532,0.18154,0.68051,0.066305,0.033233,0.025335,0.017974,0.0030452,0.98677,0.025117
7.0226e-15,4.3588e-05,9.9411e-44,2.6232e-18,1.1369e-12,0.00042485,2.7601e-35,5.0766e-08,8.8164e-13,2.6375e-06,0.00084487,0.041216,6.1293e-08,0.0016642,2.7925e-38,2.5472e-18,0.10291,0.073986,1.2337e-27,3.0145e-09,7.4132e-12,5.1244e-05,0,3.5273e-38,1.1078e-42,1.5686e-18,1.312e-35,7.7378e-13,0.00012929,0.29382,1.7959e-36,5.5482e-20,1.8382e-17,1.0822e-10,3.0028e-34,1.0421e-14,6.0954e-12,1.5491e-05,1.6441e-14,4.0301e-07,2.1985e-07,0.00012373,4.4613e-14,1.7516e-09,2.5874e-08,3.3622e-07,1.4541e-14,2.0518e-11,1.1759e-05,0.00060344,2.3446e-16,5.8144e-06,8.0398e-13,3.426e-08,6.3029e-13,6.1143e-10,2.4952e-05,1.5422e-07,6.2256e-06,0.046637,0.00025762,0.088179,0.33694,0.077515,8.9956e-12,4.6943e-15,2.1438e-14,1.6312e-09,7.7016e-06,3.3326e-07,8.2166e-16,3.2117e-17,2.5543e-14,4.3976e-12,5.5591e-19,4.5067e-15,2.5279e-09,1.0637e-08,8.1288e-06,0.00072422,3.0874e-05,1.882e-08,6.8529e-24,8.9117e-12,4.4012e-25,1.6197e-17,4.1616e-22,1.1095e-19,1.3627e-14,7.6918e-16,3.2835e-13,3.1276e-17,7.3626e-11,4.674e-21,0.00039085,0.032366,2.5897e-10,0.00011403,8.6259e-12,8.2504e-10,1.1947e-08,1.0506e-06,2.327e-09,3.251e-07,5.9225e-17,1.4741e-18,0.027348,1.0319e-07,0.44802,0.016052,1.5127e-10,0.00036303,3.0751e-07,9.9064e-12,2.5908e-15,0.0039239
4.7461e-06,0.00056359,9.5383e-21,2.4286e-33,1.0065e-15,2.2644e-08,3.6465e-20,4.1616e-14,4.5557e-08,1.5096e-12,0.15858,0.083498,0.0002094,0.00028773,1.8768e-18,2.13e-25,0.069325,0.039466,1.4903e-20,5.5109e-13,4.0568e-12,3.4383e-07,3.5273e-38,0,5.6552e-23,2.9459e-19,3.6703e-21,8.6626e-11,0.00023762,0.0038141,9.4813e-27,3.9064e-26,1.5385e-17,7.1024e-15,1.7969e-24,2.6256e-19,5.0021e-08,1.7604e-05,5.701e-11,6.4821e-06,2.1656e-05,0.0084984,3.0228e-12,1.1564e-08,2.4078e-08,6.937e-09,2.3586e-12,3.2134e-11,6.5802e-05,0.0017874,5.9966e-12,6.8254e-05,4.552e-13,8.9581e-08,4.6814e-10,3.9757e-09,5.2508e-06,9.6961e-05,3.0729e-05,0.017915,0.0098247,0.0084399,0.12834,0.069348,3.7414e-10,1.6072e-18,1.7799e-15,2.8451e-16,7.0295e-06,6.5839e-06,1.6482e-15,7.6203e-17,1.3103e-09,5.3258e-09,1.1949e-13,2.0263e-15,1.5566e-06,2.498e-07,0.00076441,0.0044981,6.3153e-08,1.6886e-08,8.2889e-16,6.7553e-13,5.5956e-17,1.6511e-19,4.8995e-13,2.0046e-18,1.6332e-09,6.433e-13,9.4108e-23,3.25e-16,3.2843e-22,2.3609e-18,0.037407,0.69092,2.4489e-07,0.00029017,3.3068e-16,2.4693e-13,1.5347e-18,2.4705e-05,1.5837e-16,1.3828e-09,1.7195e-23,5.3475e-19,0.00062556,1.1293e-07,0.82142,0.44459,2.248e-08,3.9243e-05,9.3191e-10,6.0663e-17,8.1116e-15,0.01339
2.2189e-14,3.607e-07,1.8884e-30,1.1475e-13,4.4657e-10,0.0025644,4.3582e-28,2.346e-07,1.5222e-13,0.00013515,4.3477e-07,0.0017765,2.5763e-11,7.6386e-05,5.357e-35,7.4531e-16,3.2705e-06,0.0015145,9.4102e-18,7.9427e-08,9.8938e-19,0.00021572,1.1078e-42,5.6552e-23,0,1.0795e-27,3.6251e-36,6.3276e-06,4.2682e-10,0.010511,3.8158e-29,3.5346e-16,2.0269e-20,2.8972e-13,3.1409e-45,6.3606e-16,1.5035e-19,4.5902e-12,6.3065e-21,1.4463e-08,1.1263e-12,1.6484e-07,6.0592e-19,4.1851e-15,2.0709e-14,2.6658e-11,8.8922e-21,1.663e-17,3.9236e-09,1.4859e-06,9.8241e-25,1.6963e-09,1.1429e-16,6.9193e-08,2.4523e-18,2.6645e-14,0.0015174,1.4933e-08,1.0083e-08,3.5873e-05,8.3938e-07,0.0076857,0.0030736,0.0019065,2.4273e-15,5.0131e-16,3.669e-23,8.9767e-15,3.1966e-08,3.1619e-13,2.5693e-15,6.2564e-20,4.225e-24,5.2451e-17,5.1068e-19,5.322e-12,2.5595e-17,6.9818e-15,2.1966e-08,2.8136e-05,1.4722e-07,5.0672e-11,8.4354e-19,4.3947e-13,1.5159e-29,4.7918e-18,6.6601e-26,3.9761e-25,5.8433e-17,1.817e-15,7.0417e-14,1.8093e-14,8.9973e-10,1.1447e-18,8.9911e-08,0.00011706,3.1156e-18,8.4671e-08,2.0054e-14,2.6268e-12,5.1185e-09,3.3857e-10,3.1269e-11,6.1258e-10,3.06e-23,2.9147e-22,0.0044228,1.7124e-11,0.94549,4.2461e-06,2.5682e-16,0.00019029,8.4408e-05,5.1107e-12,8.1988e-19,0.095136
1.0521e-08,1.3832e-11,1.0818e-11,1.4751e-13,5.2018e-11,1.3857e-07,9.8784e-14,8.2148e-12,0.00013534,0.00020114,0.03255,0.00053569,0.00013987,7.2751e-05,1.4453e-16,1.4707e-13,2.295e-05,1.5961e-05,2.867e-11,1.2152e-11,2.2726e-15,2.8668e-11,1.5686e-18,2.9459e-19,1.0795e-27,0,2.0222e-18,1.0866e-05,2.6991e-09,2.6953e-05,8.9012e-27,4.7332e-21,6.3155e-19,1.0583e-14,6.7594e-23,1.877e-15,1.6174e-13,5.9116e-15,1.0991e-20,1.1121e-12,2.3783e-07,1.8299e-05,5.9597e-24,1.6176e-18,6.3649e-17,1.8171e-16,6.6136e-20,3.3487e-21,3.1558e-08,1.0276e-07,7.3591e-16,2.1369e-07,1.0358e-15,5.0439e-07,1.861e-14,6.8523e-14,0.0045856,5.4745e-08,1.0281e-05,9.5156e-07,0.00079582,3.8595e-05,2.9183e-05,2.0281e-07,7.0889e-10,9.6338e-10,6.4023e-17,1.3414e-20,6.0661e-08,1.4056e-09,5.877e-22,6.5779e-23,2.2163e-15,4.7011e-13,1.7057e-12,6.0245e-10,5.1702e-09,1.38e-09,0.00096918,0.027828,1.0794e-11,3.0547e-14,1.2108e-16,3.9891e-16,2.4037e-20,3.8504e-20,2.2791e-11,6.0635e-15,1.5577e-11,2.1728e-10,1.4552e-14,0.00010449,5.6436e-10,3.6308e-10,0.014099,0.58097,8.4246e-14,9.9278e-06,5.3585e-17,9.6683e-11,8.9307e-11,3.7572e-11,2.9e-15,1.91e-13,4.425e-16,5.483e-12,0.12034,2.7306e-06,0.13339,0.11525,5.0138e-10,0.0015665,0.00019479,1.201e-07,1.5389e-08,0.34217
1.3533e-05,0.0045195,4.7558e-14,1.9216e-05,7.7851e-08,0.053237,4.6168e-12,0.011987,1.0988e-05,0.000629,0.027456,0.99439,0.00026791,0.054111,5.5029e-33,1.8282e-18,0.018622,0.022427,1.5093e-17,6.0019e-05,3.9842e-20,1.1813e-07,1.312e-35,3.6703e-21,3.6251e-36,2.0222e-18,0,1.1068e-16,8.4952e-05,0.1529,8.2971e-20,4.9979e-11,2.2053e-09,2.1912e-05,5.3607e-22,1.1255e-09,1.274e-11,2.3547e-07,7.7041e-13,1.0525e-08,2.275e-05,1.0658e-06,2.1222e-08,3.4288e-05,9.2138e-05,0.0014483,3.6534e-08,1.3396e-06,0.12182,0.52069,4.5176e-07,0.09847,4.177e-06,0.018072,1.8889e-09,6.0602e-07,0.0010926,8.223e-05,0.081413,0.87904,0.44017,0.75845,0.3129,0.040439,6.3875e-06,1.0607e-08,6.2316e-07,3.8776e-05,6.6898e-05,6.1789e-07,2.1346e-09,3.0231e-10,7.9315e-09,6.3338e-07,3.3532e-11,2.4104e-07,2.2757e-05,0.00047667,0.00018223,2.5798e-05,2.6294e-05,1.2757e-08,2.5913e-25,7.2266e-12,1.1826e-17,4.6391e-11,2.7634e-21,5.1915e-18,8.9082e-10,4.0241e-09,2.0912e-06,2.0347e-11,9.7638e-05,4.1086e-09,0.0053426,0.061492,2.4491e-07,0.00055652,4.6532e-08,3.2058e-06,0.00082934,0.0045868,6.1039e-06,0.0005747,1.5923e-13,3.2747e-10,0.1193,0.0034638,0.70776,0.0080915,6.3209e-09,0.00037052,8.7951e-05,2.8988e-09,3.1452e-10,0.32965
0.038323,0.01459,5.6946e-05,5.1686e-05,6.0349e-24,1.6436e-10,6.1368e-05,0.0040833,0.075608,0.00042625,0.23679,0.69238,0.80563,0.86164,1.2821e-10,3.1556e-08,0.30748,0.31331,1.4507e-06,0.002027,5.5723e-09,1.7426e-13,7.7378e-13,8.6626e-11,6.3276e-06,1.0866e-05,1.1068e-16,0,0.35458,0.36457,1.4433e-12,1.6538e-07,0.00029461,0.0015308,3.1409e-05,0.00076835,0.17525,0.90097,5.0435e-07,2.1145e-12,0.0027548,9.9534e-07,0.005401,0.1781,0.3112,0.29931,0.0047934,0.064398,0.51784,0.36001,0.29271,0.65063,0.00065893,0.039866,0.00040655,0.004137,0.023432,0.021267,0.94904,0.44948,0.64625,0.50092,0.88047,0.05754,0.077968,0.004528,0.098068,0.0058239,0.049729,0.28599,4.4879e-09,1.9569e-07,0.23505,0.2402,1.8724e-07,5.054e-05,0.83027,0.8687,0.8554,0.1959,0.014907,0.0049189,2.2963e-15,8.089e-09,8.2831e-05,1.2776e-06,0.00272,0.0026269,5.6787e-12,5.8666e-13,4.6444e-06,6.7111e-09,0.0021239,0.0013512,0.56014,0.90771,0.27702,0.34741,0.0004643,0.046133,0.0027021,0.11107,0.030395,0.050099,9.787e-05,0.0055949,0.14424,0.41615,0.11525,0.1275,0.29831,1.1729e-05,3.5598e-05,0.00025541,0.0015695,0.077612
3.1931e-11,2.5294e-17,4.6474e-05,2.93e-05,0.044461,0.011665,1.2311e-08,4.7862e-07,3.0273e-06,0.039061,6.1109e-05,6.3324e-06,7.8394e-10,1.1694e-05,1.1418e-09,3.4012e-07,3.786e-22,1.7416e-18,2.5061e-13,4.0809e-19,1.3634e-07,0.0022194,0.00012929,0.00023762,4.2682e-10,2.6991e-09,8.4952e-05,0.35458,0,2.4057e-30,1.8951e-05,0.0010744,2.8074e-19,5.6974e-17,3.491e-06,0.00098384,3.5039e-13,1.5817e-18,4.422e-08,0.0059277,7.7106e-09,0.0025999,5.6638e-09,1.2317e-11,5.9853e-12,8.6438e-12,5.5854e-11,7.9219e-13,3.2366e-08,6.6538e-09,8.3419e-12,8.1469e-08,1.8492e-07,5.2668e-05,2.0802e-11,6.2767e-08,1.6541e-08,1.465e-10,3.0699e-08,1.7205e-07,5.9296e-08,1.3044e-09,5.3235e-15,3.6858e-17,2.4943e-10,1.2181e-05,3.4136e-11,8.7156e-13,6.5717e-15,4.0195e-07,5.0508e-05,2.3956e-06,1.2242e-19,1.1677e-19,2.4468e-06,1.2958e-05,3.87e-16,1.8161e-15,3.5621e-10,1.9794e-06,1.1811e-20,4.6308e-23,4.9432e-08,2.6926e-09,6.263e-19,6.2455e-12,3.2668e-07,1.2937e-07,0.022035,0.013733,5.7429e-06,0.10081,0.002681,1.1637e-05,2.8657e-05,0.1501,2.1126e-13,5.2677e-08,7.5266e-15,5.4277e-11,8.214e-07,5.4945e-11,7.7797e-08,4.3609e-13,1.6036e-05,6.3636e-05,0.08856,3.0801e-07,0.035673,0.00016537,9.3298e-13,0.00010682,0.056183,2.8337e-05,1.7458e-05,0.75862
0.00054952,2.2481e-16,0.49825,2.4835e-05,0.074208,2.1332e-06,0.00094931,2.1394e-12,0.10546,0.037352,0.36367,9.7858e-06,0.0023853,9.7719e-05,0.0040433,1.4177e-07,2.3706e-14,2.2418e-28,0.00017314,1.5154e-17,5.321e-08,0.00023716,0.29382,0.0038141,0.010511,2.6953e-05,0.1529,0.36457,2.4057e-30,0,0.00016124,2.4688e-06,5.6246e-17,5.4497e-17,0.008398,0.0082112,0.0030899,4.1317e-08,0.009661,0.32719,0.00037417,0.61743,3.971e-05,4.0567e-08,1.6048e-08,1.7224e-09,9.2239e-05,1.8166e-06,0.00079957,0.00017115,0.00017361,0.0027842,0.018991,0.13107,3.6467e-05,0.017745,3.8288e-08,1.1195e-08,0.0079775,0.00024594,0.0034445,1.8149e-13,2.7426e-15,1.489e-22,1.446e-06,0.0010944,5.3943e-05,8.2739e-13,4.2649e-07,0.0052504,0.00019701,0.00032453,5.886e-09,1.127e-12,0.0037307,0.00010488,1.3506e-08,8.3512e-09,5.7037e-06,1.0313e-08,2.8186e-22,1.2891e-22,0.00067555,3.4436e-06,3.6332e-10,7.8995e-11,0.094825,0.0032171,0.89818,0.81316,0.0017262,0.050819,0.0093124,0.21087,0.058718,0.41999,0.00054691,0.0019257,2.109e-09,0.0001485,0.00037214,0.00022519,0.00031496,8.4131e-08,0.0075414,0.18951,0.68981,0.011409,0.011675,0.0075018,1.3658e-06,0.0020012,0.7917,0.028992,0.21858,0.60603
2.1082e-10,8.6053e-09,9.3801e-24,2.2077e-19,2.7711e-17,1.1029e-09,7.3993e-25,4.5365e-13,9.9278e-05,0.0011511,0.14174,0.00128,0.00059232,0.0044057,8.0211e-24,2.0798e-18,0.036419,0.00064356,1.9351e-16,2.4592e-13,2.9369e-15,2.5631e-09,1.7959e-36,9.4813e-27,3.8158e-29,8.9012e-27,8.2971e-20,1.4433e-12,1.8951e-05,0.00016124,0,2.8741e-48,4.9269e-27,8.1966e-19,5.6847e-26,4.0624e-15,1.0085e-09,1.3267e-05,1.8072e-16,3.8775e-10,1.3649e-06,4.891e-05,8.4582e-18,1.5282e-13,4.1574e-11,8.2298e-11,4.1416e-17,2.1907e-12,1.2324e-06,3.6123e-05,1.1261e-14,3.6822e-07,9.3137e-13,1.7139e-08,1.3309e-16,2.0243e-10,0.00048401,6.2184e-09,2.6019e-05,0.00047289,0.00028432,0.0009816,0.00044248,9.5169e-07,7.8445e-09,2.7902e-11,7.3774e-16,2.0148e-18,7.0927e-05,0.0001814,3.918e-23,5.2505e-19,1.006e-15,8.1413e-15,2.9809e-19,2.0375e-20,4.7529e-08,2.1834e-07,0.0060101,0.0048919,7.6916e-07,6.7345e-11,9.0765e-19,2.7893e-15,5.0461e-24,6.2035e-26,3.1762e-11,2.0871e-12,5.7026e-15,1.3665e-16,5.894e-14,1.0224e-07,1.8156e-07,3.0073e-10,0.00070328,0.16642,1.6032e-09,0.0059126,3.4681e-15,6.4257e-09,2.064e-09,3.6571e-06,1.2968e-11,1.2171e-08,2.8877e-15,1.5871e-10,0.83308,9.3174e-07,0.70052,0.016453,5.4958e-07,4.9296e-05,0.00021206,2.3806e-09,8.3972e-11,0.04032
8.1443e-06,1.8322e-05,1.1168e-13,5.6482e-24,3.7311e-14,9.6156e-14,6.4365e-15,8.7733e-17,0.0074349,3.7672e-05,0.90994,0.0058743,0.061203,0.019727,7.6804e-11,9.9073e-17,0.044216,0.001943,6.5991e-08,1.2715e-09,3.2709e-12,1.4217e-08,5.5482e-20,3.9064e-26,3.5346e-16,4.7332e-21,4.9979e-11,1.6538e-07,0.0010744,2.4688e-06,2.8741e-48,0,7.5064e-21,6.5644e-19,1.7631e-19,4.205e-15,0.00017266,0.0020714,7.9417e-10,7.5365e-06,0.00047996,0.03719,1.1157e-11,5.5047e-09,2.2105e-07,4.3466e-08,2.5804e-10,5.576e-08,0.0014057,0.006044,3.6747e-09,0.00020523,1.277e-09,1.5762e-06,6.4181e-10,2.8544e-06,0.0037134,0.00012551,0.0089195,0.0047315,0.022296,0.00063081,0.012823,0.00019354,4.8829e-06,2.3114e-10,1.3916e-11,9.2997e-19,0.043277,0.095456,3.9663e-21,1.6248e-18,2.3313e-11,1.6439e-12,2.801e-11,3.7434e-17,1.0817e-05,5.8662e-06,0.0014446,0.0021206,3.682e-07,6.9457e-09,5.4892e-11,1.5795e-11,5.3451e-12,9.1045e-19,2.5953e-05,1.1401e-08,2.5426e-08,8.9437e-10,1.1793e-12,0.00037994,5.9588e-10,1.1959e-06,0.0018061,0.56308,1.1452e-06,0.013951,7.2434e-12,1.5179e-08,8.0264e-11,0.0021569,7.6927e-12,2.0189e-07,5.1029e-12,1.019e-08,0.57373,7.4134e-06,0.87548,0.075883,5.7618e-05,0.00084122,0.0043241,1.4983e-08,5.9392e-08,0.084296
9.2515e-23,4.6904e-24,3.4554e-18,2.9109e-25,1.5453e-13,3.5041e-14,4.774e-31,3.9561e-26,2.4764e-10,2.8011e-06,4.076e-07,1.8766e-11,7.9145e-16,1.503e-10,4.6924e-19,1.5015e-16,1.0849e-11,4.3794e-11,6.0801e-22,6.4926e-24,2.2666e-17,5.3929e-08,1.8382e-17,1.5385e-17,2.0269e-20,6.3155e-19,2.2053e-09,0.00029461,2.8074e-19,5.6246e-17,4.9269e-27,7.5064e-21,0,7.1268e-54,1.3432e-26,1.7088e-20,5.3838e-13,2.6594e-12,1.6102e-20,2.5404e-10,9.1061e-14,2.5434e-06,3.307e-30,3.3326e-31,2.7182e-29,7.1838e-31,8.0141e-31,2.0237e-26,2.0662e-16,6.9329e-16,1.8852e-26,4.1264e-17,9.2747e-21,3.2744e-14,2.4451e-29,3.4811e-19,2.3537e-08,3.7184e-16,2.6942e-13,2.5777e-12,7.5474e-16,2.3027e-15,1.2128e-16,1.122e-20,3.7207e-22,4.9283e-16,1.8229e-27,1.0469e-37,2.7264e-11,1.0608e-06,4.1283e-26,7.2072e-25,1.9868e-28,3.83e-28,1.2455e-24,2.8671e-22,1.0035e-24,9.7629e-28,6.7868e-07,0.00015197,1.5998e-21,2.6309e-23,2.8141e-18,3.5379e-18,3.0815e-38,7.4634e-38,6.1328e-13,3.8822e-16,3.1943e-14,3.2053e-14,7.6524e-23,1.3107e-06,1.4366e-15,2.1197e-15,1.7359e-05,0.018346,1.1047e-15,1.2478e-09,1.9871e-28,2.5821e-18,2.1723e-21,1.0483e-15,1.4693e-21,2.6891e-24,9.3657e-19,3.2202e-12,0.10344,4.2533e-13,0.11414,0.00022614,1.205e-14,9.4433e-11,7.6477e-06,1.1331e-14,1.9973e-12,0.38097
