0,1.6952e-32,2.1582e-25,3.8693e-21,2.809e-16,7.7903e-06,5.1744e-27,4.5415e-14,6.2891e-11,0.0033985,3.0814e-20,2.4293e-10,3.1747e-11,0.00022198,7.1279e-10,0.014104,3.4561e-06,0.0098579,1.175e-28,5.9281e-25,3.5749e-06,6.7895e-09,1.4925e-12,6.701e-11,2.3996e-09,7.1725e-09,2.7083e-13,1.5494e-06,0.021585,0.63032,1.5637e-10,7.4473e-07,1.3765e-20,4.0488e-12,8.364e-08,2.0707e-11,0.10788,8.0011e-07,0.0014979,0.011975,2.7656e-09,0.00073934,3.4075e-21,2.9457e-19,1.1924e-08,1.1308e-06,5.909e-20,6.8819e-22,6.559e-11,6.2249e-10,9.9852e-21,1.447e-09,2.6228e-09,1.2724e-11,9.9477e-13,3.4567e-12,8.2411e-38,8.0537e-15,3.9323e-27,1.123e-08,1.2967e-22,2.4683e-06,0.00086225,0.23526,1.2828e-11,4.9975e-12,6.0885e-20,5.3216e-14,3.5967e-21,4.4681e-09,0.00012973,1.3886e-07,2.2206e-14,4.0094e-11,5.3169e-12,6.9204e-10,4.8137e-18,7.2437e-12,0.00036507,5.2334e-11,0.0014956,3.9477e-12,7.6339e-11,0.00011285,4.8078e-17,5.2592e-19,1.1453e-05,2.0024e-13,7.226e-15,2.6181e-15,1.386e-19,1.8845e-20,7.8605e-17,7.8789e-26,0.23014,0.94215,4.1213e-05,0.0027418,2.9365e-18,9.0712e-22,9.8089e-10,1.0562e-15,3.0696e-09,3.8855e-16,1.4747e-12,8.7201e-15,3.1877e-07,2.0968e-07,0.55792,0.50658,1.4715e-05,1.1626e-05,2.6417e-09,2.99e-12,1.8935e-10,0.00010652
1.6952e-32,0,2.2345e-14,1.8963e-15,1.9206e-12,3.4756e-08,3.8489e-12,1.292e-15,1.8015e-05,0.10453,1.8512e-11,2.0281e-10,2.4309e-05,0.025135,1.5919e-05,0.08542,2.5935e-06,8.8095e-05,1.1101e-21,2.0282e-27,7.9066e-05,1.2818e-09,4.036e-10,4.5429e-08,7.5716e-08,1.0948e-11,1.1771e-08,1.4361e-05,0.022463,0.062225,1.5191e-10,2.797e-07,2.6115e-22,8.9087e-16,1.6541e-10,3.8735e-12,0.3771,5.9671e-06,0.00055576,0.014967,9.0781e-11,0.00012364,3.4228e-15,1.4825e-13,3.2007e-12,2.0777e-11,8.2318e-18,6.7055e-19,6.9238e-11,5.0526e-15,3.5549e-13,2.1336e-09,3.3552e-14,1.5001e-15,1.8346e-11,1.2065e-14,3.1016e-33,8.7039e-30,2.251e-17,6.4836e-12,4.2667e-14,3.0946e-08,0.0034727,0.024775,5.5666e-07,5.1006e-06,1.5728e-15,1.0676e-11,1.3084e-18,1.1522e-09,6.5396e-07,2.0399e-07,8.3142e-13,1.4544e-12,6.6113e-09,2.842e-12,2.8727e-18,8.4126e-11,8.8556e-05,3.1039e-18,8.8715e-05,1.0881e-15,1.7272e-13,0.00077059,1.4618e-14,1.7583e-12,9.9301e-07,1.7283e-08,2.1048e-13,7.1216e-16,1.9236e-16,1.4198e-12,1.775e-13,7.3663e-12,0.26232,0.93718,4.2647e-05,0.0030852,2.4449e-23,2.5756e-23,2.1532e-12,7.0883e-08,8.94e-11,1.98e-10,3.7765e-12,4.7557e-13,1.8015e-07,6.3569e-06,0.26873,0.88638,0.0017139,4.0106e-06,7.1932e-11,2.2751e-10,1.6588e-08,1.2274e-05
2.1582e-25,2.2345e-14,0,7.496e-35,4.5195e-18,1.3131e-07,2.8739e-41,2.8512e-11,3.0793e-08,0.2465,4.8364e-11,0.26531,2.6627e-06,0.39957,4.0232e-09,0.99897,0.16167,0.91502,2.5181e-21,2.8814e-11,1.3859e-06,3.6873e-08,1.1926e-29,2.9209e-18,1.322e-17,2.5046e-15,1.7917e-15,5.5374e-07,0.72831,0.074349,2.0469e-21,1.9906e-09,8.0373e-19,3.7317e-07,1.9044e-08,5.9008e-11,0.0019858,1.4399e-10,1.6787e-07,7.8901e-05,7.3978e-11,0.003957,1.5194e-34,2.3368e-32,2.7308e-10,1.9019e-09,2.0857e-28,1.9363e-34,1.1138e-14,7.2379e-12,5.4128e-25,1.291e-08,3.3421e-10,4.2299e-13,1.4156e-23,2.9883e-18,4.3635e-19,2.4526e-07,2.9153e-14,0.00031145,3.2645e-15,0.051488,0.34668,0.01989,2.4297e-17,2.0844e-13,5.9756e-24,5.4548e-11,1.5507e-14,0.00012863,6.4752e-13,1.1827e-16,6.8189e-15,9.5399e-09,1.0388e-13,2.5622e-08,2.5846e-21,1.3285e-09,0.35559,2.2322e-05,0.49153,0.00018336,2.6137e-06,0.22284,2.4732e-12,3.552e-10,1.4363e-07,1.8854e-12,1.2786e-14,4.7994e-13,1.4353e-13,1.2418e-24,4.0006e-12,1.6661e-19,0.040124,0.38327,5.3734e-08,0.0011228,1.7348e-14,2.1086e-23,0.00010237,1.1077e-15,8.446e-06,2.9577e-16,1.6108e-13,6.7822e-19,1.5048e-05,9.7479e-07,0.92015,0.41593,5.5568e-06,2.6439e-08,3.2282e-08,9.1157e-09,4.8971e-14,8.0118e-07
3.8693e-21,1.8963e-15,7.496e-35,0,5.1022e-10,2.5016e-08,6.6166e-28,3.276e-31,0.00427,0.00017573,2.0285e-10,7.4155e-06,0.00010385,2.492e-06,3.0146e-05,0.00061239,0.0092687,0.082864,9.3232e-18,1.908e-19,1.2431e-07,6.2059e-08,2.6751e-10,3.9406e-24,7.3055e-11,1.3178e-21,1.414e-11,6.9457e-06,0.042285,0.27353,1.3192e-22,1.1428e-20,3.4602e-35,7.9538e-25,1.2035e-07,3.5682e-17,0.0062173,1.2755e-09,3.0034e-06,4.4352e-06,3.6659e-09,3.312e-05,1.0681e-28,6.3866e-31,3.7097e-12,7.2725e-15,1.0014e-23,6.7665e-33,3.6821e-09,1.7433e-11,1.1753e-24,3.5542e-07,1.1806e-06,1.258e-08,7.5715e-17,1.6611e-15,7.9818e-13,3.6877e-08,3.8476e-14,4.4779e-12,4.2441e-11,7.8003e-09,0.0076968,0.50718,9.2217e-11,2.8805e-26,1.4288e-26,4.1681e-27,5.0457e-15,4.8211e-11,2.5078e-12,1.1548e-11,1.3876e-15,6.5039e-12,3.0426e-10,6.3172e-10,2.5391e-28,3.4479e-18,0.0032195,5.1527e-09,0.00046693,3.2712e-11,1.5646e-08,4.9882e-05,5.0106e-15,6.5964e-27,1.3137e-05,7.2051e-16,1.5032e-12,1.0423e-24,4.7971e-21,2.0651e-14,4.6315e-30,9.483e-16,0.11991,0.24546,7.8284e-09,1.4092e-05,2.2879e-15,7.0349e-18,6.5617e-10,4.3242e-19,1.2234e-07,1.2931e-15,2.0389e-20,2.9371e-18,1.7629e-06,2.9513e-12,0.9903,0.070808,8.4593e-08,1.1322e-07,9.9143e-10,1.5178e-09,7.4285e-14,3.7075e-10
2.809e-16,1.9206e-12,4.5195e-18,5.1022e-10,0,9.0022e-23,6.2865e-15,0.0037953,8.5612e-19,0.088818,1.9709e-06,0.45281,0.00036519,0.13093,7.0234e-11,0.21791,0.70034,0.44071,3.4707e-11,2.1008e-07,2.0063e-15,7.8674e-23,3.5442e-17,2.9786e-05,1.0755e-16,1.4074e-18,3.6359e-32,4.192e-30,0.087732,0.00085566,0.0018004,0.36808,3.2498e-05,0.046835,2.1129e-05,5.8502e-05,0.0013363,7.8881e-12,2.6269e-08,2.5232e-06,1.0926e-05,0.0011927,1.3032e-25,6.7613e-23,9.2899e-08,0.00025382,1.0164e-21,3.3545e-20,2.9178e-17,9.364e-14,3.4594e-20,3.9338e-12,2.5047e-11,2.6562e-18,2.0818e-15,5.5851e-17,1.6201e-13,5.6019e-05,5.9448e-19,1.4795e-08,3.5204e-14,0.067226,0.12815,0.0028517,2.4019e-11,7.0831e-05,2.1579e-11,1.0089e-05,8.9279e-09,0.037058,0.020935,3.3644e-06,2.1218e-06,0.0011846,3.5278e-05,0.00011031,1.039e-08,0.0022649,0.74329,0.070721,0.74179,0.016828,0.0017677,0.19472,4.1106e-09,6.8329e-07,1.2857e-12,2.8069e-17,1.929e-19,8.3261e-12,5.0279e-09,2.9791e-14,1.671e-06,3.9142e-09,0.0048887,0.059548,1.1886e-06,5.0936e-05,4.2856e-11,6.4079e-13,0.1658,8.3417e-08,0.0039506,1.4152e-06,4.5421e-06,1.1469e-10,0.015794,0.00036324,0.063919,0.029663,0.24627,0.0014755,7.2979e-06,0.00019931,1.182e-07,0.0074999
7.7903e-06,3.4756e-08,1.3131e-07,2.5016e-08,9.0022e-23,0,0.00010687,1.4503e-06,0.010158,0.00083169,0.00076577,0.001619,0.2141,0.39311,0.0075629,0.44875,0.0088319,0.020654,7.4351e-08,0.00012567,3.342e-26,1.1013e-20,2.4661e-06,0.0022951,0.0001769,6.1819e-18,7.0324e-16,1.2343e-33,0.015343,0.087736,1.6295e-05,0.00080725,2.1315e-06,2.3291e-05,0.00092259,0.00058597,0.68306,3.0582e-05,0.32197,0.087637,0.0053071,0.39563,1.4318e-09,7.6291e-10,5.1785e-13,2.1062e-12,8.1343e-12,6.059e-13,2.147e-13,2.067e-19,1.9163e-08,1.7166e-10,2.3656e-10,3.2527e-10,5.2021e-05,3.2916e-06,8.5e-07,4.5234e-05,6.5772e-07,2.4337e-12,0.00013034,0.0015616,0.051782,0.057826,0.083807,0.043619,2.7357e-07,2.0919e-07,0.0014514,4.3102e-05,0.085254,0.032553,1.9325e-05,0.0075659,0.0027119,0.015829,2.6242e-07,1.3675e-06,0.0032794,3.419e-05,3.8398e-05,3.1201e-05,0.015884,0.0098436,2.8153e-05,0.00019895,0.0043569,1.1419e-14,1.0946e-05,1.1771e-07,1.6051e-07,3.9481e-05,4.5767e-07,0.00058118,0.29042,0.32608,0.22167,0.37746,4.5588e-09,5.7434e-07,0.006085,8.8152e-05,0.00013154,0.00090358,0.0023199,0.035918,0.47736,0.37238,0.45142,0.20269,0.024893,0.0077264,1.5422e-06,0.014904,0.047702,0.0094936
5.1744e-27,3.8489e-12,2.8739e-41,6.6166e-28,6.2865e-15,0.00010687,0,2.4928e-17,2.6365e-18,8.0156e-06,2.4626e-17,0.04519,4.8301e-17,0.0057788,1.8643e-14,0.036419,0.13518,0.87181,1.0365e-15,5.0645e-11,0.00018557,2.0321e-05,3.1574e-18,4.0845e-15,1.3388e-10,4.2766e-08,9.1175e-12,7.4232e-05,0.21359,0.25867,1.2388e-09,1.5295e-06,5.7831e-14,3.534e-07,7.4323e-07,9.469e-09,0.00037717,1.1957e-10,2.1063e-06,3.7235e-06,9.2044e-09,0.00030757,3.1795e-28,6.8327e-30,1.0175e-07,6.6428e-07,6.9338e-23,5.2459e-32,2.2035e-09,3.1649e-08,1.2514e-22,2.3857e-06,5.3614e-06,2.928e-11,9.9186e-18,1.067e-14,1.0991e-11,4.007e-05,8.4207e-24,8.2187e-07,3.2014e-32,5.0773e-06,0.030333,0.29314,1.2563e-15,1.5682e-15,2.9391e-20,1.0205e-11,8.7136e-12,1.9869e-05,4.1855e-10,1.0582e-10,7.8849e-13,1.2481e-08,3.6312e-11,1.627e-10,1.8376e-21,3.6197e-11,0.16596,0.00018096,0.090797,8.6614e-06,1.2036e-05,0.01155,1.8817e-17,1.0794e-16,3.4494e-06,6.3236e-12,2.5508e-16,4.5459e-15,6.6107e-18,1.0217e-22,1.4756e-15,2.1883e-21,0.0052836,0.10505,1.631e-10,1.2583e-05,1.7311e-13,1.9142e-17,4.0976e-05,3.1233e-17,0.00012343,3.124e-14,2.5223e-08,2.4249e-13,0.0016015,1.4299e-08,0.45251,0.050482,3.247e-07,1.13e-08,7.0096e-06,1.7068e-07,1.6504e-12,0.00070361
4.5415e-14,1.292e-15,2.8512e-11,3.276e-31,0.0037953,1.4503e-06,2.4928e-17,0,0.14941,7.5214e-10,1.6487e-09,2.59e-14,0.00012109,8.7907e-13,0.012797,5.6557e-10,8.0147e-05,0.0053972,1.7221e-12,8.9483e-20,0.0023118,0.00031594,0.0030648,8.0601e-15,0.03222,9.6731e-09,0.0082788,0.12441,3.3179e-06,2.8654e-07,4.8868e-16,1.4742e-25,5.1837e-34,6.2317e-45,0.00012031,2.0941e-11,0.76036,0.00042694,0.048838,0.0051512,1.7488e-06,0.0060632,3.5051e-10,3.4415e-12,9.2661e-12,6.686e-18,8.1081e-13,4.2932e-18,6.833e-05,8.4658e-10,3.3116e-11,0.00033545,1.6283e-06,5.65e-06,5.3535e-07,6.1588e-07,3.2938e-08,4.2431e-10,8.1912e-11,1.3982e-19,4.704e-12,3.3388e-30,1.2028e-08,3.6474e-09,0.0048829,3.0053e-13,4.7643e-16,2.8857e-25,1.0366e-10,1.5907e-16,3.6248e-10,4.1784e-06,5.3606e-12,7.2136e-13,2.1157e-06,4.457e-08,3.4176e-23,1.1785e-17,1.7176e-05,2.4283e-12,2.0161e-07,1.0029e-15,6.3638e-09,6.7846e-07,6.5214e-12,4.1738e-25,0.018502,4.2366e-09,1.8475e-06,5.9698e-19,1.5265e-23,4.7793e-08,5.6528e-30,4.0134e-11,0.50607,0.6578,5.6171e-05,0.00089312,2.7112e-14,3.5164e-12,2.1404e-13,2.1999e-10,6.2967e-08,6.6883e-11,2.0201e-09,9.5335e-08,1.7351e-05,3.4004e-09,0.43689,0.34816,6.7474e-06,2.2113e-07,1.4042e-07,1.0137e-06,1.0436e-05,2.2432e-05
6.2891e-11,1.8015e-05,3.0793e-08,0.00427,8.5612e-19,0.010158,2.6365e-18,0.14941,0,1.6936e-07,9.7345e-09,0.55357,4.5703e-17,0.41988,4.0997e-35,0.078721,0.91839,0.057637,5.7045e-08,6.6382e-05,0.013983,0.00019649,3.474e-16,9.7229e-06,4.4467e-09,0.0013406,4.6895e-09,1.8247e-05,0.27174,0.00032441,0.56782,0.33776,0.3175,0.44824,0.00021927,0.12961,0.0018179,4.5397e-05,0.00019917,0.00036654,0.0011349,0.002348,9.1991e-14,2.7241e-12,0.010849,0.21823,1.7609e-12,7.6651e-11,2.9361e-11,2.2571e-05,2.5015e-12,3.1733e-07,2.3832e-05,2.1552e-11,1.6472e-09,4.8894e-09,3.4592e-07,0.11774,1.013e-18,0.003347,2.7041e-20,0.087751,0.27014,0.00090194,2.875e-13,0.013036,9.6049e-06,0.13823,2.3748e-06,0.6376,0.047784,1.7865e-05,2.9404e-05,0.00098783,6.2878e-05,7.0414e-05,7.1741e-06,0.015032,0.36393,0.84069,0.63735,0.11274,8.4986e-05,0.10644,2.796e-11,2.2623e-05,1.9641e-06,9.0286e-09,1.8358e-16,2.8243e-05,1.9286e-10,9.8983e-17,9.534e-06,2.8396e-11,0.00073066,0.023314,2.7603e-08,2.2314e-05,4.953e-09,7.4557e-11,0.10171,1.581e-08,0.033422,2.8251e-07,0.021481,7.1263e-07,0.26394,0.00017978,0.087872,0.051808,0.0034006,9.1516e-05,0.0081109,1.5595e-05,5.8163e-07,0.39478
0.0033985,0.10453,0.2465,0.00017573,0.088818,0.00083169,8.0156e-06,7.5214e-10,1.6936e-07,0,3.4177e-07,0.0007599,6.8941e-11,1.4618e-07,5.0643e-08,1.7902e-21,0.0016887,0.46486,0.0010673,0.0028488,0.14379,0.20383,0.0090506,1.8285e-09,0.65964,0.045641,0.10897,0.020594,0.00035744,0.010083,0.49623,1.854e-05,0.095891,0.0011254,0.66593,0.33899,0.59608,0.66782,0.064915,0.64807,0.052652,0.60481,0.022755,0.0061138,0.094613,0.0034049,0.00092569,0.00090858,0.0021878,0.0011599,0.0049431,0.013504,0.10672,0.015375,0.10202,0.28383,0.44845,0.99502,0.00058465,3.7299e-06,2.3221e-07,9.3217e-15,1.3396e-05,3.5383e-05,0.073948,0.0035435,0.3358,0.032641,0.097473,0.02116,0.82279,0.66264,0.0010319,0.0011216,0.061974,0.080712,0.00010377,5.8143e-07,0.0020348,0.029356,5.4455e-05,6.8551e-05,0.00079602,1.096e-05,3.4491e-07,1.7184e-08,0.8646,1.0401e-09,0.0030597,0.00020886,2.7425e-16,5.3294e-05,1.065e-16,6.118e-07,0.33558,0.62338,0.106,0.034285,2.4523e-06,0.00046901,0.00016798,4.1996e-08,0.00037792,2.2136e-05,0.047844,0.25931,0.91974,0.056099,0.14405,0.26296,7.0667e-07,0.00039495,0.005953,0.0001121,0.02096,0.026492
3.0814e-20,1.8512e-11,4.8364e-11,2.0285e-10,1.9709e-06,0.00076577,2.4626e-17,1.6487e-09,9.7345e-09,3.4177e-07,0,2.9112e-10,4.7459e-36,4.8846e-09,1.1081e-11,1.3836e-06,8.0059e-12,0.00073027,6.7592e-18,1.2757e-09,5.5642e-05,0.00043998,9.822e-09,9.6529e-07,0.00055578,0.0065874,8.8333e-07,0.00068998,5.0247e-06,0.071064,4.7199e-05,0.0037452,3.6561e-09,5.5975e-07,0.0015716,0.00013333,0.12876,0.0020914,0.069738,0.092355,6.0882e-07,0.023731,2.4253e-07,1.2731e-07,0.00010321,5.6187e-06,2.7324e-08,1.9264e-10,3.1437e-06,1.601e-08,7.081e-10,7.1464e-06,0.00055978,6.3724e-06,8.0379e-05,0.00012593,2.827e-07,0.00014941,7.3472e-14,3.1952e-05,2.1004e-17,3.5095e-06,9.676e-10,0.0040238,6.1027e-06,6.3617e-06,3.9914e-07,3.7958e-07,8.7633e-05,0.0010317,0.14039,0.010253,9.6215e-08,1.603e-05,2.3553e-07,9.6582e-05,4.5794e-19,1.3665e-15,4.7123e-07,5.401e-08,2.2842e-08,8.9548e-12,2.8813e-11,2.3448e-07,1.8633e-19,1.321e-13,0.002575,4.1671e-11,1.4607e-10,5.7465e-10,1.86e-12,7.3532e-09,9.596e-08,5.5637e-14,0.49764,0.85649,0.0033933,0.047414,3.5038e-07,1.0194e-07,7.6263e-05,9.4492e-18,0.021801,8.7103e-08,0.001138,0.00087097,0.89149,7.6146e-06,0.19099,0.24376,1.304e-07,0.0097662,0.19602,0.0013601,0.0015962,0.0021353
2.4293e-10,2.0281e-10,0.26531,7.4155e-06,0.45281,0.001619,0.04519,2.59e-14,0.55357,0.0007599,2.9112e-10,0,0.0015216,3.098e-24,0.27503,2.0145e-10,2.0881e-23,1.0061e-19,8.8436e-07,2.0579e-11,0.00059734,0.0060463,0.88085,0.0021088,0.84733,0.0030721,0.030027,0.09139,3.4644e-17,6.1744e-18,6.5651e-05,4.1762e-08,1.8765e-16,5.8814e-23,0.0011731,1.1984e-05,0.018132,0.26928,0.0014534,0.0078325,0.071416,0.80809,0.23357,0.22169,3.1561e-05,1.6165e-07,0.07578,0.0037458,0.058923,6.6361e-05,0.00046339,0.00086438,0.061081,0.10968,0.85509,0.9608,1.3653e-05,1.5705e-08,3.3243e-05,5.19e-08,0.013929,1.9997e-08,1.145e-17,7.0326e-20,0.31234,0.00014176,2.8073e-05,8.9946e-12,0.0019594,5.3131e-10,0.71325,0.55265,0.00021444,7.1887e-05,0.012561,0.097234,1.535e-09,3.8923e-16,2.5082e-21,3.3144e-19,1.2343e-18,1.8496e-26,1.8284e-06,8.9797e-09,4.2811e-08,4.1734e-12,0.051147,2.8421e-06,0.41788,1.835e-06,1.7625e-07,0.063239,1.1653e-10,8.4056e-08,2.0617e-05,0.0002057,0.24368,0.3033,3.9318e-06,0.0014054,3.0571e-12,1.5165e-05,5.5708e-08,1.7673e-05,1.8031e-05,0.12121,0.01129,0.35574,6.7442e-05,0.30911,7.6199e-05,0.041656,0.0036399,0.00071167,0.72955,0.1903
3.1747e-11,2.4309e-05,2.6627e-06,0.00010385,0.00036519,0.2141,4.8301e-17,0.00012109,4.5703e-17,6.8941e-11,4.7459e-36,0.0015216,0,3.5879e-07,3.9555e-23,2.4255e-09,1.2757e-05,0.15302,1.1197e-10,8.0422e-07,0.014534,0.2607,2.3346e-09,2.0097e-05,0.010668,0.5206,0.00015822,0.16869,0.00029284,0.31098,0.17099,0.21515,0.0033477,0.016355,0.023862,0.18821,0.0038641,9.3242e-05,0.057131,0.0052438,0.0028478,0.00038382,5.5115e-06,1.3956e-06,0.0041792,0.0014565,5.8172e-07,6.6419e-09,4.14e-06,3.3767e-05,2.0147e-07,5.6385e-05,0.01395,0.00088879,0.00096853,0.00026786,0.0015074,0.13021,3.1644e-11,0.012742,1.3516e-19,0.00030319,9.054e-07,0.060757,5.5593e-05,0.010296,0.001353,0.0059595,0.00017779,0.057817,0.061706,0.011167,1.0362e-05,0.00014937,4.8961e-07,3.8978e-05,5.9193e-13,4.5568e-10,0.0034932,0.00095652,2.093e-05,7.9805e-07,2.1438e-07,6.1111e-08,6.5268e-19,1.7928e-09,0.014082,5.2302e-06,2.8283e-08,7.2744e-05,2.5435e-10,1.1737e-08,1.7973e-05,5.8882e-10,0.042353,0.22678,6.3393e-06,0.00026058,3.3081e-06,1.2529e-06,0.0068121,1.6252e-12,0.19571,4.6926e-05,0.19153,0.060836,0.079655,6.1627e-05,0.60333,0.0079241,1.5489e-07,0.00011035,0.16833,0.028533,0.016722,0.095836
0.00022198,0.025135,0.39957,2.492e-06,0.13093,0.39311,0.0057788,8.7907e-13,0.41988,1.4618e-07,4.8846e-09,3.098e-24,3.5879e-07,0,0.03816,2.8503e-23,6.1277e-14,8.6325e-11,0.0055391,1.5506e-05,0.00081707,0.69126,0.56844,0.00075984,0.78074,0.15737,0.38544,0.91697,1.3509e-18,1.7995e-16,6.0769e-05,4.6997e-09,1.2842e-10,5.8355e-14,0.39018,0.019828,0.69871,0.87288,0.10456,0.93701,0.070028,0.23413,0.18872,0.073508,0.00012908,4.584e-07,0.12821,0.0080725,0.23323,0.0034628,0.0009801,0.031585,0.66372,0.18987,0.67729,0.40202,0.32827,0.024933,0.036519,0.00026092,0.2171,7.0453e-06,3.617e-13,9.4055e-13,0.58863,1.5745e-05,0.013035,1.6688e-08,0.14079,1.2379e-08,0.24866,0.428,2.0862e-05,0.00020409,0.035819,0.41113,2.8359e-09,2.3479e-18,1.2544e-16,4.3826e-10,1.6993e-20,9.4569e-18,0.00010198,6.3447e-15,2.3562e-07,2.2846e-10,0.013118,0.00069519,0.83979,0.00019427,6.2885e-08,0.83983,4.359e-10,8.3569e-06,0.017649,0.17927,0.43609,0.50484,0.017725,0.27481,1.2275e-06,1.3395e-06,0.045581,0.01534,0.12213,0.37835,0.17,0.3019,0.037238,0.069256,5.2445e-08,0.0083342,0.54716,0.050239,0.51005,0.028583
7.1279e-10,1.5919e-05,4.0232e-09,3.0146e-05,7.0234e-11,0.0075629,1.8643e-14,0.012797,4.0997e-35,5.0643e-08,1.1081e-11,0.27503,3.9555e-23,0.03816,0,1.7215e-09,0.026256,0.84062,1.8302e-14,1.6746e-10,0.00013148,0.011125,2.3637e-20,2.2194e-10,3.3828e-09,4.7971e-05,1.0189e-12,2.7093e-06,0.11305,0.53717,0.17555,0.38522,0.0039544,0.21106,5.5147e-05,0.0074961,0.00012762,6.9797e-08,0.00064153,1.2097e-06,0.00042025,3.2943e-09,5.5879e-12,1.2971e-11,0.0037318,0.021694,1.0249e-12,9.2441e-11,6.1237e-10,0.00012913,1.3574e-10,2.1671e-06,0.00062413,8.6086e-08,6.6698e-07,1.1681e-09,0.00013551,0.16884,8.8504e-10,0.027643,4.9525e-10,0.22556,0.19766,0.1186,8.1175e-10,0.098531,1.7072e-05,0.025237,2.2661e-11,0.029225,7.5159e-05,6.7982e-09,4.2355e-09,6.8569e-06,8.1559e-09,1.5049e-07,9.0935e-11,1.8865e-06,0.40336,0.10708,0.00941,1.0101e-05,8.6505e-13,2.0541e-10,1.6409e-20,6.8749e-09,3.509e-07,5.315e-11,2.0753e-10,8.741e-06,2.4697e-11,1.0051e-16,3.5764e-07,6.0174e-12,0.00018901,0.0019097,4.7394e-10,1.8377e-09,1.7766e-10,1.2329e-13,0.01217,3.1999e-12,0.046335,1.7811e-07,0.031391,0.00019567,0.66998,1.477e-06,0.0047978,0.0001489,0.00023186,2.2337e-06,0.011419,0.00037172,0.00019116,0.30272
0.014104,0.08542,0.99897,0.00061239,0.21791,0.44875,0.036419,5.6557e-10,0.078721,1.7902e-21,1.3836e-06,2.0145e-10,2.4255e-09,2.8503e-23,1.7215e-09,0,4.1938e-09,2.5873e-05,5.8145e-05,1.9024e-08,0.12037,0.69056,0.11456,9.969e-10,0.3381,0.11398,0.2677,0.6674,1.5727e-12,4.5137e-14,0.01942,1.5683e-09,3.397e-05,3.1804e-10,0.22635,0.0051709,0.66661,0.54516,0.17645,0.21788,0.11337,0.0056476,0.71235,0.30839,0.018303,0.00013525,0.032052,0.029187,0.021105,0.053195,0.053671,0.00981,0.82212,0.44899,0.98978,0.44443,0.82641,0.94585,0.486,0.017338,0.26673,2.4817e-07,1.146e-11,1.0124e-10,0.99633,0.21548,0.17704,0.00057179,0.0035328,4.2653e-06,0.048409,0.1043,7.9621e-07,6.7246e-05,0.0053146,0.0047563,2.5535e-07,7.2612e-10,3.1325e-07,0.00019217,2.302e-15,1.9789e-15,2.0678e-12,2.7121e-25,7.226e-09,6.3504e-12,0.68222,4.0732e-06,0.75446,0.0042391,1.1632e-11,0.010447,6.086e-12,0.00012713,0.68005,0.61514,0.027947,0.0023104,1.2186e-05,0.0020277,5.2881e-06,3.673e-06,0.0089073,0.00056235,0.10507,0.64355,0.22013,0.0015962,0.92927,0.0060905,3.7913e-06,0.0024488,0.14953,0.057241,0.65586,0.12999
3.4561e-06,2.5935e-06,0.16167,0.0092687,0.70034,0.0088319,0.13518,8.0147e-05,0.91839,0.0016887,8.0059e-12,2.0881e-23,1.2757e-05,6.1277e-14,0.026256,4.1938e-09,0,3.9886e-34,5.7998e-08,6.5192e-06,0.0012886,0.0077662,0.012268,0.028125,0.77035,0.50211,0.25001,0.045097,2.488e-40,5.0166e-24,1.7493e-05,3.1257e-06,2.0016e-07,1.7261e-08,0.056262,0.010123,0.0072975,0.051024,8.4962e-08,2.1781e-05,0.031566,0.15419,0.81571,0.56906,0.00039007,1.9579e-06,0.12503,0.079178,0.01072,0.00012973,0.011198,0.00020419,0.26098,0.031065,0.67521,0.29221,0.00012879,2.0873e-06,0.09747,0.15678,0.66923,0.18761,1.1145e-20,1.1674e-13,0.75657,0.26527,0.0074221,0.0011805,0.042891,2.0508e-09,0.70463,0.40098,2.7841e-05,0.00029911,0.0017296,0.14162,6.5665e-08,1.7743e-17,1.6788e-44,1.3733e-21,2.7036e-36,2.5778e-21,6.1266e-09,5.9383e-10,1.7553e-06,0.00086993,0.00062228,0.016291,0.74939,0.044413,3.0052e-05,0.0041142,3.5686e-05,3.2488e-09,3.1307e-12,4.6327e-11,0.020852,0.00091883,1.2163e-06,0.00021362,4.0922e-07,1.759e-05,6.7288e-06,1.518e-06,0.0073642,0.29373,0.31038,0.065767,4.9701e-11,0.082013,4.7782e-11,0.027837,0.06316,0.0023351,0.12818,0.91375
0.0098579,8.8095e-05,0.91502,0.082864,0.44071,0.020654,0.87181,0.0053972,0.057637,0.46486,0.00073027,1.0061e-19,0.15302,8.6325e-11,0.84062,2.5873e-05,3.9886e-34,0,0.027833,0.0025422,0.0031152,0.037082,0.37036,0.30747,0.60077,0.11939,0.24037,0.075502,4.7709e-26,7.4205e-27,0.00036868,2.0996e-05,1.577e-06,1.9518e-07,0.055709,0.036741,0.00014588,0.0073264,1.3814e-07,3.8875e-06,0.11013,0.13209,0.11242,0.082247,0.0012814,1.2623e-05,0.73632,0.67133,0.13409,0.0024966,0.2302,0.0021248,0.821,0.5,0.22543,0.074107,0.0049554,3.1932e-08,0.91538,0.358,0.11442,0.8886,2.5283e-15,1.8641e-12,0.83077,0.61922,0.05692,0.020711,0.30342,3.0671e-08,0.86058,0.76979,0.009448,0.21118,0.55619,0.55062,0.00036805,1.5939e-11,7.6126e-37,6.4914e-32,5.6618e-25,4.0457e-26,1.1205e-05,4.2032e-08,0.0037814,0.02995,1.6871e-05,0.26381,0.053568,0.25833,0.097619,0.74258,0.011579,0.00028156,6.5616e-12,1.6641e-10,0.0029726,0.0002242,0.0003683,0.049507,0.00051713,0.0053713,8.8893e-05,0.011053,0.029391,0.10086,0.26516,0.0022483,3.1478e-11,0.018007,1.5915e-07,0.037335,0.25898,0.014986,0.0042118,0.89328
1.175e-28,1.1101e-21,2.5181e-21,9.3232e-18,3.4707e-11,7.4351e-08,1.0365e-15,1.7221e-12,5.7045e-08,0.0010673,6.7592e-18,8.8436e-07,1.1197e-10,0.0055391,1.8302e-14,5.8145e-05,5.7998e-08,0.027833,0,2.341e-37,2.2913e-06,2.789e-08,5.8785e-19,9.0762e-14,4.8741e-08,3.2152e-09,5.2226e-11,1.1284e-06,0.0026639,0.1146,2.593e-10,2.9626e-06,1.8549e-21,1.9157e-13,4.3855e-08,1.1285e-14,0.022649,1.2304e-08,3.0929e-05,2.9215e-05,3.1181e-10,6.9276e-07,4.493e-16,5.4084e-15,2.6316e-12,1.6029e-11,8.4823e-23,1.3844e-20,7.4893e-14,1.7809e-12,7.8883e-18,9.6402e-11,6.4123e-11,4.8851e-15,3.8298e-12,1.2866e-17,2.4374e-18,1.4607e-07,3.009e-13,1.1489e-06,1.1013e-10,5.8897e-05,0.00013401,0.11339,5.2995e-07,4.5345e-05,2.0824e-18,6.1434e-15,2.5048e-30,1.3519e-10,2.849e-07,1.6485e-10,7.8598e-18,9.2987e-15,5.6462e-16,2.0234e-15,9.8525e-26,6.1794e-12,0.0037497,3.6471e-07,6.8301e-06,2.9785e-11,4.8988e-20,4.151e-10,2.9088e-26,1.7803e-18,3.8148e-10,2.4109e-15,9.0094e-12,1.4107e-13,2.7912e-20,1.6423e-26,2.1685e-10,2.7754e-17,0.0078132,0.088327,2.5749e-08,1.1887e-05,2.5234e-19,2.1636e-27,7.6519e-07,8.5529e-22,2.0456e-05,6.678e-21,2.3076e-10,1.0329e-10,0.03142,1.1169e-08,0.31984,0.018758,0.00023804,2.6526e-05,2.3216e-07,1.4843e-05,8.4048e-05,4.335e-05
5.9281e-25,2.0282e-27,2.8814e-11,1.908e-19,2.1008e-07,0.00012567,5.0645e-11,8.9483e-20,6.6382e-05,0.0028488,1.2757e-09,2.0579e-11,8.0422e-07,1.5506e-05,1.6746e-10,1.9024e-08,6.5192e-06,0.0025422,2.341e-37,0,0.00032603,6.7871e-06,1.6488e-07,1.1354e-13,8.3973e-07,6.3255e-11,1.2004e-09,0.0013387,0.004037,0.00087571,1.4198e-07,8.3294e-09,3.524e-28,4.5182e-25,1.7668e-08,7.1791e-19,0.0031118,7.5652e-11,5.9684e-07,8.1804e-08,5.2135e-08,3.5773e-13,1.6507e-12,1.8037e-12,1.3566e-11,1.1361e-10,1.175e-17,3.691e-18,6.6313e-08,2.6001e-09,5.1238e-14,5.8347e-08,1.9359e-07,4.6124e-10,8.129e-10,1.906e-17,1.1036e-16,2.1514e-12,1.4579e-14,2.6735e-11,1.1226e-08,3.1322e-08,0.0018086,0.013592,5.2728e-05,2.4474e-06,3.4273e-17,2.249e-19,9.1752e-44,1.0654e-19,4.1089e-09,4.1196e-09,1.4339e-18,2.7617e-19,6.9953e-12,1.2526e-21,1.6991e-23,2.435e-11,0.0020936,8.3656e-11,8.9354e-07,4.1242e-21,5.3782e-24,4.989e-17,1.4814e-23,2.686e-31,5.0729e-09,1.3975e-11,1.9595e-09,3.5178e-18,4.6829e-21,5.8384e-15,7.3776e-16,3.1218e-10,8.2976e-05,0.0012249,4.9463e-14,4.0392e-11,1.2084e-22,5.5224e-25,1.2693e-10,8.365e-12,1.2854e-06,1.837e-13,5.5717e-10,6.734e-11,0.00032409,2.8478e-13,0.011322,0.00037793,0.00078761,1.9582e-07,3.2889e-08,1.3467e-06,4.7192e-05,0.00048918
3.5749e-06,7.9066e-05,1.3859e-06,1.2431e-07,2.0063e-15,3.342e-26,0.00018557,0.0023118,0.013983,0.14379,5.5642e-05,0.00059734,0.014534,0.00081707,0.00013148,0.12037,0.0012886,0.0031152,2.2913e-06,0.00032603,0,5.463e-18,0.001279,0.2954,9.7712e-06,2.6812e-09,1.3317e-17,1.4008e-23,6.1711e-05,0.050058,0.00025171,0.23398,7.4272e-05,0.0078293,0.076603,0.1147,0.00083849,1.5708e-07,0.19324,0.0019653,0.10818,0.017891,8.8183e-11,3.0369e-11,3.7917e-13,1.9994e-09,1.1518e-08,4.3924e-10,7.9211e-14,9.231e-15,1.6143e-13,3.5306e-09,0.02368,0.0022285,0.049283,0.014658,0.0012552,0.022405,2.6136e-07,2.803e-08,0.027507,0.8741,0.25774,0.98421,0.11743,0.018096,6.5564e-07,7.4435e-08,0.015694,2.7507e-06,0.0079696,0.00097691,7.78e-08,0.00051063,0.00015471,0.0063975,1.5767e-08,4.9302e-10,2.4578e-05,0.00059514,1.098e-09,0.000104,0.15961,8.1808e-07,1.6681e-05,0.0049233,0.47286,5.0992e-09,0.00021438,8.1234e-05,4.3791e-05,0.0067484,0.00060032,0.0002397,0.83709,0.56663,0.011587,0.081909,8.6817e-05,0.0033885,0.12735,9.9556e-07,0.13957,0.011648,0.35804,0.61674,0.016132,0.17129,0.31686,2.7401e-06,0.00037653,0.045035,0.0022367,0.38433,0.87548,0.00062514
6.7895e-09,1.2818e-09,3.6873e-08,6.2059e-08,7.8674e-23,1.1013e-20,2.0321e-05,0.00031594,0.00019649,0.20383,0.00043998,0.0060463,0.2607,0.69126,0.011125,0.69056,0.0077662,0.037082,2.789e-08,6.7871e-06,5.463e-18,0,2.8383e-05,0.013458,9.2115e-05,2.0949e-11,2.5984e-13,2.8404e-24,0.12545,0.71673,0.0044291,0.15324,2.8516e-05,0.0011279,0.50501,0.0027122,0.13824,6.5959e-05,0.0397,0.012276,0.023605,0.1301,1.252e-10,4.4593e-09,4.6956e-08,2.6378e-06,5.2324e-11,3.076e-10,2.5279e-14,1.6467e-15,2.8122e-12,1.2494e-11,1.0638e-06,1.0101e-12,3.951e-06,2.1014e-07,1.4101e-08,2.0937e-06,1.31e-10,2.7855e-10,0.00090252,0.27037,0.35298,0.90466,0.087317,0.055456,2.5018e-12,9.85e-10,0.00034542,5.722e-08,0.029902,7.0248e-08,0.0003289,0.023232,0.02125,0.0031978,5.2779e-06,0.0036419,0.0074509,0.00058868,0.011552,0.0029142,0.003176,0.0093723,0.0012929,0.00084847,0.0010845,3.9743e-08,4.4452e-06,2.8483e-07,1.6465e-06,4.0368e-10,0.0014437,8.3672e-06,0.66128,0.35133,0.20874,0.3,1.894e-07,2.3958e-08,0.0025,0.00011418,0.0063458,2.2883e-07,5.1817e-05,0.0011813,0.35883,0.33449,0.79662,0.60816,0.23232,0.09329,0.00013848,0.0029484,0.10539,0.020854
1.4925e-12,4.036e-10,1.1926e-29,2.6751e-10,3.5442e-17,2.4661e-06,3.1574e-18,0.0030648,3.474e-16,0.0090506,9.822e-09,0.88085,2.3346e-09,0.56844,2.3637e-20,0.11456,0.012268,0.37036,5.8785e-19,1.6488e-07,0.001279,2.8383e-05,0,6.9633e-21,3.1304e-19,5.2971e-13,2.7267e-17,6.469e-09,0.75549,0.067487,6.1346e-10,3.8515e-05,3.6092e-07,0.036027,2.169e-09,5.3419e-07,0.049191,1.1226e-05,0.00089098,0.0080075,1.9093e-09,0.032493,1.7724e-17,3.9798e-15,5.9021e-06,5.3595e-05,2.0217e-19,2.3574e-17,1.7638e-15,1.9297e-08,4.6391e-15,4.7956e-09,7.0483e-11,1.4426e-17,2.0247e-17,2.3619e-14,1.8215e-12,0.0022679,4.597e-07,0.19016,1.0679e-09,0.50722,0.25461,0.057661,3.3031e-20,0.00033538,1.3727e-09,0.0055312,1.3948e-10,0.17826,1.1346e-05,3.6078e-11,6.527e-10,2.7552e-05,7.6829e-10,4.5151e-05,1.2364e-12,7.4564e-07,0.2701,0.0012282,0.38564,0.0012506,9.5942e-10,0.06079,1.87e-14,1.4549e-05,1.3492e-08,1.3345e-12,2.7555e-13,2.3291e-09,2.2421e-12,9.6289e-28,1.9129e-07,4.4301e-20,0.34159,0.89178,2.8802e-05,0.022019,1.8346e-14,5.9281e-20,0.014908,5.3817e-14,0.0020205,3.2571e-11,4.2111e-09,9.4636e-12,0.027264,0.0046245,0.34264,0.87378,9.4205e-05,4.5994e-06,0.00024229,1.9719e-06,1.7994e-07,0.0042274
6.701e-11,4.5429e-08,2.9209e-18,3.9406e-24,2.9786e-05,0.0022951,4.0845e-15,8.0601e-15,9.7229e-06,1.8285e-09,9.6529e-07,0.0021088,2.0097e-05,0.00075984,2.2194e-10,9.969e-10,0.028125,0.30747,9.0762e-14,1.1354e-13,0.2954,0.013458,6.9633e-21,0,1.079e-10,8.5886e-20,1.1983e-07,0.0068829,0.52875,0.85847,1.1643e-14,2.5334e-22,1.1262e-18,1.5523e-12,2.7108e-12,1.2968e-16,0.7691,0.012651,0.0018758,0.019402,1.3469e-11,0.0048112,7.5458e-13,9.9083e-13,1.6893e-05,1.2239e-06,4.1976e-13,5.8118e-15,6.7432e-07,0.00033451,2.2721e-11,0.00017019,2.9852e-06,8.1124e-10,4.8793e-13,1.3446e-10,1.9508e-07,0.011485,1.5272e-05,0.0040959,3.6441e-08,1.6019e-07,0.0054577,0.52996,9.3435e-20,8.6895e-16,5.1338e-13,2.1679e-09,8.4734e-13,2.7469e-05,3.5682e-06,1.7179e-08,3.4681e-09,1.6227e-06,7.0558e-06,0.00017772,4.8424e-16,1.583e-10,0.08864,0.0005171,0.091751,1.755e-08,3.1285e-13,8.7979e-05,1.5393e-14,1.4483e-19,1.7443e-05,1.2474e-18,1.2518e-09,2.1061e-17,1.1191e-19,2.8321e-20,4.837e-25,1.7694e-18,0.79174,0.89601,0.0001098,0.0066275,2.8192e-12,5.0186e-17,1.2777e-07,2.3948e-17,6.6947e-06,2.6459e-13,7.5737e-17,8.4555e-18,4.2776e-07,1.4141e-09,0.10147,0.42512,1.195e-08,2.4147e-05,2.3969e-05,2.6851e-10,1.4377e-12,3.9076e-06
2.3996e-09,7.5716e-08,1.322e-17,7.3055e-11,1.0755e-16,0.0001769,1.3388e-10,0.03222,4.4467e-09,0.65964,0.00055578,0.84733,0.010668,0.78074,3.3828e-09,0.3381,0.77035,0.60077,4.8741e-08,8.3973e-07,9.7712e-06,9.2115e-05,3.1304e-19,1.079e-10,0,4.8562e-23,1.9837e-23,1.1143e-07,0.027933,5.376e-05,6.5845e-06,0.092287,3.0631e-07,0.089644,1.9519e-11,5.0458e-09,1.8321e-08,6.7359e-10,6.4041e-10,1.4398e-08,4.2676e-07,2.1118e-06,7.6522e-28,1.8029e-24,1.656e-06,0.0074691,5.3002e-15,1.0208e-16,5.4959e-09,2.9717e-05,1.199e-18,4.496e-05,0.00030328,2.6954e-06,8.7706e-11,4.1253e-10,1.6685e-07,0.12136,1.341e-09,0.012368,5.7781e-06,0.76503,1.6597e-05,2.7679e-10,9.32e-33,5.914e-11,5.2522e-08,0.0013849,1.0116e-10,0.24873,1.1713e-05,1.0022e-08,2.763e-10,2.0619e-07,2.7902e-06,0.00026111,1.6284e-08,0.0003859,0.92277,0.12941,0.564,0.031373,0.078081,0.2216,2.0226e-13,1.8964e-06,1.0149e-06,8.2984e-12,4.1385e-19,1.2636e-11,0.00029197,8.117e-08,0.00017951,2.36e-09,0.0009917,0.0001642,2.3909e-09,9.1397e-07,0.00028301,6.1422e-08,0.39022,2.317e-07,0.65044,0.021778,0.0007033,4.1241e-09,0.10848,5.8981e-06,0.0081368,0.00037255,0.0017546,0.03005,0.24148,0.012176,1.0004e-07,7.1599e-06
7.1725e-09,1.0948e-11,2.5046e-15,1.3178e-21,1.4074e-18,6.1819e-18,4.2766e-08,9.6731e-09,0.0013406,0.045641,0.0065874,0.0030721,0.5206,0.15737,4.7971e-05,0.11398,0.50211,0.11939,3.2152e-09,6.3255e-11,2.6812e-09,2.0949e-11,5.2971e-13,8.5886e-20,4.8562e-23,0,1.6343e-20,1.6077e-17,0.62688,0.66676,9.9454e-12,2.1285e-09,6.397e-16,1.6159e-08,6.3404e-10,6.068e-14,0.02384,8.2355e-08,3.8518e-06,0.0001375,2.137e-06,0.0026346,3.2186e-20,1.7123e-20,4.6892e-10,6.3674e-09,7.9888e-16,3.3144e-17,1.2361e-10,2.659e-09,8.0778e-16,4.4119e-07,5.9956e-07,3.2281e-10,8.3337e-13,4.0235e-13,1.2474e-08,1.888e-05,1.1486e-08,1.0208e-07,4.5411e-05,0.0040447,0.56866,0.16297,2.4316e-14,3.9237e-12,1.1017e-12,4.9526e-10,5.4222e-11,0.00016802,5.6216e-05,1.767e-07,1.1261e-07,0.00019447,0.00083684,0.00068124,5.5523e-12,1.7433e-07,0.088349,5.4854e-05,0.13672,3.302e-07,9.0666e-06,0.014787,3.6625e-10,3.8562e-11,6.2035e-07,4.6212e-20,5.1199e-11,2.6917e-18,1.9359e-09,6.7937e-08,3.45e-14,6.3942e-08,0.50621,0.34006,0.0002601,0.001635,1.7385e-08,6.4113e-11,0.00058307,4.933e-09,0.00080995,2.8923e-05,2.6569e-11,6.4009e-14,5.9386e-05,3.0915e-06,0.94266,0.45295,0.0063795,0.0082395,7.8775e-06,4.095e-06,1.2926e-08,6.1056e-07
2.7083e-13,1.1771e-08,1.7917e-15,1.414e-11,3.6359e-32,7.0324e-16,9.1175e-12,0.0082788,4.6895e-09,0.10897,8.8333e-07,0.030027,0.00015822,0.38544,1.0189e-12,0.2677,0.25001,0.24037,5.2226e-11,1.2004e-09,1.3317e-17,2.5984e-13,2.7267e-17,1.1983e-07,1.9837e-23,1.6343e-20,0,1.2321e-30,0.6118,0.041607,0.00041804,0.18517,1.848e-06,0.010943,4.4426e-06,1.5185e-08,1.1728e-05,3.1367e-12,7.9142e-06,2.7635e-07,0.000293,1.2183e-06,3.287e-17,1.5197e-16,2.497e-05,0.0091411,1.8712e-12,4.1315e-13,3.3048e-08,4.8588e-07,4.3602e-14,1.3285e-06,2.7292e-05,5.2042e-09,4.1172e-08,1.8356e-10,3.166e-07,0.010516,3.8062e-12,1.6933e-05,4.342e-07,0.36439,0.47765,0.018717,6.7704e-12,3.1455e-06,1.167e-08,2.4146e-06,2.7319e-09,0.0066712,0.027944,9.4597e-06,2.1239e-08,0.0002448,1.0015e-05,8.3122e-06,3.8646e-08,9.6824e-05,0.2777,0.0096177,0.10606,2.6183e-05,5.7509e-05,1.4334e-05,4.8132e-15,3.5109e-11,1.3994e-09,1.4077e-23,1.5267e-13,8.0396e-14,8.127e-07,9.8566e-10,3.6003e-05,5.3333e-09,0.0078229,0.014772,3.0869e-05,4.646e-06,4.4457e-07,7.1457e-08,0.33632,2.7655e-08,0.19955,0.0022822,0.00013046,1.6743e-06,0.18595,0.00043993,0.0026578,8.835e-05,0.46184,0.096637,0.04636,0.038062,0.00050249,0.016567
1.5494e-06,1.4361e-05,5.5374e-07,6.9457e-06,4.192e-30,1.2343e-33,7.4232e-05,0.12441,1.8247e-05,0.020594,0.00068998,0.09139,0.16869,0.91697,2.7093e-06,0.6674,0.045097,0.075502,1.1284e-06,0.0013387,1.4008e-23,2.8404e-24,6.469e-09,0.0068829,1.1143e-07,1.6077e-17,1.2321e-30,0,0.3229,0.3872,0.026546,0.58114,0.010584,0.26523,0.1008,0.0090985,0.034566,2.4597e-06,0.068986,0.0060385,0.046518,0.047501,6.9279e-09,3.5331e-09,0.0002666,0.0037534,1.3012e-07,9.6037e-08,1.9662e-08,2.2523e-08,3.1778e-07,3.3501e-06,0.0013646,1.0387e-07,0.00048765,2.4458e-05,0.00017072,0.016822,3.4279e-06,4.9763e-05,0.0026017,0.7432,0.77531,0.46198,0.0033529,0.039071,0.00019156,0.0015501,0.001338,0.0054424,0.91031,0.011895,0.0015585,0.4009,0.018877,0.030877,0.00021868,0.0021256,0.030994,0.017867,0.0050232,0.0018031,0.0055109,0.00064253,2.532e-05,0.00032953,5.1388e-05,5.0937e-15,1.0997e-05,4.2576e-07,0.00034236,3.1032e-06,0.0021517,6.9346e-05,0.85689,0.89949,0.31472,0.098403,8.889e-05,0.00012551,0.65643,1.8321e-05,0.20184,0.0024579,0.0089566,0.016555,0.98168,0.53795,0.4588,0.0086714,0.37733,0.55344,0.02701,0.05133,0.019398,0.043759
0.021585,0.022463,0.72831,0.042285,0.087732,0.015343,0.21359,3.3179e-06,0.27174,0.00035744,5.0247e-06,3.4644e-17,0.00029284,1.3509e-18,0.11305,1.5727e-12,2.488e-40,4.7709e-26,0.0026639,0.004037,6.1711e-05,0.12545,0.75549,0.52875,0.027933,0.62688,0.6118,0.3229,0,6.6559e-45,1.7392e-05,4.7271e-07,1.6837e-05,5.4754e-08,0.71979,0.35642,0.091081,0.17847,1.62e-08,0.0011689,0.36685,0.12476,0.32849,0.4243,0.00016965,2.2604e-08,0.29086,0.13644,0.025669,0.0008886,0.060516,0.0048722,0.83867,0.80125,0.10622,0.0077478,0.32083,0.0037483,0.65678,0.13654,0.55945,0.21295,2.817e-17,1.7584e-15,0.069089,0.84948,0.027097,0.00076772,0.67979,3.0152e-10,0.35554,0.48077,0.00020653,0.0050624,0.012909,0.63307,6.57e-07,8.0312e-17,4.7465e-38,1.541e-17,6.363e-38,2.1857e-17,4.8386e-05,2.7144e-11,0.0052997,0.049759,9.3234e-09,0.66651,0.0071611,0.90917,0.00019941,0.2594,0.00013448,5.4846e-05,3.3918e-10,1.1117e-08,0.085976,0.0072944,3.2476e-05,0.040042,1.5185e-05,0.0029054,4.6332e-05,0.00085378,0.37958,0.00039999,0.0088027,0.014033,2.8903e-07,0.90096,1.9363e-13,0.00092057,0.038764,0.10213,0.0025691,0.66691
0.63032,0.062225,0.074349,0.27353,0.00085566,0.087736,0.25867,2.8654e-07,0.00032441,0.010083,0.071064,6.1744e-18,0.31098,1.7995e-16,0.53717,4.5137e-14,5.0166e-24,7.4205e-27,0.1146,0.00087571,0.050058,0.71673,0.067487,0.85847,5.376e-05,0.66676,0.041607,0.3872,6.6559e-45,0,0.00013747,2.4051e-09,8.4987e-06,2.9574e-13,0.88612,0.11535,0.0067107,0.049254,1.2976e-07,0.00043362,0.82314,0.062333,0.0040767,0.016441,0.00058015,1.2173e-07,0.82847,0.64178,0.32731,0.0081443,0.9918,0.027806,0.92334,0.50858,0.023853,0.013701,0.9483,0.00035018,0.21137,0.028997,0.014,0.013822,2.8472e-16,1.0953e-22,3.9913e-05,0.20728,0.24805,0.00073271,0.91094,3.8842e-11,0.24438,0.96232,0.0033017,0.014952,0.35026,0.6453,0.00016597,3.3441e-10,4.0593e-25,4.4223e-18,1.2028e-26,8.0611e-18,0.00013733,1.7414e-09,0.30333,0.10498,2.7017e-07,0.639,5.7547e-06,0.71919,0.007073,0.4122,0.00057621,0.14239,2.4039e-07,2.2966e-06,0.078448,0.022232,0.00082017,0.21981,3.5327e-05,0.29241,0.00016517,0.040223,0.38328,0.00056362,0.25026,0.033381,1.3339e-05,0.43482,6.1809e-06,0.001937,0.024781,0.33094,0.00025046,0.3642
1.5637e-10,1.5191e-10,2.0469e-21,1.3192e-22,0.0018004,1.6295e-05,1.2388e-09,4.8868e-16,0.56782,0.49623,4.7199e-05,6.5651e-05,0.17099,6.0769e-05,0.17555,0.01942,1.7493e-05,0.00036868,2.593e-10,1.4198e-07,0.00025171,0.0044291,6.1346e-10,1.1643e-14,6.5845e-06,9.9454e-12,0.00041804,0.026546,1.7392e-05,0.00013747,0,1.4257e-38,5.2845e-31,1.5872e-17,2.2204e-08,1.2577e-13,0.72009,0.027107,0.054001,0.65015,5.3682e-09,0.86224,2.7343e-10,3.1752e-10,1.4895e-11,1.9427e-15,2.2933e-12,4.9149e-15,1.3381e-07,7.6038e-08,7.3461e-11,5.6644e-05,1.3939e-06,3.4699e-06,1.1543e-08,0.00020229,7.6072e-09,1.5856e-07,0.0022697,0.0013516,0.00125,0.0011665,0.00082787,0.024971,2.6206e-07,2.1014e-11,1.3778e-15,4.7018e-13,7.4766e-06,8.4116e-08,4.7589e-07,6.7997e-08,3.2631e-08,1.9717e-05,0.00017615,0.070146,7.0409e-14,4.2308e-13,5.4654e-06,4.2803e-09,0.00036865,2.1452e-09,8.2441e-08,0.051419,7.1718e-06,1.3921e-06,0.13779,8.6625e-06,0.00013229,2.6894e-08,3.4151e-10,6.762e-08,1.4725e-12,1.9121e-12,0.042889,0.0045755,0.17681,0.49817,1.3618e-08,5.8979e-10,3.1118e-07,4.0178e-11,1.3675e-06,4.5804e-09,1.8656e-11,1.7437e-06,6.3367e-05,0.0015145,7.3092e-05,0.058156,3.4899e-08,0.00089596,9.7181e-05,1.0732e-07,4.1148e-07,8.3573e-06
7.4473e-07,2.797e-07,1.9906e-09,1.1428e-20,0.36808,0.00080725,1.5295e-06,1.4742e-25,0.33776,1.854e-05,0.0037452,4.1762e-08,0.21515,4.6997e-09,0.38522,1.5683e-09,3.1257e-06,2.0996e-05,2.9626e-06,8.3294e-09,0.23398,0.15324,3.8515e-05,2.5334e-22,0.092287,2.1285e-09,0.18517,0.58114,4.7271e-07,2.4051e-09,1.4257e-38,0,1.0739e-28,2.0262e-29,1.3177e-07,3.5022e-13,0.11345,0.40207,0.74602,0.93444,4.3387e-07,0.96347,1.4715e-05,4.2399e-06,5.4943e-10,1.2084e-15,8.4187e-09,2.753e-10,0.00016188,3.5685e-05,9.9591e-07,0.0010853,3.0491e-05,0.00024142,1.1486e-06,0.0029328,8.7754e-06,7.9028e-06,0.028905,0.00014475,0.0035836,6.0649e-10,1.5504e-07,5.9051e-07,0.00016233,3.709e-11,3.1791e-11,6.762e-14,6.6199e-05,4.1372e-09,1.7281e-05,0.00046483,7.6224e-07,2.0847e-05,0.0026374,0.12069,6.653e-13,6.6495e-14,1.0836e-07,1.2977e-09,1.5784e-06,2.4624e-14,1.7278e-09,0.00033975,3.2241e-06,1.8894e-12,0.68326,2.2054e-06,0.01463,1.4055e-09,1.3181e-14,1.4626e-06,6.9731e-23,5.0546e-10,0.0033253,0.0014864,0.26435,0.93384,2.1236e-11,1.7251e-09,2.5741e-12,3.4999e-09,2.4466e-09,4.4174e-09,1.1907e-13,4.6534e-07,7.3508e-07,0.00023149,2.0455e-05,0.034372,3.6019e-09,5.793e-06,5.8708e-06,1.914e-09,9.6278e-06,7.0678e-05
1.3765e-20,2.6115e-22,8.0373e-19,3.4602e-35,3.2498e-05,2.1315e-06,5.7831e-14,5.1837e-34,0.3175,0.095891,3.6561e-09,1.8765e-16,0.0033477,1.2842e-10,0.0039544,3.397e-05,2.0016e-07,1.577e-06,1.8549e-21,3.524e-28,7.4272e-05,2.8516e-05,3.6092e-07,1.1262e-18,3.0631e-07,6.397e-16,1.848e-06,0.010584,1.6837e-05,8.4987e-06,5.2845e-31,1.0739e-28,0,8.736e-52,3.9586e-15,6.4257e-29,0.53788,0.00034305,0.0011538,0.0073072,2.0415e-10,0.001554,7.8453e-15,6.9914e-16,1.5399e-19,2.6876e-23,2.887e-17,2.1813e-23,2.2814e-07,6.0654e-12,4.3131e-17,1.7912e-07,1.2048e-08,9.5757e-09,2.3994e-10,4.1046e-10,9.4955e-15,2.1167e-13,1.5657e-11,7.7565e-12,6.2474e-08,3.9407e-10,1.4035e-06,0.00012472,6.2938e-09,1.457e-18,2.277e-29,4.8463e-34,1.339e-17,2.2526e-17,2.5157e-09,3.134e-09,4.8905e-14,1.3619e-11,2.2614e-07,3.1342e-06,1.2807e-28,1.755e-19,2.0602e-07,6.6625e-16,7.0032e-07,8.8645e-23,5.4449e-14,2.2194e-07,3.9365e-18,4.4173e-25,0.00059516,2.8122e-11,8.2552e-08,2.2745e-21,8.3815e-19,1.0533e-10,1.212e-21,1.7131e-17,0.90163,0.63358,0.00024829,0.012082,6.9892e-15,4.4843e-17,1.7238e-12,3.0015e-16,3.9397e-08,1.2879e-13,6.3574e-19,2.1277e-12,2.3375e-07,8.0415e-08,0.097612,0.89297,1.1928e-06,1.6828e-05,1.3569e-07,7.0303e-09,9.4096e-07,9.6422e-07
4.0488e-12,8.9087e-16,3.7317e-07,7.9538e-25,0.046835,2.3291e-05,3.534e-07,6.2317e-45,0.44824,0.0011254,5.5975e-07,5.8814e-23,0.016355,5.8355e-14,0.21106,3.1804e-10,1.7261e-08,1.9518e-07,1.9157e-13,4.5182e-25,0.0078293,0.0011279,0.036027,1.5523e-12,0.089644,1.6159e-08,0.010943,0.26523,5.4754e-08,2.9574e-13,1.5872e-17,2.0262e-29,8.736e-52,0,2.4161e-08,2.9069e-20,0.39434,0.031146,0.13638,0.10294,6.5836e-06,0.011341,5.4596e-06,2.9559e-07,1.548e-13,2.5386e-20,7.3708e-10,8.8445e-14,0.0013465,7.7178e-09,2.9165e-08,1.6228e-05,1.2586e-06,3.0629e-05,1.449e-05,4.5699e-06,4.7101e-09,2.1215e-11,5.23e-07,5.0729e-15,7.1002e-05,1.1207e-19,8.4714e-11,7.9231e-12,0.032365,2.8635e-11,1.0189e-15,1.7956e-29,3.4532e-11,1.1106e-15,9.2897e-08,7.5853e-05,3.3913e-10,2.7245e-10,6.9171e-05,6.8998e-06,7.2157e-20,8.1375e-16,3.544e-08,7.1907e-16,1.2015e-09,3.8137e-23,1.1787e-11,1.5104e-08,1.2903e-11,1.2158e-24,0.02865,1.0005e-07,0.0013978,2.0902e-16,6.8608e-16,3.4965e-05,9.2439e-23,3.9017e-08,0.70391,0.66946,0.0042175,0.015937,1.6946e-12,2.2932e-10,9.354e-16,5.5998e-09,7.1122e-09,6.2937e-10,5.8864e-14,9.3196e-08,4.2676e-07,8.9008e-08,0.13714,0.91928,0.00022777,4.1821e-05,3.1681e-08,3.1435e-05,0.0049505,1.2789e-05
