0,6.0367e-19,1.0948e-09,0.058477,0.077172,0.36614,4.7072e-18,0.022948,0.003307,0.15158,3.2498e-12,0.00040198,1.3536e-18,6.7015e-05,3.5807e-09,0.0021392,0.02428,0.036677,3.9393e-15,6.6072e-08,0.71223,0.73218,6.9897e-07,0.10902,0.43604,0.59443,0.61729,0.94704,0.00023794,0.58333,0.58,0.25503,0.00053258,0.085574,0.21842,0.0022369,0.38654,0.70507,0.33986,0.82624,0.23363,0.0012011,0.5115,0.37488,0.28885,0.8298,0.55085,0.52961,0.022229,0.0021904,0.0045174,0.00021737,2.6177e-05,1.0382e-07,0.0052075,0.0051674,9.4528e-21,3.3005e-18,2.5162e-23,9.9325e-08,6.4882e-19,0.11293,4.3836e-08,0.1302,0.093718,0.2652,0.0037433,0.51939,1.2412e-12,0.001356,0.038158,0.22856,0.21386,0.79205,0.18255,0.085012,0.37986,0.12275,0.70853,0.41315,0.8498,0.8553,1.2725e-08,0.77852,0.05951,0.68296,0.34473,0.10957,1.586e-08,1.096e-05,2.1268e-05,6.8691e-08,7.9442e-06,1.6887e-13,0.079437,0.0057082,0.95088,0.062036,0.00019264,1.409e-08,3.1608e-07,9.0421e-12,3.7332e-07,1.5917e-12,0.00083357,3.7378e-07,9.0595e-08,1.2575e-11,0.14587,0.4258,0.23469,0.075138,0.00051148,0.01606,2.8984e-06,0.089297
6.0367e-19,0,0.012064,0.63987,0.058021,0.00020208,6.7607e-12,0.011672,0.73212,0.28234,5.2338e-05,0.0074468,3.4095e-12,1.1722e-11,8.6316e-07,1.1444e-08,0.0013395,1.6536e-11,1.6936e-11,7.7364e-16,0.050714,0.72084,1.9707e-05,0.38664,0.89569,0.033628,0.034875,0.52372,6.653e-06,0.00064651,0.739,0.029473,0.00070127,0.06321,0.012781,0.0010808,7.0068e-08,0.00058548,0.49117,0.4942,0.044172,0.78059,0.35068,0.17616,0.60074,0.79829,0.95146,0.39274,0.30541,0.31684,0.2786,0.037779,2.2529e-07,7.3217e-14,6.8106e-05,1.7472e-05,1.7133e-12,1.788e-34,1.1641e-07,7.6387e-06,0.025916,0.87645,0.00019411,0.07947,0.49306,0.0049513,0.089715,0.82943,1.2689e-06,0.0006568,8.631e-07,0.0004888,0.065491,0.2616,0.15092,0.4383,5.1682e-06,3.0178e-07,0.23712,0.12384,0.021946,0.11591,3.5202e-09,0.22415,0.022765,0.036102,0.052179,0.12699,1.7299e-14,2.0301e-15,0.00029607,2.9563e-05,5.1056e-10,2.7474e-17,0.018991,0.00040149,0.16569,0.14897,0.00025889,8.0682e-08,9.3152e-08,3.8541e-20,6.2486e-05,1.0003e-16,0.013163,1.5015e-06,3.4008e-19,6.1522e-05,0.68023,0.67037,0.015475,0.16986,0.0010856,0.16955,0.0056038,0.31085
1.0948e-09,0.012064,0,4.5439e-17,6.6711e-12,0.0040917,5.5442e-34,2.8185e-10,7.235e-07,0.0076782,0.083562,0.81915,0.029789,0.45664,2.8752e-05,0.00038742,0.54881,0.0010288,1.3499e-05,0.092436,0.021381,4.2903e-07,7.891e-16,1.5146e-07,5.9424e-14,4.3491e-05,2.7397e-08,1.8261e-06,0.99093,0.35377,1.5979e-13,2.5654e-08,2.5222e-06,3.9057e-06,2.7782e-07,0.017694,0.80436,0.00014361,2.2297e-11,1.1085e-08,0.69248,0.068246,4.8278e-13,6.112e-12,9.7541e-07,5.7384e-07,2.8199e-09,6.8899e-10,7.4286e-08,2.5127e-06,4.249e-14,2.4061e-13,1.4667e-05,4.3268e-05,2.1475e-07,9.1975e-09,2.3839e-06,0.00016559,3.7724e-05,0.0083174,5.9413e-06,0.10838,0.0019179,0.024281,1.0305e-10,9.7005e-07,9.8371e-16,2.7996e-07,8.6379e-09,0.00034793,2.86e-06,5.621e-07,5.0627e-08,0.003535,4.1467e-09,2.7803e-06,6.2634e-05,4.1026e-05,0.069286,0.24811,0.13115,0.038469,0.00032509,0.19365,1.187e-08,1.9793e-08,0.85631,0.058604,2.4072e-05,2.7346e-06,7.0508e-08,1.1001e-09,0.0050807,3.2554e-05,0.0068584,0.87237,2.3837e-07,1.8722e-08,2.3923e-05,7.3601e-08,0.00011874,0.0030213,1.4578e-09,5.4632e-06,4.8956e-06,8.4312e-07,0.0061575,1.5554e-09,0.039703,0.00039685,1.6653e-05,9.0741e-05,0.00015062,8.5123e-05,1.2583e-05,0.93713
0.058477,0.63987,4.5439e-17,0,3.1617e-05,1.4405e-12,2.0419e-11,1.2519e-39,0.00029738,4.9229e-11,0.67328,7.1374e-06,0.76618,0.17887,0.37492,1.8149e-05,0.65256,0.054617,0.0022255,9.8585e-05,0.016644,1.9967e-08,3.0517e-10,5.4776e-29,6.1118e-14,2.4081e-17,2.3544e-07,1.414e-11,0.35692,0.50567,5.6429e-15,1.662e-26,1.9382e-06,1.4757e-14,1.5112e-11,2.2014e-18,0.50972,0.00020364,4.0674e-06,2.8217e-08,0.91747,0.0080045,8.2673e-14,6.3174e-12,1.106e-13,4.661e-17,1.4589e-08,7.4186e-10,0.00011436,0.0018617,0.00030116,3.789e-05,0.15218,0.18633,0.013003,0.0047823,0.016391,0.0090417,0.079898,4.0728e-08,0.075846,1.1961e-13,0.96805,3.0073e-10,6.0617e-10,1.2975e-25,3.726e-18,3.0875e-23,2.7585e-07,8.1119e-08,3.6818e-06,6.5166e-06,8.8229e-07,1.6913e-05,1.9839e-06,0.000134,1.0072e-06,2.3039e-08,0.025214,0.17512,0.024644,0.00035165,0.80194,7.5497e-05,1.0482e-06,2.2561e-13,0.52257,4.7255e-09,0.10773,0.0022909,1.1513e-10,0.001018,0.00018378,0.55235,0.16247,0.67111,2.2762e-08,5.4431e-05,0.03779,0.10172,2.3506e-07,0.75634,9.1671e-10,0.34939,2.3819e-08,0.010868,0.46897,2.938e-05,0.14037,0.0083836,0.004214,0.14183,0.047104,0.012263,0.01297,0.43226
0.077172,0.058021,6.6711e-12,3.1617e-05,0,0.000126,1.9505e-07,0.0012774,1.8444e-09,0.10786,0.5698,0.35441,0.22249,0.62294,3.2135e-06,0.023865,0.71923,0.08936,0.022304,0.26933,2.3816e-06,8.4833e-08,1.5984e-06,0.0022256,2.8134e-22,6.8238e-07,1.2021e-15,1.799e-10,0.27179,0.041005,1.3277e-08,2.0925e-05,0.0023434,0.0022204,0.00016696,0.017368,0.65892,0.048245,0.000259,0.011286,0.17042,0.74489,1.9965e-09,9.7519e-11,3.3835e-06,2.2211e-05,0.00024884,4.8789e-06,2.9258e-06,8.2086e-05,1.0862e-07,1.6168e-08,0.0034271,0.0016861,0.00017947,0.00029586,0.0061787,0.012907,0.37009,0.39479,0.23512,0.99248,0.1784,0.76067,1.1515e-07,0.0006084,1.259e-07,0.00026743,0.0010074,0.044617,0.001436,3.1817e-05,0.013264,0.40792,0.0038531,0.017605,0.056788,0.14315,0.034791,0.097863,0.27587,0.11296,0.18665,0.45923,2.4011e-06,6.3855e-05,0.56895,0.37732,0.021776,0.010879,0.068517,0.041474,0.36422,0.2445,0.1648,0.54394,0.00042917,0.0025287,0.004788,0.0085054,0.015045,0.26504,0.0013333,0.0082304,0.002307,0.00048784,0.17286,0.0029213,0.016075,0.42076,0.00093159,0.014435,0.024432,0.010826,0.018472,0.043832
0.36614,0.00020208,0.0040917,1.4405e-12,0.000126,0,4.4168e-06,1.1753e-19,0.018087,4.573e-10,0.4416,7.3932e-05,0.33424,5.5074e-05,0.064596,1.4971e-05,0.29535,0.081002,0.021059,2.0406e-05,1.1531e-05,4.0197e-05,5.2111e-05,2.5712e-10,9.735e-07,2.371e-20,0.3019,2.5507e-05,0.58601,0.28077,0.027282,0.0018706,0.097819,0.00075024,0.13485,0.0019418,0.0023157,0.069822,0.84802,0.18862,7.778e-05,0.10191,0.00043783,0.00022394,0.0017948,0.0026227,0.1426,0.0059766,0.45149,0.43055,0.28865,0.78379,0.059297,0.00010763,0.007804,0.046739,0.8603,0.00054789,0.55871,7.6984e-07,0.12798,6.1213e-06,0.10017,2.401e-05,0.10333,0.000609,0.00060359,6.1404e-06,0.064547,9.4665e-06,0.12354,0.13061,0.0048416,0.010364,0.027744,0.0039425,0.00073948,0.01485,0.50625,0.0070791,0.54511,0.7892,0.86912,0.30376,0.46485,0.0013841,0.43262,0.067969,0.00029667,1.1883e-06,2.7661e-11,0.00051045,4.6494e-13,2.0891e-06,0.036031,0.01339,0.28166,0.94683,0.12401,0.075685,7.9695e-09,4.055e-07,0.0074845,0.00020816,2.5334e-07,6.7715e-05,9.6722e-07,0.058786,0.11031,0.97244,0.5332,0.1324,0.012548,0.063997,0.054786,0.63983
4.7072e-18,6.7607e-12,5.5442e-34,2.0419e-11,1.9505e-07,4.4168e-06,0,3.4298e-15,1.0055e-07,5.4282e-05,3.9549e-06,0.0084885,1.8055e-10,0.0096636,2.8074e-10,1.3721e-09,0.54125,0.93804,2.7908e-08,4.1861e-06,0.082554,9.4842e-05,1.2948e-18,7.1823e-06,2.5151e-06,1.5525e-05,0.0086151,0.00017645,0.018429,0.44846,4.8346e-05,0.012557,0.00028647,0.00020238,0.077187,0.68657,0.00279,0.9034,0.010196,0.034163,0.04461,0.98056,2.9358e-06,2.2575e-06,0.0026874,0.0026949,0.00043617,3.2757e-05,0.0023672,0.013253,1.8788e-07,1.5749e-07,7.6856e-09,6.9165e-10,1.5414e-07,7.228e-08,2.694e-06,7.2131e-10,9.3201e-09,4.3466e-06,5.7868e-08,0.024092,0.00046479,0.00022851,7.2491e-07,0.055793,1.5869e-09,0.0018192,1.7937e-10,3.4434e-06,0.44311,0.080585,0.045342,0.68825,0.0081642,0.010691,0.68357,0.74795,0.19547,0.56641,0.19487,0.2561,2.9266e-07,0.036623,7.6204e-05,1.5957e-05,0.054648,0.6912,5.5624e-16,2.2425e-13,1.9922e-10,2.5542e-13,3.2136e-09,2.8082e-16,0.057746,0.2883,0.16322,0.0041817,0.00036749,1.2345e-07,2.9079e-11,2.1595e-12,8.4899e-10,3.7359e-12,5.846e-06,1.9868e-09,3.5353e-10,1.9074e-10,0.027866,0.22895,0.17051,0.0076671,0.00011142,0.026556,0.00021405,0.8106
0.022948,0.011672,2.8185e-10,1.2519e-39,0.0012774,1.1753e-19,3.4298e-15,0,0.0011655,5.0571e-17,0.61232,3.1296e-13,0.28604,3.9909e-05,0.52885,3.4825e-05,0.47243,0.65041,0.09744,4.6169e-05,0.011444,5.8268e-06,4.2264e-08,4.8392e-22,4.843e-06,5.4228e-19,0.074839,3.629e-07,0.35201,0.28422,4.0901e-06,4.1903e-13,0.0010046,7.0142e-11,2.7595e-05,2.6123e-10,0.0049099,0.78143,0.025372,5.892e-05,0.0037497,0.9777,6.7371e-12,1.2244e-12,1.0394e-10,6.4201e-12,1.5622e-05,8.4351e-09,0.0039983,0.0032974,0.010895,0.00022682,0.016944,0.00073294,0.0011448,0.00064976,0.16741,0.00027274,0.0050201,3.6494e-16,0.075341,7.0074e-23,0.32507,1.5107e-13,1.0292e-05,1.3416e-16,2.4529e-12,2.4493e-17,0.00064454,7.0263e-10,0.054151,0.10401,0.17044,0.18896,0.12311,0.3749,0.61743,0.132,0.087508,0.57187,0.31225,0.12337,0.58299,0.018904,0.0037802,2.4048e-09,0.12795,0.00099287,3.6838e-05,4.4232e-09,6.5413e-17,3.0706e-05,1.4994e-13,0.00053518,0.1012,0.36077,0.00038449,0.0034924,0.075172,0.025104,6.7748e-16,0.00019831,1.6027e-08,0.0017246,5.2541e-10,3.0473e-05,0.00034403,2.3947e-05,0.093179,0.24028,0.17621,0.1484,0.0062067,0.0188,0.011731,0.78689
0.003307,0.73212,7.235e-07,0.00029738,1.8444e-09,0.018087,1.0055e-07,0.0011655,0,1.7359e-13,0.0015481,0.0064409,8.2029e-07,0.5026,7.4493e-15,0.0002378,0.010487,0.038289,0.71102,0.21479,0.23671,0.00013099,2.8221e-09,2.7634e-07,1.4998e-08,0.00018587,1.0229e-09,1.9292e-07,0.67889,0.17905,0.077386,0.030523,0.017665,0.076084,0.00010204,0.13839,0.24714,0.60334,0.10388,0.62334,0.84432,0.2073,0.0047659,0.0017462,0.055815,0.35961,0.01501,0.17004,2.5059e-05,0.00014724,0.00033124,0.0010189,0.076501,0.12663,0.1981,0.15797,0.0025726,0.25218,0.85014,0.36542,0.00035264,0.030007,0.12366,0.29209,1.7938e-12,6.8514e-05,0.57825,0.90389,0.00083088,0.54149,3.9466e-06,0.00071322,0.0017431,0.56421,0.0033199,0.015201,0.012448,0.0088448,0.00068903,0.041224,0.0047044,0.046414,0.0022174,0.1128,0.00051508,0.085452,0.92827,0.70885,0.26693,0.50001,0.15687,0.30607,0.18284,0.52597,0.043044,0.021979,0.92895,0.85565,0.58009,0.46637,0.25563,0.66348,0.23395,0.54327,0.56925,0.92642,0.84919,0.36408,0.0026882,0.95379,0.081836,0.17845,0.50346,0.60131,0.12047,0.72677
0.15158,0.28234,0.0076782,4.9229e-11,0.10786,4.573e-10,5.4282e-05,5.0571e-17,1.7359e-13,0,0.72281,4.9236e-11,0.082751,0.0017689,0.00078659,4.1275e-06,0.21926,0.27736,0.59191,0.63259,0.032546,0.00015123,1.6883e-07,3.0505e-18,0.00040843,5.7627e-08,0.038792,4.467e-07,0.1612,0.83161,0.1445,0.00010139,0.53237,0.014645,0.013213,0.0016672,0.15552,0.37335,0.11018,0.17421,0.015488,0.86427,4.3292e-05,1.0125e-05,0.00169,0.030803,0.00013329,0.0013488,0.0016997,0.00022596,0.12234,0.016616,0.0021581,0.00030616,0.0015838,0.0025891,0.20108,0.012176,0.23109,0.016852,0.6365,2.1249e-10,0.079382,0.0038104,6.2433e-05,4.9987e-09,0.78928,0.11133,0.064429,0.06524,0.11053,0.2219,0.13559,0.41309,0.12676,0.66925,0.84685,0.29897,0.0022796,0.11287,0.011839,0.30051,0.82548,0.14226,0.047584,0.0099617,0.10668,0.22131,3.7572e-05,1.2861e-05,6.7619e-09,0.0066571,3.6928e-10,0.040698,0.84344,0.38811,0.15212,0.19148,0.14702,0.091149,0.00010812,0.10864,0.032293,0.38894,0.00026952,0.042344,0.041392,0.021626,0.00049012,0.52192,0.059543,0.021512,0.00092552,0.0031163,0.0047869,0.05154
3.2498e-12,5.2338e-05,0.083562,0.67328,0.5698,0.4416,3.9549e-06,0.61232,0.0015481,0.72281,0,4.5922e-09,7.536e-33,6.313e-12,2.6832e-13,3.4798e-06,0.00042809,2.379e-06,1.4226e-17,1.1507e-06,0.00834,0.0010411,1.3508e-07,0.030499,0.41297,0.88481,0.0091437,0.026473,5.3236e-11,0.0014853,0.41574,0.79409,3.2942e-06,0.0068162,0.69332,0.08289,0.92829,0.026326,0.0038061,0.00011905,0.15421,0.16446,0.044156,0.04654,0.1644,0.46103,0.038231,0.0072333,0.30499,0.28367,0.23515,0.3217,0.44803,0.96427,0.13036,0.1385,3.297e-05,0.00034912,9.2534e-06,0.014032,2.1717e-10,0.0024884,5.6696e-08,6.3788e-05,4.5257e-05,0.16145,0.52105,0.66965,4.2078e-05,0.33972,0.0041218,0.0018289,0.78481,0.25361,0.49479,0.21186,0.072584,0.01019,0.90262,0.0029751,0.99025,0.66624,7.2761e-10,0.014783,0.37649,0.32688,0.0029517,0.44558,0.34708,0.96879,0.53145,0.1097,0.22083,0.0015389,0.89156,0.53342,0.020909,0.090234,0.75762,0.29862,0.022712,0.035368,0.13709,0.09348,0.30838,0.065507,0.2555,0.98926,0.60019,0.044628,0.00075919,0.40615,0.66219,0.055664,0.28565,0.28049
0.00040198,0.0074468,0.81915,7.1374e-06,0.35441,7.3932e-05,0.0084885,3.1296e-13,0.0064409,4.9236e-11,4.5922e-09,0,7.6623e-08,1.2694e-26,0.070662,1.0689e-05,0.00070287,1.2138e-05,0.0034726,0.00063239,0.16328,0.069893,9.9449e-05,5.5109e-11,0.18535,0.00066259,0.00093119,0.3111,0.019255,3.1607e-05,0.95321,0.0033207,0.00084128,3.0869e-06,0.025299,0.00024652,0.014542,0.077933,0.13775,0.79891,0.45183,0.088396,0.57581,0.17578,0.11107,0.033298,0.71644,0.62696,0.69075,0.52097,0.1468,0.88945,0.52559,0.36224,0.5734,0.82649,0.070612,0.0058353,0.0090866,2.8781e-07,0.002039,1.0232e-20,0.67031,3.7404e-13,0.0012044,7.1828e-05,0.45745,0.0085221,0.30463,0.044579,0.084063,0.0033251,0.90144,0.36894,0.43887,0.20524,0.09228,0.23793,0.032048,0.31248,0.29122,0.077492,0.6589,0.011773,0.4449,0.075284,0.69032,0.0022856,0.19627,0.012128,0.0021603,0.64894,1.3403e-06,0.064864,0.72263,0.27498,0.96959,0.99429,0.81651,0.46281,1.1626e-05,0.11376,0.33072,0.38704,0.00097365,0.0099652,0.25456,0.49885,0.75855,0.26123,0.050807,0.5405,0.4035,0.45247,0.055495,0.14611
1.3536e-18,3.4095e-12,0.029789,0.76618,0.22249,0.33424,1.8055e-10,0.28604,8.2029e-07,0.082751,7.536e-33,7.6623e-08,0,4.0901e-16,1.0237e-22,5.412e-08,1.1097e-08,4.5695e-07,2.4805e-10,2.7498e-06,0.18825,0.13342,6.425e-08,0.14434,0.43651,0.37469,0.015255,0.098852,4.2353e-15,0.0020617,0.34936,0.026927,1.3969e-06,0.0028236,0.51274,0.00075996,0.1215,0.00024049,0.0054177,5.429e-06,0.57705,0.25682,0.043967,0.13392,0.098287,0.13515,0.059995,0.008122,0.21545,0.22874,0.37225,0.25291,0.014731,0.0010149,0.71889,0.98273,1.6913e-09,3.7065e-08,3.1046e-09,0.0063841,2.7661e-14,0.020162,3.5677e-11,0.00014258,0.0014122,0.012449,0.96279,0.10013,4.5786e-05,0.7238,0.0034647,0.00044496,0.30894,0.0083272,0.23247,0.17158,0.0002286,6.561e-06,0.10757,0.0057744,0.097373,0.47123,7.1973e-12,0.026854,0.12008,0.33563,0.48823,0.021854,0.00017678,0.017324,0.27762,0.13849,0.0068611,2.3908e-07,0.23239,0.90724,0.00010917,0.050046,0.1838,0.026382,0.002642,1.3633e-05,0.0082916,0.00029022,0.15125,0.0070185,0.0020123,0.52912,0.48045,0.0027359,0.0010508,0.89175,0.55541,0.069626,0.16417,0.28322
6.7015e-05,1.1722e-11,0.45664,0.17887,0.62294,5.5074e-05,0.0096636,3.9909e-05,0.5026,0.0017689,6.313e-12,1.2694e-26,4.0901e-16,0,3.8183e-05,3.3742e-11,2.0912e-07,4.8294e-18,3.3417e-07,9.3274e-09,0.38453,0.016387,1.8274e-05,6.9297e-05,0.045556,0.00050557,1.9475e-06,0.010369,1.0714e-07,1.1641e-10,0.39434,0.69405,7.9451e-07,4.8239e-06,0.47055,0.085403,0.00048886,7.275e-05,0.030026,0.18954,0.21346,0.78292,0.92726,0.21493,0.081211,0.076291,0.43597,0.8035,0.9733,0.64206,0.18384,0.57988,0.59353,0.044819,0.70808,0.75691,0.0012395,2.798e-07,0.0023524,9.1713e-05,0.048128,2.6743e-06,0.015083,1.7382e-09,0.037328,0.31803,0.48639,0.066249,0.15833,0.063364,0.00014949,1.7257e-07,0.015436,0.05953,0.0064436,0.00057229,3.3014e-05,2.99e-05,0.012424,0.014819,0.017755,0.0073502,0.00015525,0.0016805,0.10951,0.059587,0.34733,0.1308,0.026495,0.00072028,0.076973,0.44618,1.0785e-05,0.003488,0.85702,0.33063,0.13509,0.74707,0.46464,0.15816,7.8536e-06,0.0025023,0.1534,0.015733,0.0045791,0.00096455,0.00043975,0.43866,0.25589,0.0044933,0.00091231,0.7512,0.31214,0.81232,0.10991,0.088878
3.5807e-09,8.6316e-07,2.8752e-05,0.37492,3.2135e-06,0.064596,2.8074e-10,0.52885,7.4493e-15,0.00078659,2.6832e-13,0.070662,1.0237e-22,3.8183e-05,0,3.274e-22,0.00010753,0.19811,1.9875e-09,0.0065755,0.0042184,0.00097059,2.714e-15,0.0023416,0.00027829,0.00047429,0.00081751,0.00019991,1.3878e-08,0.034883,0.05919,0.88167,0.00010932,0.13571,0.044401,0.10071,0.4817,0.18947,0.41936,0.074306,0.67973,0.75935,0.095254,0.14835,0.20356,0.49879,0.068403,0.40413,0.00057262,0.0022669,0.00040356,0.0036158,4.7466e-06,0.00024063,0.0043983,0.029527,4.247e-06,0.00027249,0.10078,0.63071,4.6277e-05,0.82718,1.2109e-06,0.086917,2.0138e-10,0.74645,0.65204,0.12917,1.1385e-06,0.52833,0.84715,0.49108,0.018291,0.96252,0.0079984,0.035497,0.37916,0.25291,0.00033492,0.98285,2.5347e-05,0.005928,5.7081e-27,8.588e-06,2.9645e-09,0.023588,0.097687,0.5017,4.0856e-06,0.00042031,0.0077841,0.0018288,0.0042464,1.855e-05,0.8563,0.84228,0.32474,0.78312,0.00076453,0.00035619,0.0024958,0.005333,0.00029204,0.0022472,0.28124,0.069391,0.0075002,0.47764,0.0038859,0.72893,0.48182,0.026811,0.028366,0.76884,0.025503,0.29847
0.0021392,1.1444e-08,0.00038742,1.8149e-05,0.023865,1.4971e-05,1.3721e-09,3.4825e-05,0.0002378,4.1275e-06,3.4798e-06,1.0689e-05,5.412e-08,3.3742e-11,3.274e-22,0,0.00062506,5.8536e-05,2.0677e-08,1.3161e-08,0.0022833,0.00018171,8.4793e-15,4.7151e-08,0.00016178,5.6781e-07,0.0027083,3.9209e-06,6.8439e-10,1.5017e-11,2.1254e-05,0.00071937,8.1316e-06,0.00017331,0.0009027,0.080024,0.0037657,0.37943,0.076501,0.30158,0.17363,0.32331,0.0021097,0.0094641,2.8941e-05,6.9627e-05,0.0006493,0.0046959,0.016294,0.23116,0.019252,0.027366,3.178e-06,0.00031692,7.6974e-05,2.2768e-05,0.0028132,1.7864e-06,0.56708,0.44216,0.21211,0.059392,0.00014644,3.2608e-08,2.7592e-05,0.19319,0.047821,0.22522,1.1418e-08,0.0031933,0.78632,0.25744,0.00047642,0.00029325,0.00027305,0.001148,0.81786,0.68985,6.8484e-06,0.04658,7.726e-10,7.7146e-09,2.7874e-19,7.0194e-18,5.1454e-12,1.5292e-10,0.78936,8.7621e-06,3.5588e-07,8.5725e-09,6.2077e-07,4.2758e-05,1.6565e-05,0.00041855,0.0035227,0.08136,0.15929,0.013549,1.8828e-06,9.9603e-06,5.9497e-06,0.016327,1.5615e-05,0.0019124,0.023908,0.045078,0.00056006,0.092236,0.014312,0.015435,0.047061,0.0012643,0.00015736,0.11058,0.066165,0.80896
0.02428,0.0013395,0.54881,0.65256,0.71923,0.29535,0.54125,0.47243,0.010487,0.21926,0.00042809,0.00070287,1.1097e-08,2.0912e-07,0.00010753,0.00062506,0,2.3427e-13,0.022681,0.027113,0.18113,0.14157,0.77376,0.71371,0.1159,0.57275,0.11081,0.63645,2.8676e-17,4.8035e-11,0.519,0.20644,6.3214e-13,1.5673e-07,0.0034243,0.091266,0.84472,0.27821,0.85855,0.082724,0.23473,0.006826,0.49112,0.40981,0.0022076,0.011283,0.26752,0.71619,2.5027e-08,1.5166e-05,0.00051034,0.00078103,0.086983,0.11245,0.87128,0.85314,2.2369e-10,0.00069748,0.0026086,0.85315,2.0802e-06,0.042267,3.3048e-14,9.3102e-07,0.13418,0.44414,0.40431,0.4232,0.076123,0.28503,0.65611,0.065186,0.0020295,0.0085193,0.015965,0.049755,0.5052,0.95572,6.626e-21,6.3103e-05,1.4028e-21,7.0004e-11,0.0018315,0.00063971,7.3616e-08,0.037986,0.97855,0.80001,0.78745,0.81889,0.72867,0.0055484,0.25984,0.045329,0.84359,0.45899,0.91769,0.18906,0.0021619,0.027408,0.94063,0.25051,0.0019586,0.8805,0.58373,0.99461,0.07185,0.78017,0.59346,0.82654,0.35055,0.068965,0.46206,0.17002,0.30438,0.17203
0.036677,1.6536e-11,0.0010288,0.054617,0.08936,0.081002,0.93804,0.65041,0.038289,0.27736,2.379e-06,1.2138e-05,4.5695e-07,4.8294e-18,0.19811,5.8536e-05,2.3427e-13,0,4.8671e-05,1.3915e-09,0.29099,0.0001054,0.97078,0.43283,7.914e-05,0.82669,1.5261e-09,2.9626e-05,1.1749e-15,4.9316e-19,0.35648,0.49679,1.0828e-06,0.0012829,0.22775,0.34143,0.0043515,0.00016409,0.00018068,0.00049532,0.99042,0.77634,0.013226,0.017242,0.82105,0.7267,0.01165,0.022503,0.046168,0.0024449,0.011948,0.01083,0.83256,0.096959,0.35451,0.65095,2.8662e-05,2.4099e-08,0.027954,0.39733,0.18177,0.69742,2.0536e-07,8.1678e-08,0.018148,0.0004048,0.40877,0.49861,0.14261,0.13593,1.7073e-09,8.4565e-10,0.016379,0.66018,0.00034025,0.010243,0.0001089,3.401e-06,0.01927,0.23122,5.1518e-05,2.2927e-05,0.0052535,0.00015334,0.50087,0.98504,0.70071,0.29743,0.54844,0.40072,0.3072,0.51092,0.026804,0.027259,0.019149,0.0022029,0.032199,0.70263,0.015414,0.024919,0.028392,0.011659,0.03306,0.00090185,0.54241,0.028134,0.058333,0.43186,0.15582,0.74364,0.0051761,0.54896,0.32862,0.1483,0.37448,0.19352
3.9393e-15,1.6936e-11,1.3499e-05,0.0022255,0.022304,0.021059,2.7908e-08,0.09744,0.71102,0.59191,1.4226e-17,0.0034726,2.4805e-10,3.3417e-07,1.9875e-09,2.0677e-08,0.022681,4.8671e-05,0,8.1075e-26,0.097565,0.23285,1.1979e-13,0.0002612,0.0096235,0.039698,0.79889,0.92424,4.0882e-08,0.00060217,1.4666e-06,0.0085435,1.7487e-09,0.00028532,0.38526,0.96688,0.92557,0.42357,0.74311,0.63499,0.81751,0.031916,0.66812,0.91366,0.11411,0.021596,0.69231,0.98831,0.91099,0.92616,0.64042,0.93815,0.56576,0.13732,0.77171,0.99279,2.5292e-11,4.2917e-13,2.9881e-07,6.0674e-05,7.3243e-06,0.028259,9.3495e-08,0.00062877,2.6772e-05,0.81461,1.7003e-05,0.0056037,1.7582e-13,9.8262e-07,0.032521,0.39292,0.13041,0.67794,0.11162,0.43353,0.68013,0.17496,0.77545,0.065632,0.26021,0.16533,6.61e-10,0.0051432,0.000352,0.17084,0.001077,0.060013,0.079577,0.14698,0.0011719,0.00051658,0.046183,1.9742e-05,0.00068247,0.00027941,0.14777,0.05075,0.021453,0.0012093,0.00019204,0.00040785,9.7645e-07,4.1459e-06,0.026179,0.00095796,0.0025674,0.0020862,0.89027,0.49855,0.07726,0.7844,0.30026,0.091048,0.00048796,0.86624
6.6072e-08,7.7364e-16,0.092436,9.8585e-05,0.26933,2.0406e-05,4.1861e-06,4.6169e-05,0.21479,0.63259,1.1507e-06,0.00063239,2.7498e-06,9.3274e-09,0.0065755,1.3161e-08,0.027113,1.3915e-09,8.1075e-26,0,0.011833,0.63345,4.2108e-06,7.09e-05,0.10613,0.0017743,0.53742,0.12159,1.2531e-08,1.7671e-06,0.00010091,0.0017502,1.1198e-07,2.0406e-07,0.63865,0.38609,0.12215,0.45292,0.028601,0.12226,0.97817,0.064799,0.31444,0.46223,0.011786,0.0003427,0.010468,0.19187,0.43289,0.67614,0.01791,0.61773,0.79874,0.33847,0.19175,0.5081,3.0264e-08,1.7971e-17,6.009e-08,1.372e-10,0.00056829,3.6984e-05,3.9892e-06,5.5979e-11,0.4571,0.52306,1.0521e-05,0.00012034,7.0295e-17,7.4005e-16,0.0081488,0.10283,0.75692,0.38785,0.83067,0.61448,0.16086,0.029298,0.90282,0.24811,0.046132,0.086787,0.0037292,0.00026118,0.091564,0.16098,0.49584,0.4607,0.038455,0.038722,4.4811e-05,0.0092653,0.00050361,0.00062087,0.030003,1.5142e-06,0.89352,0.34525,0.060241,0.13696,1.4658e-07,0.00016186,9.8877e-08,6.6285e-06,0.03569,0.017016,1.8649e-05,0.0043995,0.27539,0.52342,0.0013112,0.13469,0.5486,0.40507,0.52258,0.99793
0.71223,0.050714,0.021381,0.016644,2.3816e-06,1.1531e-05,0.082554,0.011444,0.23671,0.032546,0.00834,0.16328,0.18825,0.38453,0.0042184,0.0022833,0.18113,0.29099,0.097565,0.011833,0,5.7712e-06,0.0019623,0.0046406,5.7298e-11,4.0276e-08,5.7792e-05,6.7401e-07,0.27624,0.77548,0.00046071,0.0019045,0.23175,0.11122,0.5482,0.017137,0.58783,0.44394,0.14174,0.012372,0.0026789,0.14568,0.00014802,2.5821e-05,0.00013062,0.00069125,0.070101,0.00014325,0.014635,0.036224,0.092114,0.024112,0.057369,0.010125,0.12121,0.15744,0.40088,0.070872,0.32308,0.078971,0.16642,0.62643,0.48714,0.83344,0.016198,0.011286,0.0002228,0.00038402,0.028488,0.025161,0.12632,0.018525,0.57087,0.23415,0.64003,0.1519,0.906,0.94801,0.32951,0.74622,0.39287,0.77342,0.63275,0.79711,0.046229,0.0010706,0.12643,0.40664,0.30157,0.048964,0.021975,0.20564,0.038162,0.10472,0.31674,0.013915,0.032323,0.0061791,0.086304,0.078639,0.00011815,0.12787,0.0027541,0.0052846,0.19606,0.020699,0.021812,0.0059055,0.95656,0.9653,0.57349,0.32219,0.13999,0.011375,0.20899,0.40807
0.73218,0.72084,4.2903e-07,1.9967e-08,8.4833e-08,4.0197e-05,9.4842e-05,5.8268e-06,0.00013099,0.00015123,0.0010411,0.069893,0.13342,0.016387,0.00097059,0.00018171,0.14157,0.0001054,0.23285,0.63345,5.7712e-06,0,0.034523,0.00089678,5.3921e-13,7.8291e-08,1.0513e-21,4.128e-34,0.026423,0.047281,1.5972e-05,7.2413e-06,0.035255,0.0020778,0.00014121,0.0024361,0.71556,0.057763,2.1117e-05,1.236e-05,0.99839,0.22865,1.9916e-08,1.0468e-06,2.284e-07,3.1893e-07,3.2651e-07,1.2902e-06,1.6414e-07,8.5095e-07,2.873e-08,2.1002e-08,2.9799e-05,0.0020826,3.5757e-06,7.4304e-06,0.11797,0.25505,0.7287,0.44898,0.72,0.24713,0.40954,0.10004,0.026405,9.3297e-05,0.0002159,0.0049444,0.00047434,0.62778,5.813e-09,9.6657e-12,3.011e-06,4.1657e-05,1.5136e-06,8.7867e-10,2.0768e-05,1.3423e-07,0.018973,0.0016348,0.00081884,0.0011699,0.073565,0.00025407,6.2952e-08,5.6273e-07,0.88906,0.0068481,0.0068865,0.0040685,6.3639e-05,0.01673,0.32742,0.89332,0.88762,0.13935,7.6629e-05,0.0093978,5.5938e-05,0.014981,0.10969,0.78886,8.106e-05,0.87213,0.018535,0.60233,0.39769,0.019607,4.0521e-06,0.00034283,1.1618e-06,0.00342,0.060222,0.72736,0.57003,0.13119
6.9897e-07,1.9707e-05,7.891e-16,3.0517e-10,1.5984e-06,5.2111e-05,1.2948e-18,4.2264e-08,2.8221e-09,1.6883e-07,1.3508e-07,9.9449e-05,6.425e-08,1.8274e-05,2.714e-15,8.4793e-15,0.77376,0.97078,1.1979e-13,4.2108e-06,0.0019623,0.034523,0,3.4269e-27,1.2475e-11,4.4005e-07,0.0042847,0.0016736,0.053231,0.10877,1.237e-09,5.6646e-06,2.6727e-05,4.1042e-05,0.00035397,0.092067,0.92459,0.09322,0.022268,0.076947,0.18588,0.55385,2.1077e-05,8.5821e-06,0.00066501,0.0031518,0.013366,0.001208,0.038372,0.073148,0.085106,0.014595,0.15059,0.0067983,0.043907,0.022779,2.7199e-06,4.4759e-09,0.11532,0.0024282,0.013021,0.0010028,0.29535,0.049334,4.4089e-19,0.00010048,1.1918e-05,0.0010827,4.8001e-09,0.00014696,0.034137,0.03836,0.039816,0.95779,0.048775,0.35025,0.38604,0.35324,0.95742,0.50896,0.34466,0.1817,1.3369e-07,0.0058028,0.00024799,0.0018095,0.083537,0.007736,0.0068625,0.0004099,4.032e-06,4.4854e-06,1.8594e-05,4.3391e-06,0.26373,0.31811,0.039163,0.02041,0.058959,0.011613,2.2352e-05,0.0075251,0.00033375,0.0033222,0.00040292,0.0058519,0.0020309,0.0058976,0.82076,0.92374,0.97412,0.45706,0.17931,0.020455,1.7772e-06,0.5504
0.10902,0.38664,1.5146e-07,5.4776e-29,0.0022256,2.5712e-10,7.1823e-06,4.8392e-22,2.7634e-07,3.0505e-18,0.030499,5.5109e-11,0.14434,6.9297e-05,0.0023416,4.7151e-08,0.71371,0.43283,0.0002612,7.09e-05,0.0046406,0.00089678,3.4269e-27,0,2.2457e-11,2.0135e-14,0.0011785,5.9502e-07,0.48593,0.27326,5.783e-10,4.6141e-18,7.1832e-05,5.7758e-10,3.7513e-08,4.4433e-11,0.084958,0.014716,0.016038,0.0012141,0.96915,0.044201,2.9839e-07,1.8689e-07,6.0546e-07,2.4863e-07,0.0019573,0.00019517,0.028828,0.020385,0.68669,0.12346,0.46523,0.82152,0.54379,0.38339,0.0021782,7.4076e-05,0.88789,3.4479e-06,0.40587,2.4587e-15,0.19835,8.5905e-06,6.7603e-13,1.0532e-16,3.6916e-06,6.8627e-10,3.5423e-07,1.0333e-06,0.00038604,0.015311,0.0097075,0.14566,0.041175,0.52753,0.0023705,0.00028827,0.54857,0.95478,0.3695,0.066633,0.3919,0.0001669,0.008897,8.8256e-05,0.0087843,6.6703e-08,0.94269,0.095362,4.326e-08,0.015303,2.834e-06,0.36874,0.63729,0.32639,0.00015532,0.021942,0.32138,0.82511,1.7687e-05,0.86774,0.00087074,0.99654,7.3089e-07,0.18833,0.44218,0.067863,0.27543,0.37067,0.99557,0.96619,0.64727,0.025147,0.00012809,0.58767
0.43604,0.89569,5.9424e-14,6.1118e-14,2.8134e-22,9.735e-07,2.5151e-06,4.843e-06,1.4998e-08,0.00040843,0.41297,0.18535,0.43651,0.045556,0.00027829,0.00016178,0.1159,7.914e-05,0.0096235,0.10613,5.7298e-11,5.3921e-13,1.2475e-11,2.2457e-11,0,1.0447e-12,1.6695e-26,4.0414e-19,0.042975,0.013692,2.3254e-27,1.0267e-15,9.533e-05,5.6032e-06,2.4609e-08,7.114e-07,0.0045477,2.2188e-07,3.0572e-10,2.6692e-08,0.96332,0.056052,6.2461e-13,4.842e-11,3.3094e-10,1.6427e-09,3.2533e-07,3.495e-09,3.018e-07,5.3954e-06,2.1215e-06,1.1495e-07,0.14923,0.1042,0.0061001,0.0084414,0.0038424,0.01426,0.87096,0.13346,0.94162,0.18,0.92327,0.48352,1.7322e-13,1.206e-11,1.9545e-12,1.1869e-09,1.7779e-08,0.00060904,1.1141e-09,2.8348e-13,4.5947e-05,0.02368,9.9004e-06,0.0013254,9.1788e-07,8.0136e-07,0.15655,0.029384,0.17261,0.013486,0.24508,0.031038,3.2117e-07,1.6014e-07,0.052658,6.9228e-06,0.57305,0.23485,0.016718,0.0066521,0.98888,0.97006,0.18417,0.32358,3.5027e-09,9.8182e-06,0.043988,0.20245,0.064761,0.26192,0.00029994,0.71987,0.0095503,0.47425,0.34151,0.00021429,0.015881,0.019416,0.00058335,0.10502,0.35341,0.0082829,0.017511,0.66098
0.59443,0.033628,4.3491e-05,2.4081e-17,6.8238e-07,2.371e-20,1.5525e-05,5.4228e-19,0.00018587,5.7627e-08,0.88481,0.00066259,0.37469,0.00050557,0.00047429,5.6781e-07,0.57275,0.82669,0.039698,0.0017743,4.0276e-08,7.8291e-08,4.4005e-07,2.0135e-14,1.0447e-12,0,0.00025381,1.1812e-10,0.53144,0.21703,2.9075e-07,4.1411e-12,5.3444e-07,3.0533e-11,1.4614e-09,5.6098e-13,0.72269,0.90161,0.0085681,0.011138,0.11364,0.65329,2.4128e-08,8.7707e-08,6.1666e-10,8.0757e-10,0.0041135,0.00011714,0.0038441,0.018273,0.12289,0.058594,0.27949,0.068356,0.049847,0.28137,0.012305,0.0019538,0.23156,1.3564e-06,0.78841,4.0263e-10,0.79396,5.1199e-08,1.6068e-08,2.4952e-10,4.3446e-10,1.5194e-12,0.00018907,5.0693e-05,0.17726,0.29053,0.87613,0.70567,0.74109,0.44499,0.74197,0.18002,0.027403,0.84967,0.013226,0.0035441,0.21709,0.00014164,3.5675e-05,9.5071e-07,0.016474,0.00019402,0.18459,0.0014956,2.6955e-08,0.27888,8.3715e-07,0.13988,0.52757,0.60677,0.0067259,0.12232,0.060663,0.61302,8.0192e-10,0.084055,2.6882e-06,0.069274,9.595e-07,0.0063759,0.031064,0.084811,0.31402,0.83827,0.79606,0.61137,0.31072,0.18773,0.04961,0.55213
0.61729,0.034875,2.7397e-08,2.3544e-07,1.2021e-15,0.3019,0.0086151,0.074839,1.0229e-09,0.038792,0.0091437,0.00093119,0.015255,1.9475e-06,0.00081751,0.0027083,0.11081,1.5261e-09,0.79889,0.53742,5.7792e-05,1.0513e-21,0.0042847,0.0011785,1.6695e-26,0.00025381,0,5.5768e-32,0.019794,0.016156,7.426e-10,2.7534e-08,0.10267,0.049216,9.8879e-07,9.9212e-05,0.0027501,1.4102e-06,2.1753e-09,1.646e-05,0.034088,0.037363,3.0597e-06,0.0001213,1.1383e-05,1.3913e-05,9.3769e-06,0.00028666,4.3384e-06,9.3851e-05,1.8547e-06,1.2067e-05,0.31298,0.32236,0.046305,0.017007,0.19035,0.72518,0.047644,0.071156,0.80665,0.82739,0.71181,0.67835,1.1121e-06,1.2173e-06,0.00055245,0.014528,2.7389e-07,0.23422,4.2907e-16,3.3035e-23,8.9914e-14,1.2245e-08,4.6453e-14,4.164e-14,9.0401e-17,1.0447e-16,0.015349,5.9618e-08,0.0014772,0.00028561,0.04679,0.0020926,2.4455e-09,6.712e-05,0.44191,4.8106e-06,0.81066,0.55123,0.66056,0.22839,0.0097673,0.0015076,0.69613,0.33833,2.4305e-06,0.0016764,0.11959,0.99919,0.35411,0.00016947,0.037294,0.043043,0.78798,0.082586,0.053235,0.013577,0.0011576,0.00030777,3.0962e-07,0.13794,0.94909,0.41302,0.77104,0.46762
0.94704,0.52372,1.8261e-06,1.414e-11,1.799e-10,2.5507e-05,0.00017645,3.629e-07,1.9292e-07,4.467e-07,0.026473,0.3111,0.098852,0.010369,0.00019991,3.9209e-06,0.63645,2.9626e-05,0.92424,0.12159,6.7401e-07,4.128e-34,0.0016736,5.9502e-07,4.0414e-19,1.1812e-10,5.5768e-32,0,0.089544,0.11748,1.9465e-07,2.2585e-09,0.039882,0.00053573,6.7944e-07,2.2515e-06,0.21605,0.028372,5.2938e-05,0.00075542,0.67733,0.098543,9.3902e-09,6.8355e-07,3.4869e-08,3.0275e-07,1.2121e-05,0.00011748,3.3572e-06,0.0001782,1.8706e-05,3.5598e-05,0.068695,0.97598,0.021763,0.088944,0.074274,0.33008,0.74891,0.098162,0.31379,0.00312,0.81645,0.020629,2.3286e-06,5.7842e-09,8.5829e-06,0.00013203,1.1137e-07,0.022693,8.7668e-07,9.1348e-10,6.5199e-08,5.3554e-05,7.7708e-08,6.0655e-10,8.7349e-07,5.0014e-08,0.0016247,0.00012875,0.00040717,0.0087269,0.14175,0.0004308,6.4621e-07,9.889e-06,0.40741,0.00017796,0.18787,0.2271,0.00077397,0.13582,0.61061,0.10619,0.7944,0.8415,4.1915e-05,0.033054,0.043052,0.78571,0.040331,0.073819,0.00023161,0.25162,0.011404,0.76338,0.73669,0.0010708,0.0012235,0.028042,0.00017886,0.14196,0.64355,0.54753,0.24471,0.36223
0.00023794,6.653e-06,0.99093,0.35692,0.27179,0.58601,0.018429,0.35201,0.67889,0.1612,5.3236e-11,0.019255,4.2353e-15,1.0714e-07,1.3878e-08,6.8439e-10,2.8676e-17,1.1749e-15,4.0882e-08,1.2531e-08,0.27624,0.026423,0.053231,0.48593,0.042975,0.53144,0.019794,0.089544,0,9.7024e-27,0.08223,0.74845,2.1378e-10,2.1709e-05,0.31923,0.18991,0.41266,0.14551,0.093185,0.0048554,0.0073054,0.14905,0.072853,0.013066,0.84852,0.66267,0.87239,0.15788,0.58802,0.9477,0.77877,0.92821,0.10047,0.34404,0.9102,0.64241,4.8178e-06,0.00051042,1.5547e-05,0.66404,1.0884e-07,0.31543,1.0929e-21,8.3158e-11,0.91732,0.00027209,0.55061,0.55159,0.00012835,0.37291,0.0016895,0.0012398,0.085892,0.073627,0.33243,0.39317,0.33634,0.080037,2.957e-07,0.22422,7.101e-10,0.00025352,8.8938e-10,5.1407e-09,0.0105,0.66372,0.46077,0.37882,0.8208,0.5951,0.06202,0.36369,0.53421,0.13552,0.014897,0.24047,0.53067,0.58133,1.0138e-05,0.0032555,0.045352,0.21916,0.00036005,0.021109,0.20244,0.69373,0.74391,0.6382,0.31049,0.52792,0.83882,0.04391,0.23444,0.019052,0.20341,0.44034
0.58333,0.00064651,0.35377,0.50567,0.041005,0.28077,0.44846,0.28422,0.17905,0.83161,0.0014853,3.1607e-05,0.0020617,1.1641e-10,0.034883,1.5017e-11,4.8035e-11,4.9316e-19,0.00060217,1.7671e-06,0.77548,0.047281,0.10877,0.27326,0.013692,0.21703,0.016156,0.11748,9.7024e-27,0,0.11556,0.041654,2.0472e-08,2.2963e-07,0.019085,0.067655,0.016145,0.05297,0.23624,0.52115,0.83929,0.56056,0.39471,0.24987,0.049048,0.052685,0.57786,0.99966,0.85047,0.19692,0.50233,0.5962,0.26062,0.55371,0.6114,0.36241,0.0098315,0.006356,0.30777,0.9456,0.16137,0.063987,9.8366e-07,2.5776e-13,0.46667,0.32589,0.56746,0.43248,0.0072162,0.049149,0.034577,0.023785,0.081175,0.0010866,0.24888,0.46852,0.74643,0.69008,3.1584e-07,0.00074917,3.2823e-14,2.3774e-09,1.4765e-06,1.6536e-11,0.00041051,0.0079635,0.17789,0.04235,0.47136,0.28309,0.014975,0.39208,0.099039,0.98519,0.0016335,0.488,0.78452,0.09946,9.5427e-05,0.0029719,0.002445,0.90061,0.0030913,0.056491,0.81195,0.4298,0.4962,0.99646,0.079725,0.24741,0.78868,0.053349,0.018385,0.87339,0.44205,0.49239
0.58,0.739,1.5979e-13,5.6429e-15,1.3277e-08,0.027282,4.8346e-05,4.0901e-06,0.077386,0.1445,0.41574,0.95321,0.34936,0.39434,0.05919,2.1254e-05,0.519,0.35648,1.4666e-06,0.00010091,0.00046071,1.5972e-05,1.237e-09,5.783e-10,2.3254e-27,2.9075e-07,7.426e-10,1.9465e-07,0.08223,0.11556,0,8.0199e-39,5.9697e-15,7.0207e-16,7.3755e-13,1.0483e-09,0.00070802,4.0511e-10,1.6756e-08,1.3364e-09,0.067655,0.0034693,2.664e-11,1.3424e-07,7.8357e-18,1.9247e-19,1.4268e-07,3.5125e-09,7.0843e-08,9.4767e-07,2.6412e-06,1.1937e-06,0.43624,0.77044,0.072293,0.012334,0.00019327,0.013987,0.11961,0.057109,0.054116,0.00097847,0.00087271,1.8504e-06,2.8915e-10,6.629e-09,2.0339e-18,1.6939e-14,1.4771e-08,1.6682e-05,1.1917e-07,3.7082e-11,9.6148e-12,2.124e-08,1.9466e-09,3.4279e-06,3.8835e-10,2.6799e-10,0.0024812,0.0030969,0.0004588,1.962e-05,0.14949,2.2537e-06,1.6588e-11,1.9796e-09,0.017951,3.6459e-08,0.60662,0.77652,0.00026185,0.0035033,0.53185,0.29807,0.00074226,0.1124,6.0288e-14,8.3676e-09,5.5288e-05,0.0085308,0.02479,0.033953,1.0165e-10,0.72526,0.011389,0.6293,0.40858,0.0027879,0.23683,4.1806e-05,4.0259e-05,0.038373,0.16617,0.021647,0.17964,0.56206
0.25503,0.029473,2.5654e-08,1.662e-26,2.0925e-05,0.0018706,0.012557,4.1903e-13,0.030523,0.00010139,0.79409,0.0033207,0.026927,0.69405,0.88167,0.00071937,0.20644,0.49679,0.0085435,0.0017502,0.0019045,7.2413e-06,5.6646e-06,4.6141e-18,1.0267e-15,4.1411e-12,2.7534e-08,2.2585e-09,0.74845,0.041654,8.0199e-39,0,1.189e-11,3.465e-19,3.2827e-18,1.2968e-22,0.0085993,1.1302e-06,4.3522e-06,1.7755e-08,0.18608,0.014408,1.65e-11,4.9532e-09,4.0552e-21,4.7368e-24,2.6101e-06,2.0233e-07,2.3176e-06,0.0001464,0.0015591,0.00029628,0.29196,0.14341,0.8364,0.27252,0.015581,0.35392,0.66892,0.0078284,0.17025,6.4135e-10,0.095546,6.9993e-11,1.7505e-09,1.1892e-17,1.3474e-14,9.6433e-18,9.9648e-06,2.2362e-05,3.2753e-09,1.2895e-09,2.1543e-11,1.7001e-09,2.4246e-08,6.1748e-05,6.0768e-13,1.4282e-13,7.9641e-05,0.00042362,3.2892e-05,3.7845e-06,0.25514,2.708e-06,3.2268e-08,3.5952e-09,0.022136,1.9613e-11,0.038416,0.75703,0.00048184,0.87355,0.78186,0.0002953,0.027225,0.68758,4.9056e-12,7.1509e-06,0.020033,0.69312,0.038896,4.7275e-05,2.1326e-07,0.07866,0.0002666,0.70955,0.0030867,0.094867,0.23241,0.0020447,0.0020794,0.50024,0.82481,0.049425,0.34365,0.98768
0.00053258,0.00070127,2.5222e-06,1.9382e-06,0.0023434,0.097819,0.00028647,0.0010046,0.017665,0.53237,3.2942e-06,0.00084128,1.3969e-06,7.9451e-07,0.00010932,8.1316e-06,6.3214e-13,1.0828e-06,1.7487e-09,1.1198e-07,0.23175,0.035255,2.6727e-05,7.1832e-05,9.533e-05,5.3444e-07,0.10267,0.039882,2.1378e-10,2.0472e-08,5.9697e-15,1.189e-11,0,2.8659e-53,5.9599e-17,2.6781e-09,0.025183,0.25818,0.0030727,0.0091578,0.00052874,0.00016634,0.00010085,0.0010754,4.089e-12,9.6391e-13,0.0010809,0.003492,4.9805e-10,4.1962e-06,2.1964e-05,7.1774e-05,0.57475,0.66786,0.77923,0.5163,1.8237e-16,7.687e-07,4.0002e-07,0.0010909,6.2328e-10,5.4811e-07,4.5297e-16,1.2931e-16,4.9455e-10,8.6917e-06,1.9801e-14,5.6602e-12,3.9187e-08,0.032828,0.030256,0.23068,3.446e-06,0.00065183,0.00057532,0.040977,0.00044049,0.00052768,2.5452e-06,0.055909,5.4233e-11,4.9258e-13,3.1343e-06,9.1343e-12,4.5725e-14,1.8052e-06,9.226e-05,0.00017473,0.22367,0.78264,0.058872,0.61166,0.36642,0.25029,0.13803,0.62283,0.00012249,0.0014812,8.8578e-05,0.033126,0.0047216,0.18933,5.416e-12,0.55614,0.055043,0.56154,0.45521,0.15451,0.47672,0.11536,0.18432,0.22274,0.76286,0.5244,0.61578,0.59254
0.085574,0.06321,3.9057e-06,1.4757e-14,0.0022204,0.00075024,0.00020238,7.0142e-11,0.076084,0.014645,0.0068162,3.0869e-06,0.0028236,4.8239e-06,0.13571,0.00017331,1.5673e-07,0.0012829,0.00028532,2.0406e-07,0.11122,0.0020778,4.1042e-05,5.7758e-10,5.6032e-06,3.0533e-11,0.049216,0.00053573,2.1709e-05,2.2963e-07,7.0207e-16,3.465e-19,2.8659e-53,0,9.0989e-18,1.6954e-15,0.19306,0.47087,0.011108,0.00076769,0.0065535,0.0028472,1.4667e-06,7.7036e-06,9.662e-16,7.0309e-18,0.0011768,0.00040145,6.4553e-10,4.1948e-06,0.00011225,1.1268e-05,0.83365,0.9624,0.96322,0.70845,2.5258e-10,6.8346e-05,2.4134e-06,1.3232e-07,9.3848e-08,2.6802e-15,4.3561e-08,3.1786e-24,4.1345e-09,3.0685e-11,1.9066e-18,3.4984e-20,5.3681e-07,0.0007729,0.0052392,0.18708,4.7559e-05,0.0006379,0.0036264,0.11786,0.00065438,0.00021089,8.2176e-06,0.17172,6.8643e-08,2.2116e-09,0.056541,1.2046e-09,2.9945e-09,1.0178e-07,0.0090887,9.496e-06,0.23991,0.85202,0.0087755,0.39694,0.80857,0.049739,0.40366,0.43979,0.00022977,0.004129,0.0089227,0.47098,6.725e-05,0.068777,2.1812e-10,0.80711,0.0011815,0.28134,0.45253,0.04129,0.36156,0.42314,0.41349,0.98877,0.96123,0.54855,0.72513,0.84115
0.21842,0.012781,2.7782e-07,1.5112e-11,0.00016696,0.13485,0.077187,2.7595e-05,0.00010204,0.013213,0.69332,0.025299,0.51274,0.47055,0.044401,0.0009027,0.0034243,0.22775,0.38526,0.63865,0.5482,0.00014121,0.00035397,3.7513e-08,2.4609e-08,1.4614e-09,9.8879e-07,6.7944e-07,0.31923,0.019085,7.3755e-13,3.2827e-18,5.9599e-17,9.0989e-18,0,9.9009e-31,0.00047615,0.0021086,3.0915e-10,4.8518e-08,0.0066002,0.00024774,1.3535e-10,3.1666e-09,1.0274e-15,5.6973e-15,8.014e-09,8.5339e-08,1.0186e-08,0.00021764,8.5668e-06,0.00016631,0.54431,0.093021,0.42419,0.57671,0.085221,0.21121,0.69388,0.63319,0.18702,6.1666e-06,0.29154,5.462e-06,8.3542e-21,1.3555e-21,2.8325e-10,6.0011e-12,0.025547,0.75341,2.5054e-07,0.000325,1.7552e-09,7.409e-07,6.9832e-07,5.4782e-05,1.8376e-09,9.9962e-13,3.3269e-06,0.0023802,4.7169e-06,2.624e-11,0.027593,1.6181e-08,4.0341e-11,5.9769e-10,0.0013534,3.0201e-10,0.021677,0.72624,0.1272,0.22034,0.1861,8.6932e-05,0.76063,0.026477,9.4478e-08,0.0018324,0.13827,0.63785,0.13926,5.3289e-06,6.99e-05,0.0054271,0.0047129,0.61279,0.0013713,0.88003,0.10244,0.012533,0.00012498,0.32823,0.97529,0.52176,0.32489,0.46432
0.0022369,0.0010808,0.017694,2.2014e-18,0.017368,0.0019418,0.68657,2.6123e-10,0.13839,0.0016672,0.08289,0.00024652,0.00075996,0.085403,0.10071,0.080024,0.091266,0.34143,0.96688,0.38609,0.017137,0.0024361,0.092067,4.4433e-11,7.114e-07,5.6098e-13,9.9212e-05,2.2515e-06,0.18991,0.067655,1.0483e-09,1.2968e-22,2.6781e-09,1.6954e-15,9.9009e-31,0,0.0041482,0.00076737,3.1325e-07,5.8007e-09,0.50977,0.025318,4.1628e-09,3.8724e-09,2.249e-19,2.3014e-23,1.0116e-06,6.6752e-08,5.5261e-05,0.016793,0.013226,0.022543,0.030554,0.0022917,0.74221,0.53736,0.98002,0.12969,0.57559,0.0018013,0.51049,6.9507e-11,0.1381,9.6403e-08,2.5329e-10,3.532e-36,3.9492e-14,1.0396e-27,0.11472,0.0092576,2.9653e-07,0.00032326,4.1427e-05,5.4912e-05,0.00016707,0.024579,8.5747e-10,2.5941e-13,6.0957e-05,0.001768,7.893e-05,7.247e-10,0.052074,5.5808e-06,2.4935e-07,4.4371e-13,0.0027321,9.3063e-13,0.00036679,0.3581,0.083862,0.021471,0.56035,3.9592e-08,0.76062,0.15669,4.8275e-10,0.00011991,0.68946,0.11282,0.023297,4.3589e-07,0.00034116,0.00036814,0.0083867,0.21759,0.0056743,0.81874,0.26394,0.19418,0.00047646,0.64737,0.55726,0.41411,0.72714,0.39573
