0,1.1995e-43,1.3364e-10,8.8833e-08,1.3646e-12,0.0011958,1.7185e-08,8.6428e-08,6.086e-06,0.36459,1.6652e-18,1.9437e-10,4.4085e-13,1.5313e-08,6.9147e-09,0.0012622,2.4445e-22,7.2656e-20,3.3226e-28,3.0695e-13,7.4873e-07,1.3579e-06,2.1149e-05,0.00021196,3.5864e-06,2.5417e-07,4.3251e-14,8.0446e-09,1.2918e-08,1.0912e-10,9.9582e-08,8.9077e-08,1.0097e-21,1.0521e-22,2.3683e-09,2.1608e-14,9.5234e-07,1.2631e-15,1.693e-17,1.4208e-11,1.5459e-17,5.7599e-15,1.7516e-19,9.307e-18,3.2783e-27,1.0302e-24,2.7618e-19,8.5084e-23,3.7417e-25,6.9365e-21,4.1911e-34,9.817e-21,1.1358e-29,1.0377e-17,6.8404e-27,3.723e-25,1.3496e-37,9.5562e-31,2.2844e-32,3.653e-38,1.4575e-14,6.2569e-15,8.5187e-05,3.6896e-08,3.5167e-06,1.7632e-07,1.2778e-22,6.6848e-16,4.7381e-22,1.1187e-11,5.8941e-15,7.1107e-10,7.8154e-15,2.4183e-13,1.4415e-13,4.0118e-12,2.0664e-19,1.848e-15,1.6608e-15,9.6936e-17,5.863e-22,3.7339e-25,1.7064e-18,2.7929e-12,1.9294e-22,2.4338e-23,1.9336e-10,7.8411e-14,1.7463e-23,1.6674e-34,0.44087,0.00011587,0.90439,0.051942,0.011021,1.7479e-06,9.0948e-18,5.9655e-14,5.7205e-14,1.0746e-16,0.0042784,9.6629e-05,8.4334e-07,2.2707e-07,0.0097473,0.0014158,1.7567e-06,5.9725e-05,0.72467,0.00087754,0.36358,0.0066481,0.00039506,3.332e-08,0.07286,0.36457
1.1995e-43,0,0.00010391,0.0079948,2.3407e-09,0.0057662,4.6692e-05,6.9719e-05,0.009846,0.42953,3.1397e-13,1.7389e-07,6.3722e-11,3.7892e-06,5.0906e-05,0.17885,8.5843e-36,2.6617e-37,5.7243e-17,2.3643e-14,0.00017606,1.0769e-05,0.0087394,0.36775,1.6498e-05,0.00016308,3.0419e-08,0.00066352,3.7398e-10,7.2707e-16,2.4644e-06,0.00021341,4.5692e-18,1.4893e-21,0.0065159,4.1523e-05,6.7599e-05,8.0779e-08,5.7787e-09,1.1922e-06,1.1999e-11,2.1436e-14,1.0808e-19,3.1556e-23,4.9307e-22,1.3938e-25,8.3635e-23,1.1683e-26,2.9677e-27,1.4737e-32,7.4766e-28,3.3555e-24,1.9384e-22,6.6279e-12,3.2979e-22,2.2722e-22,3.9329e-46,1.9777e-40,1.3891e-20,8.9762e-23,2.7978e-09,2.7707e-08,3.1339e-06,1.2034e-12,0.087384,0.015067,1.7573e-09,9.9592e-06,2.6485e-17,1.023e-08,7.8173e-11,3.9158e-07,5.1931e-15,1.0158e-14,8.0454e-10,1.0988e-10,3.6173e-12,6.1858e-11,6.9276e-22,9.0491e-24,7.7153e-25,1.4712e-36,9.2282e-13,5.244e-08,7.4225e-12,8.1935e-11,3.0176e-07,5.9752e-05,1.8686e-09,6.5197e-15,0.00037329,0.58534,0.0032278,0.44706,0.12559,1.8056e-05,1.9192e-13,3.4561e-15,5.4228e-15,1.4592e-16,0.41079,0.23096,0.000479,0.0019642,0.091262,0.054858,0.011621,0.010123,0.29323,0.00076956,0.1775,0.031633,0.0048896,4.2738e-05,0.30196,0.083816
1.3364e-10,0.00010391,0,7.0189e-26,6.8032e-09,1.1194e-10,5.8923e-28,3.2213e-11,1.0556e-14,8.8289e-11,1.4044e-10,6.8012e-06,6.3926e-10,6.5306e-08,1.8201e-21,4.4097e-20,0.20178,0.042689,1.9184e-12,0.13462,0.00091168,3.6244e-05,1.5206e-36,9.1521e-28,9.1201e-12,5.9518e-11,2.9585e-16,4.6248e-11,0.029731,0.044396,5.1667e-14,9.4231e-10,9.2335e-14,9.7021e-06,1.2671e-15,7.6019e-09,2.2699e-07,2.2854e-10,4.6912e-13,2.0436e-09,3.1287e-09,9.3799e-07,2.8416e-06,0.00052664,3.6412e-10,6.131e-05,0.00010561,1.677e-05,1.2628e-06,0.00085082,1.0408e-11,8.7471e-07,1.0476e-10,2.0496e-09,2.169e-10,4.2656e-08,0.0018705,6.7329e-05,3.276e-06,7.5879e-07,8.8568e-12,7.6851e-14,4.6576e-05,0.026247,8.177e-23,1.6778e-11,2.8681e-12,2.8316e-07,0.066746,0.00017968,8.9689e-17,1.01e-14,4.978e-06,0.00038362,4.0583e-06,0.00015079,5.1856e-09,1.3638e-05,0.068186,0.0058654,0.0014189,0.0009421,1.8332e-11,2.0443e-08,2.5578e-20,1.7496e-13,7.4306e-11,8.9199e-14,4.8716e-28,9.1546e-21,0.00041878,2.639e-11,1.9252e-09,8.4384e-15,0.74583,0.43251,7.753e-06,0.010884,0.00021202,0.0024216,7.3237e-05,1.1158e-14,3.9548e-06,8.9414e-11,2.6411e-06,2.9895e-08,0.0053973,0.040426,0.015427,0.91761,0.52392,0.62126,0.097269,1.8897e-06,0.010899,0.081837
8.8833e-08,0.0079948,7.0189e-26,0,1.4901e-05,7.8692e-16,5.0362e-15,4.0013e-26,3.9662e-09,4.9808e-18,2.1758e-06,9.4888e-16,8.9414e-05,2.079e-11,2.2919e-10,7.8177e-21,0.80529,0.009434,4.2518e-15,9.4028e-06,0.21316,0.0023426,5.6684e-18,2.4672e-30,2.8276e-07,3.7749e-12,2.8219e-10,4.0954e-06,0.016204,7.3514e-05,3.9253e-17,1.5649e-21,2.2646e-14,8.8965e-12,3.2632e-15,1.4461e-18,4.7249e-07,2.3297e-10,1.8906e-10,1.4507e-05,2.1754e-07,0.00017458,0.0037053,0.33475,6.597e-09,0.00061421,0.029815,0.008881,3.8934e-06,0.018153,2.0592e-10,7.3938e-06,4.9181e-08,1.6353e-05,1.8908e-08,0.00020012,0.19346,0.35667,1.5703e-05,3.2684e-07,1.7621e-06,5.7398e-17,0.00033445,1.0475e-05,6.8323e-15,6.9353e-23,3.0402e-17,3.5244e-18,0.080523,1.3975e-05,1.7647e-09,4.0472e-10,5.2866e-05,5.1738e-05,5.3208e-06,0.00012908,7.2513e-13,3.2765e-13,0.46761,0.36513,0.015376,0.0010647,2.8511e-09,9.149e-11,3.2694e-17,2.1602e-20,5.7029e-12,3.0112e-18,1.9395e-19,6.6915e-17,6.0686e-12,1.1314e-16,3.2914e-19,3.9365e-10,0.17145,0.89038,8.8423e-08,0.023547,1.0426e-07,5.5727e-05,3.3414e-21,6.6032e-11,9.914e-18,3.7445e-22,7.8066e-16,1.7007e-18,6.479e-08,2.2893e-10,0.0048156,0.6005,0.51093,0.00031376,4.722e-05,1.1505e-14,3.3442e-09,0.095423
1.3646e-12,2.3407e-09,6.8032e-09,1.4901e-05,0,2.391e-23,0.0038082,0.011013,0.092538,0.62648,4.2647e-05,0.061348,2.3496e-05,0.021912,0.00053267,0.066382,1.3396e-06,7.4051e-06,1.0514e-09,0.00034784,8.891e-18,2.3039e-16,5.773e-06,0.00017176,5.1895e-17,7.6632e-24,3.5668e-19,1.0523e-18,0.0064061,0.00019248,1.5709e-12,6.7673e-13,6.7311e-11,1.2129e-10,9.5916e-06,3.0415e-06,0.00010196,1.0417e-07,4.2941e-12,1.7716e-08,1.0219e-07,7.5913e-09,1.0265e-10,1.1918e-09,5.2728e-12,2.4398e-12,1.9291e-10,5.2549e-11,9.0364e-12,5.128e-09,1.8358e-11,1.8614e-08,6.7503e-12,1.4464e-08,2.6204e-11,1.9962e-11,4.5663e-12,9.3313e-10,1.2842e-12,3.1706e-14,0.00093073,0.00037023,0.20394,0.055117,0.076334,0.0047934,9.7932e-09,7.1895e-08,1.5291e-05,0.0002673,2.0437e-14,4.9863e-09,9.2983e-07,1.5964e-05,6.8914e-07,9.2724e-06,8.2282e-07,7.9535e-05,1.2513e-05,3.2456e-06,5.2264e-07,1.1297e-06,8.4724e-07,0.00037852,4.6977e-05,4.9507e-05,9.4973e-05,9.7734e-08,1.1641e-08,4.8718e-11,0.65983,0.027313,0.7015,0.91004,0.24416,0.18336,9.2685e-08,7.317e-06,5.3658e-08,1.2173e-07,0.010211,0.015626,2.9046e-06,8.7487e-06,0.050329,0.028051,4.0088e-05,0.023328,0.77955,0.865,0.12428,0.11668,0.019628,4.5891e-05,0.055741,0.46539
0.0011958,0.0057662,1.1194e-10,7.8692e-16,2.391e-23,0,0.00022891,4.5719e-07,0.060118,5.2318e-09,0.0056232,0.0017273,0.03321,0.01096,0.0017031,7.2459e-07,0.30258,0.027071,4.255e-06,0.0056252,4.4476e-05,5.5823e-09,3.6833e-12,3.8951e-13,8.4083e-17,2.1018e-22,3.3597e-12,5.025e-09,0.12552,0.0020954,1.1174e-16,6.337e-18,2.1076e-08,3.3828e-08,2.9574e-07,5.835e-07,0.00013045,7.6331e-07,2.3353e-08,0.00042072,5.083e-05,0.00025844,0.0022144,0.030809,1.9239e-05,0.00066139,0.0047121,0.0013398,5.139e-06,0.0040974,4.5355e-07,2.1468e-05,1.4933e-05,9.1682e-05,3.0677e-06,0.0003126,0.012907,0.05653,0.00049442,0.00012789,0.028932,2.6249e-05,0.035827,0.019521,0.0023351,7.0475e-07,3.0275e-06,1.0656e-06,0.35309,0.0043844,5.6379e-09,1.8866e-08,5.7804e-05,0.00031287,0.00013012,0.003282,3.6234e-08,6.4369e-08,0.18493,0.1783,0.096986,0.0304,0.0017819,0.00040987,0.00024588,0.00014309,3.3093e-05,2.5658e-08,1.8279e-07,4.2291e-07,0.00016982,6.6376e-05,1.1214e-06,0.010828,0.24555,0.60481,0.00012238,0.048271,2.2552e-07,9.9638e-05,5.8394e-09,0.00038653,3.1468e-10,1.7823e-09,5.7284e-07,2.2144e-06,1.1868e-07,0.00070941,0.060364,0.45784,0.82539,0.0015192,0.00019814,1.0407e-08,1.4469e-06,0.12554
1.7185e-08,4.6692e-05,5.8923e-28,5.0362e-15,0.0038082,0.00022891,0,2.0782e-30,1.8331e-23,4.3287e-12,8.1947e-26,1.3117e-18,3.292e-28,4.6782e-27,3.609e-25,2.0939e-20,0.011927,6.6588e-05,2.2236e-11,5.784e-05,0.60223,0.19926,3.3773e-12,3.9208e-10,0.17232,0.029663,0.00075704,0.10369,5.4553e-08,2.8709e-08,0.00020316,0.00032387,2.186e-11,7.2737e-09,3.8501e-05,0.0002748,0.0016783,6.5239e-07,7.705e-06,0.0072614,1.1189e-06,4.7465e-05,0.087527,0.12577,2.4948e-05,0.0029868,0.068286,0.04754,0.0014592,0.014365,4.0906e-10,0.00035269,1.1475e-06,0.0164,6.8489e-05,0.0015393,0.20509,0.11947,6.405e-08,0.00050799,2.3183e-32,2.4953e-17,8.1129e-27,7.6151e-13,1.9383e-22,1.1277e-11,3.2972e-10,0.00026023,0.45323,0.016086,6.396e-08,7.9801e-06,1.4242e-09,4.7116e-07,1.2206e-07,0.00064725,9.8879e-10,6.2742e-07,0.3775,0.1466,0.00019033,9.1395e-06,1.3411e-14,1.6305e-09,1.1566e-19,3.1979e-16,9.0636e-05,1.2689e-07,3.9851e-23,1.196e-11,5.1787e-05,1.4954e-12,1.9343e-10,1.5007e-21,0.89768,0.15945,0.0237,0.10565,0.00012507,0.0036976,3.7889e-11,9.3586e-26,2.7584e-07,3.4706e-12,2.2524e-05,3.0853e-08,0.0026516,0.014194,0.028312,0.52486,0.56053,0.19759,0.0021416,5.2577e-05,0.031456,0.1937
8.6428e-08,6.9719e-05,3.2213e-11,4.0013e-26,0.011013,4.5719e-07,2.0782e-30,0,2.0972e-14,9.4819e-20,3.2705e-17,4.5154e-37,3.0926e-19,1.3728e-40,1.7575e-12,1.5817e-20,0.0022003,3.9112e-08,1.9047e-11,5.448e-09,0.68606,0.49608,1.9365e-07,1.2043e-13,0.3106,0.0012762,0.00075736,0.11793,2.8239e-10,1.4357e-16,2.3827e-06,1.9898e-10,6.9913e-13,2.7256e-17,5.5351e-07,3.7987e-11,4.3855e-05,5.2891e-11,1.9149e-07,0.0027733,5.7679e-09,8.8429e-07,0.15144,0.46509,9.9486e-06,0.00063503,0.20051,0.12189,0.00064896,0.029291,1.4753e-10,7.0159e-05,2.2046e-05,0.17237,2.0655e-05,0.0040416,0.21901,0.64547,4.1194e-06,0.0007152,5.5304e-20,1.4156e-25,2.4847e-19,7.0466e-22,9.5692e-16,5.631e-29,3.903e-11,1.2342e-10,0.57125,0.11612,5.7148e-05,0.0016163,6.7069e-13,7.1837e-13,1.321e-12,7.801e-07,5.4584e-13,3.7929e-15,0.093078,0.12607,4.8573e-05,2.2684e-07,2.3532e-11,5.9299e-11,1.1353e-16,7.1837e-24,6.5274e-07,5.7931e-09,1.1363e-17,1.7286e-10,6.8581e-07,8.3952e-10,4.3357e-12,6.2879e-10,0.7988,0.02955,4.9663e-05,0.0062801,8.584e-08,1.4814e-05,1.8482e-25,8.1076e-14,5.5017e-12,8.8438e-15,4.9993e-08,1.0255e-11,3.0492e-07,1.5031e-06,0.031171,0.33405,0.65719,0.00021972,3.2554e-06,6.6686e-10,1.5602e-05,0.23188
6.086e-06,0.009846,1.0556e-14,3.9662e-09,0.092538,0.060118,1.8331e-23,2.0972e-14,0,1.283e-17,1.1601e-17,3.8952e-19,2.9658e-22,9.4577e-19,3.0372e-37,4.2578e-27,0.28436,0.0099374,0.0002188,0.0024946,0.51808,0.85637,6.1009e-12,6.9196e-09,0.66613,0.95249,0.007104,0.40994,4.9826e-06,9.8461e-05,0.052241,0.058256,0.00048815,0.010351,3.4403e-06,0.0010786,0.031013,4.0207e-09,0.00043671,0.028398,0.0021047,0.020386,0.022733,0.11607,0.00013432,0.016855,0.046109,0.023712,0.016294,0.14605,8.6428e-05,0.022864,0.012762,0.2758,0.010679,0.024343,0.79607,0.29935,0.00078375,0.0010474,2.3128e-20,1.1437e-21,1.0745e-15,4.6744e-09,5.33e-34,5.8351e-12,6.8544e-07,0.0038295,0.16673,0.016922,0.00050538,0.018296,0.037583,0.041325,0.0075359,0.038672,4.3818e-05,0.00059031,0.70112,0.2459,0.0058864,0.0049513,1.3057e-16,1.1168e-14,1.7046e-11,8.6028e-08,0.021698,4.2002e-07,3.5317e-18,2.245e-08,0.00010151,1.0222e-08,1.228e-08,1.5684e-19,0.84872,0.056677,0.0030456,0.0064338,0.00050181,0.0049558,1.4524e-08,9.6371e-16,6.1905e-05,5.8803e-06,0.017469,0.00073683,0.007236,0.0040379,0.0037888,0.0020585,0.00065097,0.015348,0.0002389,0.00010723,0.20119,0.13058
0.36459,0.42953,8.8289e-11,4.9808e-18,0.62648,5.2318e-09,4.3287e-12,9.4819e-20,1.283e-17,0,2.2864e-05,8.009e-14,0.00035064,7.6443e-11,2.2545e-08,6.3011e-34,0.0048141,0.67936,0.25923,0.66187,0.55351,0.88894,3.3977e-11,1.3515e-21,0.19455,0.015708,0.043833,0.47852,0.29564,0.073374,0.00040822,4.4326e-06,0.034836,0.13471,4.1607e-08,2.8851e-06,0.030614,1.3575e-05,0.016901,0.097502,0.11257,0.28096,0.99462,0.14506,0.069592,0.93471,0.52596,0.7481,0.39144,0.36021,0.020864,0.16505,0.57476,0.64917,0.51645,0.64962,0.0049365,0.006076,0.89683,0.85885,6.4584e-10,2.8541e-23,5.2489e-07,6.7824e-07,2.921e-21,1.3111e-23,0.0045938,0.0020027,0.0014313,0.61503,0.011622,0.015671,0.23446,0.095644,0.08452,0.63444,0.0007844,2.3509e-05,0.020367,0.029045,0.16528,0.29285,0.00082819,3.208e-07,0.00014138,2.059e-06,0.04055,5.3397e-07,8.7725e-10,7.7967e-05,8.5904e-16,1.7572e-11,8.6446e-26,7.538e-13,0.25799,0.64452,0.095975,0.66434,0.0088739,0.20412,7.8883e-16,8.3195e-10,2.5428e-06,4.4141e-07,6.0726e-05,2.2858e-05,0.00084879,0.0076722,0.0016217,0.25309,0.039335,0.0013351,0.0050057,6.1881e-06,0.0013136,0.050867
1.6652e-18,3.1397e-13,1.4044e-10,2.1758e-06,4.2647e-05,0.0056232,8.1947e-26,3.2705e-17,1.1601e-17,2.2864e-05,0,3.0546e-27,6.6866e-46,6.3875e-31,1.4316e-23,7.4113e-13,2.615e-12,3.7315e-17,2.9095e-15,1.1535e-15,0.0099173,0.075784,1.1678e-05,0.00070007,0.53293,0.25084,0.0002358,0.26998,2.3742e-22,3.8713e-20,0.00080226,0.00011816,4.4566e-16,2.5669e-16,0.00066751,9.6812e-05,6.3177e-06,1.9354e-12,3.6373e-07,0.00043246,1.2359e-12,1.1191e-11,0.0015606,0.0022854,1.8438e-06,2.1272e-05,0.00032233,0.00020563,1.0384e-05,9.1503e-05,3.4211e-13,2.5533e-05,6.7096e-09,0.0070466,5.2887e-07,2.0646e-06,4.9112e-05,0.00033838,3.563e-16,4.9595e-11,2.0323e-35,1.4708e-16,8.4087e-33,4.9113e-21,3.4208e-11,6.4065e-07,1.0566e-11,6.4418e-06,3.7613e-06,9.9262e-07,1.5938e-06,0.00039069,4.9952e-15,5.2135e-18,4.4837e-15,3.9197e-10,9.2866e-17,2.7845e-14,3.5622e-05,4.1763e-06,1.9683e-14,6.0298e-13,1.3456e-25,2.4978e-17,1.6312e-15,4.9474e-13,0.0090413,3.167e-09,1.229e-24,1.3354e-11,0.016861,6.9394e-10,0.0014063,1.1221e-09,0.052792,0.00016536,8.3711e-08,1.5744e-05,9.7314e-12,4.4067e-10,1.7281e-09,5.2639e-17,1.5396e-08,1.3791e-10,0.016205,0.0003772,4.0288e-07,0.00035824,0.34284,4.0355e-05,0.026922,3.9321e-06,2.388e-08,2.8453e-08,0.066529,0.1979
1.9437e-10,1.7389e-07,6.8012e-06,9.4888e-16,0.061348,0.0017273,1.3117e-18,4.5154e-37,3.8952e-19,8.009e-14,3.0546e-27,0,4.4843e-22,2.0178e-46,4.4533e-17,1.1373e-18,6.027e-05,4.5149e-13,2.2214e-09,5.7989e-13,0.59836,0.93473,8.1199e-05,2.5236e-07,0.94819,0.22404,0.0029249,0.76256,3.0295e-14,3.9278e-22,9.5115e-06,1.2333e-07,2.8631e-11,4.1026e-16,2.7593e-05,4.2158e-09,0.010649,3.269e-07,0.0042287,0.30657,0.0006552,0.0012117,0.037611,0.09591,3.7772e-07,3.2179e-05,0.060058,0.01213,2.8355e-05,0.00064923,1.8059e-10,9.3877e-06,0.00062443,0.55559,0.00058038,0.028697,0.064024,0.24089,8.5605e-08,1.5294e-06,3.9237e-23,4.0929e-28,4.0398e-27,8.4152e-32,7.4995e-15,1.0339e-19,1.4302e-10,3.6259e-09,0.024874,0.00019142,0.01219,0.038263,1.059e-05,1.0123e-07,6.3408e-06,0.00041696,1.8061e-11,4.0154e-17,0.016024,0.0062835,4.8856e-06,3.9435e-09,1.7379e-14,2.3355e-15,2.4842e-12,2.1324e-18,0.0040704,1.4915e-07,2.1947e-14,1.4572e-08,0.00021377,2.2019e-07,1.7403e-08,3.4674e-08,0.19474,0.10185,2.2839e-05,0.0011614,1.2112e-08,3.9252e-06,2.0665e-22,1.8277e-12,8.2471e-12,1.5878e-12,5.4901e-07,1.9335e-08,7.2648e-07,1.1142e-08,2.2888e-05,0.0028443,0.0085622,1.1395e-07,7.9845e-09,1.2683e-09,0.00060223,0.0014256
4.4085e-13,6.3722e-11,6.3926e-10,8.9414e-05,2.3496e-05,0.03321,3.292e-28,3.0926e-19,2.9658e-22,0.00035064,6.6866e-46,4.4843e-22,0,2.0608e-40,2.3886e-28,5.4636e-10,5.5968e-09,2.1149e-12,1.6891e-09,2.4951e-11,0.024617,0.053808,2.0012e-05,0.0022593,0.99004,0.34652,0.00032628,0.11053,4.7753e-17,9.0308e-15,0.039866,0.041551,1.0301e-09,3.9571e-12,0.0064666,0.0037359,0.00012774,2.7961e-11,2.7778e-08,0.00014504,1.4853e-10,5.9914e-11,0.003123,0.0012871,3.8717e-05,0.00010091,0.00054885,0.0010242,0.00018663,0.0014758,1.4235e-10,0.00024025,5.3898e-06,0.1399,2.7192e-06,3.3746e-06,0.00026612,0.00020333,1.3214e-09,1.2117e-06,3.2178e-30,2.8751e-13,3.1301e-26,3.2652e-15,2.534e-12,2.4839e-06,5.5467e-08,0.00085528,0.0007663,0.0036935,3.8336e-05,0.011617,2.8519e-14,3.8451e-15,5.1249e-14,2.0741e-08,3.1385e-09,9.7855e-07,0.0011136,0.00057139,2.6893e-09,6.82e-11,5.1798e-19,4.0736e-11,7.5846e-13,9.7281e-11,0.014385,2.9962e-07,2.2225e-18,1.3616e-08,0.14398,1.5807e-05,0.021843,2.1368e-09,0.002549,9.2695e-06,3.0901e-06,4.4275e-06,6.0474e-08,9.3437e-07,1.2129e-07,6.8321e-16,3.2465e-05,1.1413e-05,0.16292,0.004465,2.1514e-05,0.091041,0.54696,0.00012654,0.26146,0.0023848,2.1892e-06,0.00024053,0.28041,0.9886
1.5313e-08,3.7892e-06,6.5306e-08,2.079e-11,0.021912,0.01096,4.6782e-27,1.3728e-40,9.4577e-19,7.6443e-11,6.3875e-31,2.0178e-46,2.0608e-40,0,4.1023e-18,7.1924e-18,0.00056495,7.342e-09,1.1205e-06,1.2702e-08,0.80223,0.50751,0.00082732,2.7004e-06,0.40009,0.39052,0.02032,0.56715,1.844e-11,5.2949e-17,0.0061711,0.00090618,3.9315e-09,1.8093e-12,0.0033845,9.4769e-06,0.024068,2.803e-08,0.00032224,0.065592,2.829e-06,1.4476e-06,0.30776,0.42461,0.00031912,0.0022216,0.36598,0.25314,0.005407,0.065738,3.3767e-08,0.0045855,0.0018821,0.77094,0.0027766,0.049676,0.15203,0.37977,3.9009e-06,0.00056642,4.0599e-27,1.6907e-20,1.5608e-28,1.1636e-22,9.4739e-15,1.444e-16,2.8259e-07,5.6721e-06,0.34214,0.028208,0.0056699,0.044828,5.7766e-11,1.0019e-11,1.2196e-10,1.4365e-05,3.5145e-10,5.427e-12,0.12785,0.11608,4.4944e-05,3.2732e-07,3.6283e-12,8.1358e-10,4.8926e-11,7.9269e-16,0.020744,5.6604e-07,4.7783e-15,9.4509e-07,0.00033529,2.6654e-07,1.7093e-07,1.2432e-09,0.73631,0.037798,0.0011649,0.047561,7.1024e-06,0.00067403,2.2942e-17,8.5535e-15,1.3019e-08,6.406e-10,5.1095e-05,1.4479e-07,1.6532e-05,0.00062235,0.023372,0.028699,0.55273,0.0004493,2.3316e-06,5.3178e-06,0.0072372,0.16628
6.9147e-09,5.0906e-05,1.8201e-21,2.2919e-10,0.00053267,0.0017031,3.609e-25,1.7575e-12,3.0372e-37,2.2545e-08,1.4316e-23,4.4533e-17,2.3886e-28,4.1023e-18,0,1.9385e-31,0.0039108,2.9053e-05,3.8499e-10,4.5073e-06,0.088602,0.048984,3.7273e-20,5.9065e-11,0.056318,0.027311,3.1868e-07,0.0020968,1.4774e-09,2.4938e-07,0.00060079,0.0045659,1.0286e-10,2.0565e-06,5.9339e-06,0.0051631,0.0012384,1.3345e-09,1.7562e-08,0.00026429,9.0817e-06,0.00011714,0.0048758,0.016492,0.00019849,0.0099836,0.0071238,0.0021545,0.0013326,0.020806,8.527e-07,0.00082962,0.00012436,0.019362,4.6532e-06,4.3623e-05,0.032676,0.0018674,0.0002291,7.3476e-06,1.401e-15,3.8793e-16,1.9566e-14,2.0165e-07,3.8187e-22,2.6632e-07,3.569e-09,0.0011926,0.0034169,4.2844e-05,1.3069e-07,5.4703e-05,0.00031725,0.0011389,3.1741e-06,0.00013363,1.3387e-07,1.7454e-05,0.040289,0.0076681,4.1409e-06,1.145e-06,2.0266e-30,9.1772e-20,7.8072e-21,7.2876e-11,2.7724e-06,4.4607e-12,9.5693e-26,2.4715e-12,0.00906,5.3593e-08,2.8999e-06,1.0915e-18,0.71707,0.11668,5.7609e-05,0.0027905,2.674e-05,0.00060243,2.8768e-06,7.0336e-16,2.9774e-05,2.2947e-05,0.0032187,4.3366e-05,0.00038599,0.011999,0.012558,0.12452,0.12193,0.058716,0.00068898,9.5004e-06,0.037932,0.10676
0.0012622,0.17885,4.4097e-20,7.8177e-21,0.066382,7.2459e-07,2.0939e-20,1.5817e-20,4.2578e-27,6.3011e-34,7.4113e-13,1.1373e-18,5.4636e-10,7.1924e-18,1.9385e-31,0,0.5972,0.094286,9.9411e-05,0.059469,0.39536,0.37716,5.9285e-19,1.1525e-23,0.2982,0.020749,0.00049618,0.042158,0.00061089,7.4176e-05,2.4141e-05,2.8926e-07,1.8753e-06,0.0041614,7.468e-07,0.00010217,0.0065516,3.4845e-08,0.00026065,0.0027971,0.0032179,0.0032264,0.21949,0.76571,0.00354,0.26551,0.54725,0.46075,0.041762,0.77131,0.00014673,0.038423,0.0075083,0.19825,0.011411,0.19808,0.46851,0.61429,0.076238,0.027248,2.3825e-13,7.2997e-26,1.0344e-11,2.8737e-09,1.2483e-26,1.6444e-17,1.8352e-05,0.00034724,0.42968,0.11135,4.9247e-06,8.5511e-05,0.0080125,0.02058,0.00033802,0.015335,9.1754e-07,7.2641e-08,0.49364,0.7149,0.11541,0.098089,2.45e-14,6.4563e-19,1.1594e-12,1.2784e-10,0.0015512,1.1167e-13,2.0112e-20,4.74e-10,1.8706e-08,1.1837e-11,2.5655e-17,7.7598e-16,0.30933,0.93297,0.017089,0.59552,0.00090968,0.06892,6.3143e-11,1.3747e-12,3.4765e-06,9.7619e-08,3.752e-05,2.1154e-06,0.00068601,0.007218,0.00063928,0.86855,0.33334,0.054445,0.0044635,1.0452e-06,0.010796,0.0095827
2.4445e-22,8.5843e-36,0.20178,0.80529,1.3396e-06,0.30258,0.011927,0.0022003,0.28436,0.0048141,2.615e-12,6.027e-05,5.5968e-09,0.00056495,0.0039108,0.5972,0,1.7605e-51,9.1454e-12,2.9654e-15,0.00017534,0.034163,0.27228,0.54847,0.014218,0.02683,0.00013876,0.016426,5.1072e-24,9.1681e-24,2.2895e-05,2.9671e-05,8.8216e-15,1.21e-20,0.10513,0.0023065,5.0162e-09,5.355e-07,7.707e-07,2.2612e-06,8.8478e-14,1.8031e-15,2.7268e-14,1.5746e-18,8.367e-12,1.8706e-17,1.6015e-16,1.6107e-18,3.0881e-15,3.3889e-21,3.2224e-16,2.8262e-16,8.3053e-14,1.4193e-06,1.0919e-15,9.3284e-16,1.5449e-35,2.0918e-26,4.2536e-16,6.8557e-16,2.0643e-05,0.0053212,1.1111e-05,3.0823e-08,0.82195,0.75344,5.7039e-06,0.00013155,1.4281e-14,0.00016537,3.475e-05,0.0029822,1.894e-16,4.7379e-19,9.5737e-12,8.3958e-11,1.0335e-09,8.3395e-10,3.1015e-43,2.9871e-39,1.3773e-45,2.2721e-41,1.8338e-11,4.054e-08,3.1454e-07,7.2205e-08,0.0011448,0.087725,0.00035494,3.98e-08,6.2093e-08,0.20955,1.3787e-06,0.023326,0.0221,7.443e-08,2.9053e-15,5.0923e-19,3.9786e-11,6.1233e-16,0.89427,0.81339,0.077149,0.037893,0.37495,0.51172,0.023935,0.016319,0.97675,7.2669e-07,0.10139,0.0076409,0.0049353,0.0027166,0.69329,0.02018
7.2656e-20,2.6617e-37,0.042689,0.009434,7.4051e-06,0.027071,6.6588e-05,3.9112e-08,0.0099374,0.67936,3.7315e-17,4.5149e-13,2.1149e-12,7.342e-09,2.9053e-05,0.094286,1.7605e-51,0,1.4132e-15,1.9599e-26,0.007656,0.058171,0.12031,0.85465,0.052261,0.061717,0.00059179,0.30129,7.0876e-26,1.3565e-41,1.2276e-06,6.3072e-07,2.7302e-21,1.6935e-32,0.045504,0.00011831,1.3116e-07,5.3043e-08,4.6075e-06,0.00014474,1.0212e-11,3.0225e-15,4.6752e-11,1.9187e-13,5.3611e-13,9.2684e-17,1.6803e-13,9.765e-16,5.4228e-17,9.3605e-21,4.1805e-20,9.0388e-18,4.2864e-14,4.5044e-05,6.4244e-15,5.3393e-13,6.7615e-21,5.9544e-17,5.35e-17,2.255e-17,2.472e-08,1.395e-06,2.367e-12,1.5685e-22,0.2698,0.025462,1.3345e-08,2.071e-06,1.8784e-13,9.1622e-08,1.8145e-05,0.0020741,2.935e-15,1.634e-21,2.0635e-11,1.455e-11,2.6642e-13,4.9851e-15,2.3142e-26,3.7634e-28,1.7869e-38,3.0225e-52,1.5015e-15,1.1862e-12,3.1879e-09,4.1954e-10,0.00039073,0.0023084,7.3959e-07,6.9324e-08,0.0083671,0.45072,0.057625,0.65729,0.21731,5.8264e-06,3.4696e-15,2.5382e-16,1.0871e-18,3.9416e-18,0.00095081,0.092292,7.6859e-07,9.8748e-06,0.10635,0.057057,1.0181e-05,1.1628e-05,0.15619,4.9992e-06,0.11483,7.598e-06,2.007e-05,4.1727e-08,0.11419,0.019819
3.3226e-28,5.7243e-17,1.9184e-12,4.2518e-15,1.0514e-09,4.255e-06,2.2236e-11,1.9047e-11,0.0002188,0.25923,2.9095e-15,2.2214e-09,1.6891e-09,1.1205e-06,3.8499e-10,9.9411e-05,9.1454e-12,1.4132e-15,0,2.1712e-30,0.0061729,0.00010872,7.2842e-08,4.1645e-05,8.3576e-07,5.6807e-08,5.4894e-11,8.3832e-05,3.9181e-11,6.5678e-13,9.6817e-09,9.3184e-12,1.0109e-34,3.8789e-34,2.6854e-07,7.8446e-12,5.2527e-08,3.3337e-17,4.2885e-19,5.5573e-08,4.0315e-18,4.8376e-13,1.3797e-06,3.2856e-05,2.6223e-11,3.256e-09,6.9534e-08,7.8096e-09,4.6127e-12,3.8573e-09,1.293e-19,4.7721e-10,2.2895e-19,2.2646e-10,5.7805e-18,1.1947e-15,3.8695e-11,2.3345e-09,4.3771e-23,1.5578e-26,1.7175e-07,4.805e-08,1.5678e-05,7.8533e-08,0.0005967,1.0661e-05,1.2334e-30,1.9423e-17,6.0171e-19,7.1716e-17,1.0835e-17,5.6119e-12,4.6838e-15,8.6337e-14,2.4052e-18,1.8582e-17,2.0051e-27,1.0812e-18,8.77e-06,1.0542e-07,3.853e-16,2.2108e-19,2.5368e-25,6.5767e-14,2.3188e-25,5.5754e-19,1.186e-15,1.9505e-16,2.4424e-24,8.3092e-20,0.01447,5.5127e-11,0.00616,1.0222e-06,0.013526,0.00052535,1.3403e-14,1.7623e-07,8.3875e-18,4.3141e-15,1.2109e-09,9.9673e-11,4.7711e-17,6.5212e-17,4.0699e-07,1.4199e-11,3.1882e-12,5.0905e-11,0.56117,0.3129,0.8279,7.4984e-06,8.6097e-07,6.4336e-16,3.2012e-08,0.16477
3.0695e-13,2.3643e-14,0.13462,9.4028e-06,0.00034784,0.0056252,5.784e-05,5.448e-09,0.0024946,0.66187,1.1535e-15,5.7989e-13,2.4951e-11,1.2702e-08,4.5073e-06,0.059469,2.9654e-15,1.9599e-26,2.1712e-30,0,0.060892,0.030123,0.30583,0.82476,0.57225,0.12836,0.017923,0.95657,2.6231e-18,1.3756e-23,0.0025581,1.2672e-05,1.8443e-18,1.0842e-32,0.13249,5.5512e-05,0.00011435,2.7378e-10,2.2317e-07,0.025069,2.6892e-09,1.0979e-08,0.062062,0.10738,0.00019513,0.00018176,0.0029243,0.0016615,1.1431e-05,9.4609e-05,6.2701e-09,0.0009859,3.2686e-07,0.051447,7.332e-07,6.168e-06,1.0127e-06,0.00012697,2.2014e-17,4.1101e-17,1.8881e-06,0.00019391,1.0858e-10,7.6335e-14,0.27761,0.029466,3.5896e-16,3.2504e-10,9.0439e-25,7.0848e-17,0.00028738,0.0084447,1.2834e-12,1.4015e-15,5.5116e-12,2.9874e-14,5.8353e-19,1.8364e-17,9.5939e-05,1.3024e-05,1.0688e-15,2.0971e-19,1.4568e-19,1.2154e-12,5.1526e-08,5.6088e-07,0.00045832,8.8892e-07,2.5427e-09,4.5952e-05,0.070462,4.9873e-07,0.21651,0.001925,0.0052768,3.4616e-05,2.0464e-10,1.4879e-06,3.2197e-20,2.0658e-16,3.7252e-11,4.0831e-07,1.1298e-16,1.2113e-12,0.0021445,4.8104e-06,1.8109e-12,3.3417e-12,0.53052,0.0027201,0.0041298,2.0537e-13,7.4598e-15,1.4595e-15,5.7393e-07,0.13548
7.4873e-07,0.00017606,0.00091168,0.21316,8.891e-18,4.4476e-05,0.60223,0.68606,0.51808,0.55351,0.0099173,0.59836,0.024617,0.80223,0.088602,0.39536,0.00017534,0.007656,0.0061729,0.060892,0,2.3588e-15,0.032615,0.034166,0.00017633,9.2147e-08,8.1494e-08,8.4746e-11,0.01443,0.16201,2.7875e-07,1.7791e-08,0.0055624,0.020434,0.027877,0.030247,2.0725e-06,3.1026e-05,2.145e-06,3.6705e-13,0.00074483,9.5882e-10,1.5801e-10,1.7131e-07,1.0693e-06,7.5249e-07,4.1429e-10,2.6931e-08,9.9522e-07,2.3301e-05,2.1833e-06,0.00013272,8.8256e-09,1.46e-08,5.5791e-06,1.6763e-06,3.2748e-08,3.6332e-07,2.2079e-09,1.177e-09,0.035533,0.11445,0.7848,0.94466,0.69275,0.92582,0.00072648,0.00018668,4.2729e-06,0.17127,7.354e-07,0.00017916,0.00023489,0.00060107,0.0010183,0.020114,0.073779,0.085908,5.9522e-05,3.0569e-05,8.87e-07,0.012054,6.9663e-05,6.4968e-06,0.11369,0.01117,0.73508,1.9489e-07,0.00089271,2.4278e-07,0.10062,0.31964,0.021247,0.12379,6.6078e-06,2.5288e-07,6.4142e-08,1.3462e-07,2.2536e-05,3.5133e-05,0.59215,0.86338,0.22452,0.3729,0.0001899,5.1779e-05,0.014048,0.086052,0.16578,3.4094e-06,0.43484,0.25994,0.014112,0.14831,0.00019478,0.033863
1.3579e-06,1.0769e-05,3.6244e-05,0.0023426,2.3039e-16,5.5823e-09,0.19926,0.49608,0.85637,0.88894,0.075784,0.93473,0.053808,0.50751,0.048984,0.37716,0.034163,0.058171,0.00010872,0.030123,2.3588e-15,0,0.023088,0.016136,1.2917e-08,3.4539e-14,1.6238e-07,1.1576e-12,0.96808,0.34121,7.4413e-07,5.6227e-05,1.2886e-05,0.00022732,0.14629,0.02044,0.27413,0.0018177,2.7614e-07,5.0611e-05,0.00014704,1.4918e-06,9.1697e-05,0.00034293,0.00028541,0.00027103,6.2724e-05,1.1689e-05,1.4025e-06,0.00079295,6.5725e-05,0.00069678,1.4849e-05,1.5931e-06,3.1585e-05,5.2851e-06,2.2524e-07,1.5522e-06,2.7903e-06,9.8216e-07,0.030305,0.13798,0.81785,0.71946,0.6874,0.16497,0.0020903,0.0041356,2.2035e-05,0.00010032,8.288e-17,1.2317e-16,2.4502e-06,0.00083756,0.0014365,0.012108,0.007629,0.03084,0.0077309,0.0045705,0.013157,0.0053719,0.0089148,0.196,0.32259,0.068378,0.04411,0.0003439,0.0012321,0.00011481,0.99192,0.020985,0.82502,0.97517,0.90006,0.36169,0.00031446,0.013966,0.00015046,0.00013954,0.24451,0.57586,9.3123e-05,0.0014716,0.0092627,0.041628,0.046328,0.39415,0.46484,0.72933,0.0085731,0.27767,0.20781,0.0012236,0.020999,0.90826
2.1149e-05,0.0087394,1.5206e-36,5.6684e-18,5.773e-06,3.6833e-12,3.3773e-12,1.9365e-07,6.1009e-12,3.3977e-11,1.1678e-05,8.1199e-05,2.0012e-05,0.00082732,3.7273e-20,5.9285e-19,0.27228,0.12031,7.2842e-08,0.30583,0.032615,0.023088,0,3.3196e-41,3.3363e-17,9.0536e-14,1.1026e-21,4.2766e-13,0.015041,0.03558,1.0902e-19,1.1758e-12,1.2289e-11,6.7183e-05,4.1051e-19,8.2154e-08,2.028e-06,3.7614e-11,1.1929e-11,2.1556e-07,6.4686e-07,0.00035215,9.8309e-06,0.0022519,1.3394e-07,0.0025311,0.00056557,5.6988e-05,0.00010601,0.002464,2.9777e-07,2.4896e-06,7.1186e-06,3.6932e-07,4.8858e-09,9.3683e-08,0.010438,0.0015545,0.027717,0.0009791,0.00023915,2.0497e-09,0.0083139,0.23499,1.2011e-17,1.0308e-08,1.1229e-09,1.1634e-05,0.18803,0.0080743,5.0918e-10,2.0219e-08,0.00933,0.027079,0.00011333,0.00015542,3.1612e-06,0.00024242,0.069127,0.02744,0.0078337,0.0083817,1.6563e-11,2.9376e-09,3.3629e-18,8.9561e-09,2.3545e-12,1.5734e-10,1.3572e-19,2.6293e-16,0.0055247,9.4692e-06,6.7945e-08,9.7825e-10,0.50633,0.3974,2.799e-06,0.0011077,0.00020904,0.0012348,0.0016558,8.6056e-08,0.00027615,1.6808e-05,2.6996e-05,1.6868e-06,0.0015535,0.027717,0.0025982,0.95271,0.50163,0.20078,0.046252,4.9052e-06,0.0033554,0.056429
0.00021196,0.36775,9.1521e-28,2.4672e-30,0.00017176,3.8951e-13,3.9208e-10,1.2043e-13,6.9196e-09,1.3515e-21,0.00070007,2.5236e-07,0.0022593,2.7004e-06,5.9065e-11,1.1525e-23,0.54847,0.85465,4.1645e-05,0.82476,0.034166,0.016136,3.3196e-41,0,1.1436e-12,4.3247e-17,1.9005e-20,2.0421e-15,0.34758,0.20434,5.1449e-19,2.1488e-18,7.8143e-09,0.00016863,1.791e-28,1.6825e-17,5.6347e-07,7.3243e-11,6.9129e-12,6.4714e-09,1.256e-05,0.0015292,0.0021766,0.377,2.6046e-06,0.034046,0.17519,0.055463,0.006306,0.42504,1.3101e-05,0.0024214,0.0012853,0.00078948,7.7917e-06,0.0013743,0.22846,0.19619,0.054949,0.0040684,3.6147e-06,1.4977e-17,0.05068,0.15322,9.6041e-24,3.8034e-23,2.1388e-10,8.2351e-12,0.98268,0.16628,4.6039e-06,8.6632e-06,0.0091434,0.023171,0.00037003,0.00068797,2.5985e-06,2.59e-06,0.65695,0.61244,0.38621,0.4723,2.9856e-06,1.2112e-07,4.2404e-14,1.7849e-13,5.3844e-10,8.5094e-15,1.9008e-18,5.1696e-16,3.8753e-06,2.64e-08,1.6271e-13,3.339e-07,0.9532,0.24503,4.2218e-06,0.0492,0.0048664,0.10155,3.8329e-08,1.4589e-07,5.2945e-05,9.8253e-08,1.2296e-05,5.3614e-07,0.00016187,0.020803,0.074423,0.72134,0.63178,0.18077,0.11035,2.5139e-06,0.0034522,0.097265
3.5864e-06,1.6498e-05,9.1201e-12,2.8276e-07,5.1895e-17,8.4083e-17,0.17232,0.3106,0.66613,0.19455,0.53293,0.94819,0.99004,0.40009,0.056318,0.2982,0.014218,0.052261,8.3576e-07,0.57225,0.00017633,1.2917e-08,3.3363e-17,1.1436e-12,0,8.2882e-47,2.5017e-38,3.6774e-27,0.901,0.33912,1.2139e-25,3.7236e-14,1.4937e-12,8.2984e-08,1.7691e-15,1.2473e-09,0.00012929,0.00055497,3.2949e-12,3.0672e-07,5.4781e-05,0.00040082,3.0959e-11,9.8013e-09,1.1343e-11,1.7931e-08,6.1654e-08,1.3097e-10,1.2173e-09,4.4664e-08,2.6589e-08,1.0101e-09,2.9015e-08,9.4486e-12,1.2652e-12,1.0498e-10,1.2164e-08,6.3362e-09,0.0011124,1.2822e-05,0.65294,0.015894,0.092556,0.30883,0.022712,0.00058537,1.5694e-07,5.0399e-07,0.01099,0.0026603,8.7674e-09,8.6068e-08,0.014361,0.028462,0.0057636,1.6082e-05,0.0020453,0.012198,1.7332e-05,5.2303e-06,0.0038176,0.0019532,0.0052485,0.10057,3.853e-06,0.00013879,1.0866e-15,0.00018985,2.3931e-05,4.6536e-09,0.17196,0.65747,0.9447,0.74323,0.50438,0.54035,7.8103e-08,8.1662e-05,0.00023691,0.0004221,0.62095,0.64408,0.017446,0.018932,0.00063406,0.00025994,0.027778,0.046767,0.55004,0.44073,0.086301,0.79332,0.89325,0.0024435,0.001652,0.31982
2.5417e-07,0.00016308,5.9518e-11,3.7749e-12,7.6632e-24,2.1018e-22,0.029663,0.0012762,0.95249,0.015708,0.25084,0.22404,0.34652,0.39052,0.027311,0.020749,0.02683,0.061717,5.6807e-08,0.12836,9.2147e-08,3.4539e-14,9.0536e-14,4.3247e-17,8.2882e-47,0,1.0278e-35,3.5458e-41,0.63753,0.087522,6.6992e-27,1.1263e-22,3.8158e-14,1.3767e-10,1.1928e-18,4.9021e-18,1.2993e-05,7.6409e-08,1.471e-19,4.7398e-12,2.0916e-07,3.6207e-06,7.0049e-10,3.0696e-06,1.5012e-13,2.5933e-10,3.3996e-07,6.7828e-09,1.1857e-10,1.0667e-06,7.5951e-11,2.9916e-09,1.0892e-10,6.3396e-13,1.9835e-13,1.676e-11,1.5683e-07,4.2954e-06,5.9904e-07,7.5851e-08,0.047454,8.8956e-05,0.38082,0.63577,0.0043335,1.5787e-08,7.1697e-13,1.193e-15,0.0063404,0.02398,8.308e-11,6.4027e-08,0.00024612,0.0018836,3.857e-05,1.0583e-06,1.9903e-06,0.00010753,0.00030871,0.00072178,0.0017203,0.00069296,8.1933e-05,0.0034529,4.6974e-08,6.2253e-09,2.7867e-14,2.0441e-09,1.4441e-08,8.0633e-14,0.65529,0.0091368,0.31849,0.86812,0.36752,0.042917,1.2181e-09,1.2302e-05,1.5289e-07,1.2203e-06,0.0020444,0.12423,1.2382e-05,2.5709e-05,0.00014401,1.2418e-05,1.2982e-05,0.036159,0.77241,0.43039,0.026218,0.28504,0.19829,4.6646e-06,0.00027005,0.81755
4.3251e-14,3.0419e-08,2.9585e-16,2.8219e-10,3.5668e-19,3.3597e-12,0.00075704,0.00075736,0.007104,0.043833,0.0002358,0.0029249,0.00032628,0.02032,3.1868e-07,0.00049618,0.00013876,0.00059179,5.4894e-11,0.017923,8.1494e-08,1.6238e-07,1.1026e-21,1.9005e-20,2.5017e-38,1.0278e-35,0,4.8676e-45,0.10141,0.038584,2.1805e-20,1.5743e-14,2.2137e-17,3.6473e-11,6.3991e-28,1.2541e-17,7.5771e-07,5.9403e-10,1.7491e-23,4.7792e-14,2.6966e-08,3.1255e-07,1.5916e-14,1.2e-09,8.6305e-18,3.2219e-11,1.7546e-09,2.2995e-11,1.5814e-11,5.8391e-08,1.6703e-13,1.2347e-10,2.6571e-11,1.9494e-11,3.4551e-16,2.3529e-15,2.9276e-12,1.228e-12,2.2953e-07,4.284e-11,0.00018878,6.5868e-09,0.87999,0.25059,1.3963e-09,2.0023e-10,4.9358e-16,1.5709e-14,7.4671e-06,0.00019164,4.0261e-08,8.4173e-06,0.0002042,0.0005091,1.3528e-05,1.3339e-09,3.2567e-05,0.0023091,3.037e-06,6.1064e-07,2.3595e-05,7.4227e-06,3.3339e-08,2.3076e-05,5.3027e-14,3.472e-11,4.9214e-16,1.9769e-11,1.5921e-14,4.3204e-20,0.28075,0.10378,0.8383,0.48796,0.035794,0.00056432,3.2977e-15,5.4734e-09,5.5781e-07,1.0803e-05,0.032717,0.013519,0.0024845,0.00049154,0.0052176,0.00016576,4.8063e-05,0.080752,0.74753,0.10041,0.42914,0.34249,0.22934,1.6388e-05,0.011777,0.30085
8.0446e-09,0.00066352,4.6248e-11,4.0954e-06,1.0523e-18,5.025e-09,0.10369,0.11793,0.40994,0.47852,0.26998,0.76256,0.11053,0.56715,0.0020968,0.042158,0.016426,0.30129,8.3832e-05,0.95657,8.4746e-11,1.1576e-12,4.2766e-13,2.0421e-15,3.6774e-27,3.5458e-41,4.8676e-45,0,0.7451,0.77595,5.7543e-16,1.8499e-11,1.9721e-08,0.00012764,1.7952e-19,2.428e-12,0.00036581,8.8434e-08,6.8929e-18,3.1522e-14,1.2614e-06,1.0966e-05,1.2736e-11,9.731e-08,8.0719e-13,4.514e-09,2.0813e-07,2.6304e-08,1.0379e-07,2.657e-05,1.9473e-08,4.2323e-07,1.032e-08,9.028e-12,5.626e-11,3.4336e-12,2.5956e-10,2.1155e-09,4.5597e-06,1.0048e-07,0.012238,0.0002221,0.042488,0.24613,2.506e-05,4.6617e-07,4.5849e-09,4.6718e-11,0.00058759,0.10946,5.0953e-07,1.2197e-05,0.0018723,0.026788,0.00053111,1.599e-05,0.010201,0.18979,0.00037961,0.00052197,0.012374,0.010955,0.00087449,0.018783,8.6766e-07,3.281e-07,3.9195e-09,6.8661e-08,1.7727e-08,2.0477e-15,0.086858,0.26214,0.3727,0.76274,0.044688,0.0049377,1.4891e-08,1.2024e-05,0.0010328,0.00064203,0.6891,0.20817,0.07394,0.026216,0.15026,0.040175,0.0056699,0.975,0.40132,0.99917,0.043041,0.61822,0.9712,0.013016,0.36881,0.65809
1.2918e-08,3.7398e-10,0.029731,0.016204,0.0064061,0.12552,5.4553e-08,2.8239e-10,4.9826e-06,0.29564,2.3742e-22,3.0295e-14,4.7753e-17,1.844e-11,1.4774e-09,0.00061089,5.1072e-24,7.0876e-26,3.9181e-11,2.6231e-18,0.01443,0.96808,0.015041,0.34758,0.901,0.63753,0.10141,0.7451,0,4.6781e-47,1.9686e-05,1.2663e-07,2.8108e-11,6.6531e-16,0.10996,0.014474,1.1446e-11,8.2625e-09,0.00056779,0.0010251,8.2835e-12,5.2585e-14,0.00012474,7.5856e-05,0.00037933,9.4568e-06,2.1666e-05,1.962e-05,7.4078e-05,5.218e-06,5.806e-08,5.3599e-06,1.1997e-05,0.14062,3.4691e-06,3.0139e-05,6.2624e-05,0.0043316,8.9637e-10,2.4581e-07,4.3549e-07,0.0020533,5.7902e-16,6.7122e-11,0.12555,0.21597,1.9155e-05,0.00041512,0.00032869,0.050164,0.0017143,0.020305,3.3648e-16,1.2256e-21,2.0263e-13,1.6475e-09,6.5765e-12,1.7275e-14,5.9674e-15,2.0669e-13,1.8672e-28,5.5266e-17,8.5322e-18,1.2605e-16,3.6596e-07,1.0797e-08,0.1713,0.00266,1.5602e-05,0.00020518,0.17525,0.15907,0.61106,0.10725,0.092857,3.5835e-05,3.6483e-08,2.5489e-08,5.9481e-09,1.2637e-09,0.00036652,0.0010878,0.014271,0.0030569,0.49731,0.83759,0.00011464,0.0031646,0.35044,5.1172e-08,3.3332e-05,0.00022697,3.365e-07,0.002892,0.65588,0.014382
1.0912e-10,7.2707e-16,0.044396,7.3514e-05,0.00019248,0.0020954,2.8709e-08,1.4357e-16,9.8461e-05,0.073374,3.8713e-20,3.9278e-22,9.0308e-15,5.2949e-17,2.4938e-07,7.4176e-05,9.1681e-24,1.3565e-41,6.5678e-13,1.3756e-23,0.16201,0.34121,0.03558,0.20434,0.33912,0.087522,0.038584,0.77595,4.6781e-47,0,1.3283e-07,2.5365e-10,2.6634e-19,1.4764e-31,0.13422,0.00011809,2.6434e-06,4.7329e-08,0.00066301,0.011803,1.0195e-09,2.2622e-13,3.4357e-05,1.4191e-05,6.195e-08,1.879e-10,2.1332e-06,3.614e-07,1.6895e-09,2.9155e-10,1.0565e-12,2.6351e-09,6.4514e-08,0.055129,3.5582e-09,1.528e-06,8.3724e-07,0.00035199,1.2611e-11,1.5689e-08,3.0406e-08,2.8739e-06,6.3951e-20,1.0477e-25,0.10493,0.00089388,2.2588e-07,3.0008e-06,5.1815e-05,0.0010143,0.00040538,0.019058,1.4483e-17,1.9311e-22,1.843e-14,7.6944e-12,1.8148e-14,5.3275e-19,7.148e-15,2.4829e-13,7.0333e-28,3.9362e-27,1.864e-15,3.0036e-14,1.3863e-08,5.4949e-11,0.0054329,0.0010825,1.6304e-06,1.889e-05,0.34896,0.14007,0.74058,0.37983,0.89316,0.0091492,2.7361e-08,2.143e-08,6.2121e-13,4.3568e-12,6.9931e-08,0.0061958,1.6265e-07,4.4732e-07,0.0060554,0.0034391,3.7297e-06,1.1396e-07,0.039512,0.00074273,0.059298,0.00011735,3.7715e-06,5.2946e-07,0.0223,0.0098263
9.9582e-08,2.4644e-06,5.1667e-14,3.9253e-17,1.5709e-12,1.1174e-16,0.00020316,2.3827e-06,0.052241,0.00040822,0.00080226,9.5115e-06,0.039866,0.0061711,0.00060079,2.4141e-05,2.2895e-05,1.2276e-06,9.6817e-09,0.0025581,2.7875e-07,7.4413e-07,1.0902e-19,5.1449e-19,1.2139e-25,6.6992e-27,2.1805e-20,5.7543e-16,1.9686e-05,1.3283e-07,0,6.3857e-53,1.7278e-17,2.3482e-13,1.4436e-12,7.4337e-14,5.422e-08,2.2422e-06,2.9423e-07,1.04e-06,1.0358e-06,2.5648e-07,1.1161e-13,4.7966e-09,1.6816e-18,9.3391e-14,1.7299e-09,3.6235e-12,3.6094e-15,6.3511e-12,3.7074e-16,1.3532e-15,1.2551e-12,2.0072e-12,8.793e-15,1.8197e-10,1.891e-08,1.4351e-05,1.2311e-08,5.951e-09,0.005287,2.4357e-05,0.016393,0.0065777,0.0017367,1.9171e-06,2.9236e-10,1.612e-12,0.012312,0.0019797,1.8127e-09,3.4237e-10,2.582e-05,8.1964e-06,6.7804e-05,8.9268e-05,2.1578e-07,6.3875e-10,3.7978e-10,1.4799e-10,6.3859e-10,1.3462e-08,2.0307e-07,6.4004e-09,1.2272e-08,1.1006e-11,2.1858e-06,2.4061e-06,3.6108e-08,6.5894e-14,0.70014,0.085808,0.10959,0.7322,0.035869,0.20584,4.6646e-12,8.2474e-07,9.1003e-09,5.9251e-08,0.00087294,0.075768,4.1664e-06,6.3199e-08,6.3343e-05,0.00043516,0.00010739,0.00010573,4.1077e-05,0.17177,0.45333,0.015646,0.00878,7.8038e-07,0.012238,9.9753e-07
8.9077e-08,0.00021341,9.4231e-10,1.5649e-21,6.7673e-13,6.337e-18,0.00032387,1.9898e-10,0.058256,4.4326e-06,0.00011816,1.2333e-07,0.041551,0.00090618,0.0045659,2.8926e-07,2.9671e-05,6.3072e-07,9.3184e-12,1.2672e-05,1.7791e-08,5.6227e-05,1.1758e-12,2.1488e-18,3.7236e-14,1.1263e-22,1.5743e-14,1.8499e-11,1.2663e-07,2.5365e-10,6.3857e-53,0,1.9919e-17,1.8575e-16,6.9957e-13,3.8834e-20,7.8934e-12,1.519e-10,3.4386e-09,2.6768e-10,2.1813e-08,1.3803e-10,1.0257e-10,1.4065e-05,2.5585e-15,1.5208e-11,5.4969e-08,1.407e-08,2.5132e-12,6.3949e-08,1.0003e-14,6.2056e-11,3.8677e-12,2.7617e-09,7.4028e-13,1.4973e-08,1.5985e-05,0.0058752,4.7209e-10,1.6128e-10,0.0014616,1.8615e-07,0.012011,0.00015677,0.0012419,1.274e-09,4.6368e-13,1.3274e-19,0.0067335,0.011266,1.5267e-09,2.3266e-08,7.9524e-07,2.7756e-08,6.0099e-08,1.2947e-06,2.3494e-11,3.525e-15,1.421e-07,1.7896e-07,1.1251e-09,2.4348e-07,3.5698e-08,9.4651e-13,5.6529e-09,3.9112e-14,4.0326e-05,9.2007e-10,1.4635e-09,9.7115e-15,0.24234,0.0014889,0.0094858,0.77532,0.93225,0.029965,1.4562e-14,1.8794e-07,2.1048e-10,1.2673e-08,1.0572e-07,0.029592,7.6016e-08,1.6753e-10,0.00030852,0.00031215,9.5802e-08,4.5301e-06,0.039655,0.11606,0.22319,0.0016814,0.00016288,2.4242e-09,0.018391,0.00053427
1.0097e-21,4.5692e-18,9.2335e-14,2.2646e-14,6.7311e-11,2.1076e-08,2.186e-11,6.9913e-13,0.00048815,0.034836,4.4566e-16,2.8631e-11,1.0301e-09,3.9315e-09,1.0286e-10,1.8753e-06,8.8216e-15,2.7302e-21,1.0109e-34,1.8443e-18,0.0055624,1.2886e-05,1.2289e-11,7.8143e-09,1.4937e-12,3.8158e-14,2.2137e-17,1.9721e-08,2.8108e-11,2.6634e-19,1.7278e-17,1.9919e-17,0,1.9033e-54,6.5934e-13,1.9173e-17,2.1189e-07,8.2161e-14,3.0705e-19,1.5222e-09,1.6486e-16,9.6295e-16,7.4648e-09,2.08e-06,5.5257e-18,8.7473e-14,1.3469e-08,1.3742e-10,9.0502e-17,1.486e-11,7.2157e-24,1.2311e-12,1.8975e-19,1.0432e-09,8.8608e-22,1.9997e-15,2.3843e-13,1.4185e-11,6.3306e-19,1.8589e-18,2.4819e-10,5.4856e-10,2.0204e-07,9.571e-10,2.503e-06,1.4375e-09,1.0378e-29,2.4984e-21,5.8321e-13,5.6332e-13,2.8029e-12,3.8491e-08,1.321e-15,1.8145e-14,3.0686e-15,3.6438e-16,5.0459e-22,5.6212e-18,3.1051e-10,5.6471e-12,1.2006e-18,2.2768e-25,5.6518e-24,3.1218e-14,8.2406e-23,5.2573e-18,1.7308e-15,6.3863e-11,7.4705e-22,6.5662e-20,0.73292,1.3708e-05,0.069331,0.0022027,0.48395,0.0041491,2.0088e-16,3.7309e-08,1.0158e-15,6.8974e-13,1.8202e-07,2.5287e-06,3.2653e-12,2.1651e-13,1.7728e-09,3.3908e-14,1.8485e-11,5.8442e-09,0.40532,0.39746,0.14228,0.0020917,0.00053523,2.8442e-15,1.4436e-07,0.62388
