0,1.4642e-42,1.3165e-08,1.8837e-10,2.4247e-08,8.2714e-06,6.8211e-16,4.8148e-13,1.5083e-05,3.5348e-06,1.2245e-22,9.3552e-22,1.2742e-09,1.1262e-07,5.0253e-05,4.6429e-06,4.3348e-22,8.1452e-23,2.7691e-20,1.3538e-20,0.15638,1.4191e-07,0.00078288,0.00044272,0.0031466,0.001508,0.00035758,5.7202e-05,2.1429e-10,4.4537e-11,0.0039609,9.7059e-07,1.991e-22,4.4838e-18,0.0009113,0.0001409,0.00094357,0.48831,0.0010287,0.95554,4.0683e-06,1.1763e-05,1.3529e-07,7.8533e-05,1.2147e-05,1.3296e-12,2.6323e-11,2.2682e-10,2.4652e-07,1.4984e-12,6.4706e-12,5.8531e-11,7.1469e-16,3.534e-13,2.7453e-16,3.2507e-14,7.72e-48,2.8566e-32,2.794e-24,9.9819e-18,1.3096e-19,7.4755e-15,7.7146e-13,3.2966e-13,0.056886,5.541e-09,1.7321e-20,1.4457e-19,5.6725e-30,1.7031e-25,0.020541,0.0024357,1.0886e-13,5.5354e-15,4.002e-07,2.4271e-10,2.7736e-15,2.7733e-14,5.2541e-12,1.9445e-18,1.8025e-12,2.0542e-14,0.10016,2.6867e-09,2.8724e-06,1.5058e-05,0.99273,0.15469,2.9459e-11,6.2421e-14,8.1756e-22,4.8745e-22,8.0384e-15,2.5632e-19,0.31623,0.12612,1.0974e-07,2.2566e-05,1.2495e-27,2.6693e-30,5.105e-13,7.0901e-14,3.1585e-14,9.6026e-21,4.8092e-10,2.0594e-08,1.2213e-12,1.4197e-13,0.82294,0.93393,0.031122,2.0582e-13,4.6507e-11,7.6373e-06,0.001007,0.1833
1.4642e-42,0,1.1317e-10,1.9289e-11,5.2385e-14,1.3704e-09,1.5603e-16,1.341e-12,1.056e-10,2.0311e-10,8.3411e-13,1.018e-21,5.0164e-09,1.8106e-07,3.1454e-08,7.8284e-08,9.4612e-20,6.4503e-22,1.2041e-20,1.0304e-25,0.00035649,2.536e-12,1.3638e-06,0.00017198,1.9942e-06,1.6521e-05,1.8124e-08,8.1595e-07,2.6246e-10,1.6451e-11,0.00013072,1.4696e-07,4.4725e-20,1.3589e-18,0.00032738,6.8491e-05,0.0013082,0.15171,0.0012064,0.42782,4.723e-09,3.9488e-07,9.2824e-11,6.2235e-08,9.6792e-10,3.253e-18,3.4944e-16,3.3664e-12,6.9e-08,1.5137e-13,5.6989e-15,4.3068e-11,1.2523e-18,1.624e-14,3.7051e-20,2.7119e-17,3.2315e-36,3.9965e-47,6.1561e-19,1.4903e-24,1.2134e-13,4.6877e-16,3.8338e-11,1.8327e-14,0.0041926,6.6101e-07,3.6038e-23,6.7446e-22,1.1372e-29,4.2873e-24,0.00076072,9.8229e-05,6.9186e-15,2.4187e-18,7.4895e-08,1.7509e-10,2.3867e-12,2.4082e-13,2.8909e-13,4.555e-18,9.757e-15,4.2721e-16,0.0029549,1.8694e-11,3.3771e-12,1.2377e-06,0.9276,0.022403,4.2905e-16,1.5058e-16,3.4707e-26,2.6788e-25,2.4331e-16,2.5577e-22,0.095023,0.027471,1.9681e-08,0.00024098,5.0939e-32,7.283e-31,1.2147e-09,1.6774e-11,9.418e-08,4.313e-10,1.2103e-06,3.076e-06,7.7867e-07,8.3215e-11,0.35269,0.28673,0.021592,4.7404e-14,6.6908e-13,2.0794e-05,0.00014682,0.13526
1.3165e-08,1.1317e-10,0,3.3286e-27,2.354e-07,6.5865e-07,5.434e-40,2.3951e-08,1.0012e-20,4.6782e-06,2.5001e-05,4.2046e-07,2.0432e-12,1.5403e-06,3.2226e-08,4.8029e-08,2.2038e-05,0.0020795,1.0149e-13,0.00074931,0.0079369,4.9461e-09,6.5244e-22,5.1953e-08,8.6241e-14,2.1756e-06,1.1137e-10,4.8497e-08,0.0018247,0.011201,5.4603e-10,0.00024926,2.517e-06,1.7251e-05,3.0791e-31,1.1471e-14,5.3279e-13,2.1191e-07,2.6453e-14,5.2166e-06,9.737e-10,1.7913e-09,9.5423e-17,1.1729e-10,9.775e-09,1.4758e-06,1.1145e-14,9.4291e-13,5.3457e-08,2.5986e-13,4.4267e-25,1.1595e-24,8.7539e-08,8.478e-13,5.088e-18,1.651e-15,8.4316e-07,1.5908e-08,7.902e-06,0.00015477,3.1607e-12,0.060947,0.63886,0.65377,5.4577e-20,1.2929e-09,5.4834e-13,1.8679e-07,4.6511e-07,3.0165e-05,2.0508e-11,2.296e-08,3.3532e-11,4.9664e-11,2.8715e-13,1.5491e-08,2.467e-13,1.5121e-09,1.7793e-06,2.8429e-05,6.8856e-09,3.9173e-10,6.9717e-06,3.0523e-06,1.6886e-22,4.1698e-16,0.0083386,8.8143e-06,2.1095e-12,2.674e-11,2.0793e-09,9.4024e-16,2.2043e-09,2.1225e-19,0.0074715,0.0090904,3.7242e-17,1.2566e-08,3.9973e-10,1.3269e-10,0.00062123,8.8436e-18,0.016662,5.4691e-07,0.00027476,1.0559e-09,0.37257,0.01938,0.0014124,0.00012267,8.3847e-11,3.451e-07,0.0047502,2.1976e-07,5.5536e-07,0.64244
1.8837e-10,1.9289e-11,3.3286e-27,0,7.2101e-09,1.4279e-19,3.9682e-30,2.4112e-24,4.2495e-10,1.3068e-15,1.0825e-05,9.6687e-11,1.3728e-06,5.3303e-10,1.0021e-05,1.2894e-17,1.623e-09,6.1682e-05,1.9174e-14,1.3835e-11,0.0033865,5.0935e-11,1.2583e-16,5.4094e-19,4.1964e-10,1.9163e-15,1.7821e-07,5.9723e-09,4.5819e-09,2.3627e-07,8.8169e-12,3.0994e-09,1.8077e-10,1.4e-15,1.5814e-13,5.6125e-18,5.386e-16,2.8738e-14,2.4612e-16,9.6299e-10,1.5414e-14,6.8105e-17,4.1482e-21,1.104e-14,1.4019e-09,2.7709e-11,1.0566e-18,7.0996e-19,2.7393e-10,1.8279e-15,1.4454e-22,7.9451e-28,4.4101e-10,1.1052e-11,4.7711e-16,6.427e-16,5.2716e-09,2.3831e-06,9.6879e-09,2.1915e-14,8.5065e-12,2.1122e-08,0.00022729,0.00018522,7.0879e-06,2.6129e-19,5.3147e-17,1.9993e-20,7.1868e-11,1.2e-12,4.2839e-07,2.2655e-06,7.9652e-14,2.4816e-15,1.0766e-12,1.3861e-14,8.2155e-20,2.6213e-19,1.6989e-10,5.0901e-08,1.4191e-17,7.4437e-14,2.2002e-13,5.1606e-15,1.9236e-12,3.4575e-20,0.16933,1.7511e-06,2.5725e-07,1.4441e-25,3.5039e-20,6.4553e-26,5.681e-26,3.6248e-19,0.00069329,0.0013167,9.0769e-18,1.6004e-11,3.5345e-15,8.8179e-16,2.5016e-10,1.1697e-14,2.0391e-05,1.6855e-09,3.1496e-07,4.2373e-06,0.50336,0.013971,9.4248e-06,1.8561e-06,2.9767e-15,2.0849e-11,4.2521e-08,4.4683e-09,2.9792e-09,0.62471
2.4247e-08,5.2385e-14,2.354e-07,7.2101e-09,0,1.4502e-16,1.1562e-09,2.7655e-08,2.7135e-17,6.1545e-12,0.0016723,2.0865e-10,0.00011271,2.9607e-07,2.6827e-15,1.2377e-14,3.6975e-11,1.7079e-10,1.0315e-11,2.3532e-17,1.1097e-20,4.7768e-26,6.154e-08,2.2832e-07,4.6413e-12,3.3809e-12,1.0599e-18,4.0038e-10,1.0922e-11,1.8147e-14,4.3667e-17,7.7786e-15,6.5212e-14,2.9812e-17,0.0048653,0.00049123,0.00014497,0.011833,0.0077071,0.07386,5.4392e-06,2.4956e-08,1.8826e-06,1.6998e-05,3.6219e-11,1.7195e-14,1.5378e-11,7.869e-11,3.441e-07,4.733e-10,1.1738e-08,1.1324e-06,4.6012e-15,3.2589e-10,7.9889e-13,8.3866e-14,3.118e-11,6.7479e-09,1.3673e-12,7.0835e-18,3.3962e-08,2.323e-12,7.5542e-11,2.6365e-15,0.0076432,2.9856e-07,2.7495e-18,1.2875e-14,8.8401e-13,1.8872e-16,1.6728e-06,2.453e-07,8.3583e-09,2.7503e-11,0.00032649,0.00028572,7.2626e-12,1.0856e-12,3.4322e-12,2.0191e-13,1.4713e-14,1.29e-12,7.7893e-05,2.8608e-13,4.8937e-06,2.3653e-06,0.15188,7.4062e-05,7.7022e-18,8.5095e-16,2.2532e-15,1.2304e-17,7.5241e-11,4.071e-15,0.83349,0.9724,5.3528e-06,0.022844,1.4311e-16,1.1503e-16,3.1654e-05,3.5869e-08,0.00036803,5.4858e-06,0.0004986,0.040396,0.54006,0.0044825,0.45069,0.42705,0.019563,4.2847e-11,3.2306e-10,0.0022237,0.082398,0.0043838
8.2714e-06,1.3704e-09,6.5865e-07,1.4279e-19,1.4502e-16,0,7.3903e-10,1.9177e-14,1.35e-10,6.3491e-26,0.014924,6.1478e-07,0.0048819,6.8814e-06,1.6869e-08,6.1678e-13,1.9874e-07,0.0014326,7.2793e-08,2.4911e-10,4.9954e-08,2.4789e-15,1.1682e-08,7.3162e-13,8.9085e-11,1.0124e-17,4.5565e-09,1.4571e-10,4.0486e-07,2.0861e-06,3.2377e-12,1.3243e-09,1.4859e-07,8.6791e-15,0.0007388,0.00016276,2.1009e-05,0.00026252,0.013566,0.0060551,1.8751e-07,2.7303e-08,2.2628e-08,9.2262e-06,8.2661e-10,1.2102e-11,1.1058e-07,5.6609e-08,7.382e-07,7.4132e-08,7.9305e-09,2.9092e-07,1.1823e-12,2.735e-09,4.4409e-10,2.1972e-08,5.738e-08,1.2381e-05,6.4869e-08,1.245e-18,7.1368e-06,1.0879e-10,1.8517e-07,1.3345e-08,0.026209,1.1245e-07,2.0523e-11,1.29e-13,1.3932e-08,4.47e-13,9.9878e-05,0.00011848,2.6113e-06,4.5881e-09,0.00053003,3.6625e-06,6.437e-08,7.8883e-09,1.3865e-09,1.5488e-06,4.5621e-12,2.5575e-07,7.1298e-06,2.8661e-09,4.8241e-06,4.7585e-08,0.54797,0.016197,5.7435e-10,9.6081e-19,8.118e-19,2.0753e-18,1.1052e-20,2.1543e-13,0.30477,0.44719,9.7647e-06,0.0028357,9.0525e-11,3.2453e-12,1.1093e-06,7.7339e-08,0.011538,0.00098644,0.0076235,0.019611,0.71567,0.042367,0.12117,0.013982,2.7795e-05,5.3274e-12,7.7886e-08,0.00019907,7.8662e-06,0.19716
6.8211e-16,1.5603e-16,5.434e-40,3.9682e-30,1.1562e-09,7.3903e-10,0,1.4491e-30,1.2325e-22,8.6592e-16,1.6748e-10,2.5637e-21,4.6689e-21,4.4323e-18,3.2146e-12,1.5327e-15,1.5215e-09,3.4234e-07,4.6562e-21,4.3774e-10,0.15831,1.1399e-07,8.6613e-19,4.511e-12,6.6968e-09,5.4671e-05,2.5345e-07,0.0005765,6.8643e-08,2.7966e-07,1.1821e-11,3.1066e-08,4.8176e-16,1.1906e-13,6.2017e-13,1.7249e-11,7.9055e-09,0.00017282,1.8067e-09,0.02553,2.7176e-10,1.0626e-09,1.5403e-11,6.5417e-08,3.3751e-09,2.8642e-10,3.0558e-14,9.1609e-13,1.8991e-11,2.4362e-17,5.067e-21,7.9263e-20,1.8396e-11,4.1848e-15,2.6264e-23,2.3999e-20,8.7027e-11,3.0772e-10,4.1964e-14,5.0933e-11,4.642e-30,2.5266e-12,2.3629e-05,6.0308e-06,2.5671e-12,1.5455e-19,4.1309e-19,9.2424e-15,7.8984e-10,1.8273e-12,2.5121e-06,3.9364e-08,3.4676e-11,5.6266e-12,8.7198e-11,1.1858e-09,4.0117e-16,1.6957e-14,1.222e-06,9.1013e-09,6.8614e-10,9.6753e-11,0.0015337,1.2914e-11,5.1682e-15,5.5979e-14,0.015206,1.1025e-06,3.5338e-18,2.5681e-26,4.351e-26,6.6872e-32,1.0139e-20,7.3679e-28,0.74318,0.52347,3.7197e-11,1.57e-05,1.3851e-15,2.5669e-17,1.1162e-08,1.8618e-22,1.7231e-08,1.0143e-14,2.0294e-07,1.1316e-12,3.423e-06,9.3158e-07,0.32105,0.21158,2.2932e-05,2.614e-07,0.00076202,3.6215e-06,3.255e-09,0.70147
4.8148e-13,1.341e-12,2.3951e-08,2.4112e-24,2.7655e-08,1.9177e-14,1.4491e-30,0,6.076e-10,1.2094e-28,3.8575e-10,2.336e-25,6.6176e-13,6.4173e-24,5.7345e-07,1.8939e-14,6.196e-09,3.1513e-07,4.2823e-12,4.8948e-14,0.98437,7.5991e-05,8.0396e-07,2.3362e-14,0.013208,0.0023601,0.026879,0.44319,3.5465e-09,2.586e-10,6.7961e-07,1.4902e-09,4.8558e-16,4.4799e-19,0.080314,1.4603e-05,0.0010667,0.070399,0.00041343,0.71337,5.8717e-05,3.0123e-05,6.5399e-05,0.001406,5.9131e-05,1.3082e-09,9.2256e-08,1.979e-08,3.0431e-07,8.9141e-10,2.9512e-06,6.3198e-08,2.5992e-08,3.38e-09,5.1952e-13,1.6572e-14,9.4559e-10,5.0855e-06,5.9634e-13,1.3957e-17,1.5863e-24,2.553e-35,5.5494e-12,2.2001e-15,0.047674,2.1745e-23,7.4308e-13,6.3979e-20,8.3652e-09,1.0666e-20,0.0054859,8.9079e-05,2.1887e-05,2.6565e-07,0.00049104,4.7e-06,5.9233e-11,1.002e-12,0.00056337,1.7063e-08,6.0215e-07,1.5437e-05,0.078901,1.1441e-10,0.0018043,8.824e-06,0.29858,0.003866,7.6113e-12,1.952e-33,2.3666e-36,5.1991e-29,1.2739e-26,5.6042e-13,0.28545,0.57738,0.00065971,0.0077419,2.9426e-13,9.2536e-16,1.1618e-12,1.648e-08,1.9052e-11,1.9125e-11,2.2581e-07,6.8459e-08,6.5205e-09,3.4555e-08,0.65349,0.30073,0.089186,2.9664e-06,2.7108e-05,0.0025951,1.3045e-09,0.60474
1.5083e-05,1.056e-10,1.0012e-20,4.2495e-10,2.7135e-17,1.35e-10,1.2325e-22,6.076e-10,0,1.3794e-20,0.00029372,1.4817e-09,8.6172e-16,6.0731e-11,1.4286e-22,1.0749e-11,6.6918e-05,0.00094543,1.5045e-08,4.3872e-05,0.00010935,3.2491e-08,5.5576e-13,3.9749e-07,1.4187e-06,0.0074429,1.7952e-12,7.7206e-05,0.0014932,0.0012027,3.7033e-08,0.0013691,9.3008e-05,0.00019988,8.4933e-07,0.001475,5.7158e-05,0.026223,1.579e-05,0.05404,1.9786e-05,1.287e-06,5.0885e-06,0.00067321,9.7535e-06,4.4158e-05,4.7159e-10,5.7176e-08,5.9002e-06,6.8767e-08,1.735e-09,4.8618e-08,2.1238e-06,1.4428e-07,1.343e-13,4.7992e-12,0.00011165,2.4916e-06,6.0347e-06,3.3172e-06,4.899e-12,3.0564e-06,0.022054,0.0051181,6.4566e-12,2.5349e-06,1.2506e-06,0.0011016,9.2947e-05,2.9969e-07,1.8308e-09,1.2841e-06,1.5876e-06,1.3298e-08,4.3725e-06,6.5792e-05,1.7562e-07,9.7592e-07,6.1476e-05,8.9409e-06,5.0684e-07,1.2159e-06,0.01058,7.883e-06,6.1087e-15,4.0308e-08,0.0067218,3.6519e-05,5.3641e-26,2.1414e-15,4.9596e-14,9.7818e-16,6.5367e-10,7.5832e-17,0.32491,0.15001,9.0097e-06,0.0058013,1.6126e-09,3.8712e-08,0.0017873,1.8133e-10,0.19295,0.0015645,0.013981,0.0003596,0.33702,0.040656,0.90453,0.29063,0.0029717,0.00031664,0.02082,0.0046497,0.00094898,0.28351
3.5348e-06,2.0311e-10,4.6782e-06,1.3068e-15,6.1545e-12,6.3491e-26,8.6592e-16,1.2094e-28,1.3794e-20,0,0.00045353,1.2523e-12,3.4102e-07,4.3975e-14,4.9506e-12,8.6038e-15,1.0166e-05,0.00023235,1.8067e-06,1.7515e-09,0.092346,0.0001298,1.5022e-06,1.8672e-12,0.0010203,4.1753e-05,0.00020304,0.017307,5.1036e-05,7.5687e-06,3.7464e-07,7.1681e-05,4.0951e-08,5.4552e-10,0.23579,0.0083542,0.038364,0.14482,0.045291,0.48017,0.00012672,7.6587e-05,1.8903e-05,5.542e-05,3.971e-06,8.1913e-10,5.4276e-07,1.3016e-08,4.9372e-07,1.0759e-08,0.00011962,8.436e-06,1.041e-06,2.395e-07,5.4172e-08,6.603e-09,2.1639e-05,0.00011995,6.8364e-07,3.6259e-15,1.4602e-11,2.1678e-19,2.4125e-06,9.8153e-09,0.0030184,2.7944e-11,3.0353e-06,1.8976e-08,0.00020478,1.2644e-12,0.0041871,0.0050232,0.00022104,6.1783e-07,0.0018834,4.9891e-06,8.0681e-05,4.5585e-06,0.0008205,8.4839e-06,1.502e-06,5.6058e-05,0.012907,4.3874e-08,0.0001387,5.0013e-07,0.62222,0.013082,2.4575e-17,7.6244e-29,1.4352e-25,6.7114e-20,2.2402e-24,1.1732e-11,0.90645,0.67517,0.0053985,0.033838,4.6195e-09,3.9525e-11,1.6366e-08,3.6992e-07,0.0016615,0.00055513,0.0062963,0.0066041,0.0067094,0.00087562,0.96879,0.84205,0.024771,5.3033e-06,6.0353e-05,0.0087445,3.3476e-08,0.59053
1.2245e-22,8.3411e-13,2.5001e-05,1.0825e-05,0.0016723,0.014924,1.6748e-10,3.8575e-10,0.00029372,0.00045353,0,6.5381e-22,1.5639e-25,5.5995e-14,1.422e-10,2.3865e-08,2.4945e-19,3.4537e-20,9.9776e-16,2.427e-09,0.77589,0.022524,7.6685e-05,2.6994e-07,0.056106,0.25927,0.0036132,0.18931,7.6303e-15,1.5038e-12,0.0019401,6.3842e-05,2.5573e-13,2.0251e-10,0.011287,0.023993,0.0059856,0.82983,0.019762,0.18366,0.0003383,0.0010333,0.28124,0.14029,0.57602,0.0011727,0.098509,0.00037628,0.00058788,1.8491e-09,0.00010008,1.7184e-06,0.00062319,6.6521e-06,1.0636e-07,1.5988e-06,2.0269e-18,2.0552e-14,1.731e-11,4.5811e-05,7.1803e-22,1.104e-11,5.0462e-13,3.0854e-10,1.4342e-05,2.9387e-12,1.2313e-08,1.2572e-08,1.4308e-09,1.1106e-11,0.48534,0.50381,5.9274e-07,7.238e-09,0.00014032,0.00074827,3.4963e-10,4.3417e-10,4.5754e-10,1.2318e-17,1.3738e-06,1.9622e-08,0.79082,4.1245e-08,2.7535e-05,4.374e-06,0.33208,0.039707,5.5209e-09,1.2337e-07,2.4767e-11,1.4179e-13,1.1574e-09,1.1405e-09,0.001098,0.011991,0.027048,0.82903,4.9426e-08,3.8088e-11,1.8611e-09,3.991e-07,2.9749e-11,7.2346e-17,2.2807e-08,8.8131e-07,2.2031e-08,1.0134e-08,0.0056592,0.05874,0.084303,0.00078586,0.0041827,0.014503,0.060699,0.010787
9.3552e-22,1.018e-21,4.2046e-07,9.6687e-11,2.0865e-10,6.1478e-07,2.5637e-21,2.336e-25,1.4817e-09,1.2523e-12,6.5381e-22,0,1.613e-18,3.5049e-40,9.9434e-14,4.4882e-21,4.8081e-19,2.5922e-24,5.5061e-16,9.1078e-23,0.010373,7.5468e-09,1.3719e-06,1.0159e-09,0.0029918,0.021831,2.1038e-07,0.00075273,7.7166e-16,3.8011e-19,2.2807e-06,3.3603e-11,8.939e-22,1.0297e-19,0.0077642,0.00024532,0.024778,0.1885,0.021447,0.67613,1.6356e-06,6.1996e-07,0.0029142,0.00081996,0.0001813,7.5562e-11,0.00012122,2.0742e-07,8.106e-09,2.4123e-13,1.668e-07,1.3764e-08,6.9174e-07,2.8594e-06,3.217e-09,6.2457e-11,4.7844e-19,3.4405e-15,2.6627e-19,5.5488e-15,9.5607e-32,1.2138e-32,2.9352e-17,5.6336e-24,0.00023525,2.8148e-23,3.1825e-17,4.6924e-19,6.0962e-14,6.0041e-18,0.097886,0.0023615,3.6682e-10,4.8218e-14,1.0496e-05,1.0744e-07,1.7648e-11,8.4012e-15,1.1102e-09,8.8926e-17,1.0401e-08,5.7586e-11,0.055792,8.2189e-16,1.372e-05,3.9364e-09,0.36502,0.00012285,5.4539e-14,3.7219e-18,4.6167e-25,1.0133e-20,5.9303e-16,1.3963e-17,0.065462,0.23887,0.00013194,0.16788,7.6504e-15,1.6644e-15,9.3606e-16,6.7344e-11,2.555e-19,7.7613e-18,3.8546e-09,9.9692e-08,6.8066e-11,3.9342e-11,0.13033,0.20259,0.047657,4.9392e-06,2.078e-05,0.0056099,0.0039579,0.017038
1.2742e-09,5.0164e-09,2.0432e-12,1.3728e-06,0.00011271,0.0048819,4.6689e-21,6.6176e-13,8.6172e-16,3.4102e-07,1.5639e-25,1.613e-18,0,3.8388e-18,4.5909e-24,1.9383e-10,1.1072e-07,7.9564e-08,2.0583e-17,1.6922e-05,0.75458,0.018055,3.2221e-07,3.4608e-05,0.067383,0.568,1.0744e-05,0.39273,1.2928e-06,3.2732e-05,0.0029422,0.064772,1.0387e-05,0.00026477,0.0015756,0.028945,0.0026095,0.47555,0.001516,0.72911,0.00072872,0.0018261,0.082299,0.19281,0.14082,0.034943,0.012604,0.013656,2.0126e-06,1.7061e-08,1.1384e-06,1.2516e-07,0.029369,0.00032669,1.6261e-08,5.3346e-07,3.8775e-07,2.88e-08,9.3802e-10,0.0010954,3.7725e-26,7.1321e-09,4.4927e-06,2.3938e-05,1.2905e-11,6.0598e-09,1.0798e-06,0.00028796,0.00058013,5.653e-07,0.035611,0.19323,0.0010476,2.1545e-05,0.0036005,0.012083,9.2072e-08,1.9498e-06,1.2206e-05,1.2785e-08,0.0025467,0.00017794,0.50938,2.4154e-06,1.004e-10,8.0777e-06,0.0033415,0.00020181,1.6144e-14,4.601e-10,4.5836e-12,5.8021e-13,6.4326e-09,7.6453e-11,0.0027655,0.016521,0.020475,0.9116,0.00031208,2.0373e-05,6.9479e-06,7.9152e-09,1.6102e-05,2.1696e-09,8.3421e-05,2.3821e-07,0.00017822,0.0001242,0.025532,0.22858,0.030902,0.055655,0.47167,0.43705,0.0032636,0.20571
1.1262e-07,1.8106e-07,1.5403e-06,5.3303e-10,2.9607e-07,6.8814e-06,4.4323e-18,6.4173e-24,6.0731e-11,4.3975e-14,5.5995e-14,3.5049e-40,3.8388e-18,0,1.2917e-13,2.7719e-22,1.6331e-08,2.3075e-10,4.4914e-07,1.0908e-07,0.19902,0.00020722,4.3428e-07,1.8326e-13,0.00052271,0.036188,0.00023469,0.14973,7.263e-09,6.5039e-11,2.1652e-09,2.0904e-12,2.8478e-09,1.5074e-10,0.023878,0.0033316,0.23977,0.69494,0.20913,0.092697,0.01209,0.0012949,0.12587,0.084279,0.046492,9.6962e-05,0.037249,0.00091598,5.3313e-06,3.564e-08,0.00027841,2.2258e-05,0.0020478,0.0011182,5.0615e-05,8.4396e-06,3.95e-08,9.5494e-07,1.582e-09,3.5849e-08,1.4258e-23,2.1588e-24,1.7721e-08,3.0715e-10,3.4856e-05,1.9075e-30,4.1285e-08,4.5794e-09,1.9715e-05,1.7512e-11,0.26592,0.013152,0.0034854,4.1623e-05,0.055231,0.052994,8.6542e-06,7.1177e-09,5.5648e-05,4.1876e-09,0.0016485,0.00031003,0.69502,1.5981e-08,0.0064313,1.0182e-06,0.84907,0.0065863,2.7806e-10,1.8243e-14,2.48e-16,3.2694e-14,1.7931e-14,1.1765e-13,0.00057491,0.004204,0.084795,0.53366,2.7456e-05,1.6405e-06,1.0107e-07,1.3812e-09,7.0481e-09,8.1148e-11,1.8283e-08,6.0239e-07,4.3785e-08,1.3138e-06,0.0034768,0.016342,0.17043,0.025085,0.15025,0.058829,0.0018441,0.021177
5.0253e-05,3.1454e-08,3.2226e-08,1.0021e-05,2.6827e-15,1.6869e-08,3.2146e-12,5.7345e-07,1.4286e-22,4.9506e-12,1.422e-10,9.9434e-14,4.5909e-24,1.2917e-13,0,1.9637e-28,1.2224e-09,6.0987e-08,4.077e-17,2.0954e-09,3.3194e-07,2.6841e-08,2.1121e-15,7.4534e-10,3.1328e-06,0.0013695,2.3498e-20,2.9032e-06,4.7665e-12,1.4269e-10,1.6896e-12,1.1427e-05,8.9199e-09,9.7959e-07,0.00012038,0.00067092,5.8954e-05,0.0084897,0.0097046,0.1592,3.5839e-07,8.2298e-08,0.0042542,0.0026332,4.4273e-06,5.2864e-06,0.00017366,1.5738e-06,3.1342e-09,6.0933e-10,8.1793e-07,8.7692e-07,0.00010247,1.9525e-06,9.7327e-09,9.0931e-09,1.3361e-06,5.3973e-07,5.9924e-09,3.5998e-07,9.9057e-13,1.2491e-07,2.1954e-09,4.3212e-09,9.595e-15,1.1635e-06,5.9792e-09,5.8145e-05,2.281e-05,2.1225e-09,0.010481,0.081347,2.409e-06,1.2152e-08,0.001022,0.0023945,3.8096e-11,5.1027e-09,8.8883e-12,1.8329e-12,3.1912e-09,2.9674e-10,0.00020634,3.1173e-14,2.0333e-16,1.2888e-12,0.001002,3.3236e-10,3.7002e-24,7.8961e-13,4.1508e-13,6.5229e-15,1.0476e-09,2.4799e-13,0.011039,0.018853,0.0003488,0.84236,4.614e-07,4.3338e-09,0.00018325,3.6222e-07,0.0057483,1.7159e-07,0.0061125,0.015403,0.18897,0.00080287,0.026509,0.62318,0.00059867,0.0011276,0.024975,0.080272,0.040254,0.0077178
4.6429e-06,7.8284e-08,4.8029e-08,1.2894e-17,1.2377e-14,6.1678e-13,1.5327e-15,1.8939e-14,1.0749e-11,8.6038e-15,2.3865e-08,4.4882e-21,1.9383e-10,2.7719e-22,1.9637e-28,0,3.5853e-13,8.485e-10,1.2211e-15,3.8019e-20,2.1363e-08,2.3506e-14,8.2912e-17,4.7261e-22,6.9065e-07,1.0929e-09,1.2827e-13,3.3512e-09,5.6921e-21,3.9131e-19,3.2482e-21,8.504e-15,8.8586e-17,7.2777e-19,2.3941e-06,7.1816e-10,6.1419e-09,4.4843e-10,4.9891e-05,9.7101e-05,3.7627e-14,2.0512e-16,1.3547e-07,9.474e-09,3.0296e-11,3.8042e-11,5.887e-09,9.43e-15,4.3245e-13,2.9656e-12,6.3774e-09,5.1961e-11,1.4293e-06,1.9e-06,2.0775e-08,1.1624e-09,1.1798e-07,0.00022438,1.4018e-09,1.145e-11,1.1247e-11,2.4902e-11,1.0255e-11,4.7527e-13,1.1467e-07,8.847e-16,1.0274e-15,1.8697e-14,2.507e-09,4.368e-13,0.0021791,0.0017303,4.401e-11,4.1438e-15,6.5085e-07,5.7681e-08,2.729e-20,3.8054e-23,4.9585e-15,1.9811e-13,1.9727e-17,1.9588e-16,1.5475e-12,2.6262e-32,3.7162e-10,1.8777e-25,0.3603,1.0874e-09,1.0732e-09,6.1651e-18,2.0907e-16,1.144e-19,2.3495e-18,7.0331e-16,0.22129,0.16048,1.2124e-10,0.0067741,2.2306e-11,5.0039e-13,2.2078e-07,4.9262e-08,2.1286e-06,1.6212e-09,0.0001211,0.015146,0.39252,0.014342,0.82971,0.0077512,1.3337e-10,6.2185e-09,6.1775e-06,0.0001743,0.00057758,0.0052845
4.3348e-22,9.4612e-20,2.2038e-05,1.623e-09,3.6975e-11,1.9874e-07,1.5215e-09,6.196e-09,6.6918e-05,1.0166e-05,2.4945e-19,4.8081e-19,1.1072e-07,1.6331e-08,1.2224e-09,3.5853e-13,0,2.9928e-52,8.5622e-22,6.4534e-30,0.00014673,3.0389e-09,1.4341e-07,1.5219e-09,1.5172e-07,7.4537e-09,9.1521e-08,8.778e-06,1.3116e-44,2.8514e-43,1.1877e-09,1.8262e-12,1.519e-30,3.6095e-33,4.2005e-06,1.8221e-08,1.0926e-05,0.00089982,0.0041092,0.08668,2.2589e-13,9.9017e-15,3.1378e-06,1.1541e-07,7.7313e-07,1.6153e-15,4.2642e-07,2.2613e-14,5.62e-11,1.489e-20,6.1186e-11,4.0554e-13,6.3899e-14,6.922e-12,8.198e-13,3.411e-11,1.7002e-41,6.1579e-16,1.0604e-19,1.4029e-14,5.4628e-15,5.8806e-13,2.0435e-30,5.3685e-26,7.6676e-05,1.2213e-11,5.6048e-22,2.0869e-21,5.2632e-28,5.1911e-20,0.53506,0.68508,7.9002e-26,5.3886e-26,1.2079e-10,1.5934e-10,5.5201e-24,1.8658e-27,1.3113e-37,3.7551e-55,2.0075e-35,6.0231e-39,3.4642e-06,1.4612e-27,5.814e-08,6.4468e-15,0.2837,1.8991e-07,3.9592e-12,4.2545e-12,1.5751e-12,8.073e-20,1.6737e-13,3.0607e-14,0.45622,0.56411,4.9777e-10,0.00019498,1.0436e-24,8.5824e-31,4.4135e-13,1.6924e-09,4.4251e-16,1.8473e-24,5.8767e-09,0.00043238,0.011316,8.2754e-05,0.70623,0.20865,2.5336e-06,5.8869e-20,6.9416e-17,6.3096e-11,0.13617,3.9683e-07
8.1452e-23,6.4503e-22,0.0020795,6.1682e-05,1.7079e-10,0.0014326,3.4234e-07,3.1513e-07,0.00094543,0.00023235,3.4537e-20,2.5922e-24,7.9564e-08,2.3075e-10,6.0987e-08,8.485e-10,2.9928e-52,0,1.0219e-14,8.7714e-29,0.00071532,5.1947e-09,0.00068774,3.2967e-05,9.4072e-05,5.8748e-05,1.3506e-06,0.00024939,1.6671e-29,1.643e-37,5.582e-06,8.9515e-11,1.6547e-27,2.0712e-26,0.002857,0.00037728,0.078477,0.32595,0.15666,0.95853,7.4735e-08,6.8773e-08,0.00087741,7.0203e-05,0.00026306,1.8443e-12,3.7837e-05,9.1668e-10,1.154e-08,2.7446e-16,7.1643e-08,5.4722e-10,4.4921e-12,3.2236e-09,2.7732e-09,1.5579e-08,2.0986e-39,3.5654e-23,3.0136e-20,4.8302e-13,3.8715e-15,1.7317e-14,2.3602e-29,1.6761e-28,0.0064207,7.5449e-11,2.7876e-17,2.7775e-17,8.6834e-23,4.2119e-17,0.6732,0.85238,2.7554e-17,6.9931e-18,4.614e-07,6.8271e-06,2.1172e-13,4.2721e-16,9.1819e-23,6.6295e-44,4.8103e-21,2.3462e-28,0.0041717,3.6484e-18,0.00028625,1.2397e-08,0.73856,0.0011741,4.1154e-11,9.6717e-09,9.3816e-11,1.6916e-13,2.549e-09,7.4246e-11,0.19838,0.50037,4.6467e-06,0.029534,2.869e-21,7.2001e-24,2.1594e-12,8.3133e-08,4.3635e-18,9.3897e-20,6.9187e-08,0.0059539,0.00014268,1.6536e-06,0.19846,0.76794,0.0067724,1.5562e-14,1.4755e-13,6.8636e-08,0.80752,8.1593e-09
2.7691e-20,1.2041e-20,1.0149e-13,1.9174e-14,1.0315e-11,7.2793e-08,4.6562e-21,4.2823e-12,1.5045e-08,1.8067e-06,9.9776e-16,5.5061e-16,2.0583e-17,4.4914e-07,4.077e-17,1.2211e-15,8.5622e-22,1.0219e-14,0,2.9278e-25,0.00019549,1.7886e-10,2.7531e-12,3.5591e-07,5.3017e-07,1.0062e-06,4.9952e-08,4.4275e-05,1.7156e-22,6.0956e-18,1.4615e-09,5.8963e-08,1.8993e-17,1.1e-17,8.9299e-09,5.4224e-08,1.4442e-10,1.0439e-05,6.6581e-06,0.0096997,3.3532e-12,2.2657e-12,1.6037e-07,1.0292e-06,6.2366e-09,1.4899e-11,4.2835e-09,2.8305e-11,1.4052e-09,2.0069e-16,1.0652e-15,2.8691e-14,1.4914e-13,5.8466e-16,3.0214e-16,1.1593e-14,9.2247e-21,1.3575e-15,2.8777e-16,3.1213e-13,4.2596e-14,4.6595e-08,7.698e-12,5.1151e-11,3.6008e-09,5.6768e-08,1.3264e-25,1.3057e-16,2.1252e-21,1.4022e-15,0.001118,0.00036013,1.7658e-14,5.3043e-16,2.0625e-08,2.7062e-09,3.4805e-29,8.9038e-22,2.8177e-23,1.1196e-20,3.0502e-18,1.5349e-21,5.7826e-07,1.9872e-21,3.3488e-19,9.1948e-16,0.045637,3.4947e-08,3.1885e-11,4.03e-14,1.865e-17,7.5997e-27,5.8773e-12,4.5116e-19,0.50471,0.51957,9.2956e-11,0.00033383,3.9366e-17,1.5614e-23,1.6122e-06,2.1886e-10,4.4384e-07,2.0904e-16,2.2069e-05,0.00010601,0.03724,3.4608e-05,0.95168,0.033843,7.6937e-07,3.6177e-12,8.8448e-09,7.0324e-05,0.017279,0.039446
1.3538e-20,1.0304e-25,0.00074931,1.3835e-11,2.3532e-17,2.4911e-10,4.3774e-10,4.8948e-14,4.3872e-05,1.7515e-09,2.427e-09,9.1078e-23,1.6922e-05,1.0908e-07,2.0954e-09,3.8019e-20,6.4534e-30,8.7714e-29,2.9278e-25,0,8.2474e-07,1.0774e-15,1.249e-05,8.7611e-09,0.0057492,6.9954e-07,3.1106e-08,8.0282e-07,4.7389e-27,9.6657e-29,7.8994e-07,7.0572e-11,1.629e-30,1.2069e-37,0.012946,1.7526e-06,3.9781e-07,5.2787e-07,0.00019747,0.00091642,6.345e-16,1.7325e-18,6.7375e-08,1.2494e-07,1.2021e-10,3.3696e-17,2.5522e-11,7.5798e-15,3.1632e-11,1.1263e-12,3.4794e-09,4.6956e-09,5.2285e-13,2.914e-09,1.8295e-10,9.3225e-12,1.7946e-25,7.7072e-14,5.7196e-20,1.6655e-24,4.1007e-12,1.3456e-19,4.5012e-28,5.2453e-35,0.06619,2.5893e-09,1.4528e-25,5.5232e-29,1.8669e-33,1.273e-24,0.030842,0.0047399,3.4089e-20,9.2963e-25,9.3956e-10,4.2397e-14,3.8869e-23,9.8592e-27,1.1863e-22,1.0068e-26,7.8775e-27,3.1968e-28,1.0717e-11,1.9274e-33,9.1485e-07,5.0969e-14,0.39763,9.0074e-08,2.8456e-10,3.4835e-17,4.1995e-21,4.0661e-22,1.3473e-15,1.3743e-13,0.34145,0.31815,2.0985e-11,9.9316e-06,4.3859e-29,3.7062e-28,4.4864e-14,6.7321e-06,9.7072e-16,8.74e-15,2.0834e-05,0.19545,0.023245,1.361e-05,0.068,0.007265,8.4934e-07,7.0353e-20,3.8693e-19,5.6752e-06,0.10064,0.0007667
0.15638,0.00035649,0.0079369,0.0033865,1.1097e-20,4.9954e-08,0.15831,0.98437,0.00010935,0.092346,0.77589,0.010373,0.75458,0.19902,3.3194e-07,2.1363e-08,0.00014673,0.00071532,0.00019549,8.2474e-07,0,2.8634e-33,0.0060347,0.26447,2.7608e-11,1.3364e-13,1.6777e-19,4.4242e-16,2.7217e-07,2.8366e-07,9.5747e-09,8.3244e-07,0.0003766,8.9324e-07,4.2668e-05,0.00098599,0.00022579,2.058e-06,0.074996,1.3261e-05,8.0668e-05,1.8557e-06,5.2584e-07,1.1446e-05,1.3806e-09,2.6141e-07,3.0724e-05,3.315e-05,0.00074255,0.00053887,1.2099e-06,0.0010843,0.00054902,0.098273,0.02382,0.010771,0.0044963,0.002166,4.907e-05,1.141e-09,0.2079,0.023557,0.0011144,5.7422e-05,0.047777,0.072343,2.1017e-12,1.217e-07,4.4382e-05,0.0022394,0.00032681,0.0016674,3.0981e-07,1.7099e-07,0.001463,0.01319,4.0683e-07,2.401e-06,5.6934e-11,4.157e-05,3.2308e-08,2.1655e-07,7.5666e-10,1.2353e-10,4.821e-06,0.00014344,0.64117,3.9124e-05,0.00016943,0.0038101,0.044454,0.0034574,0.033863,1.9723e-06,0.37394,0.7956,2.9108e-06,0.21889,0.00029859,0.0018906,0.14163,0.0026698,0.51711,0.23811,0.16079,0.44839,0.00016857,0.90573,0.24951,1.9889e-05,0.00011347,4.9879e-05,5.5418e-05,0.075568,0.085153,4.0617e-05
1.4191e-07,2.536e-12,4.9461e-09,5.0935e-11,4.7768e-26,2.4789e-15,1.1399e-07,7.5991e-05,3.2491e-08,0.0001298,0.022524,7.5468e-09,0.018055,0.00020722,2.6841e-08,2.3506e-14,3.0389e-09,5.1947e-09,1.7886e-10,1.0774e-15,2.8634e-33,0,5.9228e-10,3.1161e-05,3.1715e-17,3.2006e-17,5.0158e-27,4.8252e-25,1.3605e-11,1.4423e-12,3.738e-17,6.1743e-15,2.0428e-11,5.9583e-16,6.009e-09,7.2063e-08,2.7152e-09,4.4881e-07,0.00011387,3.7339e-05,1.525e-08,2.5517e-10,3.5333e-11,3.93e-07,8.1642e-13,4.1889e-13,3.8354e-11,1.5116e-10,1.7418e-07,7.7638e-09,8.0035e-13,1.3048e-09,5.7208e-14,1.3616e-07,9.8039e-09,1.9419e-08,7.1705e-11,2.1864e-10,1.3018e-11,1.455e-18,1.7741e-05,1.38e-06,1.8234e-08,9.5581e-11,0.011346,1.0084e-05,1.1669e-25,3.1229e-19,1.403e-16,1.479e-13,8.5972e-07,2.149e-08,3.8478e-12,2.1875e-13,4.9659e-06,1.6245e-05,2.912e-13,2.7658e-14,3.2968e-14,8.4781e-11,2.3651e-15,6.0463e-14,5.2869e-10,5.8117e-16,3.7394e-09,2.2968e-09,0.74371,8.1956e-06,3.037e-08,3.2547e-09,1.0016e-10,2.5365e-13,5.527e-09,1.514e-15,0.13748,0.19353,7.1329e-12,0.00096245,2.0191e-14,6.2521e-12,0.00014212,4.9634e-08,0.00025482,5.6808e-05,4.3081e-05,0.029761,0.3739,0.04355,0.043539,0.00017033,1.2161e-08,5.5685e-14,5.0344e-09,7.1267e-05,0.32936,0.029287
0.00078288,1.3638e-06,6.5244e-22,1.2583e-16,6.154e-08,1.1682e-08,8.6613e-19,8.0396e-07,5.5576e-13,1.5022e-06,7.6685e-05,1.3719e-06,3.2221e-07,4.3428e-07,2.1121e-15,8.2912e-17,1.4341e-07,0.00068774,2.7531e-12,1.249e-05,0.0060347,5.9228e-10,0,2.9624e-30,6.9334e-21,6.8627e-09,1.8576e-17,1.74e-09,6.1312e-08,8.3735e-07,3.3995e-29,2.503e-14,4.6415e-09,3.2216e-08,1.605e-18,1.0607e-13,5.6708e-15,2.9593e-08,4.2921e-10,8.7264e-05,4.5549e-12,4.8504e-11,2.1845e-06,4.6861e-06,7.1267e-08,2.7152e-07,2.5033e-08,8.6872e-12,9.5976e-06,1.5894e-10,3.2975e-09,2.9162e-10,2.9221e-11,1.0619e-18,1.0001e-15,4.4729e-14,2.8143e-06,2.6773e-06,0.0036149,5.5778e-05,1.4765e-06,0.003368,0.00026823,0.0010361,2.6789e-19,1.8432e-08,2.1593e-09,2.1863e-07,1.1268e-05,1.9623e-07,4.6633e-05,4.6278e-05,2.8208e-10,1.7207e-11,5.1597e-09,1.2319e-08,3.1213e-10,2.7806e-10,1.0087e-06,1.0606e-06,1.3076e-11,3.2e-12,2.3357e-08,1.8687e-11,8.3081e-24,1.0026e-24,1.0022e-06,1.221e-09,9.8672e-13,1.7947e-11,2.3797e-11,9.3359e-19,4.9372e-11,9.6316e-14,0.20956,0.25537,2.0844e-09,0.00025953,6.4015e-10,9.2509e-12,0.0040343,7.5431e-07,0.037143,5.0472e-05,0.00016953,6.0891e-06,0.4708,0.084874,0.030368,0.0032098,6.7375e-09,2.4126e-06,0.093041,2.6742e-06,1.8984e-06,0.31901
0.00044272,0.00017198,5.1953e-08,5.4094e-19,2.2832e-07,7.3162e-13,4.511e-12,2.3362e-14,3.9749e-07,1.8672e-12,2.6994e-07,1.0159e-09,3.4608e-05,1.8326e-13,7.4534e-10,4.7261e-22,1.5219e-09,3.2967e-05,3.5591e-07,8.7611e-09,0.26447,3.1161e-05,2.9624e-30,0,7.7278e-08,1.0597e-08,4.2942e-07,2.7099e-05,1.7254e-09,1.1434e-08,3.6814e-20,9.6906e-16,6.585e-10,2.2129e-12,1.2925e-05,2.2062e-08,2.4806e-08,1.264e-05,8.7254e-06,0.0059036,3.1462e-10,1.7792e-10,0.0024757,0.0005355,0.0019542,2.1133e-05,3.3576e-05,8.6634e-10,6.8972e-05,5.4646e-08,0.001984,1.4062e-06,1.9546e-07,1.2908e-10,5.8508e-08,7.021e-09,2.0031e-06,0.0036477,0.0010472,4.1117e-06,1.2047e-07,2.2149e-09,4.375e-09,2.0558e-08,6.4782e-07,1.2618e-14,1.6516e-05,2.1035e-08,2.2601e-05,5.3059e-10,0.071564,0.065706,3.1557e-08,2.4046e-10,1.5552e-07,1.2532e-07,5.99e-09,7.4874e-12,5.5156e-07,5.7895e-07,8.8089e-12,1.304e-09,1.0754e-06,3.7533e-12,3.5753e-07,1.0585e-22,0.0047521,1.4517e-05,6.8635e-08,1.1462e-15,1.2449e-14,6.7043e-18,2.0781e-18,8.1395e-09,0.93779,0.99813,0.00010095,0.0020726,4.7746e-09,4.0403e-12,5.9456e-07,0.0011144,3.5638e-05,4.9017e-06,0.00059731,0.015364,0.27929,0.11124,0.15449,0.081535,6.4137e-07,2.5291e-07,0.0021299,9.8347e-07,8.3583e-06,0.47725
0.0031466,1.9942e-06,8.6241e-14,4.1964e-10,4.6413e-12,8.9085e-11,6.6968e-09,0.013208,1.4187e-06,0.0010203,0.056106,0.0029918,0.067383,0.00052271,3.1328e-06,6.9065e-07,1.5172e-07,9.4072e-05,5.3017e-07,0.0057492,2.7608e-11,3.1715e-17,6.9334e-21,7.7278e-08,0,6.9513e-25,1.5336e-17,1.4369e-13,1.0636e-07,1.588e-07,2.2284e-34,2.8475e-19,1.4522e-07,2.8142e-09,4.9011e-16,2.902e-12,9.6861e-06,0.0062022,0.0043583,0.080874,0.0005301,0.00019992,3.8561e-08,2.544e-05,5.2983e-09,9.0477e-09,3.6773e-06,4.3571e-07,0.00017207,7.3744e-10,1.511e-12,3.3118e-09,1.2265e-15,1.1996e-12,2.1254e-10,3.3814e-06,8.8747e-08,5.5357e-08,0.00019099,3.2394e-08,0.0029837,0.011858,0.0098444,0.011225,3.6864e-10,5.1713e-08,3.6417e-12,6.8079e-09,6.8417e-06,5.5631e-05,0.00034114,1.0303e-05,6.9289e-06,1.5288e-05,0.0027291,0.064079,8.4509e-07,1.0275e-06,9.1494e-09,2.7226e-07,1.4676e-08,2.0988e-09,0.00059931,5.6773e-07,6.4558e-11,1.9129e-09,0.17704,0.00079461,1.4413e-07,2.4767e-05,0.00038022,3.7324e-09,1.2293e-06,1.1268e-12,0.93464,0.6929,2.2029e-06,0.11841,3.9293e-06,1.1225e-07,0.15862,3.0098e-09,0.43657,0.00030859,2.3626e-05,5.4423e-07,0.9686,0.21989,0.91736,0.086709,0.00026903,1.4292e-05,0.0046846,1.8292e-05,0.036084,0.15334
0.001508,1.6521e-05,2.1756e-06,1.9163e-15,3.3809e-12,1.0124e-17,5.4671e-05,0.0023601,0.0074429,4.1753e-05,0.25927,0.021831,0.568,0.036188,0.0013695,1.0929e-09,7.4537e-09,5.8748e-05,1.0062e-06,6.9954e-07,1.3364e-13,3.2006e-17,6.8627e-09,1.0597e-08,6.9513e-25,0,1.9142e-09,7.398e-16,9.9384e-10,3.2931e-09,8.7953e-20,3.4657e-16,4.1842e-09,9.7283e-17,5.8642e-11,1.7256e-11,5.3524e-09,5.8566e-09,0.00027703,2.6149e-07,1.3393e-09,3.3112e-10,4.3471e-16,3.3899e-12,7.7133e-15,1.2668e-13,3.2201e-11,1.4462e-12,2.3398e-07,4.3538e-11,3.1872e-15,5.1506e-13,3.3325e-13,1.0825e-07,2.5225e-07,1.1724e-05,2.1641e-07,0.00019563,1.3431e-06,5.0608e-13,0.016858,0.0048094,0.00013479,0.00030137,0.001747,1.9007e-07,8.2575e-16,1.8742e-15,1.0149e-09,6.7622e-07,0.0025706,0.001079,1.6451e-09,5.1351e-08,2.8807e-06,6.5848e-05,1.0864e-12,4.6809e-14,2.0065e-15,3.2046e-07,2.0891e-17,1.1939e-13,1.597e-13,6.4078e-14,4.7628e-07,6.989e-13,0.67378,0.00010881,0.0030991,5.1431e-06,9.5391e-06,1.7674e-09,2.5903e-10,1.7042e-08,0.016155,0.078735,3.9015e-12,5.6788e-06,5.4424e-10,2.515e-11,0.00066331,1.5443e-07,0.01746,2.0865e-05,0.0027875,0.068904,0.039101,0.64851,0.0056036,3.1957e-07,2.1356e-09,7.7517e-12,6.7639e-10,5.7604e-13,0.24232,0.0024521
0.00035758,1.8124e-08,1.1137e-10,1.7821e-07,1.0599e-18,4.5565e-09,2.5345e-07,0.026879,1.7952e-12,0.00020304,0.0036132,2.1038e-07,1.0744e-05,0.00023469,2.3498e-20,1.2827e-13,9.1521e-08,1.3506e-06,4.9952e-08,3.1106e-08,1.6777e-19,5.0158e-27,1.8576e-17,4.2942e-07,1.5336e-17,1.9142e-09,0,3.9583e-36,1.1457e-06,1.9259e-06,1.5939e-13,1.9491e-07,1.21e-06,1.5063e-06,3.8381e-11,8.6617e-10,6.5e-08,1.0432e-05,8.5088e-06,0.00024793,3.3589e-07,3.1195e-09,2.2407e-06,0.00011063,6.9224e-09,1.567e-07,8.3259e-07,2.1254e-07,3.9402e-07,1.4704e-09,6.0309e-11,8.0142e-09,8.0292e-07,2.4324e-05,1.3678e-07,4.4004e-06,3.1759e-06,1.8219e-07,1.2908e-07,6.0082e-09,3.2508e-07,0.00015546,6.0306e-06,3.9503e-06,2.7444e-11,2.5392e-06,1.5729e-12,1.5837e-08,1.6533e-07,2.0833e-07,0.00035519,0.0060093,5.1406e-09,4.6694e-11,2.1014e-06,2.0488e-06,4.7788e-08,8.5321e-07,1.3037e-10,5.504e-08,1.6917e-10,2.0392e-11,7.9783e-09,1.4961e-11,1.107e-16,3.0474e-13,8.6295e-06,1.321e-13,2.2971e-14,2.2564e-08,1.1208e-08,4.243e-10,1.6281e-07,1.2603e-12,0.1692,0.22098,2.117e-08,0.03672,5.4013e-08,4.7997e-07,0.00014918,1.5009e-07,0.0067716,0.00028948,0.0033521,0.013939,0.64423,0.0069007,0.13299,0.00077905,9.1382e-08,2.6557e-05,0.0032737,0.028776,0.55732,0.10739
5.7202e-05,8.1595e-07,4.8497e-08,5.9723e-09,4.0038e-10,1.4571e-10,0.0005765,0.44319,7.7206e-05,0.017307,0.18931,0.00075273,0.39273,0.14973,2.9032e-06,3.3512e-09,8.778e-06,0.00024939,4.4275e-05,8.0282e-07,4.4242e-16,4.8252e-25,1.74e-09,2.7099e-05,1.4369e-13,7.398e-16,3.9583e-36,0,0.0003243,0.0017558,1.9686e-10,3.9323e-06,5.3306e-05,5.6114e-06,1.6889e-13,1.5934e-10,3.2394e-08,1.6778e-07,9.3354e-06,8.3592e-07,3.1952e-06,2.7276e-08,1.5511e-10,1.0468e-07,1.4294e-08,2.2539e-07,1.6096e-08,1.4101e-08,4.9913e-05,1.1092e-05,3.5443e-11,6.1837e-09,5.3558e-07,0.0012502,0.00016357,0.0031899,3.2314e-06,9.0231e-06,6.7058e-06,9.762e-08,0.0048043,0.10117,0.0063245,0.0081002,1.4048e-05,0.00049469,7.049e-10,1.5517e-07,2.6248e-09,1.9485e-05,0.00043298,0.0074492,3.5594e-09,1.0719e-09,1.1e-07,5.3516e-08,1.0674e-06,2.1137e-06,3.8702e-10,0.00030116,3.0569e-11,7.5325e-12,9.86e-12,1.8657e-09,8.6839e-10,4.6295e-14,0.2039,1.0513e-06,0.00064652,0.00024875,4.1406e-05,1.1225e-05,1.1928e-06,1.6417e-09,9.5698e-05,0.00038617,2.6106e-12,8.9435e-07,1.3008e-07,1.856e-06,0.0001805,1.2645e-06,0.025354,0.0051691,0.022748,0.14922,0.12564,0.2545,6.6782e-05,3.1877e-08,4.4254e-13,1.4062e-08,0.00017405,3.4446e-05,0.85355,0.1631
2.1429e-10,2.6246e-10,0.0018247,4.5819e-09,1.0922e-11,4.0486e-07,6.8643e-08,3.5465e-09,0.0014932,5.1036e-05,7.6303e-15,7.7166e-16,1.2928e-06,7.263e-09,4.7665e-12,5.6921e-21,1.3116e-44,1.6671e-29,1.7156e-22,4.7389e-27,2.7217e-07,1.3605e-11,6.1312e-08,1.7254e-09,1.0636e-07,9.9384e-10,1.1457e-06,0.0003243,0,1.614e-75,1.3064e-16,3.6336e-18,2.9562e-30,2.6689e-33,3.8212e-05,8.2363e-09,5.1667e-08,3.0908e-05,0.0031831,0.071222,5.0442e-12,3.5577e-14,3.5161e-05,3.73e-07,5.0996e-08,7.2963e-15,1.036e-05,3.7094e-13,8.737e-10,1.5522e-15,2.3246e-08,8.0485e-10,9.9371e-11,4.2348e-08,1.0903e-09,1.4534e-09,1.3703e-19,3.4805e-08,1.1673e-15,7.9177e-13,3.4158e-11,4.4643e-12,2.5986e-31,6.1435e-28,0.00016121,3.6037e-11,6.5689e-23,2.9117e-22,2.2363e-17,7.4649e-17,0.73668,0.28359,3.4221e-16,2.9468e-17,2.9846e-06,2.6638e-05,3.0122e-26,7.6386e-33,4.2942e-31,9.2003e-45,8.6296e-30,4.9398e-30,1.3941e-07,1.9609e-36,6.8761e-06,1.3472e-13,0.47306,1.2221e-08,1.2456e-07,3.1756e-11,1.0704e-09,1.6674e-17,1.0433e-09,3.8174e-11,0.0017399,0.0025131,2.2521e-07,0.09196,3.3343e-16,1.0974e-19,3.0832e-08,1.8153e-06,1.9309e-11,2.02e-20,3.6726e-07,0.0082204,0.18406,0.0060545,0.034599,0.5362,1.9986e-06,6.8557e-15,5.0054e-12,1.2164e-07,0.25415,8.4437e-08
4.4537e-11,1.6451e-11,0.011201,2.3627e-07,1.8147e-14,2.0861e-06,2.7966e-07,2.586e-10,0.0012027,7.5687e-06,1.5038e-12,3.8011e-19,3.2732e-05,6.5039e-11,1.4269e-10,3.9131e-19,2.8514e-43,1.643e-37,6.0956e-18,9.6657e-29,2.8366e-07,1.4423e-12,8.3735e-07,1.1434e-08,1.588e-07,3.2931e-09,1.9259e-06,0.0017558,1.614e-75,0,1.1399e-15,2.1638e-21,3.3111e-31,2.991e-36,0.0025463,6.5902e-07,0.00023215,0.0041774,0.035714,0.33953,3.9338e-09,1.2777e-10,0.00046644,4.1436e-06,2.1484e-08,4.7367e-18,9.3001e-06,7.9339e-13,5.2893e-10,7.9771e-16,1.0638e-07,1.5707e-08,1.5179e-12,1.8872e-09,5.0186e-10,1.4364e-10,1.5646e-20,1.7467e-09,1.1755e-16,7.4534e-15,1.1497e-10,7.3287e-16,2.8941e-35,1.0577e-37,0.011104,2.3776e-11,1.0513e-22,1.3591e-23,6.2537e-19,6.9237e-21,0.73255,0.1653,1.2795e-14,8.0166e-16,0.00016308,0.00022696,3.7804e-21,4.671e-28,6.5106e-24,2.3824e-46,2.8144e-26,6.6658e-28,1.1376e-05,2.3124e-32,0.00035124,1.1915e-10,0.59507,2.4723e-07,4.8298e-09,2.9496e-12,2.8753e-11,3.1161e-18,1.8234e-09,1.7862e-10,0.0021678,0.0080108,8.7237e-06,0.22475,9.5503e-19,3.6656e-22,4.2016e-08,6.215e-06,1.6025e-13,2.8531e-19,1.1222e-07,0.0078477,0.023905,0.00041117,0.0056162,0.61788,0.00067966,4.4733e-14,7.4409e-12,1.733e-07,0.33189,2.2829e-08
0.0039609,0.00013072,5.4603e-10,8.8169e-12,4.3667e-17,3.2377e-12,1.1821e-11,6.7961e-07,3.7033e-08,3.7464e-07,0.0019401,2.2807e-06,0.0029422,2.1652e-09,1.6896e-12,3.2482e-21,1.1877e-09,5.582e-06,1.4615e-09,7.8994e-07,9.5747e-09,3.738e-17,3.3995e-29,3.6814e-20,2.2284e-34,8.7953e-20,1.5939e-13,1.9686e-10,1.3064e-16,1.1399e-15,0,5.1755e-37,1.7908e-15,1.4533e-16,3.2024e-11,7.7337e-12,1.6097e-07,0.00021334,0.0046878,0.11165,4.5885e-07,9.3836e-08,9.9953e-06,9.7374e-06,9.9143e-09,1.1774e-10,6.9284e-07,1.1478e-11,1.2437e-05,1.2437e-09,2.6233e-07,7.2762e-07,7.8279e-16,3.5847e-14,1.611e-11,2.1906e-10,7.1529e-07,0.00010896,1.5468e-05,1.8047e-08,8.4461e-06,4.3922e-06,1.7093e-07,1.4937e-07,1.2209e-09,2.5917e-11,3.954e-13,7.7279e-11,1.0537e-07,2.5915e-09,0.0071304,1.2588e-05,3.302e-07,2.2615e-07,0.00031874,0.0077928,1.9635e-11,3.2131e-13,4.343e-10,3.3266e-11,1.2148e-12,2.3973e-12,2.7925e-05,4.1253e-15,6.9723e-07,2.0094e-15,0.19195,1.0227e-05,5.008e-08,4.9754e-10,4.627e-08,1.7371e-15,2.3423e-10,3.2501e-13,0.046954,0.045298,2.201e-06,0.051672,3.8345e-09,1.9348e-12,0.01905,3.5301e-08,0.0030245,2.6168e-07,2.794e-06,0.00016856,0.40548,0.13545,0.4395,0.41661,3.7658e-06,6.3336e-10,0.00022867,2.6523e-07,0.00064952,0.24778
9.7059e-07,1.4696e-07,0.00024926,3.0994e-09,7.7786e-15,1.3243e-09,3.1066e-08,1.4902e-09,0.0013691,7.1681e-05,6.3842e-05,3.3603e-11,0.064772,2.0904e-12,1.1427e-05,8.504e-15,1.8262e-12,8.9515e-11,5.8963e-08,7.0572e-11,8.3244e-07,6.1743e-15,2.503e-14,9.6906e-16,2.8475e-19,3.4657e-16,1.9491e-07,3.9323e-06,3.6336e-18,2.1638e-21,5.1755e-37,0,8.7122e-20,1.4092e-24,0.00010572,1.8992e-07,0.0040673,0.10025,0.23523,0.57641,0.00024378,0.00065761,0.0047871,0.0053616,2.1026e-05,1.9148e-10,9.6387e-05,5.4063e-07,0.0039713,2.0807e-06,0.00015822,0.0016693,4.5164e-16,6.73e-12,3.1545e-10,4.6685e-09,6.8851e-12,7.6199e-08,1.294e-08,5.7191e-11,1.7501e-06,7.4074e-13,1.1254e-12,5.4216e-15,0.021235,4.3232e-14,5.6168e-14,3.7973e-16,1.0055e-10,1.4351e-13,0.058802,6.2012e-05,8.7202e-06,1.6087e-05,0.027363,0.043451,7.726e-09,8.6567e-14,2.046e-08,4.7443e-12,2.4317e-10,3.5449e-10,0.0049374,1.6718e-14,0.01069,1.0934e-07,0.6703,0.0043961,3.2838e-06,3.0634e-09,1.4721e-10,2.4005e-14,4.01e-10,1.1641e-10,0.030635,0.03458,0.0022021,0.51219,5.1003e-12,1.6004e-13,0.0013726,6.0814e-06,6.3711e-07,1.7023e-08,2.6431e-08,0.00019942,0.001537,0.00048728,0.079398,0.37148,0.10801,5.8698e-08,1.7016e-06,5.965e-06,0.0085792,0.017133
1.991e-22,4.4725e-20,2.517e-06,1.8077e-10,6.5212e-14,1.4859e-07,4.8176e-16,4.8558e-16,9.3008e-05,4.0951e-08,2.5573e-13,8.939e-22,1.0387e-05,2.8478e-09,8.9199e-09,8.8586e-17,1.519e-30,1.6547e-27,1.8993e-17,1.629e-30,0.0003766,2.0428e-11,4.6415e-09,6.585e-10,1.4522e-07,4.1842e-09,1.21e-06,5.3306e-05,2.9562e-30,3.3111e-31,1.7908e-15,8.7122e-20,0,1.8057e-54,9.7091e-06,4.1195e-12,4.7116e-06,0.0012062,0.0042379,0.11847,1.8036e-13,3.4872e-12,4.1114e-08,4.5485e-08,2.0803e-12,2.1907e-21,8.0497e-12,3.9445e-17,3.7896e-13,1.9345e-18,8.7894e-11,6.9053e-11,8.9594e-19,9.5421e-15,1.6154e-16,3.7516e-18,2.8766e-26,1.2534e-13,1.7885e-25,3.1129e-19,5.2745e-21,3.8414e-19,1.1499e-27,9.5736e-30,0.001425,2.0835e-14,3.4304e-28,1.0731e-30,3.0729e-22,1.9097e-20,0.046273,0.00098815,1.4968e-20,1.2214e-20,6.5879e-10,6.7107e-11,8.8705e-23,3.4915e-26,6.9141e-16,1.2832e-25,1.5797e-22,2.1319e-24,5.1611e-05,6.1661e-26,2.0166e-05,4.8211e-12,0.21872,1.5034e-06,1.9089e-14,1.0194e-16,3.6522e-19,1.796e-23,2.3385e-16,2.226e-14,0.2207,0.3018,1.3835e-09,5.1764e-05,8.1817e-31,1.521e-34,4.0085e-15,1.23e-10,4.4977e-21,1.1143e-24,6.341e-09,2.1426e-07,1.0724e-08,1.2811e-10,0.70052,0.87572,0.0030816,2.584e-17,1.3954e-15,4.11e-09,0.00011199,0.31795
