   0.0000000e+00  -3.1305217e-01  -2.5107379e-01   1.4944646e-01   1.4042851e-01   9.7308426e-02  -2.0994237e-01   1.8019749e-01  -1.2532899e-01   9.2475351e-02  -1.2509866e-01  -2.4760899e-01   2.1745949e-01   1.6837960e-01  -2.2467995e-01  -1.1424120e-01  -1.4083701e-01   1.8095806e-01   3.5649215e-02   2.5064092e-01  -1.1004265e-01   3.0485081e-01  -1.0250203e-01   5.2328878e-01   9.6358994e-02   2.1506223e-01   6.4325923e-02   5.9673348e-02   2.7972663e-02  -3.0543424e-01  -2.1636650e-01   1.7424305e-01  -1.4513316e-01  -1.8964041e-01  -1.9302560e-01   1.1667146e-01   2.1659145e-01   1.8420007e-01  -2.7118072e-01  -1.5800776e-01   1.7083797e-01  -1.6320851e-01  -1.7128454e-01   7.6195170e-02   3.9889789e-02   5.1296007e-01   1.0429214e-01  -3.2319729e-01   5.4089651e-02  -5.9104038e-02   6.8594499e-02   3.2725561e-01  -2.4212681e-01  -8.7530237e-02  -7.6043583e-02   7.1306579e-02   5.2334593e-02   2.6197058e-01   1.3340367e-02   2.6721089e-02   6.3408701e-02  -9.1048513e-02  -1.3934423e-01  -1.9503108e-01  -1.3782164e-01  -9.5509264e-04   8.6177084e-02   6.0792713e-02   1.3477680e-01  -6.0994544e-02  -2.9922726e-01   1.1812792e-01  -4.1020473e-01   1.7066804e-01   1.0565322e-01   2.4651549e-01   2.2532092e-01   1.2311898e-01  -9.2899866e-02   1.2565761e-02   4.2326889e-02  -1.9653114e-01  -1.4562679e-01   1.8313450e-01  -1.5986223e-01   1.4995738e-01  -2.2220300e-01   2.7406448e-01   1.8940150e-02   6.7547592e-01   1.0240207e-01   5.6629914e-02   2.5659485e-02   7.3831590e-02   1.2824657e-01   2.5655853e-01  -8.8711775e-02   2.6521751e-01   1.3070186e-01  -4.4165842e-02  -1.5918797e-01  -9.4393591e-02   5.2501823e-02  -1.6723922e-01   1.2146203e-01   2.0843893e-01   2.8518737e-02   2.3655039e-01   1.9856988e-01   2.9070175e-02  -1.6144564e-01   8.1757079e-02   1.3726985e-01   6.4534022e-01  -9.7035871e-02  -2.4887593e-01   2.4386000e-02   1.3916656e-02  -3.8361808e-03   6.6579999e-02   5.0438095e-01   1.4094497e-01   3.9806441e-03  -3.3796377e-01   3.9666737e-01   3.2635168e-01  -7.8392532e-02   8.8715673e-02   3.6865328e-01  -1.0929931e-01  -2.7047431e-01  -3.4907640e-01   1.9531202e-01  -3.8644035e-01   1.6650596e-01   1.4864058e-01  -7.7565094e-02  -6.9209976e-02   1.3213601e-01   5.8065814e-01   3.8050428e-01   1.8762381e-01   6.8260702e-02  -4.7113851e-02  -2.5271132e-01  -2.2851360e-01  -2.0594675e-01  -4.1275059e-02  -1.6505230e-02  -2.2887523e-01  -1.0330863e-01   1.9522890e-01   3.2429126e-01  -2.4215730e-01  -2.7057365e-01   4.7837145e-01   5.6875169e-01   1.5665943e-01   2.4426976e-01   9.5711961e-02   2.2184122e-02   6.7167008e-02   1.3527998e-01   2.3051324e-01   1.5269830e-01  -2.3641198e-01  -2.4785370e-01   1.0809289e-01   2.0530552e-01  -5.1182285e-02  -1.3979638e-01   1.6023002e-01   2.0975098e-01   6.9044369e-02   1.9912009e-01  -1.4580971e-01   2.3569336e-01
  -3.1305217e-01   0.0000000e+00   4.9943867e-01  -3.5245781e-01   1.4721938e-01  -5.3052719e-01  -4.3073022e-01  -1.5601614e-01   4.3521069e-01  -1.1175856e-01  -2.7017384e-01   2.1140879e-01  -2.3431722e-01  -2.0250371e-01  -7.3457371e-02  -3.2895017e-01   6.8751709e-01  -4.9048394e-01   8.2680748e-02   6.7579290e-02   1.0785874e-01  -3.1494477e-01  -5.4700049e-01  -2.9347559e-01  -1.9487534e-01  -1.8028188e-01  -3.0019080e-01  -4.9786174e-01   2.0578147e-01  -1.2136689e-01   3.8866061e-01  -5.1773209e-01   1.5945413e-01  -4.1323393e-01  -1.8110763e-01  -2.3537838e-01  -4.3861771e-01   1.1431887e-01  -1.6657161e-01   6.1598932e-01  -2.4408918e-01   3.3424526e-01   2.5810823e-01  -2.1866766e-01  -4.3645098e-02  -3.1753960e-01  -5.0327167e-01   3.3651564e-01  -2.3034957e-01   5.2277773e-01  -5.5980708e-01  -2.3005237e-01   1.5967647e-01   3.6201724e-01   1.8266236e-01  -5.0990973e-01  -2.1265227e-01  -4.2594303e-01  -4.4816659e-01  -1.7843218e-01   3.7483210e-01  -6.4349754e-02   4.3711503e-01   5.1954213e-01   2.9645568e-01   2.4286478e-01  -3.2565004e-01   2.4126228e-02  -5.5964025e-01   3.5936704e-02   7.0682575e-01  -3.1705785e-01   1.3332309e-01  -1.9507486e-01   3.2043578e-01  -1.1714910e-01   2.3485783e-01  -2.2574425e-01   2.7986431e-01   2.2056223e-02  -3.9475153e-01  -5.0543195e-02   4.1626393e-01  -1.8270128e-01   3.6866212e-01  -2.8591888e-01  -1.4918280e-02  -2.5839962e-01   5.7759841e-01  -3.8794615e-01   4.9127643e-01   4.7213349e-01   2.1611350e-01   1.1758481e-01   2.1077609e-01   2.7954486e-01  -1.5660794e-01  -1.7809170e-01  -3.1557250e-03   1.6009544e-01   3.4489117e-01  -4.4170850e-01  -5.0413883e-01   9.6576231e-02  -4.2544820e-01  -2.5170307e-01   3.6710770e-01  -5.3984329e-01  -4.7579933e-01  -5.3088094e-01   2.4398641e-01  -4.4253793e-01  -1.4966131e-01  -2.9148640e-01  -2.2581661e-01   5.8529102e-01  -3.6477502e-01  -1.6471743e-01  -2.9841163e-01  -3.6795253e-01  -4.9816870e-01   2.0781524e-01   4.2239763e-01   1.0255224e-01  -2.0814371e-01  -2.9907365e-01  -3.0399336e-01   3.8794981e-01  -5.0573230e-01   1.9420204e-01  -2.2964019e-02   3.5280352e-02   4.1036271e-01  -1.6953550e-01  -1.1392459e-02  -2.7848799e-01   1.5470936e-01  -1.8476143e-02  -3.9813312e-01  -2.1995507e-01  -2.2969991e-02  -2.4890196e-01  -5.1205152e-01  -4.9818063e-01  -1.3282031e-01   2.4135689e-01   3.7295706e-01   4.6540369e-01  -3.2976089e-01   2.7170314e-01   5.6225254e-02   8.0437956e-03  -1.1871580e-02   4.4547908e-01   4.1828078e-01  -1.7130883e-01  -3.6090075e-01  -4.3052985e-01   2.5748692e-01  -1.9679366e-01   2.1359559e-01  -1.8846467e-01   1.3751768e-01  -3.5293420e-01  -2.4565464e-01   5.1802877e-01   2.9407776e-01  -2.5793199e-01  -2.7176528e-02   5.8022077e-01   3.8603784e-01   1.5623365e-01  -3.6414170e-01  -3.0857588e-01   1.3952987e-01   1.7392137e-01  -2.2785806e-01
  -2.5107379e-01   4.9943867e-01   0.0000000e+00  -2.3334061e-01  -1.1551380e-01  -2.3104037e-01  -7.2673583e-02  -2.2107690e-01  -2.9319448e-02   1.3784842e-01  -3.4112781e-01   5.7207069e-01  -1.4171247e-01  -4.5387789e-02  -1.0257170e-01  -3.4276140e-02   7.9973353e-01  -3.4386066e-01   5.5077793e-03   1.1036917e-01   5.4198320e-02  -2.8569607e-01  -2.9699272e-01  -2.1393728e-01  -1.2558622e-01  -1.5260322e-01  -9.7610821e-02  -2.6577470e-01   1.3309392e-01  -1.3771541e-01   1.8562650e-01  -4.8408598e-01   1.2099430e-01   1.0719023e-01  -9.4516373e-02  -4.4521363e-02  -3.1015200e-01   1.7369930e-01  -1.3912111e-01   5.0611369e-01  -2.1245576e-01   3.6664978e-01   1.9661040e-01  -1.7894627e-02  -8.7153953e-02  -2.6993395e-01  -2.5659547e-01   2.2153993e-01  -2.5826219e-01   4.7934269e-01  -3.9035605e-01  -3.7226651e-01   2.6456640e-01   5.8419025e-01   3.1357806e-01  -4.6377278e-02  -1.7025441e-01  -3.7929310e-01  -4.0640259e-01  -1.2205981e-01   4.8556377e-01  -1.2389075e-02   2.0347252e-01   1.9055286e-01  -1.1466603e-01   1.5672919e-01  -8.4236726e-02  -4.1095366e-02  -4.0885917e-01   5.6243412e-01   3.6105865e-01  -2.0430615e-01   1.0803794e-01   7.7809498e-02   1.5793065e-01  -3.5828653e-02   1.6694355e-01  -3.1943575e-01  -2.5055890e-02  -9.2284427e-02  -1.3635671e-01  -1.3179055e-02   5.0764070e-01  -2.8589751e-01   5.6814921e-01  -3.0015332e-01   6.8882063e-03  -7.0724901e-02   2.7830814e-01  -1.8459503e-01   1.5540734e-02   6.6436822e-01   4.2346992e-01  -1.0152728e-02   2.0621874e-01   1.8613915e-01  -2.1152976e-01  -3.9860218e-01  -4.7013091e-02  -1.8525509e-02   4.0495650e-01  -1.3888571e-01  -3.4399665e-01  -2.5088371e-02  -4.1806923e-01  -2.3522611e-01   5.6168617e-01  -5.4041882e-01  -3.6197058e-01  -1.7119190e-01   6.6727519e-01  -4.8320173e-01  -4.5032428e-02   1.0275075e-02   2.2862745e-01  -1.2465832e-01  -3.4339653e-01  -1.8534198e-01   2.7008131e-01  -2.9071342e-01  -2.7364210e-01   8.9322635e-02   3.7003772e-01  -2.0712393e-01  -2.0338307e-01  -2.2765100e-01  -2.2106875e-01   2.8249760e-01  -3.5813905e-01   6.2379678e-01  -1.4017397e-01  -1.8119091e-01   2.6578907e-01   2.6030917e-02  -3.1482560e-02  -3.0920238e-01   6.7079835e-02   9.6558646e-02  -4.2540558e-01  -9.3719239e-02  -3.9016160e-03  -1.1367278e-01  -4.3209380e-01   1.1083630e-01   2.8574161e-02   7.1867833e-03   5.9109553e-01   6.2636663e-02  -4.6874869e-02  -3.1504549e-01   4.2909656e-01  -2.4288750e-02   2.0641815e-01  -8.4815354e-06   7.6466736e-01  -1.2102884e-01  -1.6656870e-01  -4.5342193e-01   4.5877885e-01  -1.4189928e-01   2.0675431e-01  -3.1791494e-01   1.1851896e-01  -2.5989166e-01  -3.4765445e-01   1.3781178e-01   2.3091377e-01  -1.1192886e-01   2.2080401e-01   3.4358065e-01   1.2186203e-01   1.3832032e-01  -2.1347140e-01  -1.1324834e-01   1.3076592e-01   1.6222401e-01  -2.9685180e-01
   1.4944646e-01  -3.5245781e-01  -2.3334061e-01   0.0000000e+00   2.7393395e-02   1.6418895e-01   2.5065765e-01  -2.9340244e-01   2.6039284e-01   2.1036017e-01   9.0511575e-02   6.7952354e-02   1.3156827e-01   1.7904298e-01   1.9709729e-01   1.9015857e-01  -4.3428985e-01   6.5543399e-01  -2.1201742e-01  -1.7539382e-02   7.4863159e-03   5.8150519e-01   3.8539699e-01   2.5463235e-02   5.1750384e-01  -1.1181779e-01   1.6277457e-01   3.6538090e-01   4.1503772e-01   4.1691765e-01  -2.4151706e-01   5.2607005e-01  -6.8858079e-02   1.4091024e-01   5.0941508e-01   2.1043004e-01   4.7994265e-01   6.3999493e-02   4.6481865e-02  -3.3195105e-01   2.9373733e-01  -1.4364044e-01   1.9097630e-01  -7.9096456e-02   5.9578887e-01  -2.3061036e-01   3.3592029e-01  -2.4108776e-01   3.7984526e-01  -5.4979695e-01   5.4206667e-01  -1.3720106e-01  -3.8339619e-01  -6.3816849e-02  -1.4160830e-01   4.1996679e-01   5.8825613e-02   6.3670725e-01   5.0172669e-01   5.9959411e-01  -3.3253331e-01   4.0605344e-01   2.8456158e-01  -2.6450791e-01   2.9316524e-01   2.9536991e-02   1.6680008e-01   4.9272776e-01   4.3410555e-01  -3.7377017e-01  -4.7446784e-01   8.1375701e-01   1.7329342e-01   4.9752632e-01  -2.6114337e-02  -2.1438123e-01  -7.1644204e-02  -5.6462625e-02  -3.6112971e-02   6.1000992e-01   2.8322578e-01   3.7303104e-01  -3.7128665e-01  -2.5537647e-01  -4.1552477e-01   2.7138590e-01   3.6349472e-01   3.0242949e-01   2.4171689e-02   1.7600467e-01  -1.3560863e-01  -2.5812740e-01  -2.8810073e-01   5.3640833e-01  -9.2077382e-02  -9.7227071e-02   2.4140589e-01  -6.8307027e-02   5.4778047e-01   3.6615584e-01  -5.1503276e-01   2.8284823e-01   2.6579637e-01   3.9926924e-01   7.0184087e-01   5.9888912e-01  -4.8773117e-02   5.6758676e-01   5.3317297e-01   1.2726913e-01  -2.9646517e-01   5.3806551e-01   7.6396220e-01   1.7413861e-01  -7.2314550e-02  -3.0605705e-01   3.5656355e-01   1.9200330e-01  -2.7873541e-01   8.0882217e-01   3.0726376e-01   3.0969464e-02   2.3206748e-01   3.6578031e-01  -2.0658375e-01   4.4654600e-01   6.1773830e-01   1.4832057e-01   6.3805629e-01  -5.7703953e-01  -4.2294046e-01  -3.7141874e-02  -1.7473226e-03  -9.7068808e-02   6.7650914e-01  -2.9158560e-01   2.0232380e-01  -2.2810628e-01   2.6500851e-02   9.8127241e-02   2.3217419e-01   6.8045426e-02   3.9489488e-01   1.2522706e-01   3.1923735e-01   1.4099636e-01  -2.8744967e-01  -2.7465901e-01   6.8313991e-02   1.9407455e-01  -3.6624113e-01  -2.6385542e-01   2.7276626e-01  -3.6500211e-01  -4.5039278e-01   1.7071571e-01   3.3627233e-01   5.3685893e-01   9.1939074e-02  -1.8568691e-02   3.7383905e-01   1.0870061e-01  -1.4103472e-01   7.4285491e-01   5.5828790e-01  -2.0998423e-01  -3.8713034e-01  -7.9654090e-02   1.5329030e-01  -5.3958865e-01  -1.2371834e-01  -3.6452856e-02   7.3957772e-01  -1.5244718e-01  -7.4975436e-02  -2.3730828e-01   6.6932356e-01
   1.4042851e-01   1.4721938e-01  -1.1551380e-01   2.7393395e-02   0.0000000e+00  -1.8470816e-01  -2.4743426e-01  -2.2562655e-01   1.9499666e-02   1.5100068e-01   9.3154642e-02  -1.6705549e-01   3.1433568e-01  -1.8411338e-01  -1.8220349e-01  -1.2528573e-01   9.6084069e-02   2.2542480e-01  -3.6289163e-02   7.0210339e-01   6.7542078e-02  -5.4105605e-02  -9.7608870e-02  -2.8727056e-03   4.0909649e-02  -2.3612012e-01   4.1784542e-01  -1.9220486e-01   2.7731953e-01  -1.9251544e-01  -1.0468517e-02  -7.3075821e-02  -1.3184111e-01  -2.0361203e-01  -2.0891826e-01   6.2168413e-01   4.5640408e-02   1.7691953e-01  -1.1122855e-01   1.3951267e-01   2.6602534e-01  -9.0671630e-02   2.0657468e-01  -1.1946813e-01   3.6953927e-01  -1.3642691e-01   4.2790179e-01  -5.7040642e-02   1.7165069e-02   6.1914768e-02   4.6098052e-02  -3.2352261e-02   6.0560783e-02  -1.0106748e-01  -2.9215378e-01  -1.5699094e-01  -9.5027208e-02   2.6922094e-03  -1.2256820e-01  -2.1429947e-02   1.3309837e-01   2.5341193e-01   1.3055273e-01   1.4096613e-02   3.5271784e-01   2.6848937e-01  -5.1037143e-02   1.3839194e-01   7.0083086e-02  -4.2202229e-01   2.5854828e-02   1.3893690e-01  -3.0939266e-03  -1.3957671e-01   4.0224228e-02  -2.0180079e-01   1.3076506e-01   7.7269367e-02   6.3864364e-01  -5.5198071e-02  -2.1728248e-01  -1.5077247e-01  -8.1819438e-02  -2.0822771e-01  -2.9552575e-01  -9.2418156e-02  -3.0627108e-01  -1.8367661e-01   1.4529705e-01  -3.7767669e-02   6.3317922e-01   8.0818565e-02   1.1798283e-01   2.2239839e-01   1.2055321e-01   7.2827202e-01  -3.8158153e-02  -2.3659246e-02   4.6450862e-01   1.1951250e-01  -1.5515220e-01  -1.7630043e-01  -3.0824410e-01  -1.8324361e-01   9.7176228e-02   3.1736150e-02  -3.4521616e-02  -1.8597568e-02   8.4989964e-02   1.3698485e-01  -2.0646614e-01  -5.9301673e-02   1.5708280e-01  -9.3687981e-02  -3.2134656e-01   5.4566238e-01  -1.6437046e-03   1.7299616e-01  -3.9811561e-01   7.3607148e-02  -1.0935335e-01   7.1094278e-01   1.2718361e-01   6.5049404e-04  -1.5839208e-01  -1.3689293e-01   6.9019664e-02   4.9201697e-02  -2.8100255e-02  -2.9092158e-01  -1.0627034e-01   3.2099856e-01  -1.0085952e-01  -3.9208633e-01   1.6108635e-01  -2.2888263e-01  -2.2006562e-02  -3.4147335e-01  -1.4025132e-01   8.5748225e-02   8.3428436e-02   1.0865767e-02  -9.6777124e-03  -3.5427647e-01  -2.2427516e-01  -1.3657520e-01  -2.6709800e-01   5.5514242e-01   2.6222294e-01   1.5100870e-01  -3.5599482e-01  -3.9084161e-02   3.4831398e-02   2.8258836e-01  -9.2050003e-03  -3.2489865e-02   6.2075228e-02   9.3315376e-03   1.9168263e-01  -1.5297821e-01   1.7173586e-01   1.9174156e-01   3.0732814e-01   1.7256909e-01  -7.3868870e-02   3.1764894e-01   2.0002004e-01  -1.7477149e-01  -9.1768026e-02   1.0790343e-01   5.2583176e-01   3.5145670e-02   2.5383949e-01  -2.1735869e-01  -2.0013305e-01  -8.3872792e-02   6.5279614e-02
   9.7308426e-02  -5.3052719e-01  -2.3104037e-01   1.6418895e-01  -1.8470816e-01   0.0000000e+00   3.0799369e-01   3.8848779e-01  -1.8172876e-01   6.0900421e-02   2.0151264e-01   7.1961862e-02   4.5747576e-02   1.1792615e-02   3.1669619e-02   3.1067868e-01  -4.0480008e-01   2.7971053e-01   3.0560894e-01  -1.2841526e-01  -1.0469537e-01   3.0086040e-01   4.3316801e-01   3.7450794e-02  -1.7538857e-02   3.2883282e-01   2.0414398e-01   4.4028480e-01  -1.2661893e-01   2.2707354e-01  -1.9242885e-01   3.9175886e-01  -2.2090147e-01   3.6626599e-01   1.3653535e-01   1.1616582e-01   1.7801345e-01  -1.6254350e-01   1.7570230e-01  -3.7657760e-01   1.5206079e-01  -2.8693945e-01  -1.9659025e-01  -1.2075933e-02   3.3592416e-02   1.9382977e-01   2.9300867e-01  -2.6321077e-01   1.6105433e-01  -2.8776405e-01   3.0359938e-01   4.6959294e-01  -9.8932478e-02  -4.1136928e-01  -1.4542948e-01   2.5841800e-01   5.7861499e-01   2.6738287e-01   4.3536594e-01   2.8782719e-01  -1.9093011e-01  -3.1647797e-02  -1.7321154e-01  -2.5287122e-01  -9.6527416e-02  -1.3350356e-01   7.5666163e-01  -2.1570234e-01   4.9557085e-01  -1.4557477e-01  -4.3175215e-01   1.1448698e-01  -7.5167544e-02   1.7087344e-01  -2.4651586e-01   1.8448298e-01  -3.2288326e-02   2.4615935e-01  -1.7502980e-01   5.1488655e-02   2.6624589e-01  -1.9186615e-02  -3.7502154e-01   2.3417358e-01  -2.5774531e-01   2.9644988e-01  -4.1256916e-02  -3.6606853e-03  -3.9649118e-01   1.3464498e-01  -3.1071046e-01  -2.6660302e-01  -5.2406836e-02  -7.1252018e-02  -2.1126709e-01  -2.1947371e-01  -2.0797941e-02   4.6504337e-01  -6.0041066e-02  -1.7397480e-01  -3.0221886e-01   3.2183037e-01   5.5815195e-01   5.0845791e-02   3.7098494e-01   1.0926367e-01  -2.3599486e-01   5.4363448e-01   4.0171524e-01   4.8496830e-01  -1.5630086e-01   5.3707672e-01   6.8654992e-02   6.1297579e-02   1.7495156e-03  -2.6288419e-01   2.3396943e-01   2.2881125e-02   4.2245701e-01   3.7212902e-01   3.0333126e-01  -1.6115436e-01  -1.5496867e-01   3.2104680e-02   1.2195234e-01   1.7331607e-01   2.2883368e-01  -2.9783358e-01   3.2857249e-01  -1.9430691e-01   1.2942947e-01   1.4296678e-01  -1.7653503e-01   2.2722018e-01   9.3336835e-02   4.7453044e-01  -3.5880886e-01   2.6699116e-01   5.3151393e-01   3.7124389e-02  -1.3172874e-01   8.3931908e-02   3.0884185e-01   5.3458965e-01   1.4304434e-01   6.5378677e-02  -2.8680620e-01  -2.2719906e-01   3.9709145e-01  -7.6166673e-02  -8.6033976e-02   6.5336258e-02  -2.9216846e-02  -1.4245517e-01  -7.4978665e-02   1.0956198e-01   2.4500510e-01   4.2188922e-01  -2.2686908e-01   4.1280130e-01  -1.2107152e-01   1.9230829e-01  -2.1007513e-01   2.3860509e-01   3.3712197e-01  -2.1778248e-01  -1.4437887e-01   5.0120766e-01   4.7127767e-02  -3.1551771e-01  -2.5662483e-01  -1.1631098e-01   1.9979828e-01   7.9333813e-01  -5.0437321e-02  -2.0473170e-01   2.0400901e-01
  -2.0994237e-01  -4.3073022e-01  -7.2673583e-02   2.5065765e-01  -2.4743426e-01   3.0799369e-01   0.0000000e+00  -7.0308941e-02  -1.8000331e-01   2.3973270e-01   2.6652939e-01   2.7243106e-01  -2.0027795e-02  -6.5435397e-02   5.4491384e-01   3.3957357e-01  -4.4216183e-01   4.3301517e-01  -3.2318647e-02  -3.0137310e-01   2.1954653e-01   1.0337702e-01   8.2143078e-01  -2.3399386e-01   6.2180146e-02  -1.8356537e-01   1.2425178e-01   3.4682875e-01  -2.3471051e-02   4.1806039e-01  -1.4363324e-01   1.9309543e-01  -2.4522410e-01   7.2859338e-01   4.8930265e-01   1.4281671e-01   3.5167081e-01  -3.4778127e-01   1.3931423e-01  -2.9089719e-01   7.8717947e-02  -3.4021520e-01   5.7590389e-02   2.0047155e-02   1.6196632e-01  -1.0552321e-01   2.7106707e-01   1.6699229e-01   1.5186613e-01  -5.1051691e-01   6.1128261e-01  -1.2747907e-01   2.8405410e-01  -3.5791700e-01  -4.8137270e-02   3.2141835e-01  -9.1454450e-03   1.9438610e-01   2.9406291e-01   2.7250392e-01  -4.4136709e-01   1.9430857e-01  -1.2801132e-01  -1.6714508e-01  -9.6301355e-02  -3.9181192e-02   2.7293738e-02  -2.0922433e-02   3.2827521e-01   2.0464859e-01  -1.7569427e-01   3.1743919e-01   4.0683808e-02   1.3661458e-01  -4.2376309e-01  -1.5422129e-01  -2.8964560e-01   3.0548418e-02  -2.8530267e-01  -1.9038500e-01   3.5883749e-01   1.6023871e-01  -1.0248536e-01  -1.3550061e-01  -2.1587273e-01   2.2603476e-01   2.4400667e-01   3.4481951e-02  -4.8273126e-01  -8.4685455e-02  -6.3729931e-01  -5.0472839e-01  -2.2980908e-01  -2.6550031e-03  -3.1191240e-01  -4.8620785e-01   6.8858644e-02  -1.3786838e-01  -4.0106288e-02   3.2125617e-01  -3.0161200e-01   7.3924901e-01   2.5970437e-01   1.3503697e-01   3.6644175e-01  -1.2728319e-02  -3.5615252e-01   2.5450850e-01   4.4227781e-01   3.1520051e-01   3.8287758e-02   2.8640956e-01   1.6408640e-01  -1.6993299e-01   3.3862116e-01  -3.8928949e-01   2.4868876e-01   1.9806046e-01   2.5438259e-01   3.5257488e-01  -8.1128081e-02  -4.3535674e-01  -2.7743114e-01   1.2975792e-01  -9.6045350e-02   1.2465790e-01   4.4203176e-01  -4.3849489e-01   2.4240430e-01  -1.4811122e-01  -4.9881511e-02   1.7581960e-01  -3.8521925e-01   3.4390435e-01  -1.4328257e-02   2.1617911e-02  -3.1700629e-01   2.3213199e-01   2.6558147e-01  -1.8707590e-01  -1.4995576e-01   3.4920022e-02   3.7373795e-01   4.0204197e-01   7.0504884e-01  -7.9654913e-02   1.7094321e-01  -3.3233004e-01   3.2205666e-01   6.0660706e-02   1.7118864e-02  -3.4075364e-01  -2.7653780e-01  -3.5551199e-01  -1.9045196e-01  -1.7678555e-01   2.0608687e-02   2.8373159e-01  -4.1709691e-01  -7.2368220e-02  -9.8255972e-02  -1.4329066e-01  -1.3854113e-01   2.7065174e-01  -4.1209874e-04  -2.5269857e-01  -4.1391467e-02   2.6561094e-01  -2.3201249e-01  -5.9515448e-01  -2.1849727e-01  -3.7677536e-01   3.4111012e-01   1.2563490e-01  -2.4883693e-01  -2.8804684e-01   5.8023289e-03
   1.8019749e-01  -1.5601614e-01  -2.2107690e-01  -2.9340244e-01  -2.2562655e-01   3.8848779e-01  -7.0308941e-02   0.0000000e+00  -7.4784545e-02  -1.1934507e-01   1.7015439e-02  -1.0039902e-01  -2.2564224e-02  -8.1053113e-02  -1.3753396e-01   2.3188992e-01  -1.3219228e-01  -2.9213204e-01   2.9765021e-01  -1.7152096e-01  -5.1111090e-02  -1.6831077e-01  -1.2614725e-01   1.4725552e-01  -2.6819615e-01   6.3101982e-01  -8.9506922e-02  -2.0444238e-02  -3.1866835e-01  -2.4806254e-01  -2.4049793e-02   5.6457068e-03   2.6218883e-02   6.1561694e-02  -3.2102163e-01  -3.4489497e-01  -2.0075620e-01  -9.7951704e-02   2.6044065e-01  -7.2497103e-02  -1.1839050e-01  -2.4913584e-03  -1.8385190e-01   1.1854680e-01  -3.3099603e-01   3.0250819e-01  -3.2932803e-01   5.7742528e-02  -9.9805205e-02   2.6557102e-01  -1.1197285e-01   7.3210641e-01   6.4144973e-02  -1.3901682e-01  -5.6843016e-02  -2.4712574e-01   2.7895835e-01  -1.5998384e-01   1.0535639e-01  -1.9442085e-01   4.2538000e-02  -3.2749037e-01  -2.6468609e-01   1.1107648e-01  -3.2462921e-01  -1.7842290e-02   2.2090894e-01  -3.3297168e-01  -6.3376618e-02  -2.8437534e-03   8.1968274e-02  -3.9522019e-01  -2.3748154e-01  -3.6359121e-01   6.4625387e-02   3.8681402e-01  -1.1052767e-02   3.5823102e-01  -2.9744939e-01  -9.8820587e-02   7.6394003e-02  -2.3995208e-01  -1.0368728e-02   7.6033574e-01  -5.9377921e-02   1.3148353e-02  -3.7537029e-01  -2.0056477e-01  -1.5206353e-01   3.5482874e-02  -1.2060573e-01  -2.6172732e-02   2.4816218e-02  -3.2991975e-01  -1.1955898e-01  -1.2314594e-01   2.1400803e-01   5.1007864e-01  -3.7487537e-01  -1.8762223e-01   1.2658462e-02   1.4102907e-01   2.1500809e-01  -2.3227601e-01  -1.4866962e-01  -1.8738839e-01  -1.7527387e-01   1.6974532e-01  -1.8020460e-01  -5.0412571e-02  -3.8928529e-02  -7.9706469e-03  -4.3450939e-01  -2.7827776e-02  -1.1642168e-01  -3.3802015e-02   2.6911639e-02  -1.5658527e-01   1.9557980e-01  -1.4329232e-01   6.0579443e-02  -2.2446065e-01  -1.0722310e-01  -3.3320617e-01   2.5373057e-01   7.0454581e-03  -3.1382382e-01  -1.4014411e-01  -8.4330308e-02  -2.2342078e-02   4.4427768e-01  -1.2711308e-01  -1.4945196e-01  -2.7721363e-02  -2.6895354e-01   7.1123667e-01  -1.9045903e-01   3.6438327e-01   4.8763536e-01   1.0493100e-01  -7.6105818e-02   1.4925811e-01   7.8960935e-02  -2.5800215e-02  -1.8333525e-01  -1.5064567e-01   1.0179036e-03  -1.6833775e-01  -7.3083436e-02  -1.0030367e-01   1.8700397e-02   5.1626231e-01  -1.4139065e-01   2.4803589e-02  -1.2659167e-01   1.3512237e-01   3.6126565e-02   1.5627414e-01  -2.1887312e-01   3.1558434e-01  -8.0956741e-02   4.9878472e-02  -9.6359850e-02  -3.3792464e-01   9.1909629e-02  -2.7907672e-02  -4.7451797e-02   2.7023785e-01  -9.7739898e-03   5.8519435e-02  -1.3587816e-01  -6.5648898e-02  -3.7883829e-01   5.2358899e-01   2.2989308e-01   1.5705713e-01  -1.4842476e-01
  -1.2532899e-01   4.3521069e-01  -2.9319448e-02   2.6039284e-01   1.9499666e-02  -1.8172876e-01  -1.8000331e-01  -7.4784545e-02   0.0000000e+00  -1.2322221e-01  -2.2103977e-02  -1.5033863e-02  -2.1292578e-01  -5.7152330e-03   7.1271617e-02  -3.9168877e-02  -5.2620061e-02   3.4551210e-03  -3.2332929e-02  -2.7598928e-01   7.6351967e-04  -9.1142277e-02  -1.3722600e-01  -1.0401781e-01   3.1880261e-01   1.2531588e-01  -1.1895239e-01  -1.8640733e-01   4.7891226e-01   3.6539034e-01   1.7857553e-02  -8.5559229e-02   1.3636732e-01  -2.3136218e-01   3.8445026e-01  -2.9672357e-01   1.2733435e-01   1.8244874e-01   5.7069898e-02   4.7566980e-02  -1.5217849e-02   1.7372750e-01   4.7821984e-01  -2.3741858e-01   3.8748764e-01  -2.4724471e-01  -2.1831514e-01   2.0073470e-01   3.7307883e-01  -8.5092632e-02  -5.5000526e-02  -3.1642939e-02  -6.8978043e-02   9.6671360e-02  -6.8109375e-02  -1.4887695e-01  -4.6269827e-02  -7.6144427e-03  -1.0535651e-02   2.9279593e-01  -8.3137354e-02   2.8261725e-01   5.9813933e-01   3.2560758e-01   7.1263183e-01   2.9158905e-02  -1.6875101e-01   5.4479622e-01  -1.4337601e-01  -3.3847741e-01   1.8987170e-01   2.5690522e-01   3.2266323e-01   2.2925026e-02   1.5290103e-01  -3.7076915e-01   1.2219392e-01  -1.8045093e-01   2.5167475e-02   4.5534747e-01  -1.2125257e-01   2.9406849e-01  -1.4765119e-01  -1.2418273e-01  -1.7738784e-01  -2.3158913e-01   4.2846924e-01  -8.1729310e-02   4.8131106e-01  -1.0910818e-01   1.7199471e-01  -1.5084932e-02  -4.0334800e-01   6.1678099e-01   1.8479606e-01  -1.2380522e-01   1.8688460e-01  -1.0204733e-01   3.9167349e-01   3.2499635e-01  -1.9504924e-01  -1.2220325e-01  -2.4932812e-01   5.4698972e-01   1.7628178e-01  -2.7717192e-02   3.1245903e-02   7.9774626e-02   9.8312892e-02  -2.9891682e-01  -3.6392848e-01  -3.1508452e-02   3.7015901e-01  -1.8450127e-01  -4.0434811e-01   3.2943798e-01  -2.7643949e-02  -9.4470738e-02  -3.9089168e-01   1.9709736e-01  -6.8106103e-02  -1.4367311e-01   4.1710386e-01   5.5895991e-01  -1.7429402e-01  -4.2990527e-02   2.2292678e-01   3.1519235e-01  -1.0117438e-01  -3.4561504e-01  -2.0009418e-01   5.7398705e-02   6.4810304e-02  -1.5140291e-01   3.6544769e-01  -1.8196490e-01   2.7953372e-01  -1.9963786e-01  -2.1142614e-01  -1.9016890e-02   2.4706979e-01  -3.3026044e-02   7.0051320e-02  -2.4762467e-01  -4.5759803e-03   2.0639393e-01  -2.1365323e-01   2.1222404e-02  -3.2293551e-01   5.5325224e-01  -4.2244233e-01  -1.5197786e-01   1.2921777e-01   2.4704316e-01  -2.1384661e-01   1.1001797e-01  -1.5795570e-02   1.4027843e-01   7.7194242e-02  -2.6816277e-01   5.6772000e-01   2.0378734e-01  -2.8173777e-01   1.2691910e-01   8.9531772e-02   1.6157765e-01  -2.4030271e-01  -2.5152999e-01   3.2341961e-02  -9.0285215e-02   5.5397209e-02   1.2523182e-01   2.5377039e-01  -2.3960709e-01   5.2935123e-02   1.0974110e-02   5.7696231e-02
   9.2475351e-02  -1.1175856e-01   1.3784842e-01   2.1036017e-01   1.5100068e-01   6.0900421e-02   2.3973270e-01  -1.1934507e-01  -1.2322221e-01   0.0000000e+00  -9.2261822e-02   1.2443266e-01   2.5853717e-01  -4.0391346e-01   1.9064726e-01  -4.7685581e-02   2.2968351e-02   3.4747518e-01  -2.4656861e-01   3.1250139e-01   3.2764852e-01   1.6244541e-01   2.9674153e-01  -1.8629819e-01  -3.5327857e-02  -1.6028335e-01   1.2932857e-01  -4.9047955e-02   2.1571623e-01  -9.5133036e-02  -2.9463533e-02   4.6544804e-02  -5.3852371e-01   3.8016103e-01  -6.6375100e-02   4.4289467e-01   2.8824622e-01  -1.7598801e-01  -2.6438850e-01   2.0323874e-01   2.9081313e-01  -4.5757638e-01  -1.8602724e-02   4.3660814e-02   2.0434685e-01  -8.7189156e-02   2.8201574e-01  -6.1616499e-02   1.3125978e-01  -9.1751459e-02   2.9079478e-01   1.0914249e-01   6.4985951e-02  -9.9311025e-02  -4.4283857e-02   1.6702020e-01  -8.1099517e-02   2.8618087e-01   1.8539606e-01   1.2491577e-01  -1.4443824e-01   8.6964933e-02   3.0153599e-02  -3.2199640e-02  -7.7881670e-02   3.4496247e-01   1.2026185e-01   7.2610790e-02   2.7888695e-01  -8.6808192e-03  -1.6064403e-02   3.1476191e-01  -1.6237559e-01   1.7764649e-01  -9.2019080e-02  -1.0572222e-01  -1.2630809e-01   3.1554911e-01  -9.6064634e-02  -1.2181132e-01  -5.6376381e-02  -1.4374857e-01   1.5891990e-01  -1.8859487e-01   2.8221002e-02   1.3057570e-01  -7.5377049e-02  -2.5620213e-02   4.9006513e-02   5.3304552e-02  -1.0320300e-01   2.0286961e-02   3.4856657e-01   1.5479304e-02  -1.5897387e-01   2.3492996e-01  -3.0317728e-01  -9.2905060e-02   6.7723709e-02   4.2859806e-01  -1.3151409e-01   3.8074207e-01  -7.8351693e-02  -1.0273160e-01   2.6049035e-01   1.2608407e-01  -6.4791594e-02   2.2803172e-01   3.8754649e-01   1.4673417e-01   3.0874683e-01   2.2904333e-01   2.9545663e-01   2.5467921e-01  -2.5724174e-02  -1.6329613e-01   1.7144217e-01   2.0628254e-01  -1.7502505e-03   2.5409006e-01  -1.2122629e-01   1.8140604e-01   1.8908944e-01  -6.8083766e-02  -1.3145880e-01  -1.2220368e-01   1.3475101e-01  -1.6342179e-01   3.7243578e-01  -6.4657880e-02  -2.1231333e-01  -5.9527206e-02   7.0258191e-03  -5.9220831e-02   2.8160218e-01  -2.5281753e-02  -1.7606891e-01  -1.5419318e-02   1.0392844e-01   1.4774827e-01  -2.9658759e-02   1.2913806e-01   1.8616555e-01  -1.7574366e-02   2.2183536e-01  -1.0534091e-01   2.4857612e-01  -1.0954467e-02   2.9108198e-01   6.7040649e-02  -4.2903445e-02  -2.1074630e-01  -3.3647590e-03  -1.1885651e-01   8.1157244e-02   2.0529697e-01   1.3853278e-01   2.3349255e-01   1.6390125e-01  -1.1981333e-01   2.8805746e-02   6.1007826e-02   4.6197872e-01   3.4540475e-01   7.2962230e-02  -4.6322007e-02  -5.0529558e-02  -1.1295745e-01  -3.4238822e-02  -1.1012444e-01  -3.3929393e-02  -3.0779619e-01   2.9400249e-01  -1.1904007e-02  -2.2221904e-01  -3.7239309e-01   1.7012373e-01
  -1.2509866e-01  -2.7017384e-01  -3.4112781e-01   9.0511575e-02   9.3154642e-02   2.0151264e-01   2.6652939e-01   1.7015439e-02  -2.2103977e-02  -9.2261822e-02   0.0000000e+00  -2.0436564e-01   1.9559469e-01  -2.6750056e-02   4.4254191e-01   1.9976219e-01  -3.3763557e-01   3.7254843e-01   1.1107224e-02  -1.4013089e-01   3.5608189e-01   8.7642268e-02   2.9019596e-01  -6.6267093e-02  -1.0607122e-01  -1.1152809e-02   7.9374474e-02   1.2657230e-01  -1.1141259e-02   2.1023241e-01   3.4313086e-01   1.5327448e-01   9.0316084e-02   6.7056938e-02   8.7027864e-02   2.2643128e-01   1.7496572e-01   2.4749576e-02   3.5147341e-01  -2.7988743e-01   2.2081191e-01  -3.5556655e-02  -5.5415033e-02   1.2001223e-01   9.1313962e-02  -1.1183596e-01   3.2163575e-01   1.6536207e-01   1.5135231e-01  -3.4400724e-01   3.7522930e-01   4.4761855e-02   9.3018947e-02  -1.0725605e-01   3.7525462e-02   9.4186499e-02   1.8763880e-01   1.2901027e-01   2.6137341e-01  -5.9718544e-03  -8.8946391e-02   1.0977923e-01  -3.7408969e-02   2.1866092e-01   9.0311183e-02   4.3476676e-02   3.3922777e-02  -1.0501897e-01   3.0154768e-01  -2.3268459e-01  -8.1259867e-03   7.2024297e-02   2.6227646e-01  -1.2804894e-01   2.1337169e-02   4.6827832e-02  -2.4136088e-03   2.1624513e-01  -6.1307681e-02   7.0300374e-02   1.4535988e-01   2.4726232e-01  -7.8708981e-02  -8.6980105e-03  -1.4286509e-01   1.5448964e-01  -5.4857237e-02  -1.2754019e-01  -3.3235205e-01  -1.0805075e-01  -1.1294394e-01  -2.6962377e-01  -2.1118089e-01   6.8265810e-02   1.8823276e-02  -2.3064641e-01   1.2769269e-01   2.2827024e-01  -3.4267068e-04   5.2284071e-02  -4.4538271e-02   2.3945834e-01   1.5822719e-01   3.9446358e-02   1.2421087e-01   5.5714677e-02  -1.2430305e-01   1.3628526e-01   1.4166717e-01   2.4128183e-01  -2.5432630e-01   1.0408152e-01  -6.8839686e-02  -1.5379262e-01   1.0151567e-01   4.8028402e-02   1.3313335e-01   2.6904446e-01  -2.9565625e-02   1.3824659e-01   3.1442300e-02  -1.8044140e-01  -1.3485059e-01   2.4524883e-01  -6.1950416e-02  -2.3348570e-02   1.9730696e-01  -2.2832813e-02   3.3422174e-02  -2.2025369e-01   3.2605989e-01   4.7196016e-01  -3.1132364e-01   2.4143059e-01  -1.0669087e-02   1.7879500e-01  -1.2137668e-01   2.1890960e-01   2.4569250e-01  -1.0834608e-01  -1.8403358e-02   1.8721049e-01   1.8508943e-01  -5.0400358e-02   3.3795994e-01   1.0042155e-01  -2.0735071e-01   4.0736183e-02   1.6025674e-01   1.6218132e-01  -9.4430673e-02  -7.2546831e-02  -1.8157809e-01   2.3199331e-01  -3.7493225e-01  -9.1712361e-02  -5.6616529e-02   2.2173082e-01  -1.9101765e-01   3.3882533e-02  -8.5800381e-02   3.7038875e-01   7.2536343e-02   2.2136555e-02   1.6828397e-01  -1.3158560e-01   1.2436246e-01   7.5111287e-02  -1.3955680e-01  -2.3172308e-01  -9.3585493e-02  -1.4736645e-03   1.5225307e-01   4.0587057e-02  -1.2452105e-01  -3.6132747e-02   9.2416055e-02
  -2.4760899e-01   2.1140879e-01   5.7207069e-01   6.7952354e-02  -1.6705549e-01   7.1961862e-02   2.7243106e-01  -1.0039902e-01  -1.5033863e-02   1.2443266e-01  -2.0436564e-01   0.0000000e+00  -2.2353018e-01  -1.0799286e-01  -1.0632645e-02   1.6897282e-01   2.4527214e-01  -3.5454178e-02   1.6488644e-01   1.6689102e-02  -1.2511145e-02  -1.3488646e-02   4.6185270e-02  -3.8547962e-01  -1.0294870e-01  -1.4221868e-01  -1.1710109e-01  -2.3989416e-01   2.0917317e-01   2.3959174e-01  -1.8863929e-01  -1.4312573e-01   3.0730752e-02   4.2821959e-01   2.9037099e-01   1.7209589e-02  -1.8855707e-01  -7.1362786e-02  -8.9673477e-03   7.6401269e-02  -1.6351126e-01   2.7516768e-02   4.8196024e-01  -2.2281935e-01   1.9020804e-01  -1.9017420e-01  -7.2799807e-02   3.8652331e-02  -2.1223850e-01   1.0941349e-01   4.9039955e-02  -1.6703910e-01   2.4974971e-01   7.3813584e-02   1.0836264e-01  -7.4394639e-02  -1.4997829e-02  -8.4825313e-02   5.3368573e-02   3.1684381e-01   1.4585192e-01   9.1368042e-02   2.2780094e-01  -1.1604459e-01  -4.7407924e-02   2.4617117e-01   2.2470213e-01  -1.0431995e-01  -1.3430471e-01   2.4340474e-01  -9.0859031e-03  -1.7751228e-02   2.2254043e-02   1.9643664e-01  -5.1875139e-02   3.6802789e-03   5.1617053e-02  -3.2795085e-01   1.7658830e-01  -5.1587519e-03  -1.5930738e-01   4.0479104e-02   1.5777518e-01  -1.8438694e-01   9.7266838e-02  -7.3631100e-02   1.1710946e-01  -1.4111765e-01   6.2551602e-02  -1.9754965e-01  -6.0188759e-02   2.2689592e-01   2.6036010e-01   1.5324117e-01  -1.2798257e-01  -5.8438660e-02   3.3730311e-02  -1.9700817e-01  -1.0244092e-02  -1.2451949e-02  -1.7207800e-01   1.7766222e-01   2.3659909e-02   2.0539436e-01   4.5461261e-02  -6.8341098e-02   1.3980483e-01  -1.9941615e-01  -1.6563844e-01   1.2198774e-01   4.4458916e-01  -1.2515014e-01   4.1321205e-02  -1.5307698e-02  -9.6400267e-02  -1.2645540e-01  -2.7283481e-01  -1.1091109e-01   2.6006602e-01   7.7427568e-03  -1.5775118e-01   8.3886464e-02   3.5782432e-01   6.1155506e-02  -1.2814613e-01  -1.4520283e-02   2.5329408e-01  -3.9740899e-02  -7.1691124e-02   2.1857977e-01  -6.5213883e-02   1.5730735e-01   1.9029528e-01   3.0519805e-02   9.4395798e-02  -1.2373076e-01  -8.0871655e-02  -2.2704280e-02  -1.1763061e-01  -2.3240767e-01  -6.7721879e-02  -1.4624725e-01  -1.1127961e-01   2.6255640e-01   2.0087376e-01   6.4358484e-02   3.1936623e-01  -3.5869976e-02   2.0083166e-01  -1.6037259e-01   7.8990809e-03  -7.8898333e-02  -5.3846285e-03  -8.8438619e-02   5.0342605e-01  -2.3993929e-01  -3.3298065e-03   3.4986247e-02  -5.0044584e-03  -9.8679570e-02   1.6709728e-01  -3.5315017e-01  -1.3661579e-01   6.3888171e-02  -7.9284621e-02   1.8359891e-01   3.2485611e-01  -4.0152841e-02   4.7531812e-02   1.5258711e-02   2.6640803e-01  -3.3596664e-02  -6.8767036e-03   1.6229381e-01   4.1727102e-02  -3.7891214e-02  -7.2311214e-02
   2.1745949e-01  -2.3431722e-01  -1.4171247e-01   1.3156827e-01   3.1433568e-01   4.5747576e-02  -2.0027795e-02  -2.2564224e-02  -2.1292578e-01   2.5853717e-01   1.9559469e-01  -2.2353018e-01   0.0000000e+00  -7.9142716e-02   4.1756177e-02   1.0500980e-01  -7.0261975e-02   2.9189110e-01  -4.1789168e-02   3.8471516e-01   2.5270242e-01   1.0994958e-01   3.2613171e-02   1.8655157e-01  -6.3836892e-02  -3.5172823e-02   1.9418381e-01  -5.2921821e-03  -6.4686063e-03  -1.9848433e-01   1.1908700e-01   1.4514605e-01  -1.2404938e-01  -6.9657635e-02  -2.1900176e-01   4.1587492e-01   1.3763147e-01   1.0518748e-01   6.2572842e-02   1.6514805e-02   7.3993240e-01  -8.3896124e-02  -1.3285579e-01   1.1576688e-01  -4.2903098e-02   1.4094301e-01   3.2500618e-01  -7.3771915e-02  -8.5950363e-03  -1.1412209e-01   2.0692925e-01   3.6620086e-02  -9.4160013e-03   4.9502332e-04   6.4082214e-05  -1.3149838e-01   1.5906780e-01   1.8439471e-01   2.4902673e-01  -2.8239781e-02   1.7499538e-02   5.5527949e-02  -1.4650648e-01   1.1750368e-02  -1.1700007e-01  -2.4372820e-02   1.0261181e-02  -1.0573497e-01   1.6153189e-01  -2.2172522e-01  -1.1275908e-03   4.7907919e-02  -1.0021455e-02   1.3098618e-02   2.1855918e-01   1.2057192e-01   2.8561816e-02   2.9214580e-01  -6.8987527e-02   2.8272226e-03  -2.6933675e-02  -1.0855354e-01   9.4667456e-04   2.5208342e-02   3.6624987e-02   4.7867283e-02  -2.6591100e-01  -6.2749940e-02  -1.0764557e-01  -6.5010061e-03   5.7409526e-03  -2.6051701e-02   4.9608297e-02   2.6333612e-02   1.0648912e-01   2.5723410e-01   1.1251491e-01   1.0918843e-01   6.2454444e-02   1.8771480e-01   4.8367799e-02   3.6505117e-02  -9.7210930e-02  -8.7771753e-02   7.8019885e-02   5.6464334e-02   1.1026858e-01   5.9526066e-02   1.4354437e-02   1.1177679e-01  -4.3309112e-02   1.2167956e-02   3.5901721e-02   2.5374105e-01  -2.3668732e-02  -1.5494935e-01  -6.3921219e-02   5.1285451e-01  -9.5170943e-02   1.1832517e-01   1.1489348e-01   1.8672290e-01  -5.3288773e-02  -1.1459068e-01  -3.6111993e-02  -5.1021732e-02   8.4026471e-03   1.0810487e-01   2.4306833e-01  -8.9878093e-02   1.9513337e-01  -4.7041817e-02  -9.7294594e-02  -1.0033781e-01   6.8737176e-02   7.4241469e-02  -1.0123925e-01   7.9438364e-02   1.0585216e-01   1.7002189e-01   3.0371311e-02   4.7210882e-01   8.8988259e-02  -2.0745390e-01  -1.9457272e-02  -2.4101087e-01  -2.7306772e-03   1.2828186e-02   1.1267642e-01  -1.1321767e-01  -7.1407532e-02   2.3488485e-02   1.5273809e-01  -3.7119900e-02  -1.5579187e-01   8.5075948e-02   1.8818700e-01   3.4397609e-01   1.5857054e-01  -8.7051916e-02  -1.1235584e-01   2.4991809e-02   3.3499795e-01   2.0174595e-01   5.6142571e-02  -3.1856448e-01  -1.9376527e-02   9.2165736e-03   1.2391590e-01  -1.1862705e-01  -7.0378579e-02   8.3561873e-03   1.4873439e-01  -1.9478505e-02  -5.0125716e-02  -6.9519698e-02   8.8573545e-02
   1.6837960e-01  -2.0250371e-01  -4.5387789e-02   1.7904298e-01  -1.8411338e-01   1.1792615e-02  -6.5435397e-02  -8.1053113e-02  -5.7152330e-03  -4.0391346e-01  -2.6750056e-02  -1.0799286e-01  -7.9142716e-02   0.0000000e+00  -1.3334009e-01   6.3048507e-02  -1.3928682e-01  -3.7685943e-02  -3.9959820e-02  -2.5335451e-01  -2.4567976e-01   1.9669498e-01  -5.0155537e-02   4.1749895e-01   2.0846451e-01   1.4872306e-01  -1.5431403e-01   3.6226886e-01  -7.0774846e-03   2.5122145e-01  -3.0538135e-02   1.5395446e-01   2.5338215e-01  -2.0680737e-01   2.3791697e-01  -3.1855764e-01   2.1101921e-01   1.2417262e-01   1.1708456e-01  -3.6478094e-01  -9.1277785e-02   2.2370212e-01  -5.3121471e-03   2.4779935e-01   5.9746306e-02   6.9729286e-02  -1.3245952e-01  -1.8600055e-02   3.1984402e-01  -1.5108482e-01  -5.3943586e-02  -1.2661187e-01  -2.4043193e-01   1.7430192e-01   1.0896164e-01   2.4385099e-01   4.9941571e-02  -2.4007731e-02   1.5994364e-02  -3.1501422e-02   5.6338160e-02   1.5661312e-01  -1.2427194e-01  -1.9796372e-01  -2.6222991e-02  -2.4933201e-01   1.3836507e-02   1.2329820e-01  -1.1637669e-01   7.0568124e-02  -3.1849477e-01   8.4095231e-02   8.5817142e-02   1.8671572e-01  -6.3685907e-02   1.2052143e-01  -1.2055760e-02  -1.4398144e-01  -4.2990240e-02   2.5068501e-01   3.1857323e-01   3.2441305e-01  -1.8287959e-01  -6.1505794e-02   3.4025585e-02  -1.4262447e-02   4.2148953e-01   3.8853615e-01  -5.4212603e-02   3.4108771e-01  -3.6258371e-02   4.4912438e-03  -3.8211534e-01   1.7088395e-01   9.0526691e-02  -1.9102061e-01   1.5319177e-01  -8.0019823e-02   9.7650083e-02  -2.5696304e-01   1.1154410e-01  -3.1391819e-01   3.5255404e-01   2.5576786e-01  -3.5287508e-02   1.6140981e-01   1.0482672e-01  -6.0169856e-04   6.9760351e-02  -1.0759451e-02  -2.1662427e-01   3.6222160e-02   6.1844846e-02   1.2198748e-01   2.5962179e-01  -2.8725898e-01   5.6457568e-02  -1.0741688e-01   1.8607581e-01   9.3882534e-02   3.0075561e-01  -1.2574233e-01  -1.0402717e-01   9.3475776e-02   1.6956439e-01   5.1743369e-01   9.1543602e-02   4.2156188e-02  -6.8628143e-02   1.3892320e-02  -1.5530194e-01  -1.6488008e-01   4.8978210e-02   2.3680184e-01   1.5114858e-02  -1.2724440e-01   2.3057636e-01   6.5024235e-02  -1.4343361e-01   2.0359009e-01   3.0096459e-01   7.2929129e-02  -1.1386676e-01   2.7142735e-01  -8.8317497e-02   2.4396340e-01  -2.6782782e-01  -1.9451581e-01  -1.8211322e-01  -2.0030915e-01   1.8642860e-01   1.7415040e-01   2.3139022e-01  -1.9686262e-01  -1.5496473e-01   1.7258888e-01   6.5463788e-02   5.9656847e-02   1.2100118e-02   2.4863667e-01   2.0828853e-01   5.7888826e-02  -2.8338566e-01  -3.4203671e-02   2.3768194e-02  -1.7322631e-01  -2.3595121e-01   9.2975526e-02   2.0792332e-01  -4.9846921e-02  -1.3771134e-01   9.4807963e-02   6.6933794e-02  -1.9995034e-02   1.4118610e-01  -2.2307393e-02   1.6295491e-01
