   0.0000000e+00  -5.0388694e-02   3.7497138e-02  -5.5328129e-02  -2.3883625e-01  -1.8271193e-02  -2.7400907e-01   7.4869658e-02  -1.3062442e-01  -1.0879817e-01  -2.5332724e-01  -2.7216376e-02  -5.1801260e-02  -3.8217479e-02  -4.8890434e-02  -2.0788022e-01   1.1085699e-01  -1.4068868e-01   7.1713616e-02  -2.1249405e-01  -2.0177605e-01   1.0712791e-01  -1.3868574e-01   6.7555574e-01   1.2699203e-02   1.2047802e-01  -1.4872947e-03   2.6878549e-01   4.1110209e-02  -2.4184764e-01  -1.3456427e-01   7.3984750e-02  -8.5570112e-02  -1.1437602e-01  -1.7620598e-01  -3.7575463e-01  -8.2937895e-02   3.4292065e-01  -2.8189523e-01  -4.4088757e-02  -1.3565693e-01   1.4288013e-01  -2.0383173e-01  -1.1939314e-02  -3.1561437e-01   3.8525280e-01  -2.4032262e-01  -3.6650968e-01  -3.0916379e-01   1.3430985e-02  -1.4429072e-01   9.4029963e-02  -1.4073051e-01   7.6107673e-03   1.4645840e-01  -1.3384856e-01   7.7353646e-02   1.3720103e-01  -1.5040270e-01   4.3218479e-01   2.0553634e-01  -1.9597666e-01  -5.8737941e-02  -1.5831115e-01  -1.7162733e-01  -1.4402720e-01   3.8296192e-03   7.0904531e-03  -1.0995898e-01   2.5888290e-01  -1.6927407e-01  -2.4611106e-03  -2.1532495e-01   5.1613848e-01   8.3870481e-02   8.0820000e-02   9.8701310e-02   1.2123864e-01  -1.3154382e-01  -7.2747878e-02  -1.4974876e-01  -1.6423152e-01  -2.3621134e-01   6.0069699e-02  -4.8145867e-02   5.4619517e-02  -1.5876206e-01  -5.2486522e-02  -6.9326527e-02   7.1746068e-01  -3.7032415e-02   1.2177541e-01  -1.6778666e-01  -6.0364056e-02   4.1325178e-01  -4.8964586e-02  -9.9024485e-02   1.3030130e-01  -3.2598596e-01  -1.5682159e-01  -1.4208713e-01  -1.3053404e-02  -1.2059135e-01   3.7817116e-01   2.7492926e-03   3.8753350e-02  -6.9217665e-02   1.6076541e-02  -6.0054797e-02  -9.0233530e-02  -2.8036092e-01   1.0007944e-01   2.1279188e-02   6.8216621e-01  -3.0354381e-01  -3.8309692e-02   4.3149186e-02  -1.0280911e-01   2.2273749e-01   6.9640849e-02   4.7161647e-01  -1.8740161e-02   1.1997403e-01  -2.0717805e-01   3.7256633e-01   4.7688193e-01  -4.2152917e-02   3.2581712e-02   9.2257962e-03   4.8250613e-02  -2.8922031e-01  -1.4048393e-01   5.9072284e-01  -2.3683555e-01  -1.4564301e-01   1.2681440e-02   1.9562101e-01  -5.2303581e-02   2.9778256e-02   2.6440110e-01   4.5638260e-01  -1.6389005e-02  -5.8307630e-02   4.0495513e-02  -1.3222476e-01  -2.3412379e-01  -2.6156697e-01  -1.8671154e-01  -1.3166086e-01  -1.6729832e-01   4.1032172e-02  -3.4249319e-02   3.3036766e-01  -1.3791672e-01   2.5184794e-02   3.6462762e-01   4.2336405e-01  -1.8379802e-01   1.1815618e-01  -1.5157473e-02  -8.2384930e-02  -1.6442722e-01  -2.0185558e-01  -4.3498519e-02   2.4967105e-02   1.6698287e-01  -1.6634045e-01   3.1434648e-01   4.0514976e-01  -1.1009230e-01  -1.3130073e-01   1.9070801e-01  -1.4841947e-01   8.3651935e-02   1.3399784e-01   5.1464666e-02   3.4695068e-02
  -5.0388694e-02   0.0000000e+00   1.3862457e-01  -4.9432453e-01   5.5307822e-02  -3.1627542e-01   1.5354760e-01  -2.7520638e-01   2.1239529e-01   5.6282896e-02  -8.5794148e-02   4.2850118e-01  -1.9007979e-01  -1.1681252e-01  -4.9290235e-02  -1.2509526e-01   1.5759567e-01  -1.8516813e-01  -1.4276673e-01   3.1142208e-02  -2.7705421e-01  -4.2149676e-01   3.9239356e-03  -1.7684024e-01   4.3075255e-02  -1.5075950e-01  -2.3899307e-02  -2.5871439e-01   8.6308806e-02   8.7811865e-03  -3.0054155e-02  -3.5096992e-01   1.4036974e-01   4.5790680e-01   5.1066720e-01   1.3540425e-01   1.1492540e-01   1.2432705e-01   9.9392151e-02   3.1463220e-01  -1.2556065e-01  -2.0219656e-02   3.3403559e-01  -2.7945571e-01   4.1376341e-02  -1.4408595e-01  -3.0800084e-01   2.1573538e-01   8.4418170e-02   2.2216709e-01  -4.1845228e-01  -2.8094715e-01   4.9466176e-01  -1.3087094e-02   2.4695065e-02  -2.2236628e-01  -1.5712085e-01  -2.6471889e-01  -3.8523408e-01   6.5395671e-02  -6.6347671e-02   1.5249473e-01   8.1082116e-02   2.9165630e-01   4.5797122e-01   4.6683766e-01  -2.7233390e-01  -8.7323822e-02  -5.0674747e-01  -1.9444964e-01   6.1678897e-01  -5.0038002e-01   8.9280520e-02   4.0491163e-01  -4.9559881e-02  -9.6999395e-02  -1.6841147e-01  -2.5379460e-01   4.3144475e-01  -2.3481246e-01  -1.4595184e-01   9.9870563e-02  -4.5267709e-02  -3.6925919e-01  -3.3468801e-02  -1.1095753e-01   5.2339615e-01  -2.0241349e-01   2.7669357e-01  -7.3301662e-02   4.1767928e-01  -1.5828539e-01  -1.1793993e-01  -1.8416185e-01   4.5368589e-02  -1.1392145e-01  -3.9843524e-01  -1.7650333e-01   1.5050059e-01  -1.2388167e-01  -8.3657388e-02  -1.1358342e-01  -2.9352339e-01   2.0820616e-01  -4.9333025e-01  -3.1910193e-01  -1.5181653e-01  -3.2792025e-01  -1.8233415e-01  -1.2933397e-01   2.1401716e-01  -3.5829890e-01  -5.1913972e-01  -1.3398367e-01   6.1592819e-02   4.5587443e-01  -2.3453010e-01  -1.1003364e-01  -9.3630294e-02  -5.2323200e-01  -8.9529585e-02   2.0968079e-01   2.1689537e-01   2.7909204e-01  -2.8709867e-01   6.2308804e-02   2.0231826e-02  -6.2413035e-02  -4.6647863e-01  -5.1079429e-02  -9.6335472e-02   4.8106633e-01   4.0475411e-01  -9.5807664e-03  -1.3178911e-01  -1.2469603e-01  -3.1651710e-01  -1.3629275e-01  -1.5948132e-01   1.2123977e-02  -2.0433623e-01  -1.0501309e-01  -2.5530411e-01  -1.4770219e-01  -8.0758915e-02  -2.7121381e-01   3.6836988e-01   2.7783672e-01  -2.5714252e-01   2.1504290e-01  -6.1990325e-02  -2.9844331e-01  -1.8148560e-01   2.8685515e-01   2.9529741e-01  -5.2826743e-02  -6.6737259e-02  -3.8634958e-01  -1.4847781e-01  -2.0564936e-01  -1.5630936e-01  -6.7465638e-02   3.5899844e-01  -3.3838005e-01  -3.9666711e-01   2.3261679e-01   3.1677206e-01  -1.1564806e-01  -7.4985870e-02   2.9711690e-01   2.5228018e-01   6.7581460e-02  -5.1394357e-02  -2.0328051e-02  -2.2215961e-02  -2.0706525e-01  -3.4082756e-01
   3.7497138e-02   1.3862457e-01   0.0000000e+00  -1.7704734e-01   3.2041489e-01   4.5951720e-01  -6.9232444e-02  -2.3269411e-01  -3.1816688e-01   2.4675898e-01  -2.7094911e-01   5.3973506e-01  -8.7762969e-02  -3.2385341e-02  -3.7408385e-01   6.3980705e-02   8.9398671e-01  -2.0139568e-01   8.3402293e-02   3.6997070e-01  -1.1421649e-01  -3.2687502e-02  -1.8324409e-01  -3.0806249e-01  -3.6578411e-02  -1.2314185e-01   5.3934790e-01  -2.4100779e-01  -9.9212994e-02  -1.0262409e-01  -2.5821056e-01  -2.5518202e-01   1.0071366e-01   3.0891845e-02  -9.6879412e-03   2.9084585e-01  -2.3403260e-01   3.4746597e-02  -2.9556642e-02   5.0045851e-01  -2.8623600e-01  -8.6605353e-02  -1.4129889e-01  -2.0725555e-01  -1.8837934e-01   3.7483059e-01   4.2066821e-02  -8.5898821e-02  -2.7935352e-01   5.9996129e-01  -2.0903933e-01  -2.4050565e-01  -3.9920165e-01   1.3096083e-01  -2.5620513e-01  -2.3124864e-01   2.0820739e-01  -1.1375200e-02  -2.5634250e-01   3.3735971e-01   1.5924351e-01  -4.1979015e-02  -3.3385616e-01  -4.5334103e-01  -3.9485661e-01  -7.6697362e-02   5.5085426e-01   1.5280972e-02  -1.6944892e-01   6.2288384e-01   8.6266363e-03  -2.1483492e-01  -2.3365379e-01   1.5073912e-01   1.3668249e-01  -2.2635775e-01   1.4393499e-01  -1.9692742e-01   5.2824872e-02  -1.3508759e-01  -4.8906131e-01  -8.2154504e-02  -6.5764419e-02  -1.6862007e-01   3.4563734e-01  -3.6805886e-01  -2.5696946e-01  -4.4601341e-01   7.4139195e-02   7.8632802e-02   9.9475263e-02   3.0713296e-01   3.1094182e-01  -1.1808698e-01  -3.9267248e-02   2.2863954e-01  -9.0335094e-02   5.6892077e-02   1.4857509e-02   6.9216791e-02   1.9838425e-02  -2.2763540e-01  -2.9403716e-01   2.6634767e-01  -1.1142232e-01  -1.7440731e-01   1.9611629e-01  -1.1494255e-02  -1.8475139e-01  -1.1560691e-02   1.5147608e-01  -1.0095990e-02  -4.4430112e-02  -3.9651186e-02  -1.4407483e-01   1.7576751e-01  -3.0774665e-01  -1.0585386e-01   1.5202986e-01  -2.4569748e-01   1.1191610e-01   2.7544453e-01   3.6941939e-01  -3.7893261e-01   1.3249151e-01   1.4545280e-02  -6.0751003e-03  -2.2941649e-01  -1.1430036e-01   6.5945459e-01  -9.4415426e-02  -1.4050868e-01   1.8631086e-01  -3.4147818e-01  -1.0330339e-01  -3.0552691e-01  -8.8555104e-02  -2.4672824e-01  -3.8678076e-01  -2.4709669e-01  -2.2447825e-01   1.4461207e-01  -2.2128432e-01   2.0241518e-01  -3.1616449e-01  -2.8957030e-01   1.7518907e-01  -1.0638695e-01  -1.3911722e-03  -2.9208817e-01   1.9515420e-01  -3.7452029e-01   1.6931859e-01  -4.7499173e-01   8.2935139e-01  -2.6326380e-01  -3.1506869e-02  -2.4136632e-01   1.6671057e-01  -4.5157011e-01  -2.1651657e-01  -5.4135838e-01  -1.7406616e-01  -2.8297524e-01   3.4053908e-02   2.3735113e-01   1.6438423e-01   7.0406008e-02   1.3992759e-01   1.9169519e-01   2.7656269e-01  -1.7352494e-01  -1.7843290e-01   4.6560829e-01   2.1437378e-01   3.3504621e-02  -2.8250816e-02
  -5.5328129e-02  -4.9432453e-01  -1.7704734e-01   0.0000000e+00  -9.3572123e-02   2.1379509e-01   4.5313735e-02   3.4484144e-01   9.5499615e-02   2.6887815e-03   1.3103153e-01  -1.3000854e-01  -8.6648674e-02   3.9670254e-02   1.7972949e-03   6.4107302e-02  -1.7418719e-01   4.1852242e-01   2.1568616e-02  -7.6711769e-03   5.4803405e-02   6.7497888e-01   8.9809087e-02   6.2237035e-02  -1.9382881e-01   9.1690725e-02   1.4874879e-02  -5.8413478e-02   1.8184151e-01  -3.8773187e-02  -9.0391569e-02   6.5907590e-01  -1.7081472e-01  -3.6410441e-01  -3.4091959e-02   3.1127263e-03  -2.6663730e-01  -1.8570432e-01  -3.0133509e-01  -3.5822995e-01  -5.2069992e-02   2.0876479e-01  -7.6214450e-02  -9.2745966e-02   1.7174402e-01   1.8200248e-01   5.0402233e-01  -1.4721993e-01   9.4063979e-03  -3.9701305e-01   4.8340863e-01   3.0713919e-01  -2.7771400e-01  -2.1260392e-01   3.8672687e-02  -1.6071106e-01  -1.0489903e-02   5.9231988e-01   4.9553201e-01   1.1992644e-01   1.1628207e-01   5.0095673e-02   2.1685468e-01  -2.4353241e-01  -1.9719907e-01  -2.4782619e-01   2.4474925e-01   4.0831320e-01   5.0529280e-01   1.9810109e-02  -4.5139458e-01   7.0090026e-01  -6.2961297e-02  -3.3618634e-01   3.7749120e-02   2.8113962e-01   2.7180381e-01   5.8386684e-02  -2.9362544e-01   1.2963936e-01   8.2554792e-02  -2.3820279e-01  -2.0921126e-01   3.5769678e-01  -2.2579082e-01   2.7742392e-01  -1.7361536e-01   1.7821161e-01  -5.6945163e-02  -1.3757560e-01  -4.2034865e-01   1.7268098e-01  -1.4211239e-02   5.1391830e-01   9.7495420e-02  -2.0859558e-01   5.3396957e-01   5.3948649e-02  -8.0195583e-02   6.4323274e-02  -2.5083136e-01   2.5176933e-01   3.0945538e-01  -1.2011318e-01   7.5421730e-01   6.6480141e-01  -8.8147670e-02   2.5941742e-01  -3.2267016e-02   1.2994438e-01  -2.5740079e-01   5.0529415e-01   8.0836033e-01  -9.5657875e-02  -1.1509617e-01  -5.8089721e-01  -4.5352495e-02  -1.4878777e-01  -3.1287796e-01   8.5570722e-01   1.2696764e-01  -4.1968007e-01  -9.6497377e-02  -5.9088930e-02   2.1049340e-01  -4.0048470e-03   4.5796148e-02  -1.8072557e-01   7.6762299e-01  -1.6048086e-01   9.7250199e-02  -2.6524966e-01  -3.3914488e-01  -6.7299765e-02   5.0828645e-01   3.5358864e-01   2.9211273e-01  -1.2180900e-01   2.5254871e-01  -7.7317860e-03   2.1465822e-01  -1.3583782e-01   3.8096905e-01  -2.4785400e-01  -2.1240225e-02   1.6567499e-01  -1.9284300e-01   4.9808993e-03   3.4288258e-01  -2.8195010e-01  -1.4472125e-01   2.7583924e-01   1.1889210e-01  -2.2153941e-01  -3.3698270e-01   1.0929656e-01   9.5803858e-02   3.3345127e-01   1.3090951e-01   1.4389295e-01   5.9779110e-01  -2.7228052e-02  -3.0883586e-01   5.9632112e-01   7.5393153e-01  -4.2482754e-01  -1.5349807e-01  -1.0960429e-01   1.1563987e-02  -3.5926647e-01  -3.3700215e-01  -1.4560107e-03   4.1654445e-01  -1.6898145e-01   2.3107474e-01   4.1386614e-01   6.3223976e-01
  -2.3883625e-01   5.5307822e-02   3.2041489e-01  -9.3572123e-02   0.0000000e+00   9.6959885e-02   1.5525206e-01  -3.8331651e-01  -3.0219057e-01   3.4303865e-01  -1.5561072e-01   2.7994025e-01   4.4902529e-01  -7.7286478e-02  -4.8495303e-01   3.6332560e-01   3.7890554e-01  -8.9990270e-02  -7.1033303e-02   8.6007206e-01  -2.0296198e-01  -1.7488410e-01  -1.6641386e-01  -3.3322700e-01  -8.4701852e-02  -2.9315604e-01   6.7653432e-01  -3.5392149e-01   1.3227119e-01  -1.3388706e-01  -4.7045693e-01  -3.4181824e-01   3.0516299e-02   7.0910805e-02  -9.5501670e-02   7.1115483e-01   1.6106068e-01  -1.3933262e-01   3.0859171e-01   6.2655299e-01   2.8024315e-01  -1.1999599e-01  -1.6439243e-01  -3.4551751e-01   2.7034618e-01   7.2563925e-03   1.1739557e-01  -3.4450879e-02   2.2308161e-01   4.2502921e-01  -5.2995659e-02  -3.6187713e-01  -1.7726907e-01   1.2012745e-01  -2.3585691e-01  -2.3910473e-01  -1.3544578e-01  -3.0454178e-01   3.7481344e-02  -2.9818768e-01  -1.4074351e-01   4.8029451e-01  -1.6749824e-01  -3.8404410e-01  -9.8876831e-02   8.4780463e-02   1.5946249e-01   9.4994458e-02  -2.0974943e-01   4.5564210e-02   1.0652144e-01  -3.3621234e-03   4.0046717e-02  -3.5209208e-04  -4.2757417e-02  -4.1066881e-01   6.5062510e-02  -6.9502657e-02   4.2049380e-01   1.1821362e-01  -3.5130317e-01   2.5609863e-01  -1.6568909e-01  -2.1655175e-01   5.5854270e-02  -4.3226832e-01  -1.8774309e-01  -2.1209081e-01   3.0215016e-02  -1.2257590e-01   5.9889826e-01  -9.5338497e-02   1.8773384e-01  -3.2649878e-01  -1.5991205e-01   6.2424802e-01   7.6640697e-02  -1.9270893e-01   3.8706194e-01   4.5348226e-01  -1.5257454e-01  -3.1970655e-01  -2.4981569e-01  -3.2560199e-01  -1.4108273e-01  -3.0045431e-01   1.7360754e-01  -1.4447670e-01   2.3595890e-01  -1.1419569e-03   1.4814762e-01  -1.6406352e-01  -3.1431418e-03  -1.6120905e-01  -2.9063825e-01   2.8108411e-01  -1.6674079e-01   3.0512027e-01  -1.6517392e-01  -1.0904279e-01  -3.4066551e-02   6.1531686e-01   1.2473438e-01  -2.9895242e-01  -2.2063627e-01  -3.2203437e-01   1.1897852e-01   3.7849490e-02  -2.2818138e-01   2.6469837e-01   2.8142856e-01   1.7657717e-01  -2.3466304e-01  -4.6869696e-01  -2.6148748e-01  -3.5753327e-01   2.3855231e-02  -4.2549158e-01  -4.1317584e-01  -1.5927936e-01  -3.3769096e-01   4.0358249e-01  -2.2038530e-01  -1.0230738e-01  -4.7037162e-01  -3.4192216e-01   1.4139494e-01   1.0184600e-01   7.6733345e-02  -1.4034300e-01  -1.2314475e-01  -3.0423448e-01  -1.2188345e-01  -2.8380060e-01   2.4761372e-01  -2.5665855e-01  -1.0144607e-01   1.4784144e-01  -5.2441621e-02  -4.1623432e-01   4.6464903e-02  -2.7287086e-01  -1.8730656e-01  -1.6729507e-01  -1.9787418e-01   3.9009188e-01   3.1775055e-01  -1.0634615e-01  -8.9118345e-02   2.1818930e-01   5.3488464e-01  -6.4680631e-02   2.1421654e-01  -1.4422744e-02  -2.0227562e-01   3.3838845e-02  -2.4125811e-01
  -1.8271193e-02  -3.1627542e-01   4.5951720e-01   2.1379509e-01   9.6959885e-02   0.0000000e+00  -7.7805560e-02   2.2958752e-01  -2.3984385e-01   4.7583739e-02  -5.7040371e-02   1.2778244e-01  -1.1427771e-01  -1.6397709e-01  -1.6915813e-01   8.8281285e-03   3.8196345e-01   3.2098821e-03   4.3284593e-01   8.7583930e-02  -1.0751859e-01   3.0958801e-01  -1.4047597e-01  -2.6972000e-01  -4.0379524e-02   2.4983067e-01   4.4715075e-01   8.5066305e-02  -1.3157928e-01   1.3411210e-02  -1.9861839e-01   2.9145497e-01   1.1277110e-01  -1.1255626e-01  -3.1053209e-01  -2.9207187e-02  -3.0510088e-01  -2.5511991e-02  -2.1477094e-01   5.6001031e-02  -3.3799089e-01  -7.7072364e-02  -2.7885066e-01   3.1729319e-02  -3.4149909e-01   4.2202736e-01   2.7450509e-01  -1.3042300e-01  -3.8466849e-01   2.7707593e-01   1.0123286e-01   2.4533141e-01  -3.7159570e-01   1.3953402e-01  -2.1308909e-01   2.2952700e-01   6.0679698e-01   2.3063437e-01  -6.3930820e-02   2.2243682e-01   3.5288264e-01  -2.4071173e-01  -1.8824800e-01  -3.5933131e-01  -4.9270477e-01  -5.2624467e-01   8.2246430e-01  -4.7716396e-02   3.4742389e-01   5.2035771e-01  -4.0059367e-01   5.9705518e-02  -3.4270859e-01  -1.5248786e-01   1.4931904e-01   1.7851487e-01   2.3976426e-01   1.0739657e-01  -2.5887741e-01  -1.6027003e-01  -1.6815748e-02  -1.3223431e-01   4.4295318e-03   1.8488882e-01   2.1986491e-01   5.4826691e-02  -4.5141862e-01  -2.6328816e-01  -1.5896599e-01   2.8726780e-02  -1.6370991e-01   5.1290876e-01   5.5707703e-01   1.1973719e-01   3.8343083e-02   1.8630697e-01  -6.8808603e-03   4.3830835e-01  -2.3460468e-01  -7.9619303e-02  -6.6379389e-02   1.8852835e-01   1.1372337e-01   1.7778286e-01   3.3057221e-01   2.6449692e-01   1.7679221e-01   4.0220293e-01  -2.2206357e-01   2.6048215e-01   1.5396367e-01   3.6184047e-01   1.7314192e-01  -1.3743532e-01  -5.2884565e-02  -1.8118588e-01   2.3969057e-02  -2.8971541e-01   7.9787177e-02   1.7220651e-01   1.2047675e-01  -2.5423385e-02   7.7608342e-02  -4.1428157e-01   3.3620322e-01  -2.5057650e-02  -1.9298509e-01  -8.7147574e-02   3.4799611e-01   3.7197431e-01   2.2353697e-01  -4.2289238e-01  -1.2598546e-01  -2.6966062e-01   1.9253897e-01   1.5800320e-01   8.5220884e-02  -2.3707759e-01   5.5226558e-02  -2.2334391e-01  -2.5285414e-01   3.5509805e-02   1.8009804e-01   4.6627983e-01  -2.7364715e-01  -2.7752327e-02  -7.0144366e-02  -2.1946878e-01   3.1239785e-01  -4.4140295e-01   7.9290381e-02  -4.7095328e-02   2.4369122e-01  -3.4793460e-01   3.7508408e-01  -2.2291259e-01   6.5442930e-02  -1.1413064e-01   4.7726450e-01   2.6428020e-02  -8.2658421e-02  -2.1865301e-01  -4.9827540e-01   8.7163681e-02   3.5188807e-01   3.1899735e-02  -3.4513404e-02   1.2845868e-01   2.1251863e-01   4.4709434e-02  -7.2609334e-02  -2.2073388e-01  -4.4600183e-02   6.9269017e-01   7.9634820e-02   1.8845955e-01   2.5732104e-01
  -2.7400907e-01   1.5354760e-01  -6.9232444e-02   4.5313735e-02   1.5525206e-01  -7.7805560e-02   0.0000000e+00  -3.0487669e-01  -3.0807702e-01   5.1530818e-01  -1.8820747e-03   5.2190255e-01   1.8284354e-01   3.3422454e-01  -7.5309943e-03   2.9924220e-01   5.3530058e-02   3.8539572e-01  -3.1456788e-01   3.4622437e-01   2.6871871e-01  -6.1484616e-03   4.6599077e-01  -2.3323207e-01  -1.6249427e-01  -4.1811061e-01   9.2191777e-02  -3.2675322e-01  -2.0761319e-01   5.4434657e-01  -9.4780554e-02  -5.4199918e-02  -5.6726112e-02   2.0782837e-01   2.6296181e-01   4.3121904e-01   3.9009079e-04  -3.2728002e-02   1.4096338e-01   1.9298328e-01   1.4948128e-01  -1.3622964e-01   1.0198702e-01  -1.4880374e-01   3.2284202e-01  -2.0054574e-01   2.3993905e-01   6.5097124e-01  -1.7241447e-01  -2.7796454e-01   3.9394264e-01  -3.3842252e-01   1.2945070e-02  -4.4967695e-01  -1.5275640e-01   3.5599173e-02  -3.9838017e-01  -2.1462992e-01   4.8426837e-02  -1.7257649e-01  -4.0092698e-01   3.1718091e-01  -3.4298759e-01  -2.1048676e-01  -1.9333384e-01   3.6574158e-01  -1.2590251e-01  -1.5321105e-02  -2.1278578e-01  -3.1540857e-02   2.8512556e-01   2.5208216e-01   3.5847405e-02  -2.5368423e-01  -3.8817623e-01  -8.0558354e-02  -1.3889323e-01  -3.4751668e-01  -2.4841212e-01  -1.5755605e-01   1.8494546e-01   4.0498981e-03   1.9634608e-01  -3.3485324e-01   3.5878229e-02  -3.0948057e-02  -1.0425264e-01   1.1117164e-01  -2.3642126e-01  -1.9982705e-01  -1.2744901e-01  -4.8699190e-01   3.5077995e-01  -2.3647768e-01  -7.9216506e-02  -1.9413986e-01   4.7713019e-02  -4.3113639e-01   1.0563567e-01   4.9531610e-01   2.0305646e-01   2.9979335e-01   1.7483326e-01  -2.1846606e-01   2.6257306e-01  -1.5503594e-01  -3.6189971e-01  -5.4254956e-01   2.7308523e-02   4.3787930e-01   3.2306201e-01   2.3384012e-01   4.9860542e-02  -1.3168233e-01   4.4433004e-01  -1.9699736e-01  -8.2522353e-02  -1.9880887e-03  -3.0335228e-02   6.2125942e-02  -1.2072004e-01  -4.0592361e-02  -4.2669950e-01   1.3935783e-01  -3.4308621e-01   4.2540486e-02   4.2608786e-01  -4.2691164e-01  -6.8761867e-02   2.8785475e-01   1.9036884e-01   2.2906634e-01  -1.8005759e-01  -1.1430729e-02  -2.1467997e-01  -1.6427383e-01  -2.9629632e-01   6.6027197e-02  -1.0845155e-01   7.9423529e-02  -1.0611578e-01  -1.7012368e-01  -1.1245166e-01  -4.2657785e-02   2.0415405e-01   2.0137907e-01   6.5593306e-01   1.0957728e-01   5.5898667e-01   1.0596404e-01  -2.8209958e-01  -4.1197474e-02  -4.1789973e-01  -9.2927729e-02   1.0154509e-01  -2.3167147e-02   4.7133714e-03   1.4594267e-01  -4.1940726e-01   9.2265107e-02   1.7305964e-01  -2.5835848e-01   2.0787716e-01   6.3385593e-02  -2.1049509e-01  -1.6095934e-01   3.3488595e-01  -3.1621574e-01  -2.1973403e-01   2.7877526e-01   4.7493752e-01   4.2987878e-02   3.0974885e-01  -4.5840521e-02  -1.3771843e-01  -3.1209852e-01  -3.2954060e-01
   7.4869658e-02  -2.7520638e-01  -2.3269411e-01   3.4484144e-01  -3.8331651e-01   2.2958752e-01  -3.0487669e-01   0.0000000e+00   4.0791228e-01  -3.3515523e-01   2.2712735e-01  -3.3568112e-01  -4.3567627e-01  -1.9649831e-01   2.2360739e-01  -3.5950099e-01  -2.9254096e-01   1.0786618e-01   3.0178305e-01  -4.3345202e-01  -1.6616564e-01   4.2076206e-01  -4.8103123e-02   1.3793588e-01  -8.6759086e-02   6.5081647e-01  -2.6573187e-01   4.0247774e-01   1.0784762e-01  -1.5213894e-01   8.3230641e-02   5.0968986e-01  -1.4520752e-01  -1.1251841e-01  -7.6270865e-02  -4.0230584e-01  -1.6381635e-01  -2.1333624e-01  -4.6746212e-01  -5.0000928e-01  -3.4857251e-01   7.2162653e-02   8.5788201e-02   3.1896238e-01  -1.4913919e-01   1.6761079e-01   1.3411482e-01  -2.5627594e-01  -5.9116143e-02  -2.5305213e-01   1.4522967e-01   8.2259548e-01   1.5395489e-01   9.1690159e-02   1.3211725e-01   2.4270922e-01   3.6392013e-01   4.2571557e-01   2.6576224e-01   2.1773198e-01   3.1509154e-01  -2.1917718e-01   3.2999803e-01   2.8483748e-01   5.2377206e-02  -3.3954325e-01   2.1946717e-01   5.0099195e-02   5.1376352e-01   7.6910106e-02  -3.4675351e-01   2.0704419e-01  -1.0950271e-01  -1.2453799e-01   1.3664443e-01   5.7055230e-01   9.7302716e-02   3.8073630e-01  -1.1080696e-01   2.9890102e-02   3.8865954e-01  -1.4823727e-01  -1.3352250e-01   7.9637368e-01  -2.0395177e-01   4.7975767e-01   6.3462519e-02   2.3563555e-02   7.8619287e-03  -1.3089033e-01  -2.4446897e-01   4.7286937e-01  -2.7315828e-02   4.5535864e-01  -1.8340340e-02  -2.2030878e-01   1.0095948e-01   3.3283297e-01  -2.0111082e-01  -4.1123294e-01  -2.1468460e-01   3.9843014e-01   3.7971607e-01   1.5008386e-01   3.2406038e-01   6.4981792e-01   2.6960218e-02   5.2083689e-01  -1.7750681e-01  -5.7711949e-04  -6.9751890e-02   1.2847265e-01   2.2276196e-01  -8.8436675e-02   3.1546398e-02  -1.6005079e-01   2.7174855e-01  -3.4961115e-01  -2.5522577e-01   2.9807490e-01  -2.8290977e-02  -3.6721035e-01  -5.7194113e-02   2.4186575e-02   3.8134517e-01  -5.2188872e-02  -3.4143892e-01   1.4117973e-01   5.3157094e-01  -4.2230242e-01   7.7907400e-02  -1.8561025e-01  -1.2871776e-01   2.6956399e-02   5.0230633e-01   7.1557809e-01   2.8083890e-01   7.2987176e-02   5.8922092e-01  -2.7167728e-02   2.1315213e-01  -3.1387199e-01   5.3408805e-01  -1.1997644e-01  -5.3582755e-02   2.0202899e-01  -3.4251671e-01  -1.1294129e-02  -2.2766646e-02  -1.3562136e-01   2.2414944e-02   5.8288421e-01   3.8890894e-01   1.3338441e-01  -3.9547844e-01   1.1619665e-01   3.2296008e-02   6.5674222e-02   4.2773497e-01   3.9860866e-01   1.3135386e-01   3.7172918e-01  -2.7416866e-01   4.5647099e-01   4.7840550e-01  -1.5410225e-01  -1.4448454e-01   2.0646806e-01   5.1516246e-02  -2.6954479e-01  -4.1990549e-01  -1.1696809e-01   1.2938376e-01  -9.0723759e-03  -5.6129599e-02   3.5083132e-01   5.9110886e-01
  -1.3062442e-01   2.1239529e-01  -3.1816688e-01   9.5499615e-02  -3.0219057e-01  -2.3984385e-01  -3.0807702e-01   4.0791228e-01   0.0000000e+00  -3.7377418e-01   1.7244488e-01  -2.4224203e-01  -3.4085743e-01  -3.5986769e-01   2.4366147e-01  -5.3857488e-01  -3.6627576e-01  -1.0141012e-01   1.2380061e-01  -4.0578083e-01  -2.3576230e-01   8.5188256e-02  -4.4553812e-02  -3.5952158e-02  -4.1525460e-02   3.4888117e-01  -3.9409104e-01   1.0360944e-01   2.7407417e-01  -2.2691296e-01   1.4492915e-01   1.9283081e-01  -1.8276103e-01   2.1741023e-01   3.5403671e-01  -2.5206934e-01  -1.8290804e-02  -1.9632062e-01  -3.2169144e-01  -3.8351680e-01  -1.7285219e-01   1.8277764e-01   5.5794191e-01   7.3693793e-02   1.5526114e-01  -4.3322054e-02  -2.1630535e-01  -2.2874940e-01   1.8958522e-01  -3.1214520e-01  -1.8312726e-01   3.9798246e-01   3.9569329e-01   1.4058699e-01   2.5283142e-01   1.4464395e-02   1.7357756e-01   3.4753644e-01  -1.6417542e-02  -3.9020852e-02   2.3409528e-01   1.2926996e-02   7.3624110e-01   5.6420777e-01   6.2985024e-01   1.5073218e-01  -2.5137194e-01   6.0949043e-02   9.8278744e-02  -2.6182271e-01   9.8144769e-02  -6.8763934e-02   1.7841663e-01  -5.5838339e-02   9.7325517e-02   3.7863016e-01  -2.2375083e-03   2.3620173e-01   2.8942440e-01  -3.3205921e-02   1.9668593e-01   1.7487422e-01  -2.6066049e-01   3.0742620e-01  -4.5283671e-01   3.7665803e-01   5.0802107e-01  -6.3156716e-02   4.3306784e-01  -2.5909523e-01  -4.9292119e-02   1.8598196e-01  -4.4322161e-01   5.8753115e-01  -7.6997540e-02  -3.6745614e-01  -1.4386952e-01   2.6997803e-01   1.9623302e-02  -2.1177776e-01  -2.7543003e-01  -7.6986641e-02   4.3724094e-02   1.0948721e-01  -4.8964035e-02   2.7773404e-01  -1.4597822e-01   3.0016550e-01  -2.6350092e-02  -4.4962679e-01  -1.0255546e-01  -2.7095611e-01  -7.4276275e-03  -1.6338174e-01   2.5413184e-02   1.0314735e-01   1.4998958e-01  -7.1166920e-02  -3.7605389e-01   2.2603052e-02  -1.3350845e-01  -2.3057965e-01   6.1964427e-02   3.8985356e-01   1.4481842e-01  -2.6446472e-01  -1.3097134e-01   1.7519456e-01   2.9449081e-01  -6.0502403e-01  -2.0232102e-02   2.6372464e-01  -1.7330368e-01   1.7668200e-01   6.0039299e-01   5.0197421e-01   4.5898388e-02  -2.5065087e-02   4.5417097e-01   7.5997581e-02   9.7284787e-02  -2.2329120e-01   1.4264503e-01  -2.9691052e-01   1.2794521e-01   4.6494547e-02   3.1924415e-02   1.1939193e-01  -4.4351693e-01   1.8833324e-01  -1.5049443e-01   2.0838327e-01   1.7633088e-01   5.3359629e-01  -4.8929599e-01   1.3126694e-01  -3.8997839e-02  -1.3758862e-01   1.8813116e-01   2.1957834e-01   1.2030688e-01   4.9684097e-01   8.2298392e-02   1.6370816e-01   2.7216931e-01  -1.0621271e-01  -7.1494027e-02  -2.9019507e-02  -1.8931802e-02  -3.4837188e-01  -2.0733938e-01  -3.3558815e-02   7.9385687e-02  -3.6814011e-01  -7.6047824e-02   3.3099644e-02   4.5239469e-01
  -1.0879817e-01   5.6282896e-02   2.4675898e-01   2.6887815e-03   3.4303865e-01   4.7583739e-02   5.1530818e-01  -3.3515523e-01  -3.7377418e-01   0.0000000e+00  -4.8909021e-02   6.0459446e-01   2.6300188e-01   9.8176330e-02  -2.5992432e-01   3.0284690e-01   2.9483235e-01   3.1111921e-01  -2.8004391e-01   5.6075686e-01   8.5803077e-02  -4.5061867e-02   2.1063686e-01  -2.3410285e-01  -3.5963224e-01  -4.7866855e-01   3.0948464e-01  -3.9546177e-01  -7.7200127e-02   6.4980373e-02  -4.4485736e-01  -1.6736762e-01  -2.4145437e-01  -2.5859425e-02   2.1053954e-01   5.6342728e-01  -1.5918138e-01   4.0682355e-02   4.3499092e-02   2.3769200e-01   2.1527568e-01  -3.5554750e-01   2.3914534e-02  -3.2498871e-01   2.4387416e-01   6.7321884e-02   3.8437824e-01   1.9644746e-01  -2.5135719e-01  -1.0907842e-01   2.5739319e-01  -3.9308628e-01  -2.3937647e-01  -3.7152513e-01  -3.4681930e-01  -1.9154667e-01  -3.7523053e-01  -1.3452491e-01   1.0048821e-01   5.5040055e-02  -1.3686090e-01   2.8620881e-01  -3.4052251e-01  -3.9113802e-01  -3.3432197e-01   3.4379627e-01  -2.5416686e-02   2.1260827e-01  -1.5288793e-01   1.2843612e-01   9.4584064e-02   2.1815771e-01   7.0674385e-02  -9.1550636e-02  -3.3648435e-01  -3.1318846e-01   9.4601388e-02  -2.3158400e-01  -2.1975758e-01   4.8751228e-02  -3.0515421e-01   5.7567912e-02   1.0163721e-02  -4.0767428e-01  -9.0221486e-03  -3.1020034e-01  -2.3545447e-01  -1.3394251e-01  -1.9467555e-02  -6.0009941e-02   8.3654840e-02  -1.8837072e-01   3.8068650e-01  -2.6834465e-01   2.1251230e-02  -2.9433622e-02   8.5633720e-02  -3.6694728e-01   8.7908224e-02   4.3938996e-01  -4.7535340e-02   1.5117216e-01  -2.1136546e-01  -7.0134427e-02   2.3447068e-01  -2.5609738e-01  -2.2850492e-01  -3.7308388e-01  -8.3231294e-02   3.2716441e-01   1.5072783e-01   1.3283549e-01   1.0366771e-01  -1.1902478e-01   7.7540287e-02  -1.4512793e-01  -3.4223488e-01   1.5247376e-01  -6.4295095e-02  -3.5956362e-02   1.4625873e-01   1.1485418e-02  -4.7551958e-02  -1.6959194e-01  -1.1392309e-01   4.6073198e-02   3.5889028e-01  -4.6691573e-01  -5.8558372e-02   3.8832910e-01   5.6178109e-02   7.0405582e-02  -1.0691592e-01  -3.6361105e-01  -2.2156570e-01  -3.1335747e-01  -3.5898842e-02  -3.3964216e-01  -2.6366716e-01  -1.7551238e-01  -1.9282171e-01   1.8769116e-01   4.1745635e-04  -6.8118797e-02  -9.2790733e-02  -1.0557840e-01   4.0092291e-01   2.6601998e-01   5.1376050e-01  -1.5577156e-01  -1.4216703e-01  -3.3627287e-01  -2.0984493e-01  -2.1382336e-01   2.5741280e-01  -1.3634164e-01   3.8147758e-02   2.0614168e-01  -2.5882211e-01  -3.6039405e-01   2.0304126e-01  -3.4028805e-01   1.4343560e-01  -4.3256521e-02  -6.5414417e-02  -1.1237799e-01   2.1697086e-01  -2.4456531e-01  -1.0488203e-01   2.2995556e-01   5.6548934e-01   1.2039482e-01   2.6724316e-01  -4.7256025e-02   8.6773249e-02  -1.3776557e-01  -2.6277068e-01
  -2.5332724e-01  -8.5794148e-02  -2.7094911e-01   1.3103153e-01  -1.5561072e-01  -5.7040371e-02  -1.8820747e-03   2.2712735e-01   1.7244488e-01  -4.8909021e-02   0.0000000e+00  -2.1528455e-01  -5.0256595e-02  -4.2517606e-02   4.7818984e-01   9.7787374e-02  -2.3456899e-01   4.7759870e-01   1.4024856e-01  -2.2253740e-01   3.2330383e-01  -4.9669011e-02   3.3752897e-01   4.9793873e-03   3.4068601e-02   2.4581386e-01  -3.6910134e-01   1.7553442e-01  -2.5253141e-03   2.1606364e-05   4.3100666e-01   5.8116022e-02   1.1393627e-04   3.5227798e-02   7.2727529e-02   8.3010592e-02   2.6190341e-02  -4.3488116e-03   1.9701097e-01  -2.7976023e-01   3.1194134e-01   6.3218600e-02   1.1553387e-01   3.1040454e-01   2.3668647e-01  -1.8221754e-01   4.2737137e-01   1.5459362e-01   2.1122333e-01  -3.3795906e-01   3.3669553e-01   3.0274635e-01   3.3049718e-01  -4.9653512e-02   2.5218678e-01   2.2614717e-01  -1.9445906e-02  -9.8019606e-02   3.7774856e-01  -1.2601986e-01  -1.3471009e-01   8.5741059e-02   9.2306911e-02   5.2930228e-01   2.5908145e-01   1.9050696e-01  -7.6466942e-02   1.7634165e-01   4.6436679e-01  -4.8244285e-02   5.0982335e-02   8.6326379e-02   3.1819047e-01  -3.7126764e-01   2.9989990e-02   5.3227901e-02  -1.1311615e-01  -6.3214086e-02  -6.1500248e-02   1.0558299e-01   2.9422576e-01   1.4484700e-01   1.9097825e-01   1.8643842e-01  -9.6342425e-02   5.4778785e-02   1.2803553e-01   3.5062721e-01   1.0594335e-01  -1.6967629e-01  -1.2949574e-01  -7.2270696e-02   2.7339599e-02   7.9823799e-02  -9.0728797e-02  -3.1250342e-01  -2.4155339e-03   6.1664746e-02   3.2631947e-01  -1.9073290e-01   1.0360604e-01   3.9510026e-01   9.4285134e-02  -1.3491821e-01   6.7256085e-02   1.3276201e-01  -5.7861859e-02   1.3715894e-01  -1.6887322e-02   2.1697309e-01   1.3777253e-01  -6.3482411e-02   1.6522105e-02  -2.0271288e-01   3.2187752e-01  -1.4475381e-01   1.0147188e-01   6.5613491e-02  -1.9742551e-01   1.3242999e-01  -1.7215037e-01  -4.1181370e-01  -1.1487470e-02   4.3114263e-01  -3.2641804e-02  -7.8891818e-02   1.1789188e-01   8.9335568e-02   1.8250984e-02  -2.1849992e-01   1.9349193e-01   1.4216800e-01  -2.7617543e-01   4.7757744e-01   5.6841583e-02   1.5562330e-01  -4.2004352e-02   2.4160497e-01   1.3896870e-01  -1.0063054e-01   1.3561967e-01  -7.6094121e-02   4.4114874e-01  -2.0315297e-01   4.5703188e-01   4.3975818e-01   2.7410695e-03   3.3146392e-01   9.9063207e-02   2.3857631e-01   1.3983928e-01   1.3201350e-01  -4.0613092e-02   5.0676730e-01  -2.4440592e-01   2.3482873e-02  -2.0708421e-01   3.0912455e-01  -9.5223072e-02   2.2218942e-01   1.9269944e-01   4.6686113e-01   2.6642503e-01   3.1068070e-01   1.2131724e-01  -3.1543596e-01   3.6472616e-01  -6.2578121e-02  -1.5768544e-01  -1.8998120e-02  -1.8800716e-01  -1.3492095e-01   2.4969850e-01  -2.1130018e-01  -2.4737467e-01   2.4274824e-01   3.5417560e-02
  -2.7216376e-02   4.2850118e-01   5.3973506e-01  -1.3000854e-01   2.7994025e-01   1.2778244e-01   5.2190255e-01  -3.3568112e-01  -2.4224203e-01   6.0459446e-01  -2.1528455e-01   0.0000000e+00   2.8125274e-02  -8.7833210e-03  -2.1927513e-01   8.9041036e-02   5.1885056e-01   9.2673450e-02  -2.1634705e-01   4.2562146e-01  -1.6225661e-01  -1.3774358e-01   7.7222914e-02  -3.4820861e-01  -2.9299186e-01  -3.4713503e-01   3.2950701e-01  -4.8712264e-01  -1.3170286e-01   7.2922248e-02  -4.2670586e-01  -2.4718898e-01  -1.2998140e-01   2.4068623e-01   3.9994595e-01   4.1989893e-01  -3.1085232e-01   2.1658930e-01  -8.7239327e-02   3.8461536e-01  -7.5005130e-02  -1.9666317e-01   1.4625434e-01  -4.1456544e-01   1.6918375e-01   1.5814429e-01   1.1606553e-01   1.2776663e-01  -3.5277956e-01   9.4528550e-02  -1.0472787e-02  -3.8899030e-01  -2.0890700e-01  -3.4521320e-01  -3.3654987e-01  -2.7426025e-01  -1.4831655e-01  -9.1419222e-02  -1.3162560e-01   2.9686995e-01  -2.0551398e-02   2.8160427e-01  -2.9884530e-01  -4.2609743e-01  -2.6207660e-01   4.0602572e-01   5.4659162e-02   1.0176478e-01  -3.7242513e-01   2.7848165e-01   2.0748610e-01  -6.7823318e-02   3.2117106e-02   1.9469198e-01  -1.9849982e-01  -1.8238817e-01   1.4298171e-01  -4.4875832e-01   4.8249791e-02  -1.2090860e-01  -4.1788838e-01  -1.9891962e-02  -1.3751800e-01  -4.1962563e-01   7.5722835e-02  -2.5236335e-01  -1.6231760e-01  -3.5538263e-01   8.7447646e-02  -2.3470252e-02   1.5333194e-01  -9.6920942e-02   3.3406392e-01  -2.1174208e-01   2.1438908e-01  -8.9962352e-02  -6.0949298e-02  -2.3629228e-01   6.1549077e-02   3.0912827e-01  -1.2684189e-01   4.0013696e-02  -3.3193427e-01   1.7197113e-01   8.9333708e-03  -2.5350360e-01  -2.2604300e-01  -4.2466076e-01  -1.8994728e-01   1.6581699e-01   2.1416894e-01   2.5127380e-02  -3.8128666e-02  -9.5505327e-02   3.7362216e-02  -9.6127361e-03  -4.4176074e-01   1.2305224e-02  -3.8358359e-02  -2.2570651e-01   1.1080996e-01   1.9103500e-01   1.4761168e-01  -8.9610537e-02  -1.6933519e-01   1.5944415e-01   3.1497559e-01  -5.0105348e-01  -1.2884698e-01   4.9736109e-01  -5.7636732e-02   2.2275230e-01   1.5018633e-01  -4.2072796e-01  -1.2234301e-01  -2.9812011e-01  -1.9070145e-01  -4.3503512e-01  -2.6810246e-01  -1.4305314e-01  -2.5087523e-01   2.7873763e-02  -1.5663179e-01   7.9300314e-03  -1.2234223e-01  -2.7411810e-01   5.6707307e-01   1.0466375e-01   3.2416383e-01  -2.2183859e-01  -1.1396514e-01  -4.4757276e-01  -5.2603383e-02  -2.4470010e-01   5.8549500e-01  -1.6895614e-01   6.6544752e-02  -6.5309311e-02  -1.5068854e-01  -3.6354656e-01   1.1242738e-02  -5.4876494e-01   6.6900215e-02  -1.9070453e-01  -1.1737491e-01   1.2405897e-01   3.6997669e-01  -2.2205939e-01  -2.3772605e-03   2.0743454e-01   5.5218001e-01   1.0181588e-01   1.0744619e-01   1.4074736e-01   2.0835279e-01  -1.7001693e-01  -2.3994563e-01
  -5.1801260e-02  -1.9007979e-01  -8.7762969e-02  -8.6648674e-02   4.4902529e-01  -1.1427771e-01   1.8284354e-01  -4.3567627e-01  -3.4085743e-01   2.6300188e-01  -5.0256595e-02   2.8125274e-02   0.0000000e+00   6.9075374e-02  -1.9797318e-01   2.7932401e-01   2.9789682e-03   5.6142434e-02  -3.0633340e-01   5.0027965e-01   1.2327836e-01  -2.8565773e-01   3.2860735e-02  -4.0374616e-02   1.0981500e-01  -3.0947116e-01   3.0167601e-01  -2.2762141e-01   1.4877005e-01  -5.6175739e-02  -1.3845938e-01  -3.1231280e-01  -1.7374222e-01  -2.0023897e-02  -1.7290245e-01   3.9574357e-01   1.0918876e-01  -4.3679564e-02   2.7594389e-01   3.4791249e-01   7.1110355e-01  -1.0620921e-01  -2.2392287e-01  -8.7071534e-02   2.8001230e-01  -2.7125213e-01   5.7054795e-02   7.8707559e-02   1.6871904e-01   9.0926913e-02   1.7858031e-01  -3.6963322e-01  -1.2689467e-01   2.0983348e-02  -1.9038694e-03   3.1926673e-02  -2.5579573e-01  -3.8752503e-01   1.5689129e-01  -3.9479627e-01  -4.0314688e-01   3.3549881e-01  -1.9666151e-01  -1.9823674e-01  -8.8462391e-02   1.3086560e-01  -9.4303039e-02   1.2284311e-01  -1.4517928e-01  -1.0555976e-01   9.4854110e-02   1.3527591e-01   2.4814490e-01  -1.1128614e-02   9.2395379e-02  -4.2328743e-01  -1.5319359e-01  -4.5280568e-02   8.4294294e-02   3.2564597e-01  -2.1738460e-01   3.2483357e-01   1.7748907e-01  -2.7468055e-01   1.7171439e-01  -3.3832698e-01  -1.2496429e-01   1.4882182e-01  -1.5566717e-01   5.4759019e-02   2.6314114e-01  -3.7580379e-01   1.2982591e-01  -4.2906361e-01  -1.4739433e-01   4.5562560e-01   2.9872170e-01  -1.9998818e-01   3.0078095e-01   5.0393943e-01   1.4755441e-01  -2.3315027e-01  -2.1415692e-01  -3.7477505e-01  -1.1060381e-01  -3.7628324e-01   2.2016096e-01  -2.1682104e-01   3.9495144e-01  -1.4708811e-02   1.3058443e-01  -1.1457670e-01   2.5321548e-03   8.1472595e-02  -7.1205282e-02   9.5145293e-02  -2.6593602e-03   6.6240891e-01   5.8765066e-03  -1.0208713e-02  -9.3341414e-02   3.7546003e-01  -3.2783538e-02  -1.9896600e-02  -2.6693945e-01  -1.4737721e-01   1.7780785e-01   1.5902461e-01  -3.0726811e-01   1.4864693e-01   2.9187431e-01   6.8220035e-02  -1.2857107e-01  -1.3941870e-01  -3.9474192e-01  -4.1104316e-01   1.1037063e-01  -1.1098712e-01  -3.4476408e-01   2.1382702e-02  -4.9560435e-02   4.7852272e-01  -1.5334993e-01   6.9259572e-03  -4.6529536e-02  -5.1301115e-02   1.2516610e-01  -7.6235700e-02   9.2123372e-02   6.4767294e-02   1.0366133e-01  -2.3856361e-01  -2.3758876e-01  -2.6554728e-02  -9.7563961e-03  -6.2857940e-02  -1.1119174e-01   3.2195184e-01  -4.2326487e-01  -2.5131160e-01   1.7354813e-01  -5.8056503e-02   1.3205164e-02  -1.5916328e-01  -2.9406901e-01   2.1043942e-01   1.9996964e-01  -1.0564835e-01  -1.3785480e-01   2.0635226e-01   3.2339133e-01   2.3915990e-02   1.1389867e-01  -1.3683204e-01   3.0681898e-03  -1.9706460e-01  -4.0659618e-01
  -3.8217479e-02  -1.1681252e-01  -3.2385341e-02   3.9670254e-02  -7.7286478e-02  -1.6397709e-01   3.3422454e-01  -1.9649831e-01  -3.5986769e-01   9.8176330e-02  -4.2517606e-02  -8.7833210e-03   6.9075374e-02   0.0000000e+00   9.3412697e-02   2.1305985e-01  -7.1148026e-02   2.1729735e-01  -3.4491369e-01   1.6050909e-02   4.3767193e-01   2.0989429e-01   1.9493167e-01   1.0839764e-01   1.5227960e-01  -3.1513073e-01  -1.8994338e-01  -3.5227291e-02  -1.2525313e-01   6.2495447e-01   2.3371570e-01  -2.7445529e-03   6.7612769e-02  -4.0449120e-01   2.1711726e-02  -2.3482071e-02   5.9002222e-02  -2.3973843e-01   1.0001244e-01  -1.0386741e-01   1.4369545e-01   4.4080200e-02  -1.5260491e-01   1.3639390e-01   2.2819699e-02  -2.8681718e-01   1.1760319e-01   4.3306100e-01   7.1762077e-02  -1.5421606e-01   1.9276842e-01  -2.5326330e-01  -1.9405558e-01  -1.8106118e-01   1.3089014e-01   1.1767594e-01  -4.5165153e-01  -1.2670634e-01   2.6079343e-02  -2.8907229e-02  -3.9473411e-01  -6.7708555e-02  -2.8366849e-01  -1.2815985e-01  -1.0094773e-01  -1.3633057e-01  -8.2316245e-02   9.1997248e-02  -7.0147968e-02   2.1283567e-02  -5.8387991e-02   2.9046638e-01  -1.4414214e-01  -2.8193104e-01  -1.1680949e-01  -1.7686559e-01  -2.9250678e-01  -1.5893530e-01  -2.7263415e-01  -7.7029039e-02   1.7428822e-01  -2.6989603e-01   3.5888584e-01  -2.0948164e-01   4.8586720e-01  -5.9435233e-02  -5.7917677e-03   3.8712617e-01  -1.5852586e-01  -3.6956521e-02  -1.6803230e-01  -2.4916461e-01   1.0597050e-01  -1.7343885e-01  -2.6898254e-01  -2.0197764e-01   1.3271166e-01  -4.1899327e-01   2.6988498e-04   6.5960986e-02   5.5543292e-01   4.8296986e-02   2.8936005e-01  -3.6889159e-02   1.3296759e-01  -1.5851364e-01   4.9697091e-02  -4.3708955e-01   2.5923557e-02   2.9516994e-01  -5.0415420e-02   3.6798839e-01   1.5887001e-01   1.4888794e-01   3.5465900e-01  -1.5406564e-01   7.4375193e-02  -1.1646716e-01   4.1436996e-01   1.4224032e-01  -1.7781545e-01  -2.1542677e-01  -2.0672902e-01   1.4890272e-01  -2.3224888e-01   3.2853809e-01   2.3355117e-01  -1.4204741e-01  -5.3705084e-02   2.7704106e-01  -1.5679294e-01  -1.9858922e-01   1.3181208e-02   2.0690053e-01  -2.9598718e-01  -2.1845815e-01  -2.0213945e-01   4.6318035e-01  -1.4337238e-01   3.3240307e-02   1.5898242e-01   3.7243719e-02  -4.8126566e-02   2.6416953e-01   1.8235930e-01   2.4336809e-01  -6.6187391e-02  -8.7318548e-02   2.6199401e-01   8.1022763e-02   2.5334137e-01   2.4524761e-01  -2.7304118e-01  -1.9110959e-01   6.0407853e-02  -1.6480338e-02  -2.2735056e-01   5.0716291e-02  -3.8742400e-01   2.2584690e-01   1.5962807e-01  -1.4475936e-01   8.0282584e-02   1.2574654e-01  -1.4655282e-01  -3.5415911e-01  -1.2641612e-01   3.4068828e-02  -2.5699325e-01   2.3326736e-01  -3.8286207e-02  -1.0240557e-01   7.5754954e-02   9.4731414e-02   3.2358761e-02  -2.7901047e-02  -2.1030565e-01
