   0.0000000e+00  -1.2551324e-01  -9.5828385e-02   2.1116593e-01  -8.9556215e-02   1.1865375e-01  -2.8901731e-02   1.6411742e-01  -1.6830710e-01  -9.9861783e-02   9.4914357e-02  -1.6760886e-01  -1.9805995e-02   3.4857132e-01  -2.0256761e-01   6.9242127e-02  -7.7400359e-02   8.2153812e-02   7.4598521e-02  -1.7598591e-01  -2.2549088e-01   2.4223492e-02   1.2323477e-01   3.8043442e-01   1.0942256e-02   2.2306997e-01  -3.9389325e-02   1.2684498e-01   2.9532374e-02  -9.5174932e-02  -3.9072433e-01   1.5397347e-01  -1.2207855e-02  -4.0726910e-02  -3.7356113e-02   5.1331750e-02  -1.3531223e-01   2.5438222e-01   4.9238056e-02  -2.3840644e-01   2.6077630e-01   6.7581654e-02  -7.4766523e-02  -3.6533241e-02  -9.2712629e-03   4.0367061e-01   1.5370005e-01  -2.8157007e-01  -4.9292030e-02  -1.5369427e-01   2.0605033e-01   1.4368261e-01  -1.3504597e-01  -6.5388641e-02   9.9621629e-02   1.1700290e-01   1.4098590e-01   6.7606850e-02   2.8191020e-01  -1.6271391e-01   7.3937548e-02   1.4768167e-01  -1.2007317e-01   6.8488160e-02  -8.4920408e-02   1.5662144e-01   1.3755363e-01   6.0291564e-02   1.3027999e-01  -6.5362710e-02  -2.1914935e-01   1.1819020e-01   1.8364590e-02   1.7418537e-02  -1.2542358e-01   7.9964667e-02   3.2357709e-01   6.2814909e-02  -3.2036315e-02   1.3289142e-01   2.0768741e-01  -1.0711839e-02  -2.2760741e-01   1.1044278e-01   1.2953509e-01  -5.5754598e-02   1.4812438e-01   2.3240086e-01  -3.0237131e-02   6.5113941e-01   4.5113552e-02   1.1827967e-01  -7.8954763e-02   8.4442661e-02   2.5611166e-01  -1.3263646e-01   1.3035943e-01   4.9942431e-02  -3.5249357e-02  -1.1660847e-01   9.8656474e-02  -1.2658336e-01   7.2611087e-02  -1.2093585e-01   1.7621813e-01   6.3789029e-02  -2.5713970e-03   1.3666560e-01   8.3231775e-02  -3.0502768e-03  -7.8224378e-02   5.3320962e-02  -5.2076067e-02   6.8276202e-01   1.5637203e-01  -1.6973919e-01   1.5122312e-01   2.9272650e-02   9.1954826e-02   1.0167822e-01   6.2643486e-01   2.1747976e-02  -1.8703736e-01  -1.6664831e-01   4.2850608e-01   1.7996873e-01   2.2274012e-02  -1.1511817e-01   2.6592825e-01  -1.6078921e-01  -4.0229403e-02  -2.3051527e-01  -1.5099459e-02  -3.4331437e-01  -1.6840174e-01   1.3238567e-01  -1.5501295e-02   6.6993561e-02   1.4976434e-01   3.0559733e-01   6.3622674e-01  -2.4238055e-01   1.7029403e-01   7.1751835e-02  -1.4176154e-01  -5.5043758e-02  -1.3059830e-01   1.6271660e-01   1.6499161e-01  -3.1230327e-01   6.0178100e-02   5.3081385e-02   2.9753235e-01  -3.7661037e-02  -1.0566467e-01   3.3937023e-01   5.9353382e-01   2.3670400e-01  -1.8569270e-02   1.3065643e-01  -4.9512147e-03   1.7469819e-01  -1.8317830e-01   2.2585392e-01   7.1543284e-02  -1.4778434e-01  -3.8460123e-02  -3.4859747e-02   4.4940065e-01  -2.4739967e-01  -1.0201112e-01   2.7588267e-01   4.5490734e-02   2.0440864e-01  -1.2926333e-01  -5.9556786e-02   1.6897882e-01
  -1.2551324e-01   0.0000000e+00   4.7215984e-01  -5.2057194e-01   4.8784444e-01  -6.6836467e-01  -2.2941255e-01  -3.5073435e-01   3.7503391e-01   7.2838431e-02  -5.3370357e-01   5.0643829e-01  -1.3706586e-02  -4.5626020e-01  -8.4739532e-02  -2.3099682e-01   5.6917298e-01  -6.3185958e-01  -9.0917332e-02   2.2057241e-01  -2.1363285e-01  -5.6438929e-01  -5.5699734e-01  -7.4448038e-02  -6.9485231e-02  -1.2161742e-01  -1.8069106e-01  -3.5081083e-01   1.7578345e-01  -4.7847589e-01   4.1782339e-01  -6.5046352e-01  -4.5757585e-02   2.9325423e-01  -1.2490806e-01  -5.0558402e-01   6.6907392e-02   7.2033518e-02  -1.4588436e-01   5.5202775e-01  -9.9847227e-02  -2.1310555e-02   2.4990775e-01  -2.9841992e-01  -3.3940527e-01   1.4023150e-01  -6.2783087e-01  -2.6401451e-02  -2.9937341e-01   6.2088927e-01  -7.1148169e-01  -2.1818066e-01   6.3678865e-01   3.2005685e-01  -8.5613253e-02  -4.6681447e-01  -1.4261275e-01  -6.4424433e-01  -4.5748285e-01   2.1374564e-01   1.1696249e-01  -1.9366404e-01   7.1736566e-01   2.2617092e-01   3.6159338e-01  -4.1610297e-01  -5.7906006e-01   1.2575025e-01  -5.6205997e-01   1.2928930e-01   6.9292874e-01  -5.3667964e-01   1.1897257e-01  -2.5332264e-01   2.2574446e-01  -4.0396876e-01  -8.3899495e-02  -4.9546367e-01   4.2413517e-01  -4.1571063e-02  -4.3371993e-01   4.4742836e-02   6.2035739e-01  -1.7959160e-01   9.7602636e-03  -4.3284708e-01  -4.7171725e-01  -2.1815101e-01   7.3046804e-01  -1.8474191e-01   3.7093186e-01   1.4533931e-01   6.4464524e-01  -3.3720992e-01   7.2010189e-02   4.0535620e-01  -2.9100276e-01  -3.2101583e-01  -2.0805674e-01   9.7817484e-02  -3.0879189e-01   4.9023685e-02  -6.0060460e-01  -1.3630301e-01  -6.6998597e-01  -4.8608611e-01   1.8548733e-01  -4.5946076e-01  -3.8013040e-01  -5.0537518e-01   4.1675368e-01  -7.0714696e-01   4.6026708e-01  -2.2640872e-01  -4.2295955e-01   7.4198571e-01  -5.7615852e-01   1.1387016e-01  -4.2168627e-01  -6.2470135e-01  -3.9029081e-01   4.5520271e-01   7.8467828e-01  -2.0319337e-01  -2.5371589e-01  -6.2098383e-02  -6.0533699e-01   3.8482594e-01  -5.8785169e-01   4.2552186e-01  -1.3075237e-01   3.8277532e-02  -1.6059288e-01   1.4750451e-02   2.2558807e-01  -3.4193379e-01   3.4887290e-01  -4.2305906e-01  -3.8823192e-01   7.4571637e-02  -7.9847193e-02   1.1871219e-01  -5.6223926e-01  -4.9631283e-01  -2.2640812e-01  -4.3878929e-01   3.0950000e-01  -2.1235966e-01  -4.7817555e-01   4.9422198e-01  -3.0340005e-01  -3.9714085e-01  -1.8679832e-01   1.0447941e-01   4.0522058e-01   1.2051619e-02  -3.5880203e-01  -2.9737790e-01   1.7162994e-01  -5.6206985e-01   2.1743609e-01  -4.4483038e-01   1.2196430e-01  -5.2521039e-01  -4.2190256e-01   5.6938056e-01  -2.1611569e-02  -1.4594764e-01  -1.2572385e-01   6.2920839e-01   3.9571711e-01  -4.1251355e-02   9.4512045e-02  -3.1648918e-01   3.8851800e-02  -4.6123127e-02  -4.7318067e-01
  -9.5828385e-02   4.7215984e-01   0.0000000e+00  -4.5827592e-01   3.9458250e-01  -4.2111549e-01  -3.8440400e-02  -4.0282110e-01   5.5038429e-02   2.0150099e-01  -3.5093829e-01   6.6732732e-01   2.0221319e-01  -4.6316115e-01   6.3503757e-02   1.2361189e-01   8.6462665e-01  -3.4157509e-01  -2.2728932e-01   5.1183434e-01  -6.8099928e-01  -6.5898257e-01  -3.9326656e-01  -2.6364826e-01   1.9212993e-01  -3.2004664e-01   1.1609411e-01  -5.7263653e-01   3.1883564e-02  -5.6350860e-01  -2.0061990e-02  -6.6791398e-01   1.7045353e-01   3.4010353e-01   2.3758495e-01  -1.4740279e-01  -4.4017917e-01   2.2285229e-01   3.1891476e-02   4.0740155e-01   1.7649034e-02   4.0198242e-01   4.2051727e-01  -3.1824637e-01  -8.3075055e-02   2.7058362e-01  -3.0737054e-01  -1.5796592e-01  -3.7732993e-01   7.0364518e-01  -4.1335605e-01  -3.2302606e-01   9.8304374e-02   4.6369437e-01   1.8536228e-02  -1.8822249e-01  -2.0939458e-01  -6.9995124e-01  -3.4028364e-01   6.6006341e-01   5.5274628e-01   8.5281532e-02   3.9005332e-01   1.9291041e-01   1.5959534e-02  -3.6258307e-02  -4.0617599e-01   5.7175091e-02  -5.2992220e-01   7.2979229e-01   2.0960495e-01  -3.8647778e-01   6.4007822e-02   2.8751088e-02   7.2703396e-02  -4.5978179e-01   2.3128722e-01  -4.9618294e-01   3.2979943e-01   5.9501759e-02  -5.3413962e-01   5.2856463e-02   9.0290216e-02  -2.6521521e-01   3.5121652e-02  -4.1179293e-01  -5.8319610e-01  -1.8647323e-01   4.1253441e-01  -2.8348495e-01   4.3297845e-01   5.5757971e-01   6.4775804e-01  -2.0082411e-02   2.7594767e-01   4.1810780e-01  -5.9700909e-02  -3.0112181e-01  -6.6837482e-02  -1.2383332e-01  -1.0192773e-01   3.5074839e-01  -6.7730127e-01  -1.4732006e-01  -6.0787145e-01  -6.2673215e-01   5.0234499e-01  -5.3543793e-01  -4.5206950e-01  -4.5960481e-01   4.2448707e-01  -6.4898946e-01   3.4011731e-01  -2.3112635e-01  -2.6680401e-01   7.2887729e-02  -5.9143388e-01   2.2690572e-01  -2.7197577e-01  -5.1342537e-01  -3.6681068e-01   6.1365869e-01   2.8173434e-01  -4.5338160e-01  -3.8759145e-01   1.0236525e-01  -2.1553326e-01   3.8781642e-01  -4.9999857e-01   7.4171710e-01   5.7560100e-02  -1.2465334e-01  -2.4749471e-02  -2.8289362e-01   6.3048877e-01  -2.9920354e-01   2.0383608e-01  -6.0123610e-01  -3.9793807e-01   3.0501624e-01  -2.3135577e-03  -8.8817235e-03  -5.4628159e-01   4.8165056e-04  -2.0595191e-01  -6.1959953e-01   3.4826122e-01   5.8659607e-02  -2.3981054e-01  -1.1855270e-01   2.6567835e-01  -5.4182612e-01  -2.6075212e-02   3.6845495e-02   7.7754836e-01   7.4736794e-02  -2.6488743e-01  -2.2211702e-02   5.7953772e-01  -6.1453463e-01   3.6678896e-01  -3.1126192e-01  -6.9875854e-02  -4.9571819e-01  -5.4162052e-01   2.9718893e-01  -1.1303529e-01  -2.3915186e-01  -2.4220400e-02   2.8901400e-01   5.6421663e-01   6.7292767e-02   9.9707579e-02  -1.6203407e-01   7.7282186e-02   3.3889717e-01  -4.8360644e-01
   2.1116593e-01  -5.2057194e-01  -4.5827592e-01   0.0000000e+00  -2.1495054e-01   6.0242339e-01   7.1502422e-02   3.4268137e-01  -2.2658985e-01  -1.8262867e-01   3.6036914e-01  -4.5128166e-01   5.8374912e-02   3.2390300e-01  -7.3893933e-02   2.7708619e-01  -5.1679644e-01   6.2944933e-01   2.0854457e-01  -9.5078501e-02   3.0206409e-01   5.4925068e-01   3.2212904e-01  -1.1754902e-01  -3.2290960e-02   1.1820394e-01   2.9473940e-01   4.2340484e-01  -1.0973782e-01   3.6934120e-01  -2.3078557e-01   6.5769306e-01   2.2897944e-01  -1.4217438e-01  -2.2133338e-02   3.5021002e-01   1.5218976e-01  -1.3998400e-01   2.9548975e-01  -2.1448526e-01   3.6492664e-01  -1.4165015e-02  -2.6236508e-01   2.2624483e-01   3.9587971e-01  -1.0592827e-01   5.0329926e-01   3.4788380e-02   3.2623397e-01  -4.7941235e-01   6.2383836e-01   2.1588258e-01  -1.2890634e-01  -3.6011267e-01   1.3616000e-01   3.3262984e-01   2.2022504e-01   5.5879047e-01   6.8374289e-01  -2.6546294e-01  -1.9708007e-01   2.8102622e-01  -3.9663005e-01   3.5149619e-03  -5.1878937e-02   1.6729199e-01   5.8972990e-01  -1.7749262e-01   5.7280051e-01  -3.3751885e-01  -3.0958098e-01   7.0433872e-01   2.8005234e-01   1.5873393e-01  -1.6725750e-01   4.1531607e-01   6.7311326e-02   4.3416206e-01  -2.2054466e-01   1.4865992e-01   3.5761358e-01   3.3437246e-01  -2.6906950e-01   1.7088082e-01   1.5519366e-01   3.4813154e-01   5.2754075e-01   1.7277464e-01  -4.8385180e-01   1.9169591e-02  -3.2115996e-01  -1.4325431e-01  -3.6115406e-01   1.9073634e-01  -1.2913220e-01  -3.9559479e-01   3.7977754e-01   4.0328498e-01   3.5697593e-01  -5.3145366e-03   2.5814332e-01  -1.2162748e-01   5.4536924e-01   4.9486727e-02   6.9843913e-01   6.5036429e-01  -2.6173940e-01   6.1692644e-01   4.2311875e-01   5.5145371e-01  -2.8434455e-01   5.6167398e-01  -3.2846017e-02   1.0415266e-01   2.5555205e-01  -3.4329716e-01   4.9390826e-01   1.2491535e-01   4.5057704e-01   7.6062157e-01   3.5573766e-01  -4.0541957e-01  -3.8530463e-01   3.4254789e-01   2.8119532e-01   2.8667930e-03   4.6055992e-01  -2.5149691e-01   7.0271332e-01  -4.5861915e-01   3.1562726e-01  -9.1913809e-02   1.9631692e-01  -2.2233281e-02  -1.1104084e-01   4.6870031e-01  -7.7981407e-02   4.8658081e-01   4.1933439e-01  -1.6694401e-01   3.9594278e-02  -2.5570419e-01   5.5514316e-01   3.4537564e-01   3.2897315e-02   4.6632090e-01  -3.0515731e-01   2.8573688e-02   3.8098486e-01  -1.6864421e-01   2.1545411e-02   3.6917178e-01   1.4282460e-01  -1.6107866e-01  -3.2611771e-01  -1.5868718e-01   2.5797726e-01   4.5247285e-01  -2.3688423e-01   4.5340409e-01  -1.6210093e-01   3.2376652e-01  -1.7027835e-01   7.5787728e-01   6.2739493e-01  -2.8934706e-01   4.9218984e-02   2.7960316e-01   1.3793214e-01  -2.7346742e-01  -2.8424772e-01  -2.2399217e-01   2.0003546e-01   4.3182354e-01  -2.6198018e-03  -3.4458084e-02   6.1414183e-01
  -8.9556215e-02   4.8784444e-01   3.9458250e-01  -2.1495054e-01   0.0000000e+00  -2.0169198e-01  -2.5925401e-01   2.3979458e-02   1.0856176e-01  -5.3886849e-02  -3.4195640e-01   2.1023781e-01   2.2692233e-01  -2.5881807e-01  -3.1623137e-01   4.5764355e-02   5.2787955e-01  -2.4676934e-01   1.2385789e-01   4.5349267e-01  -2.4094394e-01  -2.6677350e-01  -2.7966886e-01  -2.9192556e-01   5.7831552e-02   1.2932875e-01   6.8959278e-02  -1.0755066e-01   2.6090312e-02  -3.9471578e-01   6.5887654e-02  -4.0570501e-01   1.4613540e-01   8.4472184e-03  -8.5291580e-02  -4.7254961e-02  -3.1561634e-02  -1.6796257e-02  -3.8386014e-03   3.4128118e-01  -2.1155597e-03   2.5531139e-01   1.2867437e-01  -2.9083363e-01  -1.3481904e-01   8.2303437e-02  -2.5591238e-01  -1.8319894e-01  -7.5024771e-03   3.9103642e-01  -3.4527033e-01   1.2808608e-01   2.2247794e-01   2.1630272e-01  -3.9628902e-02  -3.2443280e-01   1.5635439e-01  -3.5382105e-01  -3.0305254e-01   8.2231606e-02   2.3296139e-01   6.5483623e-02   4.7391475e-01   1.0849310e-01   2.4644589e-01  -2.0594847e-01  -2.9920058e-01   1.0285389e-01  -2.7084443e-01   4.7378770e-02   3.3541212e-01  -1.7825375e-01   9.1235272e-02  -1.8313468e-01   2.7278835e-01  -2.4287840e-01  -1.9519725e-02  -3.3061709e-01   4.1550413e-01   1.2282415e-01  -2.4598236e-01   2.9177015e-02   2.6666365e-01   1.6852228e-01  -5.1072817e-02  -1.6986650e-01  -3.6743178e-01  -2.5455259e-01   4.4827939e-01  -2.6889840e-01   4.6238775e-01   2.4595300e-01   4.4742847e-01  -1.2850374e-01  -1.0895230e-02   5.5317804e-01  -8.5712851e-02  -4.6977265e-02   1.0736184e-01  -8.6747572e-03  -2.5059940e-01  -1.7661976e-01  -4.6507674e-01  -2.3067427e-01  -3.4714514e-01  -2.3547849e-01   1.1765400e-01  -1.6906335e-01  -1.2223325e-01  -3.8644849e-01   1.0754401e-01  -5.4754047e-01   2.7864870e-01  -1.2545528e-01  -3.0690703e-01   4.8322690e-01  -3.4521388e-01   1.6438024e-01  -1.5659912e-01  -3.6480893e-01  -3.2695949e-01   4.6997569e-01   3.8669747e-01  -1.5081556e-01  -2.0294235e-01  -9.2107215e-03  -1.9776702e-01   3.6280771e-01  -2.5747309e-01   2.2170564e-01   5.9431743e-02  -3.9376769e-02  -1.3722624e-01  -2.1716467e-01   2.0608468e-01   1.0132002e-01   1.8838577e-01  -3.4699763e-01  -5.4444904e-02   2.1771430e-02   7.1895245e-02   1.2806453e-01  -4.2994320e-01  -1.7269725e-01  -2.4742722e-01  -3.7728584e-01   1.3642601e-01   3.7520862e-02  -3.0742606e-01   2.9942948e-01  -2.1273012e-01  -2.7037109e-01  -1.2398360e-01   7.5551432e-02   3.4836864e-01  -1.0832889e-01  -2.2132196e-01  -2.0522607e-01   3.6440217e-01  -3.7865990e-01   2.1511044e-01  -3.1522737e-01  -1.1238084e-02  -2.1477593e-01  -1.9151462e-01   3.2436281e-01  -9.5238180e-02   1.5192415e-01  -1.7590600e-01   4.8631018e-01   2.9459607e-01  -2.6393641e-01   1.0897223e-01   4.3579151e-02   2.4322876e-01  -1.8315454e-02  -5.6911473e-02
   1.1865375e-01  -6.6836467e-01  -4.2111549e-01   6.0242339e-01  -2.0169198e-01   0.0000000e+00  -3.4879271e-03   5.6524370e-01  -2.3750352e-01  -3.1586125e-01   3.5883023e-01  -6.1458219e-01  -1.2181603e-02   3.0980521e-01  -1.3497955e-01   2.5045484e-01  -4.4609875e-01   4.6331332e-01   1.9703875e-01  -1.7495405e-01   2.3604915e-01   5.3404057e-01   2.6407854e-01  -1.5638241e-01  -5.0535945e-02   3.2464589e-01   3.2780829e-01   5.7740925e-01  -3.0974326e-02   3.9629787e-01  -3.7034894e-01   6.0474409e-01   1.6267856e-01  -4.0980082e-01   7.4648287e-02   2.9275545e-01  -2.1314880e-02  -1.3779547e-01   2.1901924e-01  -2.4000996e-01   3.6967337e-02  -3.2969408e-02  -4.3451183e-01   3.1901724e-01   2.4601026e-01  -6.9416665e-02   4.9575144e-01  -2.5464036e-02   3.4031293e-01  -4.5617146e-01   4.8814833e-01   4.6604629e-01  -3.3532376e-01  -3.1123699e-01   1.6049273e-01   3.6125158e-01   2.9508181e-01   5.9163661e-01   3.7929496e-01  -2.5297341e-01  -1.7926162e-01   1.7444183e-01  -6.0243748e-01  -1.0755003e-01  -2.1995700e-01   9.0283687e-02   8.0449727e-01  -1.1325574e-01   6.3106815e-01  -3.0341333e-01  -4.1142201e-01   5.3221491e-01  -2.1541795e-02   1.6170643e-01  -3.3501508e-02   2.3640739e-01  -1.9876743e-02   5.6315537e-01  -3.7365543e-01   1.4787509e-01   5.6673398e-01   4.5873382e-02  -3.6954945e-01   4.0873826e-01   1.4968877e-01   2.6333703e-01   5.8868430e-01   3.7898225e-03  -5.3582658e-01   9.7311953e-02  -1.9331650e-01  -1.1235103e-01  -4.2861006e-01   2.0801750e-01  -1.5941900e-01  -1.7583125e-01   2.4901556e-01   5.6833586e-01   1.4151687e-01  -2.1553218e-01   3.3472850e-01  -2.4135171e-01   5.6992531e-01   1.9814741e-01   5.7849905e-01   5.4946491e-01  -2.9652103e-01   6.8527299e-01   2.9147506e-01   3.8913415e-01  -4.8186039e-01   6.1866890e-01  -2.4783918e-01   1.4917415e-01   3.6660654e-01  -3.5688750e-01   5.2637462e-01  -1.5480855e-01   6.1149050e-01   5.8122854e-01   2.6915113e-01  -3.1684002e-01  -4.9153511e-01   3.3581174e-01   2.2119444e-01   5.6072769e-02   4.7394978e-01  -2.5635657e-01   5.7390876e-01  -2.6145386e-01   2.1842770e-01  -1.7464997e-01   2.7265757e-01  -1.3314580e-01  -1.8097854e-01   3.7732306e-01  -1.4243417e-01   5.3985923e-01   4.9080222e-01  -1.6124737e-01  -5.2409290e-02  -1.3302838e-03   4.9807016e-01   5.6742532e-01  -3.0806985e-02   3.6955372e-01  -3.9541326e-01   5.7561281e-02   2.5565580e-01  -2.8955318e-01   1.2038484e-01   4.9801621e-01  -1.2573910e-02  -1.4598799e-01  -2.0062452e-01  -2.0378796e-01   1.8768445e-01   2.4426548e-01  -1.9077113e-01   5.9324445e-01  -1.7435814e-01   3.3810420e-01  -1.5024787e-01   6.0831792e-01   5.3302381e-01  -4.0609317e-01  -5.8599220e-02   4.5301927e-01  -7.4984069e-03  -2.1683242e-01  -3.9947499e-01  -1.7192473e-01   3.8894491e-02   5.1651622e-01  -2.9627734e-03  -4.2145459e-02   5.9786115e-01
  -2.8901731e-02  -2.2941255e-01  -3.8440400e-02   7.1502422e-02  -2.5925401e-01  -3.4879271e-03   0.0000000e+00  -1.6046368e-01  -1.9695541e-01   5.8733925e-01   3.1642613e-01   3.4240002e-01  -3.2284270e-01  -9.9551683e-02   5.0884138e-01   2.3333913e-02  -1.5538655e-01   3.6719527e-01  -2.1303374e-01   1.0062196e-01   3.6696749e-02  -7.7849625e-02   6.4538040e-01   2.4818963e-04  -1.0281936e-01  -2.8082614e-01   3.4956538e-02  -1.7899169e-01  -1.7759520e-01   1.2755035e-01   1.5853913e-01   1.8261436e-01  -2.8542301e-01   5.1798462e-01   5.8429404e-02   4.0502531e-01  -6.2088439e-02  -8.8814331e-02  -2.0774349e-01   7.8363710e-02  -2.4805884e-01  -1.4110748e-01   3.7188679e-01  -1.0551352e-01  -5.9005263e-02  -2.6976836e-01   1.7119200e-01   6.3411360e-01  -6.9939550e-02  -2.0041347e-01   4.4995628e-01  -1.3336337e-01   1.3631704e-02  -2.8249376e-01   8.0032750e-02   2.4286957e-01  -2.4664357e-01   5.1233243e-02   1.3401422e-01   1.0696748e-01  -1.7248522e-01   4.3050836e-02  -1.3295455e-01  -1.7792418e-01  -2.1908972e-01   4.1272358e-01   1.0859303e-01  -3.7747072e-01  -1.7620218e-02   3.7197017e-01   4.9820076e-02   1.4724469e-01  -1.8258486e-01   3.6007403e-01  -4.8510384e-01   1.6242898e-01  -2.9294994e-02  -1.4750112e-01   2.1226536e-01  -4.5436147e-01   1.2339721e-01  -1.2492909e-01  -1.0569028e-01  -1.5579054e-01   6.1490159e-02   1.8224365e-01  -4.4155625e-02  -4.8225671e-02  -2.1798065e-01  -1.5205967e-01  -2.7940015e-01  -3.6575641e-01   1.6629139e-02  -6.0306331e-02  -1.4672966e-01  -2.3228534e-01   9.8513898e-02  -1.1617512e-01   1.2757085e-02   5.2961063e-01   3.0944070e-01   5.2792764e-01   1.0695651e-01  -1.5701283e-01   2.8392831e-01   2.9570031e-02  -1.6864407e-01  -1.5229020e-01   1.4184129e-01   2.5068647e-01   2.8061740e-01   2.2453655e-01  -2.8298582e-01  -1.6290884e-01   5.9740347e-01  -3.3196343e-01   9.2131186e-02  -2.5287050e-01  -5.8494756e-02   1.4096538e-01  -2.3740205e-02  -3.3918229e-01  -3.1813860e-01  -2.8442728e-02  -6.3915164e-02  -2.3686066e-01   8.2794768e-02  -4.2866658e-01   1.5161768e-04  -3.0943280e-02  -9.9948790e-02   4.4749541e-01  -1.4797611e-01   1.9449748e-01   1.7749113e-03   3.4610591e-02  -5.0863771e-01   1.4703858e-01   9.0684721e-02  -7.0490223e-02   6.7208450e-02  -3.6682220e-01   1.2174446e-02   3.6505676e-02   5.7473058e-01   2.0268277e-01   5.3412630e-01   1.4598939e-01   5.7429386e-01  -9.6605776e-02   4.6982705e-01   2.0358954e-01  -1.7286959e-02   7.2404232e-02   1.0369503e-01  -1.8012180e-01   2.7967343e-02  -1.1047198e-02  -2.2250958e-01   3.9987110e-01  -3.0413454e-01  -7.8396832e-02   2.7993989e-01   1.5187805e-01  -3.5171979e-02  -2.9505636e-01   1.1972587e-02  -3.0171114e-01  -2.1501062e-01  -3.8243976e-01   1.4832029e-01  -1.4688148e-01  -6.1698314e-02   2.9596785e-03  -3.1523688e-01   1.1621333e-01  -1.8766022e-01
   1.6411742e-01  -3.5073435e-01  -4.0282110e-01   3.4268137e-01   2.3979458e-02   5.6524370e-01  -1.6046368e-01   0.0000000e+00  -2.5213789e-01  -2.2694690e-01   3.6072372e-01  -4.8670433e-01  -1.3482015e-01   2.7930882e-01  -1.6068517e-01   2.3683257e-01  -2.0321483e-01   1.5399002e-01   3.3960136e-01  -3.4719876e-01   1.2302495e-01   4.0610738e-01   1.6101614e-01   7.5841210e-02  -1.5188327e-01   5.3208514e-01  -8.3989194e-02   5.8470124e-01  -1.1066003e-01   1.2542843e-01  -4.3473524e-02   3.9450388e-01   4.7380384e-02  -4.4131050e-01  -8.3657572e-02   9.9938405e-03  -3.5000950e-02  -1.0256950e-01   2.3722822e-01  -2.0460224e-01   7.1933252e-02  -2.9872121e-02  -3.7215348e-01   4.1494034e-01  -1.5158758e-02  -2.4408213e-02   1.7344125e-01  -5.4291514e-02   2.8413659e-01  -2.5410207e-01   1.9588072e-01   8.1446707e-01  -3.0579240e-01  -2.4302563e-01  -1.9397371e-02   3.2450961e-01   3.3418816e-01   4.6826563e-01   1.7982405e-01  -3.5653889e-01  -1.2749471e-01   5.5576415e-02  -2.4321148e-01  -6.9344776e-02  -1.3507473e-01  -7.8847724e-02   3.8914715e-01   1.3051740e-01   5.5831551e-01  -4.3856258e-01  -1.6193138e-01   1.9419689e-01   1.7293904e-02  -9.5791948e-02  -6.7143776e-02   2.3986619e-01  -4.8457440e-02   4.8533714e-01  -2.2631712e-01   4.9559638e-02   6.3357712e-01   9.9556862e-02  -8.8408630e-02   7.1978945e-01  -9.7086795e-02   2.7180747e-01   1.8965527e-01   6.8301503e-02  -2.1127212e-01   2.2919485e-01   3.8434671e-02  -5.4848461e-02  -3.2611117e-01   3.0575993e-02  -1.0692058e-01  -1.0151845e-01   1.5672008e-02   4.4695856e-01   7.2042731e-02  -1.5558059e-01   1.0571805e-01  -2.7382174e-01   3.6285846e-01  -7.7549359e-02   3.6625258e-01   4.9735477e-01  -2.7133092e-01   6.3761296e-01   5.3080275e-02   5.3497243e-02  -3.2249210e-01   2.6460094e-01  -1.5709706e-01   3.6900491e-01   1.9710060e-01  -3.7549257e-02   5.5996983e-01  -1.0462989e-02   3.2298007e-01   2.4744621e-01   3.1466918e-01  -1.5218282e-01  -2.0201961e-01   1.8375677e-01   2.0098317e-01   3.5098668e-02   1.3526020e-01  -2.4015750e-01   2.9042399e-01  -3.3071448e-01   2.2143417e-01  -4.1770967e-03   9.9350112e-03  -7.9851130e-03  -3.3186837e-01   4.2795233e-01  -1.3383567e-01   4.0339925e-01   5.2296265e-01  -3.8634264e-02   1.7417189e-01  -7.4988858e-02   4.3798006e-01   9.1583607e-02   3.7228356e-02   2.4074416e-01  -2.6825239e-01   8.8641343e-02  -6.3019338e-03  -6.1233586e-03  -2.9255020e-01   5.3427580e-01  -2.1561085e-02  -9.9289934e-02  -3.1339732e-01   1.8715480e-02   2.6620597e-01   1.5249421e-01  -7.3974145e-02   4.6383213e-01  -1.1952956e-01   2.8251227e-01  -2.7345413e-02   3.4881598e-01   4.8611953e-01  -2.0211197e-01  -9.2394554e-02   4.7683118e-01   9.0544052e-02  -1.4071355e-01  -3.7337284e-01  -9.0167983e-02  -1.0294831e-01   2.7811221e-01  -1.3514659e-02  -1.5292756e-01   4.9340343e-01
  -1.6830710e-01   3.7503391e-01   5.5038429e-02  -2.2658985e-01   1.0856176e-01  -2.3750352e-01  -1.9695541e-01  -2.5213789e-01   0.0000000e+00  -1.1824463e-01  -4.4351070e-01   7.9560898e-02  -6.3234726e-02  -2.1588954e-01  -2.6031766e-01  -3.2399140e-01  -5.3235702e-02  -1.4191733e-01  -6.0330944e-02  -2.8298314e-02   2.4362455e-01  -2.5458656e-01  -3.3477388e-01   1.1348435e-01  -5.9428943e-02   6.8616581e-02  -1.0042224e-01  -9.3645622e-02   3.9470179e-01   3.1153282e-01   9.0866966e-02  -1.8290782e-01  -1.5833405e-01   1.4223378e-01   2.7280174e-01  -2.6349275e-01   4.2472325e-01  -3.2741078e-01  -2.4536548e-01   1.3071242e-01  -1.0749838e-01  -1.9867867e-01   2.2212161e-01  -2.5086442e-01   1.6372039e-01   2.1475348e-03  -3.5569213e-01  -3.8047520e-02  -2.4782187e-01   1.7803728e-02  -4.0438428e-01  -3.6662603e-02   4.4958256e-01   1.7426418e-01  -1.6675342e-01  -4.6910828e-01  -6.4001716e-02  -1.7878338e-01  -1.9806873e-01   1.5426709e-01  -3.4216720e-01  -7.6711096e-02   3.3541491e-01   4.8031154e-01   7.4403455e-01  -1.4792357e-01  -1.8566608e-01   2.2389042e-01  -3.7520633e-01  -5.8422070e-02   1.4862778e-01  -5.2106739e-02  -4.0280436e-02  -4.3348690e-01   3.0367811e-01  -1.0447186e-01  -3.8691836e-01  -3.6345057e-01   3.7912436e-01   8.0015536e-03  -1.1248027e-01  -8.4752688e-02   5.0644901e-02  -8.2958992e-02  -1.8348826e-01  -4.3162195e-02  -1.3413103e-01  -4.2959243e-02   4.4745348e-01   3.5264635e-02   2.2707443e-01  -8.9433828e-02   6.5609139e-02   3.1289867e-01  -3.1614429e-01   1.6251622e-01  -3.7453402e-02  -1.0303932e-01  -2.3016598e-02  -3.8293262e-03  -3.4092038e-01  -1.8602872e-02  -2.3240103e-01   5.1248141e-01  -2.3962448e-01  -1.0863264e-01  -2.7821551e-02  -2.7746300e-01  -3.3341674e-02  -1.9583131e-01  -6.9635763e-02  -2.6368596e-01   7.1217089e-02  -1.4459109e-01  -3.9702084e-01   2.9838694e-01  -4.2483822e-01  -6.0239052e-02  -2.1703424e-01  -2.6389431e-01  -6.3627121e-02   1.3739385e-01   3.0634334e-01   2.2511329e-01   1.0418736e-01  -7.4586416e-02  -1.1648197e-01   4.4093855e-02  -1.3336270e-01   4.1119591e-02  -1.0030973e-01  -8.6338522e-02  -1.5589006e-01  -3.5041267e-02   5.2311039e-02  -1.6861340e-01   2.6185322e-01  -2.8505951e-01  -6.0276176e-02  -3.6181628e-01  -2.2890651e-01   2.0284883e-01  -3.2096998e-01  -2.5320199e-01  -3.8704496e-01  -2.9461526e-01  -1.3638693e-01  -1.3518437e-01  -1.8778152e-01   3.9289422e-01  -9.7433171e-02  -1.4562018e-01   3.7314828e-02   2.9667512e-01  -7.3954968e-02  -2.6420601e-01  -2.0687240e-01  -1.9286916e-01  -2.1756003e-01  -2.6673125e-01   3.2236066e-01  -1.3827050e-01  -8.4726318e-02  -2.7320302e-01  -1.1728480e-01   3.4036026e-01   3.2410990e-01  -8.0916613e-02   5.1926048e-02  -6.1576191e-03   1.6716919e-01  -2.5332169e-01   4.2005970e-01  -2.0722222e-01   9.0276606e-02  -3.0540988e-01  -1.6123440e-01
  -9.9861783e-02   7.2838431e-02   2.0150099e-01  -1.8262867e-01  -5.3886849e-02  -3.1586125e-01   5.8733925e-01  -2.2694690e-01  -1.1824463e-01   0.0000000e+00   2.6292220e-01   6.6249524e-01  -2.1141141e-01  -1.7432152e-01   5.9439519e-01   4.8084410e-02   1.7898525e-01  -5.9302643e-03  -1.0048520e-01   4.0087528e-01  -1.0486670e-01  -2.7752459e-01   3.6909077e-01   9.1264582e-02  -1.4478094e-01  -2.2215966e-01  -5.5745103e-02  -4.7406800e-01  -2.1932061e-01  -1.9172019e-01   3.5556847e-01  -1.9293726e-01  -3.3616214e-01   6.6311187e-01  -6.9038061e-02   2.2306915e-01  -1.6222210e-01   5.3520114e-02  -1.4271952e-01   4.0562867e-01  -1.4440574e-01  -1.0998502e-01   5.5445581e-01  -1.9368293e-01  -2.0355748e-01  -9.5218752e-02  -6.2706334e-03   4.2226068e-01  -9.6118214e-02   1.4568705e-01   1.0479688e-01  -2.0716340e-01   6.6851769e-02   4.0126122e-02  -1.1602791e-01   1.1215403e-01  -1.6633774e-01  -2.9753128e-01  -2.3885191e-02   1.9639081e-01   8.0445831e-03   8.4392028e-02   2.3391161e-01  -1.4109551e-01  -1.6918092e-01   5.2812745e-01  -2.3824405e-01  -2.4787497e-01  -1.5044310e-01   4.6282403e-01   3.2427798e-01  -2.4664968e-01  -6.9731104e-02   2.1823445e-01  -2.4373773e-01   1.1137294e-01   1.3314957e-02  -2.1282213e-01   3.2577913e-01  -4.1434423e-01  -3.0349324e-01   2.1097842e-02   2.5787285e-01  -2.5124462e-01  -1.2498010e-01   5.4107032e-02  -4.7111057e-01  -1.5497692e-02   6.8520427e-02  -1.4139739e-01  -1.7022973e-01  -1.0504452e-01   3.3480787e-01  -1.7455392e-01   3.0853868e-02  -8.3148104e-03  -7.6138792e-02  -2.1327908e-01   9.4652899e-03   5.9251369e-01  -8.4823717e-02   7.1332167e-01  -3.1868692e-01  -4.0309960e-01  -2.1307778e-01  -2.4722391e-01   8.4727993e-02  -2.9536080e-01   8.3638637e-02  -7.8896943e-02   6.8151589e-01  -1.9660208e-01  -4.5325633e-02  -1.4652318e-01   4.9907085e-02   5.0653677e-02  -3.4548133e-02  -3.1574561e-02  -4.5318811e-01  -1.3473724e-01  -1.7228386e-01  -1.3388223e-01   1.2537643e-01  -3.4905703e-01  -1.1815548e-01  -1.0897759e-01  -2.6489005e-01  -2.0862851e-01  -2.6693505e-01   9.6687275e-02  -7.8104919e-02   6.4038815e-01  -2.8131337e-01   2.0547412e-01   3.1303099e-01  -7.1421792e-03  -2.1084585e-01  -2.9990904e-01  -2.0031305e-01   6.0224879e-02   1.7390905e-01  -1.9666926e-01  -1.3305447e-01  -2.8409696e-01   4.8740988e-01  -1.4887355e-01   6.7336439e-01   1.4652133e-01   3.1326160e-01   1.7376999e-01   2.3366474e-01  -2.8176597e-01   4.6099026e-02   5.6321620e-02   3.1259569e-01  -5.9259108e-02  -1.3135731e-02  -5.6220631e-02  -6.2826041e-02  -1.5529883e-01  -1.9434424e-01  -6.9902797e-02   6.2848491e-01  -1.5026425e-01  -1.6508678e-01   1.0345642e-01   1.2144388e-01  -2.8016209e-01  -4.8281768e-02  -4.2265677e-02   4.1672122e-01   3.1857675e-02  -2.0881513e-01  -1.7245344e-01  -3.3927002e-01   4.8532344e-02  -2.5466997e-01
   9.4914357e-02  -5.3370357e-01  -3.5093829e-01   3.6036914e-01  -3.4195640e-01   3.5883023e-01   3.1642613e-01   3.6072372e-01  -4.4351070e-01   2.6292220e-01   0.0000000e+00  -1.9385866e-01  -1.7297407e-01   7.6061701e-02   3.7010234e-01   3.3329324e-01  -2.6306106e-01   5.5632920e-01   2.5236536e-02  -2.2958557e-01   1.3973286e-01   3.1859712e-01   5.8609022e-01   1.1401545e-02  -3.1607377e-02  -8.6285135e-02  -7.2608975e-02   6.6706940e-02  -3.7102194e-01   2.0723918e-01   1.9117101e-01   4.5793774e-01  -1.2604271e-01  -4.9568371e-02  -3.1790951e-03   5.5854222e-01  -2.3085628e-01   2.7818926e-01   2.0594529e-01  -2.9934554e-01   1.5702432e-01  -1.8140600e-01  -6.5378378e-02   4.1914997e-01   8.8861004e-02  -1.2902780e-01   6.3954685e-01   2.9594127e-01   4.8268185e-01  -3.7401776e-01   6.6789390e-01   1.0274738e-01  -4.4402616e-01  -2.1935058e-01   5.3523148e-02   6.4210006e-01   9.6257301e-02   3.7817198e-01   4.5781635e-01  -1.5266242e-01   1.3152448e-01   2.4336801e-01  -2.5963383e-01  -9.0849969e-02  -3.8368313e-01   4.5725171e-01   3.2990268e-01  -7.8582254e-02   5.7816964e-01  -8.2238703e-02  -2.1638583e-01   2.2925809e-01   1.1541750e-01   2.3351250e-01  -4.0562451e-01   5.3453287e-01   3.4957451e-01   3.0699997e-01  -1.4127079e-01  -2.7999102e-02   1.5164654e-01   8.6115166e-02  -7.5198066e-02   6.1520405e-02   7.7159061e-02   3.5768103e-01   1.3471512e-01  -1.4427881e-03  -4.3927153e-01   7.8314482e-02  -2.9365135e-01  -1.2309089e-01  -4.0314289e-01   9.0533705e-02   2.7375378e-01  -5.7508022e-01   1.7760436e-01   1.8966715e-01   3.0195290e-01  -1.0288570e-02   3.2620612e-01   2.4056224e-01   3.7162901e-01  -2.0586516e-01   4.2308262e-01   3.2132795e-01  -7.8139696e-02   3.8393355e-01   1.7853763e-01   3.8634393e-01   4.5872349e-02   4.5157528e-01  -1.6000599e-01   1.6827546e-01   3.3092142e-01  -3.7012948e-01   5.6834888e-01  -1.1554131e-02   7.0211660e-02   4.8195351e-01   2.0276145e-01  -5.0776734e-01  -4.7408043e-01   9.9807307e-02   5.9492496e-02  -1.9548883e-01   2.0199685e-01  -3.1837082e-01   3.1766165e-01  -2.9300559e-01   1.7707697e-01   5.4419470e-01   9.7613941e-02   3.9979981e-01  -1.2933752e-01   4.0098850e-01  -3.4031187e-01   2.6326461e-01   2.8757973e-01   2.6983037e-01   1.8284701e-01  -3.3391299e-01   6.4739268e-01   1.0528306e-01   4.6729253e-01   4.4016610e-01   1.7463280e-02   4.3688447e-01   4.6114922e-01  -1.3679099e-01   9.6207110e-02   2.2456888e-01  -2.2197434e-02   7.5304468e-02  -1.7507948e-01   1.5034428e-01   3.4844510e-01   3.4553180e-01  -9.8748112e-02   3.4459504e-01  -2.6194343e-01   4.9380553e-01   2.9797373e-01   3.2895029e-01   3.6289252e-01  -5.0568541e-01   6.3458581e-02  -9.0351677e-03   1.0256445e-02  -3.1581178e-01  -1.8571538e-01   3.0487474e-01  -1.9042140e-01   1.5428036e-01  -2.3719338e-01   1.0123011e-01   3.1944294e-01
  -1.6760886e-01   5.0643829e-01   6.6732732e-01  -4.5128166e-01   2.1023781e-01  -6.1458219e-01   3.4240002e-01  -4.8670433e-01   7.9560898e-02   6.6249524e-01  -1.9385866e-01   0.0000000e+00  -8.5934220e-02  -4.4175035e-01   3.7700606e-01   1.0467086e-02   5.4348071e-01  -3.1157997e-01  -2.8014919e-01   4.7888565e-01  -4.8612866e-01  -5.8228451e-01  -1.1708433e-01  -6.1217634e-02   3.5300565e-03  -3.6759798e-01  -7.7726282e-02  -6.4813318e-01  -7.2363411e-02  -4.1370893e-01   3.2681876e-01  -5.8899158e-01  -1.8720171e-01   7.2700995e-01   6.8720481e-02  -1.3225085e-01  -2.6177466e-01   8.7580259e-02  -1.5284424e-01   4.6634083e-01  -1.3144481e-01   5.1136510e-02   7.5647751e-01  -3.7831274e-01  -2.1093585e-01   1.6967272e-02  -3.1057178e-01   1.6710102e-01  -3.6685644e-01   4.6284951e-01  -3.2050249e-01  -3.6201843e-01   2.6053980e-01   3.7312842e-01  -7.2382931e-02  -1.3554715e-01  -2.7561937e-01  -6.3807779e-01  -3.2733496e-01   5.5769827e-01   1.7270514e-01   4.0472255e-02   5.1893041e-01   2.4493983e-02   6.9613099e-03   2.3683674e-01  -4.8002099e-01  -7.7862310e-02  -4.9580378e-01   6.6501977e-01   4.0886384e-01  -4.4784892e-01  -4.2822600e-02   1.2908138e-01  -6.9059212e-03  -1.4889710e-01   1.5103862e-02  -4.7497114e-01   4.4814200e-01  -3.0092534e-01  -5.0251901e-01   2.2516354e-02   2.5753773e-01  -3.8562558e-01  -1.5508750e-01  -1.5355371e-01  -6.4939210e-01  -1.5937704e-01   4.6636350e-01  -3.0335547e-01   8.8317052e-02   1.6177742e-01   6.3927419e-01  -1.5792169e-01   1.0590558e-01   2.7371710e-01  -1.7744543e-01  -4.2242132e-01  -3.1295612e-02   2.9940358e-01  -2.1354443e-01   6.0970181e-01  -6.0735541e-01  -3.1404008e-01  -5.2583255e-01  -5.3685287e-01   3.6697612e-01  -5.4530275e-01  -2.6870132e-01  -3.4431938e-01   7.4127105e-01  -5.2235158e-01   2.8341889e-01  -2.7952527e-01  -1.7147993e-01   1.2953587e-01  -4.2674516e-01   1.0855740e-01  -5.4507677e-01  -4.7330183e-01  -4.2679218e-01   3.0064793e-01   4.3204658e-01  -5.4983746e-01  -3.3709672e-01  -1.0460866e-01  -4.4793924e-01   1.5435453e-01  -5.4088152e-01   4.2693252e-01  -1.0394989e-01   2.9948895e-01  -2.9191693e-01   3.0634701e-03   6.0042762e-01  -2.5177852e-01   9.1628406e-02  -5.4591631e-01  -3.6073497e-01   1.3455638e-01   4.3486787e-02  -9.9147204e-02  -4.9366488e-01  -3.0146949e-01   1.3941412e-01  -4.0986256e-01   6.5175841e-01   4.8056790e-02   7.7606799e-03   7.9016869e-02   1.3159745e-01  -4.9368572e-01  -2.3547848e-02   8.4395169e-02   5.8668334e-01  -8.6774919e-03  -2.6147415e-01  -1.9153529e-01   1.8202355e-01  -4.8592257e-01   1.6191762e-01  -2.6926562e-01   3.3108048e-01  -4.6748019e-01  -4.1535157e-01   3.1395749e-01   8.2504368e-02  -3.4280556e-01  -8.9215977e-02   1.4826448e-01   6.0601340e-01   8.2468359e-02   7.9329433e-03  -3.4063786e-01  -1.8213341e-01   1.7533295e-01  -4.9295824e-01
  -1.9805995e-02  -1.3706586e-02   2.0221319e-01   5.8374912e-02   2.2692233e-01  -1.2181603e-02  -3.2284270e-01  -1.3482015e-01  -6.3234726e-02  -2.1141141e-01  -1.7297407e-01  -8.5934220e-02   0.0000000e+00   3.0668848e-02  -2.6337882e-01   1.8606910e-01   1.8936150e-01   2.0837262e-02  -1.1771960e-02   2.0525300e-01  -1.1127797e-01  -1.1791752e-01  -1.7835745e-01  -1.7077844e-01   3.0723971e-01   1.5626098e-02   1.3670529e-01  -1.1070801e-01   1.3741685e-02  -2.0381944e-01  -2.9059640e-01  -9.6843592e-02   3.7753897e-01  -1.6439244e-01  -2.0938672e-02   9.8558866e-02   5.6591702e-04  -3.9667086e-02   2.3598415e-01   6.6628128e-02   4.9655629e-01   3.0884414e-01  -1.7026077e-01  -2.0608630e-01   1.2777791e-01   4.9581684e-02   1.2080602e-01  -4.1618612e-01   3.4922950e-02   1.4031805e-01  -6.0975546e-02  -9.3931064e-02  -3.1401288e-02   2.0126606e-01   1.9258374e-01  -1.7975485e-01   2.0758346e-02  -1.2490487e-01   1.3825972e-01   3.4310263e-02   1.3168147e-01   1.0558448e-01   1.4776316e-02   1.0849172e-01   1.0407193e-01  -4.4685937e-02  -7.1921773e-02   1.3585992e-01  -5.0822508e-03   7.5586325e-02  -1.3473205e-01   1.7969641e-01   4.4096764e-01   2.4229144e-02   2.5841734e-01  -1.4915178e-01  -2.5191182e-02  -1.5205278e-02  -9.1672021e-02   3.7714042e-01  -2.2982595e-01   2.7585165e-01  -1.3598851e-01  -6.0094502e-02   4.5453242e-02  -1.4271682e-01  -4.6144520e-02   2.9513997e-01   7.4021270e-02  -3.6859791e-02   1.7825332e-01   2.2377164e-01   1.0863059e-01   3.7658120e-02  -1.9548447e-02   1.2650236e-01   1.0090376e-01   5.2297761e-03   1.6560392e-01  -1.9434317e-01  -1.1083107e-01  -2.3148937e-01  -1.6699382e-01  -7.8409424e-02   2.7183352e-02  -6.2053941e-02   1.7279695e-01   5.2857370e-02   2.2348388e-02  -8.1309321e-02  -1.3193727e-01  -1.7447985e-01   2.2616602e-01  -1.6449882e-01  -2.2221723e-01  -2.4885734e-02  -2.7269884e-01   6.0893611e-01  -1.8897800e-02   7.7955133e-02  -1.3072348e-01   2.7448785e-01   2.4133243e-02  -6.7708147e-02  -1.0826584e-01   2.5284141e-01   1.6399504e-01   4.3552491e-01   5.9231263e-02   1.3147706e-01   2.0614909e-01  -3.7651793e-01   8.6484676e-02  -2.7147074e-01   1.1678373e-01   7.6836505e-02   2.0918955e-01  -1.9817871e-01  -7.2195000e-02  -2.3287840e-02  -1.0694367e-01   2.1941147e-01   5.5641120e-03   7.1006711e-02  -2.9147822e-01  -1.4964342e-01  -1.5966133e-01   2.7877658e-02  -1.0378538e-01  -2.0073149e-01   4.2183397e-02  -2.7482562e-01   1.6011030e-01  -9.1054357e-02   1.6206118e-01  -1.0457979e-01  -1.9820402e-01   3.4859062e-01   2.5966147e-01  -2.3886433e-01   2.0669912e-01   1.2682521e-01  -2.5367050e-01   5.4834859e-02  -7.7703936e-02   1.1360153e-01  -6.7322204e-02   8.5560873e-03   7.4721363e-02   1.7174385e-01   4.6645627e-02  -2.3194098e-01   2.8083371e-01   4.9047699e-03   3.2029977e-01   1.6288225e-01   3.0716919e-02
   3.4857132e-01  -4.5626020e-01  -4.6316115e-01   3.2390300e-01  -2.5881807e-01   3.0980521e-01  -9.9551683e-02   2.7930882e-01  -2.1588954e-01  -1.7432152e-01   7.6061701e-02  -4.4175035e-01   3.0668848e-02   0.0000000e+00  -1.9499570e-01   1.4149594e-03  -4.7785652e-01   1.5205109e-01   2.7047920e-01  -3.1917783e-01   1.9805667e-01   5.1955792e-01   2.7523464e-01   4.9776824e-01  -3.5789787e-02   3.7228952e-01  -1.1274869e-01   5.3358146e-01   8.6905176e-02   2.3249642e-01  -3.5150192e-01   4.2920267e-01   5.4602599e-02  -2.4218995e-01  -3.7384492e-02   1.7077873e-02   1.6082407e-01  -1.9888594e-01  -9.2644450e-03  -4.6326636e-01   1.2973196e-01  -8.7745714e-02  -3.0939338e-01   2.4741705e-01   9.8928469e-02  -3.7978438e-02   6.1923397e-02  -1.8493017e-01   1.1971857e-01  -4.9723885e-01   2.4668421e-01   2.3017764e-01  -2.3820583e-01  -2.2733164e-01   2.8215324e-02   2.1136337e-01   3.0416868e-01   4.6600497e-01   1.9151520e-01  -2.4339742e-01  -2.4872716e-01  -2.2888450e-02  -4.2391071e-01  -2.0986290e-01  -2.1090339e-01   1.6635828e-01   2.7986363e-01   6.4339009e-02   2.2299625e-01  -3.9909000e-01  -4.5640768e-01   2.6599793e-01  -9.2025041e-02   4.8350044e-02  -3.6027887e-02   1.2228076e-01  -8.7117476e-02   4.0911876e-01  -3.4329159e-01   3.3727742e-02   3.9266347e-01  -4.3712866e-02  -3.3439112e-01   2.6343578e-01  -9.7302990e-02   8.5960643e-02   4.2004144e-01   5.9713540e-01  -3.4959874e-01   4.4444617e-01  -1.9020819e-01  -8.0479856e-02  -4.1710353e-01   1.0757223e-01  -2.0467793e-01  -1.2203076e-01   8.8404263e-02   2.8060808e-01  -4.4913952e-02  -7.1443364e-02  -2.4570474e-02  -2.4245155e-01   3.9301036e-01   1.4559483e-01   4.0774180e-01   4.0407242e-01  -2.3124168e-01   3.2418828e-01   3.2951911e-01   2.6501140e-01  -2.6914615e-01   4.0505489e-01  -3.3619037e-01   4.9976344e-01   1.3390461e-01  -2.4146992e-01   4.1328414e-01  -5.4078828e-02   3.2573433e-01   3.7775832e-01   6.5694346e-01  -2.8602109e-01  -3.5232910e-01   8.6722996e-02   5.1428117e-01   5.8572558e-01   2.6948424e-01  -1.9634847e-01   4.5982768e-01  -5.0795848e-01  -2.0328118e-02  -1.9549546e-01   1.6481544e-01  -1.7951410e-01  -4.0329972e-01   3.7635271e-02  -6.9297929e-02   3.2418928e-01   1.4120053e-01  -1.8918415e-01   2.5327998e-01  -8.0990766e-02   2.9688010e-01   2.0151062e-01  -3.9331148e-02   2.3442118e-01  -4.0172815e-01   9.3431997e-03   1.6136612e-01  -2.8767019e-01  -1.2865931e-01   3.2114060e-01   3.6806573e-01  -1.9167710e-01  -4.5242334e-01   7.0128460e-02   4.1244267e-01   1.1543632e-01  -1.8815369e-01   3.1445684e-01  -1.0133021e-01   1.8204398e-01  -8.4868919e-03   3.3147432e-01   3.5257394e-01  -1.6453497e-01  -3.1946048e-02   1.9466167e-01   4.2437445e-01  -3.2075926e-01  -4.0085187e-01  -1.0937425e-01  -2.2035100e-01   2.9236952e-01   1.3044217e-01  -1.4349612e-01   4.7051434e-01
