   0.0000000e+00  -2.1228824e-01   5.7037383e-02   1.9476922e-02   4.2334669e-02   1.8484168e-04  -4.2701199e-02   2.6193483e-01  -2.2986623e-01  -1.9889072e-01   7.8752821e-02  -2.0396610e-01  -1.5489371e-01   1.2224486e-01  -2.2486763e-01  -1.3863223e-01   4.5940681e-02   1.0196167e-01   1.8501956e-01   6.4519476e-02  -2.3333574e-01   3.3876723e-01  -6.6448719e-02   6.1078469e-01  -2.1817999e-01   3.2338469e-01  -1.1470713e-02   1.1490174e-01   3.2592039e-02   1.5296643e-01  -4.0349070e-01   3.4713297e-01  -1.6123826e-01  -1.9439877e-01  -2.3690397e-01   1.3719372e-01  -1.2522564e-01  -3.9620980e-02  -2.6182317e-01  -3.1902230e-01  -6.3015540e-02   1.0154364e-01  -2.8333199e-01  -1.4050430e-01   1.7153242e-02   8.0374182e-01   1.7505936e-01  -1.5321646e-01  -2.5208582e-01  -2.0097604e-01   1.6199867e-01   4.0210692e-01  -1.4344372e-01  -1.3875213e-01   1.8427218e-01  -8.4927341e-02  -1.2519999e-02   3.9329428e-01   3.3256633e-01   9.8605282e-02   4.9746496e-01  -1.1137195e-01  -1.7175726e-01  -2.7717019e-01  -6.3681325e-02   8.7512923e-02  -1.8526240e-01  -1.0306528e-01   1.8369874e-01   3.1929296e-01  -1.4697493e-01   7.5015638e-02  -1.8687480e-01   3.6902053e-01  -2.1206232e-01   5.0453219e-01   4.5514753e-01   2.2830144e-01  -2.3717033e-01  -2.0408633e-01   5.8919075e-02  -2.3271651e-01  -3.8812341e-01   1.2880991e-01  -3.0455280e-01   3.9271814e-01  -2.7066359e-01   3.4786825e-01  -2.3894957e-01   6.5572081e-01  -1.6777768e-02   2.4533703e-01  -1.3328160e-01   3.9436650e-02   3.5370932e-01  -3.7005568e-02  -2.7662453e-02   3.3998665e-01   1.2351154e-01   2.9306027e-02  -4.5614955e-01   9.4777387e-03   9.7466318e-02  -6.2344381e-03   2.4828897e-01   3.4230928e-01  -4.8533096e-03   2.5806757e-01  -3.3116193e-02  -1.2067181e-01  -2.9194176e-01   1.6351966e-01   1.1335421e-01   7.6799091e-01  -1.8535547e-01  -9.5785615e-02   4.7163680e-02  -1.8694384e-01   3.4212237e-02   1.4420720e-01   6.6921457e-01   1.2621347e-02  -1.9074019e-01  -8.2154714e-02   5.4406107e-01   7.0259792e-01   4.7665272e-02  -2.9836959e-01   4.4596036e-01  -1.4563680e-01  -2.8397425e-01  -3.5721938e-01   3.4226948e-01  -4.3401602e-01  -6.3346183e-02   3.0606513e-01  -1.5433722e-01  -7.8236821e-02   3.7230772e-01   6.3054667e-01   4.2287305e-01  -1.6648326e-01   1.6372713e-01  -2.2714690e-01  -6.3826221e-02  -2.1187184e-02  -3.3031805e-01   1.6033871e-01   3.2405071e-02  -1.0532078e-01   1.5159145e-01   2.9164192e-01   6.0306776e-01  -1.5558798e-02  -2.3120480e-01   2.9922778e-01   7.3184451e-01   2.7917524e-01   1.2537140e-01   1.2308338e-01  -7.4122837e-02   2.5687373e-01   3.5614962e-02   3.5152407e-01   3.8461788e-01  -2.5468151e-01  -3.8477507e-02   4.6942501e-01   4.4643066e-01  -2.9443438e-01  -6.3786091e-02  -9.0376241e-02   1.2218699e-01   1.4685398e-01  -2.5965174e-01  -1.2190727e-01   2.9744917e-01
  -2.1228824e-01   0.0000000e+00   2.8509668e-01   1.1282828e-01   1.9337657e-03   4.7756440e-01  -8.3592871e-02  -3.6115719e-01   2.6425556e-01   2.2969391e-01  -1.9496231e-02   5.9415056e-01  -8.9628435e-02   1.6998972e-01  -1.7313032e-01   6.1525661e-03   1.7501322e-01   1.9346154e-01  -1.8943800e-01   4.0686566e-02   7.9706575e-03   5.9516331e-02  -2.9116140e-01  -3.0496174e-01   1.9212520e-01  -3.8162670e-01  -1.1767068e-01  -2.0342816e-01  -1.8721690e-01   2.4550208e-01  -1.1084831e-01   3.1697463e-02   4.6729645e-02  -2.7860547e-02   1.8040818e-01   9.9899887e-02  -1.7799820e-01  -1.7856050e-01  -3.8074118e-02  -2.9350848e-02   3.0979232e-03  -1.2518189e-01  -8.0219237e-02   1.3982308e-01   3.2796073e-02  -3.0006508e-01   2.5994575e-01   2.9692079e-01   2.0131010e-01  -1.0595765e-02  -9.4468236e-03  -4.2191682e-01   3.2178376e-01  -6.1588613e-02   1.2429277e-01   1.3473973e-01   2.3232656e-01  -1.1440975e-01  -9.9103178e-02   2.6764769e-01  -1.7264471e-01  -7.7745964e-02   3.1605626e-02  -2.3026636e-02   8.9076952e-03   1.0646033e-01   5.2125494e-01   2.6682249e-01   7.4935439e-02  -1.3917488e-02  -4.0274041e-03   6.5947865e-02  -5.2223706e-02   2.2304544e-01  -6.7220092e-03  -1.6343344e-01  -2.9814501e-01  -8.1405264e-02  -1.7239949e-02  -3.1368514e-02  -7.3801514e-02  -6.3565162e-02   2.0212648e-01  -1.7599576e-01   6.3676381e-01  -1.0452819e-01   4.7879606e-01  -2.2771077e-01   9.4997183e-02  -2.2294402e-01  -7.1958281e-02   9.1321357e-02   3.1832658e-01   8.3629789e-02  -3.2541416e-01  -3.1705609e-02   1.2377038e-01  -2.7031562e-01   3.5677316e-02  -3.1720147e-01   3.0801512e-01  -2.5349303e-01   2.3790687e-01   2.3994140e-01   5.7077964e-03   2.6842264e-02   1.1302466e-01  -6.9342045e-02  -2.7853969e-01   5.0991619e-01   2.0839074e-01   2.1170932e-01   2.5893270e-01  -4.9933384e-02  -7.6151262e-02  -3.1339216e-01  -1.1883549e-01   2.0309991e-02   2.6011532e-01   5.7351982e-02  -2.8574137e-01  -1.1079375e-01   3.3683252e-01  -1.2730738e-01  -4.0973833e-01  -1.9941290e-01  -3.4901683e-02  -7.0197271e-02  -3.2006597e-02   3.7644362e-01  -1.8954682e-01  -1.4692554e-01   2.5390100e-01   8.3955368e-02   7.7484352e-02  -2.3312453e-01  -8.8481512e-02   1.0578088e-01  -1.2381558e-01  -1.6710623e-01   3.6713377e-02  -1.2741241e-01   9.7342935e-02   5.2467388e-01  -8.8497099e-02  -4.9967867e-02   1.6117634e-02   3.7056775e-03   2.3747117e-01  -1.5680622e-01   1.8402424e-01  -1.8053065e-01  -4.4079712e-01  -2.5533144e-01   5.0340930e-01  -6.1916368e-01  -2.2932859e-01  -1.4010074e-03   6.0571815e-03  -9.5005298e-02   2.3040139e-01  -7.4491637e-02   1.3110225e-01  -1.8896760e-02  -9.6511124e-02  -2.3202337e-01  -2.9014272e-01  -2.7184044e-02  -4.4904383e-01   2.5846734e-01  -2.5807313e-01  -1.1863431e-01  -4.1816731e-02   5.0438143e-01   5.4644988e-02  -1.1759658e-01  -5.8591535e-02
   5.7037383e-02   2.8509668e-01   0.0000000e+00  -1.2076775e-01   6.9960309e-02   1.2125064e-04  -1.9052732e-01  -1.7309018e-01   2.7010128e-01   5.6611566e-01  -2.2636867e-01   4.6052547e-01   1.5056879e-01  -3.0988023e-04   2.6579884e-02  -1.2409595e-01   8.4791100e-01  -2.4036038e-01   2.0303586e-03   3.2773882e-01  -3.9593318e-01  -5.4525285e-02  -2.1302430e-01  -9.2536754e-02  -1.2297092e-01  -1.4069173e-01  -1.9809872e-01   3.5258846e-02  -4.4927940e-02  -2.7086151e-01  -5.5090316e-02  -2.2472364e-01   1.0351126e-01  -3.6122727e-02  -1.9649710e-01  -5.4994406e-02  -2.7430619e-01   6.6674948e-02   3.5906859e-02   4.2395749e-01   2.4738505e-01   3.4104376e-02  -1.8081073e-01   1.6034963e-01  -4.5060339e-01   1.1971386e-01  -1.2520900e-01  -4.6590325e-01  -7.4872706e-02   6.3147179e-01  -4.1770015e-01  -1.4295877e-01  -1.8354382e-01   2.8729027e-01  -4.8650975e-02  -4.9370630e-03  -1.9925429e-02  -3.5283358e-01  -1.7391236e-01  -1.6863016e-01   4.5265451e-01  -1.2087145e-01  -6.9668048e-03  -2.1789127e-02  -2.9079951e-01  -2.5376781e-01   2.4391992e-02   2.2462424e-01  -3.5830321e-01   5.8989848e-01   1.2489340e-01  -1.6563056e-01  -5.8699557e-02   1.4245451e-02   1.7547029e-01   3.5672225e-02   3.1784845e-01  -3.3821577e-02  -2.8394758e-01   1.3773685e-01  -2.6119061e-01   3.6401650e-02   2.2707859e-01  -9.2406499e-02   6.2885743e-01  -2.8751001e-01   2.2749307e-01  -2.0256405e-01   2.9134308e-01   8.7097723e-02   1.3080640e-02   6.3508740e-01   4.9924255e-01  -7.7580739e-02   2.4445016e-01   2.7314068e-01  -2.6554897e-02   9.5500620e-04   8.9627774e-02  -4.5823830e-01   4.3032899e-01  -2.4583411e-01  -1.5272925e-01  -6.1909540e-02  -3.9010793e-01  -1.2639800e-02   4.3310853e-01  -3.3651258e-01  -1.0753811e-02   2.7444919e-02   4.3851261e-01  -3.4569136e-01   8.1216154e-02   1.7006064e-01   2.2658586e-01  -2.3695696e-01  -8.9400500e-02   6.5151496e-02   3.0078015e-01  -2.4300620e-01   2.7183008e-02   1.5343985e-01   3.8540239e-01  -4.5567537e-02   2.1469143e-01  -3.5730491e-02  -5.1261053e-01   1.5606349e-01   2.8192340e-02   6.3551995e-01   5.8652850e-02  -3.2129718e-01   1.5529532e-03  -5.5767562e-02  -2.7249957e-01  -2.7150323e-02   2.7483553e-01  -1.4506455e-01  -4.1817228e-01   3.6373034e-02  -4.8868491e-02   9.6144624e-02  -3.1112150e-01   4.3180927e-01  -2.2548679e-01  -2.7342403e-01   4.6217009e-01  -2.6527987e-01  -3.0631404e-01  -3.3968803e-01   4.9768990e-01   1.2159951e-02  -7.1774819e-02  -2.6897495e-01   7.6444554e-01  -1.8357651e-01   4.4902046e-02  -4.5861359e-02   5.6316402e-01  -2.4281019e-01   1.1709134e-01  -2.2304057e-01  -2.8497179e-02  -4.8516312e-02   6.3448206e-02   8.2941436e-02  -2.3827702e-01  -1.2640959e-01  -3.9006852e-02   3.6507327e-01  -2.1844840e-01  -2.0537593e-02  -2.5388908e-02   2.0748732e-01   7.1362519e-02   7.0054375e-02   4.9176307e-02
   1.9476922e-02   1.1282828e-01  -1.2076775e-01   0.0000000e+00  -8.4171760e-02   3.4009960e-01  -2.9830317e-01  -1.1792711e-01  -1.6276405e-02  -9.8363607e-02  -2.3907216e-01  -2.7615460e-01  -1.9444737e-02   3.5811916e-01  -1.3218456e-01   8.1658067e-02  -1.4692393e-01   5.1253055e-01   9.4375637e-02  -9.0141659e-02  -1.2467116e-01   6.3955670e-01  -1.0080900e-01   3.4276470e-01   2.6269505e-01   3.2620633e-01  -1.3397909e-02   6.3741051e-02  -3.0833089e-01   2.9622878e-01  -2.6874931e-01   6.1748164e-01  -2.0681633e-01  -3.7276787e-01  -5.0698108e-02  -1.7557755e-02   3.7645483e-02   1.5445893e-01   8.8062093e-02  -4.9314501e-01  -2.1292810e-01   9.6998330e-02  -3.2291714e-01  -1.3535175e-02   1.3700501e-01  -1.7408915e-02   3.7585117e-01  -1.7176552e-01   3.6186590e-01  -3.3503543e-01   2.4838610e-01   2.2560960e-01  -2.7934382e-01   3.3595452e-01   4.4893708e-01   3.2130423e-01   2.5564006e-01   5.8369423e-01   2.4226410e-01   2.8486734e-01   1.5855219e-03  -1.8694406e-02  -1.9597430e-01  -4.2702060e-01  -1.8136011e-02  -2.0939941e-01   2.9044722e-01   3.2761722e-01   2.9683778e-01  -8.8125592e-02  -4.6545647e-01   8.5608331e-01  -6.9916934e-02   3.9888400e-01   1.7808690e-01   2.1396654e-02  -2.7187858e-01   1.4072796e-01  -2.0895579e-01   4.1175323e-01   3.0301532e-01   4.4241129e-02  -1.6287566e-01   1.3101047e-01  -4.1875958e-02   1.7171674e-02  -2.5091153e-01   4.2363311e-01  -3.7052379e-02   1.8094074e-01  -1.2079976e-01   2.3657117e-01  -2.2143013e-01   1.6128080e-01  -1.4450809e-01  -1.5226091e-02   2.7446537e-01   3.2563871e-02   2.9353544e-01  -6.4171453e-02  -2.4517583e-01  -2.9469785e-01   3.5519835e-01  -3.3033724e-03   5.1975189e-01   6.5203991e-01   2.1663660e-01   2.5302392e-01   5.5494786e-02   2.4239762e-01  -3.1245929e-01   4.4497406e-01   4.2709893e-01   1.3859417e-01  -1.2478631e-01  -2.3444710e-01   3.3377213e-01  -1.8427104e-01   1.6275501e-01   7.3714941e-01   1.5332771e-01  -2.0833793e-01  -2.2022432e-02  -2.3659667e-01  -2.0324170e-01   2.3658098e-01  -1.2174859e-01   1.0805715e-01   5.6490074e-01  -6.9738779e-02  -2.9104323e-01  -4.4022063e-01   5.2548839e-01  -2.0999279e-01   3.5655168e-01  -1.9388998e-01   1.5679318e-01   1.4899476e-01   3.0896183e-01   2.9988438e-01   2.6315251e-01  -2.0827866e-02   1.2367938e-01   9.6829940e-02  -1.6446109e-01   1.2805431e-02  -4.5544241e-01  -8.1181044e-02   1.9613887e-01  -1.9591822e-01  -4.2107021e-02  -8.2204683e-02   1.5119285e-01  -3.0933541e-01  -1.7001538e-01   1.1747377e-01   7.8862268e-02   1.3760400e-01   2.3762169e-01   3.2061551e-01   2.6395612e-01  -3.7980191e-02  -2.3947883e-01   4.5860678e-01   4.8147213e-01  -3.1953513e-01  -4.3541187e-01   3.5511018e-01   3.1859994e-01  -1.0894977e-01  -4.0385202e-01   8.5458126e-02   3.5329790e-01   1.4423021e-01   6.6801825e-02   2.6978531e-01   5.5773227e-01
   4.2334669e-02   1.9337657e-03   6.9960309e-02  -8.4171760e-02   0.0000000e+00  -3.2214611e-01  -1.9373016e-01   4.7299357e-03  -1.2049861e-02  -1.1682335e-02  -1.5659190e-02  -3.0477604e-02   3.6167874e-01  -4.2438630e-01  -4.2760797e-01  -1.2522389e-02   2.3252375e-01  -1.4445332e-01   4.6439301e-02   6.4196832e-01  -1.6591956e-01  -2.1161304e-01  -4.7088091e-01   1.0213144e-01   1.5511788e-01  -2.1131227e-02   3.8645119e-01  -4.3278498e-01   2.2443203e-01  -4.8377071e-01  -1.9916403e-01  -2.2385226e-01   1.8080134e-01  -2.5674513e-01  -2.7555110e-01   5.1327312e-01   1.9070603e-01   3.3903965e-01   2.8881631e-01   1.0514500e-01   4.8663034e-01   9.7450953e-02   6.4542255e-02   3.6520968e-02   1.8984725e-01   4.1047473e-02   1.5833489e-01  -1.2417494e-01   4.1928843e-02   2.8297269e-01  -3.3438347e-01  -1.2364402e-02   3.2814432e-01   5.5393361e-02  -1.9904264e-01  -4.5089798e-01  -1.9612010e-01  -2.5135080e-01   7.7776364e-02  -4.1875137e-01   2.8725458e-01   1.1655329e-01   3.0469215e-01   3.7349737e-01   3.9200800e-01   5.0534004e-02  -4.8864663e-02   7.7858664e-02  -2.6619262e-01  -3.5023665e-01   4.8032142e-01  -2.2734136e-01   5.5153956e-01  -3.8214142e-01   1.7090466e-01   4.3502012e-02   2.5587702e-01  -1.1594023e-02   6.1415712e-01   2.4202913e-01  -5.3463456e-01   3.0920495e-01   1.7446378e-01   1.4870346e-01  -6.8857175e-02  -4.8884967e-02  -3.4393918e-02  -1.9705430e-01   3.4084170e-01   3.2173218e-02   8.5618539e-01   2.7872758e-01   1.7517563e-01  -8.1126218e-02   3.8140643e-01   5.4705461e-01   1.2483811e-01   1.3448293e-01   3.2668747e-01  -2.3723463e-01  -9.4157893e-02  -2.1259797e-01  -3.3314235e-01  -2.1737741e-01  -3.4329412e-01   4.5473312e-02   5.8795575e-02  -1.6802197e-01   1.0009599e-01  -1.4104928e-01   1.1801917e-01  -4.1406904e-01  -8.9061728e-02   2.5652650e-02  -4.9023485e-01   5.0586494e-01  -2.2831257e-01   5.3408576e-01  -2.8138349e-01  -3.5796598e-01  -2.4521890e-02   8.1363931e-01   2.4259820e-01   4.1321512e-02   5.9578973e-02  -5.6064229e-02  -3.4038147e-02   3.0056953e-01  -6.3291860e-02  -2.8990417e-01   2.9524842e-01   1.1765503e-01  -2.9907707e-01  -2.6864071e-01  -4.8396046e-02   2.9566540e-02   1.9110153e-01  -5.7669580e-01  -2.6011788e-01   2.6235346e-02   1.1469112e-01   1.2354777e-01  -3.2388528e-01  -4.3312600e-01  -4.7640288e-01  -3.9184345e-01  -9.9583139e-03   6.1581812e-01  -2.9835798e-01   3.1102317e-01  -2.4358511e-01  -1.7492794e-01   3.5070769e-02   3.0625751e-01   2.7735407e-01   1.4259210e-01   2.9944065e-02   1.6116551e-01   1.9034254e-01  -3.8456770e-01  -1.3897927e-02  -3.9832239e-02   4.6519646e-01   8.2220500e-03   9.0874136e-02   3.4696932e-01   3.1831468e-01  -1.7599667e-01  -8.0150506e-02   4.3544646e-01   5.3163257e-01   3.3121552e-01  -1.4908030e-01  -1.3121258e-01   3.1432231e-02   2.0457297e-01   2.4212237e-02
   1.8484168e-04   4.7756440e-01   1.2125064e-04   3.4009960e-01  -3.2214611e-01   0.0000000e+00   1.4753002e-01  -5.3704079e-02  -3.4684165e-01   1.9107628e-01   7.6345754e-02   2.6731029e-01  -1.0493126e-01   3.5715303e-01  -5.3470197e-02   1.9777523e-01  -1.0008974e-01   4.5856278e-01   1.5672286e-01  -1.1350138e-02  -1.6957000e-01   3.4079534e-01   1.2560752e-01  -2.1136610e-02   1.1274443e-01   2.4485622e-02   1.3470980e-01   1.1071994e-01  -1.8095454e-01   5.0991124e-01  -4.0385553e-01   4.1872181e-01  -4.6069079e-02  -4.8921994e-02   1.8295315e-01   6.9441791e-02  -2.0252713e-01  -3.8894175e-01  -5.3759009e-02  -2.8978852e-01  -2.2444308e-01   1.4409327e-02  -1.9417896e-01  -1.1535299e-01   9.7826006e-02  -1.5758967e-01   4.8044336e-01   1.8973428e-01   2.5464337e-01  -2.3806403e-01   4.8628282e-01  -3.3544085e-02  -1.7116844e-01  -7.6321716e-02   3.1277162e-01   3.9058165e-01   5.7690122e-01   3.5616726e-01   4.6181111e-02   5.2715813e-01  -3.0870513e-01  -2.3435058e-02  -4.4774025e-01  -6.4811602e-01  -3.3649063e-01   1.7614122e-01   7.1501206e-01  -5.4169114e-02   4.8500300e-01   9.6733876e-02  -6.0636783e-01   4.0585050e-01  -2.8744507e-01   5.7159124e-01  -1.0772588e-01  -1.6627108e-01  -4.1093745e-01   6.7643408e-02  -3.4744897e-01  -5.6277280e-02   4.5605905e-01  -7.4562211e-02  -3.9958272e-01   1.9131198e-01   2.5336852e-01   1.2498371e-01  -1.7819042e-01   2.0480877e-01  -4.3429847e-01   7.2177208e-02  -3.3113687e-01  -1.2843935e-01   1.7433901e-01  -8.9816195e-02  -4.3156397e-01   5.6960877e-03   1.7989742e-01   5.6709385e-02   2.8970347e-02   4.0072825e-02  -2.2415801e-01  -1.3798112e-02   5.0048902e-01  -9.3817899e-02   4.9740678e-01   1.9945407e-01   5.6837402e-02   4.4584193e-01  -1.3776245e-01   6.8210484e-01  -1.5017205e-01   6.6293395e-01   2.0303020e-01   9.6408582e-02   4.1407480e-02  -6.3968311e-01   1.0817184e-01  -2.2346297e-01   3.0819425e-01   4.2236938e-01  -8.6346404e-02  -2.8778006e-01  -3.1511364e-02  -4.0293986e-01  -2.2218684e-01   3.8030721e-02   1.5868334e-01  -1.2134954e-01   2.3581461e-01   1.5947106e-01  -2.2065429e-01  -4.0454460e-01   5.8581867e-01  -1.9208582e-01   1.2053113e-01  -2.3581252e-01  -1.8794163e-01   2.9904482e-01   3.7652167e-01   1.0361137e-01   6.9301290e-02  -6.4138360e-02   4.4448187e-01   5.4152531e-01   1.7839280e-01   5.1233754e-03  -2.6262142e-01  -2.0119921e-01   6.8135188e-01  -5.8848856e-01   1.2914150e-01   6.1532858e-02  -2.1752541e-01  -5.0717490e-01   7.3827882e-03  -4.4213947e-01  -1.0738484e-02   3.0570701e-02  -1.1964922e-01   3.6527025e-01   2.0106281e-02   8.2342553e-02  -2.8762361e-01   3.7335311e-02  -3.0991504e-02  -4.8042235e-01  -2.5554004e-01   2.1611831e-01  -1.3836308e-01  -2.0166553e-01  -3.8945511e-01  -2.8489575e-01  -1.1410319e-01   6.7146370e-01  -1.0612912e-01  -8.7174891e-02   9.1897276e-02
  -4.2701199e-02  -8.3592871e-02  -1.9052732e-01  -2.9830317e-01  -1.9373016e-01   1.4753002e-01   0.0000000e+00  -1.7074470e-01  -2.4689780e-01   1.8498625e-01   2.9262071e-01   2.0635343e-01  -1.8041332e-01  -1.1747951e-01   2.2997278e-01   2.1000664e-02  -2.7455790e-01   6.9922748e-02  -1.7626124e-01   1.5876282e-01   2.9692712e-01  -1.8092901e-01   5.0889425e-01  -2.2355966e-01  -1.6935786e-01  -3.0711042e-01   6.6674916e-02  -3.2797267e-02   1.6223189e-01   1.0854226e-01   1.3532445e-01  -1.7677729e-01  -2.5201739e-01   6.2898056e-01   2.0698458e-01   3.3971645e-01  -6.2010585e-02  -2.2824295e-01  -3.1371030e-01   2.7031361e-01  -2.7346726e-01  -3.0114050e-01   5.8564541e-01  -2.6489530e-01   3.8485497e-01  -1.6947962e-01  -3.8770686e-02   5.7470186e-01  -3.0658761e-01  -1.5574927e-01   2.7584286e-01  -2.6855544e-01   1.0394736e-01  -3.2911995e-01  -2.4614999e-01   3.7601631e-02  -2.3829899e-01  -6.1797734e-02  -3.0667682e-01   1.1706391e-01  -2.4441367e-01   1.4757777e-01  -9.9324466e-02  -1.3272922e-02  -2.1624451e-01   5.1675435e-01  -3.1330780e-02  -5.8144074e-02  -6.0216408e-02  -7.3447751e-02   4.4679741e-02  -7.1387325e-02  -1.8482293e-01  -2.2928458e-01  -3.0351310e-01  -1.2282887e-01  -1.9171354e-01  -2.3841037e-01  -9.0903543e-02  -3.9210536e-01   1.2889782e-01  -9.7018908e-02  -1.9428370e-01  -1.8924857e-01  -3.2310512e-01  -6.0976804e-02  -1.8793475e-02  -8.7394720e-02  -4.2171175e-01  -2.2179380e-01  -3.5667314e-01  -4.0916906e-01   8.2979517e-02   1.2208640e-01  -1.4335174e-01   3.6034544e-02  -3.1620926e-01  -1.8740863e-01  -1.4635253e-01   4.1637593e-01  -1.7198166e-01   5.2091919e-01  -1.0448119e-01   3.6150159e-02   1.2127889e-01  -3.4751300e-01  -3.8973062e-01   1.2121302e-02   2.6596508e-02   1.1794906e-01   3.1858221e-01   4.4778776e-02  -2.6668159e-01  -2.7097024e-01   1.8124301e-01  -2.0016091e-01  -2.8250700e-01  -5.6622070e-02  -2.5437325e-01  -1.3821755e-01  -9.1171037e-02  -2.2382419e-01  -1.6702684e-01  -1.1559893e-01  -1.0044924e-01  -1.8194924e-01   4.7748013e-01  -2.6434503e-01  -1.7094036e-01  -1.8284714e-01  -1.9474378e-01   4.6406107e-01  -2.8802448e-01   1.4941902e-01   2.3608950e-01  -9.3834068e-02  -4.6903598e-01   6.0953216e-02   3.6917539e-02  -2.2759658e-01  -8.5214539e-02  -1.8949628e-01   1.4478343e-01  -8.6205081e-02   4.1428584e-01   1.6364668e-01   3.7025584e-01  -1.8757582e-02   3.4817396e-01   7.3742073e-02  -2.6152951e-01  -2.7196281e-03  -1.1757717e-01   1.0142276e-01  -1.9386644e-01  -3.1042580e-01  -7.3498974e-02  -2.6252679e-01  -3.7749012e-01   6.6998116e-02   4.3382571e-02   6.2385847e-02   2.0819005e-01  -9.2992914e-04  -3.7754201e-01   9.0495579e-02   3.6855104e-01  -2.9910589e-01  -1.2232718e-01  -4.7514504e-01   8.0051397e-02  -3.2242744e-01   3.2250697e-02  -8.2394811e-02  -2.6581530e-01  -4.7153246e-01  -3.1430147e-01
   2.6193483e-01  -3.6115719e-01  -1.7309018e-01  -1.1792711e-01   4.7299357e-03  -5.3704079e-02  -1.7074470e-01   0.0000000e+00  -1.2988371e-01  -2.3680452e-01   3.4091383e-01  -3.3106143e-01   1.9899425e-01   2.1969735e-02   1.0507885e-01   2.1998817e-01  -1.1805172e-01   2.2166949e-03   2.8343924e-01  -1.2828236e-01  -4.1194610e-02   7.5923144e-02   8.9358149e-02   1.5784961e-01  -5.4939878e-02   4.8256366e-01   1.1534232e-01   1.6232806e-01   1.0884594e-01   7.6719860e-02   2.6983387e-02   1.8911400e-01   3.4109283e-01  -7.2143140e-03  -1.9788994e-01  -1.5181817e-01  -6.3333517e-03  -2.5524307e-01   2.3218587e-01  -1.9333564e-01   3.0218658e-01   3.6439197e-01  -2.8836842e-01   2.0569671e-01  -7.9204526e-02   2.8166827e-01   3.4261194e-02  -1.4046406e-01   1.2111572e-02  -6.5351039e-02   1.9251205e-01   4.7151970e-01   2.8415209e-02   3.9397493e-02   1.4827513e-01   1.6628018e-02   7.0524607e-02   1.2302863e-01   4.2755400e-01  -2.1150731e-01   2.3254019e-02   8.6918880e-02   3.0970290e-02   1.2290143e-01   8.4661179e-02  -7.6258476e-02  -1.9807706e-01  -3.1546143e-01   2.4421340e-01   7.5679385e-02  -1.5923489e-01  -9.8849772e-02   2.5347285e-01   6.7512966e-02  -2.7656639e-02   3.6092750e-01   1.8666323e-01   2.9040131e-01   3.3008252e-02  -5.4601401e-03   1.1574359e-01   2.0386255e-01  -9.4681790e-02   4.8948631e-01  -2.4368283e-01   4.0278333e-01  -2.2275017e-01  -1.4939493e-02  -8.9303707e-02   2.2288325e-01   6.8685636e-02  -9.4153389e-02  -6.2838169e-02  -2.3706587e-01  -4.2695754e-02  -1.9791754e-01   1.2203460e-01   5.0389585e-01  -4.6157940e-03   6.0478696e-02  -1.8435664e-01   1.2489476e-01   1.4052488e-01  -9.7418837e-02   3.6963630e-02   8.0387652e-02  -6.5238415e-03   3.2482448e-01   1.9898324e-01  -1.4375394e-01  -3.0213126e-01  -8.7202408e-02   6.4419195e-02   1.4700922e-01  -2.2970645e-02   1.5965974e-01   1.3117716e-01   2.3414979e-01  -1.4234155e-02  -6.4694506e-02   1.7641747e-01  -1.9299272e-02  -3.6482473e-01   2.7276190e-01   2.0188165e-01   4.2880193e-02   7.2464293e-02   7.8677720e-02   9.4349835e-02  -2.1552591e-01   4.0049680e-01  -1.8273414e-02  -1.9171385e-02  -2.1047328e-02  -2.9765264e-01   6.3216306e-01   1.3185340e-01   1.1690971e-01   3.2315393e-01   2.0732876e-01   1.6307910e-01   1.3831497e-01   1.7396502e-01  -2.0122593e-01   6.8106385e-02   1.9716761e-01  -2.8244288e-01   1.9232653e-01  -9.9992940e-02   5.6474012e-02   3.0750061e-02   3.6002997e-01   3.1852882e-01   1.9089425e-01  -2.5118449e-01   1.7631795e-01   1.8967687e-01   3.7407281e-01  -3.7438043e-02   1.3240292e-01  -1.3896983e-01   3.3327342e-01  -7.8060295e-02   8.6726496e-03   1.6245340e-01  -1.1067834e-01   1.3973083e-01   2.4153747e-01   1.3060528e-02   6.2059330e-02   1.3242978e-02   4.0671415e-02  -2.7638030e-02  -6.5834871e-03   8.8661868e-02   2.5198285e-01   3.5877383e-02
  -2.2986623e-01   2.6425556e-01   2.7010128e-01  -1.6276405e-02  -1.2049861e-02  -3.4684165e-01  -2.4689780e-01  -1.2988371e-01   0.0000000e+00   3.4141649e-02  -1.9809568e-01   2.6337062e-01  -6.9540094e-02   7.4719629e-02  -6.0153582e-02  -4.9957131e-02   2.4015431e-01  -3.1084109e-01  -2.8304398e-01  -2.0124344e-01   4.0772992e-02  -1.1579515e-01  -2.7760315e-01  -7.9920735e-02   9.0237986e-02  -2.0306746e-01  -2.3425217e-01  -7.4005276e-02  -4.1659087e-02  -7.6385678e-02   2.9612967e-01  -3.0033183e-01   1.5120001e-02   7.9510750e-02   7.5775688e-02  -2.8100808e-01  -1.0992399e-01   9.0837520e-02   5.1505031e-02   2.3769853e-01   2.3681176e-02  -1.4960853e-01   8.0176931e-02   2.6559726e-01  -1.0566232e-01  -1.1503071e-01  -3.1812359e-01  -2.3895474e-02  -1.6192842e-01   1.7786836e-01  -3.8451934e-01  -2.0538118e-01   3.6175143e-01   9.3362537e-02  -1.3426409e-01  -1.0495689e-01  -1.7162370e-01  -2.9027621e-01  -1.2407717e-01   4.3452405e-02   4.9107052e-02  -4.3964265e-03   5.8964114e-01   5.1429705e-01   2.7636895e-01  -1.8586579e-01  -1.5638673e-01   4.4130085e-01  -2.3134099e-01   9.1823997e-02   3.6848484e-01  -1.5738695e-01   3.8707866e-02  -2.1467585e-01   3.0243393e-02  -4.5175754e-02  -4.0629276e-02  -1.3642222e-01   1.7626378e-01   8.9729341e-02  -3.0987576e-01  -6.7347145e-02   4.8285572e-01  -2.0353337e-01   3.1705469e-01  -2.8777717e-01   6.0354400e-01  -2.1334063e-01   5.2138737e-01  -1.4110500e-01  -2.9005300e-02   1.9079696e-01  -4.4133674e-02   4.0128849e-01  -4.5396677e-03  -2.1955800e-01  -5.6485231e-02  -3.1456123e-01  -1.0322885e-01  -3.7494788e-01   4.6055201e-01  -4.9134411e-02  -2.7663065e-01   5.7296274e-01  -3.6742245e-01  -1.8944746e-01   1.5859681e-01  -3.9205182e-01  -1.9310029e-01  -2.4932367e-01   2.2797087e-01  -2.7968223e-01   2.0581898e-01  -1.1334730e-01   1.8348630e-02   2.4117836e-01  -1.7761150e-01  -4.9701349e-02   7.7426112e-02  -1.9845846e-01  -1.1013161e-01  -7.9511665e-02   3.1593519e-01   2.9777495e-01  -2.8713086e-01  -1.5977539e-01  -2.3338367e-01  -5.3619817e-02  -2.1576261e-01   3.2474869e-01  -1.1124465e-01   8.1182058e-02  -1.9662502e-01   2.6571679e-01   1.3146629e-01  -1.8591332e-02   4.7082876e-02  -6.8797428e-03  -3.4241940e-01  -8.8506106e-02  -5.7607944e-04  -8.2575353e-02  -2.1648422e-01   1.5440214e-01  -1.7277900e-01   3.5548417e-02   2.8197625e-01  -5.8284992e-02  -3.3465965e-01   2.8427190e-01   7.7877258e-02  -2.2352097e-01  -1.5447025e-01   9.8260875e-02   3.7968377e-01  -3.0006046e-02  -1.1622823e-01  -8.8753672e-02   1.7967983e-01  -3.6749322e-01   3.3558528e-01  -2.9358604e-02   1.0539004e-01  -5.2640480e-02  -4.6737230e-02   9.4142908e-02  -1.2864764e-01  -1.1387211e-01  -1.4043614e-01   2.6928112e-01  -4.9854156e-02   1.7525658e-01   2.2617000e-01  -1.8014093e-01   1.5691233e-01   8.6915010e-02  -4.6751499e-03
  -1.9889072e-01   2.2969391e-01   5.6611566e-01  -9.8363607e-02  -1.1682335e-02   1.9107628e-01   1.8498625e-01  -2.3680452e-01   3.4141649e-02   0.0000000e+00  -9.9549006e-02   4.0450257e-01   1.6638251e-01   1.6885856e-02   2.3205610e-01  -2.0192621e-02   4.3709044e-01  -1.6981288e-01  -1.2037524e-01   4.1572540e-01  -1.7695903e-01  -3.0201369e-02   1.4834465e-01  -1.7107996e-01  -1.3320333e-01  -2.0371830e-01  -1.2378780e-01  -3.3035233e-02  -2.3905162e-02  -2.0318743e-01   2.2257254e-02  -3.2594233e-01   7.6105212e-03   3.1988157e-01  -7.6709673e-02   1.5513307e-01  -1.8074088e-01  -5.9636662e-02  -5.3602016e-02   4.3099259e-01   2.1932752e-01  -8.3374082e-02   1.4963208e-01   1.0017196e-01  -3.0550182e-01  -2.5121780e-01  -6.3370212e-02  -1.6967112e-01  -1.6514099e-01   4.0802769e-01  -2.1018932e-01  -2.9391020e-01  -1.2710082e-01   2.9476520e-01  -1.0465345e-01   1.2972732e-01  -5.4421172e-03  -3.4616805e-01  -2.6915793e-01  -8.2116573e-02  -5.1908711e-02   6.2009437e-02  -2.0843020e-01  -9.6992376e-02  -4.9657368e-01   1.5516521e-01   2.1994605e-01   9.1486141e-02  -3.4579421e-01   2.8544391e-01  -8.0464456e-02  -9.4053526e-02  -4.7695202e-02  -1.0214088e-01   1.3047509e-01  -1.6749929e-01  -1.3375412e-01  -1.4068473e-01  -3.1187836e-01   2.8690197e-02  -1.4183798e-01   1.8153077e-02   1.2012406e-01  -6.7280473e-02   4.6310388e-01  -4.1204329e-01   1.0485135e-01  -1.7187043e-01   1.1522140e-02  -1.2253408e-01  -1.3869715e-01   1.8585982e-01   6.7696497e-01  -1.9507318e-01  -1.5714746e-01   3.9946879e-01  -6.7997036e-02  -2.1261572e-01  -3.4314574e-02  -1.4266159e-01   3.0661430e-01  -5.6374997e-02  -1.3464288e-01  -1.6851751e-01  -3.2208700e-01  -1.5917947e-01   2.9147807e-01  -3.3015230e-01   2.6198764e-01   2.5962697e-01   6.7688052e-01  -2.6109840e-01  -1.8970945e-01  -1.2754327e-01   3.1715297e-01  -3.4822635e-01  -1.5433323e-01  -6.6042117e-03   1.9637886e-01  -2.3151130e-01  -3.3890057e-01   2.9575792e-02   2.2231624e-01  -1.3807538e-01  -1.5193945e-01  -1.8268569e-01  -2.0304002e-01   9.7004013e-02  -1.7418991e-01   4.7035531e-01   1.4809781e-02  -2.0951743e-02  -6.9958690e-02   1.4240513e-01  -3.0561984e-02  -1.5072275e-01   6.0089512e-02  -7.9488269e-02  -4.5772048e-01  -8.2662974e-02  -1.2252759e-01   2.9596675e-01  -3.3355605e-01   4.6947148e-01   3.1473416e-02  -1.6646121e-01   5.4839508e-01  -2.2943174e-01  -4.2473594e-02  -3.3665613e-01   3.0050369e-01   1.0761543e-02  -3.1976044e-01  -2.7606371e-01   6.0471813e-01  -2.1086870e-01  -2.7187301e-01  -1.1784341e-01   1.9147349e-01  -2.2192096e-01   1.5010441e-01  -2.4180506e-01   1.5767349e-01  -7.1547786e-02  -1.5780370e-01   1.8131885e-01  -9.7079278e-02  -2.2366225e-01  -1.6520162e-01   2.4373729e-01  -1.6717722e-01  -1.5850206e-01  -9.8710693e-02   2.2438952e-01   2.9314727e-02   2.5112661e-02  -1.4907813e-01
   7.8752821e-02  -1.9496231e-02  -2.2636867e-01  -2.3907216e-01  -1.5659190e-02   7.6345754e-02   2.9262071e-01   3.4091383e-01  -1.9809568e-01  -9.9549006e-02   0.0000000e+00  -9.7985907e-02  -1.1536798e-01  -1.5172702e-01   2.6593403e-01   1.5852468e-01  -2.7344025e-01   4.5385464e-01   2.1661617e-01   3.5398170e-02   2.3516919e-01  -1.8674003e-02   4.0919714e-01  -1.1664781e-01  -1.8938437e-01  -8.0293175e-03   5.2080667e-02  -1.3803127e-02   1.0239173e-01   2.3618527e-01   1.5571073e-01   7.3145870e-02   1.0963447e-01   2.5397297e-01  -1.8831609e-02   4.8683944e-01  -4.9685377e-02  -3.2255397e-01   6.7762121e-03  -2.6279231e-01  -1.9547474e-02   1.1218923e-02  -9.0081628e-02   2.2901718e-01   3.8767700e-01   1.1746756e-01   4.9279092e-01   3.8787936e-01  -1.1429371e-01  -3.2978383e-01   5.7687467e-01  -5.7829824e-02   2.8331251e-01  -2.7649554e-01  -8.6780650e-02   1.1865075e-01  -3.1572267e-03   2.4754227e-02   3.0537798e-01  -2.0756872e-02  -1.4476816e-01   7.1378626e-02  -6.2076892e-02   1.7496448e-01   1.9162689e-02   6.3483930e-01  -5.5992046e-02  -2.4962688e-01   4.2712373e-01  -6.8232656e-02  -1.2977118e-01  -1.4618303e-01   6.8973450e-02  -1.2548770e-01  -1.2981664e-01   1.9286407e-01   4.4537155e-02   6.1118758e-02   3.1428782e-02  -2.6383925e-01   5.3737998e-02   1.4597918e-01  -1.8639347e-01   1.2137607e-01  -2.2311388e-01   3.9158340e-01  -1.1895237e-01  -2.9063487e-01  -2.8332456e-01  -6.4422222e-02  -8.9700958e-02  -2.9265122e-01  -2.8519464e-02  -7.2968583e-02  -8.8024384e-02  -1.9470414e-01  -1.1257661e-01   2.4101704e-01   1.8740462e-01   1.9426652e-01  -2.3713078e-01   3.3883919e-01   2.3675829e-02   3.7561558e-02   1.5624144e-01  -1.9111429e-01  -3.2232683e-01   4.1806732e-01  -7.4349714e-02   2.3325136e-01  -1.0765135e-01   3.4675458e-02   1.4122868e-02  -6.3797269e-02  -2.5558401e-02  -1.8407099e-01  -1.1551712e-02   1.9811545e-01  -3.0858368e-02  -8.0852065e-02   1.9883270e-02  -2.0329655e-01  -2.8551298e-01   3.1907635e-01   9.1111828e-02  -1.0734488e-01   4.3568450e-01  -2.7052734e-01  -8.8495255e-03  -2.4779510e-01   1.6872965e-01   3.3693822e-01  -2.5739006e-01   2.5914570e-01  -9.5762817e-02   3.9747653e-01  -1.7625731e-01   9.3650803e-02   3.2184454e-01  -1.1038292e-02  -9.9607720e-03  -1.7354861e-01   3.5517404e-01  -1.6949051e-01   2.9998033e-01   3.7176347e-01  -2.1898458e-01   4.8340816e-01   3.4213863e-01   9.9245961e-02  -1.3296751e-01   1.8438844e-01   9.3788777e-02   3.0358973e-01  -2.3633584e-01  -3.3355883e-01   1.1620132e-01   3.1234649e-01  -2.9604018e-01   5.7805533e-02  -9.9663239e-02   6.5112848e-01   4.7199267e-01   1.6288796e-01  -5.4067733e-02  -3.4763976e-01   3.5542444e-01  -1.1569055e-01  -2.2793559e-01  -1.3459494e-01  -1.0218577e-01  -1.5637669e-01   7.4143888e-02   1.3512906e-01  -2.9824252e-02  -1.4642309e-01  -1.2932940e-01
  -2.0396610e-01   5.9415056e-01   4.6052547e-01  -2.7615460e-01  -3.0477604e-02   2.6731029e-01   2.0635343e-01  -3.3106143e-01   2.6337062e-01   4.0450257e-01  -9.7985907e-02   0.0000000e+00  -6.4594888e-02  -1.0906087e-01  -2.5541665e-01   4.2281292e-02   3.2655641e-01  -1.6444837e-01  -2.4566705e-01   1.5523084e-01  -1.8041144e-01  -2.8178983e-01  -2.6087831e-01  -3.2216734e-01  -1.0447634e-01  -3.4314749e-01  -3.7606597e-02  -2.6250722e-01  -2.5891807e-02  -9.2216177e-02  -1.7590708e-01  -3.1850346e-01   5.1361505e-02   1.9307040e-01   4.2015925e-01   3.6438376e-03  -3.9574905e-01  -2.4372266e-01  -1.0677258e-01   3.5730144e-01   4.2935593e-02  -2.1379863e-01   3.2616583e-01   4.5604519e-02  -3.0616363e-03  -2.9542015e-01  -9.9384073e-02   1.4404060e-01  -1.6719430e-01   3.1799411e-01  -1.9572906e-01  -3.5864342e-01   2.6425736e-01  -1.3018162e-01  -2.1707522e-01  -1.0978367e-01  -4.5453109e-02  -3.9378475e-01  -3.6248820e-01   2.6504791e-01  -4.0858674e-02   9.3119748e-03   1.5841425e-01   6.8696841e-02  -1.1904199e-01   1.5968563e-01   3.2945646e-01   1.6227575e-01  -1.5968529e-01   1.1315327e-01   1.5283959e-01  -2.6314703e-01  -2.1246344e-02  -1.8626287e-02  -3.4800560e-02  -2.3865787e-01  -1.8940576e-01  -1.0699810e-01   5.4861128e-02  -9.8324248e-02  -2.4879599e-01  -4.4707172e-02   2.2229961e-01  -2.7754160e-01   5.1600845e-01  -2.3054185e-01   4.7568606e-01  -3.1385365e-01   9.9083954e-02  -1.8980739e-01  -5.9206153e-02   6.9756332e-02   5.6260640e-01   2.0057826e-01  -1.5960033e-01   1.5322577e-01  -9.6345614e-02  -2.0669617e-01  -1.3927299e-01  -3.2558728e-01   2.5143592e-01   1.6281140e-01  -1.2152053e-01   1.8652699e-01  -3.0306588e-01  -3.1505036e-01   9.2016821e-02  -2.1829515e-01  -2.7795114e-01   2.7712576e-01   5.3654169e-01  -5.1710776e-02  -3.6055508e-02  -1.3885601e-01  -5.7119601e-02  -1.7878706e-01  -3.8951679e-01   4.0422278e-02   6.6733315e-02  -2.5356837e-01  -2.2980416e-01   1.2778964e-01   5.6317571e-01  -1.9668833e-01  -2.4322495e-01  -2.3817949e-01   5.1166935e-02  -1.6097679e-02  -2.9238221e-01   3.8995397e-01  -6.2155134e-02  -4.2151151e-02  -7.7312704e-02  -8.0955942e-03   2.1716996e-01  -2.3370002e-01  -1.3350023e-01  -1.7650764e-01  -2.6800770e-01  -2.4331388e-01  -8.3135661e-02  -1.1366440e-01   3.2931479e-02   4.9625619e-01  -5.9419084e-02  -2.8348235e-01   5.1193537e-01  -1.0485874e-01   2.1128391e-01  -2.0210375e-01   1.7189046e-01  -2.1332712e-01  -4.4574506e-01  -1.7806085e-01   6.3551411e-01  -5.1596648e-01  -1.7210799e-01  -1.8832847e-01   5.5175224e-02  -3.0884200e-01   1.8410301e-01  -8.1438098e-02   8.9099111e-02  -2.2900462e-01  -3.7267041e-01   9.7359913e-02   1.1381239e-02  -2.8220215e-01  -3.3002886e-01   1.6470441e-01   1.2784749e-01  -1.6806851e-01  -2.3150584e-01   2.2046961e-01  -6.4036733e-02  -2.3133481e-01  -3.2197957e-01
  -1.5489371e-01  -8.9628435e-02   1.5056879e-01  -1.9444737e-02   3.6167874e-01  -1.0493126e-01  -1.8041332e-01   1.9899425e-01  -6.9540094e-02   1.6638251e-01  -1.1536798e-01  -6.4594888e-02   0.0000000e+00  -9.7509605e-02   1.5550460e-02   1.6341894e-01   2.1867920e-01  -1.5196830e-01   1.2666212e-02   3.0380693e-01  -1.4357337e-01  -1.0579102e-01  -9.0678804e-02  -2.5677674e-02   3.8121911e-02  -9.5865582e-02   2.0519109e-01  -2.0985185e-01   1.1080405e-01  -3.1825173e-01  -4.3062294e-02  -1.8669902e-01   2.1531826e-01  -1.1000152e-01  -1.4630962e-01   6.1465679e-02   9.9443757e-02   1.4055642e-01   3.1257304e-01   1.0537158e-01   6.5686554e-01   2.5541764e-01   6.3324431e-02   1.8757853e-02  -1.7241940e-01  -1.0896254e-01   1.3504687e-02  -1.9948075e-01   2.4067256e-01   2.4603198e-01  -1.6225207e-01   4.3749463e-02  -5.4668436e-02   2.7406670e-01  -6.0129794e-02  -1.3474488e-01  -8.6469538e-02  -1.6378054e-01   6.0557912e-02  -2.3595174e-01   1.9742978e-02   1.0012373e-01   4.8298453e-02   1.8663252e-03   2.1507145e-02  -2.4830457e-01   3.6180604e-02  -1.3620967e-01  -1.6661034e-01  -1.0398497e-01   2.5769851e-02  -1.2079929e-01   3.7184045e-01  -2.0292653e-01   2.3374174e-01  -6.1218149e-03   1.6003839e-02   8.1451038e-02   1.6235932e-01   3.5892976e-01  -1.6218689e-01   1.9630225e-01   5.2216780e-02   7.7066970e-02   1.4971744e-01  -8.4697736e-02  -8.5625924e-02   6.1819312e-02   1.7434537e-01  -2.3202006e-01   2.9355050e-01   1.2006675e-01   2.0564154e-01  -2.1786836e-01  -1.1320078e-01   3.9918950e-01   2.8606967e-01   3.7751424e-02   1.6662373e-01  -1.5678943e-01   3.0263286e-02  -2.0143598e-01  -1.3350884e-01  -3.1973364e-01  -2.0286553e-01  -2.8615055e-02   2.0970508e-01  -1.4610089e-01   2.0265599e-01   7.5587359e-02  -5.6026400e-03  -2.5221751e-01  -1.4420175e-01  -1.5055512e-01  -1.6755119e-01   8.1886674e-02  -4.6663078e-02   4.9681520e-01  -1.1633058e-01  -1.0487343e-01  -1.2928996e-01   3.2760094e-01   1.7772350e-01  -1.1332531e-01  -4.6581026e-02  -2.0855453e-01  -1.9660888e-01   3.1802690e-01  -4.8925452e-04  -3.3519449e-02   4.9592185e-01  -8.8871183e-02  -1.3003959e-01  -4.7551193e-02  -3.8579849e-02   5.9126010e-02   4.1231004e-01  -1.5669471e-01  -1.3819170e-01  -1.9820766e-01   3.0367987e-02   4.6222129e-01  -2.1163319e-01  -1.0349777e-01  -1.4763561e-01  -1.8851198e-01  -4.0196883e-02   3.3786477e-02  -1.8321322e-01  -4.2913907e-02  -7.2100174e-02   2.9525571e-02  -1.0839220e-02  -1.3182895e-01   1.5366579e-01   9.2016151e-03  -1.8069565e-01   9.3378975e-02   2.6062724e-01  -1.1298622e-01  -6.9826173e-02  -2.6020501e-01   3.8197990e-02  -2.3112462e-01  -2.4590534e-02   1.9182638e-01   7.1650257e-02  -2.2685931e-01  -1.8311578e-03   3.0893086e-01   8.3147145e-02   2.4325435e-01  -1.9432705e-01  -8.4122984e-03   1.5818464e-01   3.8625316e-01  -1.2735530e-01
   1.2224486e-01   1.6998972e-01  -3.0988023e-04   3.5811916e-01  -4.2438630e-01   3.5715303e-01  -1.1747951e-01   2.1969735e-02   7.4719629e-02   1.6885856e-02  -1.5172702e-01  -1.0906087e-01  -9.7509605e-02   0.0000000e+00   2.3528734e-01  -1.7762717e-02  -1.5918494e-01   1.5613335e-01  -1.0868717e-01  -3.7917070e-01  -7.0533377e-02   4.4925478e-01   1.5189262e-01   1.7170766e-01   4.6786438e-02   1.2324743e-01  -3.4489726e-01   5.2245501e-01  -2.9631820e-01   3.9550794e-01  -2.7258174e-02   3.1529390e-01  -7.3702120e-02   1.5464715e-02  -3.0406407e-03  -3.1298674e-01  -1.8375036e-01  -2.0153419e-01  -1.5297528e-01  -4.0645703e-01  -1.3198186e-01   1.0574873e-01  -2.9435442e-01   6.3908179e-02  -1.7958960e-01   1.3032032e-01   2.4893776e-02   9.1120737e-03   1.2215590e-01  -3.4717240e-01   1.4927913e-01   7.3718551e-02  -2.2444591e-01   1.7079276e-01   5.4444543e-01   4.6003426e-01   1.9205120e-01   2.4904503e-01   1.6481285e-01   2.7031893e-01  -5.8909431e-02   1.7868670e-02  -3.1964106e-01  -3.7505316e-01  -2.5639827e-01  -1.1336078e-01   1.0678775e-01  -4.6138250e-02   1.0360472e-01   3.8189797e-01  -5.0810548e-01   3.5887939e-01  -3.2977033e-01   5.9339199e-01  -6.6441075e-02   1.0535094e-01  -1.3192463e-01   9.9044239e-02  -3.9090053e-01  -2.0991085e-02   5.1316696e-01  -3.0234209e-01  -1.8058969e-01  -8.7313720e-02   2.7593898e-01   9.3164932e-03   2.2368746e-02   4.8947243e-01  -2.2831886e-01   2.3953569e-01  -5.3616926e-01   4.1919663e-02  -5.1389888e-02  -3.1338695e-02  -1.9896896e-01  -3.5704928e-01   1.7437578e-02  -2.2899338e-01  -2.0281898e-01   2.7846692e-02   1.0768686e-01  -1.9428396e-01   5.5124527e-01   6.9787070e-02   2.3330931e-01   2.5369757e-01   2.1738721e-01  -4.9007643e-02  -1.7595126e-01   2.2144292e-01  -2.0592273e-01   3.4244720e-01   5.5729201e-02   2.8770288e-01   3.9379259e-01  -4.3766537e-01   2.8741397e-01  -3.7560363e-01   4.6107949e-01   3.6547043e-01   2.6813525e-02  -5.0175562e-01  -2.4374294e-01  -7.7596255e-02  -6.7676607e-02   2.8525734e-01  -1.2095767e-01  -1.8949357e-01   1.8487931e-01   3.6189086e-01  -2.9689834e-01  -3.4018369e-01   6.5889125e-01   1.8158491e-02   6.1870613e-03  -3.1301240e-02   2.3007855e-02   6.1199263e-01   2.0068864e-01   1.8488722e-01   2.4312605e-01   6.4623082e-02   7.1396839e-02   4.3129661e-01   2.0322991e-01   2.5806721e-01  -2.5733290e-01  -4.4016697e-01   1.4029896e-01  -2.6618154e-01   4.7037326e-01   2.6002363e-01   3.8038554e-02  -3.2902342e-01  -1.9106410e-01  -6.8516227e-02   1.4573233e-01   8.1903063e-02   9.5733119e-02   4.9388284e-01   5.1046609e-02  -7.0151213e-02  -3.3915653e-01  -3.3585716e-02   7.3387019e-02  -4.1094518e-01  -4.3259504e-01   4.3627961e-01   1.4284467e-01  -2.1126172e-01  -6.3013640e-01  -2.6027544e-01   1.0576281e-01   2.7289581e-01  -2.0201271e-02  -6.7514648e-02   1.1971674e-01
