   0.0000000e+00  -5.8021398e-01   7.2508455e-02  -1.5194301e-03  -1.3806880e-01  -5.1914361e-02  -3.4964720e-01   9.1625130e-02  -3.1786405e-01  -5.0144932e-01  -5.9044812e-02  -4.7559660e-01   1.0661450e-01   7.3423510e-01   3.7442435e-01  -1.8930902e-01  -2.2646958e-01  -9.4056820e-02   1.9750487e-02  -2.4615399e-01  -2.9984983e-01  -1.6443523e-01  -3.3700244e-01   7.0212313e-01   1.9381598e-01  -9.5408788e-03  -1.8210507e-01   5.2963317e-01  -2.1757227e-02  -1.8465866e-01   2.8807599e-03   6.4873148e-02  -1.2001357e-01  -4.2167819e-01  -2.0543906e-01  -2.1701151e-01  -1.9624667e-01   5.8642663e-01  -1.5753325e-01  -1.7099940e-01   8.6104995e-02   3.9257126e-02  -2.9309995e-01   2.0990909e-01  -3.0160907e-01   4.1236667e-01  -7.3219998e-02  -2.1198709e-01  -4.5161313e-02  -1.7084705e-02  -4.8464885e-02  -4.9018770e-02  -4.1624579e-01   2.5956941e-01   5.0234387e-01   2.3758027e-01   2.9847825e-01   3.2257872e-01   3.8541561e-02   2.1860626e-01   3.7967704e-01  -3.4358006e-01  -3.2101243e-01  -4.1155465e-01  -3.0158345e-01  -1.9345269e-01  -8.8095039e-03  -5.8712050e-03  -3.9149552e-02   1.0840159e-01  -4.4599145e-01  -8.0136691e-02  -3.6570277e-01   2.0249084e-01   5.9826570e-02  -1.1050272e-02   4.1118245e-01  -7.4811886e-02  -2.6405781e-01  -1.2261043e-02   1.1207556e-02  -2.9849527e-01  -2.9985473e-01  -5.9526259e-02   2.4371488e-01   7.8476061e-02   1.2454893e-03   3.5137209e-01  -1.5125812e-01   7.7796289e-01  -1.5517035e-01   3.2155648e-01  -2.9266675e-01  -1.3877715e-01   4.7183864e-01  -7.4886622e-02   6.7231406e-02  -8.4662296e-02   2.0512799e-02  -4.0099196e-01   6.4811469e-01  -8.1922751e-03   4.8723064e-02  -2.4352664e-01   1.1798414e-02   1.6622148e-01   2.1415656e-01   8.7667788e-02  -2.9072977e-01  -1.2321587e-01  -4.9465407e-01   1.0297436e-01  -1.2764251e-01   8.1590184e-01   6.3713491e-01  -3.3340777e-01  -3.7482833e-02   3.1383343e-02   3.6651413e-01  -7.9771961e-02   6.1871568e-01  -1.0889446e-01  -1.0661717e-01  -3.8111945e-01   6.4029055e-01   2.3321635e-01  -1.4963432e-01   5.7491384e-02  -3.4802670e-02  -1.6400658e-01  -2.2865293e-01  -4.2604310e-01   8.4077774e-02  -4.4950579e-01   1.6162066e-02  -3.2339594e-02   1.1333496e-03   5.3368806e-01  -1.2936939e-01   5.8291343e-01   6.4422177e-01   1.0762417e-01  -1.1908390e-01   1.1472433e-01  -1.5268670e-01  -9.3443975e-02  -4.1642344e-01   3.3133856e-02   1.5071897e-02  -4.2262775e-01   6.2913638e-01   4.7872384e-02   6.7391890e-01  -3.3694614e-01  -2.4396334e-01   6.8393539e-01   6.5859980e-01   8.2648600e-02   4.2617656e-01  -1.4275790e-01  -8.5020153e-02  -1.1997385e-01  -1.9976709e-01   3.7835180e-02   5.7101548e-02  -2.9556904e-01  -3.6339485e-01   5.1638328e-02   7.6246862e-01  -3.3559527e-01  -3.9911365e-01   4.8070498e-01  -2.8178237e-01  -1.5481763e-02  -5.3515937e-03  -1.5022162e-01   9.6043878e-02
  -5.8021398e-01   0.0000000e+00  -8.0923395e-02  -1.4287753e-01   1.5234897e-01  -2.6501906e-01   3.9779631e-02  -2.2220792e-01   4.2037166e-01   2.6338112e-01  -2.3556940e-01   7.3004601e-01  -1.2211754e-01  -5.2815019e-01  -4.5041803e-01   9.9524326e-02   3.0055786e-01  -1.5915166e-01  -4.7948924e-02   2.9756852e-01  -5.4143345e-02  -2.2249906e-01  -6.6347280e-02  -2.9487047e-01  -3.9085895e-02   1.0900773e-02   1.4298953e-01  -3.4052415e-01   2.3605483e-01   4.5347933e-02  -2.3937884e-01  -1.1781087e-01   5.3534020e-02   2.6263842e-01   2.5336618e-01   2.8695873e-02   1.0963881e-02  -5.1984474e-01   1.0753190e-01   3.6034605e-01  -1.3826170e-01   4.3632920e-02   4.4976507e-01  -2.8493710e-01   3.9539685e-01  -3.6980664e-01  -2.1248977e-01  -6.4707995e-02   2.5528063e-01   2.4117491e-01  -1.6081019e-01  -1.1748156e-01   5.7150261e-01  -1.1190887e-01  -4.4646357e-01  -4.1475899e-01  -3.1727936e-01  -4.2407207e-01  -1.8743965e-01  -1.3226896e-01  -4.0594663e-01   4.4271980e-01   3.8103420e-01   5.3781800e-01   4.4443164e-01  -1.1961755e-01  -1.9798066e-01   6.2800024e-02  -2.0775741e-01  -3.2747012e-01   6.0322618e-01  -3.0903728e-02   2.7876815e-01  -3.4056555e-01   4.6873441e-02  -1.8505518e-01  -4.4104720e-01  -1.7550020e-01   5.6319477e-01  -5.9725108e-02  -1.9514983e-01   1.7174406e-01   1.6809566e-01  -5.0475869e-02  -8.2471286e-02  -4.6278071e-02   8.0273144e-02  -3.2165626e-01   4.0602124e-01  -4.2428377e-01   3.5882327e-01  -3.3884244e-01   3.8019939e-01   1.3547361e-01  -4.4116191e-01   1.1336100e-01   3.7625614e-02  -4.9008408e-02   1.9097328e-01   4.7306984e-01  -4.5817176e-01  -8.1092890e-02  -3.3747996e-01   3.0253128e-01  -4.1572129e-01  -2.9800071e-01  -5.6110530e-02  -2.6906341e-01   2.2185973e-01  -1.4116546e-01   3.4898688e-01  -4.2371977e-01   1.1419825e-01  -4.3433025e-01  -4.4452731e-01   6.3625816e-01  -1.8421958e-01  -1.0091712e-01  -4.2771211e-01  -2.5492353e-01  -3.4195924e-01   1.7836288e-01   2.4414031e-01   4.2964647e-01  -4.7391469e-01  -3.2577179e-02  -3.5371558e-02  -4.8758912e-03  -2.2591923e-01   2.2296172e-01   1.0357685e-01   2.1527055e-01   3.5364139e-02   2.6931253e-01   7.6424614e-02  -1.1602728e-02   5.9401211e-02  -2.9415501e-01   1.4763193e-01  -4.0122994e-01  -3.5047745e-01  -5.0911620e-02  -2.1148212e-01  -3.1768234e-01  -2.0758125e-01  -3.3770433e-01   3.2717007e-01  -1.7183186e-01  -3.6397966e-01   3.8432828e-01  -4.2082004e-01  -1.2246811e-01  -4.1738244e-01   3.2865876e-01   3.2237606e-01  -3.1080330e-01  -4.0689537e-01  -1.2378330e-01  -3.8247163e-01  -5.0199765e-02   2.6597175e-01  -1.4493878e-01   1.2367338e-01  -2.4878112e-01  -5.5236093e-02   4.5586463e-01   1.6237076e-01  -1.1626088e-01  -4.2230921e-01   5.0647084e-01   6.5038282e-01  -2.9251433e-01   2.8077013e-01  -2.1080163e-01   8.5771215e-02   2.9149260e-02  -1.7970469e-01
   7.2508455e-02  -8.0923395e-02   0.0000000e+00   2.8555938e-01   1.8054998e-01   1.8788161e-01  -1.4074326e-01   5.1064756e-02   9.7421829e-02  -2.3384895e-01  -1.1421798e-01   7.9541387e-02   2.4330448e-01  -5.8401877e-02   3.3594387e-02   3.5340713e-01   6.9648377e-01  -1.0169432e-01  -1.1672309e-01   2.1449648e-01  -3.4619978e-01   4.9789597e-02  -1.1845972e-01  -1.2205443e-01   2.7130284e-01  -2.3631453e-01   3.7932656e-01  -2.5010283e-02   8.5378557e-02   2.9087301e-02  -1.6180942e-01  -7.8678016e-02   3.5975347e-01  -1.7199874e-01   3.7454163e-02   9.4563157e-02  -2.1958972e-01   1.6879610e-01   1.2409019e-01   3.1288373e-01   1.5305593e-01   4.0298531e-01   2.0506399e-02  -1.6504643e-01  -2.4507492e-01   4.1262543e-01   2.9940361e-01  -1.2705867e-01  -2.2470694e-01   5.3331462e-01  -1.7667941e-01  -2.4216986e-02  -1.4357025e-01   3.2725237e-01   3.8026017e-02  -9.8222553e-02   5.2914105e-02  -8.7778819e-02  -2.2251304e-01   1.1560044e-01   4.7642442e-01   2.3940413e-02   1.6086385e-01  -2.7816002e-02  -3.0442461e-01  -3.7380093e-01   2.7783993e-01   8.8088678e-02   3.1109998e-01   5.4126326e-01  -1.0658193e-01   2.6881827e-03  -3.5983516e-02   4.3685905e-01   1.6917879e-01  -9.3766976e-02   4.3153092e-01   2.5653909e-02   1.5932932e-01   3.1267821e-01  -4.7421770e-02  -3.5842262e-02   7.1303173e-03  -5.1781679e-02   1.8887018e-01  -5.4717922e-03  -1.2570424e-01   6.8984050e-02   2.9775544e-01  -3.9448043e-02   1.9927666e-01   7.0980060e-01   2.3222773e-01  -1.9562262e-01   2.8342023e-01   2.8792649e-01   2.1479566e-01  -6.8193511e-02   2.5459981e-01  -4.5348935e-01  -1.7873566e-01   7.9851119e-02   4.0973938e-03   2.6453443e-01  -2.7508554e-02   4.5457213e-02   3.8168364e-01   6.9061193e-02  -1.7447114e-01   2.6337900e-01  -6.2725094e-02  -9.1198587e-02   1.1698952e-01  -8.6120737e-02  -6.1510001e-02  -1.0412676e-01  -1.9739598e-02  -5.1619667e-02   1.2882473e-01   1.3024663e-02   1.9958732e-01   3.7099320e-01   2.1237606e-01  -2.0644508e-01   2.3327279e-01   5.6725061e-03  -1.4799468e-01   3.3334430e-01   3.0234543e-02   5.6706765e-01   1.5751680e-01  -4.1811700e-01   3.6421642e-01  -2.1576671e-01   1.5183482e-01   1.3530138e-02   2.7814315e-01  -3.6247198e-02  -2.3639814e-02   8.1492241e-02   6.4064507e-02   2.2031727e-01  -2.1246257e-01   2.0757155e-01  -2.2474874e-01  -1.1570543e-01  -3.9362777e-03  -1.5236629e-02  -1.6023678e-02  -4.7834605e-01   1.6872950e-01  -1.1769034e-01   3.4573911e-01  -2.6346519e-01   5.7189113e-01   4.1801431e-02   2.0819724e-01  -2.7890510e-01   6.2525983e-01  -2.6488747e-03  -7.8464058e-03  -3.0957612e-02  -2.9478751e-01   3.3268715e-02  -2.5617158e-02   1.2551992e-02  -8.3692635e-02  -5.1853452e-02   2.4539384e-01   8.8141760e-02  -7.3661882e-02  -3.8666012e-02   1.1276427e-01   2.7402893e-01  -1.0954038e-01   3.2148545e-01   2.3045644e-01
  -1.5194301e-03  -1.4287753e-01   2.8555938e-01   0.0000000e+00   2.5058065e-01   3.8736194e-01  -5.4159374e-02   1.5166529e-01  -1.8314364e-01   5.4474877e-03  -5.2223544e-02  -1.9530926e-01   2.5443415e-01  -6.2584747e-02  -7.2043295e-02   2.5699250e-01   2.5697890e-01   1.4893766e-01  -1.4688869e-02   2.8779310e-01   3.9777298e-02   2.4484934e-01   2.9777967e-02  -1.9816500e-01   2.2773279e-01  -1.5363997e-01   3.2079616e-01   6.7553770e-02  -7.0869361e-02  -3.3211286e-02  -6.9734837e-03   3.4144462e-01   2.2574227e-01  -3.0549292e-02  -2.3939335e-01   1.6206938e-01   1.7498795e-01  -4.0172240e-02   1.1066398e-01   1.1748271e-01   2.9394254e-01   1.9219171e-01  -2.0739369e-01   1.3554648e-02  -1.4331362e-01   7.1954975e-02   3.5283158e-01  -3.9148718e-02   2.1928046e-02   1.5604500e-01   2.3836442e-01   1.6972055e-01  -2.9403741e-02   1.7630803e-01   2.5980566e-01   1.8785483e-01  -1.0548557e-02   2.2642302e-01   2.2039797e-01  -9.2830050e-02   1.7158838e-01   1.1998604e-01   4.5617486e-02  -9.8092285e-02  -1.0554686e-01  -1.1601032e-01   3.0177957e-01   2.3482785e-01   4.7446521e-01   1.2776192e-01  -1.0282063e-01   4.1456281e-01   1.7130319e-01   3.1679667e-01   4.1244667e-02   1.2290437e-02   1.2167918e-01   2.2953092e-01   6.6709741e-02   2.7419047e-01   1.0402932e-01   3.7020939e-02   2.1538922e-01  -4.1056797e-02   8.3328940e-03   1.0320357e-01  -1.9858604e-03  -4.1045034e-02   9.0563141e-02  -2.7215598e-02   7.7302296e-02   2.6185901e-01   3.2696158e-02  -8.1676957e-02   8.9623101e-03   3.3571434e-01   3.2963798e-01   9.1517157e-02   1.6963718e-01  -1.1433439e-01  -1.9916068e-01   2.6841138e-02   1.3900774e-01  -1.1225910e-01   2.8374488e-01   2.1473792e-01   1.8746099e-01   3.0733621e-01   1.6148500e-01   3.8550474e-01   8.7439979e-03   2.4610161e-01   3.7467853e-01  -1.9677785e-01  -1.6118751e-01   2.6023671e-02   2.5103186e-01   1.1744304e-01   7.4646310e-02   5.6924240e-01  -7.2393753e-02   2.8747789e-01  -6.1357617e-02  -1.8850784e-01   2.8590483e-02  -2.2945514e-01  -5.8228295e-02   2.2815669e-01   3.9086926e-01   8.0984284e-02   1.2767949e-01  -1.9147358e-02   1.7761505e-01  -1.9028069e-01   7.6858809e-03   8.8878118e-02   2.5983051e-01  -1.3697099e-01   1.0296532e-01  -2.2064400e-01  -1.4503812e-01   2.2162435e-01  -9.7422260e-02   1.5176798e-01  -3.4225594e-02  -2.3878094e-02  -8.4635842e-02  -4.3702052e-02   6.8324049e-02  -5.6795817e-02  -4.3231130e-03  -1.4937311e-01   1.5381705e-01  -1.7134754e-01   1.9803454e-01  -2.0048673e-01  -4.5622368e-02   9.7934112e-02   2.1191848e-01   7.5757199e-02  -3.4434399e-02  -2.4874268e-02  -8.8817105e-02   2.2081054e-01   2.8649846e-01  -1.9994208e-02  -3.5639188e-02   5.1612258e-02  -9.9631202e-05   1.1827208e-01  -2.0769164e-01  -2.5143603e-01   4.1106787e-01   2.4401826e-01   7.3091933e-02   1.7000202e-01   4.7433581e-01
  -1.3806880e-01   1.5234897e-01   1.8054998e-01   2.5058065e-01   0.0000000e+00   1.7901260e-01  -7.2272472e-02  -1.5428659e-01   7.9882406e-02  -2.7667013e-02   1.8536305e-03   1.4062741e-01   1.9687082e-01  -1.3629680e-01  -2.6686182e-01   9.9869748e-02   3.8635062e-01   1.6128968e-01  -1.0496168e-01   6.6233733e-01  -1.0580687e-01   1.4613742e-01  -2.8809168e-01  -2.1504295e-01   2.5254572e-02   3.8484774e-02   4.9822231e-01  -1.1947210e-01   9.3938942e-02   1.9760022e-01  -1.1030203e-01   4.2815435e-02   3.4821173e-01  -2.6909823e-01   1.4405083e-01   6.3568075e-01   6.9720303e-02  -2.5909551e-01   3.4200092e-01   1.8477632e-01   3.2281163e-02   2.0148773e-01   2.1647222e-01  -1.3896250e-01   1.1647810e-01  -2.3211166e-01   4.4550998e-01   1.2889899e-01   2.8077316e-01   2.2058425e-01  -1.7637679e-01  -1.0603601e-01   2.0484281e-01   1.5921403e-01   6.2003442e-02  -3.4141010e-02  -2.3245358e-01   5.2514666e-02  -2.1349121e-01   5.6453276e-02  -2.2768798e-01   3.1763911e-01   2.5139421e-01   1.1160187e-01   2.2331334e-01  -1.5957763e-01   3.6789033e-01   9.5303739e-02   3.8529727e-01  -1.7147431e-01  -2.1051674e-02   6.3913466e-02   6.2928913e-02   1.7365972e-01   1.3205473e-01  -8.8847075e-02  -2.7698318e-01   3.9717815e-02   5.2639320e-01   9.1652454e-03   1.1979097e-01  -9.0362704e-02   3.1077305e-01  -5.5264074e-03  -5.0718543e-02   5.3343979e-02   3.0480610e-02  -1.5441955e-01   2.1094816e-01  -1.3920162e-01   6.3255334e-01  -9.5478134e-02   4.2637308e-01   1.4202071e-01  -2.9842990e-01   7.0075125e-01   2.7724867e-01  -1.1363429e-02   4.5384945e-01  -1.1618368e-01  -3.5349687e-01  -1.6145648e-01   1.5754755e-01   1.8547503e-01  -7.3867766e-02   2.8252025e-02   3.1483211e-01   1.3387105e-01  -2.7588567e-02   4.2764831e-01  -1.0250672e-01   8.2443035e-03   2.2602563e-01  -2.6338333e-01  -2.3602540e-01   4.1015282e-01   7.7671285e-02  -8.5385214e-02   9.2325957e-02   7.5121419e-02  -2.4051329e-01   7.3109516e-01   1.5299164e-01   2.6772072e-01  -2.5218219e-01  -1.0408151e-01   6.2297162e-02   1.7235904e-01   1.3052174e-01   1.7459434e-01   1.6091543e-01   6.0071699e-02   2.7489764e-01   2.7208967e-02   2.6839137e-01  -4.6205311e-02   1.4443751e-01  -2.1598266e-01   9.5634947e-02  -2.1049919e-01  -1.4176952e-01   6.2927317e-02  -1.1932787e-01   6.6193535e-02  -3.5616229e-01   6.5622845e-02  -2.1498413e-01   2.7926552e-01  -1.4058395e-02  -9.3645632e-02  -1.0896425e-01   9.7725631e-02   5.0355461e-04   3.9189390e-02   3.3688770e-01  -2.1998890e-01  -2.7924723e-01  -1.8921883e-01  -7.0036290e-02   1.2867693e-01  -8.9318187e-02  -1.8184134e-01   1.6097386e-01   5.0038248e-02   8.2307525e-02   1.0851107e-02  -2.2729409e-02   4.4918223e-02  -8.7251410e-02   6.3856333e-01   2.9215007e-01  -3.7513084e-01   3.2024585e-01   3.2963791e-01   1.6453331e-01   1.7976342e-01   2.6981985e-01
  -5.1914361e-02  -2.6501906e-01   1.8788161e-01   3.8736194e-01   1.7901260e-01   0.0000000e+00   4.4576599e-01  -1.9836731e-01  -8.6518836e-02   1.9705718e-01  -3.6697830e-02  -6.0962078e-02   6.5406101e-02  -7.7906761e-02  -3.6578196e-02   2.1239151e-01   1.7650164e-01   1.3430876e-01   1.0991961e-01   1.2872456e-01  -2.3927401e-02   5.9491181e-01   2.4441222e-01  -3.8973824e-01  -5.2763538e-02  -9.8222753e-02   3.0168414e-01  -1.5471098e-02  -1.5530031e-01   4.9001996e-01  -3.6966220e-02   1.5847794e-01   5.8868402e-02   1.7722014e-01   1.9047627e-01   1.3973390e-01   1.5150443e-01  -1.8756690e-02   4.2653210e-02   1.0230409e-01  -3.8150693e-02   1.3307876e-01   1.9360959e-01   9.3773164e-02  -6.6164461e-02  -1.0869303e-01   2.5405838e-01   2.1625558e-01  -2.9716150e-01  -6.6341743e-02   1.6272037e-01  -5.3096051e-02  -2.7945972e-01  -5.1523261e-02   1.8499484e-01   3.4528128e-01   4.1008200e-01   2.2925758e-01  -2.0973061e-01   2.4222637e-01  -6.1155599e-02   1.6022971e-02   2.3483655e-01  -3.5644898e-01  -2.9562220e-01   1.8470681e-01   7.2537130e-01   2.0602112e-02   3.7224445e-01   4.5736413e-01  -3.0537122e-01   3.6707318e-01  -1.0570507e-01   5.5921544e-01  -3.0017665e-01  -7.1951170e-02  -4.7098896e-02   4.5280326e-01  -1.6788346e-01   3.5387967e-02   3.0384067e-01  -4.3458358e-03   2.2731029e-01  -2.4296090e-03   1.5373580e-01  -3.1988443e-01   2.8671785e-01   4.1389376e-02  -2.1900431e-01  -2.0731796e-01  -8.8144986e-02   1.9329502e-02   7.9486983e-02   1.6659686e-01  -1.0392433e-01   1.8662078e-01   3.0725431e-02   3.2492887e-01  -4.1011043e-02  -1.4825046e-01  -2.8455386e-01   1.5296398e-01   3.5821909e-01   2.1399941e-01   3.5582307e-01   1.7360369e-01  -5.7888557e-03   5.4199980e-01  -6.2708564e-02   5.1712458e-01   1.8203075e-01   6.8421052e-01   3.6195111e-01  -3.8664898e-01  -2.0767894e-01  -3.8261796e-01   4.6884243e-01  -5.4702806e-02   5.4059475e-01   4.1533626e-01  -3.4980923e-01   2.7243904e-01  -1.9306379e-01  -2.8080651e-01  -1.1023931e-01   2.1753961e-01   1.6834104e-01  -1.0901113e-02   3.8769778e-01   3.3329745e-01  -1.0766841e-01  -1.6555251e-01   4.1477866e-01  -8.4167875e-02   1.4586771e-01  -2.0702806e-01  -8.5705380e-02  -1.9545885e-01  -2.4330158e-01  -3.3420295e-01  -4.4425788e-01   1.2015813e-01   2.0404597e-01   6.5763895e-01   2.0094524e-01   3.3364922e-01  -9.6824616e-03  -4.3677565e-03   4.1207166e-01  -2.7277568e-01   4.4137666e-02   3.4530854e-02  -1.3949261e-01  -5.2052655e-02   3.0475822e-01  -3.8035928e-01  -2.8447500e-01  -2.8593863e-01  -5.2171505e-02   2.2176181e-01  -2.1320847e-01   1.0141895e-02  -8.5950668e-02   4.8202969e-01   1.2276926e-01  -1.8381516e-01   2.9095658e-01   3.8200055e-03  -2.6344399e-01  -1.3673391e-01  -3.0884455e-02  -3.0111476e-01   1.2211901e-01   7.1855488e-01   6.7196027e-02   2.6146485e-02   3.8984927e-01
  -3.4964720e-01   3.9779631e-02  -1.4074326e-01  -5.4159374e-02  -7.2272472e-02   4.4576599e-01   0.0000000e+00  -2.4765354e-01  -5.3457938e-03   6.3250391e-01   1.6820658e-01   3.5585896e-01  -2.4275242e-01  -2.4315803e-01   1.4024384e-01   1.0773498e-01  -1.5761533e-01   3.5294726e-01  -1.2608155e-02  -2.1391756e-01   3.8102887e-01   1.7314352e-01   6.3378471e-01  -4.2425660e-01  -2.1443050e-01  -1.3149986e-01  -1.7132719e-01  -2.7065299e-01  -2.2535595e-01   6.5414156e-01   2.2110914e-01  -8.3000774e-03  -1.1095800e-01   6.7139455e-01   4.0061878e-01  -4.9735075e-02   1.8255121e-01  -2.2004795e-01  -1.1325679e-01  -9.6179166e-02  -1.7639403e-01  -1.9150648e-01   3.2701880e-01   2.4253400e-01   2.6609135e-01  -3.6382404e-01  -1.6832101e-01   6.8667069e-01  -3.9546405e-01  -4.0127548e-01   2.5567390e-01  -2.0049093e-01  -6.0384186e-04  -2.9360377e-01  -9.4045879e-02   1.8923752e-01  -4.0868884e-03  -2.0988809e-01  -1.5745156e-01   2.2413789e-01  -3.2059795e-01  -4.2944452e-02   2.7147405e-01  -1.2170865e-01  -2.2793086e-01   5.4489841e-01   1.3845169e-01  -7.3241064e-02  -1.6272449e-01   3.4072413e-01   2.3475143e-02   2.5398369e-01  -4.8280301e-03   1.6214050e-01  -4.4493273e-01  -1.5593107e-02  -3.2978820e-01   1.3841911e-01  -4.0359770e-01  -3.1565536e-01   3.5609594e-01   8.2484083e-02   4.4330014e-01  -2.3094548e-01   1.8497463e-01  -3.6422404e-01   3.7968605e-01  -4.2305565e-03  -5.0095663e-01  -4.3118234e-01  -3.5008373e-01  -4.1319801e-01   1.1446492e-01   7.9968427e-02  -2.3285895e-01  -5.7914196e-02  -3.2308934e-01   3.6254000e-02  -3.7902743e-01   1.5034209e-01  -2.5555868e-01   3.6496866e-01   2.6121520e-01   3.1411983e-01   2.1443479e-01  -1.1623605e-01  -4.0149598e-01  -1.1612398e-01   3.7263819e-02   3.4871310e-01   5.2766293e-01   3.8060637e-01   5.6142359e-02  -4.0546894e-01  -2.1251841e-01  -4.3154192e-01   2.8429373e-01  -9.7818760e-02   3.2640857e-01   5.9888502e-02  -5.4360496e-01  -1.3743215e-01  -2.1879942e-01  -2.4101283e-02  -4.3054842e-01   2.2991922e-01   4.0891837e-01  -3.9189016e-01   9.9490923e-02   3.1158694e-01  -1.4618894e-01   2.7957264e-01   1.5176276e-01   3.7195062e-01   6.1511326e-02  -3.9627669e-01  -3.2421569e-01  -9.9761242e-02  -2.9273731e-01  -3.1148066e-01  -4.3718804e-01  -2.8769887e-01   3.8160855e-01   5.5626753e-01   6.4865895e-01   5.7507039e-01   4.2923897e-01  -7.7440977e-02   4.3764660e-01   8.1905823e-02  -1.2971189e-01   2.3179249e-01  -5.6626412e-01   2.5841299e-01   4.7121424e-02  -4.9317897e-01  -3.9947347e-01  -1.3168201e-01  -4.2790401e-01   4.0451705e-01  -3.1532764e-02   9.7036125e-02   2.1833912e-01   2.3033352e-01  -4.1009336e-01  -1.5064687e-01   4.9110474e-01  -1.3882280e-01  -4.7028624e-01  -3.8503014e-02   9.8511654e-02  -3.9433245e-01  -1.0155485e-02   2.6469470e-01  -1.1380561e-01  -1.3642942e-01  -2.6620143e-01
   9.1625130e-02  -2.2220792e-01   5.1064756e-02   1.5166529e-01  -1.5428659e-01  -1.9836731e-01  -2.4765354e-01   0.0000000e+00   5.4948117e-02  -1.1971197e-01   5.7175567e-01  -4.0137390e-01  -2.2279910e-02  -1.5514733e-02   1.8438341e-01   1.8943230e-01  -1.9608559e-01   2.5895087e-01  -2.5778884e-02  -1.8705151e-01   3.2229707e-02  -1.3489084e-01  -1.8470216e-01   4.1050686e-02   1.3752429e-02   2.4510536e-01  -3.8044730e-02   1.9558160e-01  -2.2266875e-01  -3.8064482e-01   1.7154955e-01   1.1915695e-01   4.3294237e-02  -7.6721391e-02  -4.5815676e-01   6.9186551e-02  -1.9571691e-01   2.6212746e-01   4.3880017e-02  -2.5064634e-01  -5.4454756e-03  -1.9089368e-02  -3.0155955e-01   2.8342541e-01  -1.1746549e-02   2.9380242e-01   2.9158382e-01  -2.8205502e-01   5.0418231e-02  -1.5616112e-01   2.9996851e-01   6.5608096e-01   1.4205436e-01   9.3382943e-02   1.3845197e-01   6.4715958e-02  -3.0957869e-02  -4.6404423e-02   4.9478009e-01  -2.4224169e-01   4.0250375e-01  -1.8045330e-01  -1.8862517e-01   2.7912035e-01   2.2304084e-01   1.5430888e-01  -2.8077316e-01  -1.9353285e-02   3.3262532e-01   1.0538186e-01  -3.2005240e-01  -7.4656832e-02   6.5493616e-02  -2.5586573e-01   4.1175692e-03   9.3425811e-02   3.2643517e-01  -8.0942232e-02  -7.4085629e-02  -7.8827917e-02  -1.8469017e-01   1.4423949e-03  -1.3241069e-01   2.9879115e-01  -3.2010475e-01   5.4989647e-01  -1.9280164e-01  -1.4059824e-01   1.6554408e-02   1.4812805e-01   5.4513658e-02   2.7756822e-01  -1.5079372e-01  -8.5131812e-02   3.4486285e-01  -1.5768555e-01  -1.4242333e-01   2.9609082e-02  -1.6278949e-01  -1.5812026e-01   2.5047345e-01   4.4690097e-01  -3.5400571e-01  -3.2498031e-01   2.9048511e-01   1.3055507e-01  -9.4233477e-04   2.5943542e-02   4.3396867e-03  -9.5667131e-02  -6.7253465e-02  -1.7070900e-01  -1.2101415e-01   3.2511254e-01   1.7074824e-01  -7.6651729e-02  -1.9906631e-01   3.4611117e-02  -2.6903006e-01   2.3332259e-01   2.7405993e-01  -1.6810225e-01  -1.1692121e-01   1.6123971e-01   2.5075688e-01  -3.7910875e-01   5.3550165e-02  -8.9597472e-02   1.6495631e-01  -3.9461841e-01   4.9750977e-02   1.1640969e-01  -4.3613602e-01  -6.3082801e-02  -1.6441856e-01   3.5421581e-01  -1.2751418e-01   1.7201185e-01   6.0774582e-01   3.0920826e-01   3.7440387e-01  -2.5977088e-01   1.4521790e-01  -1.6530253e-01  -3.7203160e-02  -1.9616884e-01  -2.5554301e-01   2.1381500e-01   1.5790158e-01  -9.8713445e-02   3.5065783e-02  -2.5136427e-01   1.9891909e-01   2.0228351e-01  -3.3385813e-01   1.7437557e-01   3.4297882e-01   3.9105406e-01   3.2248409e-01  -2.5796496e-01  -5.7014293e-02   4.1333435e-01   7.1704346e-03  -1.8547119e-01   2.3459737e-01  -1.0028980e-01   1.2771983e-02   1.4962714e-01   3.0764151e-01  -1.2290967e-01  -2.1026919e-01   2.1942610e-01   3.6751804e-02  -2.0295041e-01  -2.6718246e-01  -2.6074592e-02   1.5319813e-02
  -3.1786405e-01   4.2037166e-01   9.7421829e-02  -1.8314364e-01   7.9882406e-02  -8.6518836e-02  -5.3457938e-03   5.4948117e-02   0.0000000e+00   1.8647362e-01   1.1463065e-01   3.7374225e-01  -4.1223529e-02  -3.3176691e-01  -4.4258581e-01   1.6220859e-01   1.2222255e-01   1.7473691e-01  -5.4357899e-02   2.5301606e-01  -1.4811712e-01   1.5415699e-01  -2.0147529e-01  -3.3689917e-01  -2.0048105e-01   8.2602085e-02   1.2960054e-01  -3.1839476e-01   1.9974622e-02   7.8304768e-02  -3.4348049e-01   7.0198734e-02   4.0714357e-02   3.5133393e-02   2.6374810e-01   3.2211716e-01  -3.5966714e-01  -1.9089276e-01   7.5267522e-02   2.4616997e-02  -4.1236708e-02  -6.7562701e-02   4.0755773e-01  -2.1479577e-01   2.7874191e-01  -8.0121513e-02   2.6666243e-01  -2.4933846e-01  -1.1514638e-01   1.5235329e-02   6.4892743e-02   5.6674889e-02   2.7671875e-01  -2.0425615e-01  -4.0102462e-01  -3.5242197e-01  -1.0937989e-01  -1.9620180e-01   2.8604785e-02   3.7606572e-02  -8.1458962e-02   1.0004884e-02   2.7509263e-01   3.5408034e-01   3.1248192e-01   1.3865935e-01  -1.1095511e-03  -7.3216868e-03   6.6994959e-02   1.1585595e-01   3.8793983e-02  -1.1737002e-01   1.3220057e-01  -2.3310848e-01  -1.5513927e-01  -3.1253175e-02  -7.9269049e-02  -2.8545285e-02   3.1526002e-01  -1.0497754e-01  -2.8684353e-01   2.4265571e-01  -2.0139870e-01  -9.9118986e-03  -3.5576865e-01   1.3383379e-01  -3.1485715e-02  -4.3759058e-01   1.9625459e-01  -3.0602921e-01   3.7049691e-01  -7.9694711e-02   2.3828706e-01   3.6090410e-01  -9.2832853e-02  -1.3049422e-02  -1.6830348e-01  -5.1972348e-02   1.5122555e-01   1.2118368e-01  -3.7497482e-01   6.8879211e-02  -2.9306435e-01   4.2840347e-01   1.5912106e-02   2.1569304e-02  -1.4298112e-01  -8.0246451e-02  -9.1401925e-02   7.8497120e-02   1.7811142e-01  -1.7921682e-01   3.9895249e-02  -1.8913797e-01  -3.8990514e-01   2.2411845e-01  -7.8899676e-02  -5.2727994e-02  -1.8577135e-01  -3.9057430e-02  -1.5001969e-01   2.1199076e-01   1.6648402e-01   4.6336459e-01  -1.5419387e-01  -7.3319341e-02   2.1705851e-01  -1.2436600e-01   9.4379518e-02   9.6003447e-02   2.0222604e-02   4.4409696e-02  -6.5898379e-02   1.9524392e-01   1.0345161e-01   1.6339445e-01  -1.5896643e-01  -4.0155036e-01   2.6778274e-01  -1.5915243e-01  -1.2644119e-01  -2.4579237e-01  -1.2670366e-02  -1.0569271e-01  -2.4172339e-01  -1.8985573e-01  -4.5784966e-03   2.3143078e-01   2.9994036e-03   1.9046292e-02  -2.2747106e-01  -1.7590717e-01  -2.0872118e-01   2.4356412e-01   8.3134413e-02  -2.1391651e-01  -1.6938136e-01   1.5896572e-02  -1.1268493e-01  -1.8806117e-01   4.7102249e-02   8.4210255e-02   2.3229230e-01   1.3578795e-01   4.3047134e-02   1.7036586e-01   9.4498342e-02   1.0436417e-02  -2.0447095e-01   9.4393665e-02   4.4225714e-01  -1.1112051e-01   1.7887404e-01   5.0544449e-03   6.7918014e-02  -5.3893340e-02   4.1529662e-02
  -5.0144932e-01   2.6338112e-01  -2.3384895e-01   5.4474877e-03  -2.7667013e-02   1.9705718e-01   6.3250391e-01  -1.1971197e-01   1.8647362e-01   0.0000000e+00   2.1084875e-01   3.3311136e-01  -3.1806120e-01  -4.8426761e-01  -1.4238397e-01   3.7202647e-02  -2.1412578e-01   3.6210703e-01  -2.0889722e-02  -1.2233416e-01   5.1590334e-01   4.4501784e-02   5.2876337e-01  -5.2693784e-01  -2.6817457e-01  -1.2383561e-01  -1.5668191e-01  -3.2446083e-01  -2.3978101e-01   2.8283162e-01   1.3359495e-01  -1.6100619e-02  -2.1495188e-01   6.9329783e-01   2.4393203e-01   1.1309299e-01   3.4822046e-01  -3.3349298e-01   2.7316460e-02  -1.3983339e-01  -1.2982825e-01  -3.0042748e-01   3.6896474e-01   9.8227815e-02   3.1284976e-01  -3.5537453e-01  -3.1219109e-02   3.7743477e-01  -8.5749448e-02  -4.7067323e-01   3.0240488e-01  -1.1223393e-01   2.2998723e-01  -4.1265260e-01  -2.9100418e-01   1.8751872e-02  -1.5589180e-01  -2.6263710e-01  -8.5383544e-03  -1.6540161e-01  -3.0954496e-01   1.1331179e-01   1.4312925e-01   1.3802550e-01   1.0597793e-01   6.1563118e-01  -4.6473027e-02   1.3958115e-01  -1.6487474e-01   7.7317943e-02   1.6847363e-01   1.4411223e-01   2.1011103e-01  -1.9377901e-01  -3.6990401e-01  -3.3405112e-02  -3.3638224e-01   7.1592607e-02  -1.7822376e-01  -3.1415974e-01   6.3901092e-02   2.3063223e-01   3.5981747e-01  -2.0567252e-01  -1.5813205e-01  -2.0306671e-01   1.3075932e-01  -3.0620247e-01  -3.6242888e-01  -4.7783349e-01  -1.4378004e-01  -4.2274010e-01   2.6928921e-01   1.9181027e-01  -2.4437355e-01   1.6567443e-02  -2.8108575e-01  -4.1230753e-03  -2.4675180e-01   5.0424082e-01  -3.1783407e-01   3.0305088e-01  -1.6525453e-02   1.3913418e-01   1.4285399e-01   6.4300171e-02  -4.3323315e-01  -1.9280256e-01   3.1468035e-01   2.3868263e-01   6.9185515e-01   1.0450328e-01   4.0040748e-02  -4.0596990e-01  -4.3217077e-01  -7.3511050e-02   1.6087962e-01  -4.7312411e-02  -6.7381802e-02   1.1981307e-01  -4.7540661e-01  -1.3241639e-01  -1.8550309e-01   3.3148594e-01  -4.6564779e-01  -1.5508509e-01   4.1156702e-01  -3.6711877e-01   1.6171889e-01  -6.4313768e-03  -2.1003063e-01   5.0556686e-01  -5.8279188e-02   4.8899726e-01   1.6796229e-02  -2.3964614e-01  -3.2650201e-01  -3.7339117e-01  -4.8610381e-02  -2.8359682e-01  -3.5179667e-01  -2.8319915e-01   1.8254051e-01   1.6367190e-01   4.8252231e-01   2.9808429e-01   3.1137526e-01  -1.8349639e-02   3.8855902e-01   4.7605605e-01  -4.8360978e-01  -5.1605321e-02  -6.2813727e-01   2.8026044e-01  -1.0455474e-01  -4.8516604e-01  -4.0582861e-01   6.9658178e-02  -4.8158167e-01   1.3378643e-01  -1.0336465e-02   1.6309740e-01   4.8166424e-01   1.0512087e-01  -1.4844089e-01   7.0150463e-02   5.7491722e-01  -1.0881752e-01  -5.6184710e-01   1.4282946e-01   2.0646314e-01  -3.4115790e-01   1.5421920e-01   2.5993143e-02  -1.4565876e-01  -1.0632182e-01  -3.0459617e-01
  -5.9044812e-02  -2.3556940e-01  -1.1421798e-01  -5.2223544e-02   1.8536305e-03  -3.6697830e-02   1.6820658e-01   5.7175567e-01   1.1463065e-01   2.1084875e-01   0.0000000e+00  -2.8506371e-01  -6.0794283e-02  -1.3683834e-01   1.4793771e-01   1.8151160e-01  -2.7916696e-01   6.6056927e-01  -4.2834536e-02  -2.4614013e-01   3.8090233e-01   3.8450656e-02   4.2389633e-02  -1.4899675e-01  -1.3144279e-01   7.0131803e-02  -9.0727388e-02   1.1839930e-01  -3.3742559e-01   1.4895550e-02   3.4561487e-01   1.2499528e-01  -5.1304300e-02   5.4508725e-02  -1.1580528e-01   4.0018815e-01  -1.4694777e-01   1.4794750e-01   1.2508007e-01  -4.1317148e-01  -1.5203948e-02  -2.1153925e-01  -1.5331766e-02   5.2056420e-01   2.2022402e-01   1.4755893e-01   4.3521426e-01   1.4125530e-01   1.2752540e-02  -4.5352974e-01   5.3386528e-01   3.8251688e-01   4.3166447e-02  -1.3405484e-01   2.3902213e-02   2.9014810e-01  -1.2188282e-01  -1.4123625e-01   3.0834846e-01   2.0699800e-02   1.6406088e-01  -1.7706132e-01  -2.8734054e-02   2.5315607e-01   2.3276773e-01   6.0014245e-01  -1.7150196e-01  -6.7321191e-02   3.4006317e-01   2.3087535e-01  -3.5170745e-01   5.2428195e-02   2.7646615e-01  -3.3784849e-01  -2.8689049e-01   1.1108124e-01   1.2343974e-01   8.8394050e-02  -2.4080128e-01  -2.6984699e-01   1.6844743e-02   1.5794442e-01   1.0402249e-01  -1.2197242e-01  -2.9820035e-01   2.3971013e-01  -1.1158773e-01  -1.9866743e-01  -3.7409296e-01  -7.4324702e-02  -3.2607053e-02  -2.9236510e-02  -2.1508503e-01   9.8041944e-02   1.8894394e-01  -1.6954549e-01  -2.0306683e-01   8.0097975e-02  -1.4129591e-01  -9.1316725e-02   1.1626563e-01   6.1933985e-01  -1.7753705e-01   1.0722362e-03   3.9596155e-01   3.7746003e-02  -2.6865208e-01   4.7608045e-02  -1.2291211e-01   1.6133134e-01   4.5027588e-02   1.9775225e-03  -3.7206103e-02   1.1234530e-01   3.1119115e-02  -2.3584048e-01   9.3086620e-02   1.7785606e-01   3.2180307e-02   2.0564504e-01   7.5800373e-02  -2.5248856e-01  -1.6031250e-01   3.5776928e-01   3.8033957e-02  -3.4143401e-01   4.4396561e-01  -3.0708706e-01   6.8186950e-02  -2.3698228e-01   1.5701109e-02   3.8081867e-01  -3.2929897e-01   3.6355645e-01  -3.1022312e-02   2.6161757e-02  -3.1125141e-01   1.0783384e-02   3.0870536e-01   1.4424458e-01   1.8800852e-01  -3.4061350e-01   4.7940339e-01   6.9205795e-02   2.4268648e-01   2.7718719e-01  -2.7019817e-01   5.4570649e-01   4.4914164e-01   7.3520898e-02  -1.1162903e-01  -4.1499936e-02  -4.2002798e-02   5.0934365e-01  -3.6038508e-01  -8.7769542e-03   9.7868755e-02   3.2617888e-01   3.9535492e-02  -9.4948294e-02  -1.7230060e-01   5.5720770e-01   5.0578137e-01   1.9566438e-02  -4.1126849e-02  -4.1982002e-01   3.1659094e-01   1.5444308e-02   7.7327605e-02  -1.2206623e-01  -2.8050931e-01   6.7217621e-02   1.0937600e-01   2.7625613e-03  -3.3555489e-01  -1.8562634e-02  -1.4425313e-01
  -4.7559660e-01   7.3004601e-01   7.9541387e-02  -1.9530926e-01   1.4062741e-01  -6.0962078e-02   3.5585896e-01  -4.0137390e-01   3.7374225e-01   3.3311136e-01  -2.8506371e-01   0.0000000e+00  -6.6755324e-02  -4.0191647e-01  -3.3308963e-01   2.3096655e-01   2.9228999e-01  -8.6868776e-02  -1.8627420e-02   2.6941131e-01  -4.2669103e-02  -2.0776612e-01   1.1778343e-01  -3.0434688e-01  -3.3532735e-02  -1.8753355e-02   1.5993413e-01  -3.9316948e-01   2.7673300e-01   3.1865148e-01  -2.1744615e-01  -9.6631184e-02   1.5844659e-01   4.3248817e-01   5.7814261e-01  -3.4056407e-02  -1.0064317e-01  -4.9452710e-01   2.9296224e-02   4.1018756e-01  -6.7928062e-02   1.1580637e-01   5.3433834e-01  -2.8982328e-01   4.5383905e-01  -4.6743471e-01  -2.5811341e-01   1.6050735e-01   2.8189466e-02   3.0144609e-01  -1.9647779e-01  -3.0490745e-01   3.6426815e-01  -4.0622025e-02  -3.8320640e-01  -4.0895843e-01  -1.1852787e-01  -3.8124089e-01  -2.3146137e-01   2.4774040e-01  -4.7890317e-01   3.0870159e-01   4.0128253e-01   3.0222687e-01   6.3071984e-02  -2.8537044e-02   4.4436799e-03   2.8614229e-02  -2.5664719e-01  -1.2032830e-01   5.2783513e-01   1.1061091e-01   1.7540559e-01  -5.4332708e-03   5.4544062e-03  -1.9626817e-01  -4.5748511e-01  -1.5233942e-01   3.7197524e-01  -3.4683178e-02  -7.2941631e-02   1.3628807e-01   2.5107120e-01  -1.2491395e-01   7.9138597e-02  -2.7694961e-01   2.1732884e-01  -2.1838078e-01   3.4995801e-01  -4.2316247e-01   1.7848990e-01  -3.2983969e-01   5.6892888e-01   1.6052274e-01  -4.7099158e-01   1.4184926e-01  -8.2556723e-02  -1.0279619e-01   1.7460440e-01   4.4066416e-01  -4.7054127e-01   1.4564579e-02  -2.0346836e-01   5.2056129e-01  -3.6480796e-01  -1.7927100e-01   3.5624988e-04  -3.1896719e-01   2.0657081e-01   3.9453647e-03   4.3225456e-01  -2.6313476e-01   2.1993748e-01  -4.6171568e-01  -4.0357181e-01   3.4311091e-01  -1.2548490e-01  -8.3751702e-02  -1.2148295e-01  -2.6418131e-01  -4.5394812e-01   2.3033580e-01   2.7352579e-01   1.6910082e-01  -5.2361962e-01   2.8465556e-01   5.9835059e-02  -9.6793945e-02  -1.5835044e-01   4.4281814e-01   1.6028652e-01   1.4233398e-01   2.4040351e-01   2.8091349e-01   2.9349676e-01  -2.1808520e-01   9.3211205e-02  -3.0638434e-01  -9.3325270e-02  -3.7642811e-01  -3.4452698e-01  -1.2788018e-01  -1.8904124e-01   1.7020462e-02   2.1918939e-02  -1.4652687e-01   5.2173693e-01  -1.6843409e-01  -2.1930598e-01   1.6389919e-01  -2.6213571e-01  -2.0453546e-02  -3.8960066e-01   2.0330965e-01   4.5052628e-01  -3.9005214e-01  -4.6364821e-01  -2.0564164e-01  -4.4258054e-01   7.0410053e-02   3.7870921e-01  -2.4591032e-01   5.5503060e-02  -3.9510086e-02  -2.7086505e-01   4.5756745e-01   2.3912635e-01  -1.7062945e-01  -3.7117728e-01   4.0635051e-01   6.7749227e-01  -4.4294261e-01   1.2904323e-01  -2.1523337e-02   9.2383540e-02  -2.2309105e-02  -1.6413784e-01
   1.0661450e-01  -1.2211754e-01   2.4330448e-01   2.5443415e-01   1.9687082e-01   6.5406101e-02  -2.4275242e-01  -2.2279910e-02  -4.1223529e-02  -3.1806120e-01  -6.0794283e-02  -6.6755324e-02   0.0000000e+00   3.4256697e-02  -4.5766099e-02   1.8099957e-01   2.9540339e-01   5.9177139e-02  -5.3555948e-02   3.1729952e-01  -1.3027364e-01   2.5868505e-01  -2.5080204e-01   3.2476681e-02   2.8753004e-01  -1.5157117e-01   1.7625236e-01  -3.7842889e-02  -4.0824916e-02  -8.3026895e-02  -1.6981333e-01   9.8244181e-02   2.3445501e-01  -2.8909331e-01  -1.0073651e-01   2.3744647e-01  -2.0900359e-01  -9.7258769e-02   1.6349936e-01   2.1690170e-01   7.0806895e-01   2.6182390e-01  -1.1940794e-01  -2.7249354e-01  -5.0566922e-02   9.8252212e-02   2.8078671e-01  -1.9432607e-01  -3.6871735e-02   3.5536343e-01   3.6389792e-02  -5.5901792e-02  -1.5173836e-01   1.5741953e-01   6.4741423e-02  -9.3022812e-02   8.3529571e-02   1.6694672e-01   1.7530708e-01   8.6210722e-02   7.2602980e-02   1.2053001e-02  -3.9109187e-02  -1.1724978e-01  -1.8093304e-01  -2.8133096e-01   2.1773815e-01  -1.2486742e-01   1.8501222e-01   1.3202329e-01   3.3360529e-02   1.6732727e-01   7.1065501e-02   1.4858162e-01   1.7287491e-01   5.4303271e-02   5.9755507e-02   3.7785284e-03   1.3297274e-01   3.3546399e-01  -2.0456529e-01   9.9269418e-02  -1.9618569e-01   5.1923356e-02   2.7736139e-02   8.6671912e-02  -1.6949321e-01  -5.4318306e-02   1.8634947e-01   7.2485050e-03   4.4496541e-02   3.3671802e-01  -4.1944377e-02   1.0633189e-02  -8.4615051e-02   1.5788971e-01   2.8006183e-01   1.4700433e-01   2.2640960e-01  -1.4480532e-01  -1.2580253e-01  -9.3622750e-02  -2.1894046e-02   7.0100915e-02   2.0862264e-02   2.1103567e-01   1.9318953e-01   1.9883099e-01  -1.0467369e-01   9.0287659e-02  -3.1394529e-01   7.3398281e-02   7.0262716e-02  -3.4383806e-02  -1.0942798e-01   1.2205082e-01  -4.0410820e-02   4.9982681e-01   3.9080082e-03   2.1447872e-01   1.6274453e-02   1.8287307e-01   1.5491492e-01  -1.2342122e-01   1.4341102e-02  -1.4236199e-01  -1.2723310e-01   5.9822738e-02   2.3505406e-01   1.3011022e-01   3.0588915e-01  -1.3696284e-01   5.6214243e-02  -1.2244620e-01   1.4148385e-01   1.7687720e-01   1.7538802e-01  -1.3220560e-01   5.4175688e-02  -4.2335264e-02  -2.5199646e-02   2.5245398e-01  -2.7888335e-01  -2.6624703e-02  -1.7082432e-01  -2.1346298e-01  -2.8030208e-02   1.8548672e-01  -1.4458707e-01  -1.2099086e-01   8.3609493e-02  -1.7674007e-01   2.3413311e-01  -2.1212722e-01   2.4162644e-01  -3.1736807e-02  -8.1107091e-02   2.0045620e-01   2.4519429e-01  -1.5729990e-01  -4.7803861e-02  -9.6261292e-02   1.1725501e-03   1.5925786e-01   2.8018125e-01   2.4614217e-02  -2.8587370e-01  -5.1562103e-02   8.9939105e-02  -4.4861828e-02  -1.2576354e-01  -8.7748034e-02   6.7338469e-02   1.2991276e-01   1.3946536e-02   1.1399110e-01   4.6660848e-01
   7.3423510e-01  -5.2815019e-01  -5.8401877e-02  -6.2584747e-02  -1.3629680e-01  -7.7906761e-02  -2.4315803e-01  -1.5514733e-02  -3.3176691e-01  -4.8426761e-01  -1.3683834e-01  -4.0191647e-01   3.4256697e-02   0.0000000e+00   3.9269224e-01  -2.3747287e-01  -2.9649982e-01  -1.9473862e-01  -4.7185152e-02  -2.5286893e-01  -2.3794204e-01  -9.6442298e-02  -1.5620645e-01   5.5819185e-01   1.5273602e-01  -8.1409664e-02  -2.4083839e-01   4.9497973e-01   1.8004206e-02  -6.6993982e-02  -2.2000944e-02   4.0331699e-02  -1.4278058e-01  -4.1970422e-01  -1.6382969e-01  -2.8669451e-01  -1.4302170e-01   5.3114979e-01  -1.5307357e-01  -2.0565327e-01   1.6659127e-02  -6.7628100e-02  -3.4326081e-01   1.7746451e-01  -3.3391283e-01   2.9760630e-01  -1.9117190e-01  -1.1196363e-01  -6.0019335e-02  -6.2721142e-02  -1.2989926e-01  -8.4774503e-03  -4.3298049e-01   1.5650702e-01   3.4750140e-01   1.6790174e-01   2.0139736e-01   3.9051779e-01   8.1088051e-02   2.9314608e-01   2.3804097e-01  -3.6354235e-01  -2.1881674e-01  -4.3728849e-01  -2.2173703e-01  -1.8552499e-01   2.4270420e-02   3.7221222e-02  -1.1354467e-01   7.6674448e-03  -3.6022822e-01   3.9196881e-03  -3.6421578e-01   1.8542918e-01   8.1829538e-02   5.2404435e-02   3.1046995e-01   5.5232963e-02  -3.0049029e-01  -1.3991015e-02   1.4222274e-01  -3.5431688e-01  -3.0231176e-01   6.8670566e-03   1.9913601e-01  -2.9674827e-03   9.8547464e-02   3.7802285e-01  -1.2569147e-01   5.8196970e-01  -2.2800951e-01   1.1587407e-01  -3.5880435e-01  -1.6768873e-01   3.8275725e-01  -1.2972660e-01   4.8643191e-02  -6.1345986e-02  -3.0357091e-02  -3.9167850e-01   5.3140901e-01  -1.7109717e-01   2.2724367e-01  -1.4955371e-01   1.7400594e-02   9.7276544e-02   1.9903190e-01   1.8590967e-01  -3.1888971e-01  -2.4058027e-01  -4.5458079e-01   2.0405262e-01  -7.5793010e-02   6.3258767e-01   5.7287031e-01  -3.3415041e-01  -9.5223148e-03   3.9436025e-02   2.9102869e-01  -8.6523173e-02   4.5305986e-01  -1.9930231e-01  -1.1327093e-01  -4.0091042e-01   5.0965081e-01   4.0182429e-01  -1.4003002e-01   1.0533074e-01  -8.5849963e-02  -1.5253191e-01  -1.3144597e-01  -3.8086503e-01   7.4221578e-02  -3.6985269e-01   3.1029685e-02  -9.5605047e-02   4.1767578e-02   5.4444417e-01  -2.3794961e-01   4.6565856e-01   4.3281946e-01   6.7577870e-03   1.9781468e-02   1.1748903e-01  -1.7670168e-02   4.0564552e-02  -2.7239813e-01  -4.9228741e-02  -3.3494771e-02  -4.2636449e-01   5.2710490e-01   1.8780122e-01   4.9691849e-01  -3.0627110e-01  -2.6743077e-01   5.3097772e-01   5.1477175e-01   3.9859928e-02   2.2329219e-01  -1.7076444e-02  -4.0619952e-02  -1.0735219e-02  -3.1023820e-01   3.4635132e-02  -6.3935737e-02  -2.9502212e-01  -4.2239314e-01   9.3575858e-02   5.2457133e-01  -3.6913135e-01  -3.9699761e-01   4.8217067e-01  -3.5821471e-01  -5.8168157e-02   7.7863559e-02  -2.2109070e-01   5.1585598e-02
