   0.0000000e+00  -3.4710293e-01  -2.9093532e-01   1.5354574e-01  -3.7170481e-01   1.1803783e-01  -7.4740024e-02   3.3540843e-01   1.5757210e-01  -3.7604135e-01  -1.0961430e-01  -3.6447347e-01   1.5349847e-01   4.9190078e-01   2.1027957e-01  -6.6812737e-02  -2.6354232e-01   2.2414437e-02   1.1501929e-02  -3.0782793e-01  -2.0186340e-01   3.7290837e-01  -7.3928594e-02   8.3420063e-01   2.2957872e-01   4.6443743e-01  -8.7308338e-02   2.1793503e-01  -1.7529563e-01   2.3283411e-01  -4.8166343e-02   7.8784571e-02   1.0422033e-01  -3.4122522e-01  -1.7444676e-01  -3.0189954e-01  -2.1959759e-01   5.8058182e-01  -2.2100878e-01  -3.5764779e-01   1.0254323e-01   5.4349723e-02  -3.1955789e-01   2.8717416e-02  -2.0819179e-01   6.2305588e-01   2.0390763e-02  -2.4068360e-01  -1.3812606e-01  -2.6681175e-01   2.2817619e-02   3.3610336e-01  -4.1159302e-01   3.3455620e-01   4.4861072e-01   4.9326685e-02   2.4307406e-01   2.5361074e-01   1.5954769e-01   1.9296095e-01   4.8832507e-01  -3.2082222e-01  -2.2450121e-01   3.2166861e-02  -1.5553146e-01  -1.0392001e-01  -3.9637526e-03  -1.8155817e-01   7.9701115e-02  -4.7338081e-02  -4.0877204e-01   1.5465361e-01  -1.7651403e-01   1.9780005e-01   3.5984871e-02   2.1788501e-01   4.4173719e-01   1.8597357e-01  -4.2743938e-01  -6.0188585e-02   1.6383597e-01  -2.2561722e-01  -4.4787354e-01   4.1287652e-01   3.8931581e-02   2.3494749e-01  -1.5490023e-01   5.0166515e-01  -1.4276670e-01   8.1710680e-01  -1.2494741e-01   1.7262656e-01  -4.3762126e-01   5.6456781e-02   6.2121138e-01  -1.7104949e-01  -1.5659919e-01   2.6940696e-01  -2.1508910e-01  -1.4213252e-01  -1.9405901e-02   1.0423977e-01   1.1573509e-01   4.4416478e-01   2.9837557e-01   1.1410163e-01   2.4448639e-01   2.1613860e-01   1.4307055e-02  -1.5551619e-01  -4.7015383e-01   2.6586055e-01   4.1964424e-02   8.8678998e-01   2.2682930e-01  -3.5293696e-01   2.2660840e-01   3.0079084e-02   1.9619768e-01   2.4759309e-01   6.0642531e-01  -4.4881568e-01  -3.0345403e-01  -2.3131405e-02   2.7492150e-01   4.0957355e-01  -1.5345259e-02   1.1186943e-01   2.8332032e-01  -3.6079750e-01   1.6593703e-01  -2.8307040e-01   6.4605594e-02  -2.2823188e-01  -8.6713736e-02   2.3339482e-01  -9.1776355e-02  -7.0343599e-02   2.0091736e-01   6.2957534e-01   8.2259542e-01  -6.6101349e-02   1.5254836e-01  -1.5955137e-01  -9.2510063e-02  -7.3503837e-02  -3.7700577e-01   2.1343398e-02  -1.2176819e-02  -2.8536219e-01   1.2383700e-01   2.4239298e-01   6.3559189e-01   5.2512138e-02  -3.4693781e-01   6.6596965e-01   7.4609358e-01   1.4722428e-01   2.8208404e-01   2.0216128e-01   8.1229822e-02   3.0186073e-01  -2.9429231e-01   9.1491171e-03   2.8532529e-01  -3.7140454e-01  -2.7272043e-01   4.6515492e-01   6.1494596e-01  -4.8784519e-01  -2.5299953e-01   3.6120359e-01  -1.9841865e-01   4.6404785e-02  -5.9142406e-02  -7.8406163e-02   3.2358317e-01
  -3.4710293e-01   0.0000000e+00   3.9194982e-01  -3.2188452e-01   5.8125629e-01  -5.1899525e-01   7.0052882e-02  -2.4936561e-01   6.0746479e-01   2.4736839e-01  -8.2205801e-02   7.8570161e-01  -8.8234632e-02  -5.3557463e-01  -6.3768956e-02  -2.4611352e-01   3.4493051e-01  -3.3338855e-01  -9.8579728e-02   3.5778542e-01  -3.6872393e-01  -4.3696752e-01  -4.8632935e-01  -2.8465536e-01  -3.1279407e-02  -3.1219495e-01   4.0362891e-02  -5.6466389e-01   1.4244886e-01   1.4474499e-01  -1.5073654e-01  -3.0860188e-01  -1.3555558e-01   8.4722831e-02  -3.5344147e-02  -7.6946177e-02   2.5599697e-01  -2.1418999e-01  -6.3937521e-02   3.9711426e-01  -7.6372297e-02  -1.2625144e-01   7.9037139e-01  -2.7204591e-01   2.7750539e-01  -1.8031406e-01  -4.7964061e-01   1.4271507e-02  -1.8468565e-01   2.2843403e-01  -4.4391663e-01  -2.7259733e-01   7.8873152e-01   4.0537074e-03  -4.3893615e-01  -3.5456696e-01  -2.4271825e-01  -3.0125871e-01  -1.3216971e-01   2.0448796e-01  -1.5331443e-01   3.1433513e-01   7.6785311e-01   3.2356916e-01   6.2419682e-01  -2.6854615e-01  -1.6522196e-01   3.4911981e-01  -3.7475857e-01  -2.5617198e-01   6.7794024e-01  -3.0891434e-01   8.1131386e-02  -3.7644441e-01  -5.4126411e-02  -1.2944091e-01  -6.0949296e-02  -2.0403463e-01   7.1828851e-01   7.2991635e-02  -4.9548691e-01   3.7242728e-02   2.7755741e-01  -3.2345866e-01   2.4863818e-01  -1.6741888e-01   3.6334446e-01  -5.9109104e-01   7.4762618e-01  -2.7491772e-01   7.0662756e-01   8.1727821e-02   1.8206273e-01   2.2865201e-01  -2.4512961e-01   5.2463542e-02   1.8117711e-01  -2.5719051e-01   3.2676507e-01  -1.5549388e-02  -2.3534308e-01  -1.8196615e-01  -4.9942069e-01  -8.3195537e-02  -4.1075574e-01  -2.5106376e-01  -6.3322007e-02  -1.1309638e-01  -2.7854191e-01  -2.5932391e-01   3.4558230e-01  -4.6353324e-01  -5.4867669e-02  -4.3292428e-01  -5.6330122e-01   7.9250655e-01  -2.6776955e-01   1.4626837e-02  -3.4059229e-01  -4.4357173e-01  -3.3305064e-01   6.4237020e-01   7.3624535e-01   4.1187076e-01  -3.4803407e-02  -4.4176474e-01  -2.0170543e-02   7.2663467e-02  -3.4480729e-01   2.4836067e-01  -1.3630660e-01   2.0110271e-01  -7.2870763e-02   1.4258735e-01   6.0936382e-01  -2.0162728e-01   1.3749554e-02  -1.5824646e-01  -2.3276762e-01  -2.6382841e-01  -3.6111425e-01   4.4546757e-02  -1.9712263e-01  -1.7040763e-01  -3.0581091e-01  -3.0370719e-01   3.3722525e-01  -2.2400600e-01  -5.4288946e-01   1.1083520e-01  -2.6146690e-01  -4.1850433e-01  -3.3340170e-01   3.4003063e-01   4.2409896e-01  -3.1776635e-01  -3.7822641e-01  -1.5791946e-01  -7.4616086e-02  -6.0059862e-01   3.0123984e-01  -2.5237849e-01   1.3876650e-01  -3.2482897e-01  -1.4142823e-01   7.0381186e-01  -1.6297424e-01  -3.4946248e-01  -3.0107870e-01   6.1521460e-01   4.6491835e-01  -2.7952786e-01   1.1911353e-01  -2.6341587e-01   1.8053315e-01  -4.6572881e-02  -2.1531113e-01
  -2.9093532e-01   3.9194982e-01   0.0000000e+00  -2.9838365e-01   2.9654849e-01  -6.6827474e-02  -1.6796129e-01  -3.3535463e-03  -5.5603147e-02   1.9756232e-01  -7.2806680e-02   6.2343539e-01   5.8116857e-02  -1.1233243e-01  -1.5202458e-01   3.2377212e-01   9.0200359e-01  -3.6756229e-01  -6.0404758e-02   2.4082893e-01  -2.7979891e-01  -3.5405120e-01  -3.3969198e-01  -2.5351646e-01  -7.4039176e-02  -1.6023707e-01   3.6216409e-01  -1.6018451e-01   1.9393750e-01  -4.7683442e-01  -1.7678930e-01  -2.8037922e-01   3.8359878e-01   1.4377517e-01   1.4124624e-01  -6.0505513e-02  -2.2080320e-01  -2.9350953e-01   2.5152894e-01   7.1589104e-01  -2.4486668e-02   3.6255768e-01   3.4219768e-01   1.1247060e-01  -1.5133168e-01   1.8283816e-01  -2.7374850e-01  -4.0657069e-02  -3.5288386e-01   8.1389101e-01  -3.1585638e-01  -3.8665704e-03   2.2924980e-01   2.4776233e-01  -2.8638388e-02  -2.7445288e-02  -1.8618115e-01  -4.0440894e-01  -1.6758865e-01   1.1333247e-01   1.7236780e-01   1.2294223e-01   3.5988741e-01  -2.2032938e-02  -1.9415174e-01  -9.5231045e-02   1.2987165e-01   1.6027517e-01  -1.7024191e-01   4.7167468e-01   4.0084398e-01  -2.9806422e-01   1.9311338e-02   1.0027018e-02   9.5556448e-02  -1.3791682e-01   3.0567833e-01  -2.2372659e-01   6.0525633e-02   8.9615598e-02  -7.5712505e-02   6.5082582e-02   2.3065459e-01  -4.0273336e-02   5.4274631e-01  -1.6779628e-01  -2.0745502e-01  -1.2838744e-01   2.5778076e-01  -4.2256003e-01   1.0391318e-01   5.3830617e-01   4.6015965e-01  -2.5937840e-01  -2.5681042e-01   1.7933763e-01   2.0574377e-01  -1.5612992e-01  -6.7464048e-02  -3.6516942e-01   1.7792827e-01  -1.7153627e-01  -1.2272565e-01  -1.2337708e-01  -4.8884914e-01  -3.4961232e-01   3.5561256e-01  -9.5891381e-02  -3.5345704e-01   7.3471580e-02   4.8336772e-01  -4.9622335e-01  -8.5714050e-02  -3.2233515e-01  -1.4477850e-01   1.9485798e-01  -5.4914226e-02   1.6798524e-01   2.0101429e-01  -2.6566332e-01  -5.8157847e-02   4.3541280e-01   3.2027274e-01  -1.9558039e-01   4.3924034e-01  -2.0680385e-01  -3.8765596e-01   1.3894319e-01  -3.9645226e-01   7.7492751e-01   1.9294078e-01  -1.6587574e-01   1.5076244e-01  -8.0408792e-02   1.9013336e-01  -1.2858391e-01   1.8962935e-02   5.0839181e-02  -1.3482600e-01  -1.4212647e-01  -3.1901721e-01  -9.1002596e-02  -9.4300044e-02   4.6481290e-01  -3.2965521e-01  -3.4172232e-01   3.9154515e-01  -6.9749378e-02  -1.2703101e-01  -2.1593082e-01   2.8360620e-01   8.4351115e-02  -1.9326036e-02   2.0781933e-02   9.0389549e-01  -2.6536236e-01  -1.5969572e-01  -1.2350384e-01   3.8836345e-01  -2.3120798e-01   1.9599535e-01  -1.6520120e-01   2.2326582e-01  -4.0852160e-01  -3.3163330e-01   2.8728957e-01   8.9049758e-02  -2.4307581e-01  -1.5680819e-01   4.7150098e-01   1.0325645e-01  -2.9451860e-01  -2.2895870e-01   2.5396934e-01   2.5647725e-01   1.8142490e-01  -4.6100966e-01
   1.5354574e-01  -3.2188452e-01  -2.9838365e-01   0.0000000e+00  -8.5287203e-02   4.2246973e-01   1.4673166e-01   4.0141520e-01   4.1041747e-02  -1.5835657e-01  -1.6196478e-01  -3.5762964e-01   7.7442676e-02   3.4381583e-01   2.2855760e-01   4.0355435e-01  -2.6588763e-01   3.7191844e-01   2.2085107e-01  -7.9441254e-03   2.6195595e-01   6.4510072e-01   4.5151519e-01   1.4170441e-01   2.1837012e-01   3.0734050e-01   7.5831120e-02   4.0427618e-01  -2.7221467e-02   1.4618527e-01   3.9062727e-02   7.0612950e-01  -9.4530299e-03  -3.9191534e-02   1.2251441e-01   2.2696510e-01   1.4690464e-01   3.6290267e-02   2.6000882e-01  -2.5397798e-01   2.5045296e-01   8.5149573e-02  -1.4529020e-01   5.7252642e-02   1.6725017e-01  -9.7894469e-02   1.3832470e-01   2.3974375e-02   3.8986726e-01  -3.4212312e-01   4.9223540e-01   2.2554666e-01  -3.5979530e-01  -1.5985020e-02   2.8362827e-01   2.1652560e-01   3.5472593e-01   6.6587997e-01   5.4420482e-01   2.2622941e-01   1.8830124e-01   2.8266872e-01  -1.7506864e-01  -2.0793598e-01  -1.5361625e-01   9.9509239e-02   2.2321329e-01   3.1286474e-01   3.8022895e-01  -1.7496346e-01  -2.0073884e-01   6.8061234e-01   3.9547203e-01   1.8777719e-02   2.0076883e-01   3.1651465e-01  -4.8279195e-02   4.8633395e-01  -1.4564351e-01   4.6895143e-01   4.3704059e-01   3.1978083e-01  -3.6755858e-02   3.6960684e-01  -3.1355415e-01   4.0225896e-01   8.4177208e-02   3.7564176e-01  -9.9110722e-02   1.3892627e-01  -3.1013526e-01  -1.6663688e-01  -8.6774994e-02   3.1006450e-01   1.2367279e-01   6.8768792e-02   3.9716498e-01   4.2085066e-01   4.5155348e-01   3.3036567e-01  -7.8289589e-02   1.3382147e-01   4.7161941e-01   3.7874247e-01   6.1359194e-01   7.7256649e-01   1.7353623e-03   6.1252177e-01   4.5386575e-01   2.8342952e-03  -2.3185239e-01   5.2730980e-01   7.2759155e-01   2.3453369e-01   1.8633602e-01  -1.2284242e-01   2.0117302e-01   2.3885398e-01  -5.6632156e-02   8.2736174e-01   1.4078320e-01  -2.4414044e-01  -1.8259881e-01  -2.2427181e-01  -8.2892866e-02   4.8434552e-01   2.0778926e-01   2.1180012e-01   7.1675376e-01  -2.9097895e-01   1.9552226e-01   1.1860550e-01  -1.3254824e-01  -1.7925665e-01   8.5578759e-02   2.2882400e-01   3.3250453e-01   1.4058317e-01   2.5018206e-01   2.0604199e-02   1.4527257e-01   4.2113207e-02   3.6387005e-01  -1.5861051e-01   3.9815440e-01   4.0346794e-01  -2.0233529e-01  -1.2148708e-01   2.4664358e-01   1.6044693e-01  -1.9484213e-01   3.1196720e-01   2.5931513e-01  -4.2946853e-01  -2.3755860e-01  -7.5343004e-02   2.8109138e-01   5.9516885e-01  -1.1794301e-01   5.1787206e-01   2.2412770e-01   2.9918745e-01  -2.2313999e-01   6.3292835e-01   6.8659517e-01  -2.4123192e-01   8.7621930e-02   2.6822572e-01   4.2899970e-01  -2.8560657e-01  -2.7328113e-01  -1.1753671e-01   3.7658320e-01   1.1372514e-01   2.5045933e-02  -3.7111087e-02   7.3290252e-01
  -3.7170481e-01   5.8125629e-01   2.9654849e-01  -8.5287203e-02   0.0000000e+00  -1.6373547e-01   7.2008704e-02  -3.0095728e-01   3.0330134e-01   8.8593416e-02   1.2106077e-01   4.5725612e-01   7.1781555e-02  -3.5990524e-01  -2.0820545e-01  -7.6200553e-02   3.4369714e-01  -8.6811769e-03  -1.2199398e-01   7.3393154e-01  -6.1062832e-02  -2.8271269e-01  -1.1984596e-01  -2.2140027e-01  -7.3794969e-02  -3.3127349e-01   2.9557741e-01  -2.8822430e-01   1.6361866e-01  -1.0334901e-01  -1.4492837e-01  -8.5112642e-02  -9.2151876e-02   7.2245331e-02   1.0523690e-01   4.5164406e-01   2.7803023e-01  -2.5895695e-01   1.0330440e-01   3.5448890e-01   9.7498754e-02  -1.2711804e-02   4.7208367e-01  -1.5970538e-01   3.6494831e-01  -1.5080705e-01  -4.3344786e-02   1.6356996e-01   1.5700650e-01   1.7033855e-01  -1.1783194e-01  -3.7788305e-01   5.5823836e-01  -6.1410431e-04  -2.7174413e-01  -1.8019024e-01  -2.6310477e-01  -1.3330095e-01  -3.5554369e-02   1.4465392e-03  -1.9610213e-01   4.4335463e-01   5.5187867e-01   7.7047493e-02   3.8091212e-01  -1.7434294e-02   7.0727349e-02   4.3657079e-01  -1.4688664e-01  -1.5403562e-01   4.8815305e-01   4.6147850e-02   1.8350583e-01  -2.1635733e-01   5.5260137e-02  -2.8793428e-01  -1.7338438e-01  -7.8702905e-02   5.6722881e-01   2.3856175e-01  -1.6604739e-01   2.0662832e-01   2.7706316e-01  -3.3198178e-01   1.4745156e-02  -3.0326360e-01   1.3833332e-01  -3.8725461e-01   5.1940822e-01  -2.6866030e-01   5.4511172e-01   1.0777312e-02   4.1330937e-01   1.0098034e-01  -3.5390450e-01   5.8279422e-01   2.7546633e-01  -1.6589146e-01   5.8846677e-01   4.0145663e-02  -3.1713758e-01  -2.0896167e-01  -1.4330934e-01  -1.6083621e-01  -2.0739576e-01  -4.3668307e-02  -3.3989929e-02  -1.0306494e-01   1.6222698e-02   9.3070911e-02   2.9493338e-01  -2.9969701e-01   7.3288387e-02  -3.7538459e-01  -3.9537040e-01   7.0015228e-01  -1.7475907e-01   1.0682796e-01  -2.6103476e-01  -1.5569429e-01  -3.6082325e-01   7.2408679e-01   4.2415745e-01   1.8229540e-01   8.4496229e-03  -2.5815915e-01   5.5422202e-02   8.9202965e-02  -2.1252607e-01   2.1626134e-01   1.5670534e-02   3.1949461e-01   6.4412805e-03  -1.3953567e-02   3.2778456e-01  -3.0399109e-01   1.0540322e-01  -1.7711827e-01  -2.9728472e-01  -2.8429229e-01  -3.7106959e-01   2.1263825e-01  -2.3927819e-01  -1.0166193e-01  -1.1171772e-01   1.6045644e-02   2.4739835e-01   3.7442796e-02  -8.9556467e-02   2.2643312e-01  -3.4966342e-01  -1.8426054e-01  -3.1786065e-01   1.3224099e-01   3.5243193e-01  -2.6444831e-01  -3.9928582e-01   1.9002311e-02  -9.2409133e-02  -1.7627542e-01   1.8671844e-01  -4.0720282e-01   3.4452106e-01  -4.9275205e-02  -6.2035374e-02   4.9556055e-01   8.2539277e-02  -3.3917079e-01  -3.2875034e-01   6.1775362e-01   3.3299954e-01  -3.8201624e-01   3.2968754e-01  -1.2854277e-01   1.8139460e-01   1.3776335e-02  -1.9001716e-01
   1.1803783e-01  -5.1899525e-01  -6.6827474e-02   4.2246973e-01  -1.6373547e-01   0.0000000e+00   4.2885987e-01   2.0498338e-01  -3.4373065e-01  -8.0903865e-02  -1.1466947e-01  -3.2721442e-01   6.1977765e-02   3.1057729e-01   2.2058514e-01   4.2516596e-01  -1.8048869e-01   2.5746206e-01   2.5831917e-02  -5.8767055e-02   3.3191309e-01   4.3046881e-01   5.2003527e-01   3.7274783e-02  -1.8445948e-02   2.3053922e-01   3.9955255e-01   5.6029698e-01  -2.2208905e-02   9.7625021e-04  -1.3751068e-01   3.7585243e-01  -1.8867411e-02   2.1783158e-01   4.4275560e-01   3.8534590e-01  -1.7000601e-01  -2.4623789e-01   1.4181154e-01   3.6027012e-02   1.3823952e-01   7.8558916e-02  -4.1919555e-01   8.1954942e-02   9.0606660e-02   1.0576406e-01   3.8182054e-01   4.2084121e-01   3.4370728e-01  -1.5920526e-01   4.8269119e-01   1.1645093e-01  -3.9213693e-01  -2.3846784e-01   4.7525611e-02   3.1729073e-01   3.2505745e-01   3.4732917e-01   1.7908963e-01   1.5486724e-01  -1.1997714e-01   3.1019390e-02  -5.8234272e-01  -3.8603104e-01  -3.9161438e-01   5.0905041e-01   6.2971696e-01  -2.2039486e-02   3.8276010e-01   4.5671500e-01  -2.5607334e-01   3.8226301e-01   1.5744037e-01   4.3643024e-01  -1.1600331e-01  -3.2419886e-02  -2.9200163e-01   2.5490580e-01  -3.1683193e-01  -5.6305005e-02   4.6120664e-01   1.7177402e-01  -1.7623632e-01   1.5966583e-01  -1.1413313e-01   4.2578041e-03  -1.1899631e-01   3.8437408e-01  -4.4505584e-01  -1.8061051e-02  -4.6503055e-01  -3.2057245e-01   1.8605885e-01   8.1782189e-02  -1.8762701e-01   2.4275003e-01   2.9442247e-02   2.6303342e-01  -1.6895177e-02   7.9909686e-02  -3.2758882e-02   4.4644712e-01   5.5292482e-01  -3.6026614e-02   3.8179473e-01   3.1216088e-01  -6.2283722e-02   2.2640034e-01   5.0140660e-01   4.4451456e-01   3.2144127e-02   5.4431053e-01   1.7801940e-01   2.2329582e-01   3.8953854e-01  -5.1150381e-01   7.6464243e-03   9.3858280e-02   3.6716842e-01   5.1310436e-01  -3.7444103e-02  -3.6889532e-01  -3.5725797e-01  -4.4686707e-01   2.2978399e-01   5.0875712e-01   3.0887559e-01  -2.1195944e-01   2.7459760e-01   1.3349111e-01   2.4318442e-01  -1.8061703e-01   3.0081264e-01  -2.5060276e-01  -3.9458068e-01   6.2900384e-02  -9.0251429e-02   2.0188882e-01   1.3363581e-01  -1.9735753e-02   1.4198759e-01  -1.8771788e-02   1.7942212e-01   4.2251273e-01   3.8736941e-01   2.2203324e-01   8.2878579e-02   1.2682848e-01   6.0825539e-01  -1.6463587e-01   1.7115427e-01   1.4815321e-01   6.0456872e-02  -4.6742970e-01   1.8893992e-02  -3.9802865e-02   1.1735130e-01   1.8550639e-01  -2.3828283e-01   5.9891334e-01  -1.3062113e-01   1.1076898e-01  -7.7375119e-02   3.3603815e-01   3.0147903e-01  -5.5973455e-01   4.4273336e-01   1.6445256e-01   1.3972620e-01  -3.1829941e-01  -1.3044750e-01  -3.1704695e-01   3.3666618e-02   6.8563336e-01  -2.4517737e-01  -1.8869162e-01   2.0329978e-01
  -7.4740024e-02   7.0052882e-02  -1.6796129e-01   1.4673166e-01   7.2008704e-02   4.2885987e-01   0.0000000e+00  -2.2285042e-01   1.2035781e-01   3.7496798e-01  -1.4588551e-01   1.9073259e-01  -1.0550291e-01  -2.5137066e-01   3.3985815e-01  -1.9454296e-02  -4.0247915e-01   1.6365237e-01  -1.8843930e-01   1.3938088e-01   1.3395364e-01  -9.3593252e-02   3.4563089e-01  -2.1411747e-01  -2.4005458e-01  -1.9162295e-01   3.2329959e-01   7.7022558e-02   1.6015321e-02   3.0890079e-01  -4.9130272e-02  -9.4712637e-03  -3.8494592e-01   6.2236214e-01   6.1783795e-01   4.2507656e-01   1.8656628e-01  -3.7184370e-01  -1.0622503e-01   8.3082146e-02  -9.8171903e-02  -2.8579434e-01   1.6041342e-01  -3.7322200e-01   5.4137556e-01  -1.3203020e-02   9.9222233e-02   6.7857375e-01   3.8598988e-01  -3.8600173e-01   2.6032402e-01  -2.3071894e-01   2.4600821e-01  -4.4781544e-01  -4.8090463e-01  -1.6228302e-01  -1.1504757e-01   4.0695276e-02   9.1959294e-03   4.0289596e-01  -3.6374887e-01   2.8658588e-01  -3.0530132e-01  -1.4002611e-01   2.9056511e-01   5.5572191e-01   3.8009847e-01   7.6028705e-02  -4.5664164e-04   6.5229607e-02   2.3176731e-01   5.5158606e-02   1.6111807e-01   8.9237809e-02  -4.3145862e-01  -1.5144885e-01  -6.0144673e-01  -1.2436208e-01   3.5810539e-01  -2.2193310e-01   1.2274346e-01   2.5505373e-01  -8.9729554e-02  -2.6272688e-01  -1.2328952e-01  -1.4819663e-01   3.5419898e-01  -2.2439748e-01  -1.0179250e-01  -1.2165549e-01   3.4582553e-02  -6.2025162e-01   3.3102680e-01   5.3935734e-01  -3.6532655e-01   3.0030442e-01  -3.7207442e-03  -1.0734740e-01   1.9502677e-01   4.2912942e-01  -2.6280049e-01   5.8308251e-01   8.7527593e-02  -2.6015736e-01   1.7897986e-02   5.6602729e-03  -3.3758716e-01  -6.9101628e-02   3.4999313e-01   2.3342271e-01   3.2424689e-01   2.1126070e-01  -5.2674927e-02  -2.6614744e-02   2.2738571e-01   1.8956222e-02  -4.5170402e-01  -9.5450321e-03  -1.7485728e-02   5.9681098e-02  -3.4706462e-01  -5.7979519e-02   2.0181670e-01   1.3770076e-02   4.7587718e-02   1.2263667e-01   6.7869152e-01  -4.6808833e-01  -1.2415891e-01  -6.6704177e-03   8.3793708e-02   2.7415622e-01   1.8230720e-01   4.6226054e-02  -9.5325589e-02  -5.0176405e-02  -2.7148530e-01   2.4007173e-01  -7.1700535e-02  -2.5059524e-01  -7.0181917e-02   6.0396848e-02  -1.0108169e-01  -6.4292333e-02   5.6226088e-01   1.2631232e-01   5.7869456e-01  -1.8329253e-02   2.5149446e-01   1.4016923e-01  -3.5488852e-02  -2.2026016e-01  -2.7945243e-01  -1.4246769e-01  -1.0168455e-01  -3.0920537e-01  -1.9981060e-01   1.1798726e-01  -6.0395409e-01   8.9205819e-02  -2.5107642e-02  -2.3005950e-01   1.6175357e-03   1.5097417e-01  -2.0708712e-03  -5.9956497e-02   4.9479481e-01   5.3310458e-02  -4.6325387e-02  -7.0487540e-02   4.7582432e-01  -5.1368087e-01   1.7138747e-01   2.2327054e-01  -2.5533048e-01  -2.7267131e-01  -3.0422422e-02
   3.3540843e-01  -2.4936561e-01  -3.3535463e-03   4.0141520e-01  -3.0095728e-01   2.0498338e-01  -2.2285042e-01   0.0000000e+00   3.4923408e-02  -1.6549753e-01  -1.4526172e-01  -2.4713164e-01   2.7812214e-01   2.3339353e-01   2.9908439e-01   3.6388486e-01  -8.7922760e-04   6.3395915e-02   3.4747242e-01  -2.6707530e-01  -1.3410639e-01   4.6709358e-01  -3.7906281e-02   4.5971273e-01   1.2886646e-01   7.1422310e-01  -1.2090372e-01   2.4018763e-01   4.1480425e-02   8.6065142e-03   6.9599570e-02   4.3542175e-01   2.6958639e-01  -2.4266556e-01  -1.0256070e-01  -2.8995079e-01   4.5305384e-02   2.7450616e-01   9.9652191e-02  -2.4163083e-01   2.5063030e-01   2.2502829e-01  -1.7172678e-01   2.3328620e-01  -1.9807090e-01   1.2306438e-01  -1.0045946e-01  -3.2937156e-01  -1.0900234e-03  -5.3973847e-02   1.7107244e-01   8.2548821e-01  -2.9511999e-01   2.1490880e-01   3.3576356e-01   8.0194658e-02   4.9253210e-01   4.3049340e-01   4.1367773e-01   2.9763405e-01   4.4070890e-01  -7.4949819e-02  -1.3333709e-01   9.0631103e-02  -2.6894170e-01  -2.6766296e-01   7.1607694e-02  -1.5014584e-02   3.3737177e-01  -2.2734680e-01  -1.0907322e-01   2.5778250e-01   1.2591022e-01  -1.4982637e-01   1.6892696e-01   6.0322340e-01   3.6636270e-01   4.5515497e-01  -3.5797791e-01   3.3313203e-01   2.9769438e-01  -3.1601306e-02  -3.3827726e-02   7.1441886e-01  -5.3275644e-02   6.5131982e-01  -1.1193746e-01   3.3205731e-01  -1.5536603e-02   3.1105422e-01  -2.9059243e-01   2.7640899e-01  -3.2844330e-01   1.1471395e-01   3.2429660e-01  -2.2743080e-01   1.4741418e-01   6.2479786e-01  -3.8835092e-02  -1.9750744e-02   1.5331415e-01   1.9454706e-01   1.0719530e-01   5.4095569e-01   4.1789459e-01   4.0048604e-01   2.7306499e-01   6.8763792e-01   6.0914432e-02  -2.5562486e-01  -2.8353811e-01   3.1946434e-01   3.4341029e-01   4.1492784e-01   7.7145267e-02  -1.2104246e-01   2.7785870e-01   2.2464210e-01  -8.0269793e-02   4.4319640e-01   4.8523477e-01  -3.5234199e-01  -1.7737936e-01  -2.0395721e-01   3.9347394e-02   3.4863669e-01  -1.7566725e-01   2.6572468e-01   4.9881255e-01  -2.7332550e-01   3.1084868e-01  -9.9142523e-02  -2.8289709e-01  -1.4507812e-01   6.0504960e-02   6.0433095e-01   1.9390442e-01   1.2153575e-01   5.9074772e-01   3.6536184e-01   3.4708719e-01  -4.1027857e-02   5.5620671e-01  -1.6645696e-01  -2.5387757e-02   2.1191928e-02  -2.9740731e-01  -2.0539093e-01  -4.2414615e-02   9.5487468e-04  -8.0434126e-02   3.5792718e-01   5.0915743e-01  -1.1787258e-01  -1.0054666e-01   2.5990128e-01   5.1218068e-01   4.2016794e-01   3.5040939e-01   2.6658286e-01   2.4557221e-01   5.8972215e-01  -2.9281482e-01   1.4490545e-01   4.8985989e-01  -2.5660116e-01  -2.0019582e-01   3.0119544e-01   4.5896383e-01  -2.3522312e-01  -4.5423827e-01   1.5461786e-01  -1.4998453e-01  -7.4713989e-02  -1.0911180e-01   2.6909102e-02   4.0557441e-01
   1.5757210e-01   6.0746479e-01  -5.5603147e-02   4.1041747e-02   3.0330134e-01  -3.4373065e-01   1.2035781e-01   3.4923408e-02   0.0000000e+00  -6.9526872e-02  -1.4130882e-01   3.8104413e-01  -1.7209063e-02  -3.4447470e-01   2.2526704e-02  -3.2271401e-01  -6.0104627e-02  -1.1212179e-01  -4.7147579e-02   2.1242194e-01  -5.2150155e-01   4.9681362e-02  -5.0607097e-01   1.2681943e-01   1.7987191e-01   8.6637905e-03   7.8566282e-02  -4.5277030e-01   8.6641514e-02   4.9663733e-01  -3.2263724e-01  -6.8712782e-02  -1.2113159e-01  -1.5320771e-01  -1.8448004e-01  -6.8032802e-02   1.1022659e-01   1.1493907e-01  -1.8715986e-01  -3.6148741e-02   1.1534684e-02  -6.9100576e-02   5.9738502e-01  -2.8597280e-01   3.3737445e-01   5.5105738e-02  -3.4336507e-01  -9.9626630e-02  -1.9388244e-01  -1.8134181e-01  -2.2924144e-01  -1.5419155e-02   3.7764582e-01   1.8335289e-01  -2.2857800e-01  -3.2261867e-01   4.3273487e-02   1.8459624e-01  -1.3617593e-02   4.9196492e-01   8.3698441e-02   2.8987160e-01   5.2279294e-01   2.9486138e-01   5.9023447e-01  -3.0839689e-01  -1.2839530e-01   3.7534719e-01  -1.8364427e-01  -4.2927230e-01   2.2977997e-01   1.0906426e-01   6.1874089e-03  -3.5021014e-01   4.4382877e-02   1.7149828e-01   5.2061594e-02   1.0335007e-01   4.6207599e-01   1.8096397e-01  -3.8192770e-01  -1.2895605e-01  -1.0605937e-01  -4.0659046e-02  -1.1831354e-02   1.4687109e-01   2.9160142e-01  -3.6368786e-01   6.0004707e-01   2.0744857e-01   6.0457459e-01   3.8990452e-02  -1.6747254e-01   6.2939476e-01   9.0628549e-02   8.3808619e-03   2.4677181e-01   2.3746948e-02   4.1266650e-01  -6.4533160e-02  -4.9979176e-01  -3.0843373e-02  -3.7274009e-01   3.6089945e-01  -1.2298590e-03   6.0853808e-02   1.4489660e-02   2.1866250e-01  -1.1440432e-01  -2.9605445e-01  -9.7151903e-02  -6.1858445e-02   2.6760313e-01   1.0952502e-01  -5.3448697e-01   4.6472814e-01  -1.4005341e-01  -8.5699339e-02  -3.2712149e-01  -5.3102844e-02   7.6001840e-03   2.9519987e-01   5.0976190e-01   4.5380208e-01  -4.5085417e-02  -1.1384835e-01   1.5167860e-01   1.6682236e-01   4.3789460e-02  -1.6536292e-01  -1.2602103e-01   5.2087327e-02  -1.4439168e-01  -1.1998105e-01   7.2083700e-01   5.4746325e-02   9.3703574e-02  -3.3742628e-01   3.7565402e-02   3.0075208e-02   1.2862868e-01   1.1422844e-01  -1.8663089e-02  -3.8732670e-01  -2.4879440e-01  -3.7706659e-01  -4.7472443e-02  -1.6573710e-01  -4.9853368e-01  -9.7902111e-02  -4.5133519e-01  -3.3594307e-01   6.9644601e-02   3.8440500e-01   8.8996576e-03  -1.5081027e-02   7.6541366e-02   8.0481312e-03  -3.0735787e-02  -3.7520491e-01   4.3455970e-01   2.8779511e-02  -1.3878329e-01  -1.3343800e-02   2.8187546e-01   3.4795225e-01  -3.0519767e-01   2.8964021e-02   2.0539545e-01   1.4776969e-01   3.1148238e-01  -8.0857329e-02   2.8126353e-01  -1.8987252e-01   1.1483694e-01   4.7524815e-04   2.7241571e-01
  -3.7604135e-01   2.4736839e-01   1.9756232e-01  -1.5835657e-01   8.8593416e-02  -8.0903865e-02   3.7496798e-01  -1.6549753e-01  -6.9526872e-02   0.0000000e+00  -1.0721216e-01   3.5320713e-01  -8.4444964e-02  -3.0520297e-01   8.7052385e-02   3.1655545e-02   9.2516876e-02  -3.5947089e-02  -1.3822317e-01   1.8446089e-01  -1.2531954e-01  -4.0369046e-01  -5.2373966e-02  -3.4276918e-01  -2.4267511e-01  -2.0032909e-01   1.6320777e-02  -8.5013739e-02   1.3610763e-01  -1.1608968e-01   2.5338332e-01  -2.8497230e-01  -2.3116736e-01   6.4952178e-01   2.6837939e-01   2.0341078e-01   3.3128781e-01  -3.9163788e-01   1.0000119e-02   3.1638172e-01  -6.5310331e-02  -7.2614971e-02   2.5253664e-01  -5.9245284e-02   2.1365739e-01  -1.9175205e-01  -1.7258941e-01   2.4552335e-01  -3.0044333e-02   9.4949737e-02  -1.3545301e-02  -1.2473280e-01   4.0202119e-01  -1.2795209e-01  -5.0295721e-01  -1.2796013e-01  -1.5805707e-01  -3.1867024e-01  -1.1428037e-01   1.0422948e-01  -2.6255515e-01   2.2846088e-01  -2.4808223e-02   3.9068990e-02   1.8813030e-01   2.2378273e-01   2.5488622e-01  -4.3202304e-02  -2.2784919e-01   3.9100905e-02   5.3143065e-01  -3.4264538e-01   1.5904177e-01   2.5945375e-02  -1.0326530e-01  -2.7048079e-01  -3.0755577e-01  -2.6666084e-01   4.0611785e-01  -1.9171901e-01   3.3949131e-02   2.5296683e-01   3.7964392e-01  -1.8266729e-01   2.7878131e-01  -2.5327848e-01   1.9834123e-01  -3.4195911e-01  -2.5333740e-02  -3.4976189e-01  -8.5409369e-02  -1.7284680e-01   4.6261168e-01   1.0659432e-01  -3.8391925e-01   2.1909751e-01  -9.6906621e-02  -2.5147018e-01   3.3718881e-03   4.2398959e-01   2.6659181e-01   1.4966032e-01  -2.0148481e-01  -3.4767771e-01  -3.3789842e-01  -2.2102147e-01  -4.1334298e-04  -1.8135655e-01  -1.3228054e-01  -7.5905990e-02   5.9506585e-01  -3.2034559e-01  -1.9363041e-01  -3.4841411e-01   2.3780564e-01   2.6810883e-01  -2.5328710e-01   1.3642673e-01  -1.1663180e-01  -2.8425126e-01  -3.6192684e-01   5.3939028e-02   3.0104433e-01   1.3896700e-02   6.0103643e-02  -1.6954759e-01   6.7080267e-02  -2.2565115e-01  -4.2277818e-01   1.9560200e-01  -1.4069557e-02   4.8694005e-01   1.5116071e-01   3.5418213e-01   2.0769046e-02  -1.3052081e-01  -1.2681822e-01   3.7906963e-01  -1.8110178e-01  -3.2891835e-01  -3.3064147e-01  -1.2306852e-01  -1.8481891e-01  -1.1996679e-02   2.5144966e-01  -1.5059857e-01   7.1118310e-01  -2.4531593e-01  -7.5567228e-02   4.0783193e-01   2.4432307e-01  -1.1685242e-01  -3.2493678e-01  -1.6377938e-01   1.5461386e-01  -3.4843931e-01  -3.7131874e-01   6.5450831e-02  -2.7740258e-01  -2.8536135e-01  -7.9787913e-02  -3.2799435e-01   2.6355506e-01  -1.5645980e-01  -2.3356939e-01   1.4640522e-01   2.3687560e-01  -1.6593375e-01  -2.5276804e-01   3.5813562e-01   2.0549230e-01  -3.3732429e-01  -2.4239912e-02  -3.1356207e-02  -1.4679326e-01  -1.4738613e-01  -2.5612118e-01
  -1.0961430e-01  -8.2205801e-02  -7.2806680e-02  -1.6196478e-01   1.2106077e-01  -1.1466947e-01  -1.4588551e-01  -1.4526172e-01  -1.4130882e-01  -1.0721216e-01   0.0000000e+00  -2.6444975e-01   1.0913240e-01  -3.8041028e-02  -1.0916067e-02   2.5209184e-03  -1.6318878e-02   6.9454665e-01   7.1108290e-02   5.3356012e-02   2.5329306e-01  -1.1334549e-01   4.5666942e-02  -9.8401186e-02  -9.8654130e-02  -1.1254254e-01   6.0918128e-02  -6.7252246e-03  -1.4973622e-01   8.0933863e-02   4.0830544e-01  -1.0484919e-01   3.6935241e-02   9.8622348e-02  -1.3915320e-01   3.9705154e-01  -4.2765755e-02   5.2573471e-02   3.1978049e-01  -1.1548137e-01   3.7254709e-01  -1.3612072e-01  -2.8200946e-01   2.6041368e-01  -6.6982160e-02   3.9678940e-02   6.1035144e-01   1.4434267e-01   2.4515200e-02  -1.0402350e-01   4.1652860e-01  -1.2611740e-01   1.3768419e-01  -4.8905864e-02   1.0531864e-01   1.0801177e-01  -1.3075054e-01  -2.3036575e-01   1.9994346e-01  -2.9706862e-01  -1.3024547e-01  -1.1161856e-01  -7.9708544e-02   3.5546118e-01   1.4429310e-01   1.3088462e-01   2.9322205e-02  -1.2360979e-01   2.5521763e-01   1.2815459e-01  -1.3863325e-01  -9.9291121e-02   3.0268863e-01  -4.8627463e-02  -2.1067705e-01  -2.1554261e-02  -2.6199620e-02  -9.8522751e-02   3.1397032e-02  -1.5952235e-01  -1.6466792e-01   2.2920975e-01  -1.1165306e-02  -1.5505883e-01  -1.3958867e-01  -4.7248009e-02   7.8825066e-02  -1.4192545e-01  -2.1022145e-01  -1.3334105e-01   9.8226151e-02  -1.2753999e-02  -7.1826798e-02  -1.4330754e-01  -3.2609235e-02  -1.3941089e-01  -1.9090714e-01  -1.7948933e-01  -7.7001343e-02  -1.2308149e-01   1.0924662e-01   1.1197862e-02  -1.6233946e-01  -2.2931762e-02  -8.2859354e-02  -1.4384004e-01  -1.2018935e-01  -1.9876796e-01  -1.2957958e-01   3.4929720e-01  -2.1626085e-03  -1.4815534e-01  -2.0994703e-01  -2.5466883e-01  -3.2867812e-02  -4.1897845e-02  -1.0204941e-02   2.8699380e-01   1.6743596e-01  -1.6073363e-01  -1.2149856e-01  -1.0787637e-01  -3.1414531e-01   3.1624173e-01   3.7900139e-02  -1.7714726e-01   1.1647413e-02  -1.1553002e-01  -2.1869783e-01   1.5358643e-01   2.3227250e-01   2.8188483e-01   4.2162125e-02   5.0411320e-01  -2.8453143e-01   6.0010250e-03  -2.6898723e-01   1.0387591e-01   6.9401147e-02  -1.9562862e-01  -1.8747949e-01   1.4706799e-01   2.1017894e-01   3.0701432e-02   9.3337230e-02   2.0361297e-01  -1.4866809e-01   6.0544349e-01   2.9601580e-01  -1.9115153e-03  -2.6919601e-02  -4.1346588e-02  -2.1957612e-01   5.8595260e-01  -7.1767893e-02  -2.1640401e-02  -2.0060365e-01   8.6872474e-02  -1.0249620e-01  -9.4467598e-02  -1.8656788e-01   1.7244649e-01   5.2081842e-01   6.3477267e-02  -2.5671170e-01  -2.0055076e-01   3.3184681e-01  -1.0646002e-01  -3.4677352e-01   1.1701333e-01   7.7429289e-03   1.1069980e-02   1.5998405e-01   9.5383561e-03  -1.1287805e-01   2.2029956e-01  -1.7696309e-01
  -3.6447347e-01   7.8570161e-01   6.2343539e-01  -3.5762964e-01   4.5725612e-01  -3.2721442e-01   1.9073259e-01  -2.4713164e-01   3.8104413e-01   3.5320713e-01  -2.6444975e-01   0.0000000e+00  -1.0889950e-01  -5.0608695e-01  -4.3936538e-02  -9.2337465e-02   4.8618814e-01  -4.8101225e-01  -7.6680076e-02   3.6600000e-01  -4.1833237e-01  -5.1692929e-01  -4.7349402e-01  -3.5661332e-01  -1.2647849e-01  -2.9834985e-01   1.8013423e-01  -5.3039032e-01   2.5094509e-01  -5.8454681e-02  -2.8326313e-01  -3.8465301e-01  -2.2607408e-02   2.5673244e-01   1.7731640e-01  -6.0175216e-02   9.2461163e-02  -3.0503252e-01  -3.2521816e-02   5.2338002e-01  -1.9142349e-01   4.6690641e-02   8.1293788e-01  -3.1819894e-01   2.7319402e-01  -8.6238073e-02  -4.8296181e-01   4.4770155e-02  -2.5482985e-01   4.1299768e-01  -4.6491872e-01  -2.1068062e-01   6.0367391e-01   4.5276667e-02  -4.2012169e-01  -3.6258165e-01  -2.3562762e-01  -3.6442175e-01  -2.8069968e-01   3.5096020e-01  -4.8177450e-02   3.1933854e-01   5.6529027e-01   5.8360895e-02   3.5459007e-01  -8.7925270e-02  -6.6143879e-02   2.0993853e-01  -3.8997776e-01  -1.6212431e-02   6.2484824e-01  -3.7943849e-01  -2.7420339e-02  -2.0560448e-01  -1.8064491e-02  -1.3588520e-01  -2.2516096e-02  -3.2135002e-01   5.5225026e-01   4.4253846e-03  -4.0806402e-01   5.8336514e-02   1.8287231e-01  -2.4589667e-01   3.6387323e-01  -1.8795322e-01   1.3984710e-01  -5.3387867e-01   5.7146440e-01  -3.7973952e-01   4.9294668e-01   1.7775585e-01   4.5589969e-01   2.2241552e-01  -3.1758379e-01   2.2436522e-01   1.4595904e-01  -2.2051032e-01   1.6555339e-01  -1.0160761e-01  -2.0013123e-01  -1.0096873e-01  -4.5378815e-01  -1.6902333e-01  -5.2966089e-01  -3.3314196e-01   6.4549720e-02  -1.4921115e-01  -2.7713594e-01  -1.5637549e-01   5.7151689e-01  -5.0072934e-01  -1.4463125e-01  -3.8476170e-01  -4.2739001e-01   5.6172763e-01  -3.6278439e-01  -5.2239993e-02  -2.4756909e-01  -4.3409933e-01  -2.9289131e-01   6.4282386e-01   7.5494703e-01   1.7863502e-01   8.0174194e-02  -3.2204822e-01  -1.5513270e-02   1.2584729e-02  -4.3178985e-01   4.0209990e-01  -4.3878015e-02   2.7702575e-02   3.3612591e-02  -2.2114216e-02   5.4531953e-01  -1.6071416e-01   1.5922630e-02  -1.7947264e-01  -1.9321624e-01  -2.4708016e-01  -4.1101803e-01   2.4282377e-02  -2.8637588e-01   6.8878110e-02  -2.6516984e-01  -4.6195386e-01   5.6528715e-01  -2.3937313e-01  -4.3146804e-01  -6.6145213e-02  -2.8847424e-02  -3.7624082e-01  -2.8825570e-01   1.2871083e-01   6.0507950e-01  -3.6510576e-01  -3.6503285e-01  -2.0790850e-01   3.1079858e-02  -5.8076993e-01   2.5415899e-01  -4.0242746e-01   5.1764614e-02  -3.8987519e-01  -2.4723047e-01   6.9974019e-01  -3.0635049e-03  -4.0123371e-01  -2.8952398e-01   5.4414019e-01   5.1179745e-01  -3.6014841e-01  -7.9205405e-02  -7.5144406e-02   3.0860973e-01  -5.5352104e-02  -3.2746712e-01
   1.5349847e-01  -8.8234632e-02   5.8116857e-02   7.7442676e-02   7.1781555e-02   6.1977765e-02  -1.0550291e-01   2.7812214e-01  -1.7209063e-02  -8.4444964e-02   1.0913240e-01  -1.0889950e-01   0.0000000e+00   5.7027378e-02  -1.1925788e-02   1.7499528e-01   9.5201957e-02   1.3403367e-01   1.0487666e-01   2.6552612e-01  -6.1883912e-02   1.0685590e-01  -4.1493410e-02   2.2453285e-01  -3.0750850e-02   2.8497943e-01   2.5663527e-02   1.0077581e-01  -2.3181456e-03  -4.2528290e-02   3.0863166e-02   1.6018785e-01  -1.0284567e-01  -1.0728819e-01   4.6863334e-03   3.6888350e-02   5.0193143e-02   2.1328494e-01   2.5447614e-01  -5.7057232e-02   6.6225070e-01  -5.9823771e-02  -4.6374248e-02   2.0881802e-01  -5.1810307e-02   1.2367377e-01   1.3160285e-01  -1.0819970e-01   1.9274485e-02  -1.0288641e-01   1.1067092e-01   3.2869631e-01  -1.0907483e-01   9.3921444e-02   1.4500861e-01   4.9766525e-02   1.2015901e-01   6.3684257e-02   2.8816143e-01   3.2574933e-02   2.2551254e-01   1.1337500e-01  -1.1269857e-01   1.6338862e-01   2.9037029e-02  -1.2510624e-01   4.7888220e-02   2.0591037e-02   1.4799649e-01  -6.1315762e-02   4.4898931e-04   7.8148243e-02   1.0192964e-01  -6.6697347e-02  -1.4764191e-02   1.1204256e-01   1.8558387e-01   2.2458043e-01  -1.6954302e-01   1.9243590e-01   1.8421246e-01   2.6739044e-01   1.7081721e-02   2.6849865e-01  -8.4055753e-02   1.1750527e-01  -1.1887805e-01   5.2922395e-02   2.0280594e-02   1.2321099e-01  -7.4129386e-02   1.0467295e-01  -1.1330747e-01   2.7232077e-02   1.9670983e-01   1.0094911e-01   7.0009809e-02   1.6999741e-01  -4.6166547e-03  -2.3552141e-02   4.6911060e-02   9.0071937e-02  -9.7903154e-03   6.8269746e-02   1.6100490e-01   1.7333951e-01   5.7460765e-02   2.2098885e-01   3.0554415e-02  -1.1227520e-02  -4.9629550e-02   8.3557664e-03   1.2072492e-01   1.3792367e-01  -3.1550889e-02  -4.6342409e-02   2.4152406e-01   4.6926092e-01   2.9225701e-02   5.1931790e-02   7.5742140e-02  -3.1116604e-02  -1.2502640e-01   9.9717616e-02   1.2819279e-01   7.2613278e-02  -5.1498872e-02   7.9871603e-02   2.3817519e-01   3.6314109e-03   1.9213543e-01  -4.0859139e-03  -9.1145135e-02  -3.1708444e-02  -2.6662360e-02   1.5294326e-01   1.4762060e-01   6.3035887e-02   1.7980618e-01   2.2513218e-01   1.4438583e-01   3.0193401e-01   1.0698257e-01  -1.0640454e-01  -6.1375713e-02   5.3895046e-02  -7.7359920e-02  -4.6586163e-02  -9.3967697e-03   5.1727559e-02  -1.0921601e-01   1.5794600e-01   4.0600155e-02   9.9855461e-02   7.7214011e-03   2.0393906e-01   1.1265064e-01   4.4680190e-01   6.1134501e-02   1.1706674e-01   6.7443058e-02   1.1903600e-01  -3.0309180e-02   1.6637109e-01   1.7458100e-01  -2.1484156e-01  -8.7777989e-03   1.6732958e-01   7.4608249e-02  -7.2453504e-03  -1.7896746e-01   1.8492747e-02   6.3532874e-02  -6.6492274e-02  -8.4951556e-02  -2.1661067e-01   1.0734852e-01
   4.9190078e-01  -5.3557463e-01  -1.1233243e-01   3.4381583e-01  -3.5990524e-01   3.1057729e-01  -2.5137066e-01   2.3339353e-01  -3.4447470e-01  -3.0520297e-01  -3.8041028e-02  -5.0608695e-01   5.7027378e-02   0.0000000e+00   1.2000844e-01   2.8658267e-01  -7.2696916e-02   1.1479804e-01   6.4153194e-02  -3.2313210e-01   3.6715231e-01   4.4966738e-01   3.6899304e-01   4.7064022e-01   2.9104059e-01   3.7529742e-01  -1.1538443e-01   5.9903068e-01  -2.1222880e-01  -6.4331912e-02   1.3908335e-01   1.6741677e-01   2.0355333e-01  -2.0271685e-01   3.4878328e-02  -1.1380628e-01  -2.7072108e-01   2.7590755e-01   1.1406255e-01  -2.0219823e-01   1.9563907e-01   1.0293991e-01  -5.3497450e-01   3.5126743e-01  -3.2990239e-01   2.9313547e-01   1.4212718e-01  -3.5588882e-02   2.0195274e-01  -8.4804151e-02   1.2580438e-01   1.9327620e-01  -5.3518171e-01   1.0297647e-01   6.9303394e-01   4.1785733e-01   1.8542856e-01   1.7882735e-01   2.5974897e-01  -1.7170071e-01   1.9978143e-01  -1.8726416e-01  -3.2047955e-01  -6.9032483e-03  -4.2561161e-01   4.5040743e-02   1.5098770e-01  -1.1607648e-01   1.1883675e-01   3.1541253e-01  -4.8284674e-01   1.4211805e-01   4.7097651e-02   4.9520583e-01   1.2418966e-01  -3.0594738e-02   2.6780393e-01   2.7964586e-01  -6.0923565e-01   7.3560084e-02   4.6904209e-01   4.9989392e-03  -1.8806379e-01   4.0811301e-01   4.4748079e-02   3.3499055e-02  -1.3636607e-01   8.1337568e-01  -3.2591723e-01   3.2390326e-01  -4.1212927e-01   7.4286456e-02  -1.4897593e-01  -3.7226851e-01   3.2388308e-01  -1.4342783e-01  -6.8005396e-02   1.8253020e-01  -1.4171914e-01  -1.3969046e-01   3.2927161e-01  -1.3309760e-02   6.2914053e-01   1.8020897e-01   2.3425536e-01   1.5816715e-01   1.3782758e-01   3.8829173e-02   8.7045978e-02   1.9698106e-01  -2.7648961e-01   2.5769295e-01   1.9756546e-01   4.3335038e-01   4.4893070e-01  -4.9871134e-01   3.4609864e-01   1.6837574e-01   4.7393889e-01   3.7086771e-01   3.9756656e-01  -3.9864754e-01  -5.0026849e-01  -1.7423357e-01   2.3449895e-01   5.1360780e-01  -1.5908301e-01   7.2671403e-02   2.7977011e-01   1.2796814e-03   1.8175934e-01  -2.8268794e-01   3.2084390e-01  -7.9193317e-02  -2.4822346e-01   3.0000659e-02  -4.8026455e-02   2.3218159e-01   8.5114204e-02   3.6031793e-01   4.5217301e-01   2.8676787e-02   4.3422839e-02   2.7224903e-01   1.6547303e-01   3.9533827e-01  -3.9127400e-01   1.3300237e-01   3.5421251e-01  -1.5911876e-01   3.2507238e-01   5.4967647e-01   3.6260877e-01  -2.0754297e-01  -1.0249197e-01   3.7916013e-01   4.9715208e-01   1.5635403e-01   9.6617857e-02   5.4504105e-01  -5.1606610e-02   1.6816376e-01  -1.1676877e-02   8.3367168e-02   1.5534295e-01  -4.3546148e-01  -1.2209802e-01   2.7375005e-01   2.5014215e-01  -3.3682104e-01  -4.1706940e-01   2.2800122e-01  -1.4783052e-01   3.0691602e-01   4.8599482e-02  -3.4263871e-02   2.2869388e-01
