   0.0000000e+00  -3.8074370e-01  -3.4732877e-01  -2.3396024e-01  -2.1244769e-01  -3.7559667e-01  -3.0264268e-01  -1.2173055e-01  -2.2457322e-01  -4.7517196e-01  -2.3153266e-01  -5.1064026e-01   2.9363935e-02   4.7065260e-01  -4.0935125e-01  -3.4326706e-01  -2.5985465e-01   5.0500180e-03  -5.9814548e-02  -3.4316708e-01  -1.5936971e-01  -9.4166436e-02  -2.0475309e-01   7.0680282e-01  -9.4347105e-02  -5.0798366e-02  -5.2519126e-01   3.1246539e-01  -4.2881233e-02  -2.0320643e-01  -2.6312573e-01   1.4947741e-01  -2.7299165e-02  -5.8485354e-01  -3.6439130e-01  -3.8818228e-01   2.0284752e-01   6.5809356e-01  -2.6174158e-01  -3.8883990e-01  -4.9647543e-02  -8.2291126e-02  -5.0971122e-01  -1.6372165e-01  -3.4613953e-01   3.1032567e-01  -1.1584894e-01  -3.8826999e-01   1.1067874e-02  -1.1391816e-01  -2.0392685e-01   4.3840279e-02  -3.5129602e-01  -9.5823005e-02   2.5752784e-01  -2.9187844e-01   6.1907705e-03  -8.4048156e-02   1.5642320e-01  -4.8117076e-01  -3.3466172e-01  -4.4868492e-01  -5.0831558e-01  -2.2387704e-01   5.5472943e-02  -5.7994456e-01  -4.4005367e-01  -1.3087672e-01  -1.2499266e-01  -3.7918928e-01  -3.3224739e-01  -5.1289124e-02  -3.9564205e-01   1.2007216e-01   7.3886790e-02   1.0499900e-01  -1.4724822e-02   4.1622929e-02  -3.0058046e-01  -9.2693223e-02   5.8491781e-02  -2.4513473e-01  -5.3086527e-01  -1.6346147e-01   1.4600900e-01   2.1999136e-01  -3.9340561e-01   6.0689458e-01  -1.7018020e-01   8.9714100e-01  -7.0295047e-02  -2.5205410e-01  -5.7955753e-01  -1.4871634e-01   6.1627593e-01  -2.9560555e-01   4.1249999e-02  -9.7919490e-03  -1.5112258e-01   3.5949319e-02   1.6133121e-01  -3.5800172e-01  -6.4811537e-02  -3.8513755e-01   1.0008157e-02  -1.7491405e-01  -3.2093731e-02   1.0663548e-01  -1.9366495e-01  -1.5077259e-01  -5.9843520e-01  -7.4405295e-03   1.9332374e-02   9.2949122e-01   2.9483204e-01  -1.2856139e-01  -5.2120490e-02  -3.7549134e-01   2.5973635e-01  -1.6718642e-01   4.2771803e-01  -2.2208859e-01  -4.5845355e-01  -1.6673026e-01   6.5451808e-01   4.4662572e-01  -3.1732135e-01  -5.2410606e-02  -1.9941861e-01  -4.0516403e-01  -1.7386251e-01  -4.3721213e-01   1.0168453e-01  -2.7801169e-01  -1.3330388e-01  -3.8864316e-02  -2.0524391e-01   1.2935484e-01   1.1146424e-01   8.4738538e-01   7.3913450e-01   4.5623617e-02   5.4441965e-02  -4.1899772e-01  -4.5584498e-01  -9.0436215e-02  -4.4654058e-01  -2.0882093e-01  -3.7204914e-01   9.8918435e-02   3.1493452e-01  -1.5404967e-02   4.7984868e-01  -2.5819472e-01  -5.9400845e-01   7.5617199e-01   4.8750094e-01  -7.2415037e-02  -2.0417442e-01  -3.0509236e-02  -3.1686440e-01   6.3862185e-03  -2.0065299e-01   1.0782487e-01  -2.5856500e-01  -3.4203077e-01  -3.3911969e-01   1.3017957e-01   5.2492900e-01  -4.4317044e-01  -2.3192754e-01   6.7017611e-01  -8.3709375e-02  -3.0014661e-01  -7.5124651e-02  -1.9373979e-01  -2.5734163e-01
  -3.8074370e-01   0.0000000e+00   4.0858725e-01  -1.0375563e-01   4.1784659e-01  -1.6809585e-01   1.3057055e-01  -2.5745808e-01   4.8721187e-01   2.4932906e-01   1.9016561e-02   6.0899750e-01   9.7946342e-02  -4.3887293e-01   6.5768914e-02   2.0434175e-01   4.8518515e-01   1.3809923e-02  -3.5646884e-01   4.7960345e-01  -1.1852996e-01  -1.8900629e-01   1.2664303e-01  -5.1227167e-01  -3.3945784e-02  -4.2756831e-01   6.0382289e-01  -3.8402163e-01   2.6594707e-02   3.6589260e-01  -1.5158254e-01  -4.6406866e-01  -1.5624733e-01   4.3518652e-01   6.6013541e-02   5.3432653e-01  -2.6579489e-02  -5.7359706e-01   2.8592024e-01   4.7428179e-01   2.4774977e-01  -3.9756913e-01   1.8806034e-01  -3.0268502e-01   3.1418300e-01  -4.5855240e-01   1.6733461e-01   3.7122314e-01   2.7023033e-01   3.8775472e-01   1.0711287e-03  -3.5601187e-01   6.7919313e-01  -9.6383876e-03  -3.5896294e-01  -1.8102504e-01  -2.6930598e-01  -2.7651284e-01  -1.9516428e-01   1.4270153e-01  -9.4349279e-02   4.5657250e-01   5.9592838e-01   9.6612294e-02   2.5493014e-01   3.4946659e-01   1.4807445e-01   2.7835283e-01  -9.4264449e-02   1.2986057e-01   6.1983900e-01   3.9685208e-02   3.5766721e-01  -3.4768328e-02  -1.9560683e-01  -3.7148420e-01  -3.9211333e-01  -3.2743476e-01   7.2440624e-01   9.2897128e-02  -3.4631477e-01   2.6311786e-01   3.4632583e-01  -1.9590665e-01  -2.3426374e-02  -3.6676927e-01   7.9700598e-02  -5.3253970e-01   4.3235395e-01  -3.8497191e-01   5.3149995e-01  -2.1888590e-01   4.7037765e-01  -2.8784732e-01  -5.2192277e-01   3.9390525e-01   4.5204064e-02  -3.0635095e-01   5.3516386e-01  -1.0609218e-01  -1.3812362e-01  -7.4190138e-02  -2.5103393e-01   2.6645797e-01  -1.3586307e-01  -2.5613783e-01  -8.5425077e-02  -2.9893906e-01   6.3948487e-02   1.8637413e-01   2.8966232e-01  -1.9364057e-01  -1.6703758e-01  -4.5520036e-01  -2.8088419e-01   5.8309253e-01  -9.7078997e-02   1.8148486e-01  -3.5874188e-01  -2.1295335e-01  -5.2328105e-01   5.2864679e-01   4.0762364e-01   2.1565109e-01  -5.2983108e-01  -4.0197050e-01   2.6055574e-02   7.3204726e-02  -2.2295894e-01   4.5683819e-01   2.6343880e-01   2.5736794e-01  -3.9412184e-02  -1.1247316e-01  -2.2427153e-01  -4.0714306e-01   5.6454748e-02  -4.1857511e-01  -3.5884218e-01  -5.0449109e-01  -4.8430707e-01   8.3811336e-02  -3.3678258e-02   2.0114012e-02   1.2346774e-01  -6.6722545e-02   2.8856145e-01   5.1535559e-01   3.5343841e-01  -2.5345847e-01  -2.5594548e-01  -4.2284905e-01  -6.1959817e-01   4.5134226e-01   5.9907952e-01  -4.9087520e-01  -4.7508654e-01  -1.4849725e-02  -1.9322896e-01  -3.2632408e-01   1.3503403e-01  -6.7196211e-02   1.5667712e-01  -1.3604315e-01  -1.4735090e-01   5.3409339e-01   9.4340546e-02  -3.7607471e-01  -4.7602655e-01   4.0860800e-01   5.3505085e-01  -4.8035925e-01   2.2222888e-01  -2.5212526e-01   1.2577914e-01   7.7728207e-02  -1.5654891e-01
  -3.4732877e-01   4.0858725e-01   0.0000000e+00   7.7399177e-02   4.5879494e-01   5.0600387e-03   3.7623645e-02  -1.8907612e-01  -6.8867093e-02   3.6289828e-01  -1.7262642e-01   4.7847752e-01   2.0867643e-01  -2.5123130e-01  -8.2513577e-02   1.9652115e-01   8.5264146e-01  -2.6567531e-01  -1.6691664e-01   5.9053427e-01  -1.4929365e-01  -6.4710802e-02  -4.2565271e-02  -4.1435846e-01  -5.4284974e-02  -2.1393788e-01   3.9456611e-01  -4.0044449e-01  -4.9875226e-02  -1.4926404e-01  -2.9428257e-01  -3.5935772e-01  -3.1648105e-02   1.9695137e-01  -1.0870410e-01   4.6893719e-01  -1.6239832e-01  -3.5637534e-01   2.0846722e-01   5.5806145e-01   1.9355817e-01   4.6347927e-02   3.0825030e-01  -2.9287865e-02  -1.1687581e-01  -2.9144071e-01  -3.3847652e-03  -4.8285015e-03   1.5554899e-02   5.9985920e-01  -1.9154542e-01  -2.3999139e-01   1.1584568e-01   4.4089550e-01  -2.0184140e-01   9.7452926e-02  -1.4144658e-01  -1.3652920e-01  -2.8260124e-01   2.5929371e-01   3.3456473e-01   2.5488892e-01   4.1825507e-01  -3.0264866e-01  -3.5901481e-01   1.5150076e-01   1.0675916e-01   1.9637249e-01  -1.2140182e-01   6.1748103e-01   4.5807124e-01   8.8882085e-02   1.0225110e-01   1.2481058e-01  -3.9525593e-03  -1.1208169e-01  -1.8024428e-01  -7.0988252e-02   4.5736418e-01   2.1393660e-02  -2.5264921e-01  -4.6150683e-03   3.4860995e-01  -2.0132391e-01   1.3271631e-01  -3.5292804e-01  -2.1863424e-01  -2.2667052e-01   4.7482699e-01  -4.3822761e-01   2.7924050e-01   2.5571042e-01   5.7250656e-01  -1.6489776e-01  -3.0642141e-01   6.8326480e-01  -2.1635650e-01  -2.5274488e-01   1.5055163e-01  -1.1449173e-01   6.4580051e-03  -1.4884687e-01  -1.1502721e-01  -4.7271503e-02  -4.3012810e-01  -2.3202722e-02   4.8738720e-01  -2.3748452e-01   1.3576092e-01  -8.5748561e-03   4.5164558e-01  -2.1297300e-01  -1.6212153e-01  -3.8176050e-01  -2.4756291e-01   9.3257825e-02   8.8976352e-02   2.6260121e-01  -3.1876460e-01  -1.3922598e-01  -4.1267201e-01   5.8439445e-01   4.1948612e-01  -3.5643227e-01  -4.4795641e-01  -1.4243816e-01  -2.4192187e-01   2.3613964e-01   3.5129982e-02   6.5468588e-01   1.2156378e-01   8.2549768e-03  -2.3565360e-03  -3.4335157e-01  -6.3704794e-02  -2.9237377e-01   1.7542094e-01  -3.0997546e-01  -3.9288938e-01  -3.4222345e-01  -4.0902933e-01   1.4141641e-01  -9.0491384e-02   2.6674123e-01  -1.7333716e-01  -4.3351017e-01   3.2223451e-01  -3.0821830e-02   4.1160700e-02  -2.6565323e-01  -1.0566849e-01  -2.7610730e-01  -2.7793300e-01  -4.2034592e-02   6.7339747e-01  -3.6231834e-01  -4.2871430e-01  -4.8087060e-02   2.4861366e-01  -2.4353480e-01  -6.2924736e-02  -2.8452165e-01   1.1274749e-01  -3.0796198e-01  -1.1594434e-02   2.7149194e-01   2.5683972e-02  -1.7729082e-01  -2.5189448e-01   5.0626595e-01   1.4789526e-01  -2.4999616e-01   5.8941542e-02  -4.4272680e-02   3.5552340e-02   4.7061313e-01   3.6576142e-02
  -2.3396024e-01  -1.0375563e-01   7.7399177e-02   0.0000000e+00   9.7969377e-02   3.1732526e-01   8.0064171e-02   8.6416197e-02  -1.3582457e-01   1.4584907e-01  -8.7933102e-02   6.8055945e-02  -1.8742393e-01   1.5962656e-01   7.4041556e-02  -1.6940410e-01  -9.2853303e-02   1.8546641e-01   1.7581297e-01   3.3947624e-01   8.7138729e-02   5.6652305e-01  -5.5021941e-02  -1.5380174e-03   2.2905055e-01   2.6942257e-01   6.3566662e-02   1.0164081e-01   1.3197195e-01  -2.4810357e-02   9.3658796e-02   3.9769861e-01  -2.6452037e-01   2.8369863e-02  -3.8787388e-02   1.8511288e-01  -6.9248704e-02  -4.8417292e-02  -1.8932401e-01  -8.7787733e-02  -7.8412332e-02  -2.5704693e-02   3.2575471e-01   8.3058345e-02   1.7344036e-02  -4.4590210e-03   8.1672563e-02  -9.4601828e-02  -9.4515460e-02  -2.7106248e-01   1.1686846e-01   1.6429745e-01  -1.1128436e-01   1.6464640e-01   4.5509718e-02   1.0313074e-01   1.9950449e-01   4.0964378e-01   1.0289441e-01   4.1439683e-01   1.8360657e-01   1.6940252e-01   6.1306978e-02  -2.0008264e-01  -1.3663680e-01   6.8806854e-02   2.7732632e-01   2.6378069e-02   2.7968567e-01  -2.6529192e-02  -3.7812748e-02   4.9397504e-01   8.7675478e-02   1.6357346e-01   1.2935401e-01   4.4138862e-01   1.4492211e-01   2.3318264e-01   1.2103894e-01   2.7549656e-01   2.9069951e-01  -1.9608617e-01  -8.8439583e-02   4.5420218e-02   2.4362515e-02   1.6293381e-01   1.1155657e-01  -6.1654539e-04  -1.0657316e-02  -2.6307640e-01   2.2216921e-02   8.2765687e-02   3.3634650e-02   3.5624362e-01  -4.4105861e-02   2.0238989e-01   1.6416831e-01   1.7647110e-01   1.8076148e-01   1.4261007e-02  -9.0332787e-02  -4.3737101e-02   3.4155553e-01   2.2898150e-01   1.7238986e-01   6.6797247e-01   9.1059527e-02   2.4936560e-01   9.6751798e-02  -1.3029571e-01   5.8741172e-02   3.4693810e-01   4.8667952e-01  -2.6101202e-01  -5.4177960e-02  -1.6502518e-01   3.5710860e-01   1.8372623e-01  -5.1454224e-02   5.9491937e-01  -2.8344917e-03   8.7049382e-02   1.0377741e-01  -8.3556794e-02  -6.8708705e-02   7.7438731e-02   1.7227312e-01   1.5642982e-01   6.4672842e-01  -1.6230347e-01  -1.2838782e-01  -3.8034748e-02   1.8116181e-01  -1.8661743e-02   2.9080107e-01   2.3060028e-01   2.4976582e-01   5.2516838e-02   6.3855143e-02  -1.6426156e-01  -1.4465925e-01  -1.3143951e-01   7.7063368e-02   9.5967895e-02   2.1479546e-01   1.4507559e-01   7.5447734e-02  -1.6286241e-01  -1.1994533e-01  -3.9134538e-02  -9.4668980e-02   1.1562839e-01  -5.5864899e-02  -1.7030099e-01  -1.0992394e-02  -1.1528173e-01  -2.4924051e-02   1.1892758e-01   1.5796340e-01   2.6224198e-01   2.0951411e-01  -6.7389522e-02  -5.5235937e-02   4.7498433e-01   5.5934676e-01  -7.5356924e-02   4.0516193e-03   1.7027695e-01  -9.4135962e-02  -1.6921953e-02  -6.5727314e-02  -4.5479365e-02   4.1351183e-01   2.6817141e-01  -4.9036724e-02   1.3942136e-01   6.1264680e-01
  -2.1244769e-01   4.1784659e-01   4.5879494e-01   9.7969377e-02   0.0000000e+00  -2.2595218e-01  -6.5449292e-02  -3.4267833e-01   2.2992770e-02   1.8620657e-01   1.3200643e-01   2.2420505e-01   3.2692554e-01  -4.0166040e-01  -1.7971460e-01   2.3906536e-01   5.5043363e-01   1.6711590e-01  -3.9867504e-01   7.4514546e-01   1.9074219e-01  -1.7926237e-01   1.1370464e-01  -2.9922030e-01   1.2762170e-01  -3.7309387e-01   4.9043002e-01  -2.9019036e-01   1.6945275e-01   2.9990032e-03  -1.9199048e-01  -2.2804772e-01   1.0595256e-02   1.1411061e-02  -2.6122970e-01   7.7361512e-01   9.0573167e-02  -3.5841649e-01   3.5100952e-01   2.4345237e-01   4.8085878e-01  -7.7752128e-02   7.9311524e-02  -5.8839964e-02  -6.4749358e-02  -3.9764415e-01   5.2042476e-01   1.0962616e-01   4.9344261e-01   3.0095933e-01   2.7461405e-02  -3.3637330e-01   3.1480246e-01   2.2774061e-01  -2.5441260e-01  -8.5110749e-02  -3.5862326e-01  -2.6853518e-01  -2.2382934e-02   3.7218825e-02   7.0248406e-02   1.9174357e-01   4.1366663e-01  -3.2290702e-02   1.7657846e-01   1.2858325e-01  -7.1530860e-03   1.1816125e-01  -1.5675720e-02   8.9933762e-03   2.3996166e-01   9.8106875e-03   3.5776129e-01  -4.3433331e-02   1.2519504e-01  -2.7193556e-01  -3.8266245e-01  -2.5749073e-01   5.8601674e-01   4.2521844e-01  -3.0031368e-01   1.6080257e-01   3.6083624e-01  -4.8124568e-01  -7.1909244e-02  -2.8021255e-01  -1.6643536e-01  -3.0921214e-01   2.6439536e-01  -2.0301181e-01   5.9485625e-01  -1.2889846e-01   4.0511411e-01  -3.7075682e-01  -4.1483354e-01   6.7267264e-01   2.1491471e-01  -4.1341813e-01   5.2582171e-01  -2.8450369e-01  -3.6269583e-01  -4.6711091e-01  -1.8855549e-01  -5.8850645e-02  -2.3038765e-01  -9.1780120e-02   1.5646645e-01  -3.6632656e-01   4.1029237e-02   3.7478716e-01   2.2549270e-01  -2.2891412e-01  -6.1200334e-02  -2.7260670e-01  -3.5730190e-01   3.5469696e-01   1.9195388e-03   3.4830999e-01  -4.5886801e-01   5.5540105e-02  -5.6259337e-01   7.1293332e-01   1.7937659e-01   5.2409558e-02  -3.8949543e-01  -3.2684741e-01  -5.2681315e-02   2.7607001e-01  -1.2640348e-01   3.9736585e-01   4.1342867e-01   1.9099428e-01  -1.9221781e-01  -6.9330188e-02  -3.5716137e-01  -3.2767537e-01   2.6095406e-01  -4.1849432e-01  -3.3239067e-01  -2.5497655e-01  -3.4165725e-01   1.6710971e-01  -8.2988989e-02  -1.0147718e-02  -1.8123683e-01  -2.6695448e-01  -5.8152239e-02   4.2579716e-01   3.3501422e-01  -2.3488047e-01  -3.1016825e-01  -4.1456690e-01  -4.2542096e-01   2.6673974e-01   4.8651735e-01  -2.6441713e-01  -5.2105527e-01   3.8442111e-02  -5.2164729e-02  -2.5464962e-01  -1.4378971e-01  -1.2869933e-01   2.1363688e-01   1.3450840e-01  -1.4593459e-01   2.3097367e-01  -2.4032405e-01  -3.6653891e-01  -4.8984588e-01   6.1469673e-01   4.4792054e-01  -3.4603306e-01   2.4817849e-01  -2.4985475e-01   1.4456420e-01   1.8926612e-01  -2.1067254e-01
  -3.7559667e-01  -1.6809585e-01   5.0600387e-03   3.1732526e-01  -2.2595218e-01   0.0000000e+00  -8.7764301e-02   3.8915036e-01   1.1184006e-02   3.2541589e-02   3.0783341e-02  -1.7970271e-01  -2.3293486e-01   1.5662610e-01   3.6127388e-01   1.1117163e-01  -2.7539949e-02  -3.8818231e-02   5.8286040e-01  -1.9103440e-01   5.0492457e-02   3.4252695e-01  -1.6958245e-01  -5.9907541e-02   1.8048862e-01   4.6449107e-01   2.9407908e-01   2.1187204e-01   5.5776315e-02  -2.1375766e-02   1.8220080e-01   2.7405152e-01   2.0168472e-01  -3.6239500e-02  -1.1599449e-02  -2.2702863e-01  -1.6431204e-01  -9.6773522e-02  -4.6841232e-02   2.2531846e-02  -2.2784256e-01   1.2663325e-01   3.2732073e-01   2.9065851e-01  -8.9305283e-02   1.4118766e-01  -3.9990144e-02  -1.8932269e-01  -1.7112117e-01  -8.1844540e-02   1.0234335e-01   4.0430637e-01  -2.1502227e-01   1.2768594e-01   8.3965910e-02   3.5311893e-01   4.8616019e-01   3.6074888e-01  -6.3205758e-02   2.8304013e-01   3.2318389e-01   1.4889834e-01   9.7917643e-02  -8.9699169e-02  -2.4049110e-01   2.0586868e-02   7.5314923e-01   2.0797757e-01   4.1727039e-01   2.5514395e-01  -2.2753029e-01   1.2104426e-01  -5.6539073e-02   1.0734755e-01   2.9070134e-02   3.6205635e-01   3.6189307e-01   3.5112205e-01  -2.2759390e-01   1.2042416e-01   4.1591451e-01  -2.3010871e-01  -3.8166019e-02   4.6990028e-01  -1.1408459e-01   1.4997337e-01   1.5490398e-01  -9.5986824e-03   5.9209510e-02  -3.3789665e-01  -2.6454791e-01   4.0781106e-01  -1.0087139e-01   4.2416941e-01  -1.9205662e-02  -1.1199635e-02  -1.4583604e-01   5.9778193e-01  -2.1161259e-01  -1.6779817e-01   3.1496567e-02   2.4764146e-01   1.8548865e-01   2.6910207e-01   1.7826896e-01   3.6959901e-01   1.1217369e-01   4.9956275e-01  -1.5132550e-03  -8.4639409e-03   7.3539699e-02   4.1468965e-01   2.0027475e-01  -3.4157474e-01   6.2257778e-02  -2.5325201e-01   3.6862387e-01  -1.5534872e-01   2.1456149e-01   3.5387207e-01   1.4320018e-01  -2.3546088e-01   1.0046236e-01  -6.5642491e-02  -9.5468053e-02   1.4510794e-01   2.5866678e-01   9.8626627e-02   4.1506918e-01   8.6417321e-02  -2.7247702e-01  -6.8414494e-02   2.2936233e-01   3.5178233e-02   4.1658640e-01   3.2485766e-01   2.7319025e-01   1.3496142e-01   2.8537254e-01  -2.0892150e-01  -8.0480182e-02  -8.7635442e-02   3.8143331e-01   6.2864364e-01   1.7497815e-01   1.2891889e-01  -1.0556515e-01  -1.7800204e-01  -2.4599505e-02  -2.2776512e-01  -2.2175598e-01   2.7453242e-01   9.5478998e-02  -1.5181996e-01   9.8991793e-02  -9.7692557e-02   9.0447617e-02  -5.4860002e-02   3.4753292e-01   2.8940012e-01   3.6417757e-01   8.0447350e-02  -1.7866336e-01  -2.6295854e-02   6.1867255e-01  -1.6048046e-01   2.8393445e-02   4.7003409e-01   2.4400983e-02  -5.1312618e-02  -2.6919733e-01  -1.1731492e-01  -3.3793872e-02   7.6125071e-01   1.6857303e-01   7.9238254e-02   5.3612030e-01
  -3.0264268e-01   1.3057055e-01   3.7623645e-02   8.0064171e-02  -6.5449292e-02  -8.7764301e-02   0.0000000e+00  -1.7477290e-01   1.1311830e-01   3.9001519e-01   2.1199535e-01   3.9271130e-01  -1.3126214e-01  -1.4634992e-01   1.7231174e-01   3.1289109e-01   5.7843373e-02   9.6100073e-02  -2.1009294e-01   1.8437021e-01   2.2909004e-01  -1.6494684e-01   7.3170134e-01  -2.5264273e-01   8.4489962e-02  -2.0852302e-01   1.3384003e-01  -2.8819841e-01   6.3472406e-02   1.3729073e-01  -1.9398975e-01  -2.6215175e-01  -5.6701437e-03   6.5882700e-01   6.7844075e-01   3.7667566e-01   6.9309599e-02  -2.3941006e-01   2.3240695e-01   1.5503161e-01   1.7220573e-02  -6.1824496e-03  -1.2605412e-02  -2.5988296e-01   4.4863925e-01  -2.6818332e-01   9.5543893e-02   7.0842904e-01  -3.8522898e-01  -3.5187608e-01   2.5324276e-01  -3.0184408e-01   1.4923736e-01  -3.1949857e-01  -2.2620960e-01   1.6976609e-01  -2.9929243e-01  -2.6719009e-01   5.6531719e-02  -2.2773875e-02  -3.4551713e-01   1.0374493e-01   7.0029337e-02   9.7817871e-02  -7.7670987e-03   6.7047573e-01   2.7430227e-02  -3.0480692e-02  -1.4349466e-01   4.0666031e-01   3.7639608e-01   4.0859822e-02   2.7784854e-01  -5.8462864e-02  -2.0984086e-01  -2.2668382e-01  -2.5142454e-01  -4.5333944e-02   2.2576481e-02   1.7373263e-03  -7.2107614e-02   1.5658146e-01   2.4063832e-01  -1.2496620e-01  -1.5033591e-01  -2.8146975e-01   4.1331051e-01  -4.1526703e-01  -3.9546123e-01  -2.3958755e-01  -3.8549417e-01  -3.7702582e-01   4.6809499e-01  -2.3868609e-01  -2.7965239e-01  -1.1116719e-01   1.3395390e-01  -2.8356051e-01   5.4534124e-02   5.1367700e-01  -2.3766611e-01   4.4252704e-01   1.2676656e-01   2.2453555e-01  -1.0604729e-01  -7.9858887e-02  -3.1949167e-01  -3.5809928e-01   4.9477657e-01   9.5343054e-02   5.6839719e-01  -2.0217865e-01  -4.6506954e-02  -3.4176904e-01  -4.5096061e-02  -5.0310099e-02  -2.0371609e-01   3.1060731e-01  -2.1829741e-01  -1.4690474e-02  -2.6547370e-01  -1.4501621e-01   2.3617315e-02   8.8907944e-02  -3.4325058e-01  -4.2774228e-01   1.7683797e-01  -3.6137122e-01  -1.6086781e-01   3.3383069e-01   1.0832184e-01   4.8651615e-01  -4.5535983e-02   1.9599005e-01  -3.0915153e-01  -2.4675271e-01  -1.4332541e-01   3.4852681e-02  -3.2385686e-01  -2.8742010e-01  -3.2390975e-01  -2.4601462e-01  -3.5028496e-01   3.9913290e-02   4.2796817e-01   8.4342497e-03   5.5435542e-01   8.0773462e-02   4.2392378e-01   7.7884075e-02   1.5231070e-01   3.6311515e-02  -4.0877301e-01   2.2519419e-01   2.4861834e-01  -2.4108599e-01  -3.0504923e-01   1.2188074e-01  -4.0542357e-01   6.7510786e-02  -7.8958349e-02  -2.2027871e-01   2.5505087e-02   2.0126637e-01  -2.4147844e-01   1.0430339e-01   4.7668312e-01  -1.3839056e-01  -3.2767892e-01   1.4680592e-01  -3.6339219e-02  -2.1961756e-01   9.6246710e-02  -9.4933350e-02  -8.8225990e-02  -8.3190740e-02  -1.2524484e-01
  -1.2173055e-01  -2.5745808e-01  -1.8907612e-01   8.6416197e-02  -3.4267833e-01   3.8915036e-01  -1.7477290e-01   0.0000000e+00  -1.5096269e-01  -1.1218929e-01  -1.4683306e-02  -2.4560465e-01  -2.3766660e-01   1.3913499e-01   2.7041231e-01  -2.0403709e-01  -2.4153491e-01  -1.7839885e-01   5.6605850e-01  -3.2043676e-01  -9.6021754e-02   2.1123487e-01  -2.2936140e-01   1.1600559e-01   7.4601353e-03   5.4469710e-01  -1.4111806e-01   3.6029332e-01   1.5136438e-01  -8.9486030e-02   4.0042825e-01   2.4131055e-01  -1.1339301e-01  -1.3225246e-01  -5.0156273e-02  -4.4764714e-01  -1.1317976e-01   2.2489780e-01  -3.1129776e-01  -5.4332073e-02  -3.7549004e-01   4.1816627e-02   1.0994011e-01   3.5931282e-01  -1.2414242e-01   5.1221928e-01  -3.0378167e-01  -2.0914214e-01  -1.1432890e-01  -7.2562614e-02  -8.8301522e-02   6.2770023e-01  -1.2586256e-01  -6.9239682e-02   2.4627223e-01   9.6705464e-02   5.3723783e-01   4.0002944e-01  -8.8660149e-02   1.8469986e-01   4.3367943e-01  -8.3022180e-02  -1.1555308e-01   1.6478045e-01  -1.5143777e-01  -1.5981303e-01   3.2695332e-01  -3.4034764e-02   3.1463566e-01  -5.9327951e-02  -1.9569632e-01  -3.6515945e-02  -1.0731886e-01  -3.2684282e-02   8.1359746e-02   4.4379788e-01   5.4168872e-01   3.0479708e-01  -1.8439644e-01  -2.7387175e-01   4.9164271e-01  -2.1906064e-01  -8.7421966e-02   7.2140302e-01   6.8479939e-02   5.0576785e-01  -7.3784135e-02   1.2866985e-01   3.9664192e-02  -1.4867042e-01  -9.8261821e-02   3.9171305e-01  -2.2001576e-01   4.4539502e-01   3.0003547e-01  -1.0782346e-01  -2.0655677e-01   5.7574531e-01  -2.2625409e-01  -4.3149165e-02   2.1890303e-01   2.9259665e-01   1.9679740e-01   3.4847658e-02   2.6623978e-01   2.7668721e-01  -1.1708625e-02   6.8522880e-01  -1.8836113e-01  -1.9159410e-01  -1.8041959e-01   2.5148809e-01   2.8836886e-03  -4.6030988e-02   1.3594661e-01  -6.9072923e-02   2.6229225e-01  -5.5280006e-02   3.5983638e-01   9.3882298e-02   3.3030486e-01  -2.0678301e-01  -7.2223600e-02  -7.8189577e-03   3.1787874e-01   3.0619470e-01   6.6104913e-02  -1.6861247e-02   2.7364512e-01  -2.6553680e-01  -2.0927924e-01  -6.5822928e-02   1.3639072e-01   9.2164176e-02   4.2148271e-01   7.3663483e-01  -1.5093613e-01   4.4838158e-01   6.5682947e-01  -9.5163054e-02   9.7683214e-02  -7.5285375e-03   3.5182766e-01   2.0626598e-01   1.3271544e-01   1.9017299e-01  -1.3483856e-01  -2.5790860e-01  -2.4482705e-01   1.6557128e-01  -8.0070735e-02   5.3894478e-01   2.2917274e-01  -2.2287235e-01  -2.1307894e-01  -8.6061104e-03   3.6967565e-01  -1.1814608e-01   4.2912707e-01   4.1287664e-01   2.5665671e-01   2.3821895e-01  -5.7216880e-02  -8.9766215e-02   3.2130582e-01  -2.5243107e-02  -3.0070643e-02   5.0461440e-01   1.9760604e-01  -1.5547203e-01  -1.3905965e-01   1.1776865e-01  -9.8331257e-03   5.0927598e-01   8.2193909e-02  -1.8190478e-01   3.3146411e-01
  -2.2457322e-01   4.8721187e-01  -6.8867093e-02  -1.3582457e-01   2.2992770e-02   1.1184006e-02   1.1311830e-01  -1.5096269e-01   0.0000000e+00  -6.1159479e-03   2.6906155e-01   2.7994931e-01  -2.5364143e-01  -3.2648788e-01   6.4218526e-02   1.6018179e-01   3.1743313e-02   2.1286343e-01  -2.0817067e-02  -8.2507764e-03  -1.7199836e-02   1.2349750e-01   7.5974118e-02  -1.9873883e-01   2.1758151e-01  -1.0702361e-01   3.8411747e-01  -1.1898459e-01   1.4236688e-01   7.3865400e-01   1.0692145e-01  -7.6939339e-02   5.4623882e-02   3.5864324e-01   1.5029062e-01   1.9464855e-01  -1.0692449e-01  -3.8553104e-01   1.2946592e-01   4.1270584e-02   8.4884915e-02  -1.4862847e-01   2.0726967e-01  -2.8901398e-01   4.4805836e-01  -2.2271067e-01   2.0150801e-01   2.8199012e-01   2.2017871e-01  -8.5223283e-02   2.8620015e-01  -1.8948253e-01   4.8742943e-01  -3.2069538e-01  -1.7926892e-01  -1.5274509e-01   6.1796978e-02   2.3933852e-02   8.4200817e-02   8.4720173e-02  -2.0801025e-01   4.5415676e-01   4.7885793e-01   4.5033490e-01   5.5305011e-01   2.6602663e-01   2.9420990e-01   1.8853846e-01   4.0341737e-02  -2.8226473e-02   1.1196916e-01   6.7036425e-02   1.8260094e-01  -3.8102598e-01  -1.3483597e-01  -1.9352158e-01  -1.8715357e-01  -2.4734587e-01   1.6483782e-01   1.8319177e-01  -2.0439784e-01   1.6259624e-01   3.0588754e-02   6.7152540e-02  -4.0213961e-01  -7.0205249e-02   2.9342579e-01  -2.7288341e-01   8.9558555e-02  -1.3621120e-01   1.5657658e-01  -2.3324200e-01   2.1990829e-02  -6.0506216e-03  -3.1525860e-01   2.0463911e-02   1.1598421e-01   6.6965591e-02   4.0527144e-01  -2.4620290e-02  -2.2220367e-01   1.3737812e-01  -2.1542584e-01   3.4817873e-01   3.7633317e-01  -1.6117346e-02  -3.0987895e-01  -6.0120001e-02  -1.4821836e-01   3.0382983e-01  -5.4135464e-02   7.6157942e-02  -7.4422469e-02  -2.5821798e-01  -2.6332693e-01   2.5929234e-01  -1.0809294e-01   4.9479272e-02  -1.9231592e-01   1.9537132e-02  -1.1419094e-01   2.7749107e-02   2.4989023e-01   4.5444971e-01  -2.9048795e-01  -3.2880209e-01   3.1388402e-01  -3.0953334e-02   1.7423000e-02   1.7872131e-01  -5.4932323e-02   2.6226182e-01  -2.1613348e-01   3.0702612e-01  -3.8018025e-02  -1.8052940e-01   2.6917522e-02  -2.0163174e-01  -6.9695763e-02  -2.2858375e-01  -2.4452673e-01  -3.5626934e-01  -2.5369280e-02  -1.0450482e-01   2.6411002e-01   3.9595558e-01  -1.0440289e-02   5.4252095e-01   3.6429167e-01  -3.0709359e-02  -2.4687517e-01  -2.6555678e-01  -2.6167496e-01   4.3561868e-01   9.5698836e-02  -2.0414811e-01  -2.1047353e-01   2.4973926e-01  -2.1429860e-01  -1.7956772e-01   2.2206459e-01   1.8154003e-01   1.6392635e-01   1.2797023e-01   1.6277708e-01   2.1220521e-01   2.1781372e-01  -2.0088863e-01  -1.5075110e-01  -6.6326908e-02   4.2407474e-01  -3.6068169e-01   3.1304761e-01  -4.9989723e-02   2.8875920e-01  -8.5407438e-02   7.4909442e-02
  -4.7517196e-01   2.4932906e-01   3.6289828e-01   1.4584907e-01   1.8620657e-01   3.2541589e-02   3.9001519e-01  -1.1218929e-01  -6.1159479e-03   0.0000000e+00  -1.7789895e-01   5.3960350e-01   4.9996415e-02  -3.2357687e-01  -2.0618466e-02   1.6133996e-02   2.0623540e-01  -1.8655819e-01  -1.0591258e-01   4.1373927e-01  -1.8374709e-02  -2.3329827e-01   1.5881532e-01  -2.1032576e-01  -4.1791087e-02  -9.8948975e-02   2.1537080e-01  -2.9025293e-01   3.2860714e-02  -7.4780468e-02  -2.6497707e-01  -2.9962971e-01  -2.3869749e-01   5.3146243e-01   4.0242080e-01   3.6587108e-01   7.2178454e-02  -2.4369649e-01  -3.4417072e-02   4.9722645e-01   1.1129186e-02   6.0772393e-02   3.2880883e-01  -1.8218642e-01   3.4474005e-01  -2.5735285e-01  -1.1627005e-01   3.7390936e-01  -2.0097878e-01   8.4853276e-02  -2.9887680e-02  -1.7174739e-01   1.3543750e-01   1.2890301e-01  -1.7974811e-01   4.8389774e-03  -1.4161086e-01  -1.6756074e-01  -2.8649270e-01   3.6541284e-01  -6.3990170e-02   1.6255379e-01   2.5313103e-01  -1.0297323e-01  -1.6890700e-01   7.1261444e-01   2.9519662e-02   1.4851717e-01  -3.0549711e-01   4.1520873e-01   3.7011509e-01   1.2004125e-01   2.2093632e-01   1.7662331e-01  -5.1027217e-02  -1.9920623e-01  -9.0502949e-02  -1.8377623e-01   3.4439900e-01  -1.0459278e-01  -2.0759204e-01  -5.6472454e-02   3.2586965e-01  -1.8969789e-01   7.1644596e-02  -3.7806640e-01   1.4553598e-01  -2.2832649e-01   6.1624142e-02  -3.4911669e-01  -8.0396087e-03   4.1317457e-02   6.4745356e-01   8.4924306e-02  -2.8634264e-01   2.6912057e-01  -2.2160090e-02  -2.7482083e-01   9.7200725e-02   3.4530537e-01  -1.9195634e-01   2.6618967e-01  -1.5188558e-01   2.1157390e-01  -3.2246650e-01  -1.3833061e-01   4.8534792e-02  -3.0471616e-01   3.7042963e-01  -8.8072213e-02   4.7621634e-01  -3.0172632e-01  -1.7492668e-02  -4.2829853e-01  -1.8636385e-01   1.2350506e-01  -1.9403184e-01   2.1577716e-01  -3.4797202e-01   3.5654045e-02  -2.4326455e-01   2.3949642e-01   4.2389867e-01  -1.1117547e-01  -3.7494363e-01  -2.2419368e-01   5.1147963e-02  -2.0541065e-01  -2.3399806e-03   3.0843884e-01   9.2567222e-02   2.7043800e-01   5.9666762e-02  -1.2011566e-01   5.9075267e-02  -1.2836520e-01  -3.8508661e-02  -2.6453455e-01  -1.9138697e-01  -3.9432110e-01  -3.1464381e-01   7.6373649e-02  -3.1229970e-01   2.5548092e-01   2.9305329e-02  -3.8827294e-01   5.3598480e-01   3.0878377e-02   2.2145266e-01   8.4840441e-02  -2.3083098e-02  -1.4876693e-01  -2.3038926e-01   1.8255411e-02   5.1757620e-01  -2.4611571e-01  -3.1384243e-01  -1.2623544e-01  -8.2524541e-02  -2.2240032e-01   2.0031983e-01  -4.3224195e-01   3.0578946e-01  -2.4525510e-01  -8.4786346e-02   3.3430293e-01   2.5465167e-01  -2.3661143e-01  -2.7512572e-01   3.6277410e-01   1.5731548e-01  -2.3911760e-01  -1.3345839e-02   8.7561085e-02  -1.7786409e-02  -1.7144369e-03  -9.7864107e-02
  -2.3153266e-01   1.9016561e-02  -1.7262642e-01  -8.7933102e-02   1.3200643e-01   3.0783341e-02   2.1199535e-01  -1.4683306e-02   2.6906155e-01  -1.7789895e-01   0.0000000e+00  -1.5792997e-01  -4.2512014e-02  -3.7759429e-01   2.6885841e-01   3.3952629e-01  -4.2202660e-02   6.0808971e-01  -1.0242325e-02  -9.7798664e-02   2.4728200e-01  -4.0323271e-02   4.1426069e-01  -2.9774792e-01  -9.0692249e-02  -7.6886034e-02   2.4488203e-01  -1.2739252e-01  -2.2046749e-02   4.2423629e-01   4.5568147e-01  -7.3481476e-03   1.8988851e-01   2.3189727e-01   1.1022647e-02   3.0805198e-01  -2.2752748e-01  -2.7278962e-01   3.3491896e-01  -2.5260261e-01   2.0717143e-01  -2.6876314e-02   6.2872291e-02   3.1386163e-01   2.1329670e-01  -9.8282336e-02   6.4662181e-01   2.0585013e-01   1.5531578e-01  -2.6508017e-01   5.9056451e-01  -1.8981501e-01   2.0283838e-01  -3.4683067e-01  -1.4115680e-01   1.8389249e-01  -6.5987297e-03  -1.3852642e-01   2.9060401e-01  -5.8364994e-02   3.0228599e-02   4.1521938e-01   1.6852292e-01   6.4380038e-01   4.5058475e-01   2.0880651e-01   2.0701909e-01  -1.0488386e-01   3.6136676e-01   8.6198027e-02  -1.7288602e-01  -2.7257865e-02   3.1377398e-01  -4.3895141e-01  -2.8423280e-01  -1.8288798e-01  -1.0063235e-02   2.0509188e-02  -1.9406042e-01   1.9500765e-01  -1.0842556e-01   3.7036945e-01   2.4370744e-01   7.6891604e-02  -3.5672567e-01  -2.7721961e-02   2.1312967e-01  -4.4457900e-01  -3.2194017e-01  -1.6479394e-01  -1.2552511e-01  -1.3834107e-01   9.0297554e-02  -1.9066309e-01  -2.8758592e-01  -8.5974108e-02   2.3653760e-01   7.9143909e-02   2.2699582e-01  -3.2491541e-01  -2.2953055e-01   1.0926204e-01  -8.4844520e-02   1.2773475e-01   3.8794843e-01  -4.3269621e-02  -2.3838310e-01  -8.4920405e-02  -6.4534087e-02   6.0558114e-01   1.8269450e-01   5.4122271e-02  -3.1054598e-02  -2.4406873e-01  -1.8307009e-01  -6.3594521e-02  -8.3964207e-02   1.8602382e-01  -1.5790712e-02   4.2516563e-02  -1.6441871e-01  -2.0365131e-01  -2.8415365e-01   5.6592018e-01  -2.2979991e-01  -5.0441263e-01   5.4120864e-01  -2.0787265e-01  -1.4756865e-01   2.3875574e-01   2.4736196e-01   6.3763489e-01  -3.6166849e-01   6.2477932e-01  -1.4514440e-01  -8.2223774e-02  -9.6330837e-02   1.0998875e-02  -1.1470208e-01  -2.0120557e-01  -3.3000408e-01  -2.3014632e-01   2.5449808e-01   1.8722150e-03   3.1988068e-01   4.1382765e-01  -1.6859872e-01   5.0540576e-01   6.0299521e-01  -1.3113869e-01  -1.9575964e-01  -8.0773273e-03  -2.3052219e-01   5.7494370e-01   8.6590204e-04  -1.9958560e-01  -2.2321160e-01   3.2161805e-01  -5.8523136e-02   1.6938570e-02   2.2214104e-02   5.1145550e-01   1.3500062e-01   3.2984130e-01  -4.2883323e-02  -1.7412397e-01   2.4237612e-01  -3.0931127e-02  -3.1023077e-01   1.4382988e-01   1.5597048e-01  -3.4118137e-01   1.3402624e-01  -3.1550662e-02  -2.1440527e-01  -1.2612621e-01  -1.9595013e-02
  -5.1064026e-01   6.0899750e-01   4.7847752e-01   6.8055945e-02   2.2420505e-01  -1.7970271e-01   3.9271130e-01  -2.4560465e-01   2.7994931e-01   5.3960350e-01  -1.5792997e-01   0.0000000e+00   6.0932668e-02  -3.3369391e-01  -3.8382198e-03   5.2567162e-02   3.1513162e-01  -2.5478294e-01  -2.1303804e-01   5.6810437e-01  -1.4646648e-01  -1.5816331e-01   1.3501491e-01  -4.5448006e-01  -2.6095742e-02  -2.2366455e-01   3.1739380e-01  -4.3075988e-01  -1.0332760e-02   1.3909996e-01  -1.9323033e-01  -4.7852274e-01  -3.3527528e-01   6.4195752e-01   4.6486119e-01   4.9363395e-01  -3.9419110e-02  -4.8597942e-01   7.4887150e-02   6.2945119e-01   2.7262614e-02  -2.6952712e-01   3.1789730e-01  -2.6894150e-01   4.4833324e-01  -4.2039151e-01  -1.2073665e-01   5.0681909e-01  -7.9186384e-02   2.9684833e-01  -1.5364524e-01  -2.8785491e-01   3.9353339e-01   6.0493261e-02  -2.6875486e-01  -1.3954257e-02  -1.9374423e-01  -1.9872807e-01  -3.6599664e-01   2.5877443e-01  -2.6492811e-03   4.1151052e-01   3.8735778e-01  -5.7665339e-02  -5.1140236e-02   5.2332911e-01   5.2033928e-02   1.4830416e-01  -3.0147125e-01   3.0711790e-01   6.9838661e-01   1.2924655e-01   2.8905359e-01   1.2275422e-02  -3.0457831e-02  -2.5576833e-01  -2.7116894e-01  -3.0417642e-01   5.9822840e-01  -1.2690667e-01  -3.2674541e-01   1.4159274e-01   4.4079889e-01  -1.2489561e-01   7.0902264e-02  -3.5287123e-01   1.7658116e-01  -4.1468695e-01   3.0563930e-01  -5.0260973e-01   2.5703484e-01  -1.0517139e-01   6.9522563e-01  -1.2842665e-01  -4.5182680e-01   4.3215218e-01  -1.2840603e-01  -3.4245005e-01   2.6789408e-01   2.6406731e-01  -1.0772965e-01   1.7535020e-01  -1.0274022e-01   9.6650995e-02  -2.9009463e-01  -7.9908345e-02  -4.1831328e-02  -3.5138235e-01   3.1984429e-01  -1.1347787e-01   5.5477348e-01  -3.0866586e-01  -1.5565589e-01  -5.4249002e-01  -3.3264496e-01   3.4548375e-01  -6.4344974e-02   2.8678156e-01  -4.1864131e-01  -1.0302624e-01  -4.2001865e-01   5.3203410e-01   6.1842416e-01  -8.9177207e-02  -5.1040502e-01  -3.0523485e-01  -1.1244737e-01  -2.0778556e-02  -2.6371082e-02   3.1451810e-01   1.2497066e-01   2.4087162e-01  -6.0963566e-03  -1.7048523e-01  -9.9727378e-02  -2.8212523e-01  -8.0942197e-03  -2.8224885e-01  -3.4686839e-01  -5.3310473e-01  -4.4640559e-01   1.1024886e-01  -4.3345936e-01   4.6232884e-03   2.3397650e-01  -1.8904564e-01   7.1521444e-01   9.5099762e-02   1.3768058e-01   3.4270365e-02  -9.7350001e-02  -2.7464852e-01  -4.7805724e-01   1.5071825e-01   5.4373217e-01  -5.1897511e-01  -4.3301498e-01  -1.1397070e-01  -1.4913758e-01  -2.2373132e-01   1.3288990e-01  -2.1946005e-01   2.0675619e-01  -2.0571088e-01  -1.1411150e-01   5.9227775e-01   3.3689806e-01  -3.3879644e-01  -4.1189508e-01   3.8251273e-01   3.8158982e-01  -4.3603119e-01   2.7212668e-01  -1.5949632e-01   2.3454999e-02   2.0020055e-01  -6.3818496e-02
   2.9363935e-02   9.7946342e-02   2.0867643e-01  -1.8742393e-01   3.2692554e-01  -2.3293486e-01  -1.3126214e-01  -2.3766660e-01  -2.5364143e-01   4.9996415e-02  -4.2512014e-02   6.0932668e-02   0.0000000e+00  -2.8271218e-01  -2.5130793e-01   1.5867309e-01   1.6669957e-01  -1.1799176e-01  -2.9992512e-01   1.8717335e-01  -2.4100921e-01  -2.3251114e-01  -4.0542225e-02  -3.0297134e-01  -3.4928432e-01  -2.7547234e-01   4.6187143e-02  -3.1315269e-01  -2.4876014e-01  -2.9273316e-01  -3.2334616e-01  -1.2697593e-01   1.4705597e-01  -1.4518069e-01  -1.1121182e-01   2.1563706e-01  -8.4334781e-02  -2.2090931e-01   2.9003838e-01   2.1586363e-01   5.0791101e-01   1.1027180e-01  -1.2989678e-01  -1.1817759e-01  -2.4395108e-01  -3.0149628e-01   1.3849850e-01  -1.9868105e-01   6.7177352e-02   3.8936363e-01  -1.3748975e-01  -3.4097603e-01  -1.4867459e-01   2.0979714e-01  -2.5914250e-01  -1.0027344e-01  -2.5800774e-01  -9.7703932e-02   6.2659189e-02  -2.0254483e-01  -6.9350160e-02  -7.6707057e-02  -3.6691472e-05  -2.8851880e-01  -2.0010005e-01  -8.6970924e-02  -2.0038996e-01  -2.1682899e-01  -1.5628856e-01   1.2663648e-02   1.5906344e-01  -1.9937220e-01   1.3160097e-01   6.6449075e-02  -1.8551440e-02  -2.5312254e-01  -4.0290483e-01  -1.8506208e-01   1.0276299e-01   9.4814479e-02  -3.6277047e-01   3.2393521e-01   3.8031004e-02  -1.9051863e-01   1.8815469e-01  -1.6341122e-01  -3.3157417e-01  -1.0702252e-01   1.7818574e-01  -2.8753620e-02   1.7763827e-01  -8.3525028e-02   2.3184156e-01  -1.9015909e-01  -2.8113684e-01   2.2088778e-01   1.4591746e-01  -2.4214433e-01  -7.1998420e-02  -1.1194863e-01  -1.2012985e-01  -3.5542936e-01  -3.3015960e-01  -2.4297872e-01  -1.8724063e-01  -2.6578460e-01   2.4229111e-01  -1.8325286e-01   7.4612983e-02  -1.8135620e-02   1.6663421e-01  -2.7680289e-01  -5.2645598e-02   1.8392427e-02  -2.8979032e-01  -4.9040518e-02  -5.5157868e-02   1.3436368e-01  -2.6843429e-01  -2.7385085e-01  -4.3256708e-01   3.3515723e-01  -4.9510987e-02  -3.3198492e-01  -1.7666909e-01  -1.7514740e-01  -2.9213158e-01   5.3483393e-02  -1.1256324e-01   1.2258678e-01   6.5673755e-01  -5.8012058e-02  -2.7214471e-01  -3.3906577e-01  -1.3464965e-01  -2.8327075e-01   2.4439704e-01  -3.3890239e-01  -2.5882931e-01  -9.8390628e-02  -1.2208059e-01   5.6450794e-01  -2.5281819e-02   5.8545420e-02  -2.8737248e-01  -3.3018637e-01   5.2580871e-02  -4.9571144e-02   1.1164459e-02  -2.4879177e-01  -1.3123858e-01  -4.1601623e-01  -2.1791582e-01  -6.4190584e-02   3.1809785e-01  -2.2230399e-01  -3.4626210e-01   5.9832973e-02  -8.5526814e-02  -2.9751699e-01  -2.7527773e-01  -9.4975502e-02   2.6284156e-02  -2.3790586e-01  -3.3881671e-01  -1.6867006e-02  -1.7056059e-01  -3.5344279e-01  -3.0504648e-01   1.5781752e-01   1.3233598e-01  -1.7177580e-01  -3.4996478e-01  -1.3853110e-01  -2.6388782e-01   1.3684388e-01  -2.1519214e-01
   4.7065260e-01  -4.3887293e-01  -2.5123130e-01   1.5962656e-01  -4.0166040e-01   1.5662610e-01  -1.4634992e-01   1.3913499e-01  -3.2648788e-01  -3.2357687e-01  -3.7759429e-01  -3.3369391e-01  -2.8271218e-01   0.0000000e+00   1.0068485e-01  -3.6431530e-01  -2.2539092e-01  -2.0793785e-01   1.7473834e-01  -2.9691510e-01  -7.0307233e-02   2.7811128e-01  -2.7842619e-01   5.9079858e-01   1.6055989e-01   3.5016804e-01  -3.9825529e-01   5.6573788e-01  -1.1288169e-03  -3.6807798e-01   3.6489708e-02   3.3325946e-01   1.7174801e-02  -4.3494865e-01  -1.1012909e-01  -5.1540435e-01   6.1432596e-02   5.4507130e-01  -3.9880126e-01  -2.7043336e-01  -3.6021798e-01   8.3998598e-02  -1.6074912e-01   8.3191286e-02  -3.6239925e-01   3.7929401e-01  -3.5576340e-01  -3.3531335e-01  -2.4452548e-01  -1.7070731e-01  -1.9446968e-01   4.5533398e-01  -5.1915678e-01   2.2376635e-02   6.4555784e-01   9.0726000e-02   2.5375086e-01   2.4761578e-01  -1.7819362e-02  -1.0110786e-01   3.1582531e-02  -3.6675334e-01  -4.2188279e-01  -4.2216850e-01  -3.2607829e-01  -4.6641202e-01  -1.5476151e-01  -3.8591017e-02   8.2233919e-02  -1.7782164e-01  -2.6135153e-01   6.5445352e-02  -3.8862638e-01   3.7835546e-01   1.8333513e-01   4.3434789e-01   3.2886678e-01   3.0481281e-01  -3.2786405e-01  -1.4073057e-01   6.4919033e-01  -4.3290926e-01  -5.0243042e-01   5.7880617e-02   2.9864569e-01   3.2391708e-01  -2.5195820e-02   5.4061919e-01  -7.3730540e-02   4.0592892e-01  -2.2497715e-01   5.7495481e-02  -5.5096603e-01   1.5868202e-01   5.4472370e-01  -2.6644750e-01  -7.9749773e-02   1.8623855e-01  -2.4685681e-01   1.9710808e-02   4.4264255e-01   6.5099046e-03   5.7395228e-01  -8.4931351e-02  -1.3788343e-02   2.1786381e-01  -2.3187492e-02   2.5612627e-01  -2.1165882e-01  -4.2083784e-01  -4.5663578e-01   3.4517977e-01   1.6315776e-01   4.6071916e-01   5.7911317e-01  -2.4321784e-01   1.5010787e-01  -3.2383728e-01   4.7889077e-01   1.5411314e-01   4.5980895e-01  -3.3451568e-01  -1.0664621e-01  -2.0678997e-01   5.0902988e-01   7.0323211e-01  -1.5166430e-01   1.4737686e-03   1.2947521e-01  -3.0540505e-01  -4.4250887e-01  -5.8527371e-01   6.0385758e-01  -1.5631438e-01   2.0342498e-01   3.0284805e-01  -1.3657675e-01   5.5925173e-01   2.9141729e-01   4.7298704e-01   6.2266948e-01   2.1388167e-02   9.8549090e-02   1.4490944e-02  -1.1520236e-01   1.3454208e-01  -1.6259293e-01  -5.0385422e-01  -5.3466606e-01   5.6122766e-03   4.3102277e-01   5.1151743e-01   4.5550884e-01  -4.7752998e-01  -4.6326211e-01   4.9384624e-01   5.5920942e-01  -1.7162135e-01   1.2083435e-01   4.9189609e-01  -2.2440648e-02  -1.5924364e-01  -3.6464991e-01   4.0134660e-02   1.7691181e-01  -2.4907850e-01  -2.9464658e-01   5.6863279e-01   4.7017510e-01  -4.6539003e-01  -4.2085814e-01   5.5677955e-01  -6.6721054e-02   1.6453979e-01   2.2787174e-02  -2.0259515e-01   1.5240133e-01
