   0.0000000e+00  -5.9498760e-01  -2.6101753e-01  -6.8237281e-02  -3.9076804e-01   1.5516240e-01  -3.9870140e-01   2.0169511e-01  -1.6550378e-01  -2.2786188e-01  -2.2414274e-01  -5.3518919e-01  -1.4613358e-01   7.2751098e-01  -1.9743922e-01  -3.6892639e-01  -4.2545155e-01   9.8230622e-02   1.9854862e-01  -2.3731242e-01  -6.9200996e-02  -6.0765606e-03  -2.4886815e-02   8.9923384e-01   1.1496246e-01   3.0183367e-02  -1.8404162e-01   3.1831851e-01  -9.6539070e-04  -3.8342666e-01  -1.4696656e-01   3.8860910e-03  -7.8065212e-02  -5.3056234e-01  -2.1174447e-01  -1.6531272e-01  -1.9469170e-01   7.6008450e-01  -4.6069395e-01  -2.5903440e-01  -3.0736198e-01   5.2893690e-03  -3.8149750e-01  -1.6091129e-01  -2.3329002e-01   6.6083684e-01  -5.2205915e-02  -5.5772027e-01  -3.7460831e-02  -3.0517548e-01   1.1143689e-02   1.8924989e-01  -5.4011538e-01   1.3159490e-02   2.8394935e-01  -3.2770087e-01   1.9654305e-01   2.9066852e-02  -1.8260875e-01  -1.9091556e-01   3.2084986e-02  -1.1460907e-01  -2.6389353e-01  -2.0038815e-01  -2.1208296e-01  -1.1486689e-01   3.3104253e-02  -3.2935716e-02   1.4715724e-01   3.8299820e-02  -5.1224237e-01   2.9771308e-02  -3.6736197e-01   7.0967818e-01  -3.9195070e-02   7.5760558e-02   5.7537014e-01   7.9035445e-02  -3.3991664e-01  -3.4743397e-01   6.4010212e-02  -4.3818679e-01  -5.3289853e-01   2.8577620e-01   5.5506509e-01   6.8940343e-02  -1.0848989e-01   6.3834854e-01  -2.0854449e-01   9.2924326e-01  -2.3202671e-01   3.4395494e-01  -5.3592603e-01  -3.6118798e-02   6.3655355e-01  -2.0650453e-01  -1.5379754e-01   2.0605928e-01  -1.7080262e-01  -2.2191584e-01  -7.3446398e-02  -3.9207516e-01  -2.3071815e-02  -1.5879087e-01   6.3412848e-02  -9.8831026e-03  -1.9129786e-01   2.0868709e-01  -2.1366730e-01  -1.9522746e-01  -4.0798912e-01  -7.0790403e-02  -1.5793752e-01   8.9823821e-01   2.1564965e-03  -3.7650164e-01   2.0004633e-01  -3.2113440e-01  -6.3819546e-02  -1.1121361e-01   7.4661551e-01  -2.4448995e-01  -2.8193743e-01  -2.2248281e-01   7.6301836e-01   6.3111073e-01  -8.6350312e-02  -2.4820431e-01   5.9012502e-02  -4.1131872e-01  -3.5319036e-01  -3.9016201e-01   5.5603460e-01  -2.7411779e-01  -2.5124639e-01   1.3829039e-01  -1.4899637e-01  -1.8303117e-01   1.8708214e-01   7.3796310e-01   8.0250806e-01   1.3568030e-01   1.1380704e-02  -9.2725116e-02  -3.3359575e-01  -5.5940546e-02  -3.3819286e-01  -4.8119256e-02  -8.1565388e-02  -3.0832650e-01   1.5098156e-01  -4.6560778e-02   3.7983794e-01  -3.8498148e-01  -6.1103103e-01   8.7555022e-01   4.3956254e-01  -3.9366900e-01   1.3629119e-02  -4.4820440e-02  -1.0587404e-01  -1.1069561e-01  -4.3672634e-01   1.7475182e-01  -3.5995594e-02  -3.1479954e-01  -3.5448776e-01   5.4527798e-02   3.2900350e-01  -4.4586645e-01  -2.9729008e-01   7.2638884e-01   1.0302780e-01  -5.8152164e-02  -1.0200384e-02  -2.4509119e-01   3.0491893e-03
  -5.9498760e-01   0.0000000e+00   2.6244781e-01   1.9172634e-02   4.2932372e-01  -1.3467942e-01   9.6555634e-02  -9.7279842e-02   3.0527493e-01  -6.0016656e-02  -1.2028696e-01   5.3067228e-01   1.9241653e-02  -5.4237086e-01   4.4245509e-02   2.4104799e-01   4.7834223e-01  -1.9195512e-01  -8.1476251e-02   1.9047040e-01   4.9594354e-02  -1.0949902e-01  -1.7413474e-01  -5.6788910e-01  -9.2619593e-02  -8.2889290e-02   2.0107931e-01  -3.4730887e-01   6.4998837e-02   6.1741409e-01   1.2813724e-02  -1.8300649e-01   1.8055373e-01   3.0906723e-01   1.5819742e-01   4.5156614e-03   1.0052419e-01  -3.6557243e-01   3.0810727e-01   2.7157003e-01   1.1598908e-01  -7.5687790e-03   3.5543667e-01   6.8217737e-02   1.4845310e-02  -4.7378948e-01  -1.4273814e-01   4.8588517e-01   1.7220498e-01   3.6043723e-01  -2.1109074e-01  -1.7301660e-01   6.5514183e-01   9.6167956e-02  -2.7620967e-01   5.8874486e-02  -1.8138705e-01  -2.3796047e-01   4.6143055e-02   5.0608823e-03  -8.5771821e-02  -4.1682244e-04   3.4476805e-01   1.5701565e-01   1.9285436e-01  -1.2432124e-01  -3.4002430e-03  -1.3934471e-01  -1.1572372e-01  -1.0906268e-01   6.1263530e-01  -1.4980767e-01   1.8594617e-01  -4.5698623e-01  -5.3976821e-03  -1.3739287e-01  -4.6162752e-01  -4.5937738e-02   5.0238214e-01   2.8477078e-01  -2.0692079e-01   1.7849142e-01   4.9375598e-01  -1.9605477e-01  -2.9567699e-01  -1.5674299e-01   1.8313341e-01  -5.2255169e-01   2.4779524e-01  -4.9992775e-01   4.0825962e-01  -2.2786913e-01   3.4582741e-01  -6.2210920e-02  -3.9588951e-01   1.1196009e-01  -7.4030668e-03  -1.4778029e-01   1.9006760e-01   7.5434474e-02   1.1816443e-01   2.1900132e-01   5.4106990e-02   1.4943467e-01  -2.2507346e-01  -1.1627198e-01   3.1028675e-01  -1.4988866e-01   2.8334830e-01   2.6402054e-02   1.6545299e-01  -4.8470015e-02   1.1203280e-01  -4.8418190e-01  -1.8911994e-01   6.4827189e-01  -2.1019872e-01   6.4969004e-02   8.5632994e-02  -5.3490802e-02  -5.7511707e-01   2.5542193e-01   3.8802225e-01   3.3499751e-01  -5.3266201e-01  -4.5543034e-01   5.3133018e-02   2.5762748e-01  -1.6854011e-01   4.9691560e-01   2.1829231e-01   2.8652275e-01  -2.7140321e-01   2.1407715e-01   2.0031914e-01  -1.1788853e-01  -4.5627171e-02   1.4020096e-01  -2.2855115e-01  -4.7182413e-01  -5.2404207e-01  -1.7088915e-01  -9.3170372e-02   6.1742913e-02   1.7374897e-01  -1.0583070e-01   1.3316436e-01  -9.1546643e-02  -2.0116429e-01   3.8756832e-01  -2.7351269e-01  -1.1156374e-02  -3.6988835e-01   3.2900934e-01   6.2082743e-01  -4.6452334e-01  -3.7826743e-01   1.0651001e-01  -8.6186624e-02  -7.2768106e-02  -1.9710610e-02  -5.9084735e-02   2.1980466e-01  -3.0101443e-01  -9.9298288e-02   3.8941420e-01   3.7428634e-01  -1.4484891e-01  -2.7616187e-01   4.4442829e-01   3.9455820e-01  -4.8304836e-01  -2.3200822e-01   5.3117192e-03   4.7424698e-02   2.3258957e-01  -6.4236686e-02
  -2.6101753e-01   2.6244781e-01   0.0000000e+00   1.2200646e-02   3.7614207e-01   5.7907025e-02   1.1701660e-01  -1.9375252e-01   8.4831553e-02   5.9982801e-02  -4.4628728e-02   4.5626836e-01   8.5318033e-02  -3.1733916e-01  -1.0171675e-01   3.4500090e-01   6.6235877e-01  -1.1707246e-01  -2.0594006e-01   5.2992176e-01  -2.8612611e-01  -9.5558763e-02  -2.2050270e-01  -2.6860895e-01  -6.2050623e-02  -1.6324029e-01   3.9025015e-01  -2.1650889e-01  -4.0318437e-02   1.6548523e-01  -2.9422107e-01  -5.9592242e-02   1.1962549e-01   9.7248620e-02   1.2997884e-01   2.8205252e-01  -1.3956818e-01  -1.8009056e-01   2.6580020e-01   4.7155672e-01   9.6850279e-02   2.4483723e-01   3.0964768e-01  -2.7756326e-01  -5.4097492e-02  -8.7366260e-02   1.7592876e-01  -1.7894804e-01   1.8922539e-02   5.4426323e-01  -5.1293723e-03  -2.3974610e-01   8.6484818e-02   2.7042729e-01  -1.8539223e-01  -6.6354928e-02  -1.0032256e-01  -1.1866988e-02   5.2613440e-02   5.6548850e-02   3.7862023e-02   6.4554948e-02   6.4705474e-02  -2.5379466e-01  -2.5111249e-01   3.7961685e-03   2.3185528e-02   1.2156618e-01   3.7194162e-02   6.7055296e-01   6.7256660e-02  -7.0305144e-03   1.5213525e-01  -2.2138300e-01   2.0554960e-01  -2.5563916e-01  -2.4660553e-01  -2.1400281e-01   1.3506912e-01   1.5462127e-01  -3.6800872e-01   2.5435104e-01  -9.5042264e-03  -3.5966425e-01  -2.3367182e-01  -1.7152503e-01  -2.4641360e-02  -2.5958170e-01   1.3744694e-01  -2.7070721e-01   1.8963355e-01   1.9809428e-01   3.2704285e-01  -1.0764468e-01  -1.7688682e-01   5.0361775e-01   2.4301678e-01  -1.1057391e-01   2.9345832e-01  -1.2162285e-01   1.7834369e-01  -7.3819883e-03  -2.8399704e-01   1.1166242e-01  -1.6604766e-01   9.0854701e-04   3.8840584e-01  -6.6912969e-02   1.6233613e-01  -1.1810401e-01   1.2968872e-01  -1.1312827e-01   2.7181763e-02  -2.4342336e-01  -3.3967680e-02   1.0356033e-01  -3.1271007e-01   1.4377256e-01   1.1534630e-01   7.9061613e-02  -2.8536755e-01   3.6460222e-01   4.0297288e-01  -2.7060519e-01  -3.2009236e-01  -2.9467071e-01  -4.9351781e-02   2.9165604e-01  -6.2975534e-02   7.0865603e-01   1.1691326e-01  -1.2177087e-01  -1.9750874e-01  -2.7749300e-01   2.4089405e-01  -3.1339966e-01   8.6237578e-02  -2.6895423e-01  -3.1949123e-01  -2.1670659e-01  -2.5523966e-01  -1.9414625e-02  -2.0154008e-01   4.8325163e-01  -5.0038028e-02  -3.4251816e-01   2.3290858e-01  -1.4890859e-01  -7.0456645e-02  -1.9785347e-01  -1.6364048e-01  -3.3568652e-01   2.1603789e-03  -5.8158953e-02   6.0229132e-01  -2.3927947e-01  -3.0175303e-01   1.5244512e-01   1.0305286e-01  -3.1027219e-01   1.5250086e-01  -1.8218461e-01  -2.1353658e-01  -3.0346707e-01   9.6726973e-02   1.1055576e-01   3.7866923e-01  -1.3213749e-01  -8.8627451e-02  -1.4285085e-01   2.0213078e-01  -2.1048522e-01  -1.1310300e-01   1.2279827e-01  -1.9457990e-01   1.5152590e-01   1.4483996e-01
  -6.8237281e-02   1.9172634e-02   1.2200646e-02   0.0000000e+00   1.2041486e-01   6.0870072e-01  -6.1049714e-03   1.2128773e-01   6.4192123e-02  -6.6743627e-03   3.2746122e-01  -1.8084014e-01   1.4007774e-02   1.4904800e-02   7.1102089e-02   1.8478500e-01  -1.6125799e-01   5.2186961e-01  -8.4403706e-02   4.7289099e-02   3.3092883e-01   4.0949097e-01   4.6909494e-02  -1.0460153e-01   2.4569669e-01  -5.7984288e-03   2.4940276e-01  -2.4844990e-02   1.4810784e-01  -1.6448202e-01  -7.8201689e-02   4.5433832e-01   3.1242477e-01  -8.1984716e-02   1.4370323e-01   1.6634224e-01   3.3392373e-01  -1.4957266e-01   1.8418763e-01  -3.0183198e-02   2.6638996e-01   4.5390833e-01  -5.7143317e-02   4.0694372e-01   2.1399426e-01  -2.0983809e-01   3.6669332e-01  -8.6687150e-02   3.8495157e-01  -2.9884158e-01   4.4435090e-01   6.8383052e-02  -1.2618354e-01   4.0775736e-01   1.3350586e-01   3.2618022e-01  -5.2931500e-02   3.2466082e-01   5.5096532e-01   2.0291957e-01   5.5307362e-02   3.3181349e-01  -1.2797941e-02  -3.8594901e-02   1.7530609e-01   1.7790324e-01   5.9754486e-01   3.7493438e-01   3.4074686e-01   7.1312766e-02  -1.6030272e-01   5.5180322e-01   1.6547705e-01   7.3439956e-02   1.3172866e-01   2.8210019e-02  -5.3995515e-02   4.5344385e-01  -1.3889735e-01   4.6718832e-01  -1.7992442e-02   1.1050354e-01  -6.8013705e-02   6.0547834e-02  -1.8829135e-01  -5.9029780e-02   6.0886726e-02  -1.9706196e-02   6.0506242e-02  -1.1618648e-01  -2.0773249e-01   8.0170270e-02  -8.7420532e-02   1.0464159e-01  -2.6135702e-01   5.3050455e-03   5.0722964e-01   3.1642020e-01  -9.2445581e-03   1.3598594e-02  -1.0335703e-02   6.0065927e-02   5.9212268e-01   2.4837411e-01   3.3838999e-01   2.5497619e-01   4.2127836e-01   5.0148723e-01  -3.8376090e-02   1.5360007e-01  -8.1868591e-02   5.5268053e-01   4.7877866e-01  -1.6776605e-01  -5.7771079e-02  -2.0552846e-01   2.1357144e-01   1.8889109e-01   1.2424881e-01   7.0465175e-01  -1.0424965e-02  -2.7950850e-02  -8.3310035e-02  -2.0197530e-01  -1.6720070e-01  -2.6902830e-02   4.1299653e-02   3.3394180e-01   3.3274991e-01  -1.3142875e-01  -2.3520770e-03   7.1380866e-03   8.2850600e-02  -1.1085830e-01   1.3855013e-01  -3.7190669e-02   3.8490816e-01   1.7495422e-02   4.9759974e-02  -3.0194777e-01   2.4175294e-03  -2.8607362e-01   3.8856661e-01   3.6456413e-02   1.8215050e-02   8.9388860e-02  -1.8884251e-02   6.8977245e-02   2.9012488e-01   3.3053285e-02  -3.3258521e-01   8.5094983e-02   1.9747483e-01  -1.1928337e-01  -1.8383105e-01  -1.1461697e-01   8.8343130e-02   2.9138380e-01   1.5119700e-01   3.1199109e-01   3.3306025e-01   4.5180613e-01   5.6110425e-02   5.0476332e-01   2.1451003e-01  -3.1571454e-01  -8.0477427e-02   7.7919438e-02   8.8406854e-02  -7.6157405e-02  -2.8193533e-01  -1.5588625e-02   4.3633293e-01   1.4379491e-01   1.2051513e-01   4.6137847e-01   3.2606222e-01
  -3.9076804e-01   4.2932372e-01   3.7614207e-01   1.2041486e-01   0.0000000e+00   4.8185083e-02   1.6142307e-02  -1.2612236e-01   8.2944097e-02   1.9054321e-01   4.5840404e-02   2.4637480e-01   3.6224125e-01  -3.7436005e-01  -1.8745429e-01   4.5393575e-01   4.0498990e-01  -1.2438748e-01  -1.3816976e-01   7.1345288e-01  -5.0800381e-02  -2.2312553e-01  -3.8523631e-01  -4.1877668e-01  -1.5860404e-01  -8.9859526e-02   6.3498062e-01  -3.1318568e-01  -3.7310573e-02   3.2716398e-01  -2.4520544e-01  -2.5117642e-01   2.6882604e-01   1.3725766e-01   7.2641353e-03   6.3276789e-01   3.0291635e-01  -2.4756848e-01   5.3137967e-01   4.2058404e-01   3.8184009e-01   1.3229329e-01   2.9961829e-01  -2.5569571e-03   3.4521850e-02  -3.6985806e-01   3.5658147e-01   1.0137143e-01   3.6850225e-01   3.1474088e-01  -2.8861688e-02  -1.9621862e-01   4.4225959e-01   5.8596454e-02  -2.6158816e-01  -4.5304380e-02  -2.6780362e-01  -2.8405833e-01   1.2141042e-01  -8.0795708e-02  -1.3353110e-01   3.7072551e-01   1.4544841e-01  -1.8550756e-01   1.3737500e-01   1.7508429e-01   2.1281325e-01   4.4369877e-02  -1.2276753e-01  -1.5923594e-02   1.0131660e-01  -2.9374870e-02   4.2191476e-01  -3.9041876e-01   1.2442117e-02  -3.9984753e-01  -4.0429516e-01  -1.3090174e-01   5.5819592e-01   4.2836136e-01  -3.9209256e-01   3.3089741e-01   3.4539946e-01  -2.9194104e-01  -3.4014256e-01  -3.6431240e-01   4.9268852e-03  -3.9129721e-01   1.9860815e-01  -3.9323564e-01   5.5002929e-01  -1.5177427e-01   2.7297923e-01  -1.5250941e-01  -1.9202267e-01   5.7798079e-01   3.0416745e-01  -1.7450869e-01   1.4739202e-01  -1.1364426e-01  -9.4317334e-02   1.1024784e-02  -9.6048669e-02  -6.0008434e-02  -2.4148938e-01  -2.6489358e-01   3.2990075e-01  -2.0447032e-01   3.4311188e-01   1.4498615e-01   7.4751970e-02  -1.4293304e-01  -3.7437191e-02  -3.1729648e-01  -3.2809927e-01   4.4162401e-01  -2.8316776e-01   3.0371478e-01   1.2069617e-01  -2.7483435e-02  -4.7344859e-01   6.7262827e-01  -1.5965174e-02  -1.0151271e-01  -5.1217296e-01  -4.6453598e-01  -4.4012637e-02   2.7304604e-01  -2.2203281e-01   5.0932497e-01   3.7193836e-01   2.1729082e-01  -3.7749521e-01  -2.3593648e-01   1.4665882e-01  -3.1222068e-01   9.6302512e-02  -9.2444616e-02  -4.3322742e-01  -2.3986806e-01  -3.1808617e-01  -1.1894396e-01  -2.2659780e-01   2.7956230e-01  -1.0478191e-01  -3.0088904e-01  -8.0703031e-02   3.1404299e-01   5.3812615e-02   1.7429484e-01  -4.2245045e-01  -2.8895725e-01  -2.0040290e-01   2.5875123e-01   6.2134511e-01  -3.6434393e-01  -3.1365639e-01   3.2686417e-01  -2.8873915e-02  -2.2143229e-01   1.3468290e-01  -2.3176289e-02   2.4635011e-01  -3.5311340e-01  -1.0899339e-01   6.0504663e-02   4.2680616e-01  -9.5930886e-02  -2.2604200e-01   3.5963198e-01   2.0589337e-01  -3.4494614e-01  -1.9273188e-01   2.7232203e-01  -4.5498757e-02   2.0080959e-01  -1.0649285e-01
   1.5516240e-01  -1.3467942e-01   5.7907025e-02   6.0870072e-01   4.8185083e-02   0.0000000e+00   1.2289025e-01   1.6155798e-01   8.5219788e-02  -2.2322110e-01   2.6254089e-01  -1.2302651e-01  -1.2484965e-01   4.3504260e-02   1.7783706e-01   1.1307036e-01  -1.3512259e-01   4.2434191e-01   5.2780457e-02   1.7919382e-02   2.1800739e-01   2.5008328e-01   6.7819695e-02   1.6297916e-01   7.3132270e-02   1.3450263e-01   2.5285875e-01   2.3240530e-01   1.8108723e-01  -9.9087741e-02  -1.1527051e-01   2.9137395e-01   1.5821195e-01  -1.3854771e-01   9.6591149e-02   1.5853524e-01   1.7075663e-01   1.0954048e-01   1.6799853e-02  -7.2023065e-02  -2.8081685e-02   2.7983477e-01   1.2884097e-01   2.5863956e-01   1.4443198e-01   1.0499539e-01   3.3064048e-01  -3.5873410e-02   4.9484148e-01  -2.3621224e-01   4.4568159e-01   1.2502298e-01  -1.3759202e-01   3.5528958e-01   1.2018669e-01   3.5073867e-01   4.0780887e-03   3.4521945e-01   1.7474728e-01   2.8672987e-01   1.0047566e-01   2.8018693e-01   2.8748262e-02  -7.1394718e-02   5.2424127e-02   1.8664083e-01   8.2010657e-01   3.7219079e-01   3.2322437e-01   1.2934215e-01  -2.4090151e-01   4.4549760e-01  -1.3426178e-01   2.1178397e-01  -4.7688589e-02  -9.6631339e-02   1.1925450e-01   2.7663813e-01  -1.1311813e-01   1.8469803e-01   4.1624122e-02  -5.7150487e-02  -7.7249784e-02   1.9597957e-01  -1.2394058e-01  -1.2539468e-01   4.4629468e-02   2.0803801e-01   4.3469001e-02   1.7410841e-01  -2.0469165e-01   2.9557904e-01   5.2171448e-02   1.0697419e-01  -3.8538131e-02   1.2067020e-01   2.8031926e-01   4.6032995e-01  -2.0900048e-01  -2.7843852e-03   9.3111632e-02   9.0674859e-02   4.9997854e-01   1.1636307e-01   2.6788966e-01   6.6056193e-02   3.4042039e-01   5.3104903e-01  -9.6781611e-02   2.0965369e-01  -9.8414234e-02   5.5029613e-01   3.6414111e-01   9.4990438e-02   3.5234728e-02  -2.5565618e-01   2.4376162e-01  -4.4265105e-02   3.7864239e-01   4.1979902e-01   2.3432327e-01  -1.0593610e-01  -8.9928591e-02  -2.4116332e-01   1.3231238e-01   1.7712488e-01   4.8967950e-02   1.2829495e-01   3.2610359e-01  -1.7312777e-01  -1.6907088e-01  -6.1837803e-02   2.8192101e-01  -1.1039570e-01   1.9979500e-01  -5.0429677e-02   2.4124396e-01   6.8247683e-02   2.1312613e-02  -1.2626015e-02   2.1903765e-01  -4.7444152e-01   3.3476167e-01   3.3235959e-01  -1.0950271e-01  -3.5340048e-02  -6.2485775e-02   7.9738737e-02   4.0254279e-01  -1.1636892e-02  -2.8792177e-01   2.3772147e-02   4.0511425e-01  -9.8463754e-02  -1.6599584e-01   1.3895269e-01   1.9128549e-01   1.2505966e-01   2.4588821e-01   2.3583562e-01   3.0467633e-01   3.1905303e-01   3.2205396e-02   3.1593520e-01   2.2539041e-01  -3.1951820e-01  -3.1574366e-03   4.0119905e-01   2.8639732e-01  -1.4894352e-01  -1.6158813e-01   1.6811302e-01   3.7669898e-01   3.7391423e-01  -1.1849835e-02   2.7682683e-01   2.0257018e-01
  -3.9870140e-01   9.6555634e-02   1.1701660e-01  -6.1049714e-03   1.6142307e-02   1.2289025e-01   0.0000000e+00  -3.0901716e-01  -5.2091996e-02   2.7998125e-01   2.0921036e-01   4.5297404e-01  -1.0727332e-02  -4.0799528e-01   1.1425410e-01   3.2007621e-01  -1.2132852e-01   7.6032645e-02  -1.5556220e-01   1.1243312e-01   2.7780661e-01  -3.2571859e-02   4.6967859e-01  -4.1821241e-01  -1.0079767e-01  -4.2267994e-02   9.1366326e-02  -9.8896718e-02   6.9330666e-02   1.4809933e-01  -1.0527391e-02  -1.3539913e-01  -1.9595940e-01   6.7699298e-01   1.7007194e-01   2.3244878e-01   2.6926799e-01  -3.4155867e-01   1.9603060e-01   2.4596883e-01   1.2385154e-01  -1.1947541e-01   3.7673836e-01  -1.7231480e-01   6.6687352e-01  -4.7065489e-01   1.5819014e-01   6.2659637e-01  -2.8734482e-02   1.9382009e-02   2.4775061e-01  -2.2560483e-01   1.7202382e-01  -1.9760952e-01  -3.5211272e-01   3.2288830e-01  -1.7564517e-01  -1.5194092e-01   4.1749373e-02   1.2504130e-01  -2.2154617e-01   1.4809965e-02   1.5637882e-02  -8.6311394e-02   1.7398822e-01   2.5567592e-01   1.2408819e-01   9.9440913e-02  -1.1563314e-01   3.5757016e-01   4.3151540e-01   8.9038995e-02   1.7446726e-01  -3.9318905e-01  -1.0159915e-01  -2.1537527e-01  -3.5516117e-01  -3.2565079e-01  -4.6330742e-02  -1.1739333e-01   9.0321053e-02   2.9611097e-01   3.2976684e-01  -2.3734671e-01  -4.1755833e-01  -1.5262673e-01  -3.1207178e-03  -3.2622485e-01   1.0987434e-02  -3.6333134e-01  -3.6988052e-01  -3.5512415e-01   6.9197687e-01   2.0451603e-03  -4.2315243e-01   1.7405851e-01   4.5964868e-02  -1.9571276e-01  -8.9655548e-02   7.1266416e-01   1.6040590e-01   2.8604609e-01  -3.6204403e-03   5.0602237e-02  -1.0453354e-01  -1.8961725e-01  -7.9446042e-02  -2.3270752e-01  -2.0562568e-02   3.3178363e-01   6.7462279e-01   1.0071855e-01   9.2298722e-02  -3.8731381e-01   3.2233848e-01  -8.7718913e-02  -2.3749905e-01   2.0363986e-01  -6.3162432e-02   6.7704317e-02  -3.2701205e-01  -1.3724001e-01   1.1278556e-01   4.6464197e-02  -3.5240080e-01  -2.5881266e-01   2.5657875e-01  -6.5981237e-02  -1.5536452e-01  -1.6620195e-02   8.5364296e-02   5.6727579e-01  -2.8515582e-01   1.8006865e-01   9.6009604e-02  -2.8941384e-01  -8.9913310e-03   6.8501675e-03  -2.0559376e-01  -4.2158987e-01  -4.5391512e-01  -1.6925273e-01  -1.6585551e-01  -3.0483419e-02   4.6790432e-01  -1.7947884e-01   7.8235348e-01  -7.7014994e-02   3.9632666e-01   3.3006281e-01   1.3669696e-01  -7.9286025e-02  -2.5204735e-01   2.2061165e-01   1.2529590e-01  -3.4946506e-01  -3.1442282e-01   3.2040511e-01  -1.9783746e-01   3.0598891e-02   2.4061953e-02  -8.4912577e-02   5.1616076e-01  -1.5684484e-01  -8.4443308e-02   3.3894488e-01   2.4546304e-01  -1.1465553e-01  -3.5606516e-01   3.5059570e-01   1.3177906e-01  -4.1276748e-01   1.0479219e-01  -1.0169837e-01  -1.7542329e-01  -6.7376014e-03  -1.0087161e-01
   2.0169511e-01  -9.7279842e-02  -1.9375252e-01   1.2128773e-01  -1.2612236e-01   1.6155798e-01  -3.0901716e-01   0.0000000e+00   1.3796594e-01  -1.7171663e-01  -1.6222535e-01  -3.2868332e-01  -3.0930390e-01   2.3842517e-01   1.5628153e-01  -2.6539822e-01   1.2938144e-01  -1.3165246e-01   4.3658224e-01  -3.7787125e-01   2.7491009e-03   2.5043618e-01  -5.1293056e-02   2.8399415e-01  -9.4587855e-02   6.1370451e-01  -2.4414990e-01   3.7455892e-01   9.9309406e-02  -7.7674050e-02   3.5832887e-01   3.3261469e-01   9.6093894e-02  -1.7563947e-01  -4.6182893e-02  -3.3530271e-01  -1.9457280e-01   2.1716242e-01  -3.1882276e-01  -1.2657729e-01  -2.6888355e-01  -3.4940749e-02  -1.7521366e-01   1.9379834e-01  -1.8599187e-01   4.0393818e-01  -3.4635526e-01  -8.3903591e-02   2.6815865e-02  -2.0284102e-01  -1.8740295e-01   7.7775003e-01  -3.0540205e-02   1.7946942e-01   3.2119065e-01   8.0406178e-02   4.8952666e-01   3.6930466e-01  -4.3058478e-02  -1.1439560e-01   3.4067960e-01  -3.6219626e-02   8.1679091e-02   3.0786934e-01  -9.9691502e-02  -2.8838339e-01   1.5229952e-01  -5.1416451e-02  -3.9099025e-04  -2.6596361e-01  -8.0410078e-02   9.2527653e-02  -4.7403996e-01   1.0465845e-01  -2.5783834e-03   5.5759495e-01   4.1134971e-01   3.0521644e-01  -1.6199141e-01  -1.2780365e-01   5.0384187e-01  -2.3902602e-01  -2.2485855e-01   6.8486731e-01   2.4321986e-01   4.7411910e-01  -1.1013290e-01   3.6420142e-01   1.2206602e-01   2.0528096e-01  -2.8063708e-02   3.3551974e-01  -3.4144033e-01   2.1517354e-01   4.3702669e-02  -2.5638008e-01  -1.5574989e-01   4.2082351e-01  -8.5532841e-02  -3.2722114e-01   3.9016838e-02   6.2188515e-02   1.1706665e-01  -5.0026150e-02   1.4939524e-01   4.7010913e-01   7.3405439e-02   3.9330259e-01  -2.0888051e-01  -2.0195728e-01  -1.0658415e-01   3.6929296e-02   2.0746055e-01   1.6506731e-01   2.4304705e-01   1.1768548e-01   4.1459056e-01  -1.0191607e-01   4.4693873e-02   8.1485752e-02   3.6129285e-01  -2.0761755e-01  -3.6729575e-02   8.8555826e-02   3.3950192e-01   1.7796706e-01  -1.0021353e-01  -5.0935066e-02   5.1316232e-01  -1.5528031e-01  -1.5958542e-01  -1.9311866e-01   7.1783856e-02   1.7565797e-01   3.8149682e-02   7.7514897e-01  -1.8764188e-01   4.2441572e-01   6.3657784e-01   2.0473944e-01   3.4459391e-01  -3.7392998e-01   2.0744618e-01  -1.1670732e-01  -1.3886678e-01   4.2760361e-01  -2.4891822e-01  -1.0902763e-01  -9.6014811e-02  -2.3799559e-01   8.5790004e-02   5.2061199e-01   3.6924608e-01   2.0138090e-02  -2.0345129e-01   2.9826411e-01   4.5834005e-01  -2.7383077e-01   2.8871213e-01   4.7560545e-01  -7.0557917e-02   2.0214716e-01  -2.4571793e-01   1.3372173e-01   3.9812337e-01  -1.0142575e-01  -1.1396506e-01   3.7474776e-01   4.7057366e-01  -2.6345676e-01   2.0157979e-02   2.8735728e-01  -5.8565966e-02   1.3735554e-01  -5.5552860e-02  -8.2114425e-02   3.5000871e-01
  -1.6550378e-01   3.0527493e-01   8.4831553e-02   6.4192123e-02   8.2944097e-02   8.5219788e-02  -5.2091996e-02   1.3796594e-01   0.0000000e+00  -2.8554731e-01  -2.1658345e-02   3.1919823e-01  -4.9980380e-02  -2.9805876e-02   3.6047168e-01  -9.4691143e-02   2.8534835e-01   1.4431922e-01   1.9665209e-01  -7.7537701e-02  -2.1012435e-01   7.0605614e-02  -3.6213088e-01  -4.8270083e-04   3.5958699e-02   2.4809116e-01  -2.2335678e-01   1.3498911e-01   1.1297212e-01   6.3560302e-01   1.4166636e-01   1.1535982e-01  -1.6404535e-01   5.1850346e-02   5.2699935e-01  -2.6530299e-01  -2.3968517e-01   1.4073020e-02  -4.4912127e-02  -2.1774231e-01   1.5785839e-03  -4.3365402e-02   5.9902777e-01   1.6593025e-01   1.7390903e-03  -3.0297790e-02  -3.2077907e-01   9.9417676e-02   3.8154162e-01   6.6578193e-02   9.4866087e-02   1.1829288e-01   3.0509856e-01   2.3487639e-01   2.4423175e-01   7.2015559e-02   1.0881260e-01   1.7877570e-01   1.4967404e-01   2.7634343e-01   3.7526236e-01   3.5493799e-01   8.2710850e-01   4.0125230e-01   3.0679820e-01   1.1553474e-01   8.7106677e-03   2.7336357e-01  -1.9154140e-01  -1.9792259e-01   4.2040762e-02   2.7481541e-01  -1.5864796e-01  -3.4955987e-03  -6.8723301e-02   1.3169893e-01   9.9822760e-02   2.0932440e-01   4.0725102e-01   3.0311956e-01  -1.4665826e-01  -6.4364551e-02  -1.1763335e-01   1.5856037e-01  -7.9198129e-03   7.2651591e-02   6.0553382e-01   9.5645799e-02   4.5296879e-01  -3.0656252e-02   3.4055249e-01   2.9464239e-01  -1.2710327e-02   5.4145383e-01  -1.9351371e-01  -9.6193463e-02   2.1834891e-01   1.9754151e-01   2.7585397e-01  -1.4070518e-01  -1.8314512e-01   4.0838566e-01  -6.3903859e-02   4.9521693e-01   2.3601508e-01   1.8301448e-01   3.9182462e-01   2.5080388e-01   4.1411823e-01  -2.2336174e-01  -1.8141968e-01   9.4029369e-02   4.8743589e-01  -1.5210964e-01  -1.4556691e-01   2.6253076e-01   1.3153718e-01  -4.0150415e-02  -4.3339806e-02   1.6606819e-01  -6.0432796e-02   1.6059307e-01   3.3006320e-01   3.9507828e-01  -9.1390801e-02  -4.6053043e-02   1.4903177e-01   1.5099388e-01   3.8870715e-01   1.6040955e-01  -2.5767452e-01  -1.0610827e-01  -3.1941596e-02   2.8187828e-01   7.1701348e-01   3.1656007e-02   1.5553374e-01   7.4996192e-02   1.4975781e-01  -8.4705512e-02  -3.0141215e-02  -4.7716713e-01   3.2432843e-01   1.6481832e-01   1.0497008e-01   5.3198814e-02  -2.2418954e-01  -7.3234947e-02  -2.4242304e-01   2.9721229e-01  -2.7497919e-01  -4.4529516e-02   1.8543430e-01   1.7527552e-01   2.8669566e-01   2.6064353e-02   2.2248160e-01   4.9254971e-02   3.4229022e-01  -4.9001574e-02   3.1510754e-01   1.9669368e-01  -7.8090153e-02   2.7655419e-03   3.0753472e-01  -1.8687127e-01   2.5734701e-01  -6.5645552e-02   2.9124581e-01  -2.0456588e-01   3.7092144e-01  -3.5112265e-02   1.2961748e-01   1.8003893e-01   5.3984333e-02   1.1360902e-01   3.2781172e-01
  -2.2786188e-01  -6.0016656e-02   5.9982801e-02  -6.6743627e-03   1.9054321e-01  -2.2322110e-01   2.7998125e-01  -1.7171663e-01  -2.8554731e-01   0.0000000e+00   1.5401808e-01  -1.3497339e-01   2.5324182e-01  -1.8296723e-01  -3.0249863e-01   2.5820686e-01  -8.4247693e-02  -1.5672382e-01  -3.8692535e-01   2.4979044e-01   1.0241615e-01   3.7974198e-02   2.3639950e-01  -3.2217448e-01   1.2052489e-01  -2.2725020e-01   2.8121442e-01  -4.1247627e-01  -1.3980806e-01  -2.5779682e-01   7.7979618e-02  -1.5100273e-01   1.0748713e-01   3.6841546e-01  -2.1622742e-01   3.1898302e-01   2.2297174e-01  -3.4404333e-01   2.2347692e-01   4.9068270e-01   2.6867872e-01   8.8380185e-02  -2.7030715e-01  -1.1858244e-01   2.4172904e-01  -3.1222653e-01   2.3625852e-01   1.0635325e-01  -2.6525858e-01   5.7082789e-02   3.4969391e-02  -1.8167086e-01   5.7581672e-02  -1.6397903e-01  -2.6464099e-01   7.6493828e-02  -3.4174396e-01  -1.6782137e-01   1.9675913e-01  -1.7405085e-01  -3.3041938e-01  -2.6388789e-01  -2.9331791e-01  -5.1348609e-02  -1.1874946e-01   9.6256915e-02  -1.9802818e-01  -7.8159676e-02   8.8528634e-02   2.7614233e-01   2.7528073e-01  -9.1589730e-02   3.2842129e-01  -3.3374754e-01   1.5563028e-01  -1.4629879e-01  -3.7416477e-01  -2.8258874e-01  -2.8808509e-01   8.6751679e-02  -1.0912415e-01   3.8792800e-01   1.6849309e-01  -3.3210541e-01  -8.1065038e-02  -5.4353487e-02  -2.0701615e-01  -3.7374769e-01  -2.0429192e-01  -3.6839947e-01  -1.7164150e-01  -4.0026699e-01   2.2098250e-01  -2.1124877e-01  -2.1692738e-01   1.7543973e-01  -3.2491979e-03  -4.0879119e-01  -2.7843424e-01   2.7757929e-01  -2.3700394e-04  -2.0815567e-01  -1.0851844e-01  -1.3357144e-01  -7.4492525e-02  -1.2593862e-01  -1.6513014e-01  -3.0813339e-01  -2.0813764e-01   1.2911972e-01   5.1319256e-01  -1.9017969e-01  -1.2968317e-01  -3.0074245e-01   1.1482600e-01  -1.3637895e-01  -2.6706979e-01   4.3754050e-01  -4.0131720e-01  -1.6897317e-04  -2.8665373e-01   1.1489891e-01  -8.2682769e-02  -2.5200528e-01  -3.5623530e-01  -3.6469687e-01  -3.6545999e-01   1.4254204e-01  -2.0072412e-01   7.6566820e-02   4.1095894e-01   2.4788789e-01  -4.1291564e-01   1.1073000e-01  -2.2896375e-01  -2.0292404e-01   4.7013245e-02  -1.2521012e-01  -1.7824950e-01  -3.1479546e-01  -2.3403565e-01   1.5501924e-01  -2.8876922e-01  -3.5255322e-01   2.8681886e-02  -2.0305668e-04   4.7896430e-01   6.2207156e-02   3.5575503e-01  -6.3093623e-02   1.3212593e-01  -1.0828471e-01  -2.4749504e-01  -6.4107997e-02  -2.0096269e-02  -3.2501748e-01  -2.2479851e-01   3.4124953e-01  -2.3620055e-01  -6.9317887e-02  -7.4822251e-02  -7.9389776e-02   4.1789509e-01  -7.0164813e-02  -1.9203128e-01   1.2575595e-01  -2.1486271e-01  -2.3897227e-01  -3.2031515e-01   2.8000759e-01  -2.8040619e-01  -2.7117522e-01  -1.3456770e-01  -3.1253199e-01  -9.3454509e-02   4.4112096e-02  -1.5805636e-01
  -2.2414274e-01  -1.2028696e-01  -4.4628728e-02   3.2746122e-01   4.5840404e-02   2.6254089e-01   2.0921036e-01  -1.6222535e-01  -2.1658345e-02   1.5401808e-01   0.0000000e+00   6.5812752e-02   1.1061272e-01  -2.4913133e-01   2.3226260e-01   2.1871394e-01  -2.4684033e-01   4.3612578e-01  -1.4426669e-01   8.8657431e-02   9.7942264e-02   1.8883697e-01   1.2577472e-01  -2.9029987e-01   3.4023783e-02  -1.5192753e-01   8.2459285e-02  -2.4851052e-01  -2.0864559e-01  -2.0882004e-02   6.3655182e-02   2.8751337e-01   3.1874241e-02   8.8950904e-02   6.9718835e-02   3.6257098e-01   1.2424430e-01  -2.9025809e-01   2.5421922e-01  -1.6941740e-01   1.6612152e-01   6.3601858e-03   9.4022712e-02   4.4566029e-01   2.4661695e-01  -3.7434285e-01   5.4978640e-01   7.8851209e-02   2.2518675e-02  -1.0886048e-01   5.1910134e-01  -2.6792027e-01  -8.1458748e-02  -8.1159541e-02  -2.0550070e-02   3.0211261e-01  -2.0627686e-01   1.3351863e-01   4.7599597e-01   2.6217428e-01  -1.6688509e-01   2.3971922e-01  -5.0595408e-03   9.4314180e-02   1.4082435e-01   4.0366502e-01   1.4932607e-01  -1.7792837e-03   4.9600430e-01  -2.8265519e-02  -1.1920330e-01   2.3885091e-01   2.0735414e-01  -2.2666403e-01  -2.3303464e-02  -8.4964841e-02  -3.1287433e-01   1.6908838e-01  -3.5937270e-03   1.7381503e-01  -1.5370188e-01   1.1718849e-01   2.2405946e-01  -1.8502344e-01  -3.3190403e-01  -1.8817868e-02   6.8504533e-02  -2.0765104e-01  -6.6088693e-02  -2.6672039e-01  -1.5128779e-01  -2.8241706e-01   2.5290869e-01   1.5319067e-01  -2.5649070e-01   7.5573239e-02   1.6413112e-01   1.6977344e-02   1.2092926e-01   6.4382354e-02  -2.9495199e-03   2.1573125e-01   4.0647673e-01   1.0982250e-01   2.4035145e-01   3.9387249e-02  -6.4197075e-02   1.8331002e-01  -1.4042366e-01   3.9967275e-01   1.1260025e-02   6.0550350e-01   5.6532675e-02  -2.2421239e-01  -1.1556892e-01  -2.9451782e-01  -4.6800538e-02   1.0774775e-01   2.1066805e-01   2.8296935e-01  -2.7440335e-01   1.0327494e-01  -1.0326521e-01   5.1112142e-02  -3.2584073e-01  -2.5863595e-01   2.4128792e-01  -9.8787686e-02   1.0805244e-01  -1.2307922e-01   1.5779085e-01   3.0731036e-01  -1.4492225e-01   6.3550884e-02   1.3787283e-01  -1.1279004e-01   4.6680107e-02   5.2435346e-02  -6.6059990e-02  -2.7216661e-01  -2.7384598e-01   6.9561850e-02   3.6400804e-01   1.8008023e-01   2.3063281e-01   1.3000773e-01   1.8933780e-04   2.8922996e-01   5.7078673e-01   3.9816882e-02  -2.8765598e-01   4.2110050e-02  -1.7338783e-01   2.5650718e-01  -2.3829494e-02  -2.8114969e-01  -2.1654793e-01   2.7747465e-01  -2.2098754e-01   1.1501576e-01  -6.5420294e-03   3.6039969e-01   2.3663258e-01   4.0529831e-01   3.7083740e-02  -2.6744271e-01   9.9856053e-02   1.6420267e-01  -1.7506185e-01  -3.7226732e-02  -1.2409797e-02  -2.9150874e-01   3.1442719e-01   1.9320606e-01   1.4581040e-01   1.1304926e-01  -1.0042224e-03
  -5.3518919e-01   5.3067228e-01   4.5626836e-01  -1.8084014e-01   2.4637480e-01  -1.2302651e-01   4.5297404e-01  -3.2868332e-01   3.1919823e-01  -1.3497339e-01   6.5812752e-02   0.0000000e+00  -3.4787390e-03  -6.1213471e-01   2.3914164e-01   4.0445417e-01   4.0071759e-01  -1.8427446e-01  -5.9298923e-02   2.6232682e-01  -2.4261694e-01  -2.7137588e-01  -1.0217087e-01  -5.2568306e-01  -1.1756478e-01  -1.7700899e-01   7.1197704e-02  -2.7985419e-01  -8.3819112e-02   5.5061714e-01  -1.5847164e-01  -2.1838309e-01   2.0095467e-02   5.5044142e-01   3.0181697e-01   1.1218681e-02  -1.7720903e-01  -3.6274200e-01   3.7768377e-01   1.8345424e-01   1.3508521e-01  -1.4002504e-03   7.0958117e-01  -3.4702834e-02   2.1476301e-01  -4.6258400e-01  -1.4475047e-01   3.7386141e-01  -2.8601842e-02   4.7811775e-01  -1.1849764e-01  -3.5873458e-01   4.3601010e-01  -3.5292189e-02  -3.1560071e-01   1.6426543e-01  -1.8382058e-01  -2.1332383e-01   2.2303488e-02   2.0619984e-01  -1.5904692e-01   1.2830702e-01   3.5556408e-01   1.0116117e-01   9.1029500e-02   1.3211348e-01  -1.0873450e-01  -8.8398578e-03  -2.3977600e-01   2.0879866e-01   3.6692141e-01  -1.9698791e-01   1.6524781e-01  -4.7991085e-01  -1.2867461e-01  -3.5094985e-01  -4.0200231e-01  -1.8846668e-01   4.7014561e-01   1.0882517e-01  -3.0196377e-01   2.1867060e-01   3.7774278e-01  -3.2896771e-01  -4.9452931e-01  -2.3169654e-01   2.4335071e-01  -4.4468481e-01   3.7080809e-01  -4.8483062e-01   2.9099504e-01  -1.8117117e-01   6.5042478e-01   3.2758133e-03  -3.3474511e-01   1.9488686e-01  -1.4572165e-02  -1.3575807e-01   3.0093654e-01   2.1529253e-01  -3.6004977e-02   5.4245174e-01  -2.7698896e-01   2.1530036e-01  -2.9021083e-01  -2.0567738e-01   1.3872079e-01  -2.3299390e-01   4.3272325e-01   1.2968359e-02   3.6221854e-01  -5.7005439e-02   3.3154686e-02  -4.2809611e-01  -6.7665122e-02   3.8751113e-01  -2.5685389e-01  -1.4901725e-02   9.0133225e-02  -1.2940323e-01  -5.5602442e-01   3.7687160e-01   4.4649687e-01   2.7271155e-01  -5.1138652e-01  -4.6549318e-01   3.8384292e-01   5.6271636e-02  -1.9533663e-01   4.6793856e-01   2.0931994e-01   3.0058622e-01  -4.3069767e-01   1.0276219e-01   4.3534013e-01  -3.5813966e-01  -1.0662383e-02  -1.4729898e-01  -3.6628381e-01  -4.6932576e-01  -5.9317215e-01  -9.9817445e-02  -4.2792140e-02   3.6083195e-01   4.3884064e-01  -3.1179228e-01   3.4720132e-01  -1.0233059e-01  -1.2213011e-01   2.2386875e-01  -1.7329428e-01  -3.0815977e-01  -3.5250780e-01   2.8873902e-01   6.6821595e-01  -4.4031465e-01  -4.5204629e-01   2.4566964e-01  -8.3640135e-02  -3.4979828e-01   4.1585719e-02  -1.0154209e-01   1.1480405e-01  -4.0474539e-01  -1.0690093e-01   4.5606598e-01   6.8066399e-01  -2.2836530e-01  -3.1967336e-01   1.6639210e-01   6.6857782e-01  -4.5083713e-01  -2.4632278e-01   9.4530503e-02  -4.7005895e-02   2.0775029e-01  -6.4922318e-02
  -1.4613358e-01   1.9241653e-02   8.5318033e-02   1.4007774e-02   3.6224125e-01  -1.2484965e-01  -1.0727332e-02  -3.0930390e-01  -4.9980380e-02   2.5324182e-01   1.1061272e-01  -3.4787390e-03   0.0000000e+00  -1.1051838e-01  -8.7688979e-02   2.6941237e-01  -4.1159559e-02   1.0074106e-01  -2.2653971e-01   3.6398894e-01   2.1527605e-02  -2.1377813e-01  -7.2353341e-02  -2.4023957e-01  -2.0509632e-02  -2.4153998e-01   4.1158985e-01  -1.8503416e-01  -9.6591468e-02   4.3319929e-02  -1.9170983e-01  -1.2701953e-01  -6.4013234e-02  -1.4872703e-02   4.6605356e-02   4.1467869e-01   1.2945709e-01  -2.0402754e-01   3.7817413e-01   3.3125454e-01   6.8580621e-01  -2.3872450e-02   4.3928222e-02  -1.8265498e-01  -2.3381219e-02  -3.1831271e-01   3.9977890e-01  -1.5356848e-01   2.0000072e-02   7.2199817e-02   2.1875386e-01  -1.7724434e-01  -3.4997098e-02  -1.4656397e-01  -1.6425004e-01  -1.2648933e-01  -3.0475139e-01  -2.8130241e-01   2.2070132e-01  -1.3582506e-01  -3.0852203e-01   1.2647748e-01  -4.4799598e-02  -1.5537152e-01  -2.1630467e-02   4.0694444e-01  -7.2837627e-02   1.8145939e-01  -8.4648391e-02   3.1381582e-02  -9.7629950e-02  -2.1324197e-02   5.7179531e-01  -1.8443584e-01   1.4571348e-01  -2.5794184e-01  -4.2298921e-01  -1.2676609e-01   1.2669153e-01   3.3290615e-01  -2.4914240e-01   4.4807058e-01   7.6609982e-02  -3.4904544e-01  -1.0343169e-01  -1.0340705e-01  -4.4790992e-04  -1.8421779e-01  -7.0610659e-02  -1.9974567e-01   2.1320997e-01  -3.7639653e-01   1.4878180e-01  -1.2082731e-01  -1.7923748e-01   3.8423238e-01   2.7365723e-01  -2.4949690e-01   8.5010395e-03  -1.2476800e-02  -1.0971577e-01  -1.0731353e-01  -2.1160136e-01  -4.6927365e-02  -1.9594965e-02  -2.4080996e-01  -7.2710835e-02  -2.6213144e-01   3.0821502e-01   2.1496101e-01  -2.9680944e-02  -1.0690966e-01  -1.8210892e-01  -1.6022600e-01  -2.3387235e-01   6.7504466e-03  -2.2298038e-01   5.3905957e-01  -5.1241023e-02  -2.0686193e-02  -3.3991644e-01   3.7087358e-01  -6.3402745e-03  -1.2922899e-01  -2.5095754e-01  -2.2556752e-01  -8.0446646e-02   1.9520154e-01  -2.6392663e-01   1.8665363e-01   3.2990162e-01  -6.3503043e-02  -2.3459038e-01  -1.9090173e-01   3.5586925e-02  -3.1432562e-01   2.7606193e-01  -3.3559643e-01  -1.8829217e-01  -1.5878877e-01  -2.9993758e-01   2.1827183e-01  -7.5281059e-02   6.9469323e-02  -4.5238466e-02  -1.5877076e-01  -4.0329299e-02   3.6654265e-01   2.4274078e-01   5.1518901e-02  -1.1794774e-01  -3.5896538e-01  -2.4350785e-01  -6.7632963e-02   1.9948113e-01  -2.9674880e-01  -2.9001245e-01   3.9668966e-01  -2.7288225e-01  -1.5782776e-01   1.6066710e-01  -8.9411613e-02   1.6712417e-01  -9.1334207e-02  -2.0661105e-01  -7.0863438e-02   1.3574919e-01  -2.2463100e-01  -3.5313477e-01   2.5966021e-01  -4.6932511e-02  -2.8544633e-01  -1.9424976e-02   6.0609078e-02   1.5691659e-01   9.6063786e-02  -2.3954733e-01
   7.2751098e-01  -5.4237086e-01  -3.1733916e-01   1.4904800e-02  -3.7436005e-01   4.3504260e-02  -4.0799528e-01   2.3842517e-01  -2.9805876e-02  -1.8296723e-01  -2.4913133e-01  -6.1213471e-01  -1.1051838e-01   0.0000000e+00  -1.9650355e-01  -5.0951337e-01  -3.9702223e-01   2.1258821e-01   1.7180803e-01  -2.8756099e-01   9.7655370e-03   1.7477250e-01  -6.6533257e-02   7.7851330e-01   2.9441755e-01   2.3420571e-01  -2.9020658e-01   4.3488534e-01   1.6672753e-01  -3.7545960e-01  -7.4229654e-03   1.4877252e-01  -1.3348455e-01  -5.8814155e-01   3.5328823e-02  -2.6079324e-01  -1.7708144e-01   4.7561784e-01  -5.3361526e-01  -3.6082301e-01  -1.9235055e-01   1.9766393e-02  -4.1123396e-01  -6.3668256e-02  -3.3605899e-01   5.4516967e-01  -8.7193839e-02  -4.9273679e-01  -5.6200096e-02  -4.4114247e-01   3.8956709e-02   3.4279303e-01  -5.4942215e-01   2.3194281e-01   5.0506833e-01  -3.6582433e-01   2.5151267e-01   2.2355989e-01  -1.1248467e-01  -1.4944455e-02   1.7273059e-01  -9.7512794e-02  -1.9116551e-01  -1.6336708e-01  -1.8041649e-01  -1.0247390e-01   1.1024107e-02   1.7399783e-01   2.5944961e-02  -9.9906116e-02  -4.9590900e-01   1.6752044e-01  -3.0759389e-01   7.2520557e-01   2.1575960e-01   2.9464940e-01   5.4763686e-01   2.0379871e-01  -4.6316280e-01  -2.2609944e-01   2.0976094e-01  -3.6725811e-01  -5.6646936e-01   4.1346381e-01   6.0404023e-01   2.3285947e-01   7.6638960e-02   7.1913090e-01  -1.9495286e-01   6.8043967e-01  -2.8923836e-01   3.9551535e-01  -6.2831245e-01   1.9001856e-01   4.1772750e-01  -2.3217054e-01   7.8687398e-02   1.9547440e-01  -1.5102054e-01  -2.8258440e-01  -6.6702947e-02  -4.0734578e-01  -6.5756183e-03   1.1659599e-01   2.4215606e-01   2.9935670e-01  -7.7148675e-02   2.6125771e-01  -2.0019236e-01  -1.3656931e-01  -4.4289487e-01  -8.4755397e-02   6.6335988e-02   5.4812936e-01   1.0159624e-01  -4.8193221e-01   2.7904703e-01  -1.7934901e-01  -7.0532583e-02   3.5874505e-02   6.6127186e-01  -3.6489672e-01  -1.9874043e-01  -2.2276463e-01   5.9439318e-01   7.4301447e-01  -2.3861306e-01  -5.8852906e-04   2.4685580e-01  -3.9256807e-01  -4.8276518e-01  -5.7269019e-01   6.4178299e-01  -1.9326739e-01  -1.3596870e-01   2.8232942e-01   6.6331707e-02  -5.4151681e-02   3.8905518e-01   6.1005335e-01   7.3174325e-01   1.0576365e-01   9.9618839e-02  -1.3097837e-01  -3.8645025e-01   1.3254968e-01  -3.9118384e-01  -2.6842722e-02  -1.1332539e-01  -2.1716538e-01   1.8087560e-01   1.6151125e-01   4.7308145e-01  -4.2735385e-01  -5.9007324e-01   6.7127932e-01   4.8218796e-01  -3.6331661e-01   1.7224212e-01   1.3683480e-01   1.7580342e-01   7.6932312e-02  -3.6956709e-01   3.4065247e-01   2.1203061e-01  -4.8150814e-01  -5.5430528e-01   2.6073901e-02   4.1883068e-01  -4.3657645e-01  -4.4580640e-01   5.4232460e-01   1.9138441e-01   1.6416816e-03   5.3681199e-03  -2.8257643e-01   2.5116369e-01
