   0.0000000e+00  -2.4713183e-01  -2.7929955e-01   2.0038606e-01  -1.5230580e-01   1.7621760e-01  -1.1914590e-01   3.4184277e-02   2.1541602e-01  -2.5793917e-01  -2.6816937e-01  -2.6733669e-01  -2.6254404e-01   4.3864978e-01  -2.0704840e-01  -4.4752447e-01  -2.9751031e-01  -7.6081569e-02   1.0577163e-01  -1.9887506e-01  -4.2329897e-02   1.7958675e-01  -8.4685525e-02   5.0039386e-01   2.2129503e-01   1.2122188e-01  -1.4504376e-01   3.2333310e-01   5.3597448e-02   1.3395597e-03  -1.2670059e-01   8.5690265e-02  -3.0959782e-01  -1.3596718e-01   4.2746977e-01  -3.8349538e-01   4.7475826e-02   2.4059173e-01  -3.0394745e-01  -2.6301214e-01   6.3224153e-02  -1.2684925e-02   1.3058378e-01  -1.2438530e-01  -1.7121548e-01  -2.4587808e-01  -2.0024813e-01  -4.0149270e-03  -1.1044772e-01  -2.1159300e-01  -1.2091107e-01   2.1456817e-01  -2.7075841e-01   2.9192015e-01   1.6019837e-01   1.2389477e-01   2.9209902e-01   3.1119559e-01   5.5783410e-02   3.0046873e-01  -3.1958306e-01  -1.8131320e-01  -2.2337828e-01  -3.0617475e-01   2.9117149e-02   5.5070183e-03   1.4090305e-01   2.2376487e-01  -4.1255143e-02   2.0214309e-02  -3.4811066e-03   1.3516867e-01   1.4775178e-02   3.8632658e-02  -7.6392062e-02   1.5562336e-01  -2.1102682e-01   1.4438316e-01  -1.2081920e-01   6.9601548e-02   2.7854370e-01  -2.4605395e-01  -2.2054273e-01   1.2870426e-01   1.1451440e-01   1.5318367e-01   1.8233261e-01   4.1910438e-01   9.9236492e-02   5.8871946e-01  -1.6466156e-01  -4.8524857e-02  -3.0497242e-01   4.3417143e-01  -1.5944020e-01  -5.0084108e-02   1.3135884e-01   1.8704097e-01  -2.5550920e-01  -7.9449189e-03   4.1687199e-01  -2.6342139e-01   1.9791018e-01  -1.7877300e-01  -5.3202350e-03   3.5827226e-01  -6.7882379e-02   2.7918272e-01  -3.6836097e-02   2.2855186e-03  -9.2245615e-02   1.1753403e-01   1.5142505e-01   5.2928121e-01   3.9096848e-01   4.0802439e-02   8.4523774e-02  -1.2087032e-01   1.5385960e-01   1.8103745e-01   2.1498312e-01  -3.0421284e-01   1.0356013e-01  -9.3287025e-02   1.9943275e-01   3.6650840e-01  -1.5158391e-01  -2.5734424e-02   2.5760152e-01  -1.4999463e-01  -1.7398066e-01  -5.2065955e-01  -6.9083003e-02  -1.5743972e-01   3.8228617e-01   1.6324087e-01   5.5911527e-02   3.2459529e-01   1.0120258e-01   5.1715987e-01   2.3638446e-01  -1.0731928e-01  -1.9533584e-01  -8.5322782e-03  -7.2205903e-02  -2.4146012e-02  -2.2837823e-01  -9.8035675e-02  -6.3960607e-02  -1.1191149e-01   2.7620622e-01   2.2096646e-01   2.1070592e-01  -1.6638191e-01  -3.1732342e-01   5.8599880e-01   8.1503005e-02   8.8447591e-02  -3.7953948e-01   2.7058314e-01   2.7645278e-01   1.7917297e-01  -1.1819382e-01   5.4054336e-02   3.8306906e-01  -6.2212491e-02  -1.1732131e-01   1.0037612e-01   1.1054180e-01  -1.6950727e-01  -2.1998700e-02   2.1961255e-01   5.4533303e-02   2.0001182e-01   2.8859582e-02  -3.6816055e-01   3.7194258e-01
  -2.4713183e-01   0.0000000e+00   4.6113839e-01  -3.5943552e-01   3.2888826e-01  -2.6401975e-01  -6.9298553e-02  -1.8517983e-01   7.1727439e-02   4.2330471e-01  -1.1209037e-01   7.0715251e-01  -9.1667511e-02  -3.8413815e-01   1.1341899e-01   1.8836528e-01   5.1003094e-01  -3.4606181e-01  -2.9582565e-02   3.7223206e-01  -2.5573351e-01  -3.7568042e-01  -1.2015739e-01  -3.1908565e-01  -8.6778764e-02   5.5977469e-02   1.1760492e-01  -3.3672611e-01   8.0820615e-02   1.5812045e-01  -1.9353242e-01  -4.8439918e-01   1.7088070e-01   4.8148282e-01  -1.8266936e-01   3.1164186e-01   9.6110126e-02  -2.9442043e-01   1.8024801e-01   5.4782466e-01  -1.7070635e-01   4.3517192e-02   3.3510083e-01  -4.1389009e-02   2.3801770e-01   1.1525883e-01  -1.4672726e-01  -9.2885856e-02  -8.0869648e-02   3.8881028e-01  -4.4284178e-01  -1.3266041e-01   5.6848318e-01  -9.9528531e-02  -2.0838960e-01  -3.9656601e-01  -7.3331826e-02  -5.2625338e-01  -2.5275793e-01  -2.3578722e-01   2.2521353e-01   2.3312755e-01   7.1711890e-01   3.6198173e-01   1.4170492e-01   1.2556885e-01  -9.6527550e-02  -3.1101694e-02  -3.5040865e-01  -7.6558940e-02   4.0533079e-01  -2.7133514e-01   6.1534592e-02   3.8529167e-01   1.2410701e-02  -2.5999564e-01   1.3396915e-02  -7.3616965e-02   4.7117354e-01  -2.6625129e-02  -1.9144067e-01   1.5034375e-01   5.0449788e-01   1.0341071e-01   1.9353576e-01  -4.1425586e-01   1.1610664e-02  -2.2502214e-01   5.3017172e-01  -3.5379044e-01   5.9465182e-01   1.4697187e-02   4.5415661e-01  -2.4267528e-01  -5.4409116e-02   4.0894600e-03  -1.1523523e-01  -2.1871112e-01   6.7941894e-02  -8.7668498e-02  -3.2496679e-01   4.2147396e-01  -5.6426970e-01   5.7171508e-01  -4.0465022e-01  -2.9454542e-01   1.5157405e-01  -2.1038063e-01   1.0876183e-01  -2.3419039e-01   5.2402110e-01  -5.0961371e-01  -6.6142928e-02  -3.4804976e-01  -2.4557526e-01   4.8812119e-01  -1.0061142e-01  -1.4186293e-02  -4.2106013e-01  -3.9811379e-01  -3.3562235e-01   3.0765431e-01   4.2222089e-01   1.9593566e-01  -3.5502366e-01  -1.0121740e-01   3.3744280e-02   1.3041782e-01  -3.2613146e-01   1.8579723e-01   2.8418524e-02   4.5763250e-01   6.7340525e-01   1.2500921e-01  -2.9603968e-01  -1.9876238e-01   5.6169913e-02  -3.4684747e-01  -2.8983982e-01  -3.8829975e-01  -1.8795590e-01   1.0957516e-01  -1.7681979e-01  -2.6865268e-01  -5.2958157e-02  -4.2222895e-01   4.3271249e-01   2.4268329e-02  -1.5102164e-01   3.5744654e-02  -1.4717702e-01  -1.6808183e-01  -2.7346894e-01   1.7825669e-01   5.2788532e-01  -3.6987632e-01  -2.8619788e-01  -1.9584089e-01   2.9502952e-01  -4.2702611e-01  -1.5354277e-02  -1.5276625e-01   3.1151326e-01  -5.0488137e-01  -2.6395312e-01   5.7671767e-01   1.5586247e-01  -4.5425831e-02  -3.0751084e-01   3.0949075e-01   4.6602970e-01  -2.2803417e-01  -5.5040736e-02  -7.8439991e-02  -4.5418263e-02  -7.5721697e-02  -2.4088078e-01
  -2.7929955e-01   4.6113839e-01   0.0000000e+00  -4.8449789e-01   1.4495363e-01  -1.8156681e-01   1.6302677e-01  -3.4931394e-01  -3.1346129e-01   5.7417638e-01  -3.3564220e-01   6.6011188e-01   1.3120747e-01  -2.6290146e-01   1.0165534e-01   2.7260690e-01   8.5794184e-01  -3.2018354e-01  -2.2740582e-01   3.7100895e-01  -3.4985679e-01  -4.4714558e-01   3.6091670e-02  -1.3619979e-01  -7.2427429e-03  -3.1266045e-01   5.7108807e-02  -1.2147582e-01   9.4895222e-02  -2.3542685e-01  -2.7293888e-01  -2.8530679e-01   3.6095221e-01   2.0498371e-01  -2.7028869e-01   2.2140594e-01  -1.8410315e-01  -6.6685016e-02  -2.3383795e-02   6.5725899e-01  -3.0670240e-01   2.1417562e-01   2.1455799e-01  -2.4579124e-01  -2.0640303e-01   7.0127504e-01  -9.9215312e-02  -1.6662059e-01  -3.3935930e-01   6.1418199e-01  -3.2638194e-01  -3.4900980e-01  -1.2684411e-02  -8.6284227e-02   4.4940717e-02  -1.9700438e-01  -2.0728054e-01  -5.1013482e-01  -3.7773410e-01  -3.4540246e-01   5.8245525e-01  -2.4300254e-02   2.5247583e-01  -1.1865186e-01  -4.9609089e-01   3.5762543e-01  -2.8245585e-01  -2.8455297e-01  -3.6218454e-01   6.2759373e-01   1.6030869e-01  -4.8594470e-01  -2.1573053e-01   3.0345055e-01   8.5170924e-02  -3.2986299e-01   2.5941038e-01  -1.6416129e-01   5.0843360e-02  -3.4598611e-02  -2.9959036e-01  -9.4916030e-02   1.8700648e-01  -1.7735443e-01   3.8343812e-01  -4.1753572e-01  -2.7242981e-01  -1.2064794e-01   1.6588289e-01  -2.7775915e-01   2.1079102e-01   1.9733835e-01   5.2431452e-01  -4.7843358e-01   1.4091391e-01   2.0892409e-01  -7.3253433e-02  -2.9714122e-01  -6.8048909e-02   8.6861669e-03  -6.8942898e-02   1.0871547e-01  -3.9741279e-01   2.2249618e-01  -2.6603656e-01  -3.0952726e-01   1.2110598e-01  -2.8581420e-01  -6.6985267e-02  -2.6784782e-01   3.3465956e-01  -3.7290501e-01  -3.0563450e-01  -1.6681713e-01  -3.7483172e-02  -1.2035062e-01  -2.5880118e-01  -1.1732957e-02  -3.1379684e-02  -3.0563507e-01  -2.3070781e-01   4.1911989e-01   3.4728808e-01  -4.7214309e-01   2.0918587e-02   1.5380769e-02  -2.3460355e-01   1.3490166e-01  -4.5301205e-01   5.7017088e-01  -1.5661227e-01   1.7415218e-01   2.8541428e-01  -1.4462213e-01  -3.4741445e-01  -3.1164010e-01   1.6816961e-01  -2.1165699e-01  -5.2415016e-01  -2.3549732e-01  -1.2564427e-01   7.9177487e-02  -2.7336858e-01   3.1696079e-01  -1.1638326e-01  -5.6072174e-01   5.8830309e-01  -2.5008814e-01   4.6370317e-02  -2.4238304e-01   1.1105165e-01  -2.1543920e-01  -2.6385979e-01  -2.8272432e-01   7.9509053e-01  -2.5630286e-01  -1.8608797e-01  -2.7028594e-01   5.1440632e-01  -3.0982440e-01  -3.0667687e-01  -3.7085576e-01   1.3612017e-01  -5.7919448e-01  -3.6176560e-01   1.1159985e-01   4.1195326e-02   5.2889591e-02  -3.4201622e-01   2.8622653e-02   1.8950427e-01   8.4192369e-03  -3.4779449e-01  -8.6433858e-02   1.8984995e-01  -2.5920235e-02  -4.3097537e-01
   2.0038606e-01  -3.5943552e-01  -4.8449789e-01   0.0000000e+00   2.9131921e-03   4.3451757e-01  -1.0934846e-01   4.0028585e-01   3.1256387e-01  -2.4148102e-01   1.6498493e-01  -3.7029945e-01  -1.4000469e-01   1.6663987e-01   9.7811265e-02  -1.5427086e-01  -4.1283354e-01   2.7706380e-01   3.0549260e-01  -1.0546111e-01   1.6922396e-01   3.8182070e-01   9.3528212e-04   3.0768956e-01   1.3325483e-01   2.3041919e-01   1.8600021e-01   2.7657302e-01  -1.6945858e-02  -7.6183838e-02   2.9644961e-01   4.1192132e-01  -3.1859065e-01  -1.1967655e-01   1.8196543e-01  -4.9111359e-02   2.0235526e-01   9.5450430e-02  -3.5037638e-02  -2.6280568e-01   3.9635586e-01  -2.0583523e-01  -8.7043374e-02  -3.3482818e-02   1.2824728e-01  -2.7886405e-01   1.0590310e-01  -3.5412033e-02   3.2767709e-02  -2.4925562e-01   2.6454604e-01   4.3272590e-01  -8.7595972e-03   7.5377558e-02   1.5409975e-03   2.7858965e-01   3.4764047e-01   6.3602867e-01   6.3290014e-01   4.9289230e-01  -2.2453431e-01   1.9665192e-01  -1.2405796e-01   5.1045156e-02   1.9713216e-01  -2.3933090e-01   4.1743841e-01   3.3923691e-01   5.0770304e-01  -2.9421670e-01  -3.6239586e-01   5.7435919e-01   4.8292425e-01  -3.0777014e-01  -1.1179481e-01   4.0538757e-01  -4.2725953e-03   7.8746880e-02   5.3186436e-03   1.0539306e-01   4.0212990e-01   4.2172036e-01  -2.4123295e-01   3.0320900e-01  -4.2600087e-01   4.6078696e-01   9.2415256e-02   1.8592047e-01  -1.7441436e-01  -7.1320284e-03  -7.5955847e-02   1.5711361e-02  -3.2824502e-01   6.4391396e-01  -1.6539743e-01  -1.8904072e-01   1.2181749e-01   4.2806461e-01   2.5508946e-01   5.1882476e-04  -1.5663348e-01  -8.7714979e-02   2.6529361e-01  -1.5456344e-01   2.3736442e-01   5.8807310e-01  -3.6964830e-01   4.3355158e-01  -1.3211034e-02  -1.1515376e-01  -2.2759919e-01   3.3307046e-01   6.5363688e-01   1.8286673e-02  -1.3589425e-02   3.2162243e-02   2.4870400e-01   1.0053275e-01  -4.1227855e-02   6.7161252e-01   4.2386812e-01  -3.0279949e-01  -1.5172396e-01   3.0467125e-01   1.1883135e-01   5.6449803e-03   2.3186812e-01  -1.6449837e-01   6.8050734e-01  -5.5224783e-01   2.8543044e-01  -1.1172992e-01  -3.7701651e-01   1.2203095e-01   4.6135955e-01   4.0348821e-01  -2.5238870e-01   1.4565894e-01   4.5105876e-01   2.7347078e-01   1.7774463e-01   5.3154746e-02   1.9761616e-01  -1.6285835e-01   2.8677688e-01   4.0753082e-01  -4.3181547e-01   1.1644089e-01  -1.0529727e-01   1.9587160e-01  -1.2674953e-01   3.7242409e-01   4.2977985e-01   2.5057024e-01  -3.5610748e-01   2.2493853e-01   3.0664059e-01   5.4983398e-01  -2.4602999e-01   4.3454148e-01   3.1820301e-01   3.6312855e-01  -4.8490346e-02   6.6512628e-01   5.0289979e-01  -5.1396613e-02  -9.7542744e-03   1.2225424e-01   3.8471473e-01  -5.6756977e-02  -1.2065468e-01  -1.5695931e-02   3.9598400e-01   2.2049393e-01  -1.0225125e-01   1.1274107e-01   6.0823245e-01
  -1.5230580e-01   3.2888826e-01   1.4495363e-01   2.9131921e-03   0.0000000e+00  -2.3063933e-02   1.3524848e-01  -5.9807363e-02   3.2677122e-03   2.1862793e-01   2.6666206e-01   1.7323771e-01  -1.4567399e-02  -3.8512237e-01   4.2984234e-02   1.9042666e-01   2.2414976e-01   1.9756214e-01  -7.8533269e-02   7.8447619e-01   8.4094060e-02  -7.9598522e-02   5.4170940e-02  -2.6606463e-01  -6.0960689e-03  -3.0877944e-02   1.8374061e-01  -2.6199622e-01  -9.3387860e-02   2.6175563e-01   1.0117470e-02  -1.5545387e-01   9.0470760e-02   5.0161561e-02  -3.2207177e-01   7.6060426e-01   1.3460613e-01  -8.5504151e-03   1.8067410e-01   2.9076692e-01   1.9051611e-01  -1.1757212e-01  -7.8288568e-02   5.5578158e-02   3.3055240e-01   9.6247206e-02   4.8949889e-01   6.0744942e-02   3.4237995e-01   2.3532222e-02   1.6539961e-01  -1.6093840e-01   3.6032240e-01  -1.1826221e-01  -4.1170142e-02  -2.4945963e-01  -1.4848612e-01  -2.6003828e-01   7.0251305e-02  -2.8766292e-01   2.0716561e-01   3.7375148e-01   2.1421700e-01   2.4000508e-01   2.3572122e-01   1.9403565e-01   1.8550692e-01   7.7722211e-02   9.1576629e-02  -3.0555043e-01   1.5016899e-01   1.9136316e-01   2.6396016e-01   1.0385843e-02  -1.6604689e-01  -2.4803095e-01   1.7768462e-01  -2.3614259e-01   4.5722410e-01  -1.1220326e-01  -1.3932860e-01   2.8431223e-01   3.6311591e-01   4.0596959e-02   7.2509114e-02  -1.1430202e-01  -1.0109764e-01  -1.7747660e-01   1.8701384e-01  -2.2655409e-01   4.4364837e-01   9.9929200e-02   3.9354985e-01  -1.0134060e-01   2.5962077e-02   5.9724634e-01  -6.7108866e-02  -1.6629482e-01   3.0933772e-01   1.5175256e-01  -2.6296357e-01   4.8203618e-02  -2.4849408e-01   1.5821439e-01  -5.2955737e-02  -6.3641642e-02   1.0866618e-01  -1.6828664e-01   1.5513482e-01   7.3322947e-02   1.8984942e-01  -1.9523444e-01   3.6346753e-02  -1.3623811e-01  -4.1987723e-01   3.7839168e-01  -1.5663634e-01   3.9278470e-01  -3.2410624e-01   1.8892867e-02  -1.2919970e-01   4.9407710e-01   1.6330608e-03   1.4670027e-01  -6.6265266e-02  -3.2347323e-01   1.3864979e-01   8.4155803e-02  -1.4446026e-01   1.2819171e-01   2.0360938e-01   5.4716997e-01   2.6426041e-01   8.0210369e-02  -1.7545223e-01  -1.8832893e-01  -9.3270984e-02  -1.5121900e-01  -1.4904457e-01  -2.5168672e-01  -1.7624054e-01   2.3504165e-01   1.7100878e-01  -1.6633390e-01  -8.5013388e-02  -1.0273448e-01   3.8997807e-02   3.2880097e-01   1.7783951e-01   2.3894766e-01  -2.6293397e-01  -7.8598762e-02  -2.1080416e-01   3.7265440e-01   2.6758850e-01  -2.8280510e-01  -3.4611957e-02   1.9525387e-01   2.3243655e-01  -1.2292734e-01   8.9155397e-02   2.3529379e-02   3.8602651e-01  -7.4819599e-02  -1.0840616e-01   2.7207692e-01   3.6662332e-01  -9.2810351e-02  -1.3108642e-01   5.1015409e-01   2.3735793e-01  -5.0989784e-02   2.0467254e-01  -8.8648990e-03  -2.8362956e-01   1.2310041e-01   3.2768868e-02
   1.7621760e-01  -2.6401975e-01  -1.8156681e-01   4.3451757e-01  -2.3063933e-02   0.0000000e+00  -2.6706187e-03   5.6357388e-01   3.2036825e-02  -1.3471793e-01  -7.6005102e-02  -1.0096007e-01  -3.2110739e-01   3.8712187e-01   5.1113994e-02  -2.3054254e-01  -2.4350650e-01   5.5911645e-02   6.2219627e-01  -1.9817959e-02  -8.4640863e-02   3.1235508e-01  -5.3759830e-02   4.7799644e-01   4.5398272e-02   5.6018617e-01   5.3622874e-02   5.3755655e-01  -3.0422729e-03  -1.3895588e-01   1.6673879e-01   2.9763841e-01  -2.5614130e-01  -1.6136523e-01   2.3676930e-01  -1.4811094e-01  -6.7047778e-02   2.5677509e-01  -2.4485715e-01  -1.3295303e-01   2.0848950e-02  -1.4284172e-01   7.6958252e-02  -2.5301822e-01  -4.0891287e-02  -3.3503234e-02  -1.6081432e-01  -3.5697284e-02  -1.9811145e-01  -1.5696760e-01   1.0852472e-02   6.3566824e-01  -1.9784370e-01  -6.1397169e-02  -1.3340009e-01   1.7505698e-01   7.7484465e-01   5.4425671e-01   2.9001769e-01   4.8150976e-01  -1.0837584e-01   3.3351828e-04  -9.8844820e-02  -1.6203803e-01  -1.0936807e-01  -2.2418118e-01   7.2600154e-01   7.6726575e-02   3.5193026e-01   6.2443094e-02  -3.2636735e-01   3.4090025e-01   1.2804550e-01  -2.1551226e-01  -1.9073905e-01   4.8404396e-01   1.4192304e-01   2.4197029e-01   3.7019160e-02  -3.9806663e-01   6.7097669e-01   1.3846341e-01  -5.3498904e-01   5.8518525e-01  -3.3592972e-01   4.7607052e-01   1.9131030e-02   1.5713647e-01  -1.9688503e-01   1.7009391e-01  -1.6365840e-01   1.1600972e-01  -1.8936672e-01   5.8883818e-01  -2.8366156e-01  -2.5253668e-01  -2.0789898e-01   6.5243623e-01   1.1503038e-01  -1.9562289e-02   1.2224846e-02  -1.2915319e-01   3.2984562e-01  -3.4680836e-02   2.5893060e-01   4.7969959e-01  -4.9328370e-01   6.7201118e-01  -1.9867041e-01  -3.5197721e-01  -1.4089839e-01   3.3106777e-01   2.5163750e-01   1.2510712e-01   1.8675074e-01  -1.9545628e-01   4.5381900e-01   1.2416966e-03   2.4671748e-01   5.0668521e-01   4.2481702e-01  -1.7957266e-01   3.8946455e-02   6.9470585e-02   5.0128179e-01   2.2395850e-01   6.0395848e-02  -6.3506618e-01   6.0863140e-01  -3.3479739e-01   1.8825322e-01  -7.2223025e-02  -3.8136896e-01  -9.9808638e-02   6.4533700e-01   5.1233137e-01  -3.5302134e-01   3.1826334e-01   4.2379121e-01   3.8169464e-01   2.1080324e-01   3.7131263e-02   1.0740777e-01   2.7549141e-01   9.4060472e-02   2.0752152e-01  -1.7460412e-01  -1.5952008e-01  -1.9295115e-01  -8.1208322e-02   8.5534551e-02   5.9583417e-01   3.5578310e-01  -1.2740628e-01  -7.1216724e-02   3.0122719e-01   2.0956266e-01   2.8739231e-01  -2.4146635e-01   7.1918346e-01   1.7691876e-01   6.7764394e-02  -3.0491266e-01   2.5633344e-01   3.6848366e-01  -2.1405198e-02   4.6741918e-02   3.7093543e-01   2.3093734e-01  -3.5182458e-01   1.2144395e-03   1.0499507e-01   2.9474495e-02   6.9974026e-01  -2.3243041e-01  -9.7724703e-02   4.7017384e-01
  -1.1914590e-01  -6.9298553e-02   1.6302677e-01  -1.0934846e-01   1.3524848e-01  -2.6706187e-03   0.0000000e+00  -3.5301243e-01  -1.8611835e-01   4.9056230e-01   8.2049960e-02   3.2448902e-01   2.2229822e-01  -2.6001089e-01   4.8345416e-01   3.9285139e-01   7.3425500e-02   2.3597792e-01  -3.0220221e-01   3.5022596e-01   4.2796687e-01  -3.5279098e-02   8.1381362e-01  -3.9870902e-01   6.2315699e-02  -4.0140122e-01   1.9053650e-01  -3.8219230e-01  -3.4916232e-01   2.7792161e-01   2.4312031e-02  -6.0100109e-02   8.1120035e-02   1.6437936e-01  -3.6004030e-01   3.8383626e-01   7.9086019e-02  -1.0850176e-01   3.0112332e-02   1.8895986e-01   2.7583199e-02   3.4013620e-02  -1.3787395e-01  -2.1463477e-01   3.4789503e-01   3.5888527e-01   3.5949962e-01   4.9733309e-01   2.2350872e-01  -1.9371774e-01   4.7897790e-01  -4.9676985e-01  -1.0784376e-01  -1.4713818e-01   1.5652817e-02   2.0982481e-01  -3.5479829e-01  -2.1883907e-01   8.3770229e-02  -2.5994932e-01   1.1281634e-01   1.3511321e-01  -2.5253320e-01   1.9901741e-01  -1.7706072e-01   4.3251008e-01  -1.4126900e-01  -3.1656102e-02  -3.3878963e-02   2.4807469e-01   2.8002136e-01  -2.3213825e-03  -6.3436943e-02  -2.9435254e-01  -1.2531410e-01  -5.1146287e-01   5.8720567e-02  -4.1160697e-01  -4.1174751e-01   6.5053596e-02  -4.3450950e-01   7.2208846e-03  -5.4722924e-02  -3.7795519e-01   2.4857298e-01  -3.7101125e-01  -1.6993872e-01  -2.3851500e-01  -4.2603113e-01  -8.3611549e-02  -5.0778001e-01  -3.0507701e-01   9.2525131e-02  -4.0687515e-01   9.4079030e-02   4.1017778e-01   3.1379773e-03  -2.6451433e-01   1.2564771e-01   7.3605560e-01  -1.6371009e-02   3.2451515e-01  -2.7943627e-02   1.4382531e-02   3.3540481e-01  -1.2758962e-01   1.3341972e-01  -3.4403186e-01   3.7103518e-01   2.3162816e-01  -3.8531447e-02   2.0825365e-01  -2.1573877e-01  -5.7077677e-02  -1.6869277e-01  -4.0739643e-01  -1.6292296e-01   7.2420192e-02  -4.1436727e-02  -6.8205567e-03  -1.9279537e-01   1.6707514e-01  -1.0178367e-01  -2.4611233e-01  -8.1518707e-02  -4.9011602e-01   3.7728904e-01   2.6373567e-02  -2.5057691e-01   1.3730217e-01  -4.3178803e-02   1.4845734e-01  -9.0795348e-02   4.9011322e-02  -3.0193022e-01  -5.0039619e-01  -8.2010635e-03  -2.8126761e-01  -4.7922446e-01  -2.3532208e-01  -1.7592869e-01   1.2659307e-01  -2.9499189e-02   2.6950972e-01   4.5073386e-01  -4.8871811e-02   5.5136771e-01  -1.3764105e-01   5.7922403e-01   2.8840584e-01   1.2180324e-01  -4.2455250e-01  -2.7662414e-01  -2.5487717e-01   2.9844749e-01  -3.3238694e-01  -3.5610968e-02   3.9534916e-02  -4.9330605e-02  -2.7388682e-01  -1.6401646e-01  -3.5373140e-01   1.3715802e-01  -7.8149610e-02  -3.8479961e-01  -1.0736423e-01   3.9936861e-01  -1.2167751e-01  -1.5355215e-01  -1.4822709e-01   9.8641026e-02  -9.9482363e-02   1.7693356e-02  -2.5143921e-01   1.5272972e-03   1.4614340e-01  -3.0698952e-01
   3.4184277e-02  -1.8517983e-01  -3.4931394e-01   4.0028585e-01  -5.9807363e-02   5.6357388e-01  -3.5301243e-01   0.0000000e+00   2.5108438e-01  -3.5843204e-01   1.1871480e-01  -3.3612110e-01  -3.5837473e-01   2.7657318e-01  -1.9334158e-01  -2.3506856e-01  -2.5997658e-01  -5.8243478e-03   5.1774794e-01  -1.6425615e-01  -7.0221009e-02   3.7009342e-01  -2.9187286e-01   2.7312697e-01  -8.2077414e-02   6.1467961e-01   6.4645317e-02   4.0144997e-01   1.0564174e-03  -9.1226266e-02   1.0466489e-01   2.8402749e-01  -1.8594053e-01  -2.2633438e-01   2.0502481e-01  -1.6525835e-01  -5.3712485e-02   2.7278538e-02  -1.0108138e-01  -1.2712465e-01  -7.4533766e-02  -3.3845853e-01  -5.4134885e-02   1.1737360e-01  -1.1285849e-01  -2.8702853e-01  -1.3154028e-01  -1.6127952e-01  -1.6736616e-01  -1.5940450e-02  -3.7223358e-02   7.1725937e-01   9.8324958e-03  -1.9051874e-01  -8.3588720e-02   8.2109253e-02   5.3507316e-01   5.3542368e-01   3.1746536e-01   5.0739339e-01  -3.1665593e-01  -6.3847914e-02   2.9738553e-02   8.4811110e-02   8.6395730e-02  -2.8884855e-01   6.1161376e-01  -8.9484811e-02   3.4083985e-01  -2.8092710e-01  -3.8092965e-01   2.2566281e-01   1.2668662e-01  -1.0619480e-01  -2.4283289e-01   6.3595494e-01  -4.3337904e-02   2.6237722e-01   1.4999948e-01  -2.8261630e-01   5.7002551e-01   2.6284919e-01  -2.7293918e-01   6.8193090e-01  -4.4744669e-01   6.0209978e-01   2.2587322e-01   3.5933585e-02  -1.0010742e-01   9.9249678e-02   1.4231268e-01   4.7581841e-02  -2.3575018e-01   5.7040885e-01  -3.8088097e-01  -3.1260273e-01  -1.8680938e-01   5.1553374e-01   1.0442328e-01  -3.2557953e-01  -2.4614733e-01  -1.8282917e-01   2.9691796e-01   1.2578527e-02   1.6724531e-01   2.5220083e-01  -3.9993073e-01   5.1511964e-01  -1.5114311e-01  -1.8385095e-01  -2.2994332e-01   2.4302642e-01   2.7081793e-01   6.6412510e-02   4.2070697e-02   9.7010873e-02   3.2311380e-01  -2.9587024e-02   8.7113837e-03   3.4544698e-01   2.1007751e-01  -1.7561064e-01  -2.6090014e-01   3.3817020e-01   2.6609717e-01   2.4217025e-01  -9.7411878e-02  -5.9883616e-01   5.5488424e-01  -4.2922687e-01   3.1537618e-01  -4.8062450e-02  -2.5251567e-01  -5.2717010e-02   4.9122554e-01   6.9113616e-01  -4.3418272e-01   1.8497067e-01   6.9668551e-01   2.2852845e-01   1.4906215e-01  -2.7738395e-01   2.6993422e-01  -6.3450340e-02  -8.2460828e-02   3.0034334e-01  -4.1580017e-01   9.6809184e-02  -2.5738936e-01  -8.9851655e-02  -1.4951904e-01   5.5545155e-01   3.2750665e-01   1.0036232e-01  -2.5313515e-01   2.2904425e-01   5.3365518e-02   2.7521534e-01  -2.4804993e-01   6.1361075e-01   6.9927925e-02   3.3668367e-01  -3.1762276e-01   3.3520384e-01   4.2671595e-01  -1.0330735e-01  -6.9683310e-02   3.8659536e-01   1.8463048e-01  -6.0295263e-02  -1.0523885e-01  -2.6040052e-01  -5.1967462e-02   4.0559836e-01  -1.5779654e-01  -3.1429961e-02   5.0402402e-01
   2.1541602e-01   7.1727439e-02  -3.1346129e-01   3.1256387e-01   3.2677122e-03   3.2036825e-02  -1.8611835e-01   2.5108438e-01   0.0000000e+00  -1.9641642e-01   1.4742142e-01  -1.5452617e-01  -2.6727359e-01   2.5908096e-02  -2.7615606e-02  -2.0423729e-01  -1.6878399e-01   1.2302435e-01   2.0111658e-01  -8.9804495e-02  -1.5554694e-02   2.6480721e-01  -1.4124714e-01   6.7013917e-02  -3.9240923e-02   3.3188415e-01   1.8947005e-01   6.6858872e-02  -9.3152966e-02   1.4880729e-01  -9.6377750e-02  -4.8615264e-02  -1.3791896e-01   2.0307242e-02   2.7156500e-01  -1.0006731e-01   3.3476548e-01  -4.7362447e-02   1.7646981e-01  -2.7409697e-02   1.0369906e-01  -1.9672885e-02   2.0872423e-01   1.5056415e-01   1.1458471e-01  -3.3103872e-01   8.0047658e-02  -2.0206749e-01  -6.2644400e-02  -5.0466184e-02   6.3201894e-03   1.8419560e-01   9.3412131e-02   1.7546863e-01   2.4509335e-02   2.7185896e-02   1.2556672e-01   1.2457231e-01   2.1485136e-01   3.9246065e-01  -2.1957737e-01  -3.5468382e-02   2.7633569e-01   2.8065761e-01   4.7264646e-01  -1.5820702e-01   2.2333796e-01   2.9121254e-01   2.1053171e-01  -3.9431515e-01  -2.1801076e-01   2.7409321e-01   2.2050359e-01  -2.0698932e-01  -2.4598830e-02   1.0340983e-01  -1.0229355e-01   1.5449431e-01   2.1934102e-01   1.1004728e-02   1.9840356e-01   1.9995150e-01  -2.6528641e-02   2.2265471e-01  -2.5708467e-01   1.5007240e-01   5.4328960e-01   6.1455305e-02   2.6782102e-01  -7.6177908e-03   1.2174493e-01  -7.1599824e-02  -2.0215573e-01   4.4893412e-01  -3.9955382e-04  -4.7902535e-02   5.0999269e-03   2.0047789e-01  -4.0289968e-02  -5.9638353e-02  -2.3588394e-01  -9.4855930e-03  -1.2324783e-01   3.2077956e-01  -2.0781541e-01   2.1401337e-01   3.3057935e-03   2.0874873e-01   5.6886235e-02  -2.6276653e-02  -2.3566128e-02   1.4228668e-01   4.1898635e-01  -5.6935682e-02  -5.0716979e-02   3.1478512e-01   2.2214654e-01   3.0623976e-02  -2.8478622e-01   2.2780961e-02   1.0252667e-01  -2.2455633e-01   1.6531586e-01   5.0125467e-01  -1.8508304e-01   2.4495280e-02   1.7704321e-01   3.8769177e-03   3.4959059e-01  -4.0256655e-01   9.0956006e-02  -5.8149222e-02  -3.7310950e-02   1.9810272e-02   1.7172600e-01   1.3752186e-01  -9.1594992e-02  -1.1488160e-01   1.7805653e-01   7.3537977e-02   1.3334959e-01  -8.6504291e-02   6.3919841e-02  -4.3916676e-01   1.5729654e-01   1.2312541e-01  -2.9539468e-01   2.7711986e-01   1.7004883e-02   9.6955618e-02  -6.2714176e-03   1.3960413e-01   1.5915021e-01   2.0981954e-01  -1.7197574e-01   1.6338602e-01   1.8770238e-01   7.8698466e-02  -9.7534224e-02   6.8657037e-02   3.8955274e-01   4.8339218e-01   6.8588401e-02   2.1195086e-01   3.9360683e-01   1.7444240e-01  -4.3458964e-02   2.8335367e-02   1.4830452e-01   1.6662601e-01   1.7949804e-01  -1.2815070e-01   2.2310948e-01   3.1924339e-02  -1.1765009e-01  -1.5022820e-01   4.5855590e-01
  -2.5793917e-01   4.2330471e-01   5.7417638e-01  -2.4148102e-01   2.1862793e-01  -1.3471793e-01   4.9056230e-01  -3.5843204e-01  -1.9641642e-01   0.0000000e+00  -1.7041184e-01   7.1719971e-01   1.3758776e-01  -3.2263647e-01   3.5962614e-01   4.0823640e-01   4.9975322e-01  -1.9217714e-01  -1.2223786e-01   5.0450128e-01   4.0849374e-02  -2.7131915e-01   4.5777514e-01  -3.2946176e-01  -5.4201394e-02  -2.6908528e-01   1.6423963e-01  -3.6179962e-01  -5.2647758e-02   2.4359035e-02  -5.8024612e-03  -3.0427338e-01   1.6992750e-01   4.5776000e-01  -4.3742243e-01   4.3131890e-01   9.0152706e-02  -1.1666159e-01   6.3944660e-02   5.4984528e-01  -1.9040437e-01   8.6740426e-02   7.7559408e-02  -2.8702659e-01   2.0799032e-01   4.0521638e-01   6.8873527e-02   1.9582353e-01  -2.9522911e-02   2.9185079e-01  -6.3190664e-02  -4.1697219e-01   5.5772439e-02  -1.7556876e-01   2.5139398e-03  -8.5396728e-02  -2.2185319e-01  -3.9787384e-01  -7.8714798e-02  -3.0743500e-01   3.4997835e-01   1.0366898e-01   1.0258844e-01   2.1016205e-01  -2.6199956e-01   5.7707617e-01  -2.8333143e-01  -2.0351881e-01  -2.2038995e-01   3.3929564e-01   3.9943864e-01  -3.5946243e-01  -1.1235802e-01   1.1059318e-01  -5.7068959e-02  -3.6245568e-01   1.9024815e-01  -3.2685124e-01  -1.0102737e-01  -1.2715614e-01  -4.3536703e-01   1.5689223e-01   2.9535097e-01  -1.8981031e-01   4.3238679e-01  -4.0531183e-01  -2.1474108e-01  -3.5260557e-01   1.8517331e-02  -3.4559070e-01  -6.6579512e-02  -9.5271495e-03   4.5513655e-01  -4.2687693e-01   7.8349131e-02   2.1808996e-01  -2.3442343e-01  -2.6893719e-01  -5.2724036e-02   4.9664669e-01  -7.3270736e-02   3.7151221e-01  -3.2540754e-01   1.2024130e-01  -8.0764152e-02  -2.8035891e-01   9.7656892e-02  -3.8526445e-01   2.9699427e-01  -9.8926517e-02   3.5868304e-01  -2.8009679e-01  -2.2264299e-01  -2.9910190e-01  -1.6259864e-01  -1.0855221e-01  -2.3879414e-01   1.0807304e-01  -2.5421806e-01  -2.1520454e-01  -1.9642675e-01   2.1377488e-01   2.4214315e-01  -2.3553759e-01  -2.3554363e-01  -3.1660181e-01   1.4350622e-01  -2.0384827e-02  -2.6467440e-01   3.5551692e-01   4.3952248e-02   2.9320718e-01   3.1261351e-01   4.1450467e-02  -3.9798111e-01  -3.2935541e-01  -5.6695465e-02  -2.6821415e-01  -5.3654309e-01  -2.8304297e-01  -1.9225819e-01   1.6749148e-01  -2.8401332e-01   1.8963183e-01   2.5589017e-01  -3.0588185e-01   7.3144897e-01  -1.4055231e-01   2.5656732e-01   2.1306471e-01   8.7834846e-02  -2.8227939e-01  -3.1599947e-01  -2.1252846e-01   6.0661952e-01  -4.1258071e-01  -1.5405613e-01  -3.7905512e-02   3.1269879e-01  -4.3663727e-01  -1.8416618e-01  -3.2974398e-01   3.2998483e-01  -3.9604322e-01  -4.5346632e-01   3.0944521e-01   2.8006536e-01   1.4733055e-02  -2.2699166e-01   6.0139937e-02   3.6058496e-01  -1.9177982e-02  -1.9051307e-01  -1.0218362e-01   1.7629879e-04   6.2124867e-02  -2.9016893e-01
  -2.6816937e-01  -1.1209037e-01  -3.3564220e-01   1.6498493e-01   2.6666206e-01  -7.6005102e-02   8.2049960e-02   1.1871480e-01   1.4742142e-01  -1.7041184e-01   0.0000000e+00  -3.2819670e-01   1.6452113e-01  -2.5387390e-01   1.0378042e-01   3.6671498e-01  -1.4970856e-01   6.5294244e-01  -8.0538369e-02   6.0305906e-02   3.9626912e-01   1.9280116e-01   6.9388059e-02  -3.6976304e-01   3.1228665e-03  -1.1812795e-01   1.7346901e-01  -2.2333890e-01  -1.5959916e-01   2.9909644e-01   2.4411052e-01  -2.0054124e-02  -2.6872094e-02  -2.9422880e-01  -2.0659007e-01   4.2592039e-01   1.5482254e-01  -1.6337347e-01   3.9646078e-01  -2.2658494e-01   4.5314600e-01  -2.2852426e-01  -4.1097892e-01   3.0870463e-01   4.1793732e-01  -1.6196821e-01   6.8075704e-01   9.5663818e-02   4.7556333e-01  -2.5987239e-01   6.1805193e-01  -1.2440074e-01   1.8452270e-01  -1.6289478e-01   5.5850908e-03   2.2826749e-02  -2.8429904e-01  -4.7626882e-02   3.9833304e-01   1.0657514e-02  -1.2852247e-01   3.6083329e-01   5.0309821e-02   2.8186111e-01   5.2202351e-01  -1.3525278e-01   1.4774407e-01  -1.0613995e-02   5.4303841e-01  -3.9293696e-01  -1.0254499e-01   3.3585369e-01   3.6194611e-01  -3.4699708e-01  -1.2017141e-01  -1.4864252e-01  -1.0055193e-01  -4.3446520e-02   1.9895691e-01   1.3413813e-01  -2.1662330e-01   3.2575559e-01   1.4417939e-01   4.0356195e-03  -1.6564410e-01   9.7641559e-02   5.8636068e-02  -1.1346781e-01  -1.6708690e-01  -2.5963989e-02   7.3724045e-02  -3.4654384e-01  -1.5244802e-01  -1.0298852e-01  -9.1339699e-03   2.0657946e-01  -1.0950273e-02   2.5161506e-02   3.5030631e-01   6.3466691e-02  -1.9154408e-01   1.2194181e-02  -8.3093467e-02   1.4328052e-01   1.6207127e-01  -1.5142685e-01   8.6893082e-02  -4.3051731e-02   1.9351720e-01   3.3979202e-01  -3.4787580e-01   2.1813133e-01   1.5666296e-01  -1.8483750e-01  -2.2484019e-01   2.2571299e-01  -2.3964988e-02   3.2622508e-01  -1.0952846e-01   3.3485623e-02  -1.9644656e-01   1.1718545e-01  -4.0749912e-01   4.9861543e-01  -2.6120443e-01  -3.8090872e-01   3.6474176e-01   3.7251768e-03  -3.8744095e-02  -1.7091344e-01   3.3583609e-01   4.5337627e-01   1.0549861e-02   3.4721421e-01  -2.8308642e-01  -1.0549193e-01  -1.9967734e-01  -2.2294932e-01   1.7153198e-01  -2.3960791e-01  -2.1564614e-01  -1.7616961e-02   7.3482451e-01  -2.3204923e-01   2.0937316e-01   4.3665103e-01  -3.7868846e-01   5.6419088e-01   2.5289920e-01   3.8130411e-01  -2.6669103e-01  -2.0792670e-01  -1.3419474e-01   6.2760275e-01  -1.9140670e-01  -3.0136352e-01   1.4864892e-02   3.4560029e-01  -8.0799957e-02  -1.9323702e-01   9.2764948e-03   4.2309495e-01   1.4535622e-01   4.7142410e-01  -1.1013509e-01  -1.5017934e-01   2.2716692e-01  -1.8838139e-01   1.1691724e-01   2.8836003e-01  -1.4503734e-01  -1.9587212e-01   2.5336581e-01  -3.4196146e-01  -2.0598986e-01   3.5490490e-01   2.1464768e-03
  -2.6733669e-01   7.0715251e-01   6.6011188e-01  -3.7029945e-01   1.7323771e-01  -1.0096007e-01   3.2448902e-01  -3.3612110e-01  -1.5452617e-01   7.1719971e-01  -3.2819670e-01   0.0000000e+00   2.5762375e-02  -3.1668818e-01   3.5112899e-01   2.8699693e-01   5.0542892e-01  -4.0808769e-01  -5.7951565e-02   4.6584990e-01  -2.5010698e-01  -4.3425370e-01   2.4368489e-01  -2.2314710e-01  -1.5162380e-01  -1.1944695e-01   1.6387084e-01  -2.8265413e-01   4.4354606e-02   3.7334503e-02  -2.6344832e-01  -3.4951423e-01   1.5653004e-01   6.2401991e-01  -2.6828271e-01   3.0161901e-01  -1.9430062e-02  -1.6152393e-01   3.7094048e-02   5.6361816e-01  -2.7172245e-01   1.0259330e-01   4.3150304e-01  -3.3708246e-01   2.5770668e-01   3.5049525e-01  -1.8497850e-01  -1.3646175e-03  -2.5268981e-01   3.5568506e-01  -3.2751203e-01  -3.0332492e-01   2.3674212e-01  -3.3668833e-02  -9.4574716e-02  -2.9519163e-01  -7.7386729e-02  -4.6907565e-01  -2.5083593e-01  -2.2736831e-01   3.2538679e-01   2.2268575e-01   4.2554156e-01   1.3056319e-01  -2.6379944e-01   4.1377444e-01  -2.1206011e-01  -5.5422333e-02  -3.8602654e-01   2.8163819e-01   3.2555805e-01  -3.3547275e-01  -6.1967221e-02   3.1323178e-01  -8.2446338e-02  -2.9334728e-01   1.5133269e-01  -2.3459232e-01   1.3758365e-01  -1.2243138e-01  -2.5276986e-01   1.3562225e-01   2.0035869e-01  -7.2163360e-02   2.7457403e-01  -4.8305501e-01  -2.4211155e-01  -2.4883439e-01   2.4099195e-01  -3.3428815e-01   1.6847845e-01   2.4176177e-02   5.5284382e-01  -3.2216421e-01   5.0988413e-02   4.9592371e-02  -1.5077722e-01  -2.2199048e-01  -2.7477136e-03   2.3454395e-01  -1.6215787e-01   5.2567371e-01  -4.5508333e-01   3.7521399e-01  -2.1563140e-01  -2.1850616e-01   3.6640163e-02  -2.3414623e-01   2.3195396e-01  -3.5899499e-01   5.2942682e-01  -4.1859198e-01  -2.0711008e-01  -2.9454231e-01  -1.7687871e-01   1.1038386e-02  -1.7681654e-01  -3.1009770e-02  -3.2522632e-01  -3.0600230e-01  -2.0599710e-01   3.7446445e-01   5.4506301e-01  -1.8888345e-01  -1.8850791e-01  -9.9116506e-02   1.3596868e-01   2.4854730e-02  -3.2401349e-01   2.8455067e-01  -5.1130595e-02   3.7378959e-01   3.9330328e-01  -8.3433046e-02  -2.6236342e-01  -2.6177835e-01   8.4332142e-02  -3.1692835e-01  -4.7132225e-01  -2.6038345e-01  -7.1662259e-02   8.1358375e-02  -3.5193149e-01   1.0509244e-01   1.1023767e-01  -5.4624065e-01   7.5727924e-01  -2.3585544e-01   6.3724445e-02  -6.5338376e-02   2.7997479e-02  -2.2281873e-01  -2.4938444e-01  -2.3596177e-01   6.2816644e-01  -3.2737136e-01  -2.0077952e-01  -2.0433545e-01   2.6107308e-01  -3.5442677e-01  -5.1352397e-02  -4.0844903e-01   1.0057486e-01  -5.7457554e-01  -3.2991777e-01   5.1438605e-01   2.7571386e-01   1.9672297e-02  -3.2093029e-01  -5.0407314e-02   5.4506846e-01  -6.1496285e-02  -1.4202150e-01  -2.1576228e-02  -8.2100151e-02  -3.2031989e-02  -3.4691857e-01
  -2.6254404e-01  -9.1667511e-02   1.3120747e-01  -1.4000469e-01  -1.4567399e-02  -3.2110739e-01   2.2229822e-01  -3.5837473e-01  -2.6727359e-01   1.3758776e-01   1.6452113e-01   2.5762375e-02   0.0000000e+00  -2.9099539e-01   2.9653500e-01   1.6059123e-01   8.5069167e-02   5.5330953e-02  -3.7004002e-01   3.4535982e-02   3.4379918e-02  -2.3683171e-01   2.5534089e-01  -3.1201473e-01   1.4131396e-01  -3.9178307e-01  -4.4222881e-02  -1.9518857e-01   1.5926962e-01  -7.5762692e-02  -1.1736902e-01   3.2551967e-03   1.3665811e-01  -1.3441949e-01  -2.3640623e-01   1.6304357e-01  -1.7637796e-01  -1.9516593e-01  -1.1144354e-01   1.1519699e-01   2.9362587e-01   2.4510868e-02  -1.6638775e-01  -2.3692619e-02   8.8873801e-02   1.4166428e-01   3.1681080e-01   2.6656896e-02   3.1351874e-02   3.6321382e-03   1.5471194e-01  -4.2179908e-01  -1.9894194e-01  -8.0054608e-02   9.2682930e-02   1.6303532e-01  -4.0522872e-01  -3.6133241e-01  -1.3266768e-01  -3.6123218e-01   6.0612829e-02   2.1656197e-01  -7.1213016e-02  -1.3270964e-01  -1.7698325e-01   2.1384490e-02  -2.6718642e-01   1.0605281e-02   1.6199940e-02   2.0503256e-01  -3.7812474e-02  -6.4984697e-02  -4.2364587e-02   1.4075306e-01   4.0051837e-02  -3.3032629e-01  -5.1450681e-02  -1.7713720e-01  -1.0877357e-01   3.6185912e-01  -4.4368705e-01  -8.9937047e-02  -3.4353962e-03  -4.3496130e-01   1.3264881e-01  -2.9307891e-01  -1.8336106e-01  -1.0382267e-02  -1.6297040e-01  -8.9081698e-02  -8.9371454e-02  -1.8177052e-01   7.0110750e-02  -4.2695478e-01   4.8599260e-02   2.3070283e-01   3.1503438e-01  -3.1442382e-01   2.9131531e-01   1.6554456e-01   4.4641752e-02   8.6112397e-02  -2.6974912e-01  -1.7791267e-01   9.8537250e-02  -3.2906965e-01   8.4979870e-02  -3.2858265e-01   1.5369697e-01   8.6684940e-02  -7.4144720e-02  -2.5197703e-01  -7.7016664e-02  -1.2873502e-01   7.8467309e-02  -1.9317032e-01  -2.0463099e-01   2.6852780e-01   1.1449056e-01  -1.1779973e-01  -2.2834213e-01   2.5629733e-01  -1.0576345e-01  -2.7990676e-01  -1.0843371e-01  -1.4531958e-01   1.7707303e-02   2.3982650e-01  -3.0469201e-01   1.6508980e-01  -1.6144569e-01   9.5045467e-02  -1.0709063e-02  -5.3562988e-02  -3.3527339e-01  -3.2466281e-01   3.1280260e-01  -2.6811755e-01  -2.0816353e-01  -2.5587589e-01  -2.8805953e-01   2.9055371e-01   2.8240453e-02   1.6261624e-01   6.6164302e-02  -1.5675013e-01   2.3021845e-01  -1.0491124e-01   2.5554959e-02  -7.5642595e-02   9.2536998e-02  -4.4142051e-01  -1.7487623e-01   5.3099143e-02   5.6523990e-02  -2.7436752e-01  -1.7110837e-01   2.7221176e-02   6.1217657e-02  -3.5379116e-01  -2.6290268e-01  -3.8843973e-02   6.4797633e-02  -1.3561519e-01  -2.2267721e-01  -9.2308757e-02   4.8035820e-02  -2.7224631e-01  -2.6107968e-01  -3.9514955e-02  -1.3725454e-01  -4.7890630e-02   4.0830959e-02  -3.7043078e-01   2.0608160e-01   7.6469376e-02  -4.6757149e-01
   4.3864978e-01  -3.8413815e-01  -2.6290146e-01   1.6663987e-01  -3.8512237e-01   3.8712187e-01  -2.6001089e-01   2.7657318e-01   2.5908096e-02  -3.2263647e-01  -2.5387390e-01  -3.1668818e-01  -2.9099539e-01   0.0000000e+00  -1.9667938e-01  -3.7229696e-01  -2.4361739e-01  -1.2743042e-01   2.5102683e-01  -4.2817692e-01  -1.5157118e-01   3.6962680e-01  -2.5932148e-01   6.7600906e-01   1.9012738e-01   2.6554274e-01  -2.7237828e-01   6.1570519e-01   1.0511893e-01  -2.5782589e-01   3.0403649e-01   1.2438095e-01  -1.9630134e-01  -2.2078695e-01   5.5706690e-01  -5.5089165e-01  -1.9671760e-01   3.0123081e-01  -3.0308556e-01  -2.4265981e-01  -9.0241386e-02   5.7167153e-02   2.8265761e-02   3.3214290e-02  -3.9373162e-01  -1.5466812e-01  -4.1295178e-01  -7.4244424e-02  -2.6777599e-01   1.4714735e-03  -1.6783005e-01   5.2250835e-01  -3.2775190e-01   1.5323637e-01   5.7059542e-02   1.7554840e-01   4.0701349e-01   4.3657960e-01  -4.3842593e-03   4.9467066e-01  -2.2227302e-01  -3.2664226e-01  -2.1861916e-01  -2.8821299e-01  -1.9443591e-01  -2.2179438e-01   2.2077169e-01   5.1052901e-02   1.2182899e-02   1.4470945e-01  -2.1148421e-01   6.3364042e-02  -1.4121968e-01  -6.3852588e-02  -1.3974086e-02   3.8019298e-01  -8.2637503e-02   4.8609309e-01  -1.6864496e-01  -7.4396912e-02   4.8566042e-01  -1.3941104e-01  -4.4636203e-01   2.0836182e-01  -1.0373653e-01   4.2994152e-01   2.5756768e-01   4.1955979e-01   1.7665983e-02   3.3738448e-01  -1.7285060e-01   1.1762124e-01  -3.7847063e-01   4.2387558e-01  -1.5158139e-01  -3.3436279e-01  -3.5464329e-02   3.2230866e-01  -1.3387922e-01  -2.1132416e-01   3.8237923e-01  -2.5639766e-01   4.6495360e-01  -1.6350483e-01  -2.7669955e-02   2.4202267e-01  -3.0592768e-01   3.7368806e-01  -2.3408056e-01  -1.3329525e-01  -1.3639014e-01   3.9767964e-01   1.3418135e-01   3.0509088e-01   5.7841702e-01  -1.9121226e-01   3.2872233e-01  -2.6587400e-01   4.3737161e-01   2.0245893e-01   3.0744256e-01  -3.5104694e-01  -1.0815327e-01  -9.8155135e-02   3.5364042e-01   6.8626440e-01  -3.9280095e-01  -3.2466016e-01   3.6953543e-01  -1.3541949e-01  -1.2538873e-01  -4.7792479e-01  -2.5947456e-01  -1.0062327e-01   4.6332697e-01   3.8692016e-01  -3.8259524e-02   5.9043255e-01   4.1822529e-01   5.2768518e-01   3.7721020e-01  -1.5181334e-01  -6.7224721e-02   2.1194100e-01  -3.8329941e-02   2.6439303e-01  -2.5187141e-01  -2.0977605e-01  -2.4302806e-01  -3.1197043e-01   2.4524169e-01   4.9637314e-01   2.4267193e-01  -1.9594818e-01  -2.8333194e-01   4.9352791e-01   9.8446277e-02  -9.0491890e-03  -2.7644880e-01   5.0150281e-01   6.9126497e-02   5.6830713e-02  -4.5926484e-01   1.5098138e-01   2.5090420e-01  -2.1770139e-01  -3.2113999e-01   2.5972239e-01   7.6159900e-02  -3.7570830e-01  -3.0021589e-01   2.8682919e-01  -1.1892200e-01   3.4785977e-01   1.3636016e-01  -2.3107525e-01   2.8665319e-01
