   0.0000000e+00   2.2490783e-03   1.2824242e-02  -3.5536433e-02   3.1486627e-02  -2.1907081e-02  -1.6081823e-01  -1.6394249e-02   2.8957410e-01  -7.2469314e-03   3.5340793e-02  -4.3122729e-02  -1.1876832e-01   1.4110306e-01  -3.0446853e-01  -2.2941859e-01   7.4694825e-02  -5.3524386e-02  -1.0905686e-01   6.1701642e-02  -9.2671859e-02  -2.5155377e-03  -1.3578428e-01   6.9856886e-01   4.9015298e-02   4.6201340e-03   2.1517114e-02  -1.5970314e-02  -1.3806214e-01  -1.4025165e-01  -2.6319714e-01   1.6521784e-02  -1.4277491e-01  -6.3342547e-02  -2.8315139e-01  -1.8711945e-02   5.7567550e-02  -3.5510424e-02  -2.8358858e-01  -1.4574117e-02  -4.2481100e-02  -1.6616968e-01   5.4845132e-02  -2.3435874e-01   5.2821013e-02   4.7243917e-01   6.4171183e-02  -3.5036175e-01  -1.9414751e-01   9.6303648e-02  -7.4538034e-02  -1.2429653e-01   2.0696382e-02   3.4535224e-02   4.6229651e-02  -1.9793373e-01   8.4288990e-02   2.9900631e-02   1.1386867e-01   2.1534567e-02   1.3926958e-02  -2.1503286e-01  -1.2040862e-01  -2.8243390e-01  -7.5875804e-03  -9.6213304e-02  -8.8627699e-02  -4.7819077e-02   5.9133648e-02   1.2754563e-01  -2.2886113e-01  -1.1223233e-01  -1.6653591e-02   1.5890227e-01  -3.7639133e-02   2.9398135e-01   5.7014747e-02   2.3201986e-01   8.5743205e-02  -2.9110684e-01  -1.3907851e-01  -4.4382878e-02  -2.0498264e-01   5.5269853e-02  -1.6291943e-01   4.2792243e-02  -2.0433684e-01   3.3247801e-01  -3.9287926e-02   6.5852277e-01   2.1985763e-01   2.1980559e-01   5.6327321e-02   1.0598345e-01  -7.2334049e-02   1.4466771e-01  -1.4356408e-01   5.2387937e-02  -1.2276723e-01  -1.3068519e-01  -2.5227537e-01  -1.8339564e-01  -7.8549891e-02  -2.2056535e-01   1.1286237e-01  -8.5196583e-02  -8.2167164e-02   7.1152492e-02  -1.0487838e-01   1.8945552e-01  -7.1778598e-02  -8.2578187e-03   2.9486843e-02   7.5042422e-01  -1.2028302e-01   8.1106266e-02  -1.6814686e-02  -9.2081812e-02  -2.7544532e-02  -1.1640635e-01   6.6830894e-01   7.3747805e-02  -3.8823856e-02  -2.9741900e-01   5.0913803e-01   5.9665381e-01  -9.6808950e-02  -2.8268832e-01   1.0208935e-01  -1.1366360e-01   3.8976750e-03  -9.8661512e-02   4.0788371e-01  -1.5873361e-01   7.3043081e-02   8.1959745e-02  -2.1735913e-01  -1.4225800e-01  -2.3042531e-02   5.8161810e-01   5.6328819e-01  -1.0661721e-01  -4.7044192e-02  -1.8440063e-01  -1.2270179e-01  -4.6645714e-03  -1.3406345e-01   1.0220928e-01   1.2304614e-01  -1.3955183e-01   1.3171370e-01  -7.8062486e-03   4.6716019e-01  -1.0794974e-01  -9.5362308e-02   4.3500968e-01   5.3931346e-01   5.5000875e-02   1.6975542e-01   1.4562529e-02  -1.6358562e-01  -5.2789854e-03   5.3534803e-02   2.0617050e-01   2.3709941e-02   7.4671155e-03  -1.9264171e-02   5.7916183e-02   5.1008309e-01  -6.4260488e-02   1.1918260e-01   3.7684121e-01   1.0645811e-01  -7.2258710e-02   2.6458350e-02  -2.2073569e-01  -1.2584920e-01
   2.2490783e-03   0.0000000e+00   3.8074635e-01  -3.8290062e-01   6.4703641e-01  -6.6546355e-01  -3.8759580e-01   4.0788730e-03  -1.2426647e-01   3.3813670e-01  -5.0907615e-01   6.2621344e-01  -8.3632298e-02  -4.8097844e-01  -3.7587514e-01  -6.9352659e-02   2.6881434e-01  -4.7905692e-01   9.9260073e-02   5.5210364e-01  -4.5348766e-01  -6.5204740e-01  -5.1246041e-01   1.1407406e-01  -4.0664279e-03  -2.7645173e-02   4.1869185e-01  -2.6555123e-01  -2.0528358e-03  -2.8494086e-01  -3.5137063e-01  -4.9509323e-01   4.5911599e-02   8.1141795e-02  -2.6850967e-01   5.3363744e-01   1.8066114e-01   2.8696595e-01  -1.1720367e-03   5.9008422e-01   7.0377747e-02   2.8674936e-01  -5.0198191e-02  -3.6698856e-01  -1.4031614e-02  -1.4985959e-02  -1.5211837e-01  -2.0499101e-01  -1.4087803e-01   5.1007749e-01  -4.6673396e-01  -3.3246559e-01   1.8412678e-01   1.2174405e-01  -5.9071410e-02  -5.2382953e-01  -2.5812690e-01  -5.8725887e-01  -1.0569681e-01   1.4283107e-01   4.0630329e-01   7.5643489e-02   4.3110892e-01   1.4917037e-02   2.9397327e-01  -1.1344243e-01  -3.5852222e-01  -7.2013974e-02  -5.3782827e-01  -4.7117026e-01   5.0684574e-01  -5.9333723e-01   1.6523952e-01   1.9043625e-01   2.7506808e-01   6.1597517e-02   2.4737698e-01  -1.3903933e-01   6.9333448e-01  -2.2377967e-01  -7.1212432e-01   6.5275225e-02   4.6070498e-01  -2.6260414e-01  -2.7722314e-01  -2.4843215e-01  -5.2367261e-01  -1.2607780e-01   4.0166059e-01  -2.0229235e-01   7.9077002e-01   3.9490481e-01  -5.7243800e-01  -1.3770242e-01   3.0474071e-01   3.7815849e-01  -1.7116290e-01  -4.3148967e-01   2.5006461e-01   3.2617403e-01  -3.6838903e-01   1.2254208e-01  -1.5251525e-01  -3.4046141e-01  -5.9332675e-01  -3.3916184e-01   1.7659412e-01  -3.8707257e-01   3.9880519e-02  -5.9015645e-01   4.3251058e-01  -7.1804088e-01  -4.1015809e-01  -6.0114918e-02  -2.7112373e-01   7.8201387e-01  -4.5483330e-01   1.9599192e-01  -3.7976589e-01  -4.3374042e-01  -5.3015853e-04   7.2629488e-01   5.1747576e-01   1.2913030e-01  -1.6783741e-02   3.9664817e-01  -1.1894327e-01   1.9747546e-01  -4.3231268e-01  -2.8921049e-01   1.4689554e-01   7.1723540e-01   7.4361197e-01  -4.5167153e-01  -3.4676226e-01   1.6751721e-01   2.6569437e-01  -2.4795217e-01   1.9368237e-02   1.3239959e-01  -1.1143733e-01  -5.4696581e-02  -4.9642871e-01  -6.7146770e-01  -5.9237085e-01  -3.3910944e-01   2.5241380e-01  -1.4845884e-01  -5.6117516e-01   3.7339468e-01  -5.1424433e-01  -2.2479529e-01   1.0268079e-01   6.7367770e-02   6.3597634e-01   1.1569192e-01   5.7061469e-02  -9.9139615e-02   3.7272566e-01  -3.4182490e-01  -1.6446663e-01  -4.2637804e-01   3.8707075e-01  -4.6854063e-01  -4.0953965e-01   7.2186894e-01   4.1627552e-01  -6.0975626e-01  -8.7886528e-03  -1.0964293e-01   4.3795401e-01   1.2700310e-01  -3.7152170e-01  -5.2954584e-01   1.5075478e-01   1.5033288e-01  -3.4040315e-01
   1.2824242e-02   3.8074635e-01   0.0000000e+00  -4.0987874e-01   4.3866220e-01  -1.1994624e-01  -2.4365332e-02  -1.2204076e-01  -2.7406877e-01   1.2101243e-01  -4.1831403e-01   5.1475362e-01  -1.2358372e-01  -1.8873034e-01  -3.6632223e-01   1.6687078e-01   8.8872563e-01  -3.9059355e-01   9.8834845e-02   5.4969638e-01  -3.0046624e-01  -3.4228123e-01  -1.8495312e-01   4.6263438e-02  -1.3555092e-01  -6.2425683e-03   5.3173348e-01  -1.5075551e-01   3.9393928e-02  -3.0136728e-01  -4.1297033e-01  -4.0171868e-01   2.5486615e-01   1.1124714e-01  -1.8796291e-01   4.0707158e-01   6.9638061e-02   3.5584448e-01  -2.7520009e-02   5.5261991e-01  -1.7560120e-01   3.8795576e-01  -1.9730956e-02  -3.8531641e-01  -1.8080234e-01  -2.5785473e-02  -3.4917377e-02  -2.3651515e-01  -1.6861090e-01   7.3469976e-01  -3.9199292e-01  -1.4526448e-01  -2.0117212e-01   3.4184496e-01  -3.3233899e-01  -3.0161489e-01  -2.1061400e-01  -4.2251079e-01  -4.2597694e-01   1.7130539e-01   4.1177233e-01   1.3393677e-01   1.5201327e-01  -3.5314682e-01  -1.9949116e-01   4.2438760e-02  -6.0965900e-02  -8.1928987e-03  -2.9210147e-01   2.6618953e-01   1.4481345e-01  -3.8428755e-01   9.6854535e-03   2.3966061e-01   2.4792216e-01   1.0266213e-01   3.1967492e-01  -7.9745034e-02   3.1217041e-01  -2.4969300e-01  -3.3140085e-01  -1.3253432e-01   6.3017200e-02  -5.5966150e-02  -2.7163949e-02  -3.4848436e-01  -3.5800938e-01  -1.7068026e-01   1.2966184e-01  -3.8445183e-02   3.7012631e-01   4.8040470e-01  -2.5043526e-01  -1.9497092e-01   3.7856374e-01   3.1380458e-01  -1.0617803e-01  -1.8479342e-01   1.2654404e-01   6.4575716e-02  -3.7282465e-01  -1.1873768e-02  -2.4935523e-01  -1.5299772e-01  -4.6474497e-01  -2.7311102e-01   4.5734145e-01  -9.3546322e-02   1.3723117e-01  -3.9888127e-01   4.2226138e-01  -3.2642902e-01  -3.5464229e-01   1.3586039e-01  -2.7649164e-01   1.6173395e-01  -2.5447593e-01  -2.6688988e-01  -7.3297807e-02  -4.1510059e-01  -3.3764717e-03   5.8949294e-01   2.1927209e-01  -2.6243627e-01  -2.6432803e-02   1.7372281e-01  -1.1352068e-01   2.5382755e-01  -4.1516893e-01   4.5154812e-01  -7.1116588e-02   1.5705533e-01   3.3844945e-01  -4.8635263e-01  -3.5468541e-01  -2.5159393e-02   2.6797183e-01  -3.7745570e-01  -1.0618143e-01   2.2125827e-01  -8.9152662e-02  -3.2989311e-02  -3.1155502e-01  -1.5349348e-01  -4.1709799e-01  -4.7592159e-01   4.6100385e-01  -3.1215320e-01  -3.4737380e-01  -1.0357321e-01  -2.9816423e-01  -2.5251945e-01  -1.3405684e-02  -2.8782009e-01   7.9626498e-01   1.9530908e-01  -1.4298187e-03  -3.6991928e-01   3.3382441e-01  -3.2131246e-01  -1.8318990e-01  -4.4702811e-01   8.7627794e-02  -4.7262399e-01  -3.2631362e-01   3.7227521e-01   2.1932299e-01  -2.3739986e-01  -7.6283645e-02  -1.2315896e-01   3.5422341e-01   1.8333060e-01  -3.4099907e-01   6.9108249e-02   8.0267445e-03  -4.0694095e-02  -3.1864868e-01
  -3.5536433e-02  -3.8290062e-01  -4.0987874e-01   0.0000000e+00  -1.9981546e-01   2.9136664e-01  -6.0285017e-02   4.0527319e-01   1.8960451e-01  -2.5949882e-01   4.2463053e-01  -4.5013145e-01  -2.7471699e-02   3.7860629e-01   2.1262095e-01   3.9734726e-01  -3.3727703e-01   4.5867557e-01  -1.0476920e-01  -1.9535744e-01   1.8658750e-01   7.2888550e-01   1.2823007e-01  -5.6980185e-02   2.6422760e-01   7.6761189e-02  -3.6421480e-01   3.3356292e-01   1.1769709e-01   4.3079354e-01   3.1419858e-01   7.0542110e-01   3.2493221e-01  -2.7137435e-01   1.0759150e-01  -1.4411549e-01   7.5725090e-02  -4.7939381e-02   4.5934505e-01  -4.6397246e-01   9.3756393e-02   3.5931026e-02   1.4358418e-01   2.0451527e-01   3.5911451e-01  -1.4215088e-01   2.8194912e-01   4.0644207e-02   7.3183573e-02  -3.4403090e-01   5.1236501e-01   2.5081081e-01   8.6175491e-02   7.9889725e-03   1.3975402e-01   4.1236658e-02   2.1005452e-01   7.5826177e-01   5.2142628e-01   7.1208090e-02  -7.9089287e-02  -1.0647398e-01   4.8404211e-03   6.9752010e-02   1.4017557e-01  -1.1284424e-01   3.2837737e-01   2.9219049e-01   4.6410585e-01  -9.6914189e-03  -3.8326285e-01   7.2139922e-01  -1.9498268e-02  -1.2997506e-01  -1.2974107e-01   1.0467240e-01  -1.8149774e-02   1.1696940e-01  -1.5754876e-01   2.5927847e-01   3.7300990e-01   7.4050617e-02  -1.2686016e-01   2.4937350e-01   1.7737172e-01   4.3727808e-01   4.1953164e-01   1.6045810e-01  -8.6838461e-02   4.3636439e-02  -2.6996045e-01  -1.1433788e-01   1.9529635e-01   3.6039551e-01  -9.4459610e-02  -1.1916674e-01   2.1678913e-01   3.4016933e-01   1.1535994e-01  -3.0373423e-01   8.3416667e-02  -2.8841751e-02   4.1243854e-01   4.6728117e-01   6.9323915e-01   6.3906185e-01  -5.8163826e-02   4.4997436e-01  -9.6934704e-03   3.5707570e-01  -4.7125434e-01   5.6021820e-01   6.7091730e-01  -1.7682329e-01   1.6526018e-03  -3.0767906e-01   2.5203505e-01   1.6661881e-01   1.8192121e-01   6.9430583e-01   1.0806275e-01  -3.1769101e-01  -2.0234927e-01   2.2501699e-01  -9.5736462e-02  -5.1199843e-02   2.6330785e-01   4.7791832e-03   7.0759545e-01  -1.7110951e-01   4.4474620e-02  -3.4330078e-01  -2.5905422e-01   2.0907647e-01   4.4629103e-01   1.8557145e-01   8.0980264e-02   3.0845959e-01   1.1597886e-01  -1.4914666e-01   7.8509983e-02   1.9367984e-04   4.5220336e-01   2.1368628e-01   4.5208748e-01   4.5212600e-01  -4.2699558e-01   3.7634454e-02   2.3760561e-01  -1.7442291e-01   2.5799241e-01   3.3745670e-01   1.7413121e-01  -1.7555769e-02  -4.7204448e-01  -1.1329225e-01  -1.2195505e-01   4.2604725e-01   2.7193870e-02   4.1495849e-01   3.8246104e-01   3.7254338e-01  -3.0725524e-01   6.4292253e-01   6.2648048e-01  -3.8379124e-01  -2.9199016e-01   3.5509546e-01   8.2117068e-02   6.7257239e-02  -2.5201111e-01  -2.9073580e-01   5.5959891e-01   1.0673800e-01  -1.2523556e-01   3.1415104e-01   6.5691452e-01
   3.1486627e-02   6.4703641e-01   4.3866220e-01  -1.9981546e-01   0.0000000e+00  -3.6636739e-01  -4.0026496e-01   1.3881654e-01  -4.2871032e-02   6.8965371e-02  -2.7006844e-01   3.7095312e-01  -1.0272143e-01  -4.4795795e-01  -4.5444081e-01   1.4114167e-01   4.5180064e-01  -2.0015083e-01   6.9864488e-02   8.6176075e-01  -5.0178922e-01  -4.4522755e-01  -3.3804411e-01   1.0117527e-01   6.4068860e-02   8.9295360e-02   6.3708697e-01  -2.1311866e-01  -5.7145816e-02  -3.0003170e-01  -5.4634770e-01  -2.8505925e-01   2.6058282e-01  -2.7626040e-01  -3.6918812e-01   8.4995715e-01   3.6677537e-01   4.0262757e-01   1.2365477e-01   5.5102638e-01   9.7411856e-02   4.4851886e-01   1.4015955e-01  -5.2605825e-01   2.7959943e-01   7.0355623e-02   3.9970547e-01  -4.9566714e-01  -2.0810669e-01   6.9151748e-01  -2.2127075e-01  -1.1914128e-01  -1.0117237e-01   2.1948552e-01  -9.7739702e-02  -6.7239577e-01  -9.7194091e-02  -3.5060564e-01  -8.3805585e-02   1.2317257e-01   5.6787947e-01   8.4220320e-02   4.4594919e-01  -3.1641331e-01   3.0212338e-01  -2.3397673e-01  -3.4624107e-02   4.2968817e-02  -2.0170812e-01  -1.1282998e-01  -3.7499516e-02  -3.7164804e-01   1.7074335e-01   1.9650734e-01   3.3374948e-01   1.7130983e-02   3.7222575e-01  -1.6436533e-01   8.4025642e-01  -2.6237552e-01  -6.1114223e-01   9.0717787e-02  -2.4355965e-02  -2.2591655e-02  -2.4752683e-01  -2.1849582e-01  -5.0271901e-01  -1.0838292e-01   3.2334381e-01  -2.0207624e-01   7.2245408e-01   5.0670528e-01  -4.2096663e-01   3.0007725e-02   4.1935528e-01   6.2187906e-01   6.7686768e-02  -1.6581704e-01   5.0078593e-01   5.1651730e-02  -5.5432269e-01   9.5404799e-02  -2.8295896e-01  -3.2091072e-01  -3.0007892e-01  -1.1016473e-01   3.8674031e-01  -5.3979846e-02   1.0804406e-01  -3.8563444e-01   1.7382780e-01  -5.3350805e-01  -1.5358362e-01  -4.4330018e-03  -4.3217747e-01   6.8517463e-01  -4.4962583e-01   2.1050190e-01  -3.9479037e-01  -2.4491629e-01   2.3137876e-02   7.8192833e-01   4.1238965e-01   8.5186216e-02   7.7257816e-02   3.7178783e-01   1.8119924e-01   2.9225072e-01  -2.2673870e-01  -2.4445568e-01   3.6821168e-01   5.2435628e-01   5.6831828e-01  -6.0030551e-01  -2.0054468e-01   1.3554789e-01   2.7232811e-01  -3.5111393e-01   5.1220164e-02   1.6091724e-01  -1.3159092e-01  -2.6462089e-01  -3.5605928e-01  -5.2906421e-01  -3.7007111e-01  -2.2074311e-01   2.6386949e-02  -2.2619558e-01  -3.0920480e-01   8.4168114e-03  -4.5139325e-01  -2.6821055e-01   2.1836619e-01  -9.7601874e-02   5.2539853e-01   1.2348040e-01   6.8886089e-02   2.8678302e-02   5.3757574e-01  -2.4800547e-01  -1.1025942e-01  -3.3807536e-01   1.3513110e-01  -2.1665249e-01  -1.3921261e-01   6.9192007e-01   2.5227985e-01  -3.7376450e-01   8.2180472e-02  -2.0203696e-01   4.0451405e-01   1.4416152e-01  -1.5692313e-01  -2.7423890e-01  -2.8791407e-02   1.3951274e-01  -1.9362044e-01
  -2.1907081e-02  -6.6546355e-01  -1.1994624e-01   2.9136664e-01  -3.6636739e-01   0.0000000e+00   3.6531342e-01  -1.3168261e-01   1.5053692e-01  -3.9484338e-01   3.8294793e-01  -2.5499260e-01  -4.7545483e-02   3.4218323e-01   1.2090604e-01   1.8962741e-01   2.3778420e-02   2.8042237e-01  -1.0783204e-01  -1.7890018e-01   3.6068879e-01   6.4516962e-01   4.9499952e-01  -7.9040114e-02  -2.8704904e-02  -6.2263822e-02  -8.6994934e-02   5.9443510e-02   4.0550551e-02   4.2406190e-01   7.5503249e-02   3.5659561e-01   1.8791405e-02  -1.6588477e-01   1.9590657e-01  -2.4599662e-01   2.1995433e-02  -2.6628361e-01   1.0607440e-02  -3.3106971e-01  -1.8686811e-01  -2.1811263e-01   1.9363062e-01  -7.4641495e-02  -3.6792748e-03  -8.8853245e-02   3.8098263e-01   3.8747470e-03   2.4837683e-01  -2.3428831e-01   3.1516151e-01   2.1384072e-01  -1.7130898e-01   5.3880599e-02  -1.6715261e-01   2.5627554e-01   3.5640638e-01   5.1590564e-01  -9.1372968e-02   2.6139656e-01  -4.2781708e-01   6.6545354e-02  -2.7897373e-01  -2.9402129e-01  -3.6224599e-01  -1.0945034e-02   7.3769135e-01   2.0443169e-01   6.7778272e-01   5.1441954e-01  -4.8316975e-01   5.9587136e-01  -2.4781962e-01   1.2052608e-01  -1.6206323e-01  -2.0568209e-01  -3.3301190e-01  -7.0254368e-03  -4.5440084e-01   9.9113891e-02   5.1489684e-01   1.3825637e-02  -4.5719440e-01   1.6261895e-01   4.2271933e-01  -1.6307389e-02   5.3314091e-01  -9.0436428e-02  -2.2627803e-01   1.9640957e-01  -4.9969138e-01  -4.0965644e-01   6.7068094e-01   1.6464664e-01  -2.9584877e-01  -1.0410752e-01   1.8524575e-01   3.9550653e-01  -1.4209674e-01  -4.0116225e-01  -2.2335184e-02   1.4777509e-03  -1.0298389e-01   5.1057942e-01   4.8996725e-01   8.1617708e-02  -5.3240692e-02   5.5230167e-01   1.0405167e-01   5.4900575e-01  -2.0791398e-01   7.2399742e-01   3.9812777e-01   4.7971760e-02  -1.4602557e-01  -5.4544006e-01   2.6465900e-01  -3.0824739e-01   2.4155436e-01   3.7818808e-01  -1.7004809e-02  -4.4889425e-01  -4.1575579e-01  -2.0267455e-01  -4.1526983e-03  -3.5899975e-01   1.6357071e-01  -6.7942033e-02   3.7527028e-01   2.6584241e-01  -2.1407009e-01  -5.3725938e-01  -5.5481074e-01   1.3265639e-01   3.6934080e-01  -3.4895544e-01  -2.3592083e-01  -1.3497071e-01  -1.4233905e-01  -1.2150978e-01   9.4301367e-02  -6.4341966e-02   3.7167482e-01   6.1003945e-01   4.3646679e-01   1.4786858e-01  -2.6714750e-01   1.4429865e-01   5.6811708e-01  -4.3040650e-01   4.3645392e-01  -1.5330848e-01  -1.9547898e-01  -1.0719676e-01  -2.5267658e-01  -1.2438528e-01  -1.2698647e-01  -9.3587840e-02  -4.3028681e-01   6.1407567e-02   2.4247472e-01   1.4543802e-01  -3.5296744e-01   3.5620876e-01   3.0580387e-01  -5.3772115e-01  -3.0389476e-01   5.0361512e-01  -5.2711996e-02   3.8366587e-01  -2.1177289e-01  -1.6789810e-01   2.9747593e-01   7.7333568e-01  -1.9622467e-01  -1.2638776e-01   2.8292295e-01
  -1.6081823e-01  -3.8759580e-01  -2.4365332e-02  -6.0285017e-02  -4.0026496e-01   3.6531342e-01   0.0000000e+00  -1.9810545e-01  -6.2639103e-02   6.4910133e-03   1.8112164e-01   6.1374608e-02   2.1833773e-01   1.2614824e-01   3.3766692e-01  -1.6953238e-02  -3.9092360e-02   2.2808575e-01   7.8542152e-02  -2.4152995e-01   4.8163208e-01   1.3164279e-01   7.5154767e-01  -3.7986354e-01  -2.0643006e-01  -2.9134104e-01  -1.6080687e-02   4.1866443e-02   2.1313663e-01   1.9905858e-01   2.3610325e-01   6.7652074e-02  -2.3304307e-01   5.3083594e-01   3.0282806e-01  -1.9307480e-01  -1.8652492e-01  -3.2644263e-01  -1.4014170e-01  -2.6115771e-01   9.3510605e-02  -2.4525367e-01   1.5208148e-01   1.9064808e-01  -1.6340055e-01  -8.3044172e-02   2.1333052e-03   5.2228404e-01  -1.8954633e-02  -3.5145859e-01   2.7788148e-01   1.5033732e-01   9.8793148e-02  -2.1721070e-01   4.0194166e-02   4.6407619e-01  -1.4031799e-01   1.0573693e-02  -7.6803797e-02   1.0654482e-01  -3.6224495e-01  -1.2405397e-02  -2.1013309e-01   1.6524238e-01  -3.3463501e-01   4.4266369e-01   1.5153448e-01   8.8871625e-02   6.9972792e-02   3.1832716e-01   2.7568718e-02   2.9135662e-01   1.4050598e-02  -2.1908417e-01  -3.0336863e-01  -1.6481441e-01  -3.1652912e-01  -2.5665946e-01  -4.6235239e-01   9.3028862e-03   5.3196976e-01  -1.3744486e-02  -3.7139721e-02  -1.7681078e-01   2.9159626e-02  -2.1607363e-02   2.3929234e-01  -2.5614885e-01  -3.8219580e-01  -1.6584088e-01  -4.6675280e-01  -4.9935016e-01   4.6527590e-01  -2.6363002e-02  -3.1681774e-01  -1.8541075e-01  -8.9007852e-02  -2.2329839e-01  -4.6327135e-02   2.5956784e-01   2.0764352e-01   1.2414037e-01  -1.1509227e-02   5.8579996e-02   1.0820071e-01  -1.4281691e-02  -1.1314569e-01  -1.1443767e-01  -4.9437672e-02   1.7738910e-01   1.1111110e-01   3.1039915e-01   7.9485733e-02  -1.5587566e-01   3.5108462e-01  -3.7220589e-01   6.3488111e-02  -4.7792734e-02   5.6621008e-02   1.7259935e-03  -3.1651120e-01  -4.0854058e-01  -3.5917994e-01  -1.2054571e-02  -1.9566246e-01  -4.6850606e-01   1.1636637e-01  -2.5264671e-01  -1.4217478e-01   3.2106786e-01  -1.5309679e-01  -1.0667612e-01  -5.2178039e-01   3.6528239e-01  -7.2322747e-03  -3.4020303e-01  -2.5988597e-01   1.1979417e-01  -2.0492696e-01  -3.0199683e-01  -1.7056691e-01   1.7765651e-01   1.2387087e-01   2.7763031e-01   3.4299562e-01  -2.7338572e-02   3.0638508e-01   2.7203271e-01   4.8957642e-01  -9.5732717e-02   1.0469084e-01  -6.1485587e-02  -4.8896273e-01   1.4449952e-02  -1.5868486e-01  -3.4127360e-01  -3.1271265e-01  -8.6241591e-02  -5.0817094e-01   1.2065580e-01   1.4430089e-01  -6.8413324e-03  -7.6438623e-02  -8.2019776e-02  -1.4695439e-01  -2.6095535e-01   4.6298441e-02  -8.6163123e-04  -2.2018619e-01   2.0848196e-01   1.0608402e-01  -1.8267914e-01   1.3802573e-01   1.6937427e-01  -7.9362820e-02  -8.9171259e-02  -1.4297014e-01
  -1.6394249e-02   4.0788730e-03  -1.2204076e-01   4.0527319e-01   1.3881654e-01  -1.3168261e-01  -1.9810545e-01   0.0000000e+00   2.7875881e-02  -8.4276046e-02   2.1173619e-01  -2.1076279e-01  -1.4845578e-01  -2.7954232e-03   7.6021785e-02   3.1535837e-01  -1.4743787e-01   1.9993747e-01  -3.7739368e-02   1.0110712e-01  -6.0067580e-02   1.4001293e-01  -1.6119849e-01  -5.0109352e-02   1.6917525e-01   2.0826302e-01   2.9871914e-02   1.4241038e-01   4.3157237e-02   2.8692101e-02   6.9760461e-02   2.5126378e-01   3.2064048e-01  -2.0282082e-01  -1.3058633e-01   1.3040022e-01   2.6324724e-01   1.5360081e-01   4.8606359e-01  -1.0039168e-01   8.7756777e-02   2.4255432e-01   5.7273517e-02   1.0917815e-01   1.9437069e-01  -1.2565212e-01   2.4016321e-01  -1.6210534e-02  -2.2784111e-01   4.1753211e-02   2.9282974e-01   4.5666179e-01   4.0423431e-02  -1.2049302e-01   4.5042991e-02  -1.2338987e-01  -9.0596600e-02   2.6683156e-01   4.9697631e-01  -5.0122817e-02   1.7613070e-01  -2.5692079e-01   2.0494959e-01   4.7930431e-02   1.6402203e-01  -1.7315507e-01   6.2592921e-02  -9.0270871e-02   2.7232239e-02  -1.3600419e-01  -1.3925697e-01   1.0616947e-01   2.3991323e-01  -2.2232347e-01   2.3464880e-02   2.0820422e-01   1.8490046e-01   2.1200078e-01   1.3602167e-01   2.3423949e-01  -1.8816941e-02   1.2529729e-01   5.6343189e-02   4.0534492e-01  -1.1768759e-01   4.4808911e-01  -1.2847386e-01  -1.0259708e-02   1.8142794e-01  -1.6854533e-01   7.2461123e-02   6.1530261e-02  -1.3374479e-01   1.2354693e-01   1.6537216e-01   9.3835557e-02   4.8038297e-02   3.5421717e-02   7.2383860e-02  -1.6323454e-01   1.4617605e-02   7.1688504e-02   3.2211244e-01   1.3148194e-01   2.9188341e-01   3.9446281e-01   1.7280533e-01   2.9633488e-02  -5.2774301e-02   5.5275463e-02  -1.5877930e-01  -3.8923876e-02   1.9125962e-01  -9.5690986e-02  -2.2586452e-02  -4.4987742e-03  -1.3609964e-01   7.0133282e-02   7.9529032e-02   1.7651186e-01   2.3543876e-02   5.2857766e-02   1.0946776e-02   1.9851433e-01  -9.2137558e-02   4.1631063e-02   1.0647006e-01   1.4940117e-01   3.0871361e-01  -2.1546863e-01   1.6867171e-01  -6.9240636e-02   6.5664267e-02  -3.2106767e-02   1.0997576e-01   3.7447614e-01   3.3617408e-01   2.9661160e-01   2.4352073e-01  -2.7385536e-02  -1.1755852e-01  -7.1488673e-02   2.3523736e-01  -4.5474019e-02   9.8054503e-02   2.7764548e-01  -1.6202822e-01  -1.0558845e-01  -4.4196230e-02  -5.7958488e-02  -1.4947776e-01   4.1086572e-01   9.4038729e-02   6.3850609e-02  -1.0454774e-01   7.0945185e-02  -3.7104154e-02   4.2529121e-01   1.9252055e-01   3.1542715e-01  -6.6456979e-02   2.6425924e-01  -1.3023339e-01   2.8051353e-01   2.8223022e-01  -4.2077166e-02  -1.7193022e-01   1.4885558e-02  -6.8479358e-02  -1.0390815e-01  -1.4735603e-01   3.6673491e-02   2.6569926e-01  -2.1214131e-01   7.7354024e-02   4.1866490e-01   3.5827009e-01
   2.8957410e-01  -1.2426647e-01  -2.7406877e-01   1.8960451e-01  -4.2871032e-02   1.5053692e-01  -6.2639103e-02   2.7875881e-02   0.0000000e+00  -9.7815318e-02   2.0142484e-01  -2.9383597e-01  -2.4369267e-01   1.1402412e-01   1.1449399e-01  -4.9067784e-02  -2.0897727e-01   3.5093583e-01  -1.2316027e-01  -1.0570975e-01   1.3152861e-01   2.5325075e-01   1.8888055e-01   1.3079156e-01  -1.4283605e-01  -7.0147957e-02  -8.5469224e-02  -1.9513466e-01  -5.4354591e-02   3.1358668e-01   1.9556570e-01   2.3601780e-01  -5.6781787e-02  -1.8137116e-01   2.2901328e-01  -5.1723286e-02   2.0630778e-01  -1.3455698e-01   2.4415613e-02  -1.2583351e-01  -5.6401195e-02  -1.9020317e-01   3.5048294e-01  -2.0018656e-02   5.0038640e-01   8.0487583e-02   1.6831631e-01  -3.8939362e-02  -1.4409378e-01  -2.7257230e-01   2.3329702e-01  -6.4733413e-02   2.9454129e-02  -2.8009569e-03   2.2292362e-01  -1.3035605e-01   3.5620111e-01   2.5492331e-01   2.3727135e-01   1.7832515e-01  -1.0639406e-01   3.7146948e-02   7.5338076e-02   6.7471627e-02   4.9585451e-01   9.1289492e-03   2.4477027e-01   4.4838861e-02   1.5906222e-01   1.5717644e-01  -1.7577624e-01   2.4584690e-01  -2.8951436e-02   5.7860265e-02  -1.4341627e-01   2.6429025e-01  -1.9231211e-01  -1.2449994e-01   8.8029387e-02  -1.4881270e-01  -2.3939731e-02   1.5261574e-01  -2.1086766e-01   5.7052715e-02   1.2179440e-01   3.5986650e-02   2.7922998e-01   1.8770858e-01  -1.5108990e-01   2.4839076e-01  -3.8369271e-02  -1.8101250e-01   4.0829693e-02   5.6842608e-01  -2.0742468e-01  -1.3867654e-01   1.2750845e-01  -1.4571302e-02   6.9348341e-02  -6.3574490e-02  -2.6221163e-02   1.3682500e-01  -5.6500717e-02   2.8361126e-01   2.1623652e-01   1.2319448e-01  -2.1597765e-01   1.1339050e-01  -4.3052381e-02   2.6519737e-01  -3.7489803e-01   1.4122993e-01   2.6481284e-01   2.2098492e-01  -3.8664382e-03   7.3946186e-02  -9.1796403e-02   1.0589962e-01  -1.8116181e-01   1.7115829e-01   1.3580421e-01  -1.1774760e-01  -3.4053107e-01   3.4678941e-01  -4.6606563e-03   1.7995184e-01   4.2814858e-01  -2.4711319e-01   3.4087183e-01  -8.3253233e-02   2.6884299e-02  -2.7967658e-02  -1.5519633e-02   2.9690295e-01   3.5957805e-01   1.0164448e-01  -3.6811742e-01  -1.3613112e-01   1.0918951e-01   4.2777336e-02   2.2025817e-01  -2.3662569e-01   1.9358244e-02   1.9430187e-02   4.2796372e-01   4.9938398e-01  -2.3798193e-01   1.5854069e-01   2.5183880e-01   5.5688155e-02   2.7461161e-01  -1.1095403e-01   1.7195900e-01   2.6484373e-02  -3.5027406e-01  -2.3041031e-03   4.0122051e-02   1.5837670e-01  -5.4811478e-02  -2.2695435e-02  -9.8534698e-03   3.4491481e-03   8.5576106e-02   3.5472601e-01   1.6079004e-01  -1.3916162e-02  -1.8529623e-01  -3.2177025e-02   1.5844981e-01  -1.0194645e-02   6.2272554e-03  -1.1687333e-01   3.7473228e-01  -1.1482718e-01  -1.4456638e-01  -1.0418752e-01   1.9190709e-01
  -7.2469314e-03   3.3813670e-01   1.2101243e-01  -2.5949882e-01   6.8965371e-02  -3.9484338e-01   6.4910133e-03  -8.4276046e-02  -9.7815318e-02   0.0000000e+00  -2.0762055e-01   3.7511337e-01  -2.7653758e-01  -2.5445473e-01   2.0290748e-01  -1.3908767e-01   1.3910052e-02  -8.9272385e-02   7.0325708e-02   5.0738192e-02  -5.6110032e-02  -3.4762934e-01  -1.4435391e-01  -1.0180943e-01  -8.3602696e-02  -1.6879499e-01  -4.2613751e-02  -8.3573608e-02  -6.2410202e-02  -2.5814236e-01   1.1669798e-01  -2.8430058e-01  -2.5114096e-01   3.7570275e-01  -1.2351759e-01   2.3180190e-02  -5.4876065e-02  -7.8247284e-02   2.4557389e-03   1.3649794e-01  -4.7682651e-02  -4.9319255e-02  -5.2717678e-02   1.1638952e-02  -1.8271109e-01   1.3402250e-01  -3.3306297e-01   1.6848471e-01  -3.3443067e-01   7.1083736e-02  -1.0129088e-01  -1.1686815e-01   2.3368271e-01  -2.2368139e-01   1.4998155e-01  -3.6762403e-03  -2.0379972e-01  -3.2796328e-01   2.6675105e-02  -1.6888854e-02   7.8527609e-02  -2.1754932e-01   8.7565376e-02   3.2352345e-01   3.5845372e-02   5.1362373e-01  -4.7066999e-01  -2.8906900e-01  -4.7631682e-01  -1.9201716e-01   4.0050957e-01  -4.2276071e-01   1.8428269e-01   1.5256286e-01   6.6514478e-02  -1.4477869e-01   5.6017870e-02  -1.9668549e-02   7.9785529e-02  -3.0004670e-01  -2.2946290e-01   2.3906863e-01   4.3521224e-01  -2.9372117e-01  -1.3697599e-01  -2.2003774e-01  -3.1853502e-01  -8.9449857e-02   1.3885532e-01  -1.7648503e-01   2.1360088e-01   1.0500749e-01  -1.1824665e-01   4.3146571e-03   4.9934545e-02  -3.3600655e-04  -1.1748901e-01  -4.7581082e-01  -1.7978803e-01   4.7936673e-01  -1.8983720e-04   2.1452555e-01  -9.5860345e-02  -2.1360279e-01  -3.2217259e-01  -1.8349634e-01  -7.2391445e-02  -4.8374680e-01  -2.2402086e-01  -2.6468174e-01   5.3961333e-01  -3.8283825e-01  -3.2921489e-01  -4.4140310e-02   8.8981532e-02   1.5942937e-01  -2.2158730e-01   1.7350287e-01  -1.1131424e-01  -2.6652690e-01  -1.2348753e-01   1.0633954e-01   1.5355392e-01   1.0563725e-01  -5.1460207e-02   5.5657275e-02  -8.9001410e-02  -2.2136745e-01  -3.3815837e-01  -1.6551230e-01   8.5004016e-02   3.7982195e-01   2.7081507e-01   8.0452166e-02  -1.9784150e-01  -4.7419621e-02  -4.6988358e-02   1.0962033e-01  -1.2382998e-01  -2.1186669e-03  -1.5461685e-02  -5.2518417e-03  -2.1650833e-01  -3.1367388e-01  -9.5830660e-02  -1.8452540e-01   4.2696933e-01   1.9148779e-01  -8.1778052e-02   4.1366254e-01  -1.9277675e-02  -2.2177430e-02  -7.1359733e-02   2.4057850e-01   2.7732131e-01  -2.6609041e-02   4.6921552e-02  -9.4203519e-03   1.1878148e-02  -2.0598038e-01  -3.1969206e-01  -7.6648433e-03   4.7549248e-01  -3.3065683e-01  -2.3721880e-01   2.2904493e-01   2.8828189e-01  -2.2000899e-01  -1.1181330e-01  -1.2815441e-01   2.6319673e-01   8.9734762e-02  -3.3459954e-01  -3.8385805e-01   1.1438293e-02  -1.2714885e-01  -1.4556270e-01
   3.5340793e-02  -5.0907615e-01  -4.1831403e-01   4.2463053e-01  -2.7006844e-01   3.8294793e-01   1.8112164e-01   2.1173619e-01   2.0142484e-01  -2.0762055e-01   0.0000000e+00  -4.6547266e-01  -7.8439170e-02   2.1939390e-01   3.6202979e-01   1.0124513e-01  -3.4758958e-01   6.9670039e-01  -1.4472393e-01  -3.5042036e-01   4.6803618e-01   4.9628565e-01   3.1630929e-01  -9.5838436e-02  -9.7857702e-02  -2.8453555e-02  -3.4651868e-01   2.1254543e-01  -3.2550766e-02   3.4796462e-01   3.5477196e-01   4.8271117e-01  -1.1526719e-01   5.2455582e-02   3.8391761e-01  -1.5059113e-01   2.7159390e-02  -3.3509151e-01   3.0065090e-01  -3.9272157e-01   2.4307329e-01  -3.9759028e-01   3.0519577e-02   3.6470522e-01   2.6526742e-01  -9.3149863e-02   4.5567566e-01   2.9715545e-01  -5.9512608e-02  -4.5648521e-01   7.1609794e-01   2.4848180e-01   3.4194049e-01  -3.1956709e-01   3.0691426e-01   3.1377118e-01  -5.4277771e-02   4.5009203e-01   5.0534643e-01   5.4071378e-02  -4.3032912e-01  -1.9075756e-01  -2.5038360e-01   1.9177945e-01  -3.3577486e-02   2.6545252e-01   4.2198798e-01  -4.4001327e-02   6.3216392e-01   1.1936027e-01  -2.1427023e-01   5.1376314e-01   1.5553012e-01  -3.1345855e-01  -1.8317476e-01  -3.8934872e-02  -3.8001809e-01   1.2950283e-01  -2.8732004e-01   9.3683577e-02   4.4574837e-01   2.3894005e-01  -1.4629838e-01   2.9947460e-01   4.0678504e-02   2.7565852e-01   3.5681624e-01   1.8361191e-02  -3.2460946e-01   5.8420796e-03  -3.3973518e-01  -4.0794829e-01   6.0091473e-01   2.6196951e-01  -3.6838115e-01  -1.1114395e-01  -4.6594418e-02   2.5895372e-01  -9.8011787e-02  -2.8705667e-01   3.1259308e-01   1.4025973e-01   2.1558315e-01   1.2957456e-01   7.3933992e-01   3.7162236e-01  -2.4780629e-01   4.0834758e-01  -2.6473792e-01   8.0501133e-01  -3.5827627e-01   4.7387308e-01   3.4888063e-01   9.2295976e-03   1.7667355e-01  -3.2642118e-01   3.8282640e-01   2.0788178e-01   2.5794612e-01   4.4994073e-01  -9.6580542e-03  -4.9393591e-01  -4.8927120e-01   1.3138216e-01  -1.5449656e-01  -1.7251606e-01   2.5505932e-01  -2.2010974e-01   4.3811899e-01  -4.6800426e-02   1.5613743e-02  -3.2130688e-01  -4.1877897e-01   3.8228562e-01   1.9919238e-01  -2.2807243e-01  -3.1378999e-01   3.3689793e-01  -2.2883146e-01  -1.2681388e-01  -4.8477333e-04  -1.5444023e-01   6.0605933e-01   2.7238830e-01   5.4066451e-01   5.6029375e-01  -2.4393722e-01   4.5851068e-01   7.0872293e-01  -1.9131363e-01   2.5649577e-01   2.9072035e-01  -1.2598558e-01   2.7797348e-01  -5.5307530e-01  -1.5219318e-01  -1.4802297e-01   4.0024562e-01  -3.2671902e-01   3.0691503e-01   1.9246897e-01   7.0283518e-01  -3.8842167e-02   6.9255002e-01   3.6864175e-01  -4.5367893e-01  -2.9189633e-01   4.4579319e-01   5.9322221e-03   2.8935347e-01  -2.6320158e-01  -3.0675575e-01   7.1281021e-01   1.1173108e-01  -1.5557080e-01   5.5339596e-02   3.3137354e-01
  -4.3122729e-02   6.2621344e-01   5.1475362e-01  -4.5013145e-01   3.7095312e-01  -2.5499260e-01   6.1374608e-02  -2.1076279e-01  -2.9383597e-01   3.7511337e-01  -4.6547266e-01   0.0000000e+00  -6.3329592e-02  -2.4688667e-01  -2.4632096e-01  -6.9835775e-02   3.9621406e-01  -4.7721212e-01   1.2447927e-01   4.3533224e-01  -2.7137325e-01  -4.8534726e-01  -1.4971648e-01  -3.7658537e-02  -1.2732929e-01  -1.6327717e-01   3.8776786e-01  -1.9063796e-01   1.0250246e-01  -1.8542914e-01  -3.7238085e-01  -5.2325049e-01  -9.2408399e-02   3.7687558e-01  -3.9120647e-02   2.7009367e-01   1.0272992e-01   4.6178224e-02  -1.0258135e-01   4.2976508e-01  -3.3365189e-03   2.5022579e-01   5.1158791e-02  -3.5826114e-01  -2.3531628e-01  -4.8043951e-02  -2.3309687e-01  -1.5883676e-01  -1.2815775e-01   3.9629560e-01  -5.2799806e-01  -2.8655927e-01  -1.3551282e-02   2.0152014e-01  -2.1979914e-01  -2.1366777e-01  -2.1225208e-01  -5.2992532e-01  -2.8613901e-01   4.9356236e-01   1.8873675e-01  -5.9916143e-03   1.0607177e-01  -1.4341619e-01  -1.1062869e-01   1.4364469e-01  -2.1576347e-01  -9.8132840e-02  -3.7787304e-01  -1.8455243e-01   3.9150961e-01  -4.7492956e-01   8.4719583e-02   4.2044657e-01   1.9482585e-01  -1.5954353e-01   5.8867457e-02  -1.5512304e-01   2.8878536e-01  -2.8752434e-01  -4.1657175e-01   1.4818644e-01   2.7581830e-01  -2.8045490e-01  -5.9264151e-02  -4.1717578e-01  -3.8094024e-01  -3.5620972e-01   1.7115928e-01  -1.0847132e-01   4.2615952e-01   2.2091476e-01  -1.4428559e-01  -1.0636739e-01   1.1480143e-01   2.7966534e-01  -1.7508545e-01  -4.0888538e-01   3.0948208e-02   3.5690421e-01  -3.5007584e-01   2.9373965e-01  -2.2954448e-01  -2.4550933e-01  -5.1758550e-01  -4.3217340e-01   2.4430891e-01  -3.4220561e-01   1.6103351e-01  -4.3917003e-01   7.0980312e-01  -4.4087030e-01  -3.2088387e-01   1.5854435e-03  -2.5186882e-01   4.0884155e-01  -4.1611909e-01   5.6922447e-02  -2.2180757e-01  -4.5302534e-01  -1.0564703e-01   4.9486227e-01   4.1261638e-01  -1.6241565e-01  -7.6612487e-03   1.7996581e-01  -1.1660627e-01   1.5116755e-01  -4.9411051e-01  -6.0337883e-02  -7.9197432e-03   4.7426487e-01   4.1352728e-01  -3.9081390e-01  -3.4744912e-01  -9.3882949e-02   2.5151818e-01  -2.6466617e-01  -1.4115751e-01   3.3260544e-02  -1.4577610e-02  -6.3898100e-02  -3.0748760e-01  -3.7631877e-01  -3.5689414e-01  -4.6260020e-01   5.0443660e-01  -1.1654965e-01  -2.5198475e-01   1.8681256e-01  -2.5851808e-01  -2.9896932e-01  -1.8129059e-01   9.7035262e-02   6.3008948e-01  -5.2471824e-02  -7.4445178e-02  -2.7623693e-01   1.0923131e-01  -3.3735663e-01  -1.1449977e-01  -4.1001184e-01   2.8676526e-01  -5.6118049e-01  -4.8128130e-01   5.4997274e-01   4.3277680e-01  -3.6986883e-01  -1.0009123e-01  -3.2540893e-02   4.9881915e-01  -1.0682391e-02  -4.4871825e-01  -1.2651431e-01   2.3856919e-01   3.1363717e-02  -3.9505687e-01
  -1.1876832e-01  -8.3632298e-02  -1.2358372e-01  -2.7471699e-02  -1.0272143e-01  -4.7545483e-02   2.1833773e-01  -1.4845578e-01  -2.4369267e-01  -2.7653758e-01  -7.8439170e-02  -6.3329592e-02   0.0000000e+00  -5.9298996e-02   7.5194479e-03  -1.0513390e-01  -7.5970788e-02  -5.3446308e-02  -3.0184347e-03  -2.8306329e-02   1.4940953e-01  -1.4830141e-01   1.5953470e-01  -2.2569565e-01   9.4554721e-02   2.0821266e-01   5.6600335e-02  -1.4478091e-01   2.5803839e-01  -6.2718089e-02   4.8602027e-02  -8.0014956e-02   4.6232390e-02   7.6465345e-02  -2.3327667e-02   2.9253356e-02  -1.6576950e-01  -1.4452176e-01  -2.2653550e-01  -2.9029991e-02   5.5096018e-01  -1.5645913e-02  -2.3900619e-01   8.6156597e-02  -2.8922260e-02   7.4377715e-02  -2.8583588e-02   1.5487509e-01   4.0683800e-01  -1.1183925e-01  -5.3725519e-02   1.7836876e-01  -1.6066248e-02   4.8941926e-02   1.7928706e-01   1.3743391e-01   5.9462461e-03  -9.5665393e-02  -5.1097767e-02  -1.2437762e-01  -1.0864172e-01   2.4174461e-01  -2.9012713e-02   9.4609558e-02  -5.7691733e-02  -1.3371648e-01   5.0086469e-03   2.5954640e-01  -1.0814721e-01   5.3915604e-02   2.5037555e-02   6.3630118e-02   7.6053280e-03  -5.6984485e-02   2.3168178e-01  -6.2526716e-02  -1.1355783e-01  -2.8629399e-01  -1.6325537e-01   3.0438682e-01   7.5921420e-02  -1.8142663e-01  -9.4149617e-02  -5.0163829e-02   5.8532471e-02  -5.3633296e-02   4.1168666e-02  -6.4970940e-02   2.5417899e-02  -8.2144240e-02  -2.3381331e-01  -1.0551667e-01  -1.7978488e-02  -1.8764342e-01  -1.5928646e-01   6.7932399e-02   2.0386709e-01   1.0004579e-01   2.8059121e-01   6.1867476e-02   1.2065671e-01  -9.7380785e-02  -9.0514247e-02  -1.8451817e-01  -6.0531463e-02   1.5464646e-02   1.3604210e-01   1.0686075e-02   1.8674571e-01  -5.3730112e-02  -2.7391501e-02  -6.4607195e-02   3.2535937e-02  -1.2127053e-01   1.2167254e-01  -3.3135894e-02   4.3323682e-02   2.5580709e-01  -1.4072882e-01   4.9319825e-02  -2.1913438e-01  -8.9975444e-02   1.0975185e-01  -4.6491283e-02   1.6769730e-01  -2.2865979e-01  -1.6567420e-01   1.4603672e-01  -1.1706698e-01   6.1465832e-02   1.8988140e-01  -3.6299916e-02  -1.6214596e-01   1.0297374e-01   5.0645734e-02  -1.0974044e-03   1.2947769e-01  -6.8014266e-02   4.9783173e-02  -2.2066942e-01  -1.1740952e-01   1.8875839e-01  -3.0710898e-02  -8.0904001e-02  -8.7455762e-02  -1.4699490e-01   1.5708600e-02  -1.1377009e-02  -7.4494863e-02   7.4091495e-03  -1.6090299e-02  -2.8521189e-02  -1.7017198e-01   4.1430077e-02  -1.0744384e-01  -2.5151133e-01  -1.9067409e-01   1.1343161e-01  -1.3018074e-02  -4.2718339e-02   3.5500157e-01  -7.9849400e-02  -1.3198317e-01  -1.1834412e-01  -9.6398145e-02  -1.0026331e-01   1.8602010e-02  -1.4287432e-01  -9.6607777e-02   5.9648667e-02  -1.6078045e-01  -2.3723381e-01  -2.3915343e-03  -4.5613275e-02   1.1032479e-01   6.0438737e-02  -1.8785398e-01
   1.4110306e-01  -4.8097844e-01  -1.8873034e-01   3.7860629e-01  -4.4795795e-01   3.4218323e-01   1.2614824e-01  -2.7954232e-03   1.1402412e-01  -2.5445473e-01   2.1939390e-01  -2.4688667e-01  -5.9298996e-02   0.0000000e+00   9.9888182e-02   4.6620184e-02  -1.7352638e-01   1.8269264e-01  -8.9215163e-02  -3.8506514e-01   1.0777759e-01   5.1362116e-01   7.9400036e-02   9.7964016e-02   5.6255276e-02  -5.2533254e-02  -4.2101220e-01   3.7472738e-01   1.5332252e-01   4.4061793e-01   1.9172913e-01   2.7683178e-01   1.7559716e-02  -1.0407007e-01   1.5541053e-01  -4.7584037e-01  -2.3843577e-01  -9.7046161e-02   1.7389032e-01  -4.4421221e-01  -2.2900269e-01  -1.4680475e-01   7.6738612e-02   2.2548219e-01  -5.1912091e-02  -1.9424473e-01  -1.2635613e-01   1.5304160e-02   8.5287569e-02  -3.5123609e-01   6.1022376e-02   8.6538869e-03   4.0279365e-02   5.6130850e-02   1.7108190e-02   3.6757651e-01   8.2210878e-02   3.6677783e-01  -7.6054114e-03   1.0454443e-01  -8.0617761e-02   1.1636658e-01  -2.3032851e-01  -1.5654875e-01  -2.7135211e-01  -1.1553664e-01   1.7332560e-01  -9.2272089e-03   3.6444980e-01   1.3253393e-01  -3.6426859e-01   4.3322196e-01  -2.9150924e-01   2.7341765e-02  -1.2831194e-01   9.0948038e-02  -8.6075105e-02   2.4647911e-01  -3.7217197e-01   1.4667912e-01   5.2610327e-01  -1.2278084e-02  -1.5143707e-01   3.1510530e-01   3.2471821e-01   2.0954525e-01   4.5228084e-01   2.8412420e-01  -2.9349783e-01   2.9130404e-01  -3.7253002e-01  -9.3900416e-02   3.2536014e-01   3.4508696e-02  -1.3400029e-01  -3.5952116e-01   1.1308090e-01   2.7664191e-01  -9.2332360e-02  -3.9610641e-01   3.1023909e-01  -4.5143056e-02   4.9120883e-01   3.8210140e-01   3.8105049e-01   2.2034457e-01  -8.4661553e-02   3.0777263e-01   1.1036343e-01   4.1442917e-01  -2.2439453e-01   5.6124693e-01   1.9426266e-01   6.6690113e-02   1.7053045e-01  -4.9585673e-01   5.0589608e-01  -2.1424276e-01   4.6869008e-01   2.9249911e-01   1.0132029e-01  -3.3196059e-01  -3.0939839e-01  -3.0796066e-01  -5.5353348e-02  -1.4952012e-02   3.2076225e-02  -6.4147002e-02   3.0487201e-01   1.7263337e-01  -1.9708272e-01  -4.8972688e-01  -2.3239493e-01   9.7315730e-02   1.2575729e-01  -2.5434119e-02  -4.4498663e-02   3.2425343e-01  -9.8231007e-02  -4.8216881e-02   7.6690972e-02   5.1469350e-02   3.6324795e-01   5.1705506e-01   2.3398009e-01   2.4379680e-01  -2.6316936e-01   1.5220167e-01   1.6394283e-01  -4.2330211e-01   4.6343338e-01   4.0894890e-01   8.3072922e-02  -1.4270102e-01  -3.5794547e-01  -5.9928681e-02  -8.1708227e-03  -1.1827412e-01  -8.4323749e-02   4.5748353e-01   2.7840410e-01   2.7900053e-01  -3.5392503e-01   3.4651543e-01   2.1474132e-01  -4.6841241e-01  -3.5180740e-01   3.6812042e-01   1.0073852e-01   2.4923799e-01  -1.6375155e-01  -1.9420860e-01   2.5852159e-01   3.6554092e-01   3.2209190e-03  -7.9766598e-02   1.8298891e-01
