   0.0000000e+00  -1.5868235e-01   4.5653947e-01  -7.6577796e-02  -1.3564739e-01  -5.6662089e-02  -3.6958959e-02  -8.6536380e-02  -1.6590575e-01   1.1796328e-02  -1.0917970e-01   4.1965598e-02  -2.7746114e-01   1.4655028e-01  -2.2189574e-02  -1.6392775e-01   2.8642004e-01  -2.3948821e-01  -3.0826797e-02   6.9259665e-02  -4.3912012e-02  -6.7017612e-02  -9.3987028e-02   1.4187653e-01   9.3340987e-02  -4.2042574e-02   6.7453589e-02  -5.9137332e-03  -1.4606914e-01  -8.2286110e-02  -9.0650099e-02  -2.8935128e-01  -1.6368923e-01   1.8734386e-02   1.1652608e-01  -2.1986034e-01  -9.0084389e-02   1.6603234e-02  -2.0754022e-01   2.1723424e-01  -2.4392701e-01   1.6802606e-01  -1.4258239e-03   9.9400003e-02  -2.4415503e-01   5.5187815e-01  -1.6105766e-01  -8.8095555e-03   1.7881090e-01   1.4990751e-01  -2.1847284e-01   2.4716119e-02  -1.8868762e-01   3.8418800e-01   1.5535544e-01   1.5747842e-01   4.1467943e-02  -9.0261526e-02  -2.8427165e-01   1.0788585e-01   5.2093079e-01  -1.1462479e-01  -9.8043981e-02  -1.6849155e-01  -3.1805249e-01  -1.8298197e-01   1.3357116e-02  -1.8335154e-01  -1.5216142e-01   5.3580066e-01  -4.9371135e-02  -3.7482902e-01  -1.0722516e-01   6.3125597e-01   1.9595110e-01  -1.0118349e-01   1.7069855e-01  -1.1498941e-01  -1.5356514e-01  -1.3020900e-01   8.6398577e-02  -1.5425869e-01   4.6223502e-02  -2.1900175e-01   4.7839226e-01  -2.4815994e-01  -5.3941323e-02   3.4202656e-01  -8.5485158e-02   5.5543909e-01  -8.9964711e-02   4.5572997e-01   2.0881630e-01  -4.3573788e-02  -1.4427862e-01  -5.1717717e-03  -5.0426656e-02  -2.7977187e-02  -3.1058577e-01  -1.7428058e-01   2.6530607e-01  -9.0771734e-04   1.1611241e-01  -2.3116921e-01  -2.1571385e-01  -2.5775890e-01   1.5020687e-01  -1.6791381e-01  -2.2607365e-01  -2.4250007e-01   1.1737960e-01  -1.9981402e-01  -2.6553479e-01   3.1617864e-01   3.3061251e-01  -2.2754336e-01  -7.6317860e-02  -2.5826727e-01   8.0910185e-02  -2.8764842e-01  -1.1146169e-01   5.1075195e-04  -6.7453439e-02  -1.0509711e-01   5.1002953e-01   3.2521635e-01  -1.2332911e-01   7.0766040e-02  -2.4681124e-01   6.1311553e-01  -1.6222582e-01  -2.7152704e-01   3.2162797e-01  -1.2709883e-01  -2.1134696e-01  -1.1138909e-01   1.3688280e-01   7.4012818e-03  -1.3455429e-01  -1.1402518e-01   2.4371078e-02  -1.3489282e-01  -1.1956465e-01   2.6967314e-01   6.3896209e-02  -1.9228992e-01   9.1268806e-02  -2.5999016e-01  -1.7452741e-01  -2.1761549e-01   3.5323723e-01   1.9565036e-02   5.0618457e-01  -2.9796954e-01   5.6924211e-01  -9.9888655e-02   1.4296290e-01  -1.4391282e-01   3.1986130e-01   1.0766463e-02  -2.5912159e-01  -1.0826059e-01  -1.5741460e-01  -2.4892628e-01  -1.0206147e-01  -1.5126235e-02  -1.3152191e-01  -2.4203030e-01   2.5399426e-01  -9.5846110e-03  -1.7283199e-01  -6.9501094e-02  -3.8579226e-01  -7.2819587e-02   1.3063356e-01   2.3497498e-01  -8.2158335e-02
  -1.5868235e-01   0.0000000e+00   7.3883657e-02  -4.3093162e-01   3.8406184e-01  -3.8359483e-01  -5.1341597e-01   8.6134063e-02  -6.0728248e-02   7.5124923e-02   9.7917082e-02   4.3692566e-01  -4.1306851e-02  -3.5856562e-01  -3.0146826e-02  -1.9052967e-01   2.9748750e-01  -2.0311709e-02  -2.8865775e-01   1.4206373e-01   6.1273252e-02  -5.2738798e-01  -3.6468398e-01  -3.7496349e-01  -1.2150101e-01  -1.2319091e-01  -2.0042550e-01  -4.1509156e-01   2.5130202e-01  -1.3947187e-01   3.9430290e-01  -3.4640433e-01  -5.0867048e-02   3.3775963e-01   4.2801643e-01   4.3846155e-01   6.2484158e-01  -2.6100722e-03   2.3579426e-01   3.3800318e-01   9.7300719e-02  -2.9485385e-01   5.2860593e-01  -1.0313825e-01   2.7105076e-01  -1.9639037e-01   2.0082106e-01  -2.8985340e-01   3.8351353e-02   2.0742834e-01  -1.4008494e-01  -2.2643174e-01   8.3342518e-01  -1.6522623e-01  -3.2993476e-02  -4.9476870e-01  -1.2117817e-01  -3.6983944e-01   7.6965812e-02  -1.5008640e-01   3.5762383e-02   6.3735759e-02   5.3655439e-01   6.9976733e-01   5.0755277e-01   3.7396098e-01  -2.5240259e-01   4.7380065e-01  -3.0124013e-01  -5.5369585e-01   4.5212078e-01  -2.3183892e-01   8.9037498e-02  -2.3832320e-01   3.4689743e-02  -2.4400086e-01  -5.2499002e-02  -2.5687860e-01   4.4513411e-01   1.0782756e-01  -5.3319084e-01   1.5527906e-01   5.0429868e-01  -1.0633157e-02   6.3808022e-02  -4.7450347e-01   5.2684268e-01  -2.9472156e-01   5.2326473e-01  -2.3344588e-01   4.8598129e-01  -8.2179150e-02  -1.5952336e-01   6.8178041e-02  -5.4924814e-03   1.8348190e-01  -5.8541724e-02  -1.8439618e-01   4.2899194e-01   4.6821811e-02  -3.5884268e-01   8.1212253e-02  -5.4886325e-01   3.0310449e-02  -3.6709048e-01  -2.0857765e-01   4.3331647e-02  -2.5488112e-01   2.9847097e-01   4.3464354e-01   2.4409187e-01  -4.6963809e-01   9.8845482e-02   4.5660733e-03  -5.7905960e-01   5.5091455e-01  -5.0614900e-01   1.2084481e-01  -4.9950338e-01  -2.6593609e-01   2.1284500e-02   2.2527454e-01   2.2071685e-01   3.5455095e-01  -8.2177767e-02  -1.0608036e-01   4.8259137e-01   1.8588449e-02  -3.1680269e-01  -2.5163501e-01   9.2847720e-02   5.9261872e-01   1.7257162e-01   2.2066342e-01   3.4008358e-01   1.7454572e-01  -1.6696029e-01  -3.1723352e-01  -1.4150554e-01  -6.4463515e-02  -3.1767597e-01  -1.7003428e-01  -9.7874883e-02  -5.4413590e-01  -4.4468155e-01   4.4106741e-02   1.8334347e-02   5.7325642e-01  -8.9429125e-03   2.9126057e-01  -2.1547449e-01  -9.4396092e-03  -9.9587440e-02   4.8239126e-01  -1.4203671e-01   2.4439211e-01   4.1685939e-03   8.6648604e-02   3.9175115e-02  -6.3265718e-01   3.9258303e-01   2.0777405e-01   5.4426322e-01  -3.6796492e-01  -2.3803668e-01   2.7717448e-01   4.3919710e-01  -9.6509699e-02  -1.0401876e-01   2.8745464e-01   5.1423329e-01   5.8503520e-02   1.7097787e-01  -3.4029177e-01  -1.1177297e-01  -9.8080199e-03  -2.0717622e-01
   4.5653947e-01   7.3883657e-02   0.0000000e+00  -2.8780234e-01   1.6037211e-01  -2.0516921e-01  -4.3144570e-01  -3.0269125e-02  -3.8225195e-02  -1.6859786e-01   7.3623739e-04   1.4501385e-01  -8.0529170e-02  -1.1893826e-01  -2.1595658e-01   1.5340131e-01   8.1208635e-01  -3.1371107e-01   4.3201208e-02   4.4913450e-01  -3.4628712e-01  -2.7678068e-01  -4.5388298e-01  -1.0057888e-01   2.2052690e-01  -6.5009279e-03   1.0218999e-01  -9.1238095e-02   3.1537281e-01  -4.6244920e-01  -1.9920637e-01  -3.2473941e-01   2.7999642e-01   1.9434778e-01   3.6500438e-01   3.6986679e-02  -2.2180586e-01   1.2224755e-01   1.4791842e-01   4.4949464e-01  -1.1543662e-01   3.9888599e-01   2.7725320e-01  -1.1162090e-01  -2.5517680e-01   5.1366143e-01  -1.0098861e-01  -3.4661029e-01  -2.3466953e-01   6.5210531e-01  -3.2957317e-01  -7.3161908e-02   1.4016326e-01   3.6478989e-01   3.1016361e-02  -1.2933376e-01  -1.5786477e-02  -3.0680890e-01  -9.9467607e-02   1.8216805e-02   6.9432574e-01  -3.4318981e-01   1.7029269e-01  -4.8105163e-02  -1.0804698e-01   2.0930605e-02   4.4749901e-02   4.6502643e-02  -2.5091714e-01   2.5589532e-01  -1.8989045e-01  -4.0901130e-01   1.0022752e-01   5.1424832e-01   3.0557082e-01  -3.2524537e-01   5.8312529e-01  -5.4027544e-02   2.8782750e-01  -1.7703259e-02  -1.4829753e-01  -4.6740709e-02   1.1421033e-01  -8.5991114e-02   3.4123182e-01  -3.8646209e-01   1.2523492e-01  -2.4122286e-02   1.6631039e-01  -1.1695636e-02   2.4297335e-01   6.4529477e-01   2.4835418e-02  -7.9696370e-02  -2.1579028e-02   4.0921606e-01   1.2512615e-01  -1.8467289e-01  -1.2910541e-02  -3.9678792e-01  -2.8042886e-02   3.0113511e-02  -1.7496267e-01  -2.8297723e-01  -4.2130610e-01  -4.3450038e-01   3.1154588e-01  -2.7495367e-01  -3.3143076e-01  -7.8494154e-02   3.4059322e-01  -3.4137884e-01  -2.6722707e-01   1.6469180e-01  -7.8548021e-02   1.7283061e-01  -2.6021865e-01  -2.5155035e-02  -7.6629389e-02  -3.6301353e-01   2.7156441e-01   4.8239442e-01   3.8495922e-01  -2.9808048e-01   4.4430950e-01   5.2596074e-01   2.1204238e-01   1.0797360e-01  -2.9907011e-01   5.8766193e-01   8.6140874e-02   9.8156055e-02   1.4255835e-01  -2.4127486e-01   7.9959883e-02  -3.9770933e-02   1.6679616e-01  -1.6482517e-01  -2.4781389e-01   2.8394938e-02  -1.4549932e-01  -6.7521742e-02  -1.2002832e-01   1.8220788e-02  -2.2176573e-01  -4.6968727e-01  -1.1118349e-02   1.2100371e-01  -2.5492880e-01  -5.0957561e-01   7.6962350e-02   8.6927123e-02   3.5335728e-01  -1.4145677e-01   6.1004212e-01  -5.5763576e-02   2.9906945e-01  -3.4534385e-02   5.8585287e-01  -1.5768316e-01   7.6509149e-02  -6.5166519e-02  -1.8747349e-01  -4.0314943e-01  -2.2403390e-01   2.5371249e-01   8.4257751e-02  -7.1335169e-02   2.4026373e-01  -4.1550958e-02   2.0608427e-01   1.5140288e-01  -4.0179317e-01  -1.3161722e-01   1.1714205e-01   3.9728459e-01  -2.3186816e-01
  -7.6577796e-02  -4.3093162e-01  -2.8780234e-01   0.0000000e+00  -2.3390250e-01   4.4080112e-01   5.9098724e-01   7.3187158e-02   5.1167104e-01   6.6126532e-02   8.1228396e-02  -1.3755798e-01  -1.5711580e-01   3.8956840e-01  -3.0988078e-03  -2.2688561e-01  -4.6299303e-01   3.4810486e-01   1.7161671e-01  -1.0791166e-01   6.4936313e-02   6.5327115e-01   4.8894103e-01   1.2787331e-01   2.2114453e-01  -1.0615038e-01   4.1024830e-01   4.0344464e-01  -2.4387014e-01   3.3935888e-01  -1.5835819e-01   6.5497596e-01  -2.3368677e-01  -2.0492061e-01  -5.1960980e-01  -7.1261055e-02  -2.1967565e-01  -2.3750767e-01  -2.3313641e-01  -2.6259488e-01  -6.1971671e-02  -1.2936532e-01  -5.1536828e-01   9.0493349e-02   5.6588116e-02  -7.7630120e-02   1.9689904e-01   3.5152068e-01   1.3951595e-01  -4.3534805e-01   5.5269156e-01   4.4616803e-02  -4.2563079e-01  -3.8178875e-02  -3.4069497e-02   4.1155676e-01   2.4810520e-01   6.3676682e-01   3.9676000e-01   1.8238638e-01  -3.6129869e-01   2.3935813e-01  -1.8243458e-01  -5.5214458e-01  -3.3017080e-01  -1.7826059e-01   3.0739662e-01  -2.3816455e-01   5.8448245e-01   2.9157933e-01  -2.1141608e-01   6.7007075e-01  -1.5474590e-01  -1.2492816e-01  -1.0135576e-01   1.4987623e-01  -2.6667826e-01   2.9674549e-01  -5.4815777e-01   2.7209031e-01   2.7331797e-01  -1.8098707e-01  -2.3277055e-01   1.8111836e-01  -2.4356146e-01   5.1282860e-01  -3.7367971e-01   1.7501986e-01  -5.6988574e-01   1.7697742e-01  -3.9368439e-01  -2.7732123e-01   2.5873471e-01   3.7943959e-01  -2.2428888e-01  -3.9638091e-01   3.6167981e-01   4.0799114e-01  -9.2803436e-02   1.5241934e-02   2.6162316e-01  -1.6424388e-01   4.2327895e-01   3.9668750e-01   6.2067419e-01   6.2606962e-01  -2.7596972e-01   4.9045039e-01   1.9053872e-02  -1.5518237e-01  -1.6134753e-01   5.7787137e-01   3.5716827e-01  -8.4801279e-03   4.1771036e-01  -5.1185829e-01   4.1951126e-01  -9.4500721e-02   3.5470841e-01   7.0704844e-01  -1.6373341e-01  -4.5871316e-01  -3.6871799e-01  -1.5846917e-01   2.5934151e-02  -9.7269541e-02  -4.4464118e-01   2.5594074e-02   7.0417264e-01  -7.3222324e-02  -2.9617258e-01  -2.8044013e-01   9.0258498e-02  -8.9726212e-02  -8.2849740e-02  -1.6318507e-01   1.8787188e-01   4.0458708e-01   1.7704586e-01  -1.6658348e-01   1.3164104e-01  -2.0370826e-01   1.4253214e-01   3.6205951e-01   3.4453537e-01   1.4684482e-01   1.2955644e-02  -3.3651393e-01   2.8459765e-01   1.3854663e-02  -3.7606421e-02   1.9799857e-01  -6.1262061e-02  -2.8185172e-01  -3.3140390e-02  -2.6328923e-01  -2.2177424e-01   2.3143491e-01  -3.9509737e-01   3.1674394e-01  -2.2920720e-01  -2.0444425e-01  -2.2511764e-01   5.7666731e-01   4.9386404e-01  -5.0047524e-01  -2.4918534e-01   2.4183727e-01  -8.3165983e-02  -8.0268089e-02  -5.8067887e-01  -2.3375096e-01   1.5251668e-01   3.5613664e-01   2.1649898e-01  -1.8764582e-01   6.3700006e-01
  -1.3564739e-01   3.8406184e-01   1.6037211e-01  -2.3390250e-01   0.0000000e+00  -2.4942086e-01  -4.1902471e-01   4.8944036e-02   5.1668065e-02   1.8555351e-02   1.8683311e-01   2.9284012e-01   8.8495696e-02  -3.8877234e-01  -1.4218348e-01  -3.0819325e-02   2.5202358e-01  -1.0531455e-02  -1.1360170e-01   6.5245980e-01  -6.6850038e-02  -4.7267044e-01  -1.6729374e-01  -2.7872281e-01  -1.0491112e-02   1.8693421e-02   1.3361004e-01  -3.6855567e-01   2.9313010e-01  -3.7322245e-01  -9.8985002e-02  -2.0668213e-01   1.0967354e-01   3.7286037e-01   1.7272868e-01   6.4972043e-01   3.3565638e-01  -5.0625113e-02   2.9150605e-01   2.9161944e-01   1.5241967e-01   5.6666799e-02   2.5056717e-01  -3.0935838e-01   3.5576829e-01  -3.2179014e-01   2.6595511e-01  -2.5799834e-01  -1.6038033e-02   3.5582997e-01  -4.6809505e-02  -9.7762104e-02   5.7131657e-01  -7.1713508e-02  -1.2307079e-01  -4.1289897e-01  -1.9053739e-01  -3.0353867e-01   5.6537159e-02  -2.5537956e-01   3.4953506e-02   1.7654602e-01   2.5447296e-01   1.6914989e-01   3.6231507e-01   3.9757351e-01  -6.3182258e-02   3.3622285e-01  -1.1329407e-01  -4.2408373e-01  -1.2235927e-02  -9.6893401e-02   2.1884142e-01  -2.0381767e-01  -5.4850614e-02  -1.9353625e-01   1.8139165e-01  -2.3977047e-01   6.2758558e-01   1.5679967e-01  -3.5505112e-01   1.3895382e-01   3.0534731e-01   2.6962274e-02  -1.6937263e-01  -3.3070346e-01   7.4486289e-02  -3.2460400e-01   2.4215089e-01  -1.4651680e-01   4.9578514e-01   3.4861825e-02   9.0397688e-02   1.2384502e-02   1.7557171e-02   3.3526622e-01   9.7044401e-02  -2.3487777e-01   5.7423973e-01  -9.8652436e-02  -3.6384722e-01  -9.4379641e-02  -2.8471030e-01  -1.4811836e-01  -3.0868083e-01  -2.0689962e-01  -9.9110824e-02  -2.0011957e-01   2.6538556e-01   5.2429914e-01   2.6775180e-01  -3.4271235e-01  -1.2901228e-01   3.7409048e-03  -4.1543322e-01   5.4708156e-01  -4.2872628e-01   8.3138769e-02  -2.7537649e-01  -1.6399715e-01   2.5924152e-02   5.2010397e-01   1.5258883e-01  -1.1348186e-01  -1.4121757e-01   3.2532171e-02   3.8251735e-01   1.0552654e-02  -2.3378087e-01  -1.0503760e-01   8.7894093e-02   4.6736593e-01   8.6134778e-03  -7.4207373e-04   1.4427998e-01   1.1467284e-01  -8.1332373e-02  -2.1867310e-01  -6.2463766e-02  -1.4529545e-01  -2.8494402e-01  -6.6865364e-02  -7.2439990e-02  -3.8432333e-01  -2.8554323e-01  -2.9121113e-01  -1.0870081e-01   5.9414328e-01   1.5623938e-01  -1.3348293e-01  -3.1064561e-01   9.8952691e-02  -5.4049515e-02   4.4159405e-01   1.3185238e-01   9.3993132e-03   2.4542067e-02  -8.0842834e-02   8.2554221e-02  -2.5076282e-01   4.0419230e-01   1.1734220e-01   2.6733771e-01  -3.3675451e-01  -2.2749865e-01   4.3968507e-01   3.0923616e-01  -1.1338351e-02   3.4435330e-02   4.3619820e-01   5.1387390e-01  -4.7708174e-02   1.7912341e-01  -2.3738571e-01  -2.8490461e-01   7.0549226e-02  -1.5814638e-01
  -5.6662089e-02  -3.8359483e-01  -2.0516921e-01   4.4080112e-01  -2.4942086e-01   0.0000000e+00   4.6390079e-01   1.7682174e-02   2.7205477e-01  -2.7285105e-02  -2.0093654e-01  -2.7386281e-01  -2.3784749e-01   1.8717315e-01  -2.2645868e-01   2.0905303e-02  -3.2442215e-01   3.8342621e-02   5.3186354e-01  -7.6941131e-02  -7.5657277e-02   5.8118978e-01   2.9917584e-01   2.8536091e-01   5.2461906e-02   2.3557821e-01   4.7582060e-01   4.6069694e-01  -1.3598399e-01   1.6111604e-01  -3.4271100e-01   4.5722084e-01  -6.9810195e-02  -3.1273301e-01  -5.6724068e-01  -2.4717917e-01  -3.2160555e-01  -3.3463779e-02  -1.3725745e-01  -1.2662958e-01  -2.4111853e-01   6.8360600e-02  -4.9260398e-01   2.2059173e-01  -6.1180719e-02  -6.3578965e-02  -3.8022201e-02   9.9733154e-02   7.3977644e-02  -1.0499237e-01   3.0461669e-01   1.2153957e-01  -3.0744362e-01  -2.3956978e-02   3.2689748e-02   3.7224453e-01   5.0349322e-01   3.8514783e-01   1.3077034e-01  -3.3058504e-02  -2.8488947e-01   8.7513387e-02  -3.9937406e-01  -4.6346012e-01  -3.4006916e-01  -2.9752032e-01   6.3423673e-01  -1.8973137e-01   5.8593333e-01   2.4630093e-01  -3.4485576e-01   2.6052581e-01  -2.2515061e-01  -1.5483717e-01  -9.5970309e-02   1.8119790e-01   2.0527640e-03   5.1940372e-01  -3.5159768e-01   2.2992803e-03   1.9474497e-01  -1.9543286e-01  -2.8734056e-01   1.1562312e-01  -1.9028222e-01   3.0296609e-01  -3.0063729e-01  -9.1233121e-02  -3.2574289e-01   2.4625040e-01  -2.5168220e-01  -2.1123124e-01   1.9049756e-01  -2.8489468e-03  -3.1472209e-02  -1.7075786e-01   4.7099700e-02   7.4941025e-01  -2.4862539e-01  -1.0283799e-01   4.9529729e-02  -3.4027828e-01   2.8912246e-01   1.2650477e-01   4.6054752e-01   2.4172238e-01  -4.6275761e-02   7.6958720e-01  -9.2084568e-02  -2.0004274e-01  -1.6929522e-01   5.1671063e-01  -1.0203136e-01  -5.0253727e-02   2.3140642e-01  -2.8284131e-01   5.7665098e-01  -3.5244847e-01   6.5003666e-01   3.9976515e-01  -3.6671920e-02  -2.3660982e-01  -1.9497448e-01  -2.0086065e-01  -8.5257227e-02  -6.4728922e-02  -2.6510659e-01  -9.1907349e-02   4.6545157e-01  -8.5224332e-02  -2.6746790e-01  -3.9077731e-01  -7.2189048e-02  -2.7467745e-01  -3.1364652e-01  -3.4628503e-01  -6.0528365e-03   2.2903283e-01   7.6932232e-02  -2.4186498e-03   2.4955851e-01  -2.4798825e-01   3.9316737e-02   6.6368566e-01   3.7564323e-02   2.7695129e-02  -1.0565072e-01  -3.1777630e-01   2.6109937e-01  -1.4747566e-01  -6.2102561e-02  -1.3362660e-01   3.5805486e-02  -2.9376322e-01   1.3940612e-01  -4.8190455e-02  -4.7429936e-02   8.8113836e-02  -1.4200660e-01   3.3378115e-01  -3.3808996e-01  -1.9606178e-01  -2.7612698e-01   2.6727477e-01   4.6184502e-01  -2.8789406e-01  -3.9412312e-01   4.7573387e-01  -9.2332035e-03   9.0830483e-03  -3.3730436e-01  -1.5616626e-01  -1.3896621e-01   7.7914567e-01   1.1604516e-01  -1.1317581e-01   6.0196820e-01
  -3.6958959e-02  -5.1341597e-01  -4.3144570e-01   5.9098724e-01  -4.1902471e-01   4.6390079e-01   0.0000000e+00  -1.2472130e-01   1.5611392e-01   2.6153484e-01  -6.0338019e-02   4.2228179e-02  -2.0614641e-01   4.6920326e-01   2.5777940e-01  -2.0106096e-01  -5.5126622e-01   3.2836575e-01   7.4588962e-02  -3.3888261e-01   3.8501971e-01   7.1832158e-01   8.1670828e-01   2.9373557e-01  -1.1503663e-02  -4.4620212e-02   3.6146403e-01   4.8914739e-01  -5.4879633e-01   7.7479649e-01  -1.0711837e-01   5.3117040e-01  -2.8012802e-01  -1.4418619e-01  -6.0121701e-01  -1.4443490e-01  -2.4471645e-01  -3.3752433e-01  -4.1220275e-01  -1.9018584e-01  -2.1853388e-01  -1.2906672e-01  -6.4791079e-01   1.8988806e-01   6.5801410e-02   1.9129799e-02   8.1701605e-02   7.2871798e-01   2.2619298e-01  -5.4931929e-01   4.9583654e-01   8.4398902e-02  -5.8148532e-01  -2.7294168e-01   9.4019671e-02   6.8316209e-01   1.5111883e-01   4.1568708e-01  -2.2607756e-02   1.4468231e-01  -5.2416263e-01   4.4982265e-01  -3.5080180e-01  -5.9836924e-01  -5.5308323e-01  -1.5497157e-01   2.4834371e-01  -4.1580294e-01   4.3539665e-01   4.5270990e-01   5.9513750e-02   5.6268882e-01  -1.8364934e-01  -5.5741286e-02  -2.6609310e-01   2.4767474e-01  -3.6769954e-01   1.8631632e-01  -7.5277987e-01  -1.7962720e-01   5.9754424e-01  -2.0991717e-01  -2.9385078e-01   2.3509998e-02  -1.3639667e-01   4.9491367e-01  -4.7446229e-01   4.6796383e-01  -6.7758736e-01   2.0318738e-01  -6.1793355e-01  -5.4376456e-01   4.7173632e-01  -9.0803797e-02  -3.0367096e-01  -6.2835549e-01   7.2756704e-02   2.5534737e-01  -2.8218263e-01   2.5957762e-01   4.9164627e-01   6.1472107e-02   5.4542843e-01   2.4017576e-01   7.3757412e-01   4.6132780e-01  -3.8141133e-01   3.4902382e-01   7.3562919e-02  -2.2583950e-01  -8.1410475e-02   7.4291609e-01   7.7239250e-02  -1.1732324e-01   6.1564135e-01  -7.0460608e-01   5.6461399e-01  -1.7923278e-01   5.2251997e-01   5.0974762e-01  -3.2034619e-01  -6.8313772e-01  -5.4524661e-01   4.9713057e-02  -2.0171576e-02  -1.9289085e-01  -4.0622267e-01  -8.5597083e-02   4.9600537e-01   1.3900354e-02  -2.6249792e-01  -3.5088182e-01   2.1582799e-01   1.2305709e-01  -3.5074717e-01  -3.6703257e-01  -1.3755579e-01   5.5902607e-01   2.1177002e-02  -2.0300935e-01   1.4244789e-01  -6.2266396e-02  -9.8764479e-02   5.0695584e-01   6.3655280e-01   4.0047099e-01   3.8869250e-01  -4.2820105e-01   4.5481381e-01   1.5384971e-01   2.4783905e-01  -3.4056142e-02  -3.1965811e-01  -4.2960009e-01  -4.7596908e-02  -2.8866969e-01  -4.1757328e-01  -3.7928374e-02  -5.9219950e-01   5.5019049e-01  -3.6382701e-01  -4.8791151e-01  -2.0840000e-01   5.4664783e-01   2.6961597e-01  -5.8753967e-01  -3.0402280e-01   1.9925937e-01  -3.2718352e-01  -1.0049353e-01  -5.7064765e-01  -3.1878736e-01   3.8117968e-02   2.9194876e-01   9.1343053e-02  -2.5527871e-01   3.7921162e-01
  -8.6536380e-02   8.6134063e-02  -3.0269125e-02   7.3187158e-02   4.8944036e-02   1.7682174e-02  -1.2472130e-01   0.0000000e+00   2.8370577e-01  -7.2486320e-02   3.1823903e-01  -1.2732417e-01   2.7220459e-01  -2.7330137e-02   1.2096243e-01   2.4818593e-01   1.6782801e-03   2.5540724e-01   1.3768527e-02   8.2452685e-02   8.3648496e-02   2.0311558e-02  -2.0095221e-02  -1.2583665e-01  -4.4745588e-02   2.1443817e-01   4.8629719e-03   1.6911430e-01   9.2137165e-03  -1.3723111e-01   1.2827544e-01   2.7675550e-01   1.4969133e-01  -4.8146147e-03   3.3395321e-02   1.3073636e-01  -1.0773789e-01  -2.4094807e-01   3.2029084e-01   9.6242635e-02   2.4663759e-01  -3.4188322e-02  -6.8741537e-02   4.4013661e-02   2.0159260e-01  -2.4951427e-01   2.0244563e-01  -1.0115466e-01  -2.8566606e-02   8.6147746e-02   2.6027864e-01   5.3469685e-01   1.0713895e-01  -1.9801073e-01  -1.0482981e-01  -1.9864285e-01  -8.4916661e-02   2.5588728e-01   2.1632480e-01  -2.0699713e-01  -1.1271946e-01   1.1171221e-01   2.3958987e-01   1.6327254e-01   1.5628252e-01   3.4705994e-02   1.3607716e-01   1.4849016e-01   2.3754249e-01  -3.8405379e-01  -1.0001685e-01   2.3236155e-01   2.5550456e-01  -3.0147730e-01  -7.0268298e-02   1.3830957e-01  -6.3258409e-02   1.5998816e-01   1.3065407e-01   1.4787853e-01   5.6017188e-02   9.0567601e-02  -2.4378138e-03   5.1208156e-01  -2.7621618e-01   2.1770451e-01   2.1154967e-01  -1.0188975e-01   9.3039485e-02  -8.4866445e-04   8.8956932e-02  -1.5520946e-01  -1.0960410e-01   1.3771761e-01  -1.7954508e-01   1.2572306e-01   1.8385561e-01   4.0800558e-02   2.4230285e-01   1.3901229e-01  -3.1440737e-01   3.7682845e-02   1.1174672e-01   1.6233320e-01   2.2505144e-01   2.7600745e-01  -4.0391215e-02   1.5507057e-01   3.2462149e-02   1.7029887e-01  -1.7614806e-01   4.3965561e-02   2.2257368e-01   1.1804351e-01  -1.2293578e-01   1.2132888e-01   4.7382097e-02   3.3454483e-02  -1.8382557e-01   1.9076926e-01   9.8509080e-02   1.9767709e-02   1.1436778e-01   1.3612504e-01   7.9411416e-02  -6.9979971e-02   1.5840585e-01  -2.7043440e-01   3.2198246e-01  -3.3304333e-01   1.1748245e-01   1.8861847e-01  -2.9984582e-01  -7.6201650e-02   3.5245643e-02   4.8763360e-01   1.0599720e-01   3.7610137e-01   4.8818893e-01  -6.3611203e-02  -7.9080437e-02   1.5990382e-02   3.4533400e-01  -2.0391645e-01  -9.1964196e-02   9.0612440e-02  -2.1190860e-01   1.6488056e-01   1.0725977e-01   5.9118744e-04  -2.3274314e-01   5.4889294e-01  -1.2388550e-01   1.2674989e-01  -1.4035672e-01   1.1513364e-01   7.3560253e-03   2.1600057e-01  -1.1853563e-01  -2.2778864e-02   2.0254878e-01   2.4647441e-01   3.7447197e-02   1.6794584e-01   1.9615547e-01   1.0274984e-02   6.3442707e-02   1.7806570e-01  -1.0417092e-01   3.9367899e-02   1.0395592e-01  -1.5390954e-01   2.4682918e-01  -1.7542192e-01  -1.0187266e-01  -8.2505685e-02  -2.1336440e-03
  -1.6590575e-01  -6.0728248e-02  -3.8225195e-02   5.1167104e-01   5.1668065e-02   2.7205477e-01   1.5611392e-01   2.8370577e-01   0.0000000e+00  -5.4568448e-03   1.8454667e-01  -8.5016822e-02  -1.4639530e-02   7.9334395e-02  -3.6925763e-02  -1.9983183e-01  -9.1546493e-02   2.9291616e-01   1.3009285e-01   1.2187723e-01  -3.4326978e-02   2.8670072e-01   1.9679981e-01  -2.4943467e-02   1.4799430e-01   3.6063544e-02   2.6644949e-01   1.9497926e-01   1.2151199e-01  -9.9434376e-02   5.0035552e-03   4.2438758e-01  -1.6545990e-01  -4.1628095e-02  -2.4090408e-01   3.5026437e-02  -9.9498081e-02  -7.1426971e-03  -5.8533628e-02  -4.5478499e-02   5.7732061e-02  -2.2990539e-01  -1.0886772e-01  -4.1658097e-02   1.5107405e-01  -2.5165571e-01   1.9147898e-01  -1.1243320e-01   5.4382018e-02   1.5238670e-02   4.3118300e-01   1.0487765e-01  -7.6577343e-02  -3.3617898e-02  -8.9277568e-02   8.4145748e-02   1.6825973e-01   5.5531827e-01   3.6037972e-01   4.3656645e-02  -1.5801217e-01   2.9809767e-02   1.7507638e-01  -1.2601262e-01   4.2997543e-02   9.1093230e-02   2.6832201e-01   1.4297933e-01   4.1477200e-01  -1.4462347e-01  -2.7472527e-01   4.2100845e-01   1.2333025e-02  -2.1671748e-01   5.9721441e-02   9.6333731e-02   3.4237583e-02   2.2818333e-01  -1.0739111e-01   4.4303881e-01  -4.5781037e-02  -1.1140801e-01  -1.3821266e-01   2.8070686e-01  -2.4300632e-01   2.9414182e-01   1.0792040e-01  -1.3415270e-01  -1.3526569e-01   1.0624167e-01   2.4111550e-02  -1.3895526e-01   4.4996295e-02   6.1536380e-01   2.2731344e-02  -3.6856317e-03   5.1523783e-01   3.2886802e-01   7.1437836e-02   1.6286101e-03  -1.7937210e-01  -8.5147661e-02   9.5043412e-02   4.5719930e-01   3.4103945e-01   3.9122681e-01  -1.8005384e-01   4.0383187e-01   3.4339905e-02  -8.0439682e-02  -2.7414037e-02   3.3931301e-01   2.9824474e-01   8.4618795e-02   4.5297380e-02  -4.3595858e-02   1.6362266e-01  -1.1814863e-01   6.9572464e-02   5.2779064e-01   1.4212391e-01  -2.9140969e-02  -1.3459113e-02  -9.5534977e-02  -7.4801724e-02   2.3922410e-03  -7.0079521e-02   8.1961352e-03   5.9661352e-01  -3.1257942e-01  -1.4313484e-01   6.0875308e-03  -1.7593673e-01  -2.2688835e-01   1.5516761e-01   1.2167379e-01   3.3799908e-01   2.8189066e-01   3.0266887e-01   6.1133202e-03   1.5663915e-02  -2.9949108e-01   1.2934137e-01   1.2201224e-01   8.4947631e-02  -3.0972394e-02  -1.4607978e-01  -4.5854597e-02   2.0873308e-01  -5.7761886e-02  -2.4535533e-01   2.2283078e-01  -3.7658396e-02  -1.2115774e-02   6.0728048e-02  -3.0025081e-02  -4.8896215e-02   3.4670242e-01  -1.4236783e-01  -1.0719695e-02   2.1008590e-01   3.7264949e-02  -5.0882132e-02   2.9449874e-01   4.6036759e-01  -1.6153204e-01  -8.9989723e-02   2.9305349e-01  -5.2626823e-03  -2.6013902e-02  -1.5433763e-01  -3.4837330e-02   2.0279051e-01   2.0647207e-01   2.1906459e-01  -6.9425310e-02   4.2071836e-01
   1.1796328e-02   7.5124923e-02  -1.6859786e-01   6.6126532e-02   1.8555351e-02  -2.7285105e-02   2.6153484e-01  -7.2486320e-02  -5.4568448e-03   0.0000000e+00  -8.5431790e-02   4.9182372e-01  -2.8177767e-03  -3.2979649e-01   1.5011936e-01  -3.4789288e-01  -2.2146611e-01   1.5335489e-01  -8.1336859e-02  -9.6381667e-03   3.1523835e-01   1.1410450e-02   3.5892410e-01  -1.6217342e-01  -2.6813935e-01  -3.7195848e-01   5.1405913e-02  -1.7122732e-01  -1.5745743e-01   3.3228542e-01   1.5025109e-01   6.0245594e-03  -3.1031532e-01   5.1526831e-01  -3.7481320e-01   2.6906319e-01   3.0264196e-01  -2.3324022e-01  -3.7378151e-01   1.8583177e-01  -4.0662043e-02  -4.0410241e-01  -2.9374737e-01  -9.3498746e-02   3.9561612e-01  -1.7438908e-01   1.2415601e-01   2.5769298e-01   2.4126462e-01  -2.2506271e-01   1.4364819e-01  -2.3227442e-01   2.4159643e-02  -4.2384702e-01   1.2083866e-01   3.0480414e-02   8.2139292e-02  -1.6441705e-02  -9.8716315e-02  -2.5791748e-01  -3.7001823e-01   5.4384914e-01  -2.7293380e-01  -1.2335542e-01  -2.7846783e-01   5.6257257e-01   8.8587655e-02  -2.1801155e-01   1.3574376e-02  -1.1199798e-01   3.8590253e-01   1.1414692e-01  -2.2375582e-01  -1.1726346e-01  -2.1305665e-01  -1.1937306e-01  -3.4088829e-01  -1.8426233e-02  -3.2420989e-01  -1.6486890e-01  -4.7838515e-02  -4.0379679e-01   1.9047776e-01   8.7282872e-02  -8.8312517e-02  -6.0247746e-02  -3.4408505e-01   2.6128328e-02  -3.1889890e-01  -1.1147934e-01  -6.2491220e-02  -4.1431129e-01   4.4886166e-01  -6.3414510e-02  -2.3040721e-01  -2.5823874e-01  -1.1664412e-01   1.1930878e-01   3.6502178e-02   5.5841805e-01  -6.7007398e-02   3.0540028e-01  -1.8116117e-01  -2.0139417e-02   3.0288913e-01  -1.7808191e-02  -2.0043692e-01   1.1717120e-01   5.2696139e-01   1.8616326e-01   3.8572316e-01  -8.7744136e-02  -9.5218552e-02   1.7593763e-01  -3.0220592e-02  -3.3931064e-01  -1.0870081e-01  -1.3880515e-01  -6.0358987e-02   9.0048853e-02  -3.8526805e-01  -3.1642508e-01  -3.8514656e-01   1.3940808e-01   4.9055895e-03  -4.4629398e-01  -3.5905680e-02  -1.2924576e-02   9.5297100e-02  -1.3123516e-01  -1.2925449e-01  -2.1679444e-02   1.2917164e-01   3.0152547e-01  -3.7263384e-01  -8.5352150e-02  -2.2882244e-01   5.9344782e-02  -1.5182782e-01  -5.5822872e-02  -1.5110779e-01  -5.1995485e-03  -1.3797263e-01  -1.2731581e-01   2.8340832e-01   1.0283999e-01   6.7330896e-01   1.3838145e-01   5.5923099e-01   3.6545326e-01   1.8929650e-01  -1.1655738e-01  -3.2843767e-01  -2.0304007e-01  -1.5377708e-01  -4.4248960e-02  -4.3975135e-01  -1.4736404e-01  -4.0512893e-01  -1.3380569e-01  -1.8393624e-01  -2.7006462e-01   4.1634534e-01   1.7934664e-01  -1.4940484e-01  -3.5087134e-01  -8.1925123e-02   1.2642235e-01  -4.7382634e-01   2.3221888e-01  -7.7438031e-02  -2.4918682e-01  -5.2596649e-02   2.1687132e-02  -1.4059900e-01  -3.2046901e-01   2.6659862e-02
  -1.0917970e-01   9.7917082e-02   7.3623739e-04   8.1228396e-02   1.8683311e-01  -2.0093654e-01  -6.0338019e-02   3.1823903e-01   1.8454667e-01  -8.5431790e-02   0.0000000e+00  -4.6208808e-03   1.2456767e-01   1.1060087e-01   4.2799595e-01   1.2179918e-01  -1.2590857e-02   7.0612582e-01  -1.0589245e-01  -6.7280222e-02   4.4987494e-01  -1.2417668e-01   1.4948826e-01  -2.6875452e-01   7.6864275e-02   1.8893712e-02   2.1078179e-01  -7.1758870e-02   9.4336108e-02   7.7842441e-02   4.4464883e-01   1.4603506e-01  -1.2867167e-01   1.7510940e-01   2.7630087e-01   2.5863741e-01  -4.2651855e-02  -1.6749642e-01   3.0200659e-01   1.3819531e-01   4.6415485e-01  -1.6681477e-01  -2.0541491e-02   1.6614977e-01   3.8116402e-01  -1.2409470e-02   6.9004188e-01   1.5589513e-02   1.1167973e-01  -2.0725536e-01   5.6852406e-01   2.3630039e-01   2.9237219e-02  -2.8805914e-01  -1.2250445e-02   8.0188872e-02  -4.0072330e-02   4.6699771e-02   3.8555553e-01   2.1235206e-01  -6.8212718e-02   2.3644262e-01   3.9945391e-01   2.5903290e-01   3.0332031e-01   8.9749879e-02  -2.3097970e-01   2.0650216e-01   3.1751999e-01  -2.4398002e-01   1.0959506e-01   4.2603765e-01   4.0999562e-01  -1.9176826e-01  -1.9161437e-01   2.3190037e-01   6.3571880e-02  -2.1621681e-01  -9.0365038e-03   2.6806706e-01   1.6310309e-02   1.3870876e-01   1.8577413e-01   3.2736164e-02  -2.0103818e-01   1.2544187e-01   2.4109655e-01   1.5296470e-01   3.0315031e-03  -1.8827325e-01  -2.2206496e-01  -1.4539974e-01   1.2563686e-01   1.6702487e-01  -1.3088521e-01  -3.1799633e-01   4.0392080e-01  -2.2027768e-01   5.9681985e-01   1.4672635e-01  -1.2914055e-01   3.5342664e-01   3.4147446e-02   4.0507358e-01   9.7086938e-02   8.8317616e-02  -2.3180582e-01  -6.7123649e-02  -8.8489529e-02   3.6422087e-01  -1.5568674e-01   1.0919188e-01   4.8356362e-01  -1.0499467e-01   3.2528344e-04  -1.9405143e-02   7.5483070e-02   2.6044458e-01  -3.9759982e-01   2.6339465e-01  -7.6858658e-02  -2.5832626e-01  -2.0046868e-01   3.6036886e-01   1.1013548e-01  -7.7366328e-02   2.4279966e-01   1.5907487e-01  -5.7203376e-02  -1.7591857e-01   8.2919740e-02   4.1861745e-01  -1.7364450e-01   3.8268062e-01   1.7807635e-01   3.4046623e-01  -1.5393592e-02   6.8005405e-02   2.1324430e-01  -3.0595997e-01  -2.3181991e-01  -8.4255366e-02   4.8556885e-01  -3.1689605e-01   1.8055171e-01   3.8610189e-01  -3.7255197e-02   2.1591466e-01   8.3116714e-02   2.5366587e-01  -1.5544689e-01   1.1280728e-01  -2.1604232e-01   4.0497895e-01   1.2326237e-03  -1.2701779e-01  -4.3027468e-02   3.6878831e-01  -2.1734168e-01  -1.1464118e-01   3.3760124e-01   4.1231368e-01   2.1691756e-01   3.4897472e-01  -7.3480919e-02  -1.6960500e-01   2.4902951e-01  -1.9411056e-01  -1.2631134e-01   5.3305623e-02  -1.2429953e-01  -9.1517446e-02   6.1594287e-01  -2.8662390e-01  -4.0119361e-03  -4.9113229e-02  -1.8191063e-01
   4.1965598e-02   4.3692566e-01   1.4501385e-01  -1.3755798e-01   2.9284012e-01  -2.7386281e-01   4.2228179e-02  -1.2732417e-01  -8.5016822e-02   4.9182372e-01  -4.6208808e-03   0.0000000e+00  -1.5173506e-01  -2.1007094e-01   1.1360601e-01  -3.6610182e-01   1.6364504e-01  -4.9770429e-02  -1.4003393e-01   2.6066572e-01   2.3305927e-01  -2.5910431e-01   1.1650237e-01  -2.4383654e-01  -1.6795859e-01  -2.3906937e-01   1.8374401e-01  -2.7102639e-01   2.1648487e-03   1.8289817e-01   5.9368163e-02  -1.5160019e-01  -2.7771618e-01   6.1648566e-01   2.0099353e-01   5.8084976e-01   3.2692578e-01  -2.6065494e-01  -1.1705252e-01   4.9250429e-01  -4.1598918e-02  -2.5628606e-01   2.4575852e-01  -2.2498121e-01   3.5767449e-01   4.5623711e-02   2.2273689e-01   1.4422245e-01  -2.5113650e-02  -4.9968885e-02  -3.5299360e-02  -2.9510181e-01   3.9411335e-01  -2.3862701e-01  -8.2176664e-02  -1.0375742e-03   4.2139831e-02  -2.5602104e-01  -8.1928547e-02   7.2222415e-02  -3.9640300e-02   3.8651786e-01   3.0084231e-01   4.7671958e-02  -5.9535820e-02   5.7611658e-01  -6.5290180e-02   1.3741488e-01  -1.8319055e-01  -8.6648097e-02   4.2688244e-01   1.8143505e-02   7.8947713e-02   1.9728188e-02   3.0546792e-02  -1.5891904e-01  -1.3862232e-01  -2.2962287e-01   6.0025751e-03  -1.6259672e-01  -1.5461422e-01  -6.9365489e-02   2.8629292e-01  -7.7038579e-02   2.3692795e-02  -2.1385746e-01   3.9317894e-02   6.9565335e-02   9.3038021e-03  -1.5905338e-01  -3.4547101e-02  -1.6838750e-01   3.2096454e-01   5.1279857e-03  -2.3251498e-01  -2.2526154e-01   7.1470897e-02  -1.9092561e-01   2.5634281e-01   1.7267752e-01  -9.2510809e-02   3.6335578e-01  -2.4709681e-01  -3.9018678e-02  -2.0114572e-02  -1.6961383e-01  -2.1979861e-01  -1.7354289e-01   4.2848235e-01   3.3920146e-01   5.8356466e-01  -1.0048303e-01   7.3115736e-03   1.5630730e-02  -1.9471400e-01   2.1735465e-02  -2.2042659e-01   1.1206756e-02  -1.7811120e-01  -4.5784207e-02  -2.3502840e-01  -5.8597796e-02  -4.6071155e-02   7.6801230e-02   3.0065954e-02  -1.2700537e-03   4.0412460e-01  -1.9263555e-02  -1.4159249e-01   9.7997014e-02  -1.3338014e-02   5.0148674e-01   3.2673005e-01   2.8727798e-01   1.4587006e-01  -6.2073435e-02  -1.8846187e-01  -5.4885176e-02  -2.0597100e-01  -1.9084874e-01  -3.0945464e-01  -1.9375289e-01  -1.8349937e-01  -2.5695700e-01   1.3993307e-02  -3.6466377e-02   5.6733232e-01   3.8031366e-01   4.0655083e-01   1.1970694e-01   4.0828039e-02  -8.0407540e-02  -1.6294352e-01   1.4717237e-01   8.6181817e-02  -1.6542221e-01  -1.6810868e-01  -2.6612201e-02  -1.9982230e-01  -2.7388462e-01   2.6343550e-01  -3.2466185e-01   2.9709614e-01  -1.3619757e-01  -2.1414311e-01   6.6099092e-02   4.9088883e-01  -3.2013305e-02  -2.7718672e-01   1.4017668e-01   3.0867715e-01  -4.9610219e-02   1.4204544e-02  -2.0081706e-01  -1.0420641e-01  -7.5405424e-02  -1.3359709e-01
  -2.7746114e-01  -4.1306851e-02  -8.0529170e-02  -1.5711580e-01   8.8495696e-02  -2.3784749e-01  -2.0614641e-01   2.7220459e-01  -1.4639530e-02  -2.8177767e-03   1.2456767e-01  -1.5173506e-01   0.0000000e+00  -1.8997387e-01   1.1737464e-01   4.2296690e-01  -9.0821745e-02   1.0356206e-01  -1.2392805e-01   2.5197540e-02  -8.5416788e-02  -2.1579100e-01  -6.5155132e-02  -3.0861640e-02  -8.3118759e-02  -6.3838409e-02  -1.8993564e-01  -2.7163397e-01   1.7084024e-01  -2.6760729e-01  -1.8617024e-02   2.0582155e-02   1.7065185e-01   4.8062526e-02   7.3078364e-02   1.0963194e-01  -7.2058085e-02   7.0885824e-02   3.7171864e-01  -2.6960076e-01   6.2584409e-01   9.7480779e-02   1.8382790e-01  -3.1617953e-01   9.2132189e-02  -2.2414545e-01   2.9435812e-03  -3.7656812e-01  -2.0708855e-01  -6.6850123e-02   1.5511784e-02   1.4276841e-01  -1.0174178e-02  -1.0778227e-01  -1.6839450e-01  -3.6719935e-01  -1.8538558e-01  -5.3922808e-02   1.0798706e-01  -1.4541903e-01  -4.1232556e-02   3.0077431e-02   1.3121420e-01   1.4855255e-01   2.3375779e-01   1.3936653e-01  -2.9551528e-01  -1.8283333e-02  -2.3158251e-01  -3.6402645e-01  -2.4226384e-01   1.5036253e-02   3.5562024e-01  -2.9869859e-01  -2.2938439e-02  -1.7417450e-02  -2.1861442e-02  -1.1170200e-01   2.9850368e-01   1.1399255e-01  -1.0550836e-01   2.0184183e-01  -3.2073254e-01   5.8935235e-02  -4.0951679e-01   7.8319341e-02   7.0375443e-02  -2.8404500e-01   2.5617160e-01  -2.3771467e-01  -1.2066729e-02  -3.2503067e-02  -3.0939571e-01   3.9945794e-02   2.8054477e-01   2.1856156e-01  -1.1429147e-02  -1.7943793e-01   1.5831762e-01   1.6251261e-01  -5.4328675e-01   2.4197301e-02  -2.4504735e-01  -8.3555950e-03   5.3827421e-02  -1.8784952e-02   3.0564955e-02  -2.3514988e-01   1.0596184e-01   3.1618503e-02  -3.2341335e-01  -1.4600044e-01   1.4762804e-01   6.1967840e-02  -2.6445501e-01   1.7153352e-01  -2.9958758e-01   5.2398724e-01  -2.8453887e-01   1.9787690e-02   2.3938016e-01   1.5527643e-01   1.3772138e-01  -7.8690992e-02  -6.7952166e-02  -1.4755483e-01   1.5271793e-01   8.7208775e-02  -6.5048525e-03  -3.3526175e-01   5.7650044e-01   9.7931311e-02  -5.8119065e-01  -7.6697058e-02   1.1929456e-01   4.0455434e-01   5.9854318e-02  -2.0242753e-01   2.7717580e-01   3.0911745e-01   6.6462471e-02   4.6437119e-01   1.8576905e-02  -2.5738330e-01  -1.0859587e-01  -1.3603690e-01  -2.1390936e-01   1.1933620e-01  -2.8476392e-02  -4.8408483e-02  -3.0851632e-01   5.7458966e-02  -2.6905871e-01   1.0121379e-01  -2.3829975e-01   2.6607602e-01   4.7147879e-02   2.0662987e-01  -3.1974920e-02   4.0206809e-02   1.2642890e-01   2.2947059e-01  -6.7371752e-04   6.1736994e-02  -4.7696326e-02   1.1974174e-03   8.5425348e-02  -7.4739573e-02  -1.0175355e-01  -2.6336964e-01   1.7432908e-01   1.8731228e-01   1.8687701e-01  -9.0669333e-02  -2.3961403e-01  -1.1951780e-01  -2.2802650e-01
   1.4655028e-01  -3.5856562e-01  -1.1893826e-01   3.8956840e-01  -3.8877234e-01   1.8717315e-01   4.6920326e-01  -2.7330137e-02   7.9334395e-02  -3.2979649e-01   1.1060087e-01  -2.1007094e-01  -1.8997387e-01   0.0000000e+00   1.3698019e-01  -1.5608867e-01  -1.5265312e-01   1.8668843e-01   1.4050310e-01  -2.2395726e-01   1.3212648e-01   5.3149305e-01   3.2295357e-01   3.8683229e-01   2.3792168e-01  -1.3984716e-02   2.7918022e-01   4.6462775e-01  -2.3154755e-01   3.4665012e-01  -1.0895657e-01   3.0910942e-01  -1.6953265e-01  -3.8743404e-01  -2.0136794e-03  -2.9779944e-01  -3.2244301e-01  -8.4013909e-02  -1.4981960e-01  -3.0383090e-01  -1.3596096e-01   3.8930337e-04  -2.2323895e-01   2.2660353e-01  -2.6056833e-01   3.6357015e-01   1.0402269e-02   3.3640078e-01  -2.3423441e-02  -2.4310021e-01   2.6506891e-01   5.9377590e-02  -4.5335200e-01   6.9384541e-02   3.9151881e-02   4.4135045e-01   7.9648817e-02   2.7678683e-01   4.9119772e-02   4.8435552e-01  -4.7244774e-02  -7.2982675e-02   1.8463737e-03  -2.8711311e-01  -1.5618877e-01  -3.7223019e-01   3.3814010e-02  -9.3660457e-02   2.2367060e-01   4.6697480e-01  -1.6719443e-01   2.6001420e-01  -3.3241164e-02   1.2284419e-01  -3.6022280e-02   1.8415913e-01   1.6801446e-02   1.0960179e-01  -4.2235428e-01   3.8086192e-02   3.0290539e-01  -3.4959317e-02  -3.4794779e-01  -6.5268103e-02  -2.8977025e-02   3.1273157e-01   1.3116568e-01   4.3286137e-01  -2.6235292e-01   3.0012000e-01  -4.8169936e-01  -6.9931076e-02  -3.5950478e-02   6.0979997e-02  -5.6157163e-02  -3.2428096e-01   1.3044519e-01   9.5314733e-02  -2.2771482e-01  -1.6287725e-01   4.2608879e-01  -2.2027049e-01   4.8791833e-01   4.4221999e-01   3.1712712e-01   3.2850369e-01  -1.2574268e-01   1.2809738e-01  -2.8481156e-01  -1.6105431e-01  -3.6340392e-01   5.2235960e-01   2.3555051e-01  -1.0881494e-01   4.4031174e-01  -3.9099174e-01   4.0116014e-01  -9.4709909e-02   3.2917951e-01   2.4375682e-01   1.6154774e-02  -3.2138898e-01  -1.9521025e-01  -8.1590257e-02   1.4664425e-01   2.4093324e-01  -1.6255248e-01   2.8709175e-02   2.5505950e-01   1.5804716e-01  -1.0682003e-01  -2.2344646e-01   2.2806139e-01  -2.7878980e-02   1.3619535e-01  -1.1328581e-01   1.1557700e-01   3.6907084e-01   7.1397949e-02  -1.5861426e-01   2.6158274e-01  -1.9256858e-01   1.2049591e-01   3.9212098e-01   2.1131716e-01   1.9940423e-01  -1.3183216e-01  -3.2845875e-01  -3.5918460e-03  -5.0456758e-02   4.0052186e-02   1.5655030e-01   5.2728980e-02  -1.3788665e-01   3.2343478e-02  -1.3197474e-01   2.5740937e-02   4.9128177e-02  -1.9915033e-01   2.5029611e-01  -1.5188210e-01  -9.8771335e-02  -3.8847507e-01   3.1290548e-01   2.3697078e-01  -2.9678754e-01  -1.2321411e-01  -1.2767589e-01   1.7891651e-02  -3.6405342e-01  -3.9783646e-01  -4.5055876e-02   1.3143920e-01   1.0660500e-01   3.8730242e-01  -3.5560931e-02   1.7647250e-01
