   0.0000000e+00  -2.7302040e-01  -1.1230208e-01  -1.3968783e-01  -1.4900033e-01  -1.6831048e-02  -8.1167125e-02  -1.6997730e-01  -1.0588247e-01  -2.7983679e-01  -1.5452022e-01  -2.2319224e-01  -2.6383189e-01   4.9261396e-01   3.3669650e-02  -3.2868599e-01  -1.6999506e-01  -1.4429050e-01   1.1139003e-01  -1.5028278e-01   1.1616548e-02  -1.2171932e-01   4.9380518e-02   6.3763702e-01   4.8662543e-02  -7.4989274e-02  -7.1705578e-02   3.0450893e-01   3.2234067e-02   4.9059628e-02   6.6612860e-02  -1.0447575e-01  -1.2335948e-01  -3.0962039e-01  -2.6155668e-02  -7.7164001e-02  -3.7810160e-01   2.4809834e-01  -3.0281996e-01  -1.1034638e-01  -2.0609728e-01  -1.5969865e-01   4.5900353e-02  -8.9425781e-02  -3.5071589e-02   1.3318438e-01  -8.7243695e-02  -7.3656787e-02  -2.6910638e-01  -2.3602433e-01   7.6333143e-02   4.3036959e-02  -4.0009945e-01  -1.3379380e-01   1.6290001e-01   7.6779719e-02   2.1957581e-02  -1.2384225e-01  -1.5865093e-01   7.2725975e-02   1.8393355e-02   5.5175270e-02  -4.8143793e-01  -1.5869498e-01  -3.2775314e-01   1.0352829e-02  -1.5448580e-01  -4.9178911e-02  -2.1557277e-01   1.9379262e-01  -2.9717883e-01   1.2197701e-01  -4.1326149e-01   6.0348881e-01  -7.0236931e-02   4.6417786e-02   1.3000117e-01  -7.6108498e-02  -4.3606800e-01  -1.3996892e-01   1.4198049e-01  -3.1544408e-01  -2.8954067e-01  -2.2670742e-01   1.6412518e-01   1.1520324e-01  -9.6186869e-02   6.4205254e-01  -2.7705381e-01   8.3192466e-01  -3.1486806e-01  -5.5564775e-02  -1.7552355e-01  -7.8076283e-03   9.5006267e-02  -2.1256882e-01   1.0488600e-01  -1.3353302e-01  -2.1378488e-02   1.5284296e-01   1.8754323e-01  -1.3057270e-01   2.3733993e-01   2.9111030e-01  -1.0567984e-01   6.9472985e-02  -5.5442772e-02  -1.6855832e-01  -1.9645486e-02  -2.1927335e-01  -3.0940710e-01   5.0490525e-02  -6.7579165e-02   8.4435120e-01   4.1058063e-01  -4.4968523e-01  -1.5925876e-01  -2.7692845e-01   2.7937573e-01   8.2530307e-03   3.8866374e-01  -2.8946015e-01  -2.6643978e-01  -8.2552846e-02   1.8528426e-01   5.6924651e-01  -8.7533158e-02  -1.8478474e-01  -2.4812577e-01   2.9877284e-01  -3.0136286e-01  -2.4139498e-01   6.2743761e-01  -2.8696993e-01  -1.5301517e-01   4.5688671e-02  -1.6422226e-01   2.3279789e-02   3.1317589e-02   6.0878616e-01   7.0896280e-01  -6.9443122e-02  -4.6231117e-02   2.5624314e-01   4.4763084e-02   1.5352555e-01  -1.1807169e-01  -1.3140113e-01   9.0842494e-03  -2.3963214e-01   4.1331382e-01   3.2458345e-02   1.8306167e-01  -1.4993486e-01  -4.7235434e-02   2.4064578e-01   4.1954325e-01  -1.2196893e-01  -9.5177287e-02   1.3518706e-02  -1.3506425e-02  -7.8924631e-02  -3.3457297e-01  -4.8117434e-03  -2.4786710e-01  -2.7576701e-01  -2.4658057e-01   1.4866374e-01   3.0714645e-01  -4.7754009e-01  -3.2410302e-01  -7.8681882e-02  -2.4963662e-02   1.4085417e-01  -3.9609736e-02  -1.9651346e-01  -1.4613761e-01
  -2.7302040e-01   0.0000000e+00   2.6435523e-01  -1.9816570e-01   5.8581905e-02  -2.3696714e-01  -2.2543236e-01   2.9259229e-01   7.6920899e-01   2.2019473e-01  -1.9303943e-04   5.5873540e-01  -4.7631359e-02  -1.6628151e-01  -3.7025176e-01  -1.6477191e-01   3.5729725e-01  -6.0726637e-02   9.6477571e-02  -5.8049355e-02  -4.2994908e-01  -1.3054491e-01  -3.0228951e-01  -2.1525962e-01   1.4955703e-01   3.5242364e-01  -3.6581545e-01  -3.7131409e-02   9.5392225e-02  -2.5193714e-01   4.5773358e-02   1.5277808e-02   3.7067275e-02   5.6646296e-02  -2.0182221e-01  -1.5644327e-01   3.7351726e-02  -2.6546180e-01  -6.3901072e-02  -1.7089204e-01  -1.5575033e-01   2.2628614e-01   1.4364399e-01   3.6201824e-01  -5.7217481e-03   2.7072698e-01  -2.0088729e-01  -8.1465121e-02  -7.1071044e-02   9.9768976e-02  -3.9034347e-01   3.3720097e-01   3.6685636e-01   2.1234075e-01  -2.6442981e-02  -2.5422941e-02   1.8592899e-01   2.1709262e-01   6.8339057e-03  -1.6971767e-01   3.2016867e-01  -1.8706165e-01   7.1686784e-01   3.6097845e-01   4.4166661e-01  -2.3386168e-01  -1.7976196e-01   1.8319019e-01  -3.6153843e-02  -2.6748339e-02   4.4565709e-01  -1.7325935e-01   1.4547096e-02  -3.9756155e-01   1.2611343e-01   3.4260040e-02   1.4068954e-01   1.0966609e-01   1.9551190e-01   1.2331717e-01  -2.7059137e-01  -2.2573311e-01   1.3681150e-01   2.9058989e-01  -1.5718460e-01  -4.3854042e-02   1.3565255e-01  -3.1137566e-01   6.8713643e-01  -3.3413184e-01   3.0180285e-01   3.9440135e-01  -1.9515159e-01   5.7638699e-01   3.0300036e-01  -6.8447444e-02  -2.7885618e-02   2.6879807e-01   1.9281787e-01  -2.2867009e-01  -1.5610543e-01  -1.5240410e-01   1.6077368e-02   1.6089634e-01  -1.0949094e-01  -7.5562433e-02   2.0291624e-01   1.5828800e-01  -2.5546767e-01  -2.4623134e-01  -8.1140726e-02  -3.0985641e-01   3.0884288e-01  -2.9744098e-01  -2.1626948e-01   5.1583344e-01   2.5064762e-01  -1.0426517e-01  -1.6535657e-01  -2.0899040e-02   1.0629271e-01  -9.8711316e-02   5.1256874e-01   3.3063730e-01   1.4079101e-01  -2.4405032e-01  -7.6105705e-03   1.7062035e-01   2.2866432e-01  -4.4402121e-01  -2.2373043e-01  -2.1744027e-01  -1.0084257e-01   4.6648601e-01   5.5042070e-01   2.6571162e-01   2.5603835e-01  -1.3306909e-01   1.7844746e-01  -1.7318670e-01  -1.6176533e-01  -4.7592992e-02   2.8558106e-01  -3.5531881e-01  -2.8677695e-01  -1.3859541e-01  -5.9955929e-02   1.4279371e-01  -3.4487990e-01   9.0134972e-02   2.1953373e-02   1.7254771e-01   1.4119859e-01   2.2643299e-01  -2.3931690e-01  -1.6620888e-01   1.3638050e-01  -8.9436752e-02   3.5867760e-01  -2.9657910e-01   3.5995406e-01   1.6536823e-01   1.0251775e-01  -2.4585151e-01   3.1080428e-01   1.4542304e-01   8.6577078e-02   2.2059220e-01   3.8046256e-03   4.3292200e-01   3.7512223e-01  -1.3634027e-01   2.2118553e-03  -4.0456821e-01  -4.1889417e-02  -1.5580889e-02   1.5072749e-01
  -1.1230208e-01   2.6435523e-01   0.0000000e+00  -5.3037089e-02   1.2200959e-02  -3.4331396e-03  -2.8618426e-01  -1.5840493e-01   2.4124913e-01   2.4686241e-01  -1.2058584e-01   5.4363739e-01   9.1580588e-02  -9.3518557e-02  -4.0781734e-01   1.3330190e-01   8.2925650e-01  -1.4176548e-01   1.0858173e-01   7.7173606e-02  -3.5268822e-01   7.5309984e-03  -3.7944143e-01  -7.7814932e-02   1.2372689e-02  -3.1137669e-02  -1.0837238e-01  -2.4398640e-01   2.4389197e-01  -2.2826476e-01  -2.8675507e-01  -1.6012497e-02   2.1691882e-01  -2.9313515e-01  -4.1775181e-01  -1.3578222e-02  -2.3992045e-01  -2.5087441e-01   1.2654677e-01   1.9848641e-01   7.7357018e-02   4.7563214e-01   3.4473322e-02  -9.0297533e-02  -1.9108302e-01   3.4137213e-01  -3.2541334e-02  -2.8453070e-01  -2.7195322e-01   5.2560294e-01  -4.2173197e-01  -6.8845826e-02  -2.6847485e-01   4.3721974e-01   1.3445022e-01  -1.0198337e-01   1.5728282e-01   1.4788000e-02   4.3591971e-02  -1.0411425e-01   4.6278062e-01  -1.4079524e-01   3.1937296e-01  -1.6885099e-01  -1.3838974e-01  -8.4359779e-02  -6.3976722e-02   9.2287164e-02  -5.2811653e-02   5.1487349e-01   1.1174422e-01  -2.7053279e-01   1.0705970e-01   1.1286293e-01   6.7190588e-02  -1.6260452e-02   3.2585489e-01  -5.9380773e-02  -1.3883747e-01   2.1995931e-01  -3.3656457e-01   9.0982790e-03  -2.1527758e-01  -1.5176736e-01   1.8728814e-01  -2.5584914e-02  -2.6570141e-01  -1.3194075e-01   1.6881082e-01  -1.6652679e-01   2.2349861e-02   6.2340207e-01  -1.4873839e-01   1.8792263e-01   3.1971170e-01   7.2035341e-02   1.3176363e-01  -1.9704743e-02   1.9694317e-01  -3.8724797e-01  -5.0749055e-02  -2.2301731e-01  -1.6222195e-01  -1.1326204e-01  -3.4982047e-01  -5.6505538e-02   3.5325035e-01  -1.4503022e-01  -2.0988883e-01  -3.0541606e-01  -1.5986374e-01  -8.0603462e-02  -3.2449976e-02  -1.8195874e-01  -2.2512752e-01   1.1130283e-01  -1.5309321e-01   1.2011512e-01   9.9100312e-02   2.5852027e-02   1.7891955e-01  -6.4942626e-02   2.5142967e-01  -2.4012772e-01   2.8880567e-01   9.7748966e-03  -3.2632311e-01   2.3029027e-01   3.1365770e-02   2.2058889e-01  -5.4349787e-03  -4.3713032e-01   8.0308361e-02  -1.2293498e-01   3.6010743e-01  -4.9836273e-02   1.9310449e-01  -1.6002729e-01  -6.8580574e-02  -2.2752478e-01   3.1115205e-02   7.3334042e-02   4.7377750e-02   1.1554934e-01  -3.2759977e-01  -1.9761333e-01   9.5163259e-02  -1.1826216e-01   2.0422745e-02  -3.4453460e-01   2.4269842e-01  -2.1437005e-01   4.4362089e-01  -8.0826675e-02   3.2935568e-01  -1.5681169e-01   3.1280774e-01   1.2836206e-01   4.8081443e-01  -3.4384036e-01   1.9784795e-01  -5.7336362e-02   7.0364591e-02  -2.2419622e-01   3.4126570e-02  -8.4989060e-02  -2.0205953e-01   1.4754284e-01   3.3712890e-01   2.6306919e-01   2.9884098e-01  -2.2171249e-01  -1.8652495e-01   3.9292822e-02  -5.2396272e-02   1.4370411e-01  -3.4328059e-02
  -1.3968783e-01  -1.9816570e-01  -5.3037089e-02   0.0000000e+00   4.1050980e-02   3.2800765e-01  -9.7881843e-02  -2.8941799e-02  -1.7644269e-01  -1.6930792e-01   3.3559530e-01  -1.7382864e-01   1.3590913e-01   9.0683734e-02   3.7374147e-01   3.7778608e-01   2.1222735e-02   5.5366260e-01   2.1220272e-01   1.3059994e-01   2.4865856e-01   6.3072783e-01   9.0434353e-02  -2.5529550e-01   1.6395237e-01  -7.1985472e-02  -2.1217338e-02  -8.7077839e-02  -1.3508970e-01   3.6473770e-01   1.1820126e-01   5.9998857e-01   3.0630803e-01  -2.9090039e-03   1.1406785e-01   1.4202776e-01   1.1511859e-01  -3.9381813e-01   3.3569162e-01  -1.7126172e-01   2.8479460e-01   1.8886718e-01  -1.7717483e-01  -1.1380294e-01   2.2295241e-01  -2.7338244e-01   4.3204521e-01  -1.5726746e-01   2.8667406e-01   1.0064767e-02   5.4916040e-01  -1.0992758e-01  -1.2311504e-01   2.4042088e-01   4.3106226e-01  -6.4644394e-03   1.5788593e-01   3.1738774e-01   5.5821727e-01   8.7492452e-02  -5.2009808e-02   2.0431345e-01   1.0396955e-01   4.6669494e-02  -4.1690556e-02   1.2905911e-02   5.2368305e-01   2.7497949e-02   5.4952837e-01  -2.5348736e-01  -3.3836374e-01   5.5815448e-01   3.0757107e-01  -1.8103912e-01   2.8187777e-01   1.0288059e-04  -1.5816357e-01  -3.6255282e-03  -4.1077453e-02   3.6901302e-01   1.6042806e-01   3.3910225e-01  -1.1019701e-01   1.1623410e-01  -2.2509811e-02  -3.4869561e-02   4.6287235e-02  -1.3387977e-01  -9.5609991e-02  -2.3463886e-01  -1.8301672e-01  -1.3585204e-01   2.9131617e-02  -3.6716813e-01  -7.6492805e-02  -1.8910615e-02   3.1641259e-01   1.5657631e-01   3.3618075e-01   1.3717011e-01  -1.4037535e-01   2.8293699e-01   1.6882617e-01   4.5917088e-02   5.0676952e-01   5.4234049e-01   4.1599585e-01   3.0561665e-01   1.1000632e-01   1.8106833e-01   7.0328632e-02   4.2359451e-01   3.7327502e-01  -3.0707075e-01  -1.0577962e-01  -2.1977714e-01  -1.3796300e-01   3.1761483e-01   3.7345174e-02   6.6036072e-01  -2.4329612e-01   8.4993584e-02   4.8340022e-03   5.3815312e-02  -2.1595654e-01  -2.9903136e-01   2.9569304e-01   2.6196228e-01   4.1988627e-01   1.5833188e-02   2.0761919e-01   7.7799068e-03  -2.6921921e-01  -5.5484326e-02  -1.8518395e-01  -9.6594120e-02   1.9836820e-01  -9.6538401e-02  -1.1648002e-02   8.6374015e-03   3.5744672e-02  -7.5261726e-02  -6.1360385e-02  -3.7232377e-02   3.6963350e-01   1.4004902e-01  -5.2997260e-02   2.2253119e-02  -4.1531255e-02  -5.7250652e-02  -3.9362841e-01  -1.7592990e-01  -7.4774299e-02  -1.0146143e-01  -1.3344197e-01  -2.2153505e-01  -3.7704260e-02   5.2893395e-01  -3.8008788e-02   3.1458932e-01   3.3279120e-02   1.1764116e-01  -1.8965839e-01   5.9408833e-01   4.0649292e-01  -1.7276205e-01   8.7754840e-03  -1.7994966e-02   7.8384990e-02  -9.0836685e-02  -2.4703163e-01  -2.9701591e-01   5.5799830e-01  -6.2808082e-02  -5.5107926e-03   1.9754883e-01   4.5099489e-01
  -1.4900033e-01   5.8581905e-02   1.2200959e-02   4.1050980e-02   0.0000000e+00  -7.2005137e-02   3.6161047e-01  -2.1302666e-01  -1.4616904e-01   1.6593600e-01   6.0250808e-02   1.7623540e-01   4.0145370e-02  -1.5424232e-01  -3.5229625e-03   1.2296525e-01   9.9714153e-02   1.4326440e-01  -3.6545898e-01   7.7189833e-01   2.1201739e-01  -8.9504584e-02   2.8631629e-01  -2.1021579e-02  -5.4510261e-02  -1.7173179e-01   3.7489385e-01  -2.5169499e-01   2.8801027e-02  -3.6515698e-02   1.8791925e-02  -9.9286644e-02  -1.4583943e-01   3.4688848e-01   1.5191951e-01   6.1558154e-01   2.3698731e-01  -5.1657621e-02   1.6595528e-01   3.9125538e-01   2.0431741e-01  -3.3666335e-02   4.7246413e-02  -5.5715300e-02   3.2469545e-01  -2.4911519e-01   2.3372435e-01   3.0021884e-01   5.3099557e-01   1.9003169e-01  -9.0280710e-04  -3.2044678e-01   4.2887644e-01   1.4270903e-01   6.1329871e-02  -1.0536447e-01  -3.3681342e-01  -1.7986883e-01   3.0078335e-01  -1.1107715e-01  -1.7939327e-01   4.8981644e-01   2.6288032e-01  -1.2662716e-02   4.6001708e-01   3.0266087e-01  -5.4225800e-03   1.3645874e-01  -2.3761187e-02  -1.9782326e-01   3.5690987e-01  -1.3277334e-01   2.8452545e-01  -2.3197242e-01  -1.9695594e-01  -3.0158864e-01  -1.6285151e-01  -2.7587282e-01   5.9529224e-01   2.3229194e-01  -8.0541793e-02   3.6514454e-01   1.6668389e-01  -1.0658972e-01  -4.8180002e-02  -2.6412751e-01   1.7527078e-03  -1.8505592e-01   2.4325172e-02  -1.7180053e-01   6.5585892e-01  -1.4541145e-01   3.9378644e-01  -1.4259808e-01  -1.4746248e-01   6.6981336e-01   2.3035399e-01  -2.4276002e-01   4.6361708e-01   2.5260029e-01  -1.2470276e-02  -7.2024314e-02  -3.7341248e-01  -3.9833214e-01  -8.6388570e-02  -2.3819663e-01   1.9251126e-01  -1.4104180e-01   4.9215782e-01   2.8739900e-01   3.1034396e-01  -8.5380639e-02   8.0682550e-02  -1.8024784e-01  -1.6741655e-01   2.6967662e-01  -2.3062393e-01   1.9538642e-01  -4.0309674e-01  -2.9767691e-02  -2.4313096e-01   6.2495970e-01   1.1784827e-01   6.9353395e-02  -2.4182235e-01  -3.4769125e-01   2.2656287e-01   2.4696950e-01  -3.9921663e-02  -1.9040286e-01   1.2998688e-01   3.8157451e-01  -2.5927272e-01   1.6941755e-01  -1.7043342e-01  -3.7035309e-01  -3.0201192e-02   4.8635618e-02  -4.1271709e-01  -4.8002298e-02  -4.8136436e-02  -1.3445529e-02  -1.1500417e-01  -2.4375922e-01  -2.3169287e-01  -2.4539831e-01   1.0353829e-01   1.5368282e-01   1.5596502e-01   3.0594220e-01  -4.3346280e-01  -1.8589493e-01  -1.4004988e-01   2.1629921e-01   2.0318627e-01   2.8414219e-02  -2.5277986e-01   4.3890517e-01  -7.8294776e-02  -1.7688009e-01  -1.3979857e-01  -3.1889770e-02   4.1887570e-01  -3.7674377e-02  -5.9364790e-02   2.8292126e-01   3.2541420e-01  -5.4806484e-02  -2.6771078e-01   3.6790827e-01   1.8260002e-01  -4.1312374e-04   9.4710869e-02  -1.1937719e-01  -2.8388517e-02   1.8038389e-01  -5.3501040e-02
  -1.6831048e-02  -2.3696714e-01  -3.4331396e-03   3.2800765e-01  -7.2005137e-02   0.0000000e+00  -7.3544192e-02  -9.0970002e-02  -2.2280638e-01  -9.0945564e-02   3.3942142e-01  -9.5690364e-02   1.4700143e-01   8.0939882e-02   7.7986398e-02   2.6524190e-01  -3.6741838e-02   6.6800062e-02   5.1020010e-01   1.8458838e-01   1.5853960e-01   4.0876986e-01   1.7440832e-01  -1.2599678e-01  -1.5724005e-01   7.0664232e-02   4.3836065e-01  -9.8139223e-02  -2.1426289e-01   3.2676620e-01   1.7958441e-02   7.0804740e-02   9.9694283e-02  -5.0465724e-02   2.6561748e-01   2.8334210e-01   2.4926005e-02  -3.6911577e-01   2.1705662e-01   2.5649114e-01   1.2153618e-01  -4.0172185e-02   1.0711927e-01  -1.7932143e-01   6.6326334e-02  -1.5906106e-01   4.7411975e-01  -2.0970666e-01   9.1068416e-02   1.3141463e-01   2.8780400e-01  -1.3488861e-01  -1.8349322e-01   5.2312741e-02   1.8744713e-01   1.9032144e-01   5.6510257e-01  -4.3639669e-02   2.2605460e-01   2.4223647e-01  -1.9072216e-02   1.7835162e-01  -7.8425393e-02  -1.0536855e-01  -2.8775751e-01   4.6076782e-01   6.9395132e-01  -1.9564957e-01   4.3922570e-01   8.8194851e-03  -3.3932694e-01   2.3421561e-01   2.4572901e-01   1.6313584e-01  -8.5166444e-02  -2.9259196e-01  -1.1624852e-01   1.7883946e-01  -1.6732020e-01   4.8248448e-02   1.7346277e-01   3.1327941e-01  -1.7045350e-01   1.2855626e-01   1.1221778e-01  -2.3385458e-01  -1.1735168e-02   2.7595175e-04  -2.7949860e-01  -1.8586766e-01  -2.3646103e-01  -6.4431632e-02   1.7205554e-01  -7.4138404e-02  -9.4286186e-02   1.1386731e-02  -7.9312477e-02   2.4311942e-01   7.0004931e-02  -2.9809494e-02  -3.3134255e-02   1.5585077e-01  -1.9565851e-01  -4.4807590e-02   4.8720896e-02  -1.0981794e-02   1.2280955e-01   3.2493893e-01  -1.4180785e-02   2.7509419e-01  -1.0322607e-01   6.3205050e-01  -3.5290039e-03  -1.8523082e-01  -2.1475157e-02  -2.4549135e-01  -7.2504714e-02   3.4302821e-01   1.3005719e-01   2.9867425e-01  -2.7547065e-01   5.2500859e-02  -1.1896457e-01   2.1479744e-02  -7.5450310e-02  -5.4260560e-03   1.2789242e-01  -6.4894525e-02  -4.5238007e-02   1.3535424e-01   2.3387739e-01  -1.0530871e-01  -1.6967109e-01  -6.0362382e-02  -1.0733192e-01  -3.0014150e-01  -2.0193477e-01   9.4751780e-02  -2.3684000e-01  -1.1185966e-01  -1.7403427e-02  -1.9609880e-02  -1.2445234e-01   3.3001909e-01   2.1193535e-01  -4.0853552e-02   9.7671283e-02   1.2463601e-01   3.8799557e-01  -2.5452938e-01  -7.6317649e-02  -3.1431918e-01  -9.1514794e-02  -1.0539678e-01   8.1072290e-02  -2.7141065e-01  -9.5949687e-02   1.8448993e-01  -1.0448287e-01   3.3396115e-01  -9.7276644e-02  -2.2972934e-02  -6.5078926e-02   1.3469258e-01   2.1043109e-01  -2.2680673e-01  -2.7337792e-02  -5.9494384e-03  -1.5777013e-02  -2.8096813e-01  -1.3081310e-01  -2.0808356e-01   5.3529454e-03   4.4329295e-01  -2.3563013e-01   7.7444043e-02   3.1948538e-01
  -8.1167125e-02  -2.2543236e-01  -2.8618426e-01  -9.7881843e-02   3.6161047e-01  -7.3544192e-02   0.0000000e+00  -2.0638585e-01  -3.9391702e-01   1.3138278e-01  -8.0189113e-02  -1.2764865e-01   8.9292773e-02  -1.6351888e-01   1.4857812e-01  -4.4656485e-02  -3.9963292e-01  -4.6889349e-02  -4.1088736e-01   4.3406824e-01   4.5421561e-01  -1.8325327e-01   5.9835508e-01  -6.7443915e-02  -1.1678263e-01  -3.3547363e-01   2.3850861e-01  -8.2841953e-02  -6.9509552e-02   2.2947249e-01  -9.6580627e-02  -2.0154433e-01  -2.4992996e-01   4.3308007e-01   3.3578738e-01   3.7305980e-01   3.3520611e-01   2.0385071e-01   6.4845952e-02   2.6123913e-01   1.8353592e-01  -2.6298499e-01   1.0997526e-01  -1.3437996e-01   4.7306200e-02  -3.0130827e-01   5.9846829e-02   7.0752939e-01   1.4388058e-01  -1.6190093e-01   1.5961432e-01  -3.1035945e-01   2.2477029e-01  -1.3702048e-01  -9.8829557e-02  -1.8040606e-01  -4.5942636e-01  -3.0869328e-01  -7.1081211e-02   2.8730941e-01  -4.0466217e-01   2.9982523e-01  -1.3919794e-01  -2.4210002e-01   4.4151923e-03   3.0808930e-01  -2.0092622e-01  -1.4187175e-01  -1.8017538e-01  -2.4054783e-01   3.5964794e-01  -1.2606682e-01   1.0550096e-01  -6.9499507e-02  -1.3803649e-01  -1.5554750e-01  -2.6159176e-01  -1.9816420e-01   4.7707861e-01  -1.6392352e-01   3.5558156e-01   2.6673135e-01   3.2164734e-01  -2.2315865e-01   3.1494784e-02  -1.3423826e-01   2.4430333e-01  -1.2978885e-01  -2.9852826e-01  -3.3919254e-02   1.6702078e-01  -4.0127091e-01   6.8563529e-01  -2.2827068e-01  -4.3486189e-01   3.1245349e-01  -7.2297592e-02  -3.4603949e-01  -1.4679065e-01   5.0765598e-01   2.4301353e-01  -1.1896688e-01  -1.1874144e-01  -2.4765619e-01  -1.3779091e-02  -2.0267992e-01  -2.5444285e-01  -2.5787366e-01   4.9784872e-01   4.6715122e-01   4.8627647e-01   3.0259322e-02  -1.3836325e-01   8.1419686e-03   2.8222463e-01  -1.1774255e-02  -3.0748424e-01   9.6287636e-02  -1.7500149e-01  -1.6501245e-01  -2.4259455e-01   4.5754705e-01  -1.6444025e-01  -1.3187522e-01  -3.4858324e-01  -1.3625218e-01   1.6654535e-01  -2.4924648e-02  -2.1185810e-01  -7.6080325e-03   1.4424075e-01   6.5447023e-01  -1.2814788e-01  -2.1376205e-01  -4.2015909e-01  -3.2394112e-01  -1.8335963e-01   4.3532199e-01  -4.5287888e-01   4.9981281e-02  -4.4551853e-02   1.3029202e-01  -3.2014044e-01  -5.2897254e-02  -7.8966521e-02  -1.7271375e-02   5.3673317e-01  -4.4293973e-03   4.0934051e-01   3.7664209e-01  -3.4444595e-01   1.6609513e-01  -2.7083831e-01   2.6058064e-02   2.2726326e-01   1.0032306e-02  -3.7379407e-01   7.2036025e-03  -4.1625590e-01   2.2871746e-01  -3.2104109e-01  -2.1269148e-01   4.1655278e-01   4.5328217e-02  -3.7415165e-01   3.7241253e-01   4.0268303e-01  -8.1899467e-02  -3.5326704e-01   1.5287611e-01  -5.8386197e-02   1.2780123e-01  -1.8965570e-01   1.4282790e-01  -5.7079434e-02   7.1824461e-02  -3.1195766e-01
  -1.6997730e-01   2.9259229e-01  -1.5840493e-01  -2.8941799e-02  -2.1302666e-01  -9.0970002e-02  -2.0638585e-01   0.0000000e+00   4.4647227e-01   9.1919509e-02   2.8831405e-01   5.8903124e-02  -2.6454358e-01  -9.0182942e-02   1.2021859e-01  -2.7234512e-01  -3.9078787e-02   1.9421270e-01   2.2671988e-01  -3.5041961e-01  -1.2840703e-01   2.2342682e-01  -9.6028604e-02  -1.4925183e-01   1.2787395e-01   6.5060728e-01  -3.9383210e-01   2.7469517e-01  -1.0923207e-01  -6.8751362e-02   4.2275766e-01   3.4636607e-01  -5.0421103e-02   1.8306099e-01  -7.5503242e-02  -4.2679217e-01  -3.1019561e-02  -1.0113583e-01  -3.3926717e-01  -4.1680367e-01  -3.5017029e-01   8.3262089e-02   1.1068211e-01   5.0555675e-01   6.9714735e-02   1.1670133e-01  -2.5783395e-01  -7.7300498e-02  -1.1411235e-01  -2.0483499e-01  -7.4285035e-02   7.2364561e-01   1.8727829e-01  -7.9271389e-03  -1.1106775e-01   2.5418905e-01   2.8672478e-01   6.1363424e-01  -6.3264559e-02  -4.8195237e-02   9.1212534e-02  -8.1534561e-02   1.5731189e-01   5.6080891e-01   2.9088263e-01  -3.0878683e-01   1.4701907e-01   2.0046556e-01   2.3819621e-01  -2.1166851e-01  -8.7065533e-02  -2.8258875e-03  -2.3407382e-01  -3.9372468e-01   2.7484390e-02   4.3064692e-01  -3.1944385e-02   4.9342408e-01  -8.5146078e-02  -1.5133335e-01  -2.6238835e-03  -5.1120656e-01   1.7280651e-01   7.6564851e-01  -4.7643489e-01   3.9666220e-01   6.0587477e-02  -1.3489803e-01   2.4749800e-01  -9.5949035e-02   4.8814611e-02   8.9856796e-02  -2.7221431e-01   3.7213131e-01   1.2924970e-02  -8.9360791e-02  -1.5278649e-01   6.8676999e-01  -2.0674098e-02  -8.5539393e-02  -3.1383486e-01   3.0447495e-01   2.7244490e-01   3.8558194e-01   4.1177873e-01   3.4237886e-01  -1.3722258e-01   6.1213529e-01  -3.0454175e-01  -1.0615651e-01   6.9109409e-02  -1.0155929e-01   5.7923117e-02  -1.2364768e-01  -2.1633112e-01   1.9637043e-01   3.9142773e-01  -2.4428764e-01  -1.1315165e-01  -5.8873417e-02  -6.6422364e-03  -2.8401580e-01   2.8617084e-01   4.8714026e-01   1.1113614e-02  -1.0371842e-01   7.6967094e-02  -1.1656104e-01   4.9658570e-01  -4.3877668e-01  -4.0644398e-01  -9.0104022e-02  -6.5468938e-02   4.0688591e-01   4.7840002e-01   7.2968669e-01   2.1555163e-01  -8.2574453e-02   6.3446401e-01   2.1068428e-02  -6.8437142e-02  -2.7456710e-01   3.6442214e-01  -4.6467316e-01   2.3254679e-01   2.9270206e-01  -3.1377637e-01   4.1078179e-02  -2.8386758e-01   1.0336209e-01   1.4010405e-01   4.4823876e-01   3.6584223e-02   2.5679682e-01  -4.8840640e-01  -2.9623687e-01  -9.8851204e-02  -2.7844365e-01   7.8300642e-02   5.6475137e-02   2.4792603e-01   4.8961641e-01  -1.3828378e-01   1.4653961e-01   5.2534329e-01  -6.0504515e-02  -1.7550299e-02   2.7972569e-01  -7.8066214e-02   8.6519168e-03   9.7403430e-02  -1.5386531e-01   9.1709342e-02  -5.0649093e-01   1.4183337e-01  -1.8464884e-01   4.4178545e-01
  -1.0588247e-01   7.6920899e-01   2.4124913e-01  -1.7644269e-01  -1.4616904e-01  -2.2280638e-01  -3.9391702e-01   4.4647227e-01   0.0000000e+00   2.2463850e-01  -6.8665711e-02   3.4179450e-01  -7.9090516e-02  -1.0414984e-01  -2.8518185e-01  -2.0034710e-01   3.6790786e-01  -1.0403414e-01   2.9184915e-01  -2.5422348e-01  -3.4482869e-01   9.9394603e-03  -2.3017197e-01  -4.5048480e-02   1.8302597e-01   5.2193637e-01  -4.2926462e-01   8.2936667e-02   1.0808124e-01  -3.3286693e-01   8.0000861e-02   4.3584465e-02   6.5212384e-02   1.1055475e-02  -2.8006034e-01  -2.9661283e-01  -6.3562465e-02  -1.6497548e-01  -1.3928148e-01  -3.3431710e-01  -2.4429372e-01   2.7884323e-01   1.5487776e-01   3.4174393e-01  -8.0976420e-02   4.7388361e-01  -3.1715840e-01  -2.6511677e-01  -2.0048747e-01  -3.3557309e-02  -4.5512726e-01   5.6992380e-01   1.9026812e-01   2.9002051e-01  -6.6474851e-02   7.1877537e-02   3.0482692e-01   2.9560902e-01  -1.8776544e-01  -1.7891473e-01   4.9101069e-01  -2.9231016e-01   5.2142500e-01   3.6999034e-01   2.8712077e-01  -2.8306978e-01  -1.2838496e-01   2.8446970e-01  -9.6649269e-02   1.2451110e-01   1.3197174e-01  -1.2707138e-01  -8.8435081e-02  -2.8909361e-01   9.5555111e-02   1.8344663e-01   2.9210402e-01   1.4399499e-01  -1.4244752e-01   5.0789096e-02  -1.7004556e-01  -4.0909022e-01  -6.4696367e-03   4.3032651e-01  -3.4721764e-01   8.8110672e-02   2.7492478e-02  -1.3968902e-01   5.8427099e-01  -1.0209998e-01   1.4807611e-01   5.2104318e-01  -4.3524696e-01   7.0694182e-01   4.5056150e-01  -1.0706222e-01  -7.7988038e-02   3.1206500e-01   2.1081901e-01  -1.7972710e-01  -2.8866859e-01  -1.0743165e-01   1.3729207e-01   3.3595185e-01  -1.2949792e-01   4.0929021e-02   1.3769684e-01   1.1022881e-01  -2.8506090e-01  -3.3435591e-01  -1.0026572e-01  -3.5039756e-01   3.6456386e-01  -1.3526679e-01  -2.9416480e-01   3.9703296e-01   2.7728279e-01  -1.2009822e-01  -2.0949151e-01  -6.0064433e-02   3.0529319e-01  -3.1308178e-01   5.1125597e-01   2.5942446e-01   4.1990681e-01  -9.5832676e-02  -9.4455238e-02   9.5122299e-02   3.8426533e-01  -4.9784753e-01  -3.3413814e-01  -3.1673616e-01   5.4293607e-02   4.8111996e-01   6.8355929e-01   4.6700781e-01   2.3583577e-01  -2.5526016e-01   3.9154191e-01  -1.1926773e-01  -8.2647500e-02   1.8295101e-02   2.5337452e-01  -4.1876825e-01  -1.9091673e-01  -4.2197111e-02  -2.4072401e-01   1.6914235e-01  -4.1775403e-01   6.6777540e-02   2.9159137e-01   1.8611905e-01   3.6852110e-01   1.7986687e-01  -4.5965005e-01  -1.1744281e-01   3.5867392e-01  -2.6723080e-01   5.1819600e-01  -1.7217432e-01   3.3409345e-01   8.0988636e-02   1.0606290e-01  -2.8223225e-01   3.7204980e-01  -2.8910341e-02  -1.3158155e-02   2.3521153e-01   2.3224235e-01   1.8757865e-01   2.6638787e-01  -2.3931229e-01   9.2440822e-02  -5.4720505e-01   2.1657723e-02  -1.2346135e-01   2.1998367e-01
  -2.7983679e-01   2.2019473e-01   2.4686241e-01  -1.6930792e-01   1.6593600e-01  -9.0945564e-02   1.3138278e-01   9.1919509e-02   2.2463850e-01   0.0000000e+00  -1.3753106e-01   4.0338906e-01   6.0529867e-02  -2.2123749e-01  -1.2487113e-01  -1.0127653e-01   1.8404446e-01  -8.3187998e-02  -1.5660340e-01   2.1092672e-01  -6.8955608e-02  -8.9499505e-02   1.8199852e-01  -2.3747577e-01   1.6094862e-01   3.0735447e-02  -2.5848085e-02  -2.6739547e-01   7.8187266e-04  -2.8306640e-01  -1.6045443e-01  -1.0120996e-01  -2.6252704e-01   3.8008886e-01  -3.7914729e-02   6.7624933e-02  -3.6721468e-03   2.5369832e-01  -8.7996508e-02   6.1273133e-02  -1.6748409e-01  -1.1877070e-01   2.3824429e-01  -1.0198214e-01  -3.2437021e-02   6.2226090e-02  -2.2140261e-01  -1.0806607e-01   7.3891752e-02   7.4425096e-02  -2.5793763e-01  -2.2911684e-02   1.6838665e-01   1.2056790e-01  -5.8497232e-02  -7.3852510e-02   2.4665077e-02   2.6791295e-02  -1.2072155e-01   1.2905328e-01   5.2686600e-02   9.2817921e-02   1.7260688e-01   1.4500844e-01   8.8086161e-02   2.2771778e-01  -1.3536840e-01  -9.2294001e-03  -1.9574173e-01   2.6467176e-02   1.0472394e-01  -2.4440141e-01  -6.1182057e-02  -1.2259147e-01  -3.3871106e-02   6.0063922e-02   2.4340952e-02  -2.9405552e-02   3.4099673e-01  -1.2407469e-01  -2.8923829e-01   3.4914444e-02   1.1438735e-02   3.7479568e-02  -1.0227479e-01   4.0547647e-02  -9.4580425e-02  -2.4515404e-01  -1.4597097e-02  -2.7213691e-01   3.6816139e-01   6.4823897e-02   1.4588513e-01   3.1074688e-01   1.5185577e-01   3.3969369e-01  -1.0970419e-01   6.4194222e-02   1.5519828e-01   1.0553714e-01  -1.7964045e-01  -1.4306382e-03  -3.7863738e-01  -3.3020386e-02  -1.4924676e-01  -1.0538340e-01  -1.2264813e-01  -7.7612919e-02   1.8470511e-01   7.9070159e-02   3.1521033e-01  -1.3259306e-01  -7.7766571e-02  -1.7942077e-01  -2.6043854e-01   3.2752345e-01  -1.8975749e-01   6.0491926e-02  -2.6118545e-01  -2.3863029e-01  -1.1290325e-01   3.5290463e-01   2.2968332e-01  -7.0019971e-02   1.7781331e-01  -1.2259632e-01   7.1557468e-02  -4.1840621e-02   1.6231138e-01  -2.3318076e-01  -2.1950657e-02   4.0087045e-02  -1.5506903e-01   1.3727202e-01   1.9927633e-01   6.8992766e-02   8.5752109e-02  -2.1320305e-01  -9.1307102e-02   7.8743625e-03  -9.3024196e-02   3.3043780e-01  -4.2209854e-02  -2.4458901e-01  -1.5684681e-01  -1.3421126e-01   2.7382631e-01   2.4019482e-01   3.2129055e-01   6.0546579e-02   1.5214326e-02  -2.1808660e-01   1.0032035e-01   4.5490058e-02   1.1999478e-01  -8.8032701e-02  -2.2790962e-02  -1.8671339e-01   2.0424110e-02  -3.4720101e-01  -6.0389240e-02  -1.8205445e-01   4.4304897e-01  -2.6684489e-01   9.3954058e-03   2.3545653e-01   1.5510282e-01  -1.9053918e-01   3.7725986e-03   1.6308732e-01   5.4728055e-01   3.4793898e-02  -2.1521838e-01  -2.7931425e-01  -6.8447946e-02   1.5688270e-02   2.8713238e-02
  -1.5452022e-01  -1.9303943e-04  -1.2058584e-01   3.3559530e-01   6.0250808e-02   3.3942142e-01  -8.0189113e-02   2.8831405e-01  -6.8665711e-02  -1.3753106e-01   0.0000000e+00  -5.1923787e-02  -1.1825065e-01   4.2971961e-02   1.4181628e-01  -3.0452220e-02  -1.2506899e-01   5.9847319e-01   6.9913955e-02   2.1541894e-02   4.4445175e-02   3.5654077e-01  -2.6400627e-03  -2.2773578e-01  -6.1029254e-03   4.6733826e-02   1.3815966e-01  -9.4071914e-04  -5.5883896e-02   4.8564187e-01   2.6646841e-01   2.1252463e-01  -1.2931356e-01  -4.0042689e-02   1.4541658e-01   1.7450639e-01   4.0814695e-02  -3.8864120e-01  -3.4411385e-02   1.0974870e-02   1.5935281e-01  -1.2548707e-01   8.4187555e-02   2.5451685e-01   3.8120486e-01  -3.1990754e-01   5.1205765e-01   4.9211048e-03   1.7597709e-01   3.7584394e-02   5.5449246e-01   8.4556861e-03   5.9138205e-02   7.0691328e-02   2.1049609e-01   3.4543621e-01   1.7016498e-01   2.8950088e-01   3.8498242e-01   1.6607038e-01  -2.5025081e-01   2.0483078e-01   3.0227400e-02   2.9548621e-01   1.3318388e-01   1.7698960e-01   4.1237858e-01   6.1767162e-02   6.4089279e-01  -3.0012059e-01  -8.2814334e-02   3.2406931e-01   1.9536565e-01  -3.9961077e-02   1.4447077e-01  -1.2755907e-01  -3.9832978e-01   3.7708181e-01   8.5326983e-02   2.1522403e-02  -4.5110995e-02   1.2607763e-01   2.7684458e-01   2.0372042e-01   1.3543554e-01  -6.1135746e-02   1.4204581e-01  -1.1893945e-01  -1.3041428e-01  -2.4655715e-01  -1.9333356e-02  -2.2130519e-01   9.6055637e-02   1.3050816e-01  -2.9821984e-01   6.8729192e-02   1.0760652e-01   3.3213844e-01   1.4198342e-01  -1.5816084e-01  -8.4476512e-03   4.3193815e-01  -8.2158648e-02   1.9299840e-01   4.4523050e-01   9.7920202e-02   9.4769839e-02   4.8332354e-01  -1.9777834e-02   2.4004177e-01   1.3775676e-01   4.6513848e-01   9.3521711e-02  -2.4544862e-01  -6.9715477e-02  -8.6730369e-02   4.4425043e-02   1.2847409e-01   1.2514325e-01   2.5106668e-01  -3.8580714e-01   9.0890858e-02   6.9760144e-02   4.4121180e-01  -3.4676278e-01  -8.5434918e-02   4.1080953e-01  -3.8908065e-02   2.1084962e-01  -5.6064654e-02  -6.8637116e-02   1.7057986e-01  -8.4678243e-02   1.3115767e-01   2.0233311e-01   3.5185842e-02   1.0526509e-01   1.2383640e-01   3.5847959e-02  -1.4780825e-01  -4.7532343e-02  -2.5192058e-01   4.8108551e-01   1.1586280e-01   3.3101606e-01   2.1021305e-01   2.8216257e-02   1.3554226e-01   2.9635222e-01  -1.1955613e-01  -2.1752054e-01  -9.8967875e-02  -2.5294646e-01   3.9397420e-01  -2.0317670e-02  -2.7010707e-01  -2.6011489e-01   2.9880183e-01  -2.6110721e-01   1.0815891e-01   1.6723664e-01   6.7239345e-01  -1.0630686e-01   4.9573802e-01   3.0095243e-01  -1.0138529e-01   2.2405723e-01  -1.1921096e-02  -1.7532274e-01  -5.6755009e-03  -6.4669672e-03  -8.7471155e-02   2.6613269e-01   9.4623466e-02   6.0141167e-02   3.1248537e-02   4.2725194e-01
  -2.2319224e-01   5.5873540e-01   5.4363739e-01  -1.7382864e-01   1.7623540e-01  -9.5690364e-02  -1.2764865e-01   5.8903124e-02   3.4179450e-01   4.0338906e-01  -5.1923787e-02   0.0000000e+00   5.5702701e-02  -4.3965709e-02  -1.8812853e-01  -1.2667970e-01   5.0680932e-01  -1.1334992e-01  -6.3712081e-02   2.0281100e-01  -4.1450716e-01  -6.6273064e-02  -2.6441813e-01  -1.9637086e-01   2.6195111e-01   4.4627163e-02  -1.8997237e-01  -8.5172935e-02   9.5021981e-02  -1.6482209e-01   1.5667257e-02   2.4685548e-02  -2.9982732e-02   3.1824859e-02  -1.6540572e-01  -7.6848309e-02  -8.8674577e-02  -2.1728425e-01  -1.1643974e-01   1.8887238e-01  -9.8427916e-02   1.0621291e-01   2.4639708e-01   2.4710766e-02   1.3133282e-01   5.0477960e-02  -2.1043314e-01  -9.7458177e-02   3.0442807e-03   4.5502544e-01  -3.3916159e-01   1.0932797e-02   6.6217778e-02   1.5567245e-01   1.4293321e-01  -4.4367048e-02  -1.0882013e-03   1.8070874e-01   5.2472235e-02   1.0686770e-01   1.5111225e-01   3.9869315e-02   4.9294066e-01   1.9639336e-01   1.3895002e-01  -1.2670112e-01  -1.6156145e-01   1.9083113e-01  -1.2651641e-02   2.3829048e-02   3.2065583e-01  -3.0147651e-01   3.3640580e-02  -9.7302221e-02   1.3765646e-01   8.7402682e-02   4.3869560e-03   7.5445409e-03   2.1669582e-01   1.4501512e-01  -3.2095545e-01  -5.0700777e-02  -3.9904276e-02  -3.0149396e-02   1.8989128e-01   1.1211382e-01  -6.6372145e-02  -1.0139399e-01   3.1983591e-01  -2.6703970e-01   3.2419592e-01   2.2900335e-01  -4.0215790e-02   3.7976771e-01   3.0627087e-02   1.5443229e-01   1.0968090e-01   1.8215909e-01   3.0291081e-01  -2.5871745e-01   1.7302291e-02   9.9451472e-02  -1.7472596e-01   2.2620281e-03  -1.6372905e-01  -7.0482717e-02   2.2592413e-01   8.9470126e-02  -1.2463404e-01  -3.2190338e-01   1.9348162e-02  -5.7364199e-02   1.0218966e-01  -2.6378258e-01  -1.7312886e-01   3.4801372e-01  -2.2822502e-02   7.8119072e-02  -1.5655339e-02  -3.2593383e-02  -8.2596207e-02   1.3737373e-01   4.7962617e-01   5.4870652e-02  -3.8555187e-02  -9.5996421e-02   4.1625383e-02   2.1727795e-01   9.0465883e-02  -3.1687115e-02  -1.0694450e-01  -2.9519713e-01   2.2427687e-02  -2.0767460e-02   3.4208355e-01   1.2025406e-01   2.7128505e-01  -9.6555384e-02   4.5541764e-02  -8.3285843e-02   2.7981674e-02   1.1354067e-02   2.8571983e-01  -9.9345363e-02  -1.2769280e-01  -8.5014613e-02   1.5512306e-01  -5.5809886e-02   2.6251459e-02  -2.3737537e-01   3.3953985e-03  -1.1088107e-01   1.4809266e-01   3.0961807e-02   1.6331383e-01  -1.7830653e-01   5.3676297e-02   1.0660767e-01   1.5521575e-01  -3.6980927e-01   2.4018239e-01   1.7720130e-01   3.8660304e-02  -2.0105577e-01   1.4440751e-01   2.9109605e-01   4.6482454e-02   6.2432816e-02   1.2942912e-01   4.4648320e-01   6.2779777e-01  -1.3168230e-01  -1.2394573e-01  -1.9434501e-01  -4.2323410e-02   8.7478705e-02   1.9676245e-02
  -2.6383189e-01  -4.7631359e-02   9.1580588e-02   1.3590913e-01   4.0145370e-02   1.4700143e-01   8.9292773e-02  -2.6454358e-01  -7.9090516e-02   6.0529867e-02  -1.1825065e-01   5.5702701e-02   0.0000000e+00  -2.2283268e-01  -2.0173418e-01   4.4110019e-01   1.3697299e-01  -7.6419340e-03  -3.0832856e-02   2.6618182e-01   1.4280860e-01   4.4486428e-02   1.6575775e-02  -2.4090875e-01   1.7128853e-01  -2.3598935e-01   2.2122493e-01  -3.0138022e-01  -6.6623808e-02  -1.5765290e-01  -3.7131189e-01  -4.0133533e-02   2.5832980e-01  -6.6368691e-02  -1.3241024e-01   3.0491206e-01   1.9566312e-01  -6.2474695e-02   5.3067360e-01   1.2961957e-01   6.5713352e-01   1.5659049e-01  -7.2769584e-02  -3.5320219e-01  -8.3602601e-02   9.2004726e-02   2.6979710e-01  -1.2058854e-01   1.8376162e-01   2.3722107e-01   4.0547370e-03  -3.5130043e-01  -8.8449008e-02   1.4900254e-01  -2.3296836e-03  -4.3259371e-01  -9.0135232e-02  -1.9898228e-01   8.8792143e-02   3.0999677e-03   1.8931908e-01   6.5610791e-03   4.3808276e-02  -2.7708532e-01  -1.2518991e-01   2.9142880e-01  -9.2868517e-03  -3.1247852e-02  -6.3678607e-02   1.4448481e-01  -8.4191613e-02   5.3295217e-03   5.4099779e-01  -1.1641224e-01   1.2392250e-01  -2.0622041e-01   2.2510375e-01  -4.0490866e-01   6.4273918e-02   3.5700695e-01  -8.4388393e-02   5.9645718e-01  -1.6834166e-01  -1.3718884e-01  -6.8608687e-02  -2.3225760e-01  -6.0833986e-02  -2.7087966e-01   4.4872963e-02  -2.4219654e-01   6.2963979e-02   1.4437986e-01   7.0096304e-02  -8.2316418e-02   1.4989463e-01  -1.2243723e-02   6.9117391e-02  -2.8752725e-01   2.1482383e-01  -1.8238961e-02  -1.9247223e-01  -1.2630934e-01  -1.9898778e-01  -2.9601196e-01  -2.0602654e-01  -1.1326896e-01   1.2592354e-01  -2.1056560e-01   8.1343215e-02   2.1034387e-01  -7.7662181e-02   7.0872987e-02   2.1092963e-01  -3.0455932e-01  -1.5354453e-01   9.4120737e-02  -2.8508165e-01   6.3607870e-01  -2.6723243e-01   2.3711600e-01   2.8040315e-02   1.7020637e-01  -3.7484198e-02  -2.2093751e-01   1.2304654e-01  -1.8827365e-01  -1.8413224e-02   2.4679626e-01   1.2969586e-02   1.5993578e-02   6.0252252e-01  -6.2141432e-04  -2.1253560e-01  -7.3169123e-02  -1.6913597e-01  -2.6486097e-01   1.3539990e-01  -1.8422167e-01  -2.7416293e-01  -2.2535731e-01  -2.0032859e-01   5.7496347e-01  -3.3697589e-01  -4.0723248e-02  -2.4396607e-01  -3.3681631e-01   1.0643561e-01   2.7891862e-01   1.6846359e-01  -1.9672456e-02  -9.5120095e-02  -2.8590739e-01   3.3744112e-02  -1.5452740e-01   1.2861068e-01  -1.1129238e-02   1.5746383e-01   1.1532076e-01   1.8647440e-01   1.3394108e-02  -2.2455604e-01  -3.3473902e-01   2.6288462e-01  -1.6739286e-01  -1.7349758e-01  -1.1372998e-02   6.8130003e-02  -3.3281198e-01   7.9746921e-02   9.1560143e-02   1.7197187e-01   1.3606468e-01   8.7712723e-02   1.6119811e-01  -1.2636259e-03   2.7243919e-01  -1.3893659e-01
   4.9261396e-01  -1.6628151e-01  -9.3518557e-02   9.0683734e-02  -1.5424232e-01   8.0939882e-02  -1.6351888e-01  -9.0182942e-02  -1.0414984e-01  -2.2123749e-01   4.2971961e-02  -4.3965709e-02  -2.2283268e-01   0.0000000e+00   4.4163422e-01  -2.6462204e-01  -1.2262420e-01   4.6594751e-02   1.6730386e-02  -1.9720818e-01   2.0568134e-01   1.1530750e-01   1.4186233e-01   1.4674852e-01   2.5466355e-01  -4.9754117e-02  -8.9906622e-02   5.7696247e-01   8.7814084e-02   3.6492734e-01   4.6683101e-01  -5.2434263e-03  -1.7445130e-01  -1.1565516e-01   1.0263249e-01  -2.1451029e-01  -8.1901383e-02  -2.4024550e-02  -2.7876350e-01  -1.0496824e-01  -2.5576830e-01  -2.2583304e-01   2.3018702e-02   2.1852084e-01   1.6432619e-01  -2.0176202e-01  -1.8065826e-01   1.3960984e-01   1.5683660e-02  -1.7113770e-01   7.5932731e-02   9.6329645e-02  -1.9855606e-01   8.0760600e-02   5.3497081e-01   4.5710405e-01   2.8155728e-02   8.4746713e-02  -5.9370580e-02   2.3572509e-01  -2.1341944e-01   1.5779145e-01  -1.8152783e-01   2.1036671e-01  -1.2105505e-01  -1.5078529e-01   4.1883054e-02   1.3458064e-01  -6.0830688e-02  -1.9269135e-01  -2.3630128e-01   9.8327063e-02  -1.7645438e-01   5.1000850e-01   9.0317136e-02   1.6250998e-01  -2.6541979e-01   1.7213858e-01  -2.3153540e-01   8.7418680e-02   2.7925183e-01  -2.4938950e-01   1.1121444e-01  -1.3967165e-01   4.5284801e-01   2.3330502e-01   3.0230596e-01   7.0333482e-01  -1.5849625e-01   3.4581598e-01  -1.4538020e-01  -2.2406712e-01  -6.0661428e-02   1.0447468e-02  -2.7134115e-02  -1.7587836e-01   2.0379428e-01   2.4383256e-02   4.2061454e-02   1.7539078e-01   4.5522098e-01   3.2626314e-01   4.1702949e-01   3.8553494e-01   7.0338629e-02   1.8668370e-01   1.8905374e-01  -6.7651198e-03  -1.6468519e-01  -8.7875855e-02   3.9053754e-02   2.5087532e-01  -5.6100773e-02   2.9708482e-01   4.2293052e-01  -1.5126602e-01   2.1658430e-02  -1.8234753e-01   6.4088695e-01  -3.9651193e-02  -6.3992380e-02  -2.2814856e-01  -1.3694409e-01   1.3454452e-01   1.0820915e-02   4.5446801e-01   1.9916025e-01   1.2235966e-01  -1.1108796e-01   1.1567337e-01  -2.5218302e-01  -1.4745589e-02   4.1988136e-01  -5.8365591e-02  -4.8105022e-02   1.2760155e-01  -7.3355540e-02   3.4488251e-01   2.8494135e-01   3.1875852e-01   4.9408294e-01  -1.2346436e-01   9.7530849e-02   3.8257024e-01   4.3177789e-01   5.6601085e-01  -4.9108454e-02  -1.1972196e-01   3.7350406e-02  -9.7993779e-02   2.1792439e-01   2.3398867e-01   1.3197375e-01   7.3927405e-02  -1.8134962e-01  -5.3872301e-02   2.1220093e-01  -2.7339512e-02  -2.7786574e-01   2.1464955e-01   4.4521817e-02   1.4905709e-01  -3.2759572e-01   1.7978024e-01  -5.0648801e-02  -3.9830835e-02  -7.8253779e-02   6.2471972e-02   4.1373489e-01  -1.9464924e-01  -1.3035859e-01  -1.5960997e-01   6.7223214e-02   3.6643138e-02   2.1054401e-01  -1.3516078e-01  -4.9335651e-02
