   0.0000000e+00  -1.9162000e-01  -1.7417210e-01   1.0475659e-01  -3.2015086e-01   2.3609311e-02   6.4238629e-03   4.0816169e-02  -4.8064205e-02   2.5009107e-02  -1.4159954e-01  -7.6997690e-02   2.1989521e-01   1.9133246e-02   1.0308160e-01  -2.7633152e-01  -1.7066796e-01  -1.5477854e-01   2.6535751e-01  -2.3468498e-01   2.6123373e-02   2.5154711e-01   9.0200830e-02   7.4436236e-01   2.3780402e-01   2.6492811e-01  -1.3648499e-01  -1.7288054e-01   2.1521191e-01   2.7458636e-01  -3.3516198e-02   3.0215114e-01  -1.0144063e-01  -4.1825861e-02   1.0801080e-01  -2.7740690e-01  -1.9099538e-01  -3.4546729e-01  -4.3209223e-01  -3.2023138e-02   1.1054490e-01  -7.6843165e-02  -2.2950466e-02  -2.3911215e-01  -1.1793859e-01   5.7400835e-01  -1.8935167e-01   9.7843902e-03  -1.3893840e-01  -1.4398757e-01  -3.8094068e-03   1.5271626e-01  -5.5783217e-02   2.0375477e-01   4.3333828e-02  -1.3652745e-01   2.3896650e-01   2.0392613e-01  -9.9197437e-02   2.2716275e-01  -3.4762569e-01  -7.9508065e-02  -1.9506638e-01  -1.1763517e-01  -6.4490936e-02  -4.5453958e-02   7.7264149e-04   8.3873064e-02  -7.0726619e-02   1.7743066e-02  -6.9959285e-02   1.7503723e-01  -2.4006617e-01   2.5660295e-01   3.1301973e-01   1.9877170e-01  -2.0342995e-01  -5.5910154e-02  -1.6934626e-01  -5.5029214e-02   1.7857222e-02  -2.2282000e-01  -1.2753526e-01   1.9887657e-01   6.3910978e-02   1.7596323e-01  -1.3962757e-02   5.1898702e-01   2.9610158e-02   6.7858134e-01  -1.3018711e-01  -1.3605239e-01  -2.0573875e-02   4.0859968e-02  -3.5614669e-01  -3.1641168e-02   2.3358007e-01   3.0133871e-01  -1.7161371e-01   1.9685190e-01  -7.0837732e-02   5.4315755e-02   5.6106947e-02   2.2356071e-01   2.5185599e-01   1.2681816e-01   1.5427727e-03   1.6677583e-01  -1.5645108e-01  -8.1284925e-02  -7.2501272e-03   2.2783120e-01   2.3362153e-01   7.4852520e-01   5.2551820e-03  -4.8181145e-02  -3.3122681e-02   9.4063210e-02  -2.0948946e-01   2.5877535e-01   4.9868898e-01  -9.7289097e-02   2.2275986e-01   3.0376482e-02   4.5251002e-01   3.2378440e-01  -5.6755906e-03  -1.8134784e-02   1.7482262e-01  -1.9059607e-01   5.7670376e-02  -2.3526423e-01   4.2660552e-01  -1.1380461e-01   2.0366546e-01   1.6452027e-01   1.4226352e-01  -9.9807841e-02   1.6858650e-01   3.5021533e-01   6.4812685e-01   1.5488319e-01   1.4415895e-01  -2.1497388e-01   5.5734272e-02   1.1458323e-01  -7.1204246e-03  -2.0752571e-01   5.2259548e-02   1.5596975e-01   1.5149333e-01  -1.0382743e-01   4.9498770e-01  -1.2310492e-01  -2.0914207e-01   5.9333606e-01   4.3204397e-01   3.7817036e-02  -2.1586594e-01   9.2433099e-02   1.5082663e-01   7.1844436e-02  -1.2021831e-01   1.7575089e-01   1.9082939e-01   4.1490046e-03   9.0616630e-02   1.6809228e-01   4.6539565e-01  -1.0523247e-01  -5.7163544e-02  -2.3638255e-01  -3.4020495e-02   1.4765035e-02   1.4596314e-01  -1.1522939e-01   8.4655499e-02
  -1.9162000e-01   0.0000000e+00   7.3614479e-01  -1.8823107e-01   5.4525716e-01  -1.4545075e-01  -2.6987261e-01  -8.3405734e-02   5.6689256e-01  -1.6292635e-01  -1.6865979e-01   5.2341720e-01  -1.9488681e-01  -1.6945228e-01  -5.5374306e-01   1.5017372e-01   6.2438753e-01  -8.7183507e-02   3.4784776e-02   4.4199672e-01  -4.9935726e-01  -3.2161989e-01  -6.0847614e-01  -2.5639862e-01  -1.3561699e-01  -4.1142050e-02   5.9627646e-01  -1.1496459e-01   1.3692368e-01  -3.4602543e-01  -2.6507483e-01  -1.5490718e-01  -1.6005142e-01  -9.7468389e-02  -4.6831688e-02   1.7115532e-01   1.1781827e-01   1.7817229e-01   2.4161257e-01   4.1358317e-01  -2.2466390e-01  -1.3716419e-01   2.7736582e-01  -4.3064225e-02   4.2758936e-01  -9.8983977e-02   6.4804009e-02  -1.2253357e-01   2.3210719e-01   6.0900048e-01  -4.3214269e-01  -1.5342694e-01   4.5623054e-01  -9.4263763e-02  -2.0340424e-01   3.4886136e-02   5.7700042e-02  -2.2787900e-01   4.3411972e-02  -3.3238649e-01   2.2864999e-01   1.4603796e-01   5.9978581e-01   1.9494995e-01   4.8007721e-01  -3.7090394e-02   8.1734744e-02   9.4749475e-02  -2.0279493e-01   2.6315915e-01   5.1588034e-01  -2.8720814e-01   6.7739130e-02   2.1687642e-01  -2.8316976e-01  -1.8207465e-01   1.4183700e-01  -2.2798413e-02   6.5910821e-01  -2.4372750e-02  -3.2582523e-01   1.3674206e-01   1.6704280e-01  -8.0790043e-02   2.3547161e-01  -3.2841799e-01   2.8854916e-01  -3.6306884e-01   4.8199951e-01  -2.4658573e-01   5.6391596e-01   1.3418551e-01   3.2451770e-02   1.7631665e-01   1.6889105e-01   2.7860217e-01  -3.2658964e-01  -1.7289795e-01   3.4626586e-01  -3.9517591e-01  -2.0122385e-01  -2.9904602e-01  -2.0794314e-01  -1.2885559e-01  -2.5365855e-01  -1.7850308e-01   1.1563429e-01  -7.3727883e-02  -6.7790139e-02   2.7054680e-02  -4.9356172e-02  -2.3583118e-01  -2.3234820e-01  -4.2252488e-01  -3.8534997e-01   5.9012540e-01   1.0427240e-01  -1.3302602e-01   1.7489323e-02  -2.5171032e-01  -1.5084986e-01   4.5375700e-01   3.6424583e-01   5.3519158e-02  -1.6371010e-01  -1.6015628e-01  -3.0811488e-01   2.4034444e-02  -2.2251258e-01   5.3177704e-01  -7.9025013e-02   1.2063131e-01   2.5083815e-01  -2.7522494e-01   6.2612638e-02  -3.5682717e-01  -1.7226439e-01  -1.4293811e-01  -3.6844578e-01  -2.7722058e-01  -2.5457269e-01  -8.9438480e-02  -1.5745225e-01  -1.1837474e-03  -6.2022552e-01  -4.6012804e-01  -1.6016617e-01   4.8626082e-01  -2.0382016e-01  -2.5189474e-01  -2.2785096e-01  -2.5701670e-01  -1.0093702e-01   4.2123236e-01   6.0700137e-01  -4.3883775e-01  -1.3271050e-01   7.9085053e-03  -6.6963669e-02  -2.5010225e-01  -2.2471703e-01  -3.5915812e-01   1.4583478e-01  -2.0805950e-01  -1.1823649e-02   3.7825504e-01   9.4276755e-02  -1.1198473e-01  -7.9497635e-02   3.0000216e-01   5.3012890e-01  -6.2382311e-04  -2.9071207e-02  -1.7200710e-01  -1.0125353e-01   1.3286795e-02  -2.0691574e-01
  -1.7417210e-01   7.3614479e-01   0.0000000e+00  -2.5570492e-01   4.5984114e-01   1.1718957e-01  -6.4405608e-02  -9.4816440e-02   2.9648751e-01  -3.5285628e-02  -3.2028435e-01   5.1985934e-01  -1.8328379e-01  -7.8328767e-03  -3.1631016e-01   2.4352937e-01   8.1086329e-01  -3.0573322e-01   6.2795865e-02   4.9244762e-01  -3.5038749e-01  -4.0788472e-01  -3.2367114e-01  -2.3746154e-01  -2.9995300e-01  -3.4143010e-02   7.4070486e-01   2.9142454e-02   7.2864103e-02  -4.1672657e-01  -2.8125161e-01  -2.8353014e-01  -4.5401812e-03   6.6422290e-02  -9.6978375e-02   2.1841234e-01  -8.6008303e-03   1.7122965e-01   1.5804854e-01   7.3287774e-01  -4.3806248e-01   4.6840390e-02   1.9737539e-01  -4.4886466e-02   1.1739630e-01  -8.9011341e-02   5.4137801e-02  -1.6853934e-01   7.3056578e-02   7.7512113e-01  -3.7848099e-01  -1.6222817e-01   1.5408691e-01  -4.1317321e-02  -1.6062317e-01   1.8965950e-01   9.0300160e-02  -2.4530894e-01  -2.1608242e-01  -4.3817417e-01   2.8320594e-01   4.3859615e-02   4.9378100e-01  -1.0893139e-01   2.9438266e-02  -6.9532645e-02   2.2176758e-01  -4.4898037e-02  -1.5055223e-01   6.1437240e-01   4.6253518e-01  -2.7277507e-01  -9.3496248e-02   4.1645740e-01  -2.5789836e-01  -3.5286993e-01   2.0242114e-01  -9.8313678e-02   4.2937071e-01  -2.0470245e-01  -6.6905671e-02   7.1452249e-02   1.6744386e-01  -6.3482041e-02   4.0732394e-01  -3.5629182e-01   2.7129100e-02  -3.6635945e-01   4.0042900e-01  -1.9424908e-01   3.1809708e-01   3.9137612e-01   2.4088276e-01   5.2579904e-02   1.4951979e-01   3.6859523e-01  -2.4369939e-01  -6.4763273e-02   1.8419984e-01  -2.9059809e-01   8.1003388e-02  -2.5630887e-01  -1.6398686e-01  -2.7109626e-01  -3.2790444e-01  -2.5025001e-01   2.6153033e-01  -1.0152669e-02   1.2880773e-01   6.4258305e-02   1.1934533e-01  -2.4441878e-01  -2.3697768e-01  -3.1919213e-01  -2.7100702e-02   3.1970519e-01   1.4006110e-01  -2.6341803e-01   2.7603085e-01  -1.8185619e-01  -8.8347937e-02   3.6264574e-01   3.2513314e-01  -2.6498868e-01  -2.0584607e-01  -1.0195389e-01  -3.9393509e-01   5.7539605e-02  -2.5858309e-01   8.3104354e-01  -1.2031799e-01  -7.8149320e-02   1.2176596e-01  -3.5380812e-01   1.2991434e-01  -4.5954354e-01  -2.3932352e-01   8.5427601e-02  -4.6956295e-01  -2.5840360e-01  -2.4312730e-01  -7.6118060e-02  -2.7046099e-01   3.5377503e-01  -4.2561112e-01  -4.0762381e-01   2.3424299e-01   1.9797005e-01  -1.1581618e-01  -4.8608549e-01   1.4036639e-01  -1.7084817e-01  -1.1996698e-01   1.6191833e-01   7.8955900e-01  -3.2005989e-01  -8.2858611e-02  -1.7891260e-01   7.9966475e-02  -1.1868186e-01  -2.5529752e-01  -5.3346870e-01  -9.4986146e-02  -3.4596212e-01   4.3734009e-02   2.9098177e-01   4.2622116e-03  -3.8460386e-02  -8.9083918e-02   3.0455674e-01   3.4362038e-01  -9.8175105e-03  -2.9541456e-01   9.9298818e-02  -1.7250413e-01  -1.3597356e-01  -1.4158115e-01
   1.0475659e-01  -1.8823107e-01  -2.5570492e-01   0.0000000e+00  -1.0246204e-01   2.0276959e-01   5.5913354e-02   6.9582117e-02   1.1307491e-01  -1.0991598e-01  -9.9733383e-02   7.0747860e-02   2.5881167e-01   2.8075580e-01   5.2977935e-03  -1.7700159e-04  -2.5277420e-01   3.2712546e-01  -1.2162811e-02  -2.5005029e-02   2.3489382e-01   6.4336048e-01   9.3106168e-02   8.2018163e-03  -1.3825586e-01   3.2780884e-01  -1.8397301e-01  -2.3310381e-02   8.1454364e-02   5.2761323e-01  -1.8623663e-01   6.2238043e-01  -2.4550482e-01  -1.6322295e-01   3.8848267e-01   2.9169002e-02   1.6078692e-01  -1.9235959e-01   6.0631012e-02  -1.8018292e-01   3.7402743e-01  -4.4752211e-01   3.3097257e-01  -4.4251004e-02   9.9790863e-02  -1.7518037e-01   1.9094804e-01  -7.9550510e-02   2.6149572e-01  -4.1580109e-01   3.6632447e-01   2.5604808e-01  -3.6409898e-01   3.4309146e-01   1.2445234e-01   1.8179308e-01  -1.3562496e-01   6.2600544e-01   4.0136741e-01   4.6953300e-01  -1.7198032e-01   2.7594392e-01   2.3009949e-01  -2.6792354e-01   1.3746969e-01   5.5369869e-02   2.3332636e-01   5.3852048e-01   3.3258464e-01  -3.0153626e-01  -3.6949328e-01   7.4054384e-01   2.4433999e-02   9.2585596e-02   3.2839204e-01   1.7783302e-01  -2.7356682e-01  -1.1446182e-01  -1.1583866e-01   4.5062878e-01   4.9497775e-02  -6.0631065e-02  -3.7774959e-01   3.1968763e-01   2.7504093e-03   1.6915662e-01   1.8060322e-01   1.8266620e-01   8.9813100e-02  -3.2817432e-02  -1.2676801e-01  -2.1297866e-01  -6.2782425e-02   4.9399217e-01  -1.2175551e-01  -6.1425280e-02   2.2185180e-01  -8.9814865e-02   4.2711023e-01   4.0317013e-01  -2.7436311e-02   3.5682415e-01   1.0870716e-01   5.2555678e-01   6.7433978e-01   7.7390465e-01   2.0160516e-02   3.3663392e-01   2.3677037e-02   5.4431736e-02  -1.5030347e-01   3.1810075e-01   6.1991637e-01   1.9713781e-01  -4.2637086e-02  -2.4137860e-01   2.9378296e-01   3.4339227e-01   4.4003902e-02   3.6434796e-01  -4.4079315e-01  -3.6094071e-02   1.8502199e-01   6.1645756e-02  -2.5877832e-01   3.5454742e-01   3.5601741e-01   1.3916031e-01   7.4289469e-01  -1.9491088e-01  -1.1029661e-01  -2.8175529e-01   2.6214170e-01  -7.4296601e-02   4.9837333e-01   2.5430905e-02   5.7181200e-01  -9.7415308e-03   7.4772645e-02  -8.4745811e-02   2.3745636e-01   5.4656356e-01   2.4887025e-01   4.9888699e-02   1.4907938e-01   6.2122886e-02  -1.9005724e-01  -8.9386055e-02   1.6873267e-01   1.8363857e-01  -1.1887957e-01  -1.4463209e-01   1.9368412e-01  -2.9018343e-01  -1.3552207e-01   6.6301788e-03  -2.0482874e-01   2.8214578e-01  -1.0375086e-01  -4.3023070e-02   6.3822596e-01   1.9813960e-02  -5.6140549e-02   7.2298638e-01   4.2501625e-01  -2.4795596e-01  -1.2381088e-01   5.1074556e-02   2.7492129e-01  -2.9733465e-01  -1.6785946e-01  -2.8030941e-01   5.0404859e-01  -3.0357002e-02   3.2334373e-01   4.4948096e-01   4.3759921e-01
  -3.2015086e-01   5.4525716e-01   4.5984114e-01  -1.0246204e-01   0.0000000e+00  -3.1301365e-01  -5.6073181e-01  -2.4042583e-01   1.9203345e-01  -4.7953643e-01  -1.0109217e-01   2.3507122e-01  -2.2919072e-01  -3.5702196e-01  -5.6959455e-01   3.9986696e-02   6.3828540e-01  -1.4107540e-01  -1.5020952e-01   8.7720269e-01  -5.3478365e-01  -2.7393252e-01  -6.9889226e-01  -2.8894679e-01  -3.7340606e-02  -2.7885016e-01   4.7865772e-01  -2.4706443e-01   2.7835063e-01  -1.8276264e-01  -3.7046240e-01  -2.0848729e-01   1.0995558e-01  -3.0376267e-01  -2.9468055e-01   4.7578502e-01   4.0533243e-02   3.5586463e-01   2.7123727e-01   2.5507740e-01  -1.7449217e-01   1.2987016e-01  -4.2247334e-02  -2.4796114e-01   4.6943291e-01  -1.2867554e-01   1.8050848e-01  -4.6276065e-01   3.1426954e-01   5.8822155e-01  -4.4970768e-01  -3.8819655e-01   5.5726521e-02   1.0988710e-03  -3.9279941e-01  -3.9429650e-03  -1.1506235e-01  -1.8536554e-01   1.1684908e-01  -2.3676041e-01   4.0856974e-01   3.9011115e-01   4.5902646e-01  -1.4557130e-02   3.6701107e-01  -1.0530497e-01  -5.6714899e-02  -8.3835390e-02  -1.5013623e-01   6.3917076e-02   2.2812187e-01  -3.3129870e-01   2.9501226e-01   5.2721397e-02  -8.7334137e-02  -2.7565958e-01   3.6749801e-01   6.5662490e-02   8.4277329e-01  -6.4603344e-02  -3.9737681e-01   4.3590078e-02   4.0802911e-02  -3.2662969e-01   1.9652581e-01  -3.3753373e-01  -2.8655403e-01  -4.3038667e-01   3.5388448e-01  -2.5590076e-01   8.1692894e-01   2.5585646e-01  -4.4132880e-02   9.3595430e-02   3.8176560e-01   6.0790339e-01  -3.2097361e-01  -4.2890249e-01   3.9870497e-01  -4.5572007e-01  -3.6733601e-01  -4.4206940e-01  -2.8259433e-01  -1.8775212e-01  -3.0944393e-01  -1.5250902e-01   1.3263631e-01  -1.7268984e-01  -8.4249160e-02   1.5192842e-03  -2.1948951e-01  -1.4686365e-01  -1.5977883e-01  -4.1809577e-01  -5.1366111e-01   6.3933661e-01   1.1899471e-01   1.8957813e-01  -8.5816666e-02  -4.2736207e-01  -1.7969332e-01   7.7436828e-01   3.8278668e-01  -1.1374910e-01  -7.6518289e-02  -1.9548265e-01  -2.5149777e-01   1.5342591e-01  -2.1820560e-01   2.6989481e-01   1.9191368e-01  -4.3524451e-02  -3.1945890e-02  -3.7601020e-01  -3.1616997e-02  -2.3214694e-01  -7.7993168e-02  -3.6345174e-01  -3.8947820e-01  -2.3624557e-01  -4.0947515e-01   6.7612716e-03  -2.0948493e-01  -1.5545658e-01  -6.3994481e-01  -4.8369493e-01  -4.0311669e-01   4.9822983e-01  -3.0673074e-01  -3.7365402e-01  -2.9429490e-01  -2.9762881e-01  -8.5541122e-02   3.2922558e-01   4.6606809e-01  -4.6329973e-01  -4.2837951e-02   1.1986752e-01   1.6909670e-01  -3.2968551e-01  -1.6490974e-01  -3.4607333e-01  -5.2432826e-02  -2.3026348e-01  -8.9627338e-02   4.4023478e-01   1.4440245e-01  -1.2265739e-01  -1.8773114e-01   4.0833883e-01   5.4124253e-01   3.2564734e-01  -6.4879157e-02  -2.9630052e-01  -2.4792036e-01   2.4143737e-01   1.9492583e-02
   2.3609311e-02  -1.4545075e-01   1.1718957e-01   2.0276959e-01  -3.1301365e-01   0.0000000e+00   6.6358784e-01   1.2345459e-01  -2.9241278e-01   2.2084015e-01  -3.3514527e-01   2.5321756e-01   1.8118041e-01   3.8359435e-01   1.2153811e-01   1.5947718e-01  -2.4020680e-01   1.4711816e-01   9.2364009e-02  -2.1959700e-01   4.5514654e-01   4.7186814e-02   4.5145670e-01   1.6669200e-02  -1.6756864e-01   3.8722814e-01   2.6380474e-01   4.4847630e-01  -7.6791870e-02  -2.1125881e-01  -2.2300224e-01   4.1904964e-02  -3.2654542e-01  -1.3466749e-02   3.4450308e-01   3.4827190e-01   2.8456957e-01  -5.6895541e-01  -1.5809769e-01   4.2891937e-01  -1.1477354e-01  -3.6830290e-01   2.7559873e-01  -8.9180310e-02  -4.5032599e-02  -1.7643328e-01   3.8589635e-01   2.2133166e-01  -2.2028442e-01  -1.9685086e-01   4.7121961e-01   4.1370807e-01  -1.8276466e-01  -6.1875978e-02   6.0382617e-02   3.7233642e-01   1.7630268e-01   1.0611631e-01  -6.9720239e-02  -7.3755955e-02  -5.0165177e-01   3.5400069e-02  -5.6607760e-02  -5.4609750e-01  -2.6756132e-01   5.4931380e-01   8.3655631e-01   2.1358183e-01   4.7004490e-01   3.4211171e-01  -2.9972015e-01   4.7163615e-01  -3.3684489e-01   2.6211542e-01  -3.1962969e-02  -1.2892691e-01  -5.1676183e-01  -3.1058392e-01  -3.5721393e-01  -1.9743775e-02   3.2545191e-01   6.6294778e-02  -4.2388914e-02   2.6164960e-01  -1.3146185e-01  -1.1154476e-02   2.4150188e-01   8.6516715e-02  -2.6368924e-01  -5.8407171e-02  -4.7244293e-01  -3.3196556e-01   5.8904513e-01   2.8498861e-02  -5.5770499e-01   2.6024972e-01   2.0124603e-01   2.8939836e-01   4.8873434e-02   7.2874773e-01   1.8651125e-01   3.5682527e-01  -1.3382287e-01  -2.1367829e-01   3.3790460e-01   1.0802174e-01  -1.4262352e-01   4.9207497e-01   1.1310367e-01   6.2998692e-01   2.7960252e-01  -1.0229492e-01  -5.6095505e-04  -5.2147489e-02   4.9125578e-01  -5.0426133e-01   5.6234883e-02  -2.4623143e-01   2.7891515e-01   4.0508159e-01  -5.9173289e-02  -1.3018507e-02   1.1432435e-02  -3.0472351e-01  -3.8301331e-01   2.7601739e-01   1.0182243e-01  -1.4852814e-01   2.7064439e-01   2.7852905e-01  -3.5590751e-01  -1.7735277e-01   4.2048309e-02  -1.8648217e-01   2.3118937e-01  -3.1450825e-01   6.5570709e-03   1.4044117e-01   9.6324681e-03  -4.3191987e-01   1.9564140e-01   1.4365631e-01   1.0187551e-01   6.6802585e-01   1.9018828e-01   1.6696293e-02   3.8821329e-01  -6.7347608e-02   7.3899685e-01  -6.5966135e-02   3.2893183e-01  -6.7423671e-02  -1.1352202e-01  -3.8954909e-01   9.5752293e-02  -6.0009747e-02  -2.5906212e-01  -9.4311400e-02  -4.6487015e-01   1.8531985e-01   2.2671986e-01  -3.2338292e-01   3.3956732e-02   2.5238534e-01   2.3435970e-02  -2.1862671e-01   2.1032876e-01   9.0030862e-02   1.3927690e-01  -8.6285359e-02  -2.4680411e-02  -5.9772776e-01   4.4737803e-02   5.9688830e-01   7.5181069e-02  -2.3900385e-01  -8.4041752e-02
   6.4238629e-03  -2.6987261e-01  -6.4405608e-02   5.5913354e-02  -5.6073181e-01   6.6358784e-01   0.0000000e+00   2.5828332e-01  -2.8747371e-01   5.3424869e-01  -3.4042442e-02   1.7231966e-01   1.5775429e-01   2.8708179e-01   5.1782572e-01   1.9098134e-01  -4.0596566e-01   2.0169604e-01   1.1775610e-01  -4.1957396e-01   4.3590059e-01  -8.1268482e-03   7.0460775e-01   4.5934719e-02  -8.8499590e-02   2.6531919e-01   2.9879714e-02   4.8855968e-01  -2.7932336e-01  -1.6548381e-01   1.2867409e-01  -1.7788538e-02  -2.2121714e-01   3.4852275e-01   4.2500896e-01   9.6361375e-02   8.6911478e-03  -4.2580646e-01  -1.9108627e-01   1.1058281e-01  -1.2211802e-01  -2.1953134e-01   3.4806247e-01   1.9755515e-01  -2.6434271e-01  -2.1378137e-01   1.0137273e-01   5.7486295e-01  -4.3306186e-01  -3.1269869e-01   5.4168569e-01   3.5513503e-01   5.3475634e-03  -8.4824899e-02   2.4197684e-01   2.9621151e-01   1.4542860e-01  -4.3434863e-02  -1.7757894e-01  -1.0282787e-02  -4.2788535e-01  -1.4844867e-01  -2.2113752e-01  -1.9010009e-01  -4.3249026e-01   5.0202969e-01   4.9139362e-01   1.4053489e-01   2.4917796e-01   1.2456176e-01  -1.6860437e-01   3.3554535e-01  -3.9914937e-01  -6.9549298e-02  -7.0635422e-02   1.0187458e-01  -4.3236064e-01  -1.3417439e-01  -5.4863236e-01  -1.4823907e-01   4.6052163e-01   1.4776581e-01   1.0452329e-01   2.0819405e-01  -3.7722026e-01   2.3936211e-01   2.3225637e-01   1.1447253e-01  -4.6101331e-01  -1.9023942e-01  -7.3474452e-01  -2.8217062e-01   4.5941328e-01   1.3389230e-02  -4.2098024e-01  -1.3692424e-01   2.4779787e-01   2.5860515e-01  -1.7206124e-01   5.1933833e-01   3.4637944e-01   6.2187842e-01   1.2880785e-01   6.0666629e-03   2.2490879e-01  -7.7271931e-02  -8.8971978e-02   2.5634069e-01   9.4087125e-02   4.2254730e-01   4.8045634e-01  -7.2681980e-02   6.3264340e-02  -3.7496594e-02   6.6511157e-01  -6.7330033e-01  -1.5066496e-01  -2.2794873e-01   3.4334801e-01   4.0383722e-01   2.3095528e-02  -3.5734811e-01  -2.6294242e-01  -1.9187133e-01  -3.1470299e-01   2.3684984e-02   2.0039068e-01  -6.7205120e-02   1.7695799e-01   9.9018077e-02  -3.1083648e-01   1.4411513e-01  -1.9767183e-01   1.9144960e-01   1.0366539e-01   6.0619576e-02  -2.8279370e-02   4.5784333e-01   3.2058438e-01  -2.5883597e-01   1.3192870e-01  -4.2348105e-02   2.0442275e-01   5.2137041e-01   5.8247148e-01   2.7030709e-01   6.6527184e-01  -2.1115574e-01   6.2797474e-01   1.6928953e-02   3.6503153e-01   2.7417078e-01  -1.7747681e-01  -4.1075008e-01  -9.3860988e-02   3.5270709e-02  -1.5626497e-01  -2.1427942e-01  -2.4437381e-01   2.9479270e-01   1.7238181e-01   4.7259144e-02   1.0856377e-01   1.2319087e-01  -1.3759464e-01  -3.9015369e-01   1.8239891e-01   1.6452338e-01   9.6278170e-02  -2.8209823e-01  -3.4530012e-01  -4.6716971e-01  -7.0923518e-03   4.5664910e-01   4.7588475e-02  -2.8115902e-01  -2.4381862e-01
   4.0816169e-02  -8.3405734e-02  -9.4816440e-02   6.9582117e-02  -2.4042583e-01   1.2345459e-01   2.5828332e-01   0.0000000e+00  -1.1315379e-02   1.9111771e-01   6.5871349e-02   2.1192329e-01   1.7296665e-01  -1.8307461e-01   1.6989173e-01   3.4014977e-01  -1.0655010e-01   6.1398897e-03   3.5553899e-01  -1.9913332e-01  -1.0494210e-02   5.9588153e-02   1.1512434e-01  -1.0156890e-01   6.2787895e-02   3.0121343e-01  -1.3417244e-01   1.2790824e-01  -1.8959453e-02   1.9635921e-03   4.8712384e-02   1.2269497e-01  -2.3846713e-01   2.3993885e-01   2.0195514e-01  -2.0865434e-01  -6.9982718e-02  -5.1826472e-02   6.8749258e-02  -2.5951942e-02   8.4627834e-02  -3.6658817e-02   1.4271207e-01   4.9447838e-02  -1.8151735e-01   1.1295770e-01  -1.1037944e-01   6.4700711e-02  -2.0049432e-01  -3.8414842e-02   2.2224772e-01   7.0005490e-01   2.3536265e-03   2.2497131e-02   1.0006205e-01  -3.6638385e-03   3.2563311e-01   4.6750734e-02   4.7376264e-02   1.3169119e-01  -6.2654246e-02  -9.4302740e-02  -1.0970486e-01  -6.3021699e-03  -2.3351101e-01   6.3404598e-02   1.2067090e-01   1.3124518e-01   6.7696016e-02  -3.1840340e-01  -8.9536396e-03   1.4275476e-01  -1.7599780e-01   8.4697198e-02  -5.4035192e-02   2.3413189e-01  -7.0267652e-03   9.9855209e-02  -1.7138961e-01   9.8789626e-02   1.6981903e-02   2.7333132e-01   3.0909828e-02   5.4806034e-01  -5.2412216e-02   2.4673358e-02   6.7182926e-02  -7.5457393e-02   9.1039093e-02  -6.9171855e-02  -2.4873983e-01   4.7417701e-02   1.3721343e-01   1.5495845e-01  -5.2023958e-02  -1.8315025e-01   2.6750499e-01   2.8845673e-01  -1.1584016e-01  -3.4305655e-02  -2.5763335e-03   3.4974933e-01  -9.2432434e-02   7.6922997e-05   9.9417966e-02   4.7452668e-02   7.8894918e-02   2.4879146e-01   6.9348244e-02   4.4538052e-02   1.9888989e-01   6.3250400e-02   4.9519893e-02   3.2842414e-02   1.1848116e-02  -1.3313508e-01   9.9571604e-03   4.6921524e-02   1.3740104e-01   3.7497660e-01   3.5252225e-02  -2.5369710e-01  -7.6901329e-02  -2.0429267e-02   5.8037065e-02  -1.6618579e-01   8.6998571e-02   2.7719179e-01   2.0316669e-01  -1.8301083e-01  -2.8125614e-01   4.6645301e-02  -1.4405657e-01   1.0206107e-01   1.8527115e-01   4.0846803e-01   6.2667222e-02   8.5597563e-02   3.4087155e-01   8.3222550e-02  -1.0314049e-01  -1.7694535e-01   3.5003995e-01  -1.7771627e-02   1.7746200e-01   1.8316945e-02   1.1816281e-01  -1.9481821e-01   1.4039992e-01   1.3437360e-01   7.7229585e-02   1.5708419e-01  -6.5872979e-03  -1.3471635e-01   7.3640152e-02   1.3749572e-01  -2.8757991e-03  -1.1252570e-02   1.3315287e-01  -3.4729756e-02   1.8684913e-01   3.5883571e-01  -4.4390344e-02   5.8302451e-02   1.3301979e-01  -2.5991215e-02   7.4872312e-02   1.5470604e-01  -2.1328738e-02  -8.4723091e-02  -6.0817698e-02  -1.2629604e-01  -4.3427418e-02   2.8954953e-01   1.3072364e-01  -1.0099490e-01  -1.0935934e-01
  -4.8064205e-02   5.6689256e-01   2.9648751e-01   1.1307491e-01   1.9203345e-01  -2.9241278e-01  -2.8747371e-01  -1.1315379e-02   0.0000000e+00  -1.1610894e-01   2.5250513e-01   1.5708843e-01  -1.5514874e-01  -3.2186364e-02  -1.6641752e-01   4.3065663e-02   2.4789204e-01   2.4881331e-01   1.2814889e-01   8.3705787e-02  -2.0882625e-01  -1.1351200e-01  -3.6653420e-01  -1.4926199e-01  -3.4160984e-02   1.8182198e-02   2.3528527e-01  -1.4851243e-01   4.1702056e-02   8.9675656e-04  -1.2147300e-02   7.1846404e-02  -7.7542249e-02  -1.5102893e-01   1.5241703e-01  -1.1821438e-01  -4.8109729e-04   2.1216712e-01   2.4123014e-01  -1.5295744e-02   3.3249643e-02  -2.2326434e-01   2.0956402e-01   8.6931978e-02   3.7099627e-01   2.6420504e-02   4.5524306e-02   2.5428142e-02   2.7733284e-01   1.6779228e-01  -1.6773024e-01  -7.0755685e-02   2.4428848e-01   1.1275148e-01   8.7479328e-02  -1.1311003e-01  -3.7173231e-02  -8.8981195e-02   2.2746313e-01  -1.6376657e-03   2.2156433e-01   1.6777129e-01   6.0835894e-01   4.8224079e-01   6.3035785e-01  -9.8950773e-02  -6.4741712e-02   2.3254177e-01  -4.5295788e-02  -7.1879674e-02   2.4057592e-01  -3.4009527e-02   6.5781315e-02   5.9905528e-02  -1.3950434e-01   7.2739425e-02   1.4000678e-01   6.7110639e-02   2.6859493e-01   9.8958620e-02  -1.0192261e-01   1.2589709e-03  -8.0458498e-02   9.5329226e-02   1.2614874e-01   4.0938950e-02   4.4789172e-01  -1.2770747e-01   3.7227848e-01  -1.2207618e-01   3.4517967e-01   1.1744068e-01  -3.5277836e-01   4.2871165e-01   2.3062890e-01  -1.2533840e-01  -2.5155669e-01  -7.9473922e-02   3.6012986e-01  -3.4362488e-01  -5.6433324e-02  -9.3937538e-02  -3.1648377e-02   3.3079574e-01  -2.0325974e-02   2.6468929e-02   1.0836428e-01  -2.0657532e-02  -4.7014638e-02  -1.0047281e-01  -1.8718049e-01  -1.3325021e-01   3.3452913e-02  -1.0426514e-01  -2.2382122e-01   3.0586454e-01   6.2376850e-02   1.0346184e-01   1.0030739e-01  -1.5277515e-01  -2.0600200e-01   8.4438874e-02   2.3048102e-01   5.4129241e-01   2.6083967e-02  -4.4916212e-02   1.4987036e-01   5.4262270e-03  -8.3170401e-02   1.6525715e-01  -6.2622761e-02   1.5387036e-01   1.1740595e-01   3.5482601e-02   9.1226143e-02  -6.4614677e-02   6.0639281e-02   1.5311157e-02  -1.3132139e-01   7.2645660e-02  -7.2351228e-02  -1.2487010e-02  -1.0576584e-01  -1.8710403e-01  -1.9085445e-01  -7.9973347e-02  -2.0444604e-01   3.8527340e-01  -1.8506570e-01  -1.0182710e-01  -2.3366645e-01  -6.0763467e-02   1.2836226e-01   4.8802069e-01   1.7693032e-01  -1.6983004e-01  -3.0129799e-03   9.2178307e-02   1.3728720e-01  -1.3624806e-01   9.9068703e-02   7.7908485e-02   2.3008711e-01   9.5708140e-02   1.5409938e-01   1.4987706e-02  -2.2443695e-02  -6.9058919e-02   2.0069363e-01  -9.7503532e-02   2.0641494e-01   3.0903021e-02   3.7854083e-01  -1.9207816e-01   2.7256834e-03   1.5292082e-01   2.8608882e-03
   2.5009107e-02  -1.6292635e-01  -3.5285628e-02  -1.0991598e-01  -4.7953643e-01   2.2084015e-01   5.3424869e-01   1.9111771e-01  -1.1610894e-01   0.0000000e+00   9.1514932e-02   5.4281721e-02  -8.0496083e-02   1.3105094e-01   3.9809522e-01   2.1871850e-01  -2.8683383e-01   5.9558380e-02   2.7671206e-01  -3.2886018e-01   2.7721769e-01  -1.1628425e-01   5.7908583e-01   3.8095954e-02  -6.2042815e-02   2.1298674e-01  -8.6133832e-02   1.1728264e-01  -2.7177441e-01  -2.1315433e-01   4.4371646e-01  -1.1424318e-01  -1.6099568e-01   7.3697604e-01  -1.5652732e-02  -8.9361274e-02  -6.0096135e-02  -1.1309907e-01  -3.3420877e-02   8.9261883e-02  -1.5043982e-01  -1.0916994e-01   1.8872782e-01   2.2238412e-01  -3.1886956e-01   1.3379963e-02  -2.5126637e-01   4.5131988e-01  -5.5409145e-01  -1.8387748e-01   4.1750615e-01   2.1336034e-01   3.8109270e-01  -1.2826926e-01   1.5772448e-01   3.9217104e-02   1.0429890e-01  -8.0750690e-02  -4.0688607e-02  -1.2947918e-01  -2.0239649e-01  -3.3210926e-01  -2.8178860e-01   1.2486995e-01  -3.6128228e-01   1.0626505e-01   3.4344407e-02  -1.1275394e-01  -9.6467410e-02   1.9967226e-01   1.9536597e-01  -9.9417997e-03  -1.1107332e-01  -4.1719343e-02  -2.1555688e-01   1.6271216e-01  -1.4695193e-01   2.4699103e-02  -2.6552539e-01  -2.8799086e-01   2.2744104e-01   1.2200330e-01   2.3391016e-01   2.2106590e-01  -2.8399097e-01   1.7411137e-01   1.3187705e-01   4.3113915e-02  -2.5635131e-01  -3.8592417e-02  -5.4324771e-01  -1.7190090e-01   3.8336537e-01  -9.6166278e-02  -1.3554202e-01  -2.5967777e-01   1.1202119e-02   2.6673423e-01  -3.1698476e-01   2.5600072e-01   2.6941312e-01   3.2674206e-01   2.6259506e-02  -7.6872500e-02  -4.3225696e-02  -2.0839238e-01  -1.5181721e-01  -3.7998827e-02   4.5787818e-01  -3.3786595e-03   5.0996915e-01  -2.0683755e-01  -6.8729569e-02   3.2670365e-02   3.3936045e-01  -3.2343777e-01  -1.3093731e-01  -2.2422804e-01   8.1930168e-02   1.1074526e-01   3.2522637e-02  -3.3313060e-01  -1.9537611e-01  -7.4262170e-02  -2.0590109e-02  -1.3663607e-01  -6.5499704e-02  -1.2259408e-01   2.6084736e-02   6.4299793e-02  -8.2866669e-02   5.0112124e-01  -1.5956904e-01   4.8057579e-01  -1.4799111e-03   3.7796689e-02  -1.4648202e-01   4.2705087e-01   2.3072290e-01   8.0695004e-02   1.1261743e-01  -2.6301218e-01  -2.8286671e-02   1.0201855e-01   4.7479818e-01   3.6733385e-01   6.4564112e-01  -3.8910674e-01   2.0505708e-01   3.6937124e-01   1.9738357e-01   2.6287618e-01  -2.0597138e-01  -2.4653373e-01  -9.9144647e-02   1.8317004e-01  -7.2499371e-03   2.4702081e-02  -1.4737063e-01   1.5292241e-02   3.0745765e-02   9.1211910e-02   2.0104205e-01  -1.3325873e-01  -7.0454111e-02  -9.3474647e-02  -2.4463854e-02   1.0961341e-01  -3.4831809e-02  -3.0339430e-02  -2.5938519e-01  -1.7356583e-01  -2.5361041e-01   1.4781966e-01  -2.2303775e-02  -2.3727720e-01  -1.1231414e-01
  -1.4159954e-01  -1.6865979e-01  -3.2028435e-01  -9.9733383e-02  -1.0109217e-01  -3.3514527e-01  -3.4042442e-02   6.5871349e-02   2.5250513e-01   9.1514932e-02   0.0000000e+00  -4.4148045e-01  -3.2402849e-01  -5.8225526e-02   4.3742791e-01   1.2859463e-01  -2.0794438e-01   5.8557188e-01  -1.2103476e-01  -2.2851241e-01   2.1327082e-01  -1.8963103e-01   2.1329719e-01  -1.1925786e-01   1.7331603e-01  -1.6968788e-01  -1.5590262e-01   1.1874780e-01  -9.7693067e-02  -9.0039430e-03   5.4057064e-01  -7.6639691e-02   6.2429210e-02   6.8305855e-02   7.3969410e-02   6.7883105e-02  -1.5376056e-01   3.4758808e-01   1.6856074e-01  -4.5891988e-01   3.4575621e-02   3.6229071e-02  -2.3446016e-01   3.1358299e-01  -2.6950435e-02   1.2481557e-02   2.8580071e-01   3.3849011e-01  -1.1950184e-01  -2.5909663e-01   2.4453458e-01  -1.1782237e-01   1.5628199e-01  -2.6417728e-01   2.7668744e-01  -5.9829330e-02  -1.4722109e-01  -2.2574766e-01   1.6830077e-01   1.8767655e-02   2.3061566e-01  -1.8064875e-01  -1.7543265e-01   7.5397626e-01   2.6359009e-01   6.8339314e-03  -2.8254083e-01  -2.3479661e-01   2.2321895e-01  -3.6471026e-01  -3.2631957e-02  -9.5843674e-02   1.6325745e-01  -4.1457238e-01  -2.2148526e-01   1.2896809e-01   2.5673410e-01   8.4931408e-02  -2.0552100e-01  -3.0542673e-01   1.4656703e-01   1.2934206e-01   7.4178208e-02  -3.9452416e-02  -1.4662359e-01   2.7373443e-01   1.5947809e-01  -9.7862071e-02  -1.7805803e-01  -1.2425483e-01  -1.3199377e-01  -1.1431851e-02  -4.0474470e-01   1.9896750e-02   3.3999276e-01  -4.0306635e-01  -2.2327291e-01  -1.6175186e-01  -1.8045771e-01  -2.6876825e-01   1.5465082e-01   1.6125608e-01   7.4583564e-02   1.5371796e-01  -1.2652491e-01  -1.8293022e-01  -2.2473217e-01  -1.6600503e-01   6.6979081e-02   3.8605478e-02  -6.2845964e-03  -2.1735148e-01  -6.5879558e-02  -1.4457240e-03   1.6564261e-01  -1.7125963e-01  -1.4919606e-01   1.7739271e-01   5.7404295e-02  -1.4149502e-01   7.1211788e-02  -3.2690475e-01  -3.7475148e-01   6.6222454e-01   2.0193027e-01  -2.9516974e-01   3.8806146e-01  -1.6073755e-01  -2.1605838e-01  -2.3471024e-01   1.0995459e-01   5.8494209e-01  -4.6202774e-01   6.7516576e-01  -2.2758193e-01   2.3683844e-01  -3.0245171e-01   2.6736274e-01   2.1824581e-01   2.4756164e-01  -1.4890225e-01  -2.9806241e-01   1.1191299e-01  -1.3819610e-01   4.3768332e-01   4.5911835e-01  -3.8296994e-02   1.6629954e-01   5.6458367e-02   2.0480552e-01  -8.8222666e-03   3.3670523e-01  -2.3669984e-01   4.2580080e-01  -3.5121215e-01   7.2091340e-02   2.0957046e-01   1.0896023e-01   2.7186221e-01   8.0382536e-02  -6.0257199e-02   5.3415785e-01   5.5402313e-01  -3.9128414e-02  -1.5673405e-01  -3.7550028e-01   9.7957687e-02   4.1884200e-02  -2.8482698e-01  -2.9009945e-01  -2.9659468e-01   2.7821734e-01   2.7131460e-01  -8.8865946e-02  -2.9177082e-01  -1.8204060e-01   7.2328126e-02
  -7.6997690e-02   5.2341720e-01   5.1985934e-01   7.0747860e-02   2.3507122e-01   2.5321756e-01   1.7231966e-01   2.1192329e-01   1.5708843e-01   5.4281721e-02  -4.4148045e-01   0.0000000e+00  -8.0506242e-02  -1.8219015e-01  -3.4698912e-01   3.1936688e-01   3.1137074e-01  -2.2180158e-01   1.8275113e-01   3.3592050e-01  -3.3682783e-01  -5.3588796e-03  -2.2353215e-01  -2.3741239e-01  -1.6811456e-01   1.7586069e-01   3.7372160e-01   2.8101639e-02   2.5460682e-01  -1.1249479e-01  -4.3439284e-01   6.7108543e-02  -1.4954098e-01   9.1530773e-02   1.0887239e-01   1.0479448e-01   5.2954147e-02  -1.4310166e-01   1.5935256e-01   3.8246721e-01  -1.8073874e-01  -9.4054343e-02   5.2387217e-01  -1.3423154e-01   3.7200789e-01  -1.6989030e-01   1.0262508e-02  -2.2253135e-01  -1.2861190e-01   4.1678780e-01  -2.3664309e-02   1.5273716e-01   1.0666563e-01  -2.2887722e-02  -1.7897989e-01   2.1395559e-01   1.5026886e-01   4.3671406e-02   1.9433543e-01  -6.1464411e-02  -4.2305320e-02   2.0950574e-01   3.0105582e-01  -3.5787360e-01  -2.7285638e-02   3.0072551e-01   3.4598798e-01   1.5913039e-01  -2.3160840e-03   4.6758556e-02   1.5683255e-01  -8.4158684e-03  -5.8862489e-02   3.9468875e-01  -1.6090754e-01   2.0202062e-02  -1.3022187e-01  -2.5401102e-02   3.4558289e-01   9.7518550e-02  -2.4807677e-01   3.0061869e-01   5.7558892e-02   7.2303549e-03   1.7179420e-01  -1.1011629e-01   3.0787755e-02  -3.2616994e-01   2.2102153e-01  -2.3440622e-01   2.0056655e-01   3.1308235e-02   4.6237079e-01   2.5521061e-01  -1.2639325e-01   2.6316485e-01  -4.1736126e-02   9.7222207e-02   1.3898872e-01   4.5166215e-02  -2.3595085e-01   8.1859818e-02  -2.3175799e-01  -1.4902676e-01   5.3939158e-02   3.5382825e-02   7.9281417e-02   3.0219910e-01   5.4878419e-02   1.4055605e-01   2.5764288e-01   6.8975430e-02   2.0222403e-02  -2.2066168e-01  -2.2537539e-01   2.3405320e-01   3.1658900e-01  -1.7080826e-02   3.6617363e-02   6.1830206e-02  -2.9741444e-01   4.2863041e-01   4.1765860e-01  -3.2302500e-01  -3.4835007e-01   5.4433558e-03  -5.4695114e-02   1.2047580e-01   1.0183359e-01   2.0518982e-01  -6.0851166e-02  -1.0229992e-01   2.8862416e-01  -4.1679589e-01   2.7006344e-01  -1.3112659e-01   4.6658190e-02  -2.6617019e-01  -6.6346919e-02  -3.5178488e-01  -1.5947925e-01   3.8927767e-02   2.0611352e-01   1.7058494e-01  -2.4686561e-01  -4.5547973e-01   9.1440757e-02   1.1592490e-01   7.5661921e-02  -2.8427080e-01  -1.0734721e-01  -3.3094850e-01  -1.2238187e-01  -1.4279815e-01   5.5934255e-01  -3.2263754e-01  -2.4399331e-01   2.1351816e-01  -2.2028652e-01  -2.7461645e-01   3.2839121e-02  -2.5069984e-01  -1.0095681e-01   3.1069554e-02   9.8190584e-02   3.9450830e-01   1.5133931e-01   4.4528485e-02  -1.7592730e-02   2.0105582e-01   5.2203810e-01  -2.5596650e-01  -1.7280960e-01   1.9139789e-01   5.4930699e-03  -3.8335033e-02  -4.6900492e-02
   2.1989521e-01  -1.9488681e-01  -1.8328379e-01   2.5881167e-01  -2.2919072e-01   1.8118041e-01   1.5775429e-01   1.7296665e-01  -1.5514874e-01  -8.0496083e-02  -3.2402849e-01  -8.0506242e-02   0.0000000e+00   2.1088991e-01   2.3080753e-02  -2.3100740e-01  -2.2607765e-01  -1.6404177e-01  -5.8929238e-02  -1.7430365e-01   9.2092905e-02   3.1188972e-01   1.0622346e-01   2.6726180e-01  -1.7915082e-02   2.8093711e-01  -8.7342820e-02   8.0773061e-02  -5.3320537e-02   2.0533730e-01  -1.7796784e-01   2.5287797e-01  -3.0961378e-01  -3.3183373e-02   2.4031769e-01  -1.4758654e-01  -1.7117099e-01  -4.6829936e-01  -3.4237636e-01  -1.3072427e-02   5.0800761e-01  -2.0123298e-01   1.8718537e-01  -1.8526166e-01  -1.2521837e-01  -7.1467849e-02  -6.2035170e-02   1.8420412e-02   3.6989230e-01  -2.9527645e-01   3.5520789e-02   3.9145572e-01  -2.6409620e-01   1.6067081e-01  -4.7516748e-02   2.7497361e-02   3.8902787e-02   3.5820335e-01  -2.3294939e-01   1.6007342e-01  -4.5157071e-01   2.8257908e-01  -4.0252137e-02  -3.6927930e-01  -1.7496460e-01   1.2268053e-02   7.7190724e-02   4.2095483e-01   9.1323757e-02  -5.3321111e-02  -2.3345877e-01   3.7684796e-01  -2.0943278e-01   5.9583819e-03   4.3504740e-01   4.6372888e-02  -4.0876102e-01   6.7431821e-02  -1.8612064e-01   4.8624298e-01   1.9186368e-01  -1.7734423e-02  -2.4869202e-01   1.5145347e-01  -2.5309431e-01   2.0680149e-02  -9.3029293e-03   3.1993163e-01  -7.0415220e-03   1.0943153e-01  -2.2794892e-01  -2.2834293e-01  -1.3007154e-01   6.5853024e-02  -4.7885299e-01   5.0120128e-03   7.3876391e-01   1.7151410e-01   2.3415640e-01   2.3708195e-01  -3.7556705e-02   1.5362928e-01   2.3724821e-01   1.3314472e-01   3.7472163e-01   2.9384932e-01  -1.2227845e-02   2.5695508e-01  -2.0711475e-01  -8.7966691e-02  -1.3061508e-01   3.2293306e-01   3.9500145e-01   7.4238101e-03   7.1752615e-02  -1.7612138e-01   5.2365880e-02   1.4070459e-01  -1.9104314e-02   3.8857893e-01   8.7943203e-03  -2.3444900e-01  -2.3660815e-02  -2.1608248e-01  -1.3943155e-01   3.5937552e-01  -8.8175100e-02   1.3598627e-01   3.0554253e-01  -1.2150635e-01  -2.2040368e-01  -2.6942491e-01   1.6681315e-01  -1.8314734e-01   1.3093533e-01   7.1658291e-02   4.5025946e-01   8.5923757e-02   9.7855116e-02  -1.5206210e-01   2.5868865e-01   5.4063662e-01   1.4160174e-01  -2.0772206e-02   7.4858837e-02  -3.8912827e-02   5.1329925e-03  -1.9630667e-01   1.2051401e-01   4.6362855e-02   2.7441021e-02   1.6552913e-02   2.8551782e-01  -2.4022180e-01  -2.1383923e-01   1.7906614e-01  -2.3322372e-01  -2.0659891e-01  -1.6189152e-01   2.4563938e-01   3.4779410e-01   1.8067646e-02  -3.2661074e-01   2.7269527e-01   2.2177948e-01  -1.1303763e-01  -2.5007727e-02  -2.8791489e-02   2.3402942e-01  -2.6619873e-01  -1.7171036e-01  -5.0055931e-01   1.6250052e-01  -1.0216196e-01   5.8578884e-01   8.1860889e-02  -8.7306393e-02
   1.9133246e-02  -1.6945228e-01  -7.8328767e-03   2.8075580e-01  -3.5702196e-01   3.8359435e-01   2.8708179e-01  -1.8307461e-01  -3.2186364e-02   1.3105094e-01  -5.8225526e-02  -1.8219015e-01   2.1088991e-01   0.0000000e+00   2.9493719e-01   4.5861799e-02  -1.6795029e-01   1.6090972e-01  -6.8941615e-02  -3.7172166e-01   5.6239476e-01   1.0859285e-01   3.6296574e-01   2.3697419e-02  -2.3375491e-01   3.3359780e-01  -1.5103767e-02   4.5656735e-01  -3.5127483e-01   3.5293578e-02   1.4620244e-01   4.0032289e-02  -1.8472176e-01   6.6742970e-02   1.4988780e-01  -5.4968659e-02   5.8027997e-02  -2.4600866e-01  -9.2200044e-02   6.1337839e-02   1.9368367e-02  -2.8262553e-01  -1.8381816e-02   4.4088513e-01  -2.0546358e-01  -2.1611896e-01   1.3259917e-01   2.7896430e-01   1.9024175e-01  -2.7783729e-01   2.0726660e-01   1.9604990e-01  -2.2927795e-01   5.7615622e-02   4.0858925e-01   5.1346225e-01  -2.2644055e-01   7.8019691e-02  -1.9540405e-01  -5.3089750e-02  -1.8629842e-01   5.2144768e-02  -2.7695994e-03  -1.3018749e-01  -6.8383922e-02  -4.6087780e-03   2.3335984e-01   2.8195370e-01   2.6369638e-01   1.7956072e-01  -1.9299957e-01   3.7037386e-01  -2.2524860e-01   4.5413857e-02   4.7967726e-02  -2.9909688e-01  -2.3130027e-01  -1.2495843e-02  -3.9286904e-01   3.7084494e-02   6.6996006e-01  -5.5998880e-02  -9.3600317e-02   3.0743124e-01   9.4052865e-02   4.4665542e-02   3.3560335e-01   3.0501906e-01  -1.2999993e-01   4.5481188e-02  -4.5477018e-01  -1.1221963e-01  -9.5612077e-02  -1.1881009e-01  -2.3028853e-01  -2.5599707e-01   2.1477942e-01   1.0341511e-01   2.8489047e-02   3.9382334e-01   6.3055778e-01   2.6443902e-01   4.9710097e-01   1.6486851e-01   2.1912237e-01   2.4856531e-01  -1.1683612e-02   9.9981542e-02   5.8699640e-02   1.1359853e-01   3.1019528e-02  -1.5226721e-02   1.6188984e-01   3.5211623e-02   5.4249859e-01  -4.8128399e-01   2.7858054e-01  -2.6979241e-01   4.9947523e-01   2.2662651e-01  -1.1440035e-01  -4.0948965e-01  -1.2936259e-01   3.4620632e-02  -2.8063942e-01   5.8466769e-01   8.6880757e-02  -1.2882117e-01   7.6157895e-02   2.0662438e-01  -3.3883161e-01  -2.7010111e-02   1.1146516e-01   7.9421438e-02  -4.1514708e-02  -3.4307503e-01   4.9273554e-02   5.8776262e-01  -1.7386361e-01  -7.0380534e-02   2.4025869e-01   2.4471967e-01  -1.4787327e-01   4.4146246e-01   2.8619448e-01   2.4555954e-01   2.2820983e-01  -1.7889953e-01   2.0777393e-01   2.5476624e-04   3.8214824e-01   3.4391604e-01  -3.8764949e-02  -1.6545067e-01  -1.2058226e-01   7.4201440e-02  -1.3862092e-01  -2.8142500e-01  -1.6462543e-01   5.7045609e-01   2.6242011e-01  -2.1283569e-01  -4.1813635e-02   2.0758241e-01   1.5083277e-01  -4.3404567e-01  -2.2551290e-01   4.9981627e-02   1.8172771e-01  -3.0921719e-01  -4.4292104e-01  -3.1415963e-01   2.3146864e-01   1.7272324e-01   1.4454335e-01  -1.1715297e-01  -6.1259895e-02
