   0.0000000e+00   1.3508124e-01   9.1571627e-03  -9.2575189e-02  -1.4947337e-02  -1.3889970e-01  -1.5432601e-01   3.6695477e-02  -1.0470678e-01   2.5961761e-01  -5.0626815e-01  -1.1732514e-01   3.4428331e-01   3.0610375e-01  -4.7662807e-01  -2.0999321e-01  -1.3339671e-01  -3.7511222e-01   1.0173795e-02   5.0888362e-02  -3.6980183e-01  -7.3345451e-02  -3.9749888e-01   4.2975285e-01  -1.4063620e-02  -4.2987563e-02  -9.6362822e-02  -9.6152592e-02  -3.8965355e-01  -6.6597373e-02  -1.8306379e-01  -3.5546630e-01  -1.2504055e-01  -2.4302287e-01  -1.2556623e-01  -1.9886076e-01  -7.9088139e-02   6.6830183e-02  -2.1602868e-01   2.0962492e-01   1.9803565e-01  -2.2183731e-01  -1.5918012e-01  -1.0473943e-01  -2.8904515e-01   1.5552201e-01  -3.5200603e-01   5.3669755e-02  -2.5894457e-01   1.5588265e-02  -3.7761675e-01  -1.2924787e-01   7.1622838e-02  -2.8462099e-01  -2.8984113e-01  -9.4842669e-02   2.9286966e-02  -1.9304291e-01  -2.5615908e-01  -2.0587290e-01  -3.2995665e-01  -1.0086909e-01   1.1111253e-02  -1.7342591e-01  -2.0095831e-01  -6.0692269e-02  -2.5720723e-01  -2.1622369e-01  -4.6415238e-01  -8.4568672e-02   1.3427488e-01  -4.5423823e-01  -2.3867233e-01   8.6841530e-02  -3.3612940e-01  -1.2852282e-01  -1.8393904e-01  -3.0057819e-01  -7.4590486e-02  -3.9695731e-02  -8.1150411e-02  -8.8197623e-02  -6.9269765e-02   8.7278188e-02   2.1792959e-01  -2.7382637e-01   1.0936778e-01   9.1289306e-02   1.4255140e-01   3.5671760e-01  -5.2254856e-02  -2.6200194e-01   7.4008315e-02  -1.6673663e-01   1.5516013e-01   2.2096692e-01  -4.2466732e-01  -2.9025258e-01  -4.4597016e-01  -1.5962982e-01   1.0511561e-02  -2.7797510e-01  -1.3758076e-02   1.0039228e-01  -3.2233748e-01  -2.5385786e-01  -2.6143149e-01  -3.5022243e-01   4.1040002e-02  -4.7200019e-02  -1.0644247e-01  -1.8515540e-01  -9.9709439e-03   6.3388625e-01  -7.7091162e-03  -1.4048225e-02  -2.0248360e-01   1.5010881e-01   7.0362796e-03  -2.5792867e-01   1.9987584e-02   1.2900789e-01   8.8733473e-03  -3.1212875e-01   1.8060667e-01   1.6161989e-01  -4.6586723e-01  -8.3982430e-02  -1.5757350e-01  -2.6464764e-02  -3.3394315e-01  -2.6197697e-01   4.7543972e-01  -1.2044275e-01  -2.0252048e-01  -1.1297859e-01  -1.5915379e-01  -1.2772757e-01  -2.0959904e-01   7.4237218e-01   5.8384723e-01   7.2348405e-02  -4.0648060e-01  -2.7406764e-02  -4.6273983e-01  -3.0013844e-01   3.5633902e-02   1.6736321e-01  -1.9777184e-01  -7.8739919e-02  -9.2473027e-02   7.3352203e-03  -1.1004459e-01  -3.4413545e-01   5.6209100e-02   4.4985221e-01  -7.5122676e-02  -2.0113236e-01  -2.5336859e-01  -1.5324657e-01  -4.8668749e-01  -3.3196137e-01   8.1100686e-02  -3.4878101e-01  -2.5539492e-01  -2.4080266e-01  -4.3117141e-01   5.8360238e-02  -2.7025027e-01  -8.4008070e-03  -1.0946874e-01   2.3147698e-01  -1.2931055e-01  -2.2403232e-01  -2.5256146e-01  -1.3667139e-01  -1.1193971e-01
   1.3508124e-01   0.0000000e+00   3.8953706e-01  -2.8157362e-01   3.0844627e-01  -4.5467378e-01   1.1371879e-01  -2.9884782e-01   3.2113445e-01   4.8086270e-02  -2.8037853e-02   4.9628778e-01  -2.0615413e-02  -1.2546655e-01  -3.1932807e-01  -8.7556509e-02   3.8568401e-01  -3.8456597e-01   1.1195883e-01   2.4459247e-01  -3.6389447e-01  -1.4602129e-01  -4.3600538e-01  -3.3996768e-01   1.8037184e-01  -1.7188658e-01   1.6383807e-01  -2.5383545e-01   1.4282979e-01  -1.0260282e-01   8.8822066e-02  -2.5291972e-01   2.5704575e-02   2.5124879e-01   7.2258886e-02   7.9753388e-02  -2.5969764e-01  -1.1049439e-01   1.0539756e-01   5.6554415e-01   1.2569862e-01  -5.0570725e-02   3.3792096e-01  -7.6398010e-02  -1.8312511e-01  -2.9507519e-01  -4.2118799e-01   3.4560262e-02  -6.7967620e-02   6.0402123e-01  -4.9200828e-01  -1.0530307e-01   3.9148504e-01   3.4534920e-01   9.4048330e-02  -2.7816135e-01  -4.2389287e-01  -1.7255141e-01  -9.6305083e-02  -1.6864164e-01  -2.1114020e-01   1.7107453e-01   6.1587569e-01   1.7152172e-01   8.3048706e-02  -3.4386061e-01  -3.7835284e-01   1.4276249e-01  -5.1478213e-01  -3.7757174e-01   4.8642171e-01  -2.5850386e-01   1.1591756e-01  -3.2162415e-01   2.3842717e-01  -2.4861062e-03  -1.6731966e-01  -1.9375013e-01   3.5392697e-01   1.3000077e-01  -2.6371036e-01   1.3447650e-01   7.7129845e-02  -6.2311632e-02   3.7103886e-01  -2.2308645e-01   2.6569427e-01  -3.7238473e-02   1.2430449e-01  -3.5782024e-01   2.5697016e-01  -6.2071882e-02  -1.0544993e-01   4.1806762e-01  -1.5908516e-01   2.5203858e-01   5.5777233e-02  -4.6447242e-01   1.0837338e-01  -7.1389344e-02  -7.6394302e-02  -2.3870799e-01  -2.8072988e-02   3.8833090e-01  -5.1155801e-01  -8.4204398e-03   3.8245960e-01  -4.5042039e-01  -1.8494834e-01  -4.1735772e-01   2.5631252e-01  -5.0736473e-01  -6.0814376e-02  -2.1678704e-01  -2.3366415e-01   5.9070001e-01  -4.0785376e-01   8.3217446e-02  -3.3737562e-01  -1.8338163e-01  -2.7891419e-01   2.9556278e-01   4.6655414e-01   2.3958320e-02  -3.5123667e-01  -1.4034693e-01  -1.9661767e-01   2.7401997e-01  -2.4546194e-01  -8.8739585e-02  -4.0317675e-03   2.3014558e-01   3.3994662e-01  -4.6618428e-02   3.7006299e-01  -1.0444948e-01   1.1752544e-01  -7.5262243e-02  -2.5428336e-01  -1.3557419e-01  -2.1680775e-01  -1.9628655e-01  -3.1783130e-01  -2.3930792e-01  -2.2051070e-01  -1.8980981e-01   4.4642498e-01  -1.8257165e-01  -4.3686841e-01   1.3068155e-02  -2.0318560e-01  -1.7090246e-01  -2.5819963e-01   2.3595410e-01   5.1129760e-01  -3.8320670e-01  -2.5188619e-01  -1.2258296e-01   3.3559077e-04  -2.3730652e-01   2.2901068e-01   5.7044972e-02  -1.4750710e-01  -3.6421938e-01  -1.1694430e-01   3.1408542e-01  -1.4759293e-01  -1.3846167e-01  -7.0956425e-02   3.4228862e-01   2.6866283e-01  -2.8147305e-02  -1.5379767e-01  -6.6511490e-01   1.6672463e-01  -8.8206423e-02  -7.4100757e-02
   9.1571627e-03   3.8953706e-01   0.0000000e+00  -1.0360689e-01  -3.7011488e-02   1.0487331e-02   7.4920909e-02  -2.0133720e-01   1.0395932e-01  -1.0480023e-01   1.9377396e-02   5.3637999e-01  -1.2590363e-01  -1.2006513e-01  -1.9044485e-01   1.5902724e-01   8.6259923e-01  -5.4687374e-02   1.5629062e-03   8.3356470e-02  -2.2307308e-01  -7.5269476e-02  -8.7147147e-02  -2.1912922e-01  -8.0065964e-02   1.4384034e-02   2.4907993e-01   8.9290315e-02  -3.2753403e-02   4.2309140e-02  -5.6969369e-02  -3.0000006e-02   2.5190825e-01   2.1919994e-01  -1.9628085e-01  -4.9529119e-02  -6.5241743e-02   3.3499665e-02   1.9231549e-01   2.9217394e-01  -2.1460054e-02   1.6736448e-01   2.8768410e-01   4.1505842e-02  -1.5948327e-01  -3.6607325e-02  -8.1361397e-02  -5.8452283e-02  -1.6945936e-01   5.9301261e-01  -2.0720860e-01   1.1659641e-01   6.3033537e-02   3.1753465e-01   2.7169882e-01   7.8812965e-02  -4.4054542e-02  -1.2289493e-01  -1.0476626e-01   1.7113001e-02   1.7238950e-01  -1.0768775e-01   3.1722199e-01  -1.9620121e-01  -2.3028100e-01  -1.4307141e-01   8.6140176e-03   7.3476359e-02  -9.1220705e-02   3.7604011e-01   4.1684540e-01   2.4456418e-02   1.2914921e-01  -2.3611317e-02   6.3494434e-02   3.3654944e-02   1.7144446e-01  -9.8825933e-03  -1.0028001e-01   2.3920177e-02   1.5022957e-02   2.3959208e-02   3.1250471e-01  -2.3154642e-02   3.7064709e-01  -1.4630622e-01   1.2287769e-01  -6.6796035e-02   6.8467673e-02  -2.3767765e-01  -8.0060605e-02   3.4617589e-01   3.3214948e-02   1.2639447e-01   3.6541568e-02  -5.9776369e-02   1.1282054e-02  -2.4021641e-01   1.2676319e-01  -2.0475827e-01   2.1332041e-01  -9.3798843e-02  -3.7634447e-02   3.7877795e-01  -2.2291198e-01   1.1667969e-01   5.0345502e-01  -1.0581769e-01  -4.1562311e-01  -1.5046422e-01   2.4310542e-01  -1.8723691e-01   3.6219398e-02  -1.2956615e-01   1.8672957e-01  -6.4979961e-02  -3.3417132e-02  -1.9512157e-01   1.3211315e-01  -1.2945244e-01   1.1474938e-01   1.9882566e-03  -3.9499559e-02  -1.5612859e-01  -1.2822335e-01  -1.9130698e-01  -1.5825113e-03   1.6019418e-01  -1.3803569e-01   4.8751209e-01  -4.6635471e-02   6.9093483e-03   1.6135353e-01  -5.3480751e-03   3.4246888e-01  -1.4065820e-01   2.2255721e-02   2.7731277e-01  -1.4273044e-01  -5.3919424e-02  -1.3227731e-01  -4.2780225e-02  -3.4427965e-02   2.6598323e-01  -6.7045181e-02  -2.4573526e-01   5.1374779e-01   2.5644410e-02  -1.7136007e-01  -1.6627613e-01   1.9308915e-01  -1.0224121e-01   1.0022495e-01   1.8331032e-01   6.8593451e-01  -1.2371243e-01   1.3156179e-01  -2.3767094e-01   2.5244215e-01  -2.5693893e-02   1.7597834e-01   9.1813504e-02  -6.2525512e-02  -2.0141559e-01   9.9957929e-03  -9.4025830e-02  -1.1412948e-02   8.2686707e-02   3.2753465e-01  -3.7920067e-02  -1.0976718e-01   1.0185257e-01  -2.0904707e-01  -1.3540931e-01   6.1958507e-02   8.2007513e-03  -2.2841499e-02
  -9.2575189e-02  -2.8157362e-01  -1.0360689e-01   0.0000000e+00   3.7212845e-02   1.9477395e-01  -6.8168170e-02   3.1250890e-01   6.2015561e-02  -3.1597724e-01   2.0883973e-01  -3.5228190e-01  -4.1560110e-01   1.6940838e-01   1.5426562e-01   4.3958151e-01   4.8667706e-03   4.8230276e-01  -6.3840035e-02  -6.6847711e-02   1.3305878e-01   4.4552836e-01   4.4290882e-01   2.0008734e-01   3.7359616e-02  -6.8440211e-02   1.8459143e-01   3.4248260e-01   2.2342190e-01   7.3746882e-02   2.1867871e-02   6.7266455e-01   2.5663885e-01  -1.5282532e-01   1.1358803e-01   2.3054737e-01   2.0482571e-01   1.0444535e-01   3.4474744e-01  -1.9311495e-01  -2.6077240e-01   3.2078182e-01  -2.2553098e-01  -1.5609911e-01   2.9997281e-01   3.3554176e-01   3.2295519e-01  -6.0174238e-02   4.5576229e-01  -5.4845144e-02   4.8071306e-01   9.2752786e-02  -2.5849927e-01  -7.2404790e-02   2.8379320e-01  -9.4392288e-02   1.3071828e-01   5.8852197e-01   4.4787091e-01   2.6606841e-01   4.2024531e-01   9.6243613e-02   2.0084132e-03  -4.2373612e-02   1.9065022e-01   5.4466665e-02   1.5893798e-01  -3.5962035e-02   3.7290985e-01   1.8778430e-01  -9.5678252e-02   4.3941685e-01   2.6417056e-01   1.7530237e-01   1.3554782e-01   2.6012014e-01   4.2847881e-01   1.0043349e-01  -6.4257424e-03   1.0766532e-01   1.5645858e-01   1.8048150e-01  -2.4647544e-01   2.2083147e-02  -3.7290926e-01   4.5991070e-01  -3.4274727e-02   1.0187859e-01   2.5262565e-01   2.0084378e-01  -1.7382016e-02   3.2215694e-01  -1.9170874e-01   9.3162293e-02   1.9486322e-01  -2.4012042e-01   2.6756013e-01   2.9864597e-01   4.3649568e-01   1.3820197e-01   1.6375754e-01   3.6527598e-02  -1.1221580e-01  -2.8983532e-02   5.7505279e-01   5.7819299e-01   8.1288125e-02   2.6959646e-01  -1.4556247e-01   5.8014920e-02  -2.0787013e-01   5.8487253e-01   3.4180530e-01   5.7845693e-02   9.0327453e-03   3.0670789e-03   7.0102500e-03  -1.5026745e-01   2.4211016e-01   6.9568175e-01   3.3965875e-01  -8.6115539e-02  -1.2129807e-01   3.4551943e-01   2.7121433e-01   3.1537218e-01   1.9306184e-01   3.9375646e-02   6.8041021e-01  -6.1500497e-02   3.7959869e-01   1.2214843e-01  -1.4957817e-01   1.2725084e-01  -1.5407506e-02   2.7116609e-01   7.6802213e-02   3.6270722e-02   3.7639704e-01   9.7270714e-02   2.3463813e-01  -2.3676323e-01   2.2854592e-01   9.0119001e-02   2.7204788e-01   3.6110308e-01  -2.6168986e-01   7.6518958e-02   8.2627211e-02   5.4817756e-02   2.5853468e-01   9.7989152e-03   4.1969843e-01   5.1487373e-02  -3.0137893e-01   2.2049753e-01   3.9756747e-01   3.4769843e-01   4.2577376e-01   1.1188040e-01   1.4060525e-02   6.2048250e-02  -7.9139112e-03   5.0366599e-01   5.1570424e-01  -1.8678442e-02   1.1499500e-01   1.1907318e-02   3.8017910e-01  -6.7978180e-02   3.8323396e-02   1.7026251e-01   3.3679437e-01   2.2396807e-01   2.4189382e-01   2.1225987e-01   5.1758081e-01
  -1.4947337e-02   3.0844627e-01  -3.7011488e-02   3.7212845e-02   0.0000000e+00  -1.0855845e-01   5.8779671e-02   4.8864104e-02   2.2869560e-01   2.9450986e-03   3.9359721e-01   1.2324705e-01   5.6564434e-02  -1.8032687e-01  -3.8092525e-03  -1.5853776e-01   6.5555872e-02   2.3347172e-01  -4.4067779e-02   8.0146633e-01   6.1618713e-02   8.6712622e-02   6.0530279e-02  -1.0953217e-01   4.6818275e-02  -2.4946632e-01   3.8913934e-01  -2.6699374e-01   8.4875133e-02   1.0387404e-02   1.6311452e-02  -2.9426994e-02  -1.5135303e-01   2.2084454e-01   1.7641809e-01   8.1399950e-01   3.2216186e-01  -1.3871103e-01  -2.2293949e-02   1.7250173e-01   2.5912515e-01  -8.3870880e-02   2.9707104e-01  -2.0902516e-01   5.2655227e-01  -1.3263602e-02   3.7001344e-01   2.0761491e-02   3.3153311e-01   1.5734082e-01   1.3018226e-01   3.8468779e-02   3.6333490e-01  -5.1987084e-02  -1.8052109e-01  -3.3981716e-01  -2.1609762e-01   1.1226454e-01   3.8566473e-02   8.3884246e-02  -1.0684722e-02   4.8060864e-01   2.9197578e-01   6.4548710e-02   3.9997393e-01   6.3161587e-02  -3.3672899e-02   2.6075120e-01  -3.0790303e-02  -4.9962449e-01  -1.6874344e-02   2.0253272e-01   2.3942163e-01  -2.8494172e-01   1.7953228e-02  -8.6243712e-02  -4.9342078e-02  -1.0013344e-01   7.8101069e-01  -7.1559155e-02  -4.0950530e-01   2.1534843e-01  -1.0607216e-01  -1.0306988e-01  -6.8447398e-02  -8.2558754e-03   5.4771582e-02  -1.2611450e-01   2.4550688e-01  -1.0857087e-01   7.2458865e-01   9.5472839e-02  -9.7807250e-03   2.9776157e-01  -1.6779631e-01   6.8036725e-01   1.7958714e-01  -8.8646486e-02   2.2138106e-01   1.7976718e-01  -3.7272486e-01   1.2062998e-02  -1.0106104e-01   8.1391033e-02   9.8556087e-03   5.9846402e-02   6.6271219e-02  -1.2178476e-01   3.2255765e-01   9.1322385e-02  -5.0870384e-02  -1.6193714e-01   9.1006958e-03  -1.2045068e-01  -5.5922123e-01   5.8918798e-01  -3.4559738e-01   3.3398136e-01  -3.5572036e-01   8.1814012e-02  -1.7937159e-01   7.9169430e-01   2.5727898e-01   2.7219393e-01  -1.2628273e-01   1.5036042e-02   2.2376228e-01   1.1714062e-01   1.7345838e-01  -5.1248479e-01   3.4649759e-01   3.5528366e-01  -1.3376757e-01  -5.4847871e-02   3.3800547e-01  -2.0662455e-02  -4.9480840e-02  -4.7751043e-01  -3.1088577e-02  -1.7855293e-01  -4.2683104e-02   8.5637306e-02  -2.2539152e-02  -3.4095721e-01  -1.3364743e-01   1.8637583e-02  -8.3508775e-02   4.8419050e-01   1.3700052e-01  -3.5073130e-03  -2.7766288e-01  -1.9881304e-01  -1.0158931e-01   3.2550837e-01   2.9430560e-02  -7.0902626e-02  -2.6926369e-01  -5.1356602e-02   1.5792604e-01  -3.6585229e-01   3.1559944e-01   1.7841550e-01   1.6672889e-01   5.2973056e-02   1.3091912e-01   3.6578006e-01   3.0415012e-01   1.9151164e-02  -2.5800560e-01   4.4608600e-01   6.5208005e-01  -6.9275055e-02   4.4031136e-01  -2.5191617e-01   3.0560071e-02  -6.1022158e-02   2.7309366e-01
  -1.3889970e-01  -4.5467378e-01   1.0487331e-02   1.9477395e-01  -1.0855845e-01   0.0000000e+00   1.7580995e-01   1.3208137e-01  -3.4797420e-01  -2.0599667e-02   6.5606937e-02   7.4055618e-02   8.1788312e-02  -3.5166053e-02   3.5014313e-01   6.5508012e-02  -9.2911324e-02   3.2193350e-01   1.4621003e-01   7.4102334e-04   2.3149286e-01   1.9347927e-01   3.9474458e-01  -5.6940303e-02  -2.7405437e-01   4.0297010e-01   9.2204127e-02   4.5292909e-01  -2.2117649e-01   5.2525154e-01   1.0905265e-01   1.7713287e-01  -1.1820348e-01   2.1779006e-02  -1.4003136e-01   9.4804713e-03   2.6255014e-01  -3.6135063e-01  -1.1057349e-01  -2.6429987e-01  -4.8963820e-02  -5.3606697e-02  -7.4361338e-02   2.0471464e-01   1.2484851e-01  -6.1466538e-02   2.9632245e-01   2.6714063e-01   1.2702479e-01  -3.2585175e-01   4.6846452e-01   1.5736281e-01  -3.0308988e-01  -8.7623708e-02  -2.7770384e-02   4.0011185e-01   7.6256578e-01   9.7347868e-02   8.2975354e-02   3.1331141e-01  -8.0677388e-02  -8.2606484e-02  -4.1873785e-01  -1.2951523e-01  -1.8947928e-01   2.5736225e-01   8.4323552e-01  -1.5513059e-01   5.4902500e-01   1.8069074e-01  -7.7706811e-02   2.2076155e-01  -8.4750638e-02   1.6325174e-01  -2.1078024e-01  -2.1654976e-02  -1.1340552e-01   2.6062974e-01  -3.2764235e-01  -1.4463886e-01   3.5555916e-01  -5.6523557e-02   3.2072355e-01   1.1026432e-01   7.5019031e-02  -1.3747650e-02   3.3059579e-03  -1.5941061e-01  -3.0135018e-02  -3.0456450e-02  -2.1322587e-01  -7.8959930e-02   3.6088025e-01  -3.4039855e-01  -2.6852164e-01  -7.5371278e-02  -1.0646707e-01   5.7987271e-01  -7.8542511e-02   5.0274430e-02   1.3575505e-01   1.3439283e-01   1.0411754e-01   3.6962652e-02   4.3705887e-01   9.5054669e-03   1.5557253e-02   6.2263605e-01   1.8854055e-01   4.6130285e-01   6.5093439e-03   3.7413529e-01  -8.3572922e-02  -7.1370418e-02   2.7582879e-01  -4.4927410e-01   4.0447683e-01  -1.5274699e-01   3.6112514e-01   1.1361625e-01   2.4533618e-03  -1.5971066e-01  -4.0094352e-01   4.9901685e-02  -4.0009235e-02   1.5682887e-02   2.7447861e-01  -1.9411373e-01   8.5620481e-02   1.1334705e-01  -6.2901570e-02  -5.6447196e-02   1.0586989e-02   8.0625852e-02  -1.7615330e-01   2.5224670e-02  -1.4034487e-01   1.9331303e-01   1.0046386e-01  -1.1903331e-02  -8.4655508e-02   3.2922165e-01   1.5563873e-01   4.0156219e-01   2.1216396e-01   2.6297592e-01   1.8832974e-02   2.4312042e-01   3.9157903e-01  -6.3438078e-02   1.2467560e-01   1.3793624e-01   5.4798562e-02   2.7944461e-02  -8.1481901e-03   1.1660363e-01   8.9410070e-02   5.7431208e-02  -1.3186475e-01   2.6309302e-01  -2.3495563e-01  -1.1281425e-01   7.3194454e-02   2.1774059e-01   2.2613053e-01  -3.4221878e-01   2.4446732e-01   3.7342161e-01   8.4308698e-02  -9.0346502e-02  -2.6466332e-01  -3.0130973e-01  -2.9791193e-02   5.6860419e-01  -5.1733484e-02  -1.8946863e-01   2.8391172e-01
  -1.5432601e-01   1.1371879e-01   7.4920909e-02  -6.8168170e-02   5.8779671e-02   1.7580995e-01   0.0000000e+00  -3.0478153e-02   2.5888330e-01   4.7445501e-01   7.1184661e-02   4.6256128e-01   7.1989738e-02  -3.9095681e-01   2.2187189e-01  -3.6328012e-01  -1.4294550e-02  -5.3994621e-02   1.0262761e-02   1.0668068e-01   1.3921909e-01  -1.1754217e-01   1.8215442e-01  -1.7377192e-01  -2.1533512e-01  -7.6730807e-03   3.0303704e-03  -8.7631228e-02  -1.8965389e-01   1.6038234e-01   1.0921363e-01  -1.9248606e-01  -2.7491081e-01   4.7673281e-01   8.9701778e-02   2.8717202e-01   6.2970214e-02  -2.0402835e-01  -3.5527810e-01   3.8590672e-02  -1.8097471e-01  -2.6600611e-01   3.7569469e-01   1.2793595e-01   1.9396099e-01  -1.5674555e-01  -1.5861288e-01   5.7782733e-01  -3.1001487e-03  -1.0870173e-01   4.4803791e-03  -1.1652483e-01   3.2275295e-01  -1.6468893e-01  -2.7496006e-02   3.7860998e-01  -7.5435308e-02  -1.7904263e-01  -1.2214846e-01   8.1154517e-02  -2.0642568e-01   3.6700017e-01   3.7695857e-02   4.2520948e-01   4.5145007e-02   8.0221740e-02   1.8119155e-01  -1.1335598e-02  -1.3215512e-01  -6.5307693e-02   4.7908094e-01  -1.9019405e-02  -2.8504536e-02  -3.5147203e-01  -2.5051247e-01  -1.1013718e-01  -1.9141371e-01  -1.6092776e-01   1.2211926e-01  -3.0988455e-01   7.8064360e-02   1.0872400e-01   2.3810590e-01   3.8274383e-02   8.7770785e-02  -2.6563251e-01   1.2138949e-01  -2.7592306e-01   2.7299741e-01  -2.6414068e-01  -5.3565201e-03  -2.7336467e-01   3.1850002e-01   1.9107401e-01  -2.5290588e-01  -2.0608602e-02  -1.9647111e-01  -8.5343476e-03  -5.9383361e-02   5.6499629e-01  -2.4366299e-01   4.9794728e-01  -6.1681987e-02   1.4704531e-01  -1.3463145e-02  -1.9525507e-01  -8.1934534e-02  -5.3049739e-02   2.8573127e-01   6.2655279e-02   5.0971469e-01  -1.4515036e-01  -8.8699587e-02  -1.8902995e-01  -6.0155696e-02   2.5065807e-01  -4.7692262e-02  -1.5934534e-02  -1.4955556e-01  -2.3947314e-01  -1.3127947e-01   1.6876390e-01   4.7131883e-02   2.5036089e-01  -1.5878203e-01  -3.7508446e-01   3.1626127e-01  -1.8417396e-01  -7.9273284e-02  -1.0967575e-01  -7.1573802e-02   5.5134741e-01  -2.0753005e-01   4.2720398e-03  -1.3453159e-01  -1.3454057e-01  -3.4902157e-01   1.0721933e-01  -1.7888196e-01  -1.5888250e-01  -1.6252281e-01   9.8717414e-02  -1.4810766e-01  -7.3447089e-02   2.2514556e-01   3.5171548e-01   5.5202378e-01   1.2457953e-02   2.5534404e-01   5.7151652e-01  -2.1332456e-01   2.3189509e-03  -2.6722700e-01   5.3167385e-02   2.0451615e-01  -1.2821169e-01  -8.2501121e-02  -9.9173588e-02  -2.1974901e-01   1.0900651e-01   3.8515101e-02  -2.2514450e-01   3.5882698e-01  -4.2400030e-02  -2.2684977e-02   1.8034301e-01   2.3158195e-01  -5.9887281e-03  -1.5220413e-01   1.6449167e-01   1.2858014e-01  -3.1943649e-01   2.8925900e-02   6.1831193e-02  -2.3085520e-01  -2.6766496e-01   2.1307423e-02
   3.6695477e-02  -2.9884782e-01  -2.0133720e-01   3.1250890e-01   4.8864104e-02   1.3208137e-01  -3.0478153e-02   0.0000000e+00  -1.1716443e-01  -1.4083661e-01   7.0074743e-02  -2.4105079e-01   4.0855239e-02   5.1704084e-02  -5.6868075e-02   1.3891719e-01  -1.3843969e-01   1.6772363e-01   1.0015711e-01   9.5326331e-02   1.2881865e-01   1.9302160e-01   9.5304453e-02   2.1921966e-01  -2.2196168e-01   1.1677279e-01  -7.4154713e-02   2.1378158e-01  -3.3725372e-02   6.2428029e-02   1.7902007e-03   3.6347121e-01   2.5700520e-02  -9.7657421e-02   6.9475205e-02   1.0927358e-01   2.0372450e-02  -4.9585350e-02   8.3558381e-02  -4.2786411e-02   1.5851044e-01   7.7315510e-03  -1.2128628e-01   1.1798091e-02   1.1469389e-01   1.3280631e-01   2.9943640e-01   3.0143402e-03  -9.4714441e-03  -1.0135316e-01   1.9983692e-01   3.9237872e-01   3.7490408e-02  -1.8887707e-01  -4.9325815e-02  -7.1209381e-02   1.3564220e-01   3.2840629e-01   1.7152083e-01   2.0299259e-01   9.2655907e-02  -1.4832881e-01  -2.5696176e-01   9.3683665e-03  -6.0870077e-02   1.5268302e-01   3.9754066e-02  -1.6186107e-01   2.2270770e-01  -1.1299804e-01  -1.1538474e-02   1.2167115e-01   1.0620455e-01  -1.2477979e-01   3.0670719e-02   5.0581122e-01   9.2085483e-02  -8.1610340e-02  -6.1467125e-02  -3.3238502e-02   1.0708567e-01   1.6082092e-02  -8.5318424e-02   5.6519322e-01  -3.2520656e-01   4.9002714e-01  -1.1840567e-01  -6.7439189e-02  -1.8565188e-02   1.0383813e-01   4.8072769e-02  -6.6692630e-02   1.2180491e-02  -1.5868594e-01  -3.8195980e-02  -1.6402828e-02  -3.7980863e-02   3.1747703e-01   1.1104582e-01   5.2526220e-02  -1.1699116e-01   1.0412476e-01   2.1094746e-01  -1.8110824e-01   3.7728760e-01   3.4266298e-01  -1.6917449e-01   2.7153225e-01   4.8761656e-02   1.9909776e-01  -2.8199300e-02   1.2654656e-01   8.5573218e-02   1.3610269e-01  -2.5558383e-01  -3.4424268e-02  -1.4209952e-01   1.2333238e-01   4.6739159e-02   8.3399086e-02   1.5545259e-01   8.6203095e-02   3.1390349e-02  -4.7936088e-02   1.0865808e-01   8.3584716e-02  -2.9496460e-02   7.5922879e-02   3.5908125e-01  -1.6135007e-01   2.1833509e-01  -1.5626053e-01  -2.5933459e-01  -6.5115024e-02  -4.6816344e-02   5.7869078e-01  -5.0684781e-02   3.3434486e-02   6.3263762e-01   7.3702730e-02   8.6084025e-02  -1.0682039e-03   3.1502294e-01  -6.2907294e-02  -7.6864711e-02   3.7557877e-02  -1.9422054e-01   2.4189468e-01   2.5196375e-01   6.4233475e-02  -1.9524242e-01   2.4649464e-01  -1.5547057e-03   3.7153660e-02  -1.9421742e-01   2.6678576e-01   1.2989245e-01   2.2428149e-01   4.0707582e-03   9.3405837e-02  -1.1806835e-01   1.2626564e-01   1.4617657e-01   2.6281588e-01   2.0222339e-01   2.7636777e-02   1.0234922e-01   2.6769560e-01  -9.2474395e-02  -7.7547323e-02   4.0341452e-02  -8.9192749e-02   1.0914297e-01   1.9418801e-01  -3.7604718e-02   1.3619085e-01   2.7781346e-01
  -1.0470678e-01   3.2113445e-01   1.0395932e-01   6.2015561e-02   2.2869560e-01  -3.4797420e-01   2.5888330e-01  -1.1716443e-01   0.0000000e+00   1.2796956e-02   2.6731549e-01   2.1048815e-01  -3.2817274e-01  -3.1906050e-02  -2.7416869e-02   3.2106090e-02   9.5939312e-02   9.9709910e-02   5.9401467e-03  -9.4925845e-03   6.4935506e-02   9.0424645e-02  -6.9127505e-02  -1.1985592e-01   3.2271795e-01  -2.5519844e-01   1.9433110e-01  -1.5511505e-01   2.4914165e-01  -4.8705849e-02   2.8083293e-03   1.1012462e-01   5.5960279e-02   1.8668618e-01   4.4201059e-01   2.8822569e-01  -1.0831968e-01   2.9499700e-02   5.7373496e-02   1.1819881e-01  -4.3448689e-02   3.4195385e-02   4.9754237e-01  -6.3729247e-02   2.5986694e-01   5.0763830e-02  -7.7976050e-02  -3.7334468e-02   1.0240041e-01   1.9325676e-01  -5.0021890e-02  -9.4104341e-02   3.6668415e-01  -3.9412885e-02   2.3972892e-01  -1.5079474e-01  -4.2829977e-01   7.1774655e-02   2.5761542e-01   1.6781528e-01   4.8090719e-02   1.1147907e-01   5.7091989e-01   3.6871321e-01   5.9627378e-01  -6.9284882e-02  -2.9926958e-01   3.9304241e-01  -1.7992632e-01  -1.0135785e-01   2.6681051e-01   2.9922137e-01   2.6221230e-01  -2.7596653e-01   1.7459824e-01   1.3533722e-02   1.2011386e-01   3.3199169e-02   5.4365286e-01   4.2498664e-02  -2.1073746e-01   1.9808739e-01  -1.6749520e-01  -5.4385418e-02  -2.6396975e-01   5.5213184e-02   1.8450997e-01  -1.0538769e-01   4.0691712e-01  -1.2418521e-01   2.8181700e-01   1.2511060e-02  -1.2253649e-01   7.1260187e-01  -4.0368861e-03  -8.9341664e-02   1.4020860e-01  -8.8223111e-02   4.0366308e-01   2.5607648e-01  -2.4716659e-01   6.4396320e-02  -1.1251378e-01   4.1637068e-01  -5.0314506e-02   1.8357274e-01   1.9588128e-02  -2.0827851e-01  -2.1699912e-01  -3.3122821e-01   1.5385105e-01  -1.1026955e-01   3.2667983e-01  -2.2332681e-01  -1.8817632e-01   4.5950158e-01  -2.3382811e-01  -3.8463862e-02  -1.0903222e-01   1.2934572e-01   5.2161105e-02   2.1748791e-01   4.5417659e-01   4.2105991e-01   2.6001519e-02  -2.3896100e-04   2.6699316e-01  -9.6773256e-02   3.5543214e-01  -2.2768447e-01   1.8042328e-01   4.0135498e-01  -2.4326244e-01  -1.8439849e-01   4.3242075e-01  -7.2666743e-02  -9.3468329e-03  -3.2394314e-02  -9.6316575e-02  -1.9182777e-01  -4.1940227e-03  -3.8908453e-01   1.1401229e-01  -1.8346479e-01   1.0374035e-02   5.6602439e-02   1.4803066e-01   7.1188244e-03   3.4118875e-03   2.3745159e-01  -4.8499531e-02  -7.2556204e-02  -4.2904257e-02   2.9289735e-01   2.1895279e-01  -1.0107167e-01   1.0697379e-02   1.1083017e-01   1.1622034e-01  -1.4926610e-01   4.4487691e-01   3.6181924e-01   1.5878378e-01   2.8311959e-01   9.7292162e-02   4.7506354e-01   2.0508447e-01  -1.3000732e-01   7.5712872e-02   1.2595552e-01   4.9099170e-01   1.1879291e-01   5.3845715e-01  -3.4017084e-01   2.6346463e-01  -9.7246901e-02   9.4084487e-02
   2.5961761e-01   4.8086270e-02  -1.0480023e-01  -3.1597724e-01   2.9450986e-03  -2.0599667e-02   4.7445501e-01  -1.4083661e-01   1.2796956e-02   0.0000000e+00  -2.4996833e-01   2.4454318e-01   4.8454182e-01  -2.6192380e-01   1.2907506e-01  -5.7598243e-01  -2.3033347e-01  -2.8138237e-01  -1.8514788e-02   1.4958502e-01   6.2478714e-02  -1.5783628e-01  -1.3596613e-01   4.7851802e-02  -1.6057343e-01   8.7461112e-03  -3.7631513e-01  -2.3317875e-01  -3.0420519e-01   6.3620856e-02   1.1613838e-01  -4.1744328e-01  -5.3252367e-01   4.3070683e-01  -2.0344631e-02   6.6815397e-02  -1.0545586e-01  -1.7787204e-01  -6.3847902e-01   1.4263052e-02   1.3524059e-01  -4.3860915e-01   2.8130350e-01   3.8305042e-02  -3.8703094e-02  -1.6701169e-02  -3.6619955e-01   3.9077850e-01  -1.2942557e-01  -2.6323207e-01  -2.2102411e-01  -1.2763651e-01   1.2789154e-01  -2.4678077e-01  -4.2197078e-01   2.2558364e-01  -7.2560705e-02  -2.7902883e-01  -4.0605644e-01   7.2365607e-02  -3.7876830e-01   4.1219346e-01  -3.9963704e-02   3.2959337e-01  -9.0626895e-02   3.3241242e-01  -8.5811623e-03  -1.3375379e-01  -3.1854520e-01  -7.7261202e-02   1.9528041e-01  -2.5818641e-01  -2.3604826e-01  -6.0896888e-02  -4.0789769e-01  -3.6596920e-01  -3.3302270e-01  -4.2662580e-01   2.0273743e-02  -4.0305386e-01  -3.1689009e-01  -8.0602994e-02   1.2194821e-01  -1.6199530e-01   2.7149099e-01  -4.4248074e-01   2.1709216e-01  -1.8893606e-01  -4.2917363e-02   1.6148788e-02   6.9061348e-02  -3.6015559e-01   3.9674902e-01  -4.4677402e-02  -1.4705712e-01   2.6116260e-01  -4.4693351e-01  -2.1055382e-01  -4.8019509e-01   4.3550324e-01  -2.2422455e-01   4.3173537e-01  -2.3325005e-01   1.9989947e-01  -1.9612644e-01  -4.6888045e-01  -4.1163533e-01  -2.4998165e-01   4.2394873e-01   8.4919556e-02   3.3929314e-01  -1.8035647e-01  -1.6359104e-01   2.5880035e-01  -2.0842584e-01   2.0510975e-01  -1.3413613e-01   3.1513157e-01  -2.7494186e-01  -3.5979267e-01  -8.9026721e-02   1.2831180e-01   8.5155486e-02   1.4646453e-02   1.1665011e-03  -1.1439582e-01   4.8437999e-02  -2.9234841e-01  -2.9240315e-01  -9.8725110e-02  -2.5043878e-01   3.5111179e-01   3.3126172e-02   3.6547499e-02  -2.0839369e-01  -3.4339393e-01  -4.4156835e-01  -1.6366656e-01  -3.4705308e-01   1.9259202e-01   5.1889528e-02   2.5273133e-01  -3.4086941e-01  -8.2307850e-02  -7.2188507e-03   1.9354859e-01   2.5264158e-01   4.3033007e-02   7.3544947e-02   4.3422080e-01  -3.1393320e-01  -2.4034897e-01  -1.8567985e-01  -2.0946949e-01   3.7828846e-02   2.0360778e-01  -1.4832209e-01  -2.9263255e-01  -3.4770986e-01  -3.2801447e-01  -1.6484724e-01  -3.9701301e-01   5.2736771e-01  -2.4723007e-01  -1.6057668e-01   2.3816170e-03  -1.0705926e-01  -3.5435676e-02  -3.3802748e-01   2.6844331e-01  -6.0029928e-02  -1.0478931e-01  -1.2574705e-01  -3.9555074e-02  -3.6935564e-01  -2.1293996e-01  -1.3781253e-01
  -5.0626815e-01  -2.8037853e-02   1.9377396e-02   2.0883973e-01   3.9359721e-01   6.5606937e-02   7.1184661e-02   7.0074743e-02   2.6731549e-01  -2.4996833e-01   0.0000000e+00   9.6314602e-02  -3.4109177e-01  -6.3345651e-02   3.8847434e-01   8.5218102e-02   1.8430566e-01   6.2487339e-01  -1.5196815e-01   1.8343572e-01   4.9952630e-01  -5.0247892e-03   3.8743930e-01  -2.9522055e-01  -7.0857331e-02  -7.9345733e-02   3.0588070e-01   1.3176356e-01   2.5221384e-01   1.3099489e-01   1.3850144e-01   2.5762930e-01  -5.3805577e-02   2.7815018e-01   1.9102919e-01   5.7269893e-01   3.4479168e-01   8.9853509e-02   2.2111951e-01  -1.7055249e-01  -1.4913144e-03  -2.4111011e-02   1.9489644e-01   2.1626892e-01   6.1897703e-01   2.7160698e-01   6.2254291e-01  -3.7410173e-02   3.7865557e-01  -1.4482249e-02   4.9158153e-01   2.2881418e-01   2.9829055e-01  -6.6550252e-02   2.2404952e-01   1.7639088e-03  -1.2249032e-01   1.8121799e-01   4.0592588e-01   2.3280375e-01   3.6464610e-01   2.2996948e-01   8.6560453e-03   2.1397312e-01   3.7411356e-01   1.2632042e-01   1.8053534e-01   2.0503586e-01   3.9794738e-01  -1.5062718e-02  -1.7365263e-01   4.1633330e-01   4.9693308e-01  -4.9073571e-03   1.6654913e-01   1.3216391e-02   3.4782981e-01   3.0209843e-01   4.0577082e-01  -1.4355919e-01   1.6220480e-02   4.1081392e-01   9.7788377e-02   2.1282627e-02  -1.4011882e-01   2.3624460e-01  -6.7781393e-02  -3.7524574e-02   9.9180412e-02   4.9135499e-02   3.7178336e-01   3.2541769e-01   9.5404051e-03   2.8273453e-01   4.0168940e-02   2.1467330e-02   3.4325011e-01   2.6661746e-01   4.0178482e-01   8.9788338e-02  -3.0240730e-02   2.9683476e-01   2.2441874e-02  -4.6768920e-02   3.4494573e-01   1.8703811e-01   7.2887301e-02   2.7518081e-01   4.5433218e-02   2.0460835e-01   2.9231880e-02   8.9042614e-02  -3.0254710e-02  -1.8038749e-01  -1.1720896e-01   1.4857753e-01   1.3422447e-01  -2.2186981e-02   6.6440772e-02   2.7197567e-01   1.4583429e-01   2.5945052e-01   3.9838235e-02   4.9474663e-01   2.1250691e-01   9.9724184e-02   5.6233945e-01  -9.4957662e-02   2.2847475e-01  -1.5940558e-01   4.7585548e-01   4.1516491e-01  -3.3068647e-01   1.6140326e-01   2.8838407e-01   1.4740734e-01   1.5514103e-02   7.0345073e-02   1.6867541e-01  -3.7058603e-01  -8.9734726e-02  -1.1207463e-01   5.1518563e-01  -2.1327189e-01   2.7362167e-01   3.4607980e-01  -1.6846863e-01   3.5226053e-01   4.7808414e-01  -8.0748890e-02   2.2609858e-01  -4.4432337e-02   9.0498766e-02   5.9568303e-01  -6.9469750e-03  -1.5005873e-01   1.8973542e-01   1.7952657e-01   2.8656640e-01  -6.3135541e-03   3.7428391e-01   6.3162253e-01   5.3948680e-02   4.5893888e-01   2.0222839e-01   2.2145273e-01   7.4115584e-01   4.0740356e-02   1.4899034e-01   1.8388871e-01   3.9890210e-01  -1.3430159e-01   5.5333944e-01  -4.3606104e-02   1.9067485e-01  -5.5402923e-02   1.6314118e-01
  -1.1732514e-01   4.9628778e-01   5.3637999e-01  -3.5228190e-01   1.2324705e-01   7.4055618e-02   4.6256128e-01  -2.4105079e-01   2.1048815e-01   2.4454318e-01   9.6314602e-02   0.0000000e+00  -9.9315969e-02  -2.3084563e-01   1.5268257e-01  -1.0451110e-01   3.6528557e-01  -9.7378174e-02   3.3624537e-02   1.9656241e-01   3.3936655e-02  -2.6983486e-01  -1.1374127e-01  -3.7830407e-01  -8.2610557e-02  -3.8585566e-02   2.7009372e-01  -1.5012940e-01   4.8035134e-03   2.5696780e-01   7.4970669e-02  -3.5905500e-01  -8.2818229e-02   6.7579943e-01   2.2911550e-01   1.6604759e-01  -7.8322126e-03  -1.7767858e-01  -5.5631469e-02   3.0332041e-01   6.4575284e-02  -1.1543624e-01   6.8322947e-01   2.4474828e-01   5.0261320e-02  -2.2103916e-01  -1.4240142e-01   2.9243102e-01  -1.0694552e-01   3.0504762e-01  -1.8051519e-01   7.4138532e-02   3.4878846e-01   1.9322909e-01   1.3135612e-01   2.8931328e-01  -6.6014643e-02  -2.5879228e-01  -9.5419160e-02   3.1364885e-01  -1.5856619e-01   1.0539100e-01   3.2980882e-01   1.0269252e-01   1.0620658e-02   7.3707976e-02   9.5010407e-02   2.5338485e-01  -1.6811143e-01   2.2296804e-02   3.6031307e-01   9.8020993e-03   1.6473035e-01  -7.7230708e-02  -2.7295933e-02  -1.7436720e-01  -1.3233277e-01  -6.5758959e-02   1.6069241e-01  -1.5391328e-01  -2.1316133e-01   1.7953401e-01   4.6562418e-01  -5.7589756e-03   4.8674599e-01  -3.3019523e-01   4.5639854e-01  -4.3209696e-02   1.8012647e-01  -3.1463198e-01   5.7814763e-02   2.8344001e-02   3.8439498e-01   3.7903327e-01  -2.0204041e-01  -4.6022113e-02   7.7372631e-02  -2.5766614e-01   1.1107961e-01   1.0386049e-01  -8.4515666e-02   2.7369531e-01  -1.1476717e-01   5.3422613e-01  -3.0404651e-01  -2.5877377e-01   3.3775054e-01  -1.3292114e-01  -8.3525578e-02   2.2586746e-02   5.3551980e-01  -3.3061276e-01  -4.8927163e-02  -2.4670031e-01   5.9562359e-03   1.7892859e-01  -2.8752837e-02   1.2586661e-02  -3.0975753e-02  -2.0950627e-01  -9.6573264e-02   2.0582422e-01   1.8264969e-01  -9.8464314e-03  -2.2366489e-01  -5.7868469e-02   2.8002045e-01  -5.6494057e-02  -3.3974288e-01   1.7386597e-01  -1.5448626e-03   3.8269468e-01   1.4276558e-01  -4.2590945e-02   4.0376464e-01  -2.9163333e-01  -7.1789009e-02   1.1731732e-01  -2.5131977e-01  -1.5338146e-01  -2.9449698e-01  -1.3895976e-01  -9.4110244e-02   2.2368141e-01   4.7821814e-03   8.8853461e-04   6.0205666e-01   6.9960095e-02   1.7001860e-01   1.7416985e-01   1.4286000e-02  -2.0952442e-01  -9.6657985e-02   2.5361977e-01   6.8185279e-01  -2.6588637e-01  -1.4931474e-01  -1.1344053e-01  -3.1864019e-02  -2.0856597e-01   3.0893777e-01   5.6378157e-02   2.0323736e-01  -1.4302224e-01  -1.6987524e-01   2.1329844e-01   2.9639854e-01  -2.0204844e-02   8.3597815e-02   2.1852223e-01   1.7780730e-01  -1.1257976e-01  -7.0797504e-02  -1.5880072e-01   4.0652658e-02  -1.4531642e-01  -2.6715297e-01
   3.4428331e-01  -2.0615413e-02  -1.2590363e-01  -4.1560110e-01   5.6564434e-02   8.1788312e-02   7.1989738e-02   4.0855239e-02  -3.2817274e-01   4.8454182e-01  -3.4109177e-01  -9.9315969e-02   0.0000000e+00  -1.4392498e-01  -2.1209553e-01  -5.1078765e-01  -1.9139526e-01  -3.2124951e-01   3.9375050e-02   3.4269679e-01  -1.7153382e-01  -4.5537563e-02  -2.7669142e-01   4.9354905e-02  -3.5787583e-01   1.1981669e-01  -3.9030369e-01  -1.6354838e-01  -5.9636427e-01   1.0499643e-01   1.4962813e-01  -4.1774268e-01  -3.7060999e-01  -1.1603659e-01  -2.7228597e-01  -1.2503121e-01  -1.1956566e-01  -3.2470206e-01  -4.6204633e-01  -1.1314857e-01   4.6661316e-01  -3.5217791e-01  -2.4552731e-01  -2.2985900e-03  -4.7599755e-02  -2.9111021e-01  -1.5942833e-01   2.2808834e-01  -3.4949199e-01  -2.9498151e-01  -2.7092020e-01  -1.1108714e-01   2.9119271e-02  -1.6971202e-01  -5.7343175e-01   3.6970216e-02   1.2626842e-01  -3.1340866e-01  -5.5562498e-01  -2.6965133e-01  -4.7462548e-01   1.7067079e-01  -2.8600196e-01  -3.6178766e-02  -3.1254683e-01  -2.2060197e-02   1.2927857e-02  -5.2119564e-01  -2.1258313e-01  -2.5442356e-01   1.2894410e-02  -3.2349036e-01  -4.5374500e-01  -1.6329102e-01  -4.8046753e-01  -6.1659771e-02  -5.0837526e-01  -2.0345178e-01  -7.3102015e-02  -2.2344155e-01  -8.9878040e-02  -4.1492099e-01   5.1066120e-02  -2.8369695e-02   2.6904809e-01  -4.2898535e-01  -8.2399043e-02  -2.1142972e-01  -3.4830997e-01  -1.6268271e-01  -1.6142576e-02  -5.1002244e-01   7.8139743e-02  -4.6030715e-01  -3.1425746e-01   5.3159615e-01  -6.3883791e-01  -1.0180023e-01  -6.6000346e-01  -8.1954744e-02  -1.8273163e-01  -3.5283505e-02   2.7714143e-01  -1.2022242e-01  -2.7345544e-01  -3.2877403e-01  -3.3296277e-01  -9.6285079e-02   5.6240443e-01   5.3880584e-02  -8.7446763e-02  -2.7391594e-01  -4.0002126e-01   1.4378614e-01  -1.6005651e-01  -9.3603523e-02   2.9246080e-02   3.1089238e-01  -3.1021745e-01  -6.3676532e-01  -4.0189313e-01   1.6541857e-01  -2.2749489e-01  -1.9677586e-01  -2.5335415e-01  -3.4323385e-01  -2.1710873e-01  -2.1191365e-02  -3.0235397e-01  -9.3096419e-02  -4.4144748e-01  -2.5108875e-01   1.3084943e-01  -4.8905846e-02  -3.5410438e-01   8.4046827e-03  -4.0907534e-01  -1.9956802e-01  -2.5224595e-01   7.6635874e-02  -1.1000885e-01   7.4921468e-01  -2.8603196e-01  -1.4395200e-01  -3.5272607e-01  -6.4642049e-02  -2.8077482e-03   1.0131416e-01  -8.7312295e-02  -1.8313988e-02  -4.4165214e-01   1.3689988e-01  -4.3730668e-01  -2.0420413e-01  -1.5754933e-01   3.4969907e-02  -3.2328391e-01  -4.9122263e-01  -4.8698066e-01  -5.2900966e-02  -4.6194243e-01  -3.6534006e-01   7.4075564e-02  -3.6680955e-01  -2.1964124e-01  -2.3465829e-01  -2.7344103e-01   8.1940974e-02  -5.2841288e-01   2.3977004e-02  -1.7910569e-01  -1.7922461e-01  -2.4373977e-01  -2.0521988e-03  -6.4265581e-01  -1.8538587e-01  -2.1903846e-02
   3.0610375e-01  -1.2546655e-01  -1.2006513e-01   1.6940838e-01  -1.8032687e-01  -3.5166053e-02  -3.9095681e-01   5.1704084e-02  -3.1906050e-02  -2.6192380e-01  -6.3345651e-02  -2.3084563e-01  -1.4392498e-01   0.0000000e+00  -1.2743735e-01   1.3966704e-01  -1.1533215e-01   6.7036316e-02  -2.7096720e-02  -2.6294980e-01   5.0481663e-02   5.7794905e-02  -9.7282887e-03   3.4648953e-01   2.1943537e-01  -1.2870315e-01   6.1573375e-02   1.3641440e-01   6.0981398e-02   7.9458949e-02  -1.0603166e-01   2.8653066e-02  -6.0782268e-03  -2.6880644e-01   2.4392347e-01  -2.4445032e-01   2.3323416e-01   1.0260135e-01   1.4738230e-01  -9.9893523e-03  -6.9303184e-02   6.0237407e-03  -2.6791100e-01   4.1963016e-02  -1.5868037e-01   1.6817077e-01   3.4263298e-02  -1.2309238e-01   5.7335874e-02   3.0252746e-02   9.9192647e-02  -1.3025014e-01  -6.0004582e-02  -1.2933129e-01   1.9842224e-01  -7.1162540e-02   8.8971765e-02   2.0549316e-03   9.7004342e-02   9.3867073e-02   2.0720040e-03  -2.4367008e-01  -1.4695420e-01  -9.5405814e-02   6.5070144e-02  -6.8948334e-02   5.2380932e-03  -9.4799564e-02  -5.8140095e-02   2.1720915e-01  -2.6231886e-01  -7.8011714e-02  -1.2661691e-01   3.4743443e-01  -5.5455044e-02   7.6386396e-02   1.1456615e-01   1.7339936e-02  -1.6042588e-01   2.3748261e-01   1.6398799e-01  -1.1552365e-01  -8.8762468e-02   2.5542172e-02  -1.3017083e-01   1.1158310e-01   1.8930623e-01   3.0274229e-01   7.0202573e-02   4.4382261e-01  -1.8126580e-01  -8.9478076e-04  -9.8382931e-02  -8.5879746e-02   2.1972271e-01  -2.3031207e-01   3.2082453e-02   7.2867773e-03  -4.8098119e-02  -3.1246469e-01   2.2770037e-01  -1.9380392e-01   1.6186329e-01   2.6367728e-02  -1.3222196e-02   3.2298588e-02  -1.7456306e-01  -4.9503566e-02  -1.8413709e-01   1.1111580e-01  -3.5626033e-01   1.3162846e-01   1.1526969e-01   2.1416857e-01   2.7216532e-01  -2.5872829e-01   2.1905039e-01  -1.5058613e-01   3.0636730e-01   1.7253379e-01   8.7134738e-02  -7.5889051e-02  -1.7584276e-01  -4.7229784e-02   2.8705829e-01   5.5100751e-01  -1.7317600e-01   1.7621288e-03   5.6872597e-02   2.6003665e-01  -2.1561098e-01  -2.8427655e-01   2.2296979e-01   1.3736946e-02  -9.5904435e-02   1.6575290e-01   1.5152162e-01   1.0748352e-01   8.7044074e-03   2.9459631e-01   3.9571439e-01  -1.5756177e-01   9.5279922e-02   7.6916393e-03  -1.7042772e-01  -4.6108540e-02  -3.4590288e-01   7.0038448e-02   1.3752454e-01  -1.8020343e-01   2.7843507e-01   2.0055821e-01   5.0409692e-02  -1.1890965e-01  -7.7623480e-02   1.0450400e-01   1.1463572e-01   3.1024002e-02  -1.2645201e-01   3.7312504e-02  -2.9096762e-01   6.2591420e-02  -1.3735291e-01   1.7189697e-01  -1.7481846e-01  -1.5155490e-01  -1.4927163e-01  -4.4293195e-02   8.9296792e-02  -1.7778461e-01  -1.2808499e-01   9.7890617e-02   1.4863895e-01   2.6371896e-02   3.4268730e-02   1.4925310e-01  -1.4658799e-01
