   0.0000000e+00  -2.7481338e-02  -5.2080230e-02   2.1152043e-02   8.6917237e-02   2.8018484e-02  -1.5697002e-01   1.6228420e-01   1.8245818e-01  -1.2735993e-01   4.9027116e-02  -1.3551584e-01  -1.6504724e-01   2.7437651e-01  -1.6084624e-01  -7.6785992e-02   2.1569173e-02   8.7065115e-03   1.1348799e-01  -9.7536673e-02  -5.6661301e-02   1.0696607e-01  -2.3164484e-01   4.6199512e-01  -6.6432241e-04   2.1978608e-01  -1.5145726e-01   2.7151256e-01  -4.1982291e-02   8.2412195e-02  -1.0365753e-01   1.0896684e-01  -1.6573036e-01  -7.9124380e-02  -7.7732709e-02  -1.5337721e-01  -1.4412607e-01   3.0910022e-01  -7.2845675e-02  -6.0435159e-02   8.0796015e-03  -8.9633137e-02   6.0149907e-02   5.0678597e-02  -9.3888442e-02   3.5829208e-01   3.9910166e-02  -1.3464197e-01   2.2399735e-01  -1.2515131e-01  -4.5267770e-02   2.6036277e-01   1.8446616e-02  -6.5428811e-02   3.4085086e-01   1.3720214e-01   8.0634567e-02   5.5044942e-02   5.9084194e-02   4.7929111e-02   6.9005560e-02  -1.1361778e-01   1.4897817e-01   7.7635561e-02   1.1620900e-01   3.4749653e-02  -1.1546657e-01   6.6910181e-02   1.2670886e-01  -1.0552954e-01  -1.3106807e-01   3.0802628e-02   2.0286797e-02  -7.8135763e-02  -1.6274532e-01   1.9470890e-01   1.0905061e-01   2.8160494e-02   3.7864460e-02  -3.4193320e-02   1.4088140e-01  -2.6170162e-02  -1.5900331e-01   2.2548432e-01   4.8770581e-02   1.2529516e-01  -1.1807402e-01   1.8599349e-01   2.0117751e-01   6.9293854e-01   1.0049104e-01   8.8696675e-03  -2.5390041e-01   9.6802814e-02   6.5069833e-02   1.9952006e-01  -1.4530011e-01   1.6006206e-01  -5.5964372e-02  -3.6867645e-02  -2.6785915e-02  -1.2943077e-01   5.6603153e-03   1.5877506e-01   7.3322971e-02   9.2300300e-02  -2.4398655e-02   1.9151639e-01  -1.7995491e-01  -2.6820218e-03  -2.4192151e-01   1.0595327e-01   1.3978245e-02   7.9285654e-01   5.2318603e-02   2.0623925e-02   1.9793955e-01  -6.6352616e-02   1.3869752e-01   7.3914827e-02   4.5550881e-01   2.5169174e-02  -1.5267541e-01   2.1215953e-03   4.8191436e-01   2.5637557e-01  -8.0379711e-02   6.5803196e-02   2.0264202e-01  -1.5282225e-01  -1.7736503e-01  -1.6982799e-01   3.1047365e-01  -5.8075069e-02   5.6566810e-02   2.3003862e-01  -1.2985992e-01   2.8492048e-02   2.1910166e-01   4.9691423e-01   7.0380051e-01  -1.0321845e-01   2.5187125e-02   1.0523152e-01  -1.1147257e-01  -1.4313767e-02  -2.0832541e-01   1.7231285e-01  -3.4146642e-02  -2.0089263e-01  -2.2136550e-01  -5.6000924e-02   3.7888596e-01  -1.4955303e-01  -1.2693131e-01   5.6673972e-01   5.1406740e-01  -7.5172026e-02   6.7856531e-02   1.1544084e-01  -4.4177025e-02  -1.4915391e-02   2.3898694e-01   7.0496149e-02   1.9797397e-01  -1.1392907e-01  -2.8714663e-02   1.5216789e-01   5.4114603e-01  -2.3489182e-01   5.3373585e-02   3.6904733e-02  -2.6332553e-02   2.2026642e-01   8.3828062e-02  -7.4609442e-02   1.5950266e-01
  -2.7481338e-02   0.0000000e+00   3.7927957e-01  -4.8522285e-01   4.1867172e-01  -5.3571750e-01  -2.6658808e-01   1.7479378e-01   5.8138494e-01   3.1700903e-02  -4.2528707e-01   5.3295411e-01   7.2676545e-02  -5.9781040e-01  -5.3370697e-01  -1.1530291e-01   4.6443657e-01  -5.8853047e-01   1.1246163e-02   4.2934254e-01  -5.6205438e-01  -3.5683149e-01  -5.4638349e-01  -1.7632447e-01   1.1863905e-01   3.4121222e-02   1.5810198e-01  -3.9031326e-01   8.7606738e-02  -3.7616948e-01  -4.7413155e-01  -3.9294161e-01   2.0426896e-02   6.2521177e-01   5.3146490e-01  -3.1459250e-01  -1.9450123e-01  -4.9459113e-02  -1.2920844e-01   6.7303747e-01  -1.5727184e-01   1.3347127e-01   7.3866623e-01  -4.4593371e-01   1.8397159e-01   6.6361727e-02  -6.4451613e-01   1.3108706e-02  -4.6838248e-01   5.5203381e-01  -5.1195021e-01   5.6888276e-03   7.2182484e-01   1.8104382e-01  -3.4831320e-01  -3.1992367e-01  -2.7442252e-01  -2.1422177e-01  -3.4695812e-01   7.8189432e-02   2.1869643e-01  -3.9797907e-03   7.3974105e-01  -1.7501404e-02   2.4235784e-01  -3.7352568e-01  -3.8753805e-01   3.5885264e-01  -4.9682676e-01  -2.3747520e-01   6.9041441e-01  -5.3426359e-01   1.0403364e-01   8.0747374e-02   2.8190696e-01   2.4194545e-02   1.0766090e-01  -9.0175555e-02   6.1603216e-01   2.7896145e-02  -5.0803566e-01   9.2980758e-02  -8.3844655e-02   5.6055512e-02   1.2306939e-01  -3.4670884e-01  -2.4444673e-02  -9.4739232e-02   5.9851212e-01  -3.2695198e-01   3.0963971e-01   3.4527685e-01   8.5453830e-02   1.8815656e-01  -5.6887008e-03   2.2450488e-01  -1.9273248e-01  -1.8304366e-01  -1.4607058e-01  -3.1255486e-01  -5.0857702e-01  -3.1251159e-01  -6.4143186e-01   5.0269773e-02  -4.9026041e-01  -2.1980750e-01   2.4796980e-01  -2.3793390e-01   7.4477850e-02  -5.8044550e-01  -2.8052900e-02  -5.3471249e-01   1.4778708e-01  -3.0747037e-02  -5.2160133e-01   6.7443164e-01  -3.2436197e-01   6.6274372e-02  -5.3304184e-01  -5.8708378e-01  -6.1427189e-02   3.0029468e-01   5.7912226e-01   5.6804562e-01   6.2567042e-02  -5.7382550e-01  -3.4706984e-01   3.4498428e-01  -4.2313398e-01  -8.8458375e-02  -5.9007398e-02   3.2362882e-01   7.1587838e-01  -5.0040890e-01   5.1132155e-01   6.5256710e-02   2.7308003e-01  -2.8133904e-01  -1.5568805e-01   2.8525313e-03   4.1863923e-02  -2.3714495e-01  -4.5105407e-01  -5.6883220e-01  -3.2014307e-01  -6.0444024e-01   4.3042301e-01  -4.8065626e-01  -6.5093947e-01   1.0654728e-01  -1.7840292e-02  -4.9535294e-01   1.8268645e-01  -1.4026515e-01   4.2328537e-01  -9.3414578e-02  -1.9191640e-01  -2.3969861e-01   3.7353737e-01  -6.2318036e-01   3.7258249e-01  -2.0680296e-01  -2.3965790e-01  -7.0524756e-01  -2.1459239e-01   8.1789366e-01  -4.0846522e-01  -2.8733353e-01   7.0877754e-03   3.2881467e-01   6.8605807e-01   2.7653716e-02  -3.5678996e-01  -3.5404363e-01   1.9025816e-01   1.0293129e-01  -2.6511926e-01
  -5.2080230e-02   3.7927957e-01   0.0000000e+00  -2.4646785e-01   1.5304259e-01   5.8651273e-02  -7.2149777e-02   1.4690788e-02   9.1801362e-02   5.1246703e-02  -3.9732834e-01   6.4282729e-01  -1.1850687e-02  -4.2791312e-01  -2.6923475e-01   2.3972539e-01   8.2480415e-01  -4.1906091e-01  -9.9046241e-02   2.6377765e-01  -4.2518529e-01  -3.1629911e-01  -1.3596475e-01  -3.1691502e-01  -5.1092467e-02   3.5567849e-03   2.5431033e-01  -5.8026422e-01  -5.2549873e-02  -3.4159543e-01  -4.8776966e-01  -3.3771914e-01   3.6795938e-01   3.4208779e-01   1.2138578e-01  -2.8693478e-01  -3.3468202e-01  -2.2400954e-01   2.7948191e-02   5.7848158e-01  -1.8783212e-01   5.3502886e-01   2.9966004e-01  -4.9407694e-01  -2.2610557e-01   2.4592848e-01  -3.6427703e-01  -1.6192789e-01  -4.9872300e-01   6.3858414e-01  -3.0412439e-01  -1.0731444e-01   1.2894962e-01   5.3754294e-01  -2.4675208e-01  -2.6371488e-01  -5.4656678e-02  -2.9989036e-01  -3.8050182e-01   1.7554489e-01   1.9150753e-01  -8.5500662e-02   3.1856725e-01  -3.1306436e-01  -2.6200315e-01  -3.0145761e-01   2.2069625e-01   9.6652012e-02  -2.9303365e-01   4.9184577e-01   2.1148044e-01  -2.9948380e-01  -3.3539029e-02   5.2015689e-01   4.1049156e-01  -4.4803440e-02   6.7885149e-04  -2.3473713e-01   5.9323061e-02   2.1380194e-01  -3.6715193e-01   9.0528585e-02   2.1884692e-02  -6.8407792e-02   4.7798085e-01  -3.5237088e-01  -1.6135886e-01   6.5176311e-02   3.2716292e-01  -1.6624386e-01  -3.4022105e-02   5.7569812e-01   4.0000032e-01  -1.9565169e-01  -1.3906342e-01   4.6819496e-02   1.2064872e-01  -5.7324395e-02  -1.2906720e-01  -3.6980345e-01  -1.4684931e-01  -1.5857339e-01  -5.1826490e-01   1.3771279e-01  -4.3450995e-01  -3.2164186e-01   3.9687875e-01  -5.7062006e-02  -1.1111393e-01  -2.0031726e-01   3.4443621e-01  -4.4198774e-01   2.5231166e-01  -7.9628247e-02  -2.8481537e-01   8.4932824e-02  -3.8609970e-01   2.3362460e-02  -3.2062606e-01  -3.0534067e-01  -1.4113072e-01   5.9133310e-02   5.5255648e-01   1.1479212e-02   7.4016241e-02  -3.3822179e-01  -3.8570867e-01   4.0796658e-01  -4.8651498e-01   5.7083542e-01  -6.1914018e-02  -1.7383801e-01   3.3941474e-01  -2.1038746e-01   2.7717031e-01   8.6532882e-02   4.0170310e-01  -3.7367967e-01  -1.4172397e-01   7.0696730e-02   2.1236279e-02   3.0696089e-02  -2.6498465e-01  -1.2783233e-01  -4.5561528e-01  -5.9684636e-01   4.0897863e-01  -4.3597514e-01  -2.4575416e-01  -3.4027607e-01   5.5558367e-01  -4.7310520e-01   2.5786727e-01  -1.9535272e-01   8.2595880e-01  -1.5291099e-02  -1.0387472e-01  -3.1199578e-01   4.0706899e-01  -5.1855105e-01   2.2761367e-01  -8.7840465e-02  -3.8923354e-01  -4.8351857e-01  -2.9283382e-01   2.8172182e-01  -2.4725075e-01  -1.4509875e-01   1.7101259e-01   2.3246025e-01   1.9306726e-01   1.7287733e-01  -3.4412948e-01  -2.2297304e-02   2.6425444e-01   2.8917481e-01  -2.2577184e-01
   2.1152043e-02  -4.8522285e-01  -2.4646785e-01   0.0000000e+00   3.9157858e-02   4.9325761e-01   1.7627996e-01  -1.0345166e-01  -1.7267635e-01  -4.8112015e-02   3.9313022e-01  -2.3939518e-01  -8.6435862e-02   3.4080120e-01   3.0450659e-01   2.4871007e-01  -2.3136576e-01   6.0483772e-01   2.4961778e-01   1.4537554e-04   2.7200131e-01   4.7248236e-01   2.9069478e-01  -8.8498672e-02  -1.7370450e-01  -1.2902489e-01   1.5490964e-01   5.9091037e-02  -1.8562272e-01   5.5590835e-01   2.5818593e-01   5.6552867e-01  -2.2925253e-02  -3.9572807e-01  -3.0488636e-01   3.3961277e-01   3.8694317e-01  -2.6110623e-02   3.4524882e-01  -3.3708224e-01   1.7928828e-01  -1.4909784e-01  -3.1443758e-01   5.2610457e-02   8.1498325e-02  -2.4282723e-01   6.1102789e-01   4.0496143e-02   4.3306427e-01  -3.5857615e-01   5.6205997e-01  -1.3496487e-01  -4.1034625e-01  -1.6499736e-01   2.8112727e-01   7.5911327e-04   4.4980929e-01   3.2899661e-01   6.0785966e-01   1.8024349e-01  -8.6244036e-03   2.5233835e-01  -2.8405396e-01   1.9789306e-01   1.9735200e-01   2.6493946e-01   3.2814326e-01   1.7006407e-01   5.5377894e-01  -3.7522196e-02  -4.5109323e-01   7.5985422e-01   1.7923135e-01  -1.4232881e-01  -1.9893315e-01  -8.6477933e-02  -3.7378018e-02  -1.8375204e-01  -3.0354429e-01   3.5879345e-01   1.0214857e-01   1.4315953e-01  -1.8411829e-01  -1.5334916e-01  -3.6039649e-01   2.3300710e-01   1.3605952e-01  -9.9879794e-02  -3.1844461e-01   3.5705801e-02   5.3862007e-02  -2.8593740e-01  -2.8851826e-01   1.1102421e-01  -3.9605574e-02   1.2058312e-01   5.1182755e-01   4.3633190e-01   4.8244451e-01   3.6276429e-01   6.4064520e-02   2.7451830e-01   4.4665223e-01   2.4820033e-01   5.8524901e-01   5.3417311e-01  -2.6011415e-01   4.6187687e-01  -8.4413536e-02   3.1211338e-01  -2.7283983e-01   6.0572377e-01   4.3775315e-01  -8.7710233e-02   2.0674667e-02  -2.8872536e-01   1.1414644e-01  -3.1216347e-02   1.3251190e-01   8.1594678e-01  -1.6835177e-01  -8.9650982e-02  -3.2890968e-01  -2.8671053e-01  -1.7310088e-01   2.8151177e-01   3.8856347e-01  -2.2777749e-01   6.1542167e-01  -1.5231262e-01   1.3486708e-01  -4.7595818e-02  -4.1197165e-01   2.9412289e-01  -1.4877579e-01  -1.4108728e-01  -7.8246544e-02   1.4495424e-01   1.7184908e-01  -2.0011697e-03   6.4007598e-02   2.3502263e-01   4.1229539e-01   1.8334130e-01   3.8221096e-01   4.5116006e-01  -3.8114537e-01   3.6170734e-01   3.7264552e-01  -1.1641961e-01  -2.4568168e-01   1.1564398e-01  -2.6289693e-01   5.6887323e-02  -1.9307406e-01  -6.1006547e-02   5.1067958e-02   4.0921293e-01  -1.9152586e-01   4.4972592e-01   1.9181437e-01   1.7504295e-01   1.1503443e-01   7.0867685e-01   4.7823067e-01  -5.1224198e-01   3.3169269e-01   3.9525936e-02  -1.8640147e-01  -3.0231873e-01  -3.1118035e-01  -2.4005848e-01   5.7733339e-01   2.3013335e-01   9.8308518e-02  -1.8804403e-01   5.1089332e-01
   8.6917237e-02   4.1867172e-01   1.5304259e-01   3.9157858e-02   0.0000000e+00  -2.2599711e-01  -1.1920288e-01   1.2002738e-01   4.5695909e-01  -1.5511712e-01   4.8615372e-02   2.6498925e-01   2.1263979e-01  -3.4402411e-01  -3.4716388e-01   5.8872303e-02   1.8564568e-01  -2.9549381e-02   9.0762614e-04   6.8412924e-01  -4.4287893e-01  -9.3721276e-02  -4.1450822e-01  -7.3497014e-02   7.9137336e-02  -7.7705966e-02   3.6711257e-01  -1.8701918e-01  -9.5369326e-03   1.8272585e-01  -3.9640724e-01  -1.1675250e-01  -1.1289943e-01   1.5112776e-02   1.7530182e-01   1.1897537e-01   7.4047262e-02  -2.1706533e-01  -8.1991149e-02   2.3038524e-01   8.6003587e-02  -2.4360743e-02   3.6222571e-01  -3.2651829e-01   2.9507798e-01   8.4042527e-02  -2.9802216e-02  -1.0351571e-01   6.7149808e-02   1.6946524e-01   3.0531774e-02   1.6078151e-02   2.5037524e-01  -1.2664533e-01  -3.5221068e-01  -1.8822749e-01  -8.4560493e-02  -8.4991360e-02  -1.0226409e-02   1.0810676e-01   5.2781836e-02   2.3033324e-01   5.4614005e-01  -5.9990672e-02   4.4704042e-01   6.7368694e-02  -3.0681647e-01   4.4583521e-01  -8.7722908e-02  -1.9025189e-01   3.2612119e-02   5.3968228e-02   1.9218789e-01  -1.5907598e-01   9.9911710e-02  -4.1316388e-02   2.4848528e-03  -1.2269340e-01   5.5102510e-01   2.2766264e-01  -3.0133974e-01   1.2139447e-01  -3.2484985e-01  -6.3366099e-02  -1.8480082e-01  -1.6704457e-01  -1.1785168e-01  -1.4178291e-01   2.5834750e-01  -1.5259848e-01   7.1184243e-01  -6.8826224e-03  -2.1202908e-01   2.4529766e-01  -4.5741829e-02   6.9465812e-01   7.5482469e-02  -3.2540757e-03   3.2195160e-01   7.8319199e-02  -4.7069174e-01  -1.7449422e-01  -3.5298374e-01   1.2920872e-01  -9.5415454e-02  -1.0457009e-01  -1.0736659e-01   1.1705176e-01  -7.2831292e-02  -3.0420994e-01  -3.5269918e-01  -8.6022672e-02   2.4799672e-01   8.0358240e-02  -3.4787707e-01   5.4262804e-01  -9.7864769e-02   3.9343370e-03  -3.1606332e-01  -8.0773378e-02   2.0454108e-03   7.0996318e-01   1.7026551e-01   4.5927959e-01   6.2231823e-02  -2.8540454e-01   1.5125764e-01   2.2750612e-01  -5.7635516e-02  -2.0497698e-01   2.1958319e-01   4.4913847e-01   2.9365900e-01  -3.7110348e-01   3.0425084e-01  -5.8627723e-02   1.3382644e-01  -3.1120209e-01  -1.8695083e-02  -8.2665253e-03   1.1211072e-01  -1.0233087e-01  -2.5858398e-03  -3.0630365e-01   9.6011782e-03  -3.1060053e-01  -9.3542287e-02  -2.7267062e-02  -2.0258520e-01  -2.4510630e-01  -3.1191419e-01  -4.8937841e-01  -1.0193222e-02   6.6947626e-03   1.8444081e-01  -3.2965523e-02  -5.0019225e-02   4.5799093e-02   3.8312771e-02  -2.1366973e-01   5.6161601e-01   4.1663997e-02   7.4354767e-02  -1.3333812e-01   3.3722875e-02   2.9511487e-01   4.2758684e-02  -2.5398103e-01  -8.7505429e-03  -1.2972023e-01   6.0935105e-01  -2.5789437e-02   2.1909609e-01  -1.9045763e-01   1.4560391e-01  -1.4392733e-01   1.5884221e-02
   2.8018484e-02  -5.3571750e-01   5.8651273e-02   4.9325761e-01  -2.2599711e-01   0.0000000e+00   5.4511360e-01  -1.9174914e-01  -5.0718072e-01   1.8687896e-01   2.3448295e-01  -4.3551322e-02  -6.2011417e-02   3.6351505e-01   5.1598330e-01   4.3244742e-01  -1.1539435e-02   5.0214719e-01   4.0798367e-02  -2.6526628e-01   3.8711207e-01   1.8837160e-01   6.5267986e-01  -1.1667087e-01  -8.5047582e-02  -1.3035042e-01   3.9493824e-01   5.5591918e-02  -1.9708801e-01   3.8765827e-01   2.3728305e-01   3.3804662e-01  -2.6480518e-02  -2.6609468e-01  -2.1549967e-01   4.0204605e-01   3.0944125e-01  -3.1061252e-01   3.1568054e-01  -1.4614961e-01   8.7980256e-02   6.7608428e-02  -6.0751934e-01   1.1413056e-01  -2.4449512e-01  -2.0450050e-02   6.0404207e-01   1.8910027e-01   2.2317876e-01  -2.0629049e-01   5.7822992e-01  -2.0345086e-01  -5.0994779e-01   2.0026940e-02   2.4504787e-01   1.6573778e-01   5.2630614e-01   1.1404265e-01   3.2782700e-01   7.1610527e-02  -1.8783679e-01   1.4040811e-02  -6.1741905e-01  -1.5341728e-02  -2.6175877e-01   4.6017980e-01   7.7854692e-01  -1.0634789e-01   4.8086132e-01   3.7195041e-01  -3.8520428e-01   4.9711136e-01   1.3518776e-01   1.4456308e-01  -8.9817047e-02  -1.0541308e-01  -1.7499296e-01  -1.5913115e-01  -7.0456668e-01   1.2887306e-01   3.6698959e-01   1.4386478e-01   1.3436722e-01  -3.2041724e-01  -1.1736729e-04   6.3343735e-02   1.8832853e-01   1.2140922e-01  -5.0131658e-01   1.5848043e-01  -3.3372990e-01  -1.4994074e-01   2.0256641e-01  -3.0682258e-01  -3.1244606e-01  -2.3195394e-01   3.4911639e-01   2.0061515e-01   7.2599287e-02   4.7609532e-01   3.1812794e-01   4.6622799e-01   3.0409338e-01   9.5401483e-02   5.0660694e-01   1.2744940e-01  -1.7478786e-01   3.7146916e-01   7.9532071e-02   5.9566187e-01   3.4253252e-01   4.4747047e-01   1.6189189e-01  -1.3147907e-01   2.3563217e-01  -6.1323256e-01   6.3636675e-02   9.1760227e-04   3.6788845e-01   6.1113712e-01  -2.1426400e-01  -4.3343277e-01  -3.0034906e-01  -6.8114051e-01  -4.6942445e-02   3.7702966e-01   3.3462201e-01  -2.5949955e-01   1.6660615e-01   2.4917692e-01   2.1212246e-01  -2.2630657e-01  -4.7963886e-01   4.2485681e-01  -5.1880214e-01  -1.6288272e-01  -6.3290853e-02   1.5646942e-01   2.6892998e-02  -1.9123197e-01   2.4429045e-02   2.3522092e-01   3.8045899e-01   4.8610960e-01   2.6673021e-01   2.5848549e-01  -6.2115084e-02   4.5906239e-01   6.6798932e-01  -1.7011470e-01   1.7215867e-01   8.0698249e-02  -1.7338566e-01  -3.9608193e-02   7.3090880e-02  -1.1417536e-01  -4.7609650e-02   2.6418869e-01  -2.0971918e-01   4.1876162e-01  -1.6768022e-01   9.3372987e-02   2.0730910e-01   4.9927054e-01   3.0155226e-01  -6.1337831e-01   4.0402845e-01   1.5081155e-01  -1.0924893e-01  -6.5765592e-02  -6.4722513e-01  -3.9707822e-01   3.5793508e-01   5.2210059e-01   8.3782313e-02  -1.9407923e-01   3.4858673e-01
  -1.5697002e-01  -2.6658808e-01  -7.2149777e-02   1.7627996e-01  -1.1920288e-01   5.4511360e-01   0.0000000e+00  -3.2029984e-01  -2.1072611e-01   4.2184726e-01   1.6988812e-01   2.4158961e-01   4.2082643e-02   2.6030008e-01   7.2955979e-01   1.6137592e-01  -3.2746718e-01   4.3646462e-01  -2.4980731e-01  -1.7400408e-01   4.1838362e-01  -1.0406177e-01   6.7429591e-01  -2.9601412e-02   9.1261460e-02  -1.8272641e-01   3.6485675e-01   1.0881304e-01   1.5354692e-01   3.7765528e-01   3.6390978e-01   1.9244486e-02  -3.3622453e-01   1.1741101e-01   3.3215507e-01   3.8487818e-01   3.4570803e-01  -3.9489586e-01  -6.3178740e-02  -2.2601954e-01   1.2544875e-01  -1.3686657e-01  -4.6789488e-01   2.6047181e-02   4.9669429e-02  -1.1473537e-01   4.2492267e-01   5.8659994e-01   3.3897365e-02  -4.6115579e-01   5.2985560e-01  -2.0507589e-01  -4.0747870e-01  -3.9032396e-01   1.2567410e-01   4.2779296e-02  -1.2836116e-02  -5.9746077e-02   2.2548015e-01   3.5333808e-01  -5.5318442e-01   2.4091487e-01  -5.3522224e-01  -2.5480914e-02  -5.0737082e-02   6.9890499e-01   2.8609105e-01   9.0495412e-02   1.5531604e-01   3.5914550e-01  -1.8280228e-01   3.3250807e-01   1.6814489e-01  -7.2999731e-02  -3.1353451e-01  -1.2838087e-01  -4.5791935e-01  -2.6467723e-01  -4.8507827e-01  -1.3994410e-01   5.8472530e-01   1.3331809e-01   8.6734727e-02  -3.8095667e-01  -4.0300312e-01   9.9583378e-02   2.8804026e-01   1.5040274e-01  -4.0683752e-01   2.5204897e-02  -1.4198589e-01  -5.2434885e-01   1.6372033e-01  -1.6996374e-02  -5.3175865e-01  -3.9936362e-01   1.5053201e-01  -2.8582504e-01   1.4372405e-01   6.9509479e-01   1.8228789e-01   7.2017495e-01   2.5126448e-01   2.0473978e-01   3.8550176e-01  -1.1076121e-01  -5.6658140e-01  -5.4189961e-02   2.0459627e-01   5.3998881e-01   4.7533436e-01   3.1842121e-01  -5.8769857e-03  -1.8232228e-01   2.4236163e-01  -4.9274352e-01  -1.0507958e-01   2.0759604e-01   2.2648998e-01   3.1386592e-01  -3.6548551e-01  -2.0541399e-01  -2.2240252e-01  -4.7820398e-01  -3.0998812e-01   3.9030365e-01   6.8065749e-01  -4.1411047e-01  -1.0348334e-02   2.2322744e-01   1.6143645e-01   2.7655457e-01  -5.8585750e-01   3.6262122e-01  -3.2533769e-01  -2.4862113e-01  -2.8171882e-01   2.8134271e-01  -1.4296799e-01  -2.0882168e-01  -1.6651217e-02  -7.8578232e-02   2.1764721e-01   3.5159014e-01   6.4150251e-01   3.1858832e-01   2.5436399e-01   4.7577815e-01   7.3397555e-01   3.9982509e-02  -1.7646331e-02   1.5224000e-01  -4.9813673e-01   9.6329725e-02   1.1988892e-02   4.1243213e-03  -2.2971547e-01   1.5673983e-01  -6.1700933e-01   3.8457723e-01  -2.1656346e-02  -1.1000614e-01   2.5485247e-01   2.2665688e-01  -6.8353593e-02  -3.2568641e-01   6.5963812e-01  -1.9162456e-01  -3.7547674e-01  -1.2187811e-01  -3.5123128e-01  -5.3749064e-01   3.9881455e-01   1.5118355e-01   3.2859593e-03  -4.2767274e-01   1.2160938e-04
   1.6228420e-01   1.7479378e-01   1.4690788e-02  -1.0345166e-01   1.2002738e-01  -1.9174914e-01  -3.2029984e-01   0.0000000e+00   6.7927070e-02   3.9323493e-03   1.3483234e-01  -6.7597285e-02  -2.3996118e-02  -3.1707131e-01  -3.1738772e-01   4.0933387e-02   1.4655926e-01  -1.8347074e-01   1.4856808e-01   1.9432428e-01  -4.0832613e-01   2.8744788e-01  -3.8490958e-01  -4.3303110e-02   9.1658269e-02   4.6805920e-01   5.3899796e-02   1.1322491e-02   7.8286586e-02  -1.1953205e-01  -4.1430279e-01   8.7503438e-02   8.9128830e-02   1.7001483e-01  -1.9443756e-02  -6.5507678e-02  -1.4498156e-01   2.7219325e-01  -1.3533510e-02   2.8002314e-01  -1.7515453e-01   1.5942101e-01   3.1233358e-01  -2.5885967e-01   7.0658813e-02   9.9661461e-02  -1.3196137e-01  -4.7068447e-01  -2.3479730e-01   2.7472343e-01  -1.2658312e-01   6.7478386e-01   2.2356859e-01   3.0707677e-02  -1.5437935e-01  -1.6400618e-01   6.9661792e-02   1.9646025e-01   1.9193411e-02  -1.9024610e-01   2.7475960e-01  -1.9545714e-01   2.1367110e-01   1.6662479e-02   4.2909597e-02  -1.5279491e-01  -8.5813575e-02  -6.4720470e-02   1.2714997e-01  -4.5328556e-01   1.1793340e-01  -7.8352190e-02  -8.0086808e-02  -2.7676741e-01   1.6044766e-01   3.9954140e-01   3.3104194e-01   3.0462222e-01   2.9029463e-01  -5.1134276e-02  -1.2854217e-01  -1.9165573e-02  -2.5590648e-01   7.3316265e-01  -3.0349003e-02   1.9291649e-01  -3.5954234e-01  -1.5183479e-01   1.0765977e-01  -9.4975166e-02  -1.1024952e-01   2.2981435e-01   6.4140518e-02   2.2634875e-01   1.4077399e-01   2.4204995e-01  -7.7622552e-02   2.0930491e-01  -8.1037144e-02  -1.7534712e-01  -4.3999351e-01  -1.8772747e-01  -2.6707701e-01  -2.0974354e-01  -3.2867011e-02   1.4127425e-01   1.8598169e-01   3.5309002e-01  -5.0893130e-02  -4.6479593e-01  -2.5013910e-01  -4.3636117e-02  -2.2908688e-02   1.6923363e-01  -3.8243542e-01   1.8525679e-01  -5.4096403e-02  -1.2956602e-01  -4.0874597e-01  -1.3693811e-01   3.7383805e-01   5.6396547e-02   1.7987260e-01   2.8636322e-01   2.2406758e-01  -2.6440147e-01  -3.3787262e-01   1.6741798e-01   1.2589867e-01  -4.4083439e-01  -8.1182287e-02  -1.1699706e-01   2.8117543e-01  -3.9469452e-01   1.4425895e-01   6.4070801e-01   1.4394811e-01  -2.9698177e-01   5.3707425e-01   9.0130339e-02   3.4985529e-02  -1.2135363e-01   1.8285421e-01  -4.2663104e-01  -2.6588362e-01  -3.5719360e-01   3.9788836e-02  -2.7027908e-01  -3.1966986e-01  -1.0512931e-01  -1.9958400e-01  -2.4780909e-01   2.0392478e-01  -1.0362812e-01  -1.3563257e-01   1.3530477e-01   9.4801936e-02  -1.1543782e-01   2.8174094e-01  -1.1890788e-01   3.8748858e-02   3.3362740e-01  -1.8866301e-01  -4.5622986e-02   1.5417201e-01   2.2003900e-01  -2.6590565e-01   2.7381056e-01   2.7261521e-01   1.1736585e-01   1.6238112e-01   3.0695119e-02  -1.6826271e-01  -3.1012077e-02  -1.1990949e-01   8.7493219e-02   1.9203143e-01
   1.8245818e-01   5.8138494e-01   9.1801362e-02  -1.7267635e-01   4.5695909e-01  -5.0718072e-01  -2.1072611e-01   6.7927070e-02   0.0000000e+00  -1.6720663e-01  -2.0400175e-01   2.6077339e-01  -5.7123430e-02  -2.8218505e-01  -4.2630777e-01  -1.9895713e-01   4.0969111e-02  -3.7218346e-01   2.5569433e-02   2.6075245e-01  -4.0984543e-01  -2.1680670e-01  -6.2062587e-01   8.6644911e-02  -2.9856527e-03   1.1866134e-01  -6.1067696e-02  -1.4505974e-01   1.4654021e-01   3.6762549e-02  -2.2620781e-01  -2.8905849e-01  -9.4760152e-02   3.5887895e-01   5.4633387e-01  -3.7704775e-01  -8.2198236e-02   1.1900394e-02  -1.7111739e-01   2.2193951e-01  -1.6638210e-01  -1.3049670e-01   6.1736004e-01  -2.4642994e-01   4.1698381e-01   1.7769436e-01  -4.5234499e-01   1.3961497e-01  -9.4221963e-02   1.6788410e-03  -3.3105891e-01   1.7312826e-01   4.3879363e-01  -1.5640528e-01  -1.0860675e-01  -1.7735142e-01  -2.1693372e-01  -8.0042180e-02  -2.4288932e-01   2.6363189e-01   6.5675016e-02   5.9541109e-02   6.9393195e-01   2.5977204e-01   6.7319558e-01  -2.1944574e-01  -5.9996195e-01   4.8576890e-01  -3.9276224e-01  -2.0377076e-01   2.6063576e-01  -2.1631415e-01  -7.1569878e-02  -2.4420037e-01  -7.5125892e-02   6.4302135e-02  -1.4596834e-02  -1.4913792e-01   6.4527091e-01  -1.5145983e-02  -3.4986906e-01  -9.2040850e-02  -3.1830856e-01   1.3442409e-01  -2.0897878e-01  -2.1815736e-01   6.5033151e-02   2.2563105e-02   5.4658945e-01  -2.7651553e-02   4.9784321e-01  -6.5018058e-04  -4.5285134e-01   4.5040815e-01   8.7230962e-03   1.7345431e-01  -1.6858599e-01  -1.0817022e-01   7.3752085e-02  -1.6917992e-01  -4.1620533e-01  -2.2317746e-01  -3.1387525e-01   3.1278126e-01  -3.1103428e-01  -1.6136052e-01  -1.4025595e-01  -1.6460650e-01  -1.4659850e-01  -5.1779989e-01  -3.4952381e-01  -3.0440006e-01   2.6492353e-01   1.7823989e-01  -2.9313282e-01   5.2088646e-01  -1.1003465e-01  -1.5005798e-01  -3.0924350e-01  -3.5733686e-01   6.9209786e-02   4.1322120e-01   1.8905747e-01   6.9994974e-01   1.1740151e-01  -3.0476474e-01   1.2436518e-02   2.5869439e-02  -1.8211974e-01  -1.8040206e-01  -1.6155942e-01   5.2994603e-01   3.7268123e-01  -4.6003321e-01   5.1890141e-01   1.0720345e-01  -1.0124837e-02  -3.5013245e-02  -4.8885274e-02   6.8873327e-02   1.7485641e-01  -1.1412365e-01  -3.6499766e-01  -3.4679415e-01  -9.0202623e-02  -2.3744713e-01   5.4878565e-02  -2.9990340e-01  -5.0849006e-01   3.4640409e-02  -3.2684622e-01  -2.4507061e-01   1.3700062e-01  -8.1635996e-02   1.1050309e-01   1.4238487e-01   5.1658658e-02  -2.9291318e-01   2.8904151e-02  -3.4718948e-01   3.9825303e-01  -2.2001002e-01  -3.8527752e-02  -4.4456709e-01  -1.4438928e-01   5.4707714e-01  -2.1257641e-01  -2.7980732e-01   6.0109081e-02  -2.2603529e-01   6.8575424e-01   8.5926026e-02  -4.0295580e-02  -3.2511866e-01   2.1714977e-01  -2.5940699e-01  -1.0641304e-01
  -1.2735993e-01   3.1700903e-02   5.1246703e-02  -4.8112015e-02  -1.5511712e-01   1.8687896e-01   4.2184726e-01   3.9323493e-03  -1.6720663e-01   0.0000000e+00  -8.2030587e-02   6.1393335e-02   1.5402754e-01  -9.9048477e-02   2.7708697e-01   1.7786204e-02   1.0954226e-01   7.8700831e-02  -1.6209875e-01   7.3525496e-02   1.2013075e-01   2.2604249e-02   2.8647824e-01  -8.4833314e-02  -1.1739374e-01   2.8533911e-02   3.2561070e-01  -1.5470946e-01   3.4893123e-03  -2.2466328e-01   4.4141148e-02  -9.9932147e-02  -1.6363825e-01   4.7542912e-01   1.0996845e-01   4.1392173e-01   2.9604025e-02  -1.9173961e-03  -4.7241244e-02   2.6395012e-01  -9.3252616e-02   4.7624426e-02  -1.7842841e-01  -2.0624339e-01   2.7015244e-01   8.4821668e-02  -5.4650316e-02   2.3285823e-01  -1.1971064e-01   3.4770204e-02   6.0421471e-02  -4.0887971e-02   1.5904137e-01   4.5181222e-02   8.5709765e-02  -9.3921861e-02  -3.9019743e-02   1.5637833e-01   2.6435516e-02  -1.5647757e-01   4.6490415e-02   2.6263809e-01  -2.8119420e-01   2.7390405e-02  -2.3272129e-01   4.2830689e-01   1.7134725e-01   3.7416507e-02  -1.9082435e-01  -1.4016238e-02   3.2216901e-01   7.4940633e-02   1.6071739e-01   7.9848180e-03  -5.9567758e-02  -9.2711605e-02   5.2712616e-02  -1.1905591e-01  -2.4748425e-01  -2.7308154e-01   1.2763315e-02   1.7658718e-01   2.4587132e-01  -4.8620030e-02  -1.4127970e-02  -1.3935111e-01   7.8411085e-02   1.1558405e-01  -7.5418040e-02  -8.8250997e-02  -1.1460244e-01   1.4581635e-01   5.0725891e-01   1.8801568e-01  -5.3887235e-02  -1.8120695e-01  -2.0634836e-01  -8.3118087e-02  -1.2714633e-01   3.3670275e-01  -9.5834709e-02   3.0354711e-01  -2.7407862e-01  -3.1250847e-01   5.7157663e-02  -9.0766599e-03   5.9375380e-02  -5.9704341e-02   5.5751137e-01   3.0932883e-02   5.3738914e-01  -1.0211935e-01  -1.1210210e-02  -4.2181705e-02  -1.6493168e-01  -4.4291963e-02  -2.9443458e-01   2.6241874e-01  -2.2455392e-01   1.2247853e-02  -1.0253502e-01  -1.9646174e-01   9.6050019e-02  -1.2333604e-01  -6.6196472e-02  -1.0562275e-01   1.7065580e-01  -1.7444887e-02   5.5022925e-02  -2.0086416e-02   2.4390852e-01   2.4066481e-01  -1.1782937e-01   8.8481819e-02  -3.5582108e-01  -9.3918059e-02  -1.7212897e-01  -1.2631125e-01  -1.3158093e-02   6.5127449e-02   1.0798285e-01   2.1909997e-02  -7.0898381e-02  -1.5055284e-01   1.4287637e-03  -2.0447463e-01   5.0497802e-01   9.2476058e-02   2.1550521e-01   3.4645385e-01   1.4886041e-01  -2.0059465e-01   8.4919979e-02   3.7206058e-02  -4.6309382e-02  -3.1743825e-02  -4.5590131e-02  -1.1329230e-02   5.2145959e-02  -1.4122579e-01  -9.4573898e-02  -3.9508621e-02   2.7245186e-01  -1.1005614e-01   2.3369583e-02   1.1572920e-01   6.7002016e-02  -5.4214767e-02   1.9886506e-02   3.7411671e-01  -2.2912108e-01  -1.4174795e-01   1.1712650e-01  -4.7010687e-02  -2.0626131e-01   1.1083855e-02   9.3225461e-02
   4.9027116e-02  -4.2528707e-01  -3.9732834e-01   3.9313022e-01   4.8615372e-02   2.3448295e-01   1.6988812e-01   1.3483234e-01  -2.0400175e-01  -8.2030587e-02   0.0000000e+00  -3.1129012e-01   4.5414003e-02   1.4255386e-01   3.2065078e-01   9.2272317e-02  -3.9210166e-01   6.4075116e-01   1.2525600e-01  -4.1474284e-02   1.6194268e-01   4.0340773e-01   1.5875306e-01   7.5557018e-02  -6.1084166e-02  -4.1315924e-02   1.2364819e-01   2.7508725e-01  -9.9050855e-02   6.1245789e-01   1.1777150e-01   4.2729635e-01  -3.0101484e-01  -3.1333412e-01  -2.6355066e-01   4.6056559e-01   2.3007430e-01   7.1232612e-02   1.8434807e-01  -3.1891827e-01   2.7919380e-01  -3.1328168e-01  -2.9306049e-01   1.2519469e-01   1.6909898e-01  -1.0564524e-01   7.2438968e-01  -8.1914971e-02   4.1479560e-01  -3.5773233e-01   6.7395589e-01   1.5798741e-01  -4.0234732e-01  -4.5472420e-01   1.5874170e-01   5.5319551e-02   2.5878896e-01   6.2799159e-02   5.4925252e-01  -1.9704267e-02  -2.4810665e-01  -3.3137397e-02  -3.1028686e-01   2.9473941e-01   9.0303209e-02   4.6992490e-01   6.3559493e-02  -4.6696423e-02   6.6113307e-01  -2.3106712e-01  -3.9091500e-01   3.9383681e-01   1.8910463e-01  -4.8542604e-01  -2.2488569e-01  -3.8831579e-02  -9.3981070e-02   9.9665295e-02  -1.9470413e-01   1.6888656e-01   3.5506216e-01   2.5231133e-01  -2.4750079e-01   3.7150552e-02  -4.7544209e-01   3.1443609e-01  -2.8837947e-02  -2.1062085e-01  -4.4871439e-01   8.5563880e-02  -1.7160148e-01  -4.7354359e-01  -2.3884389e-01   8.7026289e-02  -3.6106062e-02   1.1399708e-01   2.1098890e-01   2.9615710e-01   2.5485771e-01   3.5576818e-01  -5.4317622e-02   3.6545358e-01   3.1175077e-01   1.4080290e-01   5.7477860e-01   3.0668486e-01  -3.6260116e-01   4.3782850e-01  -6.0411191e-02   1.3676385e-01  -2.1652419e-01   5.1245075e-01  -1.2164349e-01   1.1449093e-01   4.5517278e-02  -3.5276210e-01   2.5503804e-01   1.1525702e-01   1.1425720e-01   3.6474643e-01   1.8557393e-02  -4.1087132e-02  -4.7615129e-01  -1.2711078e-01  -1.0239957e-01   1.5885504e-01   3.6829556e-01  -1.8022846e-01   3.7318861e-01  -3.7795676e-01   2.2053084e-01   6.3045675e-02  -3.8030787e-01   5.8779670e-02  -3.0719949e-01   2.5746348e-02  -4.9416267e-02   1.2134565e-01   3.4487787e-01   9.3104697e-02   1.7153208e-02  -4.8994326e-02   8.3146833e-01   7.3857982e-02   3.2824044e-01   4.2071316e-01  -2.6871866e-01   4.0027538e-01   4.3421351e-01  -1.7712091e-01  -3.9161983e-01   1.4780631e-01  -2.7828366e-01   2.7681385e-01  -3.6655517e-01   7.1792810e-02  -2.9605162e-02   3.9709890e-01  -3.3587172e-01   5.2340414e-01  -7.3894041e-02   6.6966012e-01   2.2802069e-01   6.6089678e-01   2.1286438e-01  -4.4027653e-01   4.5600831e-01   2.4366736e-01  -1.1559327e-01  -3.5979642e-01  -2.7272570e-01  -2.1885607e-01   4.6206929e-01   1.9053221e-01  -1.2098485e-01  -2.2422090e-01   2.3096508e-01
  -1.3551584e-01   5.3295411e-01   6.4282729e-01  -2.3939518e-01   2.6498925e-01  -4.3551322e-02   2.4158961e-01  -6.7597285e-02   2.6077339e-01   6.1393335e-02  -3.1129012e-01   0.0000000e+00   3.0264270e-02  -4.1405646e-01  -1.0913834e-01   1.8226845e-01   4.3994632e-01  -2.9839446e-01  -4.2553017e-02   3.9755594e-01  -3.8764573e-01  -4.3547882e-01  -1.2206241e-01  -2.9297736e-01   4.4529596e-02  -6.0185797e-02   2.3299834e-01  -4.8228066e-01   7.7413222e-02  -8.4246794e-02  -4.0404719e-01  -3.9632207e-01   1.1708526e-01   4.4599116e-01   5.1651038e-01  -2.4654410e-01  -2.1046100e-01  -2.5394331e-01  -1.5279334e-02   3.6394401e-01  -7.5420771e-02   2.2425084e-01   4.2703511e-01  -4.3311007e-01   5.6420149e-02  -9.4627504e-02  -3.0182586e-01   4.0898109e-02  -4.8047554e-01   3.8685054e-01  -1.5213108e-01  -1.6940253e-01   1.1431170e-01   1.3864151e-01  -4.0474124e-01  -2.0186624e-01  -1.0752806e-01  -3.4678855e-01  -2.0596058e-01   5.0528959e-01  -4.2997311e-02   1.9116023e-01   3.2912072e-01  -3.0500326e-01   8.3624795e-02  -9.1299269e-02   3.8683222e-02   3.5283558e-01  -2.9806563e-01   2.9492015e-01   2.0003424e-01  -2.6698767e-01   1.7532170e-01   4.3968230e-01   1.7630240e-01  -3.0000828e-02  -1.6016668e-01  -2.5720294e-01   2.5912855e-01   1.4141604e-01  -1.7933852e-01   2.5096429e-01  -2.2467621e-02  -1.6495393e-01   1.2721089e-01  -2.7229541e-01  -1.1646350e-01  -6.3033025e-02   2.4334099e-01  -3.0555722e-01   1.2445072e-01   1.7513606e-01   3.1634676e-01   2.5986521e-02  -3.1599432e-01  -5.8110786e-03   5.8176043e-02  -2.5480018e-01  -3.0968508e-02  -1.1546140e-01  -2.3039225e-01   1.4030053e-01  -4.4543293e-01   3.7710952e-01  -3.6997584e-01  -3.4741494e-01   2.1346553e-02  -1.7496330e-01  -1.6229230e-01  -1.1278822e-01   3.2148416e-01  -3.5561650e-01   2.9966333e-01  -2.3560362e-01  -2.9468865e-01   1.5556475e-01  -3.2356670e-01   1.8481758e-01  -2.5964869e-01  -3.1109810e-01  -3.7898168e-01   3.0509288e-01   5.7663931e-01   1.6775408e-01  -2.0637309e-01  -2.5412736e-01   1.9747043e-02   1.6384165e-01  -4.9185102e-01   4.1483434e-01   5.7884579e-02   1.7987984e-01   2.7917845e-01  -2.3490358e-01   4.9664915e-01  -3.6433123e-02   1.8805334e-01  -2.9873544e-01  -2.0756857e-01  -9.1283690e-02  -3.2903755e-02  -2.0181915e-01  -2.9711344e-01  -7.6608606e-02  -9.4800067e-03  -4.1423668e-01   3.7267618e-01  -3.1509311e-01  -6.9968926e-02  -3.1947314e-01   2.2736931e-01  -3.8347504e-01  -1.1534788e-01  -2.2171131e-02   7.5869378e-01  -8.9764644e-02  -3.0607911e-01  -1.3104808e-01   6.9168470e-02  -4.0600629e-01   3.9496333e-01  -2.4008710e-01  -3.5471124e-01  -4.6965659e-01  -2.9074275e-01   4.3926824e-01   6.0514100e-02  -3.1333793e-01  -1.8457605e-01   1.5461140e-01   4.9470798e-01  -1.8370860e-01  -1.4758945e-01  -1.5306753e-02   2.2966256e-01   6.2759427e-04  -2.6185259e-01
  -1.6504724e-01   7.2676545e-02  -1.1850687e-02  -8.6435862e-02   2.1263979e-01  -6.2011417e-02   4.2082643e-02  -2.3996118e-02  -5.7123430e-02   1.5402754e-01   4.5414003e-02   3.0264270e-02   0.0000000e+00  -1.1692172e-01  -6.5090987e-02  -1.3391866e-01   2.4723116e-02   2.3329141e-02  -9.7841326e-02   3.2428540e-01  -5.0038574e-02  -7.3660518e-02  -1.6074388e-02  -8.0157045e-02   1.1891698e-01  -1.6120769e-03   1.8372289e-01  -8.1985341e-02   1.1815701e-01  -9.8598134e-03  -1.1174602e-01  -2.6612918e-01  -8.4448765e-02  -2.7138633e-02   2.4999476e-03   3.0635264e-01  -9.6518518e-03  -1.2086467e-02   1.0118445e-01   3.3475414e-02   6.0717260e-01  -1.4949036e-01   1.1009624e-02  -7.1804412e-02   6.6643821e-02   1.3622884e-02   2.5972305e-02  -3.2753012e-02   4.2931832e-02   1.2645577e-02   2.6684376e-02  -2.5451362e-01   7.5082100e-02  -6.8796035e-02  -2.3631245e-01  -6.9074224e-02  -6.5159474e-02  -4.6423370e-02   7.3446229e-02  -1.8797203e-01   1.7541246e-01   3.1247348e-01   2.5537823e-04  -4.1483471e-02   1.1011882e-01   1.4519392e-01  -4.0587797e-02   1.9502323e-01  -1.9348468e-01  -8.3192109e-02   6.0553739e-02   1.7238802e-01   2.9904759e-01  -1.7803526e-02   3.1162762e-02  -2.6450540e-01   8.3631086e-02  -3.2241872e-02   1.0572666e-01   2.0350099e-02  -1.2760286e-01   3.7637737e-01   5.6563135e-02  -1.5016738e-01  -1.5108831e-02  -3.0664005e-01   2.6092325e-02  -1.4153817e-01  -2.6805477e-02  -2.0665260e-01   1.9856890e-01   3.6393980e-02   2.3385569e-01   4.2032414e-02   1.0589146e-01   3.2224950e-01   1.5881471e-01  -6.6989554e-02   2.2033965e-01   2.1634610e-01  -1.3427336e-01  -4.5356895e-02  -2.4678715e-01   4.7731872e-02  -5.3495655e-02  -2.4416801e-01  -1.7249202e-02  -5.5637257e-02   2.2147801e-01  -2.0104968e-03   6.3737092e-02  -1.9203216e-01   2.5153233e-03  -1.0463313e-01  -5.6910772e-02   1.5255035e-01  -1.3889862e-01   5.8731531e-01  -7.4233208e-02  -1.2742295e-02  -5.1127053e-02   2.0737669e-01   1.2886897e-01   1.8411104e-01  -8.8615405e-02  -2.2800801e-01   6.8381203e-03   3.8284297e-02  -5.4216426e-02  -2.0710623e-02   3.2749635e-01   1.2509094e-01   9.7886638e-02  -7.0282035e-02  -6.2623394e-02  -2.1549206e-01   1.1019250e-01  -2.2017214e-01  -1.3980915e-01  -1.3047684e-01  -2.2885881e-01   1.3999268e-01   6.8494475e-02  -7.0470422e-02   5.4436822e-02  -6.5818454e-02   3.8729164e-02   3.0947498e-02   8.3615731e-02   1.5155683e-02  -1.1471494e-01  -2.4791702e-01  -9.3287996e-02   2.6682622e-01   4.1822169e-02  -1.6894488e-01  -2.5857519e-01   2.3709539e-01   1.1965402e-01  -2.8894766e-01   2.4743691e-01   1.4540396e-01   1.3996181e-01  -4.2178097e-02   2.0893437e-02   6.7422976e-02   5.5626282e-02  -9.5237120e-02  -1.3358961e-01   1.3913361e-01   1.6174694e-01   9.8911823e-02   1.4826629e-01  -1.8369169e-01  -5.1090651e-02   6.6752980e-02  -1.7552826e-03
   2.7437651e-01  -5.9781040e-01  -4.2791312e-01   3.4080120e-01  -3.4402411e-01   3.6351505e-01   2.6030008e-01  -3.1707131e-01  -2.8218505e-01  -9.9048477e-02   1.4255386e-01  -4.1405646e-01  -1.1692172e-01   0.0000000e+00   4.1394879e-01  -9.3907919e-02  -4.4941501e-01   4.0869267e-01  -4.9926048e-02  -3.8141525e-01   6.2970304e-01   2.1284315e-01   4.1511543e-01   3.4054449e-01   2.9356282e-02  -9.4920245e-02  -2.9062187e-01   5.3264168e-01   3.9313751e-02   3.4948277e-01   6.5033603e-01   3.2145219e-01  -3.3097646e-01  -4.0013579e-01  -3.1781949e-01   8.0004566e-02   2.8825974e-01   9.0774603e-02  -7.2080461e-02  -5.7854440e-01   1.3694289e-01  -3.8428884e-01  -5.2193439e-01   5.9774763e-01  -9.8215548e-02   2.5189124e-02   3.8516365e-01   3.3134030e-01   5.1650672e-01  -6.2478959e-01   3.2498955e-01  -1.9252828e-01  -3.7314042e-01  -2.6562909e-01   6.6692662e-01   4.0120839e-01   1.4681575e-01   1.7178699e-01   3.1340869e-01  -6.0129285e-02  -2.4945263e-01   4.8824644e-02  -5.0015661e-01   2.4922154e-01   1.0180563e-02   2.3485469e-01   1.6164422e-01  -1.7298272e-01   2.2316555e-01   1.7403165e-01  -4.0670876e-01   4.2513909e-01   1.7721416e-02  -2.0088226e-02  -4.1099188e-01  -2.2456866e-02  -1.3113966e-01   1.1570835e-02  -3.7814179e-01  -1.7181855e-01   5.1585823e-01  -1.1080969e-01   2.1660938e-01  -1.7441708e-01  -1.2550371e-01   2.8379788e-01   3.7847157e-01   1.5614980e-01  -3.8519677e-01   5.3238589e-01  -4.5185755e-02  -4.3787791e-01  -2.8021969e-01  -7.7233338e-02  -1.7856797e-02  -2.4199000e-01   1.0687232e-01  -7.9172302e-02   1.1950176e-01   2.3409697e-01   6.3773477e-01   9.3462295e-02   7.4817680e-01   1.0590111e-01   3.5445660e-01   2.6739617e-01  -3.0758832e-01  -1.2572517e-01  -1.9564874e-01   6.1447239e-01  -8.8548780e-02   4.7071911e-01  -1.3158883e-01   2.1001344e-01   6.5647767e-01  -4.2235476e-01   3.1144967e-01   6.7545658e-02   6.7058773e-01   4.7554593e-01   6.1211844e-02  -2.2380357e-01  -6.1870848e-01  -3.6735285e-01   5.1849922e-02   7.4806572e-01   3.0626395e-01  -4.3646234e-01   3.2534128e-01   9.2137916e-02  -1.8592691e-01  -2.2776740e-01  -4.4763799e-01   6.2279869e-01  -3.8854583e-01  -1.4808100e-01  -4.1069170e-01   6.1553984e-01  -1.6656475e-02   8.0371822e-02   1.9169355e-01   6.1840973e-02   1.6841580e-01   5.7280668e-01   2.3018042e-01   7.2318740e-01  -4.0222684e-01   5.0048424e-01   4.9422520e-01   1.4661447e-01  -1.0587375e-01   6.8601087e-01  -1.3439603e-01   1.9544361e-02  -4.2090039e-01   2.2017274e-01   2.6909920e-01   2.2462421e-01  -4.0735742e-01   6.0439124e-01  -2.7705274e-01  -1.0215655e-01   2.8341828e-01   5.0046377e-01   1.7533203e-01  -5.4615179e-01   2.9599408e-01   1.0851790e-01  -3.1432997e-02  -3.4984777e-01  -4.4148900e-01  -2.5160312e-01   2.4613615e-01   3.1730988e-01  -5.9786865e-02  -1.9355636e-01   1.9081547e-01
