   0.0000000e+00  -3.2813504e-01  -1.0630719e-01  -5.0471871e-02  -7.7152244e-02  -5.8907432e-02  -8.1714268e-02  -8.7549395e-02  -2.0431148e-01   1.9793424e-01   2.1185199e-01  -2.4340178e-01   7.9584920e-02   2.9096635e-01  -1.3752564e-01  -8.8670781e-02  -4.6332499e-02   1.9739406e-01  -2.7555001e-01   3.6913648e-02   7.4137532e-02  -7.0782460e-02   1.8876039e-01   5.6742936e-01   4.7565113e-02  -1.0442582e-01  -1.0309611e-01  -1.3897518e-02  -3.9581533e-02  -4.8427531e-02   4.7633386e-03   6.9401099e-02  -4.3953352e-02  -8.6485245e-02  -1.4093827e-01   7.7973241e-02  -2.0338351e-01   6.2610301e-01  -6.2462722e-02  -2.2033928e-01   5.2341352e-02   1.1979284e-01  -8.4476494e-02   7.4173351e-02   2.6211706e-02   6.0442995e-01   1.5889250e-01  -2.2212115e-01  -6.1326234e-02  -7.2368681e-02   3.1189875e-01  -1.5036192e-01  -2.5109018e-01   9.8875799e-02   1.3647004e-01   8.8195092e-02  -8.5840980e-02  -1.7446018e-01   5.5908589e-02  -2.0669520e-01   4.3740828e-01   2.0599400e-01  -9.7613644e-02  -1.4500557e-01  -3.8737233e-02   1.3250620e-01  -2.1041025e-01   1.6371132e-02   8.8126406e-03   1.7100089e-02  -1.2942196e-01   1.6437977e-01   3.3724428e-02   5.2419983e-02  -1.1320047e-02  -1.9975874e-02   4.5388262e-01   1.3835839e-01  -2.2449223e-01   1.3944370e-01  -3.3585071e-02   1.9303050e-02  -9.0856734e-02  -9.4666092e-02  -1.0061493e-01   2.0270701e-02  -3.1596968e-01   3.7719647e-01  -2.2664472e-01   5.7863374e-01  -1.9579970e-01   1.7035427e-01  -1.8740839e-02  -1.3785941e-01   6.8665239e-01   2.6613316e-02  -1.0976718e-02   5.8789117e-03   8.1053758e-02   4.4912638e-02   3.1417088e-01   4.6543792e-02  -1.5392003e-02  -2.7765088e-01   9.5265373e-02   8.1255838e-03   1.2082409e-01  -6.6919146e-02   4.0528040e-02  -5.3293021e-02  -4.5630651e-02  -1.1019418e-01  -2.3758671e-02   7.8113750e-01   2.5065373e-01  -1.9563670e-01   1.3759759e-01   1.5665969e-01   7.2513035e-02   1.2892746e-01   4.1230644e-01   3.2444781e-02  -1.7605496e-01  -4.8786740e-02   5.2680072e-01   2.2547674e-02  -1.1550328e-01   1.0013031e-01  -9.1192285e-02  -1.3904949e-02   3.2142835e-03  -6.5363954e-02  -9.6806541e-02  -1.2248225e-01  -1.0599265e-01   6.0369323e-02   5.4323801e-02   1.0373879e-01   1.1200614e-01   5.3130129e-01   6.7226584e-01   1.9891071e-01   1.9035267e-01   1.3744896e-01  -8.5221646e-02  -1.5150217e-02  -1.2328058e-01   7.0688194e-02   1.9488945e-01  -1.0403417e-01   5.4086281e-02  -8.8660675e-02   4.7041925e-01  -3.0482425e-02  -2.0418285e-01   6.4123895e-01   5.7850164e-01   4.5429137e-02   3.1259146e-01  -6.7995859e-02   2.0734948e-01   2.4980955e-01   1.1497327e-01   1.4426700e-01  -2.9634889e-02  -2.3821072e-01  -1.2576824e-01   4.9235982e-02   5.5910244e-01  -2.4571979e-01  -3.3534975e-01   4.4305391e-01   1.6266151e-01  -1.6209086e-01  -2.0141508e-02  -3.3823241e-02  -1.7695625e-01
  -3.2813504e-01   0.0000000e+00   5.5836824e-01  -1.2528758e-01   2.4731280e-01  -8.0428422e-02   5.1836633e-02  -1.3957232e-01   7.2205353e-01  -3.0477683e-01  -6.2362011e-01   7.2975080e-01  -2.6553808e-01  -4.1578197e-01   1.5744128e-02  -4.5538340e-02   5.2338424e-01  -5.3356442e-01   1.1931898e-02   1.5574617e-01  -4.5671448e-01  -3.3673826e-01  -4.6425165e-01  -2.4890941e-01   2.7901338e-01  -3.6687857e-01   4.5454297e-01  -2.3414782e-01   1.5570909e-01   2.8274255e-01  -8.1925794e-02  -3.0214231e-01   9.3475678e-02   2.9786545e-01   5.1397231e-01  -2.7892756e-01  -1.3822897e-01  -3.5244792e-01  -1.4334193e-01   6.4999485e-01  -2.8229396e-01  -6.9044167e-02   5.2861081e-01  -1.2331510e-01  -6.3140375e-02  -1.1413502e-01  -4.3501991e-01   5.4652410e-01  -3.8009898e-01   4.7795946e-01  -4.8270531e-01  -7.3616912e-02   5.2887314e-01   3.0484704e-01  -1.2832447e-01  -2.1945076e-01  -4.0298430e-01  -2.4042076e-01  -2.5506235e-01   3.8610879e-01  -8.2340208e-02  -3.5270896e-01   5.5833691e-01   8.6595392e-02   2.2311790e-01  -4.1215973e-01   1.1949021e-01   4.4090336e-01  -4.6039824e-01   3.1446972e-01   5.2409736e-01  -3.9694334e-01  -2.0004180e-01   2.8956536e-01   2.4811355e-01  -1.3756684e-01  -1.8506560e-01   7.1653062e-02   5.1452865e-01   7.1508040e-02  -2.0336596e-01  -2.0521057e-01   9.8293435e-02  -9.0211128e-02   3.6476910e-01  -1.3261240e-01   5.4544340e-01  -2.7685933e-01   7.5365345e-01  -3.4388559e-01   5.3252907e-01   4.9190875e-02   2.6605279e-01   3.0266277e-01  -3.6682380e-01   2.8382959e-01  -4.8857124e-02  -2.3235800e-01  -9.9541409e-03  -2.8411841e-01  -1.4580988e-01  -2.3393455e-02  -2.4150736e-01   2.8901062e-01  -4.7702955e-01  -2.9021653e-01   2.1823969e-01  -6.9016730e-02  -4.3994324e-01  -2.0559480e-01   8.8421876e-02  -3.0416077e-01   3.0118118e-02  -4.2751422e-01  -2.2853212e-01   6.8546769e-01  -7.2855823e-02  -2.1900159e-01  -6.6768083e-02  -2.5301090e-01  -1.8973386e-01   3.6161973e-01   5.8109945e-01   1.2246197e-01  -2.5739923e-01   2.3783439e-01  -2.8365935e-01   1.4706676e-01  -3.4098288e-01   5.1479706e-01  -2.9176039e-03  -3.6796625e-01   4.4151553e-01  -2.0292996e-01   3.2852774e-01  -4.6083810e-01   1.0839897e-01  -1.0287869e-01  -3.5421041e-01  -2.3732354e-01  -2.3333445e-01   2.2975642e-02  -4.0642285e-01   3.9309570e-02  -5.5645657e-03  -1.1075979e-01   4.7563433e-01  -1.3916693e-01  -1.5877306e-01  -8.8302470e-02   1.0735366e-01  -1.8740199e-01  -2.3687829e-02  -1.4898372e-01   8.4939843e-01  -2.9886084e-01  -2.1174972e-01  -3.2868986e-01   3.0247513e-03  -1.3866453e-01   3.1773290e-01  -4.5609665e-01  -5.1117269e-01  -4.2877209e-01  -1.8283411e-01   5.3439627e-01  -1.6724710e-01  -1.6453484e-01  -1.5666951e-01   3.6902944e-01   5.5548245e-01  -3.6460505e-01  -4.5494570e-01   1.7427347e-01   2.7285388e-01   1.9262185e-01  -3.3367461e-01
  -1.0630719e-01   5.5836824e-01   0.0000000e+00  -1.7391822e-01   1.9794347e-01  -8.3804786e-03  -3.8429926e-01  -1.0680424e-01   3.2287341e-01   7.5433922e-02  -3.9123308e-01   3.9746161e-01   4.6569972e-02  -5.0709892e-01  -3.8181288e-01   1.1167210e-01   9.0279903e-01  -4.8425997e-01   1.7799234e-01   4.1914811e-01  -6.4084146e-01  -4.1314193e-01  -5.7460495e-01   3.9441769e-02   2.7776308e-01  -2.0293001e-01   4.1474572e-01  -4.8142136e-01   2.9728336e-01  -4.3748436e-02  -1.7100684e-01  -4.3666504e-03   2.7771569e-01   1.1852422e-01  -3.9157800e-02  -1.1277665e-01  -4.3792058e-01  -2.7295367e-01  -4.2846856e-02   6.1872690e-01  -7.8191405e-02   1.8270149e-01   2.6287998e-01  -3.0834530e-01  -2.2016152e-01   1.5841972e-01  -2.6447555e-01   3.2905562e-02  -5.0317510e-01   7.0714318e-01  -2.1390168e-01   1.3769264e-02   7.8748464e-02   2.9519471e-01  -1.2880344e-01  -2.2154427e-01  -2.7045346e-01   7.1703431e-03  -1.7758994e-01   2.9489701e-02   8.6374724e-02  -1.9694600e-01   4.2292917e-01  -1.0687928e-01  -2.3654328e-01  -3.9660668e-01   3.5695527e-02   1.6101672e-01  -3.1836594e-01   3.9578665e-01   4.6908370e-01  -1.8786590e-01  -2.7697514e-01   3.3474341e-01   2.9054819e-01   8.0340729e-02   7.6471019e-02   4.8428742e-02   3.8962875e-01   4.7142347e-02  -4.3881145e-01  -3.0166831e-01  -9.2214909e-02   9.9177508e-02   3.5679101e-01   8.0126716e-02  -5.1228319e-02  -5.4861730e-02   5.8317664e-01  -7.3646373e-02   3.9189224e-01   5.3457402e-01   5.9595782e-01   1.0275041e-01  -2.1424702e-01   5.0292421e-01   4.3377529e-02  -5.0149027e-02  -1.5602792e-02  -4.7294116e-01  -1.3534673e-01  -1.3493094e-01  -3.9126537e-01  -1.0382103e-01  -4.1857854e-01  -4.3695132e-02   3.4810481e-01  -4.6232626e-02  -4.4675437e-01  -4.2583895e-01   2.7685371e-01  -3.9431492e-01  -1.2712146e-01  -2.5819783e-01  -3.6754992e-01   5.2127102e-01   6.3081569e-03  -9.3693763e-02  -2.3126791e-01  -1.8108866e-01   8.9792303e-02   4.2414845e-01   3.0829274e-01  -2.5900746e-01  -1.1862125e-01   1.8779459e-01  -4.3075809e-01   2.6251074e-01  -1.3023712e-01   6.3437845e-01   1.7650273e-01  -3.8588749e-01   2.0542054e-01  -4.0095683e-01   2.6068426e-01  -9.1893119e-02   1.8724545e-01  -3.8966799e-01  -8.7934148e-03   2.3060573e-02  -1.3126650e-02   1.7989173e-01  -1.7619174e-01  -5.1648260e-02  -3.6393401e-01  -5.0617547e-01   3.0678063e-01  -3.0504547e-01  -7.0946131e-03  -4.1363870e-01   2.8811509e-01  -3.8831591e-01   3.4298585e-01  -1.4352380e-01   7.2775951e-01  -3.8027395e-02   1.7339050e-02  -1.9664715e-01   3.9841925e-01  -3.6778694e-01   2.0045639e-01  -3.2175428e-01  -5.4007722e-01  -4.4753842e-01   3.5116604e-02   1.8432627e-01  -1.7775989e-01  -3.3807916e-01   6.3708098e-02   2.1495053e-01   2.8669989e-01  -1.0606195e-01  -4.3194730e-01   1.5422683e-01   4.9713392e-02   4.0067454e-01  -1.2994979e-01
  -5.0471871e-02  -1.2528758e-01  -1.7391822e-01   0.0000000e+00   2.1199140e-02   1.4625421e-01  -9.0848493e-02   1.9000907e-01   1.4523464e-01   8.0760952e-02   1.2119449e-01  -1.4994541e-01   1.0050425e-01   2.7216466e-01   4.6562093e-02  -2.9324767e-01  -2.7868411e-01   4.9884991e-01   2.1890246e-02   4.0849449e-02   1.6276213e-01   7.4471361e-01  -1.6275814e-02  -7.7021615e-02   1.9621699e-01   5.0012779e-02  -1.6771965e-01   4.6701842e-02  -3.5514939e-01   8.2315922e-02  -2.1020666e-01   4.6903669e-01  -9.2537864e-02  -2.2858485e-01   2.0028172e-01   1.8246786e-01   2.5910032e-01  -3.8801031e-02  -2.0031278e-01  -4.0514179e-02   4.9774018e-02  -8.4477483e-02   4.9681167e-02   3.7205939e-01   2.6927612e-01  -2.2342523e-01   3.0642367e-01  -1.4767050e-01   2.6896184e-01  -3.8470946e-01   1.9706543e-01  -8.0323909e-02  -2.9051457e-01   2.8831237e-01  -6.4779396e-02   8.9252528e-02  -4.0186614e-03   3.5577673e-01   4.0656242e-01   3.1329105e-01  -6.4038104e-02   2.9602312e-01   2.3270795e-01  -2.8909004e-01   3.1599599e-01   2.0097158e-01   7.3397978e-02   3.2476905e-01   4.6912937e-01  -2.1296805e-01  -3.3258671e-01   5.2393802e-01   1.9693968e-01   2.2440137e-01   2.6569738e-03   3.1593487e-03  -3.3708336e-01   2.3081109e-01  -1.0980706e-01   4.7297455e-01   1.2807998e-01   3.3735327e-01  -1.5186035e-01   5.9154370e-02  -2.9056622e-01   2.6761986e-02  -4.9102424e-02   8.4654793e-02  -2.2586803e-01  -1.0013593e-01  -1.3482898e-01  -2.2341976e-01  -2.5559702e-01   3.2880610e-01  -4.5232966e-02  -8.5265078e-02   5.7488658e-01   2.6394085e-01   5.1963363e-01   2.1948929e-01  -3.3306872e-01  -1.6495102e-01   1.3484034e-01   3.3686937e-01   6.4651010e-01   5.8372453e-01   1.4222199e-01   5.7719047e-01   2.3070871e-01  -2.3570476e-02  -3.5091765e-01   4.3090518e-01   7.9931226e-01  -6.1529730e-02  -1.7241287e-01  -2.0955550e-01   3.8099336e-01  -1.1868110e-01   1.2568561e-02   8.0566991e-01  -2.8692183e-01  -9.0798203e-02   4.1580474e-02  -2.4204510e-01  -2.2430981e-01   1.8640160e-01   1.4535804e-01   5.3302533e-03   6.9495788e-01  -1.3375925e-01  -3.1315385e-01  -1.5815841e-01   1.8543133e-01  -1.9291084e-01   3.3807309e-01  -9.7459510e-02   1.7617268e-01   4.0939821e-02  -1.1808871e-01  -7.5806543e-02  -8.5092323e-02  -2.3785005e-01   4.0077726e-01  -7.0331292e-02   8.7326214e-02   1.3544691e-01  -2.3545880e-01   1.5932238e-01  -4.5562788e-02   1.9883165e-02  -2.7331267e-01   8.7287089e-02  -1.4390157e-01  -4.7312186e-01  -1.4429601e-01   1.1417403e-02  -2.3457168e-01   1.5666060e-01  -2.9681993e-01   8.0459954e-03   3.8887780e-01   2.9492477e-01   1.9557116e-01   6.1205388e-01   6.6050096e-01  -7.9527169e-02  -2.6852207e-01   9.2979855e-02  -9.6950126e-02  -2.2497966e-01  -1.1773975e-01  -1.5312637e-01   6.7905891e-01   1.6721985e-02   2.3686580e-01  -3.0907908e-01   6.3866476e-01
  -7.7152244e-02   2.4731280e-01   1.9794347e-01   2.1199140e-02   0.0000000e+00   9.7060059e-02  -1.0179190e-01  -7.0093594e-02   3.6548294e-01   4.5386583e-01  -3.7600264e-03   3.6677631e-01   3.6110518e-02  -2.1674862e-01  -3.1730215e-01  -2.1942209e-01   8.8119857e-02  -1.2190613e-01  -2.0040013e-02   7.5952138e-01  -1.7418964e-01   3.8732291e-03   9.2541063e-02  -1.2835192e-01  -2.8234453e-01  -1.3406599e-01   3.6877512e-02  -5.4270917e-02  -1.6903751e-01   3.5630699e-01  -1.6456698e-01   4.0830108e-02  -2.6222789e-01   2.2967325e-01   1.5346667e-01   6.7356742e-01   1.4130216e-01  -1.1100977e-01  -2.2807131e-01   2.7393168e-02   8.3949823e-02  -3.5366101e-01   4.3108741e-01  -3.6173855e-01   5.0389033e-01   8.4563486e-02   2.3826043e-01   6.3673295e-02  -8.7285315e-02  -1.2012303e-01  -1.1025953e-02  -4.2610428e-02   7.6152275e-03  -2.5572548e-01  -1.4043774e-01  -3.3699750e-01   1.8352567e-01   2.0014085e-01  -1.0698147e-01   3.0989422e-01  -2.5950269e-01   2.3229660e-01   1.5971402e-01  -2.2347538e-01   2.9993858e-01   1.4660285e-01   2.0729776e-01   2.1026262e-01  -1.4016157e-01  -1.2780053e-01  -1.4820573e-01   1.4425110e-01   2.6547096e-01   9.5050390e-02  -8.5663961e-02   3.3012464e-01  -9.9302616e-02  -2.4405041e-02   6.9104571e-01  -1.5015514e-01  -2.3337893e-01  -1.2508815e-01  -4.6439086e-01  -1.5757296e-01  -3.1573884e-01   3.2605688e-01  -1.0351694e-01  -4.9397721e-02   1.9369856e-01  -1.5546178e-01   4.3970355e-01  -2.1833532e-01   3.8292824e-01   4.6814132e-01  -2.0362922e-01   5.0284384e-01  -3.4024962e-02  -2.7620581e-02   4.8851848e-01   2.2846761e-01  -4.4943946e-01  -1.3543344e-01  -2.0211589e-01   2.5330388e-01   7.2115769e-02   1.4346160e-01  -1.3373075e-01  -2.8906802e-01   2.3766279e-01   3.8960915e-01  -1.3114670e-02  -1.0461211e-01   1.5631174e-02  -1.5471877e-01  -3.4719558e-01   5.2090979e-01  -1.2764552e-01   1.1894179e-01  -4.2868363e-01  -1.5515228e-01  -2.4146230e-01   7.5509200e-01   1.6832588e-01   3.6682459e-01   3.6323962e-02   2.1783824e-01   1.9947057e-01  -2.7647959e-01   1.6434710e-01  -1.2618895e-01   1.8271398e-02   2.3601042e-01  -9.5666156e-02  -3.0903169e-01   2.6080223e-01   8.2459590e-02  -2.2076613e-01  -2.8746415e-01   2.0643045e-01  -2.0517198e-01  -1.8027027e-01   1.6821926e-01  -2.2554269e-01  -3.3697453e-01   1.2718671e-02  -1.3009084e-01  -9.8918176e-02   3.6821709e-01   3.9242378e-01  -1.3256526e-01  -3.1484266e-01  -9.9672247e-02  -8.9177633e-02   1.8380278e-01   1.6028986e-01  -1.9310295e-01  -3.4441493e-01  -7.4633729e-02  -1.1106253e-01   9.9378211e-03  -2.5729461e-02  -1.7162494e-01   1.3795925e-03  -1.0588323e-02   1.3158754e-01   4.2781786e-01   2.5730408e-01  -1.5008441e-01  -1.2210713e-01   2.3598649e-01   3.6374299e-01  -3.7902505e-01   1.3342108e-01  -6.2851302e-02   7.3208190e-02  -3.0456781e-01   1.9868048e-01
  -5.8907432e-02  -8.0428422e-02  -8.3804786e-03   1.4625421e-01   9.7060059e-02   0.0000000e+00   1.5799745e-01  -5.4755996e-02  -3.1728264e-02   2.7025268e-01   4.7224881e-01  -9.8274262e-02  -1.6471183e-02   2.2389104e-01  -6.6025744e-02   5.1015241e-02  -1.7888020e-01   3.3309660e-01   6.3440854e-01   5.9538007e-02   2.9611581e-01   3.3424932e-01   2.3784054e-01   2.4226326e-02  -9.6833433e-02   2.1765227e-01   2.0146547e-01   2.1114407e-01   3.0066612e-02   3.5904415e-01   5.0120348e-02   3.0144823e-02  -9.0566428e-02  -2.1495102e-01  -1.6466122e-01   3.8744590e-01   5.4788140e-02   1.5890056e-02  -1.0179944e-01  -3.1416293e-02   1.3022240e-01  -2.7481222e-01  -9.6740096e-02   1.6901237e-01   7.3136730e-02  -8.1350430e-02   5.6217738e-01  -1.1208546e-01   2.1794358e-02  -2.8066677e-01   4.2380905e-01  -2.2829859e-01  -9.6055298e-02  -8.5571814e-02  -1.3365085e-02   3.8061655e-01   3.6925937e-01   4.6222196e-02   9.6909631e-02   1.3914934e-02  -1.2832135e-01   6.5422086e-02  -2.6873527e-01   2.0457746e-02  -1.0804713e-01   5.5379035e-01   8.3293428e-01  -3.8230217e-02   5.1078998e-01   4.5647663e-01  -2.7026783e-01   2.4882925e-01   6.2308891e-02  -3.6900070e-02  -2.5982743e-01   1.3786885e-02  -1.0713330e-01   5.0577700e-02  -6.5444585e-02  -7.1354541e-02   2.8581716e-01  -4.9071633e-02  -2.4295629e-01   1.6401663e-01  -1.1182856e-01  -5.4349138e-02  -3.4728569e-01  -1.6066472e-02  -2.2223114e-01  -2.1095663e-02  -4.0200995e-01  -3.6410007e-01  -1.5654064e-01  -5.8568094e-02  -1.3264912e-01  -1.3551163e-01  -5.6357044e-02   4.7751326e-01   4.3011444e-03   1.7820710e-01  -2.1443358e-01   8.4472528e-03   2.0478301e-01   1.4414671e-01   2.0689616e-01  -2.6988679e-02  -2.7938626e-01   3.5421156e-01   1.1506538e-01   2.7536319e-01  -2.5614599e-01   4.1600772e-01  -5.7749194e-02   3.1600849e-02   7.4668912e-02  -2.5309709e-01   1.4387423e-01   2.7545155e-02   4.8228792e-01   3.3972824e-02   1.4492492e-02  -6.9894438e-03  -2.2485357e-01   8.8708241e-02   4.1929026e-02   6.5110088e-02   2.8577681e-01  -2.0913644e-01   1.1890787e-01   2.3859706e-01  -2.9570755e-02   5.7390668e-02   8.2328689e-02   2.9243349e-02  -2.4619015e-01   1.3951692e-02  -3.1962029e-01   2.3753663e-01  -4.0446426e-02   2.1320843e-02  -6.6221923e-03   1.9933951e-02   3.2018625e-01   5.5407388e-01  -3.5990870e-02   3.4809264e-02  -1.8795846e-01   4.9505443e-01   5.3661599e-01  -2.3618512e-01  -1.0922765e-01   1.2002985e-01  -7.0707316e-02  -5.4806094e-03  -1.7915883e-02  -1.0638066e-02  -4.7332484e-02   1.2574668e-01  -2.6433307e-01   1.2490417e-01  -1.7694168e-01   3.2098085e-01   3.4705339e-01   2.0583771e-01   1.4447007e-01  -1.3103725e-01   1.8674388e-01   4.7085866e-01  -4.3532595e-02  -4.1013118e-01  -1.8360814e-01  -1.4267184e-01   2.8608352e-01   7.1335862e-01   2.0612915e-02  -2.0485236e-01   3.2067105e-01
  -8.1714268e-02   5.1836633e-02  -3.8429926e-01  -9.0848493e-02  -1.0179190e-01   1.5799745e-01   0.0000000e+00   1.1271721e-02   1.5484918e-02  -1.3227748e-01   1.0886551e-01   8.5618624e-02  -2.5687960e-01   3.2480482e-01   6.3161825e-01  -2.0443748e-01  -4.5900327e-01   1.6573758e-01  -7.0909911e-02  -3.3397391e-01   5.1923598e-01   6.7842722e-02   5.7302965e-01  -1.5928677e-01  -1.9771046e-01  -1.0481005e-01  -2.5484430e-02   5.5124489e-01  -1.6077941e-01   1.5592819e-01   4.1107108e-01  -2.8780761e-01  -3.2447019e-01   8.4539757e-02   2.5483161e-01   1.4533315e-02   1.7670270e-01   2.5524269e-01  -3.0793132e-01  -1.7526557e-01  -5.9510144e-02  -3.6055616e-01   3.8935934e-02   3.1751806e-01   5.7091113e-02  -1.7301548e-02   8.5971143e-02   5.2395080e-01   1.9767319e-01  -4.1386275e-01   1.0060928e-01  -5.5119484e-02   2.7184881e-01  -7.8665839e-02   1.7930205e-01   3.4033043e-01  -2.2606277e-02  -2.6135865e-01  -4.0985760e-02   1.1352021e-01   1.1755435e-01   5.7291671e-02  -2.5070004e-01   3.2869187e-01   2.3411251e-01   4.2680244e-01   2.1779503e-01   7.3751968e-03   4.6504859e-02   2.4051123e-01   1.0925214e-01  -1.2190911e-01   7.3139699e-03  -1.2994568e-01  -2.1805126e-01   9.1295121e-03   8.5738809e-02   3.3915317e-02  -1.5677953e-01  -2.0317958e-01   6.4010060e-01   5.0559782e-02   4.8154260e-01  -1.5895905e-01   1.5232844e-01  -9.1642234e-02   2.4205372e-01  -2.2124051e-01  -2.1759146e-01  -1.7572330e-01  -1.5002635e-01  -3.2429765e-01  -3.5907427e-01  -5.4264985e-02   7.9026060e-02  -4.5721493e-01  -2.0152237e-01  -9.0257913e-02  -5.6187907e-02   4.4629232e-01   3.0325601e-01   3.1981842e-01   5.7972354e-01   8.4129577e-02  -1.2391069e-02  -4.0443694e-01  -1.3994096e-01  -7.3214429e-02   1.8967210e-01   3.1190972e-01   1.3765414e-01   1.8611233e-01  -3.0328967e-02  -5.9663631e-03   5.1193055e-01  -2.5768795e-01  -9.5109213e-02   5.0442898e-02   5.0073577e-01  -1.7083579e-01  -4.4230542e-02  -3.1322057e-01  -1.0318087e-02   2.6954536e-01   4.4325369e-02  -1.1519252e-02   2.7956742e-01  -2.6584672e-01  -2.2512036e-01  -5.5222999e-02  -1.7188961e-01   2.9685157e-01   6.0226830e-02   5.7547303e-01  -2.1716560e-01  -8.1352871e-02  -2.9885797e-01   6.2220489e-01  -4.7791936e-02  -1.1551690e-01  -1.0547644e-01  -2.2554768e-01  -1.9173657e-01   3.4748248e-01   5.3137473e-01   6.1815037e-01   3.5693293e-01   1.8321951e-01   5.5327842e-02   4.1504383e-01  -2.3482860e-02   3.9161469e-01  -1.9416051e-01   2.2874166e-01  -1.6550661e-01  -1.3352919e-01   1.2365723e-01  -4.0767580e-02  -2.7005794e-01   6.7670569e-01  -6.4008306e-02  -5.0201746e-03   3.2502748e-01   5.3670371e-02  -3.3452082e-01  -3.5295494e-02   2.7501221e-01   3.3412346e-01  -8.4986197e-02   1.5288290e-02  -1.2525741e-01  -6.9304302e-02   8.0264402e-02   5.4985064e-02   4.2988387e-02  -3.5625053e-01  -2.7059338e-01
  -8.7549395e-02  -1.3957232e-01  -1.0680424e-01   1.9000907e-01  -7.0093594e-02  -5.4755996e-02   1.1271721e-02   0.0000000e+00  -1.1500021e-02   4.7279665e-02  -9.0479170e-02  -2.1523366e-01  -3.7695636e-02   1.5745099e-01   1.1947360e-01   2.1938918e-01  -1.1882530e-01   1.2807086e-01  -5.9681007e-02  -3.6079305e-02   6.6083587e-02   2.7388053e-02   1.1871349e-01  -5.9844274e-03   1.8110621e-01   4.1404965e-01   6.8571081e-02   2.1613686e-01  -4.4716038e-02  -9.1342241e-02   1.4880181e-01   1.5582783e-01   1.6134987e-01   7.2955477e-02  -4.6112855e-02  -5.3937546e-02  -4.5974255e-03   3.0727692e-02   1.2012654e-01  -1.5516884e-01   6.7835748e-02   1.1851711e-01  -2.3365567e-02   3.5056590e-01  -6.7695802e-02  -1.2050343e-01  -1.0164347e-01   1.5301092e-03   1.2363233e-01  -5.2667786e-02  -5.0276314e-04   6.7309603e-01   4.0607960e-02   8.5697649e-02  -4.0742296e-02   2.5050036e-01  -9.6095017e-02   2.9723787e-01   2.9849133e-01  -3.0764511e-02  -4.2081762e-02   1.4149236e-02   2.6355115e-02   1.6911922e-01  -3.6627489e-02   7.6037787e-02  -9.0642158e-02  -7.0410554e-02  -3.1772096e-02  -1.2305885e-01  -1.1215226e-01   1.1258644e-02   1.8515313e-02  -2.6501243e-01  -4.3003999e-02   1.1444562e-01  -9.1812482e-02   2.8291668e-01  -7.1816096e-02   1.4114368e-01   3.0920170e-01   3.1008526e-01   2.0741103e-01   4.4066782e-01  -2.1707738e-01   1.5456786e-01  -1.1307931e-01   6.0579826e-02  -1.3226599e-01  -7.3846173e-02  -1.1078873e-01   1.0398853e-02  -1.1370111e-01   1.4851266e-01  -8.4826922e-02  -3.2069618e-02   7.6703460e-02   2.5717888e-02   1.5122290e-02  -2.4619409e-02  -6.2005289e-02   2.3051574e-01   3.6301892e-01  -5.0327563e-02  -4.1434006e-02   2.1548379e-01   7.0916015e-02   3.7392654e-01  -5.1544904e-02  -8.7021628e-02   1.3617924e-01   1.1175680e-02   1.7042121e-01  -8.5719216e-02  -3.0063251e-02  -1.0841347e-01   3.0419489e-01  -1.2828532e-03   2.1624555e-02   2.1348760e-01   6.4640501e-02  -8.9176536e-02  -6.4812468e-02  -5.4599580e-02  -3.6630464e-02   3.8512351e-02  -2.6164691e-02  -2.7072938e-02   2.0837938e-01  -1.3869146e-01  -4.7866261e-02  -9.4744295e-02  -9.0923847e-02   1.0153209e-01   4.7101590e-02   3.8615199e-01   1.7377526e-01   1.5733413e-01   1.3522008e-01  -1.0548414e-01  -6.8004885e-02  -2.2136872e-01   6.6132180e-02  -8.3770336e-02  -1.1091402e-02   9.1310680e-02  -2.2598031e-01  -2.0957505e-02   7.9072470e-03   3.6872402e-03  -2.2942158e-01   6.1925357e-01   8.2418402e-02  -1.0411399e-01  -1.6240032e-01   7.2105181e-02   1.7247111e-01   2.3684593e-01   4.7612953e-02   2.8866340e-01   6.9818387e-02   8.6003900e-02   2.6407194e-02   2.5379989e-02   1.7049304e-01  -7.8032116e-02   1.9271689e-02   1.6119577e-01   7.0859703e-02  -6.7691413e-02  -6.4690372e-02  -2.3314364e-02   1.4610889e-02  -1.3315173e-01   2.1746856e-02   7.3940152e-02   1.4732998e-01
  -2.0431148e-01   7.2205353e-01   3.2287341e-01   1.4523464e-01   3.6548294e-01  -3.1728264e-02   1.5484918e-02  -1.1500021e-02   0.0000000e+00  -5.7942517e-02  -4.8741390e-01   5.5311846e-01  -3.2686828e-01  -2.6211844e-01  -1.0619444e-02  -3.4607625e-01   2.2428280e-01  -3.7468993e-01  -7.2383415e-02   2.5665090e-01  -3.4428944e-01  -3.9397531e-02  -3.1108714e-01  -2.9938841e-01   1.9679536e-01  -3.2229242e-01   2.0437862e-01  -3.0204635e-02  -1.2281422e-01   2.6250806e-01  -1.5825934e-01  -1.4155560e-01  -6.1819596e-02   2.0171914e-01   6.3893448e-01  -2.3382398e-02   7.9602059e-02  -2.2691009e-01  -4.0230498e-01   5.5230519e-01  -2.1918632e-01  -2.5044737e-01   6.0101512e-01  -8.6493831e-02   1.6810811e-01  -1.2329562e-01  -2.3852238e-01   5.5140865e-01  -2.2819786e-01   1.3798724e-01  -4.0885998e-01  -1.0355853e-01   3.5365713e-01   2.4175183e-01  -1.7522288e-01  -2.1674257e-01  -1.8967655e-01   1.4571047e-01  -2.4827846e-01   5.7278618e-01  -2.5672706e-01  -1.3200821e-01   5.8673572e-01  -7.0091949e-02   3.8776811e-01  -2.7610870e-01   1.9726381e-01   4.5423247e-01  -3.5641225e-01   4.7120656e-02   3.4615234e-01  -2.2086875e-01  -6.4765550e-02   3.3938222e-01   2.3840551e-01   7.3646313e-03  -3.2113206e-01   1.3695120e-01   4.9616655e-01   1.6801950e-01  -1.1198017e-01  -1.9445354e-01  -4.0806932e-02  -9.9998784e-02   9.3327162e-03   3.3083171e-02   4.7928145e-01  -2.7081011e-01   5.9817125e-01  -3.6044334e-01   5.0707456e-01  -1.6199939e-01   1.4239494e-01   6.7116715e-01  -3.2483353e-01   2.8383855e-01   1.2975311e-01  -2.3344143e-01   2.3523187e-01  -4.2536292e-02  -2.8195217e-01  -1.1462163e-01  -1.4678848e-01   4.5349860e-01  -1.6471903e-01  -2.0477276e-02   1.6473325e-01  -7.8663728e-02  -1.1891171e-01  -1.3356755e-02  -1.4672978e-01  -1.5201285e-01   2.2213043e-01  -2.9223831e-01  -3.3338085e-01   5.9348791e-01  -3.1216698e-03  -1.6451510e-01  -1.6075546e-01  -7.2425505e-02  -3.3900783e-01   3.4423620e-01   6.2349166e-01   1.4233195e-01  -2.0384827e-01   3.7482629e-01  -1.5750139e-01   7.6055094e-02   6.9380431e-02   2.8613400e-01  -3.2810315e-01  -2.4760965e-01   2.7563119e-01  -1.9761249e-01   6.0970213e-01  -3.9887440e-01   1.0479445e-01  -3.1645762e-02  -2.1717406e-01  -2.9443114e-01  -2.4112731e-01  -7.6151132e-02  -3.2541143e-01  -1.4904087e-01   8.7977932e-02  -4.6943344e-02   1.8405218e-01  -1.0538615e-01  -8.6400923e-02   2.8474084e-02  -1.8763974e-01  -1.7024288e-02  -1.0973735e-01  -1.0201747e-01   6.1409266e-01  -3.6099720e-01  -3.6778366e-01  -2.8666298e-01  -1.4528926e-01   4.0811434e-02   2.8533680e-01  -3.7992558e-01  -2.7483861e-01  -2.4889731e-01   1.8394334e-01   5.1911999e-01  -2.3147125e-01  -5.1515802e-03  -1.3832947e-01   2.8165447e-01   4.6416685e-01  -4.6711170e-01  -1.5978054e-01   5.6715337e-02   3.9573557e-01  -1.5176343e-01  -6.5243541e-02
   1.9793424e-01  -3.0477683e-01   7.5433922e-02   8.0760952e-02   4.5386583e-01   2.7025268e-01  -1.3227748e-01   4.7279665e-02  -5.7942517e-02   0.0000000e+00   3.4884704e-01  -1.1552226e-01   2.5869851e-01  -3.5793849e-02  -4.6697657e-01  -2.3130573e-01  -1.4520486e-02   3.0049189e-02   1.1405212e-01   5.9661559e-01  -6.7266491e-02   1.0124032e-01   3.1277151e-01   1.7923026e-01  -2.2525226e-01   3.1035805e-02  -3.0266997e-01  -1.0320303e-01  -2.6219080e-01   4.8691475e-02  -2.6578792e-01   2.6623003e-01  -2.9897012e-01   3.3808615e-02  -2.3920144e-01   5.9815152e-01   2.9881798e-02   2.1332601e-01  -2.7977348e-01  -1.5681236e-01   1.9954794e-01  -2.0344401e-01   1.3360889e-01  -1.6915076e-01   3.5132062e-01   1.9184492e-01   4.6655162e-01  -2.5423128e-01  -9.3864795e-02  -2.5013947e-01   2.2655064e-01  -2.6140332e-02  -4.8727432e-01  -2.4450588e-01  -1.1236316e-01  -5.1276640e-02   3.4102793e-01   3.2112448e-01  -3.9232494e-02  -4.5473633e-02  -1.7004107e-01   2.7067176e-01  -7.1471390e-02  -4.5210023e-01  -4.9480660e-02   4.0745147e-01   1.7327130e-01  -9.4631113e-02   1.2829247e-01  -1.7389935e-01  -1.9257591e-01   3.1379519e-01   1.9757303e-01   2.6544853e-02  -1.0936519e-02   3.7409859e-01   2.6451704e-02  -2.2082469e-02   1.8435460e-01  -2.7090237e-02  -1.5516852e-01  -1.2976839e-01  -3.4530485e-01  -2.9690140e-02  -3.9598317e-01   3.7099758e-01  -5.2141077e-01   2.0903454e-01  -1.4148839e-01   1.8873967e-01   1.0956566e-01  -4.1354595e-02   3.7417695e-01   2.9490671e-01   5.4952592e-02   4.3129175e-01   1.1335677e-01   1.3835559e-01   3.3779325e-01   2.9136060e-01  -3.8662675e-01  -2.8622701e-01  -1.1234403e-01  -7.8120147e-02   2.4466240e-01   2.8836678e-01  -8.0894004e-02  -1.8506304e-01   4.0157923e-01   2.8855064e-01   1.4710378e-01  -1.1362256e-02   1.5815596e-03   1.4922301e-01  -3.0809148e-01   3.6753005e-02   1.4804840e-01   2.7455114e-01  -3.0952067e-01   6.5981124e-02  -8.4645129e-02   4.1698699e-01  -4.9195708e-03  -3.0822165e-02   1.8907187e-01   1.3249250e-01   2.2115780e-01  -2.4098422e-01   3.4455744e-01  -1.9046148e-01  -3.1898662e-02   2.6166726e-01  -3.0710732e-01  -2.8363604e-01   2.0551102e-01   2.9127361e-01  -7.0848556e-02  -3.0894316e-01   4.0593140e-01   3.7961793e-02   4.5012099e-02   3.6082722e-02   8.2137247e-02  -2.0503476e-01  -1.3277412e-01  -1.4509863e-01  -1.9147434e-01   1.8436439e-01   4.3784953e-01  -1.4449788e-01  -3.5724676e-01  -1.1263059e-01   9.5390021e-02   1.4629285e-02  -1.4734800e-01   6.9725756e-02  -1.0270816e-01   5.1216773e-02  -8.7582139e-02   1.9354057e-02  -1.2859541e-01   1.1763034e-01   2.7867270e-01   1.0154145e-01   3.0733474e-01   3.4954707e-03   1.3496466e-01  -1.1843759e-01   1.6980630e-02   6.7545968e-02  -2.8493267e-02   3.8772372e-03   2.7962926e-01   3.6051838e-02  -5.2623453e-02  -2.8119698e-01   3.8178639e-01
   2.1185199e-01  -6.2362011e-01  -3.9123308e-01   1.2119449e-01  -3.7600264e-03   4.7224881e-01   1.0886551e-01  -9.0479170e-02  -4.8741390e-01   3.4884704e-01   0.0000000e+00  -4.2999085e-01   1.9240464e-01   2.6320349e-01  -3.2972622e-02   2.0848814e-02  -4.4786418e-01   6.2907079e-01   2.0517654e-01  -8.0442997e-02   5.6655350e-01   3.9634352e-01   5.1905652e-01   1.9023991e-01  -4.2697094e-01   2.6018835e-01  -2.9751448e-01   1.3127128e-01  -7.4320282e-02   1.8094925e-01   2.0880332e-01   3.0090262e-01  -3.4097837e-01  -2.9868616e-01  -4.3968822e-01   4.8700585e-01   1.2071194e-01   2.7811953e-01   4.9432613e-02  -4.6125549e-01   4.0210027e-01  -2.3442066e-01  -4.3538394e-01   1.1008912e-01   1.7866487e-01   8.6493976e-02   7.6240818e-01  -3.2346248e-01   2.1760139e-01  -5.1588655e-01   6.7864538e-01  -1.5284333e-01  -3.5508765e-01  -2.8740637e-01   1.0943335e-01   2.2587529e-01   5.2426195e-01   9.3473643e-02   3.3568847e-01  -2.7976259e-01   5.9914552e-02   3.3718355e-01  -5.4596026e-01   4.4798111e-02   8.5265828e-03   5.9985418e-01   2.5168616e-01  -2.5633708e-01   7.2306412e-01   1.2202552e-04  -4.0885130e-01   5.6630786e-01   3.3668687e-01  -1.6675228e-01  -2.8633113e-01   2.0528807e-01   2.1270779e-01  -1.1243970e-01  -3.1116950e-01  -1.0323323e-01   1.3802720e-01   1.8805317e-01  -1.5297960e-01   8.2433737e-03  -2.5198383e-01   1.7936148e-01  -5.6728648e-01   1.3399910e-01  -6.0961589e-01   2.2499352e-01  -4.2753172e-01  -2.7078342e-01  -2.2625369e-01  -3.2892714e-01   2.6421987e-01  -2.9685373e-01  -8.5814796e-02   3.8089907e-01   1.1340065e-01   4.3644157e-01   7.3890938e-02  -1.3100422e-02   2.5607422e-01  -1.0517870e-01   5.4481394e-01   2.3638337e-01  -3.2783639e-01   9.7294438e-02   3.4025135e-01   3.6500783e-01  -1.3744098e-01   3.8451911e-01  -1.2746169e-02   2.8449790e-01   2.4477630e-01  -5.0067320e-01   7.4087689e-02   3.6636886e-01   2.2102307e-01   1.2351322e-01   1.9987674e-01  -1.6733379e-01  -5.5232235e-01   1.1471180e-01   2.8010133e-01  -2.4312192e-01   3.9249454e-01  -2.6265438e-01   2.4247487e-01  -2.8791377e-01   1.0869246e-01   4.7474249e-01  -2.3760375e-01   2.4744987e-01  -3.9214818e-01   3.6077192e-01  -3.8827811e-01   1.7990222e-01   3.1906004e-01   2.8592798e-01   2.0007220e-01   7.1507499e-02   5.5996564e-01   1.7996217e-01   1.4049270e-01   3.0788088e-01  -3.0940771e-01   4.5806418e-01   4.1028295e-01   1.3877677e-01   2.6765831e-02   8.9221667e-02   2.8060145e-03   2.7790054e-01  -6.0342943e-01   1.7304192e-01   1.9594150e-01   3.7099333e-01  -8.8372766e-02   1.2429859e-01  -2.9313988e-01   6.5404469e-01   5.7643078e-01   5.0696433e-01   1.8675523e-01  -3.5986706e-01   3.4456273e-01   2.4137326e-01   1.5190408e-01  -3.9224518e-01  -4.6331772e-01   1.7807673e-01   5.7433637e-01   1.4497989e-01  -1.8289233e-01  -3.3218517e-01   4.0119048e-01
  -2.4340178e-01   7.2975080e-01   3.9746161e-01  -1.4994541e-01   3.6677631e-01  -9.8274262e-02   8.5618624e-02  -2.1523366e-01   5.5311846e-01  -1.1552226e-01  -4.2999085e-01   0.0000000e+00  -2.6377667e-01  -4.6622746e-01   1.1199960e-01  -1.4411076e-02   3.2231177e-01  -4.5722954e-01  -5.8153989e-02   2.7590385e-01  -3.9696077e-01  -3.3960691e-01  -2.7073725e-01  -2.0558840e-01  -1.2850024e-02  -2.8356147e-01   3.2585026e-01  -2.3587056e-01   8.1264018e-02   2.1134178e-01  -1.0170319e-01  -3.5697993e-01  -9.3481970e-03   5.1026110e-01   6.1154347e-01  -5.2073552e-03  -1.6070173e-01  -3.5120898e-01  -1.5406854e-01   4.2047746e-01  -1.2479311e-01  -1.0718161e-01   6.8094793e-01  -2.1078193e-01   2.8944723e-01  -1.1912144e-01  -3.2432502e-01   4.2887157e-01  -3.3598160e-01   3.3503732e-01  -2.9070916e-01  -8.4284110e-02   4.4307866e-01  -4.7236064e-02  -2.8682114e-01  -2.3856673e-01  -1.7644599e-01  -2.1570471e-01  -1.1489865e-01   5.2450107e-01  -1.1991252e-01  -1.8045933e-01   3.6435091e-01   5.3450052e-02   1.5999651e-01  -2.1070879e-01   5.0933456e-02   3.4516121e-01  -4.0556074e-01   1.1526063e-01   2.6752774e-01  -2.7239738e-01  -6.6401827e-02   1.7165111e-01   1.7201672e-01  -3.9823642e-02  -1.4845219e-01  -4.7486826e-02   6.3781987e-01  -1.1037901e-01  -2.6293882e-01  -4.9096231e-02   2.1278095e-03  -5.5124470e-02  -1.4755073e-02  -3.8332892e-02   4.0691021e-01  -2.9028084e-01   5.6286889e-01  -3.0662719e-01   5.2459160e-01  -1.0174344e-01   4.7492620e-01   4.2521588e-01  -4.1846588e-01   3.3997979e-01  -1.4128052e-01  -1.9434550e-01   6.7980904e-02  -4.0350673e-02  -1.9344629e-01   1.7628100e-01  -2.9612818e-01   2.3188325e-01  -3.1551668e-01  -2.5116064e-01  -6.5126414e-02  -2.1987622e-01  -2.1616054e-01   2.1474511e-02   1.8214491e-01  -2.5957235e-01  -4.7352543e-02  -3.8154912e-01  -1.8284801e-01   6.5525196e-01  -1.9239008e-01   3.2311705e-02  -2.8516993e-01  -3.7246326e-01  -1.5141552e-01   4.7291934e-01   5.6490718e-01   2.2002728e-01  -1.4266047e-01   1.5330113e-01  -2.2636016e-02   1.8932634e-02  -3.0293738e-01   2.1038149e-01   1.1396679e-01  -7.5888471e-02   9.3318961e-02  -2.5957076e-01   3.3619792e-01  -3.2304233e-01  -2.4708417e-03  -2.5145184e-01  -1.8755966e-01  -3.1059122e-01  -1.9669377e-01   1.2063613e-01  -3.8083478e-01  -1.7278758e-01   2.2217644e-01  -1.0197387e-01   4.0966622e-01   5.1971172e-02   1.3591698e-01  -1.3696847e-01  -5.6696722e-02  -2.0435226e-01  -7.7612555e-02   4.7853134e-02   6.5855516e-01  -2.3168936e-01  -2.4146468e-01  -9.5397672e-02  -1.2030419e-01  -7.8965437e-02   1.6623169e-01  -3.0461357e-01  -3.2684233e-01  -3.3135489e-01  -2.4916383e-01   7.6476437e-01   1.6148042e-01  -2.6962002e-01  -1.9188373e-01   3.6618981e-01   7.0318573e-01  -3.6920066e-01  -2.8841279e-01   1.5511349e-03   1.2766510e-01   6.8427166e-02  -2.4608985e-01
   7.9584920e-02  -2.6553808e-01   4.6569972e-02   1.0050425e-01   3.6110518e-02  -1.6471183e-02  -2.5687960e-01  -3.7695636e-02  -3.2686828e-01   2.5869851e-01   1.9240464e-01  -2.6377667e-01   0.0000000e+00  -2.0346073e-02  -2.9219012e-01   4.6350210e-02   7.2718814e-02   1.0915133e-01   1.0218475e-02   2.5025703e-01  -5.5813827e-02   1.2383620e-01   2.8278324e-02   9.0547110e-03   2.8692164e-02   1.5974006e-01  -2.5301978e-01  -1.7173552e-01  -9.0950763e-02  -8.6217064e-02  -2.1265304e-01   2.0858382e-01   9.3386923e-03  -2.5772886e-01  -3.2272940e-01   8.0850243e-02  -7.0488290e-02   1.8790675e-02   1.7139028e-01  -9.9891705e-02   3.6840838e-01   1.0608158e-01  -1.5877069e-01  -1.1542431e-01   2.3346107e-02   2.0641770e-01   2.8563276e-01  -2.8721514e-01   2.4475068e-02   1.8336063e-02   1.1466673e-01   6.6181988e-02  -3.7438937e-01   5.9946798e-02   6.6716901e-02  -1.0202543e-01   2.1168079e-01   1.6335980e-01   1.4593839e-01  -1.9053160e-01   2.3627067e-02   1.0003914e-01  -3.2279274e-02  -2.4866343e-01  -1.2410606e-01   3.5479939e-02  -3.0361869e-02   4.1223545e-02   1.7544382e-01  -1.3205658e-01  -1.5134802e-01   1.8553596e-01   2.7669475e-01   5.6301415e-02   1.0841740e-01   1.3692036e-01   3.6777203e-02  -1.5179849e-01  -9.9892313e-02   2.3659404e-01  -2.0674448e-01   1.5957779e-01  -2.1883286e-01   7.5630017e-02  -6.4889310e-02   1.7538114e-01  -3.0258775e-01   2.1276616e-01  -1.6476051e-01   1.5933747e-01  -9.9381466e-02   1.7676039e-01   1.3508158e-01  -1.3285070e-01   9.9328038e-02   1.7849186e-01   3.5268912e-01   1.4956823e-01   2.1587284e-01  -4.9517132e-02  -2.2793628e-01  -2.2789664e-01  -9.1045423e-02  -1.1985772e-01   2.5159437e-01   3.1666026e-01   1.5358948e-01  -4.5701788e-02   2.8344704e-01  -1.4013268e-01   3.0935524e-02   4.3095758e-02   1.0370277e-01   2.5231368e-02  -1.6275180e-01  -1.8217660e-01   2.4389187e-02   2.6130974e-01  -1.9727214e-01   2.1235286e-01  -4.2538908e-02   7.5367186e-02  -1.7495737e-01  -2.1526457e-01   4.3132040e-04  -6.7082893e-02   5.1019274e-02   1.0735647e-01   2.2658098e-01  -4.0702228e-02   2.3795713e-01   4.4442193e-02  -9.6790195e-02  -2.1915165e-01   5.4636687e-02   1.7435534e-01   1.2475692e-01  -2.6987333e-01   1.8310567e-01   1.6136499e-01   7.3306775e-02   1.6570323e-01   7.2348010e-02  -1.3641047e-01  -2.1770294e-01  -1.6191886e-01  -9.8699391e-02  -1.2919439e-01  -4.6137147e-02  -1.7747118e-01  -6.9582359e-02  -1.8400529e-01   4.3666663e-02  -7.1675378e-02  -1.2151299e-01   1.0769043e-01  -1.8563323e-04   1.4978254e-01   1.8229615e-01  -1.8420878e-01   6.2067331e-02  -3.9515898e-02  -6.0429856e-02   1.0953959e-01   2.5640901e-01  -2.1238056e-01  -9.1175975e-02  -1.8166445e-01   7.4366462e-02  -1.0122864e-01  -1.4977931e-01   5.4410133e-02   1.0766188e-01  -2.2694171e-02  -1.7391539e-02   1.6932071e-01   2.1120925e-01
   2.9096635e-01  -4.1578197e-01  -5.0709892e-01   2.7216466e-01  -2.1674862e-01   2.2389104e-01   3.2480482e-01   1.5745099e-01  -2.6211844e-01  -3.5793849e-02   2.6320349e-01  -4.6622746e-01  -2.0346073e-02   0.0000000e+00   3.3100822e-01   2.8048574e-02  -5.1769479e-01   5.0989644e-01  -5.3020783e-02  -2.7330202e-01   5.7436463e-01   4.9878118e-01   4.9719512e-01   2.3035777e-01   5.5347017e-02   1.2446081e-01  -6.9705502e-03   5.6341000e-01  -1.0429109e-01   1.1300839e-01   3.0621008e-01   1.3599823e-01  -5.4169104e-02  -2.0960117e-01  -1.5538681e-01   1.4154116e-01   1.7976202e-01   4.7662553e-01   8.6190543e-03  -4.0330197e-01   1.9438704e-01  -3.9486825e-02  -3.4660597e-01   5.1724722e-01   6.6281839e-02   8.6783896e-02   3.2281430e-01  -1.0036156e-01   3.9363752e-01  -4.2512713e-01   4.2143873e-01  -5.4555328e-02  -9.5115220e-02   8.5685502e-03   1.6555248e-01   5.3427859e-01  -4.4623873e-02   1.2636670e-02   2.6658369e-01  -3.6371179e-02   2.6356415e-01   2.5316188e-01  -4.0231177e-01   1.0760646e-01   5.9455567e-03   4.8720873e-01   8.8062653e-02  -8.8436553e-02   3.2799938e-01   5.6669491e-02  -3.4670512e-01   3.0347158e-01   1.7906252e-02  -2.2964495e-01  -2.8537726e-01  -4.4950742e-02   2.2004731e-01   2.7040380e-01  -3.0722620e-01   8.2557221e-02   6.7491936e-01   2.4135873e-01   1.6734279e-01   1.1793873e-01  -1.4000938e-01  -1.6483998e-01  -1.0437859e-01   3.6819481e-01  -5.6283619e-01   2.2874888e-01  -4.5118551e-01  -1.4559396e-01  -4.7367730e-01  -2.2597226e-01   1.9774712e-01  -4.8563573e-01   1.8837110e-01   1.9764892e-01   7.7534548e-02   3.1094125e-01   2.7778811e-01   2.4781776e-01   6.2057483e-01   8.7022123e-02   3.0335748e-01   1.3882914e-01  -9.7457240e-02   3.1882748e-01   2.5802478e-01   1.3198334e-01  -2.4752794e-01   5.6285087e-01   1.9216373e-01   3.3775787e-01   4.4116449e-01  -5.1011780e-01   1.7324382e-01   1.5730414e-01   4.4304677e-01   3.7257292e-01   2.7091681e-01  -3.0191233e-01  -3.9629027e-01  -1.7489936e-03   2.7695393e-01   1.9803991e-01   2.7528356e-01  -2.3596748e-01   1.4560139e-01  -2.0926764e-01  -1.5773490e-02   1.1654742e-01   1.8285575e-01   3.2474821e-01  -3.6935185e-01   1.4848032e-01  -6.1972124e-02   7.0118609e-01   2.8920332e-02   4.7708555e-02   2.2846061e-01  -2.5809400e-01   2.4388737e-01   3.1679288e-01   2.0758573e-01   5.0422869e-01  -3.8910882e-01   2.6028034e-01   2.5182146e-01   1.5851082e-01  -1.4726887e-01   4.7742030e-01   1.1175510e-01  -7.2867874e-03  -4.5297653e-01   2.8192324e-01   2.5059429e-01   2.2625086e-01  -1.2816362e-02   4.7857930e-01   4.2222632e-02   3.4933913e-01   4.0403687e-01   4.5158315e-01  -1.1756217e-02  -4.0456989e-01   6.3145314e-02   5.1726559e-01   2.7389152e-01  -3.7660000e-01  -3.9761614e-01   1.0920144e-01   3.6286322e-01   2.6405686e-03   5.7428678e-02  -2.7523655e-01   1.6109551e-01
