   0.0000000e+00  -1.0125847e-01  -5.3738743e-02   9.6788195e-02  -2.6092964e-01   5.1807550e-02  -3.4905480e-01   4.6068543e-03  -2.0585235e-01  -1.5060444e-01  -2.8101583e-01  -1.6137801e-01  -1.7844842e-01   4.9243242e-01  -3.2332765e-01   9.2366361e-02   1.6971910e-01  -9.9912622e-02   8.7448145e-02  -2.1071951e-01  -1.8571907e-01   4.4707708e-02  -3.4795485e-01   7.1514614e-01   1.2984605e-01   1.2681227e-01  -3.1121255e-01   3.1971796e-01  -1.6360185e-01   1.0222077e-01  -2.8228700e-01  -3.2592343e-02   1.2687571e-01  -2.8475564e-01  -1.0951968e-01  -3.3202112e-01  -2.2488779e-01   4.6818752e-01   3.8080735e-02  -8.2262670e-02  -3.1260028e-01   2.6742885e-01  -9.2947187e-02  -3.6398120e-02  -2.5810046e-01   2.8960316e-01  -1.1531938e-01  -2.9422310e-01  -8.3402218e-02   6.8466697e-02  -1.4532561e-01   6.8605641e-02  -2.2337564e-01   3.4916882e-01   1.2168325e-01  -4.1805252e-02   1.6797514e-01   2.6099756e-03  -2.4005737e-01   1.6165354e-01   3.8455915e-01  -1.8145970e-01  -6.3590209e-02  -2.6795693e-01  -1.8649325e-01  -2.8824908e-01   4.0445699e-02  -5.4248237e-03  -9.2508354e-02   4.8480793e-02  -2.2947162e-01  -1.6380093e-01  -2.8981047e-01   3.7778120e-01   1.2585024e-01  -4.1492789e-02   4.1260618e-01   2.5952005e-02  -2.9393891e-01  -9.9245177e-02  -1.6380008e-01  -2.1653009e-01  -1.8396381e-01   9.4985948e-03   3.4057702e-01  -1.5689593e-01  -3.6029078e-03   4.2614289e-01   1.1819746e-01   7.0738819e-01  -1.1403866e-01   4.9181346e-01  -1.7626298e-01  -2.3935452e-01   5.1751041e-01  -1.7974373e-01   2.2785249e-01   1.1535275e-01  -1.3251293e-01  -3.8149655e-01   1.5252592e-01  -1.3083479e-01  -1.5116073e-01   1.4580208e-01  -2.2495503e-01   9.1762808e-03   3.9828566e-01   8.2127331e-02  -3.0039874e-01  -1.1158442e-01  -3.1224036e-01  -8.4626953e-02   2.9977106e-01   7.2451987e-01   3.4331000e-02  -3.5605337e-01   1.3355630e-01  -2.8507617e-01   4.3874959e-01   1.0772272e-01   5.9586600e-01  -1.6269421e-01   1.3747603e-01  -1.0954568e-01   2.9862337e-01   4.5240241e-01  -2.5091297e-01  -2.8117864e-02  -1.1532523e-01   2.9517818e-02  -4.5979850e-01  -4.6009539e-01   4.9832321e-01  -3.0286459e-01  -2.5275830e-01  -1.9614175e-02   1.8799057e-01  -4.0411886e-02   6.4983943e-03   6.3553326e-01   4.5144872e-01  -1.6250592e-02  -1.1722590e-01   7.5041398e-02  -3.2633352e-01  -2.0373600e-01  -2.7711370e-01  -1.4050577e-01  -1.4220968e-01  -2.3307741e-01   4.3631872e-01  -1.1394335e-01   6.0650522e-01  -1.7633074e-01  -6.7882388e-02   6.2726863e-01   5.2560492e-01  -1.9821779e-01   5.3885535e-01  -2.1244279e-01   7.0052372e-02  -1.1927575e-01  -2.0730845e-01  -4.8625696e-02   9.6974745e-02  -2.8803845e-01  -3.2759906e-01   2.6149107e-01   6.3344532e-01  -1.2030564e-01  -3.1526904e-01   6.1983430e-01  -7.1294024e-02   5.2807661e-02  -2.9344937e-01  -1.1387946e-01  -6.2624752e-02
  -1.0125847e-01   0.0000000e+00   5.2433976e-01   1.0660734e-01   2.5414835e-01   1.2671575e-01   2.5384813e-01  -1.7412313e-02   5.3089001e-01   7.1215045e-02  -4.4724632e-01   4.2633746e-01  -2.0140070e-01  -2.1855142e-01   1.1914354e-01   3.5999674e-02   5.3602515e-01  -1.5165048e-01   2.0086857e-01   1.9634646e-01  -4.1223479e-01   2.2346815e-02  -1.8548727e-01  -2.4527931e-01   1.5471382e-01   1.3301453e-01   2.6429429e-01  -1.8464058e-01  -1.0972164e-01  -1.0377559e-01  -1.8483828e-02  -2.3323966e-01  -3.6596193e-03   3.7496693e-01   4.7946982e-01  -5.4110397e-02   2.8318035e-01   2.3099869e-02   3.1715265e-02   4.2896741e-01  -1.9756122e-02  -7.6092641e-02   4.0459103e-01  -3.0223365e-01   5.9989049e-02   8.2938988e-02  -2.5090061e-01   5.1393357e-01  -1.2957769e-01   3.3337466e-01  -2.0770701e-01   1.0015088e-01   6.1970941e-01  -1.2475749e-01  -1.1529460e-01  -1.1251319e-01   7.2663319e-02  -8.9698935e-03  -2.2300983e-01   2.9652159e-02   1.4722382e-01   1.9997008e-01   4.6686351e-01   4.9565146e-01   2.5126758e-01  -1.7525089e-01   2.2263739e-01   3.0590053e-01  -2.4055356e-01   1.5983273e-01   6.1152335e-01  -1.6113017e-01   2.0617356e-01  -4.2052549e-02  -2.1094858e-01  -2.1163776e-03   2.1059715e-01  -1.9220195e-01   3.3786566e-01  -1.5460290e-01  -9.9853563e-03   1.7941942e-02  -2.5768950e-02   1.1778889e-01   1.9808699e-01  -5.5752432e-02   2.8230334e-01  -4.3789023e-01   2.3298569e-01  -2.8713021e-01   4.3132917e-01   9.8475985e-02   3.2239972e-01   3.6977436e-01   2.4223851e-02   3.2456989e-01   1.6496986e-01   6.7217009e-02   2.1786120e-01   2.8418667e-03   1.6292903e-01  -1.8210574e-01  -1.1051224e-01   1.7557485e-01  -3.2935400e-01   4.3754225e-02  -1.5024700e-01   6.4871389e-02   1.0465535e-01  -6.7496008e-02   1.0175619e-01  -2.7667817e-01   9.0463291e-02  -1.7924428e-01  -9.4055532e-02   5.3009232e-01  -3.6605765e-02  -5.9161029e-02  -2.8089227e-03  -3.7894455e-02  -1.0523505e-01   1.3753942e-01   3.3714378e-01   1.6243420e-01   1.3122737e-02  -1.4583001e-01  -1.2328436e-02  -2.0688479e-01  -7.5793411e-02   3.4579004e-01  -4.1537273e-01   6.1105929e-02   3.0146858e-01   1.9261598e-02   3.2135103e-01   9.0490404e-02  -1.0132687e-01   2.9326610e-02   5.7183273e-02  -1.0197101e-01  -3.1125731e-02  -3.0330769e-01  -1.5854452e-01   3.2715357e-02  -8.7513886e-02  -1.8557802e-01   3.6260986e-01  -1.5192036e-01  -8.4475288e-02   8.9114371e-02  -2.8072232e-02   2.2379388e-02  -2.0527251e-01   4.7117643e-02   5.4998016e-01  -1.3921360e-01   3.1732391e-02  -2.1084146e-01  -3.2172742e-02  -1.1348426e-01   3.1769109e-01  -1.5541951e-01  -1.0219917e-01  -1.9755113e-01   2.0113245e-01   4.4932851e-01  -2.1976911e-01   1.4038303e-01  -8.9850344e-02   6.1730436e-01   3.0089852e-01  -4.7829310e-02   8.2118757e-02   1.0962657e-01  -1.5066875e-01  -2.6968855e-01   1.1325007e-01
  -5.3738743e-02   5.2433976e-01   0.0000000e+00   5.9746647e-02   2.9015974e-01   4.5940188e-01   4.6611317e-01  -1.8496323e-01  -3.2961840e-02   3.3284294e-01  -3.7785304e-01   6.1629604e-01  -7.7690295e-02  -2.8504025e-01   2.3310253e-01   3.6466568e-01   6.6671303e-01  -9.9063678e-02   8.7353375e-02   4.0989892e-01  -4.1634704e-01  -3.2406456e-01   1.9249221e-02  -3.5577533e-02   9.4635939e-02   8.9073064e-02   5.2988502e-01  -2.1375752e-01  -1.5232054e-01  -1.7684357e-01  -3.1710572e-01  -3.6589540e-01  -2.5714916e-02   4.3223024e-01   5.2276755e-01   1.5252428e-01  -3.1945952e-02  -1.8028657e-01   2.6734424e-01   6.2630744e-01  -3.1544588e-03   2.4621330e-01   3.2930956e-01  -4.7444187e-01   1.2711568e-01  -1.0028045e-01  -7.9992956e-02   1.9451536e-01  -9.5818795e-02   5.6304937e-01   4.3104963e-02  -1.7075075e-02   1.7045899e-01   2.3488526e-01  -5.0372145e-02  -1.5861262e-01   7.1630617e-02  -2.4984633e-01  -2.6252452e-01  -2.4252888e-02  -1.0916703e-01   2.8125880e-01   1.4245385e-01  -5.6308966e-02  -1.0827077e-01   2.3509816e-02   3.0162514e-01   1.7361295e-01  -1.5194094e-01   5.8042951e-01   4.0961894e-01  -1.2371820e-01   1.3305549e-01   9.8723450e-02  -8.1417736e-03  -2.9579168e-01   1.4126975e-02  -2.4428293e-01   2.6518091e-01  -8.5349408e-02  -8.6646310e-02   1.6895046e-01  -2.1915512e-01  -5.7440798e-02   3.7810687e-02  -3.5031789e-01  -4.2281706e-02  -1.5522887e-01   2.5824710e-02  -2.8599864e-01   5.6011274e-02   1.4619979e-01   5.2898559e-01   1.8045293e-01  -1.8565001e-01   3.2792999e-01   3.0605745e-01   7.7661500e-02   2.6406618e-01   1.1091281e-01  -1.3507239e-01   6.3724693e-02  -3.5819421e-01  -2.8010451e-01  -2.2701644e-01  -1.7222484e-01   7.0407121e-02   4.8838466e-02   1.7099542e-01   2.5466929e-03   4.1252508e-01  -3.4299257e-01   2.5162990e-01  -3.2300701e-01  -1.0800015e-01   1.5212109e-01  -1.1772701e-01  -5.7700071e-02  -2.1123174e-03  -2.5015890e-02  -1.9689917e-01   2.9324420e-01   4.2933206e-01  -2.9482675e-01  -2.0787191e-01  -5.0738355e-02   7.3235859e-02   2.1547975e-03  -2.7556980e-01   6.0577445e-01  -2.6957243e-01   2.0477922e-02   1.1090589e-01  -2.7259331e-01   3.6714625e-02  -1.6186655e-01   9.0306663e-02  -2.0826637e-01  -1.3570262e-01  -2.2168318e-01  -1.8239909e-01  -2.0584475e-01  -3.3888751e-01   4.9643818e-01  -6.6258261e-02  -4.6856263e-01   6.1268915e-01  -4.5750938e-02   2.6968850e-01  -1.8600170e-01  -4.1956316e-02  -2.4814146e-01  -2.4921825e-02  -3.0144464e-01   6.9425466e-01  -5.0768041e-02  -2.0647704e-01  -9.6887978e-02  -2.2776929e-01  -2.0453729e-01   3.5729124e-01  -3.2065378e-01  -2.4457526e-01  -1.6658405e-01   1.2028887e-02   4.9367421e-01   5.5085757e-02  -2.0751779e-02  -1.4883093e-01   2.6535498e-01   2.8324366e-01  -2.1467834e-01  -2.0959093e-02   2.8847198e-01  -2.8053161e-01  -1.5571361e-01  -1.1914420e-01
   9.6788195e-02   1.0660734e-01   5.9746647e-02   0.0000000e+00   1.5559521e-01   4.5703686e-01  -1.0036782e-01   8.9263014e-03   1.0402193e-01  -5.7092836e-02   7.5045614e-02   3.1974833e-02   2.5964894e-01   2.1439592e-01  -8.8036167e-02   8.4710128e-02   2.6234536e-02   4.3115845e-01   3.4722627e-01   2.0962116e-01  -5.6569881e-02   4.3970102e-01  -8.1019034e-02   8.4550772e-02   5.8036037e-01   3.5060177e-01  -7.2196373e-02  -1.0711307e-01  -1.0627525e-01   5.2037000e-01  -1.1251048e-01   4.4047803e-01  -3.5673162e-02  -1.4655823e-01  -8.4080306e-02   3.3281189e-01  -8.3219020e-02  -2.7922857e-02   2.0983251e-01   5.9041179e-02   3.3533870e-01  -1.3497672e-02   1.3240257e-01   6.9679811e-02   8.4901416e-02  -1.2973338e-01   5.2406447e-01  -1.4718318e-01   1.9990928e-01  -2.1398740e-01   3.3037920e-01   1.7879278e-01  -2.2599915e-01   2.1059398e-01   3.3466390e-02   1.5103048e-01   3.1639191e-01   2.7419711e-01   2.2900828e-01   3.6390364e-01   2.3509977e-02   1.8758239e-01   1.3394654e-01  -1.3422521e-01   9.1486831e-02  -1.7791637e-02   5.6101202e-01   2.1248993e-01   4.2881803e-01  -1.6755617e-01  -1.3975989e-01   6.3921210e-01   3.6818041e-01   3.0416534e-01  -1.1096287e-01  -9.6010583e-03   7.7144678e-03   1.5405572e-01   1.3136277e-02   4.3950398e-01   1.4650860e-02   2.8967385e-01   8.5125615e-04   2.7233703e-01  -4.4265117e-02   4.2841331e-02   5.3926550e-02  -6.0076377e-02   1.0598706e-01  -9.4474902e-02  -1.1110932e-01   1.7888214e-02  -8.7665199e-02   3.3919846e-01   1.4746003e-02  -6.1684074e-02   6.5541323e-01   2.9789328e-01   3.3552663e-01  -9.0287813e-02  -1.1954798e-01   1.6784759e-01   1.0879668e-01   2.0125664e-01   4.4572803e-01   5.6054817e-01   7.1289473e-02   3.4881864e-01  -1.1977319e-01   1.6231177e-01  -1.4892506e-01   3.3550839e-01   5.6462763e-01  -1.7569272e-02  -2.1347856e-01  -2.3423493e-01   4.0524311e-01   1.8710408e-01  -8.3235288e-02   8.7798929e-01  -1.4204889e-02  -3.9136573e-02   2.0480155e-01  -1.0269462e-02   1.4781886e-02   2.0210043e-01   2.6411201e-01   2.3314618e-01   4.9985153e-01  -1.9726164e-01  -3.4185153e-01  -2.2158481e-02   1.8086721e-01  -1.9767853e-01   2.4208332e-01  -3.7246287e-02   4.6428127e-01  -6.7602366e-02   2.7423146e-02   5.9968195e-02   3.3877523e-03   1.6769591e-01   1.4104575e-01  -6.3114953e-02  -4.4993521e-02   1.3616301e-03  -2.5230458e-01   4.0857526e-02   8.8530035e-02  -1.2877773e-01  -1.8019344e-01   7.6242784e-02  -9.5691473e-02  -1.3131783e-01  -3.7169464e-02   2.2632997e-02  -2.1828561e-03   2.9358948e-01   2.1484197e-02   2.7089306e-01   2.6666400e-01  -2.3741173e-03  -1.6718500e-01   5.8303250e-01   5.4717975e-01  -1.7685411e-01  -4.9161173e-02   3.7663793e-01  -1.0659400e-01   1.0569816e-03  -1.0707923e-01  -2.9222066e-03   4.3646990e-01   3.0908005e-01  -4.5560765e-01  -3.8687589e-01   4.6693235e-01
  -2.6092964e-01   2.5414835e-01   2.9015974e-01   1.5559521e-01   0.0000000e+00   2.6107405e-01   2.5299318e-01  -1.8561817e-01   1.3196925e-01   4.9512531e-01   1.8695793e-01   4.2623301e-01   2.0056443e-01  -4.8635272e-01  -6.6947082e-02  -1.5527070e-02   7.8485429e-02   7.7854882e-02   8.4680811e-04   8.2614829e-01  -3.4716092e-01  -2.3127631e-01  -1.0177194e-01  -1.7485221e-01   1.7121651e-01  -6.3401782e-02   4.0211639e-01  -3.3168492e-01   4.8425061e-02  -3.3450766e-02  -3.5097068e-01  -1.0903120e-01  -2.8264736e-01   2.5843916e-01   2.2486613e-01   6.5217526e-01   1.2260830e-01  -4.0457019e-01   1.2303892e-01   8.8773539e-02   3.5698125e-01  -2.0021434e-01   5.5194254e-01  -3.1361606e-01   1.7379624e-01  -3.1346942e-01   1.5275642e-01  -3.4850461e-02  -1.3906725e-01   5.4835038e-02  -1.1710532e-01  -3.6053801e-02   1.1224990e-01   6.1034344e-02  -3.0062979e-01  -3.5252607e-01  -9.6291442e-02  -2.7022939e-01  -7.0594517e-02  -2.3879348e-02  -2.9007544e-01   6.2084583e-01   3.9832348e-01  -1.3338602e-01   9.7986472e-02   4.7103053e-01   2.1226633e-01   3.9246725e-01  -1.1538859e-01  -2.6832136e-01  -1.3079983e-01   1.7686722e-01   3.8492134e-01  -2.3575900e-01  -1.1447790e-02  -1.2044752e-01  -2.7769469e-01   9.5596481e-02   7.8148692e-01   2.7603712e-01  -3.6205455e-01   2.6415507e-01  -3.9927914e-01  -4.9723276e-02  -3.8165459e-01  -2.5663329e-01  -1.6957101e-01  -3.2322527e-01   1.8777673e-01  -4.0430155e-01   4.3163045e-01  -1.9082409e-01   4.9833107e-01   2.6542918e-01  -3.7963002e-01   7.9723058e-01   2.5925138e-01  -5.1682863e-02   7.0574160e-01   9.5948181e-02  -4.8910182e-01  -7.8131352e-02  -3.0073441e-01  -2.7117092e-01  -3.9710152e-02   1.9534511e-02  -1.0526258e-01   1.4796997e-02   4.1723900e-01   2.6826379e-01   1.1468097e-01  -3.3014293e-01   2.8575543e-01  -3.5737436e-01  -4.0473056e-01   4.0152777e-01  -7.8926313e-02   2.6537848e-01  -9.4743017e-02   4.6590987e-02  -3.6364049e-01   8.3747195e-01   3.5465013e-01  -3.0577630e-01  -2.6606209e-01  -3.3423540e-01   2.3651923e-01   1.7007037e-01  -2.4250750e-01  -2.5617285e-01   8.4336888e-02   1.7871579e-01  -1.8047594e-01  -3.2535114e-01   2.6250848e-01  -1.7682470e-03   8.8557253e-02  -2.8235667e-01  -7.8873523e-02  -3.0543865e-01  -1.8551218e-01   2.1105270e-02  -7.5896234e-02   5.0843654e-02  -2.5864338e-01  -4.3461859e-01   1.9651627e-01   5.6209745e-01   6.8625775e-01  -1.0651666e-01  -3.4167350e-01  -2.0449884e-01  -3.1160067e-01   3.4955771e-01   3.4217898e-01  -2.0381598e-01  -3.8698233e-01   5.8728901e-02  -3.1923027e-01  -1.6949455e-01   4.7820635e-01  -7.4354180e-02   3.7766909e-01   1.5932201e-01   3.4685968e-02   4.2034197e-01   3.6006818e-01  -2.3333230e-03  -3.8596197e-01   3.2417219e-01   5.9663395e-01  -4.2133767e-01   5.3227849e-01   8.0436013e-02  -3.6679893e-01  -2.1021608e-01  -4.4609925e-02
   5.1807550e-02   1.2671575e-01   4.5940188e-01   4.5703686e-01   2.6107405e-01   0.0000000e+00   1.8200259e-01   7.8416974e-02  -7.3791012e-02   2.1100055e-01  -5.5931489e-02   3.4665746e-01   7.5934424e-02   1.3056379e-02  -5.5901608e-02   2.7046635e-01   2.0264105e-01   2.0963303e-01   5.2630950e-01   3.0437515e-01  -1.7350308e-01   1.7464503e-01   6.2957973e-02   4.6330736e-03   2.3866019e-01   5.9273950e-01   3.9505842e-01  -1.7676064e-01  -1.0661084e-01   2.6873041e-01  -4.0972161e-01   1.9016726e-01  -1.0757324e-02   1.2717984e-01   5.3760933e-02   3.4176142e-01  -1.1518874e-01  -1.2322336e-02   1.6761702e-01   2.3840898e-01  -2.9323325e-02   7.0423126e-02   8.5830802e-02  -1.4741797e-01  -4.1027541e-02   3.9598925e-02   4.3599228e-01  -5.7962719e-02   9.7210745e-02  -2.4523162e-02   2.6970592e-01   3.9337627e-01  -1.9157922e-01   4.2236877e-02  -8.0138520e-02   8.9106430e-02   5.4224751e-01   1.0059123e-01  -1.1312240e-01   1.6347409e-01   4.0398948e-02   1.7474412e-01   8.9747401e-02  -3.6218752e-01  -2.1018639e-01   1.4811227e-02   7.7405349e-01   1.0626039e-01   4.0579835e-01   2.0808499e-01  -1.1942818e-01   2.7432410e-01   1.4693253e-01   1.3131212e-01  -3.6204442e-02   2.0918631e-02   9.7562279e-02   4.1055917e-02   7.8163466e-02   1.0698281e-03   1.1515682e-01   6.1557339e-02  -1.5803793e-01   3.9751581e-01  -2.1377562e-01  -2.5195767e-02  -1.7946583e-01  -1.7602703e-01  -1.4381499e-01  -2.0177715e-01  -2.1230034e-01   1.2005603e-01   3.0827769e-01   1.7801110e-01   1.4045312e-03   1.0414202e-01   4.1021368e-01   5.5119090e-01   2.3816957e-01  -5.3069736e-02  -1.9919723e-01   6.6731933e-02   4.2875149e-02  -6.0408975e-03   2.0798132e-01   3.1761617e-01  -4.7272508e-02   5.7416695e-01   2.9513434e-02   2.5031686e-01   2.1870289e-01   1.8016739e-01   3.0200866e-01  -1.3100765e-01  -2.3262374e-01  -2.4239883e-01   3.8587211e-01   2.7129847e-02  -1.3084397e-01   4.3751893e-01  -3.6936177e-03   7.5283091e-02   1.4192096e-01  -3.5172565e-01   8.5624031e-02   1.3232150e-01   1.1685599e-01   3.3026402e-02   2.2633885e-01   7.4890274e-02  -3.1954066e-01  -1.0809582e-01   6.1411297e-02  -3.7035850e-01   5.0271285e-02   6.8595539e-02   1.7448704e-01  -1.2719721e-01   1.1332381e-01   3.6073575e-02  -1.3000106e-01  -7.0882169e-03  -1.4237532e-01   1.9386209e-01  -2.3577861e-01  -2.0227630e-01   1.5316510e-01   2.0007714e-01   3.4782054e-01  -3.4489770e-01  -1.8517108e-01   9.7716277e-02  -5.9006281e-02  -1.2866645e-01   1.6145184e-01   7.2418863e-02   2.4077828e-03   1.3226179e-02  -5.6502376e-02   2.6387412e-01   1.8531873e-01   2.1555068e-02  -2.4987332e-01   3.2928313e-01   4.1027410e-01   1.0040486e-01   1.6256275e-02   2.9403148e-01  -1.2023312e-01  -5.0614689e-02   1.9822042e-02  -2.9637832e-02   2.5663400e-01   7.2421547e-01  -3.9112197e-01  -2.5416759e-01   3.3163707e-01
  -3.4905480e-01   2.5384813e-01   4.6611317e-01  -1.0036782e-01   2.5299318e-01   1.8200259e-01   0.0000000e+00  -4.7165727e-01  -1.4159179e-02   5.8560939e-01  -2.5776970e-02   7.1915864e-01  -8.5451256e-02  -2.4422157e-01   6.1422095e-01   1.1123007e-01  -1.8692763e-02   1.2656090e-01  -3.4783690e-01   3.6052697e-01   1.4161373e-01  -3.3214347e-01   6.3691643e-01  -2.7074529e-01  -2.5743197e-02  -2.4611359e-01   2.6387686e-01  -1.7556145e-01   6.3031519e-02   3.2902933e-02   1.3725610e-01  -2.9765485e-01  -2.9246351e-01   8.4444946e-01   3.6858533e-01   4.4543865e-01   3.2148184e-01  -3.2311675e-01   1.1772974e-02   3.2636004e-01   2.1119014e-02  -2.0274327e-01   3.7272752e-01  -3.0031516e-01   6.1811141e-01  -3.3517653e-01   7.5940892e-02   5.4598225e-01   1.1761867e-01  -4.6317995e-02   3.7926940e-01  -3.7420358e-01   2.4132954e-01  -1.4084461e-01  -1.7246070e-01  -2.3264725e-01  -3.6501279e-01  -3.7593057e-01  -5.6825245e-02   1.1494117e-02  -3.6839355e-01   4.1796514e-01  -7.8917795e-02   1.0365488e-01   1.3675357e-01   4.9262956e-01   8.9470079e-03  -1.2630886e-01  -2.2870205e-01   3.7029990e-01   4.2005099e-01   1.4782701e-01   1.7416720e-01  -6.4137738e-02  -2.8537330e-01  -3.7383674e-01  -2.8379916e-01  -4.1757865e-01   3.4884357e-01  -2.2035426e-01   9.6846679e-02   2.8179788e-01   2.8074032e-02  -3.6514378e-01  -3.1387542e-01  -2.4339293e-01   4.7371240e-02  -2.2305410e-01  -3.4790474e-01  -4.6824716e-01  -2.1783835e-01  -3.7653794e-01   4.9912278e-01   4.1144424e-01  -3.3650412e-01   2.3250134e-01  -6.2495266e-02  -3.3768925e-01   2.0060708e-01   7.1179790e-01  -1.2810064e-01   3.1464407e-01  -1.4623570e-01  -1.8475866e-01   1.7865440e-01  -2.3781490e-01  -2.8890574e-01  -3.4686235e-01   5.0900761e-01   6.4316663e-02   7.1000957e-01  -1.5049827e-01  -5.7215707e-02  -5.3756459e-01   1.5601585e-01   1.9687902e-01  -3.8768663e-01   9.8809115e-02  -1.9311118e-01  -1.5913484e-01  -4.4896559e-01   2.8068076e-01   4.3543657e-02  -1.7735778e-01  -4.1876060e-01  -1.4126311e-01   5.5368972e-01  -2.1412927e-01  -2.8388731e-01   2.7134892e-01   6.2484355e-02   6.2050298e-01  -3.0087662e-01   2.4790045e-01   3.2225844e-02  -3.7674763e-01  -2.7359269e-01   5.9216622e-02  -3.8506547e-01  -5.1700966e-01  -3.4741685e-01  -1.8409191e-01  -1.9395125e-01   3.1854501e-01   4.1773968e-01   5.3791397e-02   8.1216815e-01   5.1362338e-02   4.5318185e-01   2.8290411e-01  -1.7826404e-01  -2.9492734e-01  -4.1982773e-01  -1.8843037e-01   1.7915652e-01  -3.6159273e-01  -4.8108366e-01   3.2806732e-02  -4.6307634e-01  -9.6037178e-02   1.2739315e-01  -3.5220009e-01   7.0797368e-02   2.1987952e-02  -2.5163851e-01   5.6446067e-01   5.1397194e-01  -1.5005312e-01  -4.5113170e-01  -1.3627477e-01   3.6273339e-01  -4.3321054e-01   1.0835164e-02   6.1267912e-02  -1.1482634e-01  -1.8609200e-01  -2.9884017e-01
   4.6068543e-03  -1.7412313e-02  -1.8496323e-01   8.9263014e-03  -1.8561817e-01   7.8416974e-02  -4.7165727e-01   0.0000000e+00   2.7701521e-01  -4.9340564e-01  -2.7586848e-02  -4.7881021e-01   5.2037138e-02   3.7933521e-02  -3.2891059e-01   1.4073453e-01   9.3420328e-02  -1.9970666e-01   5.4797344e-01  -3.2154191e-01  -1.8814307e-01   5.8735031e-01  -2.0038101e-01   7.6312492e-02  -2.4505706e-02   5.2997815e-01   1.3281397e-01   3.5385265e-01   2.0097225e-01  -2.4531454e-01  -1.6341457e-01   5.2303200e-01   4.2714566e-01  -4.4461037e-01  -3.0535558e-01  -3.9691121e-01  -2.1496358e-01   1.9100965e-01  -2.7115522e-01  -2.0227484e-01  -6.0642395e-02   1.3179661e-01  -2.0715844e-01   3.6009702e-01  -5.5511414e-01   6.5044329e-01  -1.3020131e-01  -2.4487066e-01  -3.0612122e-01  -7.5047853e-02  -1.9957036e-01   8.1188898e-01  -4.4079317e-02  -2.8467561e-01  -1.7687078e-02   4.6690974e-01   5.4749013e-01   6.9634285e-01  -2.5033269e-02  -3.6317097e-02   3.2773319e-01  -3.4661691e-01   2.4654246e-01   8.3877255e-02  -3.5036197e-01  -4.6257744e-01   1.9815476e-01   1.4875214e-01   3.5439233e-01  -1.5532459e-02  -1.3625216e-01  -1.7351746e-01  -1.2740297e-01  -2.6297134e-01  -4.7332219e-02   7.4560929e-01   3.5865251e-01   5.2129728e-01  -3.4808706e-01  -4.9353459e-02   5.0741538e-01  -4.5213000e-01  -9.0485623e-02   7.9249900e-01   1.7937365e-02   6.4219594e-01  -2.7545682e-01  -1.0692125e-01   1.2148031e-01   2.2007946e-01   1.3029371e-01   3.5387409e-01  -3.0436906e-01  -8.7975648e-02   2.0095987e-01  -1.9486869e-01  -8.0336366e-02   5.4741468e-01  -1.7509002e-01  -3.4668435e-01   1.6052853e-01  -1.4904604e-01   4.4728624e-01   3.0996119e-01  -8.4559158e-02   4.5289262e-01  -8.4137209e-02   6.1850648e-01  -4.3808997e-01  -1.9597234e-01  -3.3783081e-01   2.4516593e-01  -2.0864959e-01   3.2569923e-01   7.1643533e-02  -5.8450792e-02   6.0469801e-01  -1.1394721e-01  -3.5953364e-02   8.9133093e-02   4.9351787e-01  -3.4577337e-01  -1.3605445e-01  -8.3458258e-03   6.7349820e-01   7.1445852e-02  -5.3202386e-01  -1.3579147e-01   5.4695514e-01  -1.5190967e-01  -9.0239411e-02  -4.8532043e-01   5.0849278e-02   3.3980447e-02   2.8492105e-01   7.8853824e-01  -5.2032970e-02   2.4911650e-01   8.4259853e-01   4.5603761e-01   2.7022536e-01   1.6489925e-01   2.8322216e-01  -5.0388349e-01  -1.9746701e-01   7.7972983e-02  -3.6406080e-01  -1.0247782e-01  -4.0394888e-01  -2.4284679e-01   1.0385528e-01   7.2845108e-01   2.5485896e-01   2.8038813e-01  -3.1428759e-01   2.3485753e-01   5.8158064e-01  -1.7525398e-01   3.8976908e-01   4.7160734e-01  -1.6872974e-01   5.6936758e-01  -3.1890864e-01  -2.4125427e-01   4.8472689e-01  -2.4992802e-01  -4.0372590e-01   1.7196350e-01   4.0845508e-01   1.1475542e-01  -2.0963189e-01   2.8903975e-01  -9.0805407e-02   5.1370182e-02   2.7511535e-01   1.1482384e-01   5.8761658e-01
  -2.0585235e-01   5.3089001e-01  -3.2961840e-02   1.0402193e-01   1.3196925e-01  -7.3791012e-02  -1.4159179e-02   2.7701521e-01   0.0000000e+00  -2.6021676e-01  -1.8633618e-01  -1.5937182e-01   9.4290442e-02  -2.3124711e-01  -1.6493903e-01  -1.4579038e-01   1.8019589e-01  -2.0648004e-02   2.5284529e-01  -5.3386817e-02  -2.3734815e-01   3.8247334e-01  -5.0123208e-02  -1.5830279e-01   6.6748505e-02   2.3343147e-01   1.4735718e-01   9.7821624e-02   8.7352589e-02  -1.5905287e-01   3.0095482e-03   2.3399533e-01   2.4231567e-01   2.4587197e-03   4.3416606e-02  -1.3501278e-01   2.0074936e-01   9.5197285e-02  -2.0609063e-01   7.3863090e-02   1.0906372e-01  -3.1445184e-02   3.5981199e-01  -1.1226516e-02  -1.5425621e-01   3.3685349e-01  -2.3006549e-01   2.4687679e-01  -1.4230728e-01   2.2212930e-04  -1.9909956e-01   3.4878822e-01   3.3601231e-01  -1.5309368e-01  -2.5877972e-02   1.0093211e-01   1.0478442e-01   3.8240401e-01  -3.2225907e-02   2.1183396e-02   2.3342907e-01   5.3806806e-02   6.6345399e-01   4.1703469e-01   1.0460385e-01  -2.3600300e-01   5.4670890e-02   4.2206390e-01  -7.2623858e-02  -4.4596306e-02   3.2551635e-01  -3.0596930e-02   1.0138184e-01  -2.5366119e-01  -6.2204204e-02   3.1130972e-01   2.3497705e-01   2.0810044e-01   3.9311040e-02   5.0326749e-02   2.6564452e-01  -1.3810159e-01  -9.3481022e-02   2.8895114e-01   8.2612149e-02   2.6330984e-01   2.2700337e-01  -3.0976799e-01   4.0982907e-01  -1.6552331e-01   3.2353552e-01   1.4873815e-01  -1.6487532e-01   4.7133865e-01   8.9448148e-02   1.2040863e-01   7.9643165e-02   1.0290704e-01   9.7584088e-02  -5.1909535e-02   3.0114080e-01  -3.2783438e-01   5.0592062e-02   6.1449800e-01  -1.3989560e-01   2.8448634e-01  -1.3488673e-01   1.6292063e-01  -6.8765717e-02  -2.9700004e-01  -2.0151069e-01  -4.3258365e-02   1.5594732e-02  -4.0848497e-02   1.9721686e-01   3.0431110e-01   1.3867248e-01  -7.1281564e-03  -1.0077067e-01   8.6012405e-02   4.0246068e-02  -4.5459678e-02   9.6842465e-03   2.4041133e-01   2.9942833e-01  -2.5552726e-01  -2.7295393e-01  -8.5898581e-02   2.5856300e-01   3.9251365e-02  -1.5863139e-01  -1.6570518e-01  -6.4060254e-02   1.8516286e-01   6.7500695e-01   3.7935032e-01   5.8710810e-02   3.0444027e-01   3.5163537e-01   4.4029102e-02   1.4726081e-01   2.2057033e-01   5.6844999e-02  -5.1728983e-01  -1.3306813e-01   3.1371748e-02   8.6631193e-02  -7.8027367e-02  -2.2431138e-01   5.5726435e-02   1.0474928e-01   2.6458614e-01  -5.9259454e-02   2.4834445e-01  -3.4312230e-03  -1.1615754e-01   1.7188381e-01  -1.9125754e-01   1.9753947e-01   1.5532061e-01   1.1696155e-01   2.6151446e-01  -1.0744576e-01  -1.6630270e-01   3.4292802e-01  -4.8367332e-02  -3.7388553e-01  -1.5313185e-02   3.6532570e-02   2.3115013e-01  -2.1641845e-02  -3.3675546e-02   3.0017579e-01  -2.9592013e-01   6.7015059e-02  -4.5413804e-02   3.3898380e-01
  -1.5060444e-01   7.1215045e-02   3.3284294e-01  -5.7092836e-02   4.9512531e-01   2.1100055e-01   5.8560939e-01  -4.9340564e-01  -2.6021676e-01   0.0000000e+00   5.9360590e-02   6.3848719e-01   4.3046023e-02  -2.7721415e-01   3.0218665e-01   4.3873198e-02  -9.3955260e-02   1.6745850e-02  -3.4225367e-01   6.7681367e-01  -1.1460806e-01  -5.2775834e-01   2.9013556e-01  -1.8035127e-01  -2.1855331e-02  -3.0970305e-01   1.7679425e-01  -2.9712306e-01  -5.5863881e-02   3.5413564e-02  -1.9981262e-01  -4.0306447e-01  -4.8818037e-01   6.6086527e-01   2.7311854e-01   5.5699641e-01   2.0199803e-01  -2.9294138e-01   9.7589224e-02   1.8728806e-01   1.0610330e-01  -2.5883082e-01   3.6221774e-01  -3.0200783e-01   5.6172728e-01  -4.6749712e-01   1.3805046e-01   3.9791963e-02   1.0654897e-01  -3.1714223e-02   2.1845274e-01  -3.6366462e-01   1.5766447e-01  -4.1109568e-02  -2.1849143e-01  -2.6345999e-01  -3.6093668e-01  -5.4390646e-01  -7.4688431e-03   4.3394661e-03  -3.9426634e-01   5.2625419e-01  -1.4417298e-01  -1.2564326e-01   6.7722500e-02   5.9694900e-01  -7.0261754e-02  -1.0504616e-01  -2.8990276e-01   5.5894324e-02  -7.4867642e-02   1.4020417e-01   2.9548656e-01  -6.9420343e-02  -8.6919515e-02  -3.7653313e-01  -3.5866167e-01  -1.8866435e-01   6.1181712e-01   5.7299334e-02  -2.8739206e-01   4.4822578e-01  -8.2384914e-02  -3.9265257e-01  -3.7969704e-01  -3.5593702e-01  -8.3025107e-02  -2.0881164e-01  -3.3569112e-01  -3.5330808e-01  -6.7070360e-02  -4.0202003e-01   6.4277321e-01   1.9513763e-01  -2.8892888e-01   4.1887982e-01   6.6622396e-02  -3.1832937e-01   3.3515219e-01   5.4433582e-01  -4.2493482e-01   1.9302549e-01  -3.6169121e-01  -3.6531475e-01   2.6090217e-02  -2.9878156e-01  -1.8387149e-01  -3.0578394e-01   6.6002711e-01   3.1937077e-01   5.7789153e-01  -2.5382479e-01   5.5625198e-02  -4.4853072e-01  -2.6292593e-01   2.0906343e-01  -2.2149764e-01   2.5047341e-01   6.5272781e-03  -1.3570503e-01  -4.1754355e-01   5.6264821e-01   1.1931896e-01  -3.1397439e-01  -4.8270880e-01  -1.0384612e-01   5.0301721e-01   6.6345588e-02  -4.7280094e-01  -1.3917109e-03   1.3250740e-01   4.9858443e-01  -1.1303237e-01  -2.2776905e-01  -1.6643850e-01  -3.4337513e-01  -1.0860649e-01  -2.7181028e-01  -3.6940126e-01  -4.3264616e-01  -3.5943327e-01  -2.5972656e-01  -1.7494886e-01   5.0629297e-01   1.2227944e-01  -2.1171919e-01   4.4321300e-01   3.5285421e-01   7.1347874e-01   1.0056426e-02  -2.8740441e-01  -4.7205161e-01  -3.5730861e-01   5.4974821e-02   2.8568655e-01  -2.3779065e-01  -4.8350806e-01   2.1521891e-01  -4.4843833e-01  -2.9576267e-01   2.1150976e-01  -2.9274371e-01   3.0620528e-01   8.6089774e-02  -3.2780866e-01   5.6906566e-01   5.3471674e-01  -1.1367801e-03  -3.9095572e-01   6.0699724e-02   4.5680528e-01  -3.3681235e-01   9.4799676e-02   1.2520842e-01  -1.6895266e-01  -2.5801993e-01  -4.3873186e-01
  -2.8101583e-01  -4.4724632e-01  -3.7785304e-01   7.5045614e-02   1.8695793e-01  -5.5931489e-02  -2.5776970e-02  -2.7586848e-02  -1.8633618e-01   5.9360590e-02   0.0000000e+00  -1.1063599e-01   1.6281601e-01   5.1261661e-03   1.0121696e-01  -9.7274857e-02  -4.2098000e-01   5.4671550e-01  -1.0102419e-01   1.0820294e-01   4.9530555e-01   6.7703518e-02   1.6631558e-01  -1.8440867e-01   8.0861312e-02  -1.7638905e-01  -9.5448566e-03  -3.3724817e-02   1.2927681e-01   4.4692020e-01   2.4523777e-01   3.7164375e-01  -1.4028014e-01  -2.2382667e-01  -3.4852604e-01   5.2004126e-01  -1.0835390e-01  -4.3773114e-01   4.1061261e-02  -3.5906783e-01   3.0535431e-01  -1.5000041e-01  -1.7835510e-01   3.2137349e-01   1.2450574e-01  -2.9276778e-01   6.3202908e-01  -1.1988865e-01   1.5616711e-01  -4.0947163e-01   4.6931871e-01  -1.6638167e-01  -3.9025394e-01  -8.6717384e-02  -2.9273617e-02   1.1145881e-01   1.6984229e-02  -3.1183208e-02   5.1506413e-01   2.0215142e-01  -3.5269942e-01   4.2900021e-02  -2.9551287e-01  -6.4833476e-02   3.7553649e-02   5.5047458e-01  -2.4551310e-02  -1.3935980e-01   4.8615109e-01  -3.9017396e-01  -3.2067414e-01   5.3167242e-01   1.5069276e-01  -7.0143765e-02   2.7661388e-02  -3.6308605e-02  -4.4828283e-01   1.0067310e-01   3.5753170e-02   3.8624947e-01   3.6419286e-03   2.0430112e-01   1.7583847e-02  -7.5708964e-02  -3.8955522e-01   1.0059758e-01  -2.4033862e-01  -3.0195267e-02  -2.5636637e-01  -1.6426807e-01  -2.6015732e-01  -5.1223922e-01  -1.8683767e-01   8.2838856e-02  -4.0674517e-01  -8.8828077e-02  -1.1254918e-01  -6.6934133e-02   2.0296155e-01   5.3580261e-02  -2.1481587e-01   3.7905888e-01   2.6437626e-01  -4.3187268e-02   6.2584821e-01   1.3246507e-01  -2.8769755e-02   1.1309545e-02   1.4340737e-02   2.7460439e-01  -1.3308958e-01   4.5484350e-01  -1.4081103e-01  -1.9032195e-01  -1.6061438e-01  -1.5606503e-01   7.6594573e-02   2.4297168e-01  -2.5225029e-01   1.8998882e-01  -2.3787347e-01   7.0921507e-02  -2.8082028e-01   3.5584952e-02  -1.7032895e-01   9.9058657e-02   2.5040986e-01   1.9353994e-01   1.9130007e-01  -4.4879783e-01   5.5523914e-01   2.6263438e-01  -3.0146092e-01   1.6430612e-01  -3.7117169e-02  -1.4893871e-01   1.1027752e-01   1.3133270e-03  -6.4089197e-02  -3.0247643e-01  -1.4902648e-01   1.9111306e-01   6.4467189e-01  -1.5417944e-01   2.4261005e-01   3.2572175e-01  -2.6576826e-01   3.7897075e-01   3.9159273e-01   1.3212623e-01  -2.9092130e-01   7.1918969e-03  -1.6006056e-01   2.4926760e-01  -4.6099864e-01  -3.2252776e-01  -2.2902710e-01   4.1724948e-01  -3.6223412e-01   1.9518625e-01  -1.5483704e-01   3.8931787e-01   3.4262915e-01   5.4621175e-01  -1.3185524e-01  -1.9392304e-01   4.9244680e-01  -7.6586530e-02  -1.9424495e-01  -3.7172642e-01   1.8612168e-02  -3.6400843e-01   2.6264502e-01  -7.1566858e-03   8.1774088e-02   8.0941072e-02   3.8206355e-02
  -1.6137801e-01   4.2633746e-01   6.1629604e-01   3.1974833e-02   4.2623301e-01   3.4665746e-01   7.1915864e-01  -4.7881021e-01  -1.5937182e-01   6.3848719e-01  -1.1063599e-01   0.0000000e+00  -1.4578528e-01  -2.2064239e-01   4.4377451e-01   7.6485099e-02   1.8585658e-01   1.0580737e-01  -1.9330451e-01   5.8110905e-01  -1.0375749e-01  -4.3166799e-01   1.5840750e-01  -2.3728435e-01   1.6870051e-01  -1.5513364e-01   1.6506096e-01  -3.6056837e-01  -1.3908655e-01   1.9021357e-01  -7.5911798e-02  -4.6760759e-01  -4.4677634e-01   7.5599857e-01   5.9327772e-01   4.4091658e-01   1.8375456e-01  -3.0451686e-01   1.0390315e-01   2.9873406e-01   4.2297241e-02  -1.9026669e-01   4.9976444e-01  -3.4353059e-01   5.2238453e-01  -4.7434376e-01   1.4652958e-01   3.6287795e-01   5.9055013e-02   5.9946622e-02   1.7006955e-01  -3.0144182e-01   2.1295711e-01   9.6096750e-02  -2.0809569e-01  -2.4859867e-01  -1.6493194e-01  -5.2502663e-01  -1.6453940e-01   1.7775406e-01  -3.1074018e-01   5.0629513e-01  -4.1265513e-03   4.1099016e-03   1.7052367e-01   4.2778040e-01   1.6079701e-01  -1.2765188e-02  -2.0232138e-01   1.6338656e-01   2.2829449e-01   1.0783603e-01   2.2542373e-01   9.5577086e-02  -1.1690640e-01  -3.9296389e-01  -2.6296528e-01  -4.2141334e-01   5.6124424e-01  -1.2442966e-01  -2.5015543e-01   3.4813870e-01  -2.3250273e-02  -3.5294853e-01  -1.8581058e-01  -4.2084534e-01  -6.5801872e-03  -2.5187786e-01  -2.3419838e-01  -4.7904390e-01  -4.0220057e-02  -2.8207426e-01   7.5445678e-01   3.4360762e-01  -3.1767585e-01   4.4304265e-01   1.7297669e-01  -1.7898310e-01   4.1018895e-01   3.5629357e-01  -3.0174352e-01   2.8473305e-01  -3.0173280e-01  -3.0494983e-01  -1.4380862e-02  -1.7014609e-01  -7.7618397e-02  -1.9719794e-01   4.7766534e-01   2.5148139e-01   6.6632720e-01  -3.2478508e-01   1.3683889e-01  -5.0185192e-01  -2.2597354e-01   2.6662836e-01  -2.4890863e-01   8.0116885e-02   1.5213431e-02  -1.4357872e-01  -4.1269515e-01   4.9514053e-01   3.6648354e-01  -1.8744731e-01  -4.6687339e-01  -4.4802221e-02   5.7698097e-01  -3.2152103e-02  -4.0213842e-01   1.5558049e-01  -1.0046143e-01   4.5985072e-01   1.9036409e-02  -5.6029764e-02   1.4550495e-02  -3.4978676e-01  -2.1810911e-02  -2.5526048e-01  -3.8603366e-01  -4.7400442e-01  -4.0337813e-01  -3.2591285e-01  -2.1721769e-01   5.8283703e-01   1.6237736e-01  -2.2390390e-01   5.9244405e-01   1.1858425e-01   5.4115409e-01   1.1233968e-01  -2.6778801e-01  -4.2709373e-01  -3.3209764e-01  -1.4836995e-01   4.2999087e-01  -2.9410788e-01  -4.5484835e-01   2.6044392e-02  -4.4589520e-01  -2.9114854e-01   3.3538211e-01  -4.4061880e-01   1.5633770e-01   1.4869992e-01  -2.0463134e-01   7.3540362e-01   4.5567974e-01  -4.0422553e-02  -3.8279100e-01   2.1184233e-01   5.9755391e-01  -3.7705153e-01   5.1427034e-02   3.5378091e-01  -3.0992474e-01  -3.3753023e-01  -3.0240174e-01
  -1.7844842e-01  -2.0140070e-01  -7.7690295e-02   2.5964894e-01   2.0056443e-01   7.5934424e-02  -8.5451256e-02   5.2037138e-02   9.4290442e-02   4.3046023e-02   1.6281601e-01  -1.4578528e-01   0.0000000e+00  -1.1987673e-01  -3.1163636e-01   8.2485949e-02  -9.0237175e-02   1.5858385e-01   8.1769298e-03   2.6987314e-01  -1.1265117e-01   1.7253287e-01   2.1999605e-02  -5.2716911e-02   1.4882211e-01   1.5222968e-01   6.7861781e-02  -1.1425292e-01   1.6334446e-01  -2.1729297e-02  -2.2458817e-01   2.2335126e-01   4.0964786e-02  -1.6328618e-01  -1.8416310e-01   3.1472605e-01  -7.6649182e-02  -1.2182633e-01   3.2846417e-01  -8.8918300e-04   6.7229118e-01   1.3225062e-01   1.2230290e-01   1.1029931e-01   1.0346725e-02  -2.4313359e-02   1.9515132e-01  -3.5820562e-01  -4.3149113e-02  -3.8128454e-02   9.4061187e-02   1.7836053e-01  -1.2787646e-01   1.2416051e-01   1.6578147e-02   8.5873720e-02  -5.9681378e-02   1.6860180e-01   2.0790259e-01  -8.0897441e-02  -1.3477736e-01   1.2962695e-01   1.6495246e-01  -1.9512397e-01  -8.8990599e-02   2.5556465e-02   8.3331198e-02   2.6898387e-01   1.2145140e-01  -1.7138801e-01  -2.0765288e-01   1.8236930e-01   4.6334763e-01  -1.5895783e-02   3.9298780e-01   4.9301017e-02  -1.3187941e-01   2.3854000e-01   1.1518064e-01   5.0570115e-01   4.2450357e-02   3.2078143e-01  -7.3770090e-02   5.2848303e-02  -1.3443864e-01   7.5396991e-02  -3.7245883e-03  -1.1334823e-01   1.4694153e-01  -7.9897705e-02   6.9719636e-02  -3.9939588e-02  -4.8959258e-02  -3.9563178e-02  -1.5870942e-01   1.4117098e-01   3.9648487e-01   3.8970726e-02   2.3640050e-01  -1.7765046e-03  -2.0519246e-01  -2.1893811e-02  -1.4807809e-01  -5.8271336e-03   1.5389128e-01   1.6837179e-01  -4.3536765e-02   9.1478696e-02   1.5307212e-01  -4.8043965e-02  -5.1999227e-02   1.2844144e-02   2.8055939e-01  -8.7923476e-02  -8.2983997e-02  -1.7761252e-01   2.0281453e-01   6.0446001e-01  -1.5141802e-01   2.4520365e-01  -8.2495604e-02   1.5663113e-01   6.6559912e-02  -1.7072197e-01  -4.8277975e-03  -1.4857250e-01  -1.6575306e-02   3.6723913e-01   1.6970196e-01  -2.0900033e-01   2.6242067e-01  -1.2752244e-01  -2.3960009e-01  -1.3994971e-01   2.4338034e-01   7.8739967e-02   3.9605168e-01  -7.1751978e-02   9.2065010e-02   4.2432263e-02   4.5124385e-03   4.3668273e-01  -2.9242844e-02  -1.6921335e-01  -1.7720890e-01  -1.2285483e-01  -1.0537687e-01   2.0436978e-01   1.8114467e-01  -1.2459812e-01  -1.1488759e-01  -4.1806034e-02  -8.8056637e-02   1.0035372e-01  -8.1842085e-02  -9.6610184e-02  -1.4508546e-01   2.8803129e-01  -5.3534075e-02   6.2431044e-02   2.2831294e-01   1.1237425e-01  -5.2522177e-02   1.5439248e-01   2.6988288e-01  -1.7133762e-01   1.7887951e-02  -8.9949324e-02  -2.1468334e-01  -1.3215798e-01  -5.6651542e-02  -1.1781595e-01   3.1539000e-01  -1.3378606e-01  -1.6330962e-01  -6.0591703e-03   1.9014358e-01
   4.9243242e-01  -2.1855142e-01  -2.8504025e-01   2.1439592e-01  -4.8635272e-01   1.3056379e-02  -2.4422157e-01   3.7933521e-02  -2.3124711e-01  -2.7721415e-01   5.1261661e-03  -2.2064239e-01  -1.1987673e-01   0.0000000e+00   9.7457773e-02  -1.0254853e-01  -1.3398388e-01   2.1522817e-01   5.3345205e-02  -4.2219492e-01   3.6645046e-01   1.9826765e-01   3.5492790e-02   4.7821858e-01   3.9688291e-02   1.4495766e-01  -4.1735120e-01   2.1552443e-01   3.7381167e-02   4.3888462e-01   2.3698555e-01   1.1950714e-01   1.0529263e-01  -2.5333026e-01  -1.5037592e-01  -1.8886526e-01  -1.0200704e-01   2.0307879e-01  -7.9703953e-02  -8.5920606e-02  -1.8456755e-01   4.8767776e-02  -3.2402965e-01   3.7500266e-01  -6.3314321e-02   7.2103797e-02   2.0887664e-01   2.8510781e-03   2.0655340e-01  -1.9702837e-01   2.0329916e-01   4.4334665e-02  -2.7045718e-01   2.6097038e-02   4.9660405e-01   2.7268040e-01   1.6483609e-01   1.2242670e-01   1.8562354e-01   3.5013556e-01   1.4956679e-01  -3.2493289e-01  -3.6603826e-01   5.1910246e-02   9.8987418e-02  -2.2736847e-01   1.1772016e-01  -2.0658110e-01   2.2718681e-01   7.1795611e-02  -5.8842737e-02   1.1942093e-01  -1.8575152e-01   4.1368743e-01   2.3175543e-02   4.6797468e-02   1.3455196e-01  -2.1318615e-02  -4.4800076e-01  -4.8024171e-02   8.2708936e-02  -1.4964441e-01   3.4973812e-01  -1.7862565e-02   3.6099333e-01   1.0303552e-01   2.1111134e-01   5.1759712e-01  -1.4643583e-01   4.6098849e-01  -4.0470832e-01   1.5340041e-01  -3.0829130e-01  -1.7336584e-01   2.2040183e-01  -5.2635505e-01   1.3917853e-01   9.1004138e-02  -3.8173013e-01  -5.7648644e-02   4.0193968e-01   2.6647396e-01   3.4416959e-01   2.7500401e-01   1.7368960e-01   1.7602981e-01   2.0177261e-01   5.4651658e-02  -3.3475470e-01   5.1013361e-02  -2.4146371e-01   2.7341057e-01   1.1352477e-01   4.1461583e-01   2.5669807e-01  -4.7897963e-01   1.5746494e-01  -2.0174762e-01   3.0013979e-01   3.2255415e-01   3.0197003e-01  -5.0137054e-01  -1.4328111e-01   2.6088258e-01   1.6632308e-01   6.2036335e-01   1.0787879e-02  -1.3719377e-02   1.6421163e-01   8.9017471e-02  -3.7198835e-01  -1.1179095e-01   3.5437072e-01   1.7347624e-01  -2.6057818e-01  -1.2873037e-01   1.1151806e-01   2.9374952e-01  -2.0722314e-02   3.3993345e-01   2.8283767e-01  -9.0471233e-03   1.4308293e-01   5.6953394e-02   8.4793537e-02   4.0963658e-01  -3.3089343e-01  -2.2897578e-01  -2.4874774e-01   1.2264058e-01   3.4682813e-01   1.9824062e-01   2.2866463e-01  -2.1100137e-01  -3.2122183e-01   2.8671800e-01   2.7230306e-01   1.2638967e-01   2.0707478e-01   1.3913187e-01  -1.3277533e-01   3.3647522e-02  -1.4522477e-01   2.7310567e-01   8.7615929e-02  -3.8199407e-01  -1.5510386e-01   2.7776454e-01   3.2819876e-01  -2.4724072e-01  -4.3057244e-01   2.9199621e-01  -1.0840941e-01   1.3720244e-01  -9.8726847e-02  -8.2643290e-02   2.6180780e-02
