   0.0000000e+00   7.6949500e-02   1.2793917e-01  -4.7486851e-02  -2.5856745e-01   1.0385509e-01  -2.0312502e-01   2.5882046e-01   1.5445570e-01  -4.9648599e-01  -2.7214332e-01  -7.7228883e-02   8.8522957e-04  -5.5348278e-02  -2.2610672e-01  -1.4116669e-01   3.9131490e-01  -3.0589032e-01   3.4129369e-01  -1.9045077e-01  -3.9453475e-01   4.4041064e-02  -3.5915618e-01   8.2196537e-01   1.0917878e-01   3.1617859e-01  -1.2545884e-01   7.9614933e-02   2.0922394e-01   2.5162789e-02  -3.4029252e-01   5.8187288e-02  -1.4263823e-01  -4.3181965e-01   2.1757568e-01  -3.7507205e-01  -2.1801928e-01   5.5845225e-01  -4.0974308e-01  -2.5179816e-01  -1.0809988e-01   3.2010763e-01  -1.5194276e-01  -2.1184775e-01   7.0116531e-02   8.0885895e-01  -3.7729461e-01  -4.0225465e-01  -5.8216188e-02  -4.1932276e-02  -2.1040901e-01   2.5140893e-01  -3.5388981e-01   1.0464607e-01   2.1948827e-01  -4.8452914e-01   3.5075714e-01   8.4371317e-02  -6.9725475e-02   3.1752455e-01   4.9535842e-01   6.5834660e-02   1.1077253e-01  -1.0536170e-01  -2.5278964e-02  -3.0250125e-01   3.1046616e-02   1.0656637e-01  -4.3749812e-02   3.1506213e-01  -3.3540407e-01  -7.1037407e-03  -4.3861730e-01   2.8826105e-01  -2.7667462e-02   1.6759348e-01   4.8516047e-01  -1.7046836e-01  -1.7842732e-01  -1.3098509e-01  -1.3483660e-02  -3.2698757e-01  -5.2842707e-01   3.6860030e-01  -2.7091678e-01   8.6049857e-02  -1.9047946e-01   4.9161504e-01  -2.9460288e-03   7.3288350e-01  -1.9969023e-01   3.7247991e-01  -4.6069069e-01   2.1283982e-01   4.2545370e-01  -1.3452877e-01  -1.2934053e-02   3.1145944e-01  -4.8238686e-02  -2.2751815e-01  -2.4449204e-01  -2.1475379e-01  -1.3644401e-01   4.2675029e-01  -7.7970788e-02   7.2409493e-02   1.0327380e-02   1.9751610e-01  -2.1603506e-01  -4.0027133e-01  -5.6544532e-01   5.9733670e-02  -4.3251329e-02   8.1622891e-01  -3.7161109e-01  -2.0669868e-01  -6.4247029e-02  -1.8673900e-01  -3.2009496e-01  -3.8329544e-02   5.9258866e-01  -1.2006623e-01  -1.7432493e-01   7.6210233e-03   8.3751758e-01   6.5678062e-01   2.1720556e-02  -7.0436179e-02   4.9246160e-02  -8.1088640e-02  -2.2797781e-01  -4.0511458e-01   5.9648429e-01  -3.9490368e-01   1.7478982e-01   1.0862534e-01  -1.2468218e-01  -4.6974727e-01   9.0327353e-02   6.5129290e-01   7.5465685e-01  -1.0542681e-01   3.8780757e-02  -3.5678970e-01  -1.7818255e-01  -2.1782517e-01  -3.3043795e-01  -8.5656623e-02  -3.8101995e-01  -2.1979063e-01  -4.0102419e-01  -3.0871232e-01   5.0620612e-01  -2.2303326e-01  -2.7590896e-01   6.7320864e-01   6.3212709e-01  -3.5454169e-02   4.4144885e-01  -3.1408491e-02   1.0818051e-01   1.0148356e-01  -3.4547995e-01  -2.1942790e-02   1.1177528e-01  -1.8440060e-01  -3.8244332e-01   3.6441641e-01   4.4050787e-01  -4.5999205e-01  -5.5382785e-02   4.6401497e-01  -1.2547293e-01   1.3435097e-01   9.9287953e-02   3.5888706e-02   8.4259184e-02
   7.6949500e-02   0.0000000e+00   1.6727203e-01  -2.8433145e-01   5.3385806e-01  -3.6804491e-01  -3.0187234e-01  -2.6172259e-01   7.4883257e-01   1.3707942e-01  -3.1710760e-01   6.7773081e-01  -2.0380373e-02  -5.0192641e-01  -4.9860811e-01  -7.9203672e-02   1.3600838e-01  -2.8682677e-01  -1.5837399e-01   4.2556059e-01  -3.7612965e-01  -1.3642150e-01  -2.4993721e-01  -3.6395057e-02   3.3392020e-02  -2.6902042e-02   3.1619875e-01  -3.8764679e-01   2.0178342e-01  -2.1821887e-01  -1.6933353e-01  -3.5052339e-01   1.7335483e-02   3.2459652e-01   5.8963809e-01   2.3546161e-01  -1.1314738e-01  -4.8976784e-02   5.5214837e-02   1.7279202e-01  -1.6334375e-02  -1.0174313e-01   5.6686074e-01  -3.6939575e-01   1.0202286e-01  -1.5323484e-01  -2.4602641e-01  -1.6281015e-02   2.2870689e-01   4.8766996e-01  -2.9676481e-01  -2.6913384e-01   5.3819419e-01  -1.6271787e-01   3.3247375e-02  -3.8094200e-01   2.9174065e-02  -3.3963954e-01  -2.9029185e-02  -1.0024217e-01  -2.7033784e-01   1.0964754e-01   5.4962037e-01   1.0534235e-01   4.5681286e-01  -1.1241161e-01  -4.4226646e-01   6.1586245e-02  -4.2425393e-01  -9.1584233e-02   6.2953515e-01  -3.2754688e-01   3.1229788e-02   2.8536452e-01  -6.1413008e-02  -2.3581359e-01  -2.0492957e-01  -2.0861141e-01   6.5603857e-01   2.3718908e-02  -2.0636554e-01  -8.8744762e-02  -2.0559836e-01  -5.1974671e-02   1.6892462e-02  -3.1309493e-01   3.6692735e-01  -5.3485262e-02   3.7559126e-01  -7.8193726e-02   6.4594316e-01  -2.9680050e-01   2.4039996e-01   3.1560114e-01  -2.3622291e-01   5.0295932e-01   8.3967513e-03  -1.6620548e-01   1.5505480e-02   1.7950485e-01  -3.5940976e-01  -1.2128687e-01  -3.4352222e-01   2.7117723e-01  -4.7590680e-01  -3.5279427e-01  -1.9798890e-01  -2.7757401e-01  -1.2538603e-01  -1.1558128e-01  -1.3144887e-01  -2.7464138e-01  -1.2168273e-01  -8.9682776e-02  -3.6383416e-01   6.7234566e-01  -1.9792981e-01  -7.1950345e-03  -2.9137680e-01  -3.0165444e-01  -2.0271661e-01   6.6135964e-01   1.9749793e-01   1.5547815e-01  -1.5973449e-01  -1.5830222e-02  -1.8275450e-02  -6.1357800e-02  -3.2605326e-01   3.0078916e-01   9.0477700e-02  -1.2126661e-01   4.1383248e-01  -1.6098368e-01   2.5682399e-01  -3.2265437e-01  -1.1647257e-01  -2.8159365e-01  -3.0026027e-01  -1.2327853e-01  -7.2486918e-02  -3.0495257e-03  -3.0095675e-01  -5.6115814e-02   1.1425320e-01  -1.4023686e-01   2.6255713e-01   3.6397273e-01  -2.0466731e-01   3.9652723e-01  -1.7454501e-01  -4.2821126e-01  -1.3297587e-01   3.1901262e-01   4.5811657e-01  -1.8930309e-01  -2.6395710e-01  -1.1076743e-01  -1.6878123e-01  -2.3385430e-01   1.5583731e-01  -2.9572317e-01   2.0464038e-01  -2.8450100e-01  -2.4899966e-01   5.7742707e-01   1.2288407e-01  -1.0674568e-01  -1.2750261e-01   3.7671145e-02   7.1016648e-01  -1.6268945e-01   2.9973503e-02  -8.5296437e-02  -1.7474248e-01   1.0124137e-01  -2.2128485e-01
   1.2793917e-01   1.6727203e-01   0.0000000e+00  -1.1845503e-01   6.2708305e-02   3.2157901e-01  -3.5777072e-01  -1.4243358e-01   1.7090967e-01   1.0002512e-02  -3.7026515e-01   1.8645018e-01  -2.4330114e-01  -2.8282757e-02  -2.4311433e-01   1.3141145e-01   8.2900467e-01  -3.5231924e-01   7.3101904e-02   1.1572890e-01  -4.1716631e-01  -1.7459476e-01  -3.0976374e-01   2.4089474e-01   6.0904426e-02   9.9904231e-03   3.0496058e-01   1.3321746e-02   1.5676834e-01  -1.3709245e-01  -2.4359994e-01  -1.7131140e-01   2.5566018e-01  -8.6356032e-02   2.5235622e-01  -1.1739961e-01  -2.4485537e-01   1.4201350e-01   1.0933014e-02   4.6053505e-01  -1.8303218e-01   4.3292542e-01   2.2964939e-01  -8.1915664e-02  -3.1702931e-01   3.4366936e-01  -1.7766988e-01  -3.1447941e-01  -8.4150750e-02   6.0105616e-01  -2.8931452e-01  -7.1603531e-02  -1.3263301e-01   3.4545567e-01   1.8261860e-01  -4.2268975e-03   4.7083796e-02  -2.8845353e-01  -1.0758677e-01  -1.2131818e-01   3.1219903e-01  -1.4105439e-01   2.5355749e-01  -1.4011974e-01  -2.5390209e-01  -4.2627244e-01   2.3543732e-01  -1.0307372e-02  -9.9376577e-02   6.8955903e-01   2.1466121e-01  -2.9658275e-01  -1.6519297e-01   6.3534997e-01   9.2473140e-02  -1.2183045e-01   3.2009972e-01  -2.0747662e-01   1.7587902e-02  -6.6911770e-02  -2.8238686e-01  -1.8803286e-01  -2.0885055e-01  -8.7964049e-02   3.0210113e-01  -1.7058332e-01   3.3102038e-02   3.2611205e-01   7.8973564e-02   2.8375328e-01   1.8278809e-01   4.4245131e-01   9.5964001e-02   6.6666860e-02   1.9877251e-01   2.7356946e-01  -1.1270361e-01   2.7155805e-02   3.4413206e-02  -3.2384699e-01   1.2249904e-02  -6.8990823e-02  -2.6123620e-01   1.6164094e-01  -3.7817890e-01  -8.6933819e-02   2.4826354e-01   3.8789913e-03  -1.5465211e-01  -2.0098599e-01   1.2385327e-01  -2.0235652e-01  -3.5692034e-01   1.8539207e-01   1.2190615e-01   8.6577524e-02  -1.5605713e-03  -2.6962339e-01   2.4686038e-02  -1.2376943e-01   3.2317685e-01   2.4513679e-01   3.0739981e-01  -1.4686892e-01   2.3281350e-01   2.4132080e-01  -3.9211714e-01   1.1382612e-01  -1.7611054e-01   5.5579843e-01  -6.3940492e-02  -4.1783671e-01   2.7583472e-01  -3.7803941e-01   2.6351048e-01  -2.2114135e-01   1.9392614e-02  -2.3717227e-01  -1.9939303e-01   1.9115308e-01   2.6021034e-01  -2.3580163e-01  -2.5439894e-01   2.7923908e-01  -3.7235190e-01  -4.1616914e-01   9.4879191e-02  -1.8228860e-01  -2.0852088e-01  -3.4252326e-01   2.7695080e-01  -3.3669101e-01   4.0782459e-01  -6.4247348e-02   5.7430621e-01   2.7653165e-01   2.6717206e-01  -1.3306504e-01   4.1002548e-01  -2.3491803e-01  -9.7202729e-02  -1.6196575e-01  -3.2441366e-01  -3.1584080e-01  -3.3274804e-03   6.4415174e-02  -1.2135664e-01   1.2205252e-01   3.8462548e-01  -4.5612514e-02   1.4787905e-02   1.2620293e-01  -4.4717484e-01   3.2365249e-01   7.4665234e-02   1.9069761e-01  -6.7018391e-03
  -4.7486851e-02  -2.8433145e-01  -1.1845503e-01   0.0000000e+00  -1.9449400e-01   4.1902628e-01   1.0516663e-01   5.5600237e-01   1.8683763e-02  -1.7132766e-01   3.4727740e-01  -2.3608433e-01   7.0370727e-02   1.4185968e-01   3.2360597e-01   1.2152500e-01  -1.2392876e-01   4.6288836e-01   9.6087665e-02  -2.7995643e-01   1.2054497e-01   5.9858768e-01   5.0649810e-02  -1.0260464e-01   1.3032769e-01   4.1635498e-01  -1.4587171e-01   1.7207163e-01   5.8103381e-02   5.8946400e-01   6.4197167e-02   7.3201566e-01   3.1859626e-02  -1.2596044e-01  -2.5680876e-02  -7.8212461e-02   1.7945436e-01  -1.8868002e-01  -4.1154076e-02  -3.9445878e-01   4.1310989e-01  -7.3417697e-02  -1.6105295e-01   3.6072771e-01   9.3475559e-02  -3.3538144e-02   2.9070845e-01   3.4696581e-02  -3.2780245e-02  -3.7849721e-01   4.9049059e-01   5.3181602e-01  -1.7670950e-01  -6.7176749e-03   4.0830398e-02   1.4491144e-01   1.3305102e-01   5.8125527e-01   7.0348176e-01   4.8673187e-01  -1.5152799e-02   5.3782078e-02   1.2934275e-01  -8.6685435e-02  -1.0178219e-01   1.0451228e-01   3.7452729e-01   3.4045002e-01   6.4524213e-01  -1.1056499e-01  -3.3565098e-01   6.5423818e-01   3.3542887e-01  -3.3194446e-01   1.8694612e-01   5.6368067e-01  -1.8175765e-02   3.9585017e-01  -3.3143695e-01   5.1105712e-01   4.8542439e-02   2.1067997e-01  -8.0217303e-02   3.1835605e-01  -4.4787306e-01   5.9249856e-01  -1.9291172e-01  -3.0729486e-02  -1.8057953e-01  -2.2912319e-01  -3.0118417e-01   1.9524147e-02  -2.9787885e-01   2.8569747e-01  -1.7403306e-01  -3.9668548e-01   4.2873512e-01   3.9830710e-01   3.1158360e-01  -6.5858119e-02  -2.7602194e-01   2.5250782e-01   5.0830939e-01   1.5910772e-01   5.9431504e-01   7.1670440e-01   2.6114651e-02   6.1858779e-01  -1.1315398e-01   1.0640756e-01  -2.3305639e-01   6.3109215e-01   7.0566702e-01  -1.9016854e-01  -1.9508918e-01  -2.9845060e-01   4.3786876e-01   3.3606725e-01  -1.9493433e-01   7.3216900e-01   1.8600075e-01  -3.6648312e-01  -7.5081257e-02   6.3663931e-04   1.0717077e-02   1.5709104e-02   3.3925137e-01   1.2805946e-01   6.6872177e-01  -3.8222042e-01  -6.1451166e-02   5.6929328e-02  -5.3430830e-02   9.5399325e-02   2.3539381e-01   5.2642092e-01   3.1691894e-01  -4.8068247e-02   5.5588021e-01   1.6922758e-02   6.7547568e-03  -7.4837522e-02   5.7760332e-01  -2.1335141e-01   1.6188140e-01   4.9278692e-01  -2.9040318e-01   2.0726893e-02   2.4841492e-02  -8.6021271e-02  -3.8514885e-01   2.7719040e-01   3.8188523e-02   6.8223959e-02  -4.7609925e-01   7.7752722e-02   1.7792625e-01   6.9555445e-01  -5.2218560e-02   4.8369702e-01   2.1521374e-01   5.6100996e-01   8.0565624e-02   6.3560565e-01   6.5070348e-01  -3.3145470e-01   4.8300065e-03   2.0989581e-01   4.1192444e-02  -1.9040723e-01  -2.2348217e-01  -1.7753259e-01   3.5721373e-01   9.9616465e-02   2.8210811e-01  -1.5200453e-01   6.4370083e-01
  -2.5856745e-01   5.3385806e-01   6.2708305e-02  -1.9449400e-01   0.0000000e+00  -3.1663344e-01  -8.1399730e-03  -4.5124579e-01   3.5434397e-01   4.2170272e-01  -2.2561153e-01   5.2531037e-01   2.3542739e-01  -3.2064325e-01  -4.1656067e-01   1.7527050e-01  -2.9361300e-02  -1.4397458e-01  -4.0438435e-01   7.5104208e-01  -7.4039078e-02  -2.5705730e-01   4.9551151e-02  -2.9238212e-01   3.2287801e-02  -2.9216895e-01   5.8184811e-01  -4.7993961e-01   1.9433010e-01  -2.1667359e-01  -2.3389068e-01  -2.7441673e-01   1.6963570e-01   3.9129688e-01   2.2683159e-01   7.0990632e-01   4.9436637e-02  -2.6507185e-01   3.8044813e-01   4.2215909e-01   2.0324836e-01  -1.2929288e-01   4.6492958e-01  -3.6932661e-01   3.6435841e-01  -4.5701666e-01   1.7421720e-01   2.0905933e-01   5.9976838e-01   3.5085687e-01  -8.2819656e-02  -3.8939546e-01   4.4648807e-01   8.0191379e-02  -1.1681263e-01  -1.7524789e-01  -3.2258062e-01  -2.4253052e-01  -4.5794852e-02  -3.8399070e-01  -4.6784614e-01   5.6500990e-01   1.9813818e-01  -1.7257673e-01   4.0521559e-01   4.1892090e-02  -1.3918620e-01   8.6080128e-02  -3.3320003e-01  -1.5852535e-01   5.5358598e-01  -9.7812534e-02   2.8458518e-01   1.2163834e-01   2.2303215e-01  -3.0933449e-01  -4.5753544e-01  -2.5758196e-01   7.0964796e-01   1.4368932e-01  -2.3951553e-01   1.3775466e-01  -4.1945267e-02  -3.3965191e-01   1.5633857e-01  -3.4054314e-01   3.1422512e-01  -2.6829176e-01   3.7533894e-01  -3.5672404e-01   8.2094286e-01  -4.4575337e-01   4.5481022e-01  -1.1017522e-01  -2.9926909e-01   7.1719828e-01   3.5930155e-01  -4.8759425e-01   3.7717765e-01   2.8030656e-01  -3.8711664e-01  -4.2752969e-02  -3.6789233e-01  -2.0876617e-01  -2.6134736e-01  -2.7385867e-01   1.9582875e-02  -4.5144132e-01   2.1742091e-01   1.9611485e-01   1.8097855e-01  -3.0921687e-01  -9.8837985e-03  -3.0773194e-01  -1.9874591e-01   6.4602472e-01  -1.5466535e-01   1.9633692e-01  -2.2916460e-01  -2.4057303e-01  -4.3084797e-01   6.9995041e-01   2.9084537e-01  -8.3185595e-02  -4.6993487e-01  -3.9057346e-01   1.4437220e-01   1.3031707e-01  -2.6133199e-01   2.3766203e-01   4.8243345e-01   5.9911555e-02  -9.6260597e-02  -1.8867787e-01  -3.2104314e-03  -3.4486746e-01   9.9755671e-02  -1.5796380e-01  -2.9863611e-01  -2.4192501e-01  -2.9960722e-01   3.2320242e-01  -3.2916651e-01   7.2366903e-02   1.7018371e-02  -2.9886925e-01   4.3628553e-01   3.5491661e-01   8.2064349e-02   2.4659176e-01   1.1441960e-01  -2.9754596e-01  -2.8079453e-01   2.3134491e-01   4.9404952e-01  -3.6990567e-01  -4.2025461e-01  -1.2124887e-01  -3.3398457e-01  -2.0852163e-01   2.9217081e-01  -3.4609839e-01   2.3455190e-01  -2.6565396e-01  -1.7274028e-01   5.7374891e-01   2.4110739e-01  -3.0313088e-01  -2.1930766e-01   2.4393456e-01   6.3630728e-01  -3.1237570e-01   1.5295912e-01  -5.8335023e-02  -1.6197385e-01   7.0100302e-02  -3.3335994e-01
   1.0385509e-01  -3.6804491e-01   3.2157901e-01   4.1902628e-01  -3.1663344e-01   0.0000000e+00   1.9698806e-01   5.0980416e-01  -2.0491029e-01  -1.6292475e-01  -3.2666565e-02  -1.0722329e-01   8.9649494e-03   2.2564310e-01   1.9170053e-01   1.9320943e-01   2.6371118e-01   2.9225138e-02   2.6055253e-01  -2.5047373e-01  -4.2421301e-02   3.8439222e-01   3.8786806e-02   1.4651738e-01  -3.3553922e-02   4.2265705e-01   4.8884498e-02   3.9590309e-01  -6.5511181e-03   4.6862188e-01  -1.6042676e-01   4.4284839e-01   1.1089568e-01  -2.1953202e-01  -4.8067845e-02  -1.6938108e-01  -1.1261470e-01   1.3226724e-02  -1.1161965e-01  -2.4453301e-02   1.7778212e-01   1.1445855e-01  -9.7566496e-02   4.8058631e-01  -2.0516805e-01   2.7418390e-01   1.6995045e-01   6.0910372e-03  -1.7855452e-01  -1.6451818e-01   1.6693389e-01   5.0036678e-01  -4.3348859e-01   6.0269125e-02  -1.9872943e-02   3.5703714e-01   2.6683923e-01   2.7410583e-01   2.0370781e-01   3.1068510e-01   3.4117101e-01  -1.7493036e-01  -6.2496615e-02  -2.5031270e-01  -5.1467661e-01  -4.6928602e-02   8.2560974e-01   1.0718466e-01   5.9096418e-01   3.5794198e-01  -3.7054345e-01   2.1560366e-01  -1.5611324e-03   1.2826691e-01   3.5743048e-02   4.3450746e-01   2.4016320e-01   3.5627083e-01  -4.7697166e-01  -6.6186040e-02   7.0561841e-02  -3.2644760e-02   5.1790288e-02   3.7510328e-01  -1.9177656e-01   4.1515356e-01  -3.5060642e-01   3.3834266e-01  -3.4060978e-01   9.1888670e-02  -3.1912026e-01   3.8590292e-01  -2.0715632e-01   1.5546055e-01   1.0793816e-01  -3.0336076e-01   8.2789360e-02   5.6125629e-01   5.0739545e-02  -2.7850626e-01   2.1840305e-02   1.3852753e-01   3.4460932e-01   3.0625172e-02   3.6162019e-01   4.9460367e-01   1.7889786e-02   6.9920144e-01  -2.0931842e-01   1.6567399e-01   3.7638636e-02   4.1010178e-01   2.4680611e-01   5.6854798e-02   1.2746495e-01  -4.0272999e-01   5.3603731e-01   1.3741141e-01   1.1885006e-01   3.5196801e-01   3.2036029e-01  -3.6315970e-01  -8.9323045e-02  -2.9966723e-01   2.5592003e-01   2.5864121e-01  -1.4841731e-02  -1.7979388e-01   4.9377624e-01  -6.6013605e-02  -1.4681211e-01  -2.4697149e-01   6.4304802e-02  -1.6101964e-01   2.7124920e-01   4.4065931e-01  -9.2209988e-03  -6.2569682e-02   4.0207174e-01   2.4254924e-01   1.9851439e-01  -1.0708155e-01   2.9637286e-01   2.0037325e-01  -1.4089954e-01   1.0334514e-01  -1.9257624e-01  -2.1958260e-01   1.6294775e-01  -3.6704222e-01   4.3591756e-03   2.2921884e-01   1.9795822e-01  -3.8734469e-02  -1.4080137e-01   3.3125094e-01   3.7229971e-01   1.7934979e-01   2.9553051e-01   4.1847195e-01  -6.7268988e-03   3.0423282e-01  -2.2423145e-01   2.7360724e-01   5.2156176e-01  -3.6020321e-01  -3.1938145e-02   3.7996459e-01   1.5900084e-01  -2.2433382e-01  -2.6293380e-01   3.0893514e-02  -2.0089378e-02   5.2635845e-01   5.2212053e-02  -1.9517486e-01   5.2021671e-01
  -2.0312502e-01  -3.0187234e-01  -3.5777072e-01   1.0516663e-01  -8.1399730e-03   1.9698806e-01   0.0000000e+00  -5.2440554e-03  -4.7664000e-01   1.0790311e-01   1.8134495e-01   1.9826645e-01   3.9423970e-02   2.9288730e-01   4.3723184e-01   7.9212592e-02  -3.6546697e-01   3.5442047e-01  -3.9852665e-01   1.0752427e-01   3.9827407e-01   2.5159694e-01   6.9551236e-01  -2.7025955e-01  -1.1036229e-01  -2.2153636e-01   1.9466221e-01   2.4524090e-01  -2.6465243e-01   3.3792874e-01  -6.9711634e-02   2.6950830e-01  -3.3015129e-01   2.7033145e-01  -1.4615172e-01   3.0990212e-01  -7.4678995e-02  -2.2151556e-01  -2.5350867e-02  -5.8942236e-02   4.5822954e-02  -4.9626949e-01  -1.0230342e-01   2.7412341e-01   1.6455911e-01  -2.0723044e-01   4.5862431e-01   7.3613069e-01  -2.2394483e-02  -5.0421664e-01   5.4607709e-01  -1.0854942e-01  -1.8076002e-01  -2.6825040e-01  -3.1647120e-01   3.3172202e-01  -3.2455657e-01   2.5878903e-01   3.4984624e-03   1.2103391e-02  -1.3111225e-01   9.2181287e-02  -4.7232367e-01  -3.5788677e-01  -2.6384318e-01   5.4415529e-01   2.7590827e-01  -5.2998013e-02   3.6830554e-01   1.0091369e-02  -2.4493046e-01   2.6444933e-01   1.7994431e-02  -4.2488368e-01  -1.3435187e-01  -2.1387464e-02  -1.5976315e-01   2.2574888e-01  -2.7979373e-01  -2.6751183e-01   2.0261007e-01   6.9141522e-02   3.6375138e-01  -1.2075788e-01  -2.4537207e-01   8.6266635e-02  -9.6407068e-02  -1.2930675e-01  -3.1340299e-01  -2.3953602e-01  -1.9644325e-01  -2.5658195e-01   2.2214538e-01  -3.2861677e-01  -1.0133996e-01  -1.8268361e-01   4.4991852e-02  -1.6943979e-01  -1.1027896e-02   2.7514026e-01   7.6721753e-03   2.6184387e-02   3.7723139e-01  -2.9489799e-01   6.1021231e-01   2.8702204e-01  -2.7129583e-01   5.8668695e-02   1.8655774e-02   6.0299880e-01   3.0144426e-01   2.7716796e-01   2.1978458e-01  -2.0422776e-01   3.5805271e-01  -1.4350224e-01   1.8693917e-01   1.8871735e-01   2.4711539e-01   1.6013471e-02  -1.6735135e-01  -3.1350546e-01  -2.3479825e-01  -3.0728330e-01  -2.4504960e-01  -2.6531468e-01   5.2148453e-01  -3.8055409e-01   3.0567217e-01  -1.4868298e-01   5.3601639e-02   2.6616403e-01  -4.2576451e-01   4.5189252e-02  -3.4598614e-01   7.2302297e-02  -2.0273221e-01   3.4181128e-01   7.3095604e-02  -2.1408052e-01  -2.3350193e-01   1.9915621e-01   2.2068656e-01   2.2636682e-01   2.6589272e-01   2.6449969e-01   3.2585529e-01   2.3976982e-01   7.3474332e-01  -6.7218143e-02   6.8154021e-02   5.2944367e-01  -2.8036454e-01   5.1526338e-02  -2.0462598e-01  -2.0397708e-01  -1.4428667e-01  -6.1357934e-03  -3.5835737e-01   2.9692056e-01  -9.6319063e-02   5.2559080e-02   1.6409688e-01   3.9183787e-01   1.1220010e-01  -7.4368650e-03   2.8734700e-01   1.1334201e-01  -3.0182577e-01  -5.0015745e-02  -2.7190549e-02  -2.0452961e-01   3.1850396e-01   2.1523385e-01  -2.6456170e-01  -3.5193482e-01   1.0451114e-01
   2.5882046e-01  -2.6172259e-01  -1.4243358e-01   5.5600237e-01  -4.5124579e-01   5.0980416e-01  -5.2440554e-03   0.0000000e+00   2.9727817e-02  -3.3563539e-01   3.5848008e-01  -3.4450287e-01   3.9429261e-02  -1.4266480e-02   3.4287686e-01   3.9069608e-02   3.1483245e-02   2.1971939e-01   6.2699726e-01  -4.9485548e-01   3.6605544e-03   5.7785770e-01   4.2873868e-02   1.6601576e-01  -2.6699814e-02   7.6271208e-01  -4.0161449e-01   1.9288088e-01   7.4325852e-02   3.5586553e-01   1.8256558e-01   7.0640595e-01   1.9730949e-01  -2.8175738e-01  -8.4640242e-02  -3.6385042e-01   7.3564478e-02   9.8565684e-02  -2.9107136e-01  -4.5844364e-01   3.5703708e-01   1.1294204e-01  -2.6915006e-01   3.7438444e-01  -5.3354352e-02   2.8372488e-01  -3.4660027e-02  -1.9490296e-01  -2.1245991e-01  -3.2525317e-01   2.8248715e-01   9.0853354e-01  -3.1523779e-01   7.5028711e-02   7.0611913e-02  -5.0947557e-03   5.3710069e-01   5.7362058e-01   4.5150641e-01   6.7599123e-01   2.8973331e-01  -1.5635391e-01   1.8002350e-01   1.8388287e-01  -2.1380896e-01   1.1043601e-01   3.8568176e-01   2.6175186e-01   5.6844325e-01  -2.1012197e-01  -4.1559024e-01   3.9410138e-01   1.4642594e-01  -1.4617542e-01   3.6453496e-02   8.5934328e-01   3.0948719e-01   3.1615791e-01  -4.1986337e-01   2.4209633e-01   3.9171385e-01   2.1919522e-03  -1.6025791e-01   8.1077973e-01  -4.1730606e-01   8.3832346e-01  -2.6425955e-01   2.2570533e-01  -2.7300129e-01   5.2174164e-04  -4.3313368e-01   3.0852846e-01  -5.1854427e-01   4.7921072e-01   1.2645474e-01  -4.8713978e-01   4.4063058e-02   8.3263101e-01  -5.8650888e-02  -1.0446052e-01  -1.5293630e-01   2.4274865e-01   5.4756640e-01   3.1794090e-01   4.4126166e-01   7.0742719e-01   3.9462241e-02   8.6179759e-01  -8.3434240e-02  -2.0998714e-01  -4.0537885e-01   5.9863340e-01   5.1213612e-01   4.8203054e-02  -2.1701370e-01  -3.5618264e-01   3.7798885e-01   2.4984263e-01  -1.8772635e-01   6.2149094e-01   4.5703164e-01  -4.2354797e-01  -3.1201665e-01   1.6040064e-01   3.3589754e-01   2.9945896e-01   2.0128341e-01   3.9799137e-02   5.6329413e-01  -5.5391866e-01  -5.1573431e-02  -1.4324488e-02   1.8814087e-01   2.1888099e-01   4.2313676e-01   8.3925788e-01   1.5757179e-01  -2.1982202e-02   8.2843453e-01   3.7542078e-01   3.2939082e-01  -1.6987693e-01   6.4209415e-01  -4.3981490e-01   2.2578128e-01   4.8733397e-01  -3.8601491e-01  -1.4183158e-01  -1.2319677e-01  -8.7766619e-02  -4.3643706e-01   3.8599127e-01   2.9088219e-01   8.6451627e-02  -5.5332031e-01   3.8116765e-01   4.5876452e-01   4.9552393e-01   3.3945879e-01   5.4421647e-01   1.8298377e-01   7.1814731e-01  -1.1548126e-01   5.0205424e-01   6.8321424e-01  -3.7505525e-01  -2.1246243e-01   3.6677308e-01   2.1687411e-01  -2.3113189e-01  -2.7777229e-01   1.4468789e-01   1.4940318e-01   1.9548381e-03   2.2205628e-01   7.7803378e-02   7.0849192e-01
   1.5445570e-01   7.4883257e-01   1.7090967e-01   1.8683763e-02   3.5434397e-01  -2.0491029e-01  -4.7664000e-01   2.9727817e-02   0.0000000e+00  -3.4567132e-02  -2.1397105e-01   3.3460539e-01   1.4227385e-02  -5.4307149e-01  -4.2840349e-01  -1.5004183e-01   2.9450495e-01  -1.9413096e-01   9.1199171e-02   2.3248894e-01  -3.7132019e-01   3.7790033e-02  -3.0466460e-01   1.2616291e-01   1.1023835e-01   1.7544115e-01   9.3874295e-02  -3.3436412e-01   3.6931331e-01  -7.6510949e-02  -6.4403802e-02  -9.0912647e-02   8.0342336e-02   1.6738689e-01   4.5274221e-01   9.1287060e-02  -4.5150656e-02  -5.7340591e-02  -1.1490231e-01   2.7153129e-02   9.4289974e-02   7.4716151e-02   3.8436975e-01  -2.7171376e-01   1.3534714e-01   1.5604746e-02  -2.7388785e-01  -2.7502557e-01   2.1901490e-01   4.2491716e-01  -2.4850887e-01   2.3198755e-02   4.5048061e-01  -1.6325254e-02   1.1296999e-01  -4.1425329e-01   1.2805124e-01  -9.7498218e-02   1.4234340e-01   1.7478659e-01  -7.8961255e-02   1.2323828e-01   8.3093003e-01   2.2464602e-01   5.2681803e-01  -1.3470853e-01  -2.7159236e-01   2.9311700e-01  -2.4638972e-01  -1.3842656e-01   4.5439283e-01  -1.0687524e-01   1.1683950e-01   2.5609713e-01   3.8936153e-02   9.8936663e-02  -8.6102650e-02  -6.7672628e-02   4.8599466e-01   1.7340066e-01  -1.8447192e-01  -1.5764265e-02  -3.4872393e-01   1.0233451e-01  -6.4865609e-02   5.3993561e-04   3.2193550e-01   1.2120583e-01   3.7976936e-01  -4.1968837e-02   4.6491816e-01  -7.4399563e-02  -1.0394388e-02   5.8803268e-01  -1.7890338e-01   3.5565242e-01   1.6573654e-01   1.2076367e-01   1.5645199e-01   1.1064567e-01  -4.1610831e-01   6.2144850e-02  -2.1380696e-01   4.3645906e-01  -3.1298016e-01  -1.0401193e-01  -1.0984632e-01   1.3028846e-02  -8.3874500e-02  -2.5506813e-01  -2.9945662e-01  -6.5140220e-02   1.4525330e-01  -4.1467906e-02  -4.7108667e-01   4.9560420e-01  -8.8004746e-02   2.0173339e-02  -4.4356419e-01  -2.9370008e-02   1.1680845e-02   5.1638049e-01   1.2567287e-01   2.5598790e-01   2.3787309e-03   1.1053494e-01  -6.3369981e-02   1.6093417e-01  -2.7090693e-02   1.1331592e-01  -4.2248660e-02  -1.4092160e-01   4.5654296e-01  -1.0084970e-01   5.6031450e-01   2.2373523e-02   9.0359455e-02  -3.5034780e-01   3.5093221e-02   8.3269733e-02   1.5383743e-01  -1.4046767e-02  -9.0491244e-02  -3.0784046e-01   5.1670388e-02  -4.8656598e-02   2.9058134e-02   2.1798990e-01  -3.3475638e-01   3.6412912e-01  -3.1977517e-01  -4.4064328e-01   1.0484096e-01   3.8211908e-01   2.1549179e-01   5.4661494e-02  -2.6051430e-02   5.3151354e-02   7.1930456e-02  -7.7447861e-02   2.8814520e-01   6.2027199e-03   1.4781377e-01  -1.2621963e-01   2.8677049e-02   3.6419959e-01  -7.2814715e-02  -4.2815906e-02   4.5015849e-02  -2.5240452e-02   4.9655383e-01  -1.2529490e-01   1.1200435e-01  -1.7304188e-01   4.0718533e-02   1.4423745e-01   6.5925756e-02
  -4.9648599e-01   1.3707942e-01   1.0002512e-02  -1.7132766e-01   4.2170272e-01  -1.6292475e-01   1.0790311e-01  -3.3563539e-01  -3.4567132e-02   0.0000000e+00  -7.7308605e-02   3.0809136e-01   1.7535684e-01  -5.3747011e-02   1.2650338e-03   1.3875606e-01  -2.0706388e-01  -1.4833625e-02  -2.9319087e-01   5.9505727e-01   1.0546645e-01  -1.8627983e-01   3.4006865e-01  -4.9455530e-01  -5.2611425e-02  -3.0040779e-01   2.5600730e-01  -1.6552816e-01   3.3034255e-02  -1.9970089e-01   3.5952425e-02  -2.4748170e-01   1.9690786e-01   6.8644060e-01  -3.6400794e-02   5.7349727e-01   1.5518282e-01  -3.6357662e-01   3.1085869e-01   3.8689410e-01   4.6208828e-02  -1.3012719e-01   4.1559052e-01  -1.1991775e-01   5.0529730e-02  -5.4118823e-01   1.4337575e-01   1.6487168e-01   2.6117494e-02   2.1131175e-01   1.0007273e-02  -3.4042696e-01   2.6876681e-01   9.7025020e-02  -1.0683308e-01   2.4749678e-01  -2.2985430e-01  -2.0308689e-01  -1.0710042e-01  -4.2187239e-01  -3.9056365e-01   1.4076239e-01  -1.1707313e-01  -1.3689461e-01  -2.7798632e-02   2.3383437e-01  -5.8149962e-02  -6.4820916e-02  -1.6576256e-01  -1.9826663e-01   3.7676892e-01  -1.7879984e-01   1.5799938e-01   6.3792028e-02   1.9093930e-01  -2.5971944e-01  -3.8329450e-01  -3.4318718e-02   3.6496096e-01  -3.6386620e-02   7.1707280e-02   1.3922778e-01   2.2978594e-01  -3.1067643e-01   2.3686422e-01  -2.1858217e-01   2.6980610e-01  -2.4456006e-01   1.3435049e-01  -4.3315430e-01   3.1470693e-01  -3.3896697e-01   6.7020955e-01  -1.8010788e-01  -2.9223549e-01   4.6981237e-01   2.8003538e-02  -3.4229242e-01  -5.4487279e-02   5.4118404e-01   4.0931555e-03   2.9215266e-01  -2.3136009e-01  -2.2768732e-01  -1.9573954e-01  -2.9204613e-01  -5.0531774e-02  -3.1689814e-01   3.4993399e-01   2.1002926e-01   5.3821010e-01  -2.6869932e-01  -1.1701159e-01  -4.3554793e-01   2.8720248e-01   2.3747374e-01  -3.1704043e-02   1.5110327e-01   1.1712697e-02  -1.0230616e-01  -5.9136797e-01   4.1743013e-01   4.1505656e-01  -1.2592098e-01  -5.9373600e-01  -4.2067511e-01  -8.2300211e-02   2.3398376e-02  -2.6416616e-01   9.2877511e-02   3.1892547e-01   2.4355776e-01  -4.0202408e-01   1.0590254e-01  -8.4024638e-02  -2.4159317e-01  -3.9883807e-03   1.4970861e-01  -2.0256578e-01  -4.0631677e-01  -4.4903433e-01   2.6092480e-01  -2.8949974e-01   2.2401152e-01   2.0572961e-01  -2.0513698e-01   6.7930272e-01   1.8964962e-02   2.7087979e-01   1.6101345e-01   4.2822220e-01  -2.9643871e-02  -3.6245893e-01   8.3970250e-02   3.8282300e-01  -4.7214850e-01  -5.5309343e-01  -8.4562015e-02  -3.0584013e-01  -1.3039303e-01   3.4386254e-02  -3.3492677e-01   1.6088956e-01  -2.6444682e-01  -1.8366752e-01   4.4049011e-01   3.4118416e-01  -3.2670138e-01  -2.9970595e-01   2.5172662e-01   2.7709025e-01  -3.7564981e-01  -5.6493100e-02  -7.8184398e-02   7.4442999e-03  -2.8892178e-02  -2.4335011e-01
  -2.7214332e-01  -3.1710760e-01  -3.7026515e-01   3.4727740e-01  -2.2561153e-01  -3.2666565e-02   1.8134495e-01   3.5848008e-01  -2.1397105e-01  -7.7308605e-02   0.0000000e+00  -2.7335707e-01   1.2076309e-01   8.1584084e-02   5.4419874e-01   1.5182896e-01  -3.5515212e-01   6.3585345e-01   6.8749355e-02  -3.0189534e-01   3.6240729e-01   2.0920719e-01   1.9714720e-01  -3.3761929e-01  -6.5875257e-02   2.2799581e-01  -3.5668197e-01   4.6454698e-02  -1.0836412e-01   8.6005794e-02   5.0582616e-01   4.3293767e-01   4.5890925e-02   8.5574168e-02  -1.9990152e-01   2.6095221e-02   2.9308201e-01  -1.6786063e-01   1.6882996e-01  -3.8035463e-01   3.2388110e-01  -8.5639949e-02  -3.0827105e-01   3.7393796e-01   1.6933413e-01  -2.0459907e-01   4.4986693e-01   1.3617655e-01  -1.3313226e-01  -3.6117464e-01   6.8356307e-01   3.7646016e-01   9.8462453e-04   1.7361614e-02  -2.5352032e-02   2.6848889e-01   7.9027085e-02   3.9312707e-01   4.2581363e-01   3.5075072e-01  -1.5703164e-02  -6.0439998e-02  -1.4654461e-01   4.8416917e-01   1.2015839e-01   4.1733865e-01  -6.2108613e-02   3.2271041e-02   4.0453919e-01  -3.8740272e-01  -2.5967738e-01   3.9124550e-01   3.8946497e-01  -4.4904017e-01  -3.1973936e-03   2.4741166e-01   2.8513586e-02   6.2718026e-02  -1.7160940e-01   3.8364338e-01   2.5634046e-01   3.5345926e-01   2.2226429e-01   1.3712834e-01  -1.0965330e-01   3.3221548e-01  -8.1561312e-02  -2.3880269e-01  -2.2378049e-01  -2.8817439e-01  -3.7003644e-01   4.2060161e-03  -2.3791738e-01   8.5134698e-03  -4.2769931e-02  -4.1101534e-01   2.4094736e-01   2.0166362e-01   3.5457991e-02   1.8848412e-01   7.2991058e-03   3.6866058e-01   3.3458542e-01   2.3177432e-02   4.4190198e-01   3.0501729e-01   1.6319692e-01   2.8302871e-01   1.1338179e-01  -7.9148735e-02  -7.2373383e-02   2.5173673e-01   3.1474254e-01  -2.7660842e-01   8.2773177e-02  -2.8763256e-01  -1.9344509e-02   3.7548656e-01   1.6978246e-01   3.5700848e-01  -4.7923195e-02  -3.4263072e-01  -2.7663489e-01   3.3210645e-01  -2.0261657e-01  -9.3240051e-02   5.0328738e-01   5.2859993e-02   2.5450493e-01  -4.3748076e-01   1.2529812e-01   5.7186706e-01  -2.9614017e-01   5.6990143e-01  -1.1189635e-01   2.6579646e-01   3.6707341e-01   3.3039708e-01   2.7789740e-01  -1.4214084e-01  -1.8967519e-01  -1.2412059e-01   6.0742643e-01  -1.4911174e-01   4.6262948e-01   5.6890228e-01  -6.7133484e-02   1.0363595e-01   1.5391504e-01   2.3463993e-01  -1.8797149e-01   3.4715922e-01  -1.1038614e-01   2.8600093e-01  -3.7017791e-01  -1.6744588e-01  -4.6175536e-02   4.8030127e-01  -1.1135169e-02   1.8530847e-01  -2.9786368e-02   5.7823509e-01   2.2269910e-01   5.5678427e-01   2.8907906e-01  -2.6548636e-01   1.6894470e-01  -3.2316881e-02  -1.5850085e-02   1.2143839e-01  -2.4263949e-01  -7.2828387e-02   3.8946425e-01  -2.4375976e-01   1.5726640e-01   7.7293631e-02   3.4184088e-01
  -7.7228883e-02   6.7773081e-01   1.8645018e-01  -2.3608433e-01   5.2531037e-01  -1.0722329e-01   1.9826645e-01  -3.4450287e-01   3.3460539e-01   3.0809136e-01  -2.7335707e-01   0.0000000e+00   1.3404601e-02  -3.0569885e-01  -2.9627973e-01   7.0391199e-02  -9.9011906e-03  -2.1437231e-01  -4.0165117e-01   5.7927709e-01  -2.7274646e-01  -1.3098107e-01   6.9248247e-02  -1.4841786e-01   1.6028794e-02  -2.0775971e-01   5.4323273e-01  -2.3389803e-01   1.0076797e-01  -5.6332362e-02  -3.7909253e-01  -2.7077351e-01  -1.0236971e-01   5.1372817e-01   5.7731825e-01   4.0741439e-01  -3.1015524e-01  -1.6944268e-01   9.6641536e-02   2.9024885e-01  -2.6036860e-02  -2.1578697e-01   7.3200057e-01  -1.6265305e-01   1.7673424e-01  -2.8051598e-01   8.2523479e-02   2.9505584e-01   1.6776280e-01   3.1190365e-01  -7.8954852e-02  -3.9195475e-01   2.5507826e-01  -1.5758582e-01  -2.2299043e-01  -3.9107457e-02  -2.3722444e-01  -2.6984227e-01  -7.1703125e-02  -1.0773708e-01  -3.7560147e-01   1.1907533e-01   1.8191986e-01  -2.2922408e-01   1.3353729e-01   1.4133453e-01  -1.6352913e-01  -2.4406131e-03  -1.6801599e-01   8.4519523e-02   3.8278066e-01  -2.3125007e-01  -4.4349589e-03   2.6778295e-01  -6.3088681e-02  -3.6275296e-01  -3.1469538e-01  -1.0760745e-01   5.1641636e-01  -1.7836118e-01  -2.4959569e-01   1.1893254e-02  -5.9898447e-02  -2.0811551e-01  -1.0626357e-01  -3.4794080e-01   2.2421472e-01  -7.5414400e-03   2.2084172e-01  -2.1602445e-01   5.1392856e-01  -3.7895787e-01   4.8133023e-01   6.7130412e-02  -3.1105870e-01   4.6490111e-01   7.6139197e-02  -3.4529895e-01   9.1772354e-02   2.9888974e-01  -4.1987097e-01   1.8070671e-02  -2.7060952e-01   3.5572452e-02  -1.6338220e-01  -3.0319171e-01  -2.6603132e-01  -2.6653582e-01  -1.9008413e-01   2.4741667e-01   2.0578889e-01  -1.9734575e-01  -1.0333136e-01  -2.1506287e-01  -1.2981749e-01   4.4925934e-01  -4.0263939e-02   2.8280982e-02  -1.4216554e-01  -3.2910258e-01  -2.8400132e-01   5.9606939e-01   2.6103858e-01  -1.6900244e-01  -2.8872076e-01  -1.4986940e-01   2.0190274e-01  -2.4680251e-01  -1.9601101e-01   2.6904409e-01   1.2513200e-01  -1.2555499e-01   8.1490976e-02  -2.9991721e-01   5.1985379e-02  -4.0874452e-01  -1.9280021e-01  -2.6996687e-01  -3.5571050e-01  -2.3253693e-01  -1.3221096e-01   8.5973680e-02  -1.7737343e-01   2.4172537e-01   2.6359355e-01  -1.6338883e-01   4.9644860e-01   3.6542011e-01   2.7071581e-01   1.7155454e-01  -1.2853272e-02  -2.9843727e-01  -2.0076877e-01   2.5646917e-01   4.9140649e-01  -2.6061244e-01  -3.4279132e-01  -1.4530491e-01  -3.8597253e-01  -2.0468507e-01   1.0746791e-01  -3.1287271e-01   9.6348645e-02  -1.7274572e-01  -2.2125277e-01   6.4379203e-01   4.6628169e-01  -5.9900103e-02  -1.9398555e-01  -9.9613323e-02   7.2255652e-01  -2.7709505e-01   5.5998380e-02   1.8066912e-01  -2.2210749e-01  -8.6835455e-02  -1.7358408e-01
   8.8522957e-04  -2.0380373e-02  -2.4330114e-01   7.0370727e-02   2.3542739e-01   8.9649494e-03   3.9423970e-02   3.9429261e-02   1.4227385e-02   1.7535684e-01   1.2076309e-01   1.3404601e-02   0.0000000e+00  -1.0728191e-01  -1.7201188e-02   2.7867556e-01  -2.0498713e-01   1.2252954e-04  -1.1631164e-01   3.1054782e-01   1.0634505e-01  -4.4062700e-02   4.6699175e-02  -1.1576304e-01   9.7317283e-02   2.4562233e-02   1.9467659e-01  -1.8033640e-01   2.4518766e-02   1.1435706e-01  -1.1042409e-01   6.3966132e-02   1.0386680e-01   1.1233364e-01  -5.2522700e-02   4.2998584e-01   2.8120466e-01  -2.4291101e-01   2.9982600e-01  -1.6893957e-02   5.5386371e-01   3.0827236e-02   6.8213759e-02  -9.4934841e-02   3.7947722e-01  -1.6740385e-01   3.3310986e-01  -1.7390813e-01   1.3251326e-01  -1.4763318e-01   1.8640385e-01   8.7616425e-02   5.0545249e-02  -8.2209213e-02  -9.1638369e-02  -8.7185602e-02  -5.7374972e-02   1.3815445e-01   9.7848846e-02   7.6097352e-02  -2.5615285e-01   2.9503688e-01  -1.3524903e-01  -6.0101829e-02   1.2076617e-01   1.8583493e-01   8.4234380e-02   1.7255013e-01   1.3599995e-01  -2.0489705e-01  -1.2490110e-01   1.6385739e-01   2.8840489e-01  -1.7117528e-01   8.1295500e-02   2.1670304e-02  -3.0080150e-01  -1.4088068e-02   1.7623697e-01   1.8594860e-01  -1.6295516e-01   5.1253225e-01  -1.2818278e-01  -6.7664606e-03  -1.2639588e-01   4.5855060e-02  -7.6731555e-02  -1.0142512e-01   1.4835986e-01  -2.2225734e-01   6.4814833e-02  -2.6300891e-01   1.5704883e-03  -2.8575522e-02  -2.2165214e-01   1.0700751e-01   4.6466501e-01  -3.6125673e-02   2.2400080e-01   2.0898116e-01  -2.8961918e-01   1.5738915e-01  -1.0120084e-01  -1.1137106e-01   1.3598786e-01  -2.6077390e-03   6.2250275e-02   1.8337516e-02   2.1454251e-01   3.3357133e-02  -9.9192436e-02   5.4706136e-02   1.5728248e-01  -1.3381078e-01  -2.4184817e-01   1.6641798e-02  -6.5362890e-02   5.9033153e-01  -2.2710190e-01   1.0845470e-01  -2.1193915e-01   1.1818649e-01   5.3832001e-02  -1.1943866e-01  -1.9670657e-01  -8.0647068e-02   1.4179247e-01   9.0050373e-02   1.4151288e-01  -1.5906371e-01   5.0015935e-01   7.9446132e-02  -6.3179285e-02  -5.3983668e-02  -6.9965804e-03   7.8775364e-02   1.5887471e-01  -1.6764368e-01   3.7008557e-02  -1.2535882e-01  -1.6353424e-01   5.0958747e-01   5.8970140e-02  -2.2120115e-01   1.2257665e-01  -6.8090418e-02   5.8545846e-02   6.6188243e-02   8.7028798e-02   1.5433126e-01  -1.6970880e-01  -1.6878368e-01  -2.1208466e-01  -6.4415274e-02  -1.3934925e-01  -1.5264227e-01  -1.5112529e-01   2.0458317e-01  -1.8605054e-01   5.0673646e-03   2.2760354e-01   5.7063014e-02   1.7250640e-01  -2.3349521e-02   1.7540157e-01   8.6790665e-02   1.2674116e-01   7.5983592e-02  -1.2914411e-01  -7.7389651e-02   1.2934093e-01  -2.6969885e-01   1.4873137e-01  -6.4492985e-02   7.1514727e-02  -1.1059505e-01   1.1788307e-01
  -5.5348278e-02  -5.0192641e-01  -2.8282757e-02   1.4185968e-01  -3.2064325e-01   2.2564310e-01   2.9288730e-01  -1.4266480e-02  -5.4307149e-01  -5.3747011e-02   8.1584084e-02  -3.0569885e-01  -1.0728191e-01   0.0000000e+00   3.6488032e-01   1.1472850e-01  -1.8392703e-02   2.3843362e-01  -1.0233807e-01  -2.8603453e-01   1.0956948e-01   8.1852570e-02   1.9667155e-01  -3.2826722e-02  -9.8414959e-02  -1.4176064e-01  -1.5957554e-01   5.7117604e-01  -3.2112230e-01   2.1317031e-01  -5.7207153e-02   1.2450833e-01  -4.0344529e-02  -2.5772780e-01  -2.0125255e-01  -2.0471127e-01  -1.0905260e-01  -6.4249788e-02   7.2656968e-02  -7.2935361e-02  -1.1329636e-01   2.2791389e-03  -3.2796509e-01   3.6776476e-01  -1.8294807e-01   4.8280225e-02   2.5987495e-01   1.8042547e-01  -2.2239544e-01  -2.0565096e-01   2.3367428e-01  -2.7978913e-02  -4.0460399e-01   5.3989393e-03   2.2462434e-01   3.8801500e-01  -1.0813881e-01  -3.7439575e-02   4.3831662e-02  -1.0267661e-01   1.3696503e-01  -1.4847554e-01  -4.0281395e-01  -1.7474524e-01  -3.5354303e-01   4.4360469e-02   2.6874524e-01  -1.9268585e-01   2.8456740e-01   2.2008333e-01  -3.8394679e-01   1.4236690e-01  -1.4379026e-01  -1.7166299e-02   3.8559248e-04  -7.7855452e-02   9.4936927e-02   2.0590839e-01  -3.9353153e-01   1.6060675e-02   1.2452288e-01  -1.5052170e-01   2.2783066e-01  -3.9317708e-02   1.8202331e-01  -4.9566120e-02  -2.0431952e-01   1.6344752e-01  -2.6043249e-01   1.2809741e-01  -3.5051948e-01   1.2960363e-01  -7.2608532e-02  -3.6908489e-01   2.7044721e-02  -3.1224060e-01  -2.0504574e-02  -4.4072274e-02   1.6086991e-02  -2.9872920e-01   4.9555412e-01  -1.3245725e-01   3.4158187e-01  -1.4793262e-01   2.6767441e-01   1.3528802e-01   1.9702431e-01   4.9235651e-02  -7.4555662e-02   2.3500819e-01   2.2423195e-01   1.0138486e-01  -3.9139962e-02   8.9694484e-02   5.7967895e-01  -2.9872704e-01   2.3999443e-01  -6.0916704e-02   5.3191748e-01   1.0136410e-01   4.7754176e-02  -4.4028729e-01  -1.6530230e-01  -1.6896153e-01   8.6046739e-03   2.2175962e-01  -8.2105058e-03  -1.1097703e-01   8.6800953e-02  -5.3262410e-03  -1.7410376e-01  -1.0525678e-01  -1.1114419e-01  -4.0137520e-02  -2.8143072e-01  -5.8574219e-02   7.6018996e-02   3.4312352e-01  -5.6200672e-02  -1.3476014e-01  -8.8509767e-03  -1.2524695e-01   6.8673568e-02   3.8376446e-01  -1.9099029e-01   1.1809292e-01  -2.1363876e-01  -1.6233273e-01   2.6522748e-01  -3.7125773e-01   3.3537458e-01   4.8551119e-01  -1.0684987e-02  -3.2896646e-01  -9.2863108e-02  -8.6829671e-02   6.4995707e-02   5.4049950e-02   6.4170218e-02   1.5328257e-01  -3.3852230e-01   6.2920955e-03  -1.2761160e-01   2.5983312e-01   5.8317340e-03  -3.6627862e-01   7.9022839e-02   2.6250841e-01   1.7903751e-01   1.0575738e-02  -3.9319441e-01  -1.6164053e-02  -4.2302368e-02   2.9203092e-01   5.0755971e-02  -2.1007810e-01   3.3462963e-02
