   0.0000000e+00  -3.8123085e-01   1.0701084e-01  -1.6418432e-02  -6.5189793e-01  -2.2116039e-01  -5.1318937e-01   5.8863534e-01  -2.6718125e-01  -5.6833335e-01  -5.1851028e-01  -1.6903349e-01  -2.1046819e-01   3.7213378e-02  -4.9738695e-01  -3.0291487e-01   1.0435381e-01  -5.2389309e-01   5.5680712e-01  -6.8169893e-01  -4.9513691e-01   3.4447268e-01  -1.7727435e-01   8.7860837e-01   4.1615616e-01   4.9727848e-01  -5.9490531e-01   5.5234498e-01   2.2346130e-01  -3.0211799e-01  -4.0647245e-01   3.8778000e-01   2.1515227e-01  -5.2976446e-01  -3.7161353e-01  -7.0680139e-01  -2.2043779e-01   6.2199477e-01  -3.4330929e-01  -5.2401529e-01  -2.4584139e-01   5.6661710e-01  -8.4642538e-04   3.7156577e-01  -5.9476673e-01   7.3060825e-01  -5.0995632e-01  -5.0053548e-01  -4.1595710e-01  -2.7032181e-01  -4.8923517e-01   5.8904991e-01  -6.3947156e-01   9.9499110e-02   1.2502889e-01   1.6191610e-01   5.0977491e-01   3.3741527e-01  -1.4071034e-02   2.3636854e-01   4.3702645e-01  -5.5061658e-01  -2.8240321e-01  -4.3023943e-01  -5.0594285e-01  -5.4145696e-01  -2.3529172e-01   6.5618190e-02  -4.5448381e-02   2.7709990e-01  -3.9631074e-01  -3.1075319e-01  -5.0043058e-01   5.4433459e-01   4.0640014e-01   5.6858793e-01   5.7835429e-01   2.7428429e-01  -7.0148689e-01   6.7335146e-02   4.4501448e-01  -4.0257222e-01  -3.9617887e-01   6.3401289e-01   5.1614712e-02   4.9523825e-01  -4.0604506e-01   4.2936634e-01  -7.0596229e-02   8.5019870e-01  -4.7379399e-01   5.6848846e-01  -5.4359954e-01   8.0330441e-02   6.7878954e-01  -5.1320915e-01  -8.4542605e-02   5.4680636e-01  -4.8874382e-01  -3.4678611e-01   2.6016153e-01  -3.4798764e-01   5.8590192e-01  -2.7305681e-01  -3.4374333e-01   2.7855066e-01   1.1906878e-02   1.8558214e-01  -4.7975523e-01  -6.3064621e-01  -3.8203563e-01  -6.4749290e-02  -1.8152063e-01   8.9986373e-01   3.8857668e-01  -4.1641770e-01   1.5195249e-01  -2.7610575e-01   1.4731392e-01   4.9296406e-03   7.3240511e-01  -4.6009563e-01   6.5990088e-02  -3.2457618e-01   7.8203107e-01   6.1421796e-01  -5.4692738e-01   1.5549829e-01   1.8865756e-01  -1.2204344e-01  -4.0767508e-01  -6.0217053e-01   1.5046794e-01  -2.6321531e-01   3.3861727e-01   6.5254681e-01  -5.9285622e-03  -1.5771020e-01   5.7624711e-01   8.4640802e-01   7.1325665e-01   1.4528456e-02   9.1835005e-02   2.9408462e-01  -1.3112593e-01  -3.2153331e-01  -3.6262069e-01  -5.8082062e-01  -5.5845594e-01  -1.9716553e-01   4.6920968e-01   5.6476335e-01   5.5432767e-01  -5.0000961e-01  -2.3275602e-01   7.7051316e-01   6.9125910e-01   1.7408003e-02   4.1529039e-01   2.6750350e-01   1.4268311e-01   5.7591397e-02  -4.5718034e-01  -4.2083719e-01   3.8221129e-01  -2.9072342e-01  -5.6670002e-01   4.9901127e-01   5.4303232e-01  -4.0275452e-01  -4.9187794e-01   4.7263981e-01  -5.7911365e-01  -3.3750562e-03   3.9170360e-01  -3.1597686e-01   3.2336547e-01
  -3.8123085e-01   0.0000000e+00   9.8630088e-02  -3.4762285e-01   3.6302116e-01   1.4755581e-01   2.6726850e-01  -2.4698028e-01   3.2632406e-01   3.0467392e-01  -8.9927887e-02   6.3890116e-01  -1.9376743e-02   6.6752424e-02   1.7899937e-01   6.6153877e-02   6.3389525e-02  -1.0976055e-01  -3.6850565e-01   3.5401554e-01   3.2311783e-03  -4.4019717e-01   7.2240339e-02  -3.8309844e-01  -2.3173868e-01  -1.6010178e-01   3.2826938e-01  -1.3356738e-01  -3.0432303e-02  -1.9347964e-01   5.8424743e-02  -4.1150140e-01  -1.5270945e-01   4.8258374e-01   4.7196709e-01   1.6416608e-01  -5.1936151e-02  -5.1480176e-01   2.0694913e-02   4.8463223e-01   1.3939911e-02  -2.7067485e-01   9.0474764e-02  -2.1355067e-01   7.8877792e-02  -4.7391640e-01  -4.9146429e-02   2.1440332e-01  -1.0920223e-01   3.0699368e-01  -8.3832235e-02  -2.2120431e-01   5.3784044e-01  -3.0356788e-02  -5.9081293e-02   5.9761369e-02  -2.7670219e-01  -4.8211667e-01  -2.0356104e-01   1.8312576e-01  -4.9827727e-01   4.7524885e-02   1.4388688e-01   1.9715570e-01  -3.1470957e-02   1.5005436e-01   6.9056688e-02  -6.3968219e-02  -2.0198436e-01   1.7978441e-02   7.0223932e-01  -3.0224518e-01   9.1883380e-02   1.3382760e-01  -1.6591676e-01  -3.6363544e-01  -4.9611208e-01  -8.1197289e-02   5.3696771e-01  -2.2983130e-01  -2.4138192e-01   1.5236183e-01   3.4512863e-01  -2.3127148e-01   3.1109206e-01  -3.0999624e-01   5.6466429e-01  -3.0404368e-01   3.5933040e-01  -3.9797978e-01   3.3017070e-01  -4.7834858e-01   5.2289464e-01  -1.1927378e-01  -5.7873862e-01   2.7000269e-01  -1.9830922e-01  -2.5569799e-01   5.2154372e-02   2.5443964e-03   2.6955780e-02   4.6363901e-01  -3.7838922e-01   4.9927500e-01  -3.3907678e-01  -3.6051257e-01   1.8590156e-01  -2.0132645e-01   2.6830857e-02   2.7011773e-01   5.4052781e-01  -3.0960687e-01  -2.5425380e-01  -3.7486844e-01  -7.5601851e-02   4.4131235e-01   1.0530063e-01   2.9226265e-02   9.2646671e-02  -3.2942469e-01  -5.0880844e-01   4.0211726e-01   2.0390154e-01   1.9282353e-02  -4.9189766e-01  -1.2851205e-01   3.3225226e-02  -4.7839196e-02  -4.2559488e-01   3.3243536e-01  -6.5287684e-03   5.4269547e-02   2.1115587e-01  -3.9749673e-02  -4.0812444e-01  -3.6821080e-01  -1.3907307e-01   2.4592316e-01  -3.4704515e-01  -4.4656725e-01  -3.4589037e-01  -2.4713962e-02  -2.5405993e-01  -8.6268695e-03   9.7190365e-02  -7.3699983e-02   5.6593271e-01   6.4576615e-02   2.4946102e-02  -1.2561541e-01   3.6090550e-02  -2.4804526e-01  -3.8564317e-01  -7.6802455e-03   5.8863987e-01  -4.6349832e-01  -5.5416631e-01  -9.6013892e-02  -3.9442934e-01  -2.5374971e-01  -2.1096695e-01  -3.1619627e-01   7.3002833e-02  -3.0118193e-01  -4.6360155e-01   5.2242782e-01   2.8000890e-01  -2.3172233e-01  -2.5111999e-01   3.3239112e-01   4.3334946e-01  -3.8055607e-01  -1.1159907e-01   1.2627182e-01  -2.0824159e-01   1.2267846e-01  -3.4197585e-01
   1.0701084e-01   9.8630088e-02   0.0000000e+00  -6.6568495e-02   1.6262089e-01  -1.3942796e-02  -1.9049398e-01   2.1834859e-01  -2.2067236e-01  -1.4562517e-01  -3.1291359e-01   3.6951358e-01  -1.2666347e-01  -3.2152118e-01  -2.8296297e-01  -1.4702339e-01   8.8020849e-01  -2.3639092e-01   1.0006190e-01   8.5225454e-02  -3.5132933e-01  -2.6195439e-02  -2.8856015e-01  -9.5773436e-03   1.3455328e-01   1.0907680e-01  -1.5512940e-02   1.4262453e-01   8.2103068e-02  -5.1157102e-01  -2.2914091e-01  -1.0715970e-01   2.2832819e-01  -2.4983896e-02  -2.1422405e-01  -1.9187575e-01  -3.8482924e-01   1.2748201e-01  -1.1016804e-01   2.9813648e-01  -3.7370591e-02   3.1618010e-01  -6.2714754e-02  -7.4597058e-04  -2.7482057e-01   3.1070530e-01  -3.0493206e-01  -3.9041102e-01  -1.5251411e-01   5.8279997e-01  -3.0661915e-01   2.6415908e-01  -5.8531453e-02   3.5178589e-01  -1.7900118e-01   9.6271207e-02  -8.5211637e-02   2.3327285e-02  -1.7941064e-01   6.1037823e-02   3.0963663e-01  -6.9465119e-02   1.1874833e-01  -1.1703449e-01  -4.3731456e-01  -2.4059479e-01   1.3667261e-02   2.5246124e-01  -1.8087702e-01   4.3307731e-01   1.8172360e-01  -2.0694331e-01  -7.1589464e-02   2.6297414e-01   1.2398616e-01   9.4347025e-02   2.2777109e-01  -3.8825006e-02  -2.5001079e-02   6.0331448e-02  -5.2823036e-03  -1.4195959e-01  -6.8664786e-02   2.1129278e-01   2.7595260e-01   3.6560809e-02  -1.4944111e-01  -1.9206163e-01   4.1907239e-01   7.0847340e-02  -5.2247762e-02   4.9919204e-01   5.0953672e-02  -8.7309234e-02   1.8867793e-01   3.0881750e-01  -7.6257561e-02   1.1487500e-01   6.5686118e-02  -4.2995118e-01   6.6220656e-02  -1.4699173e-01  -3.0035665e-02  -3.2788015e-01  -4.2695132e-01  -9.1253074e-02   3.9801185e-01   1.6725002e-02  -3.2672374e-01  -1.6479291e-02   1.5501826e-01  -4.0835474e-01   1.0779844e-02   1.3361592e-01   6.3015830e-03   9.7360660e-02   1.7758321e-01  -1.5335836e-01   6.2372037e-02  -2.8052992e-01   1.9146776e-01   5.0650721e-02   1.4392678e-01  -2.1104950e-01   2.5787902e-01   4.0028701e-02  -3.0867211e-01   2.5927863e-01  -1.5029699e-01   3.8631890e-01  -4.8808198e-02  -3.3263903e-01  -1.0086726e-01  -2.3084733e-01   4.0334535e-02   5.2434860e-02  -4.3997852e-02  -1.7074097e-01   1.3235688e-01   1.3285341e-01  -1.2568928e-02   1.3047217e-01  -2.2999369e-01   2.5482759e-01  -4.3816974e-01  -4.4010064e-01   1.4938341e-01  -1.8076832e-01  -1.8695624e-01  -3.5809699e-01   2.8803004e-01  -3.5464175e-02   1.9002168e-01  -1.8588739e-01   5.9420939e-01   1.2332510e-01   1.5703950e-01  -1.9267341e-01   4.4891558e-01  -1.5353545e-01   1.5759080e-01  -2.1582930e-01  -1.8192889e-01  -2.4305147e-01   1.6627474e-02  -1.3755251e-02  -1.9200394e-01  -8.2388016e-02   1.2407678e-01   2.0543208e-01  -1.9052115e-02   1.3183260e-02  -1.2774969e-01  -4.1646982e-02   1.1227988e-01   1.2566459e-01  -1.0966752e-01
  -1.6418432e-02  -3.4762285e-01  -6.6568495e-02   0.0000000e+00   2.9991625e-02   3.0979424e-01   1.6767095e-02  -7.3490507e-03  -1.0286569e-01  -1.1459303e-01   2.1613449e-01  -3.7452729e-01   1.8805284e-01   1.0946834e-01  -3.3909536e-02   2.6007335e-01  -9.6193131e-02   4.0986779e-01   1.4967228e-01   1.2818099e-01   1.3534148e-01   4.2053437e-01  -1.8490620e-01  -1.6947557e-02   9.3540519e-02  -2.8204314e-02   7.6685602e-02   4.8021139e-02  -1.9778639e-01   5.1187429e-01   3.3866379e-02   5.3379094e-01   3.5829162e-01  -2.8405442e-01  -1.8003760e-01   3.2288794e-01   2.9156749e-01   1.0081259e-01   2.8228069e-01  -1.9260315e-01   1.7517382e-01   3.0254866e-01  -1.4448411e-01  -6.2042131e-02   1.6243322e-01   8.8999397e-02   4.4499662e-01   2.1206628e-01   3.4948376e-01  -2.6449322e-01   4.9756463e-01  -6.1503975e-02  -1.0842113e-01   1.1120960e-01   1.9966403e-03  -8.3094385e-02   1.7556985e-01   4.5511118e-01   5.0019714e-01  -2.7075526e-01   1.7431661e-01   3.9286161e-01   3.1224976e-02  -3.5571217e-02   2.1407122e-01   9.6186755e-02   3.8672484e-01   3.5173356e-01   2.8551262e-01   2.6594999e-02  -2.0951221e-01   6.6568881e-01   5.4411775e-02  -2.0833092e-01   1.6858590e-02   1.5143175e-01   9.0082709e-02  -7.8932729e-02  -1.5021424e-01   4.7558351e-01   2.6907272e-02   1.9032131e-01  -1.0438936e-01   7.4992358e-02   3.4411287e-02   1.0883558e-01  -1.0721089e-01   9.7310284e-03  -3.1203466e-01  -6.2152923e-02  -2.2732881e-01   1.9007465e-01  -1.3611855e-01   3.9980746e-02   1.3618997e-01   2.6846976e-02   5.6069316e-01  -3.2191109e-04   3.6461456e-01   1.8601353e-01  -4.2311823e-02  -3.4342118e-01   1.5500238e-01  -1.8424905e-01   4.0322998e-01   6.5895749e-01  -4.2427714e-02   3.3872898e-01   1.1752716e-01   8.3400127e-02  -4.1652623e-01   4.9780869e-01   6.4642838e-01   2.1776648e-02  -1.1539198e-01  -2.7587580e-01  -2.1254132e-01   2.8622011e-01  -5.0966965e-02   7.8545654e-01   1.6016436e-01  -1.7528379e-01  -2.5027823e-01   9.6288529e-02   3.3014796e-02  -4.0796065e-02   1.8809715e-02   4.2854898e-02   4.7575304e-01  -6.5737239e-02   3.9925530e-01   1.2417806e-01   2.1005864e-01  -1.9331138e-02   1.0715024e-01  -2.4040469e-02   4.0275883e-01   6.4122418e-02  -3.4206620e-03   1.3397849e-03   8.9375525e-02  -6.3779753e-02  -1.2128559e-01  -5.1262791e-02  -1.4200507e-01   2.6198155e-01  -2.5225285e-01   1.0265589e-01   1.0698897e-01   3.1566727e-02  -1.2026661e-01  -7.1988042e-02   6.6943233e-02   1.0824827e-02  -3.7245626e-01   3.1108931e-02   1.4714944e-01   3.0937748e-01   2.0173788e-01   2.3431783e-01   2.9653852e-01   1.8418519e-01   1.4794894e-01   4.5324377e-01   5.9167180e-01  -3.2824089e-01  -1.3735307e-01   6.1917636e-02   1.2636621e-01  -7.6932520e-02  -3.0236341e-01  -8.6997321e-02   4.3674512e-01   2.0053614e-01   3.2227516e-02   1.4270739e-01   5.7836115e-01
  -6.5189793e-01   3.6302116e-01   1.6262089e-01   2.9991625e-02   0.0000000e+00   3.2235238e-01   4.1982127e-01  -4.9440110e-01   1.1038072e-01   4.4164005e-01   1.2424963e-01   3.6041335e-01   2.2523290e-01  -2.4997363e-01   2.1815555e-01   3.7966754e-01   1.5957206e-02   2.8886256e-01  -4.8361714e-01   8.4107654e-01   1.4054513e-01  -2.9497840e-01  -1.3900600e-01  -7.2200909e-01  -2.0079373e-01  -4.1151398e-01   6.8481298e-01  -5.0323344e-01  -1.2248475e-01   1.1029783e-02  -4.6670008e-02  -3.3954785e-01  -2.4262322e-03   3.5396140e-01   3.3249295e-01   6.4868013e-01   4.2652114e-02  -5.2205785e-01   3.8149284e-01   7.1892051e-01   2.1145393e-01  -2.6444747e-01   8.8980401e-03  -4.1876593e-01   4.3786469e-01  -5.1275885e-01   3.6818239e-01   1.3942687e-01   4.2904276e-01   3.9105456e-01   3.0170248e-01  -5.5063312e-01   5.2910463e-01  -8.8606946e-02  -3.2105860e-01  -3.3872426e-01  -4.6366476e-01  -2.8314194e-01  -2.7929618e-02  -2.9712466e-01  -4.2811723e-01   4.9652428e-01   2.1922169e-01   8.4672593e-02   1.4587709e-01   3.7884296e-01   2.6333520e-01   1.3777549e-01   7.7428105e-02  -1.5088711e-01   5.9339069e-01   1.3425108e-01   3.8698869e-01  -3.8457283e-01  -2.7281298e-01  -4.5524252e-01  -5.1773930e-01  -2.2240981e-01   8.0367829e-01   3.0355293e-02  -4.9066189e-01   3.4117590e-01   1.2465992e-01  -4.4367832e-01  -6.1336762e-02  -4.8212866e-01   3.9094107e-01  -5.3806228e-01   2.8164046e-01  -6.5500016e-01   5.1156361e-01  -4.0447622e-01   5.4334813e-01  -1.1967377e-01  -5.1885710e-01   7.3253610e-01   1.7096200e-01  -4.0821967e-01   6.1266254e-01   1.4124807e-01  -3.8847291e-01   1.5969003e-01  -5.5116133e-01   6.4115564e-02   5.3483957e-02  -2.0681262e-01   1.2852527e-02  -1.0179211e-01   3.7241458e-01   4.3833496e-01   2.1495652e-01  -1.0716462e-01   1.3517688e-01  -6.2605613e-01  -5.0755146e-01   5.7158747e-01  -1.3170585e-01   2.4740171e-01  -3.3006373e-01   2.4837433e-02  -6.1168056e-01   6.5286912e-01   1.3097944e-01   7.6547086e-04  -5.4631290e-01  -5.1179908e-01   1.1672936e-01   3.9105696e-02  -2.0910406e-01   2.1885627e-01   3.9720195e-01   2.0636768e-01  -2.0484530e-01  -1.9633456e-01  -3.3029171e-01  -5.3960044e-01   7.0776425e-02  -1.8554341e-02  -5.3961370e-01  -6.3657128e-01  -5.8983291e-01  -2.8219926e-02  -2.3416924e-01  -2.9469195e-01  -2.6971153e-01  -5.9837650e-02   3.9724437e-01   4.3916460e-01   3.3057077e-01  -1.6877026e-01  -4.1012973e-01  -6.1343601e-01  -5.7713737e-01   2.1123531e-01   4.9370510e-01  -6.4260702e-01  -5.7922082e-01  -7.3972815e-02  -3.5532396e-01  -3.2068144e-01  -8.6987404e-02  -2.5800246e-01   3.4057255e-01   1.3173946e-01  -2.3788182e-01   3.3934920e-01   4.5454144e-01  -4.5524725e-01  -5.3250321e-01   4.2152142e-01   5.0540784e-01  -5.3199120e-01   3.8667961e-01   7.5956987e-04  -2.1934363e-01   2.3240538e-01  -2.1868817e-01
  -2.2116039e-01   1.4755581e-01  -1.3942796e-02   3.0979424e-01   3.2235238e-01   0.0000000e+00   5.2092156e-01  -4.4306187e-01  -3.3190836e-01   1.9844708e-01  -2.6027603e-02  -3.1272415e-02   3.7270659e-01  -4.4769170e-02   1.8280229e-01   5.7241590e-01  -1.4799218e-01   3.1588812e-01  -5.3321153e-02   4.7548597e-01   3.6055159e-02  -5.8543145e-02  -7.7204399e-03  -3.2668251e-01  -1.1996543e-01   2.2779059e-02   6.9776872e-01  -2.2518612e-01  -2.9834789e-01   3.6021773e-01  -2.8407256e-01  -7.1041532e-02   1.9275924e-01   1.2800713e-01   9.3096417e-02   6.5359018e-01  -5.9831678e-02  -3.1426135e-01   5.0991114e-01   4.3660359e-01   3.3129449e-01   1.3235446e-01  -4.5327211e-01  -4.7038504e-01  -5.4956031e-02  -1.9045960e-01   5.8988359e-01   2.9285434e-01   1.8465486e-01   1.3047977e-01   4.5667728e-01  -3.9825205e-01   1.1304453e-01  -1.2276581e-01  -2.4297573e-01  -1.0084282e-01   2.1808507e-01  -2.8254417e-01   1.4008582e-01  -5.7412972e-01  -2.8264350e-01   4.1215051e-01  -1.6689798e-01  -2.3866302e-01  -1.6564197e-01   4.9689539e-01   7.7278794e-01  -9.9002409e-02   5.5452065e-01   4.2659826e-01   1.3780735e-01   2.2457851e-02   1.4252408e-01  -3.6324923e-01  -2.2748320e-01  -3.4255337e-01  -1.5667467e-01  -3.2250513e-01   2.9231357e-01   1.0065419e-01  -4.1577126e-01   2.9362490e-01  -3.6583619e-02  -5.9263744e-02  -5.9882334e-02  -4.5302645e-01   1.9533544e-01  -4.5818256e-01  -2.5961353e-01  -2.1445156e-01  -1.3707697e-01  -1.5201460e-01   3.7178477e-01  -3.9620950e-01  -2.0094040e-01   4.4287285e-01   2.7157834e-01  -2.1066688e-01   5.1435556e-01   3.1197822e-01  -1.2684379e-01  -1.9958834e-01  -2.5580708e-01  -2.5194465e-02   5.1943086e-02   1.8696519e-01  -6.0383767e-02   4.1635471e-01   2.6257731e-01   1.3838830e-01  -1.0232892e-01   4.1187790e-02   6.9291318e-02  -8.7041645e-02  -3.4540112e-01  -2.7184857e-01  -9.7589869e-02   2.7304727e-01  -3.8746054e-02   3.0952468e-01  -2.7008142e-01   1.4085758e-03  -2.2387709e-01  -3.9197786e-01  -1.6024081e-01  -2.6282903e-01  -3.3376425e-01  -1.5796834e-01  -1.5341377e-01   5.5988319e-01   3.5363702e-01  -4.0923183e-02  -7.3072221e-02  -3.1746936e-01  -5.8921946e-01  -4.9031421e-01   2.2333171e-01   3.3350375e-01  -5.1539203e-01  -2.6399294e-01  -2.7404765e-01   5.9406960e-03  -4.5712885e-03   1.2304493e-01  -3.1014584e-01  -8.4752874e-02   4.4051325e-01   1.6915082e-01   3.1073568e-01  -2.9637267e-01   5.8368583e-02  -4.6014873e-01  -3.5467808e-01  -3.1228231e-01   1.1674491e-01  -3.8909080e-01  -1.9323731e-01   1.1645999e-01  -1.5742350e-01  -1.8001205e-01  -2.2114263e-01  -4.1986583e-02   1.1289058e-01  -8.1612423e-02   1.7160978e-01  -5.7296198e-02  -6.1480426e-02  -3.1944412e-01  -1.5102432e-01  -2.6321535e-01  -2.0454986e-01  -2.5834148e-01   2.0139378e-02   6.6497054e-01  -1.4750205e-01   3.1759937e-01   2.9812061e-01
  -5.1318937e-01   2.6726850e-01  -1.9049398e-01   1.6767095e-02   4.1982127e-01   5.2092156e-01   0.0000000e+00  -5.5619089e-01  -8.0745073e-02   4.6417189e-01   1.1355621e-01   1.8231030e-01   2.1617885e-01   3.9512813e-02   7.8350029e-01   4.4938875e-01  -2.5860123e-01   3.4746474e-01  -3.9431702e-01   5.8000279e-01   3.0280598e-01  -3.0747370e-01   5.1798832e-01  -5.0897702e-01  -3.5368592e-01  -5.1039422e-01   6.3628215e-01  -4.1483523e-01  -2.9558389e-01   2.7639478e-01   5.1220656e-02  -3.8920647e-01  -1.0503671e-01   6.1831323e-01   5.3794395e-01   6.7628321e-01   4.9095829e-02  -5.4006283e-01   4.4049048e-01   4.5393596e-01   6.1062795e-02  -2.4732847e-01  -1.9916127e-01  -4.6256694e-01   2.4098665e-01  -5.0189826e-01   4.3342799e-01   5.1504753e-01   1.0976024e-01   2.3434348e-02   4.9375650e-01  -6.1319826e-01   5.1669310e-01  -2.9433237e-01  -1.4474972e-01  -2.4365052e-01  -3.5377234e-01  -3.3596018e-01  -2.2355818e-01  -3.7773194e-01  -4.6687173e-01   4.4897260e-01   4.9486668e-02   1.1954736e-01   2.1816863e-02   7.2715928e-01   3.4463810e-01  -7.1241602e-02   7.8736934e-02   1.1766269e-01   3.5491300e-01   1.8112857e-01   2.5564330e-01  -4.1301419e-01  -3.6190329e-01  -5.3995360e-01  -5.3502236e-01  -2.6778475e-01   5.2297991e-01  -1.8627290e-01  -2.5506570e-01   2.9824349e-01   2.7904221e-01  -5.0041930e-01  -2.3594870e-01  -4.8861896e-01   3.4526964e-01  -3.1746875e-01  -1.2838662e-01  -4.2652812e-01   9.9035911e-02  -5.0210316e-01   6.9081427e-01  -1.6951354e-01  -4.8628717e-01   4.7892855e-01   7.1435993e-02  -4.4921801e-01   4.1714929e-01   6.7824569e-01  -1.4360187e-01   2.5638571e-01  -3.5630749e-01   1.5141299e-01   1.0586717e-01  -1.5496732e-01  -2.5487706e-01  -2.0555567e-01   4.4221135e-01   3.4396450e-01   4.1331421e-01   1.7246235e-02   1.4394797e-01  -4.2517074e-01  -3.3126430e-01   5.4467992e-03  -3.5914006e-01   1.9296118e-01  -1.1981215e-01  -1.5957456e-02  -5.9026947e-01   1.6098558e-01  -5.3799282e-02  -8.0594353e-02  -5.0215984e-01  -3.2201483e-01   1.1249478e-01  -1.9971939e-01  -2.6113579e-01   3.4658588e-01   3.3986727e-01   4.1143612e-01  -1.4597647e-01   2.2716258e-04  -4.7789102e-01  -5.3850977e-01  -5.8912320e-02   3.7113276e-01  -5.3031545e-01  -4.4466605e-01  -3.9637524e-01  -1.4074988e-01  -4.4325327e-02  -2.0242877e-01   2.7761578e-01   4.6077113e-02   7.2106155e-01   2.1654906e-01   5.5609687e-01  -2.6236630e-02  -2.0233639e-01  -4.2972679e-01  -6.1211605e-01   9.1614593e-02   1.6603702e-01  -5.3295094e-01  -5.5245230e-01  -2.4304578e-01  -5.1523027e-01  -2.1073964e-01  -2.0929646e-01  -8.3982108e-02   1.7012378e-01  -2.3016419e-02  -3.0040061e-01   2.7741357e-01   3.1434828e-01  -3.6204612e-01  -4.9651966e-01  -5.1875248e-03   1.9591640e-01  -5.5323819e-01   1.5773656e-01   2.1360961e-01  -2.2297289e-01   2.7700005e-01  -1.5267525e-01
   5.8863534e-01  -2.4698028e-01   2.1834859e-01  -7.3490507e-03  -4.9440110e-01  -4.4306187e-01  -5.5619089e-01   0.0000000e+00   3.8459188e-02  -3.6680413e-01  -2.9134950e-01  -4.0149156e-02  -1.3073464e-01  -1.0615874e-01  -3.9154805e-01  -5.0867165e-01   2.3649965e-01  -3.8443306e-01   5.4418777e-01  -5.4637192e-01  -4.1159167e-01   3.0681482e-01  -1.5023313e-01   6.6286090e-01   4.8866417e-01   4.0013069e-01  -6.1247396e-01   4.8888859e-01   3.0889804e-01  -3.6154528e-01  -1.9079802e-01   4.3734438e-01   5.9080806e-02  -3.9424022e-01  -2.6215932e-01  -6.6440963e-01  -1.5746607e-01   4.3360106e-01  -5.2439303e-01  -4.6233485e-01  -2.1658306e-01   3.3470691e-01   2.5644131e-01   4.3905365e-01  -2.6920050e-01   4.6131988e-01  -5.7123910e-01  -4.8207513e-01  -2.0624754e-01  -1.3245948e-01  -4.2014538e-01   8.6335853e-01  -4.2795390e-01   3.3396331e-01   1.6395597e-01   1.5976554e-01   2.7666049e-01   3.9903217e-01  -8.5889170e-02   4.5874301e-01   3.3082588e-01  -4.1049771e-01   8.6050021e-02  -2.2198525e-01  -2.0493482e-01  -4.5227275e-01  -4.5591309e-01   2.2705558e-01  -2.1334237e-01   3.9663460e-02  -3.2462773e-01  -3.3329606e-02  -3.9106591e-01   4.5439722e-01   5.2199056e-01   6.1977007e-01   3.8096643e-01   3.0203335e-01  -4.8129537e-01   1.6466400e-01   5.8646578e-01  -3.0653835e-01  -3.9868332e-01   6.3568852e-01   1.5044656e-02   6.9418899e-01  -4.4688612e-01   4.7897046e-01   9.2479169e-02   5.5147547e-01  -6.3048878e-02   4.2437617e-01  -3.8151309e-01   2.3276841e-01   4.1599260e-01  -4.3352775e-01   4.0968420e-02   6.5625316e-01  -4.1627614e-01  -3.0715050e-01   7.3251462e-02  -2.0043303e-01   5.6510731e-01  -1.4423869e-01  -3.2496422e-01   2.7868999e-01   9.9648861e-02   1.2389409e-01  -2.9638639e-01  -4.1193098e-01  -2.2677584e-01  -5.2335873e-02   4.0571491e-02   5.1481383e-01   3.7238511e-01  -1.4632018e-01   4.4250717e-01  -1.3626142e-01   4.4260493e-02  -3.7575760e-02   6.0163509e-01  -1.6515971e-01   1.6460823e-01  -4.8907365e-02   4.8707197e-01   4.0533313e-01  -1.9467532e-01   3.3715993e-01   2.5591614e-01  -2.6575767e-01  -3.2446465e-01  -3.7847245e-01   6.6326626e-02  -6.5461714e-02   5.0309523e-01   7.7162761e-01   1.2127131e-01  -2.7613492e-01   7.0295885e-01   5.8799284e-01   5.4708242e-01   6.4279735e-02  -1.2584060e-02   6.4042715e-02   8.0102952e-03  -1.9030179e-01  -4.3536456e-01  -3.4041515e-01  -4.1809051e-01  -1.3581490e-01   1.7055378e-01   5.8441410e-01   6.3395669e-01  -1.8645912e-01  -7.7527279e-02   6.3586124e-01   5.0274177e-01  -5.0877995e-02   3.2568367e-01   5.3087778e-01   3.4503559e-01   2.2736104e-02  -2.8285368e-01  -1.2737156e-01   2.4431578e-01  -1.2128797e-01  -3.2308106e-01   3.3307757e-01   3.8241355e-01  -1.0258846e-01  -1.3142036e-01   2.9391955e-01  -2.0136342e-01  -3.0607130e-01   5.1586347e-01  -3.0034753e-01   1.2918757e-01
  -2.6718125e-01   3.2632406e-01  -2.2067236e-01  -1.0286569e-01   1.1038072e-01  -3.3190836e-01  -8.0745073e-02   3.8459188e-02   0.0000000e+00   3.0869226e-01  -1.8728767e-02   2.7304248e-01  -1.5401689e-02   1.4229569e-01   2.1584642e-02  -2.7005973e-01  -1.4680182e-01  -7.0214503e-02  -2.7128446e-01   4.3443833e-02   1.3683768e-01   1.1173882e-01   5.1429340e-02  -1.6125451e-01  -1.2979155e-02  -6.7257307e-02  -9.3830332e-02  -1.1717176e-01   9.9219855e-02   6.3805138e-02   1.4182933e-01   4.8273470e-02  -2.7318196e-01   9.2367693e-02   4.0553147e-01  -7.5504591e-02   2.9206783e-01  -3.4463948e-01  -3.0677986e-01  -1.2322061e-02   1.9682194e-02  -3.7317351e-01   5.9409526e-01  -1.1596344e-01   3.8809785e-01  -3.2379499e-01  -1.8757442e-01   6.8298398e-02   7.2983278e-02  -1.3308582e-01  -3.4530820e-02  -5.9867038e-02   2.1688914e-01   7.7831206e-02   1.0235854e-01  -2.1276520e-01  -2.6796284e-01   1.2826632e-01   5.9906417e-02   5.2790123e-01  -2.1318489e-01   5.4783646e-02   4.5396752e-01   8.2621926e-02   3.9401717e-01   7.3237780e-02  -3.7481766e-01   8.5904887e-02  -3.2227728e-01  -4.2783986e-01   2.3612938e-01   2.2334579e-01   9.8814105e-02   1.9154550e-02   1.0014852e-02  -4.8601734e-02  -3.4991867e-01   2.0796527e-01   2.3332746e-01  -2.0658645e-02   7.2360319e-02   4.5680222e-02  -9.1525168e-02  -1.1844942e-01  -9.2173789e-02   8.8287580e-02   4.2203878e-01   1.6852720e-01   1.5444579e-01  -2.8105038e-01   5.1303436e-01  -3.4171002e-01   1.6251139e-02   5.5420027e-01  -4.2515287e-01  -4.2636589e-02   4.7710377e-02  -1.6037126e-01  -7.0412249e-02   1.0550780e-02  -1.0558908e-01   2.4273150e-01  -1.2437329e-01   6.7717161e-01   8.3882684e-02   9.8739931e-03  -3.3348916e-02  -2.0969426e-01   3.4974379e-02   9.4611095e-02   7.1647138e-02   1.2217551e-01   2.1341392e-01  -3.6860618e-01  -8.1441660e-03   2.7542072e-01  -4.4134401e-03   2.9746326e-02  -2.2203412e-01  -4.9562501e-03  -2.3762254e-01   3.2867164e-01   4.2488129e-01   3.5462937e-01  -3.9520630e-01   8.9363649e-02   3.5691598e-01   8.2476800e-02   1.5881515e-01  -2.8854901e-01  -1.6395891e-01   8.1740163e-02   9.6005221e-02   1.5545799e-01   3.1548134e-01  -3.7336326e-03   4.0074271e-03  -7.7793936e-02   1.0224654e-02  -2.8379825e-01  -7.0515938e-02  -5.3019949e-05  -2.1934587e-01  -3.1280775e-01   1.6924155e-01   4.6382921e-02  -7.6130018e-02   2.0280376e-01   7.2664903e-02   1.4343576e-01  -4.4331806e-01   6.9288664e-03  -6.5148993e-02   2.5848146e-01   1.0001772e-01  -1.4493373e-01  -2.7562517e-01   2.9784633e-02  -1.9802591e-01   8.0985176e-02   1.8107646e-01  -1.6756895e-01   1.7813142e-01   1.9069862e-01  -1.0057844e-01   1.4176919e-01   2.0750908e-01  -2.1162991e-01  -1.9887884e-01   1.8871184e-01   5.2299194e-01  -2.1970880e-01   2.6228627e-01  -3.4399164e-01  -9.2105928e-02  -1.5951696e-01  -5.7903604e-02
  -5.6833335e-01   3.0467392e-01  -1.4562517e-01  -1.1459303e-01   4.4164005e-01   1.9844708e-01   4.6417189e-01  -3.6680413e-01   3.0869226e-01   0.0000000e+00   3.8774772e-02   2.7055635e-01   2.1389533e-01  -9.3695557e-02   3.3037272e-01   2.1366432e-01  -2.1732077e-01   1.2701660e-01  -4.4313632e-01   5.4798586e-01   3.2943058e-01  -2.7431317e-01   2.3519736e-01  -5.1762946e-01  -2.3282086e-01  -3.3096399e-01   4.8940849e-01  -4.8933132e-01  -9.7310995e-02   6.8634724e-02  -5.4956418e-04  -2.9212448e-01  -2.8974729e-01   5.2576577e-01   4.7478406e-01   4.5911299e-01   2.8174716e-01  -5.2904073e-01   1.9725726e-01   4.5109835e-01   9.6037816e-02  -4.0796811e-01   2.0713893e-01  -4.6887607e-01   4.5456901e-01  -5.3869298e-01   1.5409764e-01   1.8743410e-01   2.1585840e-01   1.7053816e-01   2.3295440e-01  -3.6954593e-01   4.6922996e-01  -1.2304368e-01  -1.6779569e-01  -3.9779489e-01  -4.6831245e-01  -2.3346631e-01  -2.2229944e-01  -1.0387454e-01  -5.2880867e-01   4.3006966e-01   2.6480878e-01   8.7046136e-02   2.2068075e-01   6.3835564e-01   7.5657708e-02  -5.3671205e-02  -7.9185055e-02  -2.2544937e-01   3.7639972e-01   1.7396924e-01   1.2952784e-01  -4.5477898e-01  -2.9269401e-01  -3.7516159e-01  -5.2330038e-01  -1.4775665e-01   5.7838747e-01  -6.7709804e-02  -3.8139551e-01   2.3210662e-01   1.1939863e-01  -4.0002480e-01  -1.6538236e-01  -3.1762761e-01   4.3798434e-01  -3.5166512e-01  -3.2719683e-02  -5.0445960e-01   4.9465514e-01  -5.6288453e-01   5.3481406e-01   7.6639768e-02  -5.8865827e-01   5.0025228e-01   3.9321076e-02  -3.5198564e-01   2.7045264e-01   4.3930206e-01  -3.9952426e-01   2.3357217e-01  -5.5418850e-01   2.3505967e-01   2.6775132e-03  -1.7095357e-01  -8.3116046e-02  -1.4729396e-01   4.9016377e-01   3.5097460e-01   1.9189654e-01  -1.0541560e-01   1.9304509e-01  -5.3348386e-01  -5.4903425e-01   2.8489581e-01  -1.1932418e-02   1.5152488e-01  -3.5296423e-01  -7.5553623e-02  -4.6188441e-01   4.6626968e-01   3.0208664e-01   6.8386053e-03  -5.0365427e-01  -5.0394837e-01   3.0792702e-01  -1.5124068e-01  -2.3494181e-01   8.5551115e-02   1.4897654e-01   2.7831339e-01  -2.3300943e-01   1.9236024e-03  -1.8459858e-01  -4.3715044e-01   5.4246190e-02  -3.1341665e-03  -4.0858090e-01  -5.3173318e-01  -4.2817121e-01   9.8273769e-02  -1.2239987e-01  -4.1979462e-01   5.1036150e-03  -1.4125809e-01   3.8341433e-01   4.1875163e-01   3.8446500e-01   6.1544733e-02  -5.0229857e-01  -5.4470398e-01  -3.7221731e-01   1.7130727e-01   2.4946107e-01  -4.7950974e-01  -4.6848587e-01  -1.2580952e-01  -4.6749953e-01  -2.5703783e-01  -2.0895198e-02  -2.8508170e-01   4.5622161e-01   7.2206087e-03  -2.0341764e-01   3.4680088e-01   2.9146235e-01  -5.1937342e-01  -3.1524260e-01   2.4725454e-01   4.6774860e-01  -3.2989163e-01   2.6033945e-01  -1.0869717e-01  -1.4469924e-01   1.7887794e-01  -2.3352332e-01
  -5.1851028e-01  -8.9927887e-02  -3.1291359e-01   2.1613449e-01   1.2424963e-01  -2.6027603e-02   1.1355621e-01  -2.9134950e-01  -1.8728767e-02   3.8774772e-02   0.0000000e+00  -4.0307013e-01   1.2255602e-02   7.9109014e-02   3.4879731e-01   3.1620830e-01  -1.3300327e-01   6.4701578e-01  -3.4540817e-01   1.0029095e-01   5.6351977e-01  -1.8062436e-01   3.1660306e-02  -4.1051054e-01  -3.8511977e-01  -3.0607176e-01   1.6909809e-01  -1.8659199e-01  -3.3694529e-01   5.0183766e-01   6.8795261e-01  -8.0522929e-02   1.6125443e-02   8.9116638e-02  -1.5437396e-01   4.9023110e-01   3.2194765e-01  -8.1163753e-02   3.8601347e-01  -5.8654260e-02   2.2158674e-01  -3.0742871e-01  -2.6819119e-01   1.4389840e-01   4.2094522e-01  -2.9925269e-01   6.1059638e-01   5.5942671e-01   4.4061664e-01  -1.1185173e-01   5.7226606e-01  -2.9239588e-01   3.2545526e-01  -2.3050130e-01   9.9729948e-02   2.0908657e-01  -2.0393045e-01  -9.4161768e-02   3.2783127e-01  -2.2631375e-01  -2.1163720e-02   2.7983098e-01  -9.7047070e-02   7.4450886e-01   6.4906049e-01   2.3005467e-01   1.6190789e-01  -3.5112287e-02   1.7611715e-01  -2.3321164e-01  -1.6911927e-01   3.9952348e-01   4.4393672e-01  -4.7873878e-01  -3.6953461e-01  -2.7634059e-01  -1.9178896e-01  -1.7994976e-01   2.0096679e-01   3.9671918e-02  -1.6620288e-01   2.5437451e-01   4.2108905e-01  -3.6419479e-01   3.1822793e-02  -2.2898999e-01  -5.4267514e-02  -1.3950769e-01  -1.9309774e-01  -3.9318803e-01   1.1140539e-01  -2.6031792e-01   5.9231304e-03  -9.9842728e-02  -1.4023310e-01  -7.9725339e-02   1.8621399e-02  -4.0097014e-01   2.2503869e-01   2.2358151e-01   6.1352881e-02   2.8322017e-01  -2.1487498e-01   4.7635817e-02   6.4700332e-01  -1.3192633e-01  -7.7430155e-02  -1.1856384e-01   2.6739096e-01   4.6982268e-01  -8.0725927e-02   3.9071304e-01   9.9257259e-02  -4.7646050e-01  -6.3788377e-02   6.0072991e-02  -1.3896623e-01   2.2775859e-01   2.6973187e-01   2.1182029e-01  -3.2905586e-01  -6.4277835e-02  -4.3596481e-01   5.1449352e-01  -3.2335128e-01  -4.1205270e-01   5.3699815e-01  -1.7299752e-01   1.3474677e-02  -2.0604641e-02   3.5159425e-01   8.0628821e-01   4.3947408e-02   5.7311165e-01  -1.8822105e-01  -2.9905921e-01  -4.5697962e-02   2.4914480e-01  -2.2133610e-01  -4.1659731e-01  -3.8601961e-01  -1.9734169e-01   3.3226905e-01  -2.7424623e-03   3.0450595e-01   7.5162216e-01  -1.8521622e-01   4.6807263e-01   3.8661670e-01   4.7579052e-01  -1.8411950e-01  -1.8157732e-01  -2.5991087e-01   6.7694711e-01  -3.1528738e-01  -3.4370406e-01  -2.7466704e-01   2.0140656e-01  -1.1129333e-01   8.2776814e-02  -2.0374516e-01   4.2892185e-01   3.7353149e-01   7.3077600e-01  -1.6128423e-01  -1.2786837e-01   4.2126205e-01  -3.8122200e-02  -2.4524241e-01   2.6002409e-01   5.3348922e-02  -8.9221440e-02   5.7324572e-01   7.7229837e-02  -3.5504369e-01   2.2627985e-01  -1.7158729e-01
  -1.6903349e-01   6.3890116e-01   3.6951358e-01  -3.7452729e-01   3.6041335e-01  -3.1272415e-02   1.8231030e-01  -4.0149156e-02   2.7304248e-01   2.7055635e-01  -4.0307013e-01   0.0000000e+00   3.8560403e-02  -2.7675030e-01  -6.0724456e-03  -4.1212261e-02   1.9949240e-01  -4.6419642e-01  -1.9346235e-01   4.0191623e-01  -3.5449207e-01  -2.6126727e-01  -2.1716093e-02  -2.3885099e-01   1.0625548e-02  -2.3146056e-01   1.4098978e-01  -1.8097835e-01   1.9730470e-01  -5.6302067e-01  -3.2337424e-01  -3.2893913e-01  -3.3125939e-02   5.0025673e-01   5.7872394e-01  -7.0591981e-02  -2.8580017e-01  -2.9979552e-01  -8.3466422e-02   4.7451219e-01  -1.1713554e-01  -4.3379550e-02   4.5256081e-01  -2.0685542e-01   1.1143033e-01  -1.9436802e-01  -3.1599343e-01  -3.1135155e-01  -2.6140148e-01   3.1313423e-01  -2.9029839e-01  -6.5232477e-02   2.4716478e-01   5.0191698e-02  -2.5839943e-01  -2.4681866e-01  -2.4424587e-01  -1.7157081e-01  -3.7414322e-01   4.1977002e-01  -2.4091175e-01  -4.7195159e-02   2.8907887e-01  -1.5340854e-01  -3.3639389e-01   2.4575498e-02  -1.8414943e-01   1.4834644e-01  -3.0923914e-01  -7.8456355e-02   5.9434030e-01  -2.7866297e-01  -2.9372807e-02   2.5181382e-01   8.9422345e-02  -5.6605264e-02  -2.9856925e-01   1.0921804e-01   4.9366650e-01  -1.5036622e-01  -1.8850232e-01   1.1483810e-01  -1.5254408e-02  -1.9637402e-02   3.6035579e-02  -2.0051071e-02   2.9968731e-01  -2.7078883e-01   3.5960105e-01  -2.4985331e-01   3.6594691e-01  -2.0450394e-01   5.5589655e-01   1.6977094e-01  -3.5044295e-01   3.1654122e-01  -1.0396669e-01  -5.5425589e-02  -1.4084007e-02  -1.5192775e-01  -2.4242624e-01   3.7289205e-01  -2.6678953e-01   1.5398892e-01  -4.6845319e-01  -2.9195231e-01   3.6471618e-03  -1.5275626e-01  -1.7375045e-01  -1.0346606e-01   5.5095350e-01  -4.7713979e-01  -1.3681677e-01  -2.2825755e-01  -2.2914298e-01   4.9581608e-01   4.0541723e-02  -2.6526000e-02  -2.8973404e-01  -3.6011003e-01  -2.3830038e-01   6.1139042e-01   5.1854027e-01  -1.8370659e-01  -2.3657525e-01  -2.5385218e-02  -4.2804663e-02   1.0480090e-01  -2.3947464e-01   1.0878756e-01   3.7434347e-02  -2.8925237e-01  -2.7855419e-02  -4.1322080e-01  -1.9585602e-02  -7.8314503e-02  -7.3196317e-02  -2.4758026e-01   1.3749445e-02  -2.1896760e-01  -1.9506283e-01   1.5074174e-01  -2.5174600e-01  -1.5888720e-01  -5.3936032e-02  -4.7679038e-01   5.1932559e-01  -1.9822498e-01  -1.1499975e-01  -4.3356123e-01  -1.2147406e-01  -1.6849124e-01  -1.8291481e-01  -1.6482150e-01   7.2914248e-01  -2.4210738e-01  -3.2050483e-01  -2.0167603e-01  -1.8551897e-01  -2.7843585e-01   3.2474123e-02  -2.6664116e-01  -2.7850123e-01  -3.8752739e-01  -2.8802599e-01   6.5012011e-01   1.8330708e-01  -2.8464763e-01  -1.9658929e-01   2.3853758e-01   6.2286034e-01  -2.9581299e-01  -2.2009599e-01  -1.3107540e-01   1.8948147e-02   4.8531633e-02  -3.1110788e-01
  -2.1046819e-01  -1.9376743e-02  -1.2666347e-01   1.8805284e-01   2.2523290e-01   3.7270659e-01   2.1617885e-01  -1.3073464e-01  -1.5401689e-02   2.1389533e-01   1.2255602e-02   3.8560403e-02   0.0000000e+00  -1.1892622e-01   9.0867605e-02   3.6910621e-01  -1.8628613e-01   1.7473941e-01   7.7622322e-02   3.4044365e-01  -4.4543875e-02  -3.3809776e-02  -3.7542787e-02  -3.0597302e-01   9.1346676e-03   5.5282661e-02   3.8484622e-01  -3.3786397e-01   1.3450597e-03   8.7276716e-02  -8.7906744e-02   4.8999128e-02   1.8906937e-01   1.3110832e-01   1.3612244e-01   3.4342181e-01   4.6142625e-02  -2.2388377e-01   3.9898159e-01   3.2636922e-01   6.7758041e-01   2.9608887e-02  -1.0329709e-01  -2.8743178e-01   8.2402383e-02  -3.1308456e-01   3.5659054e-01   5.4236772e-03   2.5877145e-01   1.2445603e-01   2.4450316e-01  -1.1573251e-01   1.6306738e-01   8.7543374e-02  -5.5504142e-02  -3.3549049e-01   4.4692866e-02  -6.3006369e-02   2.4628175e-01  -2.6829705e-01  -2.6582289e-01   1.0601750e-01   8.2825999e-02  -1.3706406e-01   3.4299240e-02   1.8418987e-01   3.7785775e-01  -4.7053217e-03   3.7563379e-01  -1.4812626e-01   1.6025270e-01   8.7013340e-02   4.3851778e-01  -3.9740099e-01   1.4548912e-01  -1.0694715e-01  -1.9686554e-01  -7.7772090e-02   1.9033571e-01   3.6871232e-01  -2.4938450e-01   5.9151817e-01  -4.6299027e-02  -5.1395417e-02  -2.1170409e-01  -7.9704063e-02   1.2470418e-01  -1.9058503e-01  -1.4519748e-02  -2.2770384e-01  -1.5432524e-03  -2.5839147e-01   2.3956165e-01  -7.8008039e-02  -2.0860891e-01   3.3123945e-01   3.9787294e-01   2.7615150e-02   3.1311994e-01   1.1785166e-01  -1.4186715e-01  -5.6237405e-02  -2.1457330e-01  -6.8193418e-02   9.9225937e-02   1.7386298e-01   3.5115326e-02   3.4148793e-01   3.0131418e-01   9.7577756e-03  -1.8299578e-02  -3.5619897e-02   1.5302178e-01  -2.6662988e-01  -2.5630541e-01   2.9736914e-02  -8.2753410e-02   7.6460556e-01  -2.9294457e-01   2.9753427e-01  -2.6931046e-01   1.0428509e-01   2.9857031e-02  -9.9837516e-02  -2.5515403e-01  -3.4507333e-01  -4.6311108e-02   2.1829625e-01  -5.1670125e-02   8.4028321e-02   5.9835133e-01  -3.9714950e-03  -2.0074561e-01  -2.0642410e-01  -2.1663037e-01  -2.0182304e-01   4.3268951e-01  -6.6631394e-02  -2.1606928e-01  -2.3825134e-01  -1.2879146e-01   4.5678766e-01   2.4781473e-02  -3.0014561e-01  -1.0315652e-01  -1.3035051e-01   2.1060146e-01   1.3480010e-01   1.7636492e-01  -1.8481986e-01  -2.9952897e-01  -3.7621930e-01  -2.7592764e-01  -1.0324187e-01   9.0983421e-02  -2.2553203e-01  -2.2382301e-01   2.6333891e-01  -2.6079078e-01  -6.9533397e-02  -1.0935498e-02  -8.2052010e-02   7.2603626e-02   3.5395371e-02   1.8666481e-01   1.5167990e-01   1.7809784e-01  -3.5189424e-01  -1.7386754e-01   8.8750337e-03   3.8748633e-02  -1.9974321e-01   4.8138761e-02   8.0581755e-02   4.4930246e-02   2.2486045e-01   1.9044556e-01
   3.7213378e-02   6.6752424e-02  -3.2152118e-01   1.0946834e-01  -2.4997363e-01  -4.4769170e-02   3.9512813e-02  -1.0615874e-01   1.4229569e-01  -9.3695557e-02   7.9109014e-02  -2.7675030e-01  -1.1892622e-01   0.0000000e+00   2.7991600e-01  -3.7293638e-02  -1.3801113e-01   4.0770401e-03   6.0951982e-02  -2.0108176e-01   1.9919002e-01   1.0040343e-01   3.6961438e-01   1.0127442e-01  -2.1886280e-01  -2.9363292e-02  -8.4192691e-02   1.0115792e-01  -1.2324811e-01   2.6925255e-01   4.8941058e-01  -4.1594899e-03  -1.4432442e-01  -4.4442435e-02   6.6539763e-02  -5.4678091e-03   3.7811303e-01  -1.4159137e-01  -6.0927263e-02  -1.9107256e-01  -2.7685304e-02  -2.2041621e-01  -1.6964292e-01   5.5150754e-02  -1.2765138e-01  -1.9238880e-01   2.6678065e-03   4.4473365e-01   1.3073204e-01  -2.9072106e-01   3.1177640e-02  -1.6277710e-01  -1.4559670e-02   9.0414500e-02   7.6329585e-01   2.4215782e-01   2.2665908e-02  -6.3977645e-02   1.9083069e-01  -7.9851376e-02  -6.5316634e-02   1.3183839e-01  -3.6373907e-02   2.0876668e-01   3.0118158e-01  -3.6960089e-02   1.1096197e-01  -9.5628890e-02  -2.5340223e-02  -3.4775647e-02  -1.0215140e-01   2.8824628e-02   5.4252576e-02   6.0358864e-02  -7.9319608e-02  -1.4450211e-01  -1.2310055e-01  -4.3420012e-02  -1.9989081e-01  -4.5895623e-02   2.0658604e-01   1.1275562e-01   2.9784644e-01  -1.5587522e-01   3.4944282e-01  -1.3496564e-01   3.7168300e-01   5.2512734e-01  -8.5333618e-02   3.9058452e-02  -2.6709325e-01  -1.8967320e-01  -4.1043504e-02  -7.7049718e-02  -1.6035114e-01  -2.4734431e-01  -6.1457515e-02  -1.8065688e-02  -1.3306609e-01   2.7756816e-01   6.0944531e-01   4.9550224e-02   2.1771786e-01   3.8802236e-01   1.5369458e-01   2.4360848e-02   6.2252763e-02  -9.3858865e-02   3.0080910e-01   3.9362169e-02   9.4477673e-02   2.4872655e-01  -5.1852816e-02  -2.3102540e-02   4.0395532e-01  -1.9181417e-01  -3.1091827e-01   4.3649198e-02   3.4471525e-01   1.0389160e-01  -1.3350942e-01  -2.8073908e-01  -2.1528074e-01   4.2531360e-01  -2.0199218e-01   3.5438131e-01   1.1365973e-01  -3.8924082e-02  -8.5905189e-02   1.1169899e-02  -5.9397930e-02   2.6002522e-01   5.2489813e-01   3.4683840e-01  -1.4312252e-01  -4.6819847e-02  -1.3277895e-01   4.3858166e-01  -1.5020388e-01   1.4619561e-02   2.6733810e-01  -1.8605620e-01  -1.8701197e-01   7.2393549e-02   3.6988095e-01   4.2386019e-01  -2.3214791e-02  -2.2884748e-01   5.0528727e-02   3.6617641e-01   1.8898544e-01   2.2224882e-01  -3.5383572e-02   3.2375794e-02  -2.6641232e-01   3.7936246e-02  -1.5911925e-01   1.4664335e-01  -2.1353093e-01   1.7367329e-01  -1.5752065e-01  -1.5024949e-01  -3.9520024e-02  -3.5108938e-02  -7.6145620e-02  -8.6424444e-02  -5.8446689e-02   2.0323049e-01  -1.4173383e-02  -4.2830060e-02  -1.2928666e-01  -2.0402500e-01  -5.9994802e-02   1.0017794e-01  -8.3883453e-02  -1.5361782e-01   1.2979972e-01
