   0.0000000e+00  -2.5165256e-01  -4.0203161e-02   2.1658731e-01  -2.9097560e-01   1.9860189e-02  -2.3956816e-01   4.1626017e-01   4.7719127e-02  -3.1854644e-01   1.1065977e-01  -2.2993055e-01  -4.7138342e-01   1.4340961e-01   7.3386307e-02  -4.6456838e-01   9.9858021e-02   5.2966462e-02   2.4140775e-01  -3.3923126e-01   1.6200364e-01   4.0412391e-01   2.5692694e-02   6.0967701e-01   1.3721247e-01   3.1082823e-01  -2.9583594e-01   1.5545605e-01   1.2666055e-01   2.1645738e-01  -2.1862698e-02   4.2559630e-01  -2.6521096e-01  -2.2627831e-01  -8.4989566e-02  -3.5166204e-01   2.8422863e-02  -3.5226167e-02  -5.1411950e-01  -3.3715352e-01  -4.4803008e-01  -1.3297592e-01  -2.0516321e-03   3.5087404e-01   2.5151127e-02   5.9859857e-01  -1.5060380e-01  -1.3984860e-01   2.8044556e-01  -1.3293454e-01   4.1032195e-02   3.7001877e-01  -4.7765969e-01  -3.3351763e-02   1.7401713e-02   2.7712133e-01   4.3934505e-01   3.6475293e-01   6.9459403e-02   2.4232731e-01   2.3166512e-01  -1.0697351e-01  -1.0332977e-01  -1.5941931e-01   5.0552902e-02  -3.2044407e-01  -9.0649374e-02  -5.4024733e-02   3.1443231e-01   3.1610383e-01  -3.4434920e-01   7.4061756e-02  -3.6913816e-01   6.4286453e-01   2.9756274e-01   3.0491036e-01   1.8344666e-01   3.4457626e-01  -3.3820790e-01   8.3342635e-02   1.3627101e-01  -3.7265477e-01  -1.6277645e-01   3.5967521e-01   1.5315115e-01   3.7203319e-01  -1.0021678e-01   2.6144048e-01  -1.2371987e-02   7.2095156e-01  -2.5829038e-01   1.9832253e-01  -4.2617104e-01   8.5446770e-02   4.4794628e-02   2.9585244e-03  -7.4288017e-02   4.0123712e-01  -2.8025818e-01  -2.2085788e-01   5.7668028e-02  -2.7844189e-02   3.2462414e-01   2.0925604e-01   2.2347107e-01   3.8608467e-01   3.6702333e-02   4.9609314e-01   9.4590659e-02   6.8321476e-02  -3.8788493e-01   3.2740696e-01   2.2121626e-01   7.2182961e-01  -1.0905025e-01  -3.0200064e-01   3.4018790e-01  -3.8357474e-01  -2.1951553e-01   2.3929069e-01   3.6580363e-01  -2.7655253e-01  -9.6999024e-02  -9.7913106e-02   4.4596978e-01   2.9020905e-01   1.8758959e-02   2.1467030e-02   4.4871622e-01   1.0068057e-01  -4.4512941e-01  -3.4135427e-01   4.3558161e-01  -7.8651265e-02   1.3983338e-01   3.5810219e-01   1.6317657e-01  -2.9100124e-01   4.0969568e-01   5.5138689e-01   6.3041895e-01  -2.4976174e-02   2.2816004e-01  -2.1136894e-01  -2.2392720e-01   2.0350929e-02  -2.6560367e-01  -1.9519292e-01  -4.0404931e-02  -1.1364069e-01   4.2625638e-01   3.3687468e-01   3.1365500e-01   4.9364975e-02  -3.8427823e-01   5.4740839e-01   4.6925492e-01  -1.3876792e-01   2.0782485e-01   2.6997223e-01  -2.0761966e-01   2.4249038e-01  -2.5462501e-01   2.1541721e-01   4.9243223e-01  -3.0692316e-01  -9.4218165e-02   2.6601976e-01   4.9333006e-01  -3.4589765e-01  -2.6060394e-01   3.9857862e-02   1.4070333e-01  -1.9187293e-01   1.9294554e-01  -1.5270245e-01   3.3686122e-01
  -2.5165256e-01   0.0000000e+00   2.7718797e-01  -9.4741764e-02   1.0143133e-01  -1.0626835e-02   7.6885450e-02  -2.4586186e-01   6.9810434e-02   1.9294270e-02  -1.5427931e-01   5.1866263e-01  -7.9039308e-02   1.9846457e-01   6.9878635e-02   1.7663038e-01   1.8745803e-01  -1.3129205e-01  -9.2841693e-02  -2.0093340e-02  -3.2265224e-02   9.4589340e-03  -2.1908414e-01  -3.8711952e-01  -3.0487676e-03  -7.5701545e-02  -1.3930751e-01  -1.2728572e-01  -4.5757606e-02   1.0564254e-01   2.9743291e-01  -1.0548005e-01  -9.1069225e-02   1.3894082e-01   2.0372662e-01  -2.2080997e-01  -2.1245603e-01  -1.3696674e-01   1.2220298e-01   1.6157757e-01  -7.6233276e-02  -6.6643947e-04   2.1220494e-01  -7.3094339e-02  -2.6081586e-02  -3.2416478e-01  -2.8338366e-01   1.9462156e-01  -2.1900268e-01   1.1617223e-01  -1.5833089e-01  -8.2094079e-02   5.2235561e-01   4.0530166e-02   2.1161381e-02  -2.6263286e-02   4.5490591e-02  -6.0838283e-02  -2.2613751e-01  -3.4328692e-02  -2.0165503e-01   4.7601993e-02   3.4205191e-01   1.4592514e-01   1.6491114e-01   8.7250052e-02   2.0574786e-01   9.2780523e-02  -2.4975661e-01   9.1332042e-02   3.8108181e-01  -1.1233651e-01  -4.9148093e-02   7.0849013e-02   7.8856396e-02  -1.7766229e-01  -1.9361419e-01   1.1566556e-01   3.3692314e-01  -1.3218806e-01  -1.0013072e-01   3.3330512e-02   3.8264913e-01  -1.8124281e-01   3.7185605e-01  -1.9483202e-01   1.8554334e-01  -3.1544873e-01   2.9923855e-01  -3.4429435e-01   2.6119579e-01  -4.0213995e-02   1.9058351e-01  -9.5612779e-02  -1.3706168e-01  -3.2405465e-01  -1.1123491e-01  -2.3454965e-01   2.2363376e-01  -2.3695679e-01   2.2797557e-01   4.4022491e-02  -1.4517011e-02   3.5849918e-02  -8.9356532e-02  -6.5395896e-03   2.9637796e-03  -3.5875524e-01  -1.8581196e-01  -2.5149125e-02   2.3581829e-02   2.9059970e-02  -4.9701823e-02  -3.2931000e-01  -1.1282853e-01   2.8128135e-01   3.3033270e-02  -1.6433813e-01   1.9335553e-01  -1.5591184e-01  -2.9930693e-01   1.1785751e-01   2.8828842e-01   1.9158959e-01  -2.7325306e-01  -2.0521196e-01   7.0514952e-02   1.8953765e-02  -1.7688527e-01   4.8726967e-02   9.7956260e-02   7.9278702e-02   5.9651395e-02   1.9888213e-01   1.7969340e-01  -1.8292175e-01  -9.6880435e-02   4.0478795e-01  -1.6174345e-01  -2.3792191e-01  -3.5862955e-01  -1.9860900e-01  -5.8294672e-02   3.2017636e-01   1.9655958e-02   1.3943206e-01   1.6812857e-01  -1.4394711e-01  -1.6102421e-01  -6.2900157e-02   3.0783975e-03   8.8608258e-03  -2.6411746e-01  -8.1631083e-02   4.0242455e-01  -3.7830731e-01  -3.5968652e-01  -2.9801939e-01  -1.3714168e-01  -1.8357434e-01   7.1203773e-02  -1.7228470e-01   3.0963051e-02  -1.3445816e-01  -3.0407471e-02   2.5221264e-01  -1.6664175e-01   3.6495880e-02  -3.2018225e-01   3.6614570e-01   1.8049482e-01  -1.1636432e-01  -1.1954603e-01   4.1394487e-01   4.5433418e-02  -4.6707788e-02   2.2783420e-02
  -4.0203161e-02   2.7718797e-01   0.0000000e+00  -3.7400147e-01   2.8296125e-01  -1.0345238e-02  -3.5450469e-01   3.2215243e-03  -9.5132002e-02   4.3822083e-02  -4.6799137e-01   3.1218450e-01   3.3106491e-02  -1.4154192e-01  -4.2842995e-01   1.4148737e-01   8.5640521e-01  -4.8034514e-01   1.2830855e-01   2.9065678e-01  -5.7302702e-01  -1.8903926e-01  -5.2646819e-01  -1.5028339e-01   1.9767853e-01   1.1292611e-02   3.3056067e-01  -2.4744978e-01   2.2109930e-01  -3.7560997e-01  -4.2511238e-01  -1.1724462e-01   3.8466142e-01  -4.1726610e-01  -2.6991777e-01  -9.1478501e-02  -2.5448088e-01   1.9432740e-01   1.8221942e-01   5.9826817e-01  -6.1562623e-02   4.8882224e-01  -2.8225069e-02  -6.4967696e-02  -4.2668367e-01   7.5189100e-02  -2.9101820e-01  -4.2745582e-01  -2.4991020e-01   7.1996111e-01  -5.6261126e-01   6.8552362e-03   5.5045435e-02   3.5364368e-01  -9.5946009e-02  -3.3506263e-01  -2.7737768e-03  -1.4451735e-01  -4.5303324e-01  -3.7512235e-01   3.6057405e-01  -1.3188854e-01   2.5819489e-01  -2.7124297e-01  -2.6811321e-01  -7.6494390e-02   3.8412804e-01   2.5778136e-01  -1.4322266e-01   4.7515755e-01   4.8405185e-01  -2.8967364e-01  -4.3144045e-02  -5.1302657e-02   3.7733204e-01  -7.4261873e-02   1.7694410e-01  -4.6154344e-02   2.4752700e-01  -2.7642971e-01  -1.5357895e-01  -8.5393863e-02  -1.7000018e-01   1.7235037e-01   3.0869266e-01  -6.0855783e-02  -4.0897465e-01   6.1047449e-02   3.1058463e-01  -7.5466365e-02   4.4963219e-02   5.4294187e-01   3.1037231e-01  -1.7896459e-01   2.2648925e-01  -4.8193956e-02   5.1866380e-02   6.2882809e-02   2.8088888e-01  -4.1704048e-01   3.5131143e-01  -4.5204337e-01  -1.7935299e-01  -2.2676499e-01  -5.0534399e-01  -8.4988854e-02   4.1989662e-01  -7.1625659e-02  -4.4028386e-01  -4.0449122e-01  -1.4969331e-02  -2.9576894e-01  -2.2577341e-01  -1.6215367e-02   7.3890361e-02   9.5550077e-02  -1.4583318e-01  -1.5781722e-01   1.3364551e-01  -2.2188086e-01  -9.4389635e-02  -1.3111353e-01   1.4927288e-01  -4.4339527e-01   3.2047082e-02  -1.0161490e-01  -5.0086805e-01   4.0176409e-01  -2.4600855e-01   4.6517606e-01   2.0767974e-01  -4.8072207e-01   6.7208095e-02  -3.7467483e-01  -2.3774113e-01  -5.2388607e-02   1.7813539e-01   1.7411843e-01   1.4718397e-02   6.2363844e-02  -3.6306184e-02   2.1600032e-01  -2.2451982e-01   2.3890471e-01  -4.6158132e-01  -5.5807862e-01   5.2268264e-01  -2.4727960e-01  -4.9000573e-01  -5.2559874e-01  -4.2056212e-02  -9.4549991e-03   3.4967940e-01  -9.2357271e-02   7.6160351e-01  -7.8864661e-02  -4.7197852e-02  -4.9776303e-01   5.2520601e-01  -2.2310677e-01   2.8808593e-01  -2.1301789e-01  -1.0100168e-01  -4.5971141e-01  -9.8008327e-02   1.5546112e-01  -4.7633612e-01  -3.3908697e-02  -1.9701013e-02   1.2597150e-01   1.8661278e-01   2.3622066e-01  -3.8790141e-01   3.0621846e-01  -1.2401649e-01   3.0034922e-01  -1.1381828e-02
   2.1658731e-01  -9.4741764e-02  -3.7400147e-01   0.0000000e+00  -2.4818242e-01   2.1310451e-01   1.4649155e-01   2.4446416e-01  -3.0529927e-02  -1.7581543e-01   3.3482688e-01  -2.2442872e-01  -2.8136190e-01   1.6243833e-01   3.5252117e-01  -2.8499800e-02  -2.9747843e-01   6.3171758e-01  -1.3281198e-01  -2.3174981e-01   3.3284281e-01   5.9608328e-01   2.7326345e-01   1.3489353e-01   4.2977751e-02   6.4409339e-02  -2.4333674e-01  -2.6915547e-02  -1.0034181e-01   3.8001083e-01   2.1003573e-01   5.5293121e-01  -2.1997848e-01  -1.9015002e-02   1.6722259e-01   2.8233389e-02   2.8120033e-01  -5.6062294e-02  -1.7903809e-02  -5.1033576e-01  -1.8477563e-01  -1.9127788e-01  -4.6220964e-02   1.0535988e-01   2.6849321e-01   1.1161661e-01   1.7969263e-01   2.9490914e-01   4.0567721e-01  -4.6321695e-01   5.2758625e-01   1.0411801e-01  -3.6411364e-01  -3.7614033e-03   1.1236988e-01   2.0367610e-01   1.9322037e-01   5.0403738e-01   6.0777362e-01   4.3217515e-01  -4.3546491e-02   2.5125683e-02  -2.9489333e-01  -1.1167200e-01   1.9076526e-01  -1.1677351e-01  -7.2624251e-03  -9.4728039e-03   4.6946930e-01  -9.7957544e-02  -3.0676687e-01   4.5227139e-01  -1.1996716e-01   2.5020606e-01  -9.1043511e-02   3.0751616e-01   9.6717823e-02   2.9784768e-01  -3.7684691e-01   3.0757869e-01  -1.3171250e-03   2.9776156e-02  -5.2380825e-02   1.4638380e-02  -2.5858365e-01   3.4250866e-01   1.2814719e-01  -1.2612288e-01  -2.6345216e-01   6.3393091e-02  -3.3685751e-01  -1.7679789e-01  -3.8548167e-01   1.7124584e-01  -1.0343653e-02   6.7733315e-02   1.0572712e-01  -2.3654281e-02  -3.8171623e-02   2.3265705e-01  -2.0645252e-01   1.8280863e-01   4.7343922e-01   3.6948213e-01   5.4911533e-01   7.0057041e-01  -8.3928708e-02   3.1208523e-01   3.2841166e-01   3.0334109e-01  -9.2002412e-02   6.2577363e-01   5.3812898e-01   1.1379547e-01  -2.8933962e-01  -3.0305918e-01   2.4715436e-01  -2.2167889e-01  -2.1382255e-01   7.3514689e-01   8.2895860e-03  -1.3432340e-01  -1.8558150e-01   2.7503509e-01   8.3860009e-02   2.0326996e-01   3.9913491e-01  -1.1364292e-01   6.1712031e-01  -1.1902814e-01  -2.0260382e-01   1.1639260e-01  -1.9287507e-01   1.7466035e-01   2.7094191e-01   1.4275776e-01   7.2474981e-03  -3.5203758e-02   5.2296994e-02   3.0979026e-01   2.3966029e-01   1.3340835e-01   2.5500921e-01  -9.6509912e-02   2.2219613e-01   5.2802087e-01  -3.0251314e-01   5.1493406e-02   2.7321526e-01   2.3765526e-01  -1.5097927e-02   2.5463932e-01  -1.0010980e-01  -2.6489629e-01  -5.2904831e-01   9.5036506e-02   2.4464846e-01   2.4571689e-01  -3.0971417e-01   3.1684464e-01  -1.5163938e-01   1.6998219e-01  -1.6011350e-01   5.7846162e-01   5.4415569e-01  -2.8800905e-01   2.2921093e-01   1.3816953e-01   2.0574269e-01  -2.5536727e-01  -2.7222780e-01  -4.8021490e-02   5.0810632e-01  -2.1607494e-01   3.6599383e-02  -1.9255126e-01   5.5184167e-01
  -2.9097560e-01   1.0143133e-01   2.8296125e-01  -2.4818242e-01   0.0000000e+00  -3.3632420e-01  -3.2146861e-01  -2.1267693e-01   1.3492445e-01  -1.1155522e-01  -5.1826424e-01   6.1315977e-02   8.9546014e-02  -3.2663625e-01  -5.9193281e-01   1.3133055e-01   3.7563867e-01  -4.4044174e-01  -2.7072374e-01   7.7782978e-01  -4.8836714e-01  -4.0831467e-01  -5.4329904e-01  -1.5249973e-01  -1.2929145e-01  -9.0554343e-02   4.3711901e-01  -5.1514282e-01   1.6472088e-01  -6.5856907e-01  -5.1046216e-01  -3.9897958e-01   3.9330050e-01  -2.5873822e-01  -4.1894739e-01   5.3954467e-01   5.1906074e-02   4.9154543e-01   3.4064474e-01   5.2821061e-01   2.2979615e-01   3.9574204e-01  -1.6163713e-01  -3.3337285e-01  -1.7948187e-01  -4.2408496e-03  -2.4172149e-04  -3.3684780e-01  -1.5565265e-01   5.7583346e-01  -3.9064935e-01  -1.4382044e-01   4.1584423e-01   5.1805198e-01  -6.9692670e-02  -5.0183871e-01  -3.6320169e-01  -1.5169277e-01  -2.1207087e-01  -5.4973167e-01   3.9647649e-01   2.1563068e-01   5.6524941e-01  -1.9232563e-01  -5.0557157e-04   6.4551390e-02   1.6322332e-01   3.7663720e-01  -2.0919864e-01  -2.1746966e-01   6.9083424e-01  -4.6310872e-01   9.3357551e-02  -4.1101469e-01   2.1878943e-01  -2.1072874e-01   5.0328838e-01  -2.1764874e-01   6.6920135e-01   9.8803485e-02  -3.9709775e-01   1.3718155e-01  -1.2990200e-01   1.4326821e-02   1.2325511e-01  -2.7202421e-01  -3.1930370e-01  -4.8993367e-02   4.4755876e-01  -2.8745178e-01   5.5436639e-01   2.9358702e-01   3.2738439e-01  -3.1381314e-01   5.3541776e-01   2.6380532e-01   2.1429134e-01  -7.6293881e-02   4.9574922e-01  -2.3204376e-01   9.4320097e-02  -3.5019865e-01  -6.1541574e-01  -5.2969590e-01  -6.1470880e-01  -3.2830368e-01   4.2722319e-01  -2.4581916e-01  -3.3781697e-01  -4.5527029e-01   6.3962855e-02  -6.3612172e-01  -3.0649540e-01  -2.1077908e-01  -2.1521231e-01   7.1588530e-01  -9.6166290e-02   1.5304467e-01  -8.0461953e-02  -2.3205660e-01  -1.4707033e-01   1.3351337e-01   2.4371435e-01  -5.6339306e-02   1.4673230e-01  -4.1082722e-02  -5.1987509e-01   5.0440235e-01  -4.0305397e-01  -5.2700330e-02   1.1453014e-01  -2.2443697e-02   7.9893687e-02  -4.3092872e-01  -1.9777870e-01  -2.5969700e-01   1.6292429e-01  -6.9297545e-02  -2.6385756e-01   1.0767924e-02  -2.4117972e-02   4.0127629e-01  -4.4425245e-01  -2.4987647e-01  -4.8300537e-01  -4.2386168e-01   2.8531844e-01   1.9488007e-01  -4.2789844e-01  -1.6664168e-02  -2.6517826e-01  -2.6886753e-01  -1.6835548e-02   7.0433003e-02   5.3668933e-01  -1.6177442e-01  -2.4335083e-01  -8.4387343e-02   3.9494340e-01  -5.0976787e-01   2.2949971e-01  -4.1078029e-01   3.5953630e-01  -5.7973989e-01  -2.3260461e-01   3.6737215e-01  -3.2242837e-01  -1.6029565e-01  -4.4809785e-02   3.6540133e-01   3.3449311e-01   4.7736418e-01  -3.1300924e-01  -7.3677628e-02  -4.1757809e-01   2.3908017e-01  -2.2962703e-01
   1.9860189e-02  -1.0626835e-02  -1.0345238e-02   2.1310451e-01  -3.3632420e-01   0.0000000e+00   5.6547501e-01   1.2224968e-01  -4.0566878e-01   1.5127667e-01   2.7834162e-01  -8.2259750e-02  -1.0682582e-01   3.5420870e-01   3.9707539e-01   3.1154355e-01  -1.4716551e-01   3.5737043e-01  -1.1062909e-01  -7.4516716e-02   1.8288407e-02   1.4821958e-01   4.1739042e-01  -1.6032389e-01   1.6218252e-03   7.5661652e-02   2.4393313e-01   2.3389122e-01  -1.4077290e-01   3.7648144e-01   2.5546938e-02   2.1413101e-01  -1.0731558e-01   8.3238571e-02   5.4142299e-01  -1.1445775e-02   4.9505581e-02  -1.7799496e-01   1.6042426e-01  -2.6383836e-03  -2.3258015e-01  -4.2580480e-02  -1.6881834e-01   5.2010705e-02  -1.6987526e-03  -2.2459200e-01   1.5319723e-01   4.5287386e-01   3.6837794e-01  -2.4363548e-01   2.4126836e-01   5.3514942e-02  -3.9711335e-01  -3.5724679e-04   4.8661486e-02   2.1835142e-01   1.8434325e-01  -7.2747680e-02   1.8349151e-01   2.0163266e-01  -2.4550297e-01  -5.9854280e-02  -4.3977796e-01  -1.5339085e-01  -1.3773465e-01   4.6483390e-02   4.3896858e-01  -3.7821031e-01   3.7840589e-01   1.0707071e-01  -3.2903681e-01   3.5111314e-01  -1.4558517e-01   1.6405363e-01  -2.2221366e-01  -1.7522246e-01  -3.0482693e-01   1.4483852e-01  -3.7291282e-01   1.2827294e-01   2.8212450e-01  -8.2226477e-02   1.9228121e-02  -1.3935518e-01  -1.5688209e-01  -2.6833755e-02   3.1189989e-01  -2.9809238e-01  -4.9797459e-01   5.5691264e-02  -4.4743438e-01  -2.5786550e-01  -1.8865480e-02  -6.3793617e-02  -1.3579858e-01   3.5897027e-01   8.1220802e-02  -3.2726455e-01  -2.7498359e-01   2.1290414e-01  -1.4293871e-01   1.7643441e-01   4.2215352e-01   1.9356492e-01   3.7204274e-01   5.4181034e-02  -1.9933285e-01   1.6554417e-01   4.1970075e-01   5.4893483e-01   1.0280374e-01   4.4997750e-01   2.6835706e-02   1.7876291e-02  -4.5825446e-02  -4.3074679e-01   1.4858997e-01  -1.3421996e-01   9.8525876e-02   3.1564094e-01  -1.5891929e-01   1.5204615e-01  -3.7651746e-01  -3.9143163e-02  -1.5355497e-01  -1.2236934e-02   3.1069864e-01  -2.5566157e-01   7.1456663e-02   3.0600062e-01  -2.0353691e-02   9.2297926e-03  -2.8684910e-01  -7.3332785e-03  -1.9441644e-01  -1.9965875e-01  -7.1253081e-02   1.4538042e-01  -2.0783992e-01   2.1041767e-03  -1.7037326e-01  -2.5976727e-01   2.9260223e-01   5.9402382e-01   3.1095192e-01   3.2387702e-01   7.2287383e-02   8.3243948e-03   4.4255547e-01  -5.0362816e-02  -1.6061013e-01   5.5507297e-02  -2.7439826e-01  -2.6017838e-01  -1.4159424e-01  -1.4334909e-01  -1.6884194e-01   1.1568918e-01  -3.7843031e-01   4.9640349e-01   8.5109003e-03   2.1383381e-01  -3.4120732e-01   2.5799364e-01   6.4293418e-02  -1.7284938e-01   1.8396864e-01   3.3002076e-01  -3.5510284e-01  -1.7227834e-01  -1.2371098e-01  -2.1761257e-01   6.3927325e-02   3.7278821e-01  -2.2971735e-02  -5.6873741e-02   4.0972841e-02
  -2.3956816e-01   7.6885450e-02  -3.5450469e-01   1.4649155e-01  -3.2146861e-01   5.6547501e-01   0.0000000e+00  -2.0263995e-01  -3.7349361e-01   3.7070359e-01   4.5321442e-01   1.9918140e-01   5.3808617e-02   1.3598548e-01   5.2851819e-01   2.4275519e-01  -5.0441140e-01   5.2591203e-01  -4.1480360e-01  -5.8915536e-03   4.0184829e-01   2.1799011e-02   6.7446689e-01  -3.4921233e-01  -1.3209502e-01  -3.2071423e-01   1.1325184e-01   1.5004427e-01  -2.9185619e-01   4.4001997e-01   2.0068309e-01  -1.4378159e-01  -3.1988325e-01   6.7106513e-01   7.4117030e-01   2.3944637e-01   2.1578454e-01  -3.3228478e-01   9.9162122e-02  -2.6788394e-01   4.4116258e-02  -2.4019233e-01   1.4090134e-01  -1.7420333e-01   2.9961365e-01  -4.8569446e-01   2.4803176e-01   7.6266908e-01   2.2330621e-01  -5.3879814e-01   4.1871258e-01  -3.0819569e-01  -5.2450145e-03  -1.4371454e-01  -9.7619703e-02   1.6205595e-01  -9.1755182e-02  -2.1901520e-01   2.5631030e-01   2.1944654e-01  -5.0517028e-01   1.5582359e-01  -5.0546746e-01   6.2135993e-02   1.8670881e-02   5.6137440e-01   5.3497289e-02  -3.6033680e-01  -8.6079509e-02  -2.0065028e-01  -2.9949249e-01   3.6169544e-01   5.5914269e-02  -1.5787507e-01  -4.0937021e-01  -2.8926063e-01  -4.0909416e-01  -7.0791797e-02  -1.9820365e-01   1.5141935e-01   1.8349089e-01   2.4340514e-01   1.3016056e-01  -4.5912777e-01  -3.4367885e-01  -3.4312995e-01   4.7010463e-01  -5.1668927e-01  -5.9044896e-01  -2.0793565e-01  -2.3304666e-01  -4.9862273e-01   1.0351155e-01   1.0569823e-01  -3.4018336e-01   2.6461901e-01  -7.6538727e-02  -5.8798597e-01  -1.2684150e-01   5.9214054e-01  -4.0330058e-01   5.3064979e-01   2.5625018e-01   6.5733394e-02   5.5266944e-01  -1.2018742e-01  -4.4311118e-01  -3.8053168e-01   5.9837139e-01   6.3400528e-01   4.8730481e-01   2.6464173e-01   6.5240523e-02  -2.3958692e-01  -7.2857784e-02  -3.3426196e-01  -1.4182251e-01   9.8130174e-02  -7.6053700e-02   1.7682448e-01  -1.9566284e-01   5.3370063e-01  -3.7683206e-01   2.6848575e-01  -4.2057732e-01  -3.0113499e-01   6.2209569e-01  -4.4910171e-01  -1.2636604e-01   6.3561273e-02   2.7197655e-02   5.4464688e-01  -5.0633211e-01   2.0440748e-01  -1.3504508e-01  -3.4800474e-01  -1.8379703e-01   8.9150759e-02  -3.5329835e-01  -2.3645306e-01  -3.5556428e-01  -3.0922843e-01   1.1042850e-01   5.0213027e-01   7.0878300e-01   5.5941103e-01   6.8843630e-02   3.2917898e-01   7.1805945e-01   4.1961706e-01  -3.1574230e-01  -1.5858595e-01  -5.5224781e-01  -1.0767400e-01  -2.7719105e-01  -3.3582980e-01  -2.3700277e-01   2.9060103e-01  -5.8925499e-01   2.5858367e-01  -8.9528530e-02   7.0597497e-02   9.6511771e-02   4.1153557e-01  -2.2140663e-01   2.2233484e-02   5.7248155e-01   7.5006498e-02  -4.1049019e-01  -6.8432606e-02   1.5643601e-01  -3.6863248e-01   2.7942515e-01   2.3033038e-01  -6.4542124e-02  -1.7669733e-01  -1.7664270e-01
   4.1626017e-01  -2.4586186e-01   3.2215243e-03   2.4446416e-01  -2.1267693e-01   1.2224968e-01  -2.0263995e-01   0.0000000e+00   4.7287003e-02  -3.4429200e-01   1.8036262e-01  -2.3190503e-01  -2.6098871e-01   7.4124842e-02   9.2724512e-02  -1.6874439e-01   1.6847985e-01   1.3602733e-01   3.6363368e-01  -2.7809948e-01  -2.0761890e-02   4.3675374e-01  -7.1996638e-02   3.0103635e-01   1.6615667e-01   6.0341137e-01  -2.3416455e-01   3.3844364e-02   2.7980744e-02   2.2086907e-01   1.2720832e-02   5.3478534e-01  -8.5491335e-04  -2.7141124e-01  -1.3393365e-01  -2.9292754e-01  -7.3501683e-02   6.1409068e-02  -1.3724332e-01  -2.4744806e-01  -2.2293494e-01  -4.1020546e-02  -3.9137047e-02   4.4228793e-01  -8.3161067e-02   4.4512523e-01  -1.0727966e-01  -1.7363160e-01   9.5707928e-02  -6.4766416e-03   3.4690227e-02   6.7452674e-01  -4.0538969e-01   2.7142452e-02   2.6607462e-01   2.9117584e-01   5.5494263e-01   4.9024197e-01   2.5227435e-01   2.6831298e-01   2.8710924e-01  -1.6198587e-01  -1.3424075e-01   6.2951227e-02   5.5311376e-02  -4.2454748e-01   2.9739247e-02   4.8094388e-02   3.0684322e-01   2.2113691e-01  -2.0897780e-01   2.6937296e-02  -1.2503774e-01   3.0067068e-01  -1.2665589e-02   6.4252521e-01   1.5560307e-01   4.2707671e-01  -2.8862478e-01  -8.4540048e-02   2.2855983e-01  -2.5054369e-01  -3.1812713e-02   5.9669550e-01   6.8773805e-02   6.6020208e-01  -1.2089029e-01   1.7068937e-01  -1.2252010e-01   3.6599381e-01  -1.9768755e-01   2.7693465e-01  -3.5281950e-01   1.1881987e-01   1.2690301e-01   5.0834140e-04  -1.5053268e-01   5.5319291e-01  -1.7035217e-01  -2.3780884e-01   1.1782844e-01   9.9121942e-02   3.5870624e-01   2.4618883e-01   1.7802882e-01   4.3869588e-01   1.5712904e-01   6.6730768e-01  -9.1409974e-02  -1.0026660e-02  -3.2307523e-01   2.4725349e-01   1.3155461e-01   3.8271102e-01  -1.0175566e-01  -3.2874789e-01   3.4352556e-01  -2.7383205e-01  -8.5196411e-02   2.6286745e-01   1.7552138e-01  -2.2872197e-01  -1.4206491e-01  -8.3478661e-02   3.6010165e-01   2.9743829e-01  -3.8673924e-02   1.1420616e-01   5.4934913e-01   9.0061236e-02  -1.6864628e-01  -2.8072917e-01   1.4477733e-01  -5.0636247e-02   1.0274865e-01   7.2508616e-01  -1.7116540e-02  -1.6741934e-01   6.9238944e-01   5.0695994e-01   3.5627335e-01  -2.6621102e-02   4.4006808e-01  -8.9337350e-02  -2.1623035e-01   5.6692392e-02  -2.4628160e-01  -2.5432408e-01  -1.4149173e-01  -3.0302913e-01   1.9531825e-01   3.2379102e-01   3.1267539e-01   1.0197602e-01  -2.3562791e-01   2.5073457e-01   3.1475032e-01   6.1995684e-02   2.8126910e-01   2.1541364e-01  -1.4622885e-01   5.2218282e-01  -2.5487102e-01   1.5563870e-01   5.2227171e-01  -4.5029307e-01   4.9879585e-02   1.0392544e-01   2.9403310e-01  -3.4046155e-01  -3.6564933e-01   3.6367653e-02   9.6737739e-02  -1.0813648e-01  -2.6683425e-02  -8.9540585e-02   3.6762878e-01
   4.7719127e-02   6.9810434e-02  -9.5132002e-02  -3.0529927e-02   1.3492445e-01  -4.0566878e-01  -3.7349361e-01   4.7287003e-02   0.0000000e+00  -1.6354737e-01  -3.4684262e-02  -1.2257643e-01  -8.5430190e-02   1.3415676e-02  -2.3662938e-01  -2.0161227e-01  -7.7040488e-02  -1.5993207e-01   6.3049218e-02  -1.0503617e-01   1.2962641e-01   3.9474045e-02  -2.7360787e-01   9.3903778e-02  -8.1193992e-02   1.9327637e-01  -1.3163962e-01  -1.5881321e-01   9.7420739e-02  -6.8327234e-02   1.9111181e-01  -5.8492628e-02  -1.5901668e-01  -6.4477624e-02  -3.0277799e-01  -1.2814184e-01   5.4035311e-02   1.1332690e-01  -1.0593828e-01  -1.2486363e-01   7.8807955e-03  -2.6410663e-01   3.1037951e-01   6.9332269e-02   2.3262343e-01   2.1749243e-01  -4.6250725e-02  -1.5007268e-01  -1.6087675e-01  -1.0046945e-01  -1.4671098e-01   1.0095784e-01   3.2329395e-01  -1.8459287e-01  -1.2858624e-01  -1.9458824e-01   1.0142492e-01   3.1389259e-01   1.1870059e-02  -2.7875945e-02   1.0243540e-01   1.7708682e-01   3.5578723e-01   1.9544006e-01   6.0594556e-01  -2.1261305e-01  -4.0439894e-01   2.3365802e-01  -7.5174593e-03  -1.2731151e-02   6.3444521e-02  -1.8058809e-01  -1.5667721e-02   3.4809966e-02   7.4831199e-04   2.4060547e-01   1.4879815e-01   2.3723095e-02   3.5223062e-01  -8.7381657e-02  -1.8709798e-01  -1.6511032e-01  -1.2342045e-01   4.2207762e-02  -6.1343027e-02   1.7820129e-01  -1.2163409e-01   5.3650572e-02   3.9172826e-01   9.8321523e-03   3.6368482e-01  -1.8413144e-02  -1.6100177e-01   1.3520295e-01   3.4789176e-02  -3.2533856e-01  -1.4129996e-01   2.7971110e-01   1.2000417e-01  -1.0576488e-01  -7.3584018e-02  -5.7454054e-03  -2.5548240e-01   1.3775404e-01  -8.0556283e-02   5.3761403e-02  -4.6748401e-02   1.2696842e-01  -1.4712292e-01  -2.9298349e-01  -3.3755632e-01  -1.0458734e-01   4.9831604e-02  -4.5593039e-02  -1.1039988e-01   3.1641073e-01   7.1793811e-02  -1.8981074e-02   3.0843640e-02  -1.1405687e-01   7.5994939e-02  -8.7047797e-02   1.9032761e-01   2.7838244e-01   1.6307537e-01   1.3952689e-01  -1.3071919e-01  -1.5900071e-01   2.7124929e-01  -1.2205297e-01  -1.1267730e-01   1.0739533e-01   1.8935817e-01   1.0224961e-01   3.3772001e-01   2.5441221e-01  -1.8234522e-01  -6.3803027e-02   2.3236652e-01  -8.3248643e-02   1.0513422e-01  -4.1973189e-02   4.8614027e-02  -3.5713920e-01  -2.2015369e-01   2.5173189e-02  -3.1489703e-01  -2.2267161e-01  -2.7894432e-01   1.1005187e-01   7.0572255e-02  -9.8107414e-02   1.6445269e-02   1.1524173e-01  -1.1852022e-01   1.9915633e-02  -3.3214678e-03  -1.0749230e-01   4.0424151e-02  -4.4873424e-01  -7.3621587e-02   4.0000711e-02  -4.0997530e-02  -1.1481114e-02   2.2875579e-01   1.3156553e-01  -2.5217982e-01  -1.1483632e-01   1.1803398e-01  -1.8657016e-01   1.3703177e-01   5.9532048e-02   6.9371474e-02  -2.8008069e-01  -6.2708061e-02  -1.5045479e-01   1.8326471e-01
  -3.1854644e-01   1.9294270e-02   4.3822083e-02  -1.7581543e-01  -1.1155522e-01   1.5127667e-01   3.7070359e-01  -3.4429200e-01  -1.6354737e-01   0.0000000e+00  -1.7093041e-01   2.4574954e-01   4.6333346e-02  -1.5109435e-03   5.6001096e-02   2.6049043e-01  -1.2007666e-01  -1.4163161e-01  -2.8098342e-01   2.5402590e-01  -6.2071684e-02  -1.4177420e-01   2.5636434e-01  -9.4126670e-02   2.7688425e-02  -3.3017780e-01   1.7335874e-01  -8.8692902e-02  -8.4140777e-02  -3.6019148e-02   1.4712819e-02  -3.0702697e-01   1.9683449e-02   2.5482510e-01   2.5458760e-01   1.0482130e-01  -2.8146672e-02  -1.3132922e-01   1.5588325e-01   2.2797973e-01   5.4250170e-02  -1.2940449e-01   1.5410754e-01  -2.4025319e-01  -4.5756104e-02  -4.2210441e-01  -7.0940507e-02   1.5623778e-01  -4.3685039e-02  -4.3651792e-02  -1.6709606e-01  -3.9922767e-01   6.8107268e-02  -5.2690901e-02  -2.8595593e-01  -1.8312969e-01  -2.6784503e-01  -2.7125249e-01  -9.7724014e-02  -9.9106766e-03  -3.2053035e-01   1.2725176e-01  -9.2894135e-03   2.0437651e-02  -1.3499332e-01   5.0343684e-01   1.4903417e-01   1.8291380e-02  -3.8186470e-01  -1.7409390e-01  -2.1631986e-02   6.0526565e-02  -1.6954997e-02  -2.2291420e-01  -2.3604309e-01  -2.0101208e-01  -2.3762317e-01  -6.7328929e-02   1.5292760e-03   5.3342209e-02  -4.1153765e-02   1.1818620e-01  -3.7479798e-02  -3.4010777e-01  -2.2964534e-01  -3.0645614e-01   1.1382480e-01  -2.4814879e-01  -1.2969540e-01  -1.7447611e-01  -1.7942456e-01  -3.5993468e-01   4.7048531e-01   1.5552305e-01  -2.1681414e-01   7.3320184e-02   4.3593280e-02  -3.4675996e-01  -8.4465801e-02   5.4381132e-01  -2.8485374e-01   7.8775917e-02  -5.5019695e-02   7.7795132e-02  -7.6841463e-02  -2.0536208e-01  -1.5813105e-01  -3.8948549e-01   2.5037772e-01   4.5709662e-02   4.9411334e-01  -1.3470965e-01   6.0877269e-02  -2.6988649e-01   1.9806195e-01  -3.5309547e-02  -2.4550823e-01  -2.8227479e-02  -4.4955496e-02  -6.3271655e-02  -2.7205889e-02   1.8175230e-01  -1.6717539e-01  -8.7379981e-02  -3.8751383e-01  -3.1737910e-01   4.6365815e-02  -2.7436978e-01  -1.8772775e-01  -9.1188606e-02   8.6008909e-02   1.5579523e-01  -2.9977742e-01   5.9925891e-02  -2.1481149e-02  -2.5329604e-01  -1.5033338e-01   2.2564080e-01  -2.5552063e-01  -2.7498562e-01  -3.1949763e-01   5.3706005e-02  -2.7824159e-01   2.1493726e-01   2.9974066e-01  -9.9946882e-02   4.0046191e-01   4.9850592e-02   2.1204725e-01   3.0006336e-01  -2.7838526e-01  -1.6831999e-01  -2.2483951e-01  -1.1442334e-01   1.7602367e-01  -1.5054289e-01  -1.6886768e-01  -8.5286075e-02  -3.1253585e-01  -1.3490128e-01   1.1053685e-01  -2.2527500e-01   4.9633400e-02  -8.4682481e-02  -2.8641423e-01   2.9298349e-01   6.4036344e-02  -9.6497502e-02  -2.8296857e-01   1.8430786e-01   2.3102917e-01  -3.0170234e-02  -1.0140287e-01   7.5483371e-02  -1.0173433e-01   6.2709445e-02  -1.7638042e-01
   1.1065977e-01  -1.5427931e-01  -4.6799137e-01   3.3482688e-01  -5.1826424e-01   2.7834162e-01   4.5321442e-01   1.8036262e-01  -3.4684262e-02  -1.7093041e-01   0.0000000e+00   1.4245586e-02  -3.9380291e-02   1.1757661e-01   4.9312593e-01  -1.4443982e-01  -5.0722601e-01   7.4279380e-01   1.1258350e-02  -4.5998871e-01   6.5383903e-01   2.1955000e-01   5.1473792e-01   1.3296429e-01  -6.2802778e-02  -9.6764752e-02  -1.3397019e-01   2.4428400e-01  -1.5586860e-01   6.6843837e-01   3.7207221e-01   3.0037364e-01  -4.7172300e-01   5.4691961e-01   4.0513866e-01   4.0156357e-02   1.8408744e-01  -5.2004749e-01  -2.2956023e-01  -6.4108025e-01  -2.4547033e-03  -4.7166769e-01   2.6590589e-01   2.0789084e-01   5.6926928e-01  -1.1833259e-02   6.5019512e-01   4.8140128e-01   2.4635910e-01  -6.5040646e-01   7.2670847e-01   9.7843915e-03  -2.7674754e-01  -4.6308830e-01   6.3495753e-02   4.1361157e-01   1.6596342e-01   9.5617218e-02   4.7264794e-01   5.1598652e-01  -3.6740911e-01  -5.0340937e-02  -5.1573247e-01   2.2058531e-01   2.6602511e-01   6.6869705e-02  -3.2342927e-01  -3.0304850e-01   3.9689270e-01   7.0417920e-02  -6.3409407e-01   5.5921301e-01   9.4670725e-02   1.6953178e-01  -4.1715884e-01   1.3746350e-01  -4.2906414e-01   8.1245602e-02  -3.5692024e-01  -6.3506254e-02   7.1689656e-02   6.8520908e-02   1.3668883e-02  -2.1646925e-01  -2.0406711e-01   1.6801311e-01   2.5598377e-01  -1.1185238e-01  -4.6040177e-01   1.9602487e-01  -1.3225366e-01  -3.9564880e-01  -4.8622693e-01   3.3607129e-01  -5.5974902e-01   1.7645674e-01  -1.4841339e-01  -1.3926447e-01  -1.6223920e-01   1.2861578e-01  -1.8426622e-01   6.1677078e-01   3.7552004e-01   2.5817158e-01   8.4487374e-01   1.3683024e-01  -4.7335206e-01   1.1901840e-01   4.5842388e-01   6.5554728e-01  -1.3153402e-01   5.1051085e-01   2.0220091e-01   1.0274197e-01  -1.7467204e-01  -4.7382119e-01   6.9051934e-02   6.6038637e-02  -2.1044278e-03   2.4741140e-01   1.5089208e-01   3.4885469e-01  -2.7667846e-01   2.6337548e-01  -2.3130315e-01  -3.7423459e-02   5.3263091e-01  -5.2298590e-01   3.6443115e-01   1.1187401e-01  -6.3566998e-02   4.0927078e-01  -1.4601179e-01   2.7436092e-01   1.6163259e-01   1.4060491e-01  -3.6161909e-01  -2.7920720e-01   8.5998456e-02  -7.6914903e-02   1.2353838e-01  -3.5043810e-01   5.8054577e-01   1.8724800e-01   3.5257187e-01   5.5476127e-01  -5.1807656e-01   2.9813692e-01   6.7113378e-01   1.0617335e-01   1.2973250e-01  -3.0801198e-03  -2.3179216e-01   2.6188007e-01  -6.1311902e-01   5.4835203e-02   2.5869576e-01   4.3401875e-01  -4.7420967e-01   3.1667391e-01  -3.5102459e-01   5.8353872e-01   2.0640282e-02   7.8406485e-01   7.9528286e-02  -4.3937927e-01   5.4111430e-01   8.5999601e-02   5.4441046e-02  -3.7120353e-01  -2.1090901e-01  -5.5328821e-01   7.1142300e-01   9.7787157e-02   2.9064131e-01  -2.5836158e-01   4.6801114e-02
  -2.2993055e-01   5.1866263e-01   3.1218450e-01  -2.2442872e-01   6.1315977e-02  -8.2259750e-02   1.9918140e-01  -2.3190503e-01  -1.2257643e-01   2.4574954e-01   1.4245586e-02   0.0000000e+00  -8.5957794e-02  -9.7542114e-02   2.6922944e-03   2.3830022e-01   1.3545954e-01  -1.5587842e-01  -1.3463774e-01   2.0585482e-01  -1.0943207e-01  -2.4936251e-01  -2.2661155e-01  -2.8450276e-01   2.0222068e-01  -2.7981810e-01  -5.6318903e-02  -2.1325238e-01   1.1907802e-01  -6.5898544e-02  -1.1145982e-03  -2.2641744e-01  -6.0924407e-02   3.9926114e-01   1.6096675e-01   2.8233437e-03  -3.5397093e-01  -1.8062207e-01   1.3966710e-01   2.0873551e-01  -1.1107072e-01   4.5886984e-02   4.4305942e-01  -7.8895555e-02   1.8554291e-01  -4.3418507e-01  -1.1829948e-02   3.0280012e-02  -3.2463236e-01   1.9890586e-01  -2.1168761e-01  -2.5429337e-01   2.6203224e-01   1.0936961e-01  -2.1663291e-02  -5.0969105e-02  -8.7571020e-02  -3.0858293e-01  -1.1423265e-01  -1.0367216e-01  -2.2352599e-01   2.9451334e-02   1.4231340e-01   2.4043079e-02  -5.0768600e-02   2.8983660e-01   1.5348210e-01   2.6023970e-01  -3.0814575e-01  -1.0274850e-01   2.5991307e-01  -1.2416107e-01  -3.7381568e-02  -1.6815095e-01   1.0159374e-01  -1.5279452e-01  -2.3237219e-01   8.3235346e-03   3.4924661e-01  -1.2562381e-01  -1.1812920e-01   1.6643894e-01   1.3154172e-01  -1.7902479e-01   2.1606473e-01  -2.6406558e-01   7.7590925e-03  -3.2990710e-01   1.2086747e-01  -3.6024478e-01   2.3552499e-01  -5.5686725e-02   4.5609100e-01   1.3673535e-01  -2.5507087e-01  -2.3242290e-01   1.0847012e-01  -2.4160109e-01   2.2131222e-01  -9.0360529e-02   4.0707114e-02   2.3750222e-01  -2.0560364e-01  -1.5104694e-01  -3.7590283e-02  -1.1563086e-01   1.1176272e-01  -4.3036773e-01  -1.9747061e-01  -1.1796866e-01   3.7050018e-01  -2.2666896e-01  -7.7724491e-02  -3.2102794e-01   9.8596636e-02   1.4042829e-01  -2.1366884e-01  -2.3516956e-02   1.1414570e-01  -1.7126345e-01  -3.1608817e-01   3.1784311e-01   2.0566200e-01  -7.6071163e-03  -4.6866840e-01  -4.1019606e-01   4.1450373e-02  -4.1035557e-02  -2.4517238e-01  -1.3909868e-01   2.6281379e-02   1.5580270e-01  -1.0853197e-01  -1.0416291e-01  -3.5044786e-02  -1.5400316e-01   6.4147282e-02   8.0265240e-02  -1.6050954e-01  -2.2654016e-01  -2.6409102e-01  -7.5142622e-02  -1.5836178e-01   2.6640483e-01   1.6220001e-01  -3.5352232e-02   4.8444529e-01  -1.0671661e-01  -5.2428562e-02  -1.5433500e-01  -3.5071815e-02   4.6301672e-02  -2.0001458e-01   2.2431253e-01   4.0384887e-01  -2.7657582e-01  -2.5534522e-01  -2.9054268e-02  -1.7156284e-01  -3.2603724e-01   1.6190161e-01  -8.1927480e-02  -1.7005400e-03  -6.6573569e-02  -2.4398918e-01   4.6002707e-01   1.7881569e-01  -1.9084778e-01  -2.0204762e-01   2.9650224e-01   4.1903759e-01  -1.8102082e-01  -1.7425616e-02   3.2462679e-01   8.5343926e-02   1.3460410e-01  -1.7963475e-01
  -4.7138342e-01  -7.9039308e-02   3.3106491e-02  -2.8136190e-01   8.9546014e-02  -1.0682582e-01   5.3808617e-02  -2.6098871e-01  -8.5430190e-02   4.6333346e-02  -3.9380291e-02  -8.5957794e-02   0.0000000e+00  -1.0581412e-01  -1.0550297e-01   2.2440047e-01   1.0566571e-02  -9.5877865e-02   3.7955950e-02   1.3352041e-01  -6.4287649e-02  -2.7775388e-01   5.8664628e-02  -3.1640555e-01  -2.1590691e-01  -1.8679030e-01   2.7800192e-01   1.2570123e-01   3.9125983e-02  -1.2935804e-01  -1.1303581e-01  -3.5377594e-01   2.4474930e-01   6.8606893e-02  -2.6315086e-04   2.3493946e-01   3.0275606e-02   1.9594476e-02   2.5916784e-01   1.9030400e-01   6.7773445e-01   1.5475698e-01  -1.3115505e-01  -1.3893273e-01  -2.3060085e-01  -2.7852404e-01   1.4004458e-01  -3.8272479e-02  -2.1844929e-01   1.1163421e-01  -5.7080658e-05  -1.6237965e-01   1.4150984e-01  -2.0143948e-02  -7.0681041e-02  -4.4704649e-02  -2.4070339e-01  -2.5565030e-01  -6.9126370e-02  -1.5216860e-01  -1.1432351e-01  -6.5208953e-02  -8.6359048e-03   5.3514171e-02  -2.4090494e-01   2.2336619e-01  -5.8119497e-02  -6.4793387e-02  -1.0678882e-01  -1.2369889e-01   6.3272192e-02   4.2099199e-02   5.6042019e-01  -3.4392006e-01  -7.3252463e-02  -1.9459622e-01  -1.2252585e-01  -3.0629701e-01   4.4842734e-02  -9.3627018e-02   8.8222346e-02   5.1885116e-01   2.6119228e-02  -1.0361075e-01  -1.0262076e-01  -2.1935910e-01  -3.7237509e-02   3.7932624e-02   4.3234367e-02  -3.3084619e-01   1.1387499e-01  -2.0549809e-02   1.9936732e-01  -4.7936317e-02  -4.2615071e-02   7.7894538e-02   7.1255336e-02  -9.9909674e-02   1.6034009e-01   9.2907793e-02  -9.4911567e-02  -3.6221246e-02  -1.9192370e-01  -2.0566146e-01  -1.4537518e-01  -3.8478641e-01  -1.6985579e-01  -2.5924127e-01  -1.1835927e-01  -3.7009181e-02   1.5512213e-01  -2.4358704e-01  -1.9085519e-01  -2.8255911e-01   1.2877963e-01   4.7129342e-02  -2.5240713e-01   7.2873781e-01   1.6982730e-01  -3.6858409e-01  -2.2634131e-01   4.7298103e-02   1.5958052e-01  -1.1474695e-01  -1.2716534e-01   2.1066476e-02  -1.0319520e-01   1.1845529e-01  -3.6115929e-01  -1.4349372e-02   6.1016086e-01   5.9801953e-02  -2.7688768e-01  -3.7133331e-02  -1.0317469e-01  -1.9019925e-01   5.4410610e-02   2.7270917e-02  -1.2529577e-01  -2.9456427e-01  -2.6390731e-01   1.9130509e-01  -1.1122231e-01   8.8640721e-02   7.8052272e-02  -1.2630915e-01   9.0815029e-02   2.3231101e-01   1.1769641e-01  -7.2504062e-02  -1.5985845e-01  -2.1796016e-01  -7.2144174e-02  -8.6946416e-02   2.4420079e-01  -2.6471189e-01  -1.7133737e-01   1.9639497e-01   3.0091529e-02   5.1751182e-02   3.0961025e-01  -1.9437245e-01   2.4736146e-01  -2.2033513e-01  -4.3481067e-01   3.1436703e-02   4.5930520e-02  -1.2138289e-01  -1.4237994e-01   9.5022201e-02   1.2209192e-01  -1.7301053e-02  -9.8289554e-02   1.1139950e-01  -1.7221053e-01   2.1286289e-01  -3.2857166e-01
   1.4340961e-01   1.9846457e-01  -1.4154192e-01   1.6243833e-01  -3.2663625e-01   3.5420870e-01   1.3598548e-01   7.4124842e-02   1.3415676e-02  -1.5109435e-03   1.1757661e-01  -9.7542114e-02  -1.0581412e-01   0.0000000e+00   2.1737699e-01   3.4433050e-02  -1.1242151e-01   1.5503273e-01  -2.4330200e-02  -3.4190769e-01   1.2896107e-01   1.4539927e-01   6.4462927e-02  -1.1092296e-02   2.8657604e-02   1.5302221e-01  -2.6043003e-01   2.7853526e-01  -2.9813394e-02   3.7566594e-01   2.5933817e-01   2.1592559e-01  -1.0818848e-01  -1.8868647e-02   2.9354651e-01  -3.8293555e-01   7.7686868e-02  -2.5428860e-01   4.4637200e-02  -2.0101581e-01  -6.1293018e-02  -1.7564516e-01   2.7763685e-02   4.2075267e-01   1.6480326e-02  -2.1144335e-01  -1.5070843e-01   2.5773472e-01   3.2383551e-01  -1.7025018e-01   1.6579754e-01   2.4682860e-01  -1.4887536e-01  -5.5852138e-02   2.3647295e-01   3.6992250e-01   3.5101230e-01   6.6984808e-02   1.8528097e-01   1.6774313e-01  -2.9062508e-01  -1.2908232e-01  -1.2696887e-01  -7.6130742e-02   1.1110442e-01  -2.6912553e-01   9.0185982e-02  -1.7319671e-01   1.1951354e-01  -3.0478005e-03  -2.5752185e-01   1.3395912e-01   2.1779800e-02   3.0094458e-01  -6.1509305e-02   1.0573367e-03  -2.6939549e-01   2.1149723e-01  -1.8417052e-01   3.1709245e-02   1.7415368e-01  -1.3322613e-01   3.1257402e-01   1.0436748e-01   1.7926515e-01   1.7911906e-01   3.9564205e-01  -2.2199051e-02  -5.3135891e-02  -1.7816325e-03  -2.1809729e-01  -1.6402550e-01  -1.8828171e-01   6.4792223e-03  -2.1122490e-01  -7.9098462e-02   1.5551804e-02  -1.1871425e-01  -2.7121720e-01  -1.4309257e-01   7.9870387e-02   7.1008600e-02   4.0014432e-01   2.7072467e-01   2.0586310e-01   1.1574840e-01  -8.3208157e-02   1.0680086e-01   1.8600246e-01   4.5469146e-01  -2.1863987e-01   3.6571330e-01   1.6282013e-01   3.9569411e-02   2.6655937e-02  -2.5375632e-01   2.3179676e-01  -1.2520518e-01   4.1816009e-01   1.8561727e-01   1.0129434e-01  -4.3991464e-02  -1.2819021e-01   1.2961238e-01  -1.4984835e-01   1.4272564e-01   1.8952132e-01  -2.3640288e-01   1.9395896e-01  -5.8374222e-02  -3.8969316e-02  -1.1624305e-01   3.3192975e-03   1.2531479e-01   1.6946071e-01  -6.3229847e-02  -1.3916662e-01   1.6972329e-01  -9.9402241e-03  -4.2534078e-02  -5.7476397e-02  -2.8031748e-01   1.3916922e-01   4.0787668e-01   7.1016795e-02   3.0574933e-01  -1.2410592e-01  -1.5948720e-01   2.0597780e-01  -1.6270510e-01   8.0117069e-02   3.6368890e-01  -1.8827659e-01  -1.7650988e-01  -1.4468023e-01  -5.0311202e-02  -9.7137136e-02   3.5892539e-02  -2.6051682e-01   2.9845583e-01  -1.2439361e-01   1.6641648e-01  -3.5001451e-01   2.3760787e-01   1.3626587e-01  -1.9725352e-01  -1.1054419e-01   2.7600477e-01  -1.7357233e-01   3.1728603e-02  -2.5413112e-01  -1.7475903e-01  -1.9004168e-02   3.3381104e-01   1.1478127e-01  -1.2784556e-01   1.2866700e-01
