   0.0000000e+00  -9.5352578e-02  -1.4885853e-01  -2.8177720e-02   2.3746857e-01  -3.4173739e-01  -3.5702256e-01   4.9138338e-01   1.8212283e-01   7.8495355e-02  -2.1487408e-01  -1.9967449e-01   7.2653546e-02  -3.1905446e-02  -2.6797945e-01  -3.1943039e-01  -2.5184295e-02  -1.9086512e-01  -6.1430552e-02   1.6720756e-01  -3.2469553e-01   5.9169164e-02  -3.5864081e-01   8.1293565e-01   2.3937697e-01   4.2949498e-01   1.3173916e-01   1.2446279e-01  -1.0899550e-01  -1.3491676e-02  -3.4978280e-01   1.8086120e-01  -6.5532255e-02  -1.9953953e-01  -8.7184928e-02   6.2214965e-03  -1.2628065e-01   5.5121254e-01  -1.7873369e-01  -3.4004155e-01   1.2020640e-01  -9.1705689e-03   3.8021886e-03  -2.4229041e-02  -8.7546306e-02   5.5312219e-01  -6.0011299e-02  -3.2232604e-01   1.3758441e-01   3.3913756e-02  -1.5973560e-01   4.2930267e-01  -2.5003535e-01  -9.9646126e-02  -3.4140259e-01  -2.9379716e-01  -2.5454879e-02   2.1565610e-01  -2.2652428e-02   9.3187690e-02   2.9847910e-01   1.6028614e-01   7.4316612e-02  -2.6709864e-01   1.0106823e-01  -4.1803532e-01  -1.1936350e-01   2.3851345e-02   6.5465098e-02  -1.3959172e-01  -4.9882656e-02  -4.3230672e-03  -7.6700460e-02   1.3360277e-01  -3.8474765e-03   2.1568030e-01   3.4486167e-01   1.4515017e-01   2.0438443e-01   8.3299095e-02  -3.1931714e-01  -2.8258672e-01  -3.9898977e-01   5.5562612e-01  -3.9672768e-02   2.5123307e-01   7.6710967e-02   3.7497235e-01   1.2226976e-01   7.2636757e-01   4.0688423e-01   1.0513626e-01  -1.2786647e-01   1.9873579e-01   4.8932043e-01   3.0599800e-01   1.6432398e-01   1.4843584e-01   1.8521879e-01  -3.0207110e-01  -4.6185022e-01  -3.1801392e-01   4.9518092e-01   1.7114006e-01  -1.0034499e-01   2.8126884e-01  -2.4928053e-01   4.4184061e-01  -8.4982923e-02  -9.6973597e-02  -3.2364073e-01  -5.0835527e-02   9.4331119e-02   7.6223627e-01  -3.6337193e-01   3.6241822e-01   1.3170832e-01   3.4136372e-02  -1.0438767e-01  -4.8855146e-02   6.0014314e-01   2.3892217e-01  -2.5563077e-01  -2.8850047e-01   7.4901586e-01   1.1153138e-01  -9.9771609e-02   1.8250905e-02   3.1418097e-01  -2.5931531e-01  -2.1068641e-01  -4.0081982e-01   1.5400640e-01  -4.3176527e-01  -8.0190776e-02   5.8259404e-01   3.5703232e-02  -3.5066669e-01   2.4695336e-01   6.4237173e-01   7.2996739e-01  -1.0965805e-01   7.8765825e-02  -1.1916319e-01  -4.9304120e-01  -1.9279576e-01  -4.1925395e-01   1.0365771e-01  -1.2267724e-01  -2.8300361e-01  -2.8847756e-01   3.7336936e-01   4.8652890e-01   2.1281333e-01  -1.0700033e-01   6.5062085e-01   6.3293288e-01  -9.0812916e-02   1.9472206e-01  -7.7903651e-02  -8.1691013e-02  -4.8084317e-02  -1.6965946e-01  -1.2133438e-01   2.4505262e-01   9.8744760e-02  -7.3431337e-02   7.7727716e-04   5.6960040e-01  -1.0825231e-01   2.4246571e-01   1.9802298e-01  -3.5721951e-02  -2.6704046e-01  -3.5663881e-02   4.6503970e-02   3.0686185e-01
  -9.5352578e-02   0.0000000e+00   2.8905203e-01  -2.5825799e-01   2.0766597e-01  -5.1492647e-02   1.3575008e-01  -8.2471267e-02   4.2938422e-01   5.8373006e-02  -1.8972610e-01   5.9298355e-01   1.0086516e-01  -1.6832407e-01   9.7502148e-02   4.1708498e-03   3.5675203e-01  -2.3606640e-01   7.0018830e-02   1.1880738e-02  -1.5380367e-01  -3.7473147e-01  -2.8028269e-02  -2.0796953e-01  -1.6115790e-01  -3.2508204e-02  -2.3828382e-01  -1.9684660e-01   1.0958692e-01  -8.9116708e-02  -1.0154368e-01  -4.0252350e-01   2.6831725e-03   3.3238128e-01   4.5853321e-01  -1.2965808e-01  -2.4094791e-01  -1.7380476e-01   1.2106781e-03   2.0572949e-01   1.6399418e-01   4.5790107e-03   3.0210706e-01   1.8489766e-01  -8.4342371e-02  -1.4636606e-01  -3.9400663e-01   3.8229835e-02  -5.5932516e-02   2.4830142e-01  -2.4068229e-01   3.2160659e-02   1.3121922e-01   3.1129212e-01  -4.9702707e-02  -9.7426507e-03   6.7981200e-02  -3.3575157e-01  -1.7083879e-01   2.7657892e-01   5.9108918e-02   5.0955441e-02   3.0614305e-01  -1.4695667e-01  -3.2664010e-02   2.6198031e-01   6.1061769e-02  -1.1509995e-02  -3.4928614e-01   5.0886064e-02   4.2538334e-01  -2.7383039e-01   9.1844747e-02   3.5828506e-01  -4.5397035e-02  -2.2488041e-01   4.0655465e-02  -8.6587840e-02   1.3865134e-01   3.5836362e-03  -1.6026626e-01   6.3075866e-02   2.8308276e-01  -1.5611094e-03   4.0841573e-01  -2.2118368e-01   1.2723720e-01  -3.1054683e-01   2.2352332e-01  -1.9087051e-01   2.0133002e-01   3.3156741e-01   2.2109965e-01   1.7172400e-01  -1.3617814e-01   6.0100493e-02  -1.3644845e-01   8.2262127e-02   1.0146474e-02  -1.3283678e-01   7.1286841e-02   3.2806551e-01  -1.7572791e-01  -2.0537085e-02  -3.6678408e-01  -2.6215637e-01   2.2914828e-01  -1.7332077e-01   7.3489851e-02  -1.4005706e-01   3.2373093e-01  -3.2616503e-01  -4.1125008e-02  -1.6693077e-01   1.1198293e-01   8.9478250e-02  -1.0481981e-01   2.2013760e-01  -1.9573833e-04  -3.4833943e-01  -3.4279813e-01   2.5850976e-01   2.3672908e-01  -5.3262991e-02  -1.6273149e-01   2.2481377e-01   1.0110671e-02   1.0132150e-01  -2.9587236e-01   7.5843999e-02   6.9184866e-02   3.5436411e-02   5.9402765e-01  -1.8681914e-02   5.0023196e-02  -1.6181423e-01   3.8720227e-02   9.3346653e-03  -3.4752858e-01  -1.3170523e-01  -1.5070016e-01  -1.7972085e-01  -2.4085159e-01   1.8071458e-01   7.5602704e-02  -2.7924051e-01   3.5077077e-01  -3.4603194e-02  -2.3162732e-01  -6.3424115e-02   1.3525099e-01  -1.7822182e-01   8.6322326e-02   1.4605004e-01   4.2473521e-01  -2.4773927e-01  -2.3412373e-01  -6.3684718e-02   1.5364484e-01  -3.2401020e-01   2.0352602e-01  -2.4526669e-02   1.7588505e-01  -2.4205352e-01  -3.0591970e-01   2.9835379e-01   4.7390329e-02  -1.2342343e-01   1.2768847e-01   7.2293965e-02   3.0609120e-01  -1.5713708e-01  -1.7299955e-01   9.5095965e-02  -7.9193672e-02  -6.9740133e-02  -3.0887158e-01
  -1.4885853e-01   2.8905203e-01   0.0000000e+00  -2.0532579e-01  -1.0830851e-01   5.4168475e-01   1.1560924e-01  -7.7849593e-02  -1.6033279e-01   1.4529996e-01  -4.5102732e-01   7.1681422e-01   1.2704006e-01  -1.5997478e-01  -1.4944852e-01   2.7340377e-01   8.7369041e-01  -3.0013938e-01   3.5736463e-01   8.1702518e-02  -3.0890918e-01  -2.3062621e-01   6.7577514e-02  -3.5588433e-01   1.1359416e-02  -1.7284439e-01   1.6217712e-01  -2.3443879e-02  -9.0776122e-02  -4.6284603e-01  -4.0964200e-01  -2.6307769e-01   3.2842849e-01   7.7277968e-02   1.1524956e-01  -2.8537688e-01  -5.4202824e-02  -2.3725625e-01   2.9066411e-02   6.4722702e-01  -2.0756234e-02   3.2104570e-01   2.1208721e-01  -2.6394747e-01  -3.5890416e-01   3.0304934e-01  -3.0383674e-01  -1.2534944e-01  -4.3469616e-01   6.3388367e-01  -3.0103546e-01  -1.2693987e-01  -5.2959265e-01   3.7808517e-01   1.4840789e-01   2.3796625e-01   3.3759747e-01  -2.0889293e-01  -3.1887211e-01   4.2152593e-02   1.7679903e-01  -5.5216930e-02   2.1597387e-01  -4.7854637e-01  -5.3162238e-01   2.8052455e-01   2.4807227e-01  -1.7070402e-01  -2.6168481e-01   7.5467807e-01   1.3041175e-01  -4.0978443e-01  -1.0740140e-01   5.9027625e-01   6.8218065e-02  -3.5924986e-01   2.8939124e-01  -9.2806014e-02   1.0096033e-01  -7.5099422e-02   1.5663528e-01   3.0311326e-02   3.1615104e-02  -2.0912881e-01   5.8616961e-01  -2.1828694e-01  -4.3278856e-01  -1.1201082e-02   1.5947545e-01  -3.2596786e-01  -6.5641235e-02   5.1490087e-01   5.0798871e-01  -2.7357355e-01  -2.6810233e-01   1.4317899e-01   1.2340645e-01   2.1845685e-01  -4.0224473e-02  -1.7490451e-01   4.4059040e-01   2.8051731e-01  -7.4437548e-02  -3.8643838e-01  -3.4906064e-01  -4.3722408e-02   4.2478260e-01  -2.1693742e-01   1.9146599e-01  -4.5733297e-01   4.0190893e-01  -2.6226885e-01   4.0831326e-02  -1.8881615e-01   5.2701671e-01  -3.7951600e-01  -1.2252402e-01   1.6623314e-01   3.1626850e-01  -2.7605603e-01  -3.0982840e-01   2.1151209e-03   2.9170714e-01  -3.7899175e-01  -3.4677447e-01   3.4128755e-01  -2.4814347e-01   9.4868367e-02  -1.3746799e-01   7.7620867e-01   7.9422305e-03  -3.4992094e-01   1.3121151e-01  -2.3491630e-01   1.8820686e-01  -2.2611625e-01   8.9963982e-02   2.2122321e-01  -2.7881864e-01  -1.7172515e-02  -1.9658761e-01  -1.0538531e-01  -3.2817012e-01   6.4703989e-01   8.1195000e-02  -3.4586491e-01   6.7477181e-01  -4.1332362e-01  -2.9946936e-01  -4.8348058e-01   5.9588308e-01  -3.7306360e-02   4.1280139e-02  -4.0251949e-01   8.3299735e-01  -2.3442323e-01  -2.3211996e-01  -1.5258066e-01   2.4905680e-01  -8.4291417e-03   9.4494027e-02  -5.1300494e-01  -8.5009945e-03  -4.7032679e-01  -2.6390816e-01   6.6835782e-02  -1.0157822e-01   6.9001638e-02   9.9140863e-02  -2.8571989e-01   1.1241376e-01  -2.1681722e-01  -5.4042174e-01   6.3524933e-01  -2.2006884e-01  -1.1543764e-01  -1.8546441e-01
  -2.8177720e-02  -2.5825799e-01  -2.0532579e-01   0.0000000e+00   6.2938185e-02   8.5613505e-02  -7.0164966e-02   6.0251804e-02   1.4964546e-01  -2.2677287e-02   3.5856468e-01  -3.9095035e-01   1.7256172e-01   2.6291364e-01   1.2556568e-01   6.9287963e-02  -1.9983655e-01   4.5114658e-01  -2.9053803e-01   5.5609725e-02   2.6094892e-01   5.8528674e-01  -1.2541324e-03   8.2509131e-02  -6.6491467e-02   1.0829486e-01  -7.2021378e-02   2.9883461e-01   7.2916478e-02   4.1663796e-01   3.6917256e-01   5.7846094e-01  -1.0220986e-01  -3.2025759e-01  -2.4613790e-01   1.7822949e-01   2.6425053e-01  -1.1440843e-01   2.3953614e-01  -2.9128155e-01   2.0791335e-01   1.0243979e-01  -1.5923837e-01   1.9956285e-01   1.4212602e-01  -1.3685148e-01   4.5428966e-01   2.0252742e-01   2.4396835e-01  -2.5315276e-01   4.6354339e-01   6.8809299e-02  -9.2930246e-02  -1.4845084e-01   2.7862827e-01   9.4367366e-02   1.8911666e-02   5.7868496e-01   5.9170297e-01   2.5512519e-01  -1.9227529e-01   1.6732514e-01  -5.3071704e-02   1.6827522e-01   3.1184544e-01  -2.3338711e-02   3.7396146e-01   3.1759404e-01   4.9311554e-01  -1.7485460e-01  -4.7180747e-01   4.9428609e-01   1.2278097e-01  -2.9244482e-02   2.0721472e-01   3.9312523e-01  -5.0960263e-02   3.8322201e-01  -1.9107944e-01   3.2699795e-01   2.8791200e-01   4.9734334e-02  -2.4699324e-01   6.3131034e-02  -2.7043616e-01   2.7520354e-01  -9.9011744e-02   6.7803444e-02  -2.2554270e-01   6.2301359e-02  -2.2621122e-02  -2.2998693e-01  -5.6889904e-02   2.1761033e-01  -1.8428997e-01  -1.4164753e-02   5.4510842e-02  -2.1500321e-01   2.9079512e-01  -3.1633106e-02  -1.6523961e-01  -1.6014745e-01   3.6024666e-01   4.4433526e-01   4.8578983e-01   4.8348487e-01  -2.1756281e-01   3.7870235e-01   8.6025660e-02   4.0048140e-01  -3.8726946e-01   5.7698722e-01   5.2291599e-01  -5.1992302e-02  -1.8975182e-01   4.0316290e-02   2.9703508e-01   1.9242514e-01  -1.5602957e-02   6.5107023e-01   4.7888510e-02  -1.0229670e-02  -2.4507277e-01   1.5341795e-01  -3.7956234e-02   2.3655372e-01   2.7439192e-01   1.2915591e-02   5.2751293e-01  -1.8156385e-01   2.5616838e-02  -1.6600324e-01  -2.0303574e-01   7.7085343e-02   2.6475746e-01   1.9854444e-01   1.1842891e-01  -6.2673860e-02   4.8875440e-01  -1.3962307e-01   4.4796859e-02   1.1964671e-01   4.3200896e-01  -1.6273042e-01   3.3611631e-02   5.1079493e-01  -3.7438295e-01   1.6930691e-01   3.9440524e-01  -1.1863218e-02   2.8731201e-02   2.8614137e-01   5.6314313e-03   1.7288111e-01  -2.8551257e-01   3.4568035e-02  -2.6499889e-02   4.4127684e-01  -2.2746753e-01   4.7914160e-01   1.6492580e-01   3.3064728e-01  -6.0595452e-02   4.8584248e-01   4.7290435e-01  -2.3685650e-01   6.2826797e-02   3.6008203e-01  -8.1262231e-02  -1.5656945e-01  -6.4170800e-02  -3.5766007e-01   5.9717130e-01  -1.6829141e-01   2.5829352e-01  -9.7438413e-02   5.9774194e-01
   2.3746857e-01   2.0766597e-01  -1.0830851e-01   6.2938185e-02   0.0000000e+00  -2.7032274e-01  -4.6159931e-01   2.6004476e-01   2.3154840e-01   2.4028653e-01  -1.4493147e-02   1.2485093e-01  -7.8947548e-02  -3.3772830e-01  -2.1180451e-01  -1.2227922e-02   1.3036126e-01  -7.2588970e-02  -1.5874351e-01   7.9582148e-01  -4.2379259e-01  -3.7098500e-01  -2.8594372e-01   2.0741949e-01  -1.5745262e-02   2.4416503e-01   2.7448210e-01  -9.0660889e-02   1.8858218e-01  -2.8163262e-01  -3.2869721e-01   5.1343537e-02   1.2719109e-01  -6.7960620e-02   9.0984689e-02   6.9002943e-01  -1.5875454e-01   3.0566587e-01   2.9007876e-01  -6.6697088e-02   2.0372084e-01   2.5265553e-01   1.2125828e-01   5.8081418e-02   2.8068785e-01  -1.0399090e-01   3.2226707e-01  -4.0276184e-01   3.5706176e-01   3.0787860e-01  -8.1510021e-02   3.2017824e-01   2.6470510e-02   1.9216551e-01  -2.7223612e-01  -1.6927796e-01  -2.2909659e-01  -2.2722624e-01   1.0740547e-01  -1.0420087e-01   4.1236048e-01   3.2724858e-01   4.3720037e-01  -2.2737455e-01   4.5947559e-01  -1.0723193e-01  -1.8966870e-02   3.9487357e-01   1.7814194e-01  -4.0027672e-01   1.9195282e-01   1.5784726e-02   4.5152468e-01  -5.8242386e-02  -9.8752233e-04  -1.2010666e-01   3.6184234e-01  -1.6020971e-02   6.7844076e-01   2.1318341e-01  -4.4875300e-01   3.3380516e-01  -3.9503079e-02   3.7052480e-01   2.2851358e-01   2.8652070e-02  -2.5448473e-02  -4.5464586e-02   4.6781926e-01   2.3091306e-01   6.7179843e-01   3.3819689e-01   1.5962167e-01  -2.0731393e-02   3.0592458e-01   7.7752257e-01  -1.8055919e-02  -9.6573875e-02   4.9458747e-01  -2.0313176e-01  -2.6761652e-01  -1.0486919e-01   8.9392617e-02  -1.6752995e-01  -3.1570568e-01   1.0070633e-01   1.4582120e-01   9.0521641e-02   3.3405269e-01  -1.8889088e-01  -7.3570172e-02  -3.3394759e-01   1.7028794e-01   1.9220749e-01  -2.6255720e-01   6.6604161e-01   6.9403447e-02   2.9873518e-01  -1.1522412e-01  -7.5627807e-02   2.7340391e-02   6.3363270e-01  -1.2275590e-01   2.0010326e-02   2.7449234e-01  -1.4573110e-01   1.2609063e-01   1.1993027e-01  -1.3345882e-01  -3.3389998e-01   2.3326989e-01   2.4253259e-02   1.6023028e-01  -2.1632658e-01  -8.3886991e-02   2.2477652e-01   3.6331629e-01  -4.2244240e-01  -1.6923118e-02  -4.9053691e-02   1.1125581e-01  -1.5422585e-01  -8.5723598e-02  -1.6124264e-01  -2.7322530e-01  -3.9994152e-01  -2.5207825e-01   1.7806751e-01  -5.8210987e-02  -2.2154025e-01  -2.9323169e-01   3.0950570e-02   1.9533417e-01   5.5692340e-01   6.7609073e-02   1.1313978e-01   2.2046516e-01   1.5344970e-01   4.0378038e-01  -2.2050859e-01   3.0104064e-01   2.2145364e-04   1.6915547e-01  -1.0566374e-01  -4.7087432e-02   3.9159031e-01   1.0023551e-01  -1.8525655e-01   3.4615775e-01   2.2065875e-01   6.7345996e-01   1.5169539e-01   1.2054069e-01  -3.1801475e-01  -1.2202665e-01   3.7958967e-02   1.0069235e-03
  -3.4173739e-01  -5.1492647e-02   5.4168475e-01   8.5613505e-02  -2.7032274e-01   0.0000000e+00   3.8272076e-01  -2.7217976e-01  -3.4531566e-01   2.4103337e-01   7.9333443e-02   2.3522054e-01   2.9307339e-02   4.8822227e-02   1.2821525e-01   3.5499406e-01   3.2119865e-01   2.1666127e-01   2.8239846e-01  -1.0046205e-01   1.0448900e-01   8.6656700e-02   1.8001142e-01  -3.7723169e-01  -5.6422439e-02  -7.4713423e-02   8.6110788e-02   1.7713756e-01  -1.9720552e-01  -8.4943701e-02  -5.0187508e-02   7.2370141e-02   1.1739877e-01   1.9615559e-02  -2.3782449e-01  -1.0101120e-02   3.0978611e-01  -3.5324518e-01   9.8737695e-02   3.3028521e-01  -1.1348348e-01   1.7718194e-01  -2.3209352e-01  -1.9747997e-02  -1.8084380e-01   1.9930979e-01   1.4755669e-01   2.7821250e-01  -2.6436604e-01   8.2645312e-02   2.6293693e-01  -2.0288393e-01  -3.4309434e-01   1.8893307e-02   5.0971427e-01   4.3732751e-01   4.6184227e-01   1.1013314e-01  -1.0339438e-01   9.7752495e-02  -1.5239015e-01  -2.3059208e-01  -2.2756491e-01  -1.4068676e-01  -3.2947680e-01   5.4036135e-01   6.5277828e-01   3.8351840e-02   1.6658249e-01   6.1293863e-01  -2.4767399e-01   8.7637829e-02  -5.6460200e-02   3.7509766e-01   5.3981807e-03  -5.9901472e-02  -1.0295689e-03   8.7120315e-02  -2.9152526e-01  -3.0164932e-01   4.7493982e-01   8.3927475e-02  -1.6364697e-03  -2.6180790e-01   1.9682681e-01   8.8355359e-02  -4.5620349e-01   1.9352371e-02  -2.2332507e-01  -3.1749108e-01  -3.8568919e-01   1.0097704e-01   5.3954041e-01  -2.9769146e-01  -4.0326903e-01  -1.9661303e-01   1.5242532e-03   2.6281406e-01  -1.8841564e-01   6.6570382e-02   4.3338421e-01   3.7775062e-01  -1.0160718e-01  -2.4427695e-01   2.6430143e-01   9.3200889e-02   1.6632602e-01   5.2777671e-04   3.1700060e-02   1.5039215e-01   2.4885887e-01   1.5141588e-01   1.0668527e-02  -2.5198368e-01   3.8470040e-01  -5.5528358e-01   8.5049792e-02   1.6240355e-01   4.2434633e-01   7.4794423e-02  -2.7481730e-01  -2.7555452e-01   4.5240897e-02  -5.1979190e-02  -4.3906671e-01   2.5104943e-01   1.2363654e-01  -1.5624064e-01   9.7644920e-02   6.4428594e-01   1.0031299e-01  -5.7731616e-02  -2.0513361e-01  -3.7602237e-02   4.3856764e-02  -2.4202975e-01  -1.3426984e-01   2.8048091e-01   1.7054245e-01  -2.3206830e-01  -2.1570693e-01   6.4566583e-03   2.5044392e-02   6.2722477e-01   2.1218041e-01   2.4627180e-01   3.5581646e-01  -1.2745887e-01   3.6408384e-01  -1.9658190e-01   6.0328822e-01  -7.9448011e-02  -2.1583646e-01  -2.9956871e-01   4.2719126e-01  -3.1439558e-01  -3.8041332e-01   6.7576036e-02  -9.9204768e-02   3.5304270e-01   3.2797513e-03  -1.0002997e-01   6.4682827e-02   2.1760021e-02  -5.0986992e-02  -2.2155490e-01  -1.6121322e-02   2.9849816e-01  -2.3046623e-01  -2.6951490e-01  -3.1894938e-01  -2.9923793e-01  -9.9183712e-02   7.3805407e-01  -4.4134181e-02  -1.3440639e-01   6.6119955e-02
  -3.5702256e-01   1.3575008e-01   1.1560924e-01  -7.0164966e-02  -4.6159931e-01   3.8272076e-01   0.0000000e+00  -4.7646749e-01   5.1836177e-02   2.5108510e-01   1.6572457e-01   9.7941353e-02  -7.8637564e-03   1.6921447e-01   4.3887575e-01   1.7782441e-01  -1.8487603e-01   2.5146170e-01  -6.9798818e-02  -4.8982509e-01   3.9443971e-01   4.3026685e-02   4.8875425e-01  -3.6146506e-01  -6.5451653e-02  -2.6176760e-01  -2.7693860e-01   1.5277219e-01  -7.9164810e-02   1.9329404e-01   1.3555992e-01  -1.9514709e-01  -1.6278191e-01   6.2465244e-01   1.9657543e-01  -2.1554890e-01   1.7648980e-01  -4.3562624e-01  -2.3722255e-01   2.7912340e-02  -2.1276443e-01  -1.7062620e-01   1.1132795e-01   3.5926492e-03   2.4856237e-01  -1.1073892e-01  -1.8260398e-01   6.4355029e-01  -2.2161128e-01  -4.2274466e-01   2.9572436e-01  -3.3510898e-01   1.9182973e-01  -1.5197816e-01   2.6888635e-01   3.1333102e-01   9.9874034e-02  -5.0137165e-02  -1.5472320e-01   1.3595715e-01  -5.2436869e-01  -5.6366031e-02  -5.9569195e-01   9.8902164e-02  -2.6278112e-01   5.7533647e-01   1.6842758e-01  -8.3754229e-02  -9.9176274e-02   3.5140611e-01   1.0378245e-01   2.0510983e-01  -3.6209883e-01  -1.3445994e-01  -1.7248796e-01  -6.8623818e-02  -4.3120395e-01   1.9144062e-02  -4.5765620e-01  -4.1504718e-01   5.8382956e-01   2.0194339e-03   1.0843355e-01  -3.8535989e-01  -2.7349899e-01  -8.7541363e-02  -2.5601486e-02  -8.6971957e-02  -4.3683464e-01  -3.9390850e-01  -4.5533244e-01  -3.4684387e-01   6.5045929e-02   7.6612266e-02  -4.2550382e-01  -6.2539605e-01  -1.7529621e-01  -9.3038094e-02  -2.7000755e-01   5.4135252e-01   2.1871919e-01   6.0603091e-01  -1.3376731e-01  -7.1712479e-02   3.7793284e-01  -1.5464694e-01  -1.0622070e-01  -1.5766536e-01  -1.5753012e-01   3.0209573e-01   3.4805077e-01   1.5368188e-01  -2.8188264e-01  -2.5662746e-01   2.9545066e-01  -6.3438014e-01  -8.9101696e-02  -1.2658067e-01   1.4165012e-01   5.8446235e-04  -2.4900759e-01  -2.4307902e-01  -1.4698344e-01   5.4446876e-02  -4.5072366e-01  -8.5554186e-02   4.2233176e-01  -1.7622106e-01   1.1434183e-02   2.6826093e-01  -1.8632842e-01   3.7012528e-01  -2.1687792e-01   1.3488487e-01  -1.4289117e-01  -3.5280693e-01  -2.9418001e-01   5.0655611e-01  -3.9176185e-02  -1.6588107e-01  -1.4728165e-01   1.2260910e-01   2.1770499e-01   1.5973250e-01   4.8923766e-01   3.5539059e-01   3.4751958e-01  -1.7755623e-01   3.2824613e-01   2.2708851e-01   2.2757692e-01  -1.0225211e-01  -3.0371983e-01  -2.9961050e-01  -1.0931237e-01  -3.5957927e-01  -3.1548305e-01  -1.4155937e-02  -5.0989330e-01   2.4539386e-01   1.4248160e-01   2.6596502e-02  -1.7960630e-02   1.9714046e-01  -2.4179966e-01   9.4497526e-02   4.3753890e-01   2.1224977e-01  -3.8082057e-01  -3.3639264e-01  -3.8927148e-01  -2.9171977e-01  -2.0686264e-02   3.4185237e-01   1.2113489e-01  -8.6678089e-02  -1.6174086e-01
   4.9138338e-01  -8.2471267e-02  -7.7849593e-02   6.0251804e-02   2.6004476e-01  -2.7217976e-01  -4.7646749e-01   0.0000000e+00   1.3409400e-01  -4.9008360e-02  -1.8839668e-01  -3.5903113e-02  -2.4471267e-02  -9.4765079e-02  -1.8025059e-01  -1.7055672e-01   1.0932981e-01  -1.7565962e-01  -1.4417523e-01   1.7274941e-01  -2.7890188e-01   2.4827074e-02  -1.9293014e-01   4.6314938e-01   5.0476222e-02   4.8353235e-01  -6.0133456e-02   9.5279467e-02   4.4567909e-02  -1.4085910e-01  -1.9266649e-01   2.6203479e-01   1.7434052e-02  -1.8328874e-01  -4.7798489e-02  -4.3824310e-02   7.3296343e-02   5.0829275e-01   2.6764855e-02  -8.3665671e-02   5.2302585e-02   1.9615970e-01   4.5905740e-02   2.0314506e-02  -1.2736866e-01   3.1771475e-01  -1.2744082e-01  -4.2494093e-01   1.0088726e-01   2.0713637e-01  -1.3210404e-01   7.2799553e-01  -1.9953767e-01   5.2436977e-02  -2.8462549e-01  -1.7519333e-01  -1.0293430e-01   2.2798415e-01   8.1846536e-02   1.5312120e-01   3.5758995e-01   3.4860649e-02   3.4024774e-01  -1.1074577e-01   1.3827279e-01  -3.3508038e-01  -7.7783256e-02   1.3112396e-02   2.3665044e-02  -1.6421567e-01  -2.8192659e-02  -1.7779747e-01   3.6131483e-02   8.1738601e-02   1.0694766e-01   2.2799543e-01   4.5446588e-01   2.3669849e-01   2.6464407e-01   2.9174877e-01  -3.9022612e-01  -2.7984915e-01  -1.3140991e-01   6.7941428e-01   1.3123602e-01   3.9907531e-01   1.3259666e-02   1.7925627e-01   1.9586487e-01   5.1695500e-01   3.0941291e-01   2.2197997e-01  -6.5205679e-02   1.0855084e-01   4.5693912e-01   2.8601517e-01   6.7700229e-02   8.3738767e-02   2.4985807e-01  -2.2018345e-01  -2.3506661e-01  -1.6877491e-01   5.2693299e-01   1.4053614e-01  -2.1146290e-01   3.4138607e-01  -7.9452499e-02   3.8688571e-01   4.4678806e-02  -2.0677192e-01  -8.2327625e-02  -1.1203883e-02   2.6045547e-01   3.6589921e-01  -2.2656905e-01   3.6207696e-01   1.2927555e-01   8.5030523e-02  -2.0577069e-01   3.8742205e-02   3.8885827e-01   1.3882235e-01  -2.1282308e-02  -1.0497757e-01   5.5378854e-01   1.8060571e-01  -2.1320819e-01   1.0240224e-01   3.3195143e-01  -2.4906762e-01  -1.4468879e-01  -2.6517393e-01   1.7559410e-01  -1.6396617e-01   7.1971772e-02   7.9682666e-01   1.5387140e-01  -3.2926786e-01   3.3446848e-01   3.5693295e-01   3.1144350e-01  -1.9336268e-01   5.7900182e-02  -1.6734169e-01  -2.8307027e-01  -2.1063818e-01  -1.7580924e-01  -1.9623722e-02  -2.7164845e-01  -1.7258585e-01  -1.9336340e-01   4.1172617e-01   5.2165328e-01   1.7047577e-01   4.1270857e-02   5.1229804e-01   4.5458627e-01  -7.0641727e-02   3.0853505e-01  -4.4711797e-02  -8.7868618e-02  -4.0610771e-02  -1.9959322e-02  -1.3625516e-01   3.4932592e-01   2.8354831e-02  -1.5778356e-01  -1.1071230e-01   5.2935043e-01   2.9115272e-02   2.8111961e-01   1.8568475e-01  -3.8126791e-02  -3.1309287e-01  -5.7115552e-02  -6.7942751e-02   3.5310691e-01
   1.8212283e-01   4.2938422e-01  -1.6033279e-01   1.4964546e-01   2.3154840e-01  -3.4531566e-01   5.1836177e-02   1.3409400e-01   0.0000000e+00   4.9873824e-02   2.1827365e-01  -6.3509589e-02   1.2946005e-01  -5.4598805e-03   2.3665191e-01  -2.2732956e-01  -1.3678535e-01   9.6982939e-02  -3.3460501e-01  -3.4708827e-02  -1.3433482e-01   1.6601413e-01  -1.4288383e-01   1.8072543e-01  -6.2070449e-02   1.9312594e-01  -1.2683021e-01  -1.4189690e-01   1.8670455e-01   4.2854194e-01   1.6383305e-01   2.3465894e-02  -1.9880054e-01   1.0269264e-01   5.0382416e-01  -3.1391909e-02  -2.9196323e-01   2.8107591e-02  -2.2987073e-02  -3.7609456e-01   2.4227154e-01  -2.0755318e-01   2.9430896e-01   2.3644294e-01   3.1414288e-01  -4.1983776e-03  -1.0777163e-02  -4.6195895e-04   3.0374287e-01  -1.8906350e-01   1.8779090e-01   3.1024822e-01   2.0119811e-01  -1.1574034e-01  -2.2010622e-01  -1.3222819e-01  -6.3185666e-02   7.7075926e-02   2.1834735e-01   4.9554314e-01  -1.2981218e-01   2.1743175e-01   1.8361640e-01   1.7080403e-01   3.5755771e-01  -6.1300818e-02  -5.7780916e-02   2.1748568e-01   1.4393830e-01  -2.8110524e-01   1.5650771e-02   1.7326558e-01   2.3817584e-02  -9.7612765e-02  -1.0694115e-01   3.1658436e-01  -3.8737980e-02   2.0500816e-01   9.5439646e-03   1.7397446e-01  -2.4572411e-01   2.8690629e-02  -2.0011191e-01   2.3436882e-01  -2.1951548e-01   1.5899230e-01   4.4878345e-01  -1.5622980e-01   2.7325271e-02   2.5641395e-01   3.8011874e-01  -1.3209482e-01  -3.5357317e-01   7.1429638e-01   1.6747032e-01   5.0371375e-02  -3.6027494e-02  -3.3255899e-02   2.5623420e-01  -4.1864174e-02  -5.1946768e-01   1.4820686e-01   1.3439822e-01   5.1165418e-01   1.8806258e-02  -2.2667513e-02  -2.4239721e-01   3.4372293e-01   2.4332355e-02  -1.7126822e-03  -2.4542871e-01   2.0104983e-01   3.1674454e-01   1.0556550e-01  -3.4509519e-01   2.9276202e-01   2.6977107e-02   1.5486723e-01  -2.8585777e-01   5.2500234e-02   2.4384991e-02   4.6812107e-01  -5.0857957e-02   4.2511221e-02   2.2800935e-01   1.8663352e-01   3.1434452e-01  -1.4335493e-02   1.5667434e-01  -3.4947737e-01  -1.8628692e-01   1.1281187e-02   3.0326282e-01  -3.3045347e-02   9.9333490e-02   2.6504410e-01  -6.3844391e-02  -2.5009930e-01   7.8264747e-02  -5.0112885e-03   6.3748167e-02  -1.0193650e-01   2.3199445e-01  -3.4070110e-01   8.1464278e-02  -7.8025086e-03  -2.9696108e-01   2.4253618e-01   4.3520574e-02  -5.8210515e-02  -3.6945816e-01   5.0644923e-02   1.1250712e-01   3.6211998e-01  -1.7190344e-01   1.2201603e-01   1.0652625e-01   2.1914910e-01  -2.0183907e-01  -1.2710644e-01   3.2670456e-01   3.3738308e-01  -2.2966826e-01   2.4585765e-01   1.2941281e-01   3.4917493e-01   2.9115122e-01  -4.5222599e-02   1.9648981e-01  -2.2508488e-01   3.3468085e-01  -6.0318110e-02   3.4703221e-01  -3.6379716e-01   1.5714747e-01  -6.4393908e-02   1.3159635e-01
   7.8495355e-02   5.8373006e-02   1.4529996e-01  -2.2677287e-02   2.4028653e-01   2.4103337e-01   2.5108510e-01  -4.9008360e-02   4.9873824e-02   0.0000000e+00  -6.9475307e-02   1.8591575e-01  -1.9056620e-01  -3.1550624e-01  -1.0904300e-01  -4.2529486e-02   1.3053461e-01   1.0394321e-01  -8.6345702e-02   3.6150250e-01  -8.6075549e-02  -1.5264341e-01   7.7628891e-02  -4.4381032e-02  -4.2687901e-02  -6.2436965e-02   3.0102041e-01   4.1182678e-02  -7.8163252e-02  -1.4791179e-01  -4.1450419e-01  -9.9569267e-02  -1.8016833e-01   3.3900091e-01  -3.4130018e-02   3.5688170e-01  -1.7529526e-02   2.2015838e-02  -1.2431103e-01  -5.3308304e-02  -1.7070945e-02  -9.7189464e-02   8.2303150e-02  -2.4276405e-01   4.5315425e-01   1.7318487e-01   1.8399279e-01  -1.7519757e-02  -1.6643466e-01   3.0237607e-02   1.7626056e-01  -4.2859848e-02  -1.5210395e-01  -2.6760292e-02  -1.2888309e-01   2.7995902e-03   3.9533141e-02  -1.8351161e-01  -4.1243667e-02   2.3985399e-02   4.2625154e-02   1.4267788e-01  -1.8385861e-01  -3.7701264e-01  -3.8423200e-02   4.6856748e-01   9.3830559e-02   2.2235082e-01   1.1782082e-01   1.0444393e-01   7.9330587e-02   1.2730525e-01  -7.2944966e-02   9.8434451e-02  -1.9107708e-01  -1.0654198e-01   1.0948399e-01   5.0650451e-02   1.3779472e-01  -2.7148214e-01   2.4890339e-02   1.6871086e-01  -1.6290021e-01   6.9017212e-02  -4.5089579e-03  -1.2635269e-01  -1.5510481e-01  -1.5213656e-01  -9.8109983e-04   5.8176151e-02   1.8847905e-01   6.5272767e-02   3.6689488e-01   7.1329760e-03   8.4257968e-02   1.5294836e-01  -1.2648432e-01  -1.6619791e-01   1.7066983e-01   3.5898023e-01  -1.4584352e-01   2.7075815e-01  -6.2441859e-02  -2.5928243e-01   3.8005900e-02  -1.5182171e-01   4.4224612e-02   1.6510987e-02   4.3478660e-01   5.6887369e-02   2.1615298e-01  -1.1432368e-01  -4.0937207e-02   1.9183328e-01  -1.1773386e-02  -5.3918127e-02  -1.1960492e-02  -3.8472590e-02   1.1156375e-02  -2.2827389e-01   7.5208367e-02   2.2203029e-01  -2.8014362e-01  -1.8948621e-01   3.8767116e-02  -8.9324386e-02   2.9895087e-01  -2.1940385e-01   2.8463156e-03   7.9056729e-02  -4.8484385e-02   1.1494534e-01  -2.6348994e-01  -2.5354259e-01  -1.6852763e-01  -1.4569142e-03  -2.6289351e-01  -6.4244361e-02  -2.7237493e-02   9.2954940e-02   4.8284007e-03   4.3157437e-03   8.4524606e-02   1.0834939e-01  -4.3909459e-02  -2.0817983e-01   9.4493975e-02   2.7563364e-01   3.2889718e-01  -2.4535015e-01  -3.6549666e-02  -2.0674097e-03  -4.1094036e-02  -8.7326944e-02   6.0879356e-02   1.5453454e-02   1.3994186e-01   5.9752932e-02  -2.5404160e-02   1.8535842e-02   3.4585769e-01  -1.9184514e-01   2.9215788e-01  -4.1598716e-02  -2.2462040e-01   2.1298872e-01   3.0071519e-01   3.4717200e-02   5.8189134e-03  -7.6673517e-02   2.9031545e-01   3.6276794e-03  -5.4489226e-02   1.3192917e-01  -1.4418085e-01  -5.4231165e-02  -1.2170992e-01
  -2.1487408e-01  -1.8972610e-01  -4.5102732e-01   3.5856468e-01  -1.4493147e-02   7.9333443e-02   1.6572457e-01  -1.8839668e-01   2.1827365e-01  -6.9475307e-02   0.0000000e+00  -5.3076187e-01   5.8850348e-04   2.6669310e-01   5.5473704e-01  -3.1407438e-02  -5.1834386e-01   7.1008256e-01  -2.4207536e-01  -2.0716567e-01   4.1932275e-01   3.2493832e-01   5.0197002e-02  -6.6530081e-02   1.9686591e-02   1.8250085e-01  -1.5667468e-01   1.1888316e-01   4.7741824e-02   6.2042257e-01   6.8089058e-01   4.0996331e-01  -1.8404021e-01  -1.0306672e-01  -2.7511465e-02   2.6922253e-01   5.7605480e-02  -1.1895885e-01   8.7286720e-02  -5.0861617e-01   6.8892601e-02  -2.0204735e-01  -4.2119883e-01   6.4022211e-01   3.5288832e-01  -1.7543328e-01   6.2350571e-01   3.9506957e-01   4.7406317e-01  -6.2554074e-01   7.3804933e-01   9.7969828e-02   3.9506000e-01  -3.6851400e-01   1.6132675e-01   2.3470488e-01   8.4912191e-02   2.8136613e-01   4.0066968e-01   3.2009917e-01  -3.4155088e-01  -1.2928430e-02  -2.3399858e-01   6.7537998e-01   4.5654012e-01   1.8051179e-02   3.1702220e-01   2.0020878e-01   6.4806900e-01  -2.5572703e-01  -4.2133825e-01   5.7836064e-01   2.0809662e-01  -3.3317823e-01  -1.2896395e-01   4.2809239e-01  -3.1096210e-01   4.3463282e-01  -4.1542654e-01  -9.9673150e-02   2.1370641e-01   7.9108000e-02  -1.4426055e-02   3.6494001e-02  -4.4856401e-01   3.9974052e-01   2.5124505e-01  -1.1549653e-01  -3.2842798e-01   1.5688907e-02  -1.5740554e-01  -4.6999257e-01  -2.6782639e-01   2.9355799e-01  -7.8261536e-02  -2.6328701e-01   1.3672599e-02  -9.1809315e-02   6.4006427e-02   1.3870588e-01  -1.9769318e-01   1.7482180e-01   1.8395051e-02   3.7434346e-01   6.3633445e-01   8.4805281e-02  -2.4367878e-01   3.3580956e-01  -1.3285991e-01   6.5015124e-01  -3.9620266e-01   5.1956207e-01   7.8686143e-02  -2.1700808e-01  -2.4193749e-01  -1.4083786e-02   1.8390848e-01   1.3876732e-01   1.2317043e-02   5.1277677e-01  -8.0050607e-02   4.4774852e-02  -2.5593384e-01   6.9317055e-01  -3.7149167e-02  -2.9950599e-02   5.6176908e-01  -1.5807409e-01   2.7597678e-01  -2.6742336e-01  -1.2118358e-02   4.1686526e-01  -2.2096753e-01   4.9573972e-01  -4.3376450e-02   9.4024390e-02  -1.6194784e-01   2.8853449e-02   4.9306803e-01  -3.6185670e-01  -7.5093925e-02   3.4747423e-03   6.0545495e-01  -1.5664550e-01   3.6797706e-01   6.3686734e-01  -4.9960327e-01   5.1135544e-01   6.6714454e-01   3.6968123e-01  -2.2739780e-01   3.2782717e-02  -2.0425162e-01   4.1015038e-01  -4.0339863e-01  -1.2597170e-01  -1.0683248e-01   4.6131146e-01  -3.6063725e-01   3.4779283e-01   1.1116178e-01   8.3467593e-01   3.3761853e-02   7.9090326e-01   2.4713088e-01  -2.4666475e-01   3.1034231e-01   1.1677058e-01  -2.4256048e-01  -2.7464653e-02  -2.1917504e-01  -1.7042339e-01   7.0427020e-01  -1.2986836e-01   2.4031416e-01   1.0324488e-01   2.1676669e-01
  -1.9967449e-01   5.9298355e-01   7.1681422e-01  -3.9095035e-01   1.2485093e-01   2.3522054e-01   9.7941353e-02  -3.5903113e-02  -6.3509589e-02   1.8591575e-01  -5.3076187e-01   0.0000000e+00  -3.4518880e-02  -3.6829561e-01  -1.3323804e-01   3.0285501e-01   7.3065706e-01  -5.0913808e-01   3.4747375e-01   2.0638164e-01  -3.8077118e-01  -5.8494232e-01   7.3947099e-02  -3.5894837e-01  -1.4707414e-01  -7.4216554e-02  -2.6301471e-02  -1.3877845e-01  -2.5655144e-03  -5.7068315e-01  -4.7539783e-01  -5.0819840e-01   2.5803222e-01   4.2757427e-01   3.3904361e-01  -1.8703365e-01  -1.3943942e-01  -8.7284629e-02   1.5039696e-02   6.2464058e-01  -1.1822394e-02   3.4702305e-01   3.9167724e-01  -2.3674529e-01  -2.3491112e-01  -2.7840546e-02  -5.1667663e-01  -2.1871283e-01  -3.7456425e-01   6.8337734e-01  -5.2060531e-01  -4.5848529e-02  -3.0520797e-01   6.0314530e-01  -1.7786163e-02   1.0061200e-01   1.2430377e-01  -5.0221201e-01  -3.8815650e-01   1.5008520e-02   2.6757085e-01   1.5449446e-02   3.3948058e-01  -4.5906924e-01  -4.3107752e-01   3.6623077e-01  -4.9770514e-02  -1.2928392e-01  -5.0169938e-01   4.1723726e-01   4.6587069e-01  -5.5473107e-01  -4.8660965e-03   5.6270291e-01  -4.2233317e-02  -4.7087286e-01   2.8037606e-01  -2.5708246e-01   3.8359688e-01  -1.5136493e-02  -7.7439357e-02   1.9955898e-01   2.5976949e-01  -9.7245161e-02   6.8432594e-01  -3.4791089e-01  -2.6630760e-01  -1.3566642e-01   3.4711768e-01  -2.8467777e-01   1.1680587e-01   6.1746030e-01   5.6980254e-01  -2.2435943e-01  -1.4661890e-01   2.5178336e-01  -3.6997295e-02   2.0390092e-01  -2.0146123e-02  -8.5173469e-02   3.5258532e-01   4.1073424e-01  -2.5771496e-01  -4.6846343e-01  -6.0001511e-01  -3.2677543e-01   5.4654710e-01  -4.1724246e-01   1.8020403e-01  -5.3498647e-01   6.9211445e-01  -5.5329210e-01  -8.5872910e-02  -1.7863119e-01   4.8595597e-01  -1.4540840e-01  -2.5433155e-01   1.5689739e-01   1.3296480e-01  -4.8784416e-01  -2.8765264e-01   1.7065179e-01   3.5826515e-01  -3.4414765e-01  -2.3514872e-01   1.5490113e-01  -2.6189963e-01   1.5651195e-01  -4.1552780e-01   4.3074550e-01   1.4540504e-01  -1.3472584e-01   3.6528965e-01  -2.1422684e-01   7.3859175e-02  -2.6300430e-01   1.8924171e-01   8.2010877e-02  -4.4452176e-01  -1.0142513e-01  -2.4544377e-01  -1.8331529e-01  -4.4969782e-01   4.7180651e-01   2.6848161e-02  -5.7048437e-01   7.6403898e-01  -3.8950122e-01  -4.2991396e-01  -3.2383807e-01   4.4012443e-01  -2.1899271e-01   1.3664645e-01  -2.3090699e-01   7.4418934e-01  -2.7407314e-01  -2.1542061e-01  -2.2021140e-01   4.2888870e-01  -2.9156477e-01   2.4402344e-01  -5.1971194e-01   2.2486299e-01  -6.2666910e-01  -4.3086687e-01   2.9953072e-01  -1.6517220e-02  -1.0628553e-01   2.1564479e-01  -4.1214834e-02   3.4376023e-01  -2.7601561e-02  -6.1918392e-01   3.4287649e-01  -2.9220406e-01  -4.6768970e-02  -4.6469033e-01
   7.2653546e-02   1.0086516e-01   1.2704006e-01   1.7256172e-01  -7.8947548e-02   2.9307339e-02  -7.8637564e-03  -2.4471267e-02   1.2946005e-01  -1.9056620e-01   5.8850348e-04  -3.4518880e-02   0.0000000e+00   1.5515393e-01  -1.4396681e-01  -1.9902433e-01   4.0500424e-02   3.0827202e-02   5.5731550e-02  -4.8907546e-02  -2.1743806e-01   3.3564757e-01  -3.8387985e-01   2.7922440e-02   1.7162781e-01  -1.5576612e-01   1.0369023e-01  -3.4811373e-01   1.5121172e-01   2.4199891e-01  -4.0345888e-02   5.0809490e-03  -1.0162773e-01  -3.5384263e-01   3.3322780e-02  -1.8501259e-01  -1.6214566e-01  -2.8949907e-01  -3.3968471e-01  -1.2907184e-01   5.0447073e-01  -7.4171322e-02  -1.3433120e-02   4.3579450e-02  -2.4471892e-01   7.9776781e-02   1.2615297e-01   4.6954982e-02  -3.7733619e-02  -1.0917270e-01  -2.1827401e-02  -5.6165429e-02  -2.6227520e-01  -7.2338529e-02   1.0339872e-01  -2.1235751e-01  -2.0429982e-02   2.3687282e-01   9.0845184e-02   2.5272276e-01  -3.6251724e-01   3.7083498e-01   2.2801007e-02  -1.6948788e-01  -7.3430127e-02  -2.2174721e-01   1.7385662e-01   1.2752017e-01   2.2778181e-01   1.0952972e-01  -2.0034405e-01   2.5184859e-01  -2.4850454e-01   1.9785960e-01   3.7053315e-01   1.2988410e-01  -2.8054748e-01   1.4077992e-01  -2.6469316e-01   3.0850621e-01  -4.4786657e-02  -2.3332809e-01  -3.1843994e-01   2.1144483e-03  -1.1881157e-01   3.3136560e-02  -4.7330523e-02  -8.1277747e-02  -1.0727455e-01   4.4018287e-02  -4.7177930e-02  -1.5171281e-01  -2.2185597e-01   2.1064800e-01  -3.8804603e-01   3.3691203e-02   4.6369686e-01   1.8814511e-01   3.1575080e-02  -4.0215040e-01  -9.3190617e-02  -2.1514800e-01   2.4282969e-01   2.0100683e-01   2.0597507e-01   2.5616716e-01  -9.5263159e-02   2.5766056e-01  -2.4753606e-01   7.1670401e-02  -3.7207428e-01   2.1637098e-01   2.5143081e-01  -9.4827021e-02  -2.1414952e-01  -1.0043600e-01   6.1661065e-02   1.0224339e-01  -1.2979838e-01   8.6102892e-02  -1.3397997e-01   1.4995085e-01  -4.1244482e-02  -2.1072364e-01  -7.2970733e-02   3.1241344e-01  -3.9921401e-02   5.4695631e-02   3.6527886e-01   1.1759551e-01   2.4000885e-02  -3.7826201e-01   8.2498366e-02  -2.4831891e-01   2.4927943e-01   1.3275118e-01   2.6447677e-01  -1.1265221e-01  -3.3027758e-03   7.3019994e-02   2.2323189e-02   4.3760079e-01   7.3644628e-02  -2.2654143e-03  -1.8947253e-01   7.2045960e-02  -1.5906223e-01   1.0670455e-01   8.3033071e-02  -1.9314558e-01   5.5298186e-02   1.1460230e-01  -1.4360965e-01  -1.7066962e-01   7.1241760e-03  -5.9638877e-02  -1.0686306e-01   1.1421533e-01  -2.4736648e-01   1.1332663e-02   8.6652671e-02   4.7882728e-02  -3.7194776e-01   1.4758827e-01   1.1285526e-01  -1.6324946e-01  -1.0849890e-01  -3.2334442e-02  -5.0420322e-02  -2.3449294e-01   3.9175967e-02  -4.7018440e-01   1.9299295e-01   8.1611086e-02   3.4880235e-01  -1.0273714e-01   2.0653860e-01
  -3.1905446e-02  -1.6832407e-01  -1.5997478e-01   2.6291364e-01  -3.3772830e-01   4.8822227e-02   1.6921447e-01  -9.4765079e-02  -5.4598805e-03  -3.1550624e-01   2.6669310e-01  -3.6829561e-01   1.5515393e-01   0.0000000e+00   2.9403363e-01  -1.0585337e-01  -3.1394204e-01   3.1736402e-01  -2.4233569e-01  -4.6120586e-01   5.0057215e-01   4.1754525e-01   1.2060014e-01   3.2687243e-02   1.4181219e-01   9.2172845e-02  -2.8058239e-01   2.0979949e-01  -2.9970630e-02   4.8484428e-01   5.9356911e-01   3.5139362e-01  -1.1597628e-02  -1.4619534e-01  -4.2728899e-02  -2.6106060e-01   2.2338508e-01  -1.5437313e-01   3.8023190e-02  -1.1261577e-01  -1.7610955e-02  -1.0650808e-01  -3.3053042e-01   3.7263526e-01  -2.4772311e-01   1.4352484e-01   3.0317458e-02   5.1093120e-01   1.7674012e-01  -4.5794966e-01   2.4693129e-01  -6.4039075e-02   2.0475955e-01  -2.6711299e-01   4.6190823e-01   2.9132161e-01  -2.4187229e-02   3.7278994e-01   2.6480398e-01   1.6850176e-01  -3.4504316e-01  -2.4242792e-01  -2.7361010e-01   4.7014692e-01   5.1750603e-02  -1.5451090e-01   3.1916075e-01  -2.4102651e-01   1.3692028e-01   1.3236161e-01  -2.6578541e-01   2.3689288e-01  -4.8207113e-02   6.6547440e-03   2.3415996e-01   2.0309809e-01  -3.1470404e-01   1.0012086e-01  -5.1157177e-01   1.5987152e-02   4.0392917e-01  -3.1786026e-01   1.1225296e-01  -7.1931505e-02  -2.3139458e-01   1.3793459e-01   2.3564706e-01   1.7630475e-01  -2.3854209e-01  -5.6305991e-03  -4.5327046e-01  -4.6983626e-01  -3.3163852e-01  -1.2962318e-02  -2.5361435e-01  -4.4434500e-01   1.0972541e-01  -2.0438978e-01  -2.1640343e-01  -9.5658179e-02   2.5709269e-01  -2.9166966e-03   3.2445092e-01   3.2112427e-01   3.3080563e-01   3.7248618e-01  -3.3620783e-01   2.0618182e-01  -3.0279212e-01   3.9375114e-01  -2.3393713e-01   4.0589799e-01  -7.4225508e-03   9.6457265e-03   6.1545322e-02  -2.8242547e-01   2.6770766e-01   3.0462751e-03   2.7134241e-01   3.3137191e-01   4.5257061e-02  -4.0653749e-01  -8.7392359e-02   2.9925910e-01  -7.5638605e-02   2.6564442e-01   2.5749195e-02  -3.0640607e-02   2.6698827e-01   1.5475953e-01  -3.1224713e-01   3.3213411e-02   5.5542858e-02   3.8373625e-01  -8.2055002e-02  -1.8668001e-02  -7.0346318e-03   4.8549257e-01   2.1781017e-01  -8.5075002e-02   1.5260352e-02  -8.5462353e-03   2.3811694e-01  -3.1871166e-02   1.1332150e-01   6.1564482e-01  -1.5100824e-01  -1.0955409e-01   1.0656984e-01   3.5077032e-01   1.6372950e-01   4.6569461e-01  -7.1554278e-02  -6.9686271e-02  -2.7212232e-01  -3.4799019e-02  -2.3883264e-02   1.4349717e-01  -4.0847402e-01   4.6762281e-01  -2.6579368e-01   2.7961615e-01  -1.1922075e-01   3.7313840e-01   2.9289355e-01  -3.1426122e-01  -3.8581805e-03   4.1133652e-01  -2.0350895e-01  -5.7605335e-02  -5.9033970e-01  -2.8009210e-01   2.5113243e-01   1.6988368e-01   2.3438439e-01   1.0137816e-01   3.3372049e-01
