   0.0000000e+00  -2.1725697e-01  -7.0846863e-03   1.9336317e-03   3.0993907e-02  -2.5575195e-01  -1.8577987e-01  -3.5106659e-02  -2.6855291e-01  -2.0371426e-03  -3.1768379e-02  -2.6593644e-01   1.4720950e-01   2.1727474e-01   2.2535157e-02  -1.5330697e-01   9.3234964e-02  -1.1266410e-01  -1.0356560e-01   5.8078478e-02  -6.0307984e-02  -3.9383415e-02  -3.4503233e-02   6.0658611e-01   9.0242141e-02  -6.1079463e-02  -1.1339570e-01  -3.5548494e-01  -1.4265801e-02  -4.0483605e-01   9.3754211e-03  -1.8689536e-01  -7.1420451e-02  -2.4580909e-01  -3.0115740e-01  -6.5826651e-02   5.7530242e-02   7.4484993e-01  -1.2794946e-01   3.2482722e-02  -4.7902441e-02   1.7969632e-01  -2.6251651e-01  -3.2589631e-01  -3.1721900e-02   4.5125996e-01  -5.8064520e-02  -2.7221862e-01   2.1923996e-02   1.0545213e-01  -9.5387879e-02   1.9526181e-02  -2.3708504e-01   2.2296690e-01   1.6505518e-01  -8.1782050e-02  -5.9617186e-02   3.4002384e-02  -2.1836335e-01  -1.2147928e-01   6.4323396e-01   9.2744912e-02  -3.1193199e-01   4.5196776e-02   1.0512384e-02  -2.5025813e-01  -1.1610966e-01  -2.2474741e-01  -1.6058128e-01  -1.1915928e-01  -1.8332382e-01   1.9446920e-02   1.3082923e-01   1.1931637e-01   1.5003892e-01  -5.4179322e-02   6.4632931e-01  -1.5945697e-01   1.0217810e-02  -5.6260829e-03  -4.5894804e-01   2.0126815e-01  -9.3831180e-02  -3.4734124e-01   2.9675608e-01  -2.2457434e-01  -1.6280629e-01   9.9631755e-02  -7.8808711e-02   8.6668158e-01  -1.7385936e-01   5.2495494e-01   1.4375236e-02  -1.5128487e-01   5.8925584e-01   2.2557636e-01  -7.5274101e-02  -1.6943207e-01  -2.4783899e-01   6.6104255e-02   4.1926846e-01  -6.4092769e-02  -2.8188366e-01  -2.4020499e-01  -2.0231218e-02   1.2891639e-02   1.5002380e-01  -2.0571275e-01  -2.9564340e-02  -3.5705964e-01  -1.4524606e-02  -1.7113010e-01  -2.8157600e-02   8.6290381e-01   2.6855815e-01  -1.4115532e-01  -4.6172989e-02   1.4204154e-01  -2.9127805e-01  -1.1002146e-01   6.6883813e-01   3.4316603e-02  -3.1007372e-01  -6.0524607e-02   6.6807639e-01  -6.5057175e-02  -2.0821453e-01   6.8180808e-02   1.5406348e-01  -1.3806435e-01   1.9875143e-01  -9.2799316e-03   1.9422245e-01  -7.0161845e-02   4.3025602e-02  -8.9272859e-02   1.7116826e-01  -2.7068600e-01  -1.2437153e-01   6.8773118e-01   6.8725745e-01   2.2670171e-01   2.2415911e-02  -1.8608728e-01  -1.3161835e-02  -2.0552528e-01  -3.3951242e-01  -2.4015108e-01  -2.4317174e-01   7.9651625e-02   4.8783091e-01  -3.7030040e-01   6.0922529e-01  -2.3291152e-01  -1.5897421e-01   8.6750547e-01   6.5983940e-01  -7.0664801e-02   5.8287424e-01  -3.5406031e-01  -2.4779233e-01  -6.9921499e-02  -3.0137026e-01  -7.6818883e-02  -1.9301783e-01  -6.6782945e-02  -1.0851302e-02  -3.5021923e-01   5.7838346e-01  -1.5799993e-02  -2.0490050e-01   6.7522311e-01  -6.4984383e-02  -2.0198368e-01  -2.3684252e-01  -8.3500124e-02  -7.2242648e-02
  -2.1725697e-01   0.0000000e+00   6.4120927e-01  -3.5169509e-01   5.0609144e-01  -3.7871135e-01  -7.8199547e-03   1.3087510e-02   1.3310475e-01   1.9555320e-01  -3.8935673e-01   4.9094438e-01   2.4602283e-02  -4.2174836e-01  -1.8936767e-01  -1.8313946e-02   5.6626591e-01  -5.5133319e-01  -3.6286535e-01   2.5000530e-01   4.3570039e-01  -4.2634890e-01   1.8191769e-01  -3.4706496e-01  -1.3618188e-02  -1.7593633e-01   2.2155530e-01  -3.3616380e-01   2.7474485e-01  -2.2397014e-01   3.4198019e-02  -4.5916576e-01  -1.6863793e-01   3.2869479e-01   7.9452649e-02  -2.0123043e-02   1.4938972e-01  -4.1042424e-02   2.9156139e-02   6.9888012e-01  -6.5888296e-02   2.3895928e-02  -9.9576964e-02  -2.8950636e-01  -1.3047012e-01   1.5968390e-01  -4.8837564e-01   5.3124001e-01   3.5777168e-02   6.5598285e-01  -5.9432775e-01  -2.9883435e-01   6.2402562e-01  -2.2214773e-02  -1.3319334e-01  -3.4293017e-01  -4.7825954e-01  -4.7341003e-01  -4.3369974e-01  -1.9326105e-01  -2.3104044e-03  -7.5244361e-02   3.2854782e-01   2.0880210e-01   1.9678971e-01  -4.6355109e-01  -2.5119832e-01   7.7189321e-02  -5.3301659e-01   2.6485796e-01   7.2203920e-01  -4.8169148e-01   5.5521718e-02  -1.8728019e-01   9.5532405e-02   1.0380152e-01  -2.7884164e-02  -3.0460267e-01   4.4739403e-01  -2.2328324e-01  -3.3106619e-01   7.7884714e-02   5.2752578e-01  -1.8586719e-01   3.7108516e-01   4.7113197e-02   1.1791415e-01  -3.7197087e-01   3.4035840e-01  -1.9541235e-01   5.1532175e-01   3.6573055e-02   1.1832456e-01  -3.1538177e-01  -7.8009213e-03   4.0260740e-01  -4.8756229e-02  -4.3644851e-01  -5.2122221e-02   1.4267341e-01  -1.1687922e-01  -1.3506115e-01  -2.0686009e-01  -2.2247022e-01  -5.9193652e-01  -3.5763820e-01  -3.5237855e-02  -4.5719373e-01   9.8836203e-02   2.0849514e-01   4.8826664e-01  -5.5955496e-01  -3.1507643e-01  -1.3263373e-01  -3.4279322e-01   5.2548966e-01  -5.4054988e-01  -7.1529621e-02  -1.5280134e-01  -5.0982971e-01  -2.0062226e-01   2.9483221e-01   2.1173534e-01   2.0988014e-03  -9.9130325e-02   1.5100126e-02  -3.1962829e-01  -4.3946665e-02  -2.7698692e-01   6.5364308e-01   1.4624392e-01   2.9578609e-01   4.3094057e-01   1.8363541e-01  -4.1408695e-01   1.2748679e-01   4.9763419e-02   4.8503469e-02  -1.4538156e-01  -2.3084592e-01  -3.9327515e-01   5.9296123e-02  -4.9105323e-01  -2.3320346e-01   1.2786534e-01  -5.2081367e-03   1.7725355e-01  -3.3865317e-01  -4.5529578e-01   2.5769849e-01   1.4043841e-01  -6.0383040e-02  -2.1128618e-01   3.4084565e-01   7.4740906e-01  -1.4894224e-01  -1.8348313e-01  -3.3543838e-01  -7.4369447e-02  -2.2894701e-01  -3.3911677e-02  -5.0458012e-01   3.6057743e-02  -5.8382746e-01  -4.8749650e-01   1.7560297e-01   2.1221574e-01  -3.4186808e-01  -2.2059310e-01   7.0369930e-01   1.5915645e-01  -6.6790853e-02  -4.4159578e-01  -2.5585622e-01  -1.6846884e-01   7.8823942e-02  -4.2540732e-01
  -7.0846863e-03   6.4120927e-01   0.0000000e+00  -1.2209027e-01   2.9685619e-01  -1.4632134e-01  -9.9384659e-02   2.6002311e-02   6.1308315e-02   1.7762923e-01  -4.4053472e-01   2.9658974e-01   7.3610302e-02  -2.1058567e-01  -1.0284115e-01  -1.1013974e-01   8.4974282e-01  -4.9721171e-01  -2.8784321e-01   3.0604863e-01   2.1144259e-01  -1.8400819e-01   2.3813596e-01  -2.3778669e-01   2.2649127e-01  -1.1275297e-01   2.0758329e-01  -2.6534450e-01   9.0642212e-02  -2.5691809e-01   2.1325279e-02  -2.9292859e-01  -2.1809943e-01   6.7503237e-02  -8.0410080e-02  -6.4984021e-02  -5.7635237e-02   8.4681524e-02   3.8824852e-02   6.9634868e-01  -1.1921208e-01   3.9651913e-02  -2.7360114e-01  -3.1821897e-01  -2.6060579e-01   3.7907686e-01  -3.9568935e-01   1.8904365e-01  -1.2896912e-01   6.4391279e-01  -5.1758616e-01  -2.3646110e-01   1.1891747e-01   2.4861950e-01   3.8031125e-02  -7.3750513e-02  -3.0738382e-01  -2.7605832e-01  -4.6757693e-01  -2.0954381e-01   2.3402294e-01  -2.3511540e-01   3.5925537e-01  -7.8700305e-02   9.1238997e-02  -4.4629703e-01   6.3827165e-02   9.9682699e-02  -4.1269672e-01   5.8226792e-01   4.8347880e-01  -2.1231678e-01  -9.4789528e-03   2.3272195e-01   2.0533332e-01   2.1851025e-01   1.1132509e-01  -2.4591903e-01   2.1907095e-01  -6.0115307e-02  -2.5593619e-01   1.3946133e-01   3.9121570e-01  -1.8165018e-01   5.7394729e-01   1.8161030e-01   2.5603197e-02  -1.0438255e-01   2.3563009e-01   1.0076067e-02   2.6496818e-01   3.7619660e-01   9.3873602e-02  -2.0965327e-01   7.3674277e-02   3.8250787e-01   4.5953499e-02  -3.9616981e-01  -1.2825011e-01   3.5972139e-02   1.6529802e-01  -2.8812434e-01  -2.2461296e-01  -1.7846899e-01  -3.7310378e-01  -8.0256712e-02   3.3411038e-01  -3.2369777e-01  -2.5183382e-02   3.2249942e-03   4.4376985e-01  -4.0873488e-01  -3.1200282e-02   1.6435309e-03  -8.4996214e-03   1.4728620e-01  -3.2858242e-01  -7.9559839e-02   1.4708514e-02  -3.2868240e-01  -3.0308416e-02   2.5360532e-01   1.8581359e-01  -8.4416959e-03   9.6333807e-02   1.9690112e-01  -4.2713357e-01   1.8690237e-01  -7.3328203e-02   7.1875100e-01   1.2369014e-01  -4.0579779e-02   4.9768949e-01   1.0937322e-01  -2.4078153e-01   2.0790399e-01   1.1352234e-01  -3.8444227e-02   2.9775265e-02  -2.3424276e-02  -2.6244316e-01   1.8299258e-01  -3.0695470e-01   4.8985149e-02   1.9473783e-01  -1.3468571e-01   2.4418063e-01  -3.0420684e-01  -3.5854436e-01   1.8388440e-01   4.6606549e-01  -1.2270795e-01  -1.8283534e-02   4.5626175e-02   7.9584875e-01   3.1208541e-02  -3.7571832e-02  -3.6696801e-01   1.4624469e-01  -1.4368654e-01   1.0785880e-01  -3.2886893e-01  -2.0778894e-01  -3.9403592e-01  -3.8121066e-01  -1.5414457e-01   3.7688735e-02  -3.1443099e-01  -2.1182651e-02   4.4448277e-01   3.5059901e-02   3.4268196e-02  -4.3292263e-01  -4.0973023e-02  -1.5212428e-01   1.2613186e-01  -2.0976569e-01
   1.9336317e-03  -3.5169509e-01  -1.2209027e-01   0.0000000e+00   2.3171067e-02   4.2214356e-01   1.1718162e-01  -1.9172671e-01   4.0303348e-02   9.7752318e-02   1.7202509e-01  -5.7465122e-02   2.9550545e-02   2.0054922e-01  -2.3661175e-01  -2.1486457e-01  -2.3237536e-01   6.4170021e-01   3.3472956e-01   3.2206623e-01  -2.6941311e-01   5.2742749e-01  -1.3167882e-01  -6.6628172e-02   9.1169251e-02   4.1700513e-01   9.5733208e-02   1.1447425e-01  -3.1071727e-01   2.7632182e-01  -2.6045998e-01   4.5286855e-01  -2.3444284e-01  -1.8913515e-01   3.2881357e-02   4.2713765e-01   3.5518308e-02  -1.6983087e-01  -2.3878886e-01  -1.7044899e-01   9.6721634e-02  -3.2364097e-01   2.1906614e-01  -2.0768563e-02   2.1673080e-01  -2.0646564e-01   4.3837557e-01  -2.2161741e-01   3.3886760e-02  -3.5727822e-01   4.8128044e-01   2.8581044e-01  -4.2951243e-01   1.3884790e-01   6.1776233e-02   2.8401356e-01   3.2793678e-01   3.9071519e-01   2.2225336e-01   2.2467183e-01  -5.4640895e-02   1.9273577e-01   1.7714046e-01  -4.2693365e-01   2.5239111e-02   2.7406982e-01   5.4844128e-01   2.3366712e-01   3.5987062e-01  -7.9195581e-02  -3.7936297e-01   7.8935934e-01  -2.9704000e-01   1.4549230e-01  -9.9984649e-02   6.8153909e-02  -1.2274420e-01   8.1906097e-02  -1.1174232e-01   4.9750101e-01   2.2491513e-01  -1.8292293e-01  -2.7564627e-01   1.5925494e-02  -2.9482697e-01  -6.1087742e-02  -1.0424729e-01   2.0102842e-01  -1.4584861e-01  -4.0853330e-02  -1.9570241e-01  -8.2479288e-02   7.1967719e-02   4.6486112e-01  -1.1530996e-02  -7.7304697e-02   5.0044586e-01   2.8703720e-01   5.1156148e-01   5.6003871e-02  -1.3865333e-01  -1.2963601e-02  -3.0813066e-02   3.2024068e-01   6.6655727e-01   7.0709342e-01   2.1573225e-01   4.2111312e-01  -2.1710313e-02  -4.0671221e-02  -1.2933413e-01   3.5613118e-01   8.3088226e-01  -1.0418740e-01   2.3919025e-02  -2.3595453e-01   2.8197731e-01   3.9311762e-02   4.1550131e-02   7.8339371e-01  -1.2435868e-01  -5.0409532e-02  -1.4465224e-01   1.1556088e-01  -1.0011085e-01   1.1395000e-01  -1.7906481e-02   2.6556818e-01   6.1316404e-01  -2.6922069e-01  -3.6162952e-01  -1.3878300e-01   4.8891399e-02  -3.3829430e-01   4.6062577e-01  -8.7378651e-02   1.3920452e-01  -1.8769511e-01   2.1287666e-01  -3.3734279e-02   3.6568715e-03   1.0761487e-01   2.0957642e-01   9.9919288e-02  -2.5254200e-01   4.4659237e-02  -1.1826737e-01   2.3345027e-01   3.1623934e-01   8.3022294e-02  -2.5645972e-01  -1.5790803e-01  -1.3551917e-01  -6.3370083e-02  -1.4962632e-01  -1.6938209e-01  -2.4487540e-02   1.6498504e-01   1.3360796e-02   1.0071837e-01   3.3765408e-01   3.3107760e-01  -1.0255736e-01   7.9280169e-01   2.8244945e-01  -1.3579180e-01   1.0717961e-01   9.6349359e-02  -3.7435441e-02  -2.8928599e-01   3.8976960e-02  -2.3964199e-01   3.6916494e-01   2.3023361e-01   1.7667118e-01  -4.9949339e-02   5.5434204e-01
   3.0993907e-02   5.0609144e-01   2.9685619e-01   2.3171067e-02   0.0000000e+00  -3.7478183e-01   5.1559935e-02  -1.2369147e-01   2.3623403e-01   5.0803118e-01  -1.9413335e-01   4.9176127e-01   3.8704588e-01  -4.3490986e-01  -3.0593732e-01  -1.5278592e-01   2.1047484e-01  -3.1645093e-01  -2.8457684e-01   7.5854284e-01   1.6572644e-01  -3.3009986e-01   3.4284751e-02  -2.5184549e-01  -2.2415212e-02   1.9985872e-02   3.9619894e-01  -5.2454582e-01   1.5170633e-01  -3.4164099e-01  -1.1413142e-01  -4.3849685e-01  -3.8642472e-01   4.2188340e-01   4.3869069e-02   4.5886589e-01   3.6981611e-01   1.6831175e-01  -1.4284344e-01   5.2925231e-01   1.9801565e-02  -1.3278771e-01   6.4164630e-02  -5.1474136e-01   3.1974833e-01  -1.9210243e-02  -2.1021864e-01   1.8770307e-01   3.5226080e-01   3.9457782e-01  -2.8516568e-01  -1.2672623e-01   4.5861488e-01   8.7817769e-02  -1.8898691e-01  -3.0266198e-01  -3.3918396e-01  -4.3321922e-01  -4.9705751e-01  -2.3036030e-01   7.1885437e-02   4.3966398e-01   3.3970620e-01   8.7426539e-02   3.6829823e-01  -2.9533072e-01  -1.7491627e-01   2.5328314e-01  -4.6193389e-01  -1.3256213e-01   1.9391355e-01  -7.8643572e-02   1.5314904e-01  -2.5725972e-01   2.1289088e-01   1.1819158e-01   7.4385382e-02  -2.2354794e-01   7.7484754e-01   1.9323394e-01  -4.4177327e-01   2.8190105e-01   2.1225854e-01  -3.9869810e-01  -1.6963066e-02  -1.4198348e-01  -9.1386249e-02  -2.8905959e-01   3.9692622e-01  -1.6076644e-02   6.8623907e-01   1.3395449e-02   4.7826064e-01  -6.0387711e-03   2.2967740e-01   7.1903277e-01   3.9511117e-01  -3.5487623e-01   3.1633531e-01   4.9703581e-01  -3.2821302e-01   6.4632001e-02  -3.8792940e-01  -3.2768538e-01  -3.1578462e-01  -9.1616074e-02  -7.5931009e-02  -3.7342773e-01   4.9053808e-01   7.7947302e-03   5.7118764e-01  -5.2319981e-01  -5.1006110e-03  -4.7416698e-04  -3.1253066e-01   6.9847317e-01  -3.2515043e-01   2.6160630e-01  -4.9464969e-01  -1.1814562e-01  -9.7460813e-02   6.2724094e-01   1.7655596e-01   1.2370214e-01   1.4316619e-01  -2.9554974e-02  -2.0927335e-01  -1.2930852e-02  -6.7318078e-02   1.2163453e-01   1.2273970e-01   4.6967876e-01   2.4455638e-01  -1.7600322e-01  -2.0950500e-01   9.2231155e-02   3.3135425e-01  -3.8466266e-01   5.5368780e-02  -1.9768298e-01  -2.7494517e-01   3.1582716e-01  -2.8098100e-01  -4.2955658e-01  -4.7616971e-03  -1.6756677e-01  -8.1574996e-02  -2.5421038e-01  -3.4130520e-01   3.3864537e-01  -5.3413552e-04  -3.5950121e-01  -2.0229378e-01   4.0664666e-01   4.4456422e-01  -9.4618911e-03  -3.4567495e-02  -2.9131755e-01   2.4438064e-02  -2.3810199e-01   1.4282100e-01  -3.4687032e-01  -2.2781241e-02  -3.0861418e-01  -5.4500973e-01   5.0378436e-01   5.8071886e-01  -5.1678066e-01  -1.8656425e-01   6.3860368e-01   4.2025492e-01   6.0177466e-04  -1.5030334e-01  -3.9194825e-01  -1.8893516e-01   3.3970061e-02  -3.0958252e-01
  -2.5575195e-01  -3.7871135e-01  -1.4632134e-01   4.2214356e-01  -3.7478183e-01   0.0000000e+00  -9.1841262e-02  -4.3693453e-02   1.5218125e-02  -7.9581525e-02   1.9623147e-01  -1.7431011e-01  -2.0634490e-01   8.3077783e-02  -4.4181719e-02   1.5664882e-01  -1.2780813e-01   5.0312821e-01   6.5665019e-01  -1.0617105e-01  -3.1143366e-01   5.8376593e-01  -2.8762579e-01  -8.8469788e-02  -3.7466124e-02   3.4946673e-01   1.8509601e-01   5.4034217e-01  -2.7739999e-01   4.0452647e-01  -1.4461205e-01   6.0126938e-01  -3.4197825e-04  -2.8795584e-01   7.2252171e-02   4.5887450e-02  -2.0106015e-01  -4.5886642e-01   1.8513080e-01  -3.1731510e-01   1.8043528e-02  -2.6907730e-01   2.7037429e-02   3.8103378e-01  -1.5400832e-01  -2.7457547e-01   5.2272962e-01  -3.4575160e-01  -2.7507961e-01  -2.4423752e-01   3.3240034e-01   2.1809518e-01  -4.4327295e-01  -1.6086378e-01  -1.1876563e-01   3.1127413e-01   8.0227730e-01   5.6997915e-01   4.9574514e-01   2.5902144e-01  -3.5881171e-01  -3.2666907e-01   1.0405223e-01  -3.5267284e-01  -3.5150048e-01   4.9116578e-01   8.0968845e-01   9.6933605e-02   7.1904730e-01  -6.0115146e-02  -4.3290408e-01   4.4359153e-01  -1.9819637e-01   3.5786132e-01  -2.8687380e-01   1.8622762e-02  -3.7714495e-01   4.8781625e-01  -3.4198059e-01   2.2003490e-01   3.9070503e-01  -2.2655112e-01  -3.7152831e-01   4.2938889e-01  -3.0958192e-01   2.0402968e-01  -1.4137669e-01   1.4957349e-01  -3.3768704e-01  -3.1243054e-01  -3.2313443e-01  -1.9799312e-01  -1.0212003e-01   3.4114624e-01  -4.2453956e-01  -3.6587480e-01   1.1625202e-01   6.8851506e-01   8.0268731e-02  -2.3077337e-01  -1.4154751e-01  -2.8847704e-02   6.7097450e-02   3.3219715e-01   5.6064186e-01   4.9303877e-01   7.8882993e-02   8.0215830e-01  -3.4690984e-01   4.2642302e-02  -2.9573036e-01   5.7369099e-01   3.2044256e-01  -3.5144151e-01  -2.7468304e-02  -3.9414286e-01   5.7417605e-01  -2.7013647e-01   4.5390669e-01   4.9035124e-01  -2.7293742e-01  -1.7262917e-01  -1.1835185e-01  -1.5560417e-01  -2.7575139e-01   2.1729964e-01   8.0755142e-03   4.4161313e-02   3.8480087e-01  -2.6880842e-01  -2.3886017e-01  -4.4914220e-01  -1.4697730e-02  -3.3352878e-01   4.1634422e-01  -3.7385358e-02   1.3117508e-02  -8.6287210e-02   2.0970257e-01  -2.5192884e-01  -2.4770210e-02  -1.5395225e-01   4.0350031e-01   5.9587773e-01  -2.4872044e-01  -1.7546504e-01  -9.2697987e-02   5.8851157e-01   5.8171751e-01  -3.8423836e-01  -3.7032138e-01   7.2984779e-02  -1.9801205e-01  -2.1450426e-01  -1.5921556e-01  -3.6773903e-01  -3.1078435e-01   3.8677803e-01  -2.4199149e-01   2.1764613e-01   2.9297926e-01   4.0865630e-01   5.7929068e-02   5.9598452e-01   6.5808004e-01  -2.1968795e-01  -3.0692911e-01   6.6075078e-01  -1.8974681e-01  -3.9282618e-01   1.7117500e-03  -4.0818107e-01   2.8487198e-01   8.5460955e-01   2.7449342e-01   7.4193540e-02   7.2969885e-01
  -1.8577987e-01  -7.8199547e-03  -9.9384659e-02   1.1718162e-01   5.1559935e-02  -9.1841262e-02   0.0000000e+00  -1.8155913e-01  -1.6076758e-01   2.5169399e-01   1.7314336e-01   3.1887899e-01   1.1048327e-01   1.2352712e-01   1.7585141e-01   4.4794819e-02  -3.0128513e-01   6.3846334e-02  -2.7932367e-01   1.2208916e-01   2.8953700e-01  -3.4222168e-02   4.1404212e-01  -1.5138873e-01  -2.0681747e-01  -3.2962003e-01   2.8932580e-01  -4.9706454e-02  -2.7336806e-01   3.1183016e-01   7.7092133e-02  -1.1098396e-01  -1.0906793e-01   5.8751406e-01   2.2593397e-01   4.8070917e-01   7.5933162e-03  -2.2709221e-01   1.3088232e-02   1.3353638e-01   7.4942246e-02  -1.3448019e-01   1.3151828e-01  -2.5228359e-02  -1.5967993e-02   1.0852681e-02   2.0527458e-01   5.5895142e-01   2.6561313e-01  -2.7209922e-01   2.3096921e-01  -2.6583491e-01   2.2776523e-01  -9.9097316e-02   1.1270150e-01   2.6780005e-01  -3.3136908e-01  -4.8065181e-02  -5.4055561e-02   3.1760040e-01  -2.2478710e-01   3.0747879e-01  -2.5339614e-01  -3.5776963e-02  -1.2610899e-01   3.0726128e-01  -8.3513856e-02   1.4498090e-01  -1.9735003e-01   4.2105175e-01   2.8166065e-01   2.5271987e-01  -8.7424435e-02   8.7324396e-02  -1.5110652e-01  -1.6496312e-01  -2.8660927e-01  -3.0721385e-01  -1.6092468e-01  -1.7921317e-01   1.6749086e-01  -3.8830342e-02   2.2308870e-01  -1.8317384e-01  -2.5200665e-01   9.2721189e-02   2.9234855e-01   2.1985070e-01   7.6409566e-02  -2.3580834e-01  -1.7448626e-01  -2.5907833e-01   4.0450372e-01   6.2485968e-02  -1.9547740e-01  -1.0249392e-01  -8.3172513e-02  -3.4621263e-01   2.6441078e-01   3.9053079e-01   2.6540149e-02   4.5979484e-01   3.8529277e-01   1.1632665e-01   1.7835327e-01  -5.2754812e-02  -2.3580511e-01  -3.4073666e-01   2.4535900e-01   5.2013157e-01   1.8982532e-01   1.5712077e-01   1.1103602e-01  -2.5671039e-01   2.2575623e-01   3.6983518e-02  -2.1756717e-01   5.3406181e-02   1.9467086e-01   2.0349611e-01  -2.3419667e-01  -2.9749658e-01   1.6961421e-02   9.4464005e-02  -1.6672345e-01  -1.8713779e-01   2.2684716e-01  -1.8622982e-02  -2.7515620e-01   2.1708749e-01   3.0533706e-03   4.7359666e-01  -3.2484072e-01   3.0795863e-01  -4.6987908e-03  -1.7843051e-01  -2.9957935e-01   3.3110342e-01   1.8447206e-02  -2.0919116e-01  -1.4953894e-01   3.6763986e-02  -1.1539518e-01   1.0433307e-01   3.2390823e-01   2.7775949e-01   6.9995611e-01   2.5108185e-01   4.7369164e-01   2.3539623e-01  -6.4430925e-03   2.1446968e-01  -2.1703203e-01   1.8900723e-01  -2.6892677e-03  -2.2972512e-01  -2.4839473e-01  -2.2664489e-01  -2.7636927e-01   2.0279634e-01   5.8086107e-02  -8.0732515e-02   1.9438410e-01   4.7200417e-02  -1.2549923e-01   2.2999648e-01   3.1105141e-01  -1.3373985e-01  -1.6664341e-01  -3.1721216e-02  -8.3140464e-02  -3.1314199e-01   9.6209956e-03  -1.0926223e-01  -7.3907937e-02   2.9574215e-02  -9.7625658e-02
  -3.5106659e-02   1.3087510e-02   2.6002311e-02  -1.9172671e-01  -1.2369147e-01  -4.3693453e-02  -1.8155913e-01   0.0000000e+00  -1.9819060e-01  -6.2149900e-02  -1.3846537e-01   1.0296724e-02   1.0457003e-02  -8.5576530e-02   3.8260380e-03  -2.8683281e-02   8.8500825e-02  -2.5716998e-01  -8.8570965e-02  -1.9255406e-01   8.6436020e-02   1.2018285e-01   3.9031029e-02  -1.3967545e-01   6.7126296e-02   2.0613293e-01  -2.5554220e-01  -7.2040033e-03  -7.8167572e-02  -2.4093462e-01   1.7622379e-01  -4.8104441e-02   1.8484319e-01  -8.4286260e-02  -3.5485847e-01  -3.3802773e-01   5.5458122e-02  -6.2873002e-02   9.4204209e-02   3.9705219e-03   2.0507394e-01  -5.6269811e-02  -3.0628606e-01   4.4322630e-01  -8.0276413e-02  -1.3508399e-01  -3.0852685e-01  -7.5607314e-02  -2.1920058e-01   1.5075844e-01  -1.4514311e-01   3.5311435e-01   2.9599356e-02  -1.2171726e-01  -1.5471231e-02  -1.9050673e-01   3.6321222e-02   8.4329967e-02   1.7765589e-01  -3.4940723e-01  -2.3557628e-01  -6.7927974e-02   1.4656529e-01   1.8369347e-01  -9.5086179e-02  -2.2865891e-01   1.8594502e-02  -3.0576282e-01  -2.1917315e-02  -7.9421200e-02   1.1745547e-01  -2.3124983e-01   2.1062393e-01  -8.2092378e-02   3.7706166e-02   4.0480308e-01  -1.2706662e-01   3.6997137e-01   7.7375910e-02  -1.4240276e-02   1.1056790e-01   1.1591804e-01   5.6822545e-02   6.0651619e-01   8.7182012e-02   4.0516332e-01  -1.8355655e-01  -9.9894970e-02   1.0278510e-01  -1.1047018e-01  -1.8949337e-02  -2.4105057e-01   3.8061508e-02  -2.8276541e-01  -2.7253516e-01   1.0137455e-01  -2.5836876e-01   8.0234719e-02  -1.2849835e-01  -9.9393814e-02   1.1455351e-01  -2.0761395e-01   2.6166931e-01  -1.0769953e-01  -1.5484348e-01  -4.2469895e-02   1.0314923e-01   1.2208574e-01  -5.6875986e-02  -6.0215505e-02  -9.5182042e-04  -7.9684592e-02  -2.3354002e-01  -1.0246340e-01  -8.9877703e-02  -1.3006330e-02   1.0547320e-01   1.2523420e-01   1.0231325e-01  -2.2308506e-01  -1.4550490e-01   6.3016022e-02  -1.0934211e-01  -1.3919531e-01  -3.4484289e-02  -3.2008166e-01  -1.9590183e-01   2.1434121e-02  -2.8277565e-02  -4.9857588e-02   1.7816831e-01  -3.7678822e-02  -7.9349686e-02   1.9916932e-01  -1.2501304e-01   7.3815655e-01  -6.2026070e-02   1.9528216e-01   3.7999444e-01  -5.6746711e-02  -5.6577341e-02   2.5023644e-01   6.1800119e-03  -1.3766140e-01   2.2003021e-01   2.0979739e-01  -6.6969746e-03  -9.1882263e-02  -7.8094575e-02   4.3538172e-02   6.0882793e-02   5.9161197e-01  -1.5281684e-01  -3.0480217e-01  -8.4534581e-02  -3.7561904e-02  -1.7390446e-01   2.2670164e-01  -2.9762954e-01   3.8808396e-01   6.1494177e-02  -1.3326001e-01  -1.9351376e-01  -7.8343044e-02   2.2395333e-02   6.4015076e-02  -3.0433092e-01   1.0731168e-01  -3.0503428e-01   7.3130350e-02  -2.7844681e-02  -9.1753458e-02  -2.5455296e-01  -6.5753646e-02   7.6923552e-02   3.5629579e-01  -1.2617829e-02
  -2.6855291e-01   1.3310475e-01   6.1308315e-02   4.0303348e-02   2.3623403e-01   1.5218125e-02  -1.6076758e-01  -1.9819060e-01   0.0000000e+00   1.7665578e-01  -1.1188043e-01   6.7249539e-02   2.3435805e-01  -4.4634478e-02  -1.1342267e-01  -2.3163364e-01  -7.0447870e-02   5.0453355e-02  -3.8025225e-03   1.1746299e-01  -1.2845727e-01   1.8280891e-02  -3.8258941e-01  -7.8014410e-02  -3.7988019e-02  -4.6235307e-02   8.6473870e-02  -7.8488879e-02   2.8163649e-01   1.7207002e-01  -1.0815104e-01  -2.3987245e-01  -2.6262666e-01  -1.4633934e-02   4.7497894e-01   1.3816838e-01   2.0750496e-02  -1.2799597e-01  -2.0320868e-01  -6.9900036e-02   1.7936426e-01  -3.0141509e-01   5.0902616e-01  -2.6444141e-01   3.2027108e-01  -7.0598648e-02  -2.6858320e-02  -9.0417280e-02   1.4209307e-01  -1.2390545e-01  -3.1603200e-02  -1.4639306e-01   1.0851159e-01  -2.8453589e-01  -1.2613056e-01  -2.6723116e-01  -7.5390123e-03  -1.4628866e-01  -1.9655712e-01   2.0449008e-01  -1.3769925e-01   1.0223201e-01   4.9341237e-01   1.2497959e-01   3.1058473e-01   1.5728295e-01  -6.1776210e-02   3.0881874e-01  -1.7693221e-01  -9.6936047e-02  -1.1130864e-01   5.3283038e-02   2.5451337e-02  -1.9991971e-01  -1.9046264e-01   7.5587957e-02  -7.1012564e-02  -4.3977249e-02   2.9480777e-01   1.9988632e-01  -9.2904155e-02   2.6031653e-02  -2.5856718e-01  -1.8332702e-01  -2.6330963e-01  -4.3440159e-02   2.7513000e-01   6.4462444e-03   2.8727741e-01  -2.3314762e-01   3.7005913e-01  -1.8517044e-01  -1.8565850e-01   5.6916232e-01   2.9511259e-02  -5.5076738e-02   2.0894686e-01  -3.6865536e-02   3.7691258e-01  -1.0867493e-01  -4.0834925e-01  -1.4699968e-01  -1.8901209e-01   3.1344568e-01  -1.0323251e-01   1.1575583e-02  -1.7551870e-01  -6.4325116e-02   9.3566728e-02  -2.7809895e-02  -1.5947666e-01  -4.9455578e-02   1.8608480e-01  -2.0485363e-01  -3.1021577e-01   3.1457747e-01  -9.1439408e-02   2.5478099e-01  -1.7395009e-01  -3.6782523e-02  -2.2656525e-01   2.7234204e-01   4.9565619e-01   2.6841640e-01   1.2233064e-02   4.2820017e-01   1.7066443e-01  -1.6460404e-01   1.5159343e-01  -3.1333757e-02  -5.5816713e-02  -1.1800901e-01   1.6109261e-01  -2.5003527e-01   2.6849614e-01  -2.4822108e-02   3.6532642e-02  -2.4071193e-01  -3.9519538e-02  -2.0526624e-01  -2.5001240e-01   2.0168546e-01   1.3025795e-02   1.0047065e-02  -3.5147945e-01  -2.8157530e-01  -1.7912621e-01   1.3940437e-01  -4.7625341e-02  -4.3517999e-02  -3.3719067e-01  -1.8637713e-01  -3.1316215e-01   3.1119853e-01   1.7605004e-01  -2.2131853e-01  -8.3597533e-02  -3.6035247e-02  -1.4860176e-01   1.2291382e-02   3.5660269e-01   3.0318904e-02   3.3539145e-01  -3.3512887e-02  -2.5030037e-01   4.0521867e-02   3.5352437e-04  -9.1016876e-02  -2.6339207e-01  -6.7128797e-02   4.2998150e-01  -1.5086362e-01   3.9183315e-01   4.8694398e-02  -8.8475554e-02   7.4120074e-02  -8.8035817e-02
  -2.0371426e-03   1.9555320e-01   1.7762923e-01   9.7752318e-02   5.0803118e-01  -7.9581525e-02   2.5169399e-01  -6.2149900e-02   1.7665578e-01   0.0000000e+00  -2.4951523e-01   6.0857954e-01   5.0709486e-01  -2.3321460e-01  -4.1595490e-01  -4.1271381e-01   3.8433959e-02  -1.7028962e-01  -1.0402728e-01   5.5816537e-01   3.3302538e-01  -6.7985817e-02   1.3094163e-01  -8.3658301e-02  -1.0481603e-01  -5.9361129e-02   2.0630909e-01  -4.2661755e-01  -1.3993449e-01  -1.4360940e-01  -3.1252894e-01  -3.9879200e-01  -6.0106399e-01   4.7926204e-01  -8.0871189e-02   4.1140859e-01   4.7790307e-01  -1.6604454e-01  -3.3324798e-01   3.4345407e-01   1.1109490e-01  -5.2302998e-01  -2.1654161e-02  -2.6818844e-01  -3.8115399e-02  -1.2461907e-01  -9.2854215e-02   1.1142501e-01   2.2784879e-01   1.0550681e-01   2.7760067e-02  -1.9700406e-01   1.6521447e-01  -1.5123339e-01  -1.0685126e-01  -6.4349425e-02  -1.3387281e-01  -1.9059066e-01  -3.6498301e-01  -1.2540050e-01  -2.5413579e-01   4.1576617e-01   1.7632995e-01  -1.7371779e-01  -8.1957731e-02   3.1221008e-02  -3.9545386e-02   3.3385213e-02  -3.3131541e-01   1.3582608e-01   2.7659431e-02   3.2834924e-02   3.0705317e-03   3.6541948e-02  -1.2420772e-01   3.8970772e-02  -2.9899801e-01  -1.9460371e-01   3.8861004e-01  -3.9541075e-02  -3.7737944e-01   1.4806893e-01   1.3773597e-01  -2.0339093e-01  -1.4174215e-01  -6.3524703e-02  -1.4147882e-01  -1.4231551e-01   5.0504973e-02  -1.1981026e-01   2.0084810e-01  -2.8390804e-01   5.6388352e-01   1.1298963e-01  -1.6070387e-01   4.0066589e-01   9.5312045e-02  -1.6558624e-01   2.5028896e-01   5.4091581e-01  -2.1720133e-01   2.0856446e-02  -1.8379958e-01  -1.4885239e-01  -8.7670979e-02  -2.3351299e-03  -1.6709501e-01  -2.3342947e-01   6.3042330e-01   2.6101190e-01   4.6234515e-01  -2.3254483e-01   6.2423796e-03  -1.5722449e-01  -1.9312359e-01   2.5176198e-01  -2.1828456e-01   3.8933739e-01  -1.5841551e-01  -7.8568842e-02  -3.6185124e-01   2.9848068e-01  -8.6599777e-02   2.8259877e-02  -1.9088818e-02  -1.1037061e-01  -2.7391018e-01  -1.0970846e-01  -4.3130278e-03   1.2400204e-01   5.0617467e-02   2.2716526e-01   3.1161373e-02  -1.5306654e-01  -4.3642014e-02   4.1028932e-02  -2.2606624e-02  -3.0688778e-01  -2.3931131e-02  -3.7552332e-01  -2.6777621e-01   3.3905734e-01  -2.9477879e-01  -7.3570014e-02  -1.2154934e-01  -2.5639900e-01   2.4777754e-01   2.0401232e-01   1.9296778e-01   3.3941488e-01  -4.7352101e-02  -2.0132285e-01  -4.2079274e-01   1.1267839e-01   2.6757469e-01  -1.5065989e-01  -3.3110044e-01  -2.1611089e-01  -2.9609892e-01  -1.8953453e-01   9.8210652e-02  -2.8671732e-01   1.8128599e-01  -1.2650626e-01  -3.6550096e-01   4.0604249e-01   4.3944650e-01  -3.1440502e-01  -4.0330173e-01   3.0041162e-01   3.7244926e-01  -2.6962018e-01  -2.4545830e-01  -6.0065605e-02  -5.8814237e-02  -6.4758211e-03  -3.1171032e-02
  -3.1768379e-02  -3.8935673e-01  -4.4053472e-01   1.7202509e-01  -1.9413335e-01   1.9623147e-01   1.7314336e-01  -1.3846537e-01  -1.1188043e-01  -2.4951523e-01   0.0000000e+00  -4.7301093e-01  -1.1438804e-01   2.1423156e-01   4.0976532e-01   3.2411181e-01  -4.1510330e-01   3.3803513e-01   3.0077388e-01  -1.7743817e-01  -2.6894007e-01  -2.8276821e-02   1.3478990e-01   8.3408351e-02  -2.2936772e-02   4.0883162e-02   1.1753775e-01   4.1412513e-01  -1.2444469e-01   9.9430353e-02   2.7465909e-01   2.7763706e-01   3.3294585e-01   8.4012658e-02  -4.1301841e-02   8.8883022e-02  -1.4079336e-01  -3.2826925e-02   2.3148146e-01  -2.6366165e-01  -4.9803679e-02   2.1997053e-01   7.0136236e-02   3.5817022e-01  -5.0860236e-02  -4.4471887e-02   4.7817231e-01  -2.6867065e-03  -4.2341635e-02  -4.1170419e-01   3.1771920e-01   3.6309657e-01   3.2388476e-02   1.4290990e-02   1.2355169e-01   5.3838349e-01   2.5499730e-01   1.6923248e-01   2.1752724e-01   9.8530003e-02   2.7365649e-02  -5.1967371e-02  -2.9630143e-01   2.3622241e-01  -2.2772499e-02   2.5750173e-01   1.2478090e-01   1.0034926e-01   4.5952345e-01  -5.7623290e-02  -1.5420024e-01   2.2047299e-01  -9.1260093e-02  -4.1234539e-02  -2.6173695e-02  -2.8234011e-01  -4.3135841e-02   6.6537102e-02  -2.8528769e-01   1.0854277e-02   3.9806849e-01  -9.6321429e-02   8.9287386e-02  -6.5862659e-03  -2.2269472e-01  -2.6347536e-01   8.2740866e-02   1.6011264e-02  -3.2838389e-01   2.2472301e-02  -2.7699949e-01   7.4029090e-03   1.4030741e-01   4.3300904e-02   4.4562080e-02  -3.8224821e-01   4.3918033e-02   1.6643300e-01  -4.2944266e-02   5.6150510e-02   1.1818080e-01   5.9159119e-01   2.4477113e-01   3.2639369e-02   2.8812523e-01  -6.1227053e-02  -1.2005668e-01   2.5802131e-01  -1.2816103e-01   2.0811913e-01  -6.6111123e-02   2.0729442e-01   9.6546827e-02   3.6851696e-02   3.4311999e-01  -1.9454454e-02   2.2577028e-01  -2.0545198e-01   2.0578111e-01   3.1643589e-01   1.7515587e-01  -3.4749474e-01  -2.6271786e-01  -7.9223888e-02  -2.8233560e-02  -6.4775653e-02   2.7871307e-01   1.2398186e-01  -3.3679428e-02  -2.1147211e-01  -1.9641607e-02   1.9634338e-01  -2.3760897e-01   1.2182232e-01   2.1507766e-01  -2.1200648e-01   2.7913611e-02   3.1948999e-01   7.8387236e-02   5.6581714e-02   1.0404164e-01  -2.2111712e-01   4.8943836e-01   1.7440544e-01   6.6659242e-02   1.2985512e-01   2.4803276e-02   1.4610988e-01   2.8302475e-01  -3.6449373e-02  -7.3653866e-02   1.4447369e-01   2.2724650e-01   2.4855219e-01  -3.0243325e-01  -6.9531017e-02   9.0061639e-02   1.6971969e-01   5.0119773e-02   1.9928485e-01  -1.0442563e-01   4.0644821e-01   1.8248863e-01   3.1211987e-01   2.6606012e-01   1.6559723e-01   6.3848113e-02   2.9485414e-01   2.2446022e-01  -1.8599861e-01  -3.3760334e-01  -3.6608766e-02   1.9886417e-01   1.4167780e-01   6.8718213e-03  -8.9231235e-02   5.9094908e-02
  -2.6593644e-01   4.9094438e-01   2.9658974e-01  -5.7465122e-02   4.9176127e-01  -1.7431011e-01   3.1887899e-01   1.0296724e-02   6.7249539e-02   6.0857954e-01  -4.7301093e-01   0.0000000e+00   1.6447422e-01  -4.9646513e-01  -4.8338291e-01  -2.7808795e-01   9.7629507e-02  -2.6820480e-01  -1.5603169e-01   5.3927269e-01   3.7298064e-01  -1.2718343e-01   2.5033195e-01  -2.9601921e-01  -1.0849287e-01  -9.1626352e-02   1.3867580e-01  -3.4742651e-01   8.6684348e-02  -8.2891018e-02  -2.9639275e-01  -3.2474455e-01  -5.0636866e-01   5.1706062e-01   7.1136272e-02   2.3705933e-01   3.4696300e-01  -2.1498682e-01  -2.6360807e-01   4.7781449e-01   1.0118824e-02  -3.9512308e-01   1.2202117e-02  -2.6636107e-01   1.7960249e-01  -2.3292903e-01  -3.7559279e-01   2.4893126e-01   2.1939079e-01   2.7862138e-01  -1.6932712e-01  -2.4599855e-01   3.4442670e-01  -6.3935605e-02  -3.5241420e-01  -2.4896164e-01  -2.3252651e-01  -3.2020695e-01  -3.0042851e-01  -1.2611119e-01  -3.2032124e-01   3.8207696e-01   2.0236346e-01  -1.9342271e-01   1.8477183e-02  -8.9311690e-02  -1.1660472e-01   8.6242129e-02  -4.4187038e-01   8.7215666e-02   2.5537578e-01  -1.9556242e-01  -8.1488432e-02  -1.6574864e-02   6.3415580e-03   8.8010758e-02  -3.0399541e-01  -1.8416118e-01   5.4018750e-01  -9.4580986e-02  -2.4876568e-01   4.7043066e-02   1.5423483e-01  -5.6427353e-02  -1.2671800e-01   1.3480264e-01  -1.4089382e-01  -2.2757203e-01   1.6746617e-01  -2.7645534e-01   4.5236422e-01  -3.5856587e-01   4.8266926e-01  -6.9790162e-03  -2.2352028e-01   4.7658264e-01   5.2997013e-02  -1.4014739e-01   2.8999114e-01   5.0792978e-01  -3.3824716e-01  -3.6158658e-02  -2.0591521e-01  -1.4159668e-01  -2.1822179e-01  -1.0298505e-02  -1.8258824e-01  -2.4429935e-01   5.9636231e-01   1.4085788e-01   5.2943938e-01  -2.8268598e-01  -1.3198073e-01  -3.0058849e-01  -3.4060158e-01   3.8247776e-01  -2.1771237e-01   1.7138530e-01  -1.7671596e-01  -1.6545169e-01  -4.1221427e-01   4.6170666e-01   9.0036716e-02   1.2294003e-01  -1.7501752e-01  -6.0247938e-02  -1.8795360e-01  -1.3319701e-01  -9.6415997e-02   1.9180623e-01  -1.1739691e-01   3.3659414e-01   9.5773244e-02  -1.1621934e-01  -2.7868845e-01   1.2029940e-01  -6.1061943e-02  -2.6271325e-01  -5.3585233e-02  -4.9018383e-01  -3.4526717e-01   2.2160431e-01  -4.5430609e-01  -2.2524546e-01   1.5600431e-01  -8.2726795e-02   3.5956806e-01  -2.5881002e-02  -1.7963337e-02   2.4025363e-01  -8.9267339e-02  -1.2987221e-01  -4.9672964e-01   1.4140426e-01   3.8205970e-01  -2.8753703e-01  -3.5424918e-01  -2.7044426e-01  -3.5764217e-01  -1.0719701e-01   1.7655607e-01  -4.0639034e-01   5.8680472e-02  -2.3258664e-01  -3.4241671e-01   4.6932041e-01   4.6967562e-01  -2.3574392e-01  -4.4303726e-01   4.1711873e-01   5.6124496e-01  -3.3373912e-01  -3.0285674e-01  -2.1056393e-01   9.9974863e-02   7.2210988e-02  -8.0209427e-02
   1.4720950e-01   2.4602283e-02   7.3610302e-02   2.9550545e-02   3.8704588e-01  -2.0634490e-01   1.1048327e-01   1.0457003e-02   2.3435805e-01   5.0709486e-01  -1.1438804e-01   1.6447422e-01   0.0000000e+00  -1.7466399e-01  -2.2781346e-01  -1.9342758e-01  -3.0248182e-02  -1.5695354e-01  -1.4194471e-01   3.4873865e-01   3.5849772e-01  -7.0595765e-03   3.1997063e-02  -2.7736262e-02  -4.0688329e-02  -8.1973688e-02   5.7568631e-02  -4.1484903e-01  -8.4627467e-02  -1.7901935e-01  -3.7525853e-02  -2.9361501e-01  -3.9887345e-01   1.9053319e-01  -8.4723586e-02   2.8399984e-01   3.1622448e-01   5.3294531e-02  -8.3357442e-02   1.6842447e-01   4.7864708e-01  -2.6769392e-01  -2.8045433e-02  -2.0958368e-01  -5.3798954e-02   1.5524489e-02  -1.0833462e-01   1.2526856e-01   1.3764000e-01   3.2189655e-02  -5.6104087e-02  -1.7016928e-01   1.5554354e-02  -1.1458402e-01  -6.4418146e-02  -7.9204495e-02  -1.3074545e-01  -5.8835577e-02  -1.6762090e-01  -1.2549942e-01  -3.6083818e-02   2.2461286e-01  -3.7310228e-03  -2.3927475e-02  -3.5051569e-02  -1.3969967e-01  -1.6413424e-01  -6.5657418e-02  -3.2670890e-01   4.1245687e-02   4.2181811e-02   1.6600910e-02   2.7939528e-01  -1.0764861e-01   9.3702779e-02   2.0873951e-01  -1.0519213e-01  -2.3533036e-01   1.9473439e-01   1.2780963e-01  -4.2638368e-01   3.1829977e-01   1.2890320e-01  -2.3196632e-01  -5.6719557e-02   4.3739560e-02  -7.3096002e-02  -1.0456323e-01   5.7937596e-02   1.1354960e-02   2.3540836e-02  -1.0653040e-01   2.8822431e-01   1.0356818e-01  -6.4960568e-02   2.8342104e-01   1.2187968e-01  -2.1457952e-01   1.6393072e-01   2.5043542e-01  -9.2576850e-02  -1.4155155e-01  -7.3614773e-02  -1.3234876e-01  -5.5379401e-02   6.6792457e-02  -2.2204790e-01  -2.8347396e-01   3.2894533e-01   1.5259539e-01   2.4799435e-01  -2.6007909e-01  -4.6001931e-03   1.7943670e-02  -1.4591884e-01   8.6048826e-02  -1.4502725e-01   5.7125572e-01  -2.4037589e-01  -1.0473399e-01  -1.3780710e-01   7.2520017e-02   1.1865262e-01   6.9467233e-02   1.1365836e-01  -1.4053525e-01  -2.2607576e-01  -1.2966392e-01   2.1273303e-01   9.9120125e-03   3.6170465e-01   1.3467241e-01   6.4421875e-02   9.1314653e-02   1.8287770e-01   1.4899268e-01   1.7712480e-01  -1.8361612e-01  -7.4230101e-03  -1.1746150e-01  -1.1480106e-01   5.7036182e-01  -1.7347636e-01  -1.7074667e-01   4.0581855e-02   3.5611775e-02   3.1357636e-02   3.5470351e-02  -1.7029703e-02   4.1579910e-01   1.0725912e-01  -1.0617805e-01  -1.9168618e-01   2.8103944e-02   1.3669747e-01   7.4764735e-02  -9.5464941e-02   2.5255193e-02  -9.3234662e-02  -1.9209964e-01   4.5495156e-02  -1.2332880e-02   1.7647689e-01  -1.0257668e-01  -3.0109486e-01   9.8811484e-02   2.4722432e-01  -3.6311786e-01  -1.8081579e-01   2.1151485e-01   8.5036266e-02  -1.4473517e-02  -1.0007333e-01  -1.3789968e-01  -1.7349249e-01   4.1987804e-03  -5.3144004e-02
   2.1727474e-01  -4.2174836e-01  -2.1058567e-01   2.0054922e-01  -4.3490986e-01   8.3077783e-02   1.2352712e-01  -8.5576530e-02  -4.4634478e-02  -2.3321460e-01   2.1423156e-01  -4.9646513e-01  -1.7466399e-01   0.0000000e+00   2.8439916e-01   2.0452095e-02  -1.2046810e-01   2.3037391e-01   4.9558693e-02  -3.1466543e-01  -1.1977332e-01   1.3067963e-01  -4.5786655e-02   4.3439439e-01   1.2161755e-01   1.1922839e-01  -2.0100800e-01   2.5639542e-01  -2.8550548e-01   4.4137493e-01   8.3243416e-02   1.6531197e-01   1.8512554e-01  -3.3639244e-01   9.6534500e-02   1.0959093e-02  -3.6243771e-01   5.1828200e-02  -1.0526215e-02  -4.4224082e-01  -1.6439058e-02   4.7222370e-02   6.8323047e-02   2.1852615e-01  -2.5618646e-02   3.2651743e-01   2.8236816e-01  -9.3287217e-02   1.0890998e-01  -4.5559466e-01   2.6713259e-01   1.3347602e-01  -4.2220621e-01   5.2232922e-02   6.2921308e-01   3.6134104e-01   3.1485832e-03   1.4550512e-01   3.4139048e-02   2.4906410e-01   1.9303697e-01  -1.0557839e-01  -1.5619082e-01  -1.2743340e-02  -1.6137182e-02   3.0244400e-01   2.4801216e-02   4.1281221e-02   8.2888618e-02   2.5047413e-01  -2.5330604e-01   3.3123714e-01  -3.6607332e-03   4.4147164e-01  -1.3329089e-01  -2.6547781e-02   1.7901328e-01  -1.9617661e-01  -5.5749867e-01  -2.4171644e-02   3.1853268e-01   7.4855340e-03  -1.7513416e-01   4.4303921e-02   6.6375703e-02  -6.6756452e-02   4.7970650e-01   6.7080507e-01  -8.8782037e-02   2.2564037e-01  -4.0465667e-01   1.9094566e-01  -2.3400211e-01   2.2744491e-01   6.6498183e-02  -3.9919816e-01  -1.1207878e-01  -1.2157546e-01  -5.0506752e-04  -3.6061856e-01   4.2476499e-01   3.1790751e-02   5.0501592e-01   4.3017690e-01   3.2232859e-01   1.0982929e-01   2.0027237e-01  -3.1773746e-03  -3.8786691e-01  -5.2405509e-02  -4.5951536e-01   3.3468871e-01   2.1661319e-01   2.3576709e-01   5.4444154e-01  -4.1429102e-01  -6.5651563e-02   3.5758501e-02   2.8940743e-01   2.0940849e-01   1.9379565e-01  -3.6299175e-01  -5.6454681e-02   3.2878730e-01   1.9578838e-01   2.3782184e-01   3.8208728e-01   2.7609223e-01  -7.0409513e-02  -2.1306737e-02   4.0771938e-02  -2.8817364e-01   7.4912890e-03   1.3265392e-01   1.5446542e-01  -1.7622547e-01  -2.0267440e-01   3.2328562e-01  -2.7109034e-02   3.7957145e-01   3.6121035e-01  -1.5832118e-01   1.7646823e-01   3.1346912e-01  -1.2482354e-01   1.5828441e-01   5.3261561e-02   1.0653974e-01   1.9972178e-01  -1.3577918e-01   1.5959627e-01   2.0650485e-01   2.5969420e-01  -6.0276215e-02  -2.8588573e-01   1.7173389e-01   1.6068005e-01  -2.4251232e-02   2.0209035e-01   2.3436967e-01   3.5534613e-02   2.4511346e-01  -6.0894015e-03   2.5005843e-01   1.2225896e-01  -4.5709894e-01  -2.8924996e-01   7.1620571e-02   2.6270719e-01  -4.9042643e-01  -2.9729390e-01   8.2942899e-02   3.2688406e-01   6.8264009e-02   1.0733049e-01  -6.7107872e-02   5.2558186e-02
