   0.0000000e+00  -2.3244128e-01  -3.7143623e-01   9.8694888e-02  -3.7629056e-02  -1.1463327e-01  -1.2799090e-01   2.2998148e-01   1.6248424e-01  -4.4397332e-01   9.9579605e-02  -3.7696316e-01   2.7218480e-01   4.6227947e-01  -4.3532161e-01  -3.0919782e-01  -4.1362634e-01   1.0193719e-01   2.4312940e-01  -1.7727402e-01  -2.2448198e-01   2.0612150e-01  -2.4035178e-01   7.1867364e-01   8.1291802e-02   1.3917724e-01  -2.5150467e-01   2.4475375e-01  -1.1397190e-01   5.9615889e-02  -2.6006028e-01   1.4378097e-01  -3.4089725e-01  -3.8163699e-01  -1.4021895e-01   6.2582598e-02  -3.3071840e-01  -5.1047592e-03  -2.5288768e-01  -3.9062736e-01   1.7345988e-01  -1.7162254e-01   1.3987603e-01   1.1099015e-01  -1.3195254e-01   1.9139928e-01   1.3717984e-01  -1.1131636e-01  -1.2664023e-01  -3.6860817e-01  -7.7963328e-02   1.3221049e-01  -5.6683418e-02  -1.3073320e-01   4.5185675e-01   2.0662084e-02   2.1374745e-01   2.4304293e-01   1.4176122e-01  -1.4342290e-01  -7.3088081e-02  -6.4876386e-02  -1.7264010e-02  -8.0685916e-02   1.4689141e-01   8.1557555e-02  -2.4146167e-01   2.5233302e-01   3.6268370e-02  -1.9195447e-01  -5.0935245e-01   1.9796928e-01   1.2614253e-01  -3.1209749e-03   2.6972899e-02   1.1786867e-01   1.6429199e-01   3.8456651e-02   6.8069872e-02  -5.5867955e-02   9.3886657e-02  -2.0912744e-01  -5.2354997e-01   2.2250603e-01  -1.2998593e-01   6.4137167e-02  -1.9209279e-01   5.5837782e-01  -7.0304771e-02   6.3567624e-01   2.3890309e-01  -6.1552292e-02  -2.7479617e-01   4.1697093e-01   3.0325771e-01  -1.1769895e-01  -5.8012681e-02   1.6352070e-01   6.9755385e-02  -1.9910053e-01  -2.7475014e-01  -2.2593564e-02   8.0192270e-02   4.6662160e-02   5.6131402e-02   4.2383780e-02  -2.6443114e-01   9.7215157e-02  -3.1987077e-01  -2.7354912e-02  -4.1242380e-01   1.5021908e-01   2.7332230e-01   7.7409940e-01  -1.9876838e-01  -4.5719332e-02   1.4754822e-01   5.9829856e-02  -2.0111584e-01   7.0572971e-02   6.2220586e-01   1.1651550e-01  -1.3512904e-01  -2.2848561e-01   5.0668711e-01   3.5081041e-01  -2.6546863e-02  -1.7659106e-01   2.8345086e-01  -3.8961649e-01  -1.7137458e-01  -3.5256655e-01   2.2989630e-01  -4.5840448e-01   1.4012857e-01   1.1110996e-01  -3.4325351e-03  -5.2395786e-01   1.3799638e-01   4.3734149e-01   6.4316604e-01   2.5669555e-01   2.6156432e-01  -2.7750758e-01  -4.4561390e-01   1.4133555e-01  -4.4189672e-01   2.3991938e-01   3.8573604e-02  -2.8099029e-01   3.1037335e-01  -4.6347778e-02   4.7768326e-01   1.4429641e-01  -3.9740934e-01   6.7340400e-01   3.2644593e-01  -8.3417058e-03  -1.9793770e-01  -1.0245496e-02   1.9181604e-01   1.2594735e-01  -1.5314653e-01   1.1915911e-01   2.3852384e-01  -3.3159106e-01   1.0598947e-01   4.0932408e-01   4.6293372e-01  -1.7119447e-01  -9.3341277e-02   4.9112355e-01   2.1632410e-01  -1.4614310e-01  -4.6890646e-02  -2.3180190e-01   1.8327664e-01
  -2.3244128e-01   0.0000000e+00   4.5454119e-01  -5.1651706e-01   5.3755082e-01  -4.3834192e-01  -1.6466552e-01  -3.3430734e-01   4.0899377e-01   4.0855167e-01  -6.4118187e-01   6.9967772e-01  -8.5173810e-02  -5.3666600e-01  -3.0869306e-02  -1.8931647e-01   7.1782290e-01  -6.3821835e-01  -1.4801150e-01   3.4296409e-01  -5.7596900e-01  -4.9909827e-01  -4.5469081e-01  -1.7376902e-01  -7.3667134e-03  -2.5546506e-01   3.2318711e-01  -2.4330328e-01   9.3112375e-02  -6.3366458e-01  -9.3621791e-02  -3.4721176e-01   1.8107546e-01   4.8554714e-01  -3.5567970e-02  -4.1060572e-01   2.8178940e-01   4.7982339e-01  -8.7765919e-02   7.5698319e-01  -6.7236536e-02   1.5161440e-01   4.6524271e-01  -4.9954654e-01  -1.0600677e-01   2.5318879e-01  -6.8908344e-01   7.3995524e-03   8.6431801e-02   8.1249441e-01  -5.4909935e-01  -2.0040151e-01   6.3219335e-01   3.1969800e-01  -1.0262348e-01  -5.3467421e-01  -5.7406282e-01  -5.7232562e-01  -4.9711257e-01   3.5720336e-01   4.2140940e-01  -4.1543021e-01   7.6724885e-01  -1.1199025e-02   3.6905033e-02  -3.8863224e-01  -3.5026016e-01   2.3041976e-02  -5.7839855e-01   2.0816294e-01   7.6504145e-01  -6.6548036e-01  -1.8522995e-01  -7.8153998e-02   3.4124338e-01  -3.9140311e-02   1.9638186e-01  -4.7193408e-01   2.0764965e-01   1.0331232e-03  -5.2126629e-01  -7.8832556e-02   3.9006508e-01  -5.4832780e-01   1.6614034e-01  -1.5743607e-01   6.6054091e-02  -5.4839945e-01   7.9625973e-01  -2.6827169e-01   3.0515170e-01   4.0029109e-01   5.8112494e-01  -8.1870658e-03   3.1760715e-01   2.6169328e-01   1.3394453e-03  -1.6110896e-01  -3.5902125e-02  -4.0511978e-01  -1.1441652e-01  -4.9158310e-01  -5.2230199e-01   2.2397444e-01  -6.7868918e-01  -2.9730441e-01   4.4896578e-01  -5.6179964e-01   3.2285308e-01  -5.3664819e-01   3.1425030e-01  -5.9827370e-01  -1.5208792e-01  -2.6179891e-01  -3.7428017e-01   7.3150818e-01  -4.5037401e-01   2.8881873e-02  -1.6009186e-01  -5.8754729e-01  -2.0694877e-01   3.6466977e-01   6.5819383e-01   8.6384664e-02  -6.0628303e-02   2.0913031e-01  -3.1291998e-01   5.1315140e-01  -4.7521283e-01   3.2169057e-01  -8.5746633e-02  -2.9878907e-02   4.0350295e-01   2.0013874e-01  -1.1721856e-01  -1.7237625e-01   3.5367579e-02   1.5740617e-01  -3.0202930e-01   1.3628890e-02  -2.6526857e-01  -3.4800886e-02  -7.2231376e-01   1.0368097e-01  -3.7160083e-01  -6.4137812e-01   5.4060724e-01  -4.9514890e-01  -6.3866809e-01   6.8797000e-02  -2.6447414e-02  -5.0883803e-01  -1.6658537e-01  -1.7593828e-01   7.8621407e-01  -1.6747557e-01  -1.5251698e-01  -3.1105470e-01   3.1289380e-01  -4.4010582e-01  -9.1233929e-02  -7.0401991e-01   1.6728628e-01  -7.0609575e-01  -2.1220368e-01   6.5736533e-01  -3.0735069e-01  -1.0342419e-01   1.4612402e-03   7.3155177e-01   6.2121050e-01  -1.6928615e-02  -6.7695200e-01  -2.6530454e-01   1.9432837e-01   1.4607951e-01  -3.7936712e-01
  -3.7143623e-01   4.5454119e-01   0.0000000e+00  -4.4395149e-02   2.0944701e-01   2.9617090e-01   1.3472689e-01  -2.1601636e-01  -2.2520566e-01   2.5574938e-01  -4.0406099e-01   6.8460636e-01  -1.8730392e-01  -5.4892204e-01   1.5041500e-01   2.2423696e-01   8.1934099e-01  -2.2065192e-01  -2.0738019e-02   4.5497633e-01  -2.5679475e-01  -1.8198866e-01  -1.0011458e-01  -3.2934478e-01   3.5406901e-02  -6.6390344e-02   6.0818730e-01  -1.4666596e-01   1.5176328e-01  -1.7591120e-01  -2.3646431e-01  -1.0990506e-01   3.3333954e-01   2.3801665e-01   2.7972594e-01   8.9119194e-02  -1.4313467e-01  -7.5060605e-02   1.8026346e-01   6.1871375e-01  -1.5798726e-01   3.0822055e-01   1.5976049e-01  -4.1746741e-01  -9.8740498e-02   2.5107714e-01  -1.7138591e-01  -5.1039828e-02  -2.4998948e-01   6.5824326e-01  -9.1475895e-02  -8.1685146e-02  -1.1780094e-01   4.4724838e-01  -2.0323597e-01  -1.3034932e-01  -1.0333158e-01  -2.4560325e-01  -2.9886139e-01   5.9405306e-01   4.2107569e-01   1.6350425e-02   2.4630300e-01  -3.4915938e-01  -3.7098919e-01  -1.1940613e-01   2.6067965e-01   7.9531955e-04  -2.5785081e-02   8.2924350e-01   5.3403860e-01  -2.2106461e-01  -2.8215548e-01   3.8009959e-01   1.7574527e-01  -1.3931006e-01   6.6597051e-02  -7.1909780e-02  -1.0410565e-02  -1.2592655e-02  -1.3219198e-01  -8.8050225e-02   2.8524963e-01  -2.2740653e-01   3.3449876e-01  -1.5447589e-01  -2.9999094e-01  -3.6932188e-01   2.5760650e-01  -2.1271335e-01  -2.5779921e-01   5.4905667e-01   5.3673108e-01  -8.0151317e-02  -1.6165989e-01   4.2592865e-01   9.9612113e-02  -7.4743233e-02   1.1000746e-01  -2.5506599e-01   4.0469161e-01  -1.5301882e-01  -1.8524663e-01   1.4794877e-01  -2.2045941e-01  -4.2207305e-02   4.6483302e-01  -1.2608070e-01  -1.0204632e-01  -3.6799863e-02   3.6538188e-01  -1.4753908e-01  -2.3844134e-02  -4.2066577e-01   2.5093468e-01  -6.6526672e-02  -1.5149873e-01  -6.7448282e-02   4.2057157e-01  -2.3768008e-01  -2.8197758e-01   2.6947471e-02   4.5128781e-01  -2.6982376e-01  -2.9773372e-01   6.7304949e-02  -1.8999306e-01   2.8474224e-01  -2.4996430e-01   9.1313464e-01   3.2926270e-02  -2.6188639e-01   6.3176659e-02  -1.7269982e-01  -4.6894750e-02  -1.8393744e-01  -5.8035394e-02   3.2230550e-01  -2.5136605e-01  -2.8079452e-01  -3.9846926e-01  -2.0462937e-01  -3.9763252e-01   6.9998899e-01  -2.0614405e-02  -5.7437483e-01   4.5522346e-01  -2.0364184e-01  -5.1002967e-03  -3.0898825e-01   1.2027471e-01  -1.4603909e-01  -2.2938815e-01  -3.9923401e-01   8.2366985e-01  -3.1046909e-01  -6.2603806e-02  -1.0496420e-01   4.5792969e-01  -6.0866715e-02   5.3778143e-02  -3.6364141e-01   4.7496293e-02  -3.2764340e-01  -8.0657263e-02   1.7800060e-01  -1.4834370e-01  -2.1655970e-01   3.1703905e-02   2.3290626e-01   2.7796401e-01  -2.6016184e-01  -2.9819254e-01   4.2436422e-01   1.2379277e-01   2.2399146e-01  -6.6748772e-02
   9.8694888e-02  -5.1651706e-01  -4.4395149e-02   0.0000000e+00  -1.5159155e-01   5.6193775e-01   2.0738653e-01   3.6144494e-01  -3.2952258e-01  -4.6775795e-01   4.4655048e-01  -3.3831459e-01  -1.2419081e-03   2.3062598e-01   2.3729825e-02   4.4097614e-01  -2.0095457e-01   6.8624784e-01   1.7055072e-01   1.2166235e-01   4.9041613e-01   6.6114563e-01   4.6702557e-01  -8.3748793e-02   1.0936739e-01   3.1884274e-01   9.6478297e-02  -2.7476092e-02   7.1030566e-02   7.2061398e-01   2.4030017e-02   6.7769728e-01   8.2232966e-03  -3.5417143e-01   1.3327007e-01   5.3858287e-01  -3.5921408e-01  -6.1010298e-01   4.8324327e-01  -5.2731796e-01   2.3636753e-01   1.0914708e-01  -2.4540663e-01   3.0564006e-01   2.4421824e-01  -1.4379326e-01   7.4110152e-01   1.0714452e-01   8.1892800e-02  -4.7500753e-01   6.5737997e-01   2.4858766e-01  -5.2809829e-01   3.7997883e-02   2.9109442e-01   4.9521603e-01   4.7456762e-01   7.5615467e-01   7.2934000e-01   1.2687843e-01  -1.1323444e-02   4.5509013e-01  -2.9781725e-01  -2.5001235e-01  -1.2106096e-01   2.3141271e-01   6.2284862e-01   1.1337553e-01   7.9848514e-01  -1.5235028e-01  -4.9596613e-01   7.6811472e-01   2.3974292e-01   1.4268924e-01  -2.7288531e-01   2.0783057e-01  -7.8648832e-02   4.9068163e-01  -5.6681301e-02   3.1802398e-01   3.5767875e-01   1.8448456e-01  -2.2328480e-01   4.4098095e-01  -1.0598108e-01   2.2158973e-01  -2.4704471e-01   1.4004988e-01  -4.5060228e-01  -1.1362295e-01  -2.8402606e-01  -2.8799008e-01  -2.8574021e-01   1.2622271e-01  -2.2260599e-01   2.6077290e-03   4.1984093e-01   4.4749701e-01   2.6304463e-01   2.4919869e-01   1.5733117e-01   3.0602469e-01   5.9780201e-01   2.1511370e-01   7.8402570e-01   6.3376997e-01  -1.0504644e-01   8.0024236e-01  -3.1363626e-01   4.1072796e-01  -2.0651345e-01   8.2791378e-01   4.3461164e-01  -4.4193810e-02   1.7589254e-01  -4.6811379e-01   4.6695125e-01  -1.7451951e-01   3.7517644e-01   7.5289259e-01   9.7940255e-02  -1.4789039e-01  -2.5581415e-01  -1.2775294e-01  -2.6084239e-01  -2.2625577e-02   3.4633667e-01  -2.8196903e-01   8.1010738e-01  -2.4791353e-03   1.9153938e-01  -1.7708815e-02   9.0165138e-02  -3.0152683e-01   4.9591074e-01   3.2700184e-01   2.7565781e-02  -2.3845380e-01   3.5781667e-01  -2.6966422e-01   1.3223719e-01  -1.7726108e-01   6.0703739e-01   6.1744752e-02   3.1477597e-01   5.3520513e-01  -3.7881431e-01   3.0825321e-01   5.5410954e-01  -2.8132006e-01  -1.2849416e-01   4.1636836e-01   5.7737589e-02   4.8930804e-02  -3.4519409e-01  -1.4340405e-01   3.3477845e-01   6.3107944e-01  -4.1865146e-03   4.2161390e-01   3.2857314e-01   6.3310795e-01  -1.0842489e-01   7.1076476e-01   7.0503445e-01  -4.0215082e-01   2.8266081e-01   7.6566245e-02   2.8263152e-01  -3.5923439e-01  -3.1039738e-01  -2.4621907e-01   6.7353285e-01   3.5089063e-01   4.7926228e-02   4.8319105e-02   7.5941551e-01
  -3.7629056e-02   5.3755082e-01   2.0944701e-01  -1.5159155e-01   0.0000000e+00  -2.9606705e-01  -1.5007107e-01  -1.8906644e-01   3.2118328e-01  -1.1768579e-01  -3.4292762e-01   2.1170923e-01   1.9597344e-01  -1.7209158e-01  -1.0704703e-01  -1.5234722e-01   5.0175508e-01  -2.5808227e-01  -5.9629391e-02   7.0447874e-01  -2.1988004e-01  -3.4626398e-01  -1.8996533e-01  -1.3957950e-02   7.8151923e-02  -1.4865612e-01   4.3170004e-01  -2.0929579e-01  -9.4461017e-02  -3.2663206e-01  -2.8157656e-02  -2.2232619e-01   1.1818297e-01   4.9488843e-02  -1.6884214e-01   2.2616187e-01   4.6462297e-01   2.4323265e-01   1.0329381e-01   4.2328240e-01   3.6133289e-01   1.1396899e-01   3.8436802e-01  -3.5034157e-01   2.8355372e-01   3.5084559e-01  -2.7122850e-01   2.6072205e-01   4.4959461e-01   3.8207105e-01  -3.0105636e-01  -1.2832675e-01   4.1448173e-01   2.7406392e-01   2.0837189e-01  -4.6827052e-01  -4.3351293e-01  -3.1109230e-01  -4.0586221e-02   4.1310501e-02   5.0665851e-01   1.5382158e-01   6.4548048e-01   2.0599920e-02   3.8835768e-01   1.9368545e-03  -1.8257067e-01   3.9554887e-01  -3.9961811e-01  -1.0163161e-01   2.6800979e-01  -1.8593992e-01   1.7890949e-01  -1.7766628e-01   1.4420649e-01  -3.6344334e-02   2.7299718e-01  -2.2663973e-01   4.9899076e-01   3.0014854e-01  -4.8163423e-01  -5.1752867e-02   7.6931500e-02  -3.8859845e-01   8.4121783e-02  -1.9384768e-01   9.0046557e-02  -2.5008291e-01   4.4664075e-01  -1.0461215e-01   6.4366776e-01   3.1382121e-01   2.7920629e-01   8.1328000e-02   3.9507417e-01   6.3838404e-01   3.4465279e-01   8.5590626e-03   4.8938433e-01  -3.0227451e-01  -2.6700729e-01  -4.4232083e-01  -2.9996940e-01   8.0552402e-02  -4.7309321e-01  -3.0851303e-01   3.8860637e-01  -2.6753990e-01   2.9605959e-01  -2.4864298e-01  -1.1933040e-01  -3.7428345e-01  -7.2092580e-03  -6.6599054e-02  -6.2898446e-01   6.5518228e-01  -3.0782971e-01   2.5834400e-01  -2.8775717e-01  -2.9254547e-01  -3.0448203e-02   8.2793889e-01   4.4894944e-01   8.0860810e-02   1.5850738e-01   1.1010828e-01  -1.0021554e-01   5.0682815e-01  -2.0241619e-01   2.5094911e-02   2.5528997e-01   1.8848427e-01   3.3688897e-01   2.8767750e-02  -5.1116456e-02  -9.6986878e-02   2.9026930e-01  -1.3652968e-01  -2.3037377e-01  -3.5627057e-02  -5.0052966e-02   1.4992470e-01  -4.7614929e-01  -1.8759465e-01  -4.8995834e-01  -3.6733404e-01   7.3510561e-02   3.0011953e-02  -3.5688670e-01  -8.7153445e-02  -9.6305308e-02  -2.8465859e-01   1.4333435e-01   9.2546525e-02   3.8733268e-01  -9.5398381e-02   1.2801275e-01   4.0715995e-03   4.5890756e-01  -3.0925734e-01   1.7139826e-01  -4.1548880e-01   3.7008334e-01  -4.3840364e-01  -2.2734388e-02   3.4120425e-01  -1.1309125e-02  -3.8314120e-02   1.7121137e-01   7.4415793e-01   6.9472342e-01  -5.0138737e-02  -1.4945429e-01  -2.4405359e-01   2.2271331e-01   4.4824662e-01  -1.9158772e-01
  -1.1463327e-01  -4.3834192e-01   2.9617090e-01   5.6193775e-01  -2.9606705e-01   0.0000000e+00   5.1857174e-01   1.1912411e-01  -5.4334717e-01  -2.2048720e-01   1.8632670e-01   4.5557014e-02  -2.1127822e-01   5.6120283e-02   1.2262745e-01   4.9815053e-01  -5.1606208e-02   4.2492904e-01   1.4344172e-01   1.0316804e-01   4.3600235e-01   1.9185463e-01   3.8502434e-01  -2.3409557e-01   5.3965687e-02   1.4144704e-01   3.3815994e-01  -4.9677337e-03   1.0034499e-01   6.0428244e-01  -1.7258866e-01   2.1318920e-01   2.1737109e-01  -8.8991081e-02   3.3012393e-01   5.3240516e-01  -4.4680814e-01  -6.2464172e-01   3.0409625e-01  -1.7708502e-01  -3.5673046e-02   1.8781681e-01  -2.4835274e-01   8.3295318e-02  -3.2034048e-02  -1.8827751e-01   5.5161785e-01   2.6697698e-01  -3.4671364e-01  -1.9600813e-01   4.3618847e-01   4.0424902e-02  -5.1534343e-01   8.7650771e-02  -9.7180934e-02   4.2086054e-01   5.9939166e-01   2.4959466e-01   3.1322425e-01   2.4529390e-01  -9.4158161e-02   3.3888102e-01  -4.8474832e-01  -4.0742521e-01  -3.4774848e-01   3.5748074e-01   7.8732325e-01  -8.8826237e-02   5.6476208e-01   3.4317780e-01  -2.0388495e-01   4.4724938e-01   4.4549774e-03   4.8623738e-01  -3.6718172e-01  -1.5508147e-01  -1.3474307e-01   2.8942667e-01  -9.3611820e-02  -9.0026042e-02   3.7807828e-01   6.2167464e-02   3.0394135e-02   3.2126777e-01   2.7600303e-01  -7.8829658e-02  -1.6210643e-01   1.6070623e-01  -4.2110774e-01  -1.0373784e-01  -4.8350004e-01  -5.0290839e-02   9.2003431e-02  -1.4933607e-01  -4.8785500e-01   2.0855979e-01   1.7318265e-01   1.8100054e-01   1.2032637e-01   3.3215354e-01   5.9798896e-01   3.5579750e-01   3.6333470e-01  -5.9742597e-02   4.8511191e-01   1.9289583e-01   1.2759842e-02   5.2422132e-01  -4.7058530e-01   7.3548770e-01   1.5759793e-01   4.7596368e-01   2.1698697e-01  -2.6153664e-01   5.6273950e-01  -6.3995489e-01   2.5090678e-01  -1.1967773e-01   6.9617132e-01   3.3372438e-01  -1.7801866e-01  -2.4994973e-01  -2.6833002e-01  -3.2808338e-01  -4.1240680e-01  -2.4417294e-01   1.3585745e-01  -3.9953184e-01   2.0483568e-01   4.3961774e-01   4.4994498e-02  -8.5682305e-02  -1.4414829e-01  -3.9106268e-01   1.5973344e-01  -9.7597114e-03  -1.8735779e-01   4.6293956e-02   3.8111912e-02  -4.4728164e-01  -1.2893507e-01  -2.1957726e-01   3.2641873e-01   6.1288911e-01   2.7595177e-01   1.4029930e-01  -2.9108508e-02   3.6370486e-01   7.1085670e-01  -2.8628307e-01  -1.7443892e-02   4.4738066e-01  -1.4623698e-01  -9.9389256e-02   3.5159915e-02  -2.4129211e-01   4.0351975e-02   2.8956451e-01  -7.5873484e-02   3.4992652e-01   1.0465883e-01   3.0969917e-01   5.9709848e-02   4.1841961e-01   1.9903297e-01  -4.0768290e-01   2.2835227e-01  -2.8316882e-02   9.8007023e-02  -3.3654087e-01  -2.6339844e-01  -2.7387258e-01   4.3814024e-01   8.1675397e-01  -3.4783668e-02  -8.7878735e-02   2.9818534e-01
  -1.2799090e-01  -1.6466552e-01   1.3472689e-01   2.0738653e-01  -1.5007107e-01   5.1857174e-01   0.0000000e+00  -1.4728622e-01  -5.3390870e-02   1.7728699e-01   2.1625936e-02   3.3007980e-01  -3.7887800e-01  -2.0826903e-01   5.1812422e-01   2.6165932e-01  -7.0204118e-02   2.5524235e-01  -9.3419101e-02   1.9973697e-01   2.8393682e-01  -5.0734543e-02   4.3791901e-01  -2.4074677e-01  -7.8260785e-02  -1.9313514e-01   4.2384842e-01   3.3840081e-02   1.1400632e-01   3.3192206e-01  -1.5076137e-02  -6.0322960e-02   1.3827354e-01   4.3400413e-01   3.1992692e-01   3.9333374e-01  -2.3278226e-01  -4.4538719e-01   4.4634714e-02  -6.2581353e-03  -2.3001580e-01   1.3033673e-01   1.3635506e-01  -1.1549097e-01   8.3691204e-02  -1.3953027e-01   1.6915930e-01   5.3822589e-01  -2.9579582e-01  -8.2061658e-02   2.7330400e-01  -2.6903722e-01  -1.5942928e-02   7.9412119e-02  -1.5674363e-01   2.0592188e-01   3.7494867e-02  -2.4150818e-02   9.7478146e-02   6.8116069e-02  -9.6772286e-02   1.8005647e-01  -2.8234565e-01  -1.2793973e-01  -2.0797144e-01   4.3360261e-01   2.5521969e-01  -1.2354289e-01   1.1096888e-01   2.1291890e-01   7.6575737e-02   1.7998436e-01  -1.1056266e-01  -3.6487175e-03  -3.1037908e-01  -1.5315045e-01  -1.5498815e-01  -6.8623363e-02   2.3156485e-01  -3.7021848e-01   3.2417472e-01   6.2719763e-02   1.1848865e-01  -4.9889667e-02  -1.0569616e-01  -2.6083243e-02  -3.0008144e-02  -7.8474002e-02  -1.8546336e-01  -1.6666508e-01  -4.1932171e-01  -2.4082957e-01   1.5862531e-01  -1.4170060e-01  -3.6583221e-01   7.3449108e-02   1.0574506e-01  -1.6074092e-01   1.0746215e-01   5.6871613e-01   2.8604523e-01   2.5598331e-01   1.9116880e-01  -4.5749659e-02   2.2623729e-01   6.7989024e-02  -1.4010516e-02   3.5489890e-02  -2.4235031e-01   4.0260827e-01   3.5512485e-01   1.2629206e-01   7.4812945e-02  -1.8152999e-01   4.1219601e-01  -2.8529255e-01  -1.0184174e-02  -1.1123809e-01   2.7327915e-01  -2.5849835e-02  -2.8231657e-01  -2.3556856e-01  -2.9175003e-01   6.8441308e-02  -3.1886810e-01  -5.0017099e-01   2.6609388e-02  -2.9506908e-01   1.0825549e-02   2.7029843e-01  -1.4204049e-01   3.2361676e-01  -3.7513137e-01  -8.1598492e-02   8.5797214e-02  -6.0464283e-02  -2.6223706e-01   2.5709715e-01  -1.2523035e-01  -4.7450748e-01  -1.3456359e-01  -3.1400606e-01   3.9086757e-03   3.4648636e-01   3.1495745e-01  -1.1474073e-02   3.5108380e-01   8.4393069e-02   3.5935047e-01   4.4587785e-02  -2.5188703e-01   3.1717939e-01  -7.1271333e-02  -3.6430156e-02   9.7906656e-02  -2.9573094e-01  -8.7047721e-02   1.3488617e-01  -1.3608955e-01   3.3898405e-01   8.5789197e-02  -3.6914369e-02   3.6606614e-01   1.1184191e-01  -8.1016663e-02   1.0536235e-01   2.8039512e-01  -5.4511184e-02  -7.3459010e-03  -2.0319743e-01   1.3914951e-01  -3.8101940e-01   2.5507291e-01   2.4403084e-01   1.0287840e-01  -9.7167769e-02  -2.7234164e-02
   2.2998148e-01  -3.3430734e-01  -2.1601636e-01   3.6144494e-01  -1.8906644e-01   1.1912411e-01  -1.4728622e-01   0.0000000e+00  -2.0168017e-01  -3.5531868e-01   2.6848998e-01  -3.4039274e-01   1.3782271e-01   1.4970773e-01  -1.6767495e-01   1.7649646e-01  -1.9755662e-01   2.3134283e-01   1.0171629e-01  -1.4012747e-01  -3.0524669e-02   6.2147279e-01   1.5498472e-02   2.1907031e-01  -6.9606872e-02   6.0629488e-01  -1.8311550e-01   5.0427924e-02   7.8712421e-02   2.6037022e-01  -2.5960526e-01   4.8286546e-01  -5.6453350e-03  -2.4346509e-01  -3.5023262e-02   9.5873147e-02  -2.4101872e-01  -1.5633233e-01   2.5227028e-01  -4.2626630e-01   2.2046016e-01   2.5659864e-02  -4.1801598e-03   3.3900608e-01  -2.0192683e-02  -1.3712534e-01   3.6707044e-01  -3.0748711e-01  -1.5510469e-01  -3.5497000e-01   2.1047680e-01   6.9300803e-01  -2.9184572e-01  -6.6145459e-02   2.1973127e-01   2.0088717e-01   2.8252174e-01   4.8514875e-01   3.4551011e-01  -1.0123232e-01  -8.4503600e-02   6.7482875e-02  -1.1108111e-01  -1.7748521e-01  -6.2811702e-02   1.0261835e-01   1.6788406e-01  -6.0343427e-02   5.4079574e-01  -2.7258354e-01  -4.9523060e-01   3.1043378e-01   2.2697039e-01  -7.0396490e-02  -2.2189821e-01   2.1585000e-01   3.2240142e-02   4.7017799e-01  -5.6840557e-02   1.8827460e-01   1.8506498e-01   2.7873554e-01  -3.5479427e-01   6.2423251e-01  -2.6978842e-01   1.0240097e-01  -4.5631227e-01   2.2531314e-01  -2.3701614e-01   1.5580806e-01  -8.5099069e-02  -8.7793915e-02  -2.5824070e-01   1.9292013e-01   8.7504537e-02  -2.1182443e-01   1.0748687e-01   3.8660321e-01  -7.6990217e-02  -6.8380542e-02  -3.3696025e-01   1.9838864e-01   2.0584913e-01  -1.2792054e-01   3.0382314e-01   4.2865009e-01  -1.7249532e-01   5.7731247e-01  -2.1445370e-01   7.4006061e-02  -2.3274852e-01   4.3489593e-01   1.4558147e-01   2.0681984e-01  -1.3923194e-01  -2.6438868e-01   4.2752244e-01   8.2324303e-02  -1.5134083e-01   4.6476326e-01   2.8750484e-01  -1.0456923e-01  -1.5027707e-01  -2.2269366e-01   7.7416996e-02   2.1309398e-01  -1.3678943e-02  -2.2710580e-01   4.7088749e-01  -2.9944186e-01   2.0314578e-01  -2.3285736e-01   8.9633373e-02  -3.3397546e-01   2.3644631e-01   3.6930292e-01   9.8145357e-02  -3.7348401e-01   2.9022684e-01   2.1166421e-01   2.7712343e-01  -7.0238018e-02   5.1729451e-01  -2.7990651e-01  -1.5829450e-02   1.3671315e-01  -3.1991296e-01   2.3135230e-01   2.1009215e-01  -2.3483574e-01   3.8975794e-02   2.2947842e-02   1.2959369e-01  -7.0550443e-02  -3.8743958e-01   2.1601781e-01   1.8547171e-01   3.5335696e-01   5.7613990e-03   2.0563248e-01  -8.6379358e-02   4.5425046e-01  -2.8811693e-01   3.7995610e-01   4.4903289e-01  -3.0069865e-01   1.4001025e-01   2.2658479e-01   1.2124739e-01  -2.4627074e-01  -2.0309301e-01   6.9425291e-02   2.4518974e-01   1.7882063e-02  -4.3074180e-02  -6.4822459e-02   5.7333029e-01
   1.6248424e-01   4.0899377e-01  -2.2520566e-01  -3.2952258e-01   3.2118328e-01  -5.4334717e-01  -5.3390870e-02  -2.0168017e-01   0.0000000e+00   1.4376589e-01  -6.1816626e-02   5.6330896e-02  -1.0778970e-01  -7.2916568e-02  -1.9671662e-01  -4.2409705e-01  -4.8779316e-02  -1.6266847e-01  -1.3097069e-01   4.2817322e-02  -3.3465854e-01  -2.9584864e-01  -3.7677042e-01   1.9229251e-01  -2.1376186e-01  -2.0012000e-01   5.5012737e-02   3.3321729e-02   1.0852484e-01  -2.1072049e-01  -7.8339366e-02  -2.3362993e-01  -1.0570567e-01   1.5490853e-01  -1.1289239e-01  -9.9981186e-02   2.4423203e-01   2.5750473e-01  -1.6962700e-01   4.3011424e-02  -9.6924315e-02  -9.1070622e-02   5.5031083e-01   3.0831928e-02   2.7163300e-01   2.5396525e-01  -2.6460247e-01   2.8763825e-01   1.7753042e-01   1.0736643e-02  -2.7211472e-01  -1.3366082e-01   7.3659884e-01  -6.5534233e-02   2.8845999e-02  -4.3426605e-01  -2.6998179e-01  -2.4913759e-01  -1.4229217e-01  -6.5272145e-02   7.0772147e-02  -1.1027810e-01   4.9651011e-01   4.7870207e-01   6.2067434e-01   1.3401324e-01  -4.4035105e-01  -6.7676825e-03  -4.6563987e-01  -2.8484662e-01   1.4462689e-01  -1.9374384e-01  -2.8464717e-02  -3.7534185e-01   1.2753535e-02  -3.2453163e-02   6.7830218e-02  -3.9302266e-01   5.9543393e-01  -1.4172756e-01  -3.8657257e-01  -6.2744542e-02  -1.5357828e-02  -2.6417674e-01  -1.9486608e-01  -8.6572277e-02   2.6044276e-01  -2.0755009e-01   5.2809994e-01   1.3940189e-01   6.2569775e-01  -6.7088349e-02  -1.1448278e-01   3.7469972e-01   3.4906143e-01  -2.3942499e-01  -1.1732557e-01  -6.6769291e-02   6.9744457e-02  -1.0891241e-01  -4.0639501e-01  -7.6506396e-02  -3.1702670e-01   3.5714480e-01  -3.3145457e-01  -1.8762021e-01   3.1057179e-02  -3.6388056e-01   9.6010506e-02  -3.5294575e-01  -2.6765372e-01  -3.9010230e-01  -1.7110226e-01   2.5933484e-01  -5.2799225e-01   6.1324422e-01  -2.9944419e-01   1.4227019e-02  -5.0910573e-01  -3.1875810e-01   6.3614946e-02   3.4777868e-01   9.2648528e-02   5.9273922e-01   3.2920592e-01  -1.6117569e-02   1.7100349e-01   1.6021591e-01  -1.7914825e-01  -2.9024155e-01  -1.2325473e-01   1.4857661e-01   8.8946564e-02   1.8780871e-01   1.5402516e-01   6.0690820e-02  -1.8588243e-01  -6.9865318e-02  -8.6487151e-03   1.0461969e-01   1.0855239e-01  -9.7593738e-02  -2.0286878e-01  -4.6909135e-01  -2.8976303e-01   6.8381622e-02  -5.6371813e-02  -9.9873377e-03  -4.2794550e-01   4.2696671e-01   6.1805702e-02  -3.4501229e-01   1.5723483e-01   3.9119132e-01  -3.4336402e-02   5.0824952e-02  -1.9944807e-02  -1.3560536e-01   6.7190068e-02  -3.5734283e-01  -5.7648641e-02  -2.5251726e-01   1.9363275e-01  -1.5053005e-01  -1.2267696e-01   4.1583951e-01   1.2528689e-01   2.1503331e-01   1.4670030e-01   2.3525541e-01   5.0178236e-01   1.7611154e-01  -6.0786291e-02  -5.0700879e-01   5.2385148e-04  -8.2027341e-02  -2.5511896e-01
  -4.4397332e-01   4.0855167e-01   2.5574938e-01  -4.6775795e-01  -1.1768579e-01  -2.2048720e-01   1.7728699e-01  -3.5531868e-01   1.4376589e-01   0.0000000e+00  -3.1609708e-01   5.5820935e-01  -2.5541760e-01  -4.4557732e-01   4.1517365e-01  -1.2262400e-01   3.1801953e-01  -3.4245893e-01  -4.0645904e-01   4.8971749e-03  -2.2305035e-01  -4.3393207e-01  -6.7209690e-02  -4.0661218e-01  -1.1422026e-01  -2.9155808e-01  -9.9864409e-03  -1.3418401e-02   1.2563891e-01  -4.3018294e-01   1.1546019e-01  -4.1885711e-01   7.2307853e-02   6.6214782e-01   1.8734175e-01  -3.7660291e-01   3.2258593e-01   2.3486241e-01  -2.5646344e-01   5.3298322e-01  -4.1617232e-01   1.1858649e-01   1.3198653e-01  -2.9162895e-01  -9.4003893e-02  -2.1393723e-01  -4.9216343e-01  -4.5176738e-02  -1.6142032e-01   5.0602486e-01  -1.7788157e-01  -3.2718124e-01   3.5156796e-01   1.2499572e-01  -4.0304660e-01  -2.7616984e-01  -4.5018827e-01  -5.2597713e-01  -4.7460064e-01   1.9571351e-01  -9.9416506e-02  -1.8801844e-01   1.1176792e-01   1.7150836e-01  -1.9838109e-01  -1.1874245e-01  -1.4142527e-01  -2.6473086e-01  -4.0760251e-01   2.1586485e-01   6.7649207e-01  -5.1781127e-01  -3.4246766e-01  -3.6919472e-02   1.7840573e-01  -1.2970754e-01  -2.4363618e-01  -4.0150038e-01  -2.4062234e-02  -2.5130856e-01  -1.9501289e-01   5.8354521e-02   5.0806906e-01  -4.3625528e-01   1.2254541e-01  -7.1583494e-02   1.8137302e-01  -5.1568985e-01   2.8509850e-01  -3.4681932e-01  -2.3513783e-01   8.3336231e-02   4.1337350e-01  -3.0145153e-01  -2.2581277e-01  -4.3801763e-02  -1.8991958e-01  -3.6803300e-01  -2.2065488e-01   1.6609825e-01   1.5320464e-01  -6.0878208e-02  -4.0602724e-01   4.6791859e-02  -4.1040634e-01  -2.3776272e-01   1.2012129e-01  -4.5811393e-01   3.5507475e-01  -2.7221803e-01   5.2627314e-01  -4.7511773e-01  -2.5741618e-01  -3.5506735e-01   1.6405470e-01   1.7080018e-01  -4.2582354e-01  -5.8273936e-02  -1.6229958e-01  -4.3769160e-01  -5.1215519e-01  -2.5176234e-01   2.1882726e-01   2.4596068e-01  -3.4692966e-01  -2.5824461e-01  -1.5633615e-01   1.4023428e-01  -4.8337899e-01   2.3489475e-01  -1.4694438e-01   2.3494721e-01  -2.4260655e-01   4.5285859e-01  -1.7716345e-01  -2.1544954e-01  -3.9202020e-02   5.2740031e-01  -2.3072909e-01  -6.1551440e-02  -4.4019710e-01  -1.4284324e-01  -4.3377350e-01   1.1075784e-01   3.5709712e-01  -3.5678960e-01   6.7771172e-01  -4.4820909e-01  -3.0351328e-01   4.0650255e-01  -1.5815415e-01  -2.9980755e-01  -3.8250986e-01  -2.1968646e-01   4.1866370e-01  -3.1327504e-01  -4.9818413e-01  -3.7022836e-01  -5.9322521e-02  -2.6969497e-01  -1.9241478e-01  -4.5410225e-01   2.6542350e-01  -4.1488721e-01  -4.6491280e-01   6.1896540e-01  -2.2743198e-01  -2.3784580e-01  -3.7624476e-01   1.4121090e-01   1.8708124e-01  -3.2976904e-01  -4.5347993e-01  -1.2327364e-01   5.6436749e-03  -7.0960664e-02  -3.7834348e-01
   9.9579605e-02  -6.4118187e-01  -4.0406099e-01   4.4655048e-01  -3.4292762e-01   1.8632670e-01   2.1625936e-02   2.6848998e-01  -6.1816626e-02  -3.1609708e-01   0.0000000e+00  -6.4235261e-01   5.4428312e-02   3.3356403e-01  -1.0199985e-01   1.1351476e-01  -5.8696480e-01   8.2042017e-01   4.9207354e-02  -2.9983612e-01   3.1932178e-01   3.4846317e-01   1.6598346e-01   1.4610600e-01  -1.2562434e-01   2.9451532e-01  -2.1479309e-01   1.5304199e-01   3.0234256e-02   5.7161938e-01   6.5510777e-02   3.6257245e-01  -1.2745254e-01  -4.9688380e-01   6.4087109e-02   4.5941354e-01  -2.6964348e-01  -4.1428146e-01   2.3599670e-01  -6.2206640e-01   1.9219255e-01  -5.4443612e-02  -2.0463360e-01   6.9774437e-01   3.7837862e-01  -1.3548844e-01   7.9528949e-01   7.5098164e-02   4.5382036e-02  -6.7547132e-01   6.9128313e-01   2.9110369e-01  -3.3240383e-01  -3.5349226e-01   3.9717074e-02   3.3315392e-01   3.0987142e-01   5.3757174e-01   5.9527916e-01  -1.9870706e-01  -2.9703623e-01   5.1922543e-01  -3.8284248e-01   3.0769999e-01   3.4542445e-01   5.0169401e-01   2.2794831e-01  -1.6648121e-01   5.4974702e-01  -2.3575893e-01  -5.7832938e-01   6.9729176e-01   3.0519118e-01  -7.9147219e-02  -2.4115225e-01  -9.0744563e-03  -1.5178983e-01   4.4356487e-01   8.3644646e-02   1.1935345e-01   1.8699765e-01   1.2682663e-01  -2.2931882e-01   3.8561160e-01  -2.2705753e-01   7.9497232e-02  -3.3171806e-02   2.4659615e-01  -4.9394327e-01   1.5865382e-01   3.5926276e-02  -4.4994418e-01  -6.7751691e-01   2.3633000e-01  -2.6915596e-01  -3.6096937e-01   1.1192073e-01   1.9461359e-01   1.2128635e-01   1.5550220e-01  -1.9084303e-02   6.7974539e-01   2.8504541e-01   9.1729082e-02   6.3221821e-01   2.8149725e-01  -4.6549982e-01   5.5113240e-01  -3.0040688e-01   3.8981483e-01  -4.7700530e-01   4.4374136e-01   4.7814329e-02   1.1585582e-01   2.6672778e-02  -4.2281533e-01   3.3232419e-01  -4.4431847e-02  -8.2449541e-03   5.2134146e-01   8.5530714e-02  -1.6718067e-01  -5.1430010e-01   2.8530586e-01   1.5827740e-01  -2.3644708e-01   5.3695203e-01  -4.8043713e-01   4.7012798e-01  -3.0247198e-01   1.3369380e-01   2.1222265e-01  -2.4732626e-01   1.8212309e-02   3.2938055e-01   2.0536242e-01  -1.5167465e-01  -1.2397134e-01   4.3739043e-01  -1.6496270e-01   1.6739630e-01  -1.5148726e-01   7.8809933e-01  -2.7346161e-01   3.2857576e-01   6.7696023e-01  -6.2222562e-01   5.9623211e-01   5.0301062e-01   1.4283869e-01   5.4656960e-02   2.1309530e-01   1.9817032e-01   5.7982445e-01  -6.5376303e-01   1.1082776e-01   1.6577291e-01   4.9658298e-01  -2.5440423e-01   2.0339151e-01   1.2391528e-01   7.8352482e-01  -4.2740312e-02   7.8219775e-01   2.9229381e-01  -4.3055541e-01   6.0152974e-01   7.8394981e-02   9.4869345e-02  -5.4325170e-01  -4.4085334e-01  -6.7418174e-02   7.6024542e-01  -1.4079310e-03  -2.7776748e-01  -2.7761345e-01   3.9179668e-01
  -3.7696316e-01   6.9967772e-01   6.8460636e-01  -3.3831459e-01   2.1170923e-01   4.5557014e-02   3.3007980e-01  -3.4039274e-01   5.6330896e-02   5.5820935e-01  -6.4235261e-01   0.0000000e+00  -2.8741371e-01  -6.9773722e-01   3.2890309e-01   1.3781133e-01   6.8201385e-01  -4.9600200e-01  -1.3687452e-01   3.8741617e-01  -3.7933104e-01  -4.5290477e-01  -1.6532557e-01  -3.5825080e-01   1.6672787e-02  -3.1550148e-01   4.7472932e-01  -2.3914082e-01   1.0960334e-01  -3.8998127e-01  -1.6821799e-01  -3.4722485e-01   3.1126128e-01   7.5064381e-01   3.0648449e-01  -2.4887367e-01   3.9466839e-02   1.8950138e-01  -5.7226300e-03   7.4150164e-01  -2.6523888e-01   2.4548821e-01   3.6627814e-01  -5.9771755e-01  -1.7582863e-01   7.0908434e-02  -5.4012243e-01   6.6823268e-02  -2.7358928e-01   7.4742429e-01  -3.2844472e-01  -3.3046833e-01   3.0338209e-01   4.6173983e-01  -3.3379612e-01  -3.1068933e-01  -3.3628658e-01  -5.3941273e-01  -4.6881199e-01   5.5583932e-01   2.8452043e-01  -2.7316328e-01   3.5404919e-01  -2.2633557e-01  -3.6229652e-01  -2.8576341e-01  -2.1702186e-02  -6.3172780e-02  -3.4767275e-01   5.3353522e-01   7.7223811e-01  -5.6617420e-01  -2.8042759e-01   1.8566823e-01   1.9249900e-01  -1.8063103e-01   5.2542814e-02  -3.6721784e-01   5.5702219e-02  -1.8027019e-01  -2.6866636e-01   1.9637002e-02   4.5937590e-01  -4.9913963e-01   2.0429889e-01  -1.8736210e-01  -8.1418661e-02  -5.4428036e-01   4.7490661e-01  -3.9687471e-01  -2.6271709e-01   3.9338274e-01   7.6375470e-01  -1.7823652e-01  -1.3785331e-02   3.2463486e-01  -7.1093870e-03  -1.6708908e-01  -4.2391033e-02  -5.4081893e-02   1.6410897e-01  -2.3716494e-01  -4.1070324e-01   3.2467618e-02  -4.6571012e-01  -2.1022277e-01   4.7368996e-01  -3.9740146e-01   1.5607419e-01  -2.5902994e-01   6.9605365e-01  -4.4270507e-01  -1.7742638e-01  -4.3653085e-01   1.4497164e-01   2.7034497e-01  -3.8441460e-01   4.2069197e-03   1.3209186e-01  -4.9224563e-01  -4.4015501e-01  -2.2798883e-03   5.4331429e-01  -5.4034895e-02  -3.6783025e-01  -3.7605075e-02  -3.7126924e-01   2.8594419e-01  -4.5923424e-01   6.0871468e-01  -7.8924190e-02   6.7820671e-04   5.2981839e-03   6.8061463e-02  -1.3907605e-01  -2.4952559e-01   3.8217328e-03   3.5637980e-01  -3.8076803e-01  -2.5298813e-01  -4.0972091e-01  -1.7770873e-01  -6.2069658e-01   5.3078362e-01  -4.9317787e-03  -6.9304386e-01   8.3310200e-01  -5.2002863e-01  -3.0695964e-01  -1.5194811e-03  -1.2204940e-01  -2.9968969e-01  -2.4098740e-01  -4.1710493e-01   8.6367363e-01  -3.7071782e-01  -2.8208642e-01  -2.5526646e-01   2.6730996e-01  -2.4097691e-01  -8.2440374e-02  -6.4049752e-01   1.5461065e-01  -5.8498144e-01  -2.9612631e-01   6.2874399e-01  -2.8425575e-01  -3.1964517e-01  -1.3651883e-01   4.1198288e-01   4.9642892e-01  -2.5822041e-01  -5.8364428e-01   1.2284679e-01   2.5421640e-01   1.5724144e-01  -2.9884884e-01
   2.7218480e-01  -8.5173810e-02  -1.8730392e-01  -1.2419081e-03   1.9597344e-01  -2.1127822e-01  -3.7887800e-01   1.3782271e-01  -1.0778970e-01  -2.5541760e-01   5.4428312e-02  -2.8741371e-01   0.0000000e+00   1.9368122e-01  -1.5957139e-01  -1.3157517e-02  -1.4675061e-02  -2.0496833e-02   6.0830236e-02   5.6352424e-02  -1.4843126e-02   5.0427388e-02  -8.1097829e-02   2.6579531e-01   6.8601633e-02   1.3565727e-01  -1.8290859e-01   6.0716761e-02  -1.5739899e-01  -1.8865298e-01   1.0293996e-01  -3.0702549e-02  -1.2440403e-01  -2.8281210e-01  -1.1707319e-01  -3.7592076e-02   1.5478980e-01   2.4548139e-01  -5.2271992e-02  -7.7159996e-02   7.2174104e-01   2.1277390e-02  -9.6182079e-02   4.0166851e-02  -4.9515385e-02   7.8285735e-02  -2.7833590e-02  -2.7412055e-01   2.4735146e-01  -9.1630872e-02  -1.2867333e-01   1.5052448e-01  -1.1918925e-01  -4.0283799e-02   1.6166176e-01  -1.3861686e-02  -3.6966689e-02   8.8803592e-02   3.5908117e-02  -1.1294526e-01   2.0528273e-01   6.3871665e-02   1.8630696e-02   1.2653999e-01   3.8036433e-02  -2.1912797e-01  -1.7603521e-01   2.3783182e-01  -6.1104666e-02  -2.6986246e-01  -2.0669311e-01   4.4899906e-02   5.5440964e-01   9.4596480e-03   2.2064866e-01   1.0197199e-01   2.4708914e-01   8.4138182e-02  -7.2778894e-02   2.9983587e-01  -7.0473362e-02   9.0626789e-02  -1.5416288e-01   6.9565450e-02  -7.8348982e-02   4.1479696e-02  -8.0191845e-03   2.7396605e-01  -4.9770967e-02   1.8576244e-01   1.9924834e-01   7.7433512e-02  -1.5393420e-01   8.5077498e-03   3.3834009e-01   2.0826089e-01   2.1221528e-01   1.0947895e-01   1.5946183e-01  -9.5699314e-02  -3.0296779e-01  -1.6778816e-01  -3.1680776e-02  -4.2689337e-02  -1.3687663e-01  -1.3893680e-01  -1.4989732e-01   3.0588406e-03   2.5563359e-01  -1.7897224e-01  -2.0733748e-01  -2.6181477e-02   8.2753666e-02   2.0973428e-01  -2.9110714e-01   7.7182131e-02   5.4720401e-03   5.9094089e-01  -2.2047570e-01   4.6561501e-02   1.9951396e-01   1.8373388e-01  -2.6065342e-02  -1.5604968e-01   2.1346749e-01   1.8842713e-01  -4.8732012e-02   2.0282280e-01   7.0747320e-02  -3.0063887e-01   4.9137392e-01  -1.0904136e-02   1.2250674e-01  -1.1782445e-01  -7.6080978e-02  -2.9108791e-02   3.6907833e-01  -2.5229539e-01   1.1728255e-01   4.5564066e-01   1.2233467e-01   6.5083646e-01   8.3117640e-02  -2.8762029e-01  -2.3049077e-01   2.4706438e-02  -1.7795479e-01   3.4460081e-02  -1.7183761e-01  -2.2391214e-01  -4.0880957e-03  -5.0441062e-02   1.6148606e-01   5.0294888e-02  -1.7149278e-01   3.2879526e-01   1.5847992e-01   7.0478950e-02   7.4230289e-03  -1.0059137e-01   2.2227597e-01   1.3564232e-01  -1.3488696e-01  -9.8946373e-02   1.5122339e-01  -9.9977947e-02  -7.8662788e-02  -9.6576463e-03   2.8448825e-02   1.0460642e-01  -3.4265566e-02   1.5758047e-01  -1.7228815e-03  -2.1699059e-01  -1.1683205e-01   5.4730310e-02   8.1871309e-02
   4.6227947e-01  -5.3666600e-01  -5.4892204e-01   2.3062598e-01  -1.7209158e-01   5.6120283e-02  -2.0826903e-01   1.4970773e-01  -7.2916568e-02  -4.4557732e-01   3.3356403e-01  -6.9773722e-01   1.9368122e-01   0.0000000e+00  -2.2788046e-01  -2.4092144e-01  -5.5865243e-01   2.4140877e-01   1.8006147e-01  -3.1862943e-01   3.4891202e-01   2.2476307e-01   1.6186065e-01   4.5075872e-01   7.1033204e-02   6.7085715e-02  -3.7253221e-01   4.6339421e-01  -8.0415355e-02   2.7676686e-01   2.2678785e-01   1.5841843e-01  -3.0353321e-01  -5.5506377e-01  -2.2227456e-01   1.4417611e-01   3.0941148e-04  -1.5225555e-01  -1.5259312e-01  -5.7036933e-01   1.8431823e-01  -2.9186500e-01  -2.8341595e-01   3.7609530e-01  -6.3546762e-02   4.8125030e-03   3.2851286e-01   3.2593394e-03   1.8380576e-01  -5.8152008e-01   7.5486839e-02   1.0431840e-01  -2.6317053e-01  -3.5871368e-01   4.3767347e-01   3.5461019e-01   3.9739412e-01   3.1865169e-01   3.4353417e-01  -4.8275171e-01  -2.3690324e-01   1.3812103e-01  -3.4427097e-01   1.7128241e-01   1.8513469e-01   1.1941030e-01   4.5122050e-04   1.4822404e-01   1.7669495e-01  -3.5242377e-01  -5.8411365e-01   3.5554391e-01   2.4870023e-01  -3.0753454e-02  -2.3601818e-01   2.6201790e-02   4.9329582e-02   2.3390116e-01  -1.5347290e-01   7.1739722e-02   4.0146776e-01  -1.4137980e-01  -3.9963223e-01   4.0744925e-01  -6.6101133e-03   5.9339813e-02   1.9510734e-01   6.5118571e-01  -4.1514143e-01   4.2198075e-01   1.7734151e-01  -2.7109987e-01  -5.1245063e-01   1.4678949e-01   1.0410894e-01  -1.4497528e-01  -8.1350589e-02   1.9154886e-01   2.3712974e-02   8.1344228e-02   4.4355648e-02   8.6840799e-02   4.6357075e-01   3.2527049e-02   2.5991022e-01  -7.5673607e-02  -3.1556138e-01   1.8792088e-01  -9.8786922e-02   2.7079840e-01  -4.3203209e-01   3.2125520e-01   2.4743160e-01   4.1638257e-01   5.8582359e-02  -2.2031214e-01   3.7968301e-01   3.8032861e-02   7.4123362e-02   2.5281966e-01   4.4046313e-01   2.8842710e-02  -3.7539984e-01  -1.5987521e-01   3.0281031e-01   2.2602550e-01   1.4886373e-01  -2.7991028e-01   2.7968516e-01  -4.3692581e-01  -1.0230749e-01  -8.3532927e-02   1.4259217e-01  -1.1321272e-01   5.3149176e-02  -5.8639007e-03  -5.9862159e-02  -2.0831066e-01   1.6071992e-01   2.7000640e-01   4.2770407e-01   1.6970065e-01   3.7643205e-01  -2.9985928e-01  -4.8903513e-02   5.4793490e-01  -5.6655712e-01   3.7916872e-01   2.0985494e-01  -6.2473474e-02   1.4717026e-01   4.2874505e-01   2.4923821e-01   2.1608272e-01  -6.3073510e-01   3.4591166e-01   2.1767699e-01   1.6807272e-01  -2.6334939e-01   2.6107369e-01   3.8225394e-02   4.2983684e-01  -1.5842711e-01   3.3783346e-01   1.5243850e-01  -4.6305520e-01   8.5883025e-02   4.1179191e-01   1.6604720e-01  -3.0959758e-01  -4.1478489e-01   3.3621319e-01   4.1270862e-01   1.6828434e-02  -2.3930021e-01  -2.8262221e-01   1.3405124e-01
