   0.0000000e+00  -2.9295697e-01  -6.8874508e-02   2.3752797e-01  -2.2066674e-01   1.4405810e-01   1.9087603e-01  -2.1992531e-01   1.7446700e-02   4.8740749e-02  -6.2294306e-02  -3.3333441e-01   1.5294312e-01   5.1865456e-01  -1.4715105e-02  -2.2920113e-01  -1.5286123e-01   1.8211218e-01  -4.6139468e-02   1.6546720e-02   2.5819811e-01   4.7363624e-01   2.5695933e-01   3.3849929e-01   1.9477646e-01  -1.6115858e-01   1.4776506e-01   4.0202053e-01   2.1924949e-03   3.6051700e-01  -1.7501458e-01   1.5860437e-01  -1.1341527e-01  -2.7710187e-01  -1.1224069e-01   1.9919974e-01  -1.6988456e-01   1.4630326e-01  -3.8146650e-01  -3.8449615e-01   5.0168147e-02  -1.9011171e-01   4.9113506e-02  -3.2865455e-01  -2.3994519e-02   3.6327690e-01   2.7385820e-01  -5.4350702e-03  -7.7550403e-02  -3.3275328e-01   2.6244374e-01  -1.6408028e-01  -4.4428805e-01  -1.6438544e-01   1.1065349e-01  -2.1338250e-01   3.1568678e-02   3.8174079e-01   4.6986704e-02  -1.5124876e-01   1.8166655e-01  -8.7771338e-02  -3.1309462e-01  -4.3120700e-01  -2.8619403e-02  -1.3048204e-03  -7.6637827e-02  -6.2288090e-02   1.3427332e-01   1.0233402e-01  -4.1448858e-01   1.9717276e-01  -3.8186018e-02   2.2484965e-01  -2.4379433e-01   7.2942245e-02   2.4194051e-02  -2.7079707e-01  -2.8027239e-01  -4.6641443e-02   1.0553564e-01  -2.9110087e-02  -4.2340061e-01  -2.9321208e-01  -1.8081554e-01   1.8116539e-01   1.1631530e-01   4.4099851e-01  -2.0930229e-01   4.7217658e-01  -3.5244997e-01   4.8754933e-02  -1.8033266e-01   3.3387060e-01   1.2914657e-01  -2.6514747e-01  -1.7413690e-01  -6.4878030e-02   1.0355024e-01   1.8494640e-01   2.8729057e-02  -2.4283659e-01   2.5477380e-01   1.7222552e-01   3.3980992e-01   2.5737324e-01  -1.3489284e-01   5.1390780e-02  -2.6657519e-01   5.8979149e-02  -5.7918969e-01   3.8484688e-01  -3.3584399e-02   5.8412492e-01   2.5760698e-01  -2.8925787e-01  -1.5457243e-01   7.2304700e-02   1.0294595e-01   3.9538619e-01   1.9743972e-01  -2.9935667e-01  -2.0097038e-01  -1.0072636e-01   3.5524497e-01   2.4967463e-01   2.4794456e-01  -9.3586286e-02   4.4428622e-01  -1.9548241e-01  -1.1486789e-01  -1.0773111e-01   1.7146526e-01   1.9102869e-01   2.2991820e-02  -1.4190469e-01  -1.9552874e-01   9.6771268e-02  -2.1277167e-02   3.6372269e-01   4.0555512e-01   9.0862508e-03  -6.2191284e-02   1.3109123e-01   3.1520274e-01   2.7460215e-01  -1.9685481e-01   1.6597944e-01   2.4801398e-01  -7.0273404e-02   2.8581870e-01  -1.5955115e-01   7.8433301e-02  -3.1766299e-01  -2.4007894e-01   2.0966920e-01   2.5934522e-01   1.6325670e-01   2.2000619e-02   2.3242259e-01   4.1721757e-01  -6.8195968e-02   7.7674871e-02   2.8432477e-01  -9.2441094e-02  -2.6255911e-01  -3.3009444e-01  -8.8953122e-02   2.4443840e-01  -4.2377048e-01  -2.6815898e-01   1.3731910e-02   2.2463568e-01   1.1524562e-01   2.3517638e-01  -3.1406335e-01   4.1719249e-01
  -2.9295697e-01   0.0000000e+00   3.1568201e-01  -4.4084602e-01   3.3747779e-01  -6.4683258e-01  -2.9996624e-01   2.3093047e-02   4.9335151e-01  -3.1597617e-01  -2.3497936e-01   7.0171639e-01  -5.3731478e-01  -4.9977149e-01  -3.9107156e-01   5.6443909e-02   3.9669975e-01  -4.2814620e-01  -6.1686618e-02   1.1883066e-01  -4.5697118e-01  -4.0286899e-01  -2.8644987e-01  -2.5988383e-01   1.5632927e-01  -1.1160689e-01  -4.3881534e-02  -4.1526257e-01   1.9190708e-01  -2.7027811e-01   7.4157453e-02  -2.0386266e-01   7.1165000e-02   2.6182188e-01   3.7009366e-01  -1.6730141e-01   3.6525450e-01  -1.2750229e-01   4.2542869e-02   4.0878435e-01  -3.9595499e-01   2.0858729e-01  -5.8972325e-02  -9.0811031e-03   1.5763827e-01   4.2336771e-02  -4.3375577e-01  -2.9256763e-01   3.1836110e-01   5.3980818e-01  -5.3173828e-01  -1.0537584e-02   5.2117771e-01   3.3462742e-01  -3.1342465e-01  -4.4381794e-01  -1.2119484e-01  -3.5391451e-01  -3.6562079e-01   2.5067761e-01   1.5978444e-01   7.6201637e-02   4.5510215e-01   5.8370664e-01   2.8256496e-01  -7.7692926e-02  -3.0462203e-01   1.0979314e-01  -4.1303452e-01  -4.6616934e-02   6.9735185e-01  -2.7354644e-01  -9.9389556e-02  -1.1713185e-01   4.1326987e-01  -9.4709000e-02   2.6599928e-01  -1.8271133e-01   6.1631129e-01  -1.8459541e-01  -4.8030618e-01   1.4027673e-01   3.4662447e-01  -4.9556538e-02   4.1677710e-01  -1.6769760e-01   1.6347872e-01  -3.4218499e-01   6.4907912e-01  -2.4185207e-01   5.9774573e-01   3.0537406e-01  -2.0131365e-01  -1.0900909e-01   1.4564940e-01   2.8166149e-01   8.5318323e-02  -1.9361664e-01   1.0434508e-01  -2.5217309e-01  -2.5749004e-01   3.7499773e-02  -5.1851440e-01   2.0435062e-01  -4.4807711e-01  -1.2649267e-01   2.4168971e-01  -2.8993188e-01   4.5965966e-01  -4.5827287e-01   6.1566585e-01  -5.5328431e-01  -3.4524212e-02  -2.0306769e-01  -5.1960557e-01   6.6936608e-01  -2.7956351e-01  -2.3947654e-01  -3.1447103e-01  -3.0217096e-01  -9.1484630e-02   3.7643738e-01   6.2027170e-01   3.5450301e-01  -9.3514269e-02   5.5315128e-02  -2.5371820e-01   2.5578390e-01  -2.6548611e-01   2.8784614e-01   2.2485102e-02   1.1858441e-01   5.8031126e-01  -3.3208897e-01  -1.0820146e-02   1.3345619e-01   1.2455349e-01  -5.4489277e-01  -1.1876053e-01  -3.0867310e-02  -9.7879438e-02  -1.1105382e-02  -2.8285100e-01  -2.5207398e-01  -4.2927923e-01  -2.7362328e-01   1.8493230e-01  -1.7751060e-01  -5.7924708e-01   1.1248075e-01  -2.8984855e-01  -1.9561815e-01   2.9379111e-01   4.5696561e-01   5.3103103e-01  -1.8877893e-01   1.0132294e-02  -3.5061398e-01   2.5208052e-01  -4.2682066e-01  -1.0900085e-01  -2.6884598e-02  -5.7541164e-02  -4.1446187e-01  -6.1854218e-02   4.8029490e-01   1.4274157e-01  -6.8003746e-02   2.0721537e-01   4.2669886e-01   3.5594603e-01   1.8607473e-01  -2.4892001e-01  -3.3106420e-01  -2.9466632e-01   2.6218244e-01  -1.0062045e-01
  -6.8874508e-02   3.1568201e-01   0.0000000e+00  -6.1294328e-02   4.7904528e-01   8.1503323e-02   2.8220920e-02  -3.0081231e-01  -2.5384025e-02  -1.0424961e-01  -3.1725498e-01   4.2038261e-01  -5.3081226e-02  -1.1749742e-01  -2.9163821e-01   5.1628750e-01   8.7746664e-01  -2.2727607e-01  -1.7572562e-01   6.4801539e-01  -2.5450742e-01   9.5259738e-02  -2.5635174e-02  -4.3797243e-01   8.6159032e-02  -1.9831004e-01   2.5490974e-01  -2.1371087e-01   1.8674169e-01  -3.2998019e-01  -3.5374494e-01  -1.1401810e-01   3.7009749e-01  -4.4293669e-02   2.5315257e-01   3.6730781e-01  -3.2950678e-02  -5.9146676e-02   1.3377746e-01   7.3619207e-01  -1.4158551e-01   4.5594177e-01  -6.2693032e-03  -4.6780517e-01  -1.5796501e-01   4.8399529e-02   4.2650070e-02  -4.2715788e-01  -9.1437678e-03   7.0267672e-01  -1.6805106e-01  -2.2026408e-01  -2.2502731e-01   5.8251851e-01   1.0224454e-02  -9.5796721e-02  -2.0049784e-01  -4.2899359e-02  -3.3958647e-01   5.7569604e-01   2.7955757e-01   1.6835403e-01   1.7542514e-01  -2.3138130e-01  -2.5840358e-01  -6.4372543e-02   1.5487359e-01   2.8298694e-01  -1.4496879e-01   2.6833766e-01   1.7164296e-01   2.2638178e-01  -1.1260065e-01   3.0378149e-01   3.4599925e-01  -1.9284536e-01   2.1126001e-01  -8.9895248e-02   3.3555398e-01   1.5928979e-01  -7.8284017e-03   1.3411006e-02  -2.6720745e-01  -3.3792178e-01   3.8321268e-01  -1.5504474e-01  -3.1500515e-01  -2.1296203e-01   4.7878795e-01  -2.9563868e-01   2.0379169e-01   4.0630953e-01   1.6167122e-01   6.4866757e-02   2.1549797e-01   4.6063097e-01   2.8364969e-01  -1.2082987e-01   2.6239698e-01  -7.6114150e-02  -1.6337160e-01  -2.3403130e-01  -1.1530562e-01   7.2802713e-02   4.6297274e-02   1.2905689e-02   5.6914086e-01  -1.9672575e-01   8.1299489e-02  -2.4008872e-01   2.4214647e-01  -5.2341142e-02   3.4204051e-01  -2.6871919e-01   7.2764988e-02  -1.4330009e-02  -4.7554453e-02  -1.3879056e-01  -1.7641812e-01   9.0552315e-02  -3.7398599e-01   4.1184669e-01   5.4598554e-01  -3.0523936e-01  -3.4693573e-01   1.9926880e-01  -1.4683654e-01   3.4345392e-01   9.9675435e-02   6.4299023e-01  -5.0612829e-03  -8.5122855e-02   2.6388784e-02  -4.8729383e-01  -1.6690626e-01  -2.6085320e-01   4.0250475e-01  -2.6186644e-01  -3.1264141e-01  -1.1699942e-01  -2.4290063e-01   1.6407778e-03  -3.7050799e-01   8.1045667e-02  -2.3957836e-01  -5.4411679e-01   4.6971122e-01  -5.2884779e-01  -1.4125181e-01  -2.9268038e-01   3.0261340e-01  -3.1112040e-01  -6.3902718e-02  -1.7398836e-01   6.1581131e-01  -3.7628080e-01  -2.7522326e-01  -3.7668988e-01   5.2041921e-01  -1.8309650e-01  -2.4560941e-02  -3.7843860e-01  -2.2788918e-01  -1.1604989e-01   2.8815505e-02   3.5636121e-01   8.5740296e-02  -2.9380848e-01   1.8651151e-01  -4.4775001e-02   2.3595854e-01  -1.2444368e-01  -2.3011886e-01  -1.7988163e-01   7.9731094e-02   4.5373985e-01   1.9573780e-01
   2.3752797e-01  -4.4084602e-01  -6.1294328e-02   0.0000000e+00  -6.7232324e-02   3.8854696e-01   1.3285900e-01  -1.6303579e-01  -2.0694414e-01   1.8401418e-01   2.2100410e-01  -4.2431681e-01   3.4791208e-01   3.1950910e-01   1.7017240e-01   6.0117691e-02  -1.6314772e-01   3.6053069e-01  -7.9739425e-04   6.0554133e-02   4.5315308e-01   4.9979307e-01   3.9352011e-01   1.8580068e-02   1.3153074e-01  -1.5871429e-01   3.4115732e-01   1.7040959e-01   1.9455998e-01   5.4394977e-01  -1.5506404e-01   4.1171982e-01  -4.2083440e-02  -2.0933363e-01  -2.3354875e-01   3.0627276e-01  -3.0773753e-02   3.6080845e-02  -3.0361620e-02  -2.6181844e-01   3.6654487e-01  -9.1218622e-02   3.7426168e-01  -2.8292645e-01   1.3195180e-01   4.6831533e-02   4.9985047e-01   5.4972486e-02  -6.2667258e-03  -3.0823992e-01   5.5155401e-01  -1.9588996e-01  -4.4724286e-01  -1.4483059e-01   1.2044946e-01   1.3809399e-01   1.5854853e-02   4.6913489e-01   5.5852778e-01  -1.4112881e-01  -1.0355933e-01   5.0941251e-02  -3.3956571e-01  -4.2424225e-01  -1.1509778e-02   1.0527436e-01   1.9771250e-01   4.3086754e-02   5.3226345e-01  -4.4206280e-02  -4.9330364e-01   3.5405023e-01   2.4171128e-01   3.6624024e-02  -2.3306175e-01   3.2521185e-01  -8.4013158e-02  -1.5919011e-02  -1.7813501e-01   3.5391685e-01   8.2512762e-02   1.0952675e-01  -4.0251395e-01  -1.4094861e-01  -3.7000394e-01   3.2280043e-01  -2.2358438e-02   9.0924498e-02  -3.6204228e-01   1.2357935e-01  -1.8301415e-01  -2.9025737e-01   1.1970511e-01   3.2299455e-01  -5.9234035e-02  -3.7002873e-01   4.7889770e-03   1.4892701e-01   1.0676025e-01   3.1193278e-01  -9.2223656e-02  -1.2267738e-01   2.4435861e-01   1.8059574e-01   5.8813625e-01   5.5600108e-01  -4.3982255e-02   3.9495704e-01  -3.1948497e-01   1.7364479e-01  -4.3072691e-01   5.7960381e-01   3.1565788e-02   7.3359141e-02   1.0789937e-01  -2.0766284e-01   1.4130372e-01   2.7705778e-01  -9.7901927e-03   6.3630231e-01   6.4285907e-02  -7.4856527e-02  -2.7730239e-01  -5.7857756e-02  -3.9561746e-02   2.7638895e-02   3.8107584e-01  -1.0198690e-01   3.3028441e-01  -2.5082656e-01   6.8743118e-02  -1.9448938e-02  -1.0785259e-01   1.5747305e-01   2.6920735e-01  -3.6843744e-02  -1.6987860e-01   5.5488439e-02   1.9130502e-01   1.2929304e-01  -6.0760057e-02  -8.4127248e-02   2.4353286e-01   1.6369444e-01   3.9047325e-01   4.1557880e-01  -3.4139149e-01   9.7433054e-02   4.1284828e-01  -8.1588848e-02   2.2670787e-01  -1.2136166e-01  -3.5779502e-03  -2.3251867e-01  -2.7695634e-01   5.9083965e-02  -6.7462742e-02   4.4667945e-01  -1.9966038e-01   2.3608505e-01   3.3994125e-01   1.2305836e-01  -1.2629004e-01   5.5995091e-01   1.4399779e-01  -1.4907799e-01  -5.6247884e-02   2.6470439e-02   1.6606752e-02  -3.0181938e-01  -1.0116321e-01  -1.6276096e-01   3.4974588e-01   1.1286201e-01   2.3919212e-01  -1.4634385e-01   3.2006612e-01
  -2.2066674e-01   3.3747779e-01   4.7904528e-01  -6.7232324e-02   0.0000000e+00  -1.7490747e-01  -2.4140500e-01  -2.3301005e-01   2.1483959e-01   8.5260692e-02   1.5047478e-02   3.4801751e-01   2.5967088e-02  -3.4358520e-01  -4.4374023e-01   2.7678013e-01   5.0046452e-01  -2.7898123e-02  -3.1193961e-01   6.7802904e-01  -1.3790361e-01  -2.8576447e-01   9.6790741e-02  -2.9370798e-01   3.6493649e-02  -1.2224311e-01   1.9271595e-01  -4.1461119e-01  -1.1166081e-02  -2.0910480e-01  -2.7752396e-01  -1.5866778e-01   8.6029052e-02   1.4924515e-02   2.0019790e-01   5.3668908e-01   3.2340519e-01  -3.1049142e-02   1.1638596e-01   4.3639605e-01   1.7191087e-01   2.3115826e-01   1.8459312e-01  -2.5408470e-01   3.5369296e-01   4.5661395e-02   8.0203117e-02  -3.2954609e-01   4.6912771e-01   5.0093776e-01  -1.1875699e-02  -2.1722055e-01  -1.6352375e-02   3.7906308e-01  -3.2039695e-02  -2.4628586e-01  -1.5604380e-01  -2.1229807e-01   5.9755833e-03   2.4988380e-01   3.0600118e-01   1.7462922e-01   5.4546388e-01   2.5609520e-02   2.0828810e-01   7.5402194e-02  -4.1764664e-02   4.0751847e-01  -1.1432358e-01  -6.0058249e-02   1.3378818e-01   2.3442760e-01   2.7054715e-01  -1.4144015e-01   3.1854476e-01  -2.2540958e-01   2.3958624e-01  -2.1175983e-01   7.5496069e-01   3.1101423e-01  -3.2550752e-01   2.2607772e-01  -1.4666198e-01  -2.8252239e-01   3.4539906e-02  -2.1597386e-01  -2.5770899e-01  -2.1852017e-01   3.7274214e-01  -4.2883848e-01   6.3329445e-01   3.7817950e-01   2.0520204e-01   1.2030116e-01   1.4228836e-01   5.9012089e-01   3.1736502e-01  -1.1640884e-02   5.5843883e-01   7.2784051e-02  -4.3488029e-01   3.8370934e-02  -3.3548802e-01  -1.8151926e-01   8.1752027e-03   3.6653345e-02   3.9852083e-01  -2.2245410e-02   4.1442767e-01  -2.0017845e-01   2.5658206e-01  -2.4891769e-01   3.7527158e-01  -2.8214240e-01  -4.0687842e-01   3.9783817e-01  -1.1428538e-01   2.2984460e-01  -3.4626176e-01   4.8101319e-02  -2.2391797e-01   7.5221841e-01   4.4512065e-01   1.3447170e-01  -2.0893172e-01   5.7953647e-02   1.3274820e-01   3.2955423e-01   9.5393880e-02   1.8683168e-01   1.5464775e-01   2.0895421e-01   1.1538519e-01  -3.5039962e-01  -1.4649997e-01  -2.1972375e-01   3.6755208e-01  -4.4478621e-01  -2.4241990e-01  -3.1294121e-02  -1.8493924e-01  -1.3990499e-01  -2.3186228e-02  -2.8084992e-01  -2.2771356e-01  -4.1641086e-01  -2.5963145e-02  -1.6537120e-01  -7.5610505e-02  -1.6692734e-02  -1.6705320e-01  -3.3534405e-01   8.5215684e-02   2.0570529e-01   3.5186975e-01  -2.5457749e-01  -1.9123232e-01   3.5739254e-02   4.1448652e-01  -3.8180032e-01  -1.5329898e-01  -7.2492436e-02  -8.3027005e-03   4.2793174e-02  -9.4219161e-02   3.7612073e-01   1.0582983e-01  -3.3128600e-01   2.0076883e-01   2.4049254e-01   4.7202914e-01  -3.0583441e-02   7.9052325e-02  -3.4893506e-01  -1.2179211e-01   3.9841840e-01   8.9373712e-02
   1.4405810e-01  -6.4683258e-01   8.1503323e-02   3.8854696e-01  -1.7490747e-01   0.0000000e+00   3.1222900e-01  -1.1501762e-01  -5.1801940e-01   2.3508205e-01  -3.4765557e-03  -3.7490565e-01   3.9832215e-01   4.3913351e-01   2.8080222e-01   2.7761050e-01   1.0395745e-02   2.3268220e-01   2.9649645e-02   1.3667981e-01   2.8416196e-01   5.6468799e-01   1.2374401e-01  -2.2449689e-02   6.1750336e-03   5.5379372e-02   2.3091063e-01   3.3750776e-01  -1.4411784e-01   1.8794003e-01  -3.2256356e-01   1.3888131e-01   1.8410169e-01  -2.8196792e-01  -1.7477839e-01   2.5844322e-01  -3.2945433e-01  -7.7311513e-02   6.6351874e-02   6.4468313e-02   1.8226641e-01   9.0452929e-02   1.7517705e-01  -1.3882923e-01  -2.7801180e-01  -1.1160468e-01   4.0662356e-01   1.0126215e-01  -3.1255165e-01  -1.2842629e-01   4.1410338e-01  -5.2653702e-02  -5.8462048e-01   7.6848294e-03   1.7367815e-01   5.5425295e-01   1.5038390e-01   3.0886313e-01   2.3983247e-01   1.5358028e-01  -4.2282508e-02  -4.2307349e-02  -3.3727003e-01  -5.7009675e-01  -4.0688408e-01   8.5663747e-02   5.8893631e-01   1.5640407e-02   3.8694703e-01   2.0664755e-01  -5.8398854e-01   4.0343847e-01  -4.2913549e-02   4.1207255e-01  -2.1862475e-01   1.0910616e-02  -3.0651532e-01   2.9857942e-01  -3.6474223e-01   2.5687238e-01   5.7038392e-01  -2.2311307e-01  -3.8140455e-01  -7.3518478e-03  -1.1277052e-01   4.2732414e-02  -3.4687277e-01   6.7219122e-02  -3.0529159e-01   8.9377383e-02  -5.0439300e-01  -2.0256740e-01   4.4355295e-01   9.2671263e-02  -1.9145946e-01  -1.4292633e-01   1.1582295e-01   3.1337916e-01  -1.5008215e-02   1.3410829e-01   2.0266492e-01  -2.2419713e-01   4.3715883e-01   2.5534444e-02   4.6668512e-01   1.6931714e-01   5.7525189e-02   4.3500922e-01  -5.2813053e-01   3.8580236e-01  -3.0008890e-01   6.1368066e-01   2.4497332e-01   9.5599661e-02   5.6035266e-01  -5.7403846e-01   4.6413711e-01  -1.0062635e-02   3.5880566e-01   4.2207994e-01   1.9734060e-03  -1.1405754e-01  -2.7625162e-01  -5.0410313e-01  -1.7328088e-01   1.4579739e-01   1.6816675e-01  -6.3606427e-02   1.8562246e-01   1.0808890e-01  -1.0684043e-01  -2.5479449e-01  -4.6434491e-01  -5.8224119e-02   8.1336385e-02  -2.1805830e-01  -1.6437200e-02   3.7547155e-01   3.8829334e-02  -1.5437751e-01  -1.0596899e-01  -7.0073175e-03   1.4053293e-01   4.8684919e-01   2.8711954e-01   4.3403005e-03   4.4209458e-02  -1.8829948e-01   5.6014476e-01  -3.9632148e-01   4.1450558e-01   1.6197639e-01  -2.2772846e-01  -4.5206277e-01  -7.0646954e-02  -1.3931044e-01  -1.1275856e-01   1.3335047e-01  -1.2235325e-01   3.5488451e-01   2.4997301e-02  -8.9381462e-02  -2.0817080e-01   3.1001987e-01   1.3487479e-01  -1.6812681e-01  -6.4050259e-02   1.9819969e-01  -4.0875912e-02  -2.5896962e-01  -1.7438510e-01  -2.7465469e-01   4.8643705e-02   4.5567286e-01   1.5505680e-01  -2.3669818e-02   9.4587641e-02
   1.9087603e-01  -2.9996624e-01   2.8220920e-02   1.3285900e-01  -2.4140500e-01   3.1222900e-01   0.0000000e+00  -4.0597367e-01  -1.6652653e-01   4.0944952e-01  -2.6315051e-02  -3.3384330e-02   1.3292913e-01   2.6250748e-01   1.3854587e-01   5.4727243e-02  -6.1514537e-02   2.0011669e-01  -1.1869439e-01   4.7490304e-02   1.3205178e-01   1.5422767e-01   4.0352183e-01  -6.6118008e-02   4.8831954e-02  -3.4992491e-01   8.9689421e-02  -5.4697469e-02   5.6234354e-04   1.7915704e-01   7.1024788e-03  -1.6171939e-02  -1.5303470e-01   3.3182214e-01  -5.7776838e-02   1.3087653e-01  -1.6702891e-01  -9.4817892e-02  -2.6171439e-02   2.2060390e-02  -8.3602353e-03  -2.8488842e-01   1.8207350e-02  -1.5337702e-01   5.8661723e-02  -3.8947864e-02   7.4216550e-02   4.4892977e-01  -4.8547479e-01  -3.8745868e-01   3.5117432e-01  -3.0034602e-01  -1.6929581e-01  -3.6043511e-01  -1.7647608e-02   1.4742334e-01  -7.8756947e-02  -6.1032138e-03  -7.1235157e-03   5.2389739e-02  -2.0785677e-01   8.9535620e-02  -1.6352958e-01  -2.7520842e-01  -1.6955707e-01   2.8082470e-01  -6.9558578e-02  -1.5995384e-01   7.4260795e-02   2.8356141e-01  -8.6730187e-02   3.7415747e-02  -5.0515386e-02  -1.4959920e-02  -4.5000724e-01  -2.1864186e-01  -8.2352189e-02  -9.4071758e-02  -3.2947984e-01  -2.1852075e-01   2.6558883e-01   6.6143974e-02  -2.1605124e-01  -3.7146276e-01  -1.5634556e-01  -1.1568253e-01  -3.0687114e-01   4.2907680e-02  -3.5965758e-01   3.8720999e-02  -5.9357407e-01  -4.0564924e-01   1.3784748e-01   3.9608963e-02  -8.1614142e-02  -2.5823679e-01  -4.0931793e-01  -2.3364549e-01   3.4012668e-02   5.1711421e-01   1.5520798e-01   3.4038638e-01   4.3523882e-01  -6.5233281e-02   3.1768514e-01  -9.1569267e-04  -2.0804635e-01  -1.4157594e-01  -2.5192226e-01   2.2615556e-01  -8.1917150e-02   4.6739166e-01  -1.9630345e-01   4.7631665e-03   3.9497028e-01  -9.1199401e-02  -5.4862794e-02   2.8730568e-02   2.9092269e-02   1.4201155e-01  -9.9602419e-02  -3.8314799e-01  -3.9523214e-01  -7.3522863e-02  -1.5587097e-01  -1.4439465e-01   1.6393226e-01  -3.1247059e-01   7.2942510e-02   1.2146444e-01   3.2233447e-02   3.8337842e-01  -3.2884491e-01   4.0939125e-01  -1.2326752e-01  -4.4090681e-01  -4.0371659e-01   3.6962794e-01  -7.3516373e-02  -1.5742385e-01  -4.8911711e-02   2.9441971e-03  -1.0941598e-01   1.9272074e-01   3.6571051e-01   2.4243989e-01   3.2924223e-01  -1.1876629e-02   5.3799929e-01   9.6486671e-02   2.7092843e-01  -7.2679890e-02  -1.5582095e-01  -3.5842703e-01  -1.0412090e-01   5.0847853e-02  -1.1650207e-01  -5.6759400e-02  -4.1623112e-01   5.2998752e-01   3.3365858e-01  -2.7919181e-01   2.4048349e-01  -1.7147559e-02  -3.5864062e-01   6.1351111e-02   1.7352576e-01  -8.9035224e-02  -1.6690120e-02  -1.9981906e-01  -2.5943880e-02  -1.9458366e-01   2.0333767e-01  -4.1346899e-02  -4.3058091e-02  -3.3571332e-01  -1.6826809e-01
  -2.1992531e-01   2.3093047e-02  -3.0081231e-01  -1.6303579e-01  -2.3301005e-01  -1.1501762e-01  -4.0597367e-01   0.0000000e+00   1.7912248e-02  -2.7576331e-01   2.7472541e-02  -1.6640165e-01  -1.5170061e-01  -2.6577034e-01   1.8065020e-01  -6.9875893e-02  -2.6381501e-01  -1.2704054e-01   3.3539714e-01  -4.0282675e-01  -1.9100405e-01  -2.3526039e-01  -3.5926554e-01   2.4688102e-01   4.2767780e-02   6.1003477e-01  -6.0328746e-02   1.5722608e-01  -3.6120051e-02  -1.8876805e-01   2.2030296e-01   1.8709924e-01   2.1878147e-01  -4.5221222e-02  -1.1247347e-01  -2.6964258e-01  -4.0961703e-02   2.9461665e-02   1.9770745e-01  -1.2680483e-01  -1.0114677e-01   2.8247646e-01  -2.2985323e-01   3.5076564e-01  -2.8715607e-01   1.6315213e-01  -1.7661785e-01  -9.8017181e-02   1.5110540e-02   1.4694381e-02  -2.7392859e-01   7.3820316e-01   2.6409892e-01  -9.0311204e-03   8.3184785e-02   4.7555080e-02   4.2600892e-01  -9.3814148e-02   1.0480736e-01  -2.1922847e-01  -6.6744621e-02  -3.9960656e-02  -8.3896739e-02   3.6607603e-01  -1.8163669e-01  -1.9176081e-01   1.9702456e-01  -3.3799733e-01  -4.4614128e-02   1.2597983e-01   9.0025785e-02  -3.3977934e-01  -1.8301782e-01  -5.4729444e-02   7.1913501e-02   3.3468558e-01   3.1414918e-02   3.5019964e-01  -1.8491690e-01  -1.1926263e-01   4.3554866e-02  -2.5312970e-01   4.0438293e-01   7.2690076e-01   1.1830939e-01   3.0460012e-01   1.3803460e-01   4.8312534e-02  -6.0225889e-02   2.0514093e-01   7.5435247e-02   2.3980439e-02   2.6891939e-02  -3.5821186e-01  -1.4390407e-02  -6.1616583e-02   5.3036389e-02   3.7811096e-01  -2.3384678e-01  -4.3869335e-01   8.2794191e-02  -1.3765540e-03  -5.3887867e-02  -2.9208522e-03  -4.3701175e-01   4.5387890e-02  -8.5967033e-02   1.7640160e-01  -9.4460774e-02   7.0661217e-02   9.6850816e-02  -3.5989828e-01  -2.6635784e-01   9.5995460e-02  -1.2726991e-01  -1.0695142e-01   8.4619915e-02  -2.5824058e-01   2.1633888e-01  -3.5907762e-01   3.9309943e-01  -6.9815855e-02   9.8672409e-03  -1.8024109e-01   3.5607241e-01  -1.0761598e-01  -3.0598038e-01  -1.0496719e-01  -3.0294712e-01  -1.1608295e-01   3.0232799e-02  -2.7778115e-01   1.3394422e-01  -4.4001066e-02   2.5956792e-01   7.3858038e-01  -7.7225914e-03   3.1263339e-02   5.5041059e-01   1.1528388e-01   3.5176189e-02   1.7105546e-01   2.0321969e-01   1.5445606e-01  -3.0917231e-01  -2.5573345e-02  -9.9692442e-02   1.2237713e-01  -1.3504894e-01  -1.2614243e-01  -5.0135932e-02   5.8913216e-01   1.2706355e-01   2.8917559e-01  -2.2466348e-02   1.6957539e-01   3.4283051e-01   4.9393130e-02   6.2929615e-02  -3.0833645e-02  -1.4809102e-01   3.1292263e-01  -1.0331871e-01  -2.1296117e-01   3.8831603e-01  -1.4297941e-01   1.0091403e-01   3.5065543e-01  -1.0619608e-01   2.8460894e-01  -6.4232785e-02   2.2321772e-01  -2.2471632e-01   4.6245931e-01  -2.1588142e-01  -6.7241868e-02  -1.4279239e-01
   1.7446700e-02   4.9335151e-01  -2.5384025e-02  -2.0694414e-01   2.1483959e-01  -5.1801940e-01  -1.6652653e-01   1.7912248e-02   0.0000000e+00   8.8278021e-02   1.1133519e-01   2.8430534e-01  -3.2896314e-01  -4.1676952e-01  -2.8476075e-01  -2.3153048e-01   6.3762010e-03   3.6628591e-02  -8.9941747e-02   4.4911822e-02  -2.9959990e-01  -2.3616335e-01  -2.5768701e-02   6.0424941e-02   7.3883065e-02  -1.3025231e-02   7.7689107e-03  -2.2689655e-01   1.0357998e-01   1.2298351e-01   1.1726216e-01   1.0112175e-01  -1.9429307e-01   3.1120142e-01   3.5779683e-01   1.1277350e-02   1.4197911e-01  -1.2019239e-01  -1.5261664e-01  -4.8191904e-02  -9.5008646e-02  -2.1643517e-01   2.2759244e-01  -6.7112434e-02   4.5733633e-01   3.8038769e-01  -6.3428705e-02  -1.2695783e-01   3.3277290e-01  -1.0451171e-01  -1.1865425e-01  -4.0655969e-02   2.9906035e-01  -1.2548737e-01  -2.2748394e-01  -3.9114334e-01  -6.5913043e-02  -6.0666078e-02  -2.0979205e-02  -9.7862581e-02   1.5286152e-01  -1.6590260e-01   5.6372039e-01   3.9626708e-01   6.2522342e-01   1.7684957e-01  -3.3147707e-01   2.4391260e-01  -8.8467745e-02  -1.3067896e-01   3.1143970e-01  -7.7659150e-02   9.1847573e-02  -5.3758400e-01  -1.0457706e-01  -3.7589376e-02   1.1351543e-01  -3.3292225e-01   3.7674213e-01  -1.6988112e-01  -4.4326789e-01   1.1743893e-01   1.1534916e-03  -1.6547701e-01  -2.7798898e-01   1.0529232e-01   1.7207210e-01  -5.1606710e-02   2.3186838e-01  -5.0684496e-02   4.0001379e-01   1.0105770e-01  -4.1124294e-01   3.6497956e-01   3.8091291e-02  -4.1798911e-02  -1.1296632e-02  -9.2653642e-04   2.7502187e-01   3.2557342e-02  -3.8865102e-01   2.6194340e-01  -4.8028928e-01   1.6689869e-01  -1.4902969e-01   2.0309835e-02  -1.6781960e-02  -5.2992691e-03   3.6342597e-01  -2.8274718e-01   1.8556316e-01  -3.3215597e-01   6.2961609e-02   1.4992064e-01  -5.1068812e-01   5.9833519e-01  -2.1952852e-01   8.6574849e-02  -4.2161342e-01  -4.4081202e-02   6.5250644e-02   7.4004480e-02   9.3611098e-02   5.3270660e-01   2.3804482e-01   1.3602656e-02   1.8538256e-01  -3.8134733e-02   1.2319270e-01  -1.4102657e-01  -1.5039993e-01   3.6056657e-01   4.0440203e-01   4.6098448e-02   1.6461226e-01   1.3808901e-01  -9.9373419e-02  -4.4611887e-01  -4.5269661e-02   2.5597020e-01   1.7176660e-01  -2.6229879e-01   1.0777412e-01  -4.9315674e-01  -8.2369219e-02   2.0668624e-02  -1.8538282e-01   3.0341676e-01  -2.4776607e-01   2.9687401e-01  -2.5843551e-01  -2.5320702e-01   3.9353103e-01   4.1997058e-01   6.5208710e-02   2.4343767e-02   6.0146627e-02   5.8019919e-02   1.1482459e-04  -3.6980940e-01   5.9821980e-02   1.3769598e-01   3.5997684e-01   5.3740940e-02  -5.4758993e-02   1.4247065e-01   6.5212483e-02  -2.4755161e-01   3.0310184e-01   8.1862500e-02   2.3283542e-01   3.1469023e-02   2.7783810e-01  -2.9789355e-01  -1.7198790e-01   5.4555284e-02   2.3383693e-01
   4.8740749e-02  -3.1597617e-01  -1.0424961e-01   1.8401418e-01   8.5260692e-02   2.3508205e-01   4.0944952e-01  -2.7576331e-01   8.8278021e-02   0.0000000e+00   1.6002939e-01  -5.7099494e-02   1.4754175e-01   6.9536911e-02  -1.4070318e-01  -2.7945752e-01  -1.5399223e-01   2.6610019e-01  -2.3717310e-01   2.1850765e-01   1.3959598e-01   7.9072122e-02   3.6855075e-01  -2.8049043e-02  -1.1241459e-01  -1.0421833e-01  -2.3316733e-02  -4.1492345e-02  -8.8745162e-02   1.5632438e-01  -1.4530163e-01   2.0967218e-01  -3.8512820e-01   2.2599584e-01  -1.7106932e-02   3.4580379e-01  -4.0698841e-02  -1.7067529e-01  -2.6181300e-01  -1.5512676e-01   1.4646970e-01  -5.2902659e-01   4.5581189e-01  -1.2707557e-01   4.5248909e-01   7.4961070e-05   1.8934860e-01   2.0280373e-01  -9.3936378e-02  -4.2384897e-01   4.1976203e-01  -6.1430334e-02  -2.2724667e-01  -3.2533081e-01  -1.9444940e-02   1.4747817e-01  -5.8322817e-02   2.6478549e-01   1.6831356e-01   3.8668392e-02  -3.6871709e-02  -2.4126414e-02   1.1144818e-01  -2.2847304e-01   1.7451141e-01   6.8567882e-01  -1.2714092e-01   1.6973772e-01   5.3407426e-02   5.5915167e-02  -2.4618892e-01   3.7877568e-01   1.9128777e-01  -2.3096681e-01  -4.5261687e-01  -2.1580987e-01  -1.6702167e-01  -8.9127213e-02  -1.1533382e-02  -1.6471614e-01   6.2000766e-02   1.3726500e-02  -2.7667768e-01  -3.1509929e-01  -5.0109799e-01  -3.7895375e-02  -2.4668823e-01   1.5275117e-01  -2.8450477e-01  -1.6954834e-01  -2.0828089e-01  -1.1656051e-01   3.3300388e-01   3.0266397e-01  -1.3173539e-01  -1.3393380e-01  -2.4360590e-01  -1.0808541e-03   1.4217651e-01   4.0267336e-01  -1.8903337e-01   2.5188196e-01   1.1548675e-01  -2.6681225e-01   3.2331334e-01   6.7174969e-02  -2.2358181e-01   2.8189228e-03   1.6059466e-02   2.1550906e-01  -3.1350002e-02   3.0499077e-01   1.4495939e-01   3.8565713e-02  -2.3401811e-03   1.0447344e-01   7.5271388e-02   2.4240348e-01  -1.5352605e-01   2.9425002e-01  -1.0470943e-01  -2.7732914e-02  -3.5650257e-01   1.2994291e-01  -8.7749457e-02  -6.6949305e-02   3.9577186e-01  -2.5858724e-01   3.4725152e-01  -2.1342742e-01  -1.6132911e-01   4.5352278e-01  -2.5100909e-01   2.5842497e-01   9.3128681e-02  -3.3905754e-01  -4.0203189e-01  -1.8714556e-02  -1.7107547e-01  -1.3941481e-01  -2.0547584e-02  -1.5246522e-01   9.4193691e-02  -1.7477378e-01   2.6811685e-01   9.4577196e-02  -1.1205708e-01   2.0315554e-01   5.2703875e-01   7.3380561e-02  -8.9134630e-02  -1.7939829e-01   2.5836580e-02  -1.1527723e-01  -2.0131921e-01  -8.1343096e-02  -8.4134371e-02   2.1747461e-01  -1.7370052e-01   2.2163069e-01   2.1260463e-01  -1.4033688e-01   5.2416620e-01   2.7422858e-01  -1.7140139e-01   7.3999083e-02   1.5463998e-01  -1.6048036e-01   1.8959316e-01   4.0762701e-02   2.9722179e-01  -3.2493832e-01   3.7429245e-01  -1.2293422e-01   4.4732144e-02  -2.5248266e-01   7.7712149e-02
  -6.2294306e-02  -2.3497936e-01  -3.1725498e-01   2.2100410e-01   1.5047478e-02  -3.4765557e-03  -2.6315051e-02   2.7472541e-02   1.1133519e-01   1.6002939e-01   0.0000000e+00  -3.1236220e-01   1.3982027e-01  -8.8494917e-02   3.0077832e-01  -1.0839862e-01  -2.8786147e-01   5.9841290e-01  -1.6013692e-01  -1.5200592e-01   3.7760062e-01  -1.4886499e-01   3.5383951e-01   1.0896750e-01  -8.5906295e-02   4.6479283e-02  -3.3912880e-03  -1.1763461e-01   3.4421020e-02   4.2540803e-01   3.4628229e-01   2.7070028e-01  -8.7306005e-02   1.8895460e-01   4.7767822e-02   2.9969934e-01   6.2123747e-02  -1.6491137e-01   2.0015325e-01  -3.2452928e-01   3.2824354e-01  -2.2478513e-01   2.6778035e-01   3.3749080e-01   3.2540939e-01  -8.0671033e-03   4.9430441e-01   3.7872628e-01   2.8942971e-01  -3.6973025e-01   5.2104656e-01  -4.1996423e-02   9.5498696e-02  -2.5257338e-01   1.5946422e-01   1.9844892e-01   1.1896996e-02   3.0339276e-02   4.2449980e-01  -1.3152023e-01   1.2700270e-02  -2.3181857e-01   1.3741340e-02   2.0933256e-01   3.9968811e-01   7.6791854e-02  -5.4552723e-02   1.1736985e-01   4.7213139e-01  -2.3753913e-01  -1.2446679e-01   1.3248573e-02   5.0620841e-01  -3.1035140e-01  -1.5477101e-01   1.6355004e-01  -1.9231031e-02  -6.9355804e-02  -9.0962584e-02   1.4490976e-01  -2.1897993e-01   2.0908382e-01   6.0003202e-02  -3.8696218e-02  -3.4675754e-01   1.6549947e-01   2.4511152e-01   1.2916887e-01  -3.5182969e-01  -3.5350400e-02   8.1583665e-02  -1.3578403e-01   6.0461351e-02   4.0507137e-01  -1.7282479e-01  -2.5811797e-01  -8.9960584e-02   1.9063738e-01   7.4137946e-02   2.2017308e-01  -3.0155521e-03   4.6872263e-01  -5.3629405e-02  -1.6658599e-02   1.7052296e-01   1.0289301e-01  -1.1918957e-01   2.8892171e-01   1.8518383e-02   1.6548640e-01  -1.7986815e-01   9.5315064e-02  -2.5261969e-02  -4.8299239e-02  -1.4693917e-01   8.9955570e-02  -3.9010139e-02   4.0801252e-01  -2.0637612e-01   6.8400808e-02  -5.6461047e-02  -1.8402478e-01  -4.1239223e-01   4.7479509e-01  -2.4715829e-02  -4.0138182e-02   4.7946673e-01  -4.6094989e-02   2.6208381e-02  -3.6394819e-01   1.4615943e-01   3.6597057e-01   3.4292109e-02   4.8676165e-01   1.0127319e-01   3.8413626e-02  -1.6325486e-01   6.8103824e-02   3.8570576e-02  -7.6792087e-02  -2.8994259e-02  -5.5094390e-02   5.6244142e-01  -2.8274918e-01   3.5237053e-01   4.3465658e-01  -3.0703097e-01   5.3307151e-01   2.0784066e-01   2.7312011e-01  -1.0572519e-01  -1.1311121e-01   5.6318171e-02   3.8412201e-01  -3.7164552e-01  -8.4772120e-02  -1.6006841e-01   4.1549224e-01  -1.9291052e-01  -1.7164046e-02  -1.5211598e-02   6.2368125e-01   2.5559132e-01   4.1568288e-01   3.2762038e-02  -2.7382134e-01   1.7241920e-01  -1.5169406e-01  -3.4379142e-02   5.0473253e-02  -2.7135775e-01  -1.3732123e-01   4.4940275e-01  -8.1812852e-02  -9.4589379e-02   4.3316298e-02   2.7309599e-03
  -3.3333441e-01   7.0171639e-01   4.2038261e-01  -4.2431681e-01   3.4801751e-01  -3.7490565e-01  -3.3384330e-02  -1.6640165e-01   2.8430534e-01  -5.7099494e-02  -3.1236220e-01   0.0000000e+00  -3.7440029e-01  -4.6296486e-01  -5.5000276e-01   2.1094316e-01   4.8090800e-01  -5.0347460e-01   1.5234689e-02   3.8440748e-01  -3.3281352e-01  -3.2002684e-01  -9.3724785e-02  -3.4514667e-01  -5.7950637e-02  -4.9032933e-02  -1.2993503e-01  -4.1050611e-01   5.1270270e-02  -5.0897049e-01  -1.4192379e-01  -3.3598642e-01  -1.5520007e-02   3.1900067e-01   2.7753640e-01  -7.6687486e-02   4.2216912e-01  -5.1518361e-02   3.4392307e-02   5.5972199e-01  -2.7650816e-01   1.5325090e-01  -3.1736881e-02  -2.3901553e-02   1.5969524e-01  -1.7819585e-01  -4.3024362e-01  -2.3146428e-01   9.0324151e-02   5.5527812e-01  -4.8577850e-01   2.7131819e-02   4.0874905e-01   3.3399410e-01  -1.6699895e-01  -1.6890547e-01  -1.6497219e-01  -2.4354656e-01  -4.7220943e-01   3.2048966e-01   6.4844362e-02   1.2027825e-02   3.2331587e-01   2.9157589e-01   8.9921845e-02   1.5411590e-01  -2.2993841e-01   1.8624558e-01  -5.5120208e-01  -9.1871450e-03   5.6971953e-01  -1.1568731e-01  -6.8685916e-02  -3.5629075e-02   3.1129883e-01  -3.1794122e-01   1.9006422e-01  -1.1717455e-01   5.8100839e-01  -1.7551113e-01  -2.9078177e-01   2.0495404e-01   2.9714559e-01  -9.5644278e-02   3.1789429e-01  -4.1803739e-01  -1.1357553e-01  -2.9340714e-01   5.2142441e-01  -4.1007182e-01   3.6513744e-01   2.9823409e-01   4.7713285e-02  -1.0196497e-01   1.5198189e-01   4.6102258e-01   9.0745745e-02  -1.7565677e-01   2.9972398e-02  -9.1651261e-02  -2.2025922e-01   1.3517070e-01  -3.9320817e-01  -1.0379420e-01  -3.6053705e-01  -2.0323233e-01   3.0745626e-01  -3.1061418e-01   5.2171158e-01  -4.5370571e-01   7.7046687e-01  -4.5346882e-01   2.9969793e-02  -3.4486671e-01  -3.4047736e-01   5.0004569e-01  -1.1610709e-01  -1.7281466e-01  -3.9492608e-01  -1.8284336e-01  -2.1148183e-01   3.1313005e-01   5.4240592e-01   2.0297265e-01  -2.4673739e-01   7.9796013e-02  -2.5700544e-01   1.9501491e-01  -1.8526964e-01   2.9860429e-01   3.3697311e-02   3.0524262e-01   2.2614177e-01  -3.3179109e-01  -6.2225269e-02  -1.1049250e-01   1.7661039e-01  -4.2081734e-01  -4.2997423e-01  -2.2224776e-01  -1.6952386e-01  -5.8521031e-02  -3.5740706e-01  -2.7124155e-01  -4.3093002e-01  -4.5717559e-01   4.1312634e-01  -3.7952424e-01  -4.3086735e-01   1.5373361e-01  -2.3789542e-01  -1.8952444e-01   2.0437506e-01   2.8802712e-01   4.1141416e-01  -3.1991116e-01  -2.1345392e-01  -4.0584275e-01   2.1327783e-01  -3.4159421e-01  -1.2706463e-01  -2.9092839e-01   5.9353152e-02  -4.4865898e-01  -1.3002389e-01   6.5906649e-01   3.4688938e-01  -9.6228593e-02   2.3323759e-01   2.3364580e-01   4.7282115e-01  -4.1576370e-02  -3.1973873e-01  -3.8941314e-01  -2.9485517e-01   3.2609208e-01  -1.2025320e-01
   1.5294312e-01  -5.3731478e-01  -5.3081226e-02   3.4791208e-01   2.5967088e-02   3.9832215e-01   1.3292913e-01  -1.5170061e-01  -3.2896314e-01   1.4754175e-01   1.3982027e-01  -3.7440029e-01   0.0000000e+00   1.7967191e-01   1.3116274e-01   8.8566327e-03  -1.5905887e-01   2.6788929e-01  -3.5596167e-02   9.2875797e-02   1.4912353e-01   3.0258197e-01   1.5857239e-01   2.3955461e-01  -5.1588293e-02  -8.2159006e-02   1.9643850e-01   2.2471175e-01  -2.7402694e-02   2.8130499e-01  -2.8329895e-01   2.3880168e-01  -9.0281398e-02  -4.1165631e-01  -1.1314460e-01   2.7963699e-01  -8.9515554e-02   9.2447854e-02   1.9563904e-02  -1.4000586e-01   7.5783291e-01  -1.0631328e-01   1.6667324e-01  -2.2200220e-01  -5.0474320e-02  -1.2039985e-02   3.6444243e-01   5.8690497e-02  -1.7684893e-01  -1.9067965e-01   3.9552008e-01  -2.5218658e-01  -4.6573422e-01  -9.8828228e-02  -5.0638476e-02   2.4440941e-01  -6.4323401e-03   1.3154080e-01   4.9568061e-01   3.7551894e-02  -8.8472387e-02  -3.1649630e-03  -2.3454708e-01  -5.0793407e-01  -1.2017444e-01   1.1468328e-03   2.0418554e-01   8.0640311e-02   4.3892657e-01  -9.4483388e-02  -4.8102084e-01   3.5655247e-01   2.8427299e-01   1.3675242e-01  -1.5336461e-01   1.2111294e-01  -2.0026439e-01   5.4461546e-03  -2.3650676e-01   5.2456407e-01   1.0474851e-01   6.0254508e-02  -3.7004528e-01  -1.9376078e-01  -2.9351998e-01   7.7855330e-02  -1.3696425e-01   9.9156424e-02  -1.8649325e-01   1.8019672e-01  -3.0865380e-01  -2.0626431e-01   1.1996855e-01   1.4779862e-01  -5.4394299e-02  -3.6441817e-03   2.6623024e-01   1.3554039e-01   2.2805045e-01   1.8479853e-01  -1.2607580e-01   1.5278982e-02   2.8575666e-02   3.2778099e-02   4.3860722e-01   1.1875893e-01  -8.3525645e-02   3.6374977e-01  -2.6213655e-01   9.6283706e-02  -4.7243802e-01   4.2008403e-01   1.9490889e-01   1.5158137e-01   1.4276790e-01  -3.1869542e-01   2.9612085e-01   5.9278588e-01   5.7113130e-02   2.7101154e-01   1.3089531e-01  -4.7537480e-02  -2.9119791e-01  -2.5162649e-01  -1.4754572e-02   1.5848685e-01   3.0470968e-01  -1.7712655e-02   1.9974659e-01  -2.4566529e-01   2.2619968e-01  -7.5238541e-02  -2.4461184e-01  -1.2074008e-02   9.2111405e-04  -1.8915394e-01   2.3016208e-01   1.1356491e-01  -2.7879426e-02   2.0682970e-01   1.1389411e-01   1.0883509e-01   3.8433763e-01   9.2185352e-02   2.1875682e-01  -5.9301637e-03  -2.8490944e-01   4.8142489e-03   3.8874667e-01  -9.9308498e-02   1.6615670e-01  -9.7366224e-02  -1.2257838e-01  -2.9569906e-01  -2.1664633e-01   1.9906048e-01   4.4745046e-02   5.8754861e-01  -7.8212181e-02  -2.0162487e-02  -2.1665187e-02  -1.2827181e-02  -7.5703669e-02   3.8656798e-01   2.5655991e-02  -2.9032528e-01  -2.0294933e-01  -1.4662630e-02   1.3526137e-01  -3.7497041e-01  -1.2245941e-01  -1.8033712e-01   2.3473488e-01   4.7055001e-03   3.2471906e-01  -8.5458834e-03   2.2694943e-01
   5.1865456e-01  -4.9977149e-01  -1.1749742e-01   3.1950910e-01  -3.4358520e-01   4.3913351e-01   2.6250748e-01  -2.6577034e-01  -4.1676952e-01   6.9536911e-02  -8.8494917e-02  -4.6296486e-01   1.7967191e-01   0.0000000e+00   2.1122440e-01  -6.0059522e-02  -9.6860438e-02   7.5976944e-02  -1.4598559e-01  -9.6191162e-02   4.2388914e-01   5.4354430e-01   1.7904959e-01   1.3784564e-01  -3.5083880e-02  -1.8520082e-01   4.9391872e-03   4.0855033e-01  -1.6260195e-01   2.4332939e-01  -1.6555137e-01  -3.3409803e-02   1.2559047e-02  -3.5912615e-01  -2.0996190e-01  -2.3763778e-02  -3.2712542e-01  -1.4259893e-02  -1.4746357e-01  -2.8000887e-01  -1.0710944e-02  -1.4504173e-01  -2.8045005e-02  -1.2672231e-01  -2.3918561e-01  -1.1545150e-01   2.7051255e-01   2.2303730e-01  -1.6454213e-01  -2.7914082e-01   2.8050425e-01  -2.5909894e-01  -4.7013191e-01  -1.6256069e-01   3.3593402e-01   9.7743303e-02   9.0783723e-03   3.3606869e-01   4.3029365e-02  -8.5521763e-02  -6.7464158e-02   5.4664809e-02  -4.4093537e-01  -5.2493198e-01  -3.0184329e-01  -1.7590796e-01   1.6649239e-01  -1.1485653e-01   1.8833152e-01   1.3258960e-02  -4.0029697e-01   2.7648729e-01  -1.2125422e-01   4.4065199e-01  -1.9092086e-01  -5.3731256e-02  -2.2869104e-01   3.6557159e-02  -4.2521344e-01  -4.5813231e-02   5.4717271e-01  -6.7533953e-03  -3.2569603e-01  -1.7016806e-01   2.9566018e-02  -8.3915986e-02   1.4251721e-01   3.9714828e-01  -3.3035789e-01   2.8443817e-01  -4.5310490e-01  -1.0328720e-01   2.6359940e-02   9.4237689e-02  -1.3967708e-01  -3.0603760e-01  -1.2692771e-01  -1.9173067e-01  -2.4943202e-01   2.6450459e-01   4.4450234e-01  -4.1222823e-01   6.8001908e-01   4.1916379e-02   3.8639005e-01   1.8695064e-01  -4.8084187e-02  -5.2005588e-02  -4.4728704e-01   2.9296269e-01  -5.3349802e-01   5.5603088e-01   7.2637554e-02   2.3848224e-01   6.6109106e-01  -5.3074926e-01   5.2287832e-02  -1.0978874e-01   3.6945668e-01   4.1617285e-01  -9.6183013e-02  -2.9086537e-01  -2.8783193e-01  -2.8461161e-01  -2.8046025e-02   2.0207104e-01   9.9321582e-02  -1.3543853e-01   3.0591262e-01   5.1827243e-04  -2.2662193e-01  -3.8998449e-01  -1.6519103e-01   9.9872342e-02  -9.6323682e-02  -2.8184616e-01  -2.2884542e-01   5.6503938e-01  -4.0946484e-02   8.2945354e-02   1.8272808e-01   2.2337588e-02  -1.9279127e-01   3.2533554e-01   3.9235537e-01   3.0559189e-01   1.0993663e-02  -1.4731138e-01   2.8639678e-01  -2.3156621e-01   3.5656931e-01   1.3567378e-01  -2.9618374e-01  -4.0171572e-01  -2.6531575e-01   5.0743002e-02  -5.6980049e-03   9.9024550e-03  -1.0116307e-01   5.3289144e-01   2.0226989e-01  -1.8313674e-01  -2.2611674e-01   2.9228100e-01  -3.8511217e-02  -3.1752570e-01  -4.1255057e-01  -4.6257947e-02  -2.3119408e-01  -3.3234296e-01  -4.2777160e-01  -1.5739724e-01   1.2539425e-02   2.4612051e-01   2.6249156e-01  -2.4487140e-01   8.0655391e-02
