   0.0000000e+00  -2.5588167e-02   8.3541044e-02   3.8737268e-02  -1.1242147e-01   1.2375906e-01  -2.1400213e-01   1.3373723e-01  -1.4009967e-01  -2.9901722e-01   1.4290521e-03  -8.0056810e-02   4.7237503e-02   3.9534230e-01   2.0378547e-02   9.5753713e-02  -1.4196887e-02  -4.1001144e-02   8.8635930e-02  -2.1246228e-01   3.0789899e-04   1.4628126e-02  -2.1299018e-01   4.5659624e-01   9.2621616e-02   1.2272057e-01  -2.6683177e-01   3.1422353e-01  -2.5605852e-02   2.0171056e-02  -2.0465392e-01   7.4286152e-02  -5.6241644e-02  -2.7826676e-01   1.0319336e-01  -1.6549771e-01  -1.6002112e-01  -1.2165593e-01  -5.1344451e-02  -2.9447517e-01  -1.1185423e-01   2.2280496e-01  -2.1595887e-01   2.1904536e-01  -3.7133854e-01   2.5308286e-01   1.1298527e-01  -1.2888157e-01  -3.7420217e-01  -7.5649594e-02   2.6970487e-02   3.1199608e-01  -2.6258330e-01   3.1976639e-01   1.7404269e-01   2.6554913e-01   1.6252733e-01   5.6112573e-02   4.1952313e-02  -1.0178019e-01   3.8080512e-01  -1.6031608e-01  -1.9153477e-01  -1.0958687e-01  -3.1086775e-01  -1.2387640e-01   3.1107162e-01  -1.9973127e-02   2.1385599e-01   8.7890413e-02  -4.4097856e-02  -1.2260965e-01  -2.4477423e-01   1.3362250e-01   1.0847082e-01   1.1725821e-01  -3.2416773e-02   2.3157644e-01  -2.0530048e-01  -9.9978229e-03   9.3035083e-02  -1.5312476e-01   7.0289853e-02   7.3547616e-02   2.1688405e-02   2.5993542e-01  -1.7272367e-01   3.9008244e-01   3.4735182e-02   4.6236194e-01   2.8403932e-02   3.7516529e-01   1.2399606e-02  -4.3111801e-02   8.0028953e-02  -9.7490504e-02   3.0424883e-02   2.0336082e-01  -3.4171809e-01  -2.6805464e-01   1.2660458e-02  -1.5294512e-01   1.6118978e-01  -2.2002476e-01   1.0807482e-01   3.6905577e-02   2.6831893e-01   2.7681887e-01  -2.5146341e-01   1.1161099e-03   4.3906941e-02   1.3876797e-01  -9.5692246e-02   4.4552491e-01   2.1845960e-01  -2.6523391e-01   3.8013319e-01  -2.6056752e-01   3.5989560e-01   8.6394362e-02   2.8292071e-01   2.1467314e-02  -3.1489780e-02  -4.0143873e-01   3.3693068e-01   4.1117711e-01  -2.2582447e-01  -9.3039696e-03   1.7862039e-02  -1.4776366e-02  -1.1603719e-01  -3.5485542e-01   3.5426377e-01  -2.9270005e-01  -1.3253217e-01   2.0302809e-01   1.2085738e-01   4.8093598e-02   2.0089100e-01   3.9511850e-02   3.5629067e-01   5.3545302e-02   1.1486258e-01   1.4064135e-01  -2.4422917e-01  -1.2338814e-01  -2.3246907e-01  -4.2321012e-02   3.3419816e-02  -2.2881571e-01   1.3649678e-01  -1.3721906e-02   2.8092755e-01  -1.5563738e-01  -2.4491617e-02   3.1097102e-01   1.7440904e-01  -3.0815624e-02   3.7558982e-01   9.1054848e-02   3.1698501e-03   1.4058411e-01  -1.9569422e-01   1.8311709e-03   1.8941856e-01  -9.0913843e-02  -1.2795276e-01   1.2809231e-01   4.5748705e-01  -8.4434853e-02  -1.2090063e-01  -1.1514413e-01  -1.9810145e-01   1.8691996e-01   6.8629859e-02   6.8723181e-02   2.9493180e-02
  -2.5588167e-02   0.0000000e+00   3.7978633e-01  -5.2678180e-01   4.9043315e-01  -3.0335890e-01  -1.9425274e-01  -2.2052576e-01   4.9230383e-01   1.0864872e-01  -4.1507549e-01   8.2850278e-01  -2.1032655e-01  -2.7371203e-01  -5.2375254e-01  -2.5551328e-01   4.8958727e-01  -4.3675540e-01   1.4895387e-02   3.6345019e-01  -5.2966710e-01  -6.7415919e-01  -3.1545762e-01  -2.1144714e-01   6.4730706e-02  -7.4310202e-02   3.1437508e-01  -2.7914710e-01   2.7729350e-01  -4.4262985e-02  -1.3102531e-01  -5.8398430e-01  -1.2270673e-01   3.9641548e-01   3.0829963e-01   1.1824673e-01  -1.0913281e-01   8.3045065e-02  -3.0761998e-02   4.8217565e-01  -2.3512591e-01   6.2334292e-02   9.3399521e-02  -3.1572469e-01   4.4767084e-02  -8.3859526e-02  -4.7016387e-01  -3.6436351e-02  -4.2435927e-02   5.2410331e-01  -5.4003220e-01  -2.9404234e-01   6.1877305e-01   9.7337553e-02  -2.9219298e-01  -4.5801184e-01  -1.2745477e-01  -6.1016373e-01  -4.0259478e-01  -6.2765453e-02  -1.2532221e-01   2.4195926e-01   6.5328073e-01   1.8981189e-02   5.4441599e-01  -8.7244321e-02  -3.2830564e-01   2.7628013e-01  -4.9289810e-01  -1.1538475e-01   7.0512807e-01  -5.1004669e-01   2.5983864e-01  -1.3040406e-01   2.9842147e-01  -4.7613811e-01   2.3916980e-01  -2.4099252e-01   6.6375822e-01  -5.9388900e-03  -4.3361618e-01   5.8172097e-02  -1.7101220e-01  -2.3493221e-02   2.2762282e-01  -3.8967549e-01   3.6548720e-01  -2.6369138e-01   7.0936506e-01  -1.8004250e-01   5.7448894e-01   7.4927006e-02   5.1787879e-01   2.8640399e-01  -9.4232841e-03   3.6992059e-01  -2.0792432e-02  -1.5639065e-01   8.4426645e-02  -2.7402338e-01  -3.0407678e-01  -2.9198267e-01  -4.9280353e-01  -5.5820695e-03  -6.5681014e-01  -4.4251239e-01   1.8223196e-01  -3.6599362e-01  -1.6649025e-01   4.5073801e-02  -2.4635689e-02  -6.1391340e-01  -1.7427848e-02  -1.7850729e-01  -4.7081276e-01   7.3323563e-01  -4.1293224e-01   8.7141222e-02  -2.6045300e-01  -5.6622160e-01  -2.8670791e-01   5.7391147e-01   6.2567310e-01   2.8341070e-01   2.5980660e-02   2.6947515e-01  -2.3988854e-02   1.9714230e-01  -5.6265262e-01   1.9279385e-01   8.7268936e-02   8.5314175e-03  -8.0875844e-02   1.2957526e-01   8.9921636e-04  -3.0592339e-01  -2.7072104e-02  -4.0769386e-01  -5.7062933e-01   3.9917166e-02  -8.4584872e-02  -9.6732211e-02  -5.1886420e-01  -1.1407468e-01  -3.3570849e-01  -5.3745270e-01   1.6094961e-01   4.7165201e-02  -2.6186818e-01   7.9568824e-03  -2.1221191e-01  -2.4611788e-01  -8.9768373e-02   4.0772093e-01   7.1237400e-01  -7.3580691e-02  -9.7205000e-02  -4.0022634e-01   2.4978076e-02  -3.5969786e-01   3.1301289e-01  -3.1704041e-01   1.5643952e-01  -6.6983250e-01  -3.9148219e-01   7.3037684e-01   2.0196922e-03  -9.8269882e-02  -1.5156033e-02   6.5553519e-01   5.1910472e-01  -1.7941507e-02  -8.0950025e-02  -2.6062467e-01   2.0995922e-01  -4.8077143e-02  -3.9152947e-01
   8.3541044e-02   3.7978633e-01   0.0000000e+00  -4.2795465e-01   2.7900303e-01   2.3021813e-01  -2.6922262e-01  -3.0542934e-01  -1.1895290e-01  -2.9422564e-01  -3.4261314e-01   4.3107295e-01  -7.8501130e-02  -1.2504415e-01  -7.1553183e-02  -4.3629310e-02   8.7291122e-01  -3.9505683e-01  -1.6034671e-01   3.3599584e-01  -2.6631229e-01  -5.0484795e-01  -1.4528275e-01  -1.9754150e-01   7.2560608e-02  -9.0656940e-02   3.0030949e-01   7.0512258e-03   1.0703354e-01  -2.3317722e-01  -2.7532088e-01  -3.7825727e-01  -3.2208341e-04  -1.4159158e-01   3.2526325e-01   1.4889060e-02  -4.5947591e-01  -4.6678263e-01  -2.2442275e-02   5.3294578e-01  -3.4883063e-01   1.3665727e-01  -7.8480546e-02  -1.6180453e-01  -3.1664113e-01   3.7299874e-01   1.4283630e-02  -2.7922871e-01  -2.1423560e-02   6.3059643e-01  -5.2651562e-01  -1.8855277e-01  -1.1045161e-01   2.1865637e-01  -4.7018400e-02  -8.4733158e-02   1.2305843e-02  -4.5082562e-01  -4.1555003e-01   9.7886145e-02   1.4703006e-01   1.6942547e-01   1.6159115e-01  -1.6039772e-01   1.2584286e-01  -1.3438581e-01   9.1061397e-02   8.1761297e-02  -3.6082217e-02   6.1969732e-01   1.5629213e-01  -3.5438948e-01  -2.4319286e-01   3.8733232e-01   1.9871588e-01  -2.2908226e-01  -1.9446270e-01  -1.7181888e-01   1.9843008e-01  -1.7591027e-01  -1.2256889e-01  -2.0546836e-01   1.1994878e-01  -8.4915035e-02   5.3257837e-01  -2.1976331e-01  -6.5102498e-02  -1.3123535e-01   4.5430619e-01   2.1195665e-02   3.8814290e-01   3.5326624e-01   4.6008761e-01  -1.2315983e-01  -4.4044521e-01   4.2786848e-01   3.2146999e-02  -1.9741244e-01  -6.1448254e-02  -3.6938187e-01   8.0678889e-03  -2.5608599e-01  -1.4227981e-01  -8.5097492e-02  -4.2335018e-01  -4.2024191e-01   1.8314635e-01  -2.6284011e-01  -2.4932692e-01   2.8794429e-01   3.5038923e-01  -2.5931993e-01  -8.6911108e-02  -2.0791158e-01  -4.8950322e-02   6.9698423e-02  -7.7127533e-02  -1.9951476e-01   1.1814785e-01  -3.7015103e-01  -3.1396793e-01   4.5070584e-01   3.7638194e-01  -3.3697712e-02  -1.4899391e-01   5.1080725e-01  -2.9675993e-01   2.6230005e-02  -5.5063949e-01   6.3418042e-01   6.6797805e-02  -5.2595258e-01   2.4093759e-01  -3.7361325e-01  -1.6355244e-01  -2.3584146e-01  -1.0829157e-01  -1.2718564e-01  -2.9262484e-01  -2.2635537e-01  -1.3673443e-01   2.4202801e-01  -3.6064329e-01   4.8786305e-01  -2.0300333e-01  -4.3216821e-01   1.7530265e-01  -2.3510554e-02  -7.0587020e-03  -3.4005381e-01   4.0751788e-01   1.0006556e-01  -2.3313188e-01  -1.5390972e-01   7.3253006e-01  -1.8499522e-01  -2.6605659e-01  -4.3977697e-01   9.3491026e-02   3.0722721e-02   2.2801549e-02  -5.7411329e-02  -2.6378444e-01  -5.9302433e-01  -3.3833275e-01   3.6343086e-01  -5.0503532e-03   1.7325974e-02  -1.7036666e-01   2.6205525e-01   2.9670940e-01  -3.5473821e-01  -3.5788206e-01   3.6052674e-01   1.7946116e-01  -2.2877443e-02  -4.7016063e-01
   3.8737268e-02  -5.2678180e-01  -4.2795465e-01   0.0000000e+00  -4.2366608e-01   2.6138896e-01   1.3750076e-01   1.9731981e-01  -9.3793532e-02  -1.3282237e-01   1.1994356e-01  -5.9122165e-01   1.6920346e-01   4.0824017e-01   3.5594320e-01   5.8635000e-01  -3.3869808e-01   4.2146002e-01   5.4890293e-02  -4.1152838e-01   5.5317251e-01   7.3323486e-01   2.4517369e-01   9.4867739e-02   8.2303603e-02   8.2270998e-02  -3.2868244e-01   1.9189767e-01  -1.0573868e-01   3.1618460e-01   3.0689871e-01   7.0857167e-01   4.2220330e-01  -3.1397003e-01  -5.3158381e-01  -1.9281802e-01   2.8127605e-01   4.2550865e-02   4.8371886e-01  -4.0048245e-01   2.5088326e-01   1.2452342e-01  -2.7290720e-01   2.0246955e-01  -1.3039913e-03  -2.4096399e-01   1.6159530e-01   2.1519592e-03   1.7062131e-01  -3.4664076e-01   5.3777000e-01   1.5047642e-01  -4.0891659e-01   2.0001846e-02   2.8685092e-01   4.2455597e-01   1.6780547e-01   7.5550607e-01   6.1145728e-01   1.0307931e-01   6.0146171e-02  -1.6430046e-01  -2.9404199e-01   2.3945795e-02  -2.8468504e-01  -4.9264579e-02   1.4636430e-01  -2.6049509e-02   4.6452208e-01  -1.0865798e-01  -5.0160228e-01   5.6809704e-01   5.1914062e-02   1.8210932e-01  -9.3184844e-02   3.8181335e-01   1.3940649e-02   1.9444726e-01  -3.9502878e-01   2.2246015e-01   3.2584022e-01   1.7693987e-01   4.9839142e-02  -3.1853784e-02  -2.0042653e-01   4.5464415e-01   3.5871605e-03   2.2113646e-01  -4.5721416e-01   1.9176272e-01  -3.9595681e-01  -1.0915144e-01  -4.8679284e-01  -1.5732050e-01   8.5287894e-03  -4.4787209e-01   2.4769882e-01   2.6656358e-01   5.4037439e-02   1.8310003e-01   2.5763693e-01  -4.5867572e-02   4.7031358e-01   2.9189578e-01   6.8184628e-01   6.9503037e-01   1.4987484e-01   4.7041822e-01   2.6193419e-01  -1.4787529e-01  -1.2981566e-01   6.6926941e-01   3.5887020e-01  -3.2365619e-02   3.7004637e-01  -3.2550865e-01   3.2656078e-01   1.4632764e-01   4.2361151e-02   7.6013539e-01   2.8862589e-01  -5.1815798e-01  -4.2078185e-01  -5.2153051e-02  -7.6193602e-02  -3.1363229e-01  -3.6014906e-02   4.1573387e-02   7.5337808e-01  -3.2919551e-01   1.6977571e-01   1.0122154e-02   2.9053691e-01  -4.9404326e-02   2.2578155e-03   3.1487504e-01   2.8138110e-01   3.2106280e-01   4.8670345e-01  -5.6663023e-03   2.3881753e-02   9.1958221e-03   5.5008436e-01  -4.3305396e-02   2.5557519e-01   4.9273087e-01  -2.2612600e-01  -3.1615887e-01   4.5955527e-02   2.0311205e-01  -8.4098251e-03   5.8654946e-02   2.2250271e-01  -2.5766075e-01  -6.6350947e-01   5.9405477e-03   2.0816013e-01   4.0987149e-01   6.2779058e-03   2.6730533e-01  -9.0970028e-02   1.1528705e-01  -2.0133155e-01   6.0426246e-01   7.1298076e-01  -5.4876474e-01  -3.2528035e-01   1.6218712e-01   9.6800655e-02  -3.7854338e-01  -4.6104090e-01   5.0085560e-02   1.8896325e-01   1.5792537e-01  -7.2611455e-02   1.9200535e-01   6.6839307e-01
  -1.1242147e-01   4.9043315e-01   2.7900303e-01  -4.2366608e-01   0.0000000e+00  -2.5872716e-01  -4.4071098e-01  -1.6240345e-01   5.6955618e-01   3.8601258e-04   2.4445596e-02   4.7991109e-01   1.9403236e-01  -6.0346144e-01  -5.2286390e-01  -2.3511924e-01   2.9174603e-01  -1.6155068e-01   1.2562982e-03   8.1103828e-01  -6.0183481e-01  -5.1247292e-01  -4.3580222e-01  -4.1898772e-02  -1.4048329e-01  -1.5535197e-01   4.2751758e-01  -4.6456580e-01   2.2596310e-01  -9.3475124e-02  -3.7456218e-01  -3.6587243e-01  -1.1178463e-01   1.2331015e-01   4.9537909e-01   5.3265977e-01   1.9419657e-02  -1.0482217e-02  -1.2055922e-01   3.1226740e-01   8.2827857e-02   4.1659254e-02   3.6697003e-01  -4.5909301e-01   2.4762104e-01  -2.7237968e-02   7.2742712e-02  -3.5347098e-01   1.5608977e-01   2.9891784e-01  -2.9771144e-01  -2.6068591e-01   2.7747793e-01   4.7546555e-02  -5.1212196e-01  -6.0844926e-01  -2.0965219e-01  -4.1724197e-01  -2.1217829e-01   5.7113570e-02  -8.7782294e-03   5.1250617e-01   5.4645949e-01   8.1382796e-02   7.5070951e-01   6.3743812e-02  -2.0542272e-01   2.6769406e-01  -1.6134294e-01  -2.6707273e-01   1.6037399e-01  -1.1631070e-01   1.9725656e-01  -4.1171848e-01   1.7443932e-01  -3.9232239e-01   8.4975496e-03  -2.7906780e-01   7.8257711e-01   1.4096283e-01  -6.0134474e-01   9.4166404e-02  -4.0996077e-01  -1.6573678e-01  -1.3257874e-01  -3.5335428e-01   8.5834122e-02  -2.1749933e-01   6.1535408e-01  -8.0088790e-02   6.7836611e-01   2.3949293e-02   3.5495221e-01   4.5946760e-01   6.7988040e-03   7.9685004e-01   5.5436813e-02  -1.0246623e-01   4.4719756e-01  -4.3234940e-02  -5.9900370e-01  -2.2208206e-01  -6.4998215e-01   7.3072614e-02  -3.1342717e-01  -2.7307148e-01  -3.7853210e-02  -3.6762108e-02  -5.9045420e-02   8.0146700e-02  -2.7348717e-01  -5.6068742e-01   1.5611978e-01   1.9183345e-02  -6.0285642e-01   5.7436519e-01  -4.7598763e-01   1.7664070e-01  -4.1124324e-01  -4.9336855e-01  -4.6036032e-02   7.3748915e-01   4.8998306e-01   2.9369181e-01   1.2467857e-01   1.9641846e-01   2.2149737e-01  -4.3026839e-03  -2.6406308e-01  -1.6047581e-01   8.6414930e-02   5.0496019e-02  -4.6008695e-01  -8.8668996e-02   3.1121813e-01  -1.6876566e-01   1.2337855e-01  -6.4361922e-01  -3.5892389e-01   2.4895747e-02  -5.0791116e-02   1.5691780e-01  -1.9978109e-01  -3.0773510e-01  -3.5070333e-01  -5.5352663e-01  -1.3768065e-01   4.3446716e-01   4.2046864e-02  -4.7912563e-03  -3.2701643e-01  -4.5337740e-01   1.2867042e-01   4.7604040e-01   5.0542302e-01  -4.9258954e-02  -1.4788283e-02  -1.0583789e-01  -3.1678765e-02  -4.9973168e-01   1.9285539e-01  -6.1564611e-02   1.5417678e-01  -3.2352464e-01  -2.0547007e-01   5.4726532e-01   3.2473500e-01  -2.5848863e-01   1.8649821e-01   4.5414935e-01   7.0661900e-01  -1.9967757e-02   2.8475908e-01  -2.9013571e-01   1.1141144e-01  -3.6733328e-02  -1.6758950e-01
   1.2375906e-01  -3.0335890e-01   2.3021813e-01   2.6138896e-01  -2.5872716e-01   0.0000000e+00   3.2432493e-01  -1.1179793e-01  -3.8060131e-01  -1.3807863e-01   2.5925711e-02  -2.7755925e-01  -5.2704041e-02   2.9542367e-01   3.2856552e-01   2.7549752e-01   1.6081275e-01   1.5676299e-01  -1.2601862e-01  -1.2011624e-01   3.7099259e-01   2.0139745e-01   1.9615209e-01  -7.7509961e-02  -2.4897976e-03  -5.0060494e-02   1.3261943e-01   2.9484612e-01  -1.6374626e-01   6.8958064e-02  -1.4415969e-01   1.3165322e-01   6.4020246e-02  -1.8619600e-01  -2.7098757e-01   7.4118973e-02  -7.9683579e-02  -5.1865638e-01  -3.1427893e-02   1.3345832e-01  -1.4124291e-01  -9.2863208e-02  -1.9078901e-01   1.9645276e-02  -8.8024623e-02   3.5467809e-01   3.5860802e-01   1.2510392e-01  -1.6880321e-01  -6.0435733e-02   3.4207539e-01  -5.7383224e-02  -3.8310183e-01   6.7207203e-02   1.9449195e-01   4.0520328e-01   3.9786857e-01   2.6192001e-01  -1.1710505e-01   2.0097113e-01   1.3969533e-02  -5.7021483e-02  -3.1686066e-01  -4.1964677e-01  -4.6449730e-01   2.5837709e-01   7.6948061e-01  -5.6174914e-02   5.6723399e-01   6.3917150e-01  -1.9270421e-01   1.7825153e-01  -3.0133812e-01   6.0297877e-01  -1.3919842e-01  -1.1909670e-03  -3.7906019e-01   4.8808323e-02  -5.1994295e-01  -1.9735308e-01   4.1610485e-01  -1.4409601e-01   3.0183077e-01  -7.7202298e-02   1.7201689e-01   1.1684029e-01  -2.3763090e-01   1.9442233e-01  -2.6080733e-01   8.6060287e-02  -3.6262277e-01   4.0229373e-02   6.5879949e-02  -4.3945616e-01  -4.6009675e-01  -1.2563872e-01  -8.0963048e-02  -5.9729348e-02  -3.8586342e-02  -5.9930310e-03   3.3659963e-01  -1.7727879e-02   2.8125944e-01   6.4984271e-03   3.3041846e-01   1.3056916e-02  -2.4686429e-03   2.5958192e-01  -3.4908223e-03   3.4117381e-01   3.8563000e-01   5.3145850e-01  -1.4040944e-01  -7.6538331e-02   4.9499431e-01  -4.9664151e-01   2.4994036e-01  -1.0192623e-01   3.7282463e-01   3.1047316e-01  -1.4968502e-01  -3.3330357e-01  -3.6362528e-01  -3.8073309e-01  -2.0316400e-01   3.5617146e-03  -8.9216982e-02  -3.0839025e-01  -1.7373571e-02   3.7699548e-01   3.2535319e-03  -2.4812976e-01   5.1424537e-01  -3.2517984e-01  -2.3888643e-01  -4.6556867e-02  -2.7174166e-01   3.1971392e-01   8.7383705e-02  -1.2868644e-01   7.7791728e-02  -3.1743340e-02   1.9883087e-01   6.7596116e-01   7.5876637e-02   1.3947222e-01   1.2151671e-01  -1.4999344e-01   3.9354686e-01  -2.5607589e-01   3.5129807e-01   1.1640921e-01  -6.9092854e-02  -4.8445243e-01  -1.5514773e-01  -3.8645605e-01  -1.5845786e-01  -1.1727761e-01  -2.1752820e-01   2.8408167e-01  -5.6030375e-02   1.6161665e-02  -2.8588071e-01   8.1069685e-02   2.8179986e-01  -3.9186091e-01  -2.2720103e-01   1.9523997e-01  -2.5366631e-01  -3.1318840e-01  -3.6385984e-01  -4.5619223e-01  -8.5259469e-02   7.0380415e-01  -1.9326349e-02   1.7686744e-02   9.6872256e-02
  -2.1400213e-01  -1.9425274e-01  -2.6922262e-01   1.3750076e-01  -4.4071098e-01   3.2432493e-01   0.0000000e+00  -1.4528900e-01  -2.1155086e-01   4.8611876e-01   1.2658507e-01  -7.9097414e-02  -3.4479470e-01   1.5980506e-01   3.8359694e-01   1.6755183e-02  -2.9277771e-01   1.1729099e-01  -2.1741908e-01  -2.8205954e-01   3.5721748e-01   2.3076355e-01   5.4577917e-01  -1.0703370e-01  -5.6407808e-02  -4.9720610e-02  -5.5308324e-02   2.0260592e-01  -2.4801173e-02   1.1951810e-02   2.8397285e-01   7.7405997e-02  -1.6243344e-01   5.2264524e-01  -4.8252211e-01   1.4498580e-01   5.9567230e-02   9.9801863e-02  -1.4380113e-01   1.0471668e-01  -1.2014010e-01  -3.6604297e-01  -6.8535005e-02   3.3906662e-02   3.4460142e-01   4.3548887e-04  -9.8114707e-02   5.0029185e-01  -1.5722318e-01  -2.2322984e-01   5.2586264e-01  -5.7056895e-02   1.5330553e-01  -3.8302171e-01   1.4660598e-01   3.3491038e-01   3.3460105e-02   2.0314181e-01  -3.1417176e-02  -2.7427010e-02  -2.0374830e-01  -3.1353534e-02  -3.4124788e-01  -1.5503434e-01  -3.8859880e-01   4.2420065e-01   1.2025229e-01  -1.1322608e-01   1.0720035e-02   2.4205178e-01   1.9297559e-01   1.9128071e-01   1.5749596e-02   1.3365415e-01  -3.0402788e-01  -8.8853924e-02   6.3147856e-02   2.2825943e-02  -4.5361841e-01  -3.3732590e-01   5.7165685e-01   2.3949556e-01   2.1393223e-01  -1.2416162e-01  -3.9863434e-02   7.2839021e-02  -2.7338113e-03  -3.3341093e-02  -3.9900550e-01  -3.5583818e-01  -5.8097377e-01  -3.1430841e-01   8.3446452e-02  -3.4755767e-01  -5.0486769e-04  -4.3291400e-01  -2.7480229e-01  -2.3368217e-01  -3.7393533e-02   4.1427557e-01   3.6144707e-01   3.5708901e-01   2.5864586e-01  -1.3647026e-01   2.4676411e-01  -5.1594286e-02  -3.7564814e-01  -1.4644051e-01   3.2033950e-01  -8.2227780e-03   3.8480067e-01   4.1605491e-01  -3.0598435e-01  -2.4827932e-01   4.2606453e-01  -2.0705826e-01   1.2345705e-01   1.8948220e-01   1.2769619e-02   2.6529801e-01  -2.3699896e-01  -5.3558063e-01  -3.6638201e-01  -1.2324679e-01  -1.8348077e-01  -4.6933771e-01   2.1034097e-01  -2.1841068e-01   7.4027996e-04   6.4004105e-02  -6.3184087e-02   3.8712958e-01   2.5796203e-03   2.6730669e-01  -2.7086987e-01  -1.8078285e-01  -4.5889068e-01   4.8177880e-01  -5.3293959e-02  -5.3378139e-02  -1.4542107e-01  -4.5583935e-01   7.2584060e-02   1.7077674e-01   5.0671327e-01   4.1760738e-01   6.1160424e-01  -2.1437185e-01   2.0408830e-01   7.1915302e-02   1.3054989e-01   3.2473349e-01  -1.3585194e-01  -2.6600275e-01  -3.2309229e-01  -1.9055054e-01  -1.2583305e-01  -3.3727543e-02  -2.8556783e-01   4.5425066e-01  -2.2398074e-02  -7.9253800e-02   1.9412054e-01   1.4095980e-01  -3.7885163e-03  -2.6536506e-01  -5.7143246e-02  -6.4031733e-02  -3.2971258e-01  -2.1912488e-01  -4.3786143e-01  -1.4027596e-01  -4.5716780e-02   4.8926409e-03  -2.4643155e-01  -2.2748558e-01  -2.2958703e-02
   1.3373723e-01  -2.2052576e-01  -3.0542934e-01   1.9731981e-01  -1.6240345e-01  -1.1179793e-01  -1.4528900e-01   0.0000000e+00   9.9105395e-02  -1.7250614e-01   2.1138583e-01  -2.7543756e-01   3.2918711e-01  -1.3269708e-01   2.3840771e-01   1.7405856e-01  -2.7254879e-01   1.0611749e-01   2.1984312e-01  -2.0875878e-01  -1.5379270e-02   3.5471041e-01  -4.0431847e-02   2.0777987e-01  -4.7800667e-02   4.7249044e-01  -3.8927156e-01   1.1586166e-01  -3.2399115e-01  -1.7009732e-01  -8.0763415e-02   3.3032046e-01  -1.0280200e-01  -1.1538049e-01   5.5160752e-02  -2.2508528e-01   1.1262600e-02   3.9274946e-02   5.4372033e-02  -3.9188517e-01   1.4865828e-01  -1.7953824e-02  -2.0320882e-02   2.3021861e-01  -8.9735438e-02  -1.4995292e-01  -3.3639145e-02  -2.9570375e-01  -3.1802632e-02  -3.6976879e-01   1.8342276e-01   6.9412208e-01  -1.0388759e-01   7.0776404e-02  -2.0368473e-02   1.1604079e-01   1.6013390e-01   3.8038993e-01   3.3768307e-01  -8.3212680e-02   4.8600831e-02  -2.9552749e-01  -1.4203911e-03   2.4648025e-01  -8.0800271e-02  -2.5052157e-01  -8.4212994e-02   7.4224878e-02   2.1791906e-02  -3.0309714e-01  -3.3255616e-01   1.0166916e-01   1.9988657e-01  -2.1677032e-01   1.0206019e-01   4.4886003e-01   3.5473200e-02   3.3505610e-01  -7.9716812e-02   2.4416328e-01   2.0955519e-01   1.3968518e-01  -2.5144658e-01   6.4680944e-01  -2.0583235e-01   3.6540425e-01  -2.6452489e-01   2.7858118e-01  -9.5496556e-02   2.7470052e-01  -8.7612451e-02   1.1585586e-01  -1.1334417e-01   3.0159057e-01   1.7746229e-01  -8.2888574e-03   3.9022494e-02   3.4615264e-01  -1.4026219e-01  -7.6087750e-03  -2.2439943e-01   2.7181707e-01  -1.9280526e-02  -4.1630226e-02   2.3624521e-01   4.0908035e-01   1.1078770e-01   3.2073063e-01   7.4129986e-02  -3.6299171e-01  -1.0811974e-01   1.2567744e-02   1.1842860e-01   2.2004313e-01   4.4316071e-02  -5.6224553e-02   9.2927763e-02  -1.3345946e-02   6.9083661e-02   2.5021363e-01   2.1280772e-01  -7.8511207e-02  -5.3188944e-02   1.2617676e-01   4.3507554e-01   6.5384628e-02   6.1980860e-02   7.7308061e-03   3.5644780e-01  -4.4137078e-01   2.5087218e-02   1.8359818e-02  -1.9790158e-01  -3.5171619e-02   3.6310891e-01   6.3452353e-01   3.8506172e-01  -8.3007391e-02   6.6002083e-01   1.6104213e-01   2.7864969e-01   1.5065518e-01   3.1244384e-01  -3.2007276e-01   1.6886376e-01  -2.9375392e-03  -2.0307837e-01  -6.8402318e-02  -1.0765251e-01   3.3463404e-02  -9.3796872e-02   2.2924648e-02   3.9511037e-01   8.4403072e-02  -2.9619067e-01   2.4853770e-01  -6.4841699e-02   3.1446109e-01   3.1680642e-01   5.0816423e-02   9.5152423e-02   1.9482069e-01  -1.6648110e-01   1.2478996e-01   3.4459228e-01  -5.5980380e-02  -4.2437018e-02   3.4303106e-01   4.1153762e-01  -4.6114688e-02  -5.4088287e-02  -4.5886133e-02   6.9883182e-02  -1.5263745e-02  -2.4107498e-02   3.1664389e-01   5.0848529e-01
  -1.4009967e-01   4.9230383e-01  -1.1895290e-01  -9.3793532e-02   5.6955618e-01  -3.8060131e-01  -2.1155086e-01   9.9105395e-02   0.0000000e+00   1.5356205e-01   9.8710641e-02   4.1162152e-01   1.7963818e-01  -4.1688819e-01  -4.5513577e-01  -1.3673031e-01  -3.3826710e-02  -4.4748125e-02   6.2832361e-02   4.4727217e-01  -5.0290978e-01  -2.3856482e-01  -4.6017151e-01  -9.3321004e-03  -5.6184101e-03  -9.9245252e-02   2.5471559e-01  -5.1998971e-01   1.1250647e-01   2.0597634e-01  -6.9649792e-02  -2.1663995e-01  -9.8848532e-02   3.7284814e-01   3.9676654e-01   3.4561655e-01   7.4361196e-02   2.2592817e-01   1.5281215e-01   1.0447892e-01   1.6436115e-01   5.7790230e-04   4.7624541e-01  -4.3992553e-01   3.2293474e-01  -2.0702234e-01  -1.7096862e-01  -1.2760047e-01  -4.6660855e-02   2.0980129e-02  -9.7337447e-02  -1.7652091e-01   5.1629819e-01   1.1020071e-02  -4.3580961e-01  -5.8086912e-01  -1.8498908e-01  -1.2940087e-01   8.1503023e-02   1.9119468e-01  -1.0095848e-01   3.1480763e-01   6.3796373e-01   3.2560274e-01   7.1132667e-01   8.3074308e-02  -3.2570008e-01   3.6808233e-01  -3.5334267e-01  -4.7662171e-01   2.1487479e-01  -4.6923703e-02   4.4736379e-01  -5.0345465e-01   1.0359072e-01  -3.0427980e-01   1.6587452e-01  -3.2497406e-01   6.7301761e-01   2.2905518e-01  -5.6832271e-01   3.0259063e-01  -4.3497192e-01  -2.3429946e-03  -3.1313964e-01  -2.9987310e-01   4.5650904e-01  -1.9143222e-01   4.5908947e-01  -1.2227631e-01   4.5184005e-01  -1.1641374e-01   1.1483711e-01   6.4216467e-01   1.9138873e-01   4.4947124e-01  -2.1075091e-02  -7.3675536e-02   3.4876640e-01  -3.0407146e-02  -5.5163223e-01  -6.2563156e-02  -5.6011918e-01   4.5153011e-01  -1.7230994e-01  -5.6815662e-02  -5.6004422e-02  -4.8789837e-02  -1.2423439e-01  -2.0896986e-01  -4.1409748e-01  -4.7353572e-01   3.0888946e-01  -2.7227557e-02  -6.0185375e-01   6.1945186e-01  -5.3504078e-01   4.5397420e-01  -4.5713546e-01  -1.8746924e-01  -8.8369025e-04   5.0610601e-01   4.1363005e-01   5.6360784e-01   1.7058109e-01   8.3462731e-02   3.5454684e-01   1.7508555e-02   7.8844361e-03  -3.4402143e-01   2.2321738e-01   3.3551387e-01  -5.2426103e-01   2.4951796e-01   5.2947332e-01  -5.6690646e-02   1.8117477e-01  -5.3074020e-01  -2.4872634e-01  -1.3095419e-02  -6.3814464e-02   2.8716884e-02  -1.2421865e-01  -4.8154235e-01  -1.1802066e-01  -3.8069452e-01  -1.5135384e-01   3.4192911e-01  -4.4324043e-02   1.5911374e-01  -5.3347461e-01  -4.1751777e-01   2.0762378e-01   6.1605414e-01   2.7154225e-01  -1.3953866e-02   2.4222152e-02   1.1296901e-01  -9.1010340e-02  -4.8403408e-01   2.4946386e-01  -1.7200769e-01   3.2846130e-01  -1.3477881e-01  -3.1202850e-02   4.3954418e-01   3.0448820e-01  -2.7435503e-01   2.3829448e-01   3.7709677e-01   5.6067412e-01   3.4942273e-02   4.9361576e-01  -3.6114477e-01   1.2123928e-01  -1.7886751e-02   1.6225017e-01
  -2.9901722e-01   1.0864872e-01  -2.9422564e-01  -1.3282237e-01   3.8601258e-04  -1.3807863e-01   4.8611876e-01  -1.7250614e-01   1.5356205e-01   0.0000000e+00  -2.2949753e-03   2.7834623e-01  -2.4099145e-01  -1.7273603e-01  -1.2282041e-03  -1.3743606e-01  -2.3535563e-01  -9.1449958e-02  -1.0727905e-01   5.4685890e-02  -4.5677617e-02  -1.3611759e-01   2.8711768e-01  -1.3766717e-01  -3.3533044e-02  -1.8278480e-01   1.8347106e-02  -3.1512887e-01   9.5867523e-02  -1.8145992e-02   2.5305849e-01  -2.1710006e-01  -2.1598475e-01   7.4451555e-01  -2.5803617e-01   2.1660104e-01   2.2318527e-01   4.2666527e-01  -4.6754480e-02   1.7103149e-01   8.9611027e-02  -3.1820122e-01   1.2462174e-01  -2.0542749e-01   6.3655890e-01  -1.6826058e-01  -3.2150984e-01   3.3854474e-01   9.5072986e-02  -3.7484455e-02   1.6621556e-01  -1.7938708e-01   4.6410723e-01  -1.3175582e-01  -8.5880996e-02  -1.8221720e-01  -2.5253053e-01  -1.0148049e-01  -1.2074331e-01  -1.7121933e-01  -1.0058912e-01   2.1360013e-01   1.0142001e-01   2.3375218e-02   5.0135155e-02   3.0363215e-01  -1.0163573e-01  -4.0495532e-02  -3.5638700e-01  -2.0954677e-01   3.6454750e-01   7.2544940e-02   3.9413195e-01  -1.9994642e-01  -2.7127765e-01  -2.2043453e-01   3.3001233e-01  -1.0800106e-01   1.0071335e-01  -2.7211176e-02  -9.4144859e-02   3.7922967e-01  -8.1400209e-02  -1.9156209e-01  -9.1027145e-02  -1.5717296e-01   1.2835690e-01  -1.3106991e-01  -8.9186502e-02  -3.9860680e-01  -1.2550744e-01  -1.7154766e-01   1.6386042e-01  -2.0810384e-02   2.6565115e-01  -1.1066341e-01  -8.7303257e-02  -2.4880680e-01   5.4802519e-02   3.2365059e-01  -1.0404095e-02   2.1735191e-01  -2.1070235e-01  -5.9145542e-02  -1.5337436e-01  -2.2214572e-01  -2.8461937e-01  -3.1324087e-01   3.9030655e-01  -7.8611031e-02   1.1699829e-01  -1.4505151e-01  -2.5131468e-01  -6.8622120e-02  -1.5031446e-01   2.6833233e-01  -1.7874389e-01   3.7118393e-01  -3.2141996e-01  -1.1389145e-01  -2.1059015e-01  -6.7878051e-02  -6.6422276e-02   1.1540918e-01  -1.5348817e-02  -3.0689341e-01   2.5250943e-01  -1.5930226e-02  -8.7631856e-02  -1.5194427e-01   1.6293164e-01   5.7001550e-01  -2.9939046e-01   5.0240562e-01   1.6123495e-02  -1.6583634e-01  -1.9160206e-01  -5.1658904e-03  -2.4887119e-01   4.1978965e-02  -7.2403754e-02  -5.4220670e-01  -2.3116251e-01  -2.7169755e-01   3.6198108e-01   8.7750534e-02   4.2401366e-01  -7.3689460e-02  -9.0245781e-02   3.0117929e-01  -1.2576690e-01  -4.7599688e-02  -1.0644447e-02   1.0509829e-01  -3.6957774e-02   2.8012156e-02  -1.6687226e-03   2.4031859e-02  -1.3813847e-01  -1.1290781e-01   1.7809851e-01  -2.2695220e-01   4.7619547e-01  -5.9556410e-02  -1.4783110e-01   1.7529175e-01   8.7030967e-02  -4.5194182e-01  -2.3933785e-01   1.2425352e-01  -3.8035591e-02   1.0886694e-01   9.5006546e-02  -2.8106203e-01  -4.3120107e-02  -1.0706665e-01  -7.2892830e-02
   1.4290521e-03  -4.1507549e-01  -3.4261314e-01   1.1994356e-01   2.4445596e-02   2.5925711e-02   1.2658507e-01   2.1138583e-01   9.8710641e-02  -2.2949753e-03   0.0000000e+00  -4.6830984e-01   1.2216069e-01  -3.3220297e-01   2.1217174e-01   8.6416762e-02  -4.7748883e-01   6.6308704e-01   6.1249111e-02   6.9280837e-02   4.7891505e-02   3.1123415e-01  -1.8117349e-01   2.1045623e-01  -3.2655416e-02   6.0174241e-02   1.6089208e-02   3.2921974e-02  -1.3992443e-01   3.3679302e-01  -1.6780861e-01   2.6943734e-01  -2.7012790e-01  -7.2511343e-03   1.8687552e-01   5.2743332e-01  -1.3382847e-01  -2.0102106e-02  -3.8019185e-02  -3.9531998e-01   1.5695749e-01  -1.9422049e-01   3.9384264e-01   1.5607328e-01   2.1447123e-01   2.7952561e-01   7.1721608e-01  -2.4695705e-02  -1.9709824e-01  -5.5585548e-01   6.2500934e-01   2.9515011e-01  -1.5702999e-01  -2.6802796e-01  -2.9738542e-01   1.5415810e-01   1.9532203e-01   3.2666990e-01   3.6322795e-01   2.9196285e-01  -2.0680165e-01   1.5179245e-01  -5.8918578e-02   3.6313395e-01  -2.1531120e-03   5.8441410e-01   8.8793672e-02   6.4964362e-02   3.7581723e-01  -1.0241676e-01  -3.2850283e-01   2.7011068e-01  -1.1068337e-01  -4.2245790e-01  -3.8458640e-01   2.7831133e-01  -9.0880052e-02   2.2416766e-01  -2.3361492e-01   1.1373410e-01   1.0811391e-01   6.6483103e-02  -9.0703640e-02   8.6997018e-02  -6.0907769e-01   2.6601822e-01  -2.1717742e-01   6.2214003e-02  -2.2726449e-01   6.5774282e-02  -3.1711050e-01  -3.3085791e-01  -2.8119162e-01   2.9642690e-01   1.6542357e-01   9.8450590e-02   8.7608724e-02   1.5426168e-01   3.8694790e-01   2.0611546e-01  -2.9731779e-01   5.2779913e-01  -1.1077840e-01   1.7101103e-01   4.5691217e-01   3.1122409e-01  -3.4539710e-01   3.6828768e-01   3.3538130e-02  -7.0952327e-02  -2.5651919e-01   1.9827619e-01   9.1840372e-02   1.8766009e-01  -8.4962122e-02  -2.1114734e-01   1.7099099e-01   4.4295458e-02   7.0201329e-02   1.7330307e-01   2.6082008e-01  -2.0098736e-01  -2.4368918e-01   2.2782630e-01   2.4264811e-01  -2.4211270e-01   4.9263120e-01  -3.3998867e-01   2.9869894e-01  -2.5593955e-01  -7.3437842e-02   2.5433925e-01  -4.5552924e-01   9.0624417e-02   2.8244044e-01   1.5193127e-01   2.2732518e-02   8.3972744e-03   3.3943771e-01   5.8427068e-02   4.5693391e-02  -1.7699581e-01   5.8232410e-01  -1.8643898e-01   1.4750936e-01   9.8262763e-02  -2.7487185e-01   6.3306005e-01   6.7795794e-01  -2.5469847e-01  -2.1241885e-01  -9.8847742e-02   2.8050113e-01   3.7422973e-01  -4.5482182e-01   4.1346325e-02   1.8824609e-01   4.5638280e-01  -2.0690281e-01  -1.0516587e-02   7.3010147e-02   6.2888357e-01   2.8666097e-01   5.7420922e-01   2.0189380e-01  -4.4815136e-01   6.0398805e-01  -6.4741705e-02   2.7500049e-01  -4.9319031e-01  -2.6054491e-02   3.4368696e-03   5.2492344e-01  -3.4245464e-02  -2.3834318e-01  -2.3028701e-01   2.9396278e-01
  -8.0056810e-02   8.2850278e-01   4.3107295e-01  -5.9122165e-01   4.7991109e-01  -2.7755925e-01  -7.9097414e-02  -2.7543756e-01   4.1162152e-01   2.7834623e-01  -4.6830984e-01   0.0000000e+00  -1.8978209e-01  -3.2176307e-01  -4.2065963e-01  -3.1907504e-01   4.8414148e-01  -5.8033168e-01  -2.9141218e-02   4.7934650e-01  -6.0379460e-01  -7.4466223e-01  -1.6781366e-01  -2.9473934e-01   5.7025833e-02  -1.6075318e-01   3.2164029e-01  -3.8863976e-01   2.9450035e-01  -2.7817769e-01  -1.4126474e-01  -6.4725194e-01  -2.1600606e-01   5.5207972e-01   3.4310937e-01   1.3028272e-01  -1.6125395e-01   1.0417166e-01  -1.3068271e-01   5.6987250e-01  -2.2034714e-01   1.3560189e-02   1.4342762e-01  -4.3070046e-01   1.9614437e-01  -1.3166394e-01  -4.9628271e-01  -4.5959676e-02  -5.6343272e-02   5.7274335e-01  -5.7695564e-01  -3.4705144e-01   5.8637298e-01   1.5022562e-01  -3.1687741e-01  -4.7732597e-01  -2.9139682e-01  -6.5308619e-01  -4.7574384e-01  -8.2483424e-02  -2.0217575e-02   2.6473048e-01   5.1833693e-01  -7.4597573e-02   4.8693252e-01  -8.8489842e-02  -3.2613369e-01   2.4671042e-01  -5.5529546e-01  -4.0355995e-02   6.8154555e-01  -4.7618863e-01   2.6815182e-01  -1.1023905e-01   2.4015072e-01  -4.6478002e-01   1.5185298e-01  -3.7303664e-01   6.7487802e-01  -6.9441829e-02  -4.3448940e-01   1.3124569e-01  -2.0422044e-01  -1.1689305e-01   2.6666110e-01  -4.2850666e-01   3.1118396e-01  -2.9678683e-01   6.6541333e-01  -3.4913258e-01   5.9084444e-01   1.4235079e-01   6.2606637e-01   2.1992660e-01  -5.7305626e-02   3.9279929e-01  -1.2374294e-01  -2.7078452e-01  -4.7636317e-02  -1.0706651e-01  -2.8802437e-01  -1.8649129e-01  -5.2241166e-01  -1.2662514e-01  -7.0287560e-01  -5.9202419e-01   9.9059822e-02  -4.7529394e-01  -7.7007620e-02  -2.9173467e-02   1.7097093e-01  -6.4837068e-01  -1.1297139e-01  -2.6153787e-01  -4.5524823e-01   6.2432520e-01  -4.6218652e-01   2.0364177e-01  -3.9622244e-01  -6.2921579e-01  -3.9199434e-01   6.6061195e-01   6.4157801e-01   1.8320321e-01  -1.1472616e-01   3.0167325e-01  -1.8929227e-02   1.8606709e-01  -6.1997989e-01   1.7406196e-01   7.8159554e-02   2.8338875e-02  -2.0853021e-01   4.8209121e-02   2.4270263e-02  -2.6971733e-01  -7.5636820e-02  -4.5996187e-01  -5.5003479e-01  -9.7363130e-02  -1.5846007e-01  -1.8366736e-02  -6.4290142e-01  -1.1304487e-01  -1.3619075e-01  -5.3500004e-01   3.8190574e-01  -1.6644077e-02  -3.3164558e-01   5.9389074e-02  -8.3613942e-02  -1.8247163e-01  -2.0097083e-01   2.4201984e-01   7.7673786e-01  -1.2482998e-01  -2.1712890e-01  -3.8362106e-01   9.0734896e-03  -2.7887418e-01   2.7953642e-01  -3.3439699e-01   1.5584361e-01  -7.2432755e-01  -4.6669802e-01   8.3987944e-01   5.0445361e-02  -2.3015796e-01  -1.2667488e-01   6.3742757e-01   5.7161497e-01  -1.1153127e-01  -1.3365448e-01  -2.4350736e-01   2.3361385e-01   1.5598461e-03  -4.4181665e-01
   4.7237503e-02  -2.1032655e-01  -7.8501130e-02   1.6920346e-01   1.9403236e-01  -5.2704041e-02  -3.4479470e-01   3.2918711e-01   1.7963818e-01  -2.4099145e-01   1.2216069e-01  -1.8978209e-01   0.0000000e+00  -1.9034649e-01   5.6384123e-03   7.1356801e-02  -7.7693074e-02  -4.4756184e-02   1.7340146e-01   1.7617273e-01  -1.5908765e-01   1.6256545e-01  -9.5478095e-02  -8.3609122e-03  -4.8489655e-02   1.1797034e-01  -1.5033703e-01  -2.0380665e-01  -4.4628241e-02  -1.2526149e-01  -1.5690346e-01   2.0602850e-01   2.4186439e-01  -2.9963497e-01   1.0227119e-01  -1.5126084e-01  -1.1564657e-02  -1.0190067e-01   1.9878761e-01  -1.5434050e-01   6.5208843e-01   1.9034667e-01   5.2460200e-02  -9.2603590e-02  -8.1424886e-02  -1.9401055e-02   1.7754486e-01  -4.0163051e-01   2.4120786e-01  -1.5572909e-01   1.8647387e-02   1.7466258e-01  -2.8730300e-01   1.0120289e-01  -1.5748720e-02  -7.5258926e-02  -2.3111180e-02   2.3848195e-01   1.5234929e-01   4.5689139e-02   1.7972880e-01  -1.0298413e-01   6.9335610e-02   8.6460955e-02   1.8045966e-01  -3.2711582e-01  -7.8694575e-02   1.2007907e-01   1.0747071e-01  -1.3062483e-01  -3.8159206e-01   2.0675933e-01   2.0249739e-01  -8.5501260e-02   1.7019054e-01   8.8602756e-02  -1.9898973e-01   4.1695968e-02   4.0052409e-02   3.4772635e-01  -1.0564670e-01   1.5365158e-01  -2.8386228e-01   1.9323843e-01  -3.7679320e-02   7.7519699e-02  -5.6852063e-02   5.1484972e-02   2.5036001e-02   1.8070544e-01   1.5214485e-01   1.6134028e-01  -2.5055267e-01   1.5054167e-01  -2.6167398e-02   2.3647749e-01   7.5916336e-02   2.1249316e-01   8.7705841e-02  -8.8736223e-02  -2.2931943e-01  -4.0732852e-02  -1.8657139e-01   2.4748632e-01   1.9979365e-01   3.3465565e-01   2.5738588e-01   2.8001363e-01   5.0409476e-02  -3.7890318e-01  -2.2814751e-01  -6.1346447e-02   4.5757133e-01   1.3676120e-01  -1.3721369e-01  -1.1508110e-01  -1.4197643e-01   3.4299319e-01  -1.4152454e-01   2.0229616e-01   1.7391745e-01   1.0338575e-01   6.1161064e-02   1.0846637e-01   1.4954192e-01   9.0368818e-02  -2.1192967e-02   4.2378446e-02   2.4783403e-01  -2.8771092e-01   2.4213041e-01  -1.3496414e-01  -1.7341198e-01  -2.6226713e-01   3.8713436e-01   2.1765764e-01   4.5705832e-01  -1.8568612e-01   2.6244385e-01   6.0055835e-02   7.0844224e-02   5.8697641e-01   1.7192703e-01  -2.1900396e-01  -1.2590654e-02  -1.4033685e-01  -2.4128491e-01  -7.3419701e-02  -1.2714131e-01  -8.4676897e-02   2.1859365e-02  -1.8632250e-01   2.1622437e-01   9.8985940e-02  -1.0372279e-01   8.4851365e-02  -1.9773378e-02   2.7947951e-01   1.6676957e-01  -9.8723515e-02  -6.0309300e-02   4.7308571e-05  -2.6610816e-01   9.3088593e-02   2.8550597e-01  -5.4696531e-02   7.1623410e-02   1.5048866e-01   2.9519652e-01  -1.0356857e-01   5.9824750e-02  -2.7041534e-02   1.7279228e-01   4.0820018e-02   6.6638238e-03   2.6747296e-01   3.6721073e-01
   3.9534230e-01  -2.7371203e-01  -1.2504415e-01   4.0824017e-01  -6.0346144e-01   2.9542367e-01   1.5980506e-01  -1.3269708e-01  -4.1688819e-01  -1.7273603e-01  -3.3220297e-01  -3.2176307e-01  -1.9034649e-01   0.0000000e+00   2.1378882e-01   1.5118093e-01  -9.9344745e-02   4.3499712e-02  -1.0889050e-01  -5.9174583e-01   5.9076720e-01   2.9449943e-01   2.2825204e-01   9.0283638e-02   6.9809529e-02   9.4478038e-03  -3.1159916e-01   4.9563932e-01  -1.3689366e-01   2.2549258e-01   3.3729159e-01   2.0925742e-01   2.8629594e-01  -2.8050383e-01  -4.2586308e-01  -4.7671336e-01   1.6772502e-01  -2.9490961e-02   1.0292212e-01  -1.9317654e-01  -1.6515591e-01   1.4636228e-01  -4.2677635e-01   4.1571831e-01  -3.2657220e-01  -8.1359662e-03  -1.2379738e-01   3.8645866e-01  -1.2656187e-01  -1.0022071e-01   4.4318890e-02  -1.2525471e-02  -2.6568969e-01   1.7238952e-01   6.0438042e-01   4.7311755e-01   1.6914622e-01   2.1296675e-01   1.5449692e-01  -9.6234722e-02   1.8037682e-01  -3.2370405e-01  -4.5826715e-01  -2.2511270e-01  -5.4678610e-01  -1.8965560e-01   3.3932441e-01  -1.4181476e-01   1.9458127e-01   1.7973478e-01  -7.0904089e-02   6.5846803e-02  -2.2170976e-01   5.1913508e-01   2.3263760e-02   8.2481847e-02  -2.5544275e-02   1.0395819e-01  -4.9236157e-01  -1.5201093e-01   3.8930485e-01  -1.6013848e-01   4.3297820e-01  -5.8174868e-02   2.8126034e-01   1.4866948e-01   1.6637229e-01   2.3906721e-01  -3.9293947e-01   1.5672926e-01  -3.7487164e-01   1.3258090e-01  -2.6941760e-01  -4.7354635e-01  -4.0864060e-02  -6.4036724e-01  -8.4416097e-02  -3.1190264e-02  -3.8077056e-01   1.2735048e-02   6.5051344e-01  -1.8873294e-01   6.7777220e-01  -9.8999734e-02   1.9480413e-01   1.5741112e-01   2.3474999e-01   3.8077040e-02  -5.3812627e-02   1.1893926e-01   1.4091958e-01   5.1833494e-01  -4.7641217e-02   8.4205420e-02   5.5648804e-01  -4.4253204e-01   4.2690994e-01  -2.2384086e-01   4.3492052e-01   4.4927993e-01   6.4916853e-02  -4.6649430e-01  -3.7246694e-01  -4.2443798e-01  -1.6422972e-01  -2.7710332e-02  -3.3380215e-01  -1.8240058e-02   1.6079198e-01   1.8145944e-01  -8.1469294e-02  -1.8528916e-01   6.9231570e-01  -3.0007156e-02  -3.6212240e-01  -5.1546924e-03  -9.2973146e-02   6.1181538e-01   8.1307216e-02  -4.6287684e-02   1.4127867e-01  -1.4998676e-02   3.0504330e-02   3.5811803e-01   7.3344232e-02   4.5997057e-01  -5.6772068e-02  -4.2550827e-01  -1.5599019e-01   1.3289118e-01   2.7503369e-01   4.1382157e-01  -9.8576713e-02  -5.0871927e-01  -3.4280260e-01  -4.4967795e-03   8.3591248e-02  -3.9392328e-02   1.0811058e-01   3.7369709e-01  -1.5185598e-01  -1.1238744e-01  -2.2709944e-01   2.3985782e-01   1.2216861e-01  -3.5440740e-01  -4.2506619e-01   2.1018390e-01  -2.4496151e-02  -2.5495424e-01  -4.6198856e-01   2.4428150e-02  -2.8024790e-01   3.0565840e-01  -1.0239031e-01   8.7606993e-02   8.9072318e-03
