   0.0000000e+00  -1.1367133e-01  -4.0540209e-02   2.4851792e-01   3.6976141e-02   1.9078208e-01  -1.7818105e-01   2.2637463e-01   1.2031909e-01  -1.8819049e-01  -4.1723928e-02  -2.2294560e-01   6.5603255e-02   2.0102477e-01   1.7228250e-01  -1.4139066e-02  -1.6269266e-01   1.9630979e-01   1.1160351e-01  -6.1754576e-02  -3.5409862e-02   2.8589648e-01   1.1214183e-01   4.2200774e-01  -8.2019906e-02   3.3108977e-01   1.1413543e-01   4.0076590e-01  -1.1511941e-01   4.6571454e-02  -1.6646266e-02   3.4002826e-01  -1.3438654e-01  -1.4757577e-01  -1.1667044e-01  -8.1172733e-02  -8.5022050e-02  -3.5496505e-01  -1.9210334e-02  -2.7988086e-01   1.3147685e-01  -3.0198823e-02  -1.0350710e-01  -1.7121042e-01   2.7234221e-02   3.3611243e-02   1.0830714e-01  -9.6043731e-02  -2.7819160e-02  -2.3298920e-01   2.3091579e-01   2.1193481e-01  -1.6543347e-01   4.6573396e-02  -2.3149794e-01   6.8013812e-02   2.1759702e-01   3.4084393e-01   2.4287485e-01   8.6448267e-02  -2.8176460e-02  -1.0410382e-01   2.1868314e-02  -5.0216645e-02   1.0711529e-01  -3.5567407e-02   5.4518292e-02  -8.1647827e-02   1.7941092e-01  -4.3191818e-02  -1.7385687e-01   3.2799013e-01   2.0403413e-01   2.9047609e-01   4.9087026e-02   3.1284874e-01  -5.9798764e-02   7.7095592e-02  -1.0403202e-01   1.9966592e-03   2.4868556e-01  -6.8587640e-02  -1.5645522e-01   1.6904018e-01  -1.8599424e-01   2.8936064e-01   1.0569685e-01   3.7676447e-01  -1.8628421e-01   4.1455485e-01  -1.1624014e-01  -7.4388363e-03  -1.9043473e-01   2.7535452e-01  -4.5654848e-03  -1.8067452e-01   1.0215032e-01   2.6303268e-01   4.0034195e-02  -2.4751830e-01   1.1285822e-01  -9.3377837e-02   1.3933129e-01   2.3707773e-01   2.8158786e-01   2.3555799e-01  -6.3124547e-02   2.6205798e-01  -5.1702867e-02  -1.2101409e-02  -3.3384154e-01   3.2733244e-01   2.1949433e-01   6.3203013e-01   2.4613518e-01  -6.3267462e-02   4.8448375e-02   2.2546397e-01  -8.1579264e-02   4.3220574e-01   2.8683483e-01  -6.0488214e-02  -1.8630128e-03  -9.9568703e-02   3.7383102e-01   5.1268142e-01  -6.7094843e-02  -9.2237129e-02   3.9940542e-01  -2.2598653e-01   6.4209159e-02  -4.6587514e-02   2.1921281e-02  -4.0960242e-02   1.2015033e-01   4.5317894e-01  -9.3214158e-02   2.6881762e-01   3.5903708e-01   2.6414381e-01   5.3962434e-01  -5.8737166e-02   1.4543654e-01  -5.8191365e-02   6.8008871e-02  -4.5148663e-02  -2.5387392e-01   2.4462076e-02   1.4650398e-01   5.8073015e-02   2.4586142e-01   2.0480510e-01   5.0327822e-01   1.0003973e-01  -2.2949686e-01   7.5021208e-02   3.0770923e-01   3.0200094e-01   4.0887999e-02   2.7999480e-01   2.2294943e-01  -2.7468688e-02  -1.3864647e-01   1.9094946e-01   3.2303447e-01  -2.9753152e-01  -2.0204155e-01   2.7651578e-01   2.9678380e-01  -3.8860841e-01  -2.2829856e-01  -2.4472335e-01   9.7263866e-02   1.2427684e-01  -2.2268687e-01  -1.7988216e-01   3.1163065e-01
  -1.1367133e-01   0.0000000e+00   1.6650013e-01  -2.6959700e-01   3.0606052e-01  -5.4527220e-01   9.2645274e-03  -2.1760539e-01   5.0601179e-01   4.6492081e-01  -5.8310773e-02   5.3277743e-01  -3.3186762e-01  -5.9063436e-01  -1.7982445e-01  -2.1167913e-01   3.5223834e-01  -5.1250991e-01   9.2557723e-02   4.3743938e-01  -1.7329503e-01  -6.6448682e-01  -4.0345752e-01  -1.8518758e-01  -3.6832554e-02  -1.6856030e-01  -9.6271018e-02  -4.9822759e-01   9.7312864e-02  -1.7965508e-01   2.0330621e-01  -2.6206888e-01  -1.2325131e-01   5.7760013e-01   5.6783302e-01   3.1513283e-01   6.1710562e-01   3.8935935e-01  -1.0401607e-01   5.4871728e-01  -2.7073366e-01   8.9550979e-03   4.1725184e-01  -1.6311404e-01   1.9231906e-01  -8.0061262e-03  -4.7133977e-01   2.9489379e-01   9.6211962e-02   3.2082947e-01  -5.3832627e-01  -2.8768855e-01   9.0076049e-01   9.0140882e-03   2.7106061e-02  -4.1305087e-01  -2.2137519e-01  -3.9802407e-01  -1.7962719e-01   8.0207786e-02   2.9208952e-01   9.3118778e-02   4.0532148e-01   6.9363393e-01   3.3632888e-01   1.2787486e-01  -3.5539978e-01   1.8233239e-01  -7.0541756e-01  -1.8175696e-01   5.3753562e-01  -4.6026686e-01   2.6098724e-01  -2.4117260e-01  -1.4403138e-01  -1.7041400e-01   4.0407116e-01  -3.7940348e-01   4.7901400e-01  -8.1882551e-02  -7.4064357e-01   6.2501319e-02   5.1807228e-01  -2.2309951e-01   1.7797748e-01  -2.2573365e-01   4.8096821e-01  -3.4195023e-01   6.3465466e-01  -1.5044127e-01   3.7631414e-01   2.0220530e-01   2.1040883e-01   3.7497102e-01   3.3368808e-01   3.5080555e-01  -4.5296425e-01  -1.9593277e-01   6.0444094e-02   3.1881249e-01  -4.7466682e-01   1.8260321e-01  -6.0616063e-01   7.3402086e-02  -5.4832846e-01  -2.4454243e-01   8.8181604e-03  -6.0460477e-01   2.7348704e-01  -5.0362108e-01   4.9352721e-01  -6.4062842e-01   1.5045833e-01  -2.7904810e-01  -5.0579651e-01   6.2445437e-01  -5.7102077e-01  -1.6660090e-01  -5.0296462e-01  -4.1161904e-01  -1.4487782e-01   2.0403606e-01   2.4986555e-01   5.9138937e-01  -1.0570905e-01  -4.1651542e-01  -2.7392029e-01   8.2887201e-02  -3.9422403e-01   3.6906077e-02   8.4869830e-02   6.6828274e-01   4.4530798e-01  -1.5976043e-01  -1.0972568e-02  -8.4057783e-02   4.6460662e-03  -6.6004765e-01  -3.7390395e-01  -1.2050105e-01  -2.4946046e-01  -1.1381449e-01  -3.7018180e-01  -4.7941966e-01  -1.6745879e-01  -2.1082337e-01   1.7012319e-01   3.4426517e-01  -4.1102477e-01   8.2639477e-02  -5.6125974e-01  -5.3876115e-01  -2.4602245e-01   6.7919441e-01   5.1291352e-01   1.5068129e-01  -1.7843402e-01  -1.3663058e-01   1.6465257e-01  -6.0369139e-01  -7.7264533e-02  -1.8011406e-01   4.8919958e-01  -6.2364869e-01  -1.8695676e-01   4.7778099e-01   4.7865143e-01  -4.9531220e-01  -2.3810635e-01   1.7805105e-01   5.0998091e-01   3.6376526e-01  -6.9418014e-02  -4.7708627e-01  -1.5642222e-01   1.3581901e-01  -1.8774054e-01
  -4.0540209e-02   1.6650013e-01   0.0000000e+00  -1.0194235e-01   4.8208849e-01   2.4083447e-01  -1.2140511e-01  -1.2957588e-01  -4.5833207e-02   2.3182427e-01  -4.2961975e-01   7.4281765e-01  -1.2398493e-02  -3.3184277e-01  -3.0059264e-02   3.4927090e-01   9.1857408e-01  -2.0794831e-01  -9.4267118e-02   5.9421286e-01  -4.6285694e-01  -2.4469044e-01  -3.1350214e-01  -2.7667417e-01   8.3687043e-02  -2.0789463e-01   3.5052917e-01  -3.4655122e-02   7.6671142e-03  -3.1976784e-01  -1.6826326e-01  -1.0485692e-01   2.9716568e-02   1.0263879e-01   1.1334186e-03   4.6631270e-01   2.2971190e-02  -1.4183940e-01   1.8452476e-01   3.9807708e-01  -4.7184183e-02   3.7598102e-01   2.5986255e-01  -3.6752580e-01   1.1130765e-01   6.1525893e-01   3.1072567e-03  -4.1817408e-01   2.6411470e-01   8.1099392e-01  -2.8209976e-01  -1.6117139e-01   1.6392664e-02   2.2779946e-01  -1.1141885e-01  -6.8678940e-02  -4.8830969e-02  -2.0753193e-01  -2.2682058e-01   5.3650594e-01   6.8194834e-01   1.9853725e-01   3.8638423e-01  -4.3961302e-02  -5.0775579e-02   1.5870586e-01  -2.9129424e-02   2.2466170e-01  -1.9781752e-01   6.0323874e-01  -9.2995768e-02  -2.6002171e-01  -4.7070053e-02  -2.6577448e-02   1.7277080e-01  -3.6748680e-02   2.7822752e-01   5.3065235e-03   5.5066170e-01   1.3097953e-01  -2.1844275e-01   2.2715482e-01  -1.3795223e-01  -6.0289192e-02  -6.8307384e-02  -9.1088885e-02  -1.0600524e-01  -1.5501447e-01   4.8408786e-01  -1.6648432e-01   2.1900592e-01   6.9308675e-01   5.7356258e-01   1.1834461e-01   3.0064233e-02   7.2440840e-01  -5.3287717e-03  -2.6720299e-01   4.0119412e-01  -3.9630142e-01  -2.6376920e-01   2.1093416e-01  -4.4069865e-01   4.1424217e-01  -4.6417663e-01  -7.4664846e-02   3.5087322e-01  -2.0904165e-01   4.6397602e-01  -3.0156190e-01   2.5143504e-01  -5.8159481e-02   9.2849465e-02  -1.3101314e-01  -8.9840725e-02   4.6455936e-01  -2.4057162e-01   1.2061034e-01   9.5671469e-02  -2.2018845e-01  -9.7062098e-02   5.6677993e-01   4.4932952e-01  -1.4938324e-01  -1.9920272e-01   3.7244995e-02  -1.4465211e-01   1.4324272e-01  -3.3046058e-01   5.1219629e-01   3.7770592e-01   1.7179032e-01   4.6330567e-01  -4.9604453e-01  -9.1204989e-02  -1.0175005e-01   1.3367699e-01  -1.4290243e-01  -3.4571988e-01   9.7472987e-02  -8.8145907e-02  -2.3088438e-02  -8.0483909e-02   3.4685494e-01  -3.2756038e-01  -5.6251382e-01   5.7057878e-02   1.4590545e-01  -2.4259474e-01  -6.1791305e-01  -9.9839391e-02  -3.3167711e-01  -1.6399900e-01   2.5824401e-01   7.8684380e-01  -5.5055637e-02  -1.1368381e-01  -1.7951853e-01   7.1496376e-01  -4.6707854e-01   1.7030322e-01  -3.2317943e-01  -2.2378114e-01  -3.6588044e-01  -2.5002623e-02   2.6655307e-01   3.0491139e-01  -8.9030455e-02  -1.1569400e-01  -2.3908622e-01   3.6596370e-01   6.2028602e-02   9.0332333e-03   2.9223334e-01  -6.1010204e-02   3.1613454e-01  -3.0704664e-02
   2.4851792e-01  -2.6959700e-01  -1.0194235e-01   0.0000000e+00  -1.1136295e-01   2.7968377e-01  -1.6097173e-01   5.2656806e-01  -1.0665428e-01  -1.3250547e-01   2.6273084e-01  -2.7810488e-01  -1.9777703e-01   2.2620792e-01   3.2709476e-01   4.9006391e-02  -2.0411381e-01   3.8537537e-01   3.1857761e-01  -1.5542471e-01   3.4828693e-02   6.0592591e-01   1.2879415e-01  -2.9454548e-02  -1.2939792e-01   3.4833871e-01   7.5556956e-03   3.0664171e-01  -1.6034263e-01   2.3039782e-01   1.7786117e-01   5.3183999e-01  -2.2216769e-02  -1.8372360e-01  -2.7315551e-01  -6.4086520e-02  -5.5539722e-02  -2.4311973e-01   1.2179947e-01  -3.1397435e-01   7.6142164e-02  -1.0918473e-01  -1.2014462e-01   1.6267816e-01   1.3296163e-01  -1.1224184e-01   2.5229900e-01  -6.8060266e-02  -2.8733054e-01  -2.2637584e-01   4.0608452e-01   3.1955409e-01  -1.6663423e-01   1.2584516e-01  -1.3114860e-01   3.8043623e-01   1.3989627e-01   6.3863649e-01   5.4535728e-01  -1.1951378e-01   3.9772563e-02  -1.3405862e-01  -1.6734029e-01  -1.6256741e-01   4.4827058e-02  -8.7846581e-02   2.1001263e-01  -1.4439725e-01   4.4489054e-01   1.3353735e-02  -1.4666572e-01   4.3623371e-01   1.4041318e-01   3.8087778e-02  -7.8516753e-02   3.9792560e-01  -6.2189698e-02   2.6577230e-01  -2.7637902e-01   4.7493739e-02   4.2290342e-01  -6.5612298e-02  -4.3046114e-02   4.6678534e-01  -5.4943282e-02   2.8697814e-01  -2.0691481e-01   7.8989829e-02  -2.2385049e-01  -2.3354741e-02  -2.1164533e-01   3.1242385e-02  -1.0491665e-01   1.3935884e-01  -1.5449812e-02  -1.9672323e-01  -4.8079759e-02   3.4806957e-01   4.8214877e-02  -1.6886928e-01   1.5640577e-01  -6.2523326e-02   4.3235507e-01   1.2182225e-01   5.2664279e-01   6.3761620e-01   5.4394526e-02   5.7345641e-01  -1.5150862e-01   2.2780439e-01  -1.5407866e-01   3.7095309e-01   4.3743744e-01   2.1346481e-01   1.7444963e-01  -2.2238242e-01   3.4079043e-01  -6.4272642e-02  -1.2287957e-03   6.0106502e-01   1.7913251e-01  -2.2749710e-01  -1.7350318e-01  -6.3779056e-02  -3.2201981e-02   2.3094984e-01   2.0121166e-01  -1.7605446e-01   6.4724213e-01  -1.2970182e-01  -4.2873388e-02  -1.6080358e-01  -1.1866267e-01   2.0255758e-01   1.8853071e-01   3.0607698e-01  -1.1917671e-01   3.1218504e-01   4.0010819e-01   1.0985721e-01   2.0686729e-01  -3.0180209e-01   2.4777840e-01  -2.6015368e-02   1.7882083e-01   3.3172433e-01  -1.4018777e-01  -3.9643907e-02   1.0805832e-01   1.0723400e-01   7.9376069e-02   4.6689839e-01   3.1827518e-01  -1.1406171e-01  -2.3421329e-01   5.7439353e-02   2.7871212e-01   4.4233666e-01  -1.3884913e-03   3.1385936e-01   2.9119925e-01   9.2677026e-02  -4.2884214e-02   4.6480045e-01   6.2127381e-01  -3.8150889e-01   4.3787649e-04   1.5205017e-01   3.4517356e-01  -7.0483965e-02  -3.0261418e-01  -2.4029992e-01   4.0228956e-01   2.2147106e-01  -1.3162101e-01   1.5335284e-01   6.3835141e-01
   3.6976141e-02   3.0606052e-01   4.8208849e-01  -1.1136295e-01   0.0000000e+00   1.3177108e-02  -3.0260116e-01  -1.6541450e-01   1.5301072e-01   1.9959732e-01  -2.2655433e-01   4.1307344e-01  -1.8953883e-01  -2.2653971e-01   4.8754803e-03   1.5065294e-01   4.3400722e-01  -1.4630661e-02  -1.1310072e-01   8.0915289e-01  -5.5475487e-01  -1.6360035e-01  -3.6015300e-01  -1.2944981e-01   1.0491389e-02  -3.5989141e-04   6.6005742e-01  -8.7855447e-02   4.8644175e-02   6.7130431e-02  -3.0577095e-01  -1.4514358e-02  -3.8899640e-03   3.1649987e-01   2.4277854e-01   7.6807655e-01   1.7404931e-01   7.2737947e-02   9.6536087e-02   1.9040985e-01  -1.7837274e-01   4.2322945e-01   4.2386829e-01  -5.7346098e-01   4.5990020e-01   9.1978008e-02   3.1812983e-01  -4.9673260e-01   4.7075344e-01   5.9506416e-01  -1.1090661e-01  -1.7349285e-01   2.4741438e-01   9.5965932e-03  -9.4922975e-02  -2.6502485e-01  -7.3731234e-02  -2.0763251e-01  -1.7308238e-02   4.3867403e-01   4.1630133e-01  -2.0469054e-02   6.4153984e-01   1.8943598e-01   4.6742916e-01   5.4127765e-01   2.9136787e-01   1.4672945e-01  -1.0083703e-01  -5.6947706e-02  -3.3399122e-01  -1.1753268e-01   1.3569027e-01  -1.6103102e-01   1.2085032e-02   5.5318831e-02   3.7193819e-01  -1.3415224e-01   8.2452249e-01   1.8577538e-01  -3.3952322e-01   2.5835267e-01  -2.7837624e-01  -8.7127584e-02  -3.5211349e-01   3.4537249e-02   1.7544339e-01  -2.2561384e-01   5.9271331e-01   8.8982228e-03   3.0725472e-01   3.1274949e-01   4.3730325e-01   2.8574885e-01   1.4234802e-01   7.9086115e-01  -2.4001437e-01  -1.4943352e-01   5.2368826e-01  -1.8311019e-01  -4.7069202e-01   2.6096162e-01  -3.3920632e-01   4.7664861e-01  -2.7871668e-01  -1.1067855e-01   1.1939426e-01  -2.6839717e-01   6.5869363e-01  -7.3322381e-02  -6.4944562e-02   7.4167695e-02   2.5432105e-01  -1.5267102e-02  -3.4446178e-01   7.6339845e-01  -2.6168955e-01   2.5768919e-02  -8.6514793e-02  -9.5753355e-02   9.3007322e-02   5.7391687e-01   3.9209507e-01   1.4743898e-01  -2.2057993e-01   4.9236505e-02   2.3461016e-01   1.5171990e-01  -3.2341030e-01  -1.0282987e-01   4.5216833e-01   5.2683459e-01   3.1175883e-01  -5.5302301e-01   1.9937969e-02   3.8931499e-02   1.2637045e-01  -2.6045634e-01  -1.3601401e-01   1.4905494e-01  -4.6346933e-02  -1.2451204e-01   1.3688656e-01   1.8883277e-01  -4.0155656e-01  -5.9878509e-01  -4.6643927e-01   4.2089594e-01   1.7990112e-01  -4.7138027e-01  -1.9668004e-01  -3.6724005e-01  -2.3535699e-01   6.2075457e-01   5.4809939e-01   3.8058341e-02   7.1252535e-02  -5.1891940e-02   4.5650044e-01  -3.2155188e-01   2.6823905e-02  -2.2951486e-01  -2.9059003e-01  -2.4386255e-01  -9.9892144e-02   5.6693979e-01   4.1928251e-01  -1.9021557e-01  -7.3054875e-02  -6.5749015e-02   6.8993738e-01   2.1503637e-01   2.3285867e-01   2.0464354e-01  -1.8060692e-01   1.5301306e-01  -3.7338465e-02
   1.9078208e-01  -5.4527220e-01   2.4083447e-01   2.7968377e-01   1.3177108e-02   0.0000000e+00  -7.0083768e-03   2.3754368e-01  -4.3201691e-01  -2.1680075e-01  -1.0929800e-01  -8.5868374e-02   7.1808916e-02   3.1974582e-01   1.1369612e-01   3.9178607e-01   9.7712915e-02   2.1291962e-01   5.2193887e-02   1.0476771e-02  -6.6080047e-02   4.8815380e-01   1.6975441e-01   1.4346447e-02  -6.6858108e-02   1.2429682e-01   3.5071020e-01   4.6478104e-01  -1.2601791e-01   5.8898813e-03  -2.1411984e-01   2.4012885e-01  -5.8814184e-03  -3.6032676e-01  -4.0817481e-01   4.1827893e-02  -3.4948967e-01  -3.7848304e-01   2.6059291e-01  -7.8711423e-02   1.9633081e-01   1.2546201e-01  -1.8009646e-01  -5.1942889e-03  -1.4593958e-01   1.5290208e-01   4.4931532e-01  -4.1846177e-01  -1.6784154e-02   5.9152260e-02   3.3900029e-01   1.6755848e-01  -5.8475977e-01   1.3471498e-01  -9.3631784e-02   3.2437284e-01   3.6393301e-01   2.9079206e-01   9.4312589e-02   1.7741720e-01   1.7543547e-01  -1.3085924e-01  -1.5339254e-01  -5.3808075e-01  -3.5405664e-01  -1.7352934e-02   5.4592899e-01   9.3367999e-02   5.2897255e-01   2.8862676e-01  -4.2868239e-01   2.7429362e-01  -4.7514741e-02   3.2329979e-01   8.4466812e-02   5.7421727e-02  -1.0710856e-01   3.2088982e-01  -1.3777160e-01   8.7979854e-02   5.0070526e-01  -4.2127887e-03  -3.4288602e-01   3.1504036e-01  -2.1857796e-02   5.0447068e-02  -3.7475511e-01   1.4163370e-01  -2.8221354e-01   9.4513135e-02  -1.7081728e-01   2.6776123e-01   1.5905226e-01  -2.7680445e-01  -1.5445939e-01   8.3957358e-02   2.2715420e-01   2.9508108e-01   8.3320627e-02  -4.2958281e-01   1.6065246e-01   7.2811212e-02   2.5489618e-01   1.4069462e-01   2.4245531e-01   2.0313931e-01   1.5632927e-01   5.3436110e-01   3.6272244e-02   2.9297737e-01  -1.1198000e-01   4.8818747e-01   5.2834366e-02   9.3599289e-02   2.9746909e-01  -2.3378773e-01   3.1147955e-01   7.8164282e-02   4.7629948e-01   3.2376685e-01   6.5340043e-02   1.6285377e-01   2.5360723e-02  -5.0261691e-01  -7.9363859e-02   3.7437030e-01   1.4349331e-01  -5.7504608e-02   3.5871077e-01   7.9314344e-02   2.3382229e-01  -3.8218938e-01  -1.2919008e-01  -1.0216365e-01  -1.2087536e-01   8.4691460e-02   1.2250209e-02   4.0109792e-01   1.7684492e-01   2.1611046e-01   2.3685610e-01  -1.4816168e-02   7.2876969e-02   4.9625291e-01  -8.7565058e-02  -7.6937488e-02  -1.4767582e-01  -1.7524411e-01   2.2761390e-01  -3.7589245e-01   3.5062882e-01   1.9958187e-01   1.9959929e-01  -3.6207355e-01  -2.7009029e-02   1.9822329e-02   2.3232985e-01   9.9297765e-02   2.6667273e-01   1.9451079e-01   1.4157540e-01   1.9409943e-02  -4.6902866e-01   3.0078289e-01   2.4225085e-01  -2.3054589e-01  -1.2358201e-01   4.9309241e-01   1.0759263e-01  -8.4730597e-05  -1.9135901e-01  -2.0520616e-01   1.5968444e-01   7.1177027e-01   6.3597519e-02   1.4523312e-01   2.6554347e-01
  -1.7818105e-01   9.2645274e-03  -1.2140511e-01  -1.6097173e-01  -3.0260116e-01  -7.0083768e-03   0.0000000e+00  -2.2704354e-01  -2.0237795e-01   2.7050061e-01   1.8407848e-01   8.6333862e-02  -1.7142504e-01   1.5028168e-01   1.3607687e-01  -4.6870232e-02  -1.4278470e-01   6.4046780e-02  -5.3485462e-02  -2.8073612e-01   3.9472420e-01   4.1213918e-02   5.0836667e-01  -9.1023607e-02  -9.4455470e-02  -2.6166722e-01  -1.0111162e-01  -1.8680067e-01  -1.3072182e-01   2.3858944e-01   6.2779412e-02  -2.3001626e-01  -1.2700647e-01   3.5955245e-01   2.9180451e-01  -1.1678513e-01  -1.7530540e-01  -2.3236679e-01  -2.5705908e-01   1.8293005e-01  -1.4392701e-01  -2.2136860e-01   1.8915634e-01   2.1980660e-01   5.5843595e-02   2.0232252e-01  -1.3906742e-02   3.7050340e-01  -3.9807444e-01  -2.0529871e-01   1.3990423e-01  -1.5210834e-01  -6.2351247e-02  -3.7760110e-02   1.7177038e-01   2.9503784e-01  -2.8005480e-01  -1.0948620e-01  -6.2476416e-02   1.4903779e-01  -3.1280230e-01  -1.4734404e-01  -1.7058698e-01  -1.2241683e-01  -2.9088988e-01   1.4535842e-01   8.0698288e-02   7.8544728e-02  -3.2739709e-02   2.9516764e-01   2.1240124e-01   2.3688516e-01  -1.2065977e-01  -5.6693557e-02  -2.2214744e-01  -1.6670845e-01  -4.3322364e-01   4.4229233e-02  -3.8356002e-01  -4.0511370e-01   2.2784055e-01  -2.9461760e-01   6.7050601e-02  -2.3456682e-01   1.9728888e-01  -1.1366363e-01   1.2150399e-01  -5.2942040e-02  -3.6821661e-01  -2.7503077e-01  -2.3541115e-01  -3.0723120e-01   1.7663404e-01  -2.0967156e-01  -3.3213786e-01  -3.2053962e-01  -6.3474229e-02  -2.3944731e-01  -3.6577755e-01   3.1909603e-01   1.2547359e-01   3.5837849e-01   1.1990941e-01  -1.1101048e-01   7.9473162e-02  -3.1967923e-01  -7.4852662e-02  -1.0589663e-01  -2.4606167e-01   2.4455242e-01   3.7205561e-01   1.2176463e-01  -2.1137182e-01  -1.5181810e-01   1.5555090e-01  -3.7116463e-01   2.8188885e-01  -1.6994676e-01   1.2163347e-01   2.3183157e-02  -1.3820439e-01  -1.6111600e-01  -1.6922575e-01  -2.0228642e-02  -3.5576766e-02  -2.1189128e-01   2.5564081e-01  -1.5940214e-01  -6.9223955e-02   2.2771128e-01  -1.4952939e-01  -1.1299683e-01  -1.6280788e-01   2.2118950e-01   2.2941182e-02  -1.5298430e-01  -2.6111012e-01   9.8612034e-02  -1.5685186e-02  -4.0544710e-01  -1.0146094e-01  -1.1463160e-01  -1.7828748e-01   1.2181228e-01   2.3606173e-01   1.3179910e-01   4.6726200e-01  -3.3018253e-02   2.9534466e-01   1.4050743e-01   1.2292690e-02   3.4557147e-02  -1.1096169e-01  -2.2982192e-01  -7.0406118e-02  -2.3207680e-01  -1.9017699e-01   3.9603025e-02  -3.6553495e-01   2.9568003e-01  -6.2153974e-03   1.1652395e-01   1.1671309e-01   9.6034726e-02  -2.8805594e-01  -4.6563593e-02  -5.3336086e-02  -1.2198694e-02  -8.9986170e-02   1.9071644e-01  -1.4153604e-01  -3.1102389e-01  -8.0390897e-02  -8.7489131e-02  -2.2863738e-03  -1.0444537e-01  -1.9558882e-01
   2.2637463e-01  -2.1760539e-01  -1.2957588e-01   5.2656806e-01  -1.6541450e-01   2.3754368e-01  -2.2704354e-01   0.0000000e+00   3.3354904e-02  -2.1753951e-01   2.5918691e-01  -2.4109870e-01  -1.1569050e-01   2.8704208e-01   4.1042825e-01   2.0071246e-01  -2.1840747e-01   3.6114089e-01   2.6360658e-01  -2.6371376e-01   9.9871797e-02   4.0480314e-01  -1.9959018e-02  -5.9798296e-03  -5.0005102e-02   5.1862402e-01  -4.5441490e-02   3.5858878e-01  -5.6564843e-02   2.1644713e-01   2.9273604e-01   3.3115497e-01   6.3624598e-02  -1.8044219e-01  -2.6192667e-01  -2.3750547e-01  -8.1471433e-02  -5.9483714e-02   2.6535374e-01  -4.2794955e-01   1.2663723e-01  -2.0202422e-02  -1.1001909e-01   2.6108834e-01   5.9963130e-02  -1.3933369e-01   1.2368156e-01  -2.7028478e-02  -1.2000301e-01  -2.4971984e-01   2.7925538e-01   5.1516999e-01  -1.3538457e-01   9.2140194e-02  -1.8843584e-01   3.1265779e-01   2.1936955e-01   3.6127451e-01   2.9771099e-01  -3.8457696e-02   2.0667996e-02  -6.2549234e-02  -7.2182791e-02   5.5321336e-03   1.4953615e-01  -9.4353968e-02   2.6303309e-01  -9.7860106e-02   2.6172585e-01  -1.3784317e-01  -1.3103942e-01   2.4029070e-01   2.6740708e-01   1.1538895e-01   2.3621081e-02   3.1877780e-01   1.2712675e-01   3.8952473e-01  -2.3929123e-01   8.4134092e-02   3.3846492e-01   7.7187274e-02  -2.0770239e-02   5.8338029e-01  -9.6859065e-03   2.5680509e-01  -6.4021984e-02   3.1269973e-02  -1.6841431e-01   1.1571539e-01  -2.8370619e-01   4.3762664e-02  -1.9006701e-01   8.2362916e-02   1.4588992e-01  -2.5510338e-01   3.6297443e-02   3.8214966e-01   9.0979589e-02  -2.4201813e-01   1.7231343e-01   8.5778584e-02   4.5245634e-01   1.2947951e-01   2.8041984e-01   5.1743431e-01   9.0099504e-02   4.5521946e-01  -1.5008807e-01   2.0845256e-01  -2.5099669e-01   2.3168727e-01   2.7566471e-01   1.5391721e-01   4.5749141e-02  -1.8852569e-01   2.8658698e-01   8.6780210e-02   5.0437648e-02   3.1142142e-01   1.5201211e-01  -3.6201976e-01  -1.4129724e-01  -3.0603796e-02  -1.5165988e-02   3.4214279e-01   1.3018228e-01  -7.6681254e-02   4.3799250e-01  -1.3380847e-01  -4.1171658e-02  -1.1688296e-01   7.8126141e-02   3.2038608e-01   2.0770484e-01   4.8211651e-01   5.9252745e-02   3.5986543e-01   4.9615032e-01   1.7349740e-01   3.5364219e-01  -1.4058685e-01   2.7374648e-01  -1.0491750e-01   1.0691343e-01   2.5679222e-01  -2.4207086e-01   2.4357173e-02  -1.6261231e-02   1.4849842e-01   1.3624498e-02   4.8213881e-01   2.3058428e-01  -9.3120152e-02  -2.2931931e-01   7.5276512e-02   2.0598937e-01   3.8905297e-01   5.8075455e-02   2.6758487e-01   9.3124292e-02   2.6573225e-01   5.9933439e-02   3.4924728e-01   3.0261413e-01  -4.3236594e-01  -9.9713573e-02   1.9131506e-01   2.8692986e-01  -1.1620657e-01  -3.2203093e-01  -1.3031138e-02   3.1690061e-01   3.0936297e-01  -8.2360399e-02   6.9613932e-02   3.8847718e-01
   1.2031909e-01   5.0601179e-01  -4.5833207e-02  -1.0665428e-01   1.5301072e-01  -4.3201691e-01  -2.0237795e-01   3.3354904e-02   0.0000000e+00   2.3526862e-01   4.4162339e-02   4.3691470e-02  -1.8327581e-01  -3.7906446e-01   6.9511133e-02  -1.4489799e-01   4.3061132e-02  -1.3476680e-01   1.2426971e-01   1.0646448e-01  -1.4695643e-01  -3.6559907e-01  -2.5964425e-01   1.0903603e-01   2.8517423e-02   1.3619607e-01  -1.2257549e-01  -2.2622724e-01   2.6174472e-02   7.4687247e-02   2.4133538e-01   1.1152948e-01  -1.5632150e-01   3.4266662e-01   3.3892638e-01   4.2816720e-02   2.2806073e-01   1.8428284e-01  -9.4692114e-02   1.1818922e-01  -1.4770923e-01   7.4404467e-02   1.6534331e-01  -1.4490920e-01   2.1442533e-01  -5.4722142e-03  -3.3291109e-01   1.2987465e-01  -7.4313747e-03   1.0932606e-01  -2.4391277e-01   2.4071460e-01   5.7956375e-01  -9.8613000e-02  -1.2225521e-01  -3.1092679e-01  -2.5317687e-02  -8.1081519e-02   4.7208139e-02   7.8385669e-02   4.0287981e-02  -4.6492920e-02   4.5673803e-01   7.4071511e-01   4.7985294e-01   4.5093133e-02  -4.3425400e-01   2.3577225e-02  -3.9622429e-01  -2.4423059e-01   2.0017924e-01  -2.2907275e-01   2.6491499e-01  -1.1799822e-01  -1.9992014e-01   1.7716441e-02   3.0631939e-01  -1.7838157e-01   2.6533584e-01  -1.2352281e-01  -4.1214665e-01   5.8569947e-02   1.7117147e-01  -1.7472253e-01  -2.4268915e-01  -1.1949291e-01   5.2891703e-01  -2.9721385e-02   4.2475393e-01   1.4893305e-01   1.3382122e-01   1.3352058e-02  -1.3964459e-01   5.4321630e-01   2.4032676e-01   7.3313764e-02  -2.7756203e-01  -3.0595822e-02   1.1668732e-01   1.0744745e-01  -4.1199095e-01   6.7710679e-02  -3.7551317e-01   3.2219423e-01  -2.1050561e-01  -9.2391490e-02  -3.9320327e-02  -3.2639853e-01  -9.8922382e-03  -3.0235585e-01  -4.4844971e-02  -3.9798977e-01   3.7923550e-01   1.0798170e-01  -3.4969610e-01   3.2769540e-01  -2.6500376e-01  -1.3018072e-02  -5.5998633e-01  -1.6142825e-01   3.3766312e-02  -1.1713898e-02   1.7665612e-02   5.8750352e-01   1.4052095e-01  -1.5831934e-02  -9.1418083e-02  -1.3407865e-01  -8.9483433e-02  -2.0417874e-01   4.4650134e-02   3.7342005e-01   2.1745848e-01  -6.6058058e-02   2.8681392e-01   8.4711591e-02  -1.6742485e-01  -4.1103826e-01   9.5627857e-03   8.1269913e-02  -5.5657760e-02  -5.3957572e-02  -8.5267793e-02  -4.3839128e-01  -1.9194149e-02  -1.1579520e-01  -1.0604832e-01   4.1271769e-01  -1.8326356e-01   1.3789895e-01  -3.3602062e-01  -2.8672721e-01   7.2422553e-02   3.7651115e-01   1.7006195e-01   1.1010997e-01  -2.2339060e-02  -1.2702683e-02  -1.7447041e-02  -2.2161570e-01   3.1096790e-03   7.5340085e-02   4.2880194e-01  -3.4369643e-01   5.2102411e-03   2.1303237e-01   1.1244019e-01  -2.9220544e-01  -7.4294361e-03  -2.4539395e-01   2.4700909e-01   2.0766904e-01   5.2362764e-03  -2.5213927e-01  -2.8400513e-01  -1.8406854e-01  -4.3009648e-02
  -1.8819049e-01   4.6492081e-01   2.3182427e-01  -1.3250547e-01   1.9959732e-01  -2.1680075e-01   2.7050061e-01  -2.1753951e-01   2.3526862e-01   0.0000000e+00   7.8955115e-02   4.7193985e-01  -5.2252575e-01  -3.2011672e-01   1.3815461e-01   6.4554515e-03   2.5987035e-01  -1.0022676e-01  -5.8311232e-02   3.5330062e-01  -1.9107021e-01  -2.4864683e-01  -7.6310610e-02  -1.7050430e-01  -1.4611147e-01  -4.5904028e-02  -5.5605393e-02  -3.7143635e-01  -2.2074561e-03   5.9466767e-02   1.3714941e-01  -6.4326787e-02  -1.1330811e-01   6.3804533e-01   4.4234042e-01   3.3891181e-01   2.4052876e-01   1.6867455e-01   4.2773806e-02   2.5747599e-01  -4.2602219e-01  -4.3901449e-02   5.8780810e-01  -1.9639028e-01   3.8472210e-01   6.3757792e-02  -1.4156943e-01  -2.6413584e-02  -5.1383996e-02   2.8705223e-01  -5.3082871e-02  -1.8302326e-01   4.5247077e-01   1.0136876e-01  -2.7639098e-02   2.3179267e-02  -2.8438185e-01  -1.3978130e-01   3.3013286e-02   4.0149827e-01   1.6970495e-01   5.3032552e-02   2.5918567e-01   3.0651752e-01   1.3421339e-01   3.8531924e-01  -1.6879230e-01   1.5191491e-01  -2.2039224e-01   2.8630212e-02   1.6474464e-01  -1.6580871e-01   2.6562379e-04  -1.1304180e-01  -3.0588508e-01  -1.8244879e-01   2.1881295e-01  -1.3934613e-01   2.8636164e-01  -2.6151687e-01  -2.9756837e-01   1.4141104e-01   1.7340758e-01  -1.6034146e-01  -6.9407912e-02  -1.6548301e-01   2.9729095e-01  -2.0310548e-01   3.3209540e-01  -2.0081355e-01  -7.8944197e-03   1.0838552e-01   4.6647512e-01   2.1377691e-01   1.4260069e-01   2.1494001e-01  -4.4993657e-01  -3.5946243e-01  -8.4479510e-02   1.5523091e-01  -3.8765227e-01   4.9187706e-01  -3.4879690e-01   2.2688287e-01  -1.9802673e-01  -1.5347743e-01   8.0327732e-02  -2.5517951e-01   1.1974683e-01  -1.0151790e-01   4.2838116e-01  -2.0538317e-01   9.1387729e-02  -1.9351107e-01  -2.9214091e-01   2.8417441e-01  -1.6738351e-01  -2.4070920e-01  -1.1358154e-01  -1.1281346e-01   1.7931342e-02   1.5233435e-02   3.1322962e-01   3.1572627e-01  -1.8138918e-01  -2.7410331e-01   1.2049774e-01  -5.1825391e-02  -1.8453505e-01   1.3267023e-01   1.2366702e-01   5.1442376e-01   2.6813410e-01  -1.1805518e-01   2.4523985e-01  -2.9741438e-01  -2.4863912e-01  -3.0748574e-01  -3.3712678e-01  -1.7769812e-01  -2.5915947e-01  -3.6982572e-01  -2.7072207e-01   1.5578214e-02   2.3648392e-03  -1.7545179e-01   1.4676285e-01   2.8853201e-01   5.4101670e-02  -5.3815574e-02  -3.6094742e-01  -3.1406260e-01  -2.2390728e-01   2.9460936e-01   4.7689981e-01  -7.3428303e-02  -9.1781865e-02  -1.9653169e-02  -3.8037676e-02  -2.5829275e-01  -4.2141200e-02  -1.0811503e-01   2.9699864e-01  -3.1316208e-01  -6.3317662e-02   3.6377786e-01   3.6249157e-01  -2.4194625e-01  -1.0200145e-01   6.2545264e-03   2.9970042e-01   1.9124396e-01  -4.7403312e-02  -1.0629878e-01  -2.6380559e-01   4.2257335e-02  -8.5209737e-02
  -4.1723928e-02  -5.8310773e-02  -4.2961975e-01   2.6273084e-01  -2.2655433e-01  -1.0929800e-01   1.8407848e-01   2.5918691e-01   4.4162339e-02   7.8955115e-02   0.0000000e+00  -3.8045534e-01  -2.4825181e-01  -3.8569139e-02   2.6320000e-01   8.3547748e-02  -3.5385878e-01   4.4236210e-01   2.3362138e-01  -2.6450433e-01   3.2596459e-01   1.7017666e-01   2.2736682e-01  -1.7523215e-01  -2.9697245e-01   3.2197398e-01  -1.3784301e-01  -1.8941440e-01   3.7223336e-02   2.8080049e-01   4.2420244e-01   2.1324290e-01   3.5402175e-02   1.1808043e-01  -1.4221251e-01   4.3252163e-02   8.7413876e-02   7.3503848e-02   6.5169041e-02  -7.8526469e-02   1.1494748e-01  -2.5334345e-01  -3.3978766e-02   5.0980989e-01   3.1864655e-01  -1.1581892e-01   3.4980616e-01   3.9813371e-01  -2.0310775e-01  -3.4268760e-01   4.2469267e-01   2.1077229e-01   1.0707259e-02  -1.4063369e-01   4.6448621e-02   3.3273875e-01  -7.9936143e-02   2.4034548e-01   4.0395812e-01  -3.2957614e-01  -1.6561665e-01  -1.5611254e-01  -2.1139950e-01   1.0486196e-01   2.1502405e-01   9.6394599e-02   7.1761245e-02  -2.1240711e-01   3.2453924e-01  -9.8384301e-02   2.0474000e-01   2.9344206e-01   2.4995248e-01  -2.1994746e-01  -2.6873909e-01   4.2358386e-02  -1.2538686e-02   1.7648423e-01  -3.9326350e-01  -1.8701259e-01   8.3735708e-02   8.7595514e-02   2.5267297e-01   2.0201048e-01   2.4624685e-03   1.3114637e-01  -1.0005230e-01  -1.9545437e-01  -2.6972543e-01  -1.1760149e-01  -2.6655316e-01  -2.5083339e-01  -2.6503850e-01  -9.7715420e-02   1.1038004e-01  -4.1690603e-01  -1.6325258e-01   1.1568926e-01  -1.8767901e-01   3.7116143e-01   7.9547528e-02   9.7822119e-02   2.7771332e-01  -2.2701982e-01   3.8668116e-01   1.9236275e-01  -2.2959825e-01   2.5959951e-01  -1.7259310e-01   2.7528485e-01   4.7995884e-02  -2.8187633e-02   5.2836522e-02  -1.8368127e-01  -5.4716410e-02  -3.7034217e-01   3.8112604e-01  -3.9001285e-02  -1.4008380e-01   2.5542170e-01  -3.4517151e-03  -3.6445535e-01  -3.8465529e-01   2.6573044e-01  -3.8818485e-03  -3.1964130e-01   3.3522356e-01  -2.3847614e-01   2.1262290e-01  -1.7026890e-01   5.6956679e-02  -5.4578496e-02  -3.0880325e-01   5.7583812e-01   1.4865481e-01   1.1550407e-01  -2.6381623e-01   6.2005197e-03   1.9826466e-01  -1.3363193e-01  -6.1568196e-02  -3.6508457e-01   2.0992735e-01  -3.2778890e-01   5.2296267e-01   6.1694217e-01   5.3270632e-02   8.3753327e-02   2.3255454e-01   5.1108869e-01  -2.1825914e-01   2.2238598e-01  -1.4362910e-02  -4.8717540e-02  -3.9067504e-01   3.7037854e-02   6.2678749e-02   4.2769286e-01  -3.1485757e-01   2.7432962e-01  -3.5361362e-02   5.1093435e-01   3.3033138e-01   3.0253681e-01   1.6225644e-01  -2.4576169e-01   5.0315218e-02  -1.1305137e-01   1.3306006e-01   2.0877721e-01  -2.6680392e-01   6.6014654e-02   3.8803927e-01  -1.1863128e-01  -2.7492931e-01   4.9364140e-02   2.1050842e-01
  -2.2294560e-01   5.3277743e-01   7.4281765e-01  -2.7810488e-01   4.1307344e-01  -8.5868374e-02   8.6333862e-02  -2.4109870e-01   4.3691470e-02   4.7193985e-01  -3.8045534e-01   0.0000000e+00  -1.4059240e-01  -5.1690677e-01  -6.6427191e-02   1.6504805e-01   7.4206829e-01  -4.4038769e-01  -1.0145240e-01   5.7500237e-01  -4.4791563e-01  -5.2063650e-01  -4.3896537e-01  -2.7370768e-01   5.5147481e-02  -2.7120835e-01   1.7640917e-01  -3.6052306e-01   3.3741891e-03  -3.5608123e-01  -1.4906019e-01  -3.2920274e-01   3.3636052e-02   4.7503653e-01   3.6153309e-01   3.9468464e-01   2.2202808e-01   1.8531417e-01   5.4250155e-02   5.1760531e-01  -1.6689847e-01   2.7355160e-01   4.0131424e-01  -3.9393279e-01   1.4128255e-01   3.2853618e-01  -2.8951250e-01  -2.5615809e-01   1.9284334e-01   7.1201395e-01  -5.0341353e-01  -3.4604648e-01   3.9308053e-01   2.4251882e-01  -8.6197195e-02  -2.2755624e-01  -1.7295976e-01  -4.4328863e-01  -3.5429729e-01   4.8713508e-01   5.7417074e-01   2.4231164e-01   3.5990057e-01   1.9546503e-01  -3.0946693e-02   2.1899551e-01  -1.7939948e-01   3.1968085e-01  -5.1355274e-01   2.7847130e-01   9.7149277e-02  -4.8070623e-01   2.4324566e-02  -7.7379986e-02   2.5532443e-02  -1.6947438e-01   3.7985550e-01  -2.7634133e-01   5.9587271e-01   2.1306157e-02  -5.3519905e-01   1.6834342e-01   1.0379812e-01  -2.5306084e-01   3.2792507e-02  -2.6555527e-01   3.5214204e-02  -2.6504440e-01   5.5774821e-01  -1.4161197e-01   2.6719312e-01   5.5044214e-01   6.6813435e-01   1.8029201e-01   2.3393486e-01   6.6327013e-01  -2.0087068e-01  -3.7257957e-01   2.6837553e-01  -9.0156360e-02  -4.2811312e-01   3.7606965e-01  -6.1817689e-01   2.0780948e-01  -6.4033312e-01  -2.4789506e-01   2.6425024e-01  -5.0628532e-01   4.6962883e-01  -4.6030016e-01   5.1633418e-01  -3.7658637e-01   1.9621639e-02  -2.6157097e-01  -3.7513864e-01   5.7736332e-01  -4.8680560e-01   2.0282349e-02  -8.8494112e-02  -4.2388773e-01  -1.3686479e-01   4.8813214e-01   5.0262436e-01   8.9114398e-02  -1.8741763e-01  -2.1757770e-01  -2.1480969e-01   1.5216553e-01  -5.0358390e-01   3.7031554e-01   2.5700089e-01   4.4487994e-01   5.2163612e-01  -4.9485480e-01  -2.0385821e-01  -1.3127163e-01   1.8901000e-01  -4.4741303e-01  -4.1908487e-01  -1.0139189e-02  -2.1592881e-01   4.0143926e-03  -2.7585808e-01   1.5785648e-01  -3.2977003e-01  -5.3765071e-01   2.2907852e-01   1.0243455e-01  -3.5703242e-01  -4.7673993e-01  -3.3378392e-01  -5.3875870e-01  -3.1911050e-01   3.8787647e-01   8.6305597e-01   9.1605291e-02  -1.4549618e-01  -2.8087591e-01   5.3983901e-01  -6.4141434e-01   3.5699826e-02  -2.7328690e-01  -4.4722711e-02  -5.6530191e-01  -2.4246319e-01   5.2144308e-01   5.3470175e-01  -3.5550330e-01  -2.1880408e-01  -8.1531776e-02   5.7647505e-01   3.1823562e-01  -1.4673888e-01  -2.5416917e-02  -3.2034418e-03   2.2278958e-01  -2.3596990e-01
   6.5603255e-02  -3.3186762e-01  -1.2398493e-02  -1.9777703e-01  -1.8953883e-01   7.1808916e-02  -1.7142504e-01  -1.1569050e-01  -1.8327581e-01  -5.2252575e-01  -2.4825181e-01  -1.4059240e-01   0.0000000e+00  -1.5216896e-02  -2.9809056e-01  -1.6878001e-01  -7.7642268e-02  -2.4290316e-01  -3.4836392e-02  -1.6067293e-01   2.9754357e-02  -4.5660871e-02  -1.6504044e-01   2.0327742e-01   3.6855528e-01  -8.1629231e-02  -9.3357539e-02   1.2566557e-01   2.0930073e-01  -3.3181827e-01  -2.5047463e-01  -2.0557795e-01   1.9321584e-02  -3.9686216e-01  -2.6758755e-01  -3.2455005e-01  -3.8331368e-01  -1.8811719e-02  -2.4603604e-01  -1.6492285e-01   5.3587635e-01   4.1464975e-02  -4.2457638e-01   1.0042510e-01  -4.1937957e-01  -4.9129609e-02  -1.3550717e-01  -6.3019891e-02   1.7690569e-01  -1.3906416e-01  -2.5654556e-01  -2.7502495e-03  -3.8219295e-01   6.8792134e-03  -1.0629269e-01  -1.7583041e-01   1.7293734e-01  -1.3952430e-01  -2.6593836e-01  -1.3230666e-01  -9.0221796e-02   3.9656348e-01  -2.7514364e-01  -2.9044498e-01  -3.5197922e-01  -3.8628788e-01  -1.4603596e-01   2.0076462e-02  -5.8697575e-02   2.1941464e-02  -9.6319874e-02  -1.1053632e-01  -1.6116889e-01   1.0796332e-01   2.9831539e-01  -2.1802235e-02  -8.6956352e-02  -4.0705267e-02  -1.2850488e-01   3.4087988e-01   6.0389876e-02  -6.8107649e-02  -1.2770777e-01  -1.3201513e-01  -8.5426178e-02  -5.7414008e-02  -2.7402885e-01   1.4198042e-01  -2.3376543e-01   2.9323651e-01   1.6598492e-01  -2.2948076e-02  -3.0715515e-01  -1.2879279e-01  -1.2401663e-02  -6.7355873e-02   7.6200265e-01   8.6042040e-02   9.2246066e-02  -2.3388644e-01   1.4588995e-01  -3.4240966e-01  -1.6134769e-02  -2.3375899e-01  -1.3837488e-01  -1.0548185e-01  -1.3828997e-01  -7.3544000e-02  -1.2717636e-01  -1.6782468e-01  -2.5036839e-01  -8.3141775e-02  -3.3845270e-01   8.4965162e-02   1.6026258e-01  -2.3459230e-01   6.5278853e-02   4.8495445e-01   4.8999103e-02  -1.7120838e-01  -1.8259576e-01   3.0848630e-01   1.7474744e-02  -3.4402624e-01   3.0181927e-01   1.2188065e-01  -2.5507963e-01   6.7698172e-02  -6.0130820e-02  -5.3520521e-02  -4.4630409e-02  -4.5512927e-01  -1.3809312e-01  -3.6868893e-02  -2.2015983e-01   1.3123867e-02   4.2709392e-01  -2.1270643e-02  -2.0483429e-02   1.6083470e-01   2.8183490e-02   6.5499347e-01  -3.4111434e-02  -9.3644422e-03  -4.8512784e-02   1.5966748e-02   9.1281482e-03  -4.5361433e-01  -2.0826382e-01  -1.2609468e-01   1.8277235e-01   4.5883803e-02   1.9407678e-01  -2.7255279e-01  -1.9664980e-01   1.1722942e-01  -2.8855983e-02  -2.7438928e-01   2.5543171e-03   4.0250738e-02   1.7299128e-01   9.2509087e-03  -2.6382313e-01   1.2110191e-02  -1.2947534e-01  -1.6379320e-01  -2.9135739e-01   4.7871858e-02   2.6899971e-02  -8.8810760e-02  -1.3076922e-01  -9.2374460e-02  -3.1557537e-01   2.2687722e-02   2.7514456e-01  -1.1006199e-01  -9.1776660e-02
   2.0102477e-01  -5.9063436e-01  -3.3184277e-01   2.2620792e-01  -2.2653971e-01   3.1974582e-01   1.5028168e-01   2.8704208e-01  -3.7906446e-01  -3.2011672e-01  -3.8569139e-02  -5.1690677e-01  -1.5216896e-02   0.0000000e+00   1.9522831e-01   1.1124915e-02  -4.3288514e-01   4.5369993e-01  -1.0142999e-01  -4.0678384e-01   3.3513804e-01   6.7904230e-01   4.7434152e-01   1.2201880e-01   2.9691158e-02   1.2829165e-01   1.1002092e-01   4.9049689e-01  -2.6208026e-01   4.8254006e-01   5.3938615e-03   1.1824914e-01  -7.3424524e-02  -3.6996641e-01  -2.6336810e-01  -3.2335847e-01  -4.2699140e-01  -4.3124290e-01   2.8993627e-02  -4.7253916e-01   2.0018789e-02  -1.8282296e-01  -1.7677139e-01   2.1695332e-01  -1.1440028e-01  -6.4345790e-02   3.6541492e-01  -2.8919373e-02  -1.9859784e-01  -4.2527817e-01   4.4043571e-01   1.8335395e-01  -5.0928839e-01  -1.9228526e-01  -8.9136230e-02   3.7926246e-01   1.2395033e-01   2.2832663e-01   1.0734226e-01  -5.7942142e-02  -3.8764231e-01  -2.7522175e-01  -2.7523808e-01  -3.9703615e-01  -5.8324758e-02  -4.3573214e-02   4.4812755e-01  -2.2668807e-01   4.9322029e-01   1.3896429e-02  -3.0377404e-01   5.0057897e-01  -6.6815438e-02   2.5278077e-01   2.9999630e-02   4.9900052e-02  -4.6838451e-01   3.9511425e-01  -4.2953091e-01  -1.1817774e-01   6.8474022e-01  -1.8679860e-01  -3.5621883e-01   8.6468047e-02   1.3956561e-01   2.4515931e-01  -2.6604827e-02   3.1496527e-01  -5.0462296e-01   4.4859174e-02  -3.3439198e-01  -3.7082724e-01  -1.8141283e-01  -2.7895950e-01  -4.3766912e-01  -3.9135697e-01   1.7873233e-01   1.0222012e-01  -1.0282309e-01  -1.9289449e-01   5.7629494e-01  -8.0832124e-02   6.8561402e-01   2.9416043e-02   4.1956615e-01   5.4852200e-02  -1.3386659e-02   4.1555234e-01  -3.0386896e-01   5.5445624e-01  -4.4957197e-01   6.8285514e-01  -9.9282004e-02   2.4709814e-01   4.6789166e-01  -4.6783848e-01   5.2118870e-01  -5.4432185e-02   5.2960128e-01   3.4565661e-01   8.8847014e-02  -4.0673661e-01  -3.8563816e-01  -3.2494532e-01   1.4913133e-02   4.5926763e-01   2.7982197e-01  -9.4842106e-02   2.3246769e-01   6.1727501e-02  -1.1631916e-01  -3.9079006e-01  -1.4591104e-01   3.1266012e-01   9.6720359e-02   7.4524866e-02  -1.5627714e-01   7.7955897e-01   3.5091995e-01  -1.2472810e-01   3.1690509e-01  -5.6682152e-02   2.4779611e-01   4.1010203e-01   2.4747957e-02   1.9760198e-01  -2.3220333e-01  -9.7503047e-02   4.3460472e-01   1.0592059e-01   5.3935725e-01   5.3316719e-01   1.4858809e-01  -3.9770561e-01  -4.3259751e-01  -3.2397993e-01  -3.6175914e-03   1.7424072e-01  -2.7484178e-01   5.8050493e-01   5.9821224e-03   1.6141653e-01  -2.2923031e-01   5.0043900e-01   4.7182629e-02  -4.9078372e-01  -4.6686640e-01   5.0619528e-01   5.1375354e-02  -5.2850347e-03  -4.7656725e-01  -4.3045157e-01   1.1957719e-01   3.1549062e-01   1.3354352e-01  -1.7513886e-01   8.5381694e-02
