   0.0000000e+00  -2.3628663e-01  -1.2203238e-01   2.1297072e-01  -3.5566617e-02   2.1016368e-01   9.3911129e-02  -1.4373401e-01   2.9492683e-03   2.3293896e-01   1.2656719e-01  -3.0502204e-02   2.9118171e-01  -1.4531255e-02  -1.1964357e-02  -5.6365961e-02  -2.4967293e-01   4.8358419e-02   4.3347053e-02   7.7832892e-02  -5.9768292e-02   4.8054742e-01   7.9235785e-02   4.5491660e-01   1.7126884e-01   6.8388121e-02   7.8204759e-02   1.8943284e-01  -2.0570469e-01  -1.2371450e-02  -2.8037422e-01   1.9816046e-01  -1.0351734e-01  -1.0950653e-01  -1.9649827e-01   1.1792434e-01  -2.6943275e-01  -2.1816054e-01  -1.0363626e-01  -1.7022489e-01  -1.4248890e-01  -6.1466677e-02  -3.3783763e-02   1.7485990e-01   1.9227275e-01  -9.5626141e-03   2.8442082e-01  -3.0401446e-01  -5.4906316e-02  -2.4311820e-01   2.1376423e-01   2.3530788e-01  -3.1162780e-01  -1.1696247e-01   1.3163400e-01   1.3592358e-01  -3.0757773e-02   2.2729799e-01   2.5763395e-02   2.0604976e-02  -2.4301086e-01   2.3199314e-01  -1.7239294e-01  -3.2374913e-01  -2.1497376e-01   1.9983466e-01  -7.7048685e-02   1.2957402e-01   3.2249315e-01  -1.9433958e-01  -5.2155231e-01   3.4859068e-01  -2.4530752e-01  -7.5462672e-02   3.3926209e-02   9.9241876e-02  -2.3406519e-01   1.9716145e-02  -2.3975142e-01   9.8542999e-04   1.8226796e-01  -6.7737306e-02  -7.8194394e-02   2.4782119e-01  -4.1584346e-01   8.8043904e-02  -3.6576645e-01   9.8448302e-02  -6.4042099e-02   4.7443563e-01  -9.2491985e-02  -2.8753781e-01  -1.0968362e-01   2.3565430e-01  -2.0353493e-01   1.3621842e-03   1.5497168e-01   1.8055611e-01   2.6298097e-01   3.3121876e-01  -3.9919892e-01  -1.7805070e-01   1.1339657e-01  -4.5784641e-01   2.9437509e-01   1.7497350e-01  -6.8497164e-02   2.0504415e-01  -1.4436450e-01  -3.1624498e-01  -1.7470087e-01   1.8187804e-01   3.4736416e-01   4.6488816e-01   1.6375422e-01  -2.5001868e-01   1.4404881e-01  -3.2715136e-01   1.0246777e-01   1.9232830e-01   3.3879029e-01   2.1317804e-01  -5.4431461e-02  -1.4764639e-01  -8.8677596e-02  -3.0672638e-03  -7.1114330e-02  -1.1729176e-01   3.8707395e-01  -2.4118143e-01  -3.3980573e-02  -2.3664562e-01   9.2118897e-02  -3.8503053e-01   3.5590882e-01   6.9551071e-02  -1.8907801e-01  -2.6045116e-01   5.5828170e-02   1.9689350e-01   5.4935653e-01   2.1275905e-01   2.2700205e-01  -7.2255080e-02  -1.9149878e-01   1.5495103e-01  -2.7124084e-01   1.2383189e-01  -3.0370636e-03  -1.5058336e-01  -6.6826148e-02   2.7122237e-01  -6.9480101e-02  -3.8838364e-02  -2.2993234e-01   3.0513607e-01  -3.7463797e-02   5.4396211e-02  -2.5113724e-01   1.6660609e-01   3.0642392e-01   2.3109265e-01  -7.5817151e-02   3.8249439e-01   2.5994095e-01   6.0262190e-02   4.2303388e-02   1.2093859e-01   1.9179140e-01  -2.2688081e-01  -4.9501016e-02  -2.5063954e-01   4.3148108e-02  -6.1793542e-02   1.5296585e-01  -3.0403044e-01   3.4407491e-01
  -2.3628663e-01   0.0000000e+00   3.6002279e-01  -4.3315591e-01   6.0217858e-01  -5.9593017e-01  -4.3837733e-01   1.4043816e-01   1.8913782e-02  -3.5812942e-01  -3.8066177e-01   4.8387651e-01  -2.8472850e-01  -3.1835657e-01  -5.1605183e-01  -2.0133354e-01   4.6731387e-01  -5.2806115e-01  -2.0149844e-01   5.2549862e-01  -5.3637019e-01  -4.0106794e-01  -5.0449856e-01  -2.0027656e-01  -1.1528607e-01   6.6734931e-02   2.6011159e-01  -2.9993802e-01   1.0103028e-01  -3.8828772e-02  -1.9800582e-01  -4.5945593e-01   1.3998253e-01   4.3187727e-01   2.4434238e-01   1.8125157e-02   2.2503771e-01   3.1170868e-01   2.7351323e-02   4.5716402e-01   1.4850889e-01  -9.1901024e-02   2.5530441e-01  -1.3745128e-01  -4.8640069e-01   2.2578762e-01  -4.4546978e-01   1.5911499e-01   1.2259910e-01   6.4208149e-01  -5.3860104e-01  -1.0845534e-01   7.5601082e-01   2.4503667e-01  -2.5907697e-01  -6.0271005e-01  -2.9557702e-01  -4.0329740e-01  -2.0859891e-01   3.3484554e-02   3.2927721e-01  -1.6502158e-01   5.5661663e-01   4.2075337e-01   2.8124186e-01  -1.5384865e-01  -3.7202741e-01  -3.1673356e-01  -4.8002081e-01  -2.6741545e-02   6.0473449e-01  -5.9448206e-01   3.4351885e-01  -2.0794926e-01  -3.1161842e-02  -1.8605455e-01   3.9258489e-01  -2.1167874e-01   5.8755948e-01  -1.9686767e-01  -6.4318725e-01   2.5438001e-02  -1.8931886e-01  -1.1838189e-01   1.6800256e-01  -2.3340859e-01   4.3281117e-01  -5.0147643e-01   4.6935122e-01   2.7386377e-02   4.8386374e-01   2.9007639e-01   6.6905145e-01  -3.2768010e-01   3.6316559e-01   5.5163427e-01  -3.7333481e-01  -4.1634863e-01  -3.0457787e-01  -4.8473876e-01  -7.3390335e-02  -3.5744389e-01  -6.2587931e-01   5.2970333e-01  -4.2008127e-01  -4.2941717e-01   2.0326153e-01  -4.9110543e-01   2.7442433e-01   7.3656075e-01   1.6481109e-01  -5.5830519e-01  -4.9978305e-01   1.3980958e-01  -4.4036573e-01   5.5631085e-01  -3.4870763e-01   6.0333098e-02  -5.5564531e-01  -4.6528766e-01   3.7119412e-02   4.3408142e-01   2.5572907e-01   3.8833962e-05   1.3672957e-01  -4.2783678e-01  -1.9914173e-01   3.7699434e-01  -4.4357070e-01   2.1356958e-01   1.9526530e-02   3.3633784e-01  -1.1336366e-01  -5.3056475e-03  -2.2764060e-01   2.5590840e-01  -5.6535120e-02  -2.7755871e-03  -2.0166609e-01   2.9944490e-01   4.3445592e-02  -2.9185200e-01  -2.6089198e-01  -2.7626052e-02  -4.0609420e-01  -3.1330343e-01   2.4398168e-01  -5.5173770e-02   3.8781747e-01  -4.9108742e-04  -4.9007081e-01  -5.2203131e-01   2.0696011e-02   3.8607012e-01   8.4649214e-01   1.1635140e-01   3.1565066e-01  -3.0876809e-01   4.5064053e-01  -6.8102936e-01  -3.7623422e-01  -3.5539503e-01  -2.7244060e-01  -4.7220220e-01  -4.2941280e-02   2.6851264e-01   1.4830914e-01  -1.8195483e-01   5.7777266e-02   6.3008975e-01   4.9672848e-01   3.4410128e-01  -2.4125055e-01  -2.3550198e-02  -3.0523392e-01   3.3456245e-01  -1.6593478e-01
  -1.2203238e-01   3.6002279e-01   0.0000000e+00  -3.4970478e-01   3.8691510e-01  -2.1111373e-01  -7.2745747e-02   3.5469806e-02  -1.0455836e-01   1.5665540e-02  -4.2666411e-01   8.0350695e-01   2.1972524e-01  -5.6856122e-01  -3.0276319e-01   3.2632339e-01   8.6849390e-01  -3.2940432e-01  -3.0494569e-01   6.5636365e-01  -5.2591202e-01  -2.4509214e-01  -2.5503281e-01  -7.7969654e-03  -1.3193719e-01  -9.7361121e-02   5.1589262e-01  -3.1232319e-01  -5.3108022e-02  -3.5491946e-01  -4.7669716e-01  -5.0199554e-01  -3.4163037e-02   2.2924429e-01  -5.4150327e-02   4.7595727e-01  -5.1194794e-01   3.8041979e-01   1.3794933e-01   1.6746585e-01   3.2063876e-01   4.1197463e-01   4.5523291e-01  -5.1259784e-02  -3.2143197e-01   2.6303735e-01   8.4567102e-02  -4.4550829e-01  -3.7293824e-01   7.3648008e-01  -2.7184315e-01  -3.3782272e-01   1.5924583e-01   5.6809104e-01   4.0245236e-02  -7.1668572e-02  -5.3377590e-01  -4.9131513e-01  -2.8106569e-01   2.7181023e-01   5.2406210e-01   2.7578462e-02   2.3438508e-01   1.2262397e-02  -3.3351860e-01   3.0273668e-01  -6.1533735e-02  -1.3739084e-01  -3.9179385e-01   6.6217808e-01   1.5207267e-01  -4.2176161e-01   2.2024995e-01   5.5577905e-02  -1.3163739e-01  -2.8120733e-01   5.0896475e-01  -1.8712872e-01   1.1390560e-01  -2.1307814e-01  -3.9559747e-01   1.2573337e-01   9.5041248e-02   2.5167022e-02   4.9268415e-01  -3.4661682e-01  -3.4471480e-01  -2.1795054e-01   1.5173098e-01  -1.1507020e-01   1.2728250e-01   8.0765204e-01   5.3378315e-01  -3.8094633e-01   3.6666206e-01   5.2273524e-01  -5.9537258e-02  -5.3110604e-01  -2.6576971e-02  -4.2965206e-01   1.9638638e-01  -3.6324932e-02  -4.2096564e-01  -1.0115337e-01  -4.4035872e-01  -4.3695482e-01   5.5498534e-01  -5.4051526e-01  -2.6897074e-01   5.6044771e-02   6.1443465e-01  -4.5021439e-01  -3.5319586e-01   2.0222718e-03  -1.2003192e-01  -2.4877201e-01  -1.6147051e-01   3.2325154e-01  -1.6967917e-02  -4.5441310e-01  -3.9499077e-02   3.6044747e-01   3.6419059e-01  -5.7497197e-01   1.4793046e-01  -6.9357487e-02  -2.0871952e-01   2.5243682e-01  -3.4532110e-01   8.0142416e-01  -9.7840842e-02  -2.5792589e-01  -2.8437516e-01  -4.6790638e-01  -1.0197228e-01   4.1723477e-02  -1.1819939e-01  -3.8801336e-01  -3.5913200e-01   3.7961808e-01   8.6324512e-02  -1.8063019e-02  -4.2992845e-01   6.8705175e-01  -2.6027471e-01  -1.7999984e-01   1.4164325e-01  -1.9989071e-01   7.5883953e-01  -6.5457492e-01   7.0545454e-02  -3.3913689e-01   2.9518765e-01   4.1776824e-02   6.0521324e-01   9.9772828e-02   2.3184018e-01  -2.3259007e-01   5.4987886e-01  -3.8221998e-01  -2.6067255e-01  -5.5950528e-01  -4.7185978e-01  -5.2779088e-01  -3.7570318e-01  -3.4893273e-01   2.7969049e-01  -2.4018887e-01   3.5702624e-01   8.0425545e-02   4.7745128e-01   3.5065434e-01  -5.3320865e-01   4.6566947e-01  -2.6659203e-01   1.8042201e-01  -2.2810683e-01
   2.1297072e-01  -4.3315591e-01  -3.4970478e-01   0.0000000e+00  -3.2696391e-01   6.1393252e-01   3.3967229e-01  -2.0185815e-01   1.5351670e-01   2.0054285e-01   3.3346998e-01  -1.9207776e-01  -7.8181686e-02   2.8349708e-01   2.7814963e-01   3.3463291e-02  -4.6252459e-01   4.2917422e-01   1.7165061e-01  -3.3338008e-01   2.6797378e-01   5.3051198e-01   3.1212457e-01   2.1145504e-01   1.9152591e-01  -8.3347320e-02  -8.8445879e-02   1.8563825e-01   2.8778503e-01   1.5763734e-01  -7.2030099e-02   6.8639162e-01  -9.6543017e-02  -3.7446732e-01  -4.6042455e-03  -9.0788605e-02  -1.7451819e-01  -4.8786473e-01  -1.8791529e-01  -2.1015611e-01  -3.1020545e-01  -1.3090783e-01  -5.3344580e-02   7.7255169e-03   3.9005143e-01  -3.0493578e-01   3.3522931e-01  -7.7936700e-02   1.1378359e-02  -5.1510462e-01   6.4769005e-01   1.7793454e-01  -4.8300604e-01  -1.7022571e-01   1.6225358e-01   2.7893323e-01   2.8824053e-01   6.4742094e-01   5.4860410e-01   2.5077153e-01  -4.9864429e-01   6.7186260e-02  -2.4497638e-01  -3.5853927e-01  -1.2702006e-01   1.7798912e-01   3.7307058e-01   3.8105336e-01   5.9908620e-01  -2.7703267e-01  -4.3174507e-01   6.7801686e-01  -2.4757624e-01   2.4853011e-01  -5.2743693e-04   2.4614469e-01  -5.9443280e-01   2.3807576e-01  -2.9433032e-01   2.2877736e-01   3.5631751e-01   5.1412551e-02  -7.4031730e-02  -8.7660632e-02  -3.3116730e-01   4.0897502e-01  -2.8115495e-01   4.1701514e-01  -3.0485109e-01  -1.0221915e-01  -2.7085912e-01  -3.7853089e-01  -4.8291035e-01   5.5881295e-01  -5.4435074e-01  -2.9235285e-01   4.3370259e-01   4.5026306e-01   2.5884256e-01   4.8970691e-01  -2.7893687e-01   2.6726361e-01   2.5608760e-01  -2.0280410e-01   6.7773294e-01   7.1754689e-01  -1.7508628e-01   6.1792026e-01  -2.1574096e-01  -4.3657841e-01  -2.5581541e-01   6.1841173e-01   6.5728470e-01  -1.7230327e-01   1.5956472e-01  -3.0953561e-01   2.3358522e-01  -2.9262060e-01   2.4064791e-01   8.0811706e-01  -2.1344155e-02  -1.9691530e-01  -1.1488289e-04   8.3422504e-02  -2.7818137e-01   4.6624408e-01   1.4975649e-01  -2.6586343e-01   6.5372466e-01  -3.9903126e-01   4.9021245e-04  -2.9457032e-01   3.5570812e-01  -1.0874034e-01   5.4204494e-01   2.1481054e-02   1.4620713e-01  -1.7075531e-01   3.6317455e-01  -1.8336134e-01   7.7796923e-02  -1.6413427e-01   5.2825762e-01  -9.9951696e-02   1.7496182e-01   3.4381594e-01  -2.6382783e-01   7.9955106e-02  -2.9426050e-01  -4.3541623e-03   3.6760851e-02   1.3857997e-01  -5.9505672e-02  -3.4851631e-01  -5.6306799e-01  -1.2241964e-01  -3.2413099e-01   4.1152241e-01  -4.7380990e-01   3.6431518e-01   5.1312763e-01   4.3847628e-01   6.4138392e-02   6.2827514e-01   4.6646394e-01  -1.3701088e-01  -8.1203979e-02   6.8535718e-02   1.0052753e-01  -3.9480050e-01  -3.4778722e-01  -4.7016841e-01   2.3349749e-01   9.0860058e-03   1.5157508e-01  -4.5125387e-01   4.7307385e-01
  -3.5566617e-02   6.0217858e-01   3.8691510e-01  -3.2696391e-01   0.0000000e+00  -4.3855800e-01  -5.9795808e-01   2.9451363e-01   1.5503933e-01  -3.5208697e-01  -5.2022340e-02   2.8938760e-01  -9.9582334e-02  -5.0646098e-01  -5.3113618e-01  -1.4777323e-01   4.6516527e-01  -2.8855945e-01  -1.2832727e-01   7.0638152e-01  -4.2073767e-01  -3.0309267e-01  -5.2383229e-01   1.0929587e-01  -1.3367728e-01   1.6582025e-01   4.2104420e-01  -1.2581271e-01  -7.9713448e-02   4.2125744e-02  -1.5409846e-01  -5.0435453e-01   1.7793357e-01   1.6113701e-01  -9.6573710e-02   4.8266247e-01  -4.3443003e-02   2.8122771e-01   7.4157465e-02   3.7726708e-01   4.0351596e-01   1.1059988e-01   2.2946083e-01   1.4413773e-01  -4.6298251e-01   3.9860560e-01  -6.5475544e-02  -1.4129869e-01   1.2214009e-01   5.6733603e-01  -4.2932709e-01  -9.1507387e-02   4.6394337e-01   4.5379593e-01  -6.3757228e-02  -3.1582720e-01  -2.5454157e-01  -4.4345014e-01  -1.1250673e-01  -1.3200518e-01   4.1437616e-01   4.2886149e-02   5.3755924e-01   3.9477054e-01   2.6579184e-01   9.6067752e-02  -2.0220464e-01  -2.4008249e-01  -3.1189371e-01  -3.9649234e-02   7.1373604e-02  -4.7540104e-01   4.6047305e-01  -1.4329486e-01  -1.7449162e-02  -2.3140747e-01   3.9215630e-01  -1.0345083e-01   5.3605808e-01  -7.2421289e-02  -5.6007996e-01   2.4533848e-01  -1.6413332e-02   2.6437465e-01   5.7715402e-02  -4.3815145e-01   1.0876275e-01  -3.0548030e-01   5.0060843e-01   2.8618415e-01   6.7411243e-01   4.5102431e-01   4.8129807e-01  -2.5786639e-01   3.8496655e-01   6.0241266e-01  -2.2418813e-01  -3.3339618e-01   1.9976506e-02  -4.2991878e-01  -1.7367916e-01  -4.2265352e-01  -3.4688707e-01   1.6453939e-01  -4.2781824e-01  -4.6231172e-01   3.7423028e-01  -4.5545040e-01  -5.7603189e-02   4.9006334e-01  -1.9241966e-02  -5.0240547e-01  -3.0566848e-01   2.6140267e-01  -3.7473590e-01   4.3483098e-01  -2.9292932e-02   2.9123782e-01  -3.0666607e-01  -4.5584991e-01   2.6342572e-01   5.0741287e-01   1.6399930e-01  -3.4020784e-02   2.6873387e-01  -6.2724754e-01  -4.1282700e-01   3.1678884e-01  -3.8221267e-01   1.9332080e-01   1.0439092e-02   4.4903222e-01  -2.4866727e-01  -2.5769755e-01  -2.5052278e-01   1.8751995e-01  -5.9937790e-02  -1.3757581e-01  -4.0734791e-01   4.5884806e-01   2.3409463e-01  -2.2024967e-01  -3.2896391e-01   6.2630634e-02  -6.0883125e-01  -3.0902307e-01  -7.8215144e-02   2.3396441e-01   3.8972974e-01  -2.1199330e-01  -3.3865726e-01  -2.1496354e-01   3.5287956e-01   5.6752502e-01   5.5227991e-01   2.9522227e-01   4.7381693e-01  -1.3404278e-01   5.1840501e-01  -5.5080733e-01  -3.2270662e-01  -2.4120562e-01  -1.9727791e-01  -4.1268828e-01  -1.1690862e-01   1.3890438e-01   3.4791417e-01   1.0183876e-02   3.1904939e-01   4.8260886e-01   5.6738579e-01   3.8478317e-01   6.7915482e-02   7.7243708e-02  -3.2924230e-01   4.0532793e-01  -1.1473523e-01
   2.1016368e-01  -5.9593017e-01  -2.1111373e-01   6.1393252e-01  -4.3855800e-01   0.0000000e+00   6.1507344e-01  -2.4381705e-01   5.2201298e-02   4.9711267e-01   3.5263721e-01  -1.9320652e-01   9.4205712e-02   1.9788351e-01   2.8279837e-01   1.8737898e-01  -3.6306223e-01   5.5106843e-01   1.5701738e-01  -3.6714855e-01   3.8148934e-01   4.4987495e-01   4.1651917e-01   2.4105634e-01   1.4080026e-01  -1.3872267e-01   9.2899207e-02   2.3997003e-01   1.5793568e-01   9.1108962e-02  -2.0811804e-01   6.2773798e-01  -2.8389236e-01  -5.3977461e-01  -1.1981074e-01   1.1769963e-01  -3.7749384e-01  -6.2563942e-01  -1.1734815e-01  -3.7028915e-01  -3.4146819e-01  -9.0169062e-02   2.6243085e-02  -2.6797713e-01   5.2534712e-01  -4.7061792e-01   6.6074463e-01  -9.5776536e-02  -1.4894895e-01  -5.8486779e-01   8.1620474e-01   9.7649176e-02  -7.2687205e-01  -2.2316651e-01   2.1991077e-01   5.5803435e-01   3.6372632e-01   6.7699777e-01   2.1365003e-01   4.4679256e-01  -5.4928993e-01   8.2021125e-02  -2.8393913e-01  -6.2976681e-01  -3.3857764e-01   5.0887827e-01   7.3520604e-01   4.5904739e-01   7.0561179e-01  -5.7466223e-02  -5.7993722e-01   7.7120112e-01  -3.4987157e-01   2.8406824e-01  -1.0478918e-02   1.2668385e-01  -6.6840049e-01   8.2833975e-02  -3.9780364e-01  -9.2118013e-03   5.3346914e-01  -1.4616494e-01   1.5082200e-01  -4.1034858e-02  -2.1846245e-01   3.5020732e-01  -5.4021619e-01   4.6984153e-01  -4.9345650e-01  -1.0250614e-01  -4.3900718e-01  -3.4097656e-01  -6.4996683e-01   6.3841275e-01  -6.5389622e-01  -4.7553473e-01   4.2230819e-01   4.6567184e-01   3.1965926e-01   6.6192037e-01  -2.3382431e-01   3.5704613e-01   3.2758963e-01  -3.4625041e-01   6.1901337e-01   5.1233239e-01  -2.2373306e-01   6.7516354e-01  -4.9391719e-01  -5.7943210e-01  -1.0769604e-01   8.1487285e-01   7.4884641e-01  -2.0700610e-01   1.8599607e-01  -6.4462806e-01   3.6134945e-01  -3.1074762e-01   5.0566690e-01   6.9864040e-01  -1.2624902e-01  -3.1547135e-01   1.0536955e-01  -1.4378967e-01  -3.5319047e-01   6.1161115e-01   1.3138330e-01  -3.8401379e-01   5.1855412e-01  -1.3468226e-01   4.2677996e-03  -5.8245084e-01   4.6064290e-01  -3.2092674e-01   5.6053048e-01  -2.1844873e-01  -8.1366549e-03  -4.1155173e-01   3.6643688e-01  -3.3368839e-01   7.4279466e-03   4.6819943e-02   5.5629201e-01   2.7936024e-01   9.3917738e-02   1.4725493e-01  -5.5453771e-01   2.6735210e-01  -2.1208575e-01  -1.7676380e-01   1.9221483e-01   1.1391440e-01  -1.5232612e-01  -4.3031207e-01  -6.5378903e-01  -1.2853863e-01  -4.8104010e-01   2.7707098e-01  -6.0747181e-01   5.6787560e-01   5.2919597e-01   3.6186696e-01   1.2706427e-01   5.7260361e-01   2.5053475e-01  -3.6664884e-01   5.8349920e-02   2.4794513e-01  -1.9237075e-02  -5.3203053e-01  -3.3609511e-01  -6.3339957e-01   2.1601811e-01   3.9608890e-01   7.3938669e-02  -4.7824223e-01   2.6027767e-01
   9.3911129e-02  -4.3837733e-01  -7.2745747e-02   3.3967229e-01  -5.9795808e-01   6.1507344e-01   0.0000000e+00  -3.0778692e-01  -3.0389219e-01   8.3728145e-01  -5.5933963e-02   5.1280122e-02   1.8272828e-01   2.5446413e-01   5.8060606e-01   2.2057129e-01  -2.1228038e-01   5.4169070e-01  -1.7768923e-02  -3.1572451e-01   5.1230492e-01   3.2465052e-01   7.9095427e-01  -3.6855268e-02   1.9745783e-02  -1.8573253e-01  -5.7601764e-02  -1.4658004e-01  -4.8313759e-02  -2.5927364e-01  -1.5896810e-01   3.9468727e-01  -3.0849049e-01   4.2528665e-02  -1.2809946e-01   6.4743662e-02  -2.7266541e-01  -4.5833020e-01  -1.0950656e-01  -2.5876922e-01  -2.8596763e-01  -6.1733222e-02  -1.8895938e-01  -4.0070061e-01   6.2173730e-01  -5.1233721e-01   4.6862673e-01   1.4840974e-02  -5.9456002e-02  -3.7838872e-01   6.4433224e-01  -1.1925871e-01  -6.0139015e-01  -2.4877968e-01   4.2372888e-02   5.3587056e-01   7.5739055e-03   3.7394183e-01   4.7034965e-02   2.5300336e-01  -3.9540460e-01   1.9568139e-01  -5.7667979e-01  -6.3016101e-01  -5.6896218e-01   3.8831314e-01   4.4557160e-01   2.9047034e-01   3.4292401e-01   3.1100257e-01  -2.0201814e-01   5.5076770e-01  -3.6598703e-01   1.9334515e-01  -4.0519276e-02   4.0967608e-02  -4.5335839e-01  -9.9388346e-02  -6.1406851e-01  -2.6143307e-01   5.3746209e-01  -2.3127943e-01   2.1226453e-01  -1.6421692e-01   2.0285942e-03   2.5783045e-01  -4.8454597e-01   3.0210777e-01  -5.1391246e-01  -2.8665795e-01  -7.2139527e-01  -1.9961642e-01  -3.6184897e-01   2.2993429e-01  -4.6917630e-01  -3.6097982e-01   2.7986162e-01   1.4865071e-01   2.4727904e-01   6.0131307e-01   5.4385820e-02   4.6753289e-01   3.5606336e-01  -3.0756178e-01   4.3586219e-01   4.8298263e-01  -1.5083195e-01   2.9998259e-01  -1.7551518e-01  -4.1442373e-01   3.9628778e-01   5.7133933e-01   5.0821077e-01  -2.7545546e-01   4.5767579e-01  -6.6880565e-01  -3.7528508e-02  -3.5233040e-01   5.0852821e-01   4.6032491e-01  -3.6768725e-01  -3.2598753e-01  -7.9913241e-02  -2.7989406e-01  -4.6828736e-01   7.5026715e-01   3.4874776e-01  -3.5933817e-01   3.1550949e-01  -5.6338434e-03   8.1018787e-02  -5.3672021e-01   3.8973234e-01  -1.2822891e-01   2.6727007e-01  -2.6692318e-01  -2.2561011e-01  -2.0399724e-01   2.2824211e-01  -3.9282077e-01  -1.8698058e-01   8.4858224e-02   3.1763360e-01   3.8769983e-01   4.9822346e-01   2.6011376e-01   1.2564322e-02   6.7366551e-02   9.7421289e-02   6.5673795e-02   4.2015524e-01   1.2020167e-01  -1.4180588e-01  -6.0912307e-01  -4.0832012e-01  -3.8212185e-01  -4.9239837e-01   7.7260379e-02  -4.1898546e-01   6.4412406e-01   4.9301262e-01   1.2480656e-02   3.0958694e-01   3.2517037e-01  -1.9709990e-02  -1.8518550e-01  -2.2010978e-01   3.4320755e-03  -1.9275861e-01  -3.3409361e-01  -5.5444713e-01  -5.4433557e-01  -8.3337882e-02   4.1170763e-01   9.5423364e-02  -3.8922259e-01   1.4332627e-01
  -1.4373401e-01   1.4043816e-01   3.5469806e-02  -2.0185815e-01   2.9451363e-01  -2.4381705e-01  -3.0778692e-01   0.0000000e+00   1.3344608e-01  -3.1770563e-01  -2.5907587e-02   3.9344389e-02  -8.9894553e-02  -1.7726294e-01  -3.7673190e-02  -2.0931559e-02   1.4050068e-01  -2.5323213e-01  -3.8831276e-02   2.6603032e-01  -4.9250174e-02  -3.5665833e-01  -8.2188253e-02  -2.8068744e-01  -4.9807085e-02   3.6292161e-01   1.5714893e-01  -1.9095205e-02  -8.9938416e-02  -3.1426001e-02   1.6915652e-01  -2.9776365e-01   2.5711702e-01   2.0064075e-01  -5.9290509e-02   1.0857838e-01   1.2291678e-01   2.0579727e-01   8.7556761e-02   3.0455988e-01   1.8938859e-01   1.9538729e-01   6.9597545e-02   3.6420720e-01  -1.8835929e-01   1.8643679e-01  -8.0199976e-02  -6.9989206e-02   2.3388824e-01   3.0851541e-01  -2.9047511e-01   1.8229640e-01   2.4027374e-01   3.4377175e-01   1.0833910e-02  -6.2518417e-02   6.0793613e-02  -4.1551790e-01  -5.1115377e-02  -2.2242672e-01   2.8872159e-01   1.0518181e-01   1.0942520e-01   2.9932922e-01   1.7689543e-01  -2.4169983e-01  -7.1482893e-02  -2.7918033e-03  -1.5180751e-01  -1.5129757e-02   1.1454767e-01  -3.6768704e-01   3.1692672e-01  -8.5080040e-02   1.7355069e-01  -1.1375821e-01   2.5910689e-01   5.5177767e-02   1.6084147e-01   9.7464344e-02  -2.9816282e-01   1.9433207e-01   1.2189661e-02   2.6983924e-01   1.3358551e-01  -3.2742280e-01   1.4751227e-01  -6.1606486e-02   2.9561769e-01  -2.5799656e-02   2.1513859e-01   3.5299797e-01   2.4385010e-01  -1.8990090e-01   2.7194534e-01   2.6126490e-01  -6.9266084e-02   3.2478934e-02  -1.6910130e-01  -2.4017579e-01   9.8045015e-02   4.3167559e-03  -3.6327013e-02   7.3246444e-02  -4.0511050e-01  -1.5041713e-01   3.6328527e-01  -1.5437781e-01   9.4637511e-02   1.7492321e-01  -2.3508951e-02  -4.2071265e-01  -1.9632427e-01  -4.0496153e-02  -1.8318034e-01   2.5181899e-01   8.8661474e-02   1.2450015e-01  -1.4107187e-01  -2.0972488e-01   1.4660488e-01   1.8689962e-01   6.8461305e-02   1.1247308e-01   1.3325508e-01  -3.8306773e-01  -5.7600355e-02   2.6761838e-01  -1.1467343e-01  -7.7625729e-02   7.0021172e-02   2.8381185e-01  -3.4820602e-01   1.2806483e-01  -2.4492127e-01   3.7142327e-02   4.7816060e-02   2.1340265e-01  -2.0613508e-01  -1.6143543e-02  -9.9823861e-02  -1.4562396e-01  -2.3565813e-01  -1.4838750e-01  -6.3621351e-02  -4.3142431e-02   1.5635221e-01  -1.1156138e-01   1.0710021e-01   1.0727927e-01  -4.9722765e-02   1.1575669e-01   4.0612868e-01   1.8356482e-01   1.3006009e-01   2.4671405e-02   1.6121364e-01   6.4692557e-02   3.8738339e-01  -2.3057777e-01  -2.3719852e-01  -5.4993310e-02  -1.1147508e-01  -2.9820806e-01  -2.6122508e-01   1.5436995e-01  -1.1723562e-02   1.9317022e-01   1.8765552e-01   1.8943929e-01   2.1854467e-01   9.4175289e-02  -5.2705274e-02  -2.1172471e-01   7.9120195e-02   2.5694311e-01  -5.3664338e-02
   2.9492683e-03   1.8913782e-02  -1.0455836e-01   1.5351670e-01   1.5503933e-01   5.2201298e-02  -3.0389219e-01   1.3344608e-01   0.0000000e+00  -3.7170870e-01   3.2500710e-01  -1.0782286e-01  -2.3179820e-01   1.2475635e-01  -3.5498905e-01  -1.6328496e-01  -1.2608273e-01  -3.4270356e-02   1.4064475e-01  -1.3576403e-01  -1.4217070e-01   1.0150133e-01  -4.2184543e-01   1.8766969e-01   3.3815393e-01   1.5433017e-01  -2.5775885e-02   2.4894523e-01   1.6060518e-01   5.9437413e-01   4.9812160e-02   4.6175404e-02   6.8891644e-02  -3.9032901e-01   2.0738253e-01  -1.4902380e-01   1.4203027e-01  -2.7717310e-01  -1.1943336e-01   3.2455386e-02   1.2362825e-02  -9.5468443e-02   3.5498081e-01   1.9313691e-01   2.7551911e-02   7.6249721e-02  -6.8492054e-02   1.0269744e-01   5.8834552e-02  -1.4525969e-01   4.9513492e-04   1.4488967e-01   8.4402495e-02  -2.5597736e-02   3.7353951e-01  -1.0218821e-01   2.1470560e-01   1.4801439e-01   2.3338763e-01   3.2450474e-01  -1.1438739e-01  -1.5962456e-01   4.9658599e-01   3.6336066e-01   5.1681121e-01  -2.4475756e-02   1.6579933e-01   1.8516233e-01   1.5331043e-01  -3.8724658e-01  -4.3854065e-02   1.1651427e-01   1.8060489e-01   7.0543836e-02   8.7689328e-02   3.6719568e-02  -1.7184189e-01   2.7428323e-01   3.1211603e-01   1.8709283e-01  -2.1498566e-01   9.2378602e-02  -1.8104643e-01   9.1131973e-02  -1.3903307e-01  -3.6473292e-02   2.8363009e-01   1.2410455e-01   1.6344515e-01   8.3887800e-02   3.6149912e-01  -1.2335844e-01  -2.4829802e-01   4.1511513e-01  -2.0784957e-01  -1.1996364e-01   2.9855835e-01   1.7960757e-01   7.1187732e-02  -6.9537020e-03  -8.2990136e-02   5.4240167e-02  -4.5692672e-02   3.3760763e-01   4.6146649e-02   1.4877448e-01   7.6315331e-02   1.8925590e-01  -7.4071977e-02  -8.4582528e-02  -4.3359059e-01   1.0381526e-01   1.9668974e-01  -8.6338327e-02  -3.2034452e-01   2.1350245e-01   3.5929840e-01  -7.5302036e-02  -1.5668095e-01   1.5163052e-01   2.2626445e-01  -1.8043248e-02   1.9683708e-01   5.1118049e-01   6.4738785e-02  -1.5281891e-01   6.4395440e-02  -2.2020387e-02   1.9352209e-01  -1.0866955e-01  -7.8539843e-02   8.5678223e-02   1.4948179e-01   5.1777389e-02   3.4677948e-01  -6.2424679e-02   1.2876989e-01   4.3618197e-02  -2.1710124e-02  -1.9227818e-02   1.1206975e-01  -6.5675073e-02   4.1320193e-02  -2.4186148e-01  -2.0972225e-01  -1.0198296e-01  -3.6191947e-01  -3.1210659e-04  -3.0189760e-01  -4.8893736e-03  -3.6296275e-01  -6.3617063e-02   2.1112601e-02   2.8667047e-01  -4.7725194e-02  -1.7058890e-02  -5.7964862e-02   1.5961706e-01  -1.4437178e-01  -2.2722838e-01   1.9904912e-01   2.7447154e-01  -9.8619695e-02   2.1511472e-01   2.3143008e-01   1.9121359e-02   2.4736524e-01  -2.3025500e-02   1.4248600e-01  -1.9257841e-01   3.5915307e-01  -7.1005954e-02   3.9562265e-01  -1.6688489e-01   5.0948384e-02   3.5357983e-02   2.2540099e-01
   2.3293896e-01  -3.5812942e-01   1.5665540e-02   2.0054285e-01  -3.5208697e-01   4.9711267e-01   8.3728145e-01  -3.1770563e-01  -3.7170870e-01   0.0000000e+00  -2.7210573e-02   5.8701905e-02   2.4896377e-01   4.9339235e-02   3.8120187e-01   2.6156757e-01  -1.5667873e-01   5.5123820e-01  -7.6548239e-02  -1.6927145e-01   3.6212260e-01   3.0088597e-01   6.7598182e-01   5.3572534e-02  -6.5465192e-02  -2.2421707e-01   8.2141919e-02  -1.2330158e-01  -1.3880542e-01  -3.1613036e-01  -2.7401622e-01   2.7542370e-01  -2.9607760e-01   1.0458588e-01  -2.1849130e-01   2.8449189e-01  -3.2394204e-01  -3.2932669e-01  -7.7341016e-02  -2.9980956e-01  -1.3736193e-01  -8.7137066e-02  -1.4445562e-01  -3.0297458e-01   5.5588527e-01  -3.8899015e-01   5.2125304e-01   9.8443559e-05  -1.4990369e-01  -3.4140572e-01   5.7963313e-01  -1.6665504e-01  -5.1642803e-01  -1.9162776e-01  -4.0603196e-02   4.8191498e-01  -8.2603292e-02   3.0836493e-01  -1.3994048e-02   1.1858255e-01  -2.9395304e-01   2.6437470e-01  -4.9405125e-01  -5.9982841e-01  -5.4866221e-01   5.2894903e-01   2.9207036e-01   1.7982698e-01   2.8320668e-01   2.8891257e-01  -2.6409566e-01   4.4894993e-01  -2.2651251e-01   8.2918111e-02  -4.8087802e-02  -1.9979653e-02  -3.3424420e-01  -8.6850076e-02  -4.9112871e-01  -2.7710089e-01   4.5777993e-01  -1.4249115e-01   2.1523985e-01  -1.3255511e-01  -1.1218950e-01   1.6534029e-01  -5.5468900e-01   1.0983207e-01  -5.1888849e-01  -5.1322018e-02  -5.6138858e-01  -1.7291245e-01  -2.8975671e-01   1.7348261e-01  -3.1571405e-01  -2.5924325e-01   1.5570213e-01   1.4288202e-02   3.6055746e-01   6.1070759e-01  -6.8351774e-02   2.2425894e-01   2.5284419e-01  -4.0685646e-01   3.5895936e-01   3.5370314e-01  -1.4001551e-01   1.9299767e-01  -1.9147097e-01  -3.6282720e-01   3.6191501e-01   4.6206822e-01   4.2984241e-01  -5.7955582e-02   4.2170156e-01  -6.2954358e-01  -5.3133251e-02  -2.4779186e-01   4.6173485e-01   3.3130450e-01  -2.2929285e-01  -2.3433252e-01  -2.1641260e-01  -3.9816840e-01  -4.1295656e-01   4.8963702e-01   1.9587925e-01  -2.3628665e-01   2.3858949e-01   3.1365517e-02   2.5722018e-02  -4.2418530e-01   2.2914369e-01  -3.3597669e-01   1.8723061e-01  -2.5822642e-01  -2.9218177e-01  -3.0512357e-01   1.4074089e-01  -2.0476868e-01  -3.9035692e-02   8.3709717e-02   2.8006238e-01   3.8433557e-01   2.3779137e-01   1.3402281e-01  -7.1474174e-02   2.0349217e-01   1.7636873e-01   3.3934015e-02   3.1644761e-01   1.6285173e-01  -1.4594307e-01  -3.9703092e-01  -3.0352300e-01  -1.9584403e-01  -2.7406206e-01   5.9984311e-02  -3.1963999e-01   5.0934392e-01   4.0412269e-01  -6.8559888e-03   3.9834559e-01   2.7143880e-01  -4.6854206e-02  -1.4398044e-01  -9.3203623e-02   8.1848665e-03  -7.6441337e-02  -2.5448531e-01  -4.2807132e-01  -3.9521507e-01  -2.2933616e-02   4.1500922e-01  -2.5737234e-02  -2.7962460e-01   1.0338040e-01
   1.2656719e-01  -3.8066177e-01  -4.2666411e-01   3.3346998e-01  -5.2022340e-02   3.5263721e-01  -5.5933963e-02  -2.5907587e-02   3.2500710e-01  -2.7210573e-02   0.0000000e+00  -4.8480145e-01  -8.8334609e-02   1.8283489e-01  -7.2318591e-02  -1.3757686e-01  -5.1401527e-01   4.5398654e-01   5.7827838e-02  -3.9569971e-01   2.4276801e-01   2.3264714e-01  -5.6871653e-02   1.7580791e-01   1.8373167e-01   1.8616193e-03  -2.8551724e-02   1.9969900e-01   1.3889069e-01   5.5256244e-01   2.3870765e-01   3.9040859e-01  -1.2413916e-01  -5.6444433e-01  -3.0407354e-02   3.6474401e-02  -8.5892345e-02  -3.4228995e-01  -1.2182987e-01  -3.2949455e-01   7.0976380e-03  -2.1899686e-01   8.6951854e-03   1.6648185e-01   3.1623559e-01  -7.6826829e-02   3.9089655e-01   1.9664574e-01  -1.0942458e-01  -5.9976712e-01   4.4743939e-01   2.9885791e-01  -3.1218707e-01  -3.6419956e-01   2.1551042e-01   1.6880679e-01   2.9910223e-01   3.8786951e-01   5.0464733e-01   5.5827616e-02  -3.9057259e-01  -9.8526084e-02  -3.4961509e-03   7.2228230e-02   2.9991360e-01   2.4039492e-01   3.4673424e-01   2.0184525e-01   6.0912767e-01  -3.2828826e-01  -4.1586051e-01   4.2472170e-01  -9.5856453e-05  -5.8036102e-02  -9.5258899e-02   3.5511926e-01  -4.2766251e-01   3.2534210e-01   3.0063975e-02   2.4942613e-01   9.3018738e-02   4.9969274e-02   6.3010925e-02   1.7571167e-01  -3.7755606e-01   3.5340262e-01  -1.8772688e-02   2.0636153e-01  -1.6310405e-01   3.3574624e-02   1.0365363e-01  -4.1682811e-01  -5.6750643e-01   4.8198191e-01  -3.7101394e-01  -4.1893198e-01   2.5127060e-01   4.0068372e-01   4.0736297e-01   2.9815181e-01  -2.2222146e-01   1.5757424e-01   2.2215018e-01   2.6734808e-02   3.9566985e-01   2.6253412e-01  -3.4697042e-01   5.0422203e-01  -3.0927895e-01  -2.5154796e-01  -4.4687861e-01   3.9800126e-01   4.2660126e-01  -3.9781676e-02  -1.5793893e-01  -1.0482261e-01   4.2688704e-01  -3.1636588e-02   8.0303220e-02   3.1456025e-01   7.2850269e-02  -3.1036128e-01  -1.1430294e-01   3.7642655e-01  -7.2169270e-02  -1.3113674e-02   1.2955162e-02  -1.4393059e-01   3.3823790e-01  -2.9383034e-01   7.5489159e-03   1.7020691e-01   1.5632898e-01  -2.7678723e-02   2.2764222e-01   1.5817338e-01   1.3871775e-01  -1.0774173e-01   4.0793599e-01  -7.6204152e-02   1.4792606e-02  -3.1751026e-02   5.5472638e-01  -2.0270739e-01  -1.6674225e-01   2.3413562e-01  -5.1302270e-01   5.3887767e-01  -5.4387497e-01   5.7878761e-02  -6.9727897e-02   1.4261003e-01  -1.7733643e-01   3.1439020e-01  -4.9528077e-01  -8.9849635e-03  -2.3091607e-01   4.7594624e-01  -4.8292881e-01   1.6987180e-01   2.7789810e-01   5.6744481e-01   2.3815297e-01   5.6110933e-01   1.8527582e-01  -3.5930936e-02   2.8013365e-01   2.2062224e-01  -1.0462269e-01  -3.5405870e-01  -5.1219158e-02  -3.5228834e-01   6.6561792e-01  -8.2951557e-02  -9.2065429e-03  -2.5976106e-01   2.1700717e-01
  -3.0502204e-02   4.8387651e-01   8.0350695e-01  -1.9207776e-01   2.8938760e-01  -1.9320652e-01   5.1280122e-02   3.9344389e-02  -1.0782286e-01   5.8701905e-02  -4.8480145e-01   0.0000000e+00   9.8339337e-02  -4.5974666e-01  -3.1827142e-01   2.0784411e-01   6.4766702e-01  -4.0641322e-01  -2.8649041e-01   6.4103235e-01  -5.3977489e-01  -2.2499087e-01  -2.2404972e-01   2.3053537e-03  -1.1985105e-01   1.2366504e-02   4.4675933e-01  -3.3924890e-01   4.8098786e-03  -3.2019272e-01  -5.4666055e-01  -3.6715952e-01  -1.1774937e-01   3.3582612e-01   1.3576875e-01   3.0199036e-01  -4.1986744e-01   1.8727783e-01  -5.5715977e-02   1.6355414e-01   1.0748568e-01   2.2768836e-01   5.3808137e-01  -1.3036367e-01  -2.3487644e-01   7.6197431e-02  -1.2797057e-02  -3.6003116e-01  -2.4100855e-01   6.5785219e-01  -2.1347361e-01  -2.1148918e-01   1.6160628e-01   4.1323341e-01  -7.5939673e-02  -8.4906802e-02  -5.1639808e-01  -4.0158389e-01  -2.4294442e-01   4.4346193e-01   3.5758462e-01   1.4883380e-02   2.3464055e-01  -3.5825183e-02  -3.2103733e-01   3.1594434e-01  -1.1669363e-01  -1.5150120e-01  -3.5455145e-01   5.2174816e-01   2.3415824e-01  -3.4410288e-01   7.6706340e-02   1.6312664e-01   2.0555944e-02  -2.1254952e-01   3.4056997e-01  -1.5039673e-01   8.7927815e-02  -3.0849948e-01  -4.3599637e-01  -4.8272924e-02  -2.6204700e-02  -5.2512917e-03   4.0950086e-01  -2.1926363e-01  -2.6503159e-01  -2.6238283e-01   2.4911467e-01  -1.2617542e-01   4.9322545e-02   6.1757839e-01   6.3053688e-01  -2.3930775e-01   1.9305475e-01   5.4622983e-01  -1.0335327e-02  -4.2842483e-01  -1.3944488e-01  -3.3166781e-01   6.5806389e-02   1.4049381e-01  -5.6111388e-01   1.4442272e-02  -2.9578389e-01  -2.5556979e-01   4.3608449e-01  -4.2200524e-01  -1.4299731e-01   9.6795951e-02   7.0950809e-01  -4.0880783e-01  -2.5072309e-01  -2.6231099e-02  -9.9147198e-02  -2.6168175e-01  -2.4335346e-01   4.0866170e-02  -1.4861402e-01  -3.4989080e-01   2.3654674e-02   3.9409557e-01   4.9029545e-01  -5.2840210e-01  -6.0798998e-02   1.0817537e-01  -6.6169271e-02   2.1518309e-01  -1.9679986e-01   5.1696359e-01  -9.1872333e-02  -3.6432212e-01  -1.2971242e-01  -4.2995086e-01   6.4652017e-02   7.3805631e-02  -1.3741746e-01  -3.6299323e-01  -2.2606649e-01   3.0548693e-01   1.8235211e-01  -1.2399798e-01  -2.6596445e-01   5.3293324e-01  -1.9240551e-01  -1.5712644e-01   2.0261700e-01  -2.6544001e-01   8.1312255e-01  -5.3283808e-01  -1.3146570e-01  -4.1501928e-01   1.8150608e-01  -4.0510256e-02   6.3395022e-01   5.1167740e-02   1.4139436e-01  -2.4023491e-01   4.2452048e-01  -4.4007952e-01  -1.5786144e-01  -5.1909082e-01  -4.8939521e-01  -4.6701896e-01  -2.9474283e-01  -2.4957507e-01   2.8207997e-01  -2.6978811e-01   2.4651388e-01   9.1420071e-02   4.8395549e-01   1.6305559e-01  -6.0724042e-01   3.3614692e-01  -1.8740843e-01   9.1093753e-03  -1.5836123e-01
   2.9118171e-01  -2.8472850e-01   2.1972524e-01  -7.8181686e-02  -9.9582334e-02   9.4205712e-02   1.8272828e-01  -8.9894553e-02  -2.3179820e-01   2.4896377e-01  -8.8334609e-02   9.8339337e-02   0.0000000e+00  -2.7352529e-01   1.2393956e-01   3.5940143e-01   1.7812453e-01   5.0255980e-02  -1.5952182e-01   2.4132963e-01  -2.5162565e-02   2.5433845e-01   1.8607416e-01   4.7707123e-02   1.2192747e-01  -2.0185751e-01   1.2156373e-01  -1.5840449e-02  -4.1906747e-01  -3.8098295e-01  -1.8143215e-01  -1.8089361e-02   1.9757618e-02  -1.4532849e-02  -3.1851282e-01   3.4266182e-01  -3.9727640e-01   9.0664769e-02   2.7487727e-01  -1.8681563e-01   3.5273442e-01   3.2170387e-01  -6.4659045e-02   6.7730242e-03   2.1045272e-01   8.1682820e-02   3.4946879e-01  -3.9841773e-01  -1.1445481e-01   5.3916450e-02   1.6798275e-01  -2.0579546e-02  -3.5016397e-01   8.3695872e-02   1.8935756e-01   1.7553472e-01  -1.4710129e-01   1.1471939e-02  -8.6098510e-02   3.8853840e-02   6.9257123e-02   3.0107912e-01  -3.5240304e-01  -2.8599159e-01  -4.8608479e-01   1.7424243e-01   1.7165759e-02  -4.5290578e-02   7.7696476e-02   2.5716292e-01  -3.6660625e-01   8.4108701e-02  -4.8145040e-02  -7.9034846e-02  -2.1116345e-02  -4.3991242e-02   8.3564318e-02  -2.9763415e-01  -3.9181561e-01   4.2057024e-02   2.0748490e-01   1.4472119e-01   2.3809033e-02  -1.9648655e-02  -5.2695606e-02  -3.9066053e-02  -5.2178428e-01   1.3237906e-01   7.3688234e-03  -1.3937069e-02  -2.3915559e-01   1.5243518e-01   2.6275660e-02  -7.8759991e-02   1.1623415e-01   1.0708524e-01   1.8336457e-01  -7.9974100e-02   1.8008532e-01   6.6468424e-02  -5.6609324e-02   3.1291918e-02   1.8878745e-01  -5.0302562e-01   1.8372894e-02  -3.9966935e-02   1.2258085e-01  -6.4431879e-02  -2.4240703e-01  -4.0267647e-01   2.1844452e-01   7.1679946e-02   7.6526429e-02   8.6916473e-02   4.3844814e-02  -4.2660933e-01   2.5425684e-02   1.4285893e-01   9.5618946e-02  -3.2493723e-02  -8.2069261e-02   1.2972339e-01  -1.0729092e-01  -4.3154280e-01   3.2560358e-02   8.5781171e-02   1.0208739e-03  -5.1053210e-02   1.6324553e-01   2.0465805e-01   2.6590586e-01  -3.5582669e-01  -1.7411919e-01  -3.2084251e-01   4.1238628e-02   1.1094520e-01  -6.0194759e-02  -2.7018651e-01   1.2573873e-02   8.9467460e-02   3.9300195e-02   5.4380311e-01  -5.2489504e-02   2.5158111e-01   4.5422898e-02   1.7531007e-01  -1.0964522e-01  -1.7502993e-01   2.1475601e-01  -3.3157855e-01   1.7220087e-01   2.4012833e-01   1.0463973e-01  -2.5411890e-01  -1.5080642e-01   9.4535482e-02  -7.7516753e-02   1.4304505e-01   6.4638995e-02   2.4980645e-01   1.7310243e-02  -5.7796518e-02  -1.7511234e-01   4.3364557e-02  -1.9237858e-01  -1.6797427e-01   4.6172256e-02  -3.8038972e-02   3.0626130e-02  -2.5028192e-01  -7.9479096e-02  -1.4187315e-02  -2.9353916e-01   1.0937192e-01   2.9689270e-02   7.7199201e-02   2.3745312e-02
  -1.4531255e-02  -3.1835657e-01  -5.6856122e-01   2.8349708e-01  -5.0646098e-01   1.9788351e-01   2.5446413e-01  -1.7726294e-01   1.2475635e-01   4.9339235e-02   1.8283489e-01  -4.5974666e-01  -2.7352529e-01   0.0000000e+00   4.2699652e-01  -3.3457906e-01  -5.3323809e-01   3.1147173e-01   6.9838017e-02  -6.7324915e-01   5.9444364e-01   8.4893109e-02   3.7695785e-01  -5.6589157e-02   2.3967057e-01   6.2619483e-02  -5.9145741e-01   1.3343717e-01  -2.4387240e-02   4.0536319e-01   5.8188255e-01   2.9442161e-01  -2.1344873e-02  -2.2492707e-01   1.1273763e-01  -5.4213015e-01   5.0188325e-01  -4.6654907e-01  -2.1080327e-01  -6.0548248e-02  -2.9069227e-01  -3.9423966e-01  -3.5579948e-01   6.8721958e-02   3.0087620e-01  -2.0511288e-01  -1.9388056e-01   4.8917148e-01   3.4661419e-01  -4.9333697e-01   1.8473828e-01   1.2652751e-01  -2.5096342e-01  -4.9961788e-01   2.6015151e-01   1.6647639e-01   2.2101374e-01   2.7296904e-01   1.3621410e-01   2.0076248e-02  -4.5568659e-01  -1.0113708e-01  -2.6871935e-01   9.2344082e-02   2.3342353e-01  -3.1836577e-01   2.1783360e-01   3.6488367e-01   1.5744610e-01  -2.1844326e-01   1.8944587e-01   3.0247077e-01  -2.4041272e-01   1.4414298e-01   9.7716081e-02   3.8798945e-02  -3.8517301e-01   1.6501816e-01  -2.8657637e-01  -2.8655911e-02   3.6767698e-01  -1.6729410e-01   1.5531140e-01  -8.1428137e-02   9.8009915e-02   1.5284732e-01   4.3070913e-01   4.0272067e-01  -1.9657813e-01  -9.3711475e-02  -3.9131065e-01  -5.0719757e-01  -5.1237515e-01   1.7691025e-01  -4.1556262e-01  -5.5250394e-01   1.6158767e-01   2.9388216e-01   7.9446213e-03   2.4464302e-01   3.7767903e-01   1.6967746e-01   6.0100296e-01   3.0264607e-01   2.5981199e-01   4.1081592e-01  -3.5021980e-01   2.7876134e-01   2.7974430e-01  -3.6479867e-02  -2.6934629e-01   3.3175417e-01   3.0807604e-01  -1.9521294e-01   4.0833494e-01   6.9625691e-02   1.2938962e-01  -3.5719739e-01   3.4464331e-01   3.0030196e-01  -2.1214727e-01  -5.0447522e-01  -1.5203084e-01   5.6461656e-01  -1.4716634e-01   3.3011601e-01   3.0404680e-01  -2.1458253e-01   2.0530854e-01  -3.5653768e-01   8.3544770e-02   1.2699823e-01   4.6487933e-01   6.5255775e-01   7.4896634e-02  -2.0172606e-01  -1.3151923e-01   5.9494292e-01   6.6793699e-02  -4.3385131e-01  -1.5206772e-01   5.6112842e-03   1.2463644e-01  -3.3227393e-01   5.0898071e-01   3.0206968e-01   1.3530288e-01   4.5040930e-02  -5.4316458e-01   5.6089657e-01   2.8619733e-01   2.2202238e-01  -3.3438789e-01  -1.8874597e-01  -4.6000176e-01  -2.7731364e-01  -4.2764138e-01  -6.5508222e-02  -3.9543812e-01   3.9320946e-01   2.7550452e-01   2.3281408e-01   4.8386103e-01   3.6747769e-01   2.4008472e-01   1.0771179e-01  -4.0604087e-01  -1.3687551e-02  -2.8145347e-01  -1.7850146e-02  -5.4335915e-01  -3.8800452e-01   3.1499441e-01  -1.8957581e-01   4.2316665e-01  -2.9180960e-01   1.4076038e-01
