   0.0000000e+00  -1.0734992e-02  -2.1492814e-01   1.0428546e-01  -2.9108833e-01   2.3637836e-01   9.7830569e-04   3.5347672e-01  -2.4518768e-01  -1.2368606e-01   1.0252556e-01   1.9692976e-01   1.0242654e-01   4.1906707e-01   3.0952369e-01  -1.5151672e-01  -3.7053693e-01   1.3827605e-01   7.8244744e-02  -1.8989400e-01   3.2920855e-02   2.2413389e-01   1.7381863e-01   2.7146800e-01  -2.7418972e-01   1.7574915e-01  -2.5987403e-01   4.5552060e-01   6.1942179e-02   1.6006505e-01  -1.5044905e-02   1.4426247e-01  -9.0849421e-02  -3.5052940e-01  -9.6031784e-02  -7.0015325e-02  -3.3623081e-02  -3.7095157e-01  -1.6756391e-01  -3.4765465e-01   4.2229688e-02   2.2340842e-02  -6.1002275e-02   2.7338323e-01  -2.2392238e-01   7.9990127e-02   6.2118472e-02  -9.7823259e-02  -7.4952046e-02  -3.7009285e-01   1.3279843e-01   1.4578757e-01  -4.2352883e-01  -2.4546514e-01   3.7543050e-01   3.5695760e-01   3.6756438e-01   1.3562019e-01   8.7242732e-02   1.5942401e-01  -1.0765041e-01  -2.3862536e-02  -3.4739427e-01   1.3932335e-01  -2.1855714e-01   5.0335604e-02   1.0781302e-01  -2.0975967e-01   1.7041875e-01   2.8132985e-01  -3.1306020e-01   1.4808209e-01   2.3715600e-02   5.0533513e-01  -2.5095110e-01   1.2368902e-01  -1.7271188e-01   2.8616903e-01  -3.1539315e-01  -3.8922105e-01   3.4430050e-01   8.4207330e-02  -4.3300940e-01   3.9576838e-01   7.7227518e-02  -4.7658608e-02  -1.9789071e-01   2.5573643e-01  -2.7465662e-01   5.3237286e-01  -1.9692393e-01  -1.9404382e-01  -5.3200858e-02  -6.2882681e-02  -1.3850651e-01  -1.4846421e-01  -6.7254827e-02   4.6988126e-02  -2.4081518e-01   1.9476244e-01  -1.7237093e-01   4.1374981e-01   4.6581912e-01  -1.8842081e-01   3.7208880e-01   1.8075140e-01  -2.9864656e-01   2.4005527e-01  -5.5777481e-03   4.5082651e-02  -1.9734611e-01   3.8305127e-01  -1.4203394e-01   7.5702721e-01   7.3957328e-02  -3.3334401e-01   1.0298088e-01   7.3190248e-02   2.4434215e-01   3.1344567e-01   2.0807365e-01  -2.2834644e-01  -2.9891147e-01  -1.6985395e-01   1.7993133e-01   3.9194624e-01   9.0484182e-02  -3.1503551e-01   2.2094045e-01   7.3778284e-02  -9.2033282e-02  -2.1596054e-01   4.1318845e-01  -2.3874373e-01   2.7721399e-02   1.8100275e-01  -1.8594453e-01   1.0871656e-01   2.8141393e-01   8.7810950e-02   2.7022099e-01   1.4272840e-02   2.5229870e-01   1.2691373e-01   1.7689427e-01   1.9756217e-01  -3.6644785e-01  -2.7737723e-02   1.9546948e-01  -2.4525549e-01   3.3894335e-01   3.1854186e-01   8.3568261e-02  -2.1419934e-01  -3.0148854e-01  -4.6103163e-03   4.1728068e-02   2.6608533e-01  -1.9399142e-01   3.8197821e-01  -2.7167275e-01   1.5993533e-01  -2.5170669e-01   3.3452372e-01  -1.3323841e-02  -2.5789469e-01  -1.5819001e-02   2.0808353e-01  -3.8831620e-02  -2.0990998e-01  -1.7497624e-01  -1.2980877e-01  -1.0885119e-01   9.7348787e-02  -3.6811210e-02  -2.4822069e-01   1.9290775e-01
  -1.0734992e-02   0.0000000e+00   1.5562327e-01  -1.4814307e-01  -1.4469562e-01   1.0031938e-01   2.6777846e-01  -1.1946566e-01   1.7178392e-01   2.1489885e-02  -8.7593902e-02   4.7001986e-01  -5.3212173e-02   3.1690332e-01   9.3728713e-02   4.6552994e-02   1.4518224e-01  -7.2042109e-02  -4.4106562e-03  -2.3494933e-02   1.7493407e-01   1.4469429e-01   2.9735793e-01   6.6627970e-02   2.3643737e-01   2.2622354e-02  -2.7628466e-01   2.4316903e-01   3.2397224e-02   2.7871974e-01   3.3351782e-01  -1.5975825e-01  -8.1289106e-02  -5.6883468e-02   2.2219180e-01  -2.3245909e-01  -1.4080271e-01   1.1364152e-01   1.2401883e-01  -4.8581916e-02  -5.3543816e-02  -1.5583592e-01   1.3718534e-01   1.2252561e-01   3.0278349e-02  -5.1641647e-02  -1.4588862e-01   3.5362683e-01   3.7603209e-02  -7.5791139e-02  -5.9240029e-02  -1.4592868e-01  -1.4947987e-02   8.4824997e-02   2.2580516e-01   4.1319316e-02   1.3188280e-01   5.8455699e-02  -8.4089563e-02   2.1749560e-01   4.7005726e-02  -9.1850400e-02   3.8027713e-02   1.4931270e-01   2.3045559e-03  -4.1030449e-02  -1.9377369e-01  -2.5388821e-02  -4.2262557e-02   1.5520028e-01   8.8411567e-02  -3.3108318e-02   3.0818420e-02   9.6090028e-02   1.7760683e-01  -8.9841333e-02   2.0198037e-01   1.3723656e-01  -3.6400887e-02  -1.4115290e-01   1.5407816e-01   1.4989862e-01   1.0342821e-01  -2.5343441e-02   4.0107708e-01  -1.2466764e-01   1.8341215e-01   1.9465030e-01   3.9487159e-02   1.2775794e-01  -3.5601779e-01  -1.0660367e-01  -1.9369562e-01   7.6064452e-02  -1.9103114e-01  -2.9157122e-01  -5.2860740e-02  -1.6325863e-01  -8.2713305e-02   2.2593249e-02   2.5741334e-01   1.9788861e-01   2.0066319e-01   1.4277522e-01  -1.3035411e-01   7.6934620e-03   5.1318037e-02  -1.0809814e-01   2.1920223e-02  -5.7484801e-02   1.3640966e-01   2.1100441e-01  -8.1451485e-02  -9.6018019e-02   2.1257256e-01  -8.0619885e-02   3.4071520e-02  -1.1264276e-01   2.9839222e-01  -8.9429723e-02  -8.7572339e-02   2.3866506e-02  -6.0544549e-03   2.2430484e-01  -1.1459775e-01   2.0917092e-01   2.8197413e-01   1.2683314e-01   1.6087184e-02   2.6871822e-01   7.1689982e-02  -3.7523543e-01   2.2032026e-01   3.1375686e-01  -1.8520317e-01  -2.7321772e-01  -4.9487871e-02   1.8075970e-01  -1.1758191e-01  -1.6833038e-01  -7.7043018e-02  -3.1341520e-01  -1.6494721e-02   3.0948493e-01   2.6304751e-01   1.7667049e-01   4.7807303e-03  -1.9360555e-01  -8.2544986e-02   2.3624478e-01   2.0204237e-01   9.5563663e-02  -1.0725254e-01   2.4078945e-01   2.5548044e-01  -3.5440989e-02  -3.1491438e-03  -5.3953926e-02  -1.7297440e-01   8.4276176e-02  -1.1295311e-01   1.0893981e-01   1.0987209e-01  -2.5744221e-01   2.8881807e-02  -1.2141420e-01  -3.0799630e-02  -1.7770607e-01   1.0242860e-03  -1.5187682e-01  -1.0557933e-01  -8.9961316e-02  -3.9659729e-01   1.9451661e-01   1.5666123e-01  -2.3459765e-01   1.1560490e-01
  -2.1492814e-01   1.5562327e-01   0.0000000e+00  -2.0126341e-01   1.7418431e-01  -7.5453289e-02  -1.7747326e-01  -1.1578021e-01   7.7898028e-02  -6.0338738e-03  -3.3242649e-01   9.2169439e-02  -6.3878942e-02  -3.0500622e-01  -4.9133850e-01   1.0340416e-01   8.6764100e-01  -4.4418568e-01   1.4331421e-01   1.6090970e-01  -4.3048995e-01  -1.0766912e-02  -3.5502528e-01  -3.0779601e-01  -9.6159727e-02  -8.1406495e-02  -5.4790651e-02  -2.5403989e-01   3.2491462e-01  -3.5653311e-01  -1.3262172e-01  -1.7440352e-01   3.0348208e-01   3.5041088e-01   2.3469717e-01  -2.3461206e-01  -4.4982162e-01   2.1812469e-01   1.1893625e-01   6.9762807e-01  -2.3435594e-02   1.6818509e-01   3.0025646e-02  -1.6851851e-01  -1.5871358e-01   3.1967634e-01  -3.7237511e-01  -2.1769722e-01   6.3834380e-02   7.0776934e-01  -5.2101922e-01  -2.3520854e-01   1.3021163e-01   6.2150859e-01  -4.1153661e-02  -2.6242247e-01  -7.0778439e-02  -1.0040964e-01  -1.7541782e-01  -1.8673707e-01   5.7232574e-01  -8.9089568e-02   3.3347465e-01  -1.4667952e-01  -2.6518691e-02  -3.0948446e-01  -5.2078021e-02   2.6996270e-01  -2.9560838e-01  -2.6966000e-02   3.8344884e-01  -5.1086322e-01  -3.8153569e-02  -2.9102961e-01   4.2066260e-01   1.6755252e-01   6.1187330e-01  -1.8711027e-01   3.8015584e-01   6.6514854e-02  -4.4357463e-01   1.4377488e-02   4.7984978e-01  -2.6315237e-02   2.4607306e-01   1.2251352e-01   5.4410940e-02   1.2976022e-02   3.4953923e-01  -1.4317982e-01   3.0863050e-01   6.6182454e-01   2.5975624e-01   1.8620591e-01   3.2755615e-01   4.5769723e-01  -4.2725202e-02  -5.0760200e-03  -1.5795619e-01  -3.7876125e-01   2.9601615e-01  -3.1042214e-01  -4.0056160e-01   1.3971060e-02  -4.5101273e-01  -5.6109130e-02   5.9852411e-01  -1.5532323e-01  -6.0863971e-02  -4.5015306e-01   5.0408518e-01  -4.0069353e-01  -1.5589782e-01  -1.9067235e-01   1.3236557e-01   1.3022857e-01  -1.4671036e-01  -6.9757486e-02  -2.7225371e-02  -3.1754949e-01  -1.2962994e-01   2.5573906e-01   5.3111298e-01   1.8676831e-02   1.2653486e-01  -4.7470893e-01  -2.4459853e-01   4.4925900e-01  -6.5289844e-02   1.6207965e-01  -7.3674668e-02   1.0633953e-02  -2.4838366e-01  -4.1824035e-02  -5.1864652e-04   1.0367745e-04   8.2700784e-02  -1.3069884e-01  -2.2728475e-01   1.2154830e-01   3.3881033e-02  -1.9419135e-01  -3.4160511e-01   8.7540301e-02  -3.0883727e-01  -4.3422438e-01   6.8383327e-01  -2.2663156e-01  -4.4293979e-01  -8.9452079e-02  -5.4979755e-02  -3.2423859e-01   1.6376979e-01   1.1870018e-01   8.0366278e-01  -3.5484747e-04   1.9264278e-01  -1.7936884e-01   5.9516736e-01  -4.2682168e-01   1.5579480e-02  -1.1135343e-01   1.3143201e-02  -4.0990308e-01  -8.3356850e-02   1.7258663e-01  -1.3761025e-01  -1.2166033e-02   2.6951547e-01   2.9852475e-01   1.7935048e-01   2.3837142e-01  -2.1209794e-01   2.3636377e-01   1.7481700e-01   1.5237348e-01   5.7058464e-02
   1.0428546e-01  -1.4814307e-01  -2.0126341e-01   0.0000000e+00  -2.0795135e-01   1.9276722e-01  -8.4756121e-02   3.2190912e-01  -1.9367272e-01  -5.0636513e-02   2.7370105e-02  -1.2799688e-01   2.7248574e-01   1.0185670e-01   1.5825160e-01   2.7870407e-01  -2.8465679e-01   3.3229696e-01  -7.6403232e-02  -1.4297703e-01  -7.8192312e-02   2.6292497e-01   3.0415294e-02   3.5258750e-01   8.9182790e-03  -7.9365148e-03   1.0765664e-01   1.4726317e-01  -1.4585502e-01   1.2733055e-01   2.8343960e-02   3.4088443e-01   9.1564156e-02  -1.6819690e-01  -1.4676808e-01   1.5800790e-01   1.0355371e-01  -1.1853031e-01   1.2806958e-01  -1.6232814e-01   3.4449560e-02   2.5391815e-01  -1.4107863e-02  -5.6261293e-02   8.1451963e-02  -1.3541888e-01   2.5442714e-01  -1.9435612e-01  -8.5916247e-02  -1.4674490e-01   2.2622186e-01   2.1012639e-01  -2.7872852e-01  -3.0749577e-02   1.1780622e-01  -7.4303659e-02   1.7803849e-01   4.3404378e-01   1.9427891e-01   4.3695015e-02  -2.4977173e-01   6.1600141e-02  -7.2216420e-02   1.6638978e-01  -1.8053904e-01   3.0613770e-02   2.5863038e-01  -5.4526748e-03   2.8491670e-01   1.8786450e-01  -2.4838320e-01   4.6779281e-01  -1.3638180e-01   8.5763266e-02  -9.3778341e-02   3.0277343e-01  -4.3760203e-01   7.6914880e-02  -2.5880765e-01   3.1024286e-01   1.2367606e-01  -9.1691187e-02  -3.1875229e-01   1.3345266e-01  -2.4228708e-01   1.8426715e-01  -9.8103189e-02  -4.5664585e-03  -1.2454853e-01  -5.4652246e-02  -2.1794882e-01  -1.8922368e-01  -1.6964826e-01  -1.9932107e-01  -6.6236597e-02  -7.4441006e-02   4.7688780e-01   2.1891268e-03   2.6372542e-01  -1.4233512e-01  -7.6644278e-02   7.9747657e-02   3.4686926e-01  -1.2358004e-01   3.0459665e-01   3.4977962e-01  -1.1125451e-01   2.3639457e-01   3.1134367e-01   1.5060147e-02  -2.6437019e-01   1.8953546e-01   4.1386815e-01   8.8311705e-03   6.4693138e-02  -2.4106842e-01  -1.0127450e-01  -9.2545538e-02  -1.3432800e-01   4.0198080e-01   4.1350281e-02  -2.6089443e-01  -1.5115450e-01  -3.8493531e-01  -1.6537026e-01   1.8463501e-01  -1.7299454e-01   2.1256293e-02   3.9247496e-01  -1.4257296e-02  -5.6350042e-02  -4.1669630e-02   2.3178999e-01  -2.2856139e-01   2.2811901e-01   4.1819776e-01   2.1964270e-01   2.9470392e-02   3.4346552e-01   5.9040093e-02   2.1724593e-02   2.1602635e-01   4.4338893e-02   6.5168550e-03  -1.1513718e-01   1.6091485e-01  -1.4111457e-01  -6.9117864e-02   5.5629033e-02  -2.8188445e-01   3.3652789e-03   3.7976226e-02  -5.9870574e-02  -2.7964564e-01  -2.4943595e-01   7.7515382e-02   1.1710121e-01   4.2035952e-02  -1.3603927e-01   1.7583144e-01   3.6183010e-02   8.6948902e-02  -2.7546555e-01   3.9495755e-01   2.2328273e-01  -2.1649312e-01  -1.0448358e-01   4.3440119e-02   9.1999098e-02  -1.9759174e-01  -2.4753456e-01  -1.3933365e-01   4.1910603e-01  -6.1177517e-02   5.2343883e-02   2.0632489e-01   4.8097353e-01
  -2.9108833e-01  -1.4469562e-01   1.7418431e-01  -2.0795135e-01   0.0000000e+00  -4.0065929e-01  -1.7152695e-01  -1.3595444e-01   2.8454194e-01   5.2777217e-03   6.0007792e-02  -3.2061015e-01  -5.6145749e-02  -5.3075031e-01  -5.4972840e-01   6.7294267e-02   1.6664351e-01  -7.5214247e-02   3.3251562e-02   4.4528821e-01  -2.0015012e-01  -2.4508432e-02  -5.6648675e-01  -1.0736932e-01  -1.7346625e-01  -2.3931809e-02   2.3142485e-01  -6.3389934e-01   8.7570821e-02  -2.1992188e-01  -2.6499395e-01  -1.9657458e-01   5.5540430e-02   1.5024152e-01   6.1522105e-02   3.4740602e-01  -7.9864934e-02   1.7115841e-01   2.4593161e-01   1.9271492e-01   2.7449293e-01  -5.0122988e-02   1.6948949e-01  -2.1839071e-01   3.6529958e-01   2.8970248e-01   6.3104033e-02  -2.7567850e-02   2.3094823e-01   3.1253051e-01  -1.0950684e-01  -8.7330345e-02   2.0294490e-01   1.5307404e-01  -3.4595786e-01  -3.1991883e-01  -2.8774719e-01  -8.7576828e-02  -2.6833022e-03  -5.2998414e-02   2.8291713e-01   5.4846844e-01   5.7538772e-01  -1.5414917e-01   5.3135302e-01   1.0075339e-02  -2.1819761e-01   3.5832195e-01  -2.6257377e-01  -3.3041958e-01   3.1810887e-01  -2.7543348e-01   2.3613541e-01  -4.2676344e-01   1.9103936e-01  -4.4952270e-02   2.6211664e-01  -2.5131356e-01   7.4515935e-01   2.2922911e-01  -5.7930254e-01   1.8922283e-01   2.9912344e-01  -1.2861576e-01  -4.0719920e-01  -1.0932815e-02   8.9956643e-02  -1.6355302e-01   4.8980666e-01  -3.4733431e-01   7.8465752e-01   2.0640160e-01   2.8027465e-01   2.3759429e-01   2.9655196e-01   5.5843621e-01  -1.4487127e-02  -1.5349955e-01   3.4784068e-01   1.5753209e-01  -3.0916583e-01  -3.4104968e-01  -4.8889237e-01   2.4970195e-01  -2.6128420e-01  -2.0397778e-01   1.9341982e-01  -2.4198142e-01  -2.2394214e-01  -5.4440200e-02   1.5105648e-01  -3.4237065e-01   3.1580794e-02  -1.6967004e-01  -7.0201837e-01   5.8510571e-01  -3.7754077e-03   2.8731162e-01  -5.3514550e-01  -3.1037823e-01   5.0817575e-02   6.9332368e-01   3.7203940e-01   4.1669608e-01   2.5214171e-01  -3.5305194e-01   3.7068945e-02   2.3559352e-01  -9.4013072e-02  -5.9461874e-01   4.2976033e-02   2.8363271e-01  -2.9872736e-01   7.2672849e-02  -2.9385627e-02  -1.2075786e-01   2.0239250e-02  -5.6063273e-01  -2.8418385e-01   2.7897135e-01   1.9823915e-02  -7.3480749e-03  -1.1559170e-01  -6.0530050e-01  -1.6065171e-01  -4.4235441e-01   2.5866293e-01   3.2066391e-01  -5.0991244e-02   1.9541513e-01  -5.6306638e-01  -4.2921821e-01   9.4216525e-02   3.5510895e-01   1.3907405e-01   1.2846165e-01   1.1765624e-01   1.3068035e-01   3.7527848e-01  -4.7860358e-01   2.1511559e-01  -1.9817619e-01   3.2360045e-01  -2.9473569e-01  -2.0791134e-02   3.4265472e-01   2.6738614e-01  -3.9951421e-02  -8.1889989e-02   6.4249661e-01   6.0481629e-01   1.6026160e-01   3.0122095e-01  -2.7564596e-01   3.3404219e-02   1.2164669e-01   4.3216738e-03
   2.3637836e-01   1.0031938e-01  -7.5453289e-02   1.9276722e-01  -4.0065929e-01   0.0000000e+00   5.8489406e-01   2.2293554e-01  -9.0973672e-02   1.6710762e-01   2.6272323e-01   5.5624055e-01  -3.7939072e-03   1.1656978e-01   4.0278164e-01   1.7407762e-01  -8.9097212e-02   3.8720252e-01   4.4686638e-02  -8.5336276e-02   9.1698710e-02   1.9386439e-02   3.7749127e-01   3.6707992e-02   2.9427285e-02  -5.9849556e-02   2.4002184e-01   4.6372577e-01  -2.6233610e-01   3.7331751e-01   3.7941142e-02  -6.8162086e-02  -2.1726566e-01  -1.6272859e-01  -1.7435547e-01   3.4607148e-01  -9.0868777e-02  -3.6357578e-01  -1.6934139e-01  -1.9818829e-01  -6.4220157e-02   5.8705398e-03   2.8422950e-01   4.2590989e-02  -4.9890854e-02  -9.6263714e-03   4.2662635e-01   2.3286131e-01  -3.7374992e-01  -2.3920145e-01   3.6694449e-01  -4.0464180e-03  -3.3914805e-01  -3.3228310e-01   8.2623104e-02   4.3819414e-01   4.6274087e-01  -4.7112235e-02   1.0347564e-01   3.4809485e-01  -2.5675877e-01   2.5337196e-01  -2.9947392e-01   2.1087451e-01  -5.0815882e-01   4.5553862e-01   6.9710246e-01  -2.4492250e-01   3.8000039e-01   5.5699438e-01  -4.8791706e-01   3.4479168e-01  -8.5688444e-02   3.9443499e-01  -2.8895199e-01  -8.4755181e-02  -2.5991329e-01  -3.5559163e-02  -4.9703925e-01  -2.8482152e-01   4.5269762e-01  -5.8939104e-02  -4.0161366e-01   9.7399043e-03   5.3635862e-02  -2.0562751e-01  -3.9819880e-01   4.9064696e-02  -4.5932614e-01   6.7898224e-02  -4.6367847e-01  -2.0799761e-01   2.5652870e-01   1.2868733e-01  -2.8913303e-01  -1.4313462e-01   1.7496004e-01  -1.0613701e-02   6.1838894e-02   1.8895895e-01  -2.1449928e-01   5.0699857e-01   3.6153783e-01  -2.3083331e-01   3.9346218e-01  -4.3275620e-02  -3.8554485e-01   2.5126583e-01  -1.2413485e-01   4.6735750e-01   2.0324853e-02   1.7058691e-01   1.2384265e-01   1.0571332e-01   2.6707122e-01  -5.7041024e-01  -8.4372798e-02  -1.3877542e-01   4.6506497e-01   1.9323709e-01   3.5492310e-02  -1.8376570e-01  -3.2848437e-01  -2.9965004e-01  -1.7956030e-01   2.5583036e-01   1.6597637e-01  -3.7078231e-01   1.3034671e-01   5.3674430e-01  -1.3541044e-01   1.3021807e-02   2.2074453e-01  -2.8678644e-01   2.1286743e-01  -3.2752748e-02  -3.2262308e-01   3.5822790e-01  -3.7690872e-02  -3.3982688e-01  -6.0731127e-02  -1.0630810e-01   3.2019218e-01   5.8586526e-01   4.2749606e-01   1.2717092e-01  -3.9396848e-01   2.7983438e-01   5.5098215e-01  -3.1202347e-01   4.0080521e-01   1.7428384e-01  -2.7058057e-01  -2.0870696e-01   3.0943185e-02  -3.0135035e-01  -2.0279466e-01   1.0869208e-01  -3.5774572e-01   3.7474115e-01   5.6110923e-02   1.3089909e-01  -8.7046005e-02   1.9214439e-01  -8.0849640e-02  -3.5744506e-01   1.8485797e-01   1.7548212e-01  -1.0511081e-01  -3.6759767e-01  -1.3433984e-01  -3.0915846e-01   2.1656693e-02   6.6167432e-01  -7.9306748e-03  -1.4364762e-01   1.8610476e-02
   9.7830569e-04   2.6777846e-01  -1.7747326e-01  -8.4756121e-02  -1.7152695e-01   5.8489406e-01   0.0000000e+00  -2.2904161e-01   8.6466115e-02   3.2113904e-01   4.0792232e-01   5.1074045e-01  -1.6527396e-01   1.5949768e-01   4.7623723e-01  -5.3623957e-02  -1.7285825e-01   3.9828386e-01  -6.0917879e-02   1.3700155e-01   3.2166589e-01  -2.5606029e-01   4.5689878e-01  -5.7630646e-02   7.7039810e-02  -2.9752620e-01   1.4276286e-01   4.2375135e-01  -2.6552502e-01   4.3907140e-01   1.1962241e-01  -3.1347808e-01  -2.7271627e-01   8.5089681e-02   6.5699288e-02   4.3408467e-01   4.1406379e-02  -1.9788775e-01  -1.7520716e-01  -2.7741327e-01  -1.8222260e-01  -2.6868048e-01   2.8837240e-01  -2.4522203e-02   3.0228415e-01  -6.5803274e-02   3.8031840e-01   6.3000599e-01  -3.4386530e-01  -3.3328818e-01   4.6598609e-01  -3.0114647e-01  -1.9520593e-02  -3.4802240e-01  -1.1854380e-01   3.2026853e-01   8.7084686e-02  -1.6763626e-01   6.0035444e-02   2.6453388e-01  -2.7077236e-01   2.7914606e-01  -1.4911566e-01   2.1074689e-02  -3.3938263e-01   6.3536207e-01   3.4812157e-01  -5.1602318e-02   2.4619607e-01   4.5643995e-01  -2.5071938e-01   2.4169498e-01   3.3254784e-02   1.1291001e-01  -3.3420906e-01  -2.8409577e-01  -1.9091584e-01  -4.5205735e-02  -3.3883767e-01  -3.6938012e-01   5.7009755e-01   8.1846362e-02  -2.7293940e-01  -2.0546536e-01   5.0554635e-02  -3.6871814e-01  -2.0683120e-01  -7.9215372e-02  -3.0242365e-01  -1.4909157e-01  -4.6300066e-01  -3.7182041e-01   3.5068427e-01   2.3620069e-01  -3.6173863e-01  -2.9450390e-01  -1.3925879e-01  -2.1605846e-01   2.5516054e-01   3.4645348e-01  -7.2142739e-02   3.9032915e-01   2.7591558e-01  -4.0184017e-02   1.1911045e-01  -3.4474730e-01  -3.4481757e-01  -1.2391370e-01  -2.0769803e-01   6.1390201e-01   1.4499534e-01   4.9230407e-02  -1.9951095e-02  -4.1025056e-02   2.0285639e-01  -4.0772774e-01   3.8914703e-02  -1.4652512e-01   5.2248429e-01  -5.3691963e-02  -6.9590902e-03   9.8589899e-03  -2.8915118e-01  -1.1341499e-01  -2.3566190e-01   3.2778017e-01   3.5895941e-01  -3.2271037e-01  -7.3479687e-02   4.7903681e-01  -2.9976033e-02   2.1742349e-01   7.1010850e-02  -1.4855705e-01  -8.2778156e-02  -2.9261325e-01  -3.3277648e-01   4.4412623e-01  -2.8569695e-01  -2.2094567e-01  -3.9295033e-02  -2.1339807e-01   2.5061538e-01   4.9268531e-01   5.0370328e-01   5.7264476e-02  -2.8464550e-01   3.7357754e-01   6.3353536e-01  -6.9712135e-02   1.1873293e-01   2.7514800e-01  -4.2082149e-01  -9.4554782e-02   5.8093159e-03  -2.4185278e-01  -2.7786223e-01  -5.6766159e-03  -4.8951357e-01   4.1972807e-01  -5.4457145e-02   7.3637867e-02   1.0034440e-01   8.1894718e-02  -3.1219101e-01  -3.0443166e-02   4.8112566e-01  -4.8471923e-03  -2.1925784e-01  -2.9431077e-01   4.7528756e-02  -2.6529351e-01   5.4977390e-02   5.5839809e-01  -5.8580696e-02  -1.3728701e-01  -9.1589171e-02
   3.5347672e-01  -1.1946566e-01  -1.1578021e-01   3.2190912e-01  -1.3595444e-01   2.2293554e-01  -2.2904161e-01   0.0000000e+00  -3.0614236e-01  -8.7436929e-02  -9.4853552e-02   4.0794153e-02   2.3133493e-01   3.1579408e-03  -1.1744018e-01   1.2010425e-01  -1.8896015e-01   4.8753569e-02   1.2200671e-01  -1.6454092e-01  -2.9915875e-01   3.7390374e-01  -2.4135573e-01   1.0244707e-01  -3.0901288e-01   2.4500800e-01  -1.4992663e-02  -5.0593026e-02   5.7310392e-02   2.1437726e-02  -1.8370538e-01   3.2761106e-01  -2.5484619e-02  -2.2337075e-01  -8.0458717e-02  -1.1972005e-01   2.3855512e-02  -3.2471064e-01  -9.1015972e-02  -1.0684896e-01   1.7824686e-01   3.6904875e-01   1.1303470e-01   1.1746424e-01  -3.0766509e-01   8.7044004e-02   2.3596199e-02  -3.6246959e-01  -1.3894233e-01  -6.9525143e-02  -3.2864675e-02   7.3554228e-01  -2.8884971e-01  -2.2369932e-01   1.2630284e-01   9.6856283e-02   3.9617599e-01   2.9749131e-01   5.0433083e-02   2.8181575e-01  -1.7506658e-01   7.2306233e-02  -1.9633380e-01   3.2863295e-01  -1.2717333e-01  -2.1652733e-01   1.7492084e-01  -2.0705158e-01   1.2036945e-01   1.0994239e-01  -2.7903122e-01   2.1348420e-01  -1.3234565e-01   2.3713861e-01  -2.1725790e-01   3.7753729e-01  -3.4838097e-01  -1.9042828e-02  -1.2723791e-01  -7.5376999e-03  -7.0993003e-02  -2.6188922e-02  -2.5247711e-01   3.9851524e-01  -2.2925994e-01   3.0048621e-01  -2.0116997e-01   1.0461427e-01  -2.0329650e-01   2.8946245e-01  -7.1774742e-02  -1.0910234e-01  -1.9938460e-01   1.2106836e-01  -8.8284757e-02   8.0439858e-02   1.9182223e-01   3.1211861e-01  -2.0987202e-01  -1.2543722e-02  -2.5709554e-01   3.7509446e-01   4.0200742e-02  -1.3318750e-01   3.9293318e-01   4.0170577e-01  -1.0855314e-01   3.5768332e-01   3.5785958e-02  -1.3461772e-01  -1.3714611e-02   1.4824119e-01   5.4452746e-02   3.3443770e-01  -1.0485643e-01  -2.0355020e-01  -1.6212803e-01   1.2355202e-01  -1.2404787e-01   3.1047090e-01   2.7076590e-01  -2.3515282e-01  -5.6066179e-02  -2.7274020e-01   1.5385120e-01   1.2326635e-01  -1.5552330e-01  -1.9447136e-01   4.4935333e-01  -7.6701798e-02   8.8837618e-02  -2.4788572e-01   2.7602177e-01  -2.8430669e-01   4.3821387e-01   4.9674064e-01   5.4736177e-02  -1.3056091e-01   3.8303789e-01   1.1318472e-02  -5.8774967e-02   2.8190990e-01   1.4557144e-01  -6.2513694e-02  -1.3501633e-01   4.8174928e-02  -1.9898655e-01  -1.4280330e-01  -8.4303152e-02  -1.6150513e-01   1.2074197e-01   7.1918349e-02   1.2675775e-01  -2.2331477e-01  -1.3258772e-01   4.9265791e-02   1.8677864e-01   1.1653653e-01  -1.8464348e-02  -1.1301023e-01   3.5859172e-03   2.3554220e-01  -2.8045232e-01   2.9428249e-01   3.2487086e-01  -2.7766013e-01  -2.5483759e-01   3.3256723e-01   1.8236527e-01  -1.5518625e-01  -2.2020177e-01  -4.6400180e-02   9.6174403e-02  -9.7591515e-02   1.0438560e-02  -5.1965868e-02   2.7225294e-01
  -2.4518768e-01   1.7178392e-01   7.7898028e-02  -1.9367272e-01   2.8454194e-01  -9.0973672e-02   8.6466115e-02  -3.0614236e-01   0.0000000e+00   1.9174776e-01  -8.2534755e-03  -8.6060187e-02  -1.0339303e-01  -1.6706775e-01  -3.0682699e-01  -5.0051147e-02   1.1902006e-01  -1.0547942e-01   1.0141499e-02   1.1986561e-02  -7.6377082e-02  -2.6271190e-01  -3.0011864e-01  -1.6050804e-01   9.9035979e-02  -1.2815094e-01   1.4580939e-01  -2.4468082e-01   3.4998260e-02   3.8958611e-02   2.3700345e-02  -3.6875426e-01  -1.1900110e-01   3.4904097e-01   2.3382108e-01   3.3270534e-02  -2.5034103e-01  -8.8815121e-03   1.4376346e-01   1.3307280e-01  -7.8072425e-02  -9.8723492e-02   2.6823976e-01  -1.6131404e-01   2.3881934e-01   1.1287107e-03  -5.6541040e-02   5.7693908e-01  -3.4794693e-02   6.1110185e-02  -8.5108281e-02  -3.9149801e-01   3.5989367e-01   1.4852600e-01   3.3606418e-02  -2.0301471e-01  -9.4515371e-02  -2.2100600e-01  -7.7800120e-02  -1.4541210e-02   6.7149516e-02   1.7416834e-01   6.0756456e-01   2.1269283e-01   5.2179188e-01   9.9366725e-02  -1.3940189e-01   2.7928192e-01  -2.1173263e-01  -3.7984971e-02   5.2187734e-01  -2.4818214e-01   5.0753976e-02  -2.5614620e-01   1.4581751e-01  -2.4817276e-01   9.7343839e-02  -1.9260839e-01   2.8397393e-01  -6.7580283e-02  -1.6942388e-01  -1.2720253e-01   2.9072671e-01  -1.5219453e-01  -1.2021969e-01  -2.6458486e-01   4.5141729e-01  -1.4996307e-01   4.5533710e-01  -1.9650842e-01   2.2945742e-01  -9.0835596e-03   1.0132570e-01   1.8650899e-01  -3.3727913e-02  -9.3284305e-03  -2.0354637e-01  -3.6526924e-01   2.2047850e-01  -5.3228057e-02   7.2538184e-02  -2.3603880e-01  -2.8128564e-01   6.7010287e-01  -2.9484399e-01  -3.6370037e-01   8.8819011e-02  -3.1644892e-01  -3.6524367e-01   7.5998042e-02  -1.3372642e-01  -4.1181387e-01   2.4789654e-01  -2.6528134e-01  -1.3640515e-01   4.1332272e-01  -1.2895879e-01  -5.9060741e-02  -7.4951949e-02  -4.7049297e-01   1.4388614e-02   2.3081490e-01   2.3728829e-01   6.6189950e-01  -8.5453473e-03  -2.0452478e-01   1.1455628e-02   2.9907005e-01  -1.2388364e-01   5.0449846e-02  -2.5004888e-02   2.0055123e-02  -2.5943952e-01   5.1735964e-01  -3.9353911e-02  -1.6274951e-01  -1.2835759e-01   5.2959708e-02  -3.0714104e-01  -1.1935817e-01  -4.9613837e-02  -2.5545592e-01  -2.4211448e-01  -3.9514718e-02  -1.4875309e-01  -3.7899265e-01   1.9402016e-01   2.8024368e-01   3.5791873e-02   3.9864705e-01  -1.3364184e-01  -1.5626960e-01  -2.1426783e-01   5.3603660e-01   3.4199045e-01  -1.7882889e-01   8.3627612e-03  -6.8958612e-02   7.8826628e-03  -2.8422501e-01   3.1591743e-01  -3.0874055e-01   4.0084891e-01  -3.3742691e-01  -2.6377671e-01   2.8753480e-01   1.8476238e-01   5.7183439e-03  -1.7817735e-01   4.2092825e-01   3.3732413e-01  -1.7597161e-01   2.7076592e-01   1.4801528e-01   1.0278789e-01   2.1445396e-01  -1.3468664e-01
  -1.2368606e-01   2.1489885e-02  -6.0338738e-03  -5.0636513e-02   5.2777217e-03   1.6710762e-01   3.2113904e-01  -8.7436929e-02   1.9174776e-01   0.0000000e+00   1.3374561e-01  -2.9492460e-02  -1.4276558e-01  -9.2481304e-02  -5.6946569e-02  -5.3867162e-02  -5.8815301e-03   7.8050525e-02   2.7355994e-02  -4.1688514e-02   1.3934562e-01  -4.8319031e-02  -2.6647569e-03  -1.5684171e-01   2.6997590e-02  -1.9692226e-01  -1.0504943e-01   1.3423750e-02  -3.9569032e-02   3.1646305e-02  -7.4379847e-02  -1.4645609e-01  -2.0972722e-01   3.8628639e-01   3.2621477e-01   1.6705935e-02   4.4393913e-02  -1.1490065e-01  -9.2637911e-02   1.1886910e-01  -2.0472972e-01  -1.7174287e-01   2.4944565e-01  -2.2550351e-01   2.8583306e-01  -1.1458301e-01  -9.0285234e-02   2.4351133e-01  -1.5582122e-01  -1.2489506e-01   1.4895804e-01  -4.5641875e-02   1.3276964e-01  -1.1712793e-01  -2.9376793e-02  -2.7337241e-02  -1.6108691e-01   2.5102459e-02  -2.1978682e-02   2.8157696e-03  -1.9650789e-01  -3.5117794e-02   1.1329326e-01  -1.0051674e-01  -4.1096577e-02   3.5491322e-01  -2.5456495e-02   2.8906025e-02  -7.5872834e-02   1.2567029e-01   3.5386936e-02   7.7586563e-03   4.4544511e-02  -2.9380223e-01  -1.9133856e-01  -1.4547762e-01  -1.5496688e-01  -1.3674209e-01  -6.7157757e-02  -1.9309195e-01   4.1542872e-02   9.2936815e-02   4.9139950e-02  -1.5235683e-01  -7.5475275e-02  -1.8557663e-01   1.6272976e-01  -1.0012239e-01  -3.5226963e-02  -1.7572264e-01  -1.9021136e-01  -2.3466739e-01   1.9560387e-01   1.5183281e-01  -1.9721986e-01  -1.1442425e-02  -1.0832424e-01  -1.1478603e-01   1.2545597e-01   2.6454353e-01   8.8657470e-02  -1.9869946e-02  -1.1176786e-01   1.4639373e-01   4.4207800e-02  -1.7327653e-01  -2.9027972e-02  -1.7864602e-01  -1.6769044e-01   8.7653632e-02   1.8380438e-01  -1.7722810e-01  -8.4307453e-02  -2.9973813e-02   8.5716419e-02   9.9488898e-02  -7.6586938e-02  -1.8336928e-01   9.1735170e-02  -1.8868047e-01  -8.0628316e-02   1.2402998e-01  -4.9519239e-02   2.1631949e-03  -6.0820911e-02  -2.0979033e-01   1.9809764e-01  -9.0659677e-02   4.8860560e-02   1.8431299e-01   5.4052496e-02   8.1974855e-02  -3.0611500e-01  -2.9460491e-02  -1.1697483e-01  -2.3458793e-01  -2.0586662e-01   9.4753933e-02  -3.8745165e-01   1.4081128e-01   1.5346460e-02  -2.2721402e-01   4.6791652e-02   5.1256800e-02   1.2120182e-01  -9.5958041e-02   8.7279789e-03   1.2294242e-01   1.8894136e-01   1.0717717e-01  -1.9159184e-01   6.4098172e-03  -2.8209386e-01   1.8099647e-02   5.9617619e-02   1.2082247e-01  -1.1933507e-01  -3.0642305e-02  -2.1541996e-01  -9.1563847e-02  -4.9691716e-02  -1.2819154e-01   3.2576963e-01  -5.3752431e-02  -2.0724390e-01   3.0161741e-01   1.9772147e-01  -2.1691849e-01  -5.1236318e-02  -4.3192879e-02   1.1774162e-01  -1.6566298e-01   3.1111891e-02   1.5866018e-01  -2.3396406e-02  -1.5819659e-02   5.2183813e-02
   1.0252556e-01  -8.7593902e-02  -3.3242649e-01   2.7370105e-02   6.0007792e-02   2.6272323e-01   4.0792232e-01  -9.4853552e-02  -8.2534755e-03   1.3374561e-01   0.0000000e+00   2.1120535e-01  -1.4001430e-01   4.0802741e-02   3.8794617e-01   4.5397301e-03  -3.3904893e-01   5.1535691e-01  -8.6335109e-02   9.1432619e-02   3.1502342e-01   5.6141468e-02   2.6564582e-01   2.5435354e-02   6.7658456e-02  -1.5422547e-02  -4.3852242e-03   3.2861024e-01  -3.5754244e-01   1.5372733e-01   6.5136119e-02   7.6938799e-02  -3.5095801e-01  -3.2341210e-01  -3.1824845e-01   5.8359709e-01  -1.6152260e-02  -2.3626338e-01  -6.6122439e-02  -6.0762716e-01   2.9766648e-02  -4.2301905e-01   1.3479283e-01   3.7100929e-01   3.5400645e-01  -1.1487892e-01   6.2427960e-01   2.8223803e-01  -1.0809838e-01  -5.0153944e-01   7.3014100e-01  -1.4410526e-01  -2.6016832e-01  -3.5196694e-01  -9.0005878e-02   5.5605541e-01   1.0815914e-01   1.5301595e-01   2.4978705e-01   7.4427477e-02  -2.8657698e-01   3.6174571e-01  -2.6460203e-01  -5.7164069e-02  -2.5087841e-01   6.7814686e-01   1.3518669e-01   7.0289717e-02   6.2719601e-01   2.8313130e-01  -4.7197921e-01   4.3265998e-01  -1.7667615e-02   8.2532521e-02  -4.1111678e-01   3.1187298e-02  -2.3886306e-01   2.6136340e-01  -2.4593774e-01  -2.9836909e-01   3.2963146e-01   3.5731284e-02  -4.3057789e-01  -2.8874939e-02  -2.2866819e-01  -5.4656194e-04  -3.3226574e-01   7.0423358e-02  -2.5126978e-01  -4.7625241e-02  -1.7693137e-01  -3.2594177e-01   2.3797028e-01  -7.0070288e-02  -4.0400265e-01  -2.1160484e-01  -3.1877819e-02  -1.0248382e-02   3.7703339e-01   1.8216796e-01  -4.0043456e-01   3.1643984e-01   3.0823923e-01  -1.7942710e-01   4.7880443e-01  -1.1023909e-01  -5.4790029e-01   1.5075361e-01  -2.2506897e-01   6.4755446e-01  -3.8905655e-02   2.7392152e-01   7.0182172e-02   1.0471500e-01  -1.8446065e-01  -2.5741435e-01   2.9127203e-01  -7.0955851e-02   1.8702917e-01   1.6403311e-01   1.9040821e-01   4.7965302e-02  -4.9972764e-01  -3.0225573e-02   1.3076473e-02   1.6546247e-01   3.1381055e-01  -3.4088994e-01   5.2607785e-02   5.3844334e-02  -2.4161643e-02   3.1971406e-01   7.4329681e-02  -1.4090930e-01  -3.1936066e-01  -2.7232954e-01  -4.3579940e-01   4.3581066e-02  -1.2460653e-02  -1.3207688e-01   2.2770570e-01  -1.3978579e-01   6.6328102e-01   2.1043875e-01   5.0509483e-01   3.1301919e-01  -5.4767749e-01   6.7548294e-01   7.6706886e-01  -7.8443588e-02   7.4617516e-02   6.7771744e-02  -2.6987232e-01   1.2050093e-01  -3.9355033e-01  -1.4404934e-01  -1.5516900e-01   2.6997087e-01  -3.9666878e-01   3.2664834e-01  -1.9937115e-01   4.4917880e-01   1.3515553e-01   3.8245019e-01  -1.2224987e-01  -2.8874546e-01   5.8245911e-01   1.2626054e-01  -1.3871763e-01  -2.6356920e-01   9.0516652e-02  -2.8318855e-01   3.5413573e-01   1.8379747e-01   1.3359134e-01  -1.7082831e-01   2.1830192e-02
   1.9692976e-01   4.7001986e-01   9.2169439e-02  -1.2799688e-01  -3.2061015e-01   5.5624055e-01   5.1074045e-01   4.0794153e-02  -8.6060187e-02  -2.9492460e-02   2.1120535e-01   0.0000000e+00  -1.3818345e-01   2.5074549e-01   3.6744816e-01   9.9977125e-02  -2.5946075e-02   2.1375944e-01   1.2545877e-01  -8.1511735e-02   2.1027606e-02   1.7128519e-01   4.0467874e-01   5.5965646e-02   1.4771819e-01  -2.1332590e-03   4.0887989e-02   5.0796574e-01   9.9987728e-02   4.8656859e-01   7.5298271e-02  -1.4543251e-01  -2.1139236e-01  -2.1123447e-01  -3.7474625e-02   1.0749050e-01  -3.0341703e-01  -2.1653209e-01  -1.7830503e-01  -1.7482856e-01  -3.3831010e-02  -1.4682383e-01   4.1182920e-01   2.6407506e-01  -9.8339834e-02  -4.4397277e-02   2.3088535e-01   2.9413260e-01  -2.7696712e-01  -1.9612690e-01   2.0740915e-01  -3.9856144e-02  -3.7194886e-01  -1.8633645e-01   1.9152361e-01   4.8968260e-01   4.3320637e-01  -2.4755824e-03   7.4595598e-02   4.8484138e-01  -1.9572542e-01   3.7070902e-02  -3.0403496e-01   6.2610937e-02  -4.7748947e-01   2.0321712e-01   2.8930889e-01  -1.5711077e-01   3.3646778e-01   4.0318942e-01  -4.1935318e-01   1.7001851e-01  -1.8512545e-01   4.1265373e-01  -1.3406239e-01  -1.1887714e-01  -1.9695868e-02   1.2316121e-01  -2.6400280e-01  -3.8524215e-01   4.0367947e-01  -8.7241002e-02  -3.6160685e-01   6.6719004e-02   2.5463598e-01  -2.2623325e-01  -3.5532865e-01   2.8588664e-01  -3.5734469e-01   1.8582121e-01  -4.6347871e-01  -1.6072040e-01   3.0215373e-02   2.2269578e-01  -3.5665272e-01  -2.4786443e-01   4.0152694e-02  -4.5119954e-02  -1.8909791e-02   2.2976858e-01  -1.8019061e-01   5.2020156e-01   3.9149753e-01  -1.6364402e-01   2.2790404e-01  -3.1311346e-02  -3.2012262e-01   2.1146461e-01  -2.6799421e-01   3.1461382e-01   1.8748293e-01   3.1782809e-01   7.9550779e-02   1.2624959e-01   2.1245200e-01  -5.7509194e-01   6.9636449e-02  -1.4899500e-01   5.1260058e-01   1.0130641e-01   1.1805312e-01  -7.3661190e-02  -1.9282739e-01  -1.4358491e-01  -1.4341677e-01   4.3767564e-01   2.7639947e-01  -3.1613935e-01   4.5319671e-02   4.6335206e-01  -1.3766603e-01  -2.6835322e-01   3.0814311e-01  -2.2081288e-01   4.5348277e-03  -3.1833660e-01  -3.3182954e-01   2.1221131e-01  -1.0014845e-01  -2.7529533e-01   1.5691200e-01  -2.5341072e-01   2.6970550e-01   6.5978653e-01   6.1931805e-01   1.3476880e-01  -3.1385443e-01   1.6254826e-01   3.6804674e-01  -2.3691665e-01   4.0774620e-01   1.4901292e-01  -1.8705051e-01  -1.0570512e-01   1.3984885e-01  -2.9660459e-01  -1.1426520e-01   2.3673525e-02  -3.5461157e-01   3.3962226e-01   2.6322312e-02   2.3598233e-01  -1.1200953e-01   5.7434071e-02  -3.7299036e-02  -2.5478261e-01   8.2208261e-02   1.1097294e-01  -1.1936099e-01  -4.0198503e-01   8.2599177e-02  -2.8814104e-01  -1.3998093e-01   6.0046150e-01   2.9590905e-01  -2.3127563e-01   1.4794914e-02
   1.0242654e-01  -5.3212173e-02  -6.3878942e-02   2.7248574e-01  -5.6145749e-02  -3.7939072e-03  -1.6527396e-01   2.3133493e-01  -1.0339303e-01  -1.4276558e-01  -1.4001430e-01  -1.3818345e-01   0.0000000e+00  -4.3563784e-02  -1.0085836e-01   2.3465911e-01  -3.3742720e-02   1.1758955e-01  -1.2922337e-02   9.2642504e-02  -1.2351976e-01  -4.3988557e-02  -8.8087774e-02   7.8254062e-02   3.9965544e-02   8.0230872e-02   4.0031383e-02  -9.0416686e-02  -3.4395363e-02  -8.9863060e-02   2.5085237e-02   2.2708969e-02   2.1633857e-01  -1.4708115e-01  -2.0242122e-02   4.2507249e-02   6.5733346e-02   1.9712889e-02   1.1448506e-01  -5.0936225e-02   3.2617784e-01   2.9896535e-01  -1.5744245e-01   2.2984481e-02  -7.7097453e-03   7.0339666e-02   2.2775704e-02  -2.2927270e-01   7.7533246e-02  -4.2378841e-02   2.1688406e-03   2.6501543e-01  -3.6847186e-02   1.1660490e-01   7.1993278e-02  -1.2193860e-01   2.7961737e-02  -1.1474716e-02   6.2735790e-02   2.8997040e-02  -5.1243160e-04   7.0884682e-02   2.7649739e-02   5.4698340e-02  -2.9200994e-02  -1.3972505e-01   5.6800559e-02   4.4614507e-02   2.6701579e-02   1.3132755e-01  -3.8042812e-03   4.2872616e-02   1.2652810e-01   7.9861402e-02  -7.6651444e-02  -5.6665354e-02  -2.0283390e-01   1.0134276e-01  -1.5999873e-01   1.8868307e-01  -6.2294932e-02   1.3110464e-01  -1.5868601e-01   2.4085302e-01  -1.6192023e-01   3.6133381e-02   5.7499337e-02   1.9871982e-02   7.5728690e-02   4.9877295e-02  -7.6725461e-02   7.2039498e-02  -2.6415899e-01  -1.6531659e-02   8.4209969e-02  -4.9247712e-02   3.4771041e-01  -6.3747468e-02   2.0267987e-01  -9.2702861e-02   9.3494340e-02  -6.7782977e-02  -3.2163508e-02  -1.6260042e-02  -2.1823785e-02   2.4535005e-01   1.0613659e-01   3.3963357e-02   2.4731966e-01  -2.0673532e-01  -1.7164517e-01  -3.3397584e-02   8.4606584e-02   1.1284246e-01   9.0297718e-03  -1.4431593e-01  -4.1327123e-02   4.7065531e-01  -1.1115672e-01   3.0908598e-02  -2.3439376e-01  -2.0362430e-01   6.3028100e-02  -1.6931350e-01  -2.0705352e-01   8.0927782e-04  -1.1694332e-01   1.7481678e-01   6.4718738e-02   4.5330409e-02   3.7754516e-01   3.0281978e-02   1.7665802e-01  -1.4909655e-01   1.4819905e-01   1.5654638e-01   3.6848988e-01   1.0171757e-01  -9.3296985e-03   6.5525804e-02   1.5298346e-02   4.0943799e-01  -4.1610345e-02  -5.2280788e-02  -3.4857322e-01  -1.2834916e-01  -1.0093663e-01  -7.3127218e-02  -1.4085893e-01  -1.3068692e-01  -9.8918433e-03   1.3322296e-01   1.6111856e-01  -1.9256928e-01  -1.5740430e-01   2.1203631e-01   6.1276556e-03   6.5772171e-02   9.4589072e-02  -1.1648498e-01   1.4740329e-01  -2.4592145e-02  -1.1277489e-01   9.7348644e-02   1.8879660e-01  -3.9559152e-02  -1.9758348e-01  -1.9174953e-02   1.9329014e-01  -1.3067957e-01  -2.3789267e-01   2.2023065e-02   1.3862179e-01  -6.5338693e-02  -1.0127036e-01   1.5906356e-01   1.3786818e-01
   4.1906707e-01   3.1690332e-01  -3.0500622e-01   1.0185670e-01  -5.3075031e-01   1.1656978e-01   1.5949768e-01   3.1579408e-03  -1.6706775e-01  -9.2481304e-02   4.0802741e-02   2.5074549e-01  -4.3563784e-02   0.0000000e+00   6.3261235e-01  -1.2252202e-01  -3.6438536e-01   6.0419147e-02  -5.6806632e-03  -4.7783902e-01   4.8842537e-01   6.1817415e-02   6.5827508e-01   2.3188438e-01   1.9072328e-01   1.4074144e-01  -3.9802097e-01   6.7931435e-01  -1.3498600e-01   2.3177557e-01   5.4830639e-01   2.5690297e-02   7.9813675e-03  -1.9099412e-01  -2.8399167e-02  -3.1537336e-01   1.5246195e-01  -1.7373574e-01  -2.4107299e-03  -3.8880030e-01  -1.1979567e-01  -5.7027424e-02  -2.0712324e-01   2.8015149e-01  -2.0003753e-01  -4.4057423e-01  -9.1398657e-03   2.4801179e-01   7.0526939e-02  -4.1569057e-01   1.1045272e-01   6.1032246e-02  -1.5766974e-01  -1.2235659e-01   5.6267953e-01   3.6609511e-01   2.5925135e-01   9.3937193e-02  -1.9870633e-02  -1.0563793e-01  -2.6597735e-01  -3.4663268e-01  -4.3172166e-01   2.0561642e-01  -1.6411308e-01  -8.2093549e-02  -2.0477570e-02  -2.1922591e-01   9.2135823e-02   7.5547384e-02  -2.0389552e-01   1.4671107e-01   2.2442947e-02   5.2181653e-01   1.3701979e-02  -2.4097037e-02  -2.4524682e-01   2.5420614e-01  -4.2501300e-01  -3.4792707e-01   6.0583284e-01  -4.5498843e-02  -2.3717000e-01   1.9908744e-01   5.9866545e-01  -1.3370737e-01   3.3500758e-02   2.6910661e-01  -3.1698172e-01   4.0404585e-01  -5.0535095e-01  -3.3355496e-01  -2.8131211e-01  -3.9379788e-01  -3.7426225e-01  -5.2134329e-01  -1.4373620e-01  -1.6144198e-01  -2.6451962e-01   6.9206447e-02   2.7991281e-01   3.7984129e-01   6.4888037e-01  -2.3423044e-01   7.7811681e-02  -3.3273037e-04  -1.9524439e-01  -1.8163083e-02   3.6779633e-01   9.9311109e-02  -2.0836646e-01   3.6676209e-01  -1.3027101e-01   1.6502977e-01   4.5714552e-01  -3.0249048e-01   9.7541936e-02  -9.2942936e-02   5.7307717e-01   2.0536416e-01  -1.0119297e-01  -4.1250146e-01  -4.3368125e-01  -8.9715742e-02  -3.1233479e-01   5.9867735e-01   9.9082998e-02  -8.6004683e-02  -1.8907503e-02   3.1122957e-01   2.0663293e-02  -3.2022891e-01   3.3118024e-01   2.6161989e-01  -2.8163973e-01  -4.9118959e-02  -2.5966678e-01   4.8813570e-01   3.4705062e-01  -7.8577056e-02   6.6287637e-02  -1.1324412e-01   5.1924296e-02   3.7738670e-01   3.5202702e-01   5.6254447e-01  -2.9657763e-01  -3.2563990e-01   9.1158840e-02   1.5882754e-01   5.9497420e-01   6.0931698e-01  -1.3460211e-01  -1.9228314e-02  -2.7095254e-01  -9.7407553e-02  -1.5021008e-01  -7.0756271e-02  -4.4662143e-01   6.5080580e-01  -3.3783425e-01   5.3017734e-02  -1.2631230e-01   1.0373337e-01  -1.3218043e-01  -2.8942422e-01  -1.1538064e-01   2.5971930e-02  -8.7560310e-02  -3.9530819e-01  -3.9674821e-01  -1.9672910e-01  -3.3146687e-01   7.0011942e-02   7.4526589e-02  -1.9961713e-01  -3.0283897e-02
