   0.0000000e+00  -2.9340184e-01   1.1529795e-01  -1.5529832e-01   1.1784303e-01  -2.3386302e-01  -2.0848854e-01   1.2753517e-02   1.0481813e-02   3.7415850e-03   5.5383019e-02  -3.5007184e-01  -4.0207245e-02   1.0302187e-01  -1.5593490e-02  -3.2518953e-01  -1.8193546e-01   2.1439564e-01   1.4779935e-01   1.7807690e-01  -2.4492870e-01   5.6718437e-03   8.4243954e-02   7.6085544e-01  -2.4014766e-01   8.7870720e-02   1.1837469e-01   3.1920523e-01  -1.7856430e-01  -6.5393660e-02  -3.1456267e-01  -1.7534580e-02  -4.6080783e-01  -1.5597540e-01  -3.2058396e-01   1.9679982e-01   2.6805765e-01   1.6997922e-01  -4.5977291e-01  -2.1432796e-01   9.8886074e-02  -2.9543146e-01   1.1609574e-01  -1.5383876e-02   1.6886637e-01   7.8139741e-01   1.5589926e-01  -1.3973117e-01   2.1384322e-01  -1.5820504e-01   1.2399292e-01   1.1157191e-01  -9.7760127e-02  -2.1805220e-01  -1.0291246e-01   8.8625083e-02  -7.3424966e-02   1.4536207e-02   1.1027642e-01   1.5124669e-01   2.8756153e-01   1.8865155e-01  -1.2387125e-01  -9.5935649e-02   1.6976639e-01   2.2918392e-01  -2.5531471e-01  -6.9733028e-02  -4.4340148e-02   3.7555009e-01  -2.5609410e-01   1.9135805e-02  -1.3259791e-01   3.2815938e-02   1.6094034e-03   1.6292006e-01   5.3237262e-01  -1.0603899e-02  -9.3846307e-02  -5.4132717e-02  -1.5931768e-01   1.2918713e-01  -6.1241406e-01   9.6131043e-02  -2.1965953e-01   1.8457970e-01  -2.1601723e-01   1.2795884e-01   8.7207052e-02   7.1609986e-01   1.2100104e-01   1.6075060e-01  -1.4162601e-01   1.6474484e-01   3.0333769e-01   1.0419761e-01  -7.5344103e-02  -4.6575502e-02   1.3491444e-01  -3.7779144e-02  -1.1838511e-02  -1.2614904e-01  -9.9232993e-02   5.5180625e-03  -4.9551670e-02  -1.2702880e-02  -3.9399142e-01   1.0823278e-01  -1.2608400e-02  -1.3876896e-01  -3.0911738e-01   1.2605116e-03   4.8537557e-02   7.7759233e-01  -2.7025681e-01  -1.0311513e-01   1.0685637e-01  -2.0826571e-01   5.4477290e-02  -2.6238062e-01   6.0256176e-01   6.2402898e-02  -1.5910817e-01  -4.4641646e-02   7.6713041e-01   2.8935807e-01   1.1190793e-01  -1.6165656e-01   5.3342364e-02  -2.3349938e-01  -3.6812239e-01  -1.6308145e-01  -1.9380090e-01  -2.3291551e-01   7.7953626e-02   2.6336008e-01  -2.3021748e-02  -2.9689371e-01   2.7486642e-01   4.2495150e-01   6.7831618e-01   6.8590648e-02   1.6727951e-01  -4.4765294e-01  -1.8430280e-01  -2.4023195e-01  -4.2909262e-01   3.4082850e-01   3.0905501e-01  -1.0693701e-01   2.9844191e-01  -2.1859563e-01   5.6180441e-01   1.5792930e-02  -2.5802677e-01   6.2662960e-01   6.9472308e-01   2.1410756e-01   4.6829959e-01  -7.8842897e-03  -1.0073751e-01   5.6501328e-02   3.2673574e-01   5.0075487e-02   1.4342571e-01  -1.5924423e-01   5.8327959e-02   1.8322426e-01   4.4858500e-01  -2.8746797e-01  -2.5358663e-02   1.5002502e-01   1.7940335e-01  -4.4047564e-01  -4.2153829e-01  -4.2484002e-02   6.7810680e-02
  -2.9340184e-01   0.0000000e+00   3.6004487e-01  -3.5771284e-01   5.1796475e-01  -3.8085732e-02  -8.3750574e-03   2.4903725e-01   5.4256632e-01   1.0578259e-01  -5.7315097e-01   3.0000704e-01  -9.3990759e-02  -3.2280897e-01  -3.8827715e-01  -9.7184952e-02   6.7284873e-01  -5.8781831e-01   1.8448538e-01   3.6294761e-02  -5.5065753e-01  -3.8057958e-01  -5.6477879e-01  -1.3510646e-01   1.7271410e-01  -2.7655768e-01   3.9335615e-01  -4.4154444e-01   2.5658918e-01  -8.2735481e-02  -1.8546077e-01  -5.6080885e-01   3.5402460e-01   1.7336890e-01   1.7117821e-01  -4.1817924e-01  -4.4823857e-02   1.3917480e-01  -6.6316751e-02   6.3390511e-01  -1.0955145e-01  -2.3908860e-02   4.6147801e-01  -3.8420094e-01  -2.9150815e-01  -1.3361620e-01  -5.6692299e-01   3.5746250e-01  -3.6952217e-02   7.0419104e-01  -6.8632632e-01   5.5437625e-02   6.5408831e-01   3.2464524e-01  -7.4918088e-02  -6.6714854e-01  -2.1593494e-01  -4.5764205e-01  -4.1450108e-01  -3.2518025e-01   1.4440503e-01  -1.3461822e-01   8.3086067e-01   1.3834002e-01   5.0641682e-01  -5.9796418e-01   1.8233121e-01   7.0731852e-04  -4.7303648e-01   1.0992353e-02   6.7224470e-01  -4.8088409e-01   1.3828420e-02  -3.4473928e-01   1.7660897e-01  -2.0228548e-01   2.3700381e-02  -4.3227209e-01   5.0787854e-01  -5.6535391e-02  -4.2326894e-01  -2.2800260e-01   1.7594112e-01  -7.7445588e-02   2.6735560e-01  -3.6926737e-01   3.1329852e-01  -3.5742762e-01   3.5259866e-01  -1.1551721e-01   4.7263361e-01   3.5730317e-01   5.1011901e-01   1.0181897e-01   1.0796362e-01   3.2136265e-01   5.0781829e-02   1.7012915e-01   6.8499052e-02  -2.7298611e-01   1.5870445e-01  -3.0223350e-01  -4.1739397e-01   7.2292103e-02  -6.5836428e-01  -4.6596055e-01   2.8355030e-01  -2.1519228e-01   9.4832122e-02   2.0590305e-01   4.6536238e-02  -5.6884896e-01   6.3160560e-02  -2.2664776e-01   2.2173281e-02   7.0469513e-01  -5.0195387e-01  -7.8872746e-02  -2.2015160e-01  -4.4422657e-01  -2.4278962e-01   4.8309324e-01   5.3967058e-01   1.7343291e-02  -5.7190945e-02  -4.4831119e-01  -5.0768229e-01   1.6161850e-01  -4.1858965e-01   6.0025971e-01  -1.8059129e-02  -8.7031282e-02  -9.5531335e-02  -1.0917246e-01   4.3784929e-02  -4.7948144e-02  -6.2886581e-02  -1.7238371e-01  -1.1996528e-01  -1.3705687e-02  -1.5292008e-01   1.0446186e-01  -5.6891955e-01   1.7991589e-01  -5.1786505e-01  -5.5448994e-01   5.7871939e-01  -1.2479510e-01  -6.4548301e-01   2.5009912e-01   6.9113950e-02  -1.1342533e-01   1.1601853e-01   1.9210937e-01   7.7921872e-01  -7.9948117e-02  -2.8540690e-01  -3.6360103e-01   2.9717726e-02  -4.2853284e-01   4.1894266e-01  -4.0795004e-01  -1.3916365e-01  -5.6839020e-01  -2.8852986e-01   2.5135882e-02  -2.6734345e-01  -2.3794265e-01  -6.4523485e-02   7.6442019e-01   5.6503903e-01   1.4000293e-01   3.6888707e-02   9.7997814e-02   1.0589182e-01   3.1869293e-01  -3.9797458e-01
   1.1529795e-01   3.6004487e-01   0.0000000e+00  -4.8441635e-01   3.2984250e-01   6.6530509e-02   1.7871623e-01   4.1362118e-02   2.1640132e-01   3.5833354e-01  -3.6131338e-01   1.9904098e-01  -1.1691440e-01  -2.3160893e-01  -1.9750188e-01  -2.4293365e-01   7.7811783e-01  -3.7820242e-01   6.3123694e-02   2.0338226e-01  -4.7305336e-01  -3.8648297e-01  -2.5807394e-01   1.2276983e-01   1.3513389e-01  -2.4397425e-01   5.4529034e-01  -2.0978335e-01   2.4518914e-01  -4.7322587e-01  -3.1796110e-01  -4.0608446e-01   1.3677819e-01   2.1807121e-01  -1.0192125e-01  -2.1701188e-01   1.0561983e-01   2.4685013e-01  -1.1559439e-01   5.7900347e-01  -1.2173460e-01   1.1909272e-01   4.0132368e-01  -2.7978882e-01  -2.3582001e-01   1.6642110e-01  -3.5874744e-01  -3.2919285e-02   3.4757604e-02   6.7874092e-01  -4.6275048e-01   1.9462405e-02   2.2629435e-01   2.9263313e-01   3.2959612e-02  -4.4325119e-01  -2.3665592e-01  -3.6105751e-01  -4.7828618e-01  -4.1034888e-01   3.9747452e-01   1.9825767e-01   3.6482332e-01  -1.8887059e-01   4.5686105e-02  -3.1633682e-01  -9.6215700e-02  -5.6982166e-02  -3.4877807e-01   6.7609208e-01   2.6555643e-01  -4.3016342e-01  -3.0767307e-01  -1.4142555e-01   2.8614115e-01  -2.9067165e-02   2.3178437e-01  -2.8499961e-01   2.6006427e-02  -4.1392666e-02  -1.9297968e-01  -2.2016343e-01  -1.4414764e-01   9.8859270e-03  -3.2662754e-02  -2.0631840e-01  -2.4211978e-01  -1.9526126e-01   1.7383173e-01   5.2666678e-02   2.1198282e-01   5.4949453e-01   3.7255553e-01   6.4212161e-02   1.9575138e-01   3.0530996e-01   3.7912483e-02   5.1490477e-02   2.9966534e-02  -1.7096599e-01   1.9106249e-01  -2.7094746e-01  -2.9573600e-01  -3.3473384e-01  -5.7929686e-01  -3.0148370e-01   3.3969032e-01  -1.6896511e-01   2.4660090e-01  -1.7236173e-01   1.3132128e-01  -5.9612806e-01  -1.3816910e-01   6.9222806e-02   2.2282718e-01   2.3175543e-01  -3.8539551e-01  -2.3855756e-01  -9.9798919e-02  -5.1156437e-01  -1.1668933e-01   3.1859527e-01   2.9714212e-01  -3.1886827e-01   7.3481962e-02  -2.8561795e-01  -4.0565093e-01   2.6763688e-01  -3.6341007e-01   7.1502093e-01  -5.6920819e-02  -2.5317224e-01  -5.9297108e-02  -8.8206263e-02  -1.6686237e-01   1.0840960e-01  -1.4580717e-01  -3.0908555e-01  -2.7041764e-01   1.6989141e-01   1.2864078e-02   6.1929337e-02  -4.6836443e-01   3.9283213e-01  -3.7024185e-01  -4.2520189e-01   4.0085245e-01   1.7923958e-01  -3.4194918e-01  -8.7132827e-02   2.7416760e-01  -1.7586098e-01   2.6812104e-01  -4.6541560e-02   5.8228601e-01  -1.9634629e-02  -1.6062833e-01  -4.8114569e-01   3.1009380e-01  -2.1965914e-01   3.0274575e-01  -3.9333841e-01   1.5943461e-01  -6.0110417e-01  -1.5751431e-01  -5.8698338e-02  -1.0968179e-01  -1.5212267e-01   1.0883852e-01   2.3604963e-01   2.7858598e-01   1.8013499e-01  -1.9347623e-01   2.4798109e-02  -4.5123915e-03   1.5102320e-01  -2.3313741e-01
  -1.5529832e-01  -3.5771284e-01  -4.8441635e-01   0.0000000e+00  -2.4635735e-01   6.0348688e-02  -2.1674317e-01  -1.7877856e-01  -2.0073855e-01  -3.2895982e-01   4.3768033e-01   9.2649870e-02   5.7711695e-02   1.8407813e-01   5.5169358e-02   3.1162936e-01  -4.9007328e-01   4.9807342e-01  -2.1367214e-01  -1.0134204e-01   4.3897769e-01   4.8350005e-01   2.7561151e-02  -8.7565231e-02  -1.6081671e-01   2.1941835e-01  -3.9657063e-01   1.4268671e-01  -3.0053697e-02   3.6204583e-01   2.2993445e-01   5.1977796e-01   8.6848424e-02  -3.3513399e-01   3.9407592e-02   2.5927689e-01  -2.5747508e-01  -3.3020337e-01   1.8955120e-01  -4.0859116e-01   1.2713601e-01   2.7141636e-01  -3.3405086e-01   2.8410215e-01   2.5096263e-01  -2.4470134e-01   4.8903509e-01  -1.4461463e-01  -1.4580549e-01  -4.7140920e-01   4.5527302e-01  -4.3880290e-02  -3.6013200e-01  -1.4264190e-01   1.8732513e-02   4.0371191e-01   1.3487678e-01   4.7712241e-01   5.3554643e-01   3.3955423e-01  -4.0042838e-01  -9.2781113e-02  -3.6072350e-01   2.3507058e-01  -2.3380725e-01   2.4046992e-01   3.3418561e-02   2.1467805e-02   4.2619812e-01  -3.3273823e-01  -3.6035721e-01   5.8805162e-01   3.3716185e-01   2.3733676e-01  -7.7663842e-02   4.1691945e-02  -3.6381379e-01   2.4098423e-01  -2.1442054e-01   3.4637388e-01   1.9888306e-01   1.4551997e-01   1.6073531e-01  -1.8164004e-01  -1.0159206e-01   1.8395975e-01   1.3937055e-03   2.7249199e-01  -2.6609117e-01  -1.9641658e-02  -1.8036461e-01  -4.0334445e-01  -3.1522531e-01   1.9017734e-01  -2.5624811e-01  -2.3977777e-01   4.8477875e-02  -6.8191196e-02  -2.3235905e-02   1.7191411e-02  -1.8349745e-01   2.6790843e-01   4.9431561e-01   2.6718869e-01   5.2350845e-01   5.5674955e-01  -1.7858278e-01   2.2668442e-01  -3.7808228e-01  -5.3241100e-02  -1.1930269e-01   5.0931277e-01   3.0568275e-01  -6.0567688e-02  -1.1551370e-01  -3.1270216e-01   4.3836819e-01   2.0885189e-01   6.7840235e-03   7.5650769e-01   1.4054190e-01  -2.6126855e-01  -3.7278064e-01   1.5654896e-01  -1.3516464e-01   2.9161363e-01   3.8544500e-01  -1.4040287e-01   5.9649540e-01  -3.8743326e-01   2.1898847e-01  -4.0455425e-02   4.2493076e-03   2.4347876e-02   3.4381480e-01  -9.1162372e-02   2.2248302e-01   1.6393196e-01   2.6190092e-01  -8.9398501e-02   4.4325809e-02  -4.9233673e-02   4.0927284e-01  -9.4901799e-02   2.6112559e-01   4.6032784e-01  -3.5090789e-01   2.1136783e-02   1.5318935e-01  -1.7775812e-01  -1.4774434e-01   7.3696983e-02  -2.7714603e-01  -2.2859447e-01  -4.2485016e-01   3.4157208e-02   6.5228409e-02   3.6760942e-01  -2.9544798e-01   9.1587403e-02  -1.7669645e-01   3.8034347e-01   2.4015322e-04   6.4360471e-01   2.3672193e-01  -1.8411805e-01   2.0766791e-02   1.1241303e-01  -1.2917409e-01  -2.6850423e-01  -3.2510278e-01  -2.3119896e-01   2.2315030e-01   7.7479114e-02  -5.5490762e-04  -1.6654116e-02   3.2732100e-01
   1.1784303e-01   5.1796475e-01   3.2984250e-01  -2.4635735e-01   0.0000000e+00  -7.1071114e-03  -2.4084910e-02  -2.5287783e-02   5.5474451e-01   1.7276740e-01  -4.1691026e-01  -4.7113967e-02   6.9654914e-02  -3.3200519e-01  -4.4387156e-01  -2.8453761e-02   4.1444902e-01  -1.3391310e-01   3.3229879e-02   5.0595239e-01  -4.6483653e-01  -4.1052323e-01  -3.9249977e-01   1.8874891e-01   8.4776727e-02  -2.5627661e-01   6.1112690e-01  -2.3903266e-01   1.1702820e-01  -8.2169221e-02  -4.0942054e-01  -3.7738387e-01   2.6384035e-01   1.5295114e-01  -1.0517381e-01   2.0824876e-01   2.4735422e-01  -3.0131697e-02  -7.6325993e-02   4.2949792e-01   2.3393713e-01  -3.8067530e-02   6.8947488e-01  -2.4369548e-01  -1.7474221e-02   3.0209070e-02  -2.3343274e-01   3.2830208e-01   4.1239312e-01   5.0115604e-01  -4.1656028e-01  -7.7423987e-02   4.9781960e-01   2.3259853e-01  -3.1663016e-01  -4.3761748e-01  -2.9575810e-01  -4.1703469e-01  -4.6113295e-02  -2.5793107e-01  -6.4453372e-03   2.7333966e-01   5.8337492e-01  -6.5610299e-02   5.0886518e-01  -1.9957045e-01   7.5592346e-02   4.3130490e-02  -2.6068784e-01  -5.6569061e-02   3.6256130e-01  -2.3502774e-01   2.1451050e-01  -4.5273754e-01   9.4400783e-02  -1.8451874e-01   1.8791954e-02  -2.9935945e-01   6.5007700e-01   7.5645423e-02  -3.0711320e-01   3.8416567e-02  -8.8345473e-02  -1.7639675e-02  -6.3534142e-02  -3.1896955e-01   2.2486480e-04  -3.2464824e-01   2.2966711e-01   2.4982448e-01   7.3287461e-01   1.5658289e-01   3.1111704e-01   2.9571158e-01   5.1989967e-02   6.8549424e-01   2.0422648e-01  -1.9775002e-02   5.2283141e-01  -1.4582807e-01  -8.8529560e-02  -5.3154384e-01  -4.0562914e-01  -1.4267351e-01  -5.2949562e-01  -3.6547081e-01   3.1831276e-02  -9.4157725e-02   1.1038028e-01   3.9825289e-01  -3.0116814e-02  -3.9626820e-01   1.9511216e-02   2.0049917e-01  -3.8242007e-01   6.1866217e-01  -1.9581189e-01   3.6801303e-02  -2.4758489e-01  -3.5506420e-01  -5.3848791e-02   7.3656625e-01   2.9033958e-01  -4.8001576e-02   6.7530456e-02  -3.3988003e-01  -2.0915743e-01  -9.5508812e-03  -3.1908184e-01   3.0207119e-01  -5.2618192e-02  -6.2648040e-02  -3.8981448e-01  -1.4907152e-01  -5.6767995e-02  -9.4747004e-02  -7.6635746e-02  -3.5657535e-01  -1.0864328e-01   6.0163764e-02   2.5481598e-01   1.9993922e-01  -3.8275196e-01  -1.6912170e-01  -5.9656224e-01  -5.6701586e-01   1.8488749e-01   4.0468632e-01  -2.2192704e-01   1.6281268e-01  -1.4247189e-01  -2.7783237e-01   1.7892407e-01   2.4647783e-01   4.8851944e-01   1.3964674e-01   7.1344327e-02   6.8162500e-02   7.0168766e-02  -3.1567303e-01   3.8451403e-01  -3.6620265e-01   3.1464925e-01  -3.5642707e-01  -2.6090270e-01   2.7634250e-02  -1.6474795e-01  -1.5960039e-01   1.6736182e-01   5.9291378e-01   6.3011349e-01   1.1472681e-01   3.4644553e-01  -6.1510757e-02  -1.7451282e-01   3.5209986e-01  -3.9811391e-01
  -2.3386302e-01  -3.8085732e-02   6.6530509e-02   6.0348688e-02  -7.1071114e-03   0.0000000e+00   2.4296744e-01   2.1370164e-02  -2.8341671e-01  -1.0433621e-01  -7.8837904e-02   3.1546612e-01  -1.9569265e-01  -3.1748073e-02   7.4554764e-02   2.6946927e-01   8.6825569e-02   3.6595076e-02   8.2518486e-02   8.7570992e-02   2.6573989e-01  -5.8301248e-02   2.1619571e-01  -2.6482075e-01   2.5518524e-02   1.1917527e-01   2.5649132e-01  -7.7575903e-02   1.1140311e-01   1.0281086e-01  -6.4027304e-02  -6.2438151e-02   2.7766633e-01   7.4084134e-02   2.1416991e-01   8.3234355e-02   2.7860843e-02  -3.0938826e-01   1.0064609e-01   1.7136006e-01  -8.5751209e-02   2.6488019e-01  -8.1935774e-02  -7.5391246e-02   2.1440747e-01  -1.9461430e-01   8.9953364e-02   2.4659662e-01   1.2107899e-01  -1.2574698e-02   2.2016738e-02   1.3683043e-01  -1.5870930e-02   1.3351145e-02   2.4010891e-02   1.0990455e-01   3.6966808e-01  -7.0212636e-02  -1.9351155e-01   8.0367610e-02  -2.6238794e-01   6.0643390e-02  -1.6239316e-01  -1.8872520e-01  -1.8906320e-01   1.7666339e-01   7.2092720e-01  -2.4285488e-01   3.3878459e-01   1.1163538e-01   2.7513231e-02   1.7712862e-01   8.6574190e-02   2.0616085e-01  -7.1805900e-02  -1.7464231e-01  -4.3738919e-01   8.8450617e-03   4.4871078e-02  -1.1612480e-01   1.4427381e-01   1.5334622e-01   2.9479645e-01   1.1742091e-01   2.3750624e-01  -1.7679931e-01   1.6715923e-01   2.2456751e-02  -9.2565074e-02  -2.1142678e-01  -2.0241918e-01  -2.9095925e-01   1.0121194e-01  -8.2890817e-02  -4.0180127e-01  -7.1365593e-02   1.1346762e-01   2.0065141e-01  -6.6831189e-02   2.4525667e-01  -6.9813022e-02  -1.2336837e-02   1.0498391e-01  -7.8580713e-02   7.6847312e-02  -1.5518277e-01   1.4684867e-02   4.7749125e-01  -3.5588006e-02   2.4661996e-01   1.9415003e-01   1.6828778e-01   1.1771195e-01  -2.0172495e-01   3.5148218e-02  -1.4352565e-01   7.6259785e-02  -5.4712164e-03  -1.3439572e-02   1.4452817e-01  -2.3764893e-01  -3.5784802e-02  -1.0795155e-01   5.5258874e-02  -2.4912755e-01  -6.9098707e-02   2.2039648e-01  -1.2174311e-01  -1.9166095e-01   3.7646361e-02   1.5022161e-01   1.2215921e-01   1.0896630e-01  -9.2347681e-02  -9.0302161e-02  -1.1582578e-01  -1.5977031e-02   1.3194132e-01  -1.9292504e-01  -2.4401342e-01  -1.4427218e-01  -6.7973960e-02   8.2517809e-02   3.1985419e-01   1.8285014e-01   7.3222999e-02   1.3831141e-01  -1.8777909e-01   2.0568188e-01   1.0644926e-01  -9.8289006e-02   1.9428220e-01  -3.3776652e-01  -2.5331075e-01   4.6865757e-03  -1.9226978e-01  -1.7153199e-01  -1.6557478e-01  -2.7727771e-01   2.5601671e-01  -1.5177792e-01  -1.5221509e-02  -1.4774021e-01   9.1248607e-02   9.8680393e-02   5.9567789e-02   1.0309752e-01  -5.5564669e-02  -5.7873637e-02   4.2476871e-02   9.3473398e-02  -3.7960865e-01  -4.8505266e-02   5.7020765e-01   1.8206652e-01   1.0898643e-01  -1.2941235e-01
  -2.0848854e-01  -8.3750574e-03   1.7871623e-01  -2.1674317e-01  -2.4084910e-02   2.4296744e-01   0.0000000e+00  -1.1011465e-01   8.5956846e-02   4.3519732e-01  -2.2173589e-01   4.0394214e-04  -2.3497612e-01  -2.7454084e-01   4.8440163e-01  -3.2675826e-02   1.1315688e-01  -1.4453070e-01  -7.9518246e-02   1.6980984e-01   1.1965461e-01  -2.8978334e-01   4.7616582e-01  -3.4441854e-01  -2.6374787e-02  -2.4412503e-01   1.3957526e-01  -1.9986601e-01  -6.9792666e-02  -2.2847713e-01   4.9611482e-02  -2.9858169e-01   4.2507394e-02   7.2685766e-01   4.4620540e-01   7.5917550e-02   1.9899975e-01   7.4456019e-02   2.0158500e-02   1.9734397e-01  -1.8476480e-01   2.1610656e-02   1.1657089e-01  -3.3646258e-01  -5.3861865e-05  -2.3062232e-01  -3.5559685e-01   4.7112732e-01   2.0811648e-01   3.6666480e-02  -5.1574570e-02  -2.5115388e-01   3.2434893e-01  -1.4768944e-01  -2.4116615e-01  -2.0799997e-01  -1.5808186e-01  -4.3424639e-01  -3.1904777e-01  -2.3802854e-01  -2.7538078e-02   1.1707533e-01  -3.3875600e-02  -1.1895364e-01  -1.7219419e-01   1.7375730e-02  -3.7146422e-02  -4.3649632e-02  -2.8666702e-01   1.3816097e-02   3.7130224e-01  -1.8555838e-01   1.6197114e-01  -1.7175696e-01  -2.3239522e-01  -2.7761381e-01  -2.0444064e-01  -9.5742848e-02   1.1148980e-01  -2.4797628e-01   3.1391080e-01  -1.3477408e-01   2.6761512e-01  -1.2127411e-01  -2.1730027e-02  -3.0397538e-01   9.0972242e-02  -2.2861090e-01  -9.8986885e-02  -3.1505665e-01  -4.8878954e-02  -1.2341882e-01   3.0276392e-01  -2.2200353e-01   4.5138443e-02  -1.5993191e-01  -1.4816004e-01  -2.3082342e-02  -6.2417243e-02   6.2993241e-01   6.3239047e-02   3.1008684e-01  -2.8068652e-01  -2.1359443e-01  -1.2005635e-01  -1.9550277e-01   4.7376492e-02  -2.9769986e-01   3.1837930e-01  -1.3184943e-02   6.5553741e-01  -1.5791554e-01  -3.1884580e-01  -2.2753575e-01   2.4439983e-01  -4.8003845e-02  -2.8617853e-01   4.0050703e-02  -2.8463298e-01  -1.0172336e-01  -3.0900877e-01  -1.4447276e-01   2.1192957e-02   2.0253231e-01  -3.5490783e-01  -4.3716231e-01   5.9352617e-02  -2.1230857e-01  -3.4494158e-01   2.2956514e-01  -1.3371478e-02   5.6566783e-01  -2.9189145e-01   4.2284709e-01  -2.0962607e-01  -2.9552151e-01  -3.0781526e-01   2.6854888e-01  -3.8917112e-01  -1.0046969e-02  -3.1019304e-01  -1.4714535e-01  -2.8495919e-01   2.4535749e-01   2.9772155e-01  -3.1193701e-02   4.5566643e-01  -2.4403167e-01  -6.9402165e-02   4.0986590e-01  -1.6411337e-01   2.9887838e-01  -2.5348517e-01   1.5321994e-01   2.3595213e-01  -2.9707585e-01  -2.6794088e-01  -2.2358897e-01  -1.2614067e-01   3.6359450e-01  -7.7316634e-02  -3.7302712e-01   8.0762519e-02  -2.7864559e-01  -1.9296211e-01   4.6547349e-01   1.7209267e-01  -3.0389186e-01  -1.8085983e-01   1.6118141e-01  -1.0833326e-01   1.1265032e-01  -2.6610086e-01   1.5933340e-02  -1.1656508e-01  -6.4643057e-02  -2.0076561e-01
   1.2753517e-02   2.4903725e-01   4.1362118e-02  -1.7877856e-01  -2.5287783e-02   2.1370164e-02  -1.1011465e-01   0.0000000e+00   1.3139346e-01  -3.3602287e-03  -3.8425444e-01  -1.3268157e-02   1.1709258e-01   2.6430428e-01  -2.5452202e-01  -1.0165209e-01   1.9890025e-01  -2.7011664e-01   5.4185632e-01  -8.3806338e-02  -3.2041487e-01   8.8749369e-03  -2.5111652e-01   9.2273192e-02   9.9693835e-02   3.0899828e-01   1.0166391e-01  -2.9252384e-02   2.2095998e-01  -1.2736849e-01  -1.5689945e-01  -1.5018736e-01   9.2049925e-02  -4.4707186e-02   5.5242201e-02  -3.7643557e-01   2.7259559e-02  -5.9389949e-02  -9.4701270e-02   1.6690802e-01   9.6378773e-02  -2.3683138e-02   6.1101845e-02  -1.1778342e-01  -1.2825039e-01   1.7925352e-01  -3.5177570e-01   1.3345896e-02  -1.5766247e-01   1.9690134e-01  -3.1924449e-01   5.8334147e-01   6.7599269e-02   8.6081236e-02   1.3766111e-01  -2.3118035e-01   3.2090760e-01   7.2363824e-03  -1.4698720e-01  -5.0489255e-02   2.9205035e-01  -1.0533612e-01   1.7182059e-01   2.3218371e-01   1.0711034e-01  -2.3664910e-01   1.7917196e-01  -1.6601923e-01  -2.4007292e-01   6.4335114e-02   2.0670833e-01  -2.1399931e-01   1.8576091e-01  -7.4711705e-02   1.4331492e-01   6.7835745e-02   1.2268861e-01  -1.7335078e-01  -8.5647687e-02  -4.0544798e-02  -1.8593384e-01  -2.1964401e-02  -3.4937801e-02   4.9515513e-01   1.8150785e-01   3.8189671e-03   1.2173973e-01   6.9174578e-02  -1.4454134e-02  -1.1769373e-01   2.4651519e-03   2.8122552e-01   1.4406414e-01   4.3705734e-02   4.0408034e-02   1.2368478e-01  -1.2008884e-01   4.7890410e-01  -4.8958361e-02  -4.6155539e-02   7.6781617e-02   1.2534589e-02  -1.6300197e-01   7.9236004e-02  -2.4077364e-01   5.3609332e-02   7.2963649e-02   2.7298539e-01   1.6846926e-01  -1.1186869e-02   2.1126706e-02  -2.8243129e-01   6.7103598e-02  -1.1577722e-01   4.0105733e-02   1.0588298e-01  -1.6342913e-01   1.7517324e-01   4.8057873e-02  -2.6197629e-01   2.0102455e-02   6.7920679e-02   2.3011198e-01  -9.2890133e-02   1.1753878e-01   9.4584908e-02  -1.9869592e-01  -2.6678684e-02  -6.3258126e-02   3.6522420e-02  -1.5339458e-02  -2.2719564e-01   2.2160174e-01  -1.9337787e-01   1.2154891e-01   4.1982406e-01   1.0898085e-02  -4.5502310e-02   2.9538591e-01  -2.9799846e-02   4.6404303e-02   1.8869244e-01  -1.8840411e-01  -1.1040274e-01  -2.9353139e-01  -2.3140344e-01   1.6778724e-01  -1.4490512e-01  -2.6880517e-01   2.8266899e-02   1.1343172e-01   3.1969120e-01   2.0313728e-01  -2.5981351e-02   1.9182676e-01  -3.5506516e-02   1.4035171e-01  -2.1566316e-01   2.7931237e-01  -3.2617738e-02   4.3703324e-02  -1.8139983e-01  -2.1489783e-01  -2.2236499e-01   2.3126268e-01  -1.7580506e-01  -2.7414919e-01   1.2307379e-01   2.6729940e-01   1.5657476e-01   1.2529729e-01  -1.4146141e-01  -7.2086998e-02  -3.4769432e-02   1.3417481e-01   7.3219250e-02   2.2720819e-01
   1.0481813e-02   5.4256632e-01   2.1640132e-01  -2.0073855e-01   5.5474451e-01  -2.8341671e-01   8.5956846e-02   1.3139346e-01   0.0000000e+00   3.2264181e-01  -2.4065180e-01  -9.8298724e-02   3.0000799e-02  -2.7232649e-01  -2.6517820e-01  -1.2072610e-01   2.6474849e-01  -1.5524337e-01   1.2546034e-01   1.5915929e-01  -4.3204087e-01  -2.6206067e-01  -3.3583328e-01   5.8272426e-02  -1.8719756e-02  -2.7410565e-01   3.9037362e-01  -2.8858351e-01   8.3080960e-02   1.2296262e-01  -2.0199795e-01  -4.1191606e-01   1.6109852e-01   2.3943423e-01   1.0530995e-01   7.3464815e-02   1.0431853e-01   3.9539564e-02  -1.7403855e-01   2.7120804e-01   1.3577713e-02  -1.0307000e-01   6.3692700e-01  -1.2934455e-01  -9.6054933e-03  -1.7953827e-02  -3.2075391e-01   3.1050537e-01   2.5980059e-01   3.1716389e-01  -3.9123532e-01  -1.3972614e-02   5.2028680e-01  -1.5362374e-02  -2.8026510e-01  -3.6725611e-01  -3.9484889e-01  -4.0282289e-01  -1.3397274e-01  -3.0612413e-01   1.6883390e-04   2.1855637e-01   6.1180280e-01   2.6335086e-01   6.9643561e-01  -1.6541406e-01  -9.4002847e-02   1.8722069e-01  -3.8755190e-01  -8.5344252e-02   3.8601876e-01  -3.1277691e-01   1.6662530e-01  -4.6597621e-01  -2.9030126e-02  -2.0024031e-01  -2.0250597e-02  -4.1309367e-01   4.0174255e-01  -1.7945572e-02  -2.4061177e-01  -9.0930431e-02  -1.4328733e-03  -1.4272274e-01  -2.4333496e-01  -3.1216352e-01   1.7002216e-02  -2.9705386e-01   1.0406758e-01   8.4460941e-02   7.4428739e-01   8.0519205e-02   1.2763541e-01   4.1664693e-01   8.5236106e-02   3.6303989e-01  -1.2057923e-01   5.0229837e-02   3.9461798e-01  -6.4760627e-02  -6.2273256e-02  -2.6032131e-01  -3.5907287e-01   7.3703139e-02  -4.9868198e-01  -2.2905145e-01  -9.0299652e-02  -1.7782237e-01   1.0127076e-01   4.9291321e-02  -6.4974644e-02  -4.8337941e-01   8.8864881e-03   2.7020577e-02  -2.3220028e-01   6.1488754e-01  -2.7085420e-01   6.4941199e-02  -2.4374493e-01  -3.1223503e-01  -1.3464417e-01   3.9521012e-01   1.4981307e-01   1.8868526e-01  -4.4009463e-02  -3.3247920e-01  -1.5520680e-01  -8.6325518e-02  -2.6818862e-01   2.2357195e-01  -1.4546890e-01   5.8917013e-02  -3.8723530e-01   1.4765652e-02   1.2323119e-01  -9.1460124e-02  -2.5713376e-01  -1.4795311e-01  -1.2991424e-01   2.8901365e-02   3.5423301e-03   1.9961205e-01  -3.9224643e-01  -2.2300175e-01  -4.9010701e-01  -4.3527026e-01   1.5319505e-01   2.4773878e-01  -3.7922334e-01   1.4808141e-01  -1.8239051e-01  -6.1198800e-02   7.5441011e-02   4.7471630e-01   3.7480888e-01   1.3879962e-02  -9.9350412e-02  -7.9415202e-02   4.1325439e-02  -2.7067079e-01   3.5008319e-01  -3.6567394e-01   1.9710575e-01  -3.1369092e-01  -2.4070212e-01   9.9837571e-02  -3.5818658e-02  -2.0595586e-01  -2.6834276e-02   3.5786700e-01   3.3953775e-01   1.1046691e-01   4.2730957e-01  -2.6084926e-01  -2.7933668e-01   1.2821639e-01  -2.8561147e-01
   3.7415850e-03   1.0578259e-01   3.5833354e-01  -3.2895982e-01   1.7276740e-01  -1.0433621e-01   4.3519732e-01  -3.3602287e-03   3.2264181e-01   0.0000000e+00  -2.2838450e-01  -1.1281453e-01   4.8335213e-02  -3.5103323e-01   4.1598983e-02  -2.0587796e-01   2.3009164e-01  -1.0885697e-01   1.5773193e-01   3.5563497e-01  -2.4101863e-01  -2.5895657e-01   1.1270801e-01  -9.5382238e-02  -1.1048152e-01  -1.9498477e-01   4.0686256e-01  -2.1153246e-01   1.4982688e-01  -3.2039476e-01  -2.5403294e-01  -3.2308687e-01   1.0321313e-02   6.0389425e-01   1.5640233e-01   7.3178160e-02   3.8870098e-01   6.7797004e-02  -2.3863639e-01   4.3739132e-01   7.9800529e-02  -9.4763990e-02   3.0624601e-01  -2.3528599e-01  -7.9018056e-03  -7.3728444e-02  -3.9323059e-01   1.4172304e-01   2.3098777e-01   2.8978337e-01  -1.9246110e-01  -1.1968572e-01   2.7477096e-01   1.2937438e-01  -3.5040470e-01  -2.2004197e-01  -1.9809843e-01  -3.7846237e-01  -2.3708024e-01  -4.1787555e-01  -8.7073081e-02   4.2252665e-01   2.6343362e-01  -2.0241731e-01   5.1267478e-02  -3.1545908e-02  -1.3254833e-01   1.6657907e-01  -3.5914693e-01   7.2605677e-02   3.0576253e-01  -3.0923448e-01   7.1898391e-02  -2.5226334e-01  -5.9995429e-02  -1.0222405e-01  -1.3299481e-01  -8.4625880e-02   2.8714181e-01  -3.0872680e-01  -3.0081077e-03  -7.6299518e-02  -1.5370492e-01   2.8915594e-02  -3.1895528e-01  -2.1396876e-01  -1.2781995e-01  -3.6551707e-01  -1.0561448e-01  -1.6480624e-01   2.0469675e-01   5.4237948e-02   3.2569515e-01  -2.8883807e-02  -7.5045603e-02   2.0337640e-01   1.6318397e-04   2.5096974e-02   2.1928026e-01   4.3758101e-01  -7.9465868e-02   3.3963678e-02  -4.0786102e-01  -3.4791941e-01  -3.2014843e-01  -2.1061328e-01   1.2784024e-01  -1.9622178e-01   5.4500366e-01  -6.8543767e-02   3.2480693e-01  -4.3120355e-01  -2.5726467e-01  -1.5859593e-01   4.4320215e-02   2.0457752e-01  -2.1187470e-01   1.2213404e-01  -3.5530724e-01  -3.0558367e-01  -2.5174733e-01   2.3361828e-01   1.9619365e-01  -6.3240665e-02  -1.9151204e-01  -3.9746296e-01  -2.2216861e-01  -7.8230795e-02  -2.5643716e-01   2.0419935e-01  -2.0181562e-02   3.1855358e-01  -3.1794607e-01   2.2857866e-01  -8.6709112e-02   7.8912840e-03  -2.9309114e-01  -2.2342911e-01  -1.9413087e-01  -1.4851082e-01  -1.2279399e-01  -8.9855079e-02  -3.1467842e-01  -6.0541270e-02  -1.2933720e-01  -2.6813536e-01   2.9946831e-01   2.9245769e-02  -7.4513662e-02   3.9429392e-01  -1.8873743e-01  -1.5685143e-01  -2.0913429e-02   1.4298477e-01   3.3268186e-01  -1.7960343e-01  -3.0248408e-01  -2.0193405e-01   1.8695015e-02  -1.3161122e-01   3.2547049e-01  -3.7218988e-01   3.1502829e-01  -3.9663263e-01  -2.2433679e-01   5.0533425e-01   7.1179347e-02  -2.4870733e-01  -6.3266990e-02   1.4671405e-01   2.2538643e-01   5.5982582e-02  -1.2146685e-01  -2.4505843e-01  -1.1894226e-01  -9.1473427e-03  -1.4727513e-01
   5.5383019e-02  -5.7315097e-01  -3.6131338e-01   4.3768033e-01  -4.1691026e-01  -7.8837904e-02  -2.2173589e-01  -3.8425444e-01  -2.4065180e-01  -2.2838450e-01   0.0000000e+00  -1.4682398e-01   1.4434583e-01   4.8393222e-02   3.7912915e-01   3.9485662e-01  -5.9349286e-01   7.0036811e-01  -2.7691154e-01  -1.8915456e-01   4.1594847e-01   4.1398546e-01   2.3063370e-01   2.7245729e-02  -1.0857091e-01   9.7266163e-02  -3.9800418e-01   2.6462290e-01  -1.3558563e-01   3.8310911e-01   3.7121063e-01   5.3590933e-01  -8.6725008e-02  -3.6406431e-01  -1.8812329e-01   4.3632580e-01  -2.9729602e-01   5.8235784e-02   2.6168115e-01  -6.1425394e-01   1.3064061e-01   8.2040437e-02  -3.6493947e-01   6.4506894e-01   2.8790804e-01  -9.5968165e-02   7.8722841e-01  -3.3232801e-01  -1.6235746e-01  -6.0100085e-01   7.6911553e-01  -1.5519364e-01  -5.5599242e-01  -2.7198190e-01   8.4391584e-02   7.0283911e-01   4.4988464e-02   5.3513674e-01   5.0368609e-01   3.0261493e-01  -3.7212412e-01   6.5777216e-02  -5.5769650e-01   1.6868133e-01  -2.5894054e-01   4.7186556e-01  -1.6182781e-01   3.3770218e-02   6.6713256e-01  -1.6711822e-01  -6.3064452e-01   5.8887263e-01  -5.5268477e-02   1.3532391e-01  -2.7824498e-02   1.4869448e-01  -1.3901144e-01   5.9827235e-01  -3.9812162e-01   2.9904360e-01   3.1198204e-01   2.7717542e-01   2.0087497e-02  -1.2826990e-01  -3.1881692e-01   3.7188841e-01  -2.8229251e-01   2.5016085e-01  -2.2990548e-01   1.2534836e-01  -2.6983122e-01  -4.4593468e-01  -6.1888964e-01   1.0690802e-01  -1.4896233e-01  -3.1607535e-01   1.5504272e-01  -2.3122261e-01   7.9121050e-02  -1.7191160e-01  -1.5455259e-01   2.7327837e-01   5.6330057e-01   1.5787471e-01   6.4947546e-01   3.2542817e-01  -2.5892876e-01   1.3735337e-01  -4.4614440e-01  -2.7454041e-01  -2.7105721e-01   6.0812431e-01   1.4989784e-01   1.4774419e-01  -2.2240026e-02  -4.4451322e-01   5.5501406e-01  -3.0608649e-02   1.6766224e-01   4.8930880e-01   1.9795547e-01  -4.0058221e-01  -3.4785549e-01   2.0852063e-02  -6.4724186e-02   3.2199251e-01   4.5372937e-01   9.1414275e-03   4.6063354e-01  -4.9255104e-01   1.2366468e-01   1.3600606e-02   7.7463683e-02   9.4967451e-02   8.5440421e-02   5.1844700e-02   1.3681780e-01   2.0588194e-01   2.2090590e-01   7.3734337e-02   7.8672416e-02  -2.4066541e-01   7.5500534e-01  -1.0758520e-01   3.6099639e-01   5.2585415e-01  -5.8701064e-01   2.0830067e-01   4.4609971e-01  -4.3520696e-01  -1.8136803e-01  -3.5581933e-03  -2.4555723e-01  -5.6081951e-02  -6.4213850e-01   1.1178611e-01   5.5926927e-02   4.7199637e-01  -2.4544919e-01   1.8134124e-01  -2.1413525e-01   7.8106940e-01  -7.1662458e-02   6.6467886e-01   1.9194559e-01  -1.4634570e-01   3.6725496e-01   1.1957825e-01  -8.3569502e-02  -6.8159582e-01  -4.6473095e-01  -3.3530947e-02   2.2654247e-01  -5.1839845e-02   2.0359619e-02  -2.7365500e-01   1.9787493e-01
  -3.5007184e-01   3.0000704e-01   1.9904098e-01   9.2649870e-02  -4.7113967e-02   3.1546612e-01   4.0394214e-04  -1.3268157e-02  -9.8298724e-02  -1.1281453e-01  -1.4682398e-01   0.0000000e+00  -1.5821722e-01  -3.1431412e-02  -5.6418180e-02   3.8801690e-02   3.0139061e-01  -2.5723921e-01  -9.7727183e-02  -5.7583187e-02  -3.8067942e-02   4.2281574e-02  -3.3953145e-01  -2.5296815e-01   1.9490375e-01  -1.8492723e-01  -1.0586998e-01  -2.8486478e-01   2.6922265e-01   8.2889014e-02  -8.1733220e-02  -5.8686004e-02   6.9186341e-02  -6.8182149e-02   3.5460015e-01  -3.2649142e-01  -3.9324812e-01  -9.9733848e-02   9.5189699e-02   1.2676667e-01  -1.0573918e-01   2.5485680e-01   6.8959722e-02  -1.0818571e-01   1.1259067e-01  -3.1107596e-01  -6.8224459e-03  -1.1569484e-01  -3.5401714e-01   2.3769868e-01  -2.0902320e-01  -3.7751232e-02  -9.6743849e-02   1.6295759e-01   2.6005910e-01  -2.5071404e-01   3.4668354e-02  -1.3411033e-01  -2.2754292e-01   3.6614846e-01  -3.5019575e-02  -8.2105513e-02   1.8942145e-01  -1.0488970e-02  -9.6256025e-02  -1.7211613e-01   1.9844489e-01   9.6579572e-02  -8.9688044e-03   9.9346579e-02  -6.4468553e-02   2.2344322e-02   9.2305100e-03   1.6816070e-01   1.3169098e-01  -2.2782354e-01  -2.2617668e-01  -8.1293081e-02  -3.2749420e-02  -2.1822128e-02  -3.0069822e-01  -1.6218648e-01   2.5596387e-01  -2.1531300e-01   3.1701826e-01  -2.9144175e-01   2.3093269e-01  -1.6135032e-02   6.1557591e-02  -2.5613672e-01  -1.0820803e-02   1.9710094e-01   4.5445565e-01   2.1995161e-01  -1.6291681e-01   4.7000273e-02   7.8024853e-02   2.7984851e-02  -1.4046353e-01  -1.2481865e-01  -1.4018842e-02   1.4796542e-01  -1.5020057e-01   3.1152290e-01  -5.6047645e-02  -1.5206830e-01   3.2476504e-01   1.0550978e-01  -1.8784069e-01   1.2628911e-01   2.0549476e-01  -3.9895061e-02   1.9892044e-01  -2.8674878e-01   2.5485345e-01   9.2031887e-02  -1.7210904e-01  -8.7892564e-02   1.3594047e-01   1.3069549e-01  -1.7792218e-01   1.5273419e-01   1.1753262e-01  -7.1685402e-02  -2.2631744e-01   3.0926694e-02   8.8339471e-02   4.0753788e-02  -4.2430483e-02   2.5049219e-01   2.3955354e-01  -3.0719975e-01   3.0684725e-01  -2.0810060e-01   3.0472253e-01  -2.0595344e-01   2.4040282e-01  -1.7369176e-01  -2.5096392e-01  -1.0158680e-01  -2.3537877e-01   9.1568442e-02  -4.4855494e-02   5.4034673e-01   1.3249045e-01  -4.7074310e-02   3.3232306e-01  -6.6490974e-02  -1.3984132e-01  -1.6734274e-01   3.1221621e-01  -1.1365993e-01  -1.8530523e-01  -3.0352461e-01   2.3786441e-01  -1.1849784e-01  -3.5169712e-01  -1.9168131e-01  -2.1582787e-01  -1.6482305e-01   2.8174474e-01   2.5535939e-02  -2.9317180e-01  -2.2652719e-02  -1.3597159e-01  -5.4824850e-02   1.0726271e-04  -2.1040815e-01  -2.7668387e-01   2.0886566e-01   3.3739116e-01  -1.8165642e-01  -2.4993714e-02   5.6510399e-01   3.1200212e-01   4.7610917e-02   7.7063399e-03
  -4.0207245e-02  -9.3990759e-02  -1.1691440e-01   5.7711695e-02   6.9654914e-02  -1.9569265e-01  -2.3497612e-01   1.1709258e-01   3.0000799e-02   4.8335213e-02   1.4434583e-01  -1.5821722e-01   0.0000000e+00   5.7880135e-02  -1.4924875e-01   1.5405186e-01  -1.2730435e-01   2.5703560e-01  -5.8494164e-02   2.8601150e-02  -5.6140166e-02   1.5363406e-02  -1.5321403e-01   3.2497716e-02   2.1326431e-01   1.5519437e-01  -8.8325799e-02   1.7684149e-02   1.3798875e-01  -5.5775073e-02  -2.0445626e-02   1.8144602e-01  -9.2203296e-02  -1.8821959e-01  -2.3679924e-01   5.8512207e-02  -1.5103338e-01  -1.1025719e-01   1.1684616e-01  -2.2147386e-02   5.0456378e-01  -6.9634622e-02   1.5249334e-02   1.0264065e-01  -5.6979960e-02  -8.0768376e-02   1.0821022e-01  -2.8946146e-01  -1.2933921e-01   1.9125656e-02   7.3192953e-02   2.5906171e-01  -2.4319608e-01   9.8267707e-02   1.0562886e-01   6.3924529e-02   4.2596700e-02   1.6372828e-01   2.0267931e-01  -5.4816435e-02  -6.5376785e-02   1.1002652e-01   3.6382563e-02   4.9909055e-02  -8.1005594e-02  -2.6871750e-02  -2.0219924e-01   3.5131521e-02   5.0322576e-02  -1.6552251e-01  -2.1694485e-01  -3.3836959e-02   2.5697904e-01  -7.8041310e-02   2.8965587e-01   1.5603318e-01  -7.2721934e-03   1.1961330e-01  -1.4782202e-02   3.5058105e-01   3.6055841e-02   1.8650371e-02  -1.8095071e-01   4.4616381e-02  -1.2113969e-01   2.4832041e-01  -1.9047163e-01  -7.1782713e-02  -9.4943925e-02  -1.3451919e-01   5.5700726e-02   4.8489276e-03  -9.2848739e-02   1.6247723e-03  -6.7332253e-02   1.9282309e-01   1.8458082e-01  -6.6909872e-02   2.0272971e-01  -7.6704736e-02  -1.9280029e-01  -3.3197007e-02  -3.7776178e-02  -7.5744195e-02   1.0697251e-01   1.7591573e-01   7.5874952e-02   2.7919012e-02   7.4108309e-02  -7.7820580e-02  -1.0269819e-01   5.6905669e-02  -1.0778957e-01  -4.4857568e-02  -2.1712767e-02   2.4277692e-02   1.6185991e-01   5.2890666e-01   7.7803286e-02   1.2619932e-01  -2.0595305e-02   2.1434044e-02   7.2869976e-02  -9.7494171e-02  -1.0035920e-01  -1.5410460e-03  -8.7940324e-02   2.4617861e-01   1.3132366e-01  -1.6161138e-01   2.8324803e-01  -1.6693128e-01   1.3777921e-02  -2.4407993e-02   3.3036673e-03   1.7381928e-01   1.5231255e-01  -1.0999453e-01   2.6254377e-01  -6.3470661e-02   9.0020232e-02   9.6495901e-02   1.7908847e-01  -6.6557776e-02  -2.7386204e-02   7.6763757e-02  -1.3539022e-01   1.8183142e-01   3.5502506e-02  -2.2531504e-01  -2.4924056e-02  -6.9853245e-02   7.4196841e-02  -2.3808042e-02  -5.3375644e-02  -1.2223518e-01   3.0092345e-02   2.9978791e-01  -1.3052415e-02  -3.7965535e-02   1.9610502e-01   1.4823820e-01  -4.8464068e-02  -2.9058139e-03   1.1106515e-01  -2.9454118e-02  -1.9718154e-01  -6.7429551e-02   1.3362130e-01  -7.6777161e-02   3.1412613e-02  -3.7808447e-02   1.0973438e-01  -7.9752069e-02   1.5420117e-01  -7.4834319e-02   1.6456788e-01
   1.0302187e-01  -3.2280897e-01  -2.3160893e-01   1.8407813e-01  -3.3200519e-01  -3.1748073e-02  -2.7454084e-01   2.6430428e-01  -2.7232649e-01  -3.5103323e-01   4.8393222e-02  -3.1431412e-02   5.7880135e-02   0.0000000e+00  -2.5600544e-02  -6.1004582e-02  -2.1094274e-01   5.0788710e-02   2.1010753e-01  -3.9114573e-01   3.4394556e-01   2.8065119e-01   1.0954637e-02   1.6607273e-01  -1.3049514e-02   2.7314902e-01  -2.7709817e-01   3.5536341e-01  -1.0605259e-01   1.2951243e-01   2.9362422e-01   1.6629045e-01  -9.5834388e-02  -2.9127736e-01  -1.1635662e-01  -1.2667640e-01  -8.1985087e-02  -2.1867279e-01  -4.4210033e-02  -3.4164759e-01  -7.3972782e-03  -4.2481827e-02  -2.4151605e-01   2.7987118e-01   2.5312623e-02   2.3921441e-01   1.5022675e-01  -1.9761149e-01  -8.9770598e-02  -3.2495414e-01   2.8318244e-02   2.9849431e-01  -3.1555043e-01  -5.3425445e-02   3.7197851e-01   2.3060822e-01   2.2153089e-01   2.2843399e-01   1.2638556e-01   2.8185822e-01   9.3061381e-02  -2.5942462e-01  -3.6632443e-01   2.5709393e-01  -1.6429983e-01   1.0131827e-01   5.7278304e-02  -8.1354785e-02   6.3598676e-02   1.3153385e-01  -3.4119855e-01   1.5993627e-01  -1.3373770e-02   2.8408443e-01  -5.4461617e-02   1.8272167e-01   1.2381454e-01  -9.2066885e-02  -4.8109648e-01   1.2906029e-02   1.2181156e-01  -1.0105628e-01   3.2713789e-02   1.5270905e-01   2.2949405e-01   1.9706310e-01   1.2897886e-01   5.1398165e-01  -2.4861288e-01   5.0680937e-02  -2.0918628e-01  -6.6233700e-02  -3.0931173e-01  -9.0277558e-03  -5.7528939e-02  -1.9075549e-01  -2.2077181e-01   1.3423116e-01  -2.5032671e-01  -9.9413741e-02   2.0286746e-01   1.2808842e-01   3.7303294e-01   1.9188222e-01   1.2698774e-01   1.9807172e-01  -8.5762545e-02   2.2001116e-01  -2.4396388e-01   3.3206027e-02  -1.2443052e-01   1.8992021e-01   1.6943286e-01   1.2880297e-01   1.0290019e-01  -3.5039099e-01   2.0635677e-01   1.1915708e-01   4.2475064e-01   9.3735627e-02   1.6766575e-01  -3.0547727e-01  -4.0803005e-01   1.1508504e-01   2.4139719e-01   5.6381751e-01   2.8122600e-01  -6.0706561e-02   1.1551424e-01  -1.8552490e-01  -2.2363378e-01  -2.9425047e-01   5.0376887e-01   4.2987912e-02   5.2532514e-03   1.9494377e-01   1.2123573e-01   3.4199270e-01   1.2957456e-01  -9.4104569e-03   1.8925889e-01   2.6731113e-01   3.7531985e-02  -3.4104477e-02   2.2212173e-01   3.4499510e-01  -3.4970377e-01   5.3476036e-02   9.6361538e-02  -1.4134778e-01   2.3502989e-01   3.5329768e-01   5.0960614e-02  -9.3227524e-02  -3.6775679e-01   1.1419732e-01   3.3924231e-01   1.8559448e-02   8.7624626e-02   1.0451443e-01  -2.9421784e-01   7.9800630e-02  -5.1862087e-04   2.5518199e-01   2.2367877e-01  -3.8445759e-01  -1.1539250e-01   2.7590412e-01   2.9073756e-02  -2.5812158e-01  -3.0532135e-01  -2.3734730e-01   4.6165157e-02   1.4172114e-01   4.2180645e-02   2.5083413e-02   1.9846891e-01
