   0.0000000e+00  -3.0265537e-01  -1.5222959e-01   1.6978953e-01  -1.5194824e-01   1.0296331e-01  -2.0662582e-01   2.4285667e-01  -6.9784594e-02  -3.6588565e-02   8.5939268e-02  -3.8287240e-01   2.2371512e-01   8.7292260e-02  -1.9706458e-01   1.0935297e-01  -2.0324541e-01   9.7587326e-02   1.4041211e-02  -1.4763129e-01  -1.7512199e-01   2.0502120e-01  -2.1638377e-02   4.4655119e-01   4.8073424e-02   1.1509029e-01  -1.5863615e-01   1.4146246e-01  -9.8098484e-03   2.4240495e-01  -2.5619928e-01   1.9973275e-01  -1.1086318e-01  -1.0657751e-01  -2.0500058e-01   6.3374186e-02  -7.0568318e-02   3.8215262e-01  -3.9838051e-02  -1.2437045e-01   2.2720161e-01   2.0438133e-01  -2.0965622e-01  -4.6832402e-02  -7.5643278e-02   6.9688223e-01   4.6129367e-02  -2.0857906e-01  -2.7964640e-01  -2.3520082e-01   1.8112172e-01   1.9534930e-01  -1.9938673e-01  -1.7985190e-01   6.0900571e-02  -1.7367769e-01   2.6612400e-01   2.5893809e-01   1.5376844e-01   6.3383457e-02   1.6768613e-01  -5.7461184e-02  -1.5091490e-01   8.7147963e-04  -6.0864184e-03  -7.0154155e-02  -8.0402205e-02   3.4610295e-02  -9.4833539e-02   4.9560359e-01  -2.7120282e-01   1.1442914e-01   1.9974783e-01   1.9728561e-01  -2.2898290e-01   7.2111253e-02   3.4853610e-01   1.4265297e-01  -1.6826594e-01  -5.5526886e-02  -2.0108998e-01   1.8787717e-01  -3.7438416e-01   1.6440002e-01   1.5900375e-01   1.0110000e-01  -1.5295706e-01   9.9811520e-02  -1.5282800e-01   5.9908117e-01  -2.0695272e-01  -4.9690102e-03  -4.9819503e-01  -1.3701256e-01   4.4875057e-01  -3.1576572e-01   3.5530780e-02   9.1782191e-02   9.1428116e-02   7.9093794e-02  -1.4974302e-01   1.0374778e-01  -1.6609975e-01   1.3562686e-01   2.2347298e-01   1.1453182e-01  -2.7927761e-01  -6.9505705e-03  -2.3681577e-01  -1.9132747e-01  -3.4305324e-01   2.7327542e-01   1.8721601e-01   6.9955323e-01  -1.1838497e-01  -2.1301338e-01   8.0671062e-02   2.0433296e-01  -1.3132595e-01   1.5485682e-01   3.7929154e-01  -3.8594449e-01  -4.1822926e-01   5.0301839e-02   4.9870697e-01   7.6694375e-02  -2.5714648e-01  -6.8987900e-02   3.1372078e-01   1.6410255e-01   2.3313908e-01  -4.0396929e-02   3.2203412e-01  -1.8331895e-01   4.9067730e-02   8.8130562e-02   1.1961179e-02  -5.8432388e-02   1.6117504e-01   4.4561765e-01   6.2321853e-01  -1.2293548e-02   1.2701931e-01  -1.3462538e-01  -1.7051972e-01  -5.7998968e-02  -2.8934303e-01   2.6536924e-01   1.3905705e-01  -9.1182963e-02  -2.6912410e-02  -2.4382468e-01   3.4472336e-01  -1.5391711e-01  -2.3677869e-01   4.0187309e-01   3.3032211e-01   2.0644931e-01  -6.1123105e-02  -8.4778271e-02  -1.1737623e-01   1.0388604e-01   7.2884509e-02   7.5357187e-02   1.3560906e-01  -2.4203505e-01   1.5793247e-02   1.9667557e-01   3.3053353e-01  -3.0783621e-01  -2.8109737e-01   4.5976907e-01  -4.6059499e-02  -8.0717985e-02  -1.5099003e-01  -1.5188983e-01   1.4913194e-01
  -3.0265537e-01   0.0000000e+00   4.4631666e-01  -3.2583027e-01   1.5512467e-01  -8.5818676e-02   1.1882918e-01  -2.6203448e-01   5.4887262e-01  -3.2521519e-03  -5.3848504e-01   7.3995002e-01  -3.9951289e-01  -8.5552999e-02  -9.0291635e-02  -2.1968219e-01   4.2663902e-01  -4.2175821e-01  -4.3602308e-02   1.1751811e-01  -2.4505495e-01  -2.6117087e-01  -4.1438162e-01  -3.1785553e-01   4.9981204e-02  -3.1221624e-01   2.1414895e-01   4.2987329e-02  -1.5369438e-01  -2.1472876e-01  -1.5273327e-01  -4.4073099e-01   2.7143040e-01   4.0539404e-02   3.6952654e-01  -4.1302445e-01  -8.5464698e-02  -2.7575241e-01  -2.6425186e-01   4.0943753e-01  -4.2287588e-01  -3.3066814e-02   3.9447017e-01  -2.4710392e-01  -2.0177033e-01  -2.1945950e-01  -3.9616341e-01   3.1182588e-01   5.8477237e-02   4.3489272e-01  -5.0096555e-01  -3.3492732e-01   1.9225676e-01   3.3595558e-01  -9.6322887e-02  -1.6061077e-01  -8.6596574e-02  -3.7978335e-01  -3.5359426e-01   1.6081593e-01  -1.3639720e-01  -2.1944732e-01   5.4275964e-01  -1.3145767e-01  -2.3790195e-03  -3.5436725e-02   3.7250742e-03   2.1120328e-02  -2.3331544e-01  -7.6183853e-02   5.9041965e-01  -2.4124578e-01  -4.3818738e-01   7.0993511e-02   1.1863841e-01  -3.0122751e-01  -1.1800676e-01  -1.5831055e-01   3.8447624e-01   4.4211635e-02  -1.7034372e-01  -3.8496055e-01   3.5630938e-01  -3.1121639e-01   2.6357103e-01  -2.4181771e-01   6.0275592e-02  -1.0348458e-01   3.6691195e-01  -1.1462063e-01   4.3136861e-01   8.3095697e-02   5.6953844e-01   4.2959722e-01  -3.8503896e-01   3.6784783e-01  -2.9679254e-01  -2.8424036e-01  -2.0445081e-01  -2.1672730e-01   2.1977984e-01  -2.6845795e-01  -2.2369300e-01  -1.8857340e-01  -4.3979778e-01  -2.6161632e-01   4.4539594e-01  -2.0610006e-01   1.9370068e-02  -4.1215031e-03   3.5710366e-01  -3.5394551e-01  -7.6875863e-02  -2.1585773e-01   2.9959328e-01   3.4753392e-01  -2.3240572e-01  -3.7458686e-01   2.7320180e-01  -3.0719722e-01  -2.0638899e-01   4.7445648e-01   4.8304029e-01  -2.7489463e-02  -2.0598792e-01  -1.7016065e-01  -4.4809008e-02   3.1417743e-01  -4.8605173e-02   3.2287644e-01  -2.7765642e-01  -1.3222557e-01   1.1860505e-01   3.4511294e-02   1.4609694e-02  -3.0319806e-01   1.4733626e-02   5.2682187e-02  -3.9556431e-01  -3.8207820e-01  -2.8339039e-01  -2.4935006e-01  -3.7865763e-01   3.1903433e-01  -1.9963279e-01  -3.3579799e-01   5.2849278e-01  -2.0736790e-01  -4.3917864e-01  -1.1132156e-01   2.9064644e-01  -1.5743155e-01  -1.3402342e-01  -2.1959327e-01   6.5368735e-01  -3.1313698e-01  -2.6543860e-01  -3.5975047e-01   6.5014574e-02  -3.2633200e-01   4.3928308e-02  -3.9061021e-01  -1.3255980e-01  -3.4807440e-01  -1.9790539e-01   2.8838817e-01  -2.9335164e-02   5.7927051e-02  -1.8934936e-01   3.8541784e-01   2.6461081e-01  -1.3517293e-01  -1.1023476e-01   1.4918631e-01   9.0140683e-02   2.6850535e-01  -1.4779704e-01
  -1.5222959e-01   4.4631666e-01   0.0000000e+00  -3.8680536e-01  -1.3319934e-01   4.2871824e-01   1.5738292e-01  -2.2831284e-01   3.4921394e-02   1.7068538e-02  -3.8516482e-01   5.8200817e-01  -5.1615236e-02   8.4072601e-02  -1.1403106e-01  -1.1813769e-01   8.1731079e-01  -3.7668762e-01  -1.4750861e-01   2.7114074e-01  -1.7752647e-01  -3.2379740e-01  -1.2403015e-01  -2.8876934e-01  -1.3702611e-01  -3.5529214e-01   3.9243165e-01   3.6952456e-01  -8.1910006e-02  -2.9589505e-01  -8.9061940e-02  -3.3415105e-01   2.3769385e-01   1.6989858e-01   1.7285298e-01  -8.1846033e-02  -5.2998128e-01  -3.2480939e-01  -2.0587758e-01   4.3343178e-01  -1.7210198e-01   2.5482608e-01   2.2811121e-01  -2.8107542e-01  -3.4411471e-01  -3.4674027e-02  -2.1627304e-01  -8.3500659e-02  -1.0657275e-01   5.4250746e-01  -2.7576437e-01  -2.6470604e-01  -1.9386406e-01   3.3288480e-01  -3.4816182e-02   7.7858913e-03  -2.0264229e-01  -3.6552129e-01  -3.3931489e-01   9.2608189e-02   1.8945316e-01  -7.6247899e-02   1.9851559e-01  -4.1700890e-01  -4.2327633e-01  -1.2100026e-02   1.9265451e-01  -2.2180928e-01  -3.3385919e-01   3.5340577e-01   2.2058819e-01  -2.6770327e-01  -4.6449336e-01   1.0473797e-01   2.6439355e-01  -3.3582459e-01   1.6419583e-01  -1.4968222e-01   9.8229626e-03   1.3177014e-02   1.3845700e-01  -3.4671751e-01   3.5720224e-02  -2.8238210e-01   2.5830954e-01  -2.7142153e-01  -2.7262789e-01  -3.1129056e-02   1.1237846e-01  -1.0383416e-01   4.6781629e-03   5.4478472e-01   3.7165809e-01   4.9088672e-02  -1.7198004e-01   4.7064239e-01  -4.2262763e-02  -3.6373095e-01  -2.5233115e-01  -1.2383660e-01   3.5250409e-01  -2.1162691e-01  -1.5354241e-01  -2.3707369e-01  -3.7107758e-01  -2.5753896e-01   4.4881576e-01  -2.8161311e-01  -1.5487508e-01  -1.6648126e-01   4.0461508e-01  -3.3074333e-01  -2.1954018e-01  -1.4046536e-01   5.6910162e-01  -2.0872425e-01  -7.9045756e-02  -3.4255048e-01   3.9363922e-01  -2.9569962e-01  -1.5000427e-01   1.6644152e-01   2.1384846e-01  -4.3193207e-01  -7.3076808e-02   4.9491395e-02  -1.2664011e-01   2.5735593e-01  -3.3911893e-01   6.1757018e-01  -1.3565530e-01  -1.5742585e-01   1.6487480e-01  -2.5776469e-01  -2.4839317e-01  -3.6493107e-01   2.3431703e-01   2.1648865e-01  -3.5993038e-01  -4.0078233e-01  -2.8411404e-01   1.2757915e-02  -4.5905369e-01   6.8109042e-01  -1.1981485e-01  -4.5346548e-01   4.8933765e-01  -3.6421878e-01  -2.2589824e-01  -4.0074884e-01   5.2702389e-01  -1.7607920e-02   8.1827469e-02  -1.9203319e-01   6.9397543e-01  -4.4863022e-01  -1.8641727e-01  -2.2740324e-01   2.6902952e-01  -5.5845293e-02  -1.9748376e-01  -4.9730024e-01  -2.0650622e-01  -4.2662059e-01  -3.1644743e-01   1.5446291e-01  -2.7064320e-02   3.2438432e-01  -9.6334624e-02  -7.8135266e-03  -2.3030695e-02  -1.4546468e-01  -3.8501429e-01   3.4841552e-01  -9.9583351e-02   1.6227428e-01  -1.7914401e-01
   1.6978953e-01  -3.2583027e-01  -3.8680536e-01   0.0000000e+00   7.1156743e-02   1.6079685e-02  -2.4430753e-01   4.5431030e-01  -2.6332208e-01  -3.2044916e-01   5.8170387e-01  -2.3456489e-01   9.7923369e-02   4.9367601e-02   5.0642006e-02   4.3729775e-01  -2.5646173e-01   5.4663145e-01   1.0785397e-01   1.9871947e-02   3.3000349e-01   6.5836023e-01   2.7831808e-01   1.4666765e-01  -9.4252343e-02   4.7059540e-01  -1.6997453e-01  -2.2043057e-01  -5.5174308e-02   4.1484869e-01   1.4162165e-01   7.6037537e-01   7.1258903e-02  -3.5863707e-01  -5.0899883e-01   3.0763089e-01   8.8818448e-02   4.3376734e-01   5.7430730e-01  -3.8928831e-01   4.2569643e-01   1.6606177e-01  -4.9084565e-01   1.8448976e-01   3.0950250e-01   8.9797780e-02   6.1344447e-01  -2.6316087e-01  -7.0144100e-02  -3.6265797e-01   5.6229271e-01   3.9785460e-01  -1.0539228e-01  -9.0107037e-02   3.6604936e-01   1.7948317e-01   3.2921524e-01   5.5389651e-01   6.8858988e-01   7.8494270e-02   1.8188277e-01  -7.9208220e-02  -3.7093335e-01   1.6927321e-01   1.2475251e-01  -6.8752033e-02   2.4200165e-01   4.5409016e-03   6.7626240e-01  -1.8794029e-01  -3.7177995e-01   6.3906145e-01   5.1175653e-01   1.1501924e-01  -2.3606899e-01   5.9698574e-01   1.0629803e-01   3.1146464e-01  -1.8763194e-01   1.7738201e-01  -6.7089233e-02   2.5457648e-01  -3.2566154e-01   4.0253107e-01  -2.0617575e-01   4.8791016e-01  -1.3943741e-01   1.7143445e-01  -2.6423787e-01   4.1185847e-02  -1.1260540e-01  -1.2974078e-02  -4.8378202e-01  -1.2124498e-01   2.6328572e-01  -3.3325989e-01   4.8067485e-01   6.7973668e-01   4.1797507e-01  -3.1196388e-02  -2.7902672e-01   7.8914030e-02   2.9653942e-01   4.0944437e-01   5.9879831e-01   7.8067141e-01  -1.2180643e-01   7.4223540e-01  -2.3881942e-01  -4.1799519e-02  -4.7315200e-01   6.7697377e-01   3.6716788e-01   1.4149639e-01  -4.9568844e-01  -3.2858384e-03   2.2311611e-01   2.6663168e-01  -2.6529064e-01   8.0889611e-01   3.6209916e-01  -2.2287638e-01  -5.0109380e-01   2.1835408e-01   2.2710116e-01   1.8112874e-01   1.2253458e-01  -2.6167286e-01   4.9998528e-01  -4.8856109e-01   2.7754982e-01   1.0547401e-01   6.3593828e-02   8.3150947e-02   3.8890826e-01   4.3483433e-01  -5.4759991e-02  -2.2833351e-01   4.8464807e-01   1.7131078e-01   1.4431065e-01  -2.0523388e-02   6.2171649e-01  -3.7291422e-01   1.6577542e-01   5.0933525e-01  -5.9287049e-01   2.8918791e-01   2.7469144e-01   5.5186688e-02  -3.0894821e-01   1.3335180e-01   2.4014992e-01   2.2893035e-01  -3.6122437e-01   2.1873432e-01   3.8189821e-01   5.2794424e-01   1.4087154e-01   1.7976983e-01   1.2095951e-01   5.5576571e-01   1.6729964e-01   5.3349261e-01   7.6735313e-01  -3.7393142e-01  -2.3236214e-01  -8.6102071e-02   1.7654889e-01  -1.5727450e-01  -2.5095778e-01   9.3698380e-02   1.7709542e-01   2.7211455e-02  -1.4488087e-01  -5.1925119e-02   6.6035804e-01
  -1.5194824e-01   1.5512467e-01  -1.3319934e-01   7.1156743e-02   0.0000000e+00  -1.3662530e-01   6.1675015e-02  -4.2479265e-02   2.7978481e-01  -7.4988240e-02   5.1263127e-02   1.5316007e-02  -9.6632872e-02  -2.8117269e-01  -8.2287149e-02   5.4981830e-02  -9.3574145e-02   2.5510121e-01  -1.5692478e-02   6.0632753e-01  -1.3762663e-01  -8.1819457e-02  -1.7488776e-01   4.3122928e-02  -1.0791468e-01   1.6115800e-01   3.0445557e-01  -4.3452217e-01  -5.3030839e-02   2.0972838e-01  -3.5475133e-03   3.8460795e-02  -2.5694189e-02  -7.5041827e-02   5.9055177e-02   3.9759583e-01   3.7521421e-01   5.6699443e-02   1.9180876e-01  -7.8121246e-02   1.0071610e-02  -2.1278201e-01   2.5289871e-01  -4.6005025e-02   4.6451832e-01  -1.2602558e-01   1.2102851e-01   3.9178963e-01   2.2943906e-01  -6.8010081e-02   1.2627542e-01   1.0141382e-01   3.4311128e-01   4.5352574e-03  -2.0596941e-02  -8.4016358e-02  -6.7576342e-02  -8.1586257e-02   7.7390883e-02  -1.2343588e-01   1.5168579e-01   1.0502571e-01   5.2309465e-01   2.2888787e-01   5.7611006e-01   2.1598837e-01   1.5855692e-02   4.4978820e-01   2.8267554e-01  -3.0902927e-01   1.9152271e-01   1.8992154e-01   1.3654193e-01   5.8679246e-03  -9.1485746e-02  -2.8593404e-02  -1.2633696e-02  -2.0040952e-02   6.2940486e-01  -1.3885942e-02  -2.1330264e-01  -1.5377911e-02   1.1381811e-01   5.5243296e-02  -2.3281393e-01   2.5744728e-02  -1.0073253e-01  -1.1692585e-01   2.7490594e-01   2.7848903e-02   6.1226058e-01  -7.7483798e-02   1.9963700e-01   4.4689636e-01   5.5672043e-02   4.6875535e-01  -5.7372933e-02   3.3956652e-02   3.7618270e-01   1.7361120e-03  -3.3271573e-01  -5.5024729e-02  -7.1848161e-02  -6.5118166e-02  -2.1364463e-02   8.7129777e-02   2.4843698e-02   2.2987022e-01  -6.3945869e-02   3.2573552e-01  -6.3842141e-02  -1.1414423e-01  -3.4186567e-02  -8.4121296e-02  -3.1475448e-01   5.6598788e-01  -1.7652337e-01   8.7967308e-03  -8.3536054e-02   3.5565496e-02   7.9207841e-02   4.0574885e-01   1.5908206e-01   5.8347599e-01   3.7552732e-02  -3.4572569e-01   2.3542941e-01  -4.6452505e-02   7.6200030e-02  -3.5927554e-01  -3.0862589e-02   4.3716541e-01  -2.8378340e-01  -1.3004943e-02   1.5745972e-01   4.0407197e-02  -1.6767797e-01  -1.5124462e-01   7.9704018e-03   4.7515658e-02   9.3041669e-02  -6.7959933e-02   2.3487979e-02  -3.2839606e-01  -1.4931988e-01   4.6718049e-02   2.7004763e-03   5.2227048e-01   1.7441316e-01   4.7933696e-02  -2.1676546e-01  -1.2603363e-01  -5.9306359e-02   1.1596895e-01  -2.8935050e-02   4.2545165e-02   3.1782731e-02  -5.7775935e-02  -5.6231743e-02  -1.4281133e-01   3.2310728e-01   6.5240017e-02   1.6081124e-01   8.8438413e-02   2.9263455e-01   3.5510270e-01  -8.3537197e-02  -1.5480381e-01  -1.6093199e-01   3.5012616e-01   5.5478955e-01  -2.1498721e-01   5.1481803e-01  -1.6914357e-01   1.4163267e-02   2.1890261e-02   1.0273565e-01
   1.0296331e-01  -8.5818676e-02   4.2871824e-01   1.6079685e-02  -1.3662530e-01   0.0000000e+00   2.3799095e-01   2.7628028e-02  -1.8608680e-01   1.4158167e-01   7.7342082e-02  -7.5758908e-03   1.5010726e-01   1.6108827e-01   9.7757067e-02   2.1693241e-01   3.1724688e-01   5.4372010e-02   1.9335353e-01   2.2924318e-01   6.4308687e-02   4.5765259e-03   1.9234447e-01  -2.7813184e-01  -9.3752551e-02  -3.5006029e-02   2.9496585e-01   1.8491851e-01  -1.1098483e-01  -1.3491662e-01  -1.5113425e-01  -7.3131613e-02   1.3027902e-01   2.6362463e-01   3.3223693e-03   1.3917995e-01  -4.2611347e-01  -1.2227695e-01   1.5554974e-01   1.7174647e-01   1.8915731e-01   2.6483528e-01   1.3892588e-01   1.0086472e-01  -1.5290773e-01   6.5858107e-02   2.3118489e-01  -1.8372656e-01  -3.0455983e-01   7.6733292e-02   1.7419870e-01   1.1878729e-01  -2.0555038e-01   1.2622595e-01   4.7036773e-03   3.6160127e-01   1.6715100e-01  -1.3109664e-01   6.6292763e-02   1.7288695e-01   1.0301193e-01  -1.0643796e-01  -6.7797630e-02  -2.4715470e-01  -3.0959498e-01   1.8365136e-01   6.6864630e-01  -1.1621095e-01   3.8412011e-02   3.7677247e-01  -1.6691371e-01   4.9069549e-02   1.1928927e-01   1.7802316e-01   5.4744407e-02  -1.6356508e-01  -8.8333722e-02   2.4253878e-01  -1.6708606e-01   6.6580447e-02   2.8461441e-01   1.2981047e-01  -2.1204995e-01   1.5975355e-01   3.1544588e-01  -1.7493221e-01  -2.7235092e-01  -3.3771229e-02  -2.1753955e-01  -7.2635851e-02  -2.7527543e-01   3.5823645e-01  -3.5022909e-02  -1.9197470e-01  -4.1629352e-02   1.4006396e-01   1.8381098e-01  -1.1256690e-03  -1.0246920e-01   8.1798145e-02   2.3010045e-01   1.4122663e-01   7.2957271e-02  -2.0959397e-02   4.1471907e-02  -2.6242875e-02   8.4021787e-02   1.4577892e-01  -1.6099390e-01   7.2786643e-02   1.8402306e-01   8.4003513e-02  -1.5673733e-01   8.4045590e-02   2.9256118e-01  -3.3409907e-01   1.7545169e-01   2.3289250e-01   1.3581922e-01   6.4447058e-02  -2.7696853e-01  -1.7842799e-01  -2.3360576e-01  -2.0017205e-01  -1.9218901e-01   1.6065703e-01   2.6152160e-02   7.5867410e-02  -1.0485712e-01   4.0471788e-01   2.5283978e-01   9.3144887e-02   1.4368620e-01  -1.9824497e-01   4.1663394e-02  -2.8307908e-01   1.7431943e-01  -8.5736650e-03  -1.8774670e-01  -1.3092635e-01  -2.0878345e-01   1.5333607e-01  -8.0777347e-02   5.0372680e-01   5.1380459e-02  -6.7689019e-02   1.6633448e-02  -2.9545225e-02   2.8363972e-01  -1.9639796e-01   4.2430850e-01  -1.9992423e-02  -7.1124153e-02  -1.7914047e-01   1.2793272e-01  -3.0040461e-01  -2.3164647e-01   2.0845748e-01   6.7588224e-02   1.5649940e-01  -4.3525924e-02  -8.0858689e-02   1.1289608e-01  -1.1282200e-01  -2.8798754e-02  -1.2304038e-01  -1.5668728e-02   1.5947117e-01  -1.3669794e-01  -3.0294392e-01  -2.2170041e-01  -1.1483236e-01  -1.6566013e-01   6.0990191e-01  -1.8480907e-01  -7.5435378e-02   1.3034182e-02
  -2.0662582e-01   1.1882918e-01   1.5738292e-01  -2.4430753e-01   6.1675015e-02   2.3799095e-01   0.0000000e+00  -2.3311855e-01   3.3486795e-01   5.9725057e-01  -7.9638519e-02   3.9793103e-02  -2.9701864e-01  -2.5092879e-01   3.7719677e-01  -7.7813687e-02  -8.8724918e-02   9.7725945e-02   3.6637787e-02   3.5272089e-01   6.7358430e-03  -3.1250009e-01   3.0794398e-01  -3.9787842e-01  -1.6233784e-01  -2.8792211e-01   2.4686021e-01   1.4221053e-01  -2.0630800e-01  -2.2651939e-02  -1.2152249e-01  -3.1008660e-01  -5.8880295e-02   7.0668845e-01   4.8017573e-01   2.0988740e-01   1.8022734e-01  -4.5388632e-01  -5.4760655e-02   1.6208854e-02  -1.7305981e-01  -4.2981764e-01   6.8665532e-01  -1.1525944e-01   3.9167062e-01  -1.0809629e-01  -8.9029962e-02   5.0452577e-01  -1.2563221e-01  -2.6536767e-01   1.1298850e-01  -1.7107883e-01   3.1048763e-01  -1.9857997e-01  -1.9243288e-01   1.7674567e-01  -2.7037488e-01  -2.8153990e-01  -5.0549244e-02   3.9376906e-01  -5.5690340e-02   1.7749548e-01   2.0008085e-01   6.8676740e-02   2.8560344e-02   5.8828560e-01   5.8386994e-02   9.8971568e-02  -1.3194836e-01  -1.0106337e-02  -3.6382821e-03   1.5152019e-02  -5.0467122e-03  -3.8628727e-02  -2.1483950e-01  -2.2831946e-01  -1.9241321e-01  -1.6987459e-01   2.9117947e-01  -2.7084959e-01   3.5691725e-01   1.1599586e-01   6.1066413e-02  -1.8514040e-01   7.0166198e-02  -2.4663859e-01   4.7042744e-02  -1.9559533e-01  -1.5783162e-01  -2.3291698e-01  -1.1667114e-01  -2.1379393e-01   3.1526606e-01   3.2567884e-01  -1.7657249e-01   8.4719412e-02  -2.2443646e-01  -2.5250455e-01  -8.7135702e-02   6.4689101e-01  -8.6425351e-02   5.0927925e-01   2.6554517e-02   2.1301942e-01   1.4813291e-01  -2.7530873e-01  -1.7784692e-01  -1.7825044e-01   2.9363378e-01   3.2872607e-01   4.6384481e-01  -1.6212369e-01  -9.5609319e-02  -3.3631338e-02   1.6878679e-01  -3.6931120e-02  -2.3024842e-01   1.8969689e-02   1.0789306e-02  -2.4979734e-01  -8.2730687e-02   1.3874920e-02   5.5586133e-02   1.1155821e-01  -1.4346426e-01  -7.8836008e-02   5.6234399e-01  -1.6664737e-01  -6.8579356e-02   7.4428330e-02  -6.3552562e-02   4.8204207e-01  -1.3699662e-01   1.0866375e-01   1.6357157e-01  -3.3554122e-01  -3.4040349e-01   2.2537888e-02  -1.6058916e-01  -1.1731286e-01  -2.0934638e-01  -1.4005521e-01  -2.2751440e-01   1.4884938e-01   4.4838776e-01   4.3542218e-02   3.8597347e-01   6.6632155e-02   4.4873561e-01   2.5593779e-01   9.6263059e-02  -6.1150993e-02  -2.1343979e-01  -3.7777101e-02  -6.9189124e-02  -2.9323427e-01  -1.2017089e-01   1.2394640e-02  -4.2094461e-01   4.3636168e-02   3.4616227e-01  -8.0820131e-02   1.9952239e-01  -8.2020448e-02  -3.3857189e-01   3.8787539e-01   5.3009264e-01   1.5781227e-01  -1.1320013e-01  -1.6451364e-01   4.0562080e-01  -2.6657294e-01   1.4744143e-01   3.1266247e-02   1.5523044e-01  -1.1206277e-01  -2.5274636e-01
   2.4285667e-01  -2.6203448e-01  -2.2831284e-01   4.5431030e-01  -4.2479265e-02   2.7628028e-02  -2.3311855e-01   0.0000000e+00  -1.5015030e-01  -1.8424469e-01   4.1436168e-01  -1.8248075e-01   7.3396417e-02   9.2951123e-02  -7.6652168e-02   2.3859349e-01  -1.6751472e-01   3.5015200e-01   1.7385035e-01  -1.9543167e-01   1.2069319e-01   4.4948690e-01   1.9467945e-01   1.6021920e-01  -1.0535359e-01   5.0269953e-01  -1.7364254e-01   1.1596408e-02  -1.7201729e-01   4.0158943e-01   7.2373378e-02   5.7046246e-01  -4.5483491e-02  -2.2934606e-01  -3.7335088e-01   1.3247601e-01  -6.4894988e-02   2.9783201e-01   2.4626515e-01  -3.2695169e-01   3.6069245e-01   3.7635322e-02  -4.0049496e-01   2.0677881e-01   5.1128296e-02   2.0536906e-01   3.4489970e-01  -2.2414793e-01  -2.3547024e-01  -2.3754986e-01   3.6617334e-01   6.7437811e-01  -1.6571380e-01  -1.9659889e-01   2.4913475e-01   9.1536029e-02   2.2395807e-01   5.1596753e-01   4.5801734e-01   3.5666897e-02   1.5667095e-01  -1.5254075e-01  -2.4748094e-01   1.3852005e-01   3.6095500e-02  -4.1577712e-02   4.9194465e-02  -1.1212844e-01   2.7568522e-01   4.4083703e-02  -3.6229349e-01   4.8057923e-01   3.2893098e-01   8.3259829e-02  -2.9896002e-01   5.9649170e-01   1.8509839e-01   3.4968983e-01  -2.0605617e-01   6.9789991e-02   9.3009430e-02   2.6269687e-01  -4.0927815e-01   5.1521564e-01  -2.4009952e-01   5.6840445e-01  -7.2361509e-02   8.7983433e-02  -1.6346294e-01   1.5939436e-01  -1.4723456e-01   7.3715308e-02  -4.5240008e-01  -8.1734287e-02   1.1598105e-01  -4.0958428e-01   3.9381499e-01   4.2476516e-01   3.3905758e-01   3.6791412e-02  -2.7705274e-01   1.5439211e-01   2.6727402e-01   2.6436122e-01   4.5555547e-01   5.9577978e-01  -3.5257832e-01   3.7512642e-01  -2.5300976e-01  -2.2182111e-01  -4.3089357e-01   4.8511917e-01   3.9961115e-01   2.1766505e-01  -3.2654420e-01  -1.6683141e-01   3.2314735e-01   1.7910131e-01  -2.2799230e-01   5.4910351e-01   3.4746343e-01  -3.1099521e-01  -3.8891702e-01   3.2806483e-02   2.4596927e-01   2.4004489e-01  -3.7569097e-02  -2.7396008e-01   5.0344214e-01  -2.5088303e-01   2.6191403e-01   7.3802079e-02   9.8913546e-02  -2.5871760e-02   2.7583223e-01   6.3456455e-01  -4.1029015e-02  -4.0791448e-02   6.0802600e-01   1.9899145e-01   1.6346587e-01   1.2674460e-01   5.0377581e-01  -2.2090245e-01   1.0979440e-02   3.2045748e-01  -3.8863701e-01   2.3852648e-01   8.2543316e-02  -5.0777339e-03  -3.1138666e-01   3.3399716e-01   1.4869227e-01   6.8125210e-02  -1.9380233e-01   3.2022256e-01   2.9129691e-01   4.2197038e-01   1.1630569e-01   2.6585676e-01  -6.1672527e-02   4.2649836e-01   4.4442434e-02   5.1581951e-01   3.6240647e-01  -3.8113920e-01  -7.9453534e-02   1.5206143e-01   1.8859595e-01  -2.1685164e-01  -2.8850184e-01   7.0976782e-02   2.0979824e-01  -1.8475289e-02  -1.4612973e-01  -6.9278049e-02   4.0097472e-01
  -6.9784594e-02   5.4887262e-01   3.4921394e-02  -2.6332208e-01   2.7978481e-01  -1.8608680e-01   3.3486795e-01  -1.5015030e-01   0.0000000e+00   3.1273674e-01  -2.3050352e-01   2.3470547e-01  -3.4124413e-01  -3.8655035e-01   1.3981196e-02  -2.4307112e-01  -7.6462503e-02  -1.6624241e-02  -6.4164977e-03   1.6189469e-01  -2.8594225e-01  -2.7915368e-01  -2.6591266e-01  -1.8175722e-01  -6.5787500e-02  -2.7900425e-01   1.9841199e-01  -8.2525646e-02  -2.2624890e-01   1.6695056e-01  -2.0267532e-01  -3.5548458e-01   1.1970550e-01   2.2074305e-01   5.5358403e-01  -2.5343710e-02   2.0378366e-01  -9.6445987e-02  -2.0523481e-01   1.4733917e-01  -1.9839072e-01  -3.8658808e-01   5.6726597e-01  -2.1803742e-01   2.6181326e-01  -4.3870801e-03  -3.1345738e-01   5.7939735e-01  -1.1244622e-01  -1.1036560e-01  -1.9899632e-01  -1.0539184e-01   4.6854557e-01  -2.3066454e-01  -2.7122958e-01  -2.4893119e-01  -2.5356577e-01  -3.3266339e-01  -8.0081221e-02   8.6001796e-02  -6.6682099e-02  -2.0077798e-01   5.2191653e-01   3.6858354e-01   4.4608819e-01   2.8018989e-01  -2.4435308e-01   3.7228545e-01  -1.5480967e-01  -1.1779621e-01   4.0253400e-01  -9.6585524e-02  -1.7895049e-01  -2.4451185e-01  -2.8458327e-01  -2.3270399e-01   4.1654598e-02  -2.0024995e-01   3.4944115e-01  -1.9925569e-01  -1.7350735e-01  -1.2958649e-01   2.4472807e-01  -2.5009581e-01  -7.1129371e-02  -2.9069100e-01   1.6851793e-01  -3.5264900e-01   2.4777496e-01  -5.9680980e-03   3.7465196e-01  -2.6465924e-01   2.6593147e-01   6.5592401e-01  -1.4165580e-01   8.0388795e-02  -3.4454225e-01  -1.5814174e-01   8.7788433e-02   2.3395267e-01  -2.3720161e-01   9.3251052e-02  -3.3879937e-01  -7.1327050e-03  -1.1844875e-01  -2.2588696e-01  -1.1069088e-01  -1.3716664e-01   5.6452014e-02   1.8111685e-01   2.4106836e-01  -2.9325316e-01   1.5560669e-01   6.8242764e-02   1.4009890e-01   4.0263620e-01  -4.2833404e-01  -1.4106879e-01  -9.1098837e-02  -2.6210826e-01   3.1114601e-02   1.3885518e-01   2.4252019e-01   4.3120072e-01   1.9640583e-01  -4.4027317e-01   1.8986134e-01  -8.0595899e-02   1.6013014e-01   1.8688714e-02  -2.3598650e-01   2.1558785e-01  -1.6146182e-01   3.1755015e-01   2.5995110e-01  -2.2226253e-01  -2.7188719e-01   1.6300528e-01  -2.3573541e-01  -5.4845263e-03  -1.2009637e-01  -2.6396283e-01  -2.2767601e-01  -1.1916884e-01   4.0763477e-02  -1.2013411e-01   3.9430649e-01   2.4734049e-01  -1.6677029e-03   1.8678824e-01  -9.1080050e-02  -2.9449269e-01  -9.2490393e-02   1.0975952e-02   1.0627135e-01  -8.7718749e-02  -7.2936471e-02  -1.0711892e-01  -1.6988896e-01  -4.3126782e-01   2.2417853e-01  -1.5940246e-01   2.0589388e-01  -1.5500241e-02  -1.6000688e-01   3.9654806e-01   2.2752625e-01  -2.1472118e-02  -6.1395263e-03   1.6733507e-01   4.8604008e-01  -7.5495115e-02   3.5599960e-01  -3.0487770e-01   1.1541412e-02   2.5055521e-02  -2.1432596e-01
  -3.6588565e-02  -3.2521519e-03   1.7068538e-02  -3.2044916e-01  -7.4988240e-02   1.4158167e-01   5.9725057e-01  -1.8424469e-01   3.1273674e-01   0.0000000e+00  -1.8624610e-01  -1.3071125e-01  -2.8524682e-01  -1.1830777e-01   4.6495352e-01  -5.3684175e-02  -1.7341348e-01  -1.2399304e-01  -2.7923488e-02   2.0834793e-01  -4.6103017e-02  -3.6210057e-01   2.3950598e-01  -3.8220034e-01  -1.1298347e-01  -3.1086127e-01   1.5910814e-01   2.4371010e-01  -2.3915297e-01  -1.7652606e-01   8.5410586e-02  -3.3785623e-01  -7.1974943e-02   7.2690475e-01   6.8861781e-01   1.3280141e-01   3.3945675e-02  -3.3886590e-01  -2.1813198e-01   2.1835867e-01  -1.5360400e-01  -2.3762506e-01   6.0350746e-01  -1.1199579e-01   9.5381435e-02  -5.2377399e-02  -2.2847955e-01   3.7015481e-01  -3.0764062e-01  -1.6211657e-01  -1.2839288e-01  -1.3347522e-01   3.7354291e-01  -3.7915612e-01  -1.1965965e-01   1.0140328e-01  -3.6070939e-01  -1.8230167e-01  -3.1988897e-02  -3.8436256e-03  -1.4041425e-01  -1.3990610e-01   1.1081966e-01   7.4351516e-02  -3.0366837e-03   6.2004281e-01  -2.5657603e-02   6.2428100e-02  -2.8815483e-01  -2.9299348e-03   1.7125790e-01  -2.3709542e-01  -1.6553293e-02  -2.4298957e-01  -3.1142758e-01  -2.0087662e-01  -2.0731107e-01  -2.3023601e-01   1.4849103e-01  -4.0825783e-01   4.2192420e-01   1.6752918e-01   2.1278096e-01  -2.0889448e-01  -1.3296035e-03  -2.0304756e-01   2.2002428e-01  -1.8862843e-01  -1.1843475e-02  -2.0285245e-01  -1.3810756e-01  -2.8630283e-01   2.9923931e-01   1.3386235e-01  -2.6867861e-01  -7.0955799e-02  -2.9124563e-01  -3.1318795e-01  -2.0143575e-01   6.9190406e-01  -2.8471633e-02   3.2680413e-01  -7.7934566e-02  -3.4748575e-02  -4.4848909e-02  -3.0660736e-01  -2.5276474e-01  -3.4622025e-01   5.0804927e-01   2.1313491e-01   5.6543226e-01  -2.6107242e-01  -1.2208069e-01  -3.1259672e-02   4.2147533e-01   8.8389783e-02  -1.5818676e-01   8.2575211e-02  -2.1930556e-01  -3.0308333e-01  -1.3908633e-01  -3.2108812e-02  -3.9514048e-02   3.6946630e-02  -1.0320109e-01  -1.7856388e-01   2.8533742e-01  -3.5001557e-01  -4.7311854e-03   9.8556869e-02  -8.5408168e-02   2.3041748e-01  -2.1399874e-01   2.9600578e-01   1.5949098e-02  -2.7222903e-01  -3.2997738e-01   3.0229590e-01  -1.5159624e-01   1.1608713e-02  -2.2760241e-01  -2.5384036e-01  -2.1494993e-01   1.5480439e-02   4.2505056e-01  -9.7324784e-02   5.1433708e-01  -9.1770097e-02   2.7513070e-01   4.5859539e-01  -3.7023753e-02   2.7832173e-02  -3.4642847e-01  -9.9605039e-02  -1.2491422e-01  -2.4650935e-01  -8.0737697e-02   6.9202552e-04  -3.2316050e-01  -6.6775519e-02   3.0035110e-02  -2.1576386e-01   3.2043270e-01  -1.8021927e-01  -4.1621126e-01   5.2269323e-01   5.3828030e-01  -2.3459603e-02  -8.4668630e-02  -5.4538857e-02   3.4322742e-01  -1.5862849e-01  -3.9530010e-02  -2.4026589e-01  -1.1918427e-03  -1.7563414e-01  -3.9015317e-01
   8.5939268e-02  -5.3848504e-01  -3.8516482e-01   5.8170387e-01   5.1263127e-02   7.7342082e-02  -7.9638519e-02   4.1436168e-01  -2.3050352e-01  -1.8624610e-01   0.0000000e+00  -4.5063905e-01   1.0518170e-01  -8.3917517e-04   1.1771519e-01   3.4295830e-01  -3.3977034e-01   8.1979156e-01   1.6432818e-01  -4.2901183e-02   4.9786657e-01   4.8727509e-01   4.4635813e-01   2.9397129e-01  -3.0917723e-01   3.5543073e-01  -2.1186769e-01  -1.9213977e-01  -2.8170631e-01   6.0490324e-01   2.7314405e-01   6.4518398e-01   2.9656837e-02  -2.3234572e-01  -4.9428183e-01   5.8613373e-01   6.0082350e-02   2.4150415e-01   5.4229201e-01  -5.7201427e-01   4.0426110e-01  -6.5980463e-02  -4.1211990e-01   4.7911450e-01   3.6153068e-01   2.0515243e-02   7.7787614e-01  -2.9051149e-01  -1.7646971e-01  -5.2390693e-01   7.5443334e-01   4.1283529e-01  -1.2309527e-01  -3.9488801e-01   1.2814457e-01   3.4756980e-01   2.2164163e-01   4.6488945e-01   5.8710062e-01   6.4793684e-02   1.0836969e-01  -5.3747318e-02  -4.4224430e-01   4.2979286e-01   1.9973112e-01   1.1452194e-01   2.3535805e-01   3.6472968e-02   6.6047430e-01  -9.4929544e-02  -5.6372975e-01   5.7568946e-01   6.2081079e-01  -8.7549123e-02  -3.8500249e-01   5.6380011e-01   7.2894957e-03   3.7942752e-01  -3.8675801e-01  -3.6594720e-02   6.8343313e-02   3.5150103e-01  -3.5848906e-01   3.2442965e-01  -2.3927344e-01   4.7010400e-01  -3.7303259e-02  -3.3574039e-03  -4.8223072e-01  -4.6943646e-02  -2.6350298e-01  -4.9610542e-02  -6.0973792e-01  -1.4010266e-01   2.5797245e-01  -3.8298043e-01   3.8906014e-01   5.0453828e-01   4.3857523e-01   3.7486048e-02  -1.5569924e-01   2.9385052e-01   3.6700054e-01   4.8538115e-01   6.7647259e-01   6.1070798e-01  -3.7752038e-01   5.4335617e-01  -3.3008244e-01   2.3552245e-01  -4.9428316e-01   6.2012596e-01   2.7296646e-01   1.5150155e-01  -4.5575958e-01  -2.3939717e-01   2.2264531e-01   3.0222525e-01  -1.6010438e-01   5.8075640e-01   3.1082860e-01  -4.9836999e-01  -5.9560614e-01   2.8067402e-01   1.4727221e-01   1.3834986e-01   1.6553297e-01  -3.9793671e-01   4.0248447e-01  -3.9100203e-01   4.0535917e-01   4.0857620e-01  -3.6164111e-02   2.5134806e-01   2.9614192e-01   5.7469310e-01  -1.8270572e-01  -1.8052786e-01   5.7904874e-01   2.6942930e-01   9.1371841e-02   1.7178471e-01   6.5695037e-01  -2.6307879e-01   3.1557385e-01   6.7897691e-01  -6.9564070e-01   5.2772780e-01   5.8994777e-01   4.9375164e-02  -3.0771717e-01   2.3700772e-01   7.1930416e-02   5.8347422e-01  -5.1839222e-01   3.0687869e-01   2.8061363e-01   5.2566067e-01   1.0052408e-01   3.6226682e-01   1.0495452e-01   7.9505876e-01   4.4704464e-01   7.7527110e-01   4.3923749e-01  -5.7811502e-01  -9.4661518e-02  -1.0923453e-01   1.2333869e-01  -3.9508880e-01  -3.4136865e-01   1.2104269e-01   3.9298894e-01  -7.4993618e-03  -1.9979642e-01  -4.5280965e-03   4.5563617e-01
  -3.8287240e-01   7.3995002e-01   5.8200817e-01  -2.3456489e-01   1.5316007e-02  -7.5758908e-03   3.9793103e-02  -1.8248075e-01   2.3470547e-01  -1.3071125e-01  -4.5063905e-01   0.0000000e+00  -2.2378996e-01   4.2539715e-02  -5.4570753e-02  -7.8253406e-02   6.0346390e-01  -4.2415454e-01  -1.0635329e-03   9.5167239e-02  -2.2233132e-01  -1.8957266e-01  -3.6389316e-01  -3.6447664e-01   6.4702521e-02  -2.5767179e-01   1.3984943e-01   1.4924961e-01   4.0763607e-02  -2.8113637e-01  -7.0740836e-02  -2.9580314e-01   2.9621009e-01  -6.0708404e-02   1.9831658e-01  -3.7354647e-01  -2.8219360e-01  -3.1233563e-01  -9.5209788e-02   3.5292197e-01  -2.9462958e-01   1.0371225e-01   2.2976999e-01  -1.8187865e-01  -2.3610585e-01  -2.1677891e-01  -2.6590676e-01   8.5539905e-02   1.3766375e-01   5.4193321e-01  -4.6172532e-01  -2.5918033e-01  -5.2294665e-03   5.1580541e-01   3.0900862e-02  -2.7017245e-02  -5.2301557e-02  -3.2412217e-01  -2.7972402e-01   5.3421540e-02  -6.8510931e-02  -1.3854625e-01   3.5342697e-01  -2.2497592e-01  -1.8078082e-01  -1.5316867e-01   6.3601180e-02  -1.3313296e-01  -1.3777245e-01  -1.9724205e-02   4.0328831e-01  -2.6628218e-01  -4.0379515e-01   1.9231494e-01   3.3105235e-01  -2.7530623e-01  -9.2258494e-02  -6.8448389e-02   2.4759584e-01   1.6876606e-01  -1.0401493e-01  -3.0428158e-01   2.9040689e-01  -1.7092677e-01   2.0946246e-01  -1.5184861e-01  -3.1986934e-02   5.4358969e-02   3.5617046e-01  -1.3974484e-01   3.1939383e-01   3.2501810e-01   6.0371206e-01   2.4477312e-01  -5.0607651e-01   3.9004403e-01  -1.0108347e-01  -2.3518583e-01  -1.7443174e-01  -3.7534226e-01   2.5694480e-01  -2.2389085e-01  -8.1125599e-02  -2.7503071e-01  -4.4137316e-01  -1.9461952e-01   5.5217675e-01  -1.0194867e-01  -6.0087594e-02  -1.8974676e-01   3.3416430e-01  -2.8455996e-01  -1.0833633e-01  -3.9268121e-01   2.8482704e-01   1.1818815e-01   2.1064498e-02  -3.5586872e-01   3.6074403e-01  -2.5181289e-01  -1.7167063e-01   5.1320335e-01   5.0796240e-01  -1.8746836e-01  -1.9370693e-01   3.8921534e-03  -7.5481699e-02   3.6874094e-01  -2.0537935e-01   2.5166061e-01  -2.0077747e-01  -2.6382769e-01   8.2083641e-02  -9.9352866e-02  -9.0779337e-02  -2.2926264e-01   1.7439689e-01   5.2969092e-02  -2.7095582e-01  -5.2876181e-01  -3.8100229e-01  -1.6675653e-01  -2.6934096e-01   4.2988513e-01  -2.0536441e-01  -3.0846411e-01   4.8633866e-01  -3.9123374e-01  -4.9938392e-01  -3.4469342e-01   4.0975494e-01   4.1048357e-04   3.2751334e-02  -1.2988995e-01   7.4375480e-01  -3.7961588e-01  -2.9855639e-01  -2.9117856e-01   2.2389017e-01  -1.5193171e-01  -7.0311700e-02  -3.1588504e-01  -3.2866018e-01  -3.6307161e-01  -1.5544831e-01   2.0570970e-01  -1.4476441e-01   1.3999416e-01  -2.2125007e-01   3.1778701e-01   1.7191967e-01  -2.9814073e-01  -2.2435964e-01   3.3114902e-01  -3.1912635e-02   2.5954801e-01  -1.1559197e-01
   2.2371512e-01  -3.9951289e-01  -5.1615236e-02   9.7923369e-02  -9.6632872e-02   1.5010726e-01  -2.9701864e-01   7.3396417e-02  -3.4124413e-01  -2.8524682e-01   1.0518170e-01  -2.2378996e-01   0.0000000e+00   5.5932992e-02  -2.0361719e-01   2.6002609e-01  -1.0498401e-02  -1.5714487e-02   3.1304351e-02  -8.8574620e-02  -1.1748349e-01   6.1059914e-02  -7.0747354e-02   2.6860564e-01   2.0823562e-01  -1.3360033e-02  -1.3522024e-01  -2.9125079e-02   3.0053086e-01  -5.4814107e-02  -1.0642493e-02   5.3804833e-02  -1.4214564e-02  -1.1437303e-01  -2.5597378e-01   2.7413006e-02  -2.4009563e-01   3.0715243e-01   1.8331689e-01  -6.8046652e-02   6.7383983e-01   3.4504529e-01  -2.8134163e-01   1.0188236e-01  -1.4553868e-01   1.2412335e-01   2.5278884e-02  -3.9717925e-01   1.4120287e-01  -5.3592117e-03   1.3025117e-01   4.7441196e-02  -3.8429669e-01   5.3992706e-02   9.3071847e-03   1.2059860e-02   6.2829610e-02   1.6465149e-02   4.0305845e-02  -1.1712804e-01   9.7645714e-02   2.4199568e-01  -2.8382898e-01  -1.8117468e-01  -2.1509593e-01  -2.5880154e-01  -3.8780882e-02   3.5405679e-02  -4.3080200e-02   1.4989972e-01  -2.9772881e-01  -5.7296157e-03   3.0410582e-01   4.7294581e-03   2.4293776e-01  -9.5327482e-02   9.8110437e-02   1.9476112e-01  -3.6270433e-01   2.8563138e-01  -8.3071948e-02   3.0242234e-01  -2.0562004e-01   6.9542022e-02  -5.1991917e-03  -9.0743493e-02  -1.9090789e-01   1.3583621e-01  -2.2391431e-01   1.1675365e-01  -2.2108582e-01   2.1699850e-01  -3.3799940e-01  -2.2050689e-01   2.8136055e-01  -8.7157680e-03   2.9206849e-01   2.8009581e-02  -1.1923736e-02  -1.3071815e-01  -1.6081513e-03  -1.2478084e-01  -1.1929642e-01  -1.7629912e-01  -4.5472346e-02   4.4628562e-02  -1.5933465e-02   7.7292163e-02  -1.7209332e-01  -1.9941493e-01  -1.1756970e-01   7.2035288e-03  -2.3192287e-02   1.8857362e-01  -1.1446733e-02  -3.2115382e-01   1.1146089e-01   5.6581786e-01   1.1611497e-01   1.9277938e-02  -3.2681076e-02  -2.4005743e-01  -1.0173551e-01  -2.2429913e-01   2.1309866e-01   3.5959951e-02  -3.8781072e-01   1.5378882e-01  -1.5232736e-01  -1.4459275e-02   4.8046657e-01  -2.2213512e-01  -1.4879904e-01  -2.5347121e-01  -9.9521641e-02   1.3006741e-02   3.1071900e-01  -8.7853231e-03  -9.4397403e-02   9.2925036e-02   2.5303270e-01   6.2282268e-01   1.1126581e-01   6.9081006e-02  -1.6024323e-01  -1.0804855e-01  -2.6233817e-01  -8.0654036e-02   6.7267184e-02  -2.2260591e-01  -3.6401336e-02  -5.2227603e-02   2.5305749e-01  -3.3528147e-02  -3.4250868e-02   2.4047585e-01  -1.0704225e-01   2.4671080e-01   9.7839066e-02  -7.4938204e-02  -7.2861724e-02   8.6513525e-02  -1.5696665e-01  -7.2226054e-02   1.3154641e-01  -2.0152439e-01  -6.8781566e-02  -1.3720345e-02  -5.6628561e-02  -2.8340661e-01  -2.7855390e-01  -2.5400378e-02  -1.2973683e-01   4.3700621e-02   4.2515189e-02  -1.9384019e-01   6.3121078e-02
   8.7292260e-02  -8.5552999e-02   8.4072601e-02   4.9367601e-02  -2.8117269e-01   1.6108827e-01  -2.5092879e-01   9.2951123e-02  -3.8655035e-01  -1.1830777e-01  -8.3917517e-04   4.2539715e-02   5.5932992e-02   0.0000000e+00   7.0467561e-02   1.2270544e-01   4.2680929e-02   5.1287787e-02   1.2268164e-02   4.0230291e-03   4.2563214e-01   1.9407556e-01   1.5752838e-01   6.6935056e-02   3.0622150e-02   2.2577652e-02  -1.3433012e-01   2.5462255e-01  -8.4689375e-02   2.1642368e-02   3.4809753e-01   1.0064858e-01   1.4293726e-01  -2.3087622e-01  -3.1875394e-01   4.5592097e-02  -3.2651203e-01  -9.1411040e-02   1.5087990e-01   1.3085829e-02   1.3402277e-01   2.7533167e-01  -3.1840262e-01   4.3080402e-01  -2.1092601e-01  -5.7164306e-02   2.5363187e-01  -4.4242608e-01   3.3109833e-02   9.6425662e-03   1.9253468e-03   9.4752135e-02  -3.1474658e-01   3.2247035e-01   4.6877284e-01   3.4207332e-01  -3.6319714e-02   4.6665172e-02  -2.6807649e-02   6.8419759e-02  -2.0897596e-02   4.6498899e-02  -4.8466095e-01  -1.2787553e-01  -3.6551511e-01  -2.8068367e-01   3.0412328e-01  -2.7012146e-01  -4.5006606e-03   2.2353156e-01  -2.8944660e-01   3.1882927e-02   3.3084979e-02   3.6649502e-01   8.6045635e-02   1.3877922e-01  -1.8850146e-01   9.6899632e-02  -3.2470244e-01   1.4143769e-02   2.0837041e-01  -5.5469068e-02  -1.1734555e-01   1.7218279e-02   5.4299788e-01   7.2771479e-02   2.4458535e-01   3.9535271e-01  -1.6446738e-01   9.0892334e-02  -3.5364073e-01   3.7841264e-02  -1.7637691e-01  -3.5677607e-01  -1.3984218e-01  -1.6019933e-01   2.0551115e-01  -7.7847193e-02  -3.5048512e-02  -2.4959304e-01   6.5828166e-01  -3.0102132e-02   3.6277603e-01   2.1099214e-01   2.5374753e-02   9.3719820e-02   2.6162647e-01  -1.1463786e-01   2.7287564e-02  -4.6597909e-02  -1.6403457e-01   1.7459158e-01  -9.8932835e-02  -8.3342171e-02   9.6043262e-02  -3.1023172e-01   3.6571236e-01   3.9939668e-03   3.2975442e-01   1.3001541e-01  -5.4180470e-02  -1.0473693e-01  -1.8769816e-01  -2.6433142e-01  -1.5061108e-01   6.0000665e-01  -8.0525386e-02  -4.0116709e-02  -1.1786167e-01   1.9252436e-01   1.4457588e-01  -1.3958518e-01   4.2888465e-01   6.9729768e-03  -1.4015836e-01   6.1141886e-03   4.1261596e-02   1.4937432e-01   5.2641435e-02  -3.4489566e-01   4.2808266e-02   8.5993732e-02   3.9869178e-02   3.9665252e-01   2.3645988e-02   2.4707855e-01  -2.3156631e-01  -2.7695113e-01  -7.3733899e-02  -7.9807072e-02   3.4492547e-01   3.5478968e-01   1.3656715e-01  -7.6232231e-02  -1.3128513e-02  -8.7665756e-02   1.5952754e-02  -2.1409037e-02   8.3987672e-02   3.4615640e-01  -3.4625014e-01   5.7464014e-02  -1.3490070e-01   1.4065545e-02   3.9573656e-03  -4.0173968e-01  -2.3076838e-01   1.7962566e-01   1.1159834e-01  -1.8785207e-01  -3.6470702e-01   1.4473194e-01  -3.3321474e-01   4.0107796e-01  -1.1172241e-01   4.0042808e-02  -2.6139300e-02
