   0.0000000e+00   1.1266701e-01  -1.1403618e-01  -1.7830178e-01  -4.0422052e-03  -2.3563897e-01  -2.0068048e-01   2.9373050e-02   2.6058170e-01  -1.9344871e-01   1.2970890e-02  -4.8378137e-02  -2.9709233e-02  -1.3357021e-01  -2.4615774e-01  -2.8682065e-01   6.6999947e-02  -1.0196266e-01   2.8579782e-01  -1.7326348e-01  -3.2652864e-01  -4.6625766e-02  -3.1432459e-01   5.3791370e-01  -1.5543734e-02   1.2727971e-01  -6.6648558e-02   5.9004143e-02   7.1557926e-02  -2.4235908e-01  -2.6972413e-01   1.3236661e-01   8.6803928e-04  -2.7468215e-01  -7.9945928e-02  -4.5386542e-02   4.6598002e-02   3.2275581e-01  -2.3212944e-01  -2.7004313e-01  -1.6063175e-03  -1.3177442e-01  -2.3943053e-02  -1.8736805e-01   7.0673300e-02   2.1624669e-01  -1.2086223e-01  -3.3674989e-01   4.9625165e-02   8.2893549e-02  -2.1203646e-01   1.5236867e-02   1.5108414e-01  -8.0621833e-02  -4.9568755e-02  -2.9478682e-01  -2.7896961e-03  -4.5252104e-02   4.5993373e-02  -2.6543455e-01   2.0640109e-01  -3.4474103e-02   9.1302275e-02  -5.1951295e-02   1.6527264e-01  -8.0887278e-02  -3.6883480e-01   2.4128997e-02  -1.3987472e-01  -1.8634527e-01  -7.9294647e-03  -6.6766786e-02  -4.7249121e-02   7.7982917e-02  -1.1863215e-01   3.1130520e-01   3.5381371e-01   2.2940183e-02   1.5678684e-01   8.0842476e-03  -2.1711655e-01  -1.6293865e-01  -3.1927190e-01   2.1258821e-01  -2.5869432e-01   5.1916019e-02  -1.2994920e-01   1.2683954e-01   1.3211938e-01   5.1429192e-01   2.7065780e-02   1.9473820e-01  -1.9863655e-01   2.9134649e-01   2.8179855e-01   1.1687782e-01  -2.7298885e-01   2.5707762e-01   3.2977861e-02  -2.9608965e-02  -3.6015973e-01  -3.3228038e-01  -1.2191243e-01  -2.2184021e-01  -8.5110627e-02  -4.3106472e-02  -1.6910476e-01   8.4354584e-02  -4.9702465e-02   1.2578655e-01  -3.1137255e-01  -2.0344361e-01   2.8706248e-02   6.2516039e-01  -3.4329631e-01   1.9686253e-01  -5.0925658e-02  -7.9722581e-02   1.0154730e-03  -9.0483061e-02   6.8227045e-01  -3.3753140e-02  -2.9558718e-02   1.1927139e-01   5.7047612e-01  -2.2221694e-01   5.5449762e-02   1.6253718e-01   2.1947782e-01  -1.6555488e-01  -1.2898391e-01   5.6191768e-03  -2.0653064e-01  -1.8218974e-01   1.0906998e-01   2.8236139e-01  -8.9272227e-02  -8.3817430e-02   3.2400232e-01   7.0539843e-01   7.3514836e-01  -6.9765596e-02  -1.9699909e-02  -1.7155488e-01  -2.7747552e-01  -6.8134160e-02  -1.6031772e-01   6.7477086e-02  -1.4653296e-01   7.5240104e-02  -1.8066875e-01  -1.1098664e-01   4.9326589e-01   6.8948483e-02  -1.9579065e-01   5.7144031e-01   5.9491308e-01  -5.9800629e-02   1.3560120e-01  -1.4279141e-01  -7.4931511e-02   2.2253126e-01  -2.9782691e-02   7.0207016e-03   2.0021027e-01   1.3479588e-01  -2.0636996e-01   2.5054054e-02   3.3430982e-01  -4.7187444e-02   2.0470981e-01   2.1465414e-01   2.3004532e-01  -2.1624306e-01  -1.6534313e-02  -9.8886010e-02   5.7870718e-02
   1.1266701e-01   0.0000000e+00   2.9235693e-01  -4.9733470e-01   9.3879659e-02  -5.1511938e-01  -2.7161166e-01  -4.8770964e-02   5.2953802e-01  -2.0803268e-01  -5.9308230e-01   5.3904731e-01  -1.8214429e-01  -4.2879103e-01  -3.3419384e-01  -2.7541719e-01   5.1498002e-01  -6.1700429e-01  -3.0374094e-02   7.9745325e-03  -4.9654123e-01  -5.8640596e-01  -4.9338262e-01   1.3282502e-01  -3.1939533e-02   1.2740364e-01   2.2132630e-01  -3.9999483e-01   3.5615615e-01  -4.4080023e-01  -1.5190217e-01  -3.6571679e-01   7.7115621e-02  -9.3940119e-02   4.4475009e-01  -3.1907995e-01   9.4362881e-02   1.9421705e-01  -6.9757327e-02   2.7715288e-01  -1.7551568e-01   6.6798117e-02  -5.6069263e-02  -2.9389481e-01  -7.5568439e-02  -4.0828980e-02  -4.6326695e-01  -1.7262002e-01  -3.4874590e-02   5.7543617e-01  -6.1010020e-01  -3.5479708e-02   6.6528728e-01   1.7674772e-01  -6.7117190e-02  -3.4270414e-01  -1.5866883e-01  -2.8955870e-01  -2.8017982e-01   3.3438774e-02   3.3573136e-01  -2.6832176e-01   6.5669532e-01   2.0781294e-01   4.4744006e-01  -3.2468720e-01  -4.5743522e-01   1.8716167e-01  -4.1732160e-01  -7.0905186e-02   5.3336712e-01  -5.6878943e-01   2.3384071e-01  -2.9577993e-01   9.9819079e-02  -2.6542082e-02   2.5527690e-01  -4.1076399e-02   2.8544033e-01  -6.3595435e-02  -4.3688414e-01   7.9616221e-02  -2.6951764e-02   8.4215541e-02  -4.8023355e-02  -3.1069495e-01   4.2072937e-01  -1.6596283e-01   6.4478166e-01   1.8822584e-02   3.1566726e-01   3.4307003e-01  -2.6996277e-01  -8.2832705e-03   2.0234072e-01   3.9299659e-01  -4.9832290e-01  -1.4649524e-01  -2.4341771e-01   1.4512643e-01  -3.4407476e-01  -1.6466073e-01  -4.0191322e-01   2.5943986e-01  -5.5464890e-01  -2.3003727e-01   1.2225559e-01  -3.1307758e-01   1.1093094e-01  -4.9324382e-01   1.2161977e-01  -5.6733099e-01  -2.7625109e-01  -2.0265671e-01  -2.4504526e-01   7.2141892e-01  -1.9577363e-01   9.3508830e-02  -4.1577539e-01  -5.7871816e-01  -2.7648328e-02   6.9826189e-02   4.7568895e-01   1.5621422e-01  -4.3104826e-02  -2.9923132e-01  -3.3902755e-01   2.6601920e-01  -3.4732884e-01   3.1878634e-02  -8.1753606e-02  -1.9913575e-01   2.1997236e-02  -8.4416729e-02  -3.7942920e-01   6.9507189e-02   1.7512629e-01  -3.7384779e-01  -1.4912947e-01  -5.4978979e-02   4.2537600e-02  -1.7047478e-01  -3.2113066e-01  -4.2415158e-01  -2.7056981e-01  -4.8900180e-02   2.6561651e-01  -3.3693213e-01  -4.9651973e-01   2.6842933e-01  -3.4466416e-01  -2.6864508e-01   1.9802977e-01  -7.5035595e-02   3.0937732e-01   5.3399894e-02  -1.1495478e-01  -2.1894370e-01   3.2331719e-01  -4.0942155e-01   2.4901272e-01  -1.6702806e-02  -1.7753311e-01  -5.8647933e-01  -6.5897920e-03   5.4449243e-01  -1.7754685e-01  -2.1453649e-01   1.3763392e-02   3.4370388e-01   5.0758870e-01  -1.9326593e-01  -1.9729109e-01  -4.4179970e-01  -3.5542095e-02  -1.7085555e-02  -3.1816790e-01
  -1.1403618e-01   2.9235693e-01   0.0000000e+00  -4.2181653e-01  -7.2461717e-02  -1.0751843e-02  -3.3131775e-01  -6.9771632e-02  -2.6921161e-01  -1.0163923e-01  -4.6113732e-01   7.8066735e-01  -4.5945177e-02  -2.2854467e-01  -9.3843589e-02   1.2628018e-01   7.9266130e-01  -5.0538399e-01  -2.9638071e-02   9.7091370e-02  -4.9224571e-01  -3.8220336e-01  -4.4180484e-01  -1.6314965e-01   1.7538935e-01   1.5477894e-03   2.0001208e-01  -5.1097447e-02   2.8414498e-01  -4.2004607e-01  -1.6761027e-01  -3.6738166e-01   1.6011482e-01   8.2709357e-02   2.9946707e-01  -3.8388276e-01  -4.1283356e-01   1.7310319e-01  -1.4613585e-01   6.6458509e-01  -2.2855895e-01   4.6586824e-01  -1.3800591e-02  -1.3082514e-01  -4.3546349e-01   4.8991051e-01  -3.1489502e-01  -4.1635601e-01  -2.7312846e-01   7.4953633e-01  -4.4639781e-01  -1.1223382e-01  -1.4118908e-01   5.6110444e-01   3.1647584e-01   4.1355072e-03  -5.0665945e-02  -3.7653926e-01  -3.8203860e-01   5.0701044e-01   5.1394313e-01  -2.6070422e-01   1.7194336e-01  -2.6725466e-01  -3.7768522e-01  -2.8844863e-01  -9.6786902e-02   2.0305124e-01  -9.3239417e-02   7.2413887e-01   4.3555645e-01  -5.4163954e-01  -5.7644992e-02   7.1230311e-02   4.1309737e-01  -4.9566144e-02   2.7464971e-01   1.3419829e-01  -1.9260274e-01   7.8882303e-02  -2.5815345e-01   4.9985891e-03   7.5634174e-02   1.4125486e-03   2.7273961e-01  -3.9513860e-01  -6.8257696e-02   2.2164229e-01   4.1424852e-01  -3.1880820e-02   8.9348593e-02   6.2629832e-01   2.6113659e-01  -2.5991736e-01   1.7232865e-01   4.0306039e-01  -1.2689261e-01  -1.2182927e-01  -2.7198132e-01  -2.3987004e-01   5.4293737e-03   2.6328421e-01  -2.0128788e-01   6.6244043e-02  -5.4839759e-01  -1.7731452e-01   5.5747382e-01  -1.2411413e-01  -2.9736015e-01  -4.0353450e-01   5.3707190e-01  -3.3854829e-01  -2.7827214e-01  -1.8722841e-01   2.3893803e-01   2.4728966e-02   4.7147708e-02   8.4021083e-02  -3.7149261e-02  -4.3131795e-01  -1.8494232e-01   2.9237544e-03   6.5424574e-01  -5.2905724e-01  -1.7378072e-01   2.6332698e-02  -5.5075786e-01   4.0103968e-01  -2.6739026e-01   6.0176374e-01  -4.1888384e-02  -4.1821308e-01   4.8773440e-01  -2.0998317e-01  -1.3875055e-01  -1.1647460e-01   4.0813548e-01  -3.3273340e-01  -3.6522851e-01   2.5143324e-02  -1.1372029e-01  -4.2699495e-02  -3.6167104e-01   5.4536929e-02  -3.1304144e-01  -6.0805618e-01   6.1072849e-01  -3.9462539e-01  -3.8898279e-01  -3.5088266e-01   1.6102694e-01  -1.1121703e-01   3.3830563e-01  -4.1968592e-01   8.2109252e-01  -1.0591485e-01  -1.0769883e-01  -2.0381885e-01   5.5918237e-01  -2.5692851e-01   2.6140077e-01  -1.3178039e-01  -5.1192656e-01  -6.1456181e-01  -1.4410711e-01   2.7149113e-01   7.9526332e-03  -1.3622366e-01   3.1668032e-01   2.7313317e-01   3.2130409e-01  -2.4813259e-01  -5.2597913e-01  -1.7591529e-02   7.7125054e-02   2.4290010e-01  -2.9600416e-01
  -1.7830178e-01  -4.9733470e-01  -4.2181653e-01   0.0000000e+00   4.7420564e-02   3.9428207e-01   1.4965359e-01   8.4802913e-02  -1.4554956e-01  -2.5741217e-02   4.0187165e-01  -5.5240756e-01   1.4537794e-01   4.7649819e-01   1.5952540e-01   2.2570672e-01  -4.4372183e-01   5.5199467e-01  -1.7828810e-01   3.1334421e-02   5.8709317e-01   6.6509408e-01   4.8528983e-01  -1.4637343e-01   6.1280761e-02  -8.6910820e-02  -1.2598654e-01   5.3123048e-02  -2.2036346e-01   4.2383311e-01   1.7668773e-01   5.0121646e-01  -4.8130560e-03  -2.0502086e-01  -3.5336703e-01   2.2405593e-01   9.4226820e-02  -1.0607861e-01   3.8948941e-01  -2.7663743e-01   3.7089035e-01  -1.5949650e-01  -5.2933233e-02   1.1334371e-01   7.4410845e-02  -2.2291014e-01   4.8983200e-01   2.3128600e-01   3.4610306e-01  -4.6172906e-01   4.9685754e-01   8.3510560e-02  -2.7856254e-01  -2.1600189e-01   3.6544472e-02   2.3126849e-01   1.6594896e-01   4.4017210e-01   4.7127973e-01  -1.6988268e-01  -2.7424903e-01   2.4867014e-01  -2.6952702e-01   7.3732226e-02  -7.8609843e-02   1.1279730e-01   4.2987335e-01   1.1637519e-01   4.4188222e-01  -1.9358690e-01  -4.1333428e-01   5.8582314e-01   6.8230874e-02   2.3534897e-01  -2.1248816e-01  -4.3134202e-02  -1.3571892e-01  -1.5595976e-01  -1.7085032e-01   1.7397154e-01   3.5318409e-01   1.2913815e-01   2.2297749e-02  -1.7759080e-01   1.1787824e-02   2.3062416e-01  -2.2276619e-01  -5.1367881e-02  -3.8347948e-01  -9.6722851e-02  -1.8641502e-01  -2.4055916e-01  -1.7865322e-03   1.4610453e-01  -5.3588967e-02  -3.2394515e-01   5.7164200e-01  -3.0634209e-02   2.5063190e-01  -1.1610399e-01   2.4669076e-01  -1.0121994e-01   4.0886534e-01  -1.0476875e-01   4.2651242e-01   4.0039924e-01  -7.6351125e-02   1.8799653e-01   1.2249435e-01   3.1991833e-01  -2.8916900e-01   5.7874797e-01   5.7894695e-01  -8.4861224e-02   5.7934237e-02  -3.3957936e-01   1.8897970e-01  -7.5855188e-03   2.4902726e-01   7.7776359e-01  -1.3161678e-01  -1.4884121e-01  -3.6776899e-01   1.1875021e-01  -3.5186048e-02   2.7184080e-01   3.2134920e-01  -2.4837186e-01   4.8059671e-01  -2.4593756e-01   2.1883060e-01   5.1453773e-02  -5.9404876e-02   5.8837739e-02   3.8681430e-01   3.0887503e-02   1.0786085e-02   2.5031006e-01   2.0208798e-01  -1.1669140e-01  -2.5456322e-01   1.9677335e-01   2.1996552e-01   2.9354971e-01   2.2543667e-01   2.3728414e-01  -3.6657561e-01   2.8136533e-01   2.9516532e-01  -5.2212580e-02   2.4460109e-01   2.0215815e-01  -2.1712633e-01   1.8090655e-01  -3.4161933e-01  -1.5672433e-01  -1.4583510e-01   3.3937180e-01  -2.5596074e-01   4.8342198e-01  -7.6826145e-02   1.5112290e-02   1.5772750e-01   6.3799998e-01   2.4388487e-01  -4.5143318e-01  -3.6917903e-02   2.1169505e-01  -1.0479662e-01  -1.4584604e-01  -4.4576959e-01   9.2578070e-02   4.0810714e-01   3.7772454e-01   3.3716447e-02  -5.9485530e-02   4.8253374e-01
  -4.0422052e-03   9.3879659e-02  -7.2461717e-02   4.7420564e-02   0.0000000e+00   2.6639928e-01   1.1817022e-01  -2.3831926e-01   9.4062311e-02   9.6588726e-02   2.1953281e-01  -7.8236638e-02   2.6226077e-01  -2.4567501e-01  -1.7794415e-01   2.6165524e-02   2.2817697e-02   2.4454965e-01   1.0713781e-01   7.2654036e-01  -2.7170141e-02  -1.3373703e-01   1.3856429e-01   2.0535688e-01  -2.0436592e-01  -8.0831143e-02   5.4918397e-01  -2.3154572e-01   8.6820900e-02   1.1270730e-01  -5.2953900e-01  -8.0581376e-02   2.0304043e-02  -9.6604577e-02  -3.9065626e-01   7.4363754e-01  -1.3196503e-01  -9.7748025e-02   1.5494496e-01   2.9673367e-02   3.4171908e-01  -8.3749102e-02   2.4413123e-01  -2.9383555e-01   2.5886493e-01   5.9057126e-02   5.1175792e-01  -6.5684570e-02   3.6458194e-01  -4.6940845e-02   2.2298299e-01  -1.2257287e-01   1.2491469e-01  -8.3048988e-02  -1.0408794e-01  -6.9064442e-02   2.2253485e-01  -1.9423824e-01   2.3924589e-02  -9.4716612e-02   5.6316727e-02   4.0401709e-01   2.5315943e-01  -3.3024817e-01   7.2349521e-02   3.7225484e-01   3.4601988e-01   9.2462346e-02   6.8410274e-02  -6.3638688e-02  -3.7215570e-01   2.3923776e-01   2.3558707e-01  -3.1909652e-02  -5.5996279e-02  -3.6122209e-01  -2.5013072e-02  -2.2398117e-02   6.6841583e-01  -8.5123750e-03  -2.1160689e-01   2.0646334e-01  -2.6741315e-01  -9.8042684e-02  -3.4075930e-01  -2.9071999e-01  -3.1831900e-01  -1.3377494e-01  -1.5112748e-01   3.3311224e-02   6.0129318e-01  -8.0527700e-03   4.0219746e-01   1.1812884e-01  -1.0354360e-01   5.0255919e-01   2.0197679e-01   8.1828470e-02   5.7577060e-01  -1.2353646e-01  -2.0657356e-01  -2.3926707e-01  -3.4124251e-01   1.5056165e-02   2.4558512e-02  -2.6114307e-01  -4.7757368e-02   1.5191827e-02  -3.3032641e-01   2.8311092e-01   2.5906177e-02  -3.0514257e-02   2.2532648e-01   1.9859266e-01  -3.0943133e-01   2.9035623e-01  -1.0858683e-01   3.8466014e-01   1.3655062e-02   2.3751373e-02  -5.6311251e-03   6.8266978e-01  -8.5402570e-02   2.3851847e-01   1.4906846e-01  -2.5165376e-01   3.0862073e-01  -1.2536816e-01  -1.4144746e-01  -1.8793230e-02   2.1260340e-01   4.7029951e-01  -2.1502841e-01  -3.2865139e-01   1.1180303e-01  -3.0247045e-01   3.9050943e-02  -4.1938998e-01  -2.2397851e-01   1.2282920e-01   2.9643029e-02   3.7331166e-01  -1.6096519e-01   8.4174637e-02  -2.4386339e-01  -1.9686634e-01  -2.7078415e-01   5.1790703e-01   3.8181683e-01  -1.8077820e-01  -1.6713159e-01  -2.5475624e-01  -3.8007883e-02   2.7760901e-01   6.2862938e-02   1.0026905e-01  -2.1784425e-02   1.5195006e-02   7.8228517e-02  -1.9362397e-01   1.4119485e-01  -3.0000516e-01   2.1388740e-01   6.3571560e-02  -1.0161946e-01  -5.0123445e-02   1.9327092e-01   7.7851524e-02  -1.5147685e-01   3.2420704e-01   1.0545352e-01   5.8709414e-02   4.4437764e-01   2.6149794e-01  -1.4818089e-01  -3.6053429e-02  -1.1630105e-01
  -2.3563897e-01  -5.1511938e-01  -1.0751843e-02   3.9428207e-01   2.6639928e-01   0.0000000e+00   4.8112959e-01  -3.8017703e-01  -3.7860431e-01   1.7260245e-01   4.6161453e-01  -2.2110448e-01   4.0539832e-02   3.3136359e-01   1.3175126e-01   3.0027870e-01  -3.7203154e-01   5.2017197e-01  -1.5529175e-02   2.9302219e-01   5.2066830e-01   3.3588983e-01   5.8185753e-01  -1.7909904e-01  -1.5437624e-02  -3.4220577e-01   2.6939164e-01   2.2788808e-01  -1.8440749e-01   6.3372817e-01  -2.2430541e-01   6.8980359e-02  -6.3532057e-03  -1.0464825e-01  -3.8822090e-01   5.0816621e-01  -2.3049001e-01  -2.7125006e-01   9.2674528e-02   7.9804771e-02   7.4604261e-02   6.0294007e-02   2.3945798e-01   1.4498157e-01  -2.3036216e-02   2.4964210e-01   6.2919181e-01   2.4626944e-01  -5.9411983e-02  -4.7845033e-01   5.4775412e-01  -2.2546601e-01  -4.9389615e-01  -2.2612556e-02   2.3766943e-01   4.1074230e-01   2.6398756e-01  -1.3788672e-01   1.4780925e-01   1.8198827e-01  -2.6743649e-01   1.5138794e-01  -1.8847401e-01  -2.7531871e-01  -4.8370227e-01   4.4917368e-01   9.0121528e-01  -2.3172155e-02   4.4891525e-01   3.9594443e-01  -4.0877243e-01   5.4793522e-01  -1.9919624e-01   5.1921944e-01  -1.0886886e-01  -3.7223579e-01  -1.9187920e-01  -4.4437056e-02  -1.2903701e-01  -8.0931407e-02   3.6102143e-01   3.6566255e-02   1.0999947e-01  -3.7080966e-01   1.7580939e-01  -6.1911065e-02  -2.1796665e-01  -1.9252796e-02  -4.5104527e-01  -2.3416444e-01  -4.4958136e-03  -2.1101211e-01   5.5328647e-01  -7.8698933e-02  -2.9904540e-01  -2.4913270e-01   3.6988322e-01   1.6709762e-01   1.8923611e-01  -3.1548083e-01   5.0481639e-01   1.3218228e-01   1.3318357e-01   1.0421632e-01   3.5426831e-01  -1.8227738e-01  -2.2092164e-02   1.4142171e-01  -3.9690956e-01   5.3529782e-01   1.6251629e-01   5.3374383e-01   2.9821108e-01   1.6627745e-02   3.2827294e-01  -5.9292536e-01   6.9568230e-02   2.8634681e-02   5.5791259e-01   4.2866164e-01  -1.7454498e-01   2.2513050e-01  -2.6663357e-01  -1.2269622e-01   1.4897313e-02   3.2969235e-01   3.1848455e-01  -2.6297196e-01  -1.2747828e-03   2.8051214e-01   1.1157668e-01   1.9782731e-01   1.2969089e-01  -2.3806448e-01   2.4828687e-01  -3.9589588e-01  -1.0570296e-01   2.2618593e-01  -2.4620784e-01  -8.2865687e-03  -1.7420087e-01   1.8307646e-01  -4.3096879e-03   7.3004562e-01  -6.5605154e-02  -1.1093632e-01  -1.0465134e-01   5.8196555e-01   6.1886797e-01  -5.8432310e-01   4.9440850e-01  -1.6729849e-03  -8.4628952e-02  -7.9453201e-02   1.6995178e-01  -2.9589403e-02  -1.2447047e-01   4.2670355e-02  -2.2847528e-01   2.0535672e-01  -8.5216885e-02  -3.3618557e-01   8.8326507e-02   4.4793563e-01  -3.1855802e-01  -6.3521283e-01   2.0016134e-01   1.6650821e-01   2.7591365e-02   3.4251443e-02  -4.2369033e-01   2.0222964e-01   2.6443329e-01   8.7502548e-01   8.5398401e-02   5.6440715e-02  -2.3400154e-02
  -2.0068048e-01  -2.7161166e-01  -3.3131775e-01   1.4965359e-01   1.1817022e-01   4.8112959e-01   0.0000000e+00  -3.2826125e-01   1.6509914e-02   6.7084066e-01   3.2527014e-01  -2.5792460e-01  -1.6120198e-01   2.1041528e-01   2.8471933e-01   1.2520114e-01  -5.9264017e-01   4.2296182e-01  -1.1821874e-01   6.0848965e-02   5.8194901e-01   1.6938459e-01   7.6153271e-01  -1.7507110e-04  -3.1034466e-01  -1.6815052e-01   2.0172103e-01   2.2302018e-01  -2.9535740e-01   6.9951210e-01  -6.6796978e-02   1.3536317e-02  -3.7811040e-01   4.6413716e-01  -8.0060163e-02   5.2493565e-01   1.3597179e-01  -3.2240991e-01  -1.1753402e-01  -1.2056742e-01  -1.0584717e-01  -2.9082052e-01   4.9545633e-01   1.8067440e-01   4.7834507e-01   1.8663363e-02   2.5123399e-01   6.9543509e-01  -2.4461374e-01  -6.8323155e-01   6.2395775e-01  -8.6955378e-02   5.1763809e-02  -5.3587375e-01  -1.5225749e-01   2.6162627e-01  -2.6361870e-02  -5.8241888e-02  -2.6430139e-02   9.0571451e-02  -3.8671812e-01   3.0525016e-01  -1.0842045e-02   6.8127746e-02  -6.1117087e-02   7.6417981e-01   5.0924042e-01  -3.0068114e-01  -5.8605857e-02  -8.4971229e-02  -3.2320049e-01   5.1680759e-01  -1.2285642e-01   1.4261636e-01  -3.3730687e-01  -2.6787989e-01  -2.0872984e-01   1.9696957e-03   5.1512583e-02  -4.2101134e-01   5.5915905e-01   7.5710784e-02   2.5891580e-02  -3.0071553e-01  -1.4698166e-01   1.7796991e-01   6.9885404e-02  -2.4992859e-01  -5.7349971e-01  -3.7902171e-01  -6.1355474e-02  -5.5348017e-01   2.1963181e-01   1.5211889e-01  -2.6566634e-01  -5.0089599e-01  -2.1714915e-02  -1.2551072e-02   1.8996008e-01   4.9014166e-01   2.0984771e-01   3.9186050e-01   1.9454749e-01   2.3385452e-01   6.0145218e-01  -2.0506077e-01  -4.4727888e-01  -7.6843053e-02   3.3425725e-02   4.5112231e-01   7.5043401e-02   4.4116046e-01  -5.5229662e-02   7.6833635e-02   1.3175549e-01  -4.3879602e-01  -6.6454424e-02   9.5915195e-02   1.5039497e-01   1.5821533e-01  -1.5956084e-01   2.0095139e-01  -4.9235935e-01   1.4607139e-01  -1.3546716e-02   2.5462364e-01   5.3385191e-01  -5.1216113e-01  -6.8502991e-02  -1.4057013e-01  -1.1065018e-01   5.1387566e-01  -2.7297551e-01   1.4242856e-02   4.1848920e-02  -3.1050028e-01  -5.1213273e-01   3.9459126e-01  -9.8775392e-02  -5.5364220e-02  -6.4412923e-02  -2.8803836e-01   6.3001794e-02   1.6845044e-01   3.4202065e-01   3.5622834e-01   6.3228739e-02   4.1424661e-01   7.4714421e-01   1.7588569e-02   5.5443152e-02   1.5902075e-01  -4.0726733e-01   8.6512688e-03  -2.6344902e-01   9.1217219e-03  -1.5139629e-01  -4.1715945e-02  -5.6954956e-01   3.2449324e-01  -2.5570729e-01  -2.5465250e-01   4.4952590e-01   4.2488368e-01  -3.4588874e-01  -3.5403489e-01   5.3264157e-01   8.6673755e-02  -4.8442038e-01  -3.0070434e-01  -8.2973157e-02   2.7075187e-02   1.6571234e-01   2.4848878e-01  -9.9124857e-02  -2.7216032e-01  -4.9880860e-02
   2.9373050e-02  -4.8770964e-02  -6.9771632e-02   8.4802913e-02  -2.3831926e-01  -3.8017703e-01  -3.2826125e-01   0.0000000e+00   1.2439640e-01  -2.7775661e-01  -7.8796508e-02  -4.1333686e-02   2.9838855e-02  -1.0344796e-01   1.2395579e-01   6.8985531e-02   4.0497196e-02  -1.9366291e-01  -2.7344876e-03  -3.0687528e-01  -1.5226032e-01   3.3841928e-01  -1.8916201e-01  -6.3698527e-03   9.0276728e-02   4.4461401e-01  -2.5159330e-01  -7.9174871e-02   2.8303330e-02  -1.9768721e-01   4.8048932e-02   3.6638811e-01   3.1622055e-02  -1.0282230e-01   1.5078959e-01  -3.6482243e-01   1.5892941e-01   2.8489640e-03   8.7287143e-02  -2.1218334e-01   9.0359947e-02  -4.1385384e-02  -1.0496259e-01   4.9932313e-03  -3.7175417e-04  -3.0505367e-01  -3.5743353e-01  -1.7571671e-01  -7.1286446e-02   9.0030430e-02  -1.6512546e-01   7.1141415e-01  -1.9672342e-02  -5.4545966e-02  -2.7653253e-01  -2.3005039e-01   7.0427396e-02   5.6404707e-01   1.8344438e-01   2.7799264e-02   1.6979735e-02  -1.0513562e-01  -1.3038434e-01   2.5778769e-01   1.9585815e-01  -2.5940093e-01  -3.5517445e-01  -1.0694743e-01   5.3566217e-02  -2.5726278e-01   2.3212599e-03  -7.4747309e-02  -5.2243740e-02  -2.3502338e-01   6.4334979e-02   5.3444229e-01   1.1149372e-03   1.2202166e-01  -1.3687290e-01   1.8384459e-01   1.9716376e-02   4.4743245e-02  -2.0810353e-01   4.9518944e-01  -2.9884217e-01   4.6584269e-01   8.2714117e-02   6.3596592e-02   1.4656924e-01   7.0504232e-02  -1.7240154e-01   3.1695861e-02  -3.1328989e-01   1.4165307e-01   6.5357261e-02  -2.9188538e-02   2.7065468e-02  -2.4194735e-02  -1.0564538e-01   1.9124351e-02  -4.2114069e-01   2.3114272e-02   3.2564017e-01  -7.6794963e-02   7.0352937e-02   5.4820667e-01  -2.3925803e-02   5.2085082e-01   2.3460946e-01  -1.8931444e-01  -2.2144856e-01   1.1459367e-01   8.6556215e-02   3.8228065e-02  -3.0753942e-01   6.4455431e-02   9.3515541e-02   4.3439579e-02  -4.2787564e-01   1.3970991e-01   6.8574035e-02  -2.0667705e-01   7.1226304e-02   3.2761194e-02  -6.1298757e-02  -4.2840613e-02  -1.6032936e-02   7.6699297e-02   5.3058238e-01  -3.3484472e-01  -5.5028866e-02  -3.2449852e-01  -9.6319588e-02  -7.2905134e-02   1.8681447e-01   6.4627088e-01   1.2255732e-01  -3.7456177e-02   6.0031628e-01   1.5967290e-02   3.2184420e-02  -2.0114436e-02   4.2531939e-01  -3.8108191e-01   2.5569383e-01   1.5339525e-01  -1.7745183e-01  -3.5620080e-01  -2.4461162e-01   2.3384993e-01  -3.5354186e-01   2.7539470e-01  -4.0563737e-02  -9.5158123e-03  -2.0239615e-01   6.5403725e-02   7.0954755e-02   3.0555131e-01  -1.0051323e-02   2.8155747e-01   1.8553403e-02   5.0981053e-01  -2.2083876e-01   2.6914257e-02   5.5320719e-01   2.0922758e-01  -1.9396353e-01   7.9875768e-02   3.5191692e-03  -1.2483728e-01   6.3705071e-02  -1.6206294e-01  -2.4006059e-02  -4.7038524e-01  -1.9877060e-02  -4.7237836e-02   4.2776136e-01
   2.6058170e-01   5.2953802e-01  -2.6921161e-01  -1.4554956e-01   9.4062311e-02  -3.7860431e-01   1.6509914e-02   1.2439640e-01   0.0000000e+00   1.0150407e-01  -1.8435595e-01  -1.5511356e-01  -1.4142326e-01  -4.1206654e-01  -2.1326113e-01  -3.1301123e-01  -8.9440536e-02  -1.9737966e-01   1.0627487e-01  -1.4024627e-01  -2.0320578e-01  -1.5992521e-01  -1.5497978e-01   2.2928774e-01  -1.6570545e-01   2.9818059e-01   1.4931861e-01  -2.3022781e-01  -9.1231225e-03  -8.7040688e-02  -2.4907282e-01  -4.4492219e-02  -1.8128746e-01  -6.6711857e-02   2.2649674e-01   1.0454397e-02   1.8587035e-01   1.3102812e-01  -3.0423913e-02  -1.5912873e-01   2.7564097e-02  -1.9953211e-01   2.7231584e-01  -3.9458661e-01   3.8396811e-01  -4.3653322e-02  -2.8784781e-01  -1.5671426e-02  -2.4187178e-04  -4.8803126e-02  -1.4321858e-01   2.0553692e-01   7.0422275e-01  -3.6184864e-01  -4.0774365e-01  -4.3505078e-01  -3.5208992e-02   2.8341597e-02   9.8735097e-02  -1.7732084e-01   1.5609461e-02  -2.7908616e-02   5.6924660e-01   4.6118444e-01   7.1212254e-01   5.5626844e-02  -2.9116768e-01   4.0006367e-02  -3.1606893e-01  -4.8784441e-01   3.4079847e-02   9.1584656e-03   2.0490522e-01  -2.8345251e-01  -2.5872394e-01   1.1223667e-01   1.8547785e-01  -1.6600285e-01   4.4462642e-01  -8.2683719e-02  -2.8388570e-01   8.8687756e-02  -3.6883701e-01   1.9437881e-01  -4.1066210e-01  -4.0460646e-02   4.7405340e-01  -4.1124254e-01   2.2762192e-01   2.1345549e-01   3.4203914e-01  -1.1262464e-01  -4.6212406e-01   5.1663055e-01   1.2748292e-01  -1.9061399e-02  -2.9181683e-01   9.2539444e-02   9.3362393e-02   2.9831673e-01  -5.2980435e-01  -2.1091328e-01  -3.7274004e-01   3.7371900e-01  -4.0995676e-02  -9.1490154e-02  -3.1221515e-01  -1.0904051e-01   2.0305775e-01  -1.7113172e-01  -4.5705551e-01  -2.6783249e-01  -2.4618789e-02   2.4852364e-01  -4.2757993e-01   5.6898258e-01  -2.0953473e-01   8.8158002e-02  -4.0072891e-01  -1.6310130e-01   2.3951212e-01   1.6720544e-01  -1.8928079e-02   6.6150786e-01   3.6523244e-01  -3.7347594e-01   1.5857158e-01  -6.6270789e-02  -7.5434318e-02  -5.1781930e-01  -1.4681495e-02   1.3770308e-01  -4.3455799e-01  -1.1624435e-02   3.7293611e-02   3.0126684e-01  -1.6228665e-01  -2.0836601e-01   2.2994151e-01   1.0366643e-01   2.3411412e-01  -2.6427491e-01   1.4697220e-02  -4.7588306e-01   2.6849480e-02   3.4656812e-01  -2.0695536e-01  -6.2698328e-02  -6.3258285e-02   4.6195858e-01  -5.8143033e-01  -2.8784316e-01   2.0728510e-02   1.6268544e-01  -2.9696845e-01   1.9511799e-01   1.7438269e-01   3.7134334e-03  -1.4658701e-01  -2.6152339e-01   1.8959465e-01   2.8242244e-01   2.0099740e-01  -4.1585070e-02   7.7788747e-02   1.9400601e-01  -1.6714410e-01   6.2082713e-02  -1.0628665e-01  -2.0648915e-01   3.0982475e-01   5.0169097e-02   3.5925393e-01  -4.1282567e-01  -8.8772571e-02  -1.7209783e-01  -4.4503567e-02
  -1.9344871e-01  -2.0803268e-01  -1.0163923e-01  -2.5741217e-02   9.6588726e-02   1.7260245e-01   6.7084066e-01  -2.7775661e-01   1.0150407e-01   0.0000000e+00   1.7858031e-01  -7.8008952e-02  -3.4949695e-02  -7.4016529e-02   2.0030312e-01   3.7477270e-03  -3.2301325e-01   2.9303417e-01  -3.8566782e-03   4.6268480e-02   2.2421953e-01  -3.5262844e-02   4.1678439e-01  -4.6954160e-02  -1.5341141e-01  -2.7563840e-03   3.6315917e-02   2.1853495e-01  -1.3667030e-01   3.4197507e-01  -3.3922555e-02  -9.8176400e-02  -4.1974668e-01   6.9036591e-01  -3.9470318e-02   3.8717832e-01  -9.1537955e-02  -1.4359415e-01  -2.7140756e-01  -3.2243343e-02  -6.6578574e-02  -2.8939782e-01   4.5124086e-01   5.3965453e-02   5.6976773e-01   2.1038787e-01   4.5831868e-02   3.2924056e-01  -2.5571000e-01  -3.9322929e-01   5.2259047e-01  -1.1317806e-01   1.9508505e-01  -4.5506951e-01  -1.6973621e-01   1.4575189e-01  -1.5022664e-01  -6.0798498e-02  -5.0411825e-02   7.2010816e-02  -2.1507979e-01   3.3286686e-01   9.6189510e-02   4.2687499e-03  -5.1897319e-03   7.1984052e-01   1.8051953e-01  -1.9183331e-01  -2.3070906e-01   1.0403972e-02  -2.5051551e-01   3.2619592e-01  -2.4825389e-02   8.7518869e-02  -1.4947338e-01  -2.2045056e-01  -1.5166171e-01  -9.1110596e-02   2.0300625e-01  -2.7708726e-01   2.4789594e-01   1.3526189e-01  -7.3101873e-02  -2.2472983e-01  -2.3546888e-01  -2.1101512e-02  -6.9086109e-02  -2.0342492e-01  -3.9545929e-01  -1.7776157e-01   1.2119206e-01  -3.2022047e-01   1.3432686e-01   2.3043204e-01  -1.7353267e-01  -2.8989657e-01   4.7117310e-02   3.1664871e-02   2.9533503e-01   5.0136903e-01  -1.3352373e-02   4.4383168e-01  -7.5676862e-02   1.1797499e-01   4.0451204e-01  -3.0838487e-01  -4.0253417e-01  -2.5365355e-01   1.3235608e-02   1.5782913e-01   1.3037594e-02   1.4395650e-01  -1.5405143e-01   1.2048142e-01   1.2600729e-01  -1.7942420e-01  -1.1689193e-01   1.8591016e-01   2.7060600e-02   3.2093391e-02  -1.7986124e-01   2.4010311e-01  -3.3291850e-01   5.7544592e-02  -1.7199752e-06  -4.0699891e-02   3.3399592e-01  -3.9361511e-01  -2.2026671e-01  -1.1328375e-01  -1.9798268e-02   5.8210875e-01  -1.8047424e-01   1.7767646e-01   4.4059579e-02  -2.9952838e-01  -3.0390650e-01   1.2816995e-01  -1.3693559e-01  -6.4078774e-02  -1.1770047e-01  -2.4388856e-01   7.5737255e-03   2.6904581e-02   2.3288572e-01   5.2106588e-02   1.6233098e-01   2.5608248e-01   5.6235535e-01   4.0497168e-02  -9.5011445e-02  -2.9398077e-02  -3.1315357e-01   1.5808668e-02  -1.5828499e-01  -1.6117930e-01  -1.4052638e-01   1.8719381e-02  -3.6412788e-01   4.8408588e-02  -2.6214193e-01  -2.5012629e-01   5.1086622e-01   8.7197158e-02  -2.7427774e-01  -1.5269344e-01   4.5320931e-01   8.1498277e-02  -3.6294719e-01  -3.7992572e-01   7.1575405e-02  -1.1230282e-01   6.0546992e-02   2.1325750e-02  -1.5180102e-01  -2.3620772e-01  -3.2770460e-02
   1.2970890e-02  -5.9308230e-01  -4.6113732e-01   4.0187165e-01   2.1953281e-01   4.6161453e-01   3.2527014e-01  -7.8796508e-02  -1.8435595e-01   1.7858031e-01   0.0000000e+00  -4.7874420e-01   4.5709017e-02   2.1328660e-01   1.9607698e-01   2.3164768e-01  -5.8044396e-01   8.1045695e-01   3.9530631e-02   6.5097728e-02   4.0303503e-01   3.8465184e-01   3.5997785e-01   7.1048375e-02  -1.5805306e-01  -1.8767648e-01  -8.9403912e-02   3.0479748e-01  -2.4477339e-01   4.8754939e-01  -4.5087139e-02   4.6753134e-01  -1.3648605e-01  -3.8483922e-02  -5.4494335e-01   6.1762035e-01  -6.3722695e-02  -3.4380239e-01   1.3486511e-01  -4.3666009e-01   3.0873369e-01  -3.1915276e-01   9.7180178e-02   3.0476614e-01   2.7549311e-01  -2.3053006e-02   7.0544975e-01   1.9726615e-01   9.9699346e-02  -6.3434734e-01   7.8666769e-01   3.8983516e-02  -2.5031676e-01  -3.2713170e-01  -1.8194328e-01   3.2321386e-01  -1.8185349e-03   1.6152745e-01   4.6551192e-01  -1.3872151e-01  -4.8192647e-01   2.3706955e-01  -2.7641342e-01  -1.2244413e-01  -1.4268743e-01   5.5194962e-01   4.5892319e-01  -4.2269159e-02   3.9335227e-01  -1.0518226e-01  -5.7963549e-01   5.9108949e-01   6.3723059e-02   1.1304103e-01  -2.8321635e-01   4.1730614e-03  -4.2987906e-01   9.0283228e-02   8.7592907e-02  -1.4108618e-01   3.4562451e-01   1.2264812e-01  -1.1034196e-01  -1.4535886e-01  -1.4921595e-01   3.1654139e-01  -3.5551942e-01  -6.1885838e-02  -5.6543033e-01  -1.4145392e-02   1.5999843e-02  -4.4028015e-01   3.1250578e-01   1.3355105e-02  -3.6750518e-01  -3.0590367e-01   2.9010883e-01   1.8195353e-01   4.7343696e-01  -1.8074195e-01   1.1896650e-01   2.2449635e-02   2.1157652e-01  -3.7098733e-02   6.3883927e-01   1.2359718e-01  -3.2752374e-01   3.6391832e-01  -3.2884114e-01   7.6210981e-01  -1.8704894e-01   5.7546571e-01   2.7952547e-01   3.2570800e-01   5.5315805e-02  -3.7178331e-01   2.4288580e-01   1.0522062e-01   3.7565042e-01   4.7403765e-01   2.2846604e-01   1.7602026e-01  -5.5756325e-01   1.9197786e-01   9.8381356e-02   1.5548411e-01   5.1209689e-01  -3.0901160e-01   2.4192595e-01  -1.2601163e-01   1.8262496e-01   5.7060722e-01  -2.7749993e-01   1.6999439e-02   3.0351897e-01  -2.1864613e-01  -2.3557781e-01   2.5089955e-01   1.8267412e-01   1.5452434e-01   2.3359887e-01   4.8054031e-02   5.2714824e-01   3.6957432e-01   5.1545924e-02   1.3633315e-01  -4.3464670e-01   7.0733911e-01   6.8092853e-01  -2.0940647e-01   1.1490434e-01   2.2264667e-01  -1.8642957e-01   5.1357004e-01  -3.5781560e-01   5.4010763e-02   2.3203400e-01   2.9651534e-01  -4.1403564e-01   2.9712460e-01  -3.5278828e-01   1.1340273e-03   4.7645541e-01   6.7965173e-01  -1.2167331e-02  -6.3102433e-01   3.0723052e-01   1.1225195e-01  -1.1943307e-01  -1.9646234e-01  -5.1593655e-01   2.5443114e-01   5.0795085e-01   4.0550029e-01  -9.8149729e-02  -7.1798779e-02   2.1453280e-01
  -4.8378137e-02   5.3904731e-01   7.8066735e-01  -5.5240756e-01  -7.8236638e-02  -2.2110448e-01  -2.5792460e-01  -4.1333686e-02  -1.5511356e-01  -7.8008952e-02  -4.7874420e-01   0.0000000e+00  -1.1988749e-01  -3.2323182e-01  -2.9431654e-03   1.3199537e-02   6.8071256e-01  -5.6355704e-01  -6.5495478e-02   6.5813747e-02  -5.8068313e-01  -5.3255063e-01  -5.1739152e-01  -7.6380192e-02   6.7777202e-02  -6.4981833e-02   8.1829094e-02  -1.5258176e-01   4.3583759e-01  -4.5271010e-01  -1.3015101e-01  -4.6471470e-01   3.9048671e-02   1.6348286e-01   4.3703474e-01  -4.0276242e-01  -2.8433819e-01   1.3847389e-01  -2.7228757e-01   4.9693570e-01  -3.0575699e-01   2.3898482e-01   3.6023882e-02  -1.0206445e-01  -2.5127589e-01   2.2096830e-01  -4.2375056e-01  -3.6999051e-01  -3.6972011e-01   7.0827399e-01  -4.9968658e-01  -5.0980259e-02   1.3710623e-01   4.4493140e-01   1.5054180e-01  -4.4390133e-02  -1.7710309e-01  -4.4695252e-01  -4.3706761e-01   5.2150943e-01   3.5660852e-01  -2.8500845e-01   3.3439612e-01  -1.8669351e-01  -1.9083564e-01  -2.2401343e-01  -2.7874954e-01   1.9357889e-01  -2.7850335e-01   5.4961916e-01   4.9184885e-01  -6.0259024e-01  -5.4488279e-02  -7.0832733e-02   3.9743563e-01  -9.2678986e-02   1.4880230e-01   8.7339152e-02  -3.8402482e-02  -9.0044116e-02  -2.9381414e-01   7.5928466e-02   1.0439592e-01  -6.7689929e-02   9.3004423e-02  -3.5816608e-01   2.0491867e-02   1.0840862e-01   5.3490280e-01  -1.6558070e-01   5.1009082e-02   5.3736030e-01   1.9397212e-01  -2.9297660e-01   1.3552935e-01   3.9670933e-01  -3.1257849e-01  -2.4025370e-01  -2.7374031e-01  -6.7577117e-02  -1.4208877e-01   3.4806466e-01  -2.0252140e-01   9.3774790e-02  -5.9813052e-01  -2.5683925e-01   4.0690137e-01  -2.4616285e-01  -2.0016762e-01  -3.9012635e-01   5.8322774e-01  -4.2580222e-01  -3.9129213e-01  -2.3713818e-01   9.6402701e-02   2.0221980e-01  -2.2270859e-02   6.0751362e-02  -1.6606027e-01  -6.0686587e-01  -2.0175524e-01   2.9563152e-02   6.9865702e-01  -4.9199006e-01  -2.8620470e-01   2.5778789e-02  -4.6220061e-01   3.7692996e-01  -3.1215102e-01   5.3160160e-01  -1.6423339e-01  -3.0696085e-01   3.3905477e-01  -1.9061424e-01  -2.7184060e-01  -1.7220650e-01   3.4246326e-01  -3.7485453e-01  -3.5034404e-01   4.3827138e-02  -6.4137230e-02  -1.3160408e-01  -3.4081202e-01  -7.1705499e-02  -2.7125060e-01  -5.5857356e-01   6.3623431e-01  -3.5075142e-01  -4.0794545e-01  -2.1373028e-01  -3.2708526e-02  -6.5015833e-02   2.2034104e-01  -4.0817756e-01   7.4155164e-01  -6.5944633e-02  -1.9498071e-01  -1.5784937e-01   4.5852829e-01  -2.5576973e-01   2.5822825e-01  -2.5150152e-01  -3.9527828e-01  -7.2270292e-01  -2.0224846e-01   4.6460087e-01   1.5575249e-02  -2.7928626e-01   1.3266986e-01   3.2753831e-01   5.0098575e-01  -3.0429879e-01  -5.3022384e-01  -2.3086603e-01   3.9530117e-02   9.6467683e-02  -3.7487007e-01
  -2.9709233e-02  -1.8214429e-01  -4.5945177e-02   1.4537794e-01   2.6226077e-01   4.0539832e-02  -1.6120198e-01   2.9838855e-02  -1.4142326e-01  -3.4949695e-02   4.5709017e-02  -1.1988749e-01   0.0000000e+00  -2.2686289e-01  -6.6619011e-02   3.0071616e-02   9.9342427e-02   5.7088012e-02   8.6856322e-02   3.6399524e-01  -5.4005132e-02   1.7298306e-01  -6.1043755e-02   1.2693386e-02   1.2278912e-01   2.7644675e-01   9.9680030e-02  -1.2394555e-01   1.2784177e-01  -1.6415098e-01  -1.6371311e-01   2.9982702e-02   9.9413360e-02  -3.8320537e-02  -2.6859447e-01   1.5790128e-01  -3.0647748e-02   2.6720135e-01   1.0511933e-01   1.1434850e-01   6.4332762e-01   1.4672621e-01  -3.5131231e-02  -2.1859432e-01  -6.7095478e-02  -4.3133130e-02   1.9858871e-01  -2.6430812e-01   2.3729378e-01   8.5473465e-02   9.0861177e-02   5.9086363e-03  -1.9808741e-01   6.1723127e-02  -3.9310931e-02  -2.0195144e-01   4.1002137e-02   1.9388055e-01   1.6346882e-01  -8.4870319e-02   1.1912945e-01   1.1523577e-01  -1.6699918e-01  -1.8958059e-01  -1.3879649e-01  -6.2888550e-02   9.8754261e-02  -1.6627068e-02   6.9630434e-02  -7.4132232e-02  -9.6684362e-02   2.8591829e-03   2.7703612e-01  -1.2212353e-01   2.3556501e-01  -6.0957940e-02   3.3084725e-02  -2.2333916e-02   6.8447472e-02   2.6859269e-01  -2.5688404e-01   1.2887387e-01  -2.2662075e-01  -5.3036740e-02  -1.1274407e-01  -1.3535248e-01  -3.6520249e-01  -4.4371887e-02  -6.6936718e-02   8.3613583e-02   8.5359572e-02   9.4056747e-02   1.0937026e-01  -1.9146447e-03   8.6133099e-02   3.5692297e-01   2.9019095e-01   1.4864230e-01   1.7528556e-01  -5.5756318e-03  -1.6290335e-01  -4.1339191e-02  -2.2475741e-01  -2.5806370e-01  -3.9055417e-02   3.3901609e-02   3.5580324e-02   9.6537474e-02  -5.9429795e-02   8.5031412e-03   5.8589238e-02  -7.2882983e-02   1.3625957e-01   8.1146406e-02  -2.6613319e-01   2.9213121e-02  -1.4029080e-01   3.8018195e-01  -4.3361539e-02   1.1703472e-01   5.8417179e-02   1.7630655e-01   1.2380495e-01  -9.8538118e-02   1.1421104e-01  -2.0633205e-01  -1.2212044e-01   9.7723118e-03   7.9612193e-02  -3.7955377e-02   3.6720144e-01   5.0730066e-02  -9.8864437e-02  -8.9567189e-02   1.5191938e-01   7.4640742e-02   2.2210721e-01  -3.7591970e-01   9.6784525e-02  -3.1682102e-02  -5.9702879e-02   5.2344627e-01   4.5061683e-02  -3.8954810e-02  -1.9823013e-01  -1.2791413e-01  -1.6036908e-01   6.2961074e-02   1.7289969e-02  -4.2808181e-02  -1.4184353e-01  -2.7808560e-01  -9.9580306e-02   1.6130583e-01   9.7711466e-03   5.8211099e-03  -6.6931956e-02   2.1270828e-01   2.0483724e-01  -1.9988161e-01  -1.1584015e-02   8.5942787e-02  -7.0491957e-02  -6.6483533e-02   2.0780020e-01   6.3040133e-02  -1.5837327e-01   2.1030714e-01   4.3222957e-03   1.7982860e-01  -7.2603476e-02   2.0495630e-02   2.1036917e-02   1.1201621e-01  -6.4501342e-02   1.7138956e-01   2.9499365e-01
  -1.3357021e-01  -4.2879103e-01  -2.2854467e-01   4.7649819e-01  -2.4567501e-01   3.3136359e-01   2.1041528e-01  -1.0344796e-01  -4.1206654e-01  -7.4016529e-02   2.1328660e-01  -3.2323182e-01  -2.2686289e-01   0.0000000e+00   1.0901714e-01   1.7613943e-01  -3.7570732e-01   3.7421859e-01  -1.4415928e-01  -2.6188101e-01   5.6838163e-01   4.8367967e-01   4.0807634e-01  -5.9509279e-02   2.1122838e-01  -3.0363939e-01  -1.5540269e-01   3.7869840e-01  -2.8551533e-01   4.8884542e-01   3.5524040e-01   2.6284424e-01   1.5869906e-02  -1.6551269e-01  -2.0273847e-01   1.2811428e-02   3.2729248e-02  -2.0460721e-01   8.7535502e-02  -3.2855894e-01  -2.0275279e-01  -1.6514735e-01  -1.3065246e-01   4.4530113e-01  -6.1261956e-02  -1.8545253e-01   3.0541762e-01   3.9354707e-01   1.5454171e-01  -3.9576999e-01   2.5020617e-01   2.3194481e-03  -3.5610609e-01  -1.6274457e-01   2.3914978e-01   2.7079164e-01   1.3308990e-01   9.5591302e-02   1.0282471e-01  -7.2849261e-02  -2.7460013e-01   2.0589780e-01  -3.8724019e-01   1.1523032e-01  -2.1120472e-01   5.2497970e-02   3.2332967e-01  -3.3722902e-02   3.6728145e-01   1.7444442e-02  -2.8415905e-01   2.3145109e-01  -3.3839611e-01   3.0063232e-01  -1.7620085e-01   1.6974659e-02  -1.2000457e-01   7.6561181e-02  -2.9064703e-01  -4.5710888e-02   6.3212924e-01  -2.6188937e-01   1.5940116e-01  -2.0445201e-01   1.9541579e-01   2.1879709e-01  -5.1949365e-02   2.5804233e-01  -3.7274996e-01  -2.2987135e-01  -2.9569600e-01  -3.0126236e-01  -6.0562711e-02  -6.4414893e-02  -1.3859464e-01  -4.8816890e-01   1.9672066e-01  -1.0922237e-01  -2.1506106e-02  -2.3044863e-01   5.5401273e-01  -9.2251284e-02   7.2116231e-01  -3.6273386e-02   2.5184928e-01   2.3025383e-01  -5.6391803e-02   1.7638312e-01   4.3358165e-02   3.1631492e-01  -2.1983653e-01   5.7872904e-01   1.8161183e-01  -1.3754696e-01   3.0718042e-01  -4.6384783e-01   3.2031736e-01  -3.8651301e-01   4.2692376e-01   4.6049169e-01  -4.6933054e-02  -2.3963234e-01  -3.8827279e-01  -1.0113721e-01  -1.4021299e-01   4.9575871e-01   1.9363228e-01  -1.9535764e-01   1.8321474e-01   2.3030762e-02  -6.9478506e-02  -4.6641925e-02   1.6467708e-01   3.0141051e-03  -5.2504566e-02  -4.4259069e-02  -2.4956424e-01   6.6721910e-01  -2.5744079e-02  -1.0602032e-01  -1.2694619e-01  -5.5296876e-02   5.1852932e-02   4.8164487e-01   1.2837236e-01   1.7447604e-01  -1.7111302e-01   1.1016826e-01   2.0640323e-01  -2.5198650e-01   4.4308795e-01   5.8850355e-01  -1.5567396e-01  -5.8839837e-02  -1.5236287e-01  -4.4906410e-02  -8.6818016e-02  -1.5190376e-01  -3.3724302e-01   6.1911136e-01  -2.9414088e-01  -8.1881125e-02  -2.0156369e-02   4.6722065e-01   1.2008883e-02  -3.5017654e-01  -1.0479661e-01   8.5367531e-02  -6.1125957e-02  -6.5888851e-02  -3.6607713e-01   5.8192605e-02  -1.6347356e-02   4.1260602e-01   2.2516626e-01  -2.2039496e-01   2.2166753e-01
