   0.0000000e+00  -1.8661172e-01  -3.3802135e-01  -3.2220050e-02  -1.1148028e-01  -4.2021898e-01  -1.8311597e-01   3.3089062e-01   1.2205262e-01   1.3572995e-01  -9.7075781e-02  -4.0925285e-01  -1.8397326e-01   7.6743923e-01  -2.7890121e-01  -5.1808736e-01  -3.1588632e-01   3.5842343e-02   4.0270946e-01  -8.4835320e-02  -1.5451379e-01   5.8899523e-02  -2.4521093e-01   7.5143940e-01  -2.1642869e-01   2.4466067e-01  -2.0193978e-01   4.3602789e-01  -1.7024559e-01  -1.0246680e-01  -1.1891031e-01   1.2358108e-01  -3.1672957e-01  -1.7703810e-01  -1.5220410e-01  -2.1045184e-01   1.6681672e-01   5.8839012e-01  -4.6401702e-01  -3.3490502e-01  -6.7700722e-02  -3.3070906e-01   1.8560785e-01  -1.7730680e-01  -4.1852680e-02   7.4296740e-01  -2.0639486e-01  -3.3683180e-01  -7.6900415e-02  -1.3684443e-01  -9.4166705e-02   2.1165946e-01   3.4587279e-02  -1.9364395e-01   1.0597874e-02  -2.1323645e-01   2.2697965e-01   2.9535689e-01   7.5919651e-02  -4.1715091e-02   3.2847386e-01  -8.8369280e-02  -1.7216948e-01   1.6075456e-02   1.9200832e-01   1.5373934e-01  -2.2881045e-01  -2.8361623e-01  -2.2799749e-01  -1.9315628e-01  -2.5276469e-01   2.8435692e-02  -2.1688871e-01   6.2525210e-01  -1.6720436e-01   2.3474833e-01   3.2938536e-01   5.0973610e-03  -1.9374645e-02  -1.1744970e-02  -1.0459827e-01  -3.0089508e-01  -3.3993083e-01   1.0903724e-01   1.3561616e-02   2.3398830e-01  -4.4747030e-01   4.9993906e-01  -1.2798211e-01   8.2835308e-01   1.0517896e-01   1.9525412e-01  -3.1986077e-01   4.4087345e-01   7.0517526e-01  -1.4513839e-01  -1.3063366e-01   2.7491803e-01  -1.6851463e-01  -2.5053459e-02   4.0725547e-02  -1.4626798e-01  -1.9272784e-01  -3.7850783e-01   1.3425037e-01   2.6758753e-01  -1.9262090e-01   1.6466271e-02   1.4926600e-01  -2.2402025e-01  -2.7437775e-01  -2.4061564e-01   8.0093785e-02   8.9490900e-01   4.4867269e-01  -3.1858776e-02   7.2604110e-02  -1.7548797e-01  -2.4456363e-01  -5.9507365e-02   5.3591511e-01  -1.4227565e-01  -2.2589110e-01   3.8056465e-02   6.3743639e-01   5.8677976e-01  -1.1957947e-01  -1.9571602e-01   2.4745171e-01  -4.1393513e-01  -4.4937031e-01  -2.2643532e-01  -1.1095211e-01  -1.6305136e-01   2.2387503e-01   3.0017932e-01  -2.8911501e-01   7.5751353e-02   1.8275593e-01   7.6861327e-01   6.5779690e-01  -4.7362720e-02  -2.1884013e-02  -5.0900668e-01  -9.0146588e-02   1.4900112e-01  -3.0333678e-01   1.0649652e-01  -2.3661029e-01  -1.1838633e-01   7.3269544e-01   2.2839232e-01   5.3326062e-01   8.7148719e-02  -3.9340802e-01   5.5875227e-01   4.9566047e-01  -9.2650045e-03   3.1797671e-01  -5.4502644e-02  -2.9465599e-01  -2.5194709e-02  -8.1921648e-02   4.9623422e-02   1.5683543e-01  -2.5586080e-01  -2.4149118e-01   5.2724714e-02   6.1532843e-01  -2.4110481e-01  -5.1378039e-02   5.4928437e-01   1.1133589e-01  -4.2068530e-01  -1.7766667e-01  -4.4830640e-01   1.7434460e-01
  -1.8661172e-01   0.0000000e+00   2.9658627e-01  -8.7747752e-02   4.2051814e-01  -2.2928601e-01  -1.8149373e-01  -3.7764610e-01   3.1589046e-01  -2.0522916e-01   1.3412577e-02   6.7765749e-01  -5.0854104e-02  -2.5488689e-01  -2.3808908e-01   9.6796541e-02   2.8882272e-01  -3.3296951e-01  -1.8357527e-01   3.7978685e-01  -1.5250402e-01  -4.1937690e-02  -3.4822995e-01  -3.8530473e-01   8.0142587e-02  -1.4604729e-01   3.0832212e-01  -2.2032229e-01   1.7467758e-01   2.9226946e-01  -5.7786226e-02  -5.3897464e-02  -4.9546374e-02   2.3184711e-02   1.9900472e-01   2.2957764e-01   2.2085109e-01  -3.2135603e-02   1.4048818e-01   3.5893654e-01   1.5591362e-01  -2.2590526e-02   1.1468804e-01  -2.7532288e-01  -6.8861478e-02  -2.7594800e-01  -5.9160128e-02   6.7419158e-02   3.3142218e-01   1.6089573e-01  -3.3915874e-01  -2.9048817e-01   6.3926133e-01   1.0888492e-01  -2.8875780e-01  -3.2557006e-01  -1.1526878e-02  -4.5348126e-02  -6.4075041e-02   1.4250572e-01  -1.3814639e-03  -1.4533792e-01   2.6663156e-01   2.0899189e-02   2.2504917e-01  -2.6510370e-01  -2.8438520e-01   8.6496450e-02  -7.1134917e-02  -3.9499408e-03   5.3790662e-01  -1.6892718e-01   3.7721004e-01  -1.3502388e-01   6.3941320e-04  -1.5566595e-01  -9.4560234e-02   3.6211782e-02   5.8015085e-01   1.9837517e-01  -2.6354897e-01   2.1465166e-01  -2.1173890e-01  -3.5284034e-01   5.0855045e-02  -7.6451672e-02  -7.2113770e-02  -1.7147309e-01   3.8581265e-01  -2.6903473e-01   5.2640274e-01  -7.3082042e-02   4.3793041e-01  -3.0961980e-02  -9.9503486e-04   4.6119964e-01   3.8839882e-02   6.7250280e-03   1.2581074e-01  -9.1761466e-02  -1.9746574e-01  -2.0014725e-01  -4.0045572e-01   3.6751998e-02  -3.3087827e-01  -7.5173366e-02   7.4276498e-02  -1.9920153e-01   5.8885026e-03  -4.5404252e-02   1.7095298e-01  -1.2385827e-01  -4.3533434e-02  -3.3494368e-01  -2.8277874e-01   6.5302856e-01  -1.8211854e-02   3.2234936e-01  -1.8547293e-01  -7.8405949e-02  -3.2531168e-01   5.1940102e-01   2.7579635e-01   3.2230779e-02  -1.0537675e-01  -2.9887130e-01  -8.3138345e-02   1.4934234e-01  -1.0738216e-01   2.5092121e-01   2.9171583e-01   6.5944538e-02   2.4938946e-01   3.4251032e-01  -1.8066518e-01  -2.0877737e-01   1.6946701e-01  -2.8062552e-01  -3.2170460e-01  -2.2696360e-01  -1.9829217e-01   4.8941120e-02  -2.6955850e-01  -5.5500848e-02  -1.2171621e-01  -1.6614106e-01   1.9457641e-01  -4.2934859e-02  -3.5017302e-01   1.5541753e-01  -2.6377447e-01  -2.3601012e-01  -2.1986506e-01   3.4311364e-01   4.4774655e-01  -3.3637402e-01  -2.7104649e-01   1.1329243e-01  -2.0483161e-01  -3.7190625e-01  -1.6261299e-02  -1.1667631e-01  -1.6020681e-01  -3.5952142e-01   1.2493572e-01   2.4905973e-01   2.1426894e-01  -1.4879744e-01  -1.3543919e-01   3.8223332e-01   4.3116091e-01  -1.2414735e-01  -1.8978772e-01  -8.9457674e-02  -1.3054264e-01   1.5993815e-01   5.0437211e-02
  -3.3802135e-01   2.9658627e-01   0.0000000e+00  -8.5286754e-02   4.9055146e-02   3.2717753e-01  -2.3976906e-01  -1.0882141e-01  -2.9899167e-01  -3.6459462e-01  -2.8552710e-01   5.8780049e-01   2.6523729e-03  -2.8303216e-01  -5.4080968e-02   3.6234560e-01   9.4886314e-01  -3.9436553e-01   8.2532478e-03   3.3475155e-01  -4.1035060e-01  -1.0822623e-01  -1.6370200e-01  -2.1661748e-01   2.4182905e-01  -4.1724125e-02   1.0154528e-01  -2.7095938e-01   8.8312766e-02  -2.9108466e-01  -4.8749769e-02  -3.3397843e-02   3.8678874e-01  -4.9527152e-01   2.6974135e-01  -4.1973645e-02  -5.2646606e-01  -6.1508192e-02   3.2626615e-01   4.6743257e-01  -7.5300008e-02   3.5760528e-01  -3.2450322e-01  -1.3373814e-01  -4.2270419e-01  -1.6480995e-01  -7.7899219e-02  -1.7558780e-01  -4.5704082e-02   5.5644025e-01  -3.5492454e-01  -1.2276667e-01  -2.3230228e-01   3.8651213e-01   4.1728104e-02  -5.4300925e-02  -7.2643711e-02  -1.9793099e-01  -1.7534691e-01   6.2308229e-02   3.3881059e-01  -2.0998302e-01   1.2907153e-01  -2.8045779e-01  -5.5961836e-01  -4.0209698e-01   2.1797447e-01   1.1885295e-01   4.2401866e-02   6.9469933e-01   3.8587653e-01  -1.8199202e-01  -6.7236120e-02  -4.5808748e-02   2.6268632e-01  -1.0709968e-01   1.3755370e-01  -1.2783639e-02  -1.1704019e-02   2.1076141e-01  -1.7812914e-01   2.8614199e-02   1.4701610e-02   2.5488815e-02   5.1856090e-01  -1.2890359e-03   5.5211123e-02  -2.1773555e-01   3.7641619e-01  -2.2029105e-01   1.2422901e-04   3.6566666e-01   4.9503104e-01  -3.6311202e-01  -9.3556427e-02   3.6262322e-01   2.2151083e-01   1.0238150e-03  -1.8669339e-02  -6.0102997e-01   3.6152708e-01  -3.2043386e-01  -4.4105944e-02   1.6284698e-01  -2.1204461e-01  -1.2644626e-01   4.9547501e-01  -5.0152704e-02  -3.9847388e-01   2.7285898e-02   8.8343754e-02   2.0615664e-01  -1.3596344e-01  -3.1735329e-01  -9.4272161e-02   1.4567284e-01   1.3718685e-02  -6.8057013e-02   3.0725419e-01  -9.1170470e-02  -1.8720362e-01   5.5085518e-01   6.4246006e-01  -4.2508324e-01  -9.0614599e-02  -8.8744818e-02  -4.5877304e-01   2.8973764e-01  -2.0611600e-01   7.6941927e-01   1.5830127e-01  -4.5067853e-01   4.1367805e-01  -2.4112148e-01  -2.6559468e-01  -9.3170136e-02   4.2784018e-01  -1.7882647e-01  -1.3736351e-01  -2.2694800e-01  -2.2843822e-01  -5.7882309e-02  -8.6780994e-02   5.5667460e-01  -4.0447820e-01  -1.0448459e-01   5.3111091e-01  -2.5271611e-01  -9.3822996e-02  -3.4564972e-01  -1.6167784e-01  -1.1247671e-01  -1.4480829e-01  -2.2002980e-01   7.5567725e-01  -1.4550475e-01  -1.6997302e-01  -6.6133220e-02   1.4053032e-01  -3.2174529e-01   1.4196330e-01  -6.9618024e-02  -1.9649122e-01  -2.2377531e-01   8.3056879e-02  -1.0028335e-01  -1.2982639e-01  -1.8814169e-02  -1.1913696e-01   4.3662606e-02  -3.0589611e-02  -6.5524503e-02  -2.1441217e-01   4.3302012e-01   1.6275196e-01   4.0956391e-01  -7.8678130e-02
  -3.2220050e-02  -8.7747752e-02  -8.5286754e-02   0.0000000e+00   1.1460978e-01   7.2745981e-02  -1.2518306e-01   1.8744496e-01   3.3733272e-01  -3.1132168e-01  -1.3956494e-01  -1.2360126e-01  -8.6895138e-02   1.0779285e-01  -1.5065320e-01   1.6799385e-01  -1.4547358e-01   3.3298065e-01   2.3628950e-01   2.7183505e-01  -1.0983867e-02   4.1358506e-01   2.5839520e-02  -1.5427564e-03   1.9494878e-01   4.1874937e-01  -1.5284772e-01   1.0395154e-01   1.0863210e-01  -1.2168189e-01  -3.0180803e-01   5.8396121e-01   3.6386584e-01  -1.9552256e-01   8.6242145e-02  -8.5933646e-02  -8.9617456e-02   1.4796746e-02   2.2684601e-01  -2.5643842e-01   1.9708129e-01   2.7640267e-01   2.7214983e-01   1.9947379e-01   1.5963243e-01  -5.9540107e-03  -4.9895686e-02  -2.9402579e-01   9.7259053e-02  -1.8668768e-01   1.1899521e-01   4.0293314e-01  -2.2573108e-01   3.8475368e-01   4.0260647e-02   1.1260089e-01   3.9061369e-01   5.1177295e-01   4.8082564e-01   2.0979760e-01   1.6332858e-01   6.2778011e-02   3.2124328e-01  -4.9224030e-02   1.2861854e-01  -3.4542752e-01   3.4703065e-01   5.3961881e-01  -7.7924463e-03  -2.1749871e-01  -3.0536741e-01   6.4567512e-01   8.1359722e-02   4.9316968e-02   2.0108208e-01   9.0280165e-02   1.0850474e-02   2.9890369e-01   8.3722742e-02   2.8761231e-01   1.9782187e-01  -1.1206281e-01  -4.2038547e-02   4.2962269e-01  -2.3697922e-01   7.8589083e-02   1.7769757e-01   3.8201690e-02   2.4701938e-01   8.4785953e-03  -1.2688511e-01   2.1637921e-01  -2.0369241e-01   3.6824331e-01   5.7986377e-02  -1.8516505e-01   5.8202241e-01   2.6559183e-01   3.9461854e-01   6.9696014e-02  -2.9602249e-01   2.2270087e-01   1.4012782e-01   2.9273121e-01   5.8212680e-01   5.7133853e-01   3.6276184e-01   3.1101943e-01  -3.3489754e-02  -2.6297402e-01  -1.8417308e-01   9.9309163e-02   5.4654625e-01  -2.8403625e-02  -2.1612988e-01  -1.7601631e-01   3.8112722e-01  -3.1298190e-02   1.5634299e-02   7.5627903e-01   1.3406364e-01   3.9496584e-03  -7.8016715e-02   3.9265941e-01  -4.1795978e-02   7.8505973e-02   1.4373080e-02   2.1724204e-01   5.1956746e-01  -2.5045813e-01   1.8270131e-01  -4.9162167e-02   6.5744686e-02  -2.7409709e-01   6.1238212e-01   1.2487664e-01   3.8206097e-01  -9.0036154e-02   2.3227080e-01   1.6171379e-01  -2.7362454e-02  -4.2498805e-02   1.4861820e-02  -5.9562026e-02  -1.6980164e-01   2.2688741e-01  -1.7245553e-01  -1.9052271e-01  -2.3026353e-01   9.7698898e-02  -1.6089668e-01   1.1769215e-01   2.5964530e-01   4.1231797e-02  -1.5449144e-01   2.2956809e-01   1.6349939e-02   2.7306456e-01   1.4689798e-01   5.2344067e-02   5.0860894e-01   1.1065542e-03  -3.6856951e-01   6.0943265e-01   3.9755710e-01  -9.6853618e-02  -5.4854012e-03   1.5637364e-01   2.7759444e-01  -2.6890970e-01  -2.5544286e-01   1.0357945e-01   5.6482716e-01  -3.3218785e-02   3.2542568e-01   1.5061468e-01   3.2602667e-01
  -1.1148028e-01   4.2051814e-01   4.9055146e-02   1.1460978e-01   0.0000000e+00  -1.5704318e-01  -2.2895801e-01  -3.2410959e-01   1.9230074e-01   4.8802235e-02   5.0207339e-02   2.9445604e-01   2.1570668e-01  -5.3231850e-02  -1.4723591e-01   1.8890711e-01  -1.1825651e-02   1.6511933e-01  -1.5005256e-01   6.0914832e-01  -5.4226272e-02   1.1699680e-01  -2.0711488e-01  -1.7545690e-01   7.0891257e-02  -9.6408706e-02   4.3209604e-01   9.3611531e-04  -1.2622158e-01   2.5743367e-01  -2.1344660e-01  -1.3413573e-01   3.0900696e-02   5.8505079e-02   1.0881119e-02   6.3007714e-01   6.2455539e-02  -1.2313974e-01   2.4417974e-01   1.1399060e-01   3.3318059e-01  -1.1575177e-01   1.7620632e-01  -2.1890058e-01   3.8194187e-01  -2.9813083e-01   3.2085940e-01  -8.0555595e-02   3.6851725e-01  -2.4180227e-02   1.1287503e-01  -1.5971155e-01   2.3499025e-01   8.1932184e-02  -6.9420701e-02  -3.1579783e-01  -2.0618175e-02  -6.3426682e-02   2.7122528e-02   2.3029186e-01  -1.6979419e-01   9.9805097e-02   3.7696832e-01  -2.1878494e-01   3.3305735e-01   1.2447901e-01  -4.3769305e-02   2.5414252e-01   8.0325085e-02  -2.3267261e-01  -6.3304314e-02   1.6522921e-01   3.6883657e-01  -8.2171606e-02   2.5294565e-01  -2.6490296e-01  -2.1614551e-01  -1.5819031e-02   7.3690565e-01   2.8731625e-01  -1.9141762e-01   3.1282305e-01  -2.2343154e-01  -2.7276012e-01  -1.6782028e-01  -2.2993442e-01  -1.1786045e-01  -1.8072484e-02   2.7943369e-01  -1.7223206e-01   6.6340050e-01  -1.8090926e-01   2.0756876e-01  -1.7300367e-03  -7.4382728e-02   5.0931916e-01   2.6636588e-01  -1.9582552e-01   3.4216898e-01   1.0843770e-01  -3.6872414e-01   6.7844829e-03  -3.1064080e-01   1.4393000e-01  -1.3294464e-01  -1.4846307e-03  -3.0600757e-03  -1.8354661e-01   1.7441866e-01   4.3958309e-02   6.5535446e-02   3.6560668e-02   1.2164576e-01  -2.9408893e-01  -2.2800421e-01   3.8383543e-01  -1.3760436e-01   3.9929526e-01   2.4880866e-03   1.1569848e-01  -2.4567088e-01   5.7308949e-01   1.4572619e-01   1.4688074e-01  -2.5930386e-01  -1.9731242e-01   1.7633181e-01   1.2206969e-01  -1.3920327e-02  -1.6995590e-02   3.6853840e-01   2.9102924e-01  -7.6501488e-02  -2.2715170e-02   6.5876009e-02  -3.3127197e-01   2.4296626e-01  -2.4065266e-01  -3.4066254e-01  -1.8815985e-01  -6.3005056e-02   2.3389577e-01  -1.2245684e-01   2.1783465e-02  -1.1700553e-01  -2.6111837e-01  -1.2838049e-01   1.9309342e-01  -1.2332342e-01  -8.5926412e-03  -1.9073074e-01  -2.4449090e-01  -2.4028384e-02   3.5665814e-01   2.1526750e-01  -2.3919382e-01  -2.6009156e-01   2.1500466e-01  -2.5674000e-01  -2.5923298e-01   1.7315305e-01  -1.5748040e-01   2.9950979e-02  -4.5778496e-02  -1.5640779e-02   3.5277263e-01   2.5237711e-01   7.3886878e-03  -4.0493784e-02   1.2638485e-01   4.2896390e-01  -6.5038766e-02   1.8012125e-01   3.7341190e-02   2.2358729e-01   9.3857825e-02  -1.2312741e-01
  -4.2021898e-01  -2.2928601e-01   3.2717753e-01   7.2745981e-02  -1.5704318e-01   0.0000000e+00   1.0729600e-01  -9.9311942e-03  -2.4032637e-01  -2.3434870e-02   7.3165494e-02   8.6530926e-02   3.0787665e-03  -3.3159320e-01   2.1724667e-01   2.1670301e-01   2.8895466e-01   1.6866212e-01   5.2695472e-02  -2.4944905e-02   1.3009344e-01   3.2723762e-01   2.4293268e-01  -3.2774064e-01   4.0478681e-02  -6.0991374e-03   2.1120001e-01  -1.8191971e-01  -1.0423134e-01  -4.3301034e-02   1.3192394e-01  -1.4927752e-01   2.3377661e-01  -1.0114027e-01   2.8880456e-01  -1.2192848e-01  -2.5070078e-01  -4.7856288e-01   1.5207359e-01   1.3865057e-01  -1.0950597e-01   9.5351085e-02  -1.3985228e-01   1.9217793e-01   9.0533489e-02  -2.8842096e-01   2.3651905e-01   2.1489897e-02  -1.3969425e-01  -6.2589492e-02   2.7583031e-01   6.0412000e-02  -4.3709734e-01   7.1679600e-02   2.2233059e-01   3.1244547e-01   1.7121893e-01  -1.2327534e-01  -1.7082621e-01   2.4197140e-01  -1.8649912e-01   8.5506090e-02   2.7991200e-02  -1.0676551e-01  -2.4304873e-01  -1.0774970e-01   7.3497037e-01   1.1346906e-01   3.7974387e-01   5.0465509e-01  -2.9863876e-02   1.5398492e-01  -5.9006287e-02   2.2930986e-02  -3.2192343e-02  -1.1764619e-01  -3.9075316e-01   7.0284788e-02  -4.4485340e-01   5.8769708e-03   8.6747718e-02   5.2046259e-02   3.2698228e-01   4.1724745e-01   1.6323796e-01  -1.9242484e-01   5.4460053e-01  -2.7002473e-01   1.2051592e-03  -3.2098810e-01  -2.9005104e-01  -1.4435648e-01  -2.9597942e-02  -2.6767767e-01  -5.0097480e-01  -8.0768984e-02   1.0852811e-01   3.1274454e-02   1.1044067e-01  -2.2727940e-01   2.0102980e-01   2.6765808e-01   2.1798713e-01   5.4719762e-01   1.4341865e-01  -1.2984446e-02   1.7825662e-01   4.2844325e-01  -2.7013249e-01   1.1044892e-01   1.4787077e-03   6.3858961e-01   1.1402517e-01  -3.8466095e-01  -3.7285534e-02  -3.4189063e-01   3.0867937e-02  -7.0196784e-02   5.9153144e-01   1.5080511e-01  -3.1591075e-01  -8.8461993e-02   3.1416276e-01  -4.3132281e-02  -4.3714878e-01  -5.8287811e-02   8.6375579e-02  -4.9033920e-02  -1.3809417e-01   4.9301659e-01   7.4006083e-02  -2.6852882e-02   4.0726516e-01  -2.1256475e-01  -4.1839540e-02  -8.3072322e-02   7.3190953e-02   1.6239022e-02  -3.7824427e-02  -4.1454012e-01  -3.5121975e-01  -1.2130572e-01   2.7626877e-01   7.3797898e-01  -1.9270738e-01  -1.2840645e-01   2.5752537e-01  -5.3161094e-02   4.2907343e-01  -8.5480784e-02  -2.2598271e-01  -3.2710551e-02  -3.2533410e-01  -3.0645560e-01   2.8854070e-01  -2.6636873e-01  -3.4742840e-01  -9.4742117e-02  -1.9508680e-01   1.1240118e-01   1.0182353e-01   1.9736339e-02   1.2537899e-01   1.7780499e-01   2.4965338e-02  -2.0390094e-01  -7.7137678e-02   3.6707471e-01  -3.8166273e-01  -1.6850297e-01  -2.2834931e-01  -3.5754199e-01   1.1155971e-01   7.8344345e-01   9.2724832e-02   4.5117487e-02   5.0222332e-02
  -1.8311597e-01  -1.8149373e-01  -2.3976906e-01  -1.2518306e-01  -2.2895801e-01   1.0729600e-01   0.0000000e+00   7.0029176e-02   4.8275431e-02   3.0674269e-01   1.3164469e-02  -1.2714084e-01  -9.7747669e-02  -1.4604175e-01   2.3833444e-01  -8.7699243e-02  -2.7774502e-01   8.3938882e-02  -1.1718808e-01  -2.1541006e-01   2.9483173e-01  -4.6881086e-02   5.1676940e-01  -2.8238016e-01   8.6660669e-03  -9.7350733e-02  -7.4965299e-02  -1.1266879e-01  -1.4539243e-02   1.4231690e-01   1.2861112e-01  -8.0914746e-02  -1.1052315e-01   4.8214397e-01  -7.7698609e-02  -1.8082308e-01   2.3649924e-02  -2.2132592e-01  -1.7365492e-01   6.6955318e-03  -2.9459851e-01   3.0668305e-03   1.9357723e-01   1.9814277e-01  -5.9613371e-05  -1.4509496e-01  -1.9200091e-01   6.1568773e-01  -2.0291708e-01  -1.7284981e-01   5.8041100e-02  -4.7386085e-02  -8.7113084e-02  -1.1404671e-01  -1.5318501e-01   2.0222702e-01  -8.9329079e-02  -3.6571110e-02  -7.4979461e-02  -4.3634800e-02  -3.2205414e-01   7.0601838e-02  -6.5364895e-02   1.0652607e-01  -7.6129621e-02   1.7096010e-01   7.5288200e-02   5.2740323e-02  -1.0736946e-01   7.0785607e-02   2.9767731e-01   3.3372764e-02  -2.5447671e-01  -2.8043334e-01  -1.1883272e-01   2.1375099e-01  -2.2821801e-01  -8.9561384e-03  -3.2364258e-01  -1.0248856e-01   4.0510259e-01  -1.2554198e-01   2.2497022e-01   1.6708046e-02  -1.9224527e-01   8.0082413e-02   1.2940823e-01  -3.1831564e-01  -3.0329801e-01  -2.8368332e-01  -1.9823311e-01  -2.1050788e-01  -1.9050610e-01  -1.1332752e-01  -2.3936195e-01  -2.0673950e-01  -1.1527267e-01  -1.2297108e-01   5.1364674e-02   4.8997770e-01   1.0685530e-01   1.0403093e-01   3.1106523e-01   1.6870788e-02   7.2232009e-02  -1.0172429e-02  -2.1139758e-01  -2.2374779e-02  -1.3885644e-01  -1.8443248e-02   2.7284819e-01   4.5796534e-03   8.2847478e-02  -1.3970931e-01   1.0327670e-01  -3.1704289e-01  -1.3340187e-01  -2.0255591e-01  -8.7898117e-02   1.6008845e-03  -2.0707323e-01  -3.9513725e-01  -2.6368991e-01  -1.4774421e-02  -2.2540347e-01  -2.1839457e-01   1.3403104e-01  -1.3281408e-01   5.8150201e-02  -6.4415026e-02  -1.2169028e-01   1.7159098e-01  -3.0799927e-01   1.5434521e-01  -7.4386243e-02   1.1364063e-01  -1.9918735e-01   4.4973812e-01   1.4858050e-01  -1.7755579e-01  -2.3696868e-01  -2.1932424e-01   7.5395917e-02   6.7757150e-02   5.0938255e-01   2.0332668e-01   3.9122692e-01   4.5516987e-03   7.6600882e-02   1.6667635e-01  -1.9371003e-01   2.9133691e-01  -1.6977712e-01  -2.0002479e-01  -1.9579448e-01  -1.8865687e-01  -2.1004679e-01  -2.6968680e-01  -2.0872655e-01   4.6952761e-01   2.9682925e-03  -1.4209945e-01   1.8058027e-02   8.1226708e-02  -2.4256303e-01   1.9742843e-01   1.3546955e-01   5.3184700e-02  -3.0992452e-01  -2.6834262e-02  -1.9458649e-01  -2.6646571e-01  -1.2331324e-01  -1.1579116e-01  -1.1175781e-01  -8.0240285e-02  -1.2523077e-01
   3.3089062e-01  -3.7764610e-01  -1.0882141e-01   1.8744496e-01  -3.2410959e-01  -9.9311942e-03   7.0029176e-02   0.0000000e+00   1.1836082e-01  -2.4146778e-01  -4.5534022e-01  -4.2466455e-01   4.3646316e-02   3.8425943e-01   1.1431114e-01  -2.7412508e-01  -8.5143610e-02  -1.8793742e-01   4.3907497e-01  -2.2411487e-01  -2.3370416e-01   4.5448403e-02   8.7946383e-02   3.1527085e-01  -2.1207504e-01   6.0737469e-01  -5.1359497e-01   4.8257315e-01  -1.1759949e-01  -3.9481006e-01  -9.4317380e-02   4.6637064e-01   9.1229203e-02  -2.3496567e-01   2.8255889e-01  -5.9511481e-01  -4.5936570e-02   1.2994601e-01  -2.5858154e-01  -2.4260542e-01  -2.7073908e-01   1.4895578e-01   1.6811320e-01   9.8361345e-02  -2.4920678e-01   4.8763424e-01  -5.6989978e-01  -3.3586854e-01  -1.7566424e-01  -4.6069884e-02  -2.1640124e-01   7.1850743e-01  -3.2257786e-01   9.1143720e-02   9.9391865e-03   8.5369586e-02   1.3750371e-01   5.6026558e-01  -1.1796035e-02  -8.1687061e-03   3.2975138e-01  -4.6382018e-02   4.0447549e-02  -1.1590215e-01  -1.9037511e-01  -3.3334277e-01   1.9654592e-01  -5.6448750e-02  -3.0501176e-01   5.4593899e-02  -2.1430626e-01   1.8881644e-01  -4.8487865e-01   2.5404917e-01   5.6782466e-02   6.0538399e-01   3.6400775e-01   8.4879063e-02  -3.5108259e-01  -1.5105486e-01   4.9389899e-01  -4.0565005e-01  -1.1993603e-01   5.4646117e-01   5.9105048e-02   5.4874092e-01  -2.5203216e-02   1.3450704e-01   1.9766422e-02   3.7452629e-01  -2.9682736e-01   4.5450452e-01  -2.7341325e-01   2.9596337e-01   2.3683393e-01  -2.7393333e-01   1.2612019e-02   3.3734353e-01  -2.4875022e-01   6.4300229e-02   2.9249429e-02   2.2587802e-02   4.0188316e-01  -1.1415694e-01   4.7566636e-01   4.1826338e-01  -3.9200068e-02   3.0558265e-01  -1.2180556e-02  -4.5297673e-01  -1.6955264e-01  -1.7309719e-01   1.7119917e-01   4.5089372e-01   3.0725350e-01  -2.9581214e-01   4.0633719e-01  -3.6575814e-01  -2.4543355e-01   2.2423927e-01   4.0777071e-01  -2.4483350e-01  -2.3873910e-01  -1.1585699e-01   2.8134386e-01   4.1068974e-01  -3.7648248e-01  -5.6397931e-02   6.2233600e-01  -2.4662325e-01  -2.0159540e-01  -3.4324281e-01  -1.2657814e-01  -3.2828219e-01   4.5131490e-01   6.6731194e-01  -1.1433193e-01   2.8706629e-01   6.5190677e-01   3.6607232e-01   1.1572139e-01   1.0075892e-01   8.5259645e-03  -2.7074868e-01  -3.6495740e-02   4.1750625e-01  -2.2974103e-02  -3.6870861e-01  -3.7051524e-01  -4.3951899e-02   3.7222425e-01   7.5128904e-01   4.6592086e-01  -2.7136527e-01  -2.6969229e-01   3.7777980e-01   3.3737774e-01  -3.0401251e-01   4.7369371e-01   5.0507138e-01  -2.1542425e-02  -4.7120416e-02  -4.4925307e-01   2.6736035e-01   2.6639768e-01  -2.8802809e-01  -3.3447144e-01   1.5691869e-01   4.7770719e-01  -3.0021237e-01  -4.0288010e-01   1.2509875e-01  -1.9209195e-02  -2.4215011e-01   1.0982190e-01  -1.2123124e-01   1.6785447e-01
   1.2205262e-01   3.1589046e-01  -2.9899167e-01   3.3733272e-01   1.9230074e-01  -2.4032637e-01   4.8275431e-02   1.1836082e-01   0.0000000e+00  -6.6245024e-02  -1.2081711e-02  -1.2755322e-01  -5.9567610e-02   1.9549527e-01  -1.5288511e-01  -2.0099046e-01  -3.4951291e-01   1.7748765e-01   2.0518730e-01   1.1759154e-01  -8.7871699e-02   3.1454732e-01  -2.0481999e-01  -4.1542192e-02  -1.4323699e-01   3.6870310e-01   6.2636538e-02   1.1382010e-01  -6.9226574e-02   4.3729560e-01  -2.4967266e-01   3.7062033e-01  -1.2893280e-01   1.8480411e-01   1.6059741e-01  -8.2839508e-02   3.1073419e-01   3.5986327e-02  -1.5004191e-01  -1.4550528e-01   4.7620378e-02  -1.2949029e-01   6.2939308e-01  -2.5294437e-01   3.3072210e-01   3.9708260e-02  -2.8359866e-01  -8.6987645e-02   2.9676018e-01  -3.0071452e-01   5.1158016e-02   2.6413029e-01   2.8982965e-01  -2.6240023e-02  -3.5822791e-01  -3.5807433e-01   3.0159454e-01   4.1349463e-01   1.8682596e-01   4.0316854e-01  -7.3650370e-02   2.1528153e-01   5.5977929e-01   2.0284757e-01   6.1201264e-01  -1.4866765e-01  -1.2045819e-02   2.7406174e-01  -3.1352937e-01  -2.9415234e-01  -2.4870681e-02   4.4388556e-01   8.8313285e-02  -7.8937377e-02  -1.2782589e-01   2.0612017e-01  -1.0747807e-01   9.0525575e-02   2.9657167e-01   1.4972717e-01   9.4994658e-02  -7.1656763e-02  -4.3292901e-01  -2.0387391e-03  -4.4582589e-01   2.3145455e-01  -2.3367644e-02  -1.3281280e-01   2.9592059e-01   5.1282366e-02   1.4960857e-01  -5.4037475e-02  -3.1640714e-01   6.4739342e-01   1.6137477e-01   2.0736108e-02   2.1941806e-01   2.2367302e-01   2.0757934e-01   3.5251027e-01  -4.5267166e-01   2.8977220e-01  -1.7810048e-01   1.1436697e-01   2.8105120e-01   4.3866372e-01  -1.8460838e-01   1.9355421e-02   2.1921613e-01  -4.3076174e-01  -1.8426276e-01  -8.0341822e-02   4.3623470e-01   8.1473757e-02  -1.5111166e-01   1.3623992e-02   1.3758029e-01   8.8421780e-02  -4.5420418e-01   3.8520379e-01   1.7100093e-02  -5.0729451e-02  -6.9451853e-02   4.2927321e-01  -6.9369017e-02  -1.0313866e-01   1.4806573e-01  -7.9137101e-02   4.8927404e-01  -2.8251489e-01   5.1661629e-02   3.7469153e-02  -2.0368109e-01   9.4211309e-02   5.1054386e-01   1.7293979e-01   5.5104856e-02  -3.1626868e-02   1.3254567e-01   1.0158358e-01   4.2290655e-03   9.1812941e-02  -2.3068526e-01  -4.0980241e-01   1.1147072e-01   1.4123261e-01  -1.9117932e-01  -8.1457703e-02  -4.2477826e-01   3.3912998e-01  -5.4610909e-02   8.6004193e-02   2.1261074e-01   2.3238443e-01  -1.3315976e-01   1.2695994e-01  -7.2000271e-02   8.8753939e-02  -4.5760389e-02   2.2272169e-03   2.2673989e-01  -2.0765470e-01  -1.7950471e-01   2.3827967e-01   3.0644690e-01  -7.5169884e-02   8.7944225e-02  -9.1069353e-03   2.0805055e-01  -1.4318058e-01   7.6002059e-02  -9.8908635e-02   3.8790968e-01  -4.1342720e-01   2.7030373e-02  -1.6783761e-01   2.1548318e-01
   1.3572995e-01  -2.0522916e-01  -3.6459462e-01  -3.1132168e-01   4.8802235e-02  -2.3434870e-02   3.0674269e-01  -2.4146778e-01  -6.6245024e-02   0.0000000e+00   1.9458246e-01  -2.2896552e-01   3.1453056e-02   5.4365588e-02  -1.7175427e-01  -1.5073090e-01  -4.0498860e-01   3.4853848e-01  -2.2347181e-01  -1.6635030e-02   3.0622890e-01   1.4915773e-02   1.0869760e-01   6.9866479e-02  -1.4640688e-01  -3.2277079e-01   2.8261616e-01   2.4560316e-02  -1.3826913e-02   2.2881755e-01  -1.8276544e-01  -4.4684655e-01  -2.5294204e-01   4.9332313e-01  -2.6946013e-01   3.5094708e-01   7.3523798e-02  -5.2982997e-02  -1.4515106e-01  -4.2448362e-02   2.8854279e-02  -3.1168775e-01   5.0763938e-02   4.2575186e-02   2.8532618e-01  -1.0592975e-01   3.0611150e-01   2.9118504e-01  -7.8285495e-02  -1.2209512e-01   3.7251623e-01  -3.1985588e-01   4.6103510e-02  -3.5807708e-01  -5.5161491e-02   4.0977496e-02  -8.5960397e-02  -2.9972982e-01  -8.3769568e-02  -3.0079498e-02  -3.4852914e-01   1.3468523e-01  -1.7830209e-01  -1.4533214e-02   1.9938567e-01   6.5171884e-01  -1.0134039e-01  -2.1108687e-01   8.9300353e-02  -2.5553178e-01  -1.7699662e-01  -8.6540777e-02  -3.7914050e-02   5.9385694e-04  -2.9057833e-01  -2.8769660e-01  -2.6234327e-01  -2.3642051e-01   3.8678986e-02  -1.4727545e-01  -3.4978046e-02   7.9519357e-03   1.0506617e-01  -2.1690083e-01  -2.2564890e-01  -3.8876575e-01  -1.2809957e-01   3.5945776e-02  -4.2159237e-01   9.8129509e-03   6.9689310e-02  -3.8571366e-01  -1.0121140e-01  -1.0436930e-01  -5.4602872e-02  -2.2733551e-03  -3.1416811e-01  -3.6304009e-01  -2.5976920e-02   3.7646082e-01  -5.4328267e-02   1.2262542e-01  -7.6572827e-02  -3.5724408e-02  -2.2945587e-01  -1.6502781e-01  -2.7408228e-01  -1.9414025e-01   1.8096447e-01   2.1440699e-01   1.6212964e-01   4.2058597e-02  -8.6309514e-02   7.4174576e-02   1.6848076e-01  -2.2589415e-01  -2.8767644e-01   1.2399848e-01   4.9871239e-02  -2.2245239e-01  -6.3060430e-02  -2.3712132e-01  -2.4461749e-01   7.2015283e-02  -1.2955780e-01  -8.9694557e-02   4.2916161e-01  -8.9385388e-02  -2.5872087e-01  -2.4208168e-01  -1.7124895e-01   3.3086627e-01  -2.7773764e-01  -5.1798871e-02  -2.6727804e-01  -3.1814949e-01  -3.7432794e-01   5.9600976e-02  -3.5613690e-01  -1.2073018e-01   9.2884564e-02  -4.9499955e-02  -1.3787649e-02   8.1605401e-03   1.6556293e-01  -2.5566973e-01  -1.7952135e-01   3.4946507e-01   4.0167810e-01   1.4528379e-02  -2.9701735e-02  -1.3453822e-01  -1.2516145e-01   1.4952463e-02  -1.4698822e-01  -1.8225788e-01  -1.0071270e-01  -7.2059288e-03  -2.8717673e-01   2.1298708e-02  -2.3172156e-01  -1.3323536e-01   5.2125250e-01  -7.9054808e-02  -3.1744931e-01   1.9181566e-01   1.8874305e-01   1.6378449e-02  -1.6497187e-01   9.8176870e-02   9.1400735e-02   3.5099718e-02  -3.1171503e-02   2.3956752e-02  -2.8783289e-01  -2.2112270e-01  -3.2013659e-01
  -9.7075781e-02   1.3412577e-02  -2.8552710e-01  -1.3956494e-01   5.0207339e-02   7.3165494e-02   1.3164469e-02  -4.5534022e-01  -1.2081711e-02   1.9458246e-01   0.0000000e+00  -2.4478810e-02   1.4955879e-01  -3.4011667e-01   8.7235503e-02   1.3660372e-01  -2.4246295e-01   4.0502734e-01  -3.2980183e-01  -1.6724425e-01   3.7160801e-01   3.4574547e-03   1.7225514e-01  -2.2030234e-01  -1.1313383e-01  -4.5164228e-01   4.0880226e-01  -2.8988762e-01  -1.7176036e-01   4.4077884e-01   3.6261387e-01  -2.6351804e-01  -3.4529398e-01   2.5603557e-01  -3.4348260e-01   4.6638362e-01   3.0152937e-01  -3.2494867e-01   1.3048776e-01  -6.0929578e-02   4.4477562e-01  -3.0919018e-01  -1.3106513e-01  -7.1819239e-02   4.5947055e-01  -2.2332661e-01   6.6811960e-01   2.1673930e-01   6.8362077e-02  -3.8146067e-01   5.6776838e-01  -3.9161963e-01   2.9155676e-01  -5.2061358e-01   8.3593517e-03   3.2834551e-03  -7.3695623e-02  -3.2627953e-01   2.6538160e-01   6.4011431e-02  -4.4371941e-01  -1.8153119e-02  -1.9914460e-01   5.5109592e-01   3.7163105e-01   5.3446921e-01  -2.0525901e-01  -2.1467869e-01   5.1883770e-01  -1.5290488e-01  -9.3335235e-02  -1.5398745e-01   5.4268103e-01  -2.2252691e-01  -2.9437455e-01  -2.8606691e-01  -3.8899559e-01   1.9114479e-02   2.6716851e-02  -2.4393758e-01  -3.7204432e-01   4.4638384e-01   9.9804739e-02  -1.8391583e-01  -2.2190314e-01  -2.9541790e-01   1.1942445e-02  -8.0511144e-02  -3.5446467e-01  -2.3348126e-01   1.4636806e-01  -6.1681246e-01  -5.7506037e-02  -5.6340429e-02  -3.1692708e-01  -1.2259209e-01  -1.1986179e-01  -6.0069515e-02   1.0963263e-01   1.6154612e-01  -1.6722676e-01   3.7486990e-01  -2.5635753e-01  -1.9316287e-02  -1.0711429e-01  -3.7074939e-01  -3.0561220e-01   2.4977067e-01   1.9818825e-01   3.1735164e-01  -8.5992870e-03   2.4390347e-01  -3.1347040e-01  -2.0646376e-01  -2.8474130e-01   2.2871357e-01  -3.0762390e-01   4.4720084e-01   1.4908311e-01  -1.7795565e-01  -7.0208174e-02  -1.4388324e-01  -1.9074175e-01   3.1588350e-01  -2.5694559e-01  -3.8346219e-01   5.8452480e-01  -3.3016914e-01  -4.9435418e-01   3.8569834e-02   2.2677567e-01   5.4514375e-01  -1.5138365e-01   4.3776103e-01  -2.6123372e-01  -2.1027949e-01  -2.3661883e-01  -1.1144282e-01  -2.3550495e-01  -2.1622862e-01   1.1054101e-02   1.1379600e-01   5.5560244e-01   6.5412912e-02   4.3025843e-01  -2.4021847e-01  -2.8998189e-01   5.6995822e-01   5.3795727e-01   1.7154552e-01  -2.0732609e-01  -4.1732687e-01  -4.5721771e-01   4.5620515e-01  -1.2187496e-01  -3.1201545e-01  -6.5937308e-02   4.2984198e-01  -4.4833187e-01  -2.5735611e-01  -1.8512798e-01   5.6777699e-01   5.2335961e-01  -6.4058209e-02  -2.0504193e-01   1.9043027e-01   4.2170054e-01  -1.7771994e-01  -3.1842014e-01   9.8745597e-02   4.1361013e-01  -1.7623894e-01   1.5141601e-01   2.2055305e-01  -3.3517277e-01  -1.8361547e-01   6.2822918e-02
  -4.0925285e-01   6.7765749e-01   5.8780049e-01  -1.2360126e-01   2.9445604e-01   8.6530926e-02  -1.2714084e-01  -4.2466455e-01  -1.2755322e-01  -2.2896552e-01  -2.4478810e-02   0.0000000e+00   1.4341319e-02  -4.6131002e-01  -1.0121522e-01   2.7785085e-01   5.4828255e-01  -3.0074940e-01  -2.3236610e-01   4.6052208e-01  -4.3818955e-02  -5.0347567e-02  -1.4428168e-01  -5.8496692e-01   1.5192833e-01  -3.3036793e-01   2.8304596e-01  -3.9652541e-01   6.5558883e-02  -4.1698464e-02   7.1826059e-02  -1.1080920e-01   2.0714829e-01  -1.1074041e-01   2.0692173e-01   2.1255972e-01  -1.8562012e-01  -1.7166627e-01   3.2181965e-01   3.3454870e-01   1.4939504e-01   1.9182936e-01  -2.5246098e-01  -1.6686540e-01  -1.7002016e-01  -3.4745995e-01   1.0396316e-01   4.1861067e-02   6.1536999e-02   2.8150358e-01  -2.7300453e-01  -4.6265351e-01   2.4577120e-01   2.1746145e-01  -1.8670045e-02  -1.3927382e-01  -2.3871955e-01  -2.2393192e-01  -2.2101268e-02   1.3012804e-01   3.5622363e-02  -2.4588687e-01   5.7064819e-02  -1.9549166e-01  -2.5362991e-01  -2.6947860e-01  -9.4148425e-02   5.7855185e-02   1.8367765e-01   2.4741272e-01   5.2667242e-01  -2.3886942e-01   3.8577852e-01  -1.9027217e-01   1.1589018e-01  -1.7878265e-01  -1.0331742e-01  -4.4480882e-02   3.9362919e-01   2.6940612e-01  -3.3698301e-01   4.5086792e-01  -1.5234177e-02  -3.0025967e-01   3.4531975e-01  -1.2119457e-01   4.5353822e-04  -3.1361662e-01   2.3204309e-01  -4.3632769e-01   3.8478431e-01  -4.7042696e-02   6.1694633e-01  -3.4235888e-01  -1.5148229e-01   4.4873205e-01   1.4204216e-01  -1.1732667e-01   7.0961346e-02  -2.3114519e-01   5.8455627e-02  -3.7138876e-01  -2.1153876e-01   1.1734557e-01  -3.0508100e-01  -1.5470652e-01   3.5528152e-01  -1.2149392e-01  -1.4707526e-01   1.5163348e-01   2.9867623e-01   1.4290787e-01  -2.6619266e-01  -5.1334408e-01  -3.3130691e-01   4.4478838e-01  -1.9349324e-01   3.0405613e-01   1.3234864e-01  -1.3768475e-01  -4.8362519e-01   6.5182984e-01   4.3764673e-01  -1.5499944e-01  -2.4560904e-01  -4.3655797e-01  -1.4879794e-01   2.8554639e-01  -3.0330440e-01   4.4221313e-01   3.9420418e-01  -9.7383520e-02   4.5264753e-01   2.0544170e-01  -4.1490041e-01  -2.2161043e-01   3.7380270e-01  -2.8241567e-01  -3.3685042e-01  -4.0182136e-01  -3.3784606e-01  -5.6668430e-02  -1.5521870e-01   2.6789739e-01  -1.1593459e-01  -1.5100185e-01   4.6938364e-01   1.8293549e-02  -1.2513307e-01  -9.3959552e-02  -4.1282216e-01  -2.7550018e-01  -4.3920191e-01   4.5248302e-02   4.9550728e-01  -4.2482444e-01  -3.6877828e-01   2.3812381e-01  -1.9323502e-01  -4.1765145e-01  -4.6108464e-02   4.0932794e-03  -1.4611528e-02  -3.7420384e-01   8.2269386e-02   2.4451148e-01   2.1874291e-01  -1.1792965e-01  -3.6396696e-01   2.1172129e-01   3.8068623e-01  -1.8895979e-01  -2.6010563e-01   2.2152993e-01  -3.8662441e-03   2.8238550e-01   9.4505045e-03
  -1.8397326e-01  -5.0854104e-02   2.6523729e-03  -8.6895138e-02   2.1570668e-01   3.0787665e-03  -9.7747669e-02   4.3646316e-02  -5.9567610e-02   3.1453056e-02   1.4955879e-01   1.4341319e-02   0.0000000e+00  -1.9979434e-01   1.0996203e-01   2.2585302e-01   5.0376301e-02   2.6896077e-02  -1.7990366e-01   9.2650008e-02   1.2047630e-02  -1.1897250e-01   2.0047212e-02  -1.0909007e-01  -2.1349048e-01   1.4544104e-02   1.4423648e-01  -2.5348803e-02  -1.7648238e-01  -6.8840212e-02  -1.9196464e-02   5.0869397e-02   1.1673767e-01  -3.3328007e-02  -1.0430723e-01   2.9178640e-01   8.6433754e-02  -3.2324530e-01   1.9092931e-01   1.3295601e-01   4.4867324e-01   5.4036382e-02  -3.9702422e-02  -1.0173534e-01   9.1542817e-02  -1.2267504e-01   1.8770024e-01  -1.1075024e-01   2.3017204e-01  -1.1157626e-01   1.5755978e-01   2.4739576e-02  -1.1021645e-02  -1.1138299e-01  -1.0929078e-02  -1.0664344e-01  -5.3123687e-02  -9.8738898e-02  -6.1592099e-02  -1.1433947e-01  -7.3886010e-02   2.0648579e-01  -5.1590242e-02  -8.7278361e-02  -5.5112886e-02  -1.2365693e-02  -1.2298744e-02   8.8308878e-02   1.2640718e-01  -3.7681830e-02  -2.0414767e-01   4.4340873e-02   2.1195020e-01  -2.3675205e-01   2.2198931e-01  -5.1451321e-02  -6.8760935e-02   5.8013003e-02   6.1659997e-02  -6.4493522e-02  -7.0226002e-02   1.5288355e-01  -4.2836149e-02   5.4473929e-03  -1.9889724e-01   2.4437895e-02  -1.6495997e-01  -9.0419357e-02   1.3562238e-01  -8.9816356e-02   1.1126359e-01   4.0458237e-02   3.8047211e-02  -1.6205137e-01  -2.4046562e-01   2.4601081e-01   9.2288083e-02  -2.4594569e-02  -7.2992532e-02   1.5880540e-01  -2.3769684e-01   3.5990495e-02  -6.4303002e-02  -1.1595735e-01  -3.6542805e-03  -1.1297960e-01  -9.8107982e-02   4.6680379e-03   1.4272572e-01   2.7433812e-02   7.0085719e-02   7.5536639e-03  -1.1772373e-01  -1.8265363e-01  -2.2359293e-01   1.0132869e-01  -5.6377561e-02   4.5752083e-01  -9.2715026e-02   5.5406865e-02  -6.8956123e-02   1.1270106e-01   1.1174619e-02  -1.0089923e-01  -2.1261296e-01  -1.1698987e-01   8.4445768e-02  -9.6981865e-02  -4.1039613e-02   2.1277785e-02   4.0724075e-01   1.5014945e-01  -2.8185910e-01   2.4255057e-03   7.2271433e-03  -1.3793411e-02   1.0797550e-01  -1.9038446e-01   3.9799208e-02  -1.0116779e-01  -8.2036056e-02   4.5959404e-01   3.0901332e-02   4.6871867e-03   1.3117588e-01  -8.9232013e-03  -1.8339870e-01  -2.8842955e-02   3.7280247e-02   2.9127814e-02  -1.2416221e-01  -9.8058473e-02   3.8736142e-02   3.0653260e-02   1.0431452e-01  -1.4375716e-01  -7.1515385e-02   1.3118632e-01   3.1898310e-02  -7.4288854e-02   8.8949074e-02   6.5141825e-02   1.4001523e-01  -3.7868859e-02   1.0366878e-01  -2.0361591e-02   7.8948705e-02   7.1937166e-02  -2.7151201e-02   7.7078814e-02   9.6473599e-02  -2.1131684e-01   1.7925501e-02   4.2306286e-02   2.0908848e-01   2.0748951e-01  -1.1579103e-01
   7.6743923e-01  -2.5488689e-01  -2.8303216e-01   1.0779285e-01  -5.3231850e-02  -3.3159320e-01  -1.4604175e-01   3.8425943e-01   1.9549527e-01   5.4365588e-02  -3.4011667e-01  -4.6131002e-01  -1.9979434e-01   0.0000000e+00  -2.4483408e-01  -4.6512873e-01  -2.4490992e-01   2.4666151e-02   5.3535968e-01  -5.8308398e-02  -1.1068096e-01   1.0364476e-01  -1.9377758e-01   7.2936453e-01  -2.6308457e-01   3.9995530e-01  -3.1528141e-01   4.4903690e-01  -9.9679659e-02  -1.9413885e-01  -1.7857286e-01   2.1834572e-01  -1.8628598e-01  -2.2190231e-01   3.9541658e-04  -3.0965894e-01   5.5367657e-02   6.5701671e-01  -4.3856671e-01  -3.4977686e-01  -1.2248301e-01  -2.0403875e-01   2.7233597e-01  -6.6841649e-02  -1.4343270e-01   6.7307420e-01  -3.4926987e-01  -2.8536101e-01  -3.1852202e-02  -7.4546001e-02  -1.9446398e-01   3.9100304e-01  -1.4759240e-01   1.1510899e-02   1.3763679e-01  -1.5165724e-01   3.0537855e-01   3.6659878e-01  -4.2204593e-02  -3.9205305e-02   4.2927397e-01  -5.0299218e-02   2.8467687e-02  -5.3340611e-02   1.4900863e-01  -5.2435884e-03   1.2258762e-02  -1.4618628e-01  -3.6628642e-01  -1.7025855e-01  -2.4275086e-01   1.6915030e-01  -3.0256592e-01   5.6408286e-01  -1.0939062e-01   2.8543974e-01   3.7008260e-01   3.4554842e-02  -6.8063411e-02   7.3483495e-02   7.2017541e-02  -3.8515916e-01  -1.7650859e-01   1.2517813e-01   6.4130186e-02   2.9869727e-01  -2.9604633e-01   4.4560506e-01   4.5657241e-03   7.8637117e-01   3.3392802e-02   3.2297526e-01  -3.4629347e-01   5.0667373e-01   7.0500938e-01  -1.0407835e-01  -2.7958135e-02   2.5348358e-01  -1.0834886e-01  -7.9783156e-02   1.0408203e-01  -1.5267353e-01  -4.7105736e-02  -2.2804139e-01   1.7405049e-01   3.9945267e-01  -5.4165337e-02  -2.9695531e-02   5.5466894e-02  -2.3364346e-01  -2.0616825e-01  -2.9242722e-01   2.8856049e-01   8.1392514e-01   4.3086626e-01  -1.8711699e-01   1.7454498e-01  -2.6002408e-01  -2.6203538e-01   5.9538986e-02   4.1373098e-01  -1.5587192e-01  -1.7683469e-01   3.4933259e-02   6.4590531e-01   6.9826206e-01  -3.2174976e-01   1.9450034e-02   4.5784100e-01  -4.0121602e-01  -3.8894450e-01  -3.2066026e-01  -7.1716077e-02  -2.0374159e-01   3.9869225e-01   3.0967538e-01  -1.1717197e-01   1.9695520e-01   2.9691564e-01   7.3361343e-01   4.9347989e-01  -5.7100325e-03  -3.0979446e-01  -4.4073788e-01  -2.4023170e-01   2.8033117e-01  -1.9621760e-01  -5.6541428e-02  -2.8409478e-01  -4.8731125e-02   6.6427822e-01   2.6026036e-01   5.5318758e-01  -2.7712543e-02  -3.2749672e-01   6.3877078e-01   3.7774252e-01  -1.0894802e-01   3.8541210e-01   1.1569828e-01  -1.3546538e-01  -1.8694072e-01  -1.2062531e-01   1.2923988e-01   1.9044963e-01  -3.2699176e-01  -2.7152926e-01   9.5246742e-02   6.1151396e-01  -1.9737635e-01  -2.9784692e-01   4.5617692e-01   2.3028168e-01  -4.1228865e-01   4.2045451e-02  -3.1826897e-01   2.2119037e-01
