   0.0000000e+00  -1.2488251e-01  -1.5092107e-01  -1.0407777e-01  -4.0001997e-01   1.4887391e-01  -3.6627195e-02   1.8373269e-01  -9.0716947e-02  -1.0980975e-01  -4.5857385e-03  -1.9732663e-01  -3.9419311e-02   2.8902710e-01  -2.5921102e-01  -2.7273026e-01  -1.3312119e-01  -2.0072315e-01   2.7604276e-01  -4.0129802e-01  -1.2077632e-01   2.0780575e-01  -1.0576224e-01   2.4924708e-01  -2.5403927e-01   2.2844937e-01   2.6568168e-02   8.6820920e-03   1.2149117e-01  -4.5613273e-02  -2.1010135e-01  -1.6120587e-01  -2.3411544e-02  -1.8656164e-01  -8.4035724e-04  -3.4898677e-01  -5.8696952e-02  -1.9337863e-02  -2.0431351e-01  -9.5255039e-02  -2.3778821e-01  -1.0541411e-01  -2.4798580e-01   3.5253450e-02  -3.2779131e-01   3.4532620e-01  -1.2321868e-01   1.4918640e-02  -8.8193931e-02  -2.0577912e-01  -2.8777316e-01   2.8217785e-01  -1.5927229e-01  -1.9679397e-01   2.6709966e-01   4.9756690e-02   2.6446043e-01   3.1366180e-02  -2.4248530e-01   7.1117318e-02  -8.1425176e-02  -2.9866391e-01  -1.2405648e-01  -3.6672005e-02  -2.8492803e-01  -3.0231716e-01   2.1552880e-01  -1.3251334e-01  -7.6711466e-02   1.3048647e-01  -9.3387266e-02  -1.4323991e-01  -1.6614716e-01   4.7085903e-01  -5.6250971e-02   3.1644496e-02  -4.8995130e-02  -3.7132508e-02  -3.2808268e-01  -5.3817264e-02   8.3793881e-02  -2.8480836e-01  -1.3448834e-01   1.7707486e-01   2.3198976e-01   1.9567291e-02  -1.0390501e-02   2.1438250e-01  -2.0198070e-01   6.4958696e-01  -4.3169377e-01  -1.2410863e-01  -4.6584504e-02  -1.9400085e-01  -1.7428707e-01  -1.6275179e-01  -4.0851446e-02   4.7846307e-01  -3.4668304e-01  -2.2527212e-01   2.5929246e-01  -3.1690110e-01   1.7177214e-01   7.5214786e-03  -1.6797142e-01   3.1855049e-02  -1.8100037e-02   3.8770060e-01  -1.5441037e-01  -1.0450010e-01  -1.4886741e-01   2.1090755e-01  -7.9180535e-02   6.5217899e-01   9.5270731e-02  -2.8679866e-01   2.2534234e-01  -2.4816445e-01   2.0489545e-01  -1.7886503e-02   3.5723287e-01  -3.8914408e-01  -1.7853565e-01  -2.0622900e-01   3.5988481e-01   4.7157455e-01  -3.5972083e-01  -8.6737308e-02   7.7358831e-02  -1.1433033e-01  -4.6971689e-01  -2.5341807e-01   4.4177399e-01   1.2266600e-02  -1.9075035e-01   1.3456824e-01   7.6027506e-02  -1.0882760e-01   9.2282032e-02   4.0658548e-01   3.5906908e-01  -5.7558268e-02  -6.0682350e-02   8.0642397e-02  -2.2362894e-01  -1.8838841e-01  -1.1178092e-01  -3.2070307e-01  -7.0567268e-02  -7.7917942e-02   1.1528790e-01   2.3462731e-01  -3.4056551e-03  -1.1140191e-01  -1.2529469e-01   3.2394582e-01   3.4259718e-01  -3.4278919e-01  -4.4715423e-02   3.7770461e-01  -3.7121577e-01   1.5874498e-01  -2.8806225e-01  -1.1862207e-01  -1.7076083e-02  -1.5090456e-01  -6.3238439e-02   2.3362636e-01   2.3967031e-01  -4.7481248e-02  -2.4096044e-01   1.2796726e-01  -2.6239035e-01   1.0445499e-02  -6.0057686e-02  -2.2228709e-01   1.6539436e-01
  -1.2488251e-01   0.0000000e+00   6.4785435e-01  -2.7325629e-01   3.1764302e-01   9.7792930e-03  -4.4473845e-01   3.2575311e-01   6.2754769e-01  -4.0018258e-01  -1.5613591e-01   7.0354405e-01   2.1836219e-02  -3.6129895e-01  -2.6665431e-01   1.1667668e-01   5.8790081e-01  -4.7494348e-01   3.7447368e-01   1.4019900e-01  -4.5056398e-01  -4.4963003e-01  -5.9286403e-01  -1.6137629e-01   1.7509119e-01   2.2268779e-01   1.7873398e-01  -2.4903123e-01   6.5775726e-02  -2.1064968e-02   3.5896252e-02  -2.4963563e-01   4.0992831e-01  -6.1504116e-03   3.0352463e-01  -1.1152191e-01  -5.1585795e-01  -2.3977688e-01   2.4783492e-01   3.8047002e-01  -8.6347149e-02   9.0054871e-02   3.8316274e-01  -3.9530186e-02  -1.8750251e-01  -3.5728677e-02  -2.1026021e-01   7.5954044e-02  -4.2708678e-01   5.0171733e-01  -4.2321230e-01   1.8233228e-01   6.3295456e-01   2.6119545e-01  -6.8473476e-02  -2.7662849e-01   1.3788075e-01  -4.6278074e-01  -3.9034523e-02   6.2133109e-02   7.8429066e-02  -2.4777573e-01   7.3410372e-01   5.2734194e-01  -5.7473809e-02   7.2328309e-02   4.9403362e-02  -7.7571464e-02  -2.3986826e-01  -6.8122485e-02   6.8497071e-01  -3.8463712e-01   1.3186191e-02  -1.0077109e-01   2.3711291e-01  -1.7835848e-02  -5.8912611e-02   5.6001218e-02   6.0270739e-01   3.1130220e-01  -5.0271776e-01  -3.0043909e-02   3.9579962e-02   1.2619543e-01   1.0684867e-01  -3.0573764e-01   2.2457503e-01  -1.9153749e-01   4.7319198e-01  -1.3181282e-01   1.6381229e-01   4.5616471e-01   3.1599489e-01   5.1772722e-01  -1.8569781e-01   5.8323767e-01  -1.7871882e-01   1.6327389e-01   1.6219602e-02  -4.2383169e-01  -3.0375115e-03   4.4926131e-01  -4.3540446e-01   4.9978426e-01  -5.6286724e-01   6.2358109e-02   5.8426407e-01   1.8342968e-01  -4.9356447e-01  -1.7515797e-01   1.8965653e-01  -5.1146497e-01  -1.1960035e-01  -2.1866424e-01  -3.2858858e-01   4.7905300e-01  -1.3327285e-01  -4.8345794e-02  -9.6757268e-02  -2.8710799e-01  -1.1790795e-01   2.6035882e-01   4.3615347e-01   1.7671503e-01  -1.9024070e-01  -2.6443618e-01  -3.7988355e-01   2.3098566e-01  -9.8330228e-02   5.2879463e-01   5.4228610e-02   8.0577474e-02   2.7583010e-02  -4.0983714e-01   1.4382382e-01  -8.3005794e-02   2.1541981e-01  -2.0641215e-01   8.1888968e-02  -2.8903377e-01   1.5993349e-02  -2.7369103e-01  -4.9504657e-03   9.3315816e-02  -5.1805556e-01  -3.3931856e-01   1.6379199e-01   3.3092723e-01  -4.3185372e-01  -2.6645633e-01  -3.0009819e-01  -3.3122896e-01   2.3278913e-01   1.6659354e-01   7.4254383e-01  -1.0406377e-01   1.0798850e-01  -2.3929467e-01   4.4359703e-01  -3.3746302e-01   1.5623195e-01  -1.1645697e-01  -1.8260697e-01  -4.7032678e-01  -4.6649302e-02   2.6776366e-02   4.3860623e-01  -6.1164903e-02   1.5771226e-01   4.0437162e-01  -1.2724605e-01   1.0913678e-02  -2.1850371e-01   2.0929095e-01  -2.5601685e-02   2.5644029e-01  -1.6619316e-01
  -1.5092107e-01   6.4785435e-01   0.0000000e+00  -2.6799842e-01   3.4655119e-01   8.4967872e-02  -3.9211175e-01   1.7974378e-01   8.3685722e-02  -1.7747741e-01  -3.7831838e-01   7.6073925e-01  -1.2172589e-01  -3.2471026e-01  -2.6072909e-01   4.3832394e-02   8.8531660e-01  -4.9812177e-01   1.9874270e-01   2.6371292e-01  -5.7470258e-01  -3.5237411e-01  -5.3846837e-01  -1.8499851e-01   2.1510251e-01   9.3313355e-03   2.4104062e-01  -2.1021708e-01   1.0833940e-01  -3.0627932e-01  -2.9981606e-01  -1.4286241e-01   3.9759965e-01  -1.8734545e-01   2.1226370e-01   2.6720377e-02  -6.0440668e-01  -2.1372716e-01   1.6723901e-01   6.4712643e-01  -8.7587969e-02   2.7383655e-01   3.3871797e-01  -2.4746227e-01  -2.9661801e-01  -8.8298064e-02  -1.0613472e-01  -1.6461387e-01  -3.2014322e-01   8.0900283e-01  -4.5125228e-01  -2.1073819e-02   3.7893662e-01   4.7048122e-01   7.4181800e-02  -2.9317885e-01  -3.3919127e-02  -2.8919579e-01  -1.4502103e-01   4.3778476e-02   1.7540823e-01  -1.6920835e-01   4.8115641e-01  -5.1999041e-02  -4.2160899e-01   5.5979971e-02   1.0050706e-01  -3.4875476e-02  -1.3863156e-01   1.2184505e-01   5.9456467e-01  -3.4205823e-01  -1.8092862e-01   2.5323848e-03   2.9603523e-01  -1.3836762e-01  -1.6873408e-01   7.9196687e-02   4.6305970e-01   2.4712482e-01  -4.8063525e-01  -1.6998303e-01  -1.0099848e-01   9.9773063e-02   1.9773819e-01  -4.8838069e-01  -2.3484562e-01   4.7405506e-02   4.6472179e-01  -2.8998051e-01   2.3879635e-01   6.7842570e-01   6.4431055e-01   3.1084614e-01  -1.7140805e-01   7.0106388e-01   1.2642962e-01   9.4308671e-02   9.2989417e-02  -4.0423990e-01   3.9432380e-02   2.3230501e-01  -3.1961336e-01   9.0521512e-02  -5.7425599e-01   1.9854102e-01   6.1353079e-01   4.3804424e-02  -3.8994096e-01  -2.4741220e-01   3.1477034e-01  -4.4869676e-01  -1.3694371e-01  -1.9206820e-01  -2.6680788e-01   4.6586882e-01  -1.9539224e-01  -1.1487883e-01  -1.0508459e-01  -2.7084766e-01  -1.0929176e-01   2.4741722e-01   6.2772991e-01  -1.9385711e-01  -2.5958071e-01  -1.5126253e-01  -4.0183165e-01   3.2964508e-01  -1.0289058e-01   7.5615654e-01  -1.7014383e-02  -2.7131244e-01   1.4012832e-01  -5.3730451e-01   3.4342665e-02  -1.9058082e-01   2.5512649e-01  -3.0980021e-01  -3.4195464e-02  -1.2657042e-01   1.1027068e-01  -1.3200862e-01  -1.4615559e-01   2.8915088e-01  -5.0720999e-01  -5.6624505e-01   3.9969314e-01   2.8248624e-01  -3.4374465e-01  -4.7682970e-01  -4.7918908e-02  -1.7110834e-01   3.1514781e-01  -1.5555271e-01   8.9804687e-01  -2.0590006e-01   1.3303586e-02  -2.7047897e-01   5.7096340e-01  -2.6953526e-01   1.8550355e-01  -2.8004008e-01  -1.0759209e-01  -4.9054759e-01   1.1254444e-02   6.4156356e-02   2.3494499e-01  -1.0722040e-01   1.7588672e-01   2.9324088e-01  -1.9158652e-01   3.9097927e-03  -4.1619689e-01   4.8773754e-01   9.3202264e-02   3.4207952e-01  -7.5284028e-02
  -1.0407777e-01  -2.7325629e-01  -2.6799842e-01   0.0000000e+00   1.5835467e-01   4.6243494e-03   3.3723861e-01  -2.3234527e-01  -1.1694363e-02   3.8049276e-01   1.3705323e-01  -2.4693091e-01   2.3863627e-01   1.9209763e-01   4.5521490e-01   2.1142032e-01  -3.3702101e-01   4.4001339e-01  -2.0561943e-01   2.4568056e-01   2.9152567e-01   3.8427214e-01   4.4901824e-01  -1.6945068e-01   1.9962706e-01  -1.2530044e-01   1.7157334e-01   1.4601352e-02  -1.3508030e-02   3.6063438e-01   2.9862674e-01   4.6339838e-01   2.7441919e-02   9.6012145e-02  -6.6143725e-02   1.8765379e-01   3.4600600e-01  -1.2265047e-01  -3.0834430e-02  -1.5975334e-01   2.3503497e-01   5.1691434e-02  -1.2326661e-01  -1.3616065e-01   4.5292015e-01  -6.5875633e-02   2.8057033e-01   1.7838238e-02   3.9111235e-01  -3.3384884e-01   5.5507877e-01  -3.1149596e-01  -3.2372664e-01  -4.0638648e-02   7.2585840e-02  -5.0795890e-02   9.5698137e-04   4.3933389e-01   3.0198666e-01   2.2984072e-01  -1.1081536e-01   4.6937366e-01  -6.4740821e-02  -1.4398738e-01   4.6593924e-01   2.1828337e-01  -9.8503509e-03   1.6678654e-01   2.3848204e-01   6.3811003e-02  -3.1790176e-01   5.7547681e-01   2.1278795e-01  -1.8075804e-01   5.6009565e-03   2.8216776e-02  -1.6103299e-01  -2.4384641e-01  -2.2416097e-02   1.1822619e-01   2.9272506e-01   1.4516913e-01  -1.0763452e-01  -2.0655483e-01  -2.3532118e-01   2.2380487e-01   3.6365633e-02  -8.4539169e-02  -2.4450060e-01  -7.8975112e-02   2.3955833e-01  -2.1284102e-01  -3.8327051e-01  -8.6644938e-02  -9.3046596e-02  -1.6137021e-01   1.7688302e-01  -1.1949868e-01   3.4051196e-01   4.3804939e-01  -1.9203176e-01  -4.6013605e-02   2.1192994e-01   3.8653990e-02   5.1996122e-01   2.7404777e-01  -2.3041320e-01  -4.1248023e-02   4.8360119e-01   4.9216079e-02  -2.7691405e-01   3.6353846e-01   5.1205258e-01  -1.9449425e-01   2.7226839e-02  -1.4099375e-01  -5.4757552e-02   1.9995312e-01  -1.9481723e-01   5.7642677e-01  -1.6577746e-01   8.1553342e-02  -1.6660556e-01   2.8625989e-01  -1.1469395e-01   5.8348187e-02   5.2114244e-01  -1.3790855e-02   8.0684614e-02  -1.9014793e-01   5.5807900e-02   1.8526241e-01  -1.6416663e-01   1.6043017e-01   3.5237984e-01   1.3791906e-01   1.1265657e-02   1.5115295e-01  -5.3143397e-02  -2.4391651e-01  -3.8481065e-01  -8.8758935e-02  -2.1895417e-03  -4.0407325e-01   5.3664061e-01   3.6894117e-01  -7.1536214e-02   1.0554093e-01   2.1346627e-01   2.6242657e-01  -5.4986440e-02   7.9615290e-02  -9.7006228e-02   1.1289630e-01  -3.4368046e-01  -1.9640382e-01  -6.2255178e-02   4.1562827e-01  -1.5950375e-01   4.8693350e-02   1.4110678e-01  -2.0824630e-01   1.4736078e-01   5.0225105e-01   4.1712612e-01   1.0314507e-01  -2.3682372e-02   3.0959369e-02  -6.9811235e-02  -4.3332639e-01   3.9587695e-01  -2.2546294e-01   4.1852242e-01  -3.1135508e-01   1.4550648e-01  -7.7127524e-02   4.0666669e-01
  -4.0001997e-01   3.1764302e-01   3.4655119e-01   1.5835467e-01   0.0000000e+00  -3.5980099e-01  -1.8797454e-01  -1.9873845e-01   2.8672177e-01   3.7166459e-01  -1.2453888e-01   2.7384805e-01   2.7152766e-01  -4.1278820e-01   1.2579082e-01   2.8399926e-01   3.0030675e-01   8.9482820e-02  -5.5991267e-02   8.8019824e-01  -1.0990271e-01  -2.4177800e-01   1.2568180e-01  -2.3786706e-01   1.4824226e-01  -1.6744180e-01   3.1680374e-01  -1.2314918e-01  -5.2641277e-02  -2.1832224e-01   3.7774896e-02   2.0923268e-01   1.8916386e-01   1.4481649e-01   7.6337334e-02   6.6328649e-01   9.0459094e-02  -2.5000768e-01  -5.5736403e-02   3.3979254e-01   5.1430560e-01   2.4073761e-01   4.4166702e-01  -4.3648204e-01   4.6373364e-01  -2.6643068e-01   3.6304869e-01  -2.1739886e-01   2.7046669e-01   3.3196688e-01   2.8376454e-01  -3.8043151e-01   2.6894176e-01   2.9943596e-01  -3.1716084e-01  -3.7270410e-01  -1.6788917e-01  -3.1715869e-02   2.8059748e-01  -8.9251864e-02  -9.4156385e-02   6.1283707e-01   4.2773059e-01   4.9659239e-02   3.6937770e-01   6.4176212e-01  -2.8450862e-01   2.0443191e-01   9.9860807e-02  -1.8306096e-01   2.3448147e-01   2.3084766e-01   3.7239567e-01  -4.4351017e-01   2.4895046e-01  -1.9065017e-01  -2.5825092e-01  -3.1206217e-01   8.2149363e-01   3.6463338e-01  -3.6710204e-01   2.5246528e-01  -1.3690742e-01  -1.8895455e-01  -2.8879415e-01  -3.6945683e-02  -5.3670821e-02  -1.8823698e-01   3.4992678e-01  -4.0596705e-01   8.3729070e-01   1.5227721e-01   3.1448502e-01   2.9266706e-01  -1.2364428e-01   6.6949266e-01   1.8764239e-01  -3.6396308e-01   5.2072009e-01   3.1130854e-01  -3.6875906e-01   2.9271603e-01  -3.8765150e-01   1.2980541e-01   2.1791413e-02   1.6465812e-01   7.9563575e-02  -2.1093046e-01   3.7489954e-01   7.6258496e-02   1.4605597e-01  -2.8999509e-01   2.3866801e-01  -5.0094123e-01  -3.3515479e-01   7.2742538e-01  -3.0505486e-01   5.1399309e-01  -4.9822308e-01   4.0075825e-02  -3.7260090e-01   8.0109553e-01   3.7914197e-01   2.4527995e-01  -2.7158432e-01  -4.9792672e-01   2.7149907e-01   2.5813730e-01  -1.4791475e-01   1.9208811e-01   3.7418945e-01   1.7551953e-01  -2.3037930e-01  -3.9699425e-01   2.9112116e-01  -2.8964184e-01   7.9023205e-02  -3.3691155e-01  -1.0282143e-01  -4.8872408e-01  -2.5806701e-01   2.4441746e-02  -2.9341590e-01  -4.1889627e-01   4.7982209e-02  -1.2876775e-01   2.1327082e-01   5.9391321e-01   1.3233350e-01  -5.1911262e-02  -4.4128181e-01  -3.7062086e-01  -5.1636857e-02   2.1550370e-02   3.0563987e-01  -3.5511323e-01  -2.8357674e-01   4.1579190e-01   1.7598381e-01  -3.4454931e-01   3.9626902e-01  -4.6378241e-01   4.0672262e-01  -8.2078733e-04   8.7738295e-02   3.6240981e-01   3.2143867e-01  -2.5614036e-01  -2.0528448e-01   1.0277307e-01   6.2061929e-01  -2.1975869e-01   2.5668705e-01  -1.6214530e-01   2.8635577e-02   2.3260933e-01  -1.5237786e-01
   1.4887391e-01   9.7792930e-03   8.4967872e-02   4.6243494e-03  -3.5980099e-01   0.0000000e+00   3.7080436e-01   5.2187553e-02  -1.1471031e-01  -1.1075069e-01   1.0550258e-01   1.2718078e-01   3.0400142e-02   1.8404405e-01   4.8642445e-02  -5.3783158e-03  -1.1714386e-01  -6.4935154e-02   3.6937363e-01  -2.6577484e-01  -1.7588751e-01   1.2841766e-01  -1.0667483e-01  -1.1093992e-01   1.5592084e-02   5.7030529e-02   2.6357377e-01   6.1781991e-02  -1.0768222e-02   3.2216742e-01  -4.6732035e-02   9.2427230e-02   2.4439521e-01   1.3661803e-01   3.4832947e-01  -2.2994549e-01  -2.0917413e-01  -1.8931390e-01  -6.9779645e-02   1.7722109e-01  -2.1729929e-01   1.3372805e-01  -1.0944596e-01   1.1996452e-01  -1.3464034e-01   7.5842960e-02   6.5248478e-02   3.5492153e-01  -1.9573128e-01  -8.9490292e-02  -1.0079078e-01   9.2710946e-02  -1.8008200e-01   6.7763496e-02   1.5708007e-01   3.3311275e-01   3.5357382e-01   9.8751773e-02  -6.8139173e-02   2.6537123e-01  -1.1216740e-01  -4.1358897e-01  -1.1762882e-01  -1.2155684e-01  -2.7353654e-01  -2.4357911e-01   6.6693375e-01  -3.8383525e-02   2.2410348e-01   4.7659824e-01  -5.1602301e-02   3.8795629e-02  -1.1501895e-01   3.5575148e-01  -4.5889103e-03   4.5777333e-02  -1.9237572e-01   2.0318379e-01  -2.8984986e-01   8.4543492e-02   3.3172922e-01  -1.3708799e-01  -6.4644693e-02   2.8908161e-02   2.5340024e-01  -1.0066028e-01  -9.1862679e-02   4.3950535e-02  -3.0657409e-01   7.5937625e-02  -4.4138725e-01   4.6153342e-02   9.0156356e-03   1.5999464e-02  -1.7370283e-01  -2.0760562e-01  -2.8619485e-02   5.2070387e-01  -9.7724409e-02  -1.6566793e-01   1.2984744e-01   3.8416149e-02   3.3094972e-01  -1.1071446e-01  -1.9175132e-02   9.9883041e-02   2.4684765e-01   5.7339220e-01  -2.5425467e-01  -1.6271791e-01   1.0219628e-01   2.2083529e-01   7.6545582e-02   1.9164941e-01   1.5576663e-01  -4.0506515e-01   2.9871066e-01  -2.2611789e-01   3.6782282e-01   1.6588396e-01   8.4579664e-02  -2.7197367e-01  -1.9804846e-01  -1.9825266e-01  -8.3288648e-02   1.9850892e-01  -7.4235966e-02  -4.6089511e-02   1.7085383e-01   2.0445287e-01  -2.1907039e-01  -5.6345348e-02   1.4688051e-01   5.3405924e-02   6.8692724e-02   2.2930591e-01   2.5876295e-01   2.1320273e-01   2.8115745e-01   1.6428276e-01  -8.8230017e-02  -2.3902828e-02   3.5126852e-01   3.9126740e-01   1.0773688e-02  -9.4499033e-02   1.3080426e-01  -4.0136927e-01  -1.6230008e-02  -2.0090779e-01   3.5151045e-01   2.6096737e-01   9.7281956e-02   4.6144137e-02   1.4801844e-01   7.2604463e-02   2.1516233e-01  -1.4643788e-01   1.0508021e-03   3.7207049e-01  -1.7479060e-01   2.1114835e-01  -4.0566330e-01   4.5973874e-02   2.2955839e-01  -7.9448752e-02   1.5459910e-01   6.2502458e-02   2.2281718e-01  -1.9459014e-01  -1.9276430e-01  -1.0756359e-01  -7.3702974e-02   5.7549044e-01   4.0853092e-02   8.8395039e-02   1.6346021e-01
  -3.6627195e-02  -4.4473845e-01  -3.9211175e-01   3.3723861e-01  -1.8797454e-01   3.7080436e-01   0.0000000e+00  -3.0918069e-01  -2.4377758e-01   4.4296640e-01   3.0990172e-01  -2.1904598e-01   1.0876476e-01   1.7529149e-01   4.3894340e-01   4.2559401e-02  -6.0215669e-01   4.7877445e-01  -2.0548439e-01   7.3045787e-02   3.5860133e-01   1.9028481e-01   6.5379994e-01   2.2977595e-02  -2.1645695e-01  -2.8303906e-01   9.9290580e-02   1.7070959e-01  -1.1619261e-01   3.1965980e-01  -6.9134762e-03   1.3601049e-01   2.4196327e-03   4.9569750e-01   2.2852573e-01   2.6889227e-01   3.2623413e-01  -1.4118108e-02  -2.6704554e-01  -1.6585849e-01   3.8641508e-02   6.2031881e-02  -1.1119904e-01   8.8128781e-02   4.7043317e-01   8.0259077e-04   2.7377132e-01   4.2834922e-01   6.8154454e-02  -4.9410664e-01   4.4582849e-01  -2.4273790e-01  -3.1660391e-01  -2.4091460e-01  -1.3666262e-01   5.4717897e-01  -9.5234882e-02   1.6961761e-01   3.9536506e-02   1.1526072e-01  -1.5648748e-01   2.1855420e-02  -3.1365863e-01  -2.2904905e-01   1.6623969e-01   1.2037952e-01   1.7819131e-01  -2.2795174e-02   3.2021559e-01   5.3306873e-01  -3.7757525e-01   4.7560753e-01   9.8898603e-02  -1.0114310e-01  -9.0649903e-02  -2.2255039e-02  -1.6388828e-01   4.0212983e-02  -3.8494186e-01  -3.4501832e-01   5.7413170e-01   1.2432894e-01  -7.8394868e-02  -3.0265673e-01  -3.2369780e-01   1.4087949e-02  -5.5381629e-02  -3.6182663e-02  -5.1444228e-01  -3.6734917e-03  -2.8280493e-01  -4.6066406e-01  -2.2648507e-01  -1.3308861e-01   3.3423443e-02  -3.8302990e-01  -1.1614864e-01  -5.2913231e-02   8.4351892e-02   3.9908076e-01  -2.2339182e-01   6.5857826e-03   4.1512642e-01  -3.4804324e-01   4.8916277e-01  -1.3678509e-01  -3.3655560e-01   5.8843564e-02   2.4495974e-01   1.1856743e-01   1.6576489e-01   2.9104734e-01   1.7508706e-01   6.4262667e-02   4.7733482e-01  -4.7797446e-01   2.5809018e-01   7.1304769e-02   2.8426684e-02   3.2624549e-01  -1.1155430e-01  -4.3233567e-02  -4.8267887e-01  -1.4850394e-01  -7.9390973e-02   4.2205588e-02   5.0841982e-01  -3.6861545e-01   1.1964548e-01  -6.5638152e-02   4.9884605e-02   2.1996494e-01  -1.9582080e-01   2.5529775e-01   9.3007362e-02   1.4429557e-01  -2.6915351e-01   3.4865959e-01   1.4787245e-03   3.6949266e-02  -1.8461563e-01   2.2182826e-02   3.4701414e-01   1.4045723e-01   5.1888019e-01   2.5851438e-01   3.1569247e-01  -3.7663393e-01   5.6333503e-01   5.2720106e-02   3.9088833e-01   2.2935796e-01  -2.0997167e-01   8.0873628e-02  -4.5458004e-01  -2.8189423e-02  -8.5638025e-02   2.5987621e-01  -3.5765584e-01   4.7870304e-01  -8.1858924e-02   1.8897228e-01   1.1081236e-01   4.1723002e-01   5.4238292e-03   6.9793625e-02   1.0860591e-01   5.7681965e-02  -2.0663775e-01  -3.5385776e-01   3.3578396e-01  -1.2476863e-01   4.2127649e-01  -4.9482342e-02   2.8838947e-02  -2.1953756e-01   1.3452982e-01
   1.8373269e-01   3.2575311e-01   1.7974378e-01  -2.3234527e-01  -1.9873845e-01   5.2187553e-02  -3.0918069e-01   0.0000000e+00   2.2193260e-01  -3.9873271e-01   4.1822948e-02   1.6369808e-01  -1.5268866e-02   2.3650486e-02  -4.5240524e-01  -7.3786606e-03   2.5125631e-01  -4.4101175e-01   3.4611373e-01  -2.6437679e-01  -2.4183699e-01   5.3464670e-02  -4.0157395e-01   7.9863738e-02   1.9155285e-01   6.0417960e-01  -8.4046728e-02   1.9545224e-01   7.8966761e-02   8.5348773e-02  -1.9449102e-01  -1.3664134e-01   1.7503615e-01  -2.3226360e-01   8.8171025e-03  -3.0397251e-01  -3.3787004e-01   1.8920476e-03   2.1289502e-01   7.8288936e-02  -1.6316601e-01   3.9040855e-02   3.6570887e-02   3.6152632e-01  -4.0520829e-01   3.4238948e-01  -1.2091947e-01  -1.9237603e-01  -3.2677475e-01   1.0322370e-01  -3.9372687e-01   7.2743395e-01   1.5621930e-02   1.5273980e-01   1.8835040e-01   1.5797219e-01   4.8642852e-01  -1.0974413e-01  -1.3584313e-01   1.6105894e-01   1.2936274e-01  -3.2248983e-01   6.6425711e-02   3.4348223e-01  -3.4126556e-01  -4.2852509e-01   1.6467796e-01  -4.0267817e-03  -1.7052943e-01   6.1806336e-02   7.5922370e-02  -3.6274161e-01  -1.3222598e-01   3.0619152e-01   1.8438376e-01  -8.7890208e-02   1.8044685e-01   1.5523562e-01  -4.5856518e-02   8.0878254e-02   1.8086296e-02  -1.7083622e-01  -2.0909140e-02   7.1658765e-01   3.3525943e-01  -4.3394581e-02   1.1603380e-01   1.7524712e-01   5.3829600e-02   3.0539915e-01  -2.2288616e-01   2.1827335e-01   5.9376128e-02   1.8851638e-01  -4.5290413e-02   2.5671869e-02   6.6955491e-03   3.5648771e-01  -2.3247207e-01  -4.2274797e-01   2.8673782e-01   2.5597237e-01  -5.6839176e-02   3.6405914e-01  -3.0613885e-01   2.0211499e-01   3.1349261e-01   2.9251515e-01  -4.4389917e-01  -1.6074386e-01   3.6638068e-02  -1.1978648e-01  -2.6913566e-01   1.9265519e-01   2.0991013e-01  -5.5119456e-02   2.6413147e-01  -1.8075504e-01   3.7521916e-01  -3.0917165e-01   2.6633854e-01  -2.5797431e-01   1.9858420e-01  -1.0263981e-01   2.3692570e-01   1.5961372e-01  -4.1374644e-01  -5.4266174e-02   1.3372748e-01   1.1288278e-01  -1.6917843e-01  -2.3710597e-01   4.7829340e-01  -2.2340946e-01  -1.1043309e-01   1.9107048e-01   3.7656829e-01  -2.1054812e-02  -3.1655447e-02   7.1168495e-02   3.0448569e-01  -1.4899402e-01   1.1343917e-01   1.3832390e-01  -3.5445478e-01  -1.7071086e-01  -1.8771061e-01  -2.0656764e-01  -2.4976990e-01  -2.0047071e-01   5.4522722e-02   3.2217518e-01   2.0787909e-01   4.1880822e-02   2.3084395e-01   9.3733305e-02   3.3404142e-01  -3.4109938e-01   2.8812526e-01   9.0824585e-02   3.5587227e-02   1.3334948e-01  -4.2961538e-01  -3.2915041e-01   5.6480795e-02  -1.8878546e-01   3.8335772e-02   2.7027722e-01   4.0608774e-01   8.7421770e-02  -2.9103274e-01   2.6415034e-01  -4.2063715e-01   1.7602836e-01  -2.6039216e-02  -5.6113386e-03   1.1241436e-01
  -9.0716947e-02   6.2754769e-01   8.3685722e-02  -1.1694363e-02   2.8672177e-01  -1.1471031e-01  -2.4377758e-01   2.2193260e-01   0.0000000e+00  -2.6073868e-01   9.3997999e-02   2.1917442e-01   2.5792214e-01  -1.7369262e-01  -1.7709304e-01   1.4675497e-01   5.3925293e-02  -2.0555945e-01   2.8957503e-01   1.4870038e-01  -1.6755760e-01  -1.7535769e-01  -2.3695200e-01  -7.7285513e-03   4.6493366e-02   2.6050989e-01   1.4813328e-01  -1.8642559e-04  -2.6444981e-02   2.9101804e-01   1.7405953e-01  -1.5016876e-01   2.8854657e-01   5.5445870e-02   1.6601892e-01   3.0825671e-02  -2.4586765e-01  -1.1173178e-01   2.0771776e-01   8.8566434e-02   8.7965704e-02   2.9992414e-02   2.3622370e-01   1.0022247e-01   9.9356761e-02   1.3583827e-01   2.9981392e-02   1.3332743e-01  -1.5965210e-01  -1.7595706e-02  -1.2674777e-01   1.5644775e-01   3.1854743e-01  -6.0584370e-02  -1.5050208e-01  -1.4520206e-01   2.2870622e-01  -2.2956257e-01   7.4593807e-02   6.1237187e-02  -5.4136049e-02  -1.8383151e-02   6.4874033e-01   6.5858651e-01   3.6142660e-01   2.3520808e-02  -2.9349841e-02  -3.0780199e-02  -1.2130184e-01   2.0344511e-02   3.1404370e-01  -1.9028438e-01   2.0828495e-01  -9.4793971e-02   2.2188247e-01  -6.3717447e-02   8.2338968e-02   4.3845022e-02   5.4868802e-01   1.4435543e-01  -1.6007816e-01   1.4297015e-01  -6.5289087e-02   1.6322175e-01  -1.0377888e-01  -3.2430120e-02   3.9868338e-01  -1.3399253e-01   1.6866479e-01   6.1782952e-02   1.5120724e-01   4.2206814e-02  -1.1817135e-01   4.6800940e-01  -3.1801374e-02   2.3120583e-01  -2.6623490e-01   6.9396132e-02   4.3611380e-02  -1.7466679e-01  -3.5782881e-02   3.0284240e-01  -3.4260137e-01   6.8874275e-01  -2.1049653e-01  -3.0712564e-02   1.9953414e-01   1.7859432e-01  -2.5233449e-01  -3.0637470e-02  -7.2484393e-02  -2.3318844e-01  -5.7446248e-02  -2.1960651e-01  -1.5777467e-01   2.7692026e-01   7.3464784e-03   1.2323973e-01  -1.5485780e-01  -9.3504254e-02   3.1405269e-02   2.2915753e-01   7.1478547e-02   3.3768584e-01   7.9086060e-02  -2.2399227e-01  -1.2538951e-01  -1.7910438e-02   7.0398394e-02   1.7344805e-01   2.1167983e-01   3.4607804e-01  -3.4803239e-02  -2.6702148e-01   1.4261775e-01  -6.4232813e-02   1.1986612e-01   3.4749451e-02   6.8136448e-02  -3.4109464e-01  -5.7130992e-02  -2.0074037e-01   1.5437837e-01  -1.5287165e-01  -2.3059968e-01  -2.0239498e-02  -5.1051694e-02   1.5347003e-01  -1.6132805e-01  -5.1300758e-02  -3.4366641e-01  -2.1895004e-01   4.5507785e-02   3.2778428e-01   1.7563185e-01  -3.0731353e-02   1.2172910e-01  -4.3894963e-02   1.0927188e-01  -2.5976907e-01   2.7317125e-02   8.2591932e-02  -1.8485612e-01  -2.1998159e-01   2.7114833e-03   2.4893366e-02   3.4871589e-01   3.0006975e-02   2.7435331e-02   5.8939014e-02   9.4822039e-02   9.0276560e-02   7.3209374e-02  -1.5288637e-01  -7.6167026e-02  -5.9421416e-02  -1.2076818e-01
  -1.0980975e-01  -4.0018258e-01  -1.7747741e-01   3.8049276e-01   3.7166459e-01  -1.1075069e-01   4.4296640e-01  -3.9873271e-01  -2.6073868e-01   0.0000000e+00   1.4754740e-01  -2.1818584e-01   2.8107075e-01  -6.2357532e-02   4.7814500e-01   1.4944545e-01  -2.9532477e-01   5.9697534e-01  -3.4978202e-01   5.4453474e-01   4.8217808e-01   2.2469609e-01   7.4113414e-01  -3.7329273e-02  -1.7823148e-01  -3.3585529e-01   1.2964076e-01   6.0103920e-03  -2.0490442e-01   5.5379009e-02   6.7831225e-02   3.2591929e-01  -3.4912460e-02   3.4257012e-01   4.7877580e-02   6.7980111e-01   5.2431666e-01  -7.2508405e-02  -3.1595577e-01   2.6283898e-02   4.8644772e-01   1.4550934e-01   1.5452047e-01  -2.5733806e-01   6.2032286e-01  -1.0605467e-01   4.0679231e-01  -2.6264628e-02   4.8010735e-01  -2.4651748e-01   6.5360645e-01  -4.8938488e-01  -1.8391015e-01  -1.3092705e-01  -1.2454191e-01   7.4507156e-02  -1.8849142e-01   3.5290844e-01   2.1594461e-01   6.9626220e-02  -1.6281657e-01   6.1984009e-01  -2.0821845e-01  -2.4089730e-01   3.6796999e-01   6.2376232e-01  -1.8910417e-01   9.1840279e-02   2.1653807e-01   2.4054039e-01  -2.4917533e-01   5.1568445e-01   3.8291959e-01  -2.5509256e-01   2.2802056e-02  -1.1496146e-01  -2.4335791e-01  -4.1892135e-01   2.2457518e-02  -8.7805481e-02   1.3262394e-01   1.2923279e-01  -8.2385563e-02  -2.8696718e-01  -4.4971020e-01   7.6455496e-02  -1.9876477e-01   3.5208385e-02  -2.6378866e-01  -1.0846587e-01   3.9808619e-01  -3.4246588e-01   1.6714695e-02   1.1196003e-03  -6.4781498e-02   6.9719254e-02   9.6367691e-02  -3.2854194e-01   4.1035810e-01   7.3629576e-01  -3.3104609e-01  -1.1496747e-01   6.6476045e-02  -2.8433506e-01   4.5786047e-01   7.6500948e-02  -3.7161574e-01  -2.7995533e-01   6.6376980e-01   3.7987875e-01   1.1519173e-01   1.9238790e-01   4.3058925e-01  -8.2369581e-02   1.7727179e-01   2.9574094e-02  -1.3020087e-02   4.6185760e-01  -3.7628278e-01   3.8133519e-01  -2.1623732e-01   3.2314662e-01  -1.7781366e-01   1.5884867e-01  -1.3641727e-01  -1.1643258e-01   6.2293262e-01  -2.3627884e-01  -3.9160793e-02  -4.1169169e-02   1.6454375e-01   2.1652512e-01  -1.7219998e-01   1.3908732e-01   3.0173638e-01  -1.6674128e-01  -2.1578886e-01  -1.6202541e-02  -2.5064004e-01  -1.1950950e-01  -2.5552013e-01   1.1603706e-01  -2.0827834e-01  -2.4394246e-01   5.2702479e-01   1.8778881e-01   3.6058321e-01   2.9701141e-01   7.2208742e-01   2.0832335e-01   4.0076544e-02  -2.1661568e-02  -1.8620844e-01   8.4563718e-02  -3.1487688e-01  -1.1247978e-01  -2.0500214e-01   5.2536406e-01  -2.3058695e-01   1.0114584e-01  -7.6769462e-03  -3.1152441e-01   6.2721754e-01   4.6806456e-01   2.0200917e-01   2.6631947e-01   2.8297292e-02  -1.5331710e-01  -2.5068914e-01  -3.1328676e-01   6.4638168e-01  -1.4110851e-01   4.5701941e-01  -3.2152188e-01   6.5763666e-03  -9.7243033e-02   1.2104649e-01
  -4.5857385e-03  -1.5613591e-01  -3.7831838e-01   1.3705323e-01  -1.2453888e-01   1.0550258e-01   3.0990172e-01   4.1822948e-02   9.3997999e-02   1.4754740e-01   0.0000000e+00  -3.1965145e-01   2.7739570e-01  -8.0712282e-02   9.6783095e-02   3.1453099e-01  -3.8508366e-01   4.9681867e-01   1.6699513e-01   8.3910982e-04   3.5550758e-01   1.4689933e-01   2.9770363e-01   7.9581240e-02  -8.5824676e-02   7.0695906e-02   8.6295358e-02   1.3154715e-01  -2.5353432e-01   4.7350106e-01   2.5349774e-01   1.3161192e-01   7.6500404e-02   5.5756618e-01  -9.9251471e-02   2.3028890e-01   2.9652447e-01   1.5682964e-01   1.5857631e-01  -3.6224101e-01   1.7132769e-01   7.3558205e-02  -1.9247359e-01   4.5861935e-01   3.4241139e-01   3.1549199e-02   4.6815172e-01   2.0242534e-01   3.8220947e-02  -4.4517691e-01   3.9691473e-01   1.8112026e-01   2.0433947e-02  -1.4643522e-01  -8.5418768e-02   5.4885872e-01   1.8873475e-01   1.1192885e-01   3.3381925e-01  -2.5504870e-02   1.8131302e-01  -4.3079947e-02  -5.3466400e-02   3.3698358e-01   1.5037037e-01   1.6797546e-02   1.3838614e-01   1.4980417e-01   4.4080986e-01   2.4441531e-01  -2.6268911e-01   2.6168859e-01   3.8030265e-01  -1.5156657e-01  -1.9821707e-01   9.2026476e-02   2.5472001e-01  -2.0560995e-02  -1.0393498e-01  -3.9915402e-02   4.0782198e-01   2.5401014e-01   4.4350170e-02  -1.0515184e-01  -2.9723926e-01   2.1560446e-01  -1.1153852e-01  -1.0818776e-01  -2.6123371e-01   3.4965848e-02  -1.1958365e-01  -2.1498306e-01  -1.0281111e-01  -2.5201052e-02   3.2268828e-01  -2.7077442e-01  -8.6934920e-02   8.0191320e-02   7.4336144e-02   1.1017415e-01  -7.4147058e-02   1.0777114e-01   2.3925865e-01  -4.9131294e-02   2.9908477e-01  -1.3787913e-01  -2.1300781e-01   2.1776336e-01  -1.7593816e-02   4.4818137e-01   1.0776461e-02   2.1820964e-01   1.8681699e-01  -4.2823147e-02   2.2550295e-01  -2.7508434e-01   4.3632516e-01   2.6959190e-01   9.5993197e-02   1.7483389e-01   1.4152833e-01  -6.1069897e-02  -4.7372023e-01   8.0404606e-02   8.2890212e-02  -3.0495547e-02   1.4897682e-01  -3.1624156e-01   1.6732274e-01  -1.4255826e-01   1.9269882e-01   4.0902274e-01  -6.7768545e-02   2.2649665e-01  -5.1173493e-02   2.0829264e-01  -3.4371273e-02   3.9270641e-01   2.8389871e-02   1.6562813e-01   2.8874291e-02  -1.3704104e-02   5.0606778e-01   1.2465362e-01   1.4852881e-01   2.9525261e-01  -2.1279096e-01  -1.2850764e-01   5.0511449e-01  -2.9616438e-02   1.1177059e-01   1.9554556e-01  -2.9711958e-02   4.4555160e-01  -3.2497870e-01   1.5283349e-01   1.7978333e-01   3.3421120e-01  -1.5004401e-01   2.2147037e-01  -1.2751237e-03   3.3949769e-01   7.9945433e-02   2.8992524e-01  -5.5931667e-02  -6.0996052e-03   2.7997226e-01   9.0574920e-02   6.4205571e-02  -5.6672805e-02   1.7734746e-01   2.2291349e-01   4.7347124e-01  -1.0312391e-01  -1.1580039e-01  -6.1265720e-02   6.2316579e-02
  -1.9732663e-01   7.0354405e-01   7.6073925e-01  -2.4693091e-01   2.7384805e-01   1.2718078e-01  -2.1904598e-01   1.6369808e-01   2.1917442e-01  -2.1818584e-01  -3.1965145e-01   0.0000000e+00  -1.7376269e-01  -4.2549589e-01  -9.8440116e-02   9.0245429e-02   6.2732494e-01  -4.8403103e-01   1.9876201e-01   2.2086385e-01  -4.9438922e-01  -4.5754592e-01  -4.8877326e-01  -1.6120356e-01   2.1247229e-01   3.6387836e-02   2.1424277e-01  -2.6954621e-01   1.2575805e-02  -1.4299140e-01  -2.5576455e-01  -2.5569824e-01   2.8248376e-01   1.8327475e-02   4.9902443e-01  -2.8317096e-02  -5.4515453e-01  -1.8644400e-01   1.4085162e-01   6.0616096e-01  -1.4980395e-01   1.6653603e-01   5.2542829e-01  -2.6738920e-01  -8.3978771e-02  -3.3393861e-02  -2.4945856e-01   2.0518366e-02  -3.8715130e-01   6.2073905e-01  -4.4029514e-01   8.0748603e-02   4.6728987e-01   3.9586310e-01  -1.4969554e-01  -2.8232587e-01  -5.6497391e-02  -3.6507751e-01  -1.9148484e-01   1.5391290e-01   9.6457911e-02  -1.5517844e-01   6.0436183e-01   7.6694744e-02  -2.2784699e-01   2.1832780e-01   1.0492668e-01  -2.4942263e-02  -2.3501387e-01   1.3615713e-02   5.1127314e-01  -2.8283101e-01  -7.3461107e-02  -4.2770067e-02   2.4772574e-01  -2.5458527e-02  -1.9643793e-01   3.0251360e-02   4.8567905e-01   1.6003131e-01  -5.2796759e-01   2.8920955e-02  -4.7603365e-02  -2.2482354e-02   1.5555061e-02  -4.9575464e-01   1.2320569e-02  -1.4926995e-01   4.4885520e-01  -2.4004622e-01   1.0027773e-01   4.3090667e-01   4.6698698e-01   4.7924090e-01  -1.9228789e-01   6.4918438e-01  -8.4374611e-02   1.2316684e-01   1.7913840e-01  -2.6011426e-01  -1.2484633e-01   4.7561649e-01  -4.3761095e-01   1.7208098e-01  -5.7854803e-01   8.0445564e-02   4.8708857e-01   2.2256368e-02  -3.6603080e-01  -3.4411727e-01   4.0621857e-01  -5.4647750e-01  -3.5130130e-02  -1.9045095e-01  -1.7454325e-01   4.0973809e-01  -2.4134931e-01  -8.3114295e-02  -2.8971020e-01  -1.6752897e-01  -1.3897738e-01   3.0055591e-01   5.5990489e-01  -9.0031917e-02  -2.1923598e-01  -3.1491853e-01  -2.7745875e-01   3.2503619e-01  -1.8967964e-01   5.4530568e-01  -5.4368606e-02  -3.5224109e-02  -5.4527542e-02  -5.0279841e-01   2.7685917e-01  -9.2779224e-02   1.4638739e-01  -4.0541096e-01  -3.5732563e-02  -1.5839977e-01   2.0637515e-02  -1.5061803e-01  -9.5448129e-02   1.6563440e-01  -3.7659316e-01  -5.2923178e-01   5.4997120e-01   2.5048685e-01  -3.5087310e-01  -4.1465875e-01   4.5699720e-02  -3.6025319e-01   1.4364584e-01  -5.1316488e-03   8.0061270e-01  -1.0755335e-01  -5.8015817e-02  -2.5838886e-01   4.3482110e-01  -2.8720518e-01   2.9479538e-01  -2.1081319e-01  -8.0474417e-02  -5.1893797e-01  -7.0733286e-02   2.1234374e-01   4.0496639e-01  -2.6546997e-01   1.9752875e-02   2.5942960e-01  -1.0986931e-01  -6.7167688e-02  -2.4707409e-01   3.0551128e-01   8.8622729e-02   3.2003999e-01  -1.0656533e-01
  -3.9419311e-02   2.1836219e-02  -1.2172589e-01   2.3863627e-01   2.7152766e-01   3.0400142e-02   1.0876476e-01  -1.5268866e-02   2.5792214e-01   2.8107075e-01   2.7739570e-01  -1.7376269e-01   0.0000000e+00   6.8657457e-02   3.1065719e-01   2.7980895e-01  -1.6748102e-01   3.6482412e-01   1.2715981e-01   3.2037192e-01   2.0167091e-01   1.4735781e-01   2.5185797e-01  -1.9813979e-01  -1.6055022e-02   6.5802218e-02   5.6934904e-02   1.5530279e-01   4.1376810e-02   1.9463354e-01   3.3361376e-01   2.3799454e-01   3.2551055e-01   2.0612096e-01  -8.0436888e-02   3.6388859e-01   3.0472427e-01  -1.0182889e-01   8.6468215e-02  -1.7996259e-03   6.0404206e-01   2.7240953e-01   2.5621329e-02   9.4814609e-02   3.1809551e-01  -2.1094607e-02   3.2146686e-01   1.2062733e-01   4.2117460e-01  -2.5665749e-01   3.2765213e-01  -9.3764099e-02  -2.9790857e-02  -1.5431798e-02   1.5742642e-02   1.2712797e-01   4.0961254e-02   1.1542692e-01   3.0061647e-01   1.2305682e-01  -1.7047456e-01   3.4800719e-01   7.4112721e-02   2.3891071e-01   3.5485605e-01   2.5330919e-01   1.3707302e-01   2.2217741e-02   2.8555403e-02   1.0942250e-01  -9.6856624e-03   2.3247767e-01   6.1866838e-01  -1.5099533e-01   2.9249530e-01  -9.6303645e-02  -8.5458354e-02  -2.6600876e-01   1.6336051e-01   2.5180775e-01   1.6693082e-01   3.5732825e-01   1.2962351e-01  -1.2122531e-01  -6.3019021e-02   9.2989663e-02   1.3776684e-01  -3.3990294e-02  -7.0104822e-02   4.9555422e-02   3.6012795e-01  -8.6805881e-02  -5.8382181e-03   1.2631765e-01   9.7211609e-02   1.1892434e-01   2.6296031e-01  -5.7222501e-02   1.7963920e-01   3.6264765e-01   7.4686350e-02   1.2064798e-01   1.4389264e-01   1.5923404e-01   1.5426471e-01   2.2823544e-01   3.0513710e-02   9.7425040e-02   2.2731440e-01   1.5555386e-01   5.0514700e-03   5.1740672e-02   1.8641121e-01  -9.2071792e-02   5.9205091e-02   7.2744681e-02   9.2774897e-02   6.6853785e-01  -1.6292535e-01   2.9686006e-01  -1.5201274e-01   1.4428652e-01  -1.4039023e-01   3.1514109e-01  -6.9527436e-02  -9.6214101e-02   3.4136941e-01  -1.3166814e-01   1.4177275e-01  -2.8217528e-02   2.9955868e-01   2.8403798e-01  -6.8892184e-02   5.8273582e-02   2.1848273e-01   1.5957299e-02   2.0343462e-01   2.1938202e-01  -3.5906460e-02  -6.1314008e-02  -2.3956976e-01   3.0373130e-01  -6.4151733e-02  -2.2547031e-01   3.0945102e-01   2.1882399e-01  -8.7846497e-02   1.8095147e-01   1.8043303e-01   1.8325823e-01  -1.0009875e-01   1.9616987e-01  -1.2767752e-01   3.6402753e-01  -1.2116859e-01  -1.6547098e-01  -4.9051055e-02   4.3697583e-01  -8.0517893e-02   9.4092847e-02  -6.3716860e-02  -1.7234140e-01   1.6976914e-01   2.9875880e-01   1.5615190e-01   4.2281039e-02   1.6580994e-01  -9.0359084e-02  -1.2710306e-01   1.8013001e-02   3.3218123e-01  -7.7187851e-02   2.0669527e-01  -1.4785629e-01   2.9398803e-03  -9.8341004e-02   2.6690038e-03
   2.8902710e-01  -3.6129895e-01  -3.2471026e-01   1.9209763e-01  -4.1278820e-01   1.8404405e-01   1.7529149e-01   2.3650486e-02  -1.7369262e-01  -6.2357532e-02  -8.0712282e-02  -4.2549589e-01   6.8657457e-02   0.0000000e+00   7.0563575e-02  -2.1761533e-01  -3.4594452e-01   7.6750197e-02   6.2033453e-02  -4.0732744e-01   1.3966114e-01   5.1149990e-01   1.4392638e-01  -1.2634112e-02   6.6844046e-02   1.0050890e-01  -8.8432266e-02   3.5480314e-01   1.2789211e-01   2.9472361e-01   1.6965116e-01   1.7368831e-01  -1.4910957e-01  -1.9870183e-01  -3.0104805e-02  -3.5110756e-01   2.3991458e-01  -1.0459534e-01  -1.1806536e-02  -3.2555386e-01  -1.0407863e-01  -1.2978565e-01  -5.0032171e-01   2.0652249e-01  -2.0989283e-01   1.2612531e-02  -1.2797358e-01   1.0044548e-01   2.8614149e-01  -3.6671497e-01   1.7622631e-02   1.4470642e-01  -4.3257311e-01  -2.3497073e-01   5.4549687e-01   1.5823532e-01   5.0281305e-02   4.0667698e-01  -9.2503497e-03   2.6373952e-01  -2.8429911e-01  -4.2601793e-02  -3.6215213e-01  -1.6605191e-01   1.1982884e-02  -3.4525675e-01   2.9049250e-01  -4.3659483e-02   1.6608073e-02   1.5528853e-01  -2.4509082e-01   1.1849399e-01  -4.4201228e-02   4.2867397e-01  -4.7177068e-02  -8.2772818e-02  -1.3554156e-01   7.0697891e-02  -4.7813556e-01  -2.8466180e-02   5.8129983e-01  -1.5124617e-01  -2.5672509e-02   1.2935421e-01   4.1895491e-01   2.1131477e-01   1.5788030e-01   3.1639233e-01  -3.6251949e-01   4.5987952e-01  -2.5172313e-01  -3.0268651e-01  -4.2660079e-01  -3.1032970e-01  -1.5807145e-01  -4.3490893e-01   9.4245674e-02   1.6125806e-01  -2.9904857e-01  -1.8876436e-02   3.6398117e-01  -2.7576778e-01   6.4914930e-01  -3.4155903e-04   3.2587243e-01   4.3141422e-02  -6.8911352e-02   1.0347248e-01   1.2966040e-01  -5.3669233e-02  -5.2981251e-01   6.2496667e-01   4.5329757e-02   1.5426936e-01   2.1381997e-01  -3.8998836e-01   1.5552114e-01  -2.1994805e-01   3.2742373e-01   3.1649946e-01  -5.7904573e-02  -4.6818997e-01  -1.5407092e-01  -1.5313799e-02   2.0101252e-01   7.3461203e-01   1.7655301e-01  -2.8492784e-01   1.6371555e-01  -1.6872897e-01  -5.5419674e-02  -2.0024367e-01   3.1005494e-01   3.9533180e-01  -1.6976403e-02   1.0965490e-01   1.0766722e-02   4.2259362e-01   8.1438027e-02   2.1230865e-02   1.2004072e-02   4.6677551e-02  -6.6855642e-02   9.1058995e-03   2.0477059e-01   3.6475073e-01  -4.0711164e-01  -3.1404596e-01  -3.5809253e-02   2.7587580e-01   6.9968851e-02   5.6062509e-01  -6.7809552e-02  -1.4372379e-01  -3.5082969e-01   9.6330673e-02   7.4867954e-02  -1.3958741e-01  -3.1757668e-01   5.3806826e-01  -1.9788909e-01   4.6971767e-03  -2.8646816e-01   2.9732573e-01   1.6006259e-01  -2.9493355e-01  -3.9057801e-01   2.6749924e-01   8.1003371e-02  -2.0854692e-01  -1.8277734e-01  -1.5210872e-01  -1.4560185e-01   6.2095255e-03   5.6223158e-02  -3.9748072e-01   9.7741677e-02
