   0.0000000e+00  -6.8679471e-02  -1.1817491e-02   1.9867059e-01   6.2702321e-02  -1.0097939e-01   3.9469305e-02   8.8603131e-03   1.6292616e-01   1.8070117e-02  -4.1448205e-01   7.6075625e-02  -1.8640627e-02   7.2281147e-01  -3.8227325e-01  -2.4669441e-01  -2.5329078e-01  -2.6381386e-01   2.4972423e-01   2.1000557e-01  -3.0058391e-01   1.9135341e-01  -2.1917447e-01   5.6764076e-01   7.3093012e-02   2.4352480e-01  -2.9341354e-02   1.7126903e-01   5.1172843e-02   1.3124657e-03  -4.6091983e-01  -1.7197773e-02  -1.1651454e-02  -2.2445238e-01  -4.4394210e-02  -2.7923171e-01   2.7977461e-01   3.9637978e-01  -2.2407614e-01  -1.9293848e-01   3.2572237e-02  -1.9800568e-01   2.4286901e-01  -2.1680554e-01   2.2081688e-01   2.3667203e-01  -1.7087928e-01  -4.4651049e-01  -1.4844533e-01  -4.6840561e-01  -2.7544755e-01   2.1447855e-01  -2.4693682e-01   2.2428247e-01   5.2413285e-02  -2.0742775e-01   1.4076438e-01   7.1424999e-02   6.8254029e-02   1.0284403e-01   4.2261019e-01  -8.8834619e-03   2.5827204e-01  -2.9236479e-01   1.5168413e-01  -2.6459185e-01  -5.6110352e-02   1.8506592e-01  -8.7490392e-02  -1.5055659e-01  -2.1475204e-01   2.8816936e-01  -1.8601301e-01   2.0498429e-01   1.1411475e-01   1.1502843e-01  -7.4286637e-02  -5.8328866e-02   6.0359282e-03   7.4278599e-02  -1.5523539e-01  -1.4897479e-01  -4.2755499e-01   2.5286066e-01  -1.3109474e-01   6.5146679e-02  -2.4138806e-01   2.7711876e-01   2.0524043e-01   7.0448048e-01   3.0607379e-02   9.0208923e-02  -4.9212774e-03   2.0426972e-01   5.1596059e-01   1.1328060e-01   1.8388267e-01   2.0297352e-01   1.4214167e-01   2.2276530e-01  -3.1917372e-01  -2.6480952e-01  -2.0267150e-01   1.6051474e-01   1.1652934e-01   3.1606560e-01   1.1805963e-01   2.8190981e-01  -6.6204370e-03  -3.0255502e-01   3.8538231e-03  -5.8753105e-02   4.2815281e-01   8.0196848e-01   7.6608975e-02  -2.0628105e-01   3.4492235e-02  -1.8904884e-01   7.6773653e-02  -1.0430207e-01   4.6998719e-01   1.2037726e-01   1.2983890e-01  -2.4741538e-01   4.9588227e-01   4.9853506e-01  -2.2483005e-01   4.6081044e-02   2.5347316e-01  -3.8448589e-01  -3.1399793e-01  -5.4182922e-01  -1.4331534e-01  -3.7024392e-01   3.4995174e-02   1.3077638e-01   1.5421619e-01   1.5355311e-01  -2.6364038e-02   6.4263215e-01   4.9997223e-01   4.1378753e-01  -1.6887871e-01  -7.2369030e-02  -3.5510724e-01  -3.2778559e-01  -4.3130854e-02  -6.3823749e-02  -2.2778425e-01   2.3829906e-01   1.1925233e-01  -9.8744310e-02   4.0856327e-01  -4.3520122e-01  -2.5693156e-01   4.0146899e-01   6.2251972e-01   1.6033839e-01   9.2702069e-02  -9.0979842e-02   1.6791773e-01  -2.6016390e-01  -1.5324621e-01   2.2096502e-01   1.7471365e-01  -4.0679242e-02  -2.9430854e-01   7.4449617e-02   5.5061282e-01  -2.9527730e-01   4.7334885e-03   5.2050607e-01   9.3923744e-02  -2.0390560e-01   1.0317165e-01  -6.5081659e-02   4.2187256e-01
  -6.8679471e-02   0.0000000e+00   4.8406943e-01  -2.8184852e-02   4.6823439e-01  -2.5784474e-01   2.4394843e-02  -2.0712715e-01   2.7470984e-01   1.8091237e-01  -3.2203877e-01   4.3605269e-01   3.4215020e-02  -1.4502689e-01  -1.2227154e-01  -1.4085747e-01   6.0118185e-01  -3.8178603e-01  -5.7944795e-02   9.9546857e-02  -2.7113579e-01  -4.5387513e-01  -4.2053284e-01  -1.8087361e-01   7.0813960e-02  -2.9197519e-01   2.3658376e-01  -3.5894363e-01   1.8747457e-01   1.5013128e-01   1.9029885e-01  -5.0384345e-01   1.0198159e-01   1.8917913e-01  -1.2880771e-01   3.6225734e-02  -3.7315198e-01  -1.3552967e-01  -1.3281728e-01   3.0015695e-01  -6.1107069e-02   4.1771258e-02   4.4456480e-01   2.2192236e-02  -1.2443036e-01   2.0784660e-01  -3.2625812e-01   4.0291850e-02   4.4358259e-02   4.7455875e-01  -3.5904665e-01  -1.1335041e-01   5.6964880e-01   2.5858338e-01   1.1161509e-01  -3.1671644e-01  -1.5309231e-01  -4.2099364e-01  -2.2811744e-01  -3.4743723e-01   4.9414221e-02  -1.6708374e-01   4.5570830e-01   3.8963595e-01   6.1140089e-01  -2.8850995e-01  -2.7770328e-01  -4.5705295e-02  -3.5111766e-01   9.9963585e-02   6.3752011e-01  -2.9976777e-01   9.8676518e-02   3.1333721e-02   2.2217011e-01  -4.8447472e-01   2.9807461e-01  -1.5931120e-01   3.3254121e-01  -3.2844537e-02  -4.9167626e-01  -4.8286815e-02   5.2281637e-01  -5.4212099e-02   2.7906293e-01  -5.6820445e-01   1.4798210e-02  -1.7760124e-01   4.0706038e-01  -1.4199435e-01   2.2903198e-01   3.8758543e-01   2.2780490e-01   2.9951940e-01  -2.1497544e-01   3.8710017e-01  -1.5854479e-01  -2.7575732e-01   2.3087789e-01  -2.6670906e-01   1.3863716e-01  -2.7725983e-01  -4.0866858e-01  -2.7744759e-01  -4.1578029e-01  -5.1146825e-01   8.7373162e-02  -4.1366828e-01   1.1277042e-01   5.3687579e-02   4.0864261e-01  -4.1805723e-01  -2.2359528e-01  -1.2679565e-01  -3.9431344e-01   4.8513490e-01  -3.3633846e-01   1.3009195e-01  -1.7771925e-01  -6.1120355e-03  -1.7199465e-01   2.4031591e-01   4.1457526e-01   2.0888097e-01  -2.1508274e-01  -4.0494860e-01  -3.9403438e-02   1.5073628e-01  -4.3609795e-01   5.3736329e-01   6.0710600e-03   5.4411862e-02   5.0978469e-01   1.4157654e-01   1.8860262e-01  -4.4873270e-01  -1.2431184e-01  -2.7006094e-01  -4.7014938e-01  -1.5779379e-01  -4.1431870e-02  -5.6539619e-02  -3.0833981e-01   1.2917303e-01  -1.4683591e-01   6.3293373e-02   7.0341220e-02  -1.7771744e-01  -2.8290793e-01   1.5911230e-01  -4.7778734e-02  -1.9058177e-02  -1.1074086e-01   3.3543351e-01   5.0279191e-01  -1.9815125e-01  -2.6861537e-01  -1.9216285e-01   1.5241544e-01  -4.8038477e-01   2.4095041e-01  -1.6963733e-01   3.1984765e-01  -5.1396165e-01  -2.6227223e-01   5.0273687e-01  -1.8541161e-01  -9.5771009e-02   9.5527378e-03   4.2204007e-01   4.3548620e-01  -1.1719712e-01  -5.4946398e-02  -1.0946608e-02  -4.2548004e-02   1.1019975e-01  -3.5314105e-01
  -1.1817491e-02   4.8406943e-01   0.0000000e+00  -1.8417528e-01   3.2713708e-01   1.2929918e-01   3.3813073e-01  -2.8011740e-01  -1.8364391e-01   4.1490100e-01  -4.6666947e-01   7.9142614e-01  -7.2194821e-02  -2.0460232e-01  -2.3280690e-01   2.3086661e-01   8.5494432e-01  -4.7822884e-01  -1.3848705e-01   6.2280376e-01  -4.4175369e-01  -2.9663908e-01  -2.2288997e-01  -1.7146894e-01   1.6112466e-01  -1.7128444e-01   4.4672110e-01  -2.9662658e-01   1.3758974e-01  -1.1915833e-01  -2.7855660e-01  -4.0228515e-01   1.2804040e-01   2.6436329e-01   5.0349543e-02   2.9128330e-01  -3.3318534e-01  -6.1093882e-02   7.8999212e-02   6.7965936e-01  -1.3647901e-01   9.8890788e-02   4.5469037e-01  -4.3361175e-01  -2.0213025e-01   4.5116986e-01  -2.3975103e-01  -1.3455938e-01  -1.9217284e-01   3.4869219e-01  -3.4975936e-01  -1.2622589e-01   3.8692188e-03   3.3607636e-01  -2.2001629e-01  -3.0037810e-01  -2.7241318e-01  -2.3382174e-01  -3.4826123e-01  -1.8138744e-01   4.6979449e-01  -8.2541822e-02   2.7382719e-01  -2.8764074e-01   2.6072677e-02  -2.3909264e-01   3.2863752e-02   4.7365525e-02  -2.0566122e-01   6.5900177e-01   4.1926180e-01  -2.5346251e-01  -4.9169672e-02   3.5208756e-01   1.7087631e-01  -2.8460094e-01   3.5884647e-01  -3.4284291e-01   3.0796879e-01  -5.8979078e-02  -2.8659428e-01   5.4377232e-02   1.0184319e-01  -1.1206447e-01   2.4740275e-01  -3.6715971e-01  -1.9980215e-01  -2.6934833e-01   1.5339573e-01  -1.2153359e-01   4.7753306e-02   5.7291534e-01   6.1866587e-01   2.0381975e-01  -1.6393915e-01   5.4839108e-01  -1.1519703e-02  -3.8375936e-01   4.3853511e-02  -1.2583975e-01  -1.1204099e-01  -2.7950857e-01  -2.9067383e-01  -3.2403511e-01  -2.7064117e-01  -2.1102414e-01   4.2663559e-01  -3.1875921e-01   1.0020335e-01  -9.3728559e-02   5.9106034e-01  -3.6639535e-01  -4.9974860e-02  -9.7147188e-02  -3.7859265e-01   1.7666543e-01  -2.8855874e-01   4.4021892e-02  -1.2256915e-01  -2.0395756e-01  -2.7934491e-01   1.5181351e-01   2.7317204e-01  -2.6188288e-01  -1.0378983e-01  -2.1607635e-01  -1.6403492e-02   1.1600447e-01  -2.4996384e-01   7.4832082e-01  -6.4706645e-02  -1.2635847e-01   4.9679069e-01  -2.3160225e-01  -6.8612409e-02  -2.5263897e-01   2.1198139e-03  -3.9798444e-01  -2.2339716e-01  -9.2378665e-02   5.5667793e-02   2.0230630e-01  -4.8977264e-01   4.6909002e-01  -1.1031768e-01  -4.8878445e-01   4.9966207e-01  -3.6654667e-01  -1.2586819e-01   3.0244557e-02   1.0945744e-01  -1.7392935e-01  -1.4341456e-01  -2.0853159e-01   8.1061105e-01  -1.7112340e-01  -1.7493864e-01  -1.8263251e-01   2.6211920e-01  -2.9079887e-01   1.5258644e-01  -4.9407149e-01   2.6777202e-02  -3.7106776e-01  -1.4629415e-01   4.7173303e-01  -3.2535979e-01  -1.6362686e-01  -1.5842432e-01   1.9457481e-01   3.6203509e-01  -8.9469412e-02  -3.5046104e-01   9.9930799e-02  -2.1041037e-02   7.2593083e-03  -1.0020350e-01
   1.9867059e-01  -2.8184852e-02  -1.8417528e-01   0.0000000e+00   8.2363175e-02   1.5297698e-01  -1.2132040e-01  -7.5202346e-02   1.2554738e-01  -2.5167095e-01  -1.6111287e-01  -2.1491930e-01   1.3519261e-01   1.8826080e-01   2.5132633e-01   3.9851273e-01  -1.0708442e-01   6.9642334e-02   4.5549241e-02   1.2443194e-02  -1.1499664e-01   4.5306951e-03   2.3107645e-02  -6.7344704e-03  -2.7556780e-01   4.2981839e-01   3.8511892e-01   6.2196764e-02   5.6979204e-01  -4.7921430e-02   8.3964827e-03   4.8639703e-01   5.4835887e-01  -1.3156544e-01   1.6805966e-01  -2.1250414e-01   2.2631655e-01  -8.3629953e-02   3.4556030e-01  -5.4348933e-02  -5.9057166e-02   3.4421850e-01   1.9658864e-01  -2.1656959e-02   3.1057355e-01  -1.8820589e-01   2.5929083e-01  -2.6320713e-01   2.3331892e-01  -1.2380600e-01   3.1424969e-01   1.1487916e-01  -4.5967498e-02   3.5016459e-01   1.0033196e-01   6.7221958e-02   6.1507980e-02   5.0358798e-01   2.8263625e-01   3.2530945e-01   1.6845114e-01   2.9863857e-01   1.1975601e-01   1.2702634e-02   1.4202758e-01  -1.5002797e-01   1.6332479e-01   4.6006147e-01   3.1506411e-01  -3.4059139e-01  -2.5383875e-01   4.7198420e-01  -8.2888085e-02  -1.2729868e-01   2.8797462e-01  -9.8287530e-02  -2.4709440e-01   1.5539318e-01  -3.3154888e-01   5.6051738e-01  -1.6381896e-01  -3.0205316e-02  -2.2061445e-01   1.6666356e-01  -3.3472724e-01  -3.6277511e-02   1.8433940e-01  -6.2466652e-02   5.8281539e-03   1.3895950e-01  -2.4873927e-01   4.5631198e-02  -1.6884031e-01   5.4687198e-01   2.1773130e-01  -5.6578339e-02   5.1838291e-01   1.8335094e-01   1.5215479e-01   2.4230431e-01  -2.5146955e-01   2.4432478e-01  -1.2169288e-01   3.3135468e-01   1.3604282e-01   3.1960873e-01   2.1894839e-01   2.4064739e-01   4.1843924e-01  -9.9832954e-02  -6.9257749e-02   2.5636765e-01   6.0129935e-01   5.2536767e-02   5.0451140e-02  -4.4896147e-01   1.5837436e-01  -1.0082837e-02  -2.6976257e-01   6.2142245e-01   2.8818733e-01  -1.0304138e-01   1.4579665e-01  -3.7289062e-02  -1.3045714e-02   3.2244729e-01   2.2564901e-02  -5.4793420e-02   4.1369089e-01  -3.1677811e-01   2.2888206e-01  -4.1813567e-01  -1.7346366e-01   8.4756123e-03   3.0968407e-01   4.3202141e-02   6.3906155e-01  -2.4719385e-01  -7.1257781e-02   3.8100893e-01   3.2830662e-01   9.3510333e-02   3.0300077e-02  -2.3240657e-01   6.9356740e-02   2.2666349e-01  -2.4885318e-01  -2.6037063e-01  -1.2672438e-01   5.0555383e-02  -1.8861904e-01  -2.0945212e-01   5.2181588e-01  -1.7273510e-01  -1.5865449e-01  -6.3779632e-02   4.1850585e-01   2.1495217e-01   5.3376705e-01   1.1713203e-01   5.1159078e-01  -3.5482957e-01  -3.0394014e-01   8.5257914e-03   7.5304292e-01  -3.6065621e-01  -3.5113314e-01  -1.2200956e-01   4.3265913e-01  -2.9795750e-01  -7.0634826e-02   7.3845628e-03   9.8872492e-02  -1.7271740e-01   6.2984165e-01   6.0494976e-01   2.2472937e-01
   6.2702321e-02   4.6823439e-01   3.2713708e-01   8.2363175e-02   0.0000000e+00  -3.1186178e-01  -4.7808094e-02   9.7146414e-02  -7.5236137e-02   2.9508670e-02  -2.0837266e-01   1.7195683e-01   1.4631987e-01   1.1619995e-01  -1.3978218e-01  -2.1853030e-02   4.4969486e-01  -2.2248200e-01   5.6611733e-02   4.5454778e-01  -3.3966513e-01  -5.7467848e-01  -4.8163927e-01  -1.0762512e-01  -2.1046268e-01  -1.7501012e-01   3.9665165e-01  -3.1344886e-01   2.9444230e-01  -1.5065071e-01  -1.0515055e-01  -3.4822091e-01   1.8758776e-01   3.1120600e-02  -3.5331324e-01   3.5968181e-01  -1.7194772e-01  -4.2481212e-02   6.7805089e-02   2.6317961e-01   6.6049499e-03   2.5645882e-01   4.1973910e-01   1.0707964e-02   1.6499109e-01   1.1426448e-01  -9.9555997e-02  -3.0906897e-01   2.3815087e-01   4.4196774e-01  -1.7640610e-01   1.0949955e-01   2.2897906e-01   4.3621224e-01  -4.0937530e-02  -3.8142535e-01  -4.8619688e-03  -4.5177291e-01   5.9446800e-02  -4.7241966e-01   1.8428677e-01   1.5520921e-01   3.0944333e-01   6.3114579e-02   4.0638621e-01  -2.1622750e-01  -2.1977586e-01   7.2542012e-02  -3.3285725e-01  -2.1814209e-01   1.3544419e-01  -1.7103116e-01   8.3750148e-02  -2.0980383e-01   4.5380312e-01  -3.0556088e-01   1.9787737e-01   9.7352582e-03   3.7236562e-01   3.3047530e-01  -6.2823582e-01   3.4088477e-02   1.6809899e-01   4.1894350e-02  -1.6978671e-01  -4.2433870e-01  -2.2929647e-01  -4.7900102e-02   3.5332686e-01  -1.9847736e-01   5.7466389e-01   3.7492951e-01   2.7888734e-01   2.0891360e-01  -3.5034249e-02   7.9331639e-01   1.4119066e-01  -9.3547576e-02   4.4571465e-01  -2.7596531e-01  -2.1855312e-01  -1.4970672e-01  -4.4670678e-01  -4.5750376e-01  -4.3606641e-01  -3.9304840e-01   3.3573207e-01  -2.5425754e-01   3.2323273e-01   4.3055847e-02   2.9953011e-01  -5.4245520e-01  -2.7761889e-02  -2.8761644e-03  -4.7980020e-01   3.8316354e-01  -1.6121252e-01   9.8473779e-02  -2.8574783e-01   1.8223064e-01   5.2147249e-03   5.4008092e-01   4.8618363e-01  -6.8466795e-02  -2.8398903e-03  -3.4245749e-01   5.1192499e-02   4.4219027e-01  -4.0179194e-01   1.0261969e-01   1.8372628e-01  -1.2503697e-01   5.5978392e-02  -2.0349445e-01   3.9161385e-02  -2.6851479e-01   2.3107120e-01  -2.0389987e-01  -4.2528613e-01  -1.6918931e-02   2.0642175e-01   6.7871213e-03  -2.2470270e-01  -2.2992462e-01  -3.6344994e-01  -1.7899316e-01  -1.8187334e-01  -2.7255334e-02  -1.8289837e-01  -1.0160066e-01  -3.0949475e-01  -1.3581759e-01   5.0858274e-02   2.4529339e-01   2.4587915e-01  -2.1776786e-01   1.7523214e-02  -1.3669633e-02   3.6891592e-01  -5.0824698e-01   3.6068172e-01  -5.1366795e-02   3.3326717e-02  -4.0767304e-01  -2.3933554e-01   3.8667191e-01  -5.7447900e-02  -1.0688702e-01   1.2431728e-01   2.9852110e-01   5.9616966e-01  -8.5711468e-02  -3.5053065e-02  -2.2138725e-01   2.0543187e-01   3.4522862e-01  -3.4436902e-01
  -1.0097939e-01  -2.5784474e-01   1.2929918e-01   1.5297698e-01  -3.1186178e-01   0.0000000e+00   3.0968276e-01  -2.9179887e-01  -3.4697859e-01   3.1932057e-02   1.4515444e-01   2.0399374e-01   2.5846389e-02  -3.3333500e-01  -3.7272871e-02   5.3229145e-01  -4.4142928e-02   2.0121478e-01  -3.4478755e-01   3.2194927e-01   1.0917020e-01   3.9253628e-01   3.9984731e-01  -2.5893450e-01   4.7630019e-02   3.0641303e-01   3.3376338e-01   1.2771403e-01  -6.3939658e-02   1.6454514e-01  -2.8697368e-01   4.5938237e-01   2.5228865e-03  -9.8775660e-02   4.6410448e-01   3.4200364e-01   2.9313739e-01  -2.4793740e-01   4.6048634e-01   3.0570592e-01  -5.4266696e-02  -1.0311030e-01  -7.9755430e-02  -2.4548481e-01   1.2771646e-01  -3.0274432e-01   5.3210865e-01   7.8385129e-02  -4.4747462e-02  -3.6819332e-01   4.1761803e-01  -1.8492310e-01  -3.9038988e-01  -1.5431287e-01  -2.9634270e-01   4.1692130e-01   9.2458028e-02   4.6135509e-01   1.5572743e-01   6.0160165e-01  -5.0160563e-02   2.2782467e-01  -1.8186605e-01  -4.6870745e-01  -4.3174133e-01   4.1762843e-01   8.3567766e-01   2.4793405e-01   6.6023953e-01   3.0276079e-01  -1.7863708e-01   4.2757318e-01   2.8276528e-02   2.7390071e-01  -3.0817851e-01   1.2365224e-01  -3.6058919e-01   1.6590811e-01  -1.6110501e-01   2.0947661e-02   4.4159897e-01   3.4386863e-01  -2.1284192e-01  -2.5959076e-01  -2.7357801e-02   2.9793209e-01   6.1895612e-02  -3.0164820e-01  -2.2030304e-01  -1.0206222e-01  -2.1691752e-01  -2.9941101e-01   2.6923707e-01  -1.9974538e-02  -2.6904028e-01  -2.2032815e-01   3.1451732e-01   1.7801377e-02  -1.5923850e-01   3.3254613e-01  -2.8107443e-01   1.3951309e-01   2.0634072e-01   2.7009432e-01   6.3825368e-01   4.0038062e-01   1.2230021e-01   3.6085020e-01   3.3608571e-01   2.5599917e-01   7.0141706e-02   6.3976248e-01   3.0840979e-01  -1.7892932e-01   1.2951226e-01  -5.1534648e-01   3.3718590e-01   3.5100165e-02   3.0236230e-01  -1.1053546e-01  -2.1690219e-01  -2.1253365e-01  -3.9653016e-01  -2.0645796e-01  -2.2334904e-01   3.5666850e-01   5.7859428e-02  -2.5460807e-01   4.8257971e-01   2.0078382e-01   1.5162143e-01  -1.7510077e-01   1.8831677e-01  -1.3267484e-01  -2.0210525e-01   1.1080853e-01   1.3914265e-02  -3.9582899e-01   3.4375306e-01  -1.7056508e-01  -1.0289477e-01   1.4112840e-01   2.7408076e-01   4.9012118e-01   1.5378231e-01  -1.0506087e-01   1.5549408e-01   9.2491791e-02   5.2216495e-01   4.3163167e-02   6.3468925e-02  -1.2398777e-01  -1.6832204e-01  -3.7621133e-01   3.0131994e-01  -3.6379467e-01  -1.2822350e-01   2.4305683e-01  -1.7710657e-01   5.3553943e-01  -1.5103192e-01  -2.9239199e-01  -2.0875483e-01   3.9939139e-01   3.7197639e-01  -3.0576906e-01  -1.4031486e-02   6.5057048e-02  -2.7576482e-01  -2.0685941e-01  -3.3477460e-01  -2.3121771e-01   1.4376067e-02   4.6365365e-01   2.4041048e-02  -7.4236940e-02   2.8503255e-01
   3.9469305e-02   2.4394843e-02   3.3813073e-01  -1.2132040e-01  -4.7808094e-02   3.0968276e-01   0.0000000e+00  -3.1130237e-01  -1.1662726e-01   5.0600738e-01  -1.6104625e-01   4.6171895e-01   1.0114588e-01  -2.5662964e-01  -6.6751011e-02   7.2168577e-02   2.0493599e-01  -1.4394601e-01  -1.3785903e-01   2.9745387e-01   1.8539948e-02  -1.6261434e-02   2.5359124e-01  -9.3628951e-02  -1.1226381e-01   6.7361548e-02   5.0471297e-01  -2.3498411e-01  -1.4161474e-03   1.2428422e-01  -1.9290638e-01  -7.8267081e-02  -2.2379203e-01   4.8831809e-01   4.5922907e-01   1.9622292e-01   2.6220481e-01  -2.2313703e-01  -1.1463472e-01   5.5361829e-01  -8.8284507e-02  -7.0691008e-02   4.5497376e-01  -3.5186627e-01   1.5885773e-01  -2.0597071e-02  -1.4583859e-02   1.4220089e-01   5.5394101e-03  -1.0727606e-01   8.8351912e-02  -1.5620931e-01  -6.3455340e-02  -1.1704834e-01  -3.3165132e-01  -1.1566379e-01  -1.8152067e-01   8.1183766e-02  -2.0126467e-01   1.4501882e-01  -2.2892481e-02   2.9985935e-01   1.9453514e-01  -2.2193164e-01   4.2622207e-02   3.6092411e-01   2.0984074e-01   1.5676831e-01  -5.4683659e-02   3.6556295e-01   2.9377672e-01   1.2731029e-01  -8.7880029e-02   1.3914508e-01  -2.6732738e-01  -9.7465398e-03  -2.4172046e-01  -3.5397846e-01  -8.7266199e-02  -1.3036392e-01   1.2590332e-01   9.1381670e-02  -1.2129722e-01  -2.7254941e-01  -8.0626980e-02  -3.6988472e-03   4.2187003e-03  -4.8631783e-01   5.7407189e-05  -7.3324376e-03  -2.7747519e-02  -2.1711093e-01   4.2822827e-01   2.8896327e-01  -2.7213711e-01   3.1975941e-03   1.8678609e-01  -2.4614533e-01   1.2210231e-01   4.6913972e-01  -2.6573706e-01   1.1156395e-01  -2.2207462e-01  -1.2922965e-01   4.3412740e-02  -1.8858700e-01   1.2223240e-02  -1.2355910e-01   2.6479116e-01   3.9952181e-02   4.1643881e-01   2.0897417e-02   1.3041879e-01  -5.7802712e-02   1.8671971e-02  -2.2405888e-01  -7.2269188e-02   7.2080585e-02  -2.3136706e-01  -1.3898491e-01  -2.3122569e-01   6.1702204e-02   1.6814523e-02  -2.6605079e-01  -2.0545024e-01  -8.6511725e-02   3.2294961e-01  -1.1382373e-01  -3.5439800e-02   2.3198767e-01  -7.1999111e-02  -1.8620226e-02  -1.6966078e-02  -3.2363776e-02  -4.7424407e-03  -1.1277228e-01  -3.7085503e-02  -3.1227095e-01   1.4989168e-02  -1.7189416e-01  -1.8923090e-01   5.8499692e-02  -2.2444584e-01   2.1370669e-01   2.0609370e-01  -2.9962162e-01   6.5061867e-01  -7.1311263e-02   3.1715392e-01   3.6425428e-01   1.3205288e-02  -2.6160859e-01  -1.6156857e-01  -1.8184669e-01   5.3668206e-01  -1.9664467e-01  -1.3562957e-01   9.3830038e-02  -1.9185182e-01   5.1900402e-02  -3.7241467e-02  -3.8874427e-01   1.0629533e-01  -4.0004283e-02  -9.1581243e-02   1.0371878e-01   1.5840935e-01  -4.1186920e-01  -1.5582036e-01  -2.1151242e-01   2.5974975e-01  -1.6744384e-01  -2.4272692e-03  -8.2310556e-02  -1.3244023e-02  -2.0854337e-01  -5.8396889e-02
   8.8603131e-03  -2.0712715e-01  -2.8011740e-01  -7.5202346e-02   9.7146414e-02  -2.9179887e-01  -3.1130237e-01   0.0000000e+00   2.0493357e-02  -2.0089520e-01   2.2709187e-01  -4.4068780e-01   1.1214262e-02   2.2292355e-01  -1.0170127e-02  -1.2696037e-01  -1.8135235e-01   2.1938755e-01   3.3212437e-01  -2.2122059e-01  -1.0751383e-01  -9.9470071e-02  -2.7653174e-01   2.3134495e-01  -2.5940593e-01   2.3017506e-01  -1.3681576e-01   5.3341359e-02   7.3801255e-03  -1.7225010e-01   1.6622059e-02   1.3496195e-01  -2.7455454e-02  -9.7416541e-02  -3.7163425e-01  -4.9651873e-02  -5.2582267e-02   1.9122853e-01  -1.1123052e-01  -2.6723859e-01   7.8767076e-02   1.4406865e-01  -1.9906638e-01   3.7322805e-01   5.4262517e-02   1.8814908e-01   6.4607314e-02  -1.1212716e-01  -3.7311911e-02   1.3459875e-01   1.0408215e-01   5.0844859e-01  -2.3510879e-02  -6.0709310e-02  -2.9246578e-02   1.1476420e-01   2.4786596e-01   3.3884923e-02   1.4930699e-01  -2.2126212e-01   3.3442038e-02  -1.3596819e-01  -3.1076969e-01   2.0071242e-01  -1.6708848e-02  -1.0920593e-01  -5.3480972e-02  -2.2018573e-01   6.3712570e-02  -3.3545225e-01  -2.3513362e-01  -4.8069959e-02   2.2814563e-02  -2.4149581e-01   1.4675126e-01   3.4220025e-01   5.9254392e-02   3.3022917e-01  -1.8240640e-01   6.2178206e-02  -1.2908653e-01  -1.3117702e-01  -1.0267924e-02   5.6974863e-01  -1.5873561e-01   3.0055927e-01  -1.7941876e-01   1.5330304e-01  -9.2170783e-02   8.1220662e-02   3.4163202e-02   3.0719741e-02  -1.9274010e-01  -1.9718201e-01   2.1486544e-01   4.7470642e-02  -1.7134768e-01   4.6458371e-01   4.9321204e-02  -3.3737985e-01   8.0187324e-02   2.2495568e-01   3.2707048e-02  -1.1789421e-01  -7.9424057e-02  -4.3942614e-02  -1.8788041e-01   3.1286959e-01  -2.0415028e-01  -3.7624546e-02  -1.6457071e-01  -1.1643863e-01  -1.9141138e-01   1.8043047e-01  -1.8518518e-02  -9.1093420e-04   3.0887228e-01  -1.3618714e-01  -1.2249895e-01   1.7194876e-01   2.5426170e-01   6.8289063e-02   1.6420455e-01   2.5100930e-02   2.7445455e-01  -3.6886101e-02  -2.8143465e-02  -5.2640814e-02   2.9890824e-02  -3.5533604e-01   8.2141309e-02   1.7945360e-02  -3.5733312e-01  -2.0412391e-01   9.6022255e-02   4.8129140e-01  -2.5715958e-02   2.6951514e-01   2.1324734e-01   1.6533431e-01   1.2282168e-01  -1.9330782e-01   2.9990461e-01  -4.4404311e-01  -1.6804112e-01   4.6263420e-02  -3.2583736e-01   4.7185033e-02  -1.8582865e-01  -2.3994886e-01  -1.2466388e-01   1.1552931e-01   2.9604044e-01   2.8751038e-01  -3.4009569e-01   2.3901078e-01   2.2601682e-01  -2.9949442e-02   1.8469442e-01  -1.7985774e-01  -8.1646365e-02   3.9739526e-01  -5.1259662e-02  -1.2625248e-02  -6.7363856e-02  -1.4784605e-01   1.9392065e-01   1.7497174e-01   3.2697749e-01   9.4709203e-03   3.6209858e-02   1.0174323e-01   5.1091791e-02  -1.7253277e-01  -1.9822787e-02   1.9898087e-02  -8.9580856e-02
   1.6292616e-01   2.7470984e-01  -1.8364391e-01   1.2554738e-01  -7.5236137e-02  -3.4697859e-01  -1.1662726e-01   2.0493357e-02   0.0000000e+00  -8.3656191e-02  -4.6115205e-02  -1.0698405e-01   9.3153742e-02   2.2162192e-01  -1.8525237e-01  -4.1552853e-01  -1.1354048e-01   5.1210991e-02   2.1586668e-01  -1.9776742e-01  -1.2538746e-02   1.9640194e-01  -1.8904487e-01   1.1227429e-01   9.2487795e-02   1.5542189e-01  -5.7712128e-02   2.7416349e-02   2.4181337e-02   4.5938117e-01   3.3832353e-01  -1.1061339e-01  -1.1872990e-01  -2.5465243e-01  -1.1089895e-01  -2.7756795e-01  -3.3216270e-02  -1.0182484e-02  -2.1618392e-01  -1.8916525e-01   1.0891492e-01  -3.0870550e-01   2.4422391e-01   1.0404644e-01   2.7031557e-01   1.4774715e-01  -1.6823954e-01   3.8515561e-03   4.6917321e-02  -1.5292732e-01  -1.3411882e-01   1.3648432e-01   2.3392058e-01  -1.1739250e-01   2.2932394e-01  -1.3514005e-01   7.7829183e-02  -8.4020855e-02   6.7030581e-02   2.5524227e-02  -7.6643855e-02  -8.7150098e-02   3.9093382e-01   4.6800266e-01   5.8167308e-01  -1.6897017e-01  -2.8080095e-01   1.3465092e-01  -1.2827151e-01  -2.8894258e-01   1.9142224e-01  -2.2172671e-02   1.4603539e-01  -1.5442849e-01   2.1990208e-02  -1.1864923e-02  -8.5194102e-02  -6.6846860e-02   7.4770102e-02   3.9276060e-02  -2.6283187e-01   2.3454801e-02  -9.9673752e-02   1.9685655e-01  -7.2645929e-02  -8.1403436e-02   2.5937139e-01   7.4577247e-02   1.5283223e-01   3.0757562e-01   6.7386761e-02  -1.7055648e-01  -4.6622570e-01   3.0078286e-01   3.3713018e-02  -2.0773913e-01  -2.4054386e-02   1.2696095e-01   2.2530965e-01   1.2647065e-02   1.1371636e-01  -1.1429414e-01  -2.8032048e-01   3.7968127e-01  -6.8262200e-02  -3.0074157e-02  -2.6484567e-01   8.1201408e-02  -1.1439824e-01  -1.8531701e-01  -3.0617768e-01  -1.1168770e-01   8.9816454e-02   2.2271497e-01   4.5723589e-03   6.5905406e-02  -4.6468988e-02   2.1299991e-01  -1.8190139e-01  -2.3053702e-02   2.1729844e-02   9.6026189e-02   2.6376240e-02   5.5810298e-01   1.9279367e-01   5.3064452e-02   1.4923915e-01   8.8210363e-03   5.2743361e-02  -1.9923373e-01  -1.4021710e-01  -1.7216425e-01  -1.3358936e-01   2.3669526e-01   1.1673507e-01   5.9138785e-02  -8.5882193e-03   2.2284493e-01  -1.1502350e-01   1.1184134e-01  -6.1365446e-02   7.8271414e-02  -2.8919071e-03  -2.4874261e-01   2.9583778e-02   4.7175700e-01  -2.3398141e-01   2.7777042e-02  -3.1156283e-01   3.1471698e-01  -8.9694104e-02  -8.4925769e-02   1.6948944e-02   2.3295557e-01  -8.6341260e-02   1.1675900e-01   6.2239490e-02   1.2694636e-01  -6.4273127e-02  -2.8207825e-01   2.3681875e-01   1.7870502e-01   1.9871285e-01   9.5719731e-02   4.6163256e-02  -5.0191548e-02  -8.3829964e-02   8.6173456e-02   9.6300838e-02  -1.7669927e-01  -5.4870522e-03   6.2295299e-02   2.7531882e-01  -1.9618151e-01   6.3961725e-02  -5.4709392e-02   2.7340573e-01
   1.8070117e-02   1.8091237e-01   4.1490100e-01  -2.5167095e-01   2.9508670e-02   3.1932057e-02   5.0600738e-01  -2.0089520e-01  -8.3656191e-02   0.0000000e+00  -3.3084286e-01   4.6885694e-01  -3.2907975e-02  -1.3593080e-01  -9.2865082e-02  -6.1211984e-02   3.6891828e-01  -2.5824146e-01  -4.1623963e-02   2.4336166e-01   7.3611423e-02  -1.7550403e-01   3.7285343e-02  -8.8045578e-02  -4.1744734e-02  -9.9983893e-02   2.0211769e-01  -3.4841705e-01  -9.1932307e-03  -9.9556874e-03   5.9794338e-02  -3.8317585e-01  -1.7138448e-01   5.0757764e-01   2.4938715e-01   9.9602305e-02   9.0898570e-02  -5.8659875e-02  -2.9320415e-01   4.7875927e-01  -1.4323428e-01  -1.1013193e-01   4.0758607e-01  -1.7065623e-01  -1.3738510e-01   2.5018238e-01  -2.8623945e-01   1.8430278e-01   7.5419158e-02   6.7035205e-02  -7.8593764e-02  -5.5056598e-02   1.9152503e-01   1.4200681e-01  -2.4484754e-01  -2.3023897e-01  -1.6368146e-01  -1.5166822e-01  -4.3793181e-01  -1.5400760e-01   1.1794289e-01   8.5031199e-02   3.0960349e-01  -5.5697677e-02   8.6180433e-02   1.6208890e-01   3.8926976e-02   8.1137598e-02  -3.6870467e-01   4.0371148e-01   4.7524159e-01  -2.6035264e-01  -2.1726288e-01   3.2216437e-01  -3.8097494e-02  -2.0117240e-01   9.6417393e-02  -4.4743603e-01   5.8979097e-03  -1.7325170e-01  -1.2407716e-01  -1.4815063e-01   2.5098965e-01  -1.3195803e-01   3.0423039e-01  -2.8864449e-01   2.1604386e-02  -2.6470217e-01  -1.3130923e-01  -1.1746188e-01  -1.0459604e-01   1.4343958e-01   4.3674732e-01   1.7912064e-01  -1.4345522e-01   2.0710750e-01  -4.7323800e-02  -2.6195000e-01   2.7668819e-03   3.1615954e-01   3.2628575e-02  -3.2711351e-02  -2.8993184e-01  -3.3561844e-01  -2.4596565e-01  -3.0789932e-01   1.3393234e-01  -2.8553207e-01   1.7635289e-01   1.2199915e-01   5.8144517e-01  -3.3094368e-01  -5.1188044e-02  -8.1384383e-02  -8.4374692e-02  -9.1865698e-04  -2.4038937e-01  -1.3423877e-01  -1.3059662e-01  -2.3106629e-01  -2.7349784e-01  -8.0933603e-02   5.1870801e-02  -2.0723034e-01  -5.6861786e-02  -2.4779753e-01   2.4800878e-01   5.1130791e-02  -2.6467227e-01   3.3784341e-01  -2.3537026e-01   1.2075597e-01   2.4136449e-01   1.0044561e-01   2.5695720e-02  -3.4703443e-01  -3.9894539e-02  -2.5993534e-01  -2.7110456e-01  -1.6858042e-01  -7.0490544e-02   1.0867534e-01  -4.1020263e-01   2.0746258e-01   8.0371886e-02  -3.3768900e-01   5.6879289e-01  -1.5859812e-01   1.0664838e-01   4.0760901e-01   1.9521792e-01  -2.0473125e-01  -1.0672212e-01  -6.1952263e-02   4.7669595e-01  -1.3782584e-01  -1.3699538e-01  -2.0883573e-01  -2.0877527e-02  -2.7047920e-01   2.2715932e-02  -3.2495645e-01   4.8855399e-01  -2.9191201e-01  -2.0766984e-01   2.5730324e-01  -1.2046029e-01  -2.6692985e-01  -1.2710450e-01   2.1552033e-01   2.0627251e-01  -1.2519099e-01  -2.1797420e-01   1.0056689e-01  -6.6336901e-03  -1.1208955e-01  -9.9549493e-02
  -4.1448205e-01  -3.2203877e-01  -4.6666947e-01  -1.6111287e-01  -2.0837266e-01   1.4515444e-01  -1.6104625e-01   2.2709187e-01  -4.6115205e-02  -3.3084286e-01   0.0000000e+00  -3.9777297e-01  -4.3679130e-02  -2.4707978e-01   2.6555008e-01   1.5800359e-02  -3.4081604e-01   8.2808165e-01  -3.2200834e-02  -3.5853421e-01   3.8411161e-01   3.2407336e-01   1.6042240e-01  -2.3036599e-01  -2.5436705e-02  -1.4050014e-01  -1.7589058e-01   3.5189978e-03  -2.6769582e-01   3.2089270e-01   3.7043974e-01   2.8729425e-01  -2.3258648e-01  -1.6559834e-01  -1.0450695e-02   2.8610892e-01   6.1647670e-02  -1.5982015e-01   2.0264417e-01  -2.5252755e-01   7.1182182e-02  -1.1364681e-01  -4.5473024e-01   4.2105849e-01   1.8413784e-01  -3.9883141e-01   6.8320335e-01   2.9673177e-01   1.7806655e-01  -3.5206101e-02   6.3212214e-01  -7.5243006e-02  -8.7138846e-02  -4.6110519e-01  -3.2958392e-02   4.2856750e-01   7.0745884e-02   6.7676773e-02   3.6580682e-01   1.3505486e-01  -4.2425951e-01   8.4079372e-02  -3.9584683e-01   2.5240729e-01  -1.8448839e-01   5.2487572e-01   1.6715339e-01  -6.7004708e-02   4.2685409e-01  -1.9067542e-01  -3.0264878e-01   2.3734466e-01   2.5472062e-01  -2.5147964e-01  -2.8539935e-01   3.1201651e-01  -1.5814512e-01   3.4400950e-01  -1.8239242e-01  -5.2001443e-02   2.2669604e-01   2.1879499e-01   9.5210388e-02  -2.1759109e-01  -1.3308285e-01   3.9051373e-01   7.4972798e-02  -8.6490590e-02  -2.6099135e-01  -2.6688450e-01   6.9200099e-02  -4.5147998e-01  -2.7316183e-01  -3.6485607e-01  -2.4094534e-01  -3.5525540e-01  -1.5695902e-01  -2.1057308e-02   4.2517782e-03  -1.8080805e-01   2.1940747e-01   3.9090303e-01   3.6774077e-01   2.2243448e-01   4.0494121e-01   7.0032059e-02  -3.1604397e-01   1.3387802e-01  -7.7965491e-02   4.8389597e-01  -4.0235358e-01   3.7676109e-01  -1.5000576e-01  -3.3850139e-01   3.4139036e-02  -1.4464281e-02   2.5557643e-01   8.0548540e-02   3.1407185e-01  -1.0383210e-01  -1.0402019e-01  -6.4496850e-02  -3.8191258e-01   4.1991567e-01  -1.6397087e-01  -1.3339563e-01   1.1880689e-01  -1.1145238e-01   8.6471637e-02  -1.4858464e-01   2.3934753e-01   3.5132757e-01  -1.8535055e-01   1.7383907e-01  -2.1317454e-01   2.3023835e-01  -1.9864636e-01   1.2785986e-01   3.9216888e-01  -3.3572263e-01  -3.4966131e-01  -2.3506698e-01   6.6669972e-01  -1.8682196e-01   1.8813753e-01   4.5652010e-01  -4.0096658e-01   6.5853722e-01   5.5237773e-01  -3.6660594e-01  -1.9792113e-01   1.5325522e-01  -2.6395113e-01   3.7886033e-01  -2.6191947e-01  -1.6830845e-01  -2.5449020e-01   1.4072477e-01  -3.2556228e-01   2.7449524e-01  -2.3847629e-01   7.7214436e-01   1.5190768e-01   4.6122561e-01  -1.9895549e-01  -4.4586474e-01   6.1015396e-01   7.1650457e-02  -3.1080078e-01   8.3832294e-02  -3.5449008e-01  -1.9921031e-01   5.1971867e-01   1.0069079e-02  -1.7707077e-01  -1.3029127e-01  -7.1913007e-02
   7.6075625e-02   4.3605269e-01   7.9142614e-01  -2.1491930e-01   1.7195683e-01   2.0399374e-01   4.6171895e-01  -4.4068780e-01  -1.0698405e-01   4.6885694e-01  -3.9777297e-01   0.0000000e+00   2.2699011e-02  -1.9651090e-01  -1.6924345e-01   1.0256855e-01   5.9928520e-01  -4.2619730e-01  -2.2964188e-01   5.5306744e-01  -2.7805874e-01  -7.2534387e-02  -9.2888173e-02  -2.4493658e-01   2.3641436e-01  -1.6131382e-01   2.9912669e-01  -2.7647124e-01  -1.4671731e-02   2.4232906e-02  -2.1890213e-01  -3.8092385e-01  -6.7683747e-02   2.7924516e-01   3.2079130e-01   1.3814042e-01  -7.5840353e-02  -1.6853863e-01  -2.2027751e-02   5.6716787e-01  -3.6722203e-02  -1.4570707e-01   4.1159516e-01  -4.2264511e-01  -5.6386154e-02   1.9381157e-01  -2.2465398e-01  -6.3882054e-02  -1.4881497e-01   8.4816231e-02  -3.0088403e-01  -1.7069899e-01   4.9363117e-02   1.9567861e-01  -1.4139002e-01  -2.4729074e-01  -2.2845517e-01  -2.2042067e-01  -2.5464456e-01   9.2360682e-02   2.5924727e-01  -2.7502881e-02   3.5039343e-01  -2.3303491e-01   2.7422803e-02  -1.8982859e-01   1.1311009e-01   7.5608197e-02  -1.7235789e-01   6.1715204e-01   4.7312685e-01  -1.5965744e-01  -1.6986735e-03   4.8171127e-01   5.8182735e-02  -3.8875573e-01   1.2080128e-01  -3.9559217e-01   2.2384436e-01  -3.5057338e-02  -1.5849019e-01   1.4305067e-01   9.8123879e-02  -2.2725006e-01   3.4802225e-01  -3.6564027e-01  -5.4639478e-02  -3.5060628e-01   9.8624017e-02  -1.2972057e-01  -2.6655707e-02   3.0167866e-01   6.0900806e-01   2.7394730e-01  -3.1316984e-01   3.8905303e-01   7.8703796e-02  -4.3401859e-01  -3.4806525e-02   1.3287620e-01  -6.4347588e-02  -1.5542603e-01  -2.4931262e-01  -1.2235774e-01  -4.7689212e-02  -1.5135208e-01   2.8042269e-01  -2.9872701e-01   1.4331873e-01  -9.0858758e-02   6.2351778e-01  -1.6644580e-01   1.3261992e-02  -7.2938659e-02  -3.1474900e-01   1.2970922e-01  -2.8939952e-01   1.2960753e-01  -5.3774179e-02  -3.7081245e-01  -4.3390321e-01   9.3184373e-02   1.5763499e-01  -2.4510108e-01  -2.1681956e-01  -1.0986795e-01   1.7469290e-02   1.4849452e-01  -1.7790659e-01   6.5580445e-01  -9.8274044e-02  -1.4450112e-01   5.8269676e-01  -7.1904961e-02  -1.0681588e-01  -3.9417300e-01  -1.5143352e-02  -2.8063101e-01  -2.1504874e-01  -2.6926977e-01  -1.4650965e-01   3.2469289e-01  -3.3776381e-01   5.6293175e-01   6.1959417e-02  -5.2336861e-01   5.3170874e-01  -2.4382879e-01   3.8322025e-03   2.0695883e-01   1.4627085e-01  -1.6123713e-01  -3.5343721e-01  -2.8644805e-01   7.0302123e-01  -2.8677062e-01  -3.4423395e-01   3.0464419e-02  -7.2132331e-02  -1.8350205e-01   7.0525479e-02  -4.5205543e-01   1.0496035e-01  -1.6904123e-01  -1.5932298e-01   4.4971727e-01  -2.3736388e-01  -1.3244836e-01  -3.0044819e-01   1.4401092e-01   2.5043172e-01  -1.1485551e-01  -2.2291234e-01   1.5918009e-01  -9.9245412e-02  -1.8106657e-01   3.9854100e-02
  -1.8640627e-02   3.4215020e-02  -7.2194821e-02   1.3519261e-01   1.4631987e-01   2.5846389e-02   1.0114588e-01   1.1214262e-02   9.3153742e-02  -3.2907975e-02  -4.3679130e-02   2.2699011e-02   0.0000000e+00  -2.6234871e-02  -5.8632748e-02   6.3922156e-03  -6.9946872e-02  -4.5529341e-02  -1.6162068e-01   5.1020260e-02  -7.4794029e-02   1.0148016e-01   8.6506478e-02  -4.1093786e-02   9.2138302e-02   1.3390668e-01   9.9687975e-02  -1.9206269e-01   2.2840582e-01   1.4103533e-01  -1.2273697e-01   1.0232487e-01  -5.5779568e-02  -2.5551443e-01   1.4116797e-01   4.5820114e-03   1.2834004e-01  -1.6138212e-01   2.7212260e-01   2.4665703e-02   6.5905089e-01   5.4556123e-02   1.1449687e-01  -1.7367608e-01   9.8697774e-02  -4.6629105e-02   2.9097278e-02  -8.3848126e-02   7.0449625e-02  -3.3647524e-02   6.4759464e-02  -1.2098839e-01  -7.9216889e-02  -1.4875826e-01   1.0271485e-01  -6.0684902e-02  -6.7527861e-02   1.4504136e-01   3.4841043e-01   1.0708206e-01  -2.3829344e-01   1.8728491e-01   1.6541205e-01  -5.7459181e-02   1.8591689e-02  -3.7220736e-02  -1.1141278e-02   7.3106909e-02   6.4795278e-02  -1.8547159e-01   3.5706502e-02  -8.4498355e-03   5.5880348e-01  -2.0698306e-01  -2.0131688e-02  -1.0898874e-01  -1.7410195e-01  -3.8884286e-02   7.7635087e-02   4.0461086e-01  -1.7953083e-01   4.6281760e-01  -1.7124451e-01  -7.6504517e-02  -2.2107723e-01  -1.1338747e-02   5.8932622e-02  -1.6320716e-01   8.5025731e-02  -1.3688336e-02   7.8215637e-04  -1.7154572e-01  -2.0852807e-01   2.7549682e-01  -9.2687015e-02   2.0350428e-02   1.2052738e-01  -2.5952058e-02  -1.0388094e-01   2.1699135e-01  -1.7744208e-01  -1.0508725e-01  -8.3367681e-02   1.0336684e-01   6.7125105e-02   6.2875682e-02  -6.5802450e-02  -3.4556767e-02   2.4383296e-01  -1.9308464e-01  -1.1310650e-01   7.0678014e-02   6.3254991e-02   6.8984438e-02  -1.4860782e-01  -3.1365155e-02   8.2611098e-02   5.7947371e-01  -2.2766028e-01   1.5123808e-01  -2.0428036e-01   1.5618862e-01   5.6390233e-02   5.1538026e-02  -2.5806737e-02   5.2139293e-02   1.5783136e-01   1.6542746e-01   2.3625358e-02  -9.5522497e-02   5.8101823e-01  -1.6697863e-01  -9.2709553e-02   1.7656849e-02   7.9287130e-02   7.3792709e-03   2.0547741e-01  -1.4501803e-01   4.7062378e-02  -5.4245454e-02  -8.1290157e-02   1.6617641e-01   1.7862310e-01  -7.4006440e-02   3.6679559e-02  -1.0271498e-02  -4.7404962e-02  -1.2051777e-01  -1.2957292e-01   1.2049426e-01  -1.6692019e-01  -2.3804778e-01  -1.9664358e-01  -6.8856773e-02   2.6229933e-02  -1.3201558e-01  -1.4182773e-01   4.7677619e-01  -8.6711772e-02  -1.7619968e-02   1.7694639e-02  -1.0944750e-01  -1.0968596e-01   1.6331319e-02   1.3373691e-01  -5.9181642e-02  -1.6800605e-01  -2.0697468e-02  -1.2592256e-01  -1.9812745e-01   7.3604762e-02   1.0924800e-02  -5.3823053e-02  -1.5796070e-01   1.1302860e-01   1.8699032e-02   1.5394501e-01
   7.2281147e-01  -1.4502689e-01  -2.0460232e-01   1.8826080e-01   1.1619995e-01  -3.3333500e-01  -2.5662964e-01   2.2292355e-01   2.2162192e-01  -1.3593080e-01  -2.4707978e-01  -1.9651090e-01  -2.6234871e-02   0.0000000e+00  -2.6697388e-01  -3.6382831e-01  -2.8909588e-01  -1.1762797e-01   3.1716752e-01  -2.5495028e-02  -1.6554118e-01   6.7715867e-02  -3.0573267e-01   6.1265037e-01   5.2659236e-02   1.4889439e-01  -1.8693097e-01   2.8208111e-01  -2.3223417e-02  -1.1296230e-01  -1.9768230e-01  -1.8731559e-02  -2.0260836e-02  -2.7503579e-01  -2.2696829e-01  -3.0718147e-01   1.4899852e-01   4.1766578e-01  -2.8139019e-01  -4.2078685e-01   1.2850851e-01  -9.3841194e-02   3.1170416e-02   1.5360639e-01   1.1756948e-01   2.1454585e-01  -2.1663579e-01  -2.8179481e-01  -1.1217351e-01  -2.7844645e-01  -1.9997213e-01   3.1188057e-01  -8.4713422e-02   1.5888935e-01   1.7023184e-01  -1.3569001e-02   1.9054136e-01  -2.8019211e-02   1.0772484e-01  -8.8250746e-02   2.2329696e-01  -4.8464853e-02   1.2947518e-01  -5.6855903e-02   1.6219477e-01  -3.1887394e-01  -2.4501775e-01  -4.2068837e-03  -1.5341673e-01  -2.4176724e-01  -2.8110391e-01   1.4313963e-01  -1.4388903e-01   2.1010743e-02   2.3282934e-01   1.2498602e-01   1.2787580e-02   1.9174462e-01  -3.7218135e-02   9.9746949e-02  -1.4219986e-01  -3.2403162e-01  -2.9871915e-01   3.2190429e-01  -2.1505137e-01   3.7629481e-02  -1.7106398e-01   5.4599496e-01   8.6886239e-02   6.3511388e-01   4.9217839e-02   5.1990810e-02  -1.7919945e-01  -7.6571358e-03   5.6576341e-01   1.2421227e-01   4.4251886e-02   2.8369579e-01   1.7310081e-01  -3.3149249e-02  -1.8833112e-01  -9.6740763e-02   4.0105813e-02   1.2473273e-01  -6.9039743e-02   2.7651463e-01   3.7078243e-02   2.4451471e-01  -1.5352274e-01  -1.9473742e-01  -1.4987224e-01  -1.2488971e-01   2.0411436e-01   6.8716246e-01   1.2656606e-01  -1.0097007e-01   1.4872791e-01  -1.3943820e-01   1.0002904e-01   6.2464854e-02   5.7408581e-01   1.0034649e-01   1.9523675e-01  -1.2846616e-01   5.5007239e-01   4.7665512e-01  -2.3239454e-01   7.1986669e-02   8.8922293e-02  -4.8512327e-01  -2.6267519e-01  -3.9967781e-01  -3.0212968e-01  -2.8120316e-01   5.1503616e-02   1.8937181e-01   1.1938683e-01   3.8946682e-01  -7.6474559e-02   6.3221834e-01   5.0941028e-01   2.5163619e-01  -3.6174162e-02  -2.7670745e-01  -3.8866585e-01  -4.2734328e-02  -3.4365421e-01  -4.6756300e-02  -3.0934087e-01   1.0667274e-01   2.7010624e-02   1.8631165e-01   4.3928227e-01  -2.1103941e-01  -4.9344330e-01   4.6767051e-01   5.6543887e-01   6.6090568e-02   1.5402529e-01  -1.0271461e-01   1.4001954e-01   7.0109623e-02  -4.6166334e-02   1.1088957e-01   1.4296451e-01  -8.8484891e-02  -1.4889359e-01   1.7769799e-01   5.5292050e-01  -1.5742424e-01  -4.8529077e-03   5.7511018e-01   1.1783122e-01  -3.2460884e-01   9.2134185e-02   3.8632383e-02   2.3794648e-01
