   0.0000000e+00  -5.6099266e-01  -1.6166409e-01   4.2477190e-02  -8.4379444e-02   6.9185001e-02  -1.7414872e-01   8.3736715e-02  -2.5731845e-01   1.0393085e-02   2.5824845e-01  -3.9889975e-01   1.3234973e-01   7.0259814e-01  -2.2185162e-02   1.4160819e-02  -6.2242483e-02   2.8733847e-01  -1.5722563e-01   2.2689342e-01   2.4854172e-01   4.3005784e-01  -6.4510920e-02   6.0108314e-01   2.8682717e-02   6.6320416e-02  -4.1268507e-01   2.3334505e-01  -1.2838147e-01   3.9138867e-01  -8.9439693e-02   3.9146351e-01  -1.1677912e-02  -3.6101838e-01   3.5205352e-01   1.0213071e-01  -1.0998001e-02   6.0065159e-01  -1.2924974e-01  -2.5509550e-01   2.3619018e-01  -1.0021187e-02  -3.7781356e-01   7.6644648e-02  -1.8221034e-01   4.8981435e-01   4.6651796e-01  -2.2735928e-01  -2.0117498e-04  -3.2309029e-01   3.0154469e-01   1.8338959e-01  -5.1570557e-01   1.2227918e-01   4.2710433e-01   1.0109944e-01   1.8476220e-03   3.9192839e-01   3.3723581e-01  -3.7337328e-02   5.9386057e-01  -2.6892532e-01  -2.2441336e-01  -2.6311802e-01  -4.0670173e-01   2.9679509e-01  -8.4708116e-02  -1.1147125e-01   2.9821477e-01   2.0584316e-02  -5.1675898e-01   2.9797367e-01   7.1254615e-02   1.7378361e-01  -9.2302279e-02   2.1996807e-01   5.5355812e-01   2.8140512e-01  -3.6857801e-01   1.3652539e-01   9.5053528e-02  -2.5413860e-01  -3.1947853e-01  -9.0544394e-02   2.0760293e-01   3.2061383e-01  -4.9814941e-02   6.1770173e-01  -2.0076259e-01   6.2982424e-01  -2.7279339e-01   1.3149752e-01  -2.6485539e-01  -2.4451506e-01   6.2207930e-01   2.2032542e-01   1.3728926e-01  -2.2283120e-01   1.3018230e-01  -2.4285658e-01   9.0424459e-03  -4.3739906e-01   3.8335112e-01   2.3840482e-02   3.5167525e-01   2.6878806e-01   8.4868789e-02   1.8153124e-01  -2.1827867e-01   3.1365507e-01  -3.8649658e-01   3.6528061e-01   9.1557408e-02   6.8146051e-01   2.1452710e-01  -2.8238099e-01   2.4471264e-01   2.6323779e-02   4.6917139e-01   2.3833409e-01   5.9714207e-01  -2.3574311e-01  -3.6155230e-01  -2.9414270e-01   5.5250189e-01   4.7106039e-01  -3.6580424e-01  -1.6175038e-01   1.4297483e-01  -4.8773362e-02  -2.1367320e-01  -1.8928254e-01   4.9402159e-01  -2.3704715e-01   1.7251280e-01   1.8503561e-01  -2.1997976e-02   1.7159999e-01   5.6336124e-02   5.6355128e-01   4.9776635e-01   2.1561814e-01   1.5830160e-01   3.5125763e-01  -2.2944527e-01   1.7263146e-02  -3.6459684e-01   2.7954877e-01   1.0249359e-01  -3.9920636e-01   1.4073652e-01   1.1820360e-01   4.2772530e-01  -2.0103645e-01  -2.5090115e-01   6.8576784e-01   5.7369961e-01   3.0897788e-01   2.6673677e-01   8.7009402e-02  -1.0439731e-01  -7.7749634e-02   2.4536736e-01   1.8498393e-01   3.2908088e-01  -2.8961903e-01  -1.9206250e-01   2.4912641e-01   5.9332146e-01  -4.0771355e-01  -3.1465004e-01   3.6185452e-01  -1.3493746e-01   8.1852172e-02  -9.5208516e-02   4.8988728e-02   3.2245046e-01
  -5.6099266e-01   0.0000000e+00   2.8884138e-01  -2.3247359e-01   6.2566327e-02  -2.1129931e-01  -6.6263203e-02  -2.9986724e-01   2.0766740e-01  -8.6579982e-02  -4.6490252e-01   5.4170293e-01  -1.5948698e-01  -6.9707509e-01  -2.3356476e-01  -1.4661663e-01   1.6258687e-01  -4.9403492e-01  -9.8613354e-03  -1.0437981e-01  -3.0444368e-01  -3.3102249e-01  -5.3849719e-02  -5.4390824e-01  -7.7351056e-02  -2.4588468e-01   4.4553950e-01  -2.9273355e-01   1.5162303e-01  -4.7776578e-01   2.5051753e-02  -2.8624170e-01  -5.3891674e-02   2.4715986e-01  -2.8008576e-01  -2.8909807e-01   2.2600070e-01  -5.0338079e-01  -8.6210231e-02   3.4775365e-01  -1.9958417e-01  -2.4038382e-02   3.3010696e-01  -9.8912295e-02   2.4861802e-01  -4.0858113e-01  -6.2226054e-01   9.6102242e-02   9.6721389e-02   5.0141805e-01  -5.4668520e-01  -4.2569946e-01   5.3743790e-01  -6.9783435e-02  -3.3150012e-01  -2.9321513e-01   2.0668004e-02  -2.7077193e-01  -4.9643439e-01   1.1282174e-01  -4.6312719e-01   2.5424963e-01   3.5351935e-01   1.6054454e-01   4.6013093e-01  -5.2141769e-01   2.9250426e-02   1.8456704e-01  -4.5074916e-01  -1.9804044e-02   5.9982844e-01  -4.2640048e-01  -6.3414150e-02  -7.7494141e-04   7.1978815e-02  -2.2967775e-01  -5.6189273e-01  -3.3319464e-01   4.2260664e-01   9.5392404e-03  -2.5761006e-01   1.0427830e-01   3.6014987e-01   2.1013058e-02   1.1513819e-01  -3.5562286e-01   1.2698874e-01  -4.8996086e-01   4.9054312e-01  -5.1706084e-01   3.1686940e-01   5.8329677e-02   3.6938052e-01   2.7584055e-01  -5.2009781e-01  -1.0672516e-01  -8.4906637e-02   4.4127079e-02  -6.1877091e-02   2.2318737e-01   1.4901117e-01   1.1673966e-01  -5.1637713e-01   1.6300152e-01  -4.2382363e-01  -2.8132376e-01   1.5998340e-01  -2.6790524e-01   2.3580114e-01  -3.8149001e-01   3.6874124e-01  -4.2295339e-01   1.3719319e-02  -5.2588658e-01  -2.0454266e-01   5.3190313e-01  -4.5338133e-01  -6.9177917e-02  -4.5021413e-01  -2.8420421e-01  -5.9316242e-01   1.7056290e-01   5.2052283e-01   2.3710365e-01  -5.9552966e-01  -1.5796040e-01   1.5310985e-01   2.8150625e-01  -1.8906687e-01   1.6531605e-01  -7.5442256e-02   9.3669202e-02  -2.3032943e-01   1.4872748e-01  -2.6817364e-02  -1.7687851e-01   1.2379208e-01  -3.7109477e-01  -1.9317213e-01  -4.7638435e-01  -4.3482500e-01  -6.2064447e-02  -3.8062096e-01  -3.3995986e-01   1.5228800e-01  -2.1649612e-01   2.2817386e-01  -4.0778376e-01  -3.3645862e-01   3.2105205e-01   2.6312907e-02  -3.0486873e-01  -5.1360814e-01   2.4792217e-02   4.1052200e-01  -5.6264447e-01  -5.0698412e-01  -3.3754246e-01   1.7513711e-02  -2.8072387e-01   2.2757967e-01  -1.4743030e-01  -3.4640179e-01  -3.3255485e-01  -2.6192204e-01   3.0622379e-01   5.0172625e-02  -1.2001616e-01  -6.0065456e-01   7.1076411e-01   3.6567113e-01  -3.8201134e-01   1.4288945e-01  -2.7015058e-01  -3.5394566e-03   1.1239450e-01  -1.4077324e-01
  -1.6166409e-01   2.8884138e-01   0.0000000e+00  -1.5123063e-01   3.1800786e-01   2.9147826e-01  -2.7295082e-01  -1.4212246e-01  -2.5935884e-01   2.1981145e-01  -3.6310352e-01   5.2594090e-01   4.1335907e-02  -3.0807413e-01  -3.7681858e-01   1.6605522e-01   8.8956286e-01  -3.2796509e-01   1.1732188e-01   4.4930087e-01  -4.6784563e-01  -1.4595932e-01  -2.0651110e-01  -1.7852247e-01   2.0938710e-02  -9.1375244e-02   4.3862451e-01  -5.5868699e-02  -8.5901036e-04  -2.0369770e-01  -4.4214458e-01  -5.8412915e-02   7.4608043e-02  -9.5453640e-03  -1.3849616e-01   1.7761268e-01  -1.2008168e-01  -4.1497104e-02  -4.3140287e-03   4.9105509e-01  -1.5271777e-02   1.6319441e-01   1.5725803e-01  -1.1138964e-01  -1.9890936e-01   2.6870753e-01  -4.9075986e-02  -3.7816180e-01  -9.2953698e-02   6.0555700e-01  -4.2672884e-01  -1.1085432e-01  -2.1126406e-01   4.2752150e-01   3.5420790e-02   5.7452080e-02  -9.4598672e-02  -1.4724950e-01  -3.7294453e-01   6.4977432e-01   1.3409285e-02   3.5025579e-01   2.6005687e-01  -2.7016744e-01  -3.7216668e-01  -4.4111769e-01   1.2620433e-01   2.0004047e-01  -1.3801480e-01   7.2134588e-01   1.0298103e-01  -1.6496358e-01  -2.8148527e-01   4.3740801e-01   1.9135676e-01  -1.5377017e-01  -5.0104385e-02  -5.7471775e-02  -9.0505092e-02  -1.8281752e-02  -3.1533279e-02  -1.8682915e-01   5.0679629e-02   6.1466430e-02   5.7906188e-01  -2.1401309e-01  -1.0536221e-01  -1.7148664e-01   3.4690930e-01  -1.2339059e-02   8.9524056e-02   6.7105404e-01   6.0164120e-01   1.0274505e-01  -1.1916389e-01   5.4049211e-01  -4.8321594e-02  -2.2378028e-02   3.7019371e-02  -2.4116786e-01   3.8779722e-01  -9.4011174e-02  -4.0903286e-01   5.4936057e-01  -3.9421979e-01  -1.4458241e-01   3.8622040e-01  -3.8495390e-02  -7.2213872e-02   8.2760533e-03   3.0726406e-01  -5.0077003e-02   4.8597079e-02  -1.5748370e-01   8.6872217e-02   1.0350393e-02  -1.7365502e-01  -1.2485585e-01  -2.4377306e-01  -1.9785012e-01  -1.7342308e-01   2.7847985e-01   1.6006626e-01  -5.1810921e-01  -1.0240002e-01   9.9691902e-02  -2.8381049e-01   3.2456236e-01  -2.7802197e-01   6.9525702e-01  -2.8416431e-02  -4.0825932e-01  -1.9864798e-02  -3.7719659e-01   1.9346004e-01  -1.3371785e-01   9.8306129e-02  -3.3192778e-01  -1.1374783e-02  -3.3990654e-02  -1.2938127e-03   1.6403388e-01  -1.7671407e-01   1.9000793e-01  -2.7211287e-01  -6.1205960e-01   9.6252701e-02   2.4538984e-02   2.6443244e-01  -4.6055118e-01   5.2262901e-01  -3.6027162e-01  -1.2682091e-01  -1.2535510e-01   8.5463317e-01  -9.8461649e-02  -1.1572249e-01  -2.5580473e-01   5.5586089e-01  -1.0485581e-01   2.1504182e-01  -3.1419264e-01   1.3909286e-01  -5.2968425e-01  -5.1565010e-02  -2.6000980e-01  -2.3680380e-01   3.9384166e-02  -9.4957797e-02   1.5860941e-01   4.2944318e-02  -1.4701834e-01  -2.1557577e-01  -1.4462385e-01  -8.2640367e-02   1.4218210e-01   3.2254122e-02
   4.2477190e-02  -2.3247359e-01  -1.5123063e-01   0.0000000e+00  -2.8153783e-01   4.4249597e-01  -2.2000940e-01   4.8738938e-01   1.2900554e-01  -1.7370273e-01   2.1922792e-01  -2.0895916e-01   8.5611684e-02   2.9047886e-01  -3.2456031e-02   3.8235369e-01  -1.9892466e-01   1.7297204e-01   1.2170513e-01  -1.0525964e-01  -8.5469794e-02   1.9518272e-01  -2.2391584e-01   1.0317267e-01  -1.0962603e-01   2.0721311e-01   3.4089645e-02   4.1810090e-01   1.5585557e-01   2.3981204e-02  -8.2870649e-02   2.4322992e-01   4.0570174e-01  -3.5242503e-02   2.9919923e-01  -1.0943360e-01  -3.8765569e-01   6.1330441e-02   3.2070336e-01  -1.7385425e-01  -9.7454679e-02   2.0192098e-01  -8.3807587e-02   3.6942467e-01  -2.2284027e-01   1.9717629e-02   2.4958622e-01  -1.1691422e-01  -2.2714481e-01  -3.0356264e-01   2.6195358e-01   4.2817082e-01  -1.4445843e-01   1.3371711e-01  -6.7665339e-02   2.6622985e-01   1.4659933e-01   2.2267097e-01   2.4183191e-01   1.7331683e-02   2.5052626e-02  -1.9864130e-01   4.8084406e-02   2.8362477e-02  -2.0795323e-01   9.8285281e-02   3.9729382e-01   5.4909512e-02   3.7605346e-01  -8.2860648e-02  -3.1524841e-01   4.1873966e-01  -1.9167310e-01   8.6050944e-02  -9.0197815e-02   3.2137592e-01   2.8880030e-01   2.2260355e-01  -3.8210844e-01   2.4998030e-01   3.2026329e-01  -1.4690689e-01   1.0097718e-01   3.0925337e-01   1.7826809e-01  -4.3062338e-03   1.9476082e-01   6.6304416e-02  -4.4605592e-02   1.1908468e-01  -3.3376261e-01  -6.4553285e-02  -2.4904699e-01   1.3493335e-01   5.3028911e-02  -2.5511686e-01   9.2462739e-02   2.6125778e-01  -1.7805331e-01  -3.5262175e-01   8.8035548e-02   2.9698228e-02   2.5430111e-01   5.0103957e-02   3.6601359e-01   3.5078567e-01  -8.6389202e-03   2.9213781e-01  -3.6957054e-01   1.1481908e-01  -4.9698897e-02   2.4176776e-01   3.9033276e-01  -2.7251344e-02   2.1417205e-01  -2.4013361e-01   3.1964346e-01  -1.4560327e-01   2.5924366e-01   4.0174518e-01   1.8046566e-01  -2.5443973e-01  -2.9319283e-01  -2.6447288e-02   1.1964985e-01  -9.0163529e-02  -1.4645605e-01  -3.7401227e-01   5.1433545e-01  -2.8029408e-02   1.0018092e-01  -8.5345460e-02   2.3091776e-01  -7.4296707e-02   2.9198676e-01   2.7156587e-01   1.5246081e-01   4.7865324e-01   3.3668461e-01   5.4343157e-02   4.1927482e-02  -6.2339980e-02   1.1530091e-01   1.7747902e-01  -2.5799419e-01   1.3839384e-01  -2.1689052e-01   8.3335528e-02   8.1602324e-02  -2.1399296e-01  -7.3195012e-02   2.2163172e-01   4.1960915e-01   1.3212708e-01  -2.1122080e-01   1.0837184e-01   1.9563155e-01   4.5578194e-02  -1.1376427e-01   3.5319464e-01  -5.7737944e-02   1.8641621e-01  -1.2901250e-01   2.6823071e-01   4.5032045e-01  -2.3847112e-01  -2.2876501e-01   3.1733856e-01   3.2616416e-01  -2.0330113e-01  -2.6903095e-01   1.4834372e-01  -1.2446499e-02   3.0694997e-01   3.8238201e-01   7.7666299e-02   1.5807631e-01
  -8.4379444e-02   6.2566327e-02   3.1800786e-01  -2.8153783e-01   0.0000000e+00   4.5115081e-02  -2.2660923e-01  -1.8911537e-01  -8.4264642e-02   6.3800924e-02  -3.3371927e-01  -1.5816168e-01   2.5576614e-01  -1.6579727e-01  -3.8041405e-01  -7.4283528e-02   3.8628832e-01  -1.5886309e-01   1.1489542e-01   4.4804015e-01  -2.6444123e-01  -1.2044627e-01  -1.7391843e-01  -3.5882877e-02   1.5727604e-02  -1.7220750e-01   2.9556939e-01  -9.4316296e-02  -3.8056826e-02  -2.9005201e-02  -3.8757450e-01   1.7835181e-02  -4.6757405e-02  -4.4890390e-01  -7.8564890e-03   5.2292112e-01  -4.1112297e-02   9.1423965e-02   1.7576553e-02   1.6502239e-01   3.7346605e-01  -9.3857991e-02   1.3938655e-01  -4.2188241e-01   8.9018971e-02   1.5392667e-01   2.9366456e-02  -2.9698818e-01  -8.2613821e-02   2.7275722e-01  -2.6160375e-01  -2.3697182e-01  -1.6030948e-01   2.4245482e-02  -1.1041014e-01  -1.7172666e-01  -6.4151573e-02  -2.6909703e-01   1.2385735e-01   2.6963964e-01   4.8610337e-02   4.4952697e-01   3.0146673e-01  -4.4008573e-01   8.0909080e-02  -1.6797478e-01  -9.0418120e-02   1.0145462e-01  -1.1230834e-01   8.1681456e-02  -5.5192253e-02  -1.0878784e-01   2.4491048e-01  -1.5151651e-01  -6.7423324e-02  -1.5020732e-01  -4.1394015e-02  -5.2746642e-02   5.0139688e-01  -1.2360781e-01  -3.1721658e-01   2.2705834e-01  -3.1536348e-01  -1.2600226e-01  -6.8559723e-02  -3.1078849e-01  -4.5589252e-01  -1.1294991e-02   9.9992312e-02   7.3998148e-02   6.9309100e-01   2.9736976e-01   2.7495671e-01  -2.8462556e-04   4.5136060e-02   5.4310242e-01  -4.8774635e-02  -7.3787171e-02   2.7122344e-01  -1.6427331e-01  -2.5751414e-01  -3.8338766e-01  -1.3600789e-01   6.3996637e-02  -3.4217356e-01  -1.9077861e-01   7.6849205e-02  -1.7213413e-02   6.6188210e-02  -1.1699157e-01  -2.9464971e-01  -9.2080610e-03  -8.3294039e-02   1.2519397e-01  -3.3109764e-01   2.1611720e-01  -2.8081855e-01   2.6746680e-01  -9.1939236e-02  -1.0658280e-01   5.0842377e-02   7.2350132e-01  -2.6565126e-02  -1.5602687e-01   8.1962446e-02   1.7842182e-01  -1.9970122e-02   1.1613012e-01  -2.9937989e-01   1.5129441e-01   2.3418567e-01  -2.5053740e-01  -2.4302713e-01  -3.4911010e-01  -1.3544179e-01  -1.5184027e-01   4.4322933e-02  -4.3518334e-01  -2.8591712e-01  -3.3828227e-02   5.5366200e-02   1.7419754e-01  -1.1956472e-01   3.8127305e-02  -3.6571305e-02  -3.6247192e-01  -2.9317774e-01   4.0713320e-01   7.6598700e-02   8.3054892e-03   6.2253519e-03  -1.7028431e-01  -5.0624117e-02   7.9397093e-02   4.5702863e-01  -6.9654050e-02  -5.0792454e-02   1.8956375e-01   2.6139877e-01  -1.0348182e-01   6.5159434e-02  -1.2712719e-01   2.9469494e-01  -1.5066960e-01  -2.0872976e-01  -2.7179799e-03  -9.5445685e-02  -3.5717529e-02  -1.2153975e-01   2.8096287e-01   2.6429311e-01  -2.3652856e-02   6.0485824e-02  -1.3227123e-01  -1.8660703e-01   1.3396338e-02  -3.2650076e-02
   6.9185001e-02  -2.1129931e-01   2.9147826e-01   4.4249597e-01   4.5115081e-02   0.0000000e+00  -1.5389766e-01   3.5361182e-01  -1.1517624e-01   2.2449892e-04   1.6913453e-01  -2.2688437e-02   1.0228595e-01   1.9873771e-01  -1.9083891e-01   4.3465725e-01   1.7554228e-01   2.9805757e-01   1.4145868e-01   1.6406867e-01  -2.7516581e-01   3.4759173e-02  -3.4062777e-01   7.8956320e-02  -1.1659570e-01   8.4142627e-02   2.4806413e-01   4.7237965e-01  -2.7247677e-02   1.9598110e-01  -4.9202475e-01   2.8586755e-02   1.9419759e-01  -2.1480607e-01   4.4731402e-01   2.1249093e-01  -5.5276253e-01   1.3764418e-01   2.1524663e-01  -1.5800007e-01  -2.1888686e-02   2.1234929e-01   5.7017145e-02   3.2674216e-01  -3.5083557e-01   2.0182286e-01   3.3860587e-01  -2.0145349e-01  -3.0577326e-01  -2.6158025e-01   2.0715475e-01   3.2794864e-01  -5.1303973e-01   3.0089488e-01   2.2636851e-01   5.7923991e-01   1.4107576e-01  -6.8279442e-02   2.2405788e-01   6.0835714e-01   9.0538395e-02   8.5897299e-02   1.5362520e-01  -3.1625924e-01  -4.1475812e-01   1.7009567e-01   6.5220471e-01   7.4699793e-02   2.2642567e-01   5.6639005e-01  -4.7046982e-01   2.9735303e-01  -2.3600358e-01   4.8633820e-01  -1.2610399e-01   2.3047819e-03   2.0289465e-01   2.5334063e-01  -4.1336334e-01   1.2523486e-01   4.2815659e-01  -1.2108291e-01  -1.1889436e-03   2.6541937e-01   2.9286896e-01  -2.2615740e-01   8.4939204e-02   1.2109866e-01   5.8173216e-03   1.7630038e-01  -1.5888292e-01   2.8012529e-01   7.1309312e-02   2.0714748e-01   6.6492731e-02   1.1571459e-01  -2.0878770e-02   1.5697136e-01  -5.0359720e-02  -6.0624761e-01   1.2395967e-01  -6.8659118e-02   3.7952795e-02   4.5098203e-01   1.1252913e-01   4.3457888e-02   2.0175817e-01   4.1022365e-01  -3.7699048e-01   4.5449187e-01   1.0370237e-01   4.0975846e-01   1.9360751e-01   4.6145054e-02   2.8473947e-01  -4.7301734e-01   4.3952707e-01  -1.0280146e-01   2.7414219e-01   1.6500245e-01   1.6063952e-01   4.9920222e-02  -3.7035674e-01  -3.4201164e-01   1.0304322e-01   7.0212402e-02  -1.9521442e-01  -1.5698786e-01   1.3439232e-01   5.2815002e-01   8.8565534e-02  -3.6662219e-01   3.4549278e-01  -5.2739690e-01   2.0173226e-01   3.2297043e-02  -9.3135646e-02   2.1815706e-01   1.4679603e-01   7.7574037e-02   1.7405007e-01   5.1251616e-02   2.7014466e-01   6.5442363e-01  -3.8527419e-01  -2.4499282e-01  -2.1077330e-01   4.6448715e-01   5.8106754e-01  -4.8476038e-01   3.1997482e-01   1.2609507e-02   2.9932208e-01   2.1152667e-01   3.6040585e-01   1.7077130e-01   2.0938270e-01  -1.1970488e-01   1.8166557e-01   3.1157560e-01  -1.6729102e-02   3.0964787e-02   2.7033916e-01   5.4885779e-02   1.8953603e-02  -5.5243847e-01  -4.6057110e-02   4.5591562e-01   2.3930383e-01  -8.3160073e-02  -8.1324316e-02   3.0684623e-02  -4.7809273e-02   3.9435045e-01   1.6159197e-01   1.4739741e-01  -1.6656368e-02
  -1.7414872e-01  -6.6263203e-02  -2.7295082e-01  -2.2000940e-01  -2.2660923e-01  -1.5389766e-01   0.0000000e+00  -1.9909314e-01  -1.5250289e-01   2.7381736e-01   2.9315798e-01   1.6769478e-01  -1.3431925e-01  -5.6143794e-02   6.6922428e-01   3.0193845e-02  -2.6783856e-01   1.7140986e-01   1.0554785e-01  -2.6900247e-01   4.3997000e-01  -2.4739697e-01   7.6818252e-01  -2.5430092e-01  -8.8152999e-02  -4.1811059e-02  -1.2389763e-01  -2.1319506e-01  -7.6857352e-02   7.4781027e-02   4.9684057e-01  -2.2868678e-01  -9.0093092e-02   3.6478947e-01  -6.0136948e-02   6.5136255e-02   1.6069915e-01  -2.8144774e-01  -4.6541468e-03   1.2542977e-02  -1.2638505e-02  -2.2318507e-02  -6.5273436e-02   4.2450365e-02   1.9385871e-01  -4.1208319e-01  -8.1146227e-02   6.7156224e-01   3.8905762e-02  -2.2798313e-01   3.4126952e-01  -1.5431102e-01   2.4878319e-01  -3.5432310e-01   1.1393358e-01   1.0981051e-01  -6.4360847e-02  -2.5745745e-01   7.1216735e-02  -3.2396688e-01  -1.9436707e-01  -3.6046896e-01  -3.9962438e-01   2.6240222e-01   9.9581291e-02   4.1681998e-01  -2.3281222e-02  -2.5858273e-01  -1.3964558e-01  -4.4471702e-03   2.5997842e-01  -2.3147058e-01   3.0922626e-01  -1.7139064e-01  -6.2349372e-02  -2.3243224e-01  -2.2486087e-01  -5.5540388e-02   2.0892319e-02  -2.7130596e-01   3.1348231e-01   2.8080827e-01   2.1990591e-01  -8.5593351e-02  -4.6916004e-01  -5.0197201e-02   3.8480532e-02  -2.8965112e-01  -3.3614681e-01  -4.0135648e-01  -1.4789156e-01  -4.6263690e-01  -8.4032228e-02  -1.7165681e-01  -2.4100325e-01  -2.0909247e-01  -4.3500898e-01   5.7465425e-02  -3.4302967e-01   3.8574444e-01  -1.5051973e-01   4.9235331e-01   1.1243668e-01  -3.5002624e-01   1.9266771e-01  -1.2491199e-01  -3.2685304e-01  -2.4545833e-01   1.2397788e-01   1.3995410e-01   2.5234390e-01  -1.3220349e-01  -5.5659220e-01  -2.6303679e-01   1.9220605e-01  -6.3369903e-02   1.0861125e-01   3.4225930e-01  -1.2841405e-01  -3.0291105e-01  -1.3862703e-01  -1.8850525e-01  -2.4973300e-02   1.4400683e-01  -3.4659895e-01  -2.6061529e-01   4.1671127e-01  -5.7389485e-02  -3.3994307e-01  -1.7426856e-01   3.6873930e-03   6.2829188e-01  -9.0045155e-02   3.3087610e-01  -5.2574221e-01  -3.0964054e-01  -3.8877847e-01   9.4066891e-02  -2.1528674e-01  -2.2795105e-01  -1.8564681e-01  -3.5163223e-01   2.5599547e-02  -1.7504851e-01   5.1375867e-01   4.4683608e-01   6.7279491e-01  -8.2851042e-02   1.4298151e-01   2.4596851e-01  -6.9650102e-02   2.3231766e-01  -3.1867873e-01   1.1645578e-01  -2.5479172e-01  -2.3902890e-01  -1.5500537e-01   2.0753587e-01  -4.8224922e-01   2.1084705e-01  -2.3274777e-01   3.1780103e-02   2.5256119e-02  -2.3516189e-02  -2.7937755e-01   3.5904683e-01   5.8741680e-01  -2.0431419e-01  -2.9794442e-01  -6.4483691e-02   9.6383030e-02  -1.1746861e-01  -2.1488856e-01  -4.6309233e-03  -8.2066325e-02  -2.1900438e-01  -2.2322486e-01
   8.3736715e-02  -2.9986724e-01  -1.4212246e-01   4.8738938e-01  -1.8911537e-01   3.5361182e-01  -1.9909314e-01   0.0000000e+00  -1.2449165e-02  -1.0099502e-01   1.6793670e-01  -3.1231609e-01  -8.4643224e-02   2.5934683e-01   6.0933669e-03   2.2133064e-01  -1.4074719e-01   1.0911980e-01   2.6612240e-01  -7.0176089e-02  -3.4076425e-02   7.0089640e-02  -2.7977591e-01   2.1093279e-01   5.8019714e-02   5.0384165e-01  -1.6352760e-02   3.9546427e-01   4.6942509e-02   5.5259461e-02  -8.3867735e-03   2.5174754e-01   3.8741846e-01  -7.6962321e-02   8.5278676e-02  -1.3221850e-01  -3.3032216e-01   2.0048865e-01   2.1429872e-01  -1.4758336e-01  -4.4938974e-02   1.4350210e-01  -1.1409734e-01   2.4455600e-01  -2.7051888e-01   1.5533488e-01   1.2612171e-01  -7.7981892e-02  -1.3934612e-01  -2.5763473e-01   1.2474806e-01   7.5994929e-01  -8.1293046e-02   1.5081351e-01  -1.7172497e-01   2.1485080e-01   3.5065819e-01   9.7937351e-02   2.8617432e-01  -1.3901539e-02   1.3045926e-01  -9.8585368e-02  -1.5031401e-01   1.4939000e-01  -1.8899215e-01  -2.6190780e-02   3.0582263e-01  -8.8261551e-02   3.8714314e-01  -8.0208336e-02  -1.8801130e-01   3.1910277e-01  -4.7334535e-02   6.8196122e-02  -3.8579882e-03   4.9799096e-01   2.9987092e-01   1.0358943e-01  -1.9767014e-01   1.1071823e-01   1.8485030e-01  -1.5886243e-01  -8.4381665e-02   5.7408858e-01   7.5558640e-02   3.9008399e-01  -5.2616671e-02   2.4932368e-01  -1.6502372e-01   2.2558033e-01  -2.5153676e-01   9.3887082e-02  -2.5310285e-01  -1.4154653e-02   1.6916208e-01  -9.6810901e-02   2.7280493e-02   5.0273414e-01  -3.6745816e-02  -2.1819708e-01   2.4213655e-02   1.7406272e-01   2.9284215e-01  -6.2250209e-02   1.9155323e-01   3.8394159e-01  -8.9438315e-03   5.1515257e-01  -3.1604292e-01  -2.8748624e-02  -2.1496242e-01   8.1626888e-02   1.0480042e-01   1.1017653e-01   1.7536403e-01  -1.9046826e-01   3.1905005e-01  -1.0793153e-01   1.7916544e-01   2.6579776e-01   2.0079658e-01  -1.1074043e-01  -1.9713258e-01  -5.7135581e-02   2.9557297e-01   1.5110713e-02  -1.6545140e-01  -3.4664982e-01   3.1183887e-01  -1.2063289e-01   6.4739234e-02  -1.0107691e-01   9.6169043e-02   5.8804799e-03   4.8682764e-02   5.9958659e-01   3.7687038e-02   5.4129902e-01   6.3885180e-01   1.1985052e-01   5.7225146e-02  -4.4750450e-02   4.0011935e-01   1.5963927e-01  -1.7669288e-01   2.5927382e-01  -2.7523290e-01   7.5282746e-02   2.4745800e-02  -7.4037137e-02   6.1650941e-02   3.5174222e-01   4.1337282e-01  -1.7339827e-03  -2.0575111e-01   2.4795698e-01   1.2188087e-01   1.0731145e-02   3.3243903e-02   2.7657713e-01  -1.2749916e-01   2.9500994e-01  -3.1729753e-02   2.5648930e-01   2.3126155e-01  -2.6955097e-01  -1.9974010e-01   2.3192714e-01   2.1402480e-01  -2.3976939e-01  -1.6576919e-01   5.6563985e-02  -1.6532356e-02   3.5614290e-01   1.9176588e-01   5.7864249e-03   3.8722553e-02
  -2.5731845e-01   2.0766740e-01  -2.5935884e-01   1.2900554e-01  -8.4264642e-02  -1.1517624e-01  -1.5250289e-01  -1.2449165e-02   0.0000000e+00  -4.1079146e-01   3.5644526e-02  -1.8477432e-01  -1.4104313e-01  -1.0665122e-01  -8.1738380e-02  -6.5987324e-02  -2.9006748e-01   2.7833041e-02  -1.3253366e-01  -4.4748981e-01  -2.1795481e-01   1.0288822e-02  -1.8118530e-01  -8.9608270e-02  -1.9671033e-01  -1.7072110e-01   1.9090458e-01  -1.1514180e-01  -1.2401448e-01  -3.2557183e-02  -3.0945445e-02  -1.0498804e-01  -1.5956887e-01  -4.9586552e-02   6.5766586e-02  -1.0158757e-01  -2.1794212e-01  -2.5488803e-01  -4.8782636e-02  -2.2207126e-01  -2.7810480e-01  -3.2021882e-01   4.3101260e-01   1.0133821e-01   1.1406187e-01  -2.3339435e-01  -1.7164112e-01  -2.1146203e-02  -1.6395785e-01  -2.3147214e-01  -7.8533643e-02  -1.0609340e-01   2.7518189e-01  -1.0039177e-01  -2.6900249e-01  -6.9708721e-02   2.7957174e-02  -1.5623285e-02  -5.7296147e-02  -5.5093088e-02  -2.1636445e-01   1.7202551e-01   4.9217867e-01   2.2616251e-01   5.9336513e-01  -6.6754820e-02   4.8901175e-02   3.0401819e-01  -1.8620810e-02  -3.4249477e-01   4.4289924e-02   1.7298170e-01  -1.4173115e-01  -2.5556969e-01  -1.2299581e-01  -2.0959875e-02  -2.0812691e-01   5.1951575e-04   1.5883730e-01   1.4087145e-01  -1.5606094e-01  -4.5123001e-02  -1.4386141e-02  -1.4246792e-01  -2.9083315e-01   2.2603617e-02   3.4039182e-01  -4.1305603e-02   2.3664343e-01  -1.3399905e-01   3.6600979e-02  -2.3637330e-01  -3.7910615e-01   5.2234661e-01  -2.1099085e-01  -4.8084007e-01   1.6906372e-01  -2.8789842e-02   1.3079462e-01  -4.0877808e-03  -1.8069332e-01   2.0915562e-01  -8.4875079e-02   1.4737833e-01  -9.2472700e-02  -3.9767428e-02  -3.3146989e-02   1.4948333e-01   4.8982253e-02  -2.2066165e-01  -1.1349938e-01  -5.1534306e-02   3.4128244e-01  -1.9912243e-01  -3.0756781e-01  -7.7262667e-02   3.2658484e-03  -1.6964950e-01   1.3229731e-02   1.3244440e-01  -1.8493272e-01   7.9683516e-02   5.2563180e-02   6.0332635e-01  -1.2841773e-01  -1.7561684e-01   2.2782525e-01  -1.9211641e-01   4.8507956e-01  -2.6508854e-01  -6.6435819e-02  -2.5686715e-03  -2.7374291e-01   1.5008517e-01   2.2228282e-01   7.4538560e-02  -1.6770525e-02   3.2147771e-02  -5.4866679e-02  -2.2999222e-01  -5.5135297e-02  -4.6524897e-03   1.2641498e-01  -2.0194445e-01   4.5207911e-02   1.9302900e-02  -1.8222613e-01  -1.7387175e-01  -2.1295593e-01   4.0765763e-01  -4.0300748e-01   1.6248881e-02  -2.7269356e-03   1.2132113e-01  -1.7539467e-01  -1.3892665e-01  -9.2108808e-02  -3.0107971e-01  -2.7970224e-01  -2.4020845e-01   3.2063371e-01   3.2084549e-01  -2.2777764e-01   4.4782298e-01  -3.3497488e-02  -6.9781479e-02   2.1421643e-02  -1.8443807e-01  -6.6908389e-02   5.0238894e-03  -5.4294111e-02  -1.2939555e-01   6.0657901e-01  -3.2316817e-02  -2.9102507e-02  -5.8513481e-02   4.0228804e-02
   1.0393085e-02  -8.6579982e-02   2.1981145e-01  -1.7370273e-01   6.3800924e-02   2.2449892e-04   2.7381736e-01  -1.0099502e-01  -4.1079146e-01   0.0000000e+00   1.4475372e-01   2.8125100e-01   1.5916163e-02  -1.9394860e-01   4.2521713e-02   2.5933950e-02   2.8163264e-01   5.5595298e-02   1.4172112e-01   4.5972985e-01  -1.2106545e-01   7.4548899e-03   1.7975690e-01   1.1134801e-01   1.1846425e-02  -1.8444156e-01  -6.3342137e-02   1.2620688e-01  -5.6215337e-02  -1.2981044e-01  -4.9642866e-02   7.0607965e-02   6.7606161e-02   3.1366313e-01  -3.0670281e-01   2.0012042e-01   1.6418261e-01  -2.6977918e-02  -4.8555760e-03   4.2558630e-01   9.4400178e-02   1.6214584e-01  -3.8111043e-01  -1.7163437e-01  -2.6577216e-01   1.0830855e-01   8.8457716e-02  -7.8780436e-03   1.5083521e-01   8.1155183e-02   1.3875381e-01  -5.1172576e-02   5.9250016e-02  -1.0134077e-01   5.4023541e-02   3.6043295e-02  -1.0859981e-01   1.5920280e-01  -4.3312759e-02  -1.3705721e-01  -4.2590099e-02  -3.2876170e-01  -3.0578142e-01  -9.7102216e-02  -3.0747122e-01   2.7146241e-01  -6.6917317e-02  -2.2830105e-01  -1.6145232e-01   2.7226439e-01   2.1229344e-01  -1.5207544e-01   1.3696568e-01   2.4423396e-02   3.6411878e-02  -1.0608056e-01  -8.9752957e-02  -1.5351328e-01  -2.1906457e-01  -2.9911099e-01   8.9545788e-03   1.5486386e-03   2.5084679e-01  -6.4281902e-03   8.1062732e-03  -5.2578881e-02  -4.1912965e-01  -5.9995587e-02  -2.0404259e-01   7.9541965e-03  -1.3453010e-01   5.5326198e-02   3.8462050e-01  -5.7402748e-01  -3.8908586e-02   4.2907655e-01  -3.3073919e-01  -6.0412192e-02  -2.6715354e-01   1.1525060e-01   1.0897288e-01   8.3374891e-02  -1.7268993e-02  -9.2056161e-02   5.2472768e-02  -1.9011431e-02  -9.2097752e-02  -3.2623579e-01  -5.0387088e-02   2.9957364e-01   3.2309794e-01   5.2170989e-02  -3.3910717e-01  -4.3757513e-05   2.1994659e-01  -5.7611345e-03  -5.9699497e-02   1.6989162e-01  -7.0191923e-02  -2.1818613e-01   9.0721605e-02  -2.9754733e-01  -5.8733548e-02  -4.4386437e-01  -1.4375184e-03  -1.4618543e-01  -2.8392887e-01  -6.5405079e-02  -2.4124071e-01   2.4883235e-01  -3.2562343e-02   1.5135955e-01  -2.2079163e-01  -5.2405563e-02  -1.3740108e-01  -1.4239123e-01  -2.2640408e-01  -4.9800563e-02  -1.1939909e-01   1.2550364e-01   1.1767069e-01  -8.2152257e-02  -8.1391471e-02  -5.8670393e-02  -2.8763046e-01  -1.0528710e-01   3.9265821e-01   8.1280999e-02   2.9835093e-01  -1.9659985e-01   2.0992378e-01  -1.6236060e-02  -2.3849364e-02   6.3573277e-02   2.2965233e-01   1.3794588e-01  -3.0732283e-02   2.3126575e-02   8.1363039e-03   3.1658265e-02  -2.9044960e-01  -2.4252071e-01   3.8452105e-01  -3.6502028e-01   1.0582246e-01   9.3406515e-03   1.8185307e-01  -6.3700290e-03   4.2845024e-03   5.8430610e-02  -2.3029374e-01   1.1825298e-01  -4.8651750e-01  -1.2555891e-01  -6.2699791e-02   2.3879174e-02  -1.2413356e-01
   2.5824845e-01  -4.6490252e-01  -3.6310352e-01   2.1922792e-01  -3.3371927e-01   1.6913453e-01   2.9315798e-01   1.6793670e-01   3.5644526e-02   1.4475372e-01   0.0000000e+00  -2.1055877e-01   1.3364068e-02   2.7196163e-01   3.6348943e-01   3.8656579e-01  -3.0791031e-01   5.3009784e-01  -5.8494523e-02  -9.1494217e-02   3.1528918e-01   1.4124908e-01   1.0548815e-01   1.4202774e-01   2.4789872e-01   8.6803031e-03  -4.2177776e-01   1.7791501e-01  -1.1310807e-01   5.2560283e-01   2.2218204e-01   7.6364466e-03   1.8701644e-01  -1.8655300e-02   1.2417281e-01   3.9932564e-01  -3.1695583e-01  -3.9516361e-02   2.8823997e-01  -2.1995534e-01   2.2555224e-01   1.9859069e-01  -4.0365913e-01   3.5180859e-01  -4.7126128e-01  -1.4199987e-01   6.2272750e-01   1.5568336e-01  -1.7073762e-01  -5.5166461e-01   6.7143138e-01   2.1003390e-01  -1.2156979e-01  -1.5694941e-01   3.5496232e-01   4.3044920e-01   1.7718395e-02   1.4027192e-01   4.5843275e-01  -1.8957706e-01  -1.4167454e-01  -5.6011679e-01  -1.8583384e-01   2.0067289e-01  -2.3145732e-01   6.7948016e-01   6.4683719e-02  -4.6868919e-01   3.3148228e-01   7.6840500e-02  -2.3781509e-01   2.3883880e-01   2.9793864e-01   5.1722308e-02  -1.2493298e-01   7.8386933e-02  -5.3076707e-03   1.0582640e-01  -4.6460638e-01  -8.7387523e-03   2.3671233e-01   7.5395630e-02   3.0009640e-01  -1.2944813e-01  -7.4109181e-02   2.9929087e-01   1.6004008e-01   1.7635253e-01  -2.2963302e-01   3.8983941e-02  -3.5196777e-01  -4.3567220e-01  -2.4680776e-01  -6.4485026e-02  -1.0727474e-01  -7.3457963e-02  -2.2898971e-01   1.2780732e-02  -1.9004899e-01  -3.5364658e-01   1.4435902e-01   1.9790300e-01   4.0127210e-01  -5.9590611e-02   3.7099096e-01   2.9671377e-02  -1.8970553e-01  -5.4440610e-02  -4.9891707e-01   7.0661649e-01   9.7321488e-02   3.4835674e-01  -1.6228091e-01  -2.2813860e-03   3.6358974e-01  -3.0086551e-01   4.4814415e-01   2.2218200e-01   3.4218047e-01  -5.5898874e-02   1.5141599e-01  -4.7411240e-01  -4.6623904e-01   3.1256599e-02  -2.6011660e-03  -2.5854777e-01  -1.6953336e-01  -2.3639174e-01   2.0016295e-01   8.3705411e-02   9.5511443e-02   3.1027688e-01   1.1558032e-01   1.2384210e-01  -1.7683486e-01   7.6523693e-02  -3.7598656e-01   3.6869768e-01   6.1204477e-02   2.0747437e-02   4.2662012e-02   1.5270120e-02   3.9563518e-01   3.0147505e-01  -1.2753421e-01   3.2768071e-01  -2.2492597e-02   3.8361799e-01   4.8382550e-01  -2.1076186e-01   9.0574822e-03   9.1018767e-02   8.0053362e-02   3.1548680e-01  -2.4489370e-01   2.7075605e-01   9.8510455e-02   2.1377595e-01  -4.8939386e-01   1.5046576e-01  -4.5630490e-01   4.4045466e-01   5.1203585e-01   2.9238813e-01   1.7882088e-01  -4.3450568e-01   1.9999555e-01   1.5944099e-01   2.2872255e-01  -1.9875015e-01  -4.2328717e-01   9.9787227e-02  -1.9967233e-01   4.5484082e-01   1.0913478e-01   2.4788162e-01  -1.1824091e-01
  -3.9889975e-01   5.4170293e-01   5.2594090e-01  -2.0895916e-01  -1.5816168e-01  -2.2688437e-02   1.6769478e-01  -3.1231609e-01  -1.8477432e-01   2.8125100e-01  -2.1055877e-01   0.0000000e+00  -1.9933358e-01  -5.6555538e-01   1.7802616e-02   7.9670742e-02   3.4728819e-01  -3.3249613e-01   8.2825574e-02   1.4731607e-01  -1.8445484e-01  -2.2943840e-01   1.6557194e-01  -5.2844302e-01   4.7217868e-02  -2.0912534e-02   1.4742934e-01  -2.6330376e-01   9.7658103e-02  -3.7585729e-01   4.7752890e-02  -3.3240055e-01   2.8759744e-02   5.6289834e-01  -2.3489553e-01  -1.9193969e-01   2.0694334e-01  -4.6521814e-01   5.9451174e-02   5.1055214e-01  -1.7220832e-01   2.6658635e-01   5.8464306e-02  -3.5617313e-02  -7.9809418e-02  -2.7710872e-01  -3.2883422e-01   8.8195610e-02  -9.1808216e-03   5.2150044e-01  -2.7613057e-01  -2.1733528e-01   2.4842446e-01   1.3156281e-02   1.8510721e-02   3.2648285e-02  -4.3670762e-02  -9.3981412e-02  -4.8886154e-01   3.0911404e-01  -3.3241538e-01  -2.9551897e-02   3.6785453e-02   6.2388731e-02  -1.0221361e-01  -2.8305123e-01   5.7111762e-02  -5.0566737e-02  -3.7746672e-01   4.5035482e-01   4.5477863e-01  -3.8732012e-01  -1.2631623e-01   4.3561772e-01   1.4988636e-01  -3.3941641e-01  -4.4060723e-01  -2.7411079e-01  -8.6651096e-02  -5.2499703e-02   3.8730864e-02   6.8347574e-02   4.4419063e-01  -5.9106797e-02   4.0030809e-01  -2.2185410e-01   1.0308339e-01  -4.8529925e-01   3.3324755e-01  -4.7960033e-01   4.2082382e-03   1.0179065e-01   6.8008957e-01   2.7071764e-02  -4.6680593e-01   1.2603991e-01  -2.3713731e-01   7.0161856e-02  -2.1668384e-01   1.7218014e-01   4.4297749e-01   2.6145803e-01  -5.0054841e-01   2.9631391e-01  -3.2729631e-01  -3.3928084e-01   7.6259100e-02  -3.9495712e-01   5.9315394e-02  -4.1126500e-02   7.4529808e-01  -2.7641237e-01  -1.0616833e-01  -5.4368065e-01   2.7520802e-01   3.3438385e-01  -2.4901685e-01  -4.7071209e-02  -3.4722059e-01  -3.2149499e-01  -5.2476642e-01  -1.5121340e-01   4.1425439e-01  -1.6044180e-01  -5.4232576e-01  -1.9543827e-01  -2.4030110e-02   4.2909625e-01  -2.6985970e-01   4.7366591e-01  -4.0656196e-03   7.0964218e-02  -8.0880509e-02   3.8314854e-02   5.6877637e-02  -3.2165033e-01  -1.0198506e-01  -2.4010237e-01  -1.1643115e-01  -3.3345408e-01  -3.8886062e-01  -2.5687085e-02  -3.7390222e-01  -5.1510478e-02   2.7805756e-02  -3.0349959e-01   6.5161191e-01  -3.7228898e-01   1.1129053e-01  -1.5820663e-01   4.7949636e-01  -3.7111890e-01  -5.7320757e-01  -9.9270071e-02   5.0921362e-01  -4.6242318e-01  -4.4096604e-01  -1.8561174e-01   1.0229265e-01  -2.2065696e-01  -2.0833749e-02  -2.5831921e-01  -9.7083860e-02  -5.6528547e-01  -1.3617050e-01   1.8863183e-01   2.9251671e-02  -1.7759374e-02  -4.4102261e-01   3.9893361e-01   1.7645511e-01  -2.7603396e-01  -2.8692486e-01  -1.3227436e-01  -1.6896813e-02   2.5885997e-01  -8.6833291e-02
   1.3234973e-01  -1.5948698e-01   4.1335907e-02   8.5611684e-02   2.5576614e-01   1.0228595e-01  -1.3431925e-01  -8.4643224e-02  -1.4104313e-01   1.5916163e-02   1.3364068e-02  -1.9933358e-01   0.0000000e+00   2.1748010e-01  -2.9875464e-01  -6.7305984e-02   1.1070705e-01   1.6215622e-01  -9.1679879e-02   3.0122093e-01  -1.1145112e-01   3.3424314e-01  -1.5465638e-01   1.6348589e-01   1.0134518e-01  -2.4058828e-02  -1.2142696e-01   2.4222316e-01   1.6434766e-01   2.2826228e-01  -4.5117185e-01   2.3297013e-01  -7.7061152e-02  -4.5715004e-01   3.5457679e-01   2.0532702e-01  -8.3832801e-02   2.9348534e-01  -1.1392887e-01  -1.6638074e-01   4.4848414e-01  -8.3742935e-02  -9.0400997e-02  -1.7337511e-01  -3.0771920e-02   2.6498007e-01   3.6695622e-01  -3.6844977e-01   6.4642710e-02  -1.2617603e-01   1.4983608e-01  -1.3418177e-01  -4.7045632e-01   3.0375356e-01   2.0463732e-01   1.0772975e-01  -2.1208584e-01   2.1690934e-01   2.4554922e-01   2.2414307e-01   2.9077460e-01   8.5987986e-02  -8.7223488e-02  -5.0398825e-01  -2.4429943e-01   2.1938022e-01  -2.9672490e-02   9.0405887e-02   1.9547525e-01   2.9220043e-02  -3.9799108e-01   3.4053206e-01  -6.6633369e-03   1.0794943e-01   3.8812181e-01   2.0400687e-02   2.5960879e-01   2.0045642e-01  -1.2048597e-01   1.7819225e-01  -4.9805898e-03   3.6916565e-02  -3.5255251e-01   3.3134993e-02   1.2405864e-01  -8.5135771e-02  -1.4867251e-01   2.8991162e-01  -7.7666521e-02   3.0984701e-01   2.9447162e-02   2.3892189e-01  -5.7528297e-02   1.2265325e-01   2.9293802e-01   2.9851260e-01   2.6080886e-01  -1.6182285e-01   1.5395055e-01  -2.8736649e-01  -1.9369791e-01  -3.7437257e-01  -8.1249783e-03   1.4979928e-01   2.2316153e-01   2.0185843e-01   1.5769803e-01  -8.4959044e-03  -3.7207387e-02   1.5601708e-01  -3.1245672e-01   4.0926072e-01   1.8230309e-01   3.6545644e-01  -1.7056382e-02  -2.1100511e-01   1.4490199e-01   3.6230802e-01   2.6080170e-02   2.1341703e-01   3.3173674e-01   8.9048811e-02  -4.0012083e-02  -2.6126799e-01   3.0038747e-01   3.9588215e-01  -2.0754923e-01   1.4260345e-01   9.8854987e-02   8.0751164e-03   3.6175259e-02  -3.5785778e-01   1.9081882e-01  -4.2238513e-01   2.2886570e-01  -2.6705299e-02   2.4110449e-01  -2.4353032e-01  -1.0643519e-01   2.5182086e-01   3.1712311e-01   5.2548399e-01  -5.2239654e-02   1.3664100e-01  -1.8565946e-01  -1.7246326e-01  -3.0888255e-01   2.0085153e-01   1.4648132e-01  -3.1120959e-01   6.5735533e-02  -1.8329186e-01   2.4351763e-01  -5.2604433e-02   5.7728641e-02   1.6732637e-01   3.5382717e-01   2.6439403e-01   1.5646735e-01   1.1978135e-01   1.6086489e-01  -1.2911327e-01   1.5201856e-01   1.3126749e-01   2.4652455e-01  -2.1262787e-01  -1.2181186e-01   1.8858196e-01   2.8342328e-01  -1.3326932e-01  -7.8213512e-02   1.9528832e-02   1.0041122e-01  -1.9848087e-02   1.7248119e-01  -1.2969982e-01   3.4819113e-01
   7.0259814e-01  -6.9707509e-01  -3.0807413e-01   2.9047886e-01  -1.6579727e-01   1.9873771e-01  -5.6143794e-02   2.5934683e-01  -1.0665122e-01  -1.9394860e-01   2.7196163e-01  -5.6555538e-01   2.1748010e-01   0.0000000e+00   1.2900343e-01   5.1743463e-03  -2.3261663e-01   4.8336124e-01  -1.3485914e-01  -1.4753550e-02   3.4357169e-01   5.4360579e-01  -4.0325577e-02   6.1605670e-01   4.3582761e-02   1.3727941e-01  -3.9481299e-01   4.5099047e-01  -8.5653224e-02   5.1701167e-01  -4.5902842e-02   4.2468555e-01  -4.2270133e-02  -3.9141875e-01   5.6944595e-01   3.1116166e-02  -1.9169486e-01   6.0337336e-01  -9.5171840e-02  -5.0762938e-01   1.2941483e-01  -1.2591101e-01  -2.0835931e-01   1.6465417e-01  -1.0717470e-01   4.4444256e-01   5.2055549e-01  -9.9336402e-02  -2.2243240e-02  -4.7326609e-01   4.5990680e-01   3.4569623e-01  -5.6335768e-01   1.8386789e-01   3.2426987e-01   2.3067611e-01  -7.0773505e-02   3.9503621e-01   5.0926706e-01  -4.1535785e-02   5.9505002e-01  -1.9347230e-01  -2.3584008e-01  -2.1150084e-01  -3.8886635e-01   3.7786204e-01   3.4787465e-02   5.5643730e-03   5.3342429e-01  -1.2556682e-01  -6.6612194e-01   5.2589260e-01  -5.6058194e-02   8.2615546e-02  -9.4118869e-03   2.8801470e-01   6.9847781e-01   4.4838771e-01  -4.1808494e-01   8.3790215e-02   3.2998807e-01  -2.6597748e-01  -4.6569942e-01   4.0196983e-02   1.3556844e-02   3.2675737e-01   1.5525499e-01   6.1809789e-01  -2.6724108e-01   6.1745343e-01  -3.7182286e-01   3.5500059e-02  -5.1296598e-01  -1.0737286e-01   6.2816250e-01  -4.6182487e-02   3.1799720e-01  -1.7343633e-01   1.4922304e-01  -2.7362721e-01  -1.9905916e-01  -3.0268947e-01   6.0071792e-01   2.6469133e-02   5.5062687e-01   4.5988222e-01  -6.9098699e-02   3.6791517e-01  -1.4973448e-01   2.6439250e-01  -5.1469843e-01   5.1573368e-01   2.3747847e-01   6.7382086e-01   1.9945564e-01  -5.0057318e-01   4.2986407e-01   2.1642926e-02   5.9558455e-01   4.7244750e-01   7.0691101e-01  -2.2852551e-01  -3.6914236e-01  -1.8393975e-01   6.3022899e-01   4.8098108e-01  -1.7143586e-01  -3.0721519e-01   3.2993355e-01  -2.7084553e-01  -1.7954614e-01  -2.4266634e-01   5.6408103e-01  -1.9445721e-01   2.3413255e-01   1.7350227e-01   3.2007511e-02   4.1107384e-01   1.3089855e-01   5.0192804e-01   5.5922261e-01   1.4950667e-01   3.8175330e-01   3.1850970e-01  -1.4680847e-01   2.8197984e-01  -3.8491427e-01   2.9974991e-01   7.7939526e-02  -3.0131613e-01  -2.7222648e-02   4.2737979e-01   5.5970982e-01  -1.9166193e-01  -4.8172111e-01   5.9681287e-01   6.4961674e-01   3.6621463e-01   1.3564809e-01   2.7525754e-01  -2.0442970e-02   1.0445800e-01   8.9120293e-02   5.0777129e-01   3.1329374e-01  -3.0532797e-01  -2.4442246e-01   2.9976435e-01   5.6955104e-01  -7.0512677e-01  -3.8766895e-01   3.1185024e-01   5.3936285e-02   2.2223280e-01   4.2984863e-03  -3.2778829e-01   4.0481197e-01
