   0.0000000e+00  -2.6758136e-01  -1.6183640e-01   3.5026419e-02  -4.4107165e-03  -1.4010125e-01  -1.9896194e-01   1.3217260e-01  -4.8681865e-02   3.9119349e-01   2.6848396e-01  -4.1378764e-01   5.9989399e-03  -1.1291473e-01  -3.9873674e-02  -5.1152994e-01  -4.2408339e-01   1.3700403e-01   2.3621233e-01  -2.8600253e-02   1.0777485e-01   4.5327788e-02   1.2151132e-01   8.2914546e-01  -1.7286036e-01   3.6730149e-02  -2.5883301e-01   4.1956429e-01  -1.2890234e-01   9.3061285e-02  -8.9305528e-02   1.3617776e-01  -5.7058581e-01  -4.3528798e-01  -2.1892430e-01   1.5917692e-01   7.1353708e-02   5.4128235e-02  -4.0040350e-01  -4.7730385e-01   5.5720520e-02  -4.7243741e-01  -2.7943236e-01   1.9966918e-01   2.7748723e-02   4.7960305e-01   1.2559023e-01  -2.6251698e-01  -1.9970601e-02  -4.2193606e-01   1.1218286e-01   4.4600534e-02  -2.2943514e-01  -1.9880438e-01   1.1878042e-01   4.8883847e-03   1.8187651e-01  -2.9706463e-02   1.7986505e-01  -2.6907904e-01  -2.6244932e-01   7.7058948e-03  -2.3822567e-01   2.6287196e-02  -7.8023672e-03   1.5700655e-01  -1.7530316e-01   1.0347295e-01  -9.4078491e-03   2.4680484e-01  -3.5736082e-01   9.7271612e-02  -6.4301818e-02   4.2434991e-01   4.5019231e-02   2.7249466e-01   8.8906901e-02   1.6069581e-01  -1.3622909e-01  -1.6482708e-01  -1.3024796e-01  -1.1918058e-01  -2.6050167e-01   4.3932068e-02  -4.2215655e-01   3.2261774e-01  -1.5772843e-01   5.3477978e-01   1.0382835e-01   7.9970300e-01  -1.0408983e-01   4.9269935e-02  -4.0864735e-01   2.2244002e-01   5.4435434e-01  -7.1397742e-02  -8.6027367e-02   3.2058567e-01  -1.2611261e-01   3.1014186e-01  -3.1628091e-01   2.4383667e-01   1.3208085e-02  -2.2080293e-02   2.5061875e-01   1.1787538e-01  -5.2660863e-01   1.1454094e-01   6.0997882e-02  -3.9825010e-01  -1.8731278e-01   7.6146948e-02  -1.5701269e-01   7.5380340e-01  -2.8428801e-01  -1.4747803e-01  -2.0128417e-02  -8.6335187e-02  -3.7940062e-02  -1.6486862e-02   7.1909507e-01  -1.0940266e-01  -1.7565818e-01   5.4342236e-02   5.5954907e-01   4.9300571e-01   1.9962217e-02  -3.7674565e-01   2.0481506e-01  -3.6534011e-01  -1.6162928e-01  -1.5820972e-01  -5.9321812e-02  -1.8370583e-01   2.0315677e-01   3.1498340e-01  -2.2151651e-01  -1.5519763e-01   3.2032430e-01   7.8436679e-01   7.4166531e-01  -1.4095412e-02   1.7512893e-01  -1.5368867e-01  -2.3746779e-02   9.1637863e-02  -5.6998434e-01  -2.4696555e-02  -1.8688543e-01   6.5468302e-02   5.1662799e-01  -1.0958180e-01   3.5622206e-01   1.9314665e-02  -4.7696024e-01   7.7558696e-01   5.9989227e-01  -2.7157612e-03  -3.0590179e-01   7.0269092e-02  -3.2112926e-02   2.6820050e-01   2.4101815e-01   2.2857619e-01   1.7893194e-02  -2.9798459e-01   1.2523720e-01   4.5209806e-01  -6.4407963e-02  -4.2509071e-01  -3.1982033e-01   3.0823884e-01   5.2541559e-02  -3.5315604e-01  -1.0273716e-01  -2.2588140e-01   4.3991019e-02
  -2.6758136e-01   0.0000000e+00   2.6660989e-01  -1.8413599e-01   4.9707392e-01  -3.2663156e-01   8.0735938e-02  -7.5649309e-02   5.9238864e-01  -4.7097438e-01  -3.5929283e-01   7.5449808e-01   1.5035146e-01  -2.4829589e-01  -3.8352793e-01   5.1635977e-02   6.5628982e-01  -5.3498838e-01   5.4125263e-02   4.0574847e-01  -5.6384803e-01  -3.9498002e-01  -5.2521062e-01  -2.5026454e-01   2.7517381e-01  -2.8653141e-01   3.2180625e-01  -3.6672729e-01   9.8205239e-02   2.0704840e-01  -3.2460541e-01  -3.1091645e-01   2.3830791e-01   2.0410227e-01   3.1435601e-01  -3.4334802e-01  -1.1936205e-01   2.1337131e-01   2.1160415e-01   6.6757150e-01   2.2510764e-01   3.4800898e-01   3.1637646e-01  -2.5918136e-01  -2.6380964e-01  -1.8231053e-02  -6.4817162e-01  -6.7510064e-02   2.0532764e-01   6.8336896e-01  -4.7919958e-01  -2.6224184e-01   4.8078567e-01   2.2157971e-01   5.8359113e-02  -4.2166865e-01  -1.7557669e-01  -2.9867246e-01   2.2942417e-02   4.4471722e-01   2.5287785e-01   1.1093417e-01   8.1934141e-01   3.5286248e-01   5.9225453e-01  -5.2901630e-01  -3.0076383e-01   6.0935375e-03  -4.3898691e-01  -2.6700938e-01   4.5995699e-01  -3.3479733e-01   2.8125567e-01  -1.2261212e-01   3.3415324e-01  -1.9845336e-01  -2.7275954e-02  -8.4295517e-02   5.3572613e-01   3.7506621e-01  -5.4110196e-01   1.7775010e-01  -1.4188479e-01  -6.0402866e-02   2.7659916e-01  -3.1511314e-01   4.2647758e-01  -4.6777870e-01   3.9774896e-01  -1.6057777e-01   4.8799368e-01   1.5079096e-01   2.5158045e-01   4.1398206e-01  -1.3750188e-01   4.2298879e-01   1.8068906e-02   3.5195482e-02   2.3029473e-01  -4.2513504e-01  -2.0391887e-02  -3.5239394e-01  -5.7937464e-01   3.8289049e-01  -4.6086596e-01  -3.5874137e-01   4.9724483e-01  -2.5497568e-01  -2.5876716e-01   1.2848905e-01  -3.0777004e-01  -2.8048276e-01  -3.1993486e-02  -2.0752849e-01  -3.0255307e-01   6.8095579e-01  -1.7301800e-01   1.7987672e-01  -9.3762681e-02  -3.1172352e-01  -2.8131317e-01   5.3126873e-01   5.9378820e-01   4.5017735e-02  -2.6990603e-02  -1.7819343e-01  -6.4499022e-02   4.1576091e-01  -2.7222941e-01   1.7353752e-01   1.7762028e-01   2.7899370e-01   7.2758418e-01   5.8168069e-02   3.2025719e-01  -1.3147222e-01   3.3314240e-01  -1.8673327e-01  -2.8689676e-01  -1.5417919e-01  -2.0854302e-01  -1.3805193e-01  -4.3779665e-01  -2.3767645e-01  -4.9532082e-01  -6.0848212e-01   9.6449875e-02  -1.5327965e-01  -2.9175692e-01   3.7763100e-01  -1.6588871e-01  -4.0869170e-01  -2.5097440e-02   4.0999672e-01   6.2574538e-01  -2.1555775e-01  -2.3461705e-01   7.5487290e-02   3.4895316e-01  -6.4325283e-01  -1.0601484e-01  -3.6255572e-01  -5.5115547e-01  -5.4828652e-01  -2.5673207e-01   6.6725721e-01  -2.7145613e-01  -8.6273716e-02   1.6270790e-01   4.6659966e-01   7.0979459e-01  -1.4905721e-01  -3.5639676e-01  -3.8359111e-02   2.6568529e-01   1.1842050e-01  -1.8006180e-01
  -1.6183640e-01   2.6660989e-01   0.0000000e+00  -2.8491469e-01  -2.0908148e-01   2.0661730e-01   1.8226230e-01  -5.1607817e-02   7.7908053e-02  -2.4016122e-02  -1.4847804e-01   4.1529245e-01  -2.8695157e-02  -8.9262178e-02   1.4969165e-01  -2.7453897e-02   7.7977429e-01  -7.2028204e-02   4.3792282e-02  -6.7526508e-02  -2.8435891e-01  -2.9927708e-01   5.5911076e-02   1.4982644e-02  -5.0604308e-02  -2.9243251e-01  -3.4099987e-02   1.3790234e-01   8.3197295e-02   3.4782022e-02  -4.2176828e-02  -1.9127162e-01  -9.3066693e-02   2.2966764e-01   1.3257930e-01   1.7446017e-03  -1.0692637e-01  -1.7380799e-01  -9.3807865e-02   5.2134551e-01   5.9395507e-03   1.0969530e-01   4.9631003e-01  -2.4016979e-01  -2.1156242e-01   4.9778004e-01  -1.2415942e-01   2.1169293e-01  -2.3145757e-01   4.1012061e-01  -2.6438689e-02  -6.9154013e-02   4.0682345e-02   3.6410005e-01   1.4188334e-01  -1.2348546e-01   1.5579339e-01  -1.9077094e-01  -2.2630513e-01   3.9120572e-01   3.0169677e-01  -1.4523333e-01   2.2111301e-01   8.6998865e-02  -2.3629710e-01  -2.2679464e-02   1.8026957e-01   9.0949829e-02  -1.5738653e-01   6.1547973e-01   2.9548992e-01  -2.1714769e-01  -6.3878284e-02   1.6244202e-01   2.1582126e-02  -1.1428580e-01   9.2123518e-03  -2.1398065e-01  -2.4193834e-01  -4.4477255e-02  -6.6339066e-02  -2.4389745e-01   1.5072215e-01  -1.4354357e-01   4.4552306e-01  -1.5817878e-01   1.8740612e-01  -7.6835859e-02   3.4214373e-02  -1.2821735e-03  -2.9227139e-01   2.8055445e-01   3.3990295e-01   1.1224482e-01   2.2037150e-03  -7.6065363e-02  -9.2722922e-02   1.2788821e-01  -2.7309490e-01  -3.4580008e-01   3.0623072e-01  -7.4543772e-02  -2.7563770e-01   3.0692336e-01  -2.4745056e-01  -2.1845986e-01   2.2019231e-01  -1.9471048e-01  -9.9428866e-02   2.5008986e-01   1.7746959e-01  -1.0366451e-01  -1.4240242e-01   1.2488558e-01   2.2522619e-01  -2.8679402e-01  -1.6704906e-01  -5.0986659e-04   2.5220799e-01  -2.3490814e-01   6.5417648e-02  -2.1981092e-01   2.7103577e-01   5.1261916e-02   9.7150529e-02  -1.6271912e-01  -2.2778009e-01   1.5153914e-01  -1.2017865e-01   7.5626928e-01   8.8130718e-03  -2.2853559e-01   1.7006562e-01   9.8187358e-02   1.7910803e-01  -1.3291269e-01  -1.1021034e-01   1.6503516e-01  -1.2748240e-01   5.5409585e-02   2.3925712e-03  -1.5358046e-01  -1.4370680e-01   4.2144318e-01  -1.1102110e-01  -3.1025583e-01   3.7246351e-01  -1.0128747e-01   3.6445203e-01  -2.2569910e-01   2.0258415e-01  -2.9996329e-02   3.3066889e-01  -6.0286849e-02   7.4474567e-01   2.5197918e-02  -3.8457484e-02  -8.1288445e-03   3.1470902e-01  -1.6361555e-01  -8.8694883e-02  -1.6529622e-01  -1.5511992e-02  -2.0562958e-01  -1.7090692e-01  -2.0570013e-03  -1.1848475e-01  -5.8961107e-02   3.4571584e-01   6.5383561e-02   1.1726880e-02  -5.8794370e-02  -2.7460863e-01   2.9023019e-01   7.1288298e-02  -2.2005894e-01  -2.1374143e-01
   3.5026419e-02  -1.8413599e-01  -2.8491469e-01   0.0000000e+00   1.3185516e-04   2.4565764e-01  -3.0094912e-01   2.9544586e-01  -1.1005763e-01   6.9368249e-03   1.9702026e-01  -3.5796550e-01   1.8573175e-02   6.3790001e-02  -1.3088342e-01   1.4590064e-01  -2.3628381e-01   2.3201679e-01  -2.3234830e-02  -9.2230020e-02   1.5747508e-01   4.1255125e-01   9.1969432e-02  -8.1901126e-02   2.3545447e-01   1.2153327e-01   1.3299670e-01  -2.2131062e-01  -4.1418033e-02   2.1552988e-01  -1.0103629e-01   5.0912996e-01   1.4720484e-01  -2.7071323e-01  -2.4273141e-01   1.6019752e-01   1.9972488e-02  -1.6375071e-01   1.4018825e-01  -1.3513770e-01   1.3985449e-01   4.8948311e-02  -3.9781425e-01   1.9609192e-01   3.5057513e-01  -1.8776023e-01   4.4272078e-01  -1.5871118e-01   2.1629823e-01  -7.2806519e-02   4.8765485e-01   3.0427872e-02  -4.3208720e-02   2.1544945e-02  -8.9221611e-02   1.6270280e-01   7.4339771e-02   4.1768048e-01   4.2876910e-01  -2.7955211e-01  -1.5635182e-01   2.2411059e-02  -6.7885769e-02  -1.3664173e-01   7.9113054e-02   3.1226988e-01   2.0888281e-01   8.7825013e-02   4.3346014e-01  -2.4396007e-01  -1.5681713e-01   5.8019899e-01   1.4338810e-01  -1.1945810e-01  -8.0916679e-02   4.6046378e-01  -1.0366581e-01   3.4744632e-01   4.1482563e-03   2.1553274e-01   8.8841750e-03   1.6956836e-01  -5.8873381e-02   9.7430133e-02  -2.5097810e-01   3.1807527e-01  -7.3373376e-02  -6.0974611e-02  -1.5973704e-01  -8.8491828e-02   1.9790518e-02  -7.0824307e-02  -2.4930687e-01  -4.3600297e-02  -1.0023113e-02  -6.2115615e-02   3.3520234e-01   7.1451408e-02   1.2515904e-01   1.4755689e-01  -2.6675803e-01   2.2019915e-01   2.1370758e-01  -5.1104596e-02   6.0060260e-01   5.8909143e-01  -1.2657312e-02   4.5143380e-01   1.0112303e-01  -1.7984436e-01  -6.4129519e-02   2.9902396e-01   5.2642561e-01  -9.9268298e-03  -1.4173086e-01  -9.2720439e-03   2.3211864e-01   4.3517064e-02  -1.9836368e-01   5.7871340e-01   1.0051499e-01  -1.1086697e-01  -3.4443654e-01  -1.5190774e-02  -1.2256218e-01  -1.3447114e-02   1.9998319e-01   1.2474040e-02   5.2412704e-01  -3.0760105e-01   1.8864151e-01  -3.7871632e-02  -2.2994677e-01  -1.6055937e-01   1.5849655e-01   3.2780499e-01   3.0315769e-01  -2.6143647e-01   3.0412906e-01   4.2762976e-02   4.9954947e-02   1.3241295e-01   5.1399394e-01  -2.4372776e-01   1.4514907e-01   3.1538021e-01  -2.2551242e-01   7.0396279e-02  -1.8347884e-01  -2.2527986e-02  -7.9831262e-02  -1.0535616e-01   2.6068849e-03  -2.1355019e-01  -3.3933688e-01  -1.5921533e-02   8.8707956e-02   3.6165075e-01  -6.7476569e-02   1.6832357e-01   1.9198946e-01   3.4896356e-01   2.1328018e-02   5.7363346e-01   4.5770451e-01  -1.4959978e-01   1.8750774e-01  -2.1689835e-01  -1.1058345e-01  -5.1065346e-02  -1.7338532e-01  -1.3920687e-01   4.8985882e-01  -5.0588018e-04   8.7444169e-02   6.4951589e-02   4.4719462e-01
  -4.4107165e-03   4.9707392e-01  -2.0908148e-01   1.3185516e-04   0.0000000e+00  -2.3456239e-01  -3.4456674e-01  -1.2233010e-02   4.0805300e-01  -1.2457965e-01  -9.1709144e-02   3.4721586e-01   4.8408021e-01  -5.0025817e-01  -6.0305209e-01   7.3822344e-02   1.4922391e-01  -4.5831111e-01  -2.0575577e-02   8.1296352e-01  -3.8696500e-01  -1.6992023e-01  -6.1649287e-01  -7.1901521e-02   2.6614974e-01  -1.3385860e-02   5.7689659e-01  -5.2296889e-01   1.5593311e-01   1.7026128e-01  -6.2939641e-01  -9.5336327e-02   1.2006072e-01  -3.0562699e-01  -2.4614322e-01  -1.7827726e-01  -4.4760578e-01   3.9399845e-01   1.7690163e-01   1.5301458e-01   2.9157544e-01   2.2381935e-01  -5.1941553e-02   2.8753562e-02   4.8439114e-02  -1.2778118e-01  -4.2780218e-01  -5.1672759e-01   2.9577573e-01   4.8018898e-01  -3.5610982e-01  -1.0063677e-01  -7.9162881e-02  -9.9568007e-03  -1.1550576e-01  -1.7618058e-01  -1.2476516e-01  -2.0375381e-01   8.2941942e-02  -2.9058275e-02   1.4469124e-01   2.9427877e-01   5.9082457e-01  -8.7154770e-02   6.3633119e-01  -2.5322881e-01  -2.9996667e-01  -4.1038377e-02  -2.7002868e-01  -5.3829443e-01  -2.8501149e-01  -3.8592072e-02   1.0349489e-01  -1.6686143e-02   2.1550658e-01  -2.0166591e-01   7.9861671e-02   2.1799779e-01   5.8601045e-01   2.5480498e-01  -6.4149742e-01   1.3101280e-01  -3.8906506e-01   1.0050589e-01  -9.7522715e-02  -1.3235738e-01  -1.7419570e-01  -3.7968810e-01   3.0126473e-01  -1.1261455e-02   8.4917454e-01   1.1555320e-02  -2.5035520e-01   1.9049028e-01  -7.4513766e-03   7.9302382e-01   2.3198903e-01   9.1874126e-02   5.0896082e-01  -6.8627664e-02  -5.4792318e-01  -1.4380728e-01  -3.3708022e-01  -5.6859894e-02  -2.4454699e-01  -1.8192178e-01   2.1399472e-01  -3.9932777e-02  -3.6232264e-01  -2.5892147e-01  -6.1330776e-01   1.5842270e-02   1.4396339e-02  -1.8830425e-01  -6.3474086e-01   6.7696777e-01   4.6656759e-02   1.1643241e-01  -1.5142278e-01  -1.7867559e-01  -2.2299513e-01   9.0908135e-01   2.5106916e-01  -1.0601891e-02   6.3468491e-02   1.0763022e-01   1.3137246e-01   2.5428713e-01  -1.7848533e-01  -3.7479372e-01   5.9544296e-02   8.2518133e-02   4.4750671e-01  -3.6527613e-01   2.1541754e-01  -9.1705994e-02   2.6542274e-01  -6.4067134e-01  -2.0078382e-01  -1.8128111e-01  -1.6197200e-01  -2.6393997e-03  -1.0447390e-01  -4.0646089e-01  -4.1226048e-01  -2.9331829e-01  -4.2335358e-01   1.8172685e-01  -6.4765044e-01   2.5435577e-01  -1.4922675e-01  -4.6069049e-01  -1.2062062e-01   5.0477139e-01   1.2485570e-01  -9.5217995e-02  -2.0857763e-01   1.1455818e-01   1.4223108e-01  -4.7787784e-01   2.7250994e-02  -1.7176696e-01  -2.8312159e-01  -2.9957655e-01  -1.2933263e-01   6.5934596e-01  -8.5589867e-03  -7.3164812e-02  -9.8646237e-02   5.5293060e-02   7.1059776e-01  -6.0195978e-02  -3.6369172e-02  -4.2702449e-02   1.9676438e-01   1.8346593e-01  -6.3419708e-02
  -1.4010125e-01  -3.2663156e-01   2.0661730e-01   2.4565764e-01  -2.3456239e-01   0.0000000e+00  -2.0639595e-02   1.5205773e-01  -3.9523308e-01   2.5813999e-01   1.0524557e-01  -2.4367041e-01  -1.8096170e-01  -7.7783605e-02   1.5574131e-01   1.9999805e-01  -2.3457552e-03   1.9027288e-01   5.9278390e-02  -1.3812224e-01   1.0226575e-01   4.5643968e-01   1.2295363e-01  -1.2510556e-01  -8.3668599e-02   2.8570614e-01   1.7713375e-01  -8.1155062e-02   6.3554667e-02   4.4786634e-02  -1.9249970e-01   1.2643737e-01  -3.3779913e-02  -1.9757477e-01  -3.7171353e-01   1.9516428e-01  -2.0033873e-01  -3.1281345e-01  -2.4234921e-02   4.5706337e-02  -9.8115506e-02  -2.2066761e-01   7.6497816e-02   2.7844233e-01   9.6086009e-03  -7.8808227e-02   5.0562132e-01   1.6619673e-02  -3.2854435e-01  -1.6133930e-01   3.1207265e-01   2.3723401e-01  -3.4616552e-01   8.3705794e-02   2.2622745e-02   3.4924112e-01   4.0612779e-01   3.8511582e-01  -2.4606215e-02  -9.4516436e-02  -2.5027423e-01  -6.5708365e-02  -2.7939915e-01  -3.7429123e-01  -5.1257857e-01   5.9842489e-01   7.5270484e-01  -7.4025320e-03   4.9074004e-01   2.2751662e-01  -2.2363327e-01   3.3568208e-01  -2.2586294e-01   9.6242566e-02  -2.4143843e-01   6.5245155e-02  -2.1602091e-01   2.5098769e-01  -3.8894732e-01  -1.6646116e-01   3.4606361e-01  -8.1509919e-02   1.2999623e-01   1.8310381e-01   1.1239547e-01   3.5373255e-02  -4.0805766e-01  -1.8903172e-02  -2.5171771e-01  -1.3065397e-01  -3.1778075e-01  -3.1177030e-01  -5.2389559e-02  -2.9133547e-01  -1.8120030e-01  -2.3344989e-01   7.5311609e-02   2.2742560e-01  -2.3315672e-01   6.6704738e-02  -8.7353359e-02   4.2181185e-01   2.9789966e-01  -2.1132613e-01   2.9923310e-01   2.4749551e-01  -1.1592063e-01   4.6946722e-01  -1.7321005e-02   3.2857620e-02   3.4131182e-01   4.6284596e-01   9.0868346e-02   1.7327779e-03   1.8842836e-01  -5.0129937e-01   1.8813246e-01  -1.4362177e-01   2.0240555e-01   4.0814830e-01  -1.3147801e-02  -2.9438074e-01  -3.2647690e-01  -1.1954889e-01  -1.1299884e-01  -3.4879507e-02  -1.1205956e-01  -1.6870762e-01   2.7609909e-01   1.3002306e-01  -1.0283815e-01  -2.2184382e-01  -3.7332397e-01  -3.3218598e-01   2.7432649e-02  -1.9652943e-01  -9.5638709e-02  -4.2621683e-02   2.5199956e-03  -6.6439256e-02  -6.9686619e-02  -1.2016222e-01   4.5423041e-01   3.7621653e-01   3.5578712e-01   3.2773323e-01   1.6495241e-01   2.9813443e-01   2.3157516e-01  -4.5718166e-01   7.7205311e-02   2.4001806e-01   1.2068147e-01  -3.5274960e-01   3.2955793e-02  -1.2497416e-01  -1.3142160e-01   1.3754944e-01  -2.9450587e-01   4.9100603e-01   4.8898166e-02   2.5782355e-01   1.7166610e-01   4.3330444e-01   2.9722542e-01  -1.8608599e-01   2.4294044e-01   6.2782551e-03  -9.7103514e-02  -1.8986948e-01  -3.3514302e-01  -2.3418715e-01   9.9146223e-02   6.2759321e-01   6.7739854e-02  -1.0256124e-01   2.8820612e-01
  -1.9896194e-01   8.0735938e-02   1.8226230e-01  -3.0094912e-01  -3.4456674e-01  -2.0639595e-02   0.0000000e+00  -8.5596850e-02   2.2193943e-01   9.9663206e-02  -1.3307855e-01   9.7491453e-02  -3.1378572e-01   2.3452003e-01   1.6697442e-01  -1.2955834e-01   1.0273240e-01   3.5297328e-02  -3.1728826e-02  -2.2147316e-01   1.8169770e-01  -2.9705415e-01   2.5113829e-01  -3.1584460e-02  -3.7480336e-01  -2.6306650e-01  -4.0376966e-03   2.6547533e-01  -1.0931563e-01   4.3245164e-02   3.9361304e-01  -2.5694236e-01  -8.9657328e-02   5.8239288e-01   5.9108752e-01   2.9594356e-01   5.4919887e-01  -1.8593757e-01  -1.8032780e-01   3.6333168e-01  -2.2896925e-01  -9.2260882e-02   5.2573433e-01  -3.2031371e-01  -2.6696504e-02   1.2924065e-01  -2.3831036e-02   7.2352626e-01  -9.0689122e-02  -9.9022918e-02   1.2281382e-02  -2.1206177e-02   3.9197233e-01  -2.0006668e-01   7.7278616e-02  -1.6137657e-01  -1.7111602e-01  -1.0650248e-01  -1.5992797e-01   3.2679698e-01  -1.9067565e-01   1.0605164e-01  -1.0224206e-01   3.6713481e-01  -2.1601478e-01  -1.3310176e-02   1.9172492e-02  -1.8110808e-02  -1.7994122e-01   1.6882174e-01   5.3452613e-01  -3.0021286e-01   5.2765023e-02  -3.7873195e-01  -2.0828503e-01  -9.8361239e-02  -2.0410472e-01  -3.4493828e-01  -1.2908896e-01  -2.6184738e-01   1.8312721e-01  -1.0963566e-01   1.6134931e-01  -1.6635878e-01  -4.3318581e-03  -5.3785720e-02   3.9550298e-01  -7.0338315e-03  -1.1529664e-01  -1.2625092e-01  -2.7405831e-01  -5.2256446e-02   6.0570201e-01   2.8958618e-01  -2.1521254e-01  -3.6318402e-01  -3.8263842e-01  -1.8874880e-01  -2.0894736e-01   2.4371077e-01   4.7011441e-01  -1.4022600e-01  -6.2390861e-02   2.4644571e-01  -1.5473847e-01  -2.7797543e-01  -1.4761116e-01  -3.2220835e-01   5.3482816e-01   4.1836033e-01   5.1651031e-01  -3.6959975e-01  -1.5532791e-01  -1.8536718e-01   2.6778901e-01  -6.4986171e-02  -1.8506352e-01   1.0989894e-01  -1.3680256e-01  -1.7024929e-01  -1.1630633e-01  -2.6765415e-01   1.2081808e-01   2.3926536e-01  -1.8969300e-01  -4.7227434e-01   3.7932337e-02  -1.7058531e-01  -2.0804003e-01   2.9781999e-01  -1.8156346e-01   5.2260386e-01  -2.3125459e-01   3.6052410e-01   7.2560972e-02  -8.3420807e-02  -3.1602009e-01   4.8323210e-01   2.7980960e-04  -9.6792424e-02  -1.4430490e-01  -1.7423675e-01  -4.2013167e-01   6.4381032e-02   9.0084334e-02  -1.7171535e-01   4.2358932e-01  -6.6480428e-02   6.2583937e-01   1.9041056e-01  -2.2260799e-01   2.3820773e-01  -1.4036796e-01  -5.6418987e-02   2.3777597e-01  -3.3045794e-02  -9.9357219e-02  -1.7829825e-01  -6.0100598e-02   1.7637070e-02  -1.3882290e-01  -1.6298813e-01   1.4598626e-01  -1.7408940e-01  -2.0984252e-01   5.6303481e-02  -2.2472810e-02   4.4666008e-02  -1.3390424e-01   3.2579905e-01  -9.6181006e-02  -6.7937008e-02  -9.3461816e-02  -6.2680319e-02  -1.8282197e-01  -1.0598250e-01  -1.7198556e-01
   1.3217260e-01  -7.5649309e-02  -5.1607817e-02   2.9544586e-01  -1.2233010e-02   1.5205773e-01  -8.5596850e-02   0.0000000e+00   6.8394681e-02   2.3502072e-01   4.1365705e-01  -2.2566353e-01   1.6951526e-02  -2.1288389e-01  -1.9992156e-01   1.7536787e-03  -1.5014774e-01   2.2872545e-01   1.3864230e-01  -1.4235225e-01  -1.2861318e-01   3.3795444e-01  -1.4098149e-01   3.7391797e-02   3.9757080e-02   3.7580991e-01   1.8678980e-02  -4.7938532e-02  -2.6735724e-01   2.3873279e-01  -1.7551178e-01   5.1445619e-01  -1.2935710e-01  -3.2293165e-01  -2.3239228e-01   1.6923719e-01  -2.6871247e-02  -3.7915778e-01   1.5948902e-01  -8.5080691e-02   2.4560867e-01  -2.1152004e-01  -1.9138807e-01   3.5890375e-01   1.6594338e-01   4.3478615e-02   3.2990464e-01  -5.1352638e-02  -2.0711339e-02  -1.4140512e-01   3.1598357e-01   4.3300816e-01  -1.2203678e-01  -2.0865923e-01   1.3609355e-02   3.0525183e-01   2.1409781e-01   4.6128326e-01   3.6578807e-01  -1.4271213e-01  -2.5812056e-01  -1.9608326e-02  -1.0362887e-01   7.4073431e-02  -5.1180995e-02   1.8616425e-01   2.4321501e-01   3.3840497e-02   4.7590174e-01  -8.2536969e-02  -8.8322634e-02   3.9277133e-01   2.0150719e-01  -9.1582298e-02  -3.0894133e-01   4.4077704e-01  -1.5565737e-01   3.9836830e-01  -1.7172473e-01  -1.2284643e-02  -8.6440511e-02   1.0020419e-01  -7.3521249e-02   5.8372209e-01  -2.5002157e-01   3.8965473e-01  -9.8331207e-02  -1.4279564e-01  -7.0130629e-02   5.5833880e-02  -1.2501539e-01  -2.0259204e-01  -1.7453902e-01   6.0732878e-02   7.9965207e-02  -2.0915906e-01   8.1609662e-02   4.0431831e-02   1.4368213e-01  -4.0779684e-02  -2.5233009e-01   3.0991652e-01   1.4582099e-01   8.9655726e-02   4.6196179e-01   4.6821611e-01  -2.0902427e-01   5.5050260e-01   1.0491877e-01  -1.8896887e-01   3.1156856e-02   2.4477776e-01   1.4428299e-01   1.2078234e-01  -2.0960433e-01  -1.5725345e-01   3.2072437e-01   9.8597190e-02  -1.7002042e-01   4.4995292e-01   9.9706438e-02  -1.5609121e-01  -6.5638200e-02   1.5836428e-01  -1.1512776e-01  -4.8790864e-02   3.0091080e-02  -1.2344444e-01   5.2556558e-01  -2.3623182e-01   7.5415175e-02  -1.0032048e-01  -9.8146553e-02  -1.9125390e-01   1.9723377e-01   4.4206103e-01   1.2273581e-01  -3.8858038e-02   4.3314220e-01   1.1222575e-01   1.7429384e-01  -8.6832173e-02   4.4401365e-01  -1.8378984e-01   2.2621173e-02   2.2131870e-01  -2.5697486e-01   7.5350902e-02  -8.7174491e-02  -5.6709303e-02  -6.0443908e-02   1.3903015e-01  -7.9253805e-02  -1.8929767e-02  -2.1174732e-01   4.7892992e-04   2.2866106e-01   3.1371691e-01  -2.5288000e-01   1.5345773e-01   2.3216499e-01   5.7581536e-01   2.0078926e-01   4.3972601e-01   4.5793035e-01  -1.1643112e-01   3.0605062e-01   1.8243839e-01  -1.3499423e-01  -1.0120626e-01  -2.5710581e-01  -1.2288792e-01   2.5298805e-01  -1.5662895e-01  -1.4735846e-01   4.5382105e-02   5.1347157e-01
  -4.8681865e-02   5.9238864e-01   7.7908053e-02  -1.1005763e-01   4.0805300e-01  -3.9523308e-01   2.2193943e-01   6.8394681e-02   0.0000000e+00  -6.0324361e-02  -5.2786723e-02   3.6529969e-01   1.9910111e-01  -2.1525596e-01  -4.0507815e-01   8.1848473e-02   2.9853976e-01  -2.3475141e-01  -1.9209060e-02   2.7319234e-01  -3.0048115e-01  -2.2466027e-01  -3.5674434e-01   2.1475887e-02  -1.9498994e-02  -2.4062002e-01   3.6139148e-01  -2.1271497e-01  -1.9341546e-01   4.7809927e-01  -2.4034880e-01  -7.2198228e-02   4.3409435e-02   1.1130182e-01   3.2032661e-01   7.1056288e-02   2.4283247e-01   1.0897127e-01   2.2566746e-01   3.7469991e-01   3.4786804e-01   1.0504100e-01   2.5337025e-01  -2.4570645e-01   1.5524885e-01   1.3852890e-01  -3.0115691e-01   7.8393342e-02   3.4863167e-01   3.5555430e-01  -1.0666965e-01  -1.0914915e-01   3.7482954e-01  -1.5244463e-01  -1.0928395e-01  -3.4629116e-01  -2.1750418e-01  -6.7549292e-02   2.0462410e-01   4.1344948e-01   2.1841154e-02   3.1776683e-01   4.8704355e-01   5.0899949e-01   5.8989937e-01  -2.7115969e-01  -2.1108879e-01  -8.6432857e-02  -2.6558517e-01  -2.7202044e-01   2.5339312e-01  -8.1711928e-02   4.0495628e-01  -3.1090221e-01  -7.7558118e-02   1.8075979e-02  -7.1008630e-02  -2.3350292e-02   3.2442870e-01   2.4427490e-01  -4.5896665e-01   1.6780020e-01  -3.1798518e-01  -5.8051671e-02  -1.3218255e-01  -1.2244289e-02   4.0576432e-01  -3.2640257e-01   1.7306762e-01  -2.4965721e-02   3.5595167e-01   1.2186066e-03   1.2248923e-01   6.6494338e-01  -2.8727611e-02   9.2574470e-02  -5.9170709e-02  -1.2376622e-02   3.8755805e-01  -6.3091755e-03  -1.8652387e-01  -1.0641420e-01  -3.8834074e-01   6.2694008e-01  -7.9957948e-02  -1.0485808e-01   4.8388192e-02  -1.4583435e-01   1.3525292e-01  -2.4271468e-02  -2.3865181e-01  -1.3460154e-01   1.2633326e-01  -1.7195928e-01  -4.1761838e-01   5.1429204e-01  -9.8062232e-02   1.8135457e-01  -3.7557286e-01  -2.1431467e-01  -1.5390604e-01   3.4062477e-01   2.8982086e-01   4.5189068e-01  -1.3611472e-01  -1.4962131e-01   1.6318474e-01   1.3091326e-01  -1.7724431e-02  -4.8953276e-02   2.5959500e-02   3.1633603e-01   4.1007574e-01   1.8653809e-01   4.1833055e-01   9.3191890e-02   9.8026478e-02  -3.3819159e-02   1.6419880e-01  -4.7901910e-02   1.5721762e-03  -1.0720363e-01  -2.7717636e-01  -4.3722179e-01  -2.7463381e-01  -4.3440198e-01  -2.2710690e-01  -4.6625475e-02  -2.2161059e-01   5.6819571e-01  -3.0452115e-01  -3.1670465e-01  -1.7263209e-01   4.0004189e-01   2.8882808e-01  -2.1285764e-04  -8.7146444e-02   1.5931098e-01   8.4962137e-02  -3.5827400e-01   2.2502632e-02  -8.5823453e-02  -6.0883663e-02  -2.8162857e-01  -5.7891984e-02   4.3599671e-01  -6.4176919e-02  -1.1738343e-01  -7.7885506e-02   2.9274430e-01   3.9088415e-01  -7.8986708e-02   2.5092185e-02  -2.4410916e-01  -1.5340685e-01   1.0080748e-01  -9.6102895e-03
   3.9119349e-01  -4.7097438e-01  -2.4016122e-02   6.9368249e-03  -1.2457965e-01   2.5813999e-01   9.9663206e-02   2.3502072e-01  -6.0324361e-02   0.0000000e+00   5.9364914e-01  -4.5533194e-01  -3.8407968e-02  -1.9678910e-01   1.4807393e-01  -1.7130609e-01  -3.9082759e-01   4.9872365e-01   5.5425187e-02  -5.0469150e-02   1.9749299e-01   2.3539594e-01   2.5258782e-01   3.5643169e-01  -3.0737025e-01   2.2221965e-01  -3.3300077e-02   2.7620326e-01  -3.8032872e-01   1.2894397e-01  -1.0282657e-01   1.8372396e-01  -4.0814803e-01  -3.2577451e-01  -2.4465395e-01   4.8118626e-01   1.2760609e-01  -1.7612534e-01  -2.0069100e-01  -4.0923462e-01  -3.7975743e-02  -4.5450566e-01   2.3310673e-03   2.7492144e-01   3.0965973e-01   2.1142819e-01   4.9691829e-01  -2.2439698e-02  -1.4060658e-01  -4.7014395e-01   4.7245771e-01   3.2130942e-01  -4.7862458e-01  -4.8489906e-01  -3.2038223e-01   3.2852672e-01   1.4274209e-01   1.4717936e-01   2.3335203e-01  -1.5360997e-01  -3.6258609e-01   4.1333514e-01  -4.3323114e-01  -1.3188587e-01  -2.5289648e-01   6.5421042e-01   1.9664200e-01  -3.5588101e-02   2.6779877e-01   2.0267717e-01  -4.8770640e-01   3.4920900e-01  -1.1143968e-01   8.7126944e-02  -4.6323308e-01   1.8082362e-01  -9.7874515e-02   1.7767411e-01  -5.3012420e-01  -3.5890574e-01   1.1178894e-01  -1.2055850e-01   1.3760443e-02   1.9958402e-01  -3.4565657e-01   3.8982416e-01  -3.8410493e-01   2.1233530e-01  -1.6656399e-01   3.8994795e-01  -2.6678624e-01  -2.9950282e-01  -2.9653269e-01   1.1593266e-01   1.0893450e-01  -3.1766154e-01  -8.4480859e-02   3.8336800e-02   9.8905733e-02   5.7456954e-01  -2.8615584e-01   4.9487111e-01   2.5013834e-01  -8.4268992e-02   3.9157066e-01   2.0226430e-01  -6.2302552e-01   1.5388293e-01   3.7136217e-01  -1.4054826e-01   1.8993075e-01   3.1731976e-01  -4.0737888e-02   3.7281335e-01  -1.2352609e-01  -4.4338766e-01   1.8040544e-01   4.4729365e-02   8.3897818e-02   1.1788531e-01   2.7155649e-01  -2.1021241e-01  -2.4813973e-01   2.1018040e-01   4.0019511e-02   1.1869340e-01   1.6259606e-01  -5.1960358e-01   1.9687331e-01  -1.8446254e-01  -8.8436672e-02  -7.2978126e-02  -4.5897136e-01  -1.8363075e-01   1.3064733e-01   3.7476318e-02  -3.6410023e-01   2.1441904e-02   2.8806860e-01   2.7577316e-01   2.6359020e-01  -1.7344960e-01   4.1105064e-01   1.1837113e-01   3.9456650e-01   3.2789754e-01  -3.4517643e-01   4.2560921e-01   2.2421536e-01  -1.0325793e-01   2.0369068e-01   1.6884481e-01   5.1698418e-02   4.5264625e-02  -3.0565999e-01   3.1134481e-01   2.3133303e-01   1.1472880e-01  -5.2417301e-01   4.0992057e-01   1.7093709e-01   4.7996349e-01   6.5539213e-01   4.3926268e-01   8.0224278e-02  -2.8462337e-01   5.0776336e-01   1.9534155e-01  -2.3371717e-01  -5.1946418e-01  -4.4975035e-01   5.5072160e-02   2.7688069e-01   8.2816611e-02  -3.0376369e-01  -1.2994033e-01   1.1917544e-01
   2.6848396e-01  -3.5929283e-01  -1.4847804e-01   1.9702026e-01  -9.1709144e-02   1.0524557e-01  -1.3307855e-01   4.1365705e-01  -5.2786723e-02   5.9364914e-01   0.0000000e+00  -4.2413752e-01  -1.6356364e-01  -9.0364218e-02   1.0807199e-01  -3.5887378e-02  -3.5971819e-01   6.6998407e-01   1.8527838e-02  -1.5312565e-01   1.7931191e-01   3.0299509e-01   1.0470308e-01   1.7678678e-01  -1.1096695e-01   3.3212005e-01  -1.0474678e-01   6.8674070e-02  -2.2575190e-01   2.3985792e-01   1.7023408e-02   3.7479414e-01  -2.1508574e-01  -3.2985986e-01  -2.2008713e-01   2.7129697e-01   1.1869886e-02  -1.4067833e-01  -2.1946555e-02  -4.6748313e-01  -4.3061721e-02  -2.5919212e-01  -1.2589397e-01   3.5877854e-01   4.3811325e-01   9.1293191e-02   6.2797204e-01  -7.1930795e-02   8.8677816e-02  -3.9756271e-01   5.7193268e-01   3.0837257e-01  -4.5027636e-01  -3.5980124e-01  -3.2781662e-01   3.9281870e-01   1.0033256e-01   3.2626587e-01   4.4265327e-01  -2.4902099e-01  -2.4278479e-01   2.6259705e-01  -3.1641818e-01  -3.2025528e-04  -1.0826189e-02   5.4821342e-01   2.1913913e-01  -2.7630265e-02   5.3330250e-01  -4.6435806e-02  -4.0827870e-01   3.7805268e-01   2.3021522e-02   6.6527810e-02  -4.7400255e-01   4.9235890e-01  -6.1126969e-02   2.9256500e-01  -4.6330791e-01  -2.7977562e-01   6.9853941e-02  -3.0786498e-02   1.0134525e-01   1.5344084e-01  -2.7078138e-01   5.8217981e-01  -1.9395700e-01   1.2647674e-01  -1.5284945e-01   2.3703188e-01  -2.2250915e-01  -2.3964336e-01  -4.5365000e-01   9.5352403e-02   1.0928829e-01  -3.3456662e-01   7.2952773e-03   3.8146814e-02   1.8259208e-01   2.5733756e-01  -2.3061990e-01   5.5061926e-01   2.8216148e-01  -3.2083057e-02   5.5848633e-01   4.2326743e-01  -4.7612873e-01   3.8341931e-01   2.0573709e-01  -3.9907863e-02   7.5055577e-02   3.8226377e-01   8.0798889e-02   2.8620396e-01  -2.1130871e-01  -3.1557211e-01   3.4138643e-01   3.7846511e-02  -2.1357885e-02   1.9017872e-01   1.7369998e-01  -1.9824956e-01  -3.2084984e-01   3.8129676e-01  -5.6296017e-02   1.2330331e-01   1.9339081e-01  -4.3794646e-01   3.6743816e-01  -2.5810010e-01  -4.9885016e-02  -7.8470168e-02  -2.7662953e-01   8.0689018e-02   1.3721156e-01   3.6300969e-01  -1.7409797e-01   4.4677655e-02   5.4145130e-01   1.7709628e-01   1.9362099e-01  -1.3862310e-01   6.2138736e-01  -1.0195841e-01   3.5385427e-01   4.7357986e-01  -4.0149906e-01   4.9863500e-01  -2.3636371e-03  -1.5812108e-02   6.2004586e-02   4.8035939e-02   4.8131551e-03   2.0524540e-01  -3.4759137e-01   1.0939679e-01   2.0391018e-01   4.0164586e-01  -3.5977556e-01   2.9095537e-01   7.6219539e-02   7.7444777e-01   6.0353039e-01   5.8833048e-01   2.3410769e-01  -3.2498313e-01   6.6769435e-01  -5.7067695e-02  -1.8262108e-01  -4.6524739e-01  -4.3551170e-01  -1.5889662e-03   4.4550861e-01  -8.8138307e-02  -2.7374082e-01  -9.5784112e-02   2.2515718e-01
  -4.1378764e-01   7.5449808e-01   4.1529245e-01  -3.5796550e-01   3.4721586e-01  -2.4367041e-01   9.7491453e-02  -2.2566353e-01   3.6529969e-01  -4.5533194e-01  -4.2413752e-01   0.0000000e+00   1.5054610e-01  -1.6591380e-01  -6.7137014e-02   1.5037362e-01   7.1749332e-01  -5.6643240e-01  -3.8564274e-02   3.1422763e-01  -5.0057693e-01  -4.2222207e-01  -3.2086985e-01  -3.8962589e-01   1.9632665e-01  -3.4722432e-01   1.3955355e-01  -2.3256066e-01   3.2624296e-01  -1.2869438e-02  -1.5885874e-01  -4.9977107e-01   2.9048650e-01   4.4892058e-01   3.7995448e-01  -4.3745766e-01  -1.8547035e-01   1.4440612e-01   1.3599877e-01   6.4058067e-01   8.0677977e-02   3.8519178e-01   3.7466357e-01  -3.0087536e-01  -3.2513339e-01  -7.6840654e-02  -6.9008788e-01  -2.9596286e-02  -3.2349737e-02   7.0041186e-01  -5.4407386e-01  -2.6305646e-01   3.8087835e-01   3.4952368e-01   1.2613627e-01  -3.6353654e-01  -1.6329958e-02  -4.4654617e-01  -2.2897874e-01   5.5260500e-01   3.3093156e-01  -5.1679125e-02   7.0832262e-01   1.0898825e-01   2.4994849e-01  -4.8064971e-01  -2.3637356e-01   4.5534507e-02  -4.8576530e-01  -4.7844403e-02   4.3328169e-01  -4.2856641e-01   1.7408912e-01  -1.3319729e-02   2.8736693e-01  -3.5133256e-01  -5.1205944e-02  -2.6313464e-01   4.0437921e-01   2.4198511e-01  -3.1848490e-01   1.0494850e-01   6.2203515e-02  -1.2437230e-01   5.5196992e-01  -4.3572443e-01   3.5347766e-01  -4.2558485e-01   3.0290002e-01  -2.7004153e-01   3.0297387e-01   2.5169517e-01   4.2637374e-01   1.6998892e-01  -3.0680337e-01   4.3791399e-01  -5.5171783e-02  -9.1034063e-02   8.7741021e-02  -5.4229263e-01   2.3536303e-01  -4.0114545e-01  -3.9891986e-01   1.8920976e-01  -6.4185546e-01  -4.5227144e-01   5.5276987e-01  -4.3799761e-01  -4.1522554e-01   2.6234995e-01  -1.0606729e-01  -2.5683133e-01  -1.0502997e-01  -2.2128163e-01   5.5411241e-02   4.0927875e-01  -2.6821785e-01   1.1009428e-01   1.3872131e-01  -3.8424008e-01  -3.6864758e-01   4.3177485e-01   5.6334745e-01  -9.1906283e-02  -7.3670704e-02  -1.1208001e-01  -1.2138457e-01   4.3812411e-01  -3.7922897e-01   4.2576965e-01   3.9527498e-02   8.8665573e-02   6.4352373e-01   1.3543388e-01   2.0114566e-01  -2.8915395e-01   1.7455536e-01  -5.6606808e-02  -4.2120784e-01  -3.3577681e-01  -4.0211084e-01  -1.0380588e-01  -4.9085186e-01   1.1757070e-01  -2.9961100e-01  -5.0902318e-01   4.4110301e-01  -1.5436823e-01  -5.2538730e-02   1.4029914e-01  -8.8949441e-02  -2.3606183e-01   5.5927973e-03   2.8282333e-01   7.5389466e-01  -3.3323196e-01  -4.2576979e-01  -2.1898970e-02   4.2851243e-01  -5.0562428e-01  -1.6338739e-01  -5.3266822e-01  -5.2659119e-01  -6.6387141e-01  -3.6496835e-01   5.6643237e-01  -2.8918238e-01  -1.8961358e-01   3.1356197e-01   4.0453207e-01   7.2775007e-01  -2.1463736e-01  -5.1416546e-01   9.9422180e-02   2.0257149e-01   1.1792983e-02  -3.1058243e-01
   5.9989399e-03   1.5035146e-01  -2.8695157e-02   1.8573175e-02   4.8408021e-01  -1.8096170e-01  -3.1378572e-01   1.6951526e-02   1.9910111e-01  -3.8407968e-02  -1.6356364e-01   1.5054610e-01   0.0000000e+00  -3.4919493e-01  -3.3444005e-01   2.4632835e-02   1.5272654e-01  -3.0654868e-01  -7.6259641e-02   4.2578611e-01  -3.3373000e-01  -5.7589069e-02  -2.6397305e-01   5.9555120e-02   1.5601192e-01  -1.6587737e-01   2.3685324e-01  -2.1096758e-01   1.0528248e-01   4.1633147e-02  -3.4205064e-01   4.3830099e-02  -2.5736330e-02  -2.0585294e-01  -1.5242673e-01  -3.3908555e-02  -1.8983395e-01   1.0240335e-01   4.6557900e-02   1.2671998e-01   5.6048030e-01   7.9940492e-02  -1.2437437e-02  -2.3492951e-01   4.2218443e-02   9.0518721e-02  -2.9427631e-01  -3.4459591e-01   1.8087051e-01   3.3346974e-01  -1.3488830e-01  -1.4432939e-02  -1.5475551e-01  -3.9526137e-02  -7.7940630e-02  -1.9994365e-01  -1.2285583e-01  -4.7921313e-02   7.3864838e-02  -4.6657963e-03   2.5668228e-02   5.9950520e-02   3.3389808e-01  -1.2526301e-01   3.2381167e-01  -2.1179166e-01  -2.9651570e-01  -9.2049081e-02  -2.1355035e-01  -1.7431617e-01  -1.2664011e-01  -1.2767379e-03   1.4609890e-01   1.8233259e-02   1.4021036e-01  -1.2151537e-01  -7.8037697e-02   9.8618583e-02   4.0837781e-01   2.7976135e-01  -4.0387206e-01   1.2432202e-01  -3.8959552e-01   1.2566954e-02  -1.4842461e-01  -4.6391259e-02  -2.3558684e-02  -1.4954600e-01   9.2159167e-03   5.8124007e-02   3.6573273e-01   1.2351736e-01  -1.6320586e-01   8.3038554e-02   3.5410918e-02   4.9857465e-01   2.4199043e-01   7.8853354e-03   1.5818319e-01   2.2740084e-02  -3.4841900e-01  -1.7451558e-01  -3.0740233e-01   3.5092949e-02  -3.4370886e-02  -6.3264984e-02   3.3103800e-02  -6.6177509e-02  -2.0160864e-01  -3.4405199e-01  -4.2250271e-01  -5.4072922e-02   4.2934379e-02  -3.1632756e-02  -3.6272049e-01   2.1209773e-01  -4.6792515e-02   3.1052867e-01  -2.6796821e-01  -8.6901134e-03  -1.1362207e-02   4.0645717e-01   1.5465231e-01  -2.0086183e-01   1.0770448e-01  -2.7711979e-03   2.1362312e-02   2.3461766e-01   3.3961478e-02  -2.1775926e-01   1.4058721e-01  -1.6874586e-01   1.9618541e-01  -1.9657242e-01   1.2032298e-01   1.3039715e-02   1.1891801e-01  -4.7421487e-01   5.2843682e-02  -5.1128929e-02  -3.5529440e-02   1.8117335e-01  -3.7613931e-02  -2.6540795e-01  -2.9399981e-01  -3.4287568e-01  -3.0506744e-01  -1.7621870e-01  -3.6861581e-01   1.3651349e-01  -5.1342725e-02  -3.0107810e-01  -2.9145272e-02   1.1138225e-01   5.7302973e-02   8.8124014e-02  -6.2329350e-02   1.5214412e-01   1.4517208e-01  -1.8522343e-01   6.2641440e-02  -1.3624352e-01  -1.7958846e-01  -2.1481185e-01   1.0329466e-01   1.1834376e-01  -2.2020662e-01  -1.9026613e-01  -2.6749662e-02  -4.6874876e-02   2.8450595e-01  -1.1557678e-01  -7.0206982e-02  -1.5101742e-01   2.2924077e-02   7.4347998e-02   3.6500292e-02
  -1.1291473e-01  -2.4829589e-01  -8.9262178e-02   6.3790001e-02  -5.0025817e-01  -7.7783605e-02   2.3452003e-01  -2.1288389e-01  -2.1525596e-01  -1.9678910e-01  -9.0364218e-02  -1.6591380e-01  -3.4919493e-01   0.0000000e+00   5.7423127e-01   9.8437252e-03  -1.4552818e-01   2.6988900e-01   2.8497827e-02  -3.7365682e-01   5.4842171e-01   3.6344026e-02   5.2984581e-01  -1.6886470e-01  -3.2937695e-02  -6.2215501e-02  -3.2633505e-01   2.8682379e-01  -3.0528876e-02  -1.1250416e-01   7.9081286e-01  -5.5274992e-02   6.5017477e-02   4.3061200e-01   4.3139611e-01   1.6664498e-01   3.8102858e-01  -8.0713620e-02   4.5214787e-02  -1.3426513e-01  -2.6510600e-01   1.7242861e-02  -3.5808365e-02   2.1487982e-02   7.6767718e-03  -7.1226974e-02   1.7999961e-01   4.7583973e-01   2.0186353e-01  -3.5736369e-01   1.1491109e-01  -1.3811885e-01   2.6514835e-01   1.0785475e-01   3.0683641e-01   6.7493669e-02  -1.1697740e-01  -1.0257273e-02  -1.3543686e-01   3.2842137e-02   8.5510382e-02  -1.0776345e-01  -3.5924513e-01   6.9472840e-02  -2.2984647e-01  -3.1181960e-02   4.4948072e-02  -5.5655778e-04   4.9929826e-02   2.0619120e-01   3.0889095e-01  -8.6438439e-02   3.1063576e-02   6.8075445e-02   1.3436127e-01   7.2391853e-02   3.4312794e-02  -3.3709970e-01  -1.8377374e-01   1.2092979e-01   5.6218002e-01   8.5660115e-02   4.6449574e-01  -2.2287843e-01   1.6931702e-01   7.5209407e-02   3.4791081e-01   3.2459721e-01  -8.5377757e-02  -1.8670995e-01  -4.3190014e-01   4.1269103e-02   2.4499315e-01  -1.2260936e-01  -1.3600923e-01  -4.7540927e-01  -3.2808878e-02  -1.8981042e-01  -1.9166576e-01   6.7036197e-02   6.7294949e-01  -1.5056254e-01   3.8497030e-01   1.0754345e-01  -3.5557845e-02   1.3800744e-02   5.4312681e-02  -1.4262001e-01   2.9782151e-01   2.9072930e-01   4.5636953e-01  -1.6886580e-01   6.7879857e-02  -5.8758375e-02   6.3791027e-01  -2.5573608e-01  -3.1361137e-03  -3.7150417e-02   1.1900182e-01   4.1284425e-03   2.2403374e-02  -4.4277284e-01  -2.4844955e-01  -9.5314846e-03  -1.5033318e-01  -2.3892020e-03   2.1761238e-02   3.7411861e-02  -2.6167695e-02   2.7738360e-01  -3.3062572e-02   2.2424502e-01  -9.4789945e-02   5.0984051e-01  -2.4155201e-01   8.8966313e-02  -8.8611310e-02   5.7487762e-01  -5.2013621e-03  -8.2757999e-02   4.6560470e-02   1.1372608e-01  -1.4262605e-01   2.1531260e-01   3.9944864e-01   3.0370583e-01   3.9292222e-01  -1.5535104e-01   3.8826972e-01  -3.3721896e-02   2.1987772e-02   3.5153371e-01  -1.3229038e-01  -2.5558141e-01  -2.0586874e-01  -1.2936129e-01   8.4790265e-03  -9.8625335e-02  -2.8254361e-02   2.3854686e-01  -1.3397891e-01  -1.1538502e-01  -8.7109299e-03   4.3730983e-03  -5.5809498e-02  -3.0646095e-01  -1.2489547e-01  -6.9561783e-02   5.9233901e-02   2.4427542e-01  -2.9153184e-01   8.5082339e-02   4.8975516e-02  -1.5177086e-01   1.0216368e-02  -1.6977942e-01  -3.3204975e-02
