   0.0000000e+00  -8.4446240e-02   1.2477116e-01   2.0479045e-01  -2.4273425e-01  -3.0981148e-01  -4.1741225e-01   3.6580200e-01  -1.5441854e-02  -4.7469749e-01   4.4385830e-04  -7.1441904e-02  -2.6317876e-01   4.6701878e-01  -3.5665714e-01  -4.5590243e-01   8.3185779e-03  -1.5529522e-01   1.8867011e-01  -2.7384500e-01  -9.5494030e-02   3.5288583e-01  -3.4964214e-01   7.2701762e-01   2.5766238e-01   4.3677575e-01  -4.4061706e-01   5.3024932e-01   3.1344747e-03   1.1432088e-01  -2.8243874e-01   4.4995704e-01   7.8605978e-02  -4.5166268e-01  -4.4065747e-01  -2.4622931e-01  -3.5988805e-01   7.2866256e-01  -4.6908098e-01  -4.3785943e-01  -3.0654090e-01   3.5664899e-01  -2.3796351e-01   3.1083298e-01  -4.6770572e-01   7.3060699e-01   8.5512225e-03  -5.2622852e-01  -4.0396911e-01  -1.8102460e-01  -3.5365985e-01   2.8981219e-01  -3.6385357e-01   2.5252130e-01   5.0380150e-01   2.2457898e-01   2.9474792e-01   1.7914987e-01  -1.0236836e-01   8.0950026e-02   5.9986386e-01  -2.8241334e-01  -1.8978450e-02  -9.7616297e-02  -1.1097522e-01  -3.7517909e-01  -1.7143567e-01  -7.4277907e-02   1.0325679e-01   2.9035860e-01  -3.7836295e-01   8.3569346e-02  -4.0997197e-01   6.5907470e-01   2.4344329e-01   2.7098917e-01   7.1465274e-01   2.0110196e-01  -2.1748794e-01  -6.4062922e-03   1.6642986e-01  -5.9924574e-01  -2.1646996e-01   3.9281466e-01   6.0578282e-01   2.0671789e-01  -6.5754223e-02   4.1233077e-01  -1.2339015e-01   8.1623376e-01   3.8874845e-02   6.9265754e-01  -5.0430058e-01  -1.3288321e-01   7.1714347e-01  -1.8588177e-01  -1.3261817e-01   3.2844656e-01  -2.4825496e-01  -3.0811538e-01   4.9688076e-01  -7.0304688e-02   1.6160727e-01   3.3729760e-01   2.1261044e-01   4.8486335e-01   1.1951192e-01   2.9038587e-01  -4.7883291e-01  -2.7226947e-01  -3.6299088e-01   2.0329358e-01   9.7329136e-05   8.6378798e-01   1.9194267e-01  -1.9549017e-01   3.5565025e-01  -4.7237500e-01   5.0305531e-01   2.8708264e-02   7.8496571e-01  -2.7354478e-01  -2.4579281e-02   1.0696351e-01   8.2225089e-01   3.1669494e-02  -6.8958544e-02   1.2461152e-01   4.0219117e-01  -2.7020305e-02  -4.0904388e-01  -2.4348397e-01   7.9477709e-01  -3.5892117e-02   3.1464377e-01   2.8451709e-01   1.0245430e-02  -1.6107409e-01   3.3184160e-01   4.4268445e-01   7.6713974e-01   6.3404974e-03   1.9718009e-01   3.9672312e-02  -2.6564790e-01  -1.5495624e-01  -4.7113879e-01  -3.0825462e-01  -4.1998165e-01  -5.9760161e-02   5.4592379e-01   2.6711212e-01   7.1018103e-01   3.0077360e-02  -3.4464739e-01   6.5528683e-01   7.2200021e-01  -3.1998185e-01   7.1900721e-01   1.5840723e-01   1.2202715e-01   3.5994387e-01  -1.6244684e-01   1.2470104e-01   3.1200152e-01  -4.9977977e-01  -2.4677942e-01   6.2050793e-01   6.9911693e-01  -3.0663770e-01  -4.7376745e-01   4.7624978e-01  -1.3952741e-01  -1.1526813e-01  -8.3484500e-03  -7.0447067e-02   4.7775368e-01
  -8.4446240e-02   0.0000000e+00   3.8224872e-01  -4.7002118e-01   1.4306774e-01  -3.6878074e-01  -2.4448050e-01  -7.5901641e-02   4.2001285e-01   2.8616111e-01  -5.9000201e-01   3.3715347e-01  -2.6046901e-01  -3.0987205e-01  -6.2118871e-02  -6.0168842e-02   4.9076864e-01  -1.4684414e-01  -4.3387275e-02  -3.5792777e-02  -3.9237813e-01  -2.4043912e-01  -4.6158856e-01  -1.0506830e-01   6.5847805e-02   6.9743181e-03  -1.9475478e-01  -3.0435264e-01   1.9922952e-01  -4.2927922e-01   1.9441559e-01  -1.1777465e-01   1.4839396e-01  -7.0835272e-02   3.8484376e-01  -3.8139695e-01  -2.8691524e-01   1.3061271e-01   9.5068917e-02   2.3440207e-01  -5.5379494e-02   2.0272335e-01   3.5691400e-01  -2.1772432e-01  -3.3608864e-02  -9.9938384e-02  -5.5120684e-01   3.2534680e-01  -1.6014094e-01   4.3158353e-01  -4.5859991e-01   4.6086913e-02   2.9526067e-01   3.0547437e-01  -2.6671744e-01  -3.1892700e-01  -3.9688790e-01  -2.6392431e-01  -1.7437823e-02  -2.2413072e-01  -1.0579273e-01  -6.2643641e-02   6.8577816e-01   9.2288332e-02   2.3596134e-01  -4.2620613e-01  -3.4842576e-01   2.9981022e-01  -5.1110992e-01   1.1554667e-03   7.1991215e-01  -5.4175497e-01   1.3114665e-01  -5.0965634e-02   1.1605269e-02  -3.8660353e-02  -5.1379019e-02  -3.1173519e-02   4.2049832e-01  -8.5669689e-03  -4.1782758e-01   3.1516533e-02   1.2391289e-01  -6.6799968e-02   1.8974314e-02  -5.5564296e-02   3.9705031e-01  -3.8093062e-01   5.4515203e-01   8.9348495e-03   2.9656464e-01   6.3048228e-02   3.6879317e-01  -1.6557145e-01  -3.6968772e-02   2.1405481e-01  -1.5349266e-01   3.3676039e-02   1.3081064e-01   4.0848769e-02   2.2884621e-01  -4.9741206e-01  -3.7695742e-01  -1.5142671e-02  -4.5815546e-01  -1.8205528e-01   3.7156700e-01  -4.0724995e-01  -3.8320170e-01  -2.9261549e-01   1.1348727e-01  -3.7543396e-01  -1.6205153e-01  -6.2766750e-02  -3.3190206e-02   4.2741861e-01  -7.7680482e-02  -1.0303052e-01  -1.6714376e-01  -4.6218979e-01  -6.7639944e-02   3.0845726e-01   6.3428966e-01   9.0977744e-03   1.9006079e-02  -3.2878425e-01  -4.6843483e-01   3.3313849e-01  -1.6519440e-01   9.5928977e-02   1.2957379e-01  -1.9836097e-01  -3.4555205e-02   7.5444877e-02  -9.8548879e-02   2.9966227e-02   6.7857692e-02   5.8226616e-02   1.6744580e-02   1.1687935e-01  -1.1626333e-01   3.4422433e-02  -2.1434512e-01   1.5598608e-02   3.0603290e-02  -1.5203898e-01   4.9425507e-01  -1.9853265e-01  -3.3445025e-01   1.6719130e-01  -1.0596760e-01  -1.4602027e-01  -3.0499563e-03  -1.3388139e-01   5.2610311e-01  -2.1833474e-02  -1.3087945e-01  -1.1840334e-01   3.3285203e-03  -2.2529521e-01   3.8133698e-02  -1.6339882e-02   8.6649888e-02  -5.9487329e-01  -1.4739547e-01   3.6389445e-01  -3.2203505e-01  -2.8163878e-02  -9.6083921e-02   3.7048225e-01   1.3067763e-01   7.0963228e-03  -2.9723728e-01  -1.7335656e-01  -1.9258435e-01   2.3708989e-01  -2.4151326e-01
   1.2477116e-01   3.8224872e-01   0.0000000e+00  -1.9090702e-01   2.2947325e-01   1.8823494e-01  -2.9030153e-01   1.5376209e-01  -1.7241787e-01  -6.9315683e-02  -3.3190378e-01   4.3491626e-01   3.8766391e-02  -5.5182183e-02  -1.5711541e-01   4.9873426e-02   8.9857784e-01  -3.4496474e-01   5.6013778e-02   1.9169664e-01  -3.6594074e-01  -1.6760022e-02  -2.5497974e-01  -3.1898292e-02   3.9165716e-02   1.0382050e-01   8.9158561e-02  -1.9920242e-01   3.1160159e-02  -2.4027160e-01  -1.8119872e-01   8.5373245e-02   2.5594442e-01  -2.9335338e-01   1.6684491e-01  -9.6809016e-02  -4.0576506e-01   9.3804387e-02  -1.4513903e-02   4.1366483e-01  -1.7451399e-02   4.9513058e-01   3.2830238e-01  -1.4702945e-01  -1.9596062e-01   1.9473710e-01  -2.5714790e-01  -2.2150884e-01  -3.8607083e-02   7.1661075e-01  -3.4541429e-01   1.5536252e-01  -3.2050698e-01   5.8398933e-01   1.2295368e-01  -1.5342916e-01   2.8083419e-02   1.4374609e-01  -1.5338966e-01  -3.2641648e-01   2.2035804e-01   1.8176167e-01   5.3520436e-01  -2.9150184e-01  -2.4420136e-01  -3.8543976e-01   2.6386847e-01   2.0348616e-01  -7.8844564e-02   5.8972648e-01   3.6638134e-01  -1.9048519e-01  -1.1578808e-01   1.7705476e-02   8.6519220e-02   1.4273793e-02   1.3458032e-01   1.5612394e-01   2.0697011e-01   5.4271970e-02  -2.1801505e-03  -2.0371855e-01  -1.2024109e-01  -1.8396052e-02   2.7994559e-01   7.9586329e-02  -1.7743182e-01  -1.2353775e-01   2.4072759e-01   9.9142963e-02   3.0867080e-01   4.5609902e-01   1.1332104e-01  -1.5404095e-01   6.8916012e-02   3.5291025e-01   2.0556467e-01   6.5947751e-02   6.3368005e-02  -2.5637143e-01   2.8853905e-01  -3.1264095e-01   3.3207319e-02  -2.5625728e-01  -1.7868223e-01   2.3903888e-02   7.2032044e-01  -4.5588014e-02  -9.5088945e-02  -3.2261477e-01  -1.4251535e-01   3.4106106e-02  -5.0185567e-02   5.8296122e-02   1.3911705e-01  -4.1150793e-02   1.8840219e-01  -1.2693478e-01  -1.1144340e-01  -9.4944466e-02   1.5077347e-01   3.0779478e-01   6.0080413e-01  -3.2947451e-01   1.0477366e-01  -1.2266419e-01  -2.3147974e-01   3.8788179e-01   7.6098399e-02   5.2461677e-01   1.3082179e-01  -3.9170211e-01  -1.6818879e-02  -3.6032128e-01   2.2308215e-01   1.0580996e-01   2.2256865e-01  -8.6284592e-02   1.2822342e-01   1.9997938e-01   1.1814971e-01   1.8981569e-01  -3.0798000e-02   2.6802387e-01  -3.6033762e-02  -5.8389474e-01   3.6440055e-01  -4.1900346e-01  -2.9810323e-01  -3.1199125e-01   9.1207009e-02  -3.8422809e-02   1.5262402e-01  -2.6188581e-01   5.7621879e-01   4.8975662e-02   7.5268918e-02  -2.2340939e-01   3.4715496e-01   1.3451708e-01   2.2621508e-01  -2.5112805e-03  -4.1969129e-01  -4.9992327e-01   1.7673762e-01  -4.8317269e-02  -3.2471592e-01  -1.0220450e-01   2.2323631e-01   6.0649694e-02  -6.4851330e-02   6.3388689e-03  -3.6227327e-01   9.0419434e-02  -1.0393712e-01   4.5555055e-01   1.2792261e-01
   2.0479045e-01  -4.7002118e-01  -1.9090702e-01   0.0000000e+00  -2.4253701e-01   1.0146873e-01   2.7903373e-02   2.7784590e-01  -1.8638828e-01  -3.3399559e-01   4.9297539e-01   3.7185333e-02  -3.3261577e-03   3.1109703e-01  -6.0100614e-02   2.0976695e-01  -2.1578529e-01  -5.7839317e-02   1.4849169e-01  -1.8037437e-01   2.9989646e-01   5.7034053e-01   1.7031501e-01   2.2444941e-01   2.2402308e-01   2.8168726e-01  -3.3688877e-02   3.6458206e-01  -2.8453003e-01   5.5386326e-01  -3.7359757e-01   6.1409186e-01   7.5811936e-03  -2.6087528e-01  -3.0527190e-01  -2.4172967e-02  -7.0124285e-02   3.9157979e-02   4.8483039e-02  -3.1782733e-01   2.3112058e-02  -1.8273044e-02  -1.9008755e-01   4.4133571e-01  -4.6660674e-02   1.5425424e-01   4.8194992e-01  -4.6520417e-01  -1.2740293e-01  -2.7888100e-01   2.5412780e-01   3.3926178e-02  -3.2029445e-01  -2.9541994e-01   3.2894251e-01   3.5850705e-01   4.5670100e-01   5.9211919e-01   1.9376045e-01   4.8555683e-01   1.7172193e-01  -1.4569181e-01  -2.5191533e-01  -7.5376698e-02  -2.7752308e-01  -2.0583610e-02   3.5334255e-01  -5.4567889e-03   6.3093190e-01  -1.5385827e-02  -5.4483434e-01   6.9755274e-01  -1.5081325e-01   3.6520642e-01   6.5648605e-02   6.1521067e-02   1.3747724e-01   3.9237812e-01  -3.4665030e-01   1.2648733e-01   4.4278352e-01  -1.5265974e-02  -3.0739883e-01   2.8085533e-01   2.0032147e-01   1.2466466e-01  -2.1346612e-01   2.5784657e-01  -4.0630334e-01   1.5842757e-01  -2.8026961e-01   1.1665314e-01  -5.4669411e-01   2.9988596e-01   4.7611281e-02  -2.5395891e-01   3.5396686e-01   1.4033774e-01  -2.0032685e-01  -1.8692087e-01  -7.1123958e-02   5.1249828e-01   5.8956184e-01   1.3730721e-01   7.6188323e-01   5.6270254e-01  -3.0655649e-01   6.1863491e-01   5.2062259e-02  -1.1378447e-01  -3.4717808e-01   6.2810234e-01   4.4784332e-01   2.0241134e-01  -5.2389908e-02  -4.1294300e-01   2.5440915e-01  -4.9783270e-02   1.9764086e-01   8.0773505e-01   2.1285816e-01  -4.0446433e-01  -2.7271919e-01   1.3933345e-01   1.5635604e-01   5.3227902e-01   5.0426424e-01  -2.2065809e-01   5.7855584e-01  -1.6807854e-01  -8.8418340e-02  -1.7211353e-01   3.1525379e-01  -2.7405106e-01   4.3637954e-01  -9.0304491e-04   2.1251563e-01  -1.5545467e-01   7.9579417e-02   5.1458292e-03   1.6995300e-01  -7.1689513e-02   5.5161662e-01  -1.2525275e-01  -1.4685538e-01   2.5941656e-01  -5.4194902e-01  -2.2976213e-01  -7.0872860e-02  -2.5070923e-01   1.3700963e-01   2.4622227e-01   9.4667238e-03  -1.5292005e-01  -4.7477412e-01   1.1700632e-01   1.7117139e-01   2.5254124e-01   1.4628145e-01   4.1217364e-01   3.7985270e-03   2.2827800e-01  -2.8147981e-01   5.2681847e-01   4.0409328e-01  -4.1499121e-01   2.6374407e-01   2.1673926e-01   1.5507888e-01  -4.7725189e-01  -3.0997033e-01  -2.9623141e-02   3.0817856e-01   2.5840084e-02   2.7914926e-01  -1.3462583e-01   4.9512983e-01
  -2.4273425e-01   1.4306774e-01   2.2947325e-01  -2.4253701e-01   0.0000000e+00   1.1538719e-01  -9.9271411e-02  -2.1947071e-01   1.0323411e-01   2.1842590e-01  -2.9723180e-01  -1.3269905e-01   3.2656579e-01  -6.1402495e-01  -2.0230811e-01   2.9078611e-01   4.4083184e-01   2.4154198e-01  -7.7058964e-02   8.0311026e-01  -3.9105282e-01  -4.1863361e-01  -1.2947155e-01  -4.7007624e-01  -1.7576350e-01  -1.5667114e-01   5.0695592e-01  -4.7082504e-01   1.9700964e-01  -5.3017252e-01  -9.8465543e-02  -3.0387380e-01   2.4481253e-01   2.4254968e-01   3.6899178e-01   5.6136258e-01   4.0994744e-01  -2.7091383e-01   3.1580923e-01   5.3684847e-01   4.4033617e-01   1.6367005e-01   1.0471362e-02  -4.2840229e-01   4.9749065e-01  -3.6278383e-01  -1.4162329e-01   1.2739050e-01   5.1379464e-01   5.5871706e-01   1.9854636e-01  -1.1063876e-01   3.1360995e-01   2.1197543e-01  -3.1706579e-01  -4.6250333e-01  -3.7866978e-01  -3.7576119e-01   1.1366253e-01  -2.8983545e-01  -1.1986122e-01   4.1382049e-01   3.1480263e-01  -9.3169110e-02   2.6708095e-01   2.4416323e-01   1.1260015e-01  -2.5182675e-03  -1.7695291e-01  -1.2953979e-01   4.4413628e-01  -2.1837961e-01   4.5314292e-01  -4.5577409e-01  -2.1965013e-01  -3.3181974e-01  -2.4112076e-01  -5.2850396e-02   8.1599729e-01  -5.4929599e-02  -3.6812643e-01   4.5960124e-01  -1.2111529e-01  -2.0535506e-01  -5.3189561e-01  -3.2336771e-01  -1.4516961e-01  -4.3410332e-01   2.8196272e-01  -1.8128844e-01   7.3361667e-01  -6.6179793e-02   4.6379390e-01  -2.8670537e-02  -2.7181928e-01   8.0993318e-01   2.4622319e-03  -3.0220671e-01   5.4683040e-01   1.7116728e-01  -4.3320686e-01  -3.3201359e-01  -4.4780634e-01  -3.0498224e-01  -3.7806213e-01  -3.0371053e-01   2.6285281e-01  -2.2799008e-01   3.5567151e-01   2.4219233e-01   1.3165287e-01  -4.1180440e-01  -2.8516649e-01  -3.4639454e-01  -3.3767045e-01   6.3524426e-01  -2.0447158e-01   4.7315952e-01  -6.3839338e-01  -1.3752720e-01  -3.1570379e-01   8.3818600e-01   3.2101197e-01  -3.2009986e-01  -2.9769511e-01  -3.8274901e-01  -3.4251535e-01   2.4820551e-01  -4.3631109e-01   9.1614966e-02   5.2820721e-01   2.5421454e-01  -3.4317818e-01  -3.1571638e-01  -3.6023400e-01  -2.0761573e-01  -1.7818770e-01  -4.1842478e-01  -2.4593248e-01  -2.1543111e-01  -2.7715225e-01   3.5604113e-01  -2.3377734e-01  -3.7049457e-01  -1.6940273e-01  -3.4379721e-01   4.3028772e-01   3.1902638e-01   2.7650122e-01  -9.8513734e-02  -5.1677428e-01  -4.2809135e-01  -1.2122080e-01   1.3255124e-01   4.1247740e-01  -3.7669341e-01  -3.0130475e-01   3.0900192e-01  -4.8494986e-02  -3.2367035e-01   2.4393386e-01  -2.5263760e-01   7.8061148e-02  -2.0648545e-01  -1.5840219e-01   5.5746375e-01  -1.1231572e-01  -4.1575926e-01  -2.4497472e-01   4.6542172e-01   6.3070215e-01  -1.7091040e-01   1.3232002e-01  -1.6002914e-01  -9.7853488e-02   3.2036592e-01  -2.0350461e-01
  -3.0981148e-01  -3.6878074e-01   1.8823494e-01   1.0146873e-01   1.1538719e-01   0.0000000e+00   5.1725303e-01  -2.9288598e-01  -4.3321633e-01  -3.5184607e-02   3.6178556e-01   1.1599634e-01   3.7978173e-01  -4.9679817e-02   1.9455696e-01   4.9671543e-01   8.6340119e-02  -2.4408944e-02  -3.5905828e-01   3.1181735e-01   8.5455701e-02  -1.4088767e-01   6.0258637e-01  -2.3792361e-01  -1.7895596e-01  -3.5381387e-01   7.0441439e-01  -7.8358929e-02  -1.5836441e-01   1.0866742e-01  -3.4582442e-01  -1.7313438e-01   1.6080723e-01   3.2114068e-01   9.9816961e-02   5.3681759e-01   1.2448894e-01  -4.6729407e-01   3.3946798e-01   4.4131320e-01   2.0294393e-01   5.7762385e-02   1.4421391e-01  -1.7565855e-01   2.0388171e-01  -2.5722161e-01   3.7708389e-01  -5.3564938e-02   2.4807588e-01   3.1095477e-01   4.6217267e-01  -4.6268754e-01  -2.5113948e-01  -7.5756491e-02  -4.6059918e-02   1.1356018e-01   3.0363542e-01   1.4223220e-01   4.1907392e-02  -3.0054815e-02  -3.3973606e-01   2.4450917e-01  -2.7678807e-01  -3.1293125e-01  -3.4448163e-01   4.5599600e-01   6.9760089e-01  -6.4724594e-02   2.8875526e-01   4.3089274e-01  -1.6192212e-01   3.8536799e-01  -5.3529002e-02  -2.8766997e-01  -1.6308412e-01  -4.3567032e-01  -3.9167747e-01  -1.1285276e-02  -1.6140554e-01   1.0580665e-02   4.3186758e-01   1.6637475e-01  -1.5489824e-01  -3.5794770e-01  -1.6877991e-01  -2.6511527e-01  -4.6651454e-01  -2.3746705e-02  -1.6770788e-01  -3.5993528e-01  -2.1346349e-01  -3.7859198e-01   2.6350739e-02   2.2601662e-01  -4.5331978e-01   1.8538224e-01   2.6943161e-01  -3.9780047e-01  -6.3058296e-03  -1.9531987e-01  -4.6158583e-01   4.5941265e-01   1.9616834e-01  -4.2684730e-01   2.8661806e-01  -2.6379494e-01   1.0644344e-02   3.6615760e-02   5.2287285e-01   3.5538897e-01   1.0046833e-01   2.0679374e-01   9.3087137e-02  -3.2786219e-01   6.7228593e-02  -4.2274908e-01  -1.5892246e-01   1.1556157e-01  -2.3875778e-01   2.9048796e-01  -3.2571881e-01   4.7689886e-02  -2.4575739e-01  -2.5198032e-01  -3.6775761e-01   4.1905827e-01   4.0926646e-01  -1.9572193e-01  -2.0811281e-01   5.8622416e-01   1.7401558e-01   6.3074068e-02  -4.1507346e-01  -4.2383449e-01  -2.7550500e-03  -4.1641352e-01   1.4228743e-03   2.7147071e-04  -4.0117907e-01  -2.5457810e-01  -2.9539639e-01   6.8763405e-02   4.0090548e-02   4.6029799e-01   5.4740731e-02  -2.0978757e-01   1.9892529e-01   1.4476812e-01   4.1381374e-01  -5.4365242e-01  -1.2892837e-01  -2.0831076e-01  -4.2706991e-01  -1.8049132e-01   2.9177406e-01  -3.1093414e-01  -3.5959276e-01   2.8238306e-01  -3.5705641e-01   8.5746711e-02  -3.9904158e-02  -2.3784677e-01  -3.0495302e-01   1.9145907e-01  -1.9791170e-01  -7.7372571e-02   3.4721745e-01  -4.4741243e-01  -3.2267868e-01  -2.7351593e-01   1.2289757e-01  -3.3200092e-01   8.5557797e-02   6.3593560e-01   6.7417356e-02   1.4289686e-01  -1.6129412e-01
  -4.1741225e-01  -2.4448050e-01  -2.9030153e-01   2.7903373e-02  -9.9271411e-02   5.1725303e-01   0.0000000e+00  -4.2173109e-01  -5.0212599e-02   1.7646613e-01   3.1044513e-01   1.6747726e-01   2.6728647e-01  -1.5347556e-01   5.4634457e-01   2.4029137e-01  -4.1377658e-01   1.6502942e-01  -3.2641770e-01   1.6955939e-01   1.2402354e-01  -2.3161936e-01   6.3856949e-01  -1.9069675e-01  -1.6416658e-01  -3.5380971e-01   4.0446288e-01   3.1136586e-02  -1.1018317e-01   1.3095140e-01  -2.5479340e-04  -2.9851669e-01  -1.2352554e-01   7.4102440e-01   2.2369964e-01   3.8775650e-01   2.6781538e-01  -4.2362178e-01   1.5700236e-01   3.7482418e-02   2.3699893e-01  -1.7771595e-01   1.8926449e-01  -2.2598539e-01   3.8062835e-01  -3.1655549e-01   3.2118529e-01   4.2072586e-01   6.9473999e-02  -2.4171642e-01   5.2111671e-01  -3.9271855e-01   8.6599627e-02  -3.5878823e-01  -2.2588498e-01   9.8134339e-02   1.2476807e-01  -4.6990269e-02  -1.3654925e-01   1.9442837e-01  -4.1072671e-01   1.0476682e-01  -3.9333309e-01  -2.2832022e-02  -1.6965397e-01   5.4874872e-01   2.1322843e-01  -1.3588013e-01  -3.3480063e-03   5.9155556e-02  -1.9620591e-01   3.4119531e-01   9.1675003e-02  -2.6624521e-01  -1.4296116e-01  -3.4237081e-01  -4.3026283e-01  -2.1768697e-01  -1.9930667e-01  -1.3159267e-01   2.9923209e-01   3.5889947e-01   1.8741185e-01  -4.4185446e-01  -3.3154039e-01  -2.4748011e-01  -2.0578408e-01  -5.5941887e-03  -2.2052875e-01  -3.9560069e-01  -4.9053811e-01  -5.1270075e-01   2.2642490e-01   4.2375593e-01  -4.0151089e-01  -6.9851102e-02   2.1423943e-01  -3.3627336e-01  -1.0836192e-01   2.2251300e-01  -3.9292029e-01   4.6222959e-01   9.9252749e-03  -1.8858212e-01   1.4009673e-01  -3.7791562e-01  -2.8467364e-01  -2.2289369e-01   3.8820628e-01   4.1297680e-01   5.8224539e-01  -9.0758899e-02   1.0730528e-01  -3.3511660e-01   2.8272348e-01  -2.9404910e-01  -3.7778541e-01   2.1707724e-01  -1.1132791e-01   1.5136049e-01  -3.8299417e-01  -1.3023439e-01  -4.1686548e-01  -2.6469203e-02  -4.0966418e-01   3.2396575e-01   4.3044319e-01  -3.3641973e-01  -2.6642323e-01   1.0139402e-01   3.7919327e-02   3.4979045e-01  -3.8642483e-01   5.3697966e-02  -8.1759008e-02  -2.9224567e-01  -1.0791127e-01   2.1369668e-01  -3.3411887e-01  -2.4886333e-01  -2.8883778e-01  -6.9779082e-02  -4.9014465e-02   2.3042635e-01   3.3924571e-01   1.2602463e-01   3.3906974e-01   3.3054593e-01   5.4361039e-01  -1.4954396e-01  -1.3374067e-01  -1.5495264e-01  -4.3420075e-01  -1.9559894e-02  -5.4105278e-02  -2.4675654e-01  -3.4045552e-01   2.0884130e-01  -4.7501138e-01  -1.8539689e-02  -1.4212453e-01  -3.2135410e-01   2.0486819e-02   2.9800489e-01  -3.5079560e-01   9.7984745e-02   5.1903455e-01  -3.5386929e-01  -3.5976992e-01  -1.2071210e-01   3.0586330e-01  -3.4295055e-01   1.8513317e-01   3.7986586e-01   9.2518505e-02  -8.3790173e-02  -3.4384096e-01
   3.6580200e-01  -7.5901641e-02   1.5376209e-01   2.7784590e-01  -2.1947071e-01  -2.9288598e-01  -4.2173109e-01   0.0000000e+00   1.0448508e-02  -3.4369825e-01  -7.1600562e-02  -3.0093804e-02  -3.2129679e-01   2.8951120e-01  -2.8628601e-01  -4.3541643e-01   1.0128826e-01  -2.8544712e-01   6.0508990e-01  -3.7854090e-01  -1.8811149e-01   6.1705417e-01  -3.9902247e-01   2.6504672e-01   9.2206167e-02   6.5985487e-01  -4.8120307e-01   4.4190247e-01   4.8841461e-02   3.2842856e-01  -1.0735930e-01   6.0951796e-01  -5.9088589e-02  -4.3373618e-01  -3.8816719e-01  -5.4761412e-01  -3.6453925e-01   3.9461102e-01  -5.0057355e-01  -3.6761660e-01  -3.5292726e-01   1.0968676e-01   8.5354032e-02   5.8685239e-01  -4.1126907e-01   4.3544990e-01  -8.8207653e-02  -3.7687659e-01  -4.1752105e-01  -1.7130413e-01  -4.1526314e-01   7.6665342e-01  -1.3105517e-01   2.2700643e-01   4.2477922e-01   3.6923139e-01   3.7485891e-01   5.1223562e-01  -1.4310958e-02   1.4644569e-01   6.9562615e-01  -1.6426831e-01   3.1377739e-01   1.1842423e-01  -7.0285403e-02  -4.5141840e-01   9.7570308e-02  -8.3893925e-02   3.3341905e-01   4.3700547e-02  -2.0736717e-01   2.8880331e-02  -2.8012643e-01   3.6095550e-01   2.9523985e-01   7.1734379e-01   5.6155765e-01   4.2288458e-01  -4.4150772e-02   1.5051635e-01   2.7458817e-01  -3.6882385e-01  -1.5013834e-01   8.2542452e-01   2.9387131e-01   6.5479469e-01  -5.7050477e-02   3.5505031e-01   1.3083698e-02   4.1884114e-01   9.9295890e-02   5.9350795e-01  -3.2732531e-01   1.1804418e-02   4.6570257e-01  -1.7329629e-01  -4.5760398e-02   7.3021521e-01  -1.9704050e-01  -1.5100616e-01   4.5143082e-01  -3.7653397e-02   4.7595269e-01   3.6600419e-01   1.4242140e-01   6.2453961e-01   6.4226925e-02   7.0356999e-01  -3.4556082e-01  -4.3564028e-01  -4.2408314e-01   4.4722588e-01   1.1347266e-01   3.0014565e-01   1.8811019e-02  -1.2862090e-01   5.5918577e-01  -2.6883989e-01   4.2273029e-01   3.3601878e-01   5.0298445e-01  -1.4282790e-01   2.1358247e-01  -5.4696948e-02   4.2536794e-01  -1.2502540e-03  -2.0743737e-01   1.6621763e-01   7.5924588e-01  -3.1203354e-01  -3.2962578e-01  -4.9878326e-01   4.8492631e-01  -1.0545712e-01   6.2256331e-01   7.7054880e-01   2.2631797e-01  -8.7903693e-02   8.0783204e-01   2.1379451e-01   3.9637233e-01   1.7519906e-01   3.0827353e-01  -1.4870444e-01  -2.9807530e-01  -1.7548268e-01  -3.8016600e-01  -4.7238835e-01  -4.1483280e-01  -1.2910842e-02   3.7371776e-01   7.1727592e-01   5.3910160e-01  -1.1511571e-01  -2.6784886e-01   2.6836786e-01   4.7081845e-01  -3.4935074e-01   6.1162292e-01   6.8554607e-01   1.9445436e-02   2.5211668e-01  -3.2699389e-01   7.7104887e-02   6.3976454e-01  -3.4133247e-01  -4.1095308e-01   5.3437114e-01   6.1815706e-01  -2.5016145e-01  -3.9451842e-01   2.6697192e-01  -1.9599142e-01  -2.6839038e-01  -8.0872195e-03  -3.2707529e-02   6.0125097e-01
  -1.5441854e-02   4.2001285e-01  -1.7241787e-01  -1.8638828e-01   1.0323411e-01  -4.3321633e-01  -5.0212599e-02   1.0448508e-02   0.0000000e+00   2.0927215e-01  -2.1233599e-01  -2.0772127e-02  -1.0984987e-01  -1.7140852e-01  -1.0657678e-02  -2.6518816e-01  -1.1242605e-01   3.0233073e-01   2.1323794e-01  -1.0682641e-01  -1.5553675e-01  -1.2578906e-01  -3.6509493e-01  -3.3350827e-02  -8.1757425e-02   9.0420344e-02  -1.9285612e-01   2.9522476e-02   1.5878510e-01  -1.0982043e-02   2.4360631e-01  -9.4905470e-02  -7.0838918e-02   1.5193704e-01   4.0050503e-01  -1.5259662e-01   9.0388953e-02   1.4030103e-01  -1.7820674e-01  -1.6200219e-01   5.6105345e-02  -1.8697416e-01   3.0141761e-01  -1.5946979e-01   1.5647575e-01  -1.8776989e-02  -1.8598218e-01   4.2444938e-01  -2.4690176e-01  -1.7610571e-01  -7.4280022e-02   1.7625194e-01   4.8771276e-01  -1.7532586e-01  -1.4593830e-01  -2.1769285e-01  -1.7570745e-01  -2.0421044e-01   2.8877292e-02   1.6306921e-01   8.4767911e-02  -9.0654769e-02   2.6816160e-01   5.0079392e-01   5.6190428e-01  -8.1531277e-03  -5.5056959e-01   1.3211711e-01  -4.0888733e-01  -1.4433959e-01   2.0152635e-01  -3.1427573e-01   2.3573651e-01  -1.8251248e-02  -8.6601990e-02   1.7958317e-01   1.0218253e-01  -2.2993958e-01   2.4335616e-01  -2.2007348e-01  -3.2322816e-01   1.7419001e-01  -5.2987265e-02   4.2026619e-03  -2.4032942e-01   2.0619829e-02   3.8756539e-01  -1.8862741e-01   4.1202804e-01   1.7306266e-01   1.0219176e-01  -5.2156154e-03   1.0483776e-01   3.0203017e-01   6.1670301e-02   4.0137179e-02  -3.0526042e-01   1.9556147e-01   1.6555820e-02   1.1709893e-01   9.1373385e-02  -2.2835636e-01  -3.9155331e-01   5.6996129e-01  -2.7347573e-01  -2.7120035e-02  -2.0104126e-01  -1.9577834e-01  -3.8200193e-01  -1.9900242e-02   9.0961592e-02  -3.3419739e-01   3.6512393e-02  -3.8439829e-03   6.7638736e-02   4.5313005e-01  -5.6359569e-02   1.1913354e-01  -6.5629427e-02  -2.0412322e-01   2.9930752e-02   2.3051117e-02   8.9252800e-02   3.9737870e-01   1.1193756e-01  -2.4460426e-01  -2.9252985e-01  -7.4366156e-02  -4.8376143e-02  -1.2929109e-01  -6.0388576e-02   1.7606328e-01   3.5979484e-02   2.5072996e-01  -4.1616922e-02   2.3563614e-01  -3.1647205e-01   2.8655596e-02   1.7401985e-01   2.1249488e-02  -7.0018114e-02   9.7843156e-02  -1.5329533e-01  -2.5202374e-01  -6.1845334e-02   1.3184517e-01   7.3694712e-02   1.4323707e-01  -3.1082040e-02   2.6489424e-01  -1.0403602e-01  -9.9198273e-02   1.7123057e-01   2.5528710e-01  -4.1881686e-03  -1.1094810e-02  -2.6101732e-02   1.7776809e-03   4.3470724e-02  -2.1161030e-01   1.9227478e-01   1.6079448e-01   4.2307107e-01   2.1750233e-02  -2.8171611e-02   1.6385630e-01  -1.9909465e-01   1.4514776e-01   1.0188301e-01   5.0253148e-02   2.2992115e-02   7.2086099e-02   2.4010087e-01  -3.5368399e-01  -1.1596156e-01  -1.1415807e-01  -1.2927378e-01
  -4.7469749e-01   2.8616111e-01  -6.9315683e-02  -3.3399559e-01   2.1842590e-01  -3.5184607e-02   1.7646613e-01  -3.4369825e-01   2.0927215e-01   0.0000000e+00  -3.0699664e-01   2.8052807e-02   1.5403385e-01  -5.4813871e-01   2.5579948e-01   1.5233000e-01  -2.2682294e-02   1.1409935e-01  -1.6254910e-01   2.2270776e-01  -1.3174447e-01  -2.6504519e-01  -7.3226118e-02  -5.0329356e-01  -1.6912448e-01  -4.4346296e-01   1.9026700e-01  -4.0214775e-01   2.2289126e-02  -1.9621744e-01   2.8188221e-01  -3.2018487e-01  -1.6426042e-01   3.8114142e-01   4.7491474e-01   9.7112969e-02   2.9223258e-01  -4.2670973e-01   2.4536611e-01   3.7677863e-01   1.1584707e-01  -1.6195836e-01   2.4620138e-01  -3.4899806e-01   3.1812100e-01  -5.2584037e-01  -2.4761475e-01   4.3515921e-01   2.2927667e-01   1.5862030e-01   1.2961118e-01  -3.2807690e-01   3.7190124e-01  -1.7027185e-01  -3.8374889e-01  -2.7836757e-01  -5.1745411e-01  -3.7086037e-01   2.6175684e-01  -1.3282529e-01  -4.4269094e-01   1.9105690e-01   1.1589209e-01   8.0183493e-02   1.9122293e-01   2.8541357e-01  -2.0223291e-01   1.8453001e-01  -3.0776211e-01  -2.6239359e-01   4.3593578e-01  -3.4487258e-01   1.9681608e-01  -3.7207750e-01  -2.2094519e-01  -2.8073938e-01  -4.7281075e-01  -1.6249668e-01   2.8329420e-01  -1.1388604e-03  -4.9439272e-01   3.5366417e-01   1.8825281e-01  -2.2292377e-01  -4.3080129e-01  -3.6945266e-01   1.5862292e-01  -2.7517969e-01   1.4147730e-01  -4.0788426e-01   4.6635892e-02  -4.4416941e-01   6.2483009e-01   3.0553777e-02  -4.7631702e-01   2.0419547e-01  -1.4566919e-01  -2.7387908e-01   1.1291626e-01   5.6834519e-01  -2.9206720e-01  -3.1763458e-01  -4.7961452e-01  -1.6038846e-01  -3.9518882e-01  -2.9712821e-01  -3.8886890e-02  -4.2527839e-01   2.1690350e-01   9.3311171e-02   5.1536069e-01  -4.2947111e-01  -1.5032750e-01  -4.5854926e-01   6.3942992e-02   2.6924659e-01  -3.6497791e-01   3.1876333e-01  -4.7751276e-01  -2.7807029e-01  -5.2520620e-01   3.5494286e-01   1.1975716e-01  -2.4225137e-02  -4.4980025e-01  -3.4414619e-01  -1.7329109e-01  -9.2465426e-02  -4.1999564e-01   2.9696865e-02   2.8507102e-01   2.0015445e-01  -3.4592527e-01   1.9977408e-01  -3.9115533e-01  -2.4695122e-01  -1.0504588e-01   1.2585678e-01  -3.2595129e-01  -3.1367662e-01  -3.7251567e-01   2.4408193e-02  -2.7855036e-01  -1.0591845e-01   2.6960673e-01   1.9001975e-02   5.2754438e-01   3.0472148e-01   2.8998751e-01   2.8263483e-01  -3.5883872e-01  -3.5790028e-01  -4.0598416e-01  -1.3438043e-02   3.3823134e-01  -3.5133569e-01  -5.1227441e-01   2.7315918e-01  -4.3006481e-01  -4.0243492e-01   3.2872892e-02  -2.5617898e-01   4.0794461e-01  -2.8924962e-01  -3.3906538e-01   4.8857952e-01  -2.0489933e-02  -4.1737762e-01  -4.3460672e-01   3.7234654e-01   4.9397269e-01  -4.1821618e-01  -4.8988714e-02  -1.6312407e-01  -3.7236837e-02  -6.0313828e-02  -2.6699861e-01
   4.4385830e-04  -5.9000201e-01  -3.3190378e-01   4.9297539e-01  -2.9723180e-01   3.6178556e-01   3.1044513e-01  -7.1600562e-02  -2.1233599e-01  -3.0699664e-01   0.0000000e+00  -1.9257818e-02   4.0197328e-02   2.1218591e-01   3.4784229e-01   2.3526403e-01  -4.5453988e-01   3.7193453e-01  -1.7656905e-01  -2.0805903e-01   4.0482069e-01   8.4256190e-02   5.0787082e-01   1.4442667e-01  -1.4750650e-01  -1.0918032e-01   1.4862302e-01   2.5131897e-01  -4.7240283e-02   4.5650012e-01  -1.2301501e-01   2.1242783e-01  -8.7294058e-02   7.1738478e-02  -2.9598111e-01   3.9668577e-01   2.1360321e-01  -1.7175407e-01   1.6204575e-01  -3.0682082e-01   4.6523077e-02  -2.3236965e-01  -1.7602727e-01   3.0248454e-01   9.9583467e-02  -5.0256970e-03   8.8878503e-01  -2.0257160e-01  -1.0567762e-02  -4.2592744e-01   5.7837610e-01  -2.3322161e-01  -1.8832846e-01  -4.2874048e-01   8.1574285e-02   3.6977508e-01   4.0823312e-01   3.0465443e-01   2.1798069e-01   2.8330296e-01  -1.4108574e-01  -1.6282813e-01  -5.4260147e-01   2.0657529e-01  -4.6509901e-02   3.7319358e-01   2.8528642e-01  -1.3714064e-01   6.4675458e-01   5.4024755e-02  -5.9698151e-01   5.3193960e-01  -1.5153431e-03   5.8881217e-04  -1.1999053e-02  -1.0828168e-01  -1.1586000e-01   1.2693810e-02  -4.8376206e-01   1.7394032e-01   4.2364327e-01   5.7976176e-02  -1.1725625e-01  -8.2657908e-02  -1.1155879e-02   6.1562302e-02  -2.1655539e-01   1.2803455e-01  -3.3186175e-01  -9.9854342e-02  -4.2862555e-01  -2.2690980e-01  -4.3087992e-01   1.7103235e-01  -1.2110499e-01  -3.5514894e-01   9.8625600e-02  -1.7521702e-01  -1.0846918e-01  -3.5450608e-01  -2.7278209e-01   7.8779403e-01   4.3442811e-01   1.3059136e-01   6.7497052e-01   7.5200046e-02  -4.2086330e-01   3.7636677e-01   1.7984337e-01   3.6974209e-01  -1.7750869e-01   4.5482293e-01   3.3011541e-01   3.4506967e-02  -1.0292144e-01  -4.8547108e-01  -2.0860915e-02   5.7519632e-02   1.2893863e-01   5.0715375e-01  -5.1659273e-02  -4.8871472e-01  -5.9221501e-01   2.6858373e-01  -7.0737411e-02   4.2805450e-01   5.6057933e-01  -4.0251866e-01   9.1937929e-02   1.9775276e-02  -1.4343972e-02   3.5968993e-01  -1.0897071e-01   7.3245112e-03  -1.8109559e-02  -2.1982410e-01  -1.4951237e-01  -5.9733658e-02  -1.3023397e-01  -1.8801762e-01  -1.1487646e-03  -1.7038235e-01   4.7475866e-01   7.4935971e-02   1.0699972e-01   3.2517299e-01  -4.8250517e-01   1.6702570e-01   2.8404103e-01  -2.6996845e-01   1.0593504e-01   3.6080703e-02  -1.4486127e-01   3.3497544e-01  -4.0516911e-01  -5.8456681e-02  -4.3007331e-02   3.0241928e-01  -1.8448726e-01   2.0968552e-01  -1.0466196e-01   1.8436778e-01   2.6558656e-02   7.4234051e-01   1.1501070e-01  -4.6167466e-01   6.2818604e-01  -7.9671318e-02  -9.2797094e-02  -5.6453011e-01  -3.0576055e-01  -1.9222372e-02   4.5745784e-01   2.7986149e-01   2.3712900e-01  -1.5970547e-01   8.2941655e-02
  -7.1441904e-02   3.3715347e-01   4.3491626e-01   3.7185333e-02  -1.3269905e-01   1.1599634e-01   1.6747726e-01  -3.0093804e-02  -2.0772127e-02   2.8052807e-02  -1.9257818e-02   0.0000000e+00  -1.1201232e-01  -5.5951404e-02   3.3627081e-01   1.0968933e-01   3.0112650e-01  -2.5379021e-01  -1.7098107e-01  -1.5665798e-02  -6.0637638e-02   1.2326976e-01   7.6431374e-02  -3.9412504e-02   1.9647195e-01  -3.8800857e-02  -2.3348091e-02  -3.4967093e-02  -5.7225994e-02   2.0726143e-01  -1.9533717e-01   9.9023530e-02  -1.6816857e-02  -4.3924518e-02   3.4216386e-01  -1.0972615e-01  -4.0187417e-01  -1.2370268e-01   3.5315781e-02   3.6317363e-02  -3.7182087e-02   1.9937258e-01   5.3285557e-01  -2.0054157e-02  -1.5683053e-02   3.4176357e-02   6.7203024e-02  -1.2311058e-01  -2.2810320e-01   2.3523062e-01  -1.1235836e-01  -1.2481223e-02  -2.9564769e-01   8.7777391e-02   2.0161821e-02  -4.8554385e-03   1.6679391e-01   2.1614130e-01  -4.9853859e-02   3.1705782e-01  -9.9233887e-02   8.7221816e-02   2.2693076e-01  -7.0686539e-02  -2.9799492e-01  -1.1817474e-01   3.4376777e-02   2.8457292e-01  -5.4650996e-02   2.1997571e-01  -2.5845997e-02   3.8069395e-02  -1.6103666e-01   1.4550062e-01   1.3409524e-01   8.8586887e-04  -1.1466753e-01   1.4725894e-01  -4.1421416e-02   2.8207087e-01   5.5881052e-02  -1.8515479e-02  -8.3435939e-02  -1.4574580e-01   2.8738094e-01   1.0818742e-01  -1.5942697e-01  -6.9469925e-02  -5.8696628e-02  -8.1182517e-02  -8.2475237e-02   1.0180320e-01   1.1899992e-02   3.3854547e-01  -1.5351078e-01   6.3239740e-02   2.2167963e-01   1.7338657e-03  -1.3015098e-01  -2.0684843e-01   8.6445644e-02   2.1192674e-01   1.2501964e-01  -3.3462820e-02   9.6993354e-02  -1.5534853e-04   2.8646703e-01  -7.1411783e-02  -5.2215216e-02  -2.5175674e-01  -3.7502236e-02   1.3955598e-01   1.9450725e-01   1.4760576e-02   1.2504748e-01  -2.7239101e-01   4.0030424e-03  -1.4181851e-01  -3.3857706e-02   5.0477101e-02  -3.4190852e-02   1.4189531e-02   3.5441891e-01   5.0423047e-02  -9.2813062e-02   3.3179546e-01   3.4234752e-01   1.4106577e-01   7.5657797e-02   1.7496109e-01  -4.1601920e-02  -2.9472339e-01   2.0326119e-03  -1.6809868e-01   2.3113053e-01   2.1680579e-02   3.9265756e-01  -4.7419414e-02   5.6650883e-02   5.9517199e-02  -5.1294455e-03  -1.1410114e-01   4.5698282e-02   1.7180947e-01   2.2021560e-01  -1.3952364e-01   2.5707494e-01  -3.2851363e-01  -1.0825461e-01  -2.9562098e-01   5.7954241e-02  -1.2813968e-01  -1.0124448e-01  -2.0848892e-01   1.9214024e-01  -2.1492231e-02  -9.2432395e-02  -6.6313083e-03  -1.5162402e-02   1.1629822e-01  -1.7031135e-02   1.1776673e-02  -2.5993355e-01  -1.6988620e-01  -2.0732096e-02   3.7841160e-03   1.8934099e-01  -2.0375469e-01   1.4944072e-02  -1.6586799e-01  -4.9473085e-02  -2.2477630e-01  -1.8388617e-01   1.6357551e-01   3.5866857e-02   1.4380635e-01   9.3413240e-02
  -2.6317876e-01  -2.6046901e-01   3.8766391e-02  -3.3261577e-03   3.2656579e-01   3.7978173e-01   2.6728647e-01  -3.2129679e-01  -1.0984987e-01   1.5403385e-01   4.0197328e-02  -1.1201232e-01   0.0000000e+00  -2.2138605e-01   9.7188383e-03   2.9548683e-01   4.9347350e-02   7.6528372e-02  -2.0247335e-01   4.6086130e-01  -3.3762067e-02  -1.6365541e-01   2.7454676e-01  -2.9571270e-01   6.3468138e-02  -3.0308690e-01   5.4690734e-01  -2.6073604e-01   1.5860929e-02  -9.8887783e-02  -7.8286756e-02  -2.4932383e-01  -4.4880483e-02   2.2598128e-01   1.1637363e-01   5.3060666e-01   2.6189828e-01  -4.3231088e-01   2.0089123e-01   3.3323588e-01   6.3415738e-01  -5.6106729e-02  -2.6556319e-02  -4.1705059e-01   2.2978495e-01  -1.6643568e-01   1.6332372e-01   3.2816814e-02   3.8887011e-01   1.9689689e-01   2.6569484e-01  -2.6203029e-01  -6.4784126e-02  -6.5912782e-02  -1.5823971e-01  -1.9925784e-01  -1.5639661e-01  -1.0794895e-01   4.0751461e-02  -4.9412684e-02  -2.4042593e-01   3.6830236e-01  -2.2424723e-01  -2.3240686e-01  -1.3336980e-01   3.5478952e-01   2.3969933e-01   1.6322604e-02  -5.9983569e-03   1.8838866e-01   4.3688764e-03   2.1332157e-01   2.9678391e-01  -2.5578117e-01  -9.6936960e-02  -2.9794943e-01  -3.2870249e-01  -1.2692811e-01   5.3286878e-02  -3.3271034e-02  -6.9395909e-02   2.7239205e-01  -9.0573084e-02  -3.1505227e-01  -3.3531811e-01  -3.0655516e-01  -2.5989545e-01  -8.3644722e-02   1.4790618e-02  -2.5787637e-01   1.3226613e-02  -2.4506103e-01   6.9915701e-02   1.3966229e-01  -3.6353792e-01   3.6258943e-01   1.7082499e-01  -3.3193289e-01   8.6188222e-02   1.0481274e-01  -3.4732026e-01  -2.3195737e-02  -2.3691827e-01  -2.9438341e-01  -2.8417431e-02  -2.0653989e-01  -7.2730980e-02  -1.8611835e-01   4.5860520e-01   2.2771643e-01   1.4252026e-01  -1.6658850e-01  -1.8104223e-02  -2.0992967e-01  -4.7224334e-02  -3.8507912e-02  -2.3990510e-01   5.6013714e-01  -3.4606183e-01   3.8790547e-02  -2.5061587e-01   1.7281667e-01  -1.8419706e-01  -2.1326786e-01  -2.0776384e-01  -1.1850139e-01   1.3940081e-01  -4.9631719e-02  -2.6322598e-01   3.4141207e-01   3.5915825e-01   2.0556023e-01  -3.1916227e-01  -1.6265885e-01  -9.0260273e-02  -2.1584707e-01   1.1979275e-01  -8.9068771e-02  -2.8098957e-01  -2.3778551e-01  -2.4002380e-01   2.8468796e-01  -1.5766798e-01   5.8649558e-02   3.5079289e-02  -2.1182472e-01   1.5693909e-01   2.1433946e-01   2.7027968e-01  -1.8125235e-01  -4.3005423e-01  -4.2347097e-01  -2.6034244e-01  -2.9217795e-02   2.4064542e-01  -2.3677806e-01  -1.5757336e-01   3.1791242e-01  -1.9471399e-01  -2.3348725e-01   2.1280671e-01  -1.1868826e-01  -1.0624363e-01   3.7144857e-02  -2.0826731e-01   9.3688797e-02   6.0990295e-02  -4.4981456e-01  -2.6988523e-01   9.0012737e-02   2.4906744e-01  -4.2150509e-01   1.6201089e-01   2.0120473e-01   4.9097937e-02   1.4634998e-01  -8.9658038e-02
   4.6701878e-01  -3.0987205e-01  -5.5182183e-02   3.1109703e-01  -6.1402495e-01  -4.9679817e-02  -1.5347556e-01   2.8951120e-01  -1.7140852e-01  -5.4813871e-01   2.1218591e-01  -5.5951404e-02  -2.2138605e-01   0.0000000e+00  -1.5751061e-01  -2.5258498e-01  -1.3011829e-01  -3.0466056e-01   2.0127461e-01  -5.1508175e-01   4.0825221e-01   4.1505707e-01   8.6882039e-02   6.1525221e-01   2.7448090e-01   3.0606135e-01  -3.7636303e-01   5.3379383e-01  -2.2071586e-01   4.1798894e-01  -1.0750663e-01   3.2066263e-01  -5.7860474e-02  -4.8184649e-01  -4.8850395e-01  -3.5990380e-01  -3.7086297e-01   4.9348054e-01  -3.5952036e-01  -4.4437682e-01  -4.0572166e-01  -9.5616457e-03  -1.9650417e-01   4.9134708e-01  -5.3678625e-01   5.1880069e-01   9.9638446e-02  -4.1595204e-01  -3.0573523e-01  -2.9557276e-01  -2.2430946e-01   1.8695252e-01  -5.4205910e-01  -8.2492032e-02   5.5593634e-01   4.4895911e-01   4.4591152e-01   3.8999888e-01  -2.6005272e-01   1.8597092e-01   3.5066851e-01  -3.0505354e-01  -3.1344353e-01  -1.0500612e-01  -3.5445952e-01  -2.7525596e-01   9.3609979e-02  -5.1526750e-02   1.9618794e-01   2.1770359e-01  -5.2394648e-01   2.6742014e-01  -4.4776431e-01   5.0104525e-01   6.7244566e-02   3.1168049e-01   5.1285280e-01   1.7316259e-01  -6.1647754e-01  -7.7166860e-02   4.8683737e-01  -5.4352261e-01  -5.9925805e-02   2.5356437e-01   6.7364965e-01   3.1690197e-01  -2.8242974e-02   5.5718942e-01  -2.7540797e-01   3.8748766e-01  -3.4915468e-01   3.0924266e-01  -6.7684173e-01  -1.2530216e-01   5.4380218e-01  -4.6530365e-01   6.5874415e-02   3.6818252e-01  -4.0723979e-01  -3.4239135e-01   5.3124576e-01   2.8394477e-01   5.2332875e-01   2.1516693e-01   4.2131586e-01   4.2201715e-01  -1.5881450e-01   3.3552536e-01  -2.8027866e-01  -2.4893214e-01  -4.3036859e-01   4.4445225e-01   1.9781243e-01   5.0507563e-01   2.4713776e-01  -5.0774145e-01   3.7263561e-01  -4.6869438e-01   7.6308691e-01   1.2509338e-01   5.5900536e-01  -6.1589461e-01  -3.1990512e-01   1.9536571e-01   4.7903792e-01   4.0284471e-01   2.6821364e-01  -1.7249525e-01   5.0733495e-01  -1.7697881e-04  -4.7654095e-01  -2.9291740e-01   5.0086150e-01   4.0829951e-02   3.9178251e-01   1.8402598e-01   1.2621223e-01   2.8171265e-01   2.6192090e-01   4.1129976e-01   5.4014778e-01  -1.9851219e-01   2.7755817e-01   2.6334791e-01  -8.6945246e-02   2.2401091e-01  -6.4069583e-01  -3.8286779e-01  -3.6907317e-01  -1.0803790e-01   5.1436588e-01   4.5735722e-01   2.7496964e-01  -8.8263637e-02  -4.0886452e-01   5.4338590e-01   5.7251188e-01  -4.2507543e-01   3.2163324e-01   3.2592686e-01  -1.3300404e-01   4.6956937e-01  -3.0607511e-01   1.6586618e-01   2.5953858e-01  -6.0596993e-01  -5.9958319e-02   5.1962378e-01   4.4144882e-01  -4.2161981e-01  -6.5090639e-01   4.0069936e-01  -1.2660123e-01   1.6217791e-01   6.9214836e-04  -2.2153131e-01   3.2599595e-01
