   0.0000000e+00  -4.1613850e-01   4.1826807e-02   3.6098094e-02  -1.7702158e-01  -2.1458125e-01  -4.7539755e-01   3.8123448e-01   3.7210907e-02  -4.7417125e-01   2.9532518e-01  -4.8287265e-01  -5.5185128e-02   7.3804076e-02  -3.4990021e-01  -6.3379781e-02   1.7712137e-01   3.4122962e-02   5.7807268e-01  -4.7314022e-02  -3.7061319e-01   4.8023720e-01  -1.6818046e-01   7.2686075e-01  -1.6778402e-01   5.5093508e-01  -2.0772516e-01  -1.8256072e-01   6.5184419e-02   1.0309477e-01  -2.1693756e-01   5.0671331e-01   2.3763701e-01  -6.5461918e-01  -4.7437853e-01  -1.6935522e-01  -2.0265668e-01   6.5837347e-01  -2.6966135e-01  -3.9916688e-01  -4.2769338e-01   1.9836615e-01  -2.1529720e-01   1.2104858e-01  -1.5888472e-01   7.5992055e-01  -1.6548369e-01  -4.9114456e-01  -3.5756623e-01  -3.4732804e-01   1.7923631e-01   4.9471781e-01  -4.3583680e-01   2.4259253e-01   2.7294916e-01   1.5319797e-01   1.1006417e-01   4.6016577e-01  -4.8147268e-01   1.8221066e-01   6.1215827e-01  -3.7012307e-01  -2.1225556e-01  -1.4691077e-01  -1.7922140e-01  -2.8083241e-02  -2.7910404e-01   2.3154709e-02   1.0882304e-01   6.6411414e-01  -5.1577501e-01   2.4063977e-01  -5.5399835e-01   3.9063748e-01   1.4448528e-01   4.8261681e-01   6.3964685e-01   4.1577497e-01  -6.0942516e-01  -3.8002024e-01  -2.3341184e-01  -5.5931399e-01  -5.2560713e-01   5.6283215e-01  -3.3719293e-01   4.9713862e-01  -5.0679731e-01   4.9564623e-01  -1.3391033e-01   6.9376685e-01  -4.5302687e-01   6.3328655e-01  -5.8308840e-01   2.7935704e-01   6.5210774e-01   9.1249580e-02   2.8462394e-02   5.4857391e-01  -1.4637775e-01  -2.3214281e-01  -3.1340481e-01  -5.0205474e-02  -1.4390443e-01   3.4719742e-01   4.3372170e-01   4.0478031e-01   1.2623163e-01   3.6671988e-01  -2.8141693e-01  -4.2396285e-01  -5.7220134e-01   2.1657244e-01   2.5246349e-01   8.3506729e-01  -2.3433722e-01  -5.5390852e-01   3.8821158e-01  -4.0088731e-01  -1.4973863e-01   1.4865550e-01   6.2786425e-01  -3.9479923e-01  -1.0538261e-01  -4.5555543e-01   7.9850139e-01  -2.6141113e-01  -2.6306513e-01  -2.9934324e-03   3.9947234e-01   3.4392866e-01  -5.4779900e-01  -3.4193572e-01  -7.5855286e-02  -2.6687194e-01   3.7362968e-01   4.2437093e-01  -1.7168734e-01  -3.5692652e-01   4.3851541e-01   8.0841002e-01   8.6650569e-01   3.0158218e-01   4.1313741e-01   3.8995497e-03  -3.9091631e-01  -7.5868555e-02  -5.5225118e-01  -6.1153448e-02  -1.7789814e-02  -3.4283418e-01  -1.0872055e-01  -2.0224504e-01   5.0146468e-01  -2.0961154e-01  -5.2452136e-01   8.3078048e-01   4.5520768e-01  -4.3440169e-01   6.1406237e-01   1.7394578e-01  -9.1349872e-02   3.2615484e-01   2.2688163e-02  -3.8985769e-03   4.1696536e-01  -6.8707455e-01  -5.9467270e-02   4.3324771e-01   7.1982420e-01  -5.4667189e-01  -5.7092200e-01   5.2244028e-01   1.3836527e-01  -8.3737388e-02   1.9066175e-01  -1.9990823e-01   3.7331598e-01
  -4.1613850e-01   0.0000000e+00   1.0171398e-01  -1.6326588e-01   2.7447628e-01   2.8163868e-01   4.3514914e-01  -3.0167351e-01   2.9040117e-01   3.6792337e-01  -3.9959760e-01   5.7075972e-01  -1.2349241e-01  -2.6447126e-01  -3.6279647e-01   7.1395561e-02   7.0376146e-02  -2.2629439e-01  -3.6679738e-01   1.3252782e-01  -3.1776725e-02  -4.2197324e-01  -1.8545318e-01  -3.6873648e-01  -1.3887908e-01  -3.0964961e-01   2.6757427e-01  -3.9094542e-01   1.1392889e-01  -3.7746114e-02  -2.9197991e-01  -5.1316930e-01  -1.6733097e-01   2.9490560e-01   4.0902158e-01   7.6044725e-02   1.8520806e-01  -2.7136510e-01   1.8466698e-01   2.6598858e-01   1.7999400e-01  -2.2166424e-01   3.5935201e-01  -2.9022828e-01   1.1309359e-01  -4.6353042e-01  -6.9886434e-02   7.3569417e-01   1.7569527e-01   2.9261151e-01  -3.5866143e-01  -3.0153451e-01   4.2025475e-01  -7.2743058e-02  -3.1335950e-01  -1.0949934e-01  -2.7559917e-02  -3.3897165e-01   2.0585578e-02  -1.2019441e-01  -3.2243623e-01   2.4849828e-01   5.0522482e-01   1.9969353e-03   3.0718932e-01   9.6101995e-02   4.6180068e-01   3.7011829e-02  -2.0348781e-01  -3.2629107e-01   5.9499002e-01  -2.5704424e-01   1.9362727e-01  -1.8765733e-01  -7.5642364e-02  -2.5201933e-01  -3.0734051e-01  -2.9239023e-01   5.6149319e-01  -2.5702080e-02  -1.0095060e-01   1.5160262e-01   3.5686926e-01  -4.2215558e-01   3.7692112e-01  -2.7277943e-01   3.2505558e-01  -4.3012714e-01   4.0806927e-01  -4.3783072e-01   5.2583088e-01  -3.3738380e-01   5.9150832e-01  -2.5687607e-01  -3.6752726e-01   1.1133477e-01  -3.6845694e-02  -3.5161683e-01   1.1140560e-01  -3.5089273e-02   8.7006649e-02  -1.0170864e-01  -1.9959729e-01  -3.4867241e-02  -3.6220284e-01  -3.5490877e-01   7.5395007e-02  -1.9511939e-01   1.8635568e-01   4.5067668e-01   2.6676530e-01  -2.9820184e-01  -2.4306465e-01  -3.8108131e-01  -1.9491546e-02   7.0180040e-01  -1.6761410e-01   2.1236760e-02  -6.6099559e-02  -9.6983725e-02  -4.4367301e-01   4.1969233e-01   1.3568194e-01   2.7757516e-01  -4.4251418e-01  -1.1056636e-01  -2.9642098e-01   1.4978317e-02  -3.0729068e-01   7.8660292e-03   2.8337541e-01   3.3608126e-02   5.0418329e-01  -7.3128407e-02  -1.9576807e-01  -3.5161483e-01  -1.7218184e-01   5.9283708e-02  -2.8389068e-01  -3.9423984e-01  -3.9950036e-01  -2.2469717e-01  -2.4431592e-01   1.1867238e-01  -3.0237407e-01  -3.5419146e-01   4.2095445e-01   1.1152628e-01  -1.2224138e-02   4.8041075e-02  -1.5176659e-02  -6.7271188e-02  -3.0431230e-01   2.1880707e-01   4.7195635e-01  -3.5625241e-01  -3.8601215e-01   2.9039717e-02  -3.4941077e-01  -4.4809827e-01   1.1641022e-01  -2.3550537e-01  -1.4947624e-01  -2.6582395e-01  -2.4624879e-01   4.3194479e-01  -9.7637521e-03  -3.4261227e-01  -4.3869478e-01   6.5469591e-01   6.2642279e-01  -3.4027485e-01  -1.6627915e-01   1.3828818e-01   4.1950723e-02  -8.9166978e-02  -2.6871574e-01
   4.1826807e-02   1.0171398e-01   0.0000000e+00  -1.0169719e-01   1.4252249e-01   2.5946407e-01  -3.1691813e-02  -5.0334922e-02  -1.7982698e-02   2.0028504e-01  -5.4448251e-02   3.2506293e-01  -2.8238994e-03  -3.8261551e-01  -1.8028205e-01   3.5097513e-01   7.5216521e-01  -8.0371320e-02   1.7617300e-01   3.6474306e-01  -2.4110307e-01  -6.3770434e-02  -1.0591706e-01  -2.5159498e-01   1.1365081e-01   1.2237548e-01   3.2848987e-01  -4.0746302e-02   1.0351049e-01  -1.0794956e-01  -3.5553434e-01  -1.5551219e-02   3.0533733e-01  -8.4168760e-03   8.4989832e-02   9.6374469e-02  -4.3635429e-01   1.8362465e-01   3.0956401e-01   3.9513766e-01  -7.5016528e-02   2.1091662e-01   1.1847325e-01  -2.0402725e-01  -9.6629624e-02   4.8106844e-02   7.0186039e-02  -1.5774984e-01  -2.9314345e-02   6.1238813e-01  -1.2587853e-01   6.0047645e-02  -2.0350413e-01   3.5789917e-01  -8.2076732e-02  -4.5691765e-02   1.4051774e-01  -3.1614919e-02  -1.8073787e-01   1.4384464e-01   2.3094276e-01   1.1162371e-01   1.7116191e-01  -2.3436324e-01  -2.2074236e-01  -1.8631296e-01   2.2699489e-01   2.4445453e-01   1.7851374e-01   5.0129067e-01   1.4034179e-01   1.0147304e-01  -1.9273317e-01   2.6022610e-01   2.0610764e-01  -2.3318889e-03   1.5121729e-01   1.5335391e-02   4.5003247e-02   1.3842375e-01  -1.0016548e-01  -2.6938559e-02  -2.3420291e-01  -6.8882173e-04  -8.2787561e-02   1.6960421e-03  -2.2900498e-01  -2.5468308e-01   2.3605871e-01  -4.1497290e-02   8.8817928e-02   3.4535043e-01   8.3080849e-02  -2.8979061e-02   2.0533750e-01   2.3533628e-01   3.0390720e-01   1.6485558e-01   1.2683359e-01  -1.9602698e-01  -1.8889877e-01  -6.9310980e-02  -2.6729333e-01  -4.6364133e-02  -7.8415245e-02  -2.2857164e-02   4.5961851e-01   1.9166287e-01  -4.6812940e-02  -3.0112896e-01   9.2935721e-03  -2.2628381e-01   1.7824284e-01   1.3322857e-01   3.6148098e-01  -1.7872698e-01   1.9402793e-01  -8.8860912e-02  -1.1046032e-01  -6.0589280e-02  -9.9688285e-02   2.5123256e-01   3.4243852e-01  -3.2775999e-01   3.0451080e-02  -1.8661144e-01  -2.5834486e-01   2.3232074e-01  -9.0629055e-02   6.8801627e-01   1.6841535e-01  -2.8056846e-01   2.6323615e-01  -3.2889946e-01   1.6190118e-02  -5.9643681e-02   1.4278478e-01  -9.4355763e-02   3.2013174e-03   1.1794896e-01   3.0100878e-02  -3.3323016e-02   5.9125822e-02   3.8606183e-01  -2.0387614e-01  -3.6248361e-01   3.1583729e-01  -1.3665041e-01  -2.8607007e-01  -4.7592845e-01  -2.0149655e-03  -3.8050183e-01  -4.2617664e-02  -1.4518368e-01   3.6364102e-01  -9.2720639e-02  -1.5872030e-01  -1.7661001e-01   2.8902051e-01  -1.6435100e-01   2.3663293e-01   1.6183481e-02  -3.0918009e-01  -1.1491329e-01   3.1585140e-02   5.5914691e-02  -6.2121362e-02  -4.4427190e-03  -2.4850940e-02  -1.5372145e-01  -8.1199558e-02   1.5496585e-01   2.0072778e-01   1.0965401e-01   9.7903284e-02   2.7956054e-02  -3.8877509e-02
   3.6098094e-02  -1.6326588e-01  -1.0169719e-01   0.0000000e+00   2.0638820e-01   6.4800203e-02  -1.1137191e-01  -6.8520639e-02  -3.0344094e-02  -1.2474151e-01   3.2382273e-01  -2.8354469e-01   1.3771662e-01   1.6002897e-01  -1.4140975e-02   5.5288132e-02  -9.4380185e-02   6.4581750e-01   2.0651089e-01   6.6868120e-02   2.3079179e-01   2.4972268e-01   2.3941917e-01   9.3465567e-02  -6.2912648e-03  -6.9285084e-02  -5.7192594e-03  -8.8391980e-02  -6.0760659e-02   5.0728341e-01   1.1889878e-01   4.8595642e-01   5.4909702e-02  -2.2383781e-01  -3.6998508e-01   2.8769224e-01   3.9568760e-02  -5.6852719e-02  -4.1796290e-02  -1.6122545e-01   1.5019331e-01   1.3410669e-01   6.3470461e-03   1.6756535e-01   1.7284762e-01  -1.2221232e-02   3.2025807e-01  -7.3483651e-02   4.3671107e-01  -1.6352927e-01   5.0435733e-01  -9.8709519e-02  -2.7288099e-01   3.3396381e-02   6.6350569e-02   2.5145941e-01   1.2726997e-01   4.0534508e-01   2.5348255e-01   5.5824305e-03  -7.0468954e-02   1.7682415e-01   7.3691105e-02   1.2913396e-01   1.0647901e-01   1.9819066e-01   2.2938332e-01   2.9659738e-01   3.5275483e-01  -1.5956871e-02  -3.0891881e-01   6.5235737e-01   4.9950114e-02  -1.0557805e-01   3.4913806e-02  -1.2255552e-01  -7.9607545e-02  -4.8720649e-02  -1.7168530e-01   1.8669810e-01  -3.2832482e-02   6.6698849e-02  -6.1316095e-02   8.3316154e-03   3.9166407e-02  -8.6692991e-02  -7.9143179e-02   2.7338934e-01  -2.1329800e-01   1.3381705e-01  -1.1208357e-01  -4.8152044e-04  -2.9870386e-01   2.2873138e-01  -1.2284290e-01   6.3097250e-02   1.2510969e-01  -7.6010628e-02   9.9370929e-02  -3.6290686e-02  -7.3881368e-02  -1.6864976e-01   1.1173744e-01   1.5278915e-01   4.5000351e-01   6.0352017e-01  -1.0293069e-01   8.4530051e-02   1.5164682e-01  -4.0945594e-02  -2.1685208e-01   4.2526356e-01   5.9845910e-01  -1.2797245e-01  -5.4770227e-02  -8.8291712e-02   1.1305393e-01   7.6699912e-02   8.1460033e-02   7.1032905e-01   2.1016693e-01  -1.5581687e-01  -1.0698584e-01   1.1944954e-01   9.4586283e-02   4.7584452e-02   2.6194169e-01  -1.4969967e-01   1.8040555e-01  -2.0099742e-02   5.8170645e-02   1.9231654e-01  -1.8913598e-01   9.7702313e-02   1.8429685e-01  -1.1198450e-02   3.1779190e-02  -5.4873284e-02  -6.8578631e-02   1.0945732e-02   1.5391442e-01  -6.7241546e-02   9.9398325e-02   7.4728407e-02   4.2010532e-02   1.3770057e-01  -3.3263252e-01   1.5095546e-01   1.2560253e-01  -6.0033574e-02   1.3488764e-01   1.8672105e-01   2.3636807e-01   7.4854548e-02  -2.5662276e-01   9.0305319e-02   2.3278024e-02   1.2218439e-01   9.8197478e-02   4.9936749e-02   2.0704254e-01  -4.0008739e-02   5.2568636e-02   4.9054248e-01   3.9474460e-01  -2.7816671e-01  -2.2514989e-01   2.0761906e-01   1.3154864e-01  -2.5867277e-01  -2.6652593e-01  -5.4004566e-02   4.8720689e-01   2.0725101e-01  -1.5658024e-01  -1.1046911e-02   3.1244785e-01
  -1.7702158e-01   2.7447628e-01   1.4252249e-01   2.0638820e-01   0.0000000e+00   4.2316948e-01   3.0048468e-01  -1.6750350e-01  -3.0544607e-02   1.5608341e-01   7.8450086e-02   1.3714277e-01   2.2228950e-01  -2.7541319e-01  -1.9279037e-01   9.7857331e-02   1.5350397e-01   2.0410511e-01  -9.2401078e-02   7.2877167e-01   2.2115818e-01  -2.7442144e-01   1.8576173e-01  -1.3108377e-01  -9.5850787e-02  -2.3535674e-01   4.3462213e-01  -1.7834188e-01   4.4800607e-02   8.0507307e-02  -2.9112835e-01  -1.7511569e-01  -1.7067527e-01  -7.0546541e-03  -7.2310723e-02   6.7382133e-01   6.7309310e-02  -1.5222389e-01   1.4948357e-01   3.0674940e-01   1.9598860e-01   9.8349630e-03   2.0139750e-01  -2.1909265e-01   1.7431928e-01  -2.0956143e-01   4.0730658e-01   2.2554667e-01   2.9729968e-01   2.6144064e-01   1.9609303e-01  -2.6377870e-01  -6.3141514e-02   2.1241592e-02  -3.8031186e-02  -1.4501843e-01   1.6807935e-01  -1.2377023e-01   9.2177257e-02  -2.6496879e-01  -1.9107455e-01   5.5976242e-01   2.8668769e-01  -1.9948951e-01  -4.5625113e-03   1.8078968e-01   4.2693146e-01   2.0113145e-01   1.3992968e-01  -1.2641236e-01   4.4865472e-02   1.4219357e-01   6.5041633e-02  -1.1507402e-01  -6.4501424e-02  -2.5638798e-01  -2.5833471e-01  -2.0498907e-01   4.8710430e-01   1.8074133e-01  -5.8640847e-02   1.4013578e-01  -2.8792222e-02  -1.8633464e-01   4.7712889e-02  -2.6397293e-01  -9.1727408e-02  -8.9683932e-02  -1.5423168e-02  -8.4984520e-02   4.8867822e-01  -1.0504254e-01   2.1131383e-01  -2.0789410e-01  -1.3652481e-01   7.3630383e-01   1.7304942e-01  -2.0108207e-01   5.4724671e-01   2.5256690e-01  -1.7519653e-01  -3.2612095e-01  -1.9235133e-01  -1.8611272e-01  -1.4670658e-01  -1.1241805e-01   1.5886509e-01   5.8733284e-02   1.2254793e-01   2.8519232e-01   6.8447431e-02  -9.4412811e-02   5.2263433e-02  -1.2948949e-01  -1.3855348e-01   3.7789153e-01  -9.3882688e-02   9.1426517e-02  -2.6927275e-01   1.9903918e-02  -2.0100268e-01   3.5671889e-01   1.6460403e-01  -7.5356921e-02  -1.4628362e-01  -1.7925511e-01  -3.7671651e-02  -8.9493243e-03  -3.3528266e-01   5.2914502e-02   3.0486065e-01   3.5136250e-01  -3.2763182e-02  -1.5472097e-01  -1.7959609e-01  -2.3829985e-01  -8.6689899e-02  -1.4307343e-01  -2.5681432e-01  -1.8997469e-01  -9.4572798e-02  -2.4654471e-01  -1.4526768e-01   1.3996677e-01  -2.6695670e-01  -2.7867458e-01   1.4756364e-01   4.5845009e-01   1.4871295e-01   4.2201620e-02  -1.0554600e-01  -2.2644546e-01  -7.1592528e-02   1.6890345e-01   1.8795225e-01  -1.4546080e-01  -2.6149877e-01   7.9708641e-02   8.1936065e-03  -1.1715028e-01   1.8566712e-01  -1.6609927e-01   6.9303649e-02  -4.0317782e-02  -9.2917603e-02   2.3112593e-01  -1.1591271e-01   5.1958650e-02  -1.8361091e-01   2.7057771e-01   1.8872381e-01  -1.1155680e-01   2.9925517e-01   2.6779900e-01  -2.1623249e-01   1.6718685e-01  -1.5627223e-01
  -2.1458125e-01   2.8163868e-01   2.5946407e-01   6.4800203e-02   4.2316948e-01   0.0000000e+00   6.5637915e-01  -5.8783270e-01  -3.3365906e-01   3.3009754e-01   1.7615772e-01   3.4485023e-01   1.8824849e-01  -2.6301176e-01  -1.4849401e-01   2.0776304e-01  -8.4721763e-02   2.5159465e-01  -1.2186882e-01   4.9663452e-01   2.7998356e-01  -4.4224883e-01   2.9548188e-01  -2.7644172e-01  -3.0227740e-02  -4.4621191e-01   6.6003216e-01  -1.3196939e-01  -2.1751282e-02   2.8182026e-01  -3.4403583e-01  -2.2229050e-01  -1.8315572e-01   4.3273753e-02   2.0667353e-02   6.5434515e-01   5.3581279e-02  -3.1363926e-01   2.8998927e-01   4.5448540e-01   1.9995953e-01   1.4887446e-02   2.9897247e-01  -4.4955443e-01   1.0727219e-01  -3.6991463e-01   5.9512232e-01   3.6056195e-01   1.6852653e-01   2.5857080e-01   1.9027151e-01  -5.2763329e-01  -2.8984167e-01  -1.0769879e-01  -2.6034450e-01  -2.1826894e-01   6.3793577e-01  -2.3703456e-01   1.4483857e-01  -1.4384213e-01  -3.9015623e-01   1.4979603e-01   1.0278870e-02  -4.0312985e-01  -9.6343257e-02   3.5095343e-01   6.5078504e-01  -5.8529479e-02   2.9521292e-01   6.2669157e-02  -6.9965200e-02   8.3688491e-02   1.8204055e-01  -2.5057807e-01  -1.5968176e-01  -4.8778477e-01  -3.5160977e-01  -3.5108092e-01   2.0691969e-01   7.5551875e-02   1.4106451e-01   2.9816093e-01   1.2310800e-01  -4.2885452e-01   2.2658294e-01  -4.5201415e-01  -4.5820304e-02  -3.1473543e-01  -1.4117072e-01  -2.4087437e-01   2.2327246e-01  -2.4906584e-01   3.3563001e-01  -1.2958020e-01  -3.2704051e-01   4.3820998e-01   2.3472221e-01  -2.3750224e-01   2.8225658e-01   1.4724478e-01  -1.9297907e-01  -3.6066519e-01  -1.5413121e-01  -2.7134911e-01  -1.5536402e-01  -2.8608625e-01  -6.5982641e-02   5.8543072e-02  -5.3098641e-02   5.0380176e-01   2.7181247e-01   1.4053920e-02  -8.8826733e-02  -1.3081245e-01   1.1297312e-01   1.8580735e-01  -2.1858340e-01   1.7166547e-01  -1.7795852e-02   1.9697360e-02  -3.8435090e-01   1.2121641e-01   1.7176477e-01  -1.2811280e-01  -2.8942586e-01   1.2604425e-01   2.0112770e-01  -2.1161003e-01  -4.6403451e-01   2.2702189e-01   3.3951435e-01   2.9742836e-01  -3.0558656e-03  -2.6606532e-01  -2.4697151e-01  -5.1606617e-01  -1.4587323e-01  -1.3839139e-01  -4.5412757e-01  -2.6052983e-01  -2.1969969e-01  -1.0599400e-01  -1.0420720e-01   6.1095955e-01  -9.4644125e-02  -3.0183966e-01   2.3785875e-01   4.8397982e-01   3.8833764e-01  -1.7369645e-01   9.3671291e-02  -3.4403696e-02  -3.5059197e-01   1.3160223e-01   3.3411992e-01  -1.7231852e-01  -4.5275017e-01   7.4942643e-02  -3.5866814e-01   1.9830878e-04   5.8313363e-02  -1.9775043e-01   3.1524855e-02   2.3367306e-01  -2.9822602e-01   1.9227952e-01   7.0927089e-02  -8.6461940e-02  -2.6778408e-01  -3.0735151e-03   2.8094591e-01  -1.1934660e-01   2.2605583e-01   7.6040703e-01   1.6415179e-01   2.7856533e-01  -3.9283799e-01
  -4.7539755e-01   4.3514914e-01  -3.1691813e-02  -1.1137191e-01   3.0048468e-01   6.5637915e-01   0.0000000e+00  -6.7279213e-01  -2.5255027e-01   4.6977286e-01  -1.1364036e-01   4.8992741e-01   1.4314617e-01  -9.8274629e-02   8.1613346e-02   1.9537064e-01  -3.5005334e-01   1.0196524e-01  -4.1967783e-01   3.2356892e-01   4.3358536e-01  -6.9390173e-01   2.9352710e-01  -4.0768771e-01  -8.8111628e-02  -6.9157576e-01   4.3774084e-01   3.4242587e-02   1.0502290e-01   3.2290749e-03  -1.1338657e-01  -5.7923804e-01  -2.7845543e-01   5.4558200e-01   3.0361538e-01   4.9630387e-01   2.8327660e-01  -4.8964083e-01   3.5256169e-01   2.9231639e-01   4.2235211e-01  -2.3897832e-01   3.2406528e-01  -4.0313801e-01   1.7159310e-01  -6.4072339e-01   3.8798169e-01   6.5775395e-01   1.9309800e-01   1.3896617e-01   7.5435254e-02  -6.3755569e-01   2.4676837e-01  -2.9494136e-01  -2.7183202e-01  -2.7784192e-01   3.3601807e-01  -5.4370683e-01   1.9573498e-01  -1.2259749e-01  -5.7648437e-01   2.6222307e-01   1.6362310e-01  -2.3593843e-01   4.1455178e-02   2.3706432e-01   4.9786958e-01  -1.7613479e-01  -7.1198741e-02  -3.2420252e-01   3.5446740e-01  -1.7999458e-01   4.3128908e-01  -5.3378083e-01  -3.6539641e-01  -6.4974354e-01  -5.2391292e-01  -5.7235164e-01   3.8328999e-01   3.1344526e-04   4.1606557e-01   4.8321083e-01   5.3422350e-01  -6.4865475e-01   2.4355066e-01  -6.2543107e-01   3.2776861e-01  -4.5667861e-01  -4.4482490e-02  -5.3207168e-01   2.8766394e-01  -5.5304059e-01   4.8979250e-01  -2.0987235e-01  -4.9393595e-01   1.6169908e-01   1.7862994e-03  -5.7322166e-01   2.2252863e-01   4.3682991e-01   8.9333342e-02  -9.8609882e-02  -1.3204557e-01  -4.2827061e-01  -4.7074989e-01  -5.3512583e-01  -1.6436206e-01  -3.6095119e-01  -4.4610904e-03   6.5550538e-01   6.4104927e-01  -2.7820475e-01  -3.4489205e-01  -4.0144780e-01   2.3082401e-01   4.8488712e-01  -5.0378151e-01   2.7119974e-01   5.3935911e-02  -2.1324315e-01  -5.8452856e-01   1.0126314e-01   1.3480517e-01   2.3211593e-01  -5.8297465e-01   1.5492508e-01   2.3328808e-01  -2.5165171e-01  -6.6148821e-01  -1.1294870e-01   4.6053332e-01   5.0127877e-01  -7.6594365e-02   1.3293371e-01  -4.3546918e-01  -6.3064703e-01  -1.6405448e-01   3.5602178e-01  -6.2337820e-01  -4.6161884e-01  -4.4605853e-01  -2.4098579e-01  -4.8274039e-01   2.9114683e-01   1.0506754e-01  -1.6615034e-01   5.4443629e-01   3.5617060e-01   3.7778440e-01   2.4619556e-01  -5.8833658e-02   4.1295886e-02  -5.0192569e-01   2.4661981e-01   3.3664637e-01  -3.4976148e-01  -5.4651964e-01   2.1199730e-01  -6.1823757e-01  -1.9054848e-02  -1.2428706e-03  -4.5892202e-01   9.2663871e-02   4.3855593e-02  -5.3441407e-01   3.8947715e-01   1.2421525e-01  -3.5338127e-01  -5.2059736e-01   3.4210149e-01   5.1167622e-01  -2.8275633e-01  -4.0591937e-02   4.1609589e-01   8.5173633e-02   8.7021773e-02  -5.9586117e-01
   3.8123448e-01  -3.0167351e-01  -5.0334922e-02  -6.8520639e-02  -1.6750350e-01  -5.8783270e-01  -6.7279213e-01   0.0000000e+00   4.2355501e-01  -4.7492481e-01   4.3114883e-02  -3.4649334e-01  -4.8063022e-02  -1.2084544e-01  -1.6215593e-01  -1.8956737e-01   3.2200928e-01  -2.8438120e-01   3.1438280e-01  -2.6446376e-01  -4.2139716e-01   7.3732905e-01  -4.0783689e-01   3.5598676e-01   7.2966423e-02   8.2318664e-01  -5.1396139e-01  -1.8259271e-01  -1.3231865e-01  -7.9353154e-02  -3.7467496e-02   4.2958129e-01   2.6470978e-01  -2.9861772e-01  -2.1849486e-01  -5.4142495e-01  -3.1648294e-01   5.1796616e-01  -3.9243612e-01  -4.6791033e-01  -2.5938184e-01   1.2043236e-01  -2.1276034e-01   4.8821985e-01  -1.5373646e-01   6.6301490e-01  -6.1750352e-01  -4.4974478e-01  -3.8153130e-01  -3.0701248e-01  -2.2279143e-01   9.0712306e-01  -9.4160208e-02   2.8504361e-01   2.4774244e-01   3.4233497e-01  -5.3059125e-01   5.6490162e-01  -3.0814854e-01   1.6871128e-01   6.1064508e-01  -2.3958804e-01  -5.0963335e-02   2.8700363e-01  -5.8651093e-02  -2.2372414e-01  -3.8989206e-01   1.3924519e-01  -7.5901585e-03   1.4950427e-01  -2.6222387e-01   7.8007370e-02  -3.1594554e-01   6.0632313e-01   2.0974478e-01   8.3432995e-01   5.4985477e-01   6.1491493e-01  -1.9611401e-01  -1.6748971e-01  -3.6106725e-01  -3.2521079e-01  -3.3559936e-01   7.9132276e-01  -2.7205503e-01   8.1011937e-01  -4.3499311e-01   3.4347496e-01   1.1648594e-01   4.4670673e-01  -1.3916144e-01   4.9144945e-01  -3.4526425e-01   2.0800468e-01   4.9413226e-01  -1.3032092e-01  -1.2521238e-01   6.9691939e-01  -8.4682760e-02  -2.7762806e-01  -4.0098426e-01   2.6364135e-01   2.7969884e-02   4.5358061e-01   3.9288230e-01   4.0944476e-01   2.2837986e-01   5.2117913e-01  -1.0735492e-01  -4.7254252e-01  -4.9829238e-01   1.9963272e-01   1.4916297e-01   3.1952473e-01  -4.1761307e-01  -3.2129507e-01   5.2963868e-01  -1.3782409e-01  -3.1342325e-01   1.3673723e-01   5.1212214e-01  -7.3569703e-02  -1.1916854e-01  -2.3049360e-01   4.9292840e-01  -2.3438368e-01  -3.0351893e-01   1.7682263e-01   7.4168069e-01  -5.1998599e-02  -2.8655755e-01  -3.6767870e-01   1.6936572e-01  -1.4971618e-01   4.5473005e-01   8.5981680e-01  -1.1145855e-02  -3.4658053e-01   8.3331288e-01   4.7875823e-01   4.0631845e-01  -5.2899574e-02   5.0230670e-01  -5.3283993e-01  -1.6057857e-01   1.6444017e-01  -4.2945635e-01  -2.2364844e-01  -2.4299322e-01  -1.3862198e-01  -6.0354740e-02  -8.2406267e-02   5.8527895e-01  -9.9203515e-02  -4.5737778e-01   2.9606420e-01   4.8620462e-01  -2.1490240e-01   5.7752992e-01   8.1135194e-02   3.0157607e-02   5.9793093e-01  -3.8846976e-02  -1.4087259e-01   6.2596211e-01  -2.2487963e-01   1.7248015e-01   3.4279420e-01   5.0718898e-01  -1.4343929e-01  -2.7836791e-01   1.7253024e-01  -9.0442291e-02  -5.7792963e-01  -1.4813376e-02  -1.5616171e-01   6.6503531e-01
   3.7210907e-02   2.9040117e-01  -1.7982698e-02  -3.0344094e-02  -3.0544607e-02  -3.3365906e-01  -2.5255027e-01   4.2355501e-01   0.0000000e+00  -1.8008206e-01  -2.4826591e-01   1.9835714e-01  -1.1618019e-01  -1.4218680e-01  -2.8054226e-01  -3.1261422e-01   1.5900811e-01  -2.6898994e-01  -3.3611208e-02  -2.0913350e-01  -3.3754754e-01   3.3205435e-01  -5.7502326e-01   5.6645957e-02  -7.1606472e-02   3.7044025e-01  -3.2419536e-01  -3.6977997e-01  -7.4153280e-02   4.0530758e-03  -7.4381155e-02  -4.6860524e-02  -7.7237331e-03  -6.0139878e-02   3.7153116e-01  -3.7343097e-01   5.4128049e-02   1.2654122e-01  -3.4483269e-01  -2.5621501e-01   9.6514213e-03  -2.1264697e-01   4.0161841e-01   3.9405159e-01   2.0892622e-01   1.5878731e-01  -5.5725481e-01   2.4590573e-01  -9.1559661e-04  -1.4397479e-01  -3.9253193e-01   4.3149313e-01   3.3257813e-01   1.1252420e-01   5.3291474e-02   2.5245280e-01  -4.5757921e-01   1.4436827e-01  -1.1673700e-01   3.4684310e-01   1.6625347e-01   1.3661992e-02   6.4847262e-01   3.2769641e-01   5.0018724e-01  -1.2941402e-01  -3.1819030e-02   1.1728414e-01  -1.1146594e-01  -7.1104986e-02   1.7515767e-01  -1.3380266e-01  -1.4678855e-01   2.0421149e-01   1.4063074e-01   4.1539878e-01   8.5498831e-02   3.3105777e-01   2.4859540e-01  -5.6009726e-02  -3.7368600e-01  -1.8631739e-01   2.3786946e-02   2.9591796e-01  -1.4151116e-01   3.5033313e-01   6.2775778e-02   3.1413035e-02   3.8236941e-01   1.1974085e-01   3.9285590e-01   8.7530025e-02   9.4985122e-02   2.7292593e-01   1.1373835e-03  -1.3715239e-01  -2.2076587e-01   3.0775412e-01  -1.1824965e-02  -3.3098196e-01  -1.1119642e-01   2.3549606e-01  -1.3123169e-01   6.0997976e-01   8.9086381e-02   1.2711207e-01   1.3772488e-02   1.8441839e-01   4.2413321e-02  -8.5915028e-02  -2.2267564e-01  -8.8591026e-02   1.8923279e-01  -8.4854159e-02  -2.8719556e-01   3.3651771e-01   3.5906645e-01  -8.4363496e-02  -2.8782880e-01   6.3703554e-02  -7.9483422e-04   2.8492203e-01   4.1059547e-02   2.0805763e-01   4.8737340e-02  -3.1594358e-01  -3.4382890e-01   7.3376957e-03   4.3202813e-01  -1.4006051e-01  -2.1412330e-01  -2.1315836e-01   2.6399852e-01   8.4845704e-02   4.5089204e-01   3.3601832e-01  -2.2051262e-02  -8.4810198e-04   3.5661132e-01   8.4528492e-02   5.4121443e-02  -7.8296245e-02   2.1609145e-01  -3.3005639e-01  -3.2015798e-01   2.2039667e-02  -1.4162798e-01  -3.0859129e-02  -3.4427530e-01   9.7177899e-02  -1.0427739e-01  -2.2587862e-01   2.4933146e-01   2.3901979e-01  -4.8499096e-02   1.7290982e-02   1.5106271e-01  -2.4964685e-02   1.2566550e-01  -3.1048880e-01   1.7588981e-01   2.7907732e-01  -1.3597884e-01  -3.1612230e-01   2.9508637e-01   4.3985772e-02   1.7212217e-01   1.4119001e-01   1.0119376e-01   2.3791782e-01   2.6428779e-01  -2.4588685e-01  -4.4393023e-02  -4.1564896e-01  -3.6107113e-02  -3.9801802e-01   3.2381452e-01
  -4.7417125e-01   3.6792337e-01   2.0028504e-01  -1.2474151e-01   1.5608341e-01   3.3009754e-01   4.6977286e-01  -4.7492481e-01  -1.8008206e-01   0.0000000e+00  -1.0136917e-01   4.6245049e-01   1.6666295e-01  -1.4554918e-01   9.0914955e-02   1.1630841e-02  -1.3371922e-02   2.2363901e-02  -4.0875777e-01   1.7800462e-01   3.1640163e-01  -5.9070464e-01   1.8955308e-01  -5.0974164e-01  -6.7407026e-02  -5.5971724e-01   3.9001519e-01   5.5902227e-02   1.4919752e-01  -5.9600035e-02  -9.5073961e-02  -4.4642866e-01  -3.3942028e-01   5.8793212e-01   2.6574846e-01   2.6453303e-01   2.7665859e-01  -5.7412175e-01   2.0061338e-01   4.9473451e-01   3.9779361e-01  -3.4887763e-01   2.2722582e-01  -3.0321788e-01   1.4379468e-01  -6.1552939e-01   3.1085635e-01   4.0131643e-01   3.2472345e-01   3.5538335e-01   4.4171996e-02  -4.7630559e-01   2.5170341e-01  -2.7964773e-01  -2.4194416e-01  -1.9504157e-01   1.7707711e-01  -5.1223479e-01   2.8608027e-01  -1.3614960e-01  -6.1069266e-01   2.7817375e-01   1.6680888e-01  -1.8345257e-02   9.2939961e-02   2.3426154e-01   2.6260554e-01  -7.5930089e-02  -2.4108428e-01  -1.9636074e-01   4.5928157e-01  -1.7420843e-01   3.8371786e-01  -2.9840134e-01  -2.5532917e-01  -4.8144616e-01  -6.1429029e-01  -5.1582118e-01   3.8003280e-01   1.8285469e-01   1.7686636e-01   3.1014333e-01   2.8219380e-01  -4.9247568e-01   2.3151788e-01  -4.6465954e-01   4.0675074e-01  -4.7901760e-01   8.5705250e-02  -4.1961603e-01   2.1634541e-01  -5.7783811e-01   5.1362796e-01  -2.5785210e-01  -5.3451738e-01   1.1736884e-01   1.8433694e-03  -5.6878657e-01   1.4689727e-01   2.8027019e-01   3.6457525e-01   7.1333679e-02  -2.2986192e-01  -3.7261052e-01  -3.9153212e-01  -4.7257489e-01  -1.1133322e-01  -4.3404418e-01   2.1595104e-01   4.0027589e-01   5.3364060e-01  -2.6140136e-01  -2.3663209e-01  -3.9361692e-01   3.6980161e-01   4.0045982e-01  -3.0477013e-01   2.6014225e-01   6.0964036e-02  -1.6766631e-01  -4.7467967e-01   2.1157158e-01   6.1744404e-02   2.3413262e-01  -5.6736398e-01   3.1688252e-02   1.1804548e-01  -9.0985301e-02  -5.2747194e-01   2.0262938e-02   3.0809424e-01   2.1471836e-01   1.2176571e-01   1.4130970e-01  -3.8790682e-01  -4.8430666e-01  -6.0371056e-02   3.2649088e-01  -4.6888113e-01  -5.5612096e-01  -5.0845846e-01  -2.3571860e-01  -3.9577584e-01   2.6291250e-01   1.8223272e-01  -1.9440398e-01   5.3378648e-01   1.4208396e-01   1.7254268e-01   1.5978115e-01   7.1317110e-02  -1.0147839e-01  -4.4862457e-01   9.6991685e-02   5.9262333e-01  -5.2701094e-01  -4.5010518e-01   2.5546248e-01  -5.5072063e-01  -2.0572955e-01   6.3098259e-02  -3.2043643e-01   1.7509159e-02  -5.0709551e-02  -5.2589184e-01   4.1858697e-01  -4.5882879e-02  -2.5303083e-01  -4.9806475e-01   3.5051513e-01   3.7536667e-01  -2.8065582e-01  -4.8237010e-02   3.1532083e-01  -3.6242507e-02   1.3392102e-01  -4.9986636e-01
   2.9532518e-01  -3.9959760e-01  -5.4448251e-02   3.2382273e-01   7.8450086e-02   1.7615772e-01  -1.1364036e-01   4.3114883e-02  -2.4826591e-01  -1.0136917e-01   0.0000000e+00  -2.3653043e-01   2.2704578e-01  -2.9156619e-02   1.7566696e-01  -1.2057100e-01  -1.0127857e-01   5.4048920e-01   2.0190288e-01   1.1437398e-01   2.0529808e-01   2.5781984e-01   2.2338422e-01   2.8657566e-01  -9.6149713e-02   5.6311016e-02  -1.9854443e-02  -3.0289035e-02  -2.0493717e-02   3.9455709e-01   1.6834592e-01   3.7222756e-01  -1.0618649e-01  -3.4479833e-01  -4.1262806e-01   3.3085303e-01  -1.7088705e-01  -2.9185528e-02  -1.4234274e-01  -1.3832052e-01   3.2813109e-03   9.7157458e-02  -1.1625950e-01   2.4562127e-01   5.8882987e-02   1.7465004e-01   4.6342456e-01  -3.3487027e-01   2.8310212e-02  -2.6053531e-01   6.7698381e-01   3.5163361e-02  -4.1854576e-01  -6.9699499e-02   1.7777297e-02   1.9993451e-01   1.7912035e-01   3.4896008e-01   2.2379564e-01   8.4808340e-02   5.7114926e-02  -1.4511194e-01  -1.9750510e-01   7.6747298e-02  -1.2974326e-01   2.9719291e-01  -6.9752144e-03  -5.6127345e-02   4.8121068e-01   2.0356179e-01  -5.1690458e-01   5.1937054e-01  -4.3512326e-02   6.2601624e-02   2.1920627e-02   6.9966420e-02   6.8076102e-03   1.9078851e-01  -3.3157608e-01  -2.1733105e-02  -6.9662904e-02  -1.0164773e-02  -1.6794534e-01   1.7539128e-01  -3.1199816e-01   7.8190107e-02  -3.3562214e-01   3.3322531e-01  -2.9948923e-01   2.7860351e-01  -2.7092086e-01   5.8067654e-02  -3.1397639e-01   2.6103134e-01   2.7686263e-03   1.8289335e-01   7.9169015e-02   1.2466818e-01   2.7766867e-03   1.1857152e-01  -2.8055873e-01   6.0278886e-02   1.2344828e-02   2.5216299e-02   4.9404702e-01   3.1321499e-01  -1.2598734e-01   3.1668240e-01  -1.3920311e-01  -2.5575191e-02  -2.0404498e-01   3.5970834e-01   2.1769598e-01   1.3538225e-01  -1.4859395e-01  -3.5766506e-01   2.4032023e-01   6.4957966e-02  -4.7810404e-02   3.2194076e-01   3.5684513e-01  -2.5557217e-01   1.1095639e-02  -1.6339435e-01   2.8491896e-01   1.5227176e-02   3.7656994e-01  -2.0741153e-01   1.8778244e-01   4.7778219e-02  -1.1436859e-01   2.3971980e-01  -2.4983977e-01   9.7041197e-02   2.5418032e-01   1.1616874e-01  -3.0911263e-02  -3.0017716e-01   7.7569128e-02   1.5319081e-01   3.3211380e-01   1.8443149e-02   3.9611354e-01   8.3879169e-03   1.5064059e-01   2.8194072e-01  -3.9334090e-01   3.2749119e-01   2.8451762e-01  -1.6867285e-01  -2.9152603e-02   1.8398805e-03   2.9676290e-01   1.2876786e-01  -2.1062870e-01   2.6984839e-01   2.5926593e-01   1.0000498e-01   1.6978171e-01   2.6716585e-01   1.4564019e-01   4.3688000e-01   2.8885372e-01   6.5148622e-01   2.6471235e-01  -3.8687324e-01   2.5258149e-01   2.3594484e-01   3.8222039e-01  -3.8566693e-01  -4.1445347e-01   9.1357606e-02   4.3540051e-01   1.7293223e-01   4.9614531e-02   1.3672516e-01   2.2788160e-01
  -4.8287265e-01   5.7075972e-01   3.2506293e-01  -2.8354469e-01   1.3714277e-01   3.4485023e-01   4.8992741e-01  -3.4649334e-01   1.9835714e-01   4.6245049e-01  -2.3653043e-01   0.0000000e+00  -1.1740051e-01  -3.3669094e-01  -7.1380249e-02   1.4602287e-01   1.0777372e-01  -2.3948761e-01  -3.0599027e-01   2.8613175e-01  -3.9793111e-02  -5.4192463e-01  -2.6872774e-01  -6.2554435e-01   1.7575587e-02  -3.4550092e-01   2.7016321e-01  -2.3281021e-01   1.4752991e-01  -1.9495564e-01  -1.5869999e-01  -6.1550988e-01  -1.5742499e-01   5.3701242e-01   7.1355381e-01   1.5283351e-01   6.0607713e-02  -2.9278978e-01   3.1824131e-01   4.5446917e-01   2.3794593e-01  -2.0102572e-01   5.5277763e-01  -1.7777832e-01   3.7434162e-01  -5.2115792e-01   9.0650318e-02   5.3013633e-01   1.4941858e-01   5.0878645e-01  -3.4901878e-01  -3.5523168e-01   3.8116850e-01  -5.2866737e-02  -4.6958907e-01  -1.7222102e-01  -1.3769370e-02  -5.9562274e-01   1.9348052e-01   2.1170287e-01  -3.3878744e-01   3.0354616e-01   4.9114877e-01   5.5853894e-02   3.5346280e-01  -7.6751862e-02   3.0876526e-01  -3.0007034e-02  -4.2456220e-02  -2.6148688e-01   5.3481357e-01  -2.9070489e-01   3.5587257e-01  -1.0996282e-01  -8.1309042e-02  -3.3384993e-01  -3.5440300e-01  -2.9772128e-01   6.3883680e-01   9.4380088e-02  -2.1640437e-01   3.8703845e-01   3.5471061e-01  -4.2913198e-01   1.3208756e-01  -3.4175373e-01   2.9960923e-01  -5.7691054e-01   3.8681039e-01  -5.2537780e-01   5.4226405e-01  -2.9308522e-01   7.0493147e-01  -1.4910404e-01  -3.7026592e-01  -6.9906412e-03   2.0246597e-02  -2.5797733e-01   1.2284432e-01  -6.9306681e-02   1.0969069e-01   2.8371621e-01  -4.0157465e-01  -1.5012252e-01  -5.4027550e-01  -5.2353918e-01   8.8289126e-02  -1.1676535e-01   1.2483762e-01   2.4878420e-01   4.0354416e-01  -5.6780084e-01  -1.9878826e-01  -4.1327718e-01   1.3411830e-01   5.3486936e-01  -1.8463137e-01   2.0945596e-01  -6.5477128e-02  -2.8245738e-01  -5.8950697e-01   6.4804645e-01   4.7530517e-01   2.6066514e-01  -5.4011438e-01  -1.7910704e-01   4.0925964e-03  -1.5961486e-02  -4.1791843e-01  -3.5503674e-02   4.2286301e-01   1.2416649e-01   2.8588103e-01   6.8421178e-02  -2.0264833e-01  -4.0748690e-01   6.3964355e-02   1.3353048e-01  -3.6628549e-01  -4.3844490e-01  -4.5273667e-01  -2.4691943e-01  -2.6771404e-01   1.4788183e-01  -3.0392457e-02  -1.5381058e-01   5.9673329e-01   5.5966234e-02  -2.3981465e-01   1.3431867e-02  -1.2867058e-01  -3.4917918e-01  -4.2968680e-01   3.3609279e-01   6.9458374e-01  -4.6628758e-01  -3.7263098e-01   1.9116687e-01  -3.4646652e-01  -5.9487231e-01   2.9037680e-01  -2.3483313e-01  -2.2471556e-01  -2.2205155e-01  -3.8427873e-01   6.5455910e-01   2.7498594e-01  -2.9175382e-01  -4.8965271e-01   4.7253830e-01   7.4380357e-01  -3.5541996e-01  -1.7726731e-01   7.7857101e-02   1.2289290e-01   3.3773088e-02  -3.9725362e-01
  -5.5185128e-02  -1.2349241e-01  -2.8238994e-03   1.3771662e-01   2.2228950e-01   1.8824849e-01   1.4314617e-01  -4.8063022e-02  -1.1618019e-01   1.6666295e-01   2.2704578e-01  -1.1740051e-01   0.0000000e+00  -8.1962897e-02   2.1139532e-01  -1.1230016e-01  -9.3059200e-02   2.2611016e-01  -1.2727280e-01   7.5601043e-02   1.4981039e-01  -1.0429176e-01   3.5600528e-01   3.0995029e-02  -7.0798886e-02  -1.9318923e-01   3.6197534e-02   1.4634849e-01  -1.4748680e-01   1.6869525e-01   5.8986284e-02   3.6427597e-02  -2.0581248e-01   4.8968713e-03  -1.3486451e-01   2.1463167e-01  -5.0271210e-02  -2.9711377e-01  -9.6985867e-02   3.8383587e-03   6.3071328e-01  -2.4262170e-01   3.2162316e-02  -1.0755007e-01   2.8586888e-02  -8.0222875e-02   1.8948215e-01  -3.1922484e-02   7.3663949e-02  -9.6549705e-02   2.9175003e-01  -1.3056948e-01  -1.9857618e-01  -2.3214853e-01  -4.0152302e-02  -7.1739112e-02  -3.2431592e-02  -4.5233697e-02   4.4405706e-01  -6.5470172e-02  -1.9802610e-01   6.9508739e-03  -1.3012399e-01  -2.4225054e-03  -1.4653106e-01   3.3019009e-01   2.1503040e-02  -1.6906390e-02  -1.7835341e-02  -1.0172710e-01  -1.2444499e-01   1.1586277e-01   3.5943903e-01  -9.6364644e-02  -1.5393506e-01  -9.6369987e-02  -2.9231297e-01  -1.1630511e-01  -3.4957736e-02   2.0970044e-01   1.3633587e-01   3.5092638e-01  -9.5020370e-02  -1.1089550e-01  -2.5562412e-01  -1.3320225e-01  -8.1707425e-02  -1.2803959e-01  -2.1482399e-01  -3.0957882e-02  -3.0640150e-03  -3.0802458e-01   1.2225250e-01  -7.3220643e-03  -1.9882024e-01   2.0543809e-01   1.0099545e-01  -2.2152206e-01   2.6849375e-01   2.6331648e-01  -3.9388435e-02  -5.4666199e-02   9.0314668e-03  -9.9477061e-02   1.3507616e-01  -4.0580465e-02  -1.5585203e-01  -5.0334504e-02   7.9507195e-03   1.9913697e-01   1.1103806e-01   1.7249702e-01  -3.9153509e-02  -1.6451456e-01  -3.0552900e-02  -1.0666811e-01  -9.4225255e-02   5.1089779e-01  -1.4423832e-02   1.4187648e-01  -5.1384807e-02  -6.6070864e-02  -1.1536284e-01  -1.1806436e-01  -7.2387913e-02   4.9578414e-02   2.3393400e-01  -3.9177846e-02  -9.0349258e-02  -1.4662227e-01   2.6816252e-01   9.5849305e-02  -1.3264619e-01   8.6855016e-02  -5.7966117e-02  -6.9505496e-03   1.6457489e-02   2.5107650e-03  -8.8345798e-02  -1.9812417e-01  -4.6634199e-02   3.6729489e-02  -2.8189581e-02  -1.0052557e-01   1.6617669e-01   2.3580458e-03   8.8519647e-03   3.5149472e-01   3.5318252e-01   1.7022895e-02  -1.6789271e-01  -7.8029445e-02  -1.7767841e-02  -6.7790390e-02  -3.3444139e-02  -2.1327172e-01   4.7344972e-02   4.5223194e-01  -2.3659527e-01   2.5415097e-01   4.7867683e-02   8.4638376e-03   3.1922298e-01   2.7269309e-01  -9.8715896e-03   5.7392937e-02   5.3907209e-02   1.5694010e-01  -4.9522705e-02  -3.5941781e-02  -1.1750630e-02  -1.9258275e-01   8.8869666e-02   1.0255850e-01   6.4042706e-03   3.3867394e-02  -4.1058678e-02
   7.3804076e-02  -2.6447126e-01  -3.8261551e-01   1.6002897e-01  -2.7541319e-01  -2.6301176e-01  -9.8274629e-02  -1.2084544e-01  -1.4218680e-01  -1.4554918e-01  -2.9156619e-02  -3.3669094e-01  -8.1962897e-02   0.0000000e+00   2.8590004e-01  -1.3837249e-01  -3.8738233e-01   1.3742723e-01  -9.6676067e-02  -2.4808983e-01   2.8076028e-01  -3.6884155e-02   2.1544201e-01   2.3299274e-01  -1.8066528e-02  -1.0945388e-01  -1.1477437e-01   3.3977060e-01   7.5363612e-02   5.5188296e-02   4.5631255e-01   1.2759091e-01  -7.8089557e-02  -1.5992272e-02   2.7531910e-02  -2.1736410e-02   1.9181565e-01  -7.1162292e-02  -1.2085241e-01  -1.7269013e-01   6.1169289e-02  -2.0552909e-02  -9.6772882e-02   2.6749816e-01   7.7581169e-02  -5.1131433e-02   1.1862581e-01  -2.8546035e-02   1.6842864e-01  -3.1659782e-01   1.1617803e-01  -1.3879108e-01  -3.2780778e-02  -2.0882695e-01   2.9866127e-01   1.8987318e-01  -3.6092527e-02  -3.4536472e-02   1.0860748e-01   8.8605656e-02  -1.1709600e-01  -1.4807065e-01  -2.3662851e-01   2.1877909e-01   9.7496477e-02  -5.8856961e-02  -1.4623626e-01  -6.5803730e-02   1.6588148e-02  -3.8810467e-02  -1.2309199e-01   1.3344134e-01   5.3661075e-02  -2.7731294e-01  -1.9224553e-02  -1.4995764e-01  -5.6114476e-02   7.1110050e-02  -2.8470101e-01   8.3852105e-02   2.7472467e-01  -4.0444039e-02   8.0728134e-02  -2.3920050e-02   1.5709714e-01  -1.7134779e-01   4.0570091e-01   3.3491169e-01  -2.0185855e-01  -3.8096654e-02  -2.0070218e-01  -1.7145788e-01  -2.6108834e-01   2.1252852e-01  -1.1143557e-01  -3.3264183e-01  -6.4822806e-02  -1.2379714e-01  -2.3253771e-01  -4.8290931e-02   4.2413067e-01   4.7695214e-02   3.5405931e-01   1.1557425e-01   3.0064848e-02   4.3376420e-02  -2.5938779e-01  -2.2769655e-01   1.1846245e-01  -1.8657911e-02  -8.9073697e-02   1.6659977e-01   7.5618830e-02  -9.2032010e-02   1.9026480e-01  -1.8094348e-01  -9.7668317e-02   3.3137441e-02   4.8441565e-01   1.0498974e-01   2.8584713e-02  -2.9799027e-01  -2.3553293e-01   2.0239185e-01  -7.9836187e-02   4.7541533e-01   2.5767342e-01  -1.4171639e-01  -5.7209969e-02  -1.4254393e-01  -1.8001650e-01  -5.4382105e-02  -2.9852780e-01   2.6394782e-01  -3.0000570e-02  -1.1028184e-01   4.6865544e-02   3.8096090e-01  -1.3140227e-01   2.5410150e-02   9.6357323e-02   1.9184771e-01  -1.8658541e-01  -8.8778285e-02   2.8501093e-01   1.6165827e-01  -2.6116488e-01  -6.6218067e-02   6.1684015e-02   2.4409682e-01   1.4888140e-01   4.1091427e-01  -6.7561937e-02  -8.0515331e-02  -2.5799015e-01   1.4920453e-01  -1.3480322e-02   1.1597012e-01  -1.2769003e-01   1.8896967e-01  -1.5957072e-02  -2.1410746e-01   1.4445177e-01   7.2313778e-02  -9.8979473e-02  -2.0667711e-01  -1.6213495e-01  -8.2109663e-02  -3.0182665e-02  -1.8568386e-01  -2.3598315e-01  -8.7297499e-02  -9.9308574e-02  -1.0328740e-01  -1.0847643e-01  -5.4370760e-02  -1.0689917e-01
