   0.0000000e+00  -4.4919746e-01  -4.5272908e-01   5.3921077e-02  -7.2875115e-02  -2.1866096e-01  -1.9937261e-01   5.5033342e-01   1.0626368e-01  -5.1413864e-02   7.1454168e-04  -4.6155827e-01   1.3571807e-01   2.4543692e-01  -2.4839380e-01  -4.0049234e-01  -3.3314051e-01  -1.7872993e-02   1.6315458e-01  -2.1396417e-01   1.1819330e-02   2.7072478e-01  -1.4241938e-01   6.9281494e-01   1.9642747e-01   4.6110613e-01  -2.1864501e-01   6.5867056e-02  -1.2267715e-01   9.7490278e-02  -8.9053652e-02   2.3750452e-01  -1.9201640e-01  -4.1493817e-01  -2.1164871e-01  -1.0730389e-01  -1.3355779e-01   4.3987427e-01  -9.4961063e-02  -5.0742728e-01   2.6681742e-01   2.0521835e-02  -1.7501488e-01  -1.0500670e-01  -2.2910264e-01   7.9743265e-01   1.3375387e-01  -1.8503841e-01  -1.5803193e-01  -3.7904598e-01   3.6055779e-02   3.1852086e-01  -2.7524458e-01   8.9151267e-02   8.1254025e-02  -1.1886593e-01   1.6734477e-01   2.1094987e-01   1.2072766e-01  -8.3079856e-02   2.5356566e-01  -1.8723761e-01   1.2010851e-01  -1.5363667e-01  -1.0272242e-01   2.1476455e-01  -6.4784413e-02  -1.3093426e-01   1.7644730e-01  -4.5234688e-01  -4.4065349e-01   2.0928175e-01   9.0411290e-02   2.0329404e-01  -7.2921528e-02   3.4083495e-01   3.9734760e-01   1.4297497e-01  -1.0855095e-01   5.9127817e-03   2.8449667e-01  -1.7484475e-01  -9.1098154e-02   3.8158337e-01  -7.2711414e-02   2.0574611e-01  -2.0180111e-01   2.1343442e-01  -2.9001773e-02   7.6762947e-01   2.8183499e-02   2.6281761e-01  -3.0103620e-01  -4.3992110e-03   5.0732569e-01  -5.6764292e-02  -1.2036629e-01   3.3809495e-01   6.3418180e-02  -4.9024000e-02   1.5561437e-01  -2.6724144e-01   2.7200691e-01   1.8261471e-01   1.3108816e-01   2.6874217e-01   1.0058071e-01   3.1361882e-01  -2.7497894e-01  -1.0869666e-01  -2.1432947e-01  -6.1246699e-02   2.7183772e-02   8.3227543e-01  -1.2381200e-01  -1.1382229e-01   2.4855921e-01   1.7038924e-01   2.5299057e-02   1.3149098e-01   4.9162378e-01  -1.0536996e-01  -1.4812831e-01  -1.3439825e-01   7.2378058e-01   3.6587814e-01  -8.9642938e-02   1.1980268e-01   3.7578137e-01  -4.0275373e-01  -1.5542770e-02  -3.1071409e-01   2.6939541e-01  -3.4577157e-02   3.5989619e-01   4.0134958e-01  -2.6422706e-02  -9.1707281e-02   3.3012214e-01   6.5680267e-01   7.0360397e-01   1.1565287e-01   1.2666167e-01  -4.6788360e-01  -3.0135411e-01   6.8467302e-02  -4.2649784e-01   1.7769768e-01   6.5376647e-02  -1.8307575e-01   2.4249020e-01   4.0099730e-01   3.3728466e-01  -1.0599664e-02  -4.9986001e-01   3.5885017e-01   6.6255260e-01   2.0715488e-01   2.6892626e-01   1.4025613e-01  -1.6425019e-01   2.0895492e-01   1.2719769e-02   1.0850666e-01   2.8184871e-01  -2.6775565e-01  -3.4391434e-01   1.2238947e-01   3.8160663e-01  -2.3576803e-01  -1.8382048e-01   4.0736865e-01   1.5993867e-01  -4.4602953e-01  -1.4011944e-01  -1.1768407e-01   4.5409429e-01
  -4.4919746e-01   0.0000000e+00   4.0213407e-01  -6.1530607e-02   3.5374091e-01   5.7667750e-02  -8.3596576e-03  -4.2261175e-01  -1.1898864e-02  -2.9755877e-01  -2.5705422e-01   6.4814040e-01  -2.8659503e-01  -2.2544892e-01  -3.6280451e-01   2.3402592e-02   2.8471170e-01  -8.6995651e-02  -1.7666679e-01   3.4695729e-01  -2.3250016e-01  -1.2956665e-01  -3.2450399e-01  -4.2167446e-01  -2.9104385e-01  -2.8437993e-01   6.6148752e-02  -5.5227098e-02   1.7059043e-01  -2.4487752e-01  -3.6541598e-01  -2.4397835e-01   2.0026410e-02   2.1010703e-01   4.2552940e-01   6.6395413e-02   2.2637791e-01  -3.0551185e-01  -4.5460102e-02   1.9497125e-01  -2.8613952e-01  -3.1967213e-02   4.3923265e-01  -1.3294163e-01   1.5550579e-01  -4.2895763e-01  -2.4584486e-01   5.4873860e-02   2.6216697e-01   3.5901232e-01  -3.0356537e-01  -3.0157017e-01   2.5160088e-01   3.7143636e-02  -2.6226896e-01  -2.2519850e-01   3.2880704e-02  -2.0964947e-01  -2.4370788e-01   1.0057626e-01  -4.5615836e-02   2.0610370e-01   3.0447945e-01  -1.3103122e-01   3.9005634e-01  -5.4236561e-01   5.3165747e-02   1.5960871e-01  -3.2546489e-01   7.6056480e-02   6.8683649e-02  -3.0568603e-01  -1.5030463e-02   2.6259134e-01  -5.3553202e-03  -3.1745931e-01  -2.1891652e-01  -8.8521257e-02   6.3541460e-01  -2.1620577e-02  -5.7768991e-01   1.1105639e-01  -1.9743527e-01  -2.9269922e-01   4.5848475e-01  -3.4378825e-01   1.6078880e-01   7.3392764e-02   2.9185195e-01  -3.4876940e-01   4.7067507e-01  -3.8077164e-02   4.1887646e-01   1.5725008e-01  -3.0504636e-01   2.0866042e-01  -1.0499785e-01  -1.8685350e-01   2.3022859e-01  -4.9269973e-02  -5.3826098e-01  -4.9288534e-02  -4.1042180e-01  -1.9809918e-01  -3.7860375e-01  -1.9935772e-01   7.4339281e-02  -2.3493989e-01  -2.7576822e-02   7.2580025e-02  -9.6678331e-02  -1.7595929e-01   9.9386188e-02  -3.1454415e-01  -2.6286892e-01   5.5259350e-01  -3.2095443e-01  -1.8415532e-01  -6.5710385e-02  -5.6731250e-02  -4.0467290e-01   5.3317813e-01   4.8798205e-01   2.0655465e-01  -4.2495992e-01  -1.1533866e-01   2.3208729e-01  -7.0404153e-02  -2.2322980e-01   6.7493961e-02   5.7811240e-02   6.9171948e-01   2.0845587e-01  -2.4657552e-01  -9.9447051e-02  -3.8848057e-01   7.9376910e-02  -3.2993485e-01  -3.4714022e-01  -3.4633399e-01  -2.9829334e-01   1.2224645e-01  -2.9010288e-01   3.6383510e-01   1.3165516e-01  -2.7071673e-01   8.5695506e-03  -2.3770058e-02  -1.7575951e-01   3.6435212e-02  -3.3540662e-02  -5.3276498e-01  -1.0366645e-01   3.8882789e-01   4.9308878e-01  -4.1873518e-01  -3.4766910e-01  -2.1837418e-01  -7.3840716e-02  -4.2407947e-01   1.6928469e-01  -2.9271122e-01  -3.7785243e-01  -2.3975305e-01   1.8746197e-02   6.3997911e-01   3.4891084e-01  -1.0291365e-01  -6.5723547e-02   3.2029168e-01   5.9323729e-01  -3.1542509e-01  -1.5592526e-01   4.2709380e-01   1.8910013e-01   1.6807044e-01  -1.4196956e-01
  -4.5272908e-01   4.0213407e-01   0.0000000e+00  -2.4378577e-01   3.1494524e-01   4.3382754e-02   7.1456080e-02  -3.6724685e-01  -3.8295102e-02   1.6446610e-02  -2.4928587e-01   7.6937796e-01  -1.3520163e-01  -3.4584565e-01  -2.9485832e-02   2.5128835e-01   8.9899261e-01  -1.6604057e-01  -1.8163247e-02   5.1605498e-01  -4.7775841e-01  -3.5061979e-01  -1.6477488e-01  -5.4691048e-01  -9.1682016e-02  -4.1469930e-01   1.3048299e-01  -2.7187989e-01   1.1025521e-01  -4.4761124e-01  -1.8959268e-01  -3.7278113e-01   3.8292638e-01   5.4601567e-01   2.6803209e-01   1.2994764e-01  -2.6505050e-01  -1.3425747e-01   1.1430527e-01   6.6824153e-01  -2.6851771e-01   3.1261313e-01   2.5118515e-01  -1.4288555e-01  -1.0515128e-02  -3.9693183e-01  -2.8809392e-01  -1.1649938e-01  -5.5688837e-02   6.3467355e-01  -3.5477286e-01  -3.2112083e-01   1.9191830e-01   6.8322629e-02  -2.0626714e-01   4.4388826e-03  -1.0609334e-01  -4.2283977e-01  -3.2530379e-01  -1.9600595e-04   5.7505879e-02   1.2926213e-01   5.5577122e-02  -1.2357862e-01   1.2746748e-01  -4.3905863e-01   1.3770470e-02   1.9280001e-01  -4.1772288e-01   5.4974851e-01   4.7939451e-01  -4.8832076e-01  -8.5008018e-02   8.5904923e-02   2.3309616e-01  -3.5495958e-01  -1.7590415e-02  -3.3181518e-01   3.4933147e-01   1.0143038e-01  -3.6371133e-01   1.0401487e-01   3.4986917e-02  -3.0424182e-01   5.2995855e-01  -3.3707834e-01  -7.9728895e-02  -1.5228683e-01   2.2253783e-01  -3.6631030e-01   2.0678550e-01   3.6053720e-01   5.0244776e-01   6.9560406e-02  -1.7587342e-01   4.8088317e-01   9.3666544e-02  -2.4255332e-01   1.7606557e-01  -4.3461694e-01  -1.8764824e-01   3.6642107e-02  -5.5237888e-01  -4.1256295e-01  -4.8629105e-01  -2.8075770e-01   3.5091944e-01  -4.1407912e-01   2.4851498e-01  -1.7776321e-01   2.4216288e-01  -3.2932847e-01  -5.8820818e-02  -4.0206495e-01  -4.6570785e-02   2.2636481e-01  -4.0855223e-01  -1.8349541e-01   1.7334833e-01  -1.7844670e-01  -4.1798937e-01   4.1290870e-01   5.5262520e-01  -3.6973743e-02  -3.5835887e-01  -3.0020345e-01  -2.0078934e-01   2.4948192e-01  -4.6239282e-01   4.4504566e-01   3.7887925e-02   3.9904427e-01  -2.7863383e-01  -1.7122853e-01  -2.6236524e-01  -3.2431321e-01   8.3563851e-02  -2.0042701e-01  -4.1773648e-01  -3.3946605e-01  -4.3436754e-01   3.8211182e-02  -4.5070178e-01   4.3421300e-01   8.9597384e-02  -4.8398702e-01   5.9631790e-01  -3.2210291e-01  -4.2257248e-01  -1.1242362e-01   2.1808180e-02  -4.2790142e-01  -1.7385543e-02   4.5625693e-02   8.0297392e-01  -1.8190935e-01  -4.1130706e-01  -3.8296131e-01   2.4305460e-01  -2.7563188e-01   1.8770725e-01  -4.9027356e-01  -1.2271729e-01  -5.0622701e-01  -1.7425806e-01   3.7743953e-01   1.3685592e-01  -2.1351190e-01  -1.3573788e-01   3.3181388e-01   1.9628883e-01  -1.1447563e-01  -3.5115067e-01   4.9201256e-01   2.7474570e-01   3.5109396e-01  -2.6469926e-01
   5.3921077e-02  -6.1530607e-02  -2.4378577e-01   0.0000000e+00  -5.5470006e-02   3.0009897e-01  -1.5760325e-01   2.5744557e-01   1.8782820e-03  -3.6201620e-01   9.8280819e-02  -3.1297149e-01   2.1788616e-01   2.1689543e-01  -2.0007350e-02   6.9945962e-02  -2.4206264e-01   3.2544544e-01   2.6083994e-01  -1.7884776e-01   2.6269938e-01   6.0340136e-01   1.9433062e-02   1.1231207e-01   1.0328171e-01   2.4449536e-01  -1.7356602e-02   3.2616417e-01  -1.2809101e-01   2.0638923e-01   2.3538441e-02   5.2293801e-01   1.9945096e-01  -3.9395379e-01  -1.6669256e-01  -3.3781449e-02   5.2760671e-02   8.3018631e-02   4.5098609e-02  -2.5718700e-01   2.0198756e-01   6.2332435e-02  -1.4507943e-01   1.3043483e-01   1.0404105e-01   2.1093181e-01   2.1483954e-01   7.5024340e-02   2.9321244e-01  -3.0595284e-01   3.8787284e-01   2.0882877e-01  -2.6841562e-01   2.0908957e-03   9.9446748e-02  -7.0087101e-02   1.4006142e-01   5.4794509e-01   5.4819173e-01   2.8114069e-01   6.7100740e-02  -1.1196806e-01  -1.5810886e-01  -1.7675164e-02  -8.0808879e-02  -1.0391433e-02   4.4620247e-01   1.9185217e-01   2.6162962e-01  -9.9660133e-02  -2.6767075e-01   5.7773861e-01   6.8290409e-02   1.4747411e-01  -3.5075051e-02   2.8104897e-01   1.1346026e-01   2.4385139e-01  -2.0626034e-01   1.2572876e-01   2.0522020e-01  -8.1942764e-02  -2.0192564e-01   3.7334161e-01  -3.7797070e-01   3.1621522e-01  -1.3823696e-01  -2.2177714e-03  -2.1495448e-01   1.2031089e-01  -2.6788756e-01   9.8071822e-02  -3.9991562e-01   2.5654271e-01   6.5908562e-02  -2.8853246e-01   3.0396514e-01   2.2632005e-01   4.0799105e-02   1.6948921e-01  -1.6525731e-03   5.1315626e-02   3.2497244e-01   3.8054585e-01   4.8938926e-01   5.1731721e-01  -9.0438831e-02   4.1528061e-01  -1.2885999e-01   1.8170164e-01  -4.0343867e-01   3.8016375e-01   6.0074297e-01  -1.2876310e-01  -9.4936543e-02  -2.5551187e-01   2.8308569e-01  -6.5034595e-02   1.3481725e-01   6.1450574e-01   4.2157613e-01  -2.8081532e-01  -3.5996035e-01  -5.7296317e-02   1.0397749e-01   3.9534721e-01   1.3675492e-01  -3.9134842e-02   5.7896306e-01  -4.1083666e-02   1.3569284e-01  -2.0968253e-01   3.8721700e-01   9.1161066e-02   4.7939755e-01   2.7081524e-01   2.8940827e-02   1.7667604e-01   3.2453791e-01   5.5794543e-02   1.6015999e-01   5.3813505e-02   2.8664601e-01  -7.1860472e-02   1.8128620e-02   2.4732061e-01  -3.8450049e-01  -8.5476541e-02  -6.3125134e-02  -1.0694349e-01   9.4889183e-02   2.3337689e-01   2.6118102e-01  -2.2692708e-01  -2.8486780e-01   1.0952374e-01   2.8047690e-01   4.2659648e-01   3.8415072e-02   2.5752923e-01   1.9861508e-01   1.6900695e-01  -1.2786448e-01   5.8367511e-01   4.3554064e-01  -2.8170536e-01  -1.8005766e-01   1.7043681e-01   1.0873480e-01  -3.3904974e-01  -4.0797748e-01   4.7188246e-02   5.2994900e-01  -3.2559144e-02   1.3374123e-01  -1.9598001e-01   4.8101821e-01
  -7.2875115e-02   3.5374091e-01   3.1494524e-01  -5.5470006e-02   0.0000000e+00  -3.0889742e-01  -4.1634417e-01   2.2491345e-02   1.1892885e-01  -3.4100967e-01  -2.4093467e-01   2.8937963e-01   1.7980319e-01  -3.3136797e-01  -5.8580606e-01   5.5464652e-03   3.3701749e-01  -5.9761179e-02  -6.0149330e-03   7.7776283e-01  -4.6644789e-01  -1.8020705e-01  -4.6766880e-01  -1.3279595e-01  -1.4288333e-02   1.1327859e-01   1.0678869e-01  -3.6330324e-01   1.3405051e-01  -3.7753349e-01  -4.3706793e-01  -2.8513185e-01   2.0692077e-01   1.4173206e-02   2.6702457e-02   4.3351479e-01   5.4979097e-02   1.9849615e-01   1.0957795e-01   2.8787883e-01   1.6361745e-01   3.2972303e-01   1.2198187e-01  -4.4461032e-01   1.0456946e-01  -2.1740217e-02  -8.0269296e-02  -3.3379516e-01   3.7381849e-01   4.0978148e-01  -4.0320395e-01  -8.9464484e-02  -9.8241733e-03   2.9410570e-01  -2.5431293e-01  -4.0977793e-01   3.0457372e-01  -3.7311612e-01  -8.1310868e-02  -4.1494097e-01   3.7649658e-01   2.3561757e-01   4.8284069e-01  -2.6814122e-01   6.2841387e-01  -4.1265229e-01  -1.1511735e-01   2.1179294e-01  -3.5443490e-01  -3.3916308e-01  -4.5891075e-02  -2.9654250e-01   3.5802807e-01  -2.0031715e-03   3.9808915e-01  -1.5608509e-01   3.0405817e-01  -2.7490558e-01   7.3907327e-01   3.0763203e-01  -4.4211612e-01   2.3517079e-01  -4.1291324e-01  -8.6167245e-02   4.8741667e-01  -2.4934113e-01  -1.4933381e-02  -4.6971888e-02   5.1553327e-01   1.3205019e-02   5.7542025e-01   4.5195210e-01   4.8482522e-01   4.2032390e-02   2.0678992e-01   7.9384760e-01   1.5856296e-01   7.1855697e-02   6.3750330e-01  -1.5963798e-01  -4.7126514e-01  -5.8363656e-01  -3.0816960e-01  -2.5682741e-01  -5.0414912e-01  -1.2961616e-01   4.6935167e-01  -1.5247992e-01   3.6125029e-01  -3.0817522e-01  -2.2239678e-01  -5.5170858e-01   1.7187289e-01  -2.6116536e-02  -5.3025207e-01   6.3390496e-01  -3.4154831e-01   1.3816156e-01  -3.2289378e-01  -4.4311343e-02  -2.2922373e-01   7.1223983e-01   5.5140710e-01   1.8942370e-01  -1.1475922e-01  -1.9989104e-01  -9.5016668e-02   4.8984900e-01  -1.0378517e-01  -3.0245817e-01   2.3459120e-01   5.6224030e-01  -6.4653069e-03  -3.0998445e-01  -4.5411319e-02  -1.8599242e-01   1.5319519e-01  -5.4374009e-01  -1.4719442e-01  -3.3930052e-02   3.0068183e-02   3.6108656e-01  -4.3813659e-01  -3.3853758e-01  -4.1689636e-01  -4.4436203e-01  -1.1531882e-01  -9.1899142e-02  -3.3611829e-01  -5.4310989e-02  -1.8492769e-01  -3.6600495e-01   1.3639841e-01   4.9477259e-01   2.5323816e-01  -1.3511480e-01  -1.8054868e-02  -1.3311935e-01   4.5180014e-01  -5.4638239e-01   1.3916258e-01  -3.9971959e-01  -4.4231257e-01  -4.5286395e-01   9.9158923e-02   4.5480821e-01   8.6822653e-02  -2.7591276e-01   1.5744113e-01   4.9772304e-01   3.8999124e-01   8.1119599e-02  -5.2285257e-02  -1.5825980e-01   2.4709935e-02   4.3743344e-01   1.5563223e-01
  -2.1866096e-01   5.7667750e-02   4.3382754e-02   3.0009897e-01  -3.0889742e-01   0.0000000e+00   1.5730583e-01  -1.7785780e-01  -3.0882095e-01  -1.6653428e-01   3.5307361e-01  -1.5434925e-02  -2.2604472e-01   3.6557081e-01   3.3537074e-01   1.1496270e-01   4.5783164e-02   3.0759312e-01   1.1910656e-01  -6.1355741e-02   3.1609402e-01   3.9982780e-01   1.3877593e-01  -2.9498865e-01  -2.0468940e-02   2.4546280e-02   4.4888863e-01   6.2510506e-01  -8.4041729e-02   2.6118784e-01  -4.9144256e-02   2.8526742e-01  -4.1417212e-02  -7.2911225e-02  -8.6593127e-02   1.8958860e-01  -1.3981554e-01  -2.9149233e-01  -1.5554803e-01   5.2461357e-02  -1.7629089e-01  -1.2913567e-01  -9.4420024e-02   4.5154796e-01   8.3335505e-02  -1.5196299e-01   4.1583629e-01   7.5019072e-03   2.7896649e-01  -1.3844642e-01   5.2531766e-01   1.7555055e-01  -4.5135657e-01  -2.0546579e-01  -2.2353166e-02   4.7511522e-01   3.0452472e-02   4.7672355e-01   1.3150513e-01   4.6899423e-01  -3.8108259e-01   4.2932171e-02  -5.6404103e-01   3.2299590e-02  -4.3656593e-01   2.2426724e-01   8.2179167e-01  -1.9132989e-01   4.9266978e-01   5.1593741e-01  -1.0447263e-01   3.7653957e-01  -3.7760263e-01   3.2856558e-01  -2.8614631e-01  -2.7170954e-02  -2.9150227e-01   3.4249551e-01  -3.9759933e-01  -1.7861102e-01   3.7757816e-01  -3.8368416e-01  -2.0165979e-01   8.9655904e-02  -3.7629877e-01   9.6797583e-02  -4.1951062e-01  -1.8528257e-02  -5.4593591e-01  -2.4742222e-01  -4.7173621e-01  -2.0492916e-01  -4.2167729e-01  -1.5532127e-01  -3.2437370e-01  -3.0069810e-01   1.2534538e-01   5.8265621e-02  -2.4446652e-01   1.4645995e-01   2.7050084e-02   5.3884472e-01   1.4554447e-01   1.9345308e-01   4.9846033e-01   1.9367136e-01  -2.9610404e-01   4.0862203e-01  -1.0781825e-01   6.6641413e-01  -1.7030840e-01   6.8427338e-01   2.0331663e-02  -2.6154641e-01   2.4049210e-01  -5.7607458e-01   4.2468198e-01  -3.9056561e-01   3.6518498e-01   2.0545772e-01   1.9271435e-02  -4.3992509e-01  -5.0481439e-01  -4.1758725e-01  -9.4481801e-03   2.2040633e-01  -2.1161330e-02  -4.8100377e-01   1.3241814e-01   4.8350108e-01  -2.0005591e-01  -2.5852944e-01   3.0479630e-01   9.8613882e-03   2.9828576e-02  -2.8808492e-02  -1.4240431e-01   5.4944309e-01   2.6877299e-02  -1.6052503e-01  -1.7594278e-01  -1.6703932e-01   4.6631794e-01   6.5582782e-01   1.6543866e-01  -1.2772607e-02  -7.4941273e-02  -5.7802170e-02   3.1858315e-01  -3.2934071e-01   4.9055382e-02   1.1862017e-01  -8.5509441e-02  -4.8939934e-01  -4.0364775e-02  -2.3093937e-01  -1.7877761e-01  -3.0158720e-02  -3.7249246e-01   5.7222474e-01  -1.1184610e-01   2.7497381e-01  -6.6845324e-03   4.5837916e-01   1.2784245e-01  -5.0329564e-01  -6.6106821e-02   3.9675801e-01  -2.6665421e-01  -5.1416423e-01  -3.9978470e-01  -2.4563282e-01   1.6654096e-01   6.0467724e-01  -2.1173722e-03  -1.5627824e-01   9.7416642e-02
  -1.9937261e-01  -8.3596576e-03   7.1456080e-02  -1.5760325e-01  -4.1634417e-01   1.5730583e-01   0.0000000e+00  -2.9430150e-01  -9.6265133e-02   3.6263945e-01   2.1830907e-01   2.5772223e-01  -2.4883462e-01  -8.7620029e-02   6.1017474e-01   1.6778186e-01  -9.9777351e-02   1.5753204e-01  -1.1880919e-01  -1.0869227e-01   2.6005564e-01  -5.8897181e-02   5.4601143e-01  -2.3671237e-01  -3.1627705e-02  -2.9614238e-01   1.6285344e-01  -1.3733482e-01   1.6420710e-01   2.4593881e-01   3.3657048e-01  -9.8587745e-02  -1.7713707e-01   3.1810694e-01   4.6671793e-01   5.3620851e-02   2.2890264e-01  -2.8145891e-01   1.3551286e-02   3.8538715e-02  -3.4966719e-01  -1.7194395e-01   4.1978883e-01   8.8852041e-02   4.4156204e-01  -3.5807334e-01  -2.8401104e-03   6.9005993e-01  -2.3948096e-01  -2.0703769e-01   2.9297516e-01  -2.3212675e-01   2.8352936e-01  -3.1487766e-02   5.7868855e-02   2.4653049e-01  -4.9926691e-01  -1.3576312e-02  -8.3417265e-02   4.9439772e-01  -3.9095264e-01   4.2640377e-01  -3.4533760e-01   2.4449325e-01  -4.0844101e-01   3.0145499e-01  -6.5761546e-02  -1.5010800e-01   3.0631962e-02   4.3576234e-01   3.8114783e-01   2.5736972e-01  -2.1685864e-01  -3.7424322e-01  -2.0986135e-01  -1.9415084e-01  -4.1046696e-01   1.1096006e-01  -4.2810158e-01  -2.1239775e-01   1.7310749e-01   1.0207466e-01   3.6430292e-01  -1.8380907e-01  -3.4219446e-01  -2.3063262e-01   1.4195773e-01  -2.1222599e-01  -4.0585986e-01  -3.1193050e-01  -3.8376492e-01  -4.1471464e-01  -1.1060028e-01   8.8565782e-02  -2.3797648e-01  -4.1829538e-01   7.1974722e-02  -3.5547938e-01  -2.0588186e-01   3.8651798e-01   3.0399539e-01   5.6495765e-01  -9.4983456e-02  -1.9799624e-02   3.0562414e-01  -2.2891278e-01  -2.6856051e-01  -1.8821408e-01   1.7888567e-02   6.5626605e-02   4.7270415e-01   3.7021017e-01  -1.1736460e-01  -1.2835261e-01   1.6918240e-01  -2.9760249e-01   4.0973830e-02  -1.4409466e-01  -1.1567065e-01   7.9834545e-02  -1.2240781e-01  -3.7067243e-01  -7.2223467e-02   3.2207282e-02  -1.9086799e-01  -4.7412894e-02   3.2835315e-01  -3.1827226e-01  -1.7689934e-01   2.2703893e-01  -3.6910992e-02  -7.8842333e-02  -3.3627810e-01   1.3882655e-01  -8.5056268e-02  -2.3809881e-01   7.9049608e-02   3.7755254e-01  -2.8409519e-01  -8.1195682e-02  -1.8726602e-01  -3.3211247e-01   2.5542235e-01   2.1462263e-01   5.2796642e-01   3.0119995e-01   4.3708177e-01  -6.3922806e-02   2.3341634e-01   3.2552240e-01  -1.7591744e-01   1.2691637e-01  -3.4879672e-01  -1.6960937e-01   3.8548325e-02  -1.3304007e-01  -3.3291723e-01   7.2764878e-02  -3.5371289e-01   2.7765194e-01   1.3650906e-01   1.3455760e-01   2.1482598e-01   2.0535530e-01  -2.5644012e-01  -1.9942724e-02   3.0967110e-01  -1.4302519e-01  -2.9972967e-01  -2.7626818e-01   2.2455856e-01  -2.2923437e-01   4.7226523e-02   9.6007090e-02   3.9662013e-04  -2.3616546e-01  -3.1600425e-01
   5.5033342e-01  -4.2261175e-01  -3.6724685e-01   2.5744557e-01   2.2491345e-02  -1.7785780e-01  -2.9430150e-01   0.0000000e+00   3.3732333e-01  -2.9466205e-01  -1.5060128e-01  -3.4908226e-01   8.9147975e-02   4.7839240e-02  -2.1814729e-01  -1.0657951e-01  -2.4716974e-01  -9.1453599e-02   3.1264737e-01  -1.8406373e-01  -1.2472549e-01   4.3016817e-01  -3.3682923e-01   4.9920331e-01   2.5920047e-01   6.1908421e-01  -3.2595774e-01   1.5259535e-01  -8.2270209e-02   2.4557155e-01  -5.1338912e-02   4.7433929e-01   1.3586384e-03  -4.6104000e-01  -1.0389838e-01  -2.2973633e-01  -2.4551861e-01   3.6140548e-01   7.1159091e-02  -3.1328106e-01   1.2913466e-01   8.1068917e-02  -1.3982831e-01   8.5062370e-02  -1.2893473e-01   5.9442826e-01  -5.2332387e-02  -2.2037064e-01  -1.3101281e-01  -2.3339787e-01   3.0690027e-02   6.0182131e-01  -3.6675153e-01   7.3351932e-02   1.2972292e-01  -5.6112339e-02   1.8953438e-01   4.0375838e-01   3.0413544e-01   1.3053967e-02   2.7592745e-01  -2.0846899e-01   1.4184739e-01   2.8471446e-02   3.0567171e-02  -7.7464857e-02   7.3575634e-02   2.6814907e-02   1.6470155e-01  -4.5707020e-01  -3.5645072e-01   1.9491918e-01   9.7941074e-02  -1.9662477e-02   5.4341805e-02   5.8783675e-01   3.9033439e-01   3.2067477e-01  -4.5912036e-02   2.5643165e-01   2.6894527e-01  -9.4771455e-02  -2.2617504e-01   6.6270605e-01  -1.5074552e-01   4.7455489e-01  -9.0040116e-02   1.2796034e-01   1.0580035e-01   4.2743037e-01  -7.9814904e-02   2.1520263e-01  -2.8742034e-01   1.8762546e-01   4.1434791e-01   4.5364129e-03   1.0461591e-01   4.4656411e-01   1.1441579e-01  -2.1026370e-01   3.8555483e-02  -1.3708777e-01   4.4576041e-01   4.1961152e-01   1.4573834e-01   4.4396857e-01   4.1789480e-02   5.3452219e-01  -2.4284900e-01  -2.1874421e-01  -2.8617905e-01  -4.1814392e-02   2.4227974e-01   4.5744904e-01  -2.3970925e-01  -4.2398708e-02   4.6641293e-01   7.7428969e-02   1.0072073e-01   2.1317739e-01   5.1444211e-01   4.9432618e-03  -7.8951934e-02  -5.3307912e-02   4.5635152e-01   3.3415218e-01  -1.1773998e-01   2.3270089e-01   5.3747753e-01  -3.5750987e-01   1.1647011e-01  -2.9151576e-01   2.8423657e-01  -9.4073823e-02   4.7257855e-01   6.3895414e-01   9.9482208e-02  -1.2461391e-01   5.8324551e-01   3.2938709e-01   5.1474707e-01  -2.0182333e-02   2.1546482e-01  -4.8565664e-01  -2.5284262e-01   1.1470488e-01  -4.5827228e-01  -1.2190140e-01  -1.4536486e-01  -2.5570346e-01  -9.2689667e-02   4.6448992e-01   3.0323981e-01  -5.8969781e-02  -3.7314655e-01   2.5154790e-01   5.6435723e-01   2.2577926e-01   2.9268558e-01   1.1440156e-01   1.8171835e-02   2.8739789e-01  -2.1827979e-01   2.0915886e-01   3.8011842e-01  -1.6087416e-01  -1.4124696e-01   2.4773154e-01   2.3318015e-01  -1.9903091e-01  -2.5922128e-01   2.8822094e-01   2.2622531e-01  -4.4489395e-01  -1.7841948e-02  -1.1781041e-01   6.0904084e-01
   1.0626368e-01  -1.1898864e-02  -3.8295102e-02   1.8782820e-03   1.1892885e-01  -3.0882095e-01  -9.6265133e-02   3.3732333e-01   0.0000000e+00  -1.1185125e-01  -1.9663803e-01   6.0074836e-02  -7.0197953e-02  -1.2253391e-01  -1.0564771e-01  -3.9855349e-02   2.0945644e-02  -2.8838841e-02   1.3684201e-01  -1.1371972e-01  -1.6323377e-01   8.6237543e-02  -2.7405718e-01   2.0338588e-01   9.9914547e-02   1.4954438e-01  -2.8792716e-01  -7.7830379e-02   2.2721049e-01   3.8424562e-01   2.3451662e-01   6.9246431e-02  -1.1587327e-01  -2.2055262e-01   3.8385955e-01  -2.4665757e-01  -2.4586813e-01  -8.7287891e-02   2.0143950e-01  -7.6482660e-02  -9.4705673e-02   4.2244517e-02   4.0613189e-01  -7.4576844e-02   4.9041308e-02   7.8912703e-02  -2.4986005e-01   1.0772516e-01  -3.3451527e-01   2.5163159e-02  -1.8423269e-01   1.6498164e-01   7.0988748e-02   1.6566943e-01  -1.0599447e-01  -1.5393072e-01   1.1736169e-02   2.0669246e-02   5.0915550e-02   8.5394310e-02   1.1283985e-03  -1.2660965e-02   5.1828316e-01   3.4715376e-01   2.5796809e-01  -3.1972829e-01  -2.0235455e-01   3.8302905e-01  -1.1340765e-01  -2.1622665e-01   9.1356193e-02   3.6974454e-02   1.2914421e-01  -3.1325366e-01   1.0832299e-01   1.9909217e-01  -1.8457010e-02  -3.4699292e-02   2.4180006e-01   3.4916650e-01  -1.3169473e-01   1.5879332e-01  -1.4627577e-01   1.9792716e-01   1.0141946e-01   9.8952108e-02   3.1087389e-01   4.5737827e-02   4.0880237e-01   1.3504789e-02   2.9107549e-01   5.7018904e-02  -2.7981299e-02   5.6930834e-01  -1.4599844e-03   8.5394764e-02   1.3864546e-01   1.2724858e-01   2.9819104e-01  -2.5172071e-01  -1.7092690e-01  -5.0966419e-02   1.0814789e-01   3.0892594e-01  -1.1232348e-01   7.3854887e-02   5.9367744e-02   7.1220160e-02  -2.0564244e-01  -3.8925333e-01  -1.3168426e-01  -1.6974510e-01   3.4179244e-01  -5.7886729e-02  -3.3003430e-01   2.4964922e-01   4.5798531e-02  -7.8883353e-02  -1.1872544e-01   2.2041547e-01   1.9500489e-01   2.8453914e-01   2.1734655e-01   4.2294592e-01  -2.1932876e-02   2.1936622e-01   1.9982517e-01   2.3407097e-01   2.3141214e-01  -1.5264104e-01   1.7107643e-01   1.0585325e-01   3.3647711e-03   3.4595118e-02   3.1921979e-01   2.1516540e-01   2.3368539e-01  -2.5594779e-01   2.0870750e-01  -8.5081449e-02   1.0479230e-01   3.5226676e-02  -4.5735228e-02  -2.3125533e-01   7.9011414e-02   2.7050096e-01  -2.4877064e-01  -4.9912761e-02  -2.9247575e-01   5.9436971e-02  -3.5923116e-01   4.2852817e-02   8.9336756e-02   2.3581230e-01   1.6270643e-01   1.8822108e-02   1.7498400e-01   1.4927378e-02   1.6501839e-01  -1.7557075e-01   2.4771151e-01   1.1598164e-01  -1.0395152e-01  -7.7115840e-02   9.2951673e-02   2.1344536e-01   1.0617839e-01  -6.6113438e-02   1.9249448e-01   9.0828429e-03   2.2796217e-01  -6.3197274e-02   1.3597702e-01  -1.4378906e-01   7.1277699e-02  -1.2182527e-01   1.2308432e-01
  -5.1413864e-02  -2.9755877e-01   1.6446610e-02  -3.6201620e-01  -3.4100967e-01  -1.6653428e-01   3.6263945e-01  -2.9466205e-01  -1.1185125e-01   0.0000000e+00   9.2747341e-02   1.2459823e-02  -9.5725638e-02  -1.1024028e-01   3.1093861e-01   1.2511015e-02  -3.8278810e-02  -1.0516261e-01  -6.4428185e-02  -1.7183666e-01   7.9244859e-02  -3.4688765e-01   4.9730794e-01   8.7484224e-02  -2.0730463e-01  -3.0266417e-01  -1.5158154e-01  -3.1117895e-01   6.3882037e-02  -1.2091265e-01   2.2487150e-01  -2.1106733e-01  -1.2672706e-01   5.3584881e-01  -1.8141711e-02  -1.0251855e-01   8.9756560e-02  -1.4834355e-01  -7.1399046e-02   1.8671222e-01  -7.8111564e-02  -7.0973593e-02  -5.2050292e-02  -2.6097478e-02  -8.6891285e-02  -1.4724812e-01  -7.0092008e-02   1.6015188e-01  -3.5148960e-01  -2.9648217e-02   1.5305931e-02  -2.6379686e-01   3.4296754e-01  -7.4958034e-02   3.2157080e-02   2.3159209e-01  -1.8662905e-01  -3.1155396e-01  -1.2399123e-01  -5.1061579e-02  -3.0387729e-01  -2.4246389e-02  -2.0943950e-01   1.9792490e-02  -3.3100291e-01   5.6307049e-01  -3.4152975e-01  -1.8869607e-01  -1.3339497e-01   2.6620908e-01   3.0184528e-01  -1.5721806e-01  -1.2586374e-01  -2.5403903e-01  -1.4389143e-01  -8.3880634e-02  -2.6003262e-01  -1.7398286e-01  -3.6287099e-01  -2.1927006e-01  -3.2040455e-02   7.7856838e-02   5.2766585e-01  -2.3569398e-01  -4.2250320e-02  -2.1583696e-01   8.9683757e-02  -7.5605342e-02  -1.0221226e-01  -1.7016967e-02  -1.9523651e-01  -2.4644913e-01   2.1863459e-01  -1.1233826e-01  -1.3813337e-01  -1.0601899e-01  -8.8520243e-02  -2.1484840e-01  -3.1989346e-01   1.7239832e-01   2.8714456e-01   1.3632404e-01  -2.0953418e-01  -2.5256201e-01  -4.4415102e-02  -2.9597873e-01  -2.0022564e-01  -3.7176095e-01   1.9955669e-01  -2.1450656e-02   6.8067854e-01  -9.3448763e-02  -3.4585051e-01   2.9144984e-02   3.4550201e-01  -2.6079172e-01  -6.0105030e-02   9.2440200e-02  -7.8923508e-02  -2.8142425e-01  -1.2344609e-01  -2.4589750e-01  -5.7339608e-02  -1.8197762e-01  -4.6677319e-02  -1.5483582e-01  -2.2418062e-02  -2.1186554e-01  -2.3077245e-01   1.2845178e-01  -1.7253813e-01  -2.6036172e-01  -4.2494772e-01   9.8890301e-02  -2.1785739e-01  -9.7858758e-02  -6.4565341e-02   5.5777031e-02  -2.0012177e-01  -1.8631596e-02  -7.0565983e-02  -2.4007159e-01  -2.3249792e-02   8.9731104e-02   1.2992966e-01   1.8335850e-02   5.5653846e-01   1.9138891e-01   3.2321997e-01   2.3732348e-01   8.4745098e-02  -9.7805877e-02  -1.9312643e-01  -1.2880557e-01   1.3820548e-01   2.4242931e-01  -1.7969838e-01  -4.7271667e-02  -2.5990035e-01  -2.6071437e-02  -1.6118236e-01  -4.6566960e-02   6.4054355e-01  -1.4519719e-01  -3.1448870e-01  -7.2538700e-02   1.2779185e-02  -2.8535055e-01  -1.0539164e-01   1.4604304e-01  -3.8310825e-03  -4.3942695e-02  -2.9550644e-01   1.5165367e-02  -1.5484554e-01  -2.2186516e-01  -3.2373148e-01
   7.1454168e-04  -2.5705422e-01  -2.4928587e-01   9.8280819e-02  -2.4093467e-01   3.5307361e-01   2.1830907e-01  -1.5060128e-01  -1.9663803e-01   9.2747341e-02   0.0000000e+00  -3.1352258e-01   1.1275879e-02   1.7068351e-01   4.6215280e-01   3.0171847e-01  -2.4611904e-01   7.7644817e-01  -4.3899711e-02  -1.8530643e-01   6.4410540e-01   4.2282523e-02   4.0463576e-01  -3.4986827e-03   1.9639309e-02  -5.6580450e-03   2.4404505e-01   3.2027581e-01  -8.3393516e-02   3.9803154e-01   3.5623096e-01   4.5989275e-02  -1.6503332e-01  -1.0026210e-01  -2.1774242e-01   4.6944847e-01   1.1828808e-02  -2.6961623e-02   2.1083039e-01  -2.7004015e-01   9.1088828e-02  -1.6640580e-01  -2.4668453e-01   4.8871730e-01   1.9634075e-01   1.1774456e-03   7.6446536e-01   3.0217185e-01   8.6225158e-02  -4.2202702e-01   7.5305822e-01  -1.0103501e-01  -3.4475228e-02  -2.0796722e-01   1.5149463e-01   6.0563286e-01  -1.7627964e-01   1.3059884e-01   1.7296498e-01   1.7636085e-01  -1.7614875e-01   3.1615543e-01  -4.4879244e-01   4.6612840e-01  -3.5928527e-01   4.2430597e-01   2.4027281e-01  -3.1110765e-01   6.3905923e-01   1.5816842e-01  -4.5655282e-02   3.9637408e-01   1.0088230e-01  -7.1346605e-02  -1.8838554e-01  -1.8811829e-01  -6.2074551e-02   3.4119678e-01  -4.3172074e-01  -2.5038818e-01   2.8452632e-01   6.0809365e-03   2.8032082e-01   1.3916287e-02  -4.3625700e-01  -1.2624964e-01  -2.2739049e-01  -1.1770370e-01  -5.8167163e-01  -3.8285979e-02  -2.2299137e-01  -1.8213852e-01  -4.5491797e-01  -4.1489279e-01   2.0577324e-02  -3.3823497e-01   3.2811574e-02  -1.8192261e-01  -1.1801055e-01   2.4772863e-01   2.5913248e-01   4.4200373e-01   2.2726303e-01   2.0323300e-01   4.5868609e-01  -6.8600301e-02  -2.9994669e-01   1.9832176e-01  -8.1288016e-02   5.0541096e-01   4.6512578e-02   5.5023231e-01  -1.3991102e-01  -6.1887930e-02   1.7518611e-01  -4.7676424e-01   3.2732011e-01  -6.4675635e-03   1.0471324e-01  -3.0411977e-02   2.2580734e-01  -5.1274243e-01  -5.8307777e-01   3.0415297e-02   7.9460428e-02   4.2202310e-02   5.3768879e-02  -3.6959464e-01  -1.0393729e-01   1.9933361e-02   1.3060924e-01  -5.6885637e-02  -5.4972723e-02   3.4095360e-01  -2.5347414e-01  -1.7217701e-01  -2.1471232e-01   5.7016045e-01  -1.4212577e-01   8.2169287e-02  -1.6600612e-02  -1.6073027e-01   5.6701527e-01   2.0332295e-01   2.1162288e-01   4.7104798e-01  -1.2752863e-01   3.8115405e-01   5.0326836e-01  -1.3051673e-02   1.0266504e-01   3.5066452e-01  -6.6017622e-02  -3.7646110e-02  -3.3738283e-01   7.3277456e-02  -5.5020215e-02   9.5924832e-02  -2.3692487e-01   4.2689052e-01  -2.7475344e-01   6.3263900e-01   3.9668415e-01   5.7855831e-01  -2.8818953e-01  -5.9189586e-01   2.0674841e-01   1.6302628e-01  -2.1927381e-01  -2.5875199e-01  -2.1630244e-01   1.3408060e-01   4.3013777e-01   1.6113455e-01  -2.6073606e-01  -1.5506177e-01  -2.7692231e-01
  -4.6155827e-01   6.4814040e-01   7.6937796e-01  -3.1297149e-01   2.8937963e-01  -1.5434925e-02   2.5772223e-01  -3.4908226e-01   6.0074836e-02   1.2459823e-02  -3.1352258e-01   0.0000000e+00  -2.9152724e-01  -3.6518110e-01  -1.0091241e-01   2.2008665e-01   6.2274323e-01  -2.1694150e-01  -1.2961322e-01   5.1553245e-01  -5.1394702e-01  -3.1762815e-01  -2.2965440e-01  -5.4156763e-01  -7.4806057e-02  -3.9017624e-01   8.5459556e-03  -2.4369844e-01   3.3823772e-01  -3.0328712e-01  -2.5816315e-01  -3.8087222e-01   1.7641012e-01   6.1023804e-01   5.8541119e-01   8.2654392e-02  -1.3955983e-01  -3.1056480e-01   5.9749841e-02   4.5242043e-01  -4.2435316e-01   1.5269191e-01   6.3785887e-01  -1.7231105e-01   2.1978368e-01  -5.1493923e-01  -3.9248705e-01   1.3968004e-02  -6.9261724e-02   5.5632254e-01  -3.9529605e-01  -2.9703349e-01   2.4720160e-01   2.0161204e-01  -3.1948989e-01   2.3557153e-02  -1.5440283e-01  -3.7938390e-01  -3.8108523e-01   1.5560850e-01  -6.2116240e-02   2.9281999e-01   2.0859776e-01  -1.0727615e-01   2.3259814e-01  -4.6971979e-01  -1.5459377e-01   2.0326487e-01  -5.0593028e-01   2.9360221e-01   2.8814640e-01  -4.7328322e-01  -1.3324225e-01   1.0096969e-01   1.4742025e-01  -3.8179407e-01  -2.1786492e-01  -2.2508652e-01   5.3216158e-01   1.1186470e-01  -5.1128662e-01   1.9356471e-01  -7.1169229e-02  -2.8447171e-01   5.2983964e-01  -4.3770837e-01   9.1547769e-02   1.4205333e-02   3.4983300e-01  -4.5779048e-01   3.0481301e-01   1.2374454e-01   6.4649279e-01   2.0082983e-01  -2.8626592e-01   4.2390638e-01   7.4358254e-02  -2.4165101e-01   2.1745717e-01  -2.6796271e-01  -4.4368565e-01   8.9343751e-02  -5.1462340e-01  -3.2855006e-01  -4.8486671e-01  -3.1124398e-01   2.3869849e-01  -4.3616652e-01   1.7246239e-01  -2.3182730e-01   3.3307201e-01  -3.2406115e-01  -2.1690001e-03  -3.3983204e-01  -1.8466562e-01   4.1539704e-01  -3.2914691e-01  -1.9258576e-01  -7.1129233e-02  -1.6140627e-01  -5.2290963e-01   5.9929669e-01   7.2812504e-01   1.2305683e-01  -4.7379719e-01  -2.2388906e-01   1.2147619e-01   1.6523822e-01  -4.1596229e-01   1.7061281e-01   1.6510739e-02   5.9928371e-01  -1.4542409e-01  -3.6396407e-01  -2.1802799e-01  -3.9952649e-01   2.7020480e-01  -3.9199234e-01  -4.7517216e-01  -3.8084636e-01  -3.8313125e-01   4.3760744e-02  -4.0768565e-01   4.0282502e-01   2.7811359e-01  -3.9461755e-01   4.6212610e-01  -3.1694737e-01  -2.7238462e-01  -5.3457139e-02  -1.6043771e-01  -5.3858702e-01  -1.6601422e-01   1.9284000e-01   7.5324995e-01  -3.7834486e-01  -5.0698991e-01  -3.4250175e-01   1.0392233e-01  -4.4654466e-01   2.8930398e-01  -4.0855890e-01  -3.1524016e-01  -4.8809803e-01  -1.2808334e-01   6.7843144e-01   4.4394757e-01  -2.5716868e-01  -1.3943295e-01   3.0443942e-01   5.6150536e-01  -3.4747369e-01  -3.8983813e-01   3.8174766e-01   2.6879483e-01   3.0356446e-01  -2.4592039e-01
   1.3571807e-01  -2.8659503e-01  -1.3520163e-01   2.1788616e-01   1.7980319e-01  -2.2604472e-01  -2.4883462e-01   8.9147975e-02  -7.0197953e-02  -9.5725638e-02   1.1275879e-02  -2.9152724e-01   0.0000000e+00   7.9374520e-02  -8.8671247e-02   1.7485241e-01  -2.3952384e-02   1.2889051e-03   2.0409329e-01   9.5023101e-02  -1.2076364e-02  -5.2081212e-02  -7.7528061e-02   1.5106294e-01   3.2283375e-02   1.4748603e-01  -4.4393343e-02  -1.8038239e-01  -1.8860399e-01  -1.3033933e-01   1.3783684e-01  -8.7391779e-02   2.0898756e-01  -1.2108425e-01  -3.5572694e-01   1.1352409e-01   2.6188611e-02   3.2883899e-01   3.6780969e-01  -1.3928110e-01   7.5938856e-01   1.4165961e-01  -3.1468588e-01  -1.0708806e-01  -1.2997783e-01   2.2669339e-01   2.0400556e-01  -1.7380144e-01   6.0594188e-02  -1.4032398e-01   2.4285362e-02   7.0465171e-02  -4.0012529e-05  -7.1781255e-04   1.3677027e-01  -1.2672008e-01   2.6334090e-01  -5.3481468e-02   2.1090938e-01  -2.5706637e-01   3.5800294e-01  -1.1199641e-01   1.0629540e-01  -5.4455673e-02   8.9939919e-02   3.3697846e-02  -1.6765775e-01   4.3138676e-02   4.8121336e-02  -2.8473285e-01  -1.4698902e-01   5.8153654e-02   5.9351057e-01  -8.5663466e-02   2.0833156e-01  -1.1796085e-01   4.6913039e-01  -1.0969104e-01   1.8904328e-02   3.2841258e-01   4.9858245e-03   4.0009286e-01   9.9525376e-02   2.4659748e-02  -2.9556811e-02  -5.5961117e-03   7.0165182e-02  -1.0241062e-01   9.8310719e-02   2.5129917e-01  -3.1161615e-02   2.8260825e-01   1.3731131e-02  -9.2691969e-02   3.0898162e-01   1.6918607e-01   1.9952687e-01   1.0684840e-01   1.3847928e-01  -3.5311674e-02   1.3441685e-01  -2.9103666e-01   1.2462854e-01  -1.5798960e-02  -7.4924295e-02   2.7924341e-02   2.1586655e-01   5.3871534e-03   3.0497434e-02  -2.3947253e-01  -6.8548262e-02  -1.2532585e-01   9.2408419e-03   1.6213106e-01  -6.5465880e-02   4.9847641e-02  -1.3561390e-01   6.6643317e-01  -2.8261798e-02   7.0152856e-03   1.8950029e-01  -4.6262474e-03  -7.6784107e-02   5.8308772e-02   1.3917341e-01   5.6045174e-02  -2.1062542e-01   3.9435849e-01   1.0588769e-02  -1.9620933e-01   4.2934414e-01  -9.7604706e-02  -7.9010634e-02   9.4974818e-02   4.9806271e-02  -5.7693685e-03   6.6991892e-02  -6.2168996e-02   2.4869076e-02   2.2426705e-01   1.3562809e-01   3.0207016e-01  -1.0499973e-01  -3.6532063e-01  -3.0782411e-01   1.1685387e-01  -1.5264738e-01  -1.6281186e-02  -9.7755589e-03   6.1255779e-02   1.2988143e-01   1.0379146e-01   2.4752613e-01   1.1855236e-01  -2.3431913e-01   1.9720627e-01   2.9805976e-01   3.4280436e-01   3.0858977e-01  -1.1112522e-01   6.0755386e-02  -7.2528612e-02  -1.4310247e-02  -7.0550771e-02   2.9710064e-02  -1.3978513e-01  -1.8576985e-01   6.5269064e-02   2.9206459e-01   9.5700569e-02  -1.8816327e-01   3.8798661e-01   5.5199669e-02  -2.6985185e-01   2.5393952e-02   1.7159652e-01   6.3368052e-03
   2.4543692e-01  -2.2544892e-01  -3.4584565e-01   2.1689543e-01  -3.3136797e-01   3.6557081e-01  -8.7620029e-02   4.7839240e-02  -1.2253391e-01  -1.1024028e-01   1.7068351e-01  -3.6518110e-01   7.9374520e-02   0.0000000e+00   8.7444815e-02  -2.1404740e-01  -2.7223125e-01  -8.0310240e-03   4.3071995e-02  -2.9063291e-01   2.8369407e-01   3.1705952e-01   1.0686982e-01   1.7017176e-01   1.0448648e-01   9.4297406e-02   7.8083740e-02   4.0319519e-01  -2.9382975e-01   2.5822604e-01   1.0715892e-01   1.9756122e-01  -7.8865741e-02  -2.1064288e-01  -1.7503267e-01  -6.5698066e-02  -3.0457972e-02  -6.7708323e-02  -2.1905491e-01  -2.8243168e-01   1.2054144e-01  -9.2553896e-02  -3.1519043e-01   1.3474137e-01  -1.5100507e-01   1.8403336e-01   3.1178727e-01  -1.5190536e-01   2.1319585e-01  -2.9901241e-01   2.8988386e-01   1.2406649e-01  -4.7646791e-01  -8.2581360e-02   3.6058625e-01   1.6903591e-01   1.7435195e-01   3.1429872e-01   8.9799238e-02   2.1897929e-01  -2.9759875e-01  -2.7672046e-01  -3.8123577e-01  -1.2163119e-01  -3.1094904e-01   2.0135886e-01   2.9790971e-01  -2.2856506e-01   2.9309327e-01   9.3171185e-02  -3.8161726e-01   3.0565087e-01  -3.1050412e-01   2.7180680e-01  -1.2469311e-01  -4.7396134e-02  -1.7802098e-01   5.0266949e-02  -3.9891167e-01  -1.0269341e-01   3.8311447e-01  -3.6714718e-01  -1.5649307e-01   8.0108007e-02  -2.2884714e-01   8.2897604e-02  -6.8655805e-02   2.8744517e-01  -3.3449285e-01   1.5939375e-01  -4.1738969e-01  -2.5129238e-01  -3.8628528e-01   4.3218990e-03  -1.5813043e-01  -3.3374323e-01   1.6318234e-03   2.1215049e-01  -3.1587098e-01   4.2458401e-02   2.5160883e-01   1.3736159e-01   3.3562664e-01   3.9302597e-01   3.6123356e-01   1.3096209e-01  -2.0782997e-01   2.1850747e-01  -4.1266565e-02   2.7969460e-01  -1.7024137e-01   4.1815151e-01  -6.6351989e-02   1.2668619e-01   3.9019298e-01  -5.2139640e-01   1.0484949e-01  -4.7568116e-02   1.7000778e-01   1.2529922e-01   1.7614287e-01  -4.0404445e-01  -4.6456669e-01  -3.7769600e-01   1.6318329e-01   3.5253973e-01  -7.1604629e-02  -2.1859062e-01   1.5057079e-01   1.3766961e-01  -2.4815258e-01  -4.3436777e-01   4.5477317e-01   1.4719669e-01   1.1709041e-01   4.8446979e-02  -1.4156250e-01   3.8431527e-01   3.5781391e-02   2.2119865e-01   1.3225382e-01   4.3290090e-02   2.5015088e-01   1.7073004e-01   1.0738350e-01   1.3642431e-01  -1.8837594e-01   6.4480148e-02   1.7706295e-01  -1.9104496e-01   2.9789377e-01   2.5153924e-01   8.8536615e-03  -4.6128069e-01  -3.3642142e-01   1.4178106e-01   1.0868480e-01   5.4700590e-02  -2.8370016e-01   3.8261867e-01  -1.8899045e-01   1.7671747e-01  -1.1552204e-02   2.9049669e-01   1.8037999e-01  -4.4576946e-01  -2.4549780e-01   3.5807178e-01   5.5989100e-03  -4.4645671e-01  -4.6012335e-01  -2.5893157e-02   8.6605970e-02   1.1120649e-01  -5.8057241e-02  -1.2779617e-01   1.4084706e-01
