   0.0000000e+00  -1.8952266e-01  -1.8256218e-01   6.6538908e-03   1.3560721e-01  -3.1168602e-01   3.2339543e-02   1.0231533e-01   1.8204249e-01  -6.0058516e-02  -8.6153594e-02  -1.1141388e-01  -3.5289981e-02   2.9105049e-03  -2.5893168e-01  -2.0120234e-01  -1.2248438e-01  -8.0103338e-02   1.2319367e-01   8.0231725e-02  -5.2348194e-02   8.6001682e-02  -2.2858519e-01   3.6725853e-01   9.3687101e-02   1.1325500e-01  -1.4910061e-01  -1.6389330e-01   1.0613964e-02  -4.9909745e-02  -5.0469356e-02   5.4966041e-02  -8.5854559e-02   2.1196261e-02   8.5799368e-02   1.1019929e-01   1.8589265e-01   3.2159135e-01   9.8793616e-02  -1.0909978e-01   5.6909898e-02   3.0529800e-02   2.7058523e-02   1.0280424e-01  -1.4820026e-01   5.3956346e-01  -1.4655289e-01  -4.4380979e-02   2.1117861e-02  -1.8766514e-01  -1.1181494e-01   1.1985677e-01   3.4019771e-02  -1.4605238e-01   7.0291173e-03  -1.1057425e-01  -2.7708350e-01   1.4570531e-01   1.0694956e-02   1.4915069e-01   5.2151465e-03  -1.0138889e-01  -8.4139870e-03  -9.3475622e-02   9.4459682e-02  -5.5766244e-03  -1.4804605e-01  -8.0039964e-02  -2.1116809e-01  -1.7937424e-01   7.4659568e-03  -6.7493490e-03   2.0715365e-01   3.5198947e-01   1.0938250e-01   2.6569515e-01   1.4978936e-01   6.7841211e-02   1.6080987e-01  -1.0303086e-01  -8.7946377e-02   1.5494997e-01  -1.4463350e-01   3.0522284e-01  -3.3678534e-02  -2.0466010e-02   3.0158839e-01  -8.3829507e-03   6.1812400e-02   4.8480393e-01   1.3012314e-01   3.9657757e-02   1.4783312e-02   1.4474985e-01   2.7269195e-01  -2.6956173e-03   1.0122416e-01   2.7143078e-02   8.4580840e-02   5.7853632e-02  -1.5434117e-02  -1.9781649e-01  -1.4995822e-01   2.2404901e-01   7.8098685e-02   8.3054030e-02  -2.1950375e-01  -1.1381023e-01  -2.0798504e-02  -1.9804866e-01  -1.9746710e-01  -4.1699394e-02   1.4859732e-01   7.1345518e-01   2.6156073e-02   8.1375764e-02   7.5297225e-02   1.5477133e-01  -2.4905773e-01   5.1727685e-03   2.7977519e-01   4.2135876e-02  -1.6409332e-01   1.0120763e-01   5.4129918e-01   3.9951837e-01  -7.5103109e-02  -1.2756364e-02   2.1395445e-01  -2.8319062e-01   3.0361151e-02  -1.4624777e-02   5.0118261e-02   2.4838638e-02   9.9261699e-02   1.7456955e-01  -1.5744251e-01  -7.2483403e-02   4.3363899e-02   6.3570426e-01   4.1619963e-01  -1.0763989e-02  -1.6149616e-01  -2.7158708e-01  -4.3251503e-02   1.7670357e-01  -1.8436742e-01   5.5538908e-02  -1.1880895e-01  -2.4529591e-02   1.3996947e-01   3.4896590e-02   4.5022374e-02   1.4416628e-01  -1.2472260e-01   4.6619406e-01   3.7100861e-01  -2.7297299e-02  -5.6246124e-03  -1.3819946e-01   8.1188195e-02   5.1428377e-02   2.8964954e-02  -2.0255321e-02   1.7010727e-02   1.0524441e-03  -4.3583925e-02   1.7438168e-02   4.8243248e-02   5.2881043e-02   1.4384434e-02   2.0169832e-01   1.2222894e-01  -3.3363429e-01  -1.9060627e-01  -1.1019286e-01   8.7533525e-02
  -1.8952266e-01   0.0000000e+00   1.9654367e-01  -3.7354246e-01   2.1251699e-01  -4.0774610e-02  -5.9564384e-02  -3.9756913e-01   4.0432348e-01   1.4523009e-01  -2.8574409e-01   4.5544824e-01  -2.4547579e-01  -1.7744560e-01   1.7141479e-02  -7.7371887e-02   2.5948430e-01  -2.1857781e-01  -3.1144232e-01  -2.5623620e-02  -3.6057675e-01  -3.1627335e-01  -3.4869002e-01  -3.2855097e-01  -2.4958543e-02  -1.8241636e-01   3.7796893e-01  -1.6595752e-01   1.1450083e-01  -2.7356645e-02  -2.9193937e-01  -3.9719358e-01   3.0205965e-02   2.6538211e-01   4.1926195e-01  -2.3507447e-01  -1.3210152e-01   3.3578858e-02   3.0952012e-02   3.9631747e-01  -2.8978660e-01  -9.7081727e-02   4.8320042e-01  -7.3912991e-04   4.0929160e-01  -5.1056403e-02  -2.4787046e-01   3.2080936e-01  -1.6743260e-01   3.1250344e-01  -3.9047455e-01  -2.2213042e-01   3.4926914e-01   8.1027453e-02  -2.8698104e-01  -1.2053204e-01  -1.7113196e-01  -2.3620414e-01  -4.3939634e-01  -1.3438290e-02  -4.8310261e-02   9.7376684e-02   4.4817413e-01  -1.6102152e-02   3.9577534e-01  -4.5398609e-02   2.9388866e-01   2.0247007e-01  -2.5265635e-01   1.6240125e-01   5.3772423e-01  -2.8529642e-01   1.2941722e-01  -1.1077223e-01  -4.8333988e-02  -3.6962978e-01   2.2447068e-01  -2.0138359e-01   2.8951888e-01  -2.5144421e-01  -2.5981438e-01   4.5365155e-02   2.3155362e-01  -2.6807031e-01   3.0297580e-01  -3.0149913e-01   7.2201832e-02  -1.6662411e-01   4.3359476e-01  -1.5350369e-01   5.1817544e-01  -5.2743672e-02   1.8267196e-01   2.8101897e-01   7.1659842e-02   9.4252587e-02  -3.8063863e-01  -3.2892363e-01   1.4957639e-01  -2.4380498e-01  -1.0930439e-01  -2.3429043e-01  -1.4897072e-01   1.6885309e-01  -4.4631627e-01  -3.3115650e-01  -3.9595676e-02  -1.6658031e-01  -2.3116567e-01   2.2969345e-01  -1.4888164e-02  -3.0598570e-01  -7.4081660e-02  -1.7923201e-01  -3.0889356e-01   5.3529388e-01  -1.4000250e-01  -3.6975905e-02   3.4557766e-02  -3.8898944e-01  -1.5263055e-01   2.1458899e-01   2.8599966e-01   1.3380548e-01  -2.2297611e-01  -1.8728770e-01  -5.0834804e-02  -1.4476350e-01  -3.3697603e-01   4.2447924e-01   5.4944905e-02  -8.2608847e-02   5.9159294e-02   2.8676759e-02   9.9565202e-02  -3.4713175e-01  -3.4425993e-01   9.0845928e-03  -4.2500213e-01  -1.1302664e-01  -2.1746269e-02  -9.1038333e-02  -4.8977346e-01   1.7396225e-01  -2.8612725e-01  -7.4484166e-02   3.5414816e-01   9.9935527e-02   2.8085690e-02  -3.6808457e-02  -1.4817372e-01  -2.8526080e-01  -6.2216686e-02   1.8981056e-01   5.3755934e-01  -1.2626705e-01  -1.6465988e-01  -4.3051750e-01  -4.0263082e-03  -1.7288243e-01  -1.4074498e-01  -3.0511057e-01   6.7834176e-02  -3.6881777e-01  -1.7854252e-01   5.1489709e-01   1.4010656e-01  -1.6196824e-01   6.0507992e-02   3.8959652e-01   4.3711983e-01   4.6037319e-02  -1.0284895e-01   1.3686911e-01  -2.2555294e-01   6.5930376e-03  -2.5005738e-01
  -1.8256218e-01   1.9654367e-01   0.0000000e+00  -1.2524258e-01   2.8054722e-01   2.1476367e-01  -4.2244922e-01  -1.4124229e-01  -1.1722459e-02  -8.3158119e-02  -1.1499005e-01   5.5912241e-01   1.0228653e-01  -4.1839467e-01  -1.9359643e-02   4.3047911e-01   8.8470630e-01  -6.8111940e-02  -5.4115118e-02   3.6293466e-01  -3.0261808e-01  -3.1245415e-01  -2.0481456e-01  -9.2430493e-02   3.3930721e-01   7.1163274e-02   1.0004002e-01  -3.2697948e-01   1.3448238e-01  -1.7579112e-01  -3.7055484e-01  -2.1545151e-01   3.2343142e-01  -1.4024221e-01  -1.3743575e-01  -8.3676656e-02  -6.3042406e-01   8.8203190e-02   1.6085368e-01   1.8969168e-02  -9.8660994e-02   3.4695094e-01   2.9236843e-01  -7.6913763e-02   2.0489274e-01   1.9606568e-02   6.3638177e-02  -3.8800497e-01  -2.1829364e-01   7.7652201e-01  -1.7276932e-01  -2.8145716e-02  -2.1172934e-01   5.2806469e-01  -2.3000415e-01  -1.2853819e-01   2.5900843e-01   2.5249588e-02  -2.7797024e-01   7.3077880e-03   3.9267249e-01   2.0923870e-01   4.3228924e-01  -2.2663143e-01  -1.1098762e-01  -1.6304207e-01  -1.0684870e-01   1.4835646e-01  -8.1377659e-02   4.5226447e-01   1.1746469e-01  -7.1776212e-02  -5.5978636e-02   1.8228008e-01   4.0236753e-01   9.3841203e-03   1.9445019e-01  -2.8842643e-01   6.6227094e-02   4.0206757e-01  -3.6495872e-01  -5.7624685e-02   1.5628526e-01  -8.0019990e-02   5.5895347e-01  -1.2230277e-01  -4.4488142e-01  -4.8295067e-02  -1.0851951e-01  -6.7781318e-02   1.9982647e-01   5.6143701e-01   9.3900491e-02   9.9812104e-02   1.9182139e-01   4.9387823e-01   3.6334863e-02  -2.0157816e-01   2.7776925e-01  -5.2430054e-01  -1.6143101e-01  -1.0044741e-01  -1.5960383e-01  -3.3524561e-02  -3.7473271e-01  -6.5140974e-02   4.8818285e-01  -1.6060296e-01  -1.1749106e-01   2.6917086e-01   5.9324645e-02  -3.3555300e-01   9.3849945e-02  -5.5712000e-02  -2.4016855e-01  -1.7948699e-01  -2.8990516e-02  -6.9148559e-02   2.9855478e-01  -1.7583105e-01  -6.4027789e-03   2.3368005e-01   3.1218230e-01  -5.3891087e-01  -1.5292395e-01  -1.4394235e-01   1.9377069e-02   4.2754384e-01  -3.2607273e-02   5.6688925e-01  -6.5464291e-02  -1.9564017e-01  -1.5544167e-01  -3.3204366e-01   5.3550875e-01  -9.1349521e-02   2.6156353e-01  -2.7997059e-01  -1.2826476e-01  -6.3817564e-02  -8.6891988e-02   1.7048582e-03  -1.4613440e-01   4.3464892e-01  -2.6807115e-01  -7.2223674e-02   4.0733501e-01   3.9806355e-02   3.8327803e-01  -5.2441206e-01   4.8363650e-02  -1.7200052e-01   3.7220481e-01  -9.8764321e-02   5.7607201e-01  -1.0054656e-01  -3.3037468e-02  -2.5052612e-01   4.8631921e-01  -2.7949128e-01  -1.0387361e-01  -5.3111497e-02  -1.6357684e-01  -2.0718299e-01   6.2669638e-03   2.5304485e-01  -2.0422856e-01  -2.9557912e-01   4.6862156e-01   9.8356056e-02   4.4267195e-01  -1.3104540e-02  -7.6888804e-02   4.1895654e-01   3.5659076e-01   4.6624023e-01  -9.5469741e-02
   6.6538908e-03  -3.7354246e-01  -1.2524258e-01   0.0000000e+00  -2.4180163e-01   1.4116119e-03  -3.2129121e-02   4.4175071e-01  -1.4037262e-01  -2.1338678e-01   3.8467432e-01  -3.4136609e-01   1.2072677e-01   1.5336928e-01  -3.5797736e-02   1.5565946e-01  -1.9222493e-01   2.9994230e-01   2.9341726e-01  -2.0015652e-01   2.7273709e-01   5.5880181e-01   2.8167354e-01   1.6587331e-01   7.3884994e-02   1.2038436e-01  -4.3664110e-01   3.8944060e-02  -2.0617986e-01   3.2154359e-01   2.0629589e-01   5.5563668e-01   1.4235914e-01  -3.5699840e-01  -2.9396153e-01   8.6118249e-02   9.8470574e-02   6.8323411e-02   2.4179797e-01  -4.2249067e-01   1.6272640e-01   1.6853683e-01  -2.9332254e-01   1.5355687e-01  -1.2994941e-01   1.2533566e-01   3.0720639e-01  -1.7286164e-02   1.8047715e-01  -3.1524132e-01   3.5047030e-01   3.0531198e-01  -2.2903366e-01   1.2841119e-01   2.0609795e-01   1.8253888e-01   1.0195408e-01   5.1080121e-01   5.2308270e-01   9.1140808e-02   2.2858889e-01  -2.2418639e-01  -2.3690937e-01   2.3385187e-01  -7.4346907e-02  -1.8885330e-02  -6.3626505e-02   2.5195293e-02   3.9793771e-01  -1.5718779e-01  -3.4636218e-01   5.1207296e-01  -2.8978392e-02   1.2777708e-02  -5.5176666e-02   4.0596121e-01   9.2351958e-03   3.4864395e-01  -3.9771461e-01   1.7622324e-01   2.4799814e-02  -7.5863337e-02  -8.8725643e-02   1.2358190e-01  -2.5874195e-02   4.4938630e-01   1.9099113e-02   1.0819185e-01  -1.6057564e-01  -1.2346471e-01  -3.5719568e-01   1.8497926e-01  -2.2496506e-01  -4.5182395e-02   1.5726005e-01  -2.5078372e-01   1.3923103e-02   3.1839091e-01  -1.0929410e-01   5.9300154e-02  -1.2927789e-02   2.2105821e-01   3.1417949e-01   5.7332571e-02   4.5287502e-01   6.0857198e-01   1.8292437e-01   2.9001162e-01   1.3838760e-01   5.6718766e-02   1.3132966e-02   4.0597830e-01   4.2699431e-01  -9.3702325e-03  -2.8875410e-02  -3.0913409e-01   1.1832564e-01   7.0158659e-03  -1.4119288e-01   6.5003984e-01   3.6752454e-01  -4.5880256e-01  -4.3240044e-02   6.7614227e-02   1.1272609e-01   1.2429057e-01   8.3055382e-03   9.7820353e-02   5.7031963e-01  -3.6124068e-01  -6.6265002e-02   2.2929847e-03   2.9464953e-01  -1.4163051e-02  -2.2728456e-02   3.8019763e-01   2.4043716e-01  -7.0170880e-02   4.2292743e-01   1.0529359e-01   1.7790242e-01   1.4240092e-01   3.8455223e-01  -3.3814385e-01   7.5364094e-02   1.6780176e-01  -3.5105429e-01   1.8882508e-02  -8.3997554e-02   9.5897801e-02   5.9711863e-02   1.8441975e-01   2.8855377e-01  -1.5888151e-02  -5.6750701e-01  -1.2127960e-01   3.0352074e-01   4.3086264e-01   7.6264075e-02   2.3038557e-01   1.6058685e-01   2.9733293e-01   2.5232750e-02   5.2308905e-01   5.4117878e-01  -4.6407368e-01  -7.3973230e-02   2.2576993e-01   1.8675723e-01  -1.4913998e-01  -4.6164467e-01   1.6443363e-01   3.7958850e-01  -2.2239491e-01   9.1208629e-02   1.2875838e-01   5.4012716e-01
   1.3560721e-01   2.1251699e-01   2.8054722e-01  -2.4180163e-01   0.0000000e+00  -1.7166539e-01  -3.2473287e-01  -6.8893670e-02   3.5165166e-01   2.0129649e-04   2.1687299e-01   2.9824159e-01   1.1640295e-01  -4.2501094e-01  -6.7608674e-02   7.9926897e-02   3.3905087e-01   1.3366391e-01  -2.5261341e-01   7.9688280e-01  -3.5621738e-01  -1.4549731e-01  -2.9644860e-01  -2.0538701e-01   2.3922465e-01  -2.2053053e-01   4.3192032e-01  -4.5236486e-01   2.4631621e-01   2.1228537e-02  -2.6936349e-01  -2.1305692e-01   1.6763162e-01  -2.4999684e-01   1.3007078e-01   4.0306139e-01  -2.0173071e-01  -1.1695632e-02   2.8215025e-01   1.1095367e-01  -7.6244539e-03   1.4426881e-02   4.0421195e-01  -8.3985719e-02   2.4184414e-01   1.2475256e-01   2.8185579e-01  -2.7043509e-01   4.7065244e-02   2.9970762e-01  -2.0132118e-02  -1.6026270e-01  -2.3072811e-01   3.0954364e-02  -1.2718404e-01  -1.9506425e-01  -2.2311231e-01  -1.4323733e-01  -2.0279350e-01   1.5715084e-01   7.8301490e-02   5.9179788e-01   2.5961428e-01  -2.9252032e-01   2.6240860e-01   1.1841783e-01   9.4641045e-02   1.3245433e-01  -4.1158977e-02   1.9907072e-01  -4.5879556e-02  -1.1272433e-01   1.0623477e-01   7.5697133e-02   5.8782792e-02  -2.4591526e-02   2.1407212e-01  -1.6053683e-01   5.8920758e-01   2.2320290e-01  -3.1007981e-01   1.7368527e-01  -1.3370796e-01  -6.4265399e-02  -7.5558375e-02  -8.1471683e-02  -1.8121417e-01  -2.7823511e-01  -2.4877681e-02   7.1640995e-02   6.9060359e-01   2.1158750e-01  -2.5100214e-01   3.4847069e-01   6.9929258e-02   6.3965894e-01   1.7774032e-01  -2.6476434e-01   6.3347264e-01  -3.0266177e-01  -3.7811452e-01  -7.0707084e-02  -1.7669850e-01   9.1639922e-02  -2.0824665e-01  -1.7257933e-01  -2.2287198e-02  -6.1305177e-02  -9.0778988e-03   4.3240829e-02  -3.1734138e-01  -1.9219731e-01  -2.7349423e-02   1.2634790e-01  -3.6152419e-01   1.2961633e-01  -1.4703588e-01   2.5291856e-01  -1.9828448e-01  -1.3711279e-01   1.4559691e-01   5.2362618e-01  -9.5261109e-02  -1.5716360e-01   9.7367253e-02   3.1860791e-02   1.4754813e-01   1.3775194e-01  -1.1306557e-01   1.4236579e-01   2.0973200e-01   1.5994340e-01  -9.3842181e-02  -2.1198212e-01   2.2447746e-01  -5.8298920e-02   1.8786451e-01  -3.5349717e-01  -1.6775582e-01  -2.2900823e-02  -1.8711179e-01   2.4571830e-02  -8.8065362e-02  -2.1811815e-02  -2.8765518e-01   1.7298621e-01   5.3734918e-02   3.1771508e-01   2.4340912e-01  -3.5395771e-01  -5.5066667e-02  -2.0225082e-01  -1.6473766e-01   4.3180755e-01   3.8544757e-01   1.1301149e-01   8.1934357e-02  -1.6866823e-02   1.9871653e-01  -1.3631884e-01  -1.4922516e-02   9.8317097e-02   4.0680404e-02  -2.4907822e-01  -1.1588891e-01   1.5364251e-01  -1.3941028e-01  -2.4712624e-01   1.8884876e-03  -2.0819652e-01   6.1730588e-01   5.3644359e-03  -4.1916165e-02   3.0930639e-02  -5.2366345e-02   6.3072583e-02  -1.2576316e-01
  -3.1168602e-01  -4.0774610e-02   2.1476367e-01   1.4116119e-03  -1.7166539e-01   0.0000000e+00   2.1541999e-01  -2.4670690e-01  -4.4263422e-01   1.9423551e-01   6.7435168e-02   2.9471444e-01   5.8006242e-02   4.9855507e-02  -9.2025434e-02   1.8226143e-01   9.8756219e-02   1.6305448e-01   5.2397633e-02   3.0789121e-02   1.1718169e-01  -4.3479223e-02   3.6251955e-01  -2.0090676e-01  -4.0297242e-02  -1.8513844e-01   2.5689627e-01   8.9136318e-02   1.6286502e-02  -3.6576123e-02  -1.0915606e-01  -2.5756794e-03  -7.5518968e-02   7.0205919e-02  -6.8640963e-02   1.4136204e-02  -1.7030470e-01  -2.2548216e-01  -1.6376169e-01   3.1727208e-01   2.1821616e-02   4.3587722e-02  -1.0253948e-01  -1.6484539e-01  -1.4406972e-01  -4.0163343e-01   1.1894381e-01   4.7814345e-02   2.8822166e-02   1.8219018e-01   2.6307446e-01  -5.4881508e-02  -3.9891301e-02   1.2195063e-02   1.9922084e-03   5.8886934e-02   5.9481457e-01   6.5465339e-02  -7.4843356e-02   5.0235698e-02  -2.9864111e-01   9.9524068e-02  -3.2596488e-01  -3.0857493e-02  -3.3664179e-01   2.0090275e-01   2.9321465e-01  -1.5413398e-01   1.4757854e-01   4.3245088e-01   1.0284068e-01   2.1695038e-01  -3.1748922e-01  -4.8170717e-02   6.0546395e-02  -2.2947861e-01  -3.5677563e-01  -1.6606690e-03  -3.5722040e-01   4.2730584e-02   1.3337501e-01  -2.1118906e-01   2.5114580e-01  -2.1233340e-01   1.4071433e-01  -1.8096389e-01  -2.8095353e-01  -4.3180718e-02  -3.8898634e-01  -1.6434904e-01  -3.5138387e-01  -1.8705817e-01   3.8187244e-01  -2.0694272e-01  -2.8592608e-01   1.8980923e-01   1.6174411e-01   1.6347050e-01  -1.8219711e-01   3.9955681e-03   1.9133413e-01   8.4753651e-02   7.4570635e-02  -2.2478080e-01   5.9494615e-02  -1.2673047e-01   1.6057997e-01   1.4479297e-01   8.4993659e-02   3.9295536e-01   4.5912713e-01   1.2147563e-01  -7.3187802e-02  -2.7480821e-01   1.7412067e-01  -3.9257238e-01  -6.6449766e-02  -2.1019617e-01   4.2268052e-01   1.2022912e-01  -2.1895080e-01  -1.0945999e-01   2.6727211e-01  -3.6844035e-01  -2.5589984e-01  -1.2743613e-01  -2.2573215e-01   6.8601001e-03  -1.4087357e-01   4.4293141e-01  -2.0798867e-02   3.4630393e-02  -3.7740355e-02  -6.5650384e-02  -4.2643059e-02  -3.1091091e-01   1.6447724e-02   2.2814630e-01  -1.2010480e-01  -1.0366385e-01  -2.0771202e-01   1.6544097e-01   9.8465610e-02   5.3242193e-01   1.1421655e-01  -3.9305153e-01   4.4025450e-01  -1.2644352e-01   5.2815952e-01  -8.4898694e-02   2.2510074e-02  -3.7498399e-02   1.7533385e-02  -4.3011215e-01   8.0850823e-02  -2.2402534e-01  -2.5918573e-01   6.1027031e-02  -1.8039220e-01   1.3519187e-02   1.8025074e-01  -1.1394330e-01   6.0790370e-02   1.3876508e-01  -8.6404277e-02  -4.0300055e-02   1.0867887e-01  -6.6585042e-02  -3.8893289e-02  -9.1995808e-02  -1.0792172e-01  -1.3701494e-01  -9.6854302e-02   5.6794687e-01   2.0364182e-01   1.0406862e-01  -1.9495136e-01
   3.2339543e-02  -5.9564384e-02  -4.2244922e-01  -3.2129121e-02  -3.2473287e-01   2.1541999e-01   0.0000000e+00  -2.0227143e-01  -2.0146209e-01   5.4570584e-01  -2.2487442e-01  -1.4126884e-01  -1.5023820e-01   2.8923451e-01   1.4058267e-01   1.2615108e-02  -5.0225694e-01  -3.1017295e-02  -2.5562372e-01  -2.3788342e-01   4.1540468e-01  -6.7045738e-02   3.0467381e-01  -1.3776540e-01  -2.4704232e-01  -1.7624455e-01   7.6775324e-02   2.7738849e-01  -2.5688400e-01  -2.3407823e-01   3.5757937e-01   1.9939390e-01  -2.1700834e-01   6.2590611e-01   1.6362014e-01   3.1505640e-01   2.8583899e-01  -1.2696217e-01  -4.4662251e-02   1.4507669e-01  -4.1123875e-02  -7.6090890e-03  -2.3883683e-01  -1.9141443e-01  -6.5438737e-02  -9.7736966e-02  -1.6339956e-01   6.7485533e-01   1.5185309e-01  -4.1603766e-01   1.7871429e-01  -1.7905115e-01   5.1838277e-01  -2.8544087e-01   9.3427244e-02  -1.1706678e-01  -2.9416293e-02   2.5532256e-02  -7.1060819e-02   3.8954350e-02  -3.2564872e-01  -7.3382039e-02  -4.1973478e-01   1.2587269e-01  -1.0031541e-01   2.3608387e-01   4.3942341e-02  -1.4992298e-01  -1.7133696e-01   2.0310695e-02   2.8163105e-01   1.4699951e-01   1.1582494e-01  -2.8525382e-01  -1.9415517e-01  -9.1049900e-02  -1.6412481e-01  -8.6208948e-02  -1.2095094e-01  -4.3413395e-01   5.8205867e-01   1.2009677e-02   2.7568523e-01  -1.9104936e-01  -3.4594195e-01  -1.0432775e-02   3.6603018e-01  -4.1575807e-02  -4.3938200e-02  -1.7443001e-01  -4.2278485e-01  -2.9399127e-01   5.4813637e-01  -2.8822118e-02  -1.7393100e-01  -3.6816254e-01  -1.3838963e-01  -1.7175488e-01  -2.1104104e-01   7.5450271e-01   3.2778235e-01   8.4369901e-03   4.9080922e-02  -9.6460017e-02   2.4758754e-01   9.7924229e-02  -1.0116099e-01  -1.8745418e-01   2.1065635e-01  -6.5950971e-02   6.1901002e-01  -2.6071367e-02  -2.3848817e-02  -6.9838369e-02   5.1328631e-01  -3.5112141e-02  -1.6439581e-01  -2.1721989e-03  -6.3594004e-02  -8.3271423e-02  -1.5307749e-01  -1.2761995e-01   8.5662006e-02   4.1382653e-01   2.1662189e-03  -2.2601382e-01   8.6646579e-02  -8.9888475e-02   8.3453993e-03  -1.0506388e-01  -5.4243886e-02   4.2797630e-01  -2.0884540e-01   4.0074511e-01  -3.4411299e-01  -2.4183471e-01  -3.3920043e-01   4.6847545e-01  -2.9600452e-02  -3.9688109e-02  -1.2544863e-01  -1.2595384e-01  -1.1696089e-01   7.0300030e-02   6.2480998e-01  -2.7321274e-01   2.6955955e-01  -2.0523999e-01   2.3734479e-02   5.0041942e-01  -7.5586488e-02   3.1150414e-01  -3.0889767e-01  -1.1820006e-01  -3.4326794e-01   6.2050307e-03  -1.1732763e-01  -1.2905797e-02  -3.3298725e-01  -1.0805203e-02   1.5426765e-01  -3.7643800e-01   4.1544483e-01   1.6373734e-01  -1.6044477e-01  -4.2031824e-02   5.5152524e-01  -1.2871546e-01  -3.6333521e-01   1.2691857e-01  -3.6784153e-01  -9.2452477e-02   4.2896175e-02  -2.6193496e-01  -2.9064972e-01  -1.8170534e-01  -9.3856331e-02
   1.0231533e-01  -3.9756913e-01  -1.4124229e-01   4.4175071e-01  -6.8893670e-02  -2.4670690e-01  -2.0227143e-01   0.0000000e+00   1.4017238e-02  -3.7037675e-01   3.1576568e-01  -3.1197190e-01   3.3654102e-03   3.8385765e-02  -5.9877494e-02   2.8820414e-02  -9.9415593e-02  -5.5317070e-04   2.9431537e-01  -1.0631243e-01   3.4287301e-02   4.2009497e-01  -9.6792619e-02   2.0611547e-01  -3.1983659e-02   2.4304587e-01  -3.0143000e-01  -1.5438590e-01  -3.0361705e-02   1.5220460e-01   1.0571910e-01   4.1333894e-01   2.5820943e-02  -3.3382729e-01  -2.8942042e-01  -5.4505067e-02   1.5774342e-01   8.8985849e-03   2.0185966e-02  -2.8035449e-01   6.0915817e-02  -1.0831282e-02  -2.2745073e-01   2.3317989e-01  -2.1459402e-01   6.2200071e-02   2.2761773e-01  -2.2961089e-01  -1.8759155e-02  -2.2167117e-01   9.4999445e-02   4.1292331e-01  -1.4632565e-01  -5.0747005e-04   1.5046922e-01   1.7597990e-02  -7.5141542e-02   2.5164339e-01   3.0060748e-01  -1.7824473e-02   2.0974619e-01  -2.9886805e-01  -9.7680191e-02   7.5752985e-02  -1.0452793e-01  -1.6208288e-01  -8.4187276e-03  -1.2761190e-01   3.6015254e-01  -2.2586699e-01  -3.2913916e-01   1.2357607e-01  -1.6348361e-01   1.1597656e-01   2.0391785e-02   5.3019547e-01  -1.0287621e-01   3.6901021e-01  -1.7956120e-01   1.4580422e-01  -4.9985246e-02  -1.0228100e-01  -3.0596301e-01   4.5238428e-01  -6.6214494e-02   4.8970059e-01   1.2261533e-01  -6.5622623e-02  -8.1479058e-02   6.9050390e-02  -1.9606563e-01   1.5198267e-01  -2.8335845e-01  -1.3696071e-01  -3.4727256e-02  -1.6266397e-01  -4.2148535e-02   3.6559096e-01  -2.0969543e-01  -1.4903248e-01  -1.1290994e-01   2.3337277e-01   1.9409660e-02   1.7849639e-01   1.8644759e-01   4.3071121e-01  -6.3614653e-02   3.8385144e-01  -7.8547605e-02  -1.6867543e-01  -2.4866891e-01   2.2402213e-01   1.8876292e-01   1.4780900e-01  -5.3220240e-02  -1.8771232e-01   1.7986115e-01  -3.7101304e-02  -2.5833040e-01   2.8585897e-01   3.2772524e-01  -2.7014289e-01  -1.1737478e-01  -2.6912277e-02   1.1920999e-01   5.8064863e-02  -3.6749208e-02   9.5368142e-02   4.3162719e-01  -3.5842879e-01   1.7103564e-02  -2.0342481e-01   1.6150893e-01  -8.4573624e-02  -5.1617376e-03   6.7829526e-01   1.3614296e-01  -2.7483842e-01   5.6844290e-01   6.4290692e-02   8.8110744e-02   9.0047701e-02   4.1115349e-01  -2.3826346e-01  -6.0414717e-02   2.4730611e-01  -3.1626258e-01   2.9018675e-02  -2.4310108e-01  -7.3777774e-02   7.0978386e-03   1.6754150e-01   1.9071545e-01   9.8112875e-02  -2.6952689e-01   1.6273581e-01   1.7810482e-01   2.2747181e-01   1.5502869e-01   6.6560871e-02  -1.0909791e-02   4.2673929e-01  -1.6082282e-01   1.2997047e-01   3.9399316e-01  -3.3328923e-01  -1.9579295e-01   1.7119982e-01  -7.2312956e-03  -7.7231250e-02  -3.1848931e-01  -1.1344647e-01   5.0392855e-02  -9.8155362e-02  -2.2865049e-02   1.7913490e-01   4.3895011e-01
   1.8204249e-01   4.0432348e-01  -1.1722459e-02  -1.4037262e-01   3.5165166e-01  -4.4263422e-01  -2.0146209e-01   1.4017238e-02   0.0000000e+00  -1.6278772e-01  -4.8928497e-03   1.4554335e-01  -2.2883439e-02  -2.7828557e-01  -1.4038538e-01  -8.6137975e-02   7.0290297e-02  -8.7332600e-02  -2.1789484e-01   1.0621478e-01  -4.4260569e-01  -1.0109212e-01  -5.6400991e-01  -6.8093278e-02  -3.5639208e-02  -7.5213369e-02   1.9129830e-01  -4.3560117e-01   1.0731120e-01   1.0302819e-01  -2.4990758e-01  -1.6257878e-01  -2.9762237e-02   9.0776405e-02   4.3367687e-01  -1.3779854e-01   8.9480347e-02   1.5254828e-01   9.8814432e-02   2.0416248e-01   8.1122418e-02  -2.0561751e-01   4.7498687e-01  -8.6358209e-02   3.2224718e-01   2.9390644e-01  -1.8545367e-01   8.5726353e-02  -1.8493251e-01  -8.4957384e-04  -3.1972558e-01  -1.3001147e-02   1.6318716e-01  -8.4790892e-02  -2.7101450e-01  -1.1243893e-01  -4.1850930e-01  -1.0970664e-01  -8.7583832e-02   2.3385843e-01   1.6690736e-01   3.8372644e-02   4.7801132e-01  -6.8200266e-02   6.0756407e-01  -7.4235419e-02   2.9914028e-01   1.9537030e-01  -2.1187193e-01  -5.6208615e-02   2.1875881e-01  -1.3383093e-01   2.3110024e-01  -8.8916690e-02  -1.9831771e-01  -8.0769335e-03   2.4191257e-01   2.9015026e-03   3.1681608e-01  -2.6455004e-01  -3.8969698e-01   1.4669093e-01  -2.8201449e-01  -1.9139086e-02  -4.9672442e-02  -7.5896814e-02   4.4073600e-01  -2.6515337e-01   5.3969370e-01   7.0950457e-02   5.1970257e-01   3.9266081e-02  -1.5442399e-01   5.8131854e-01   2.4760722e-01   2.8598329e-02  -2.6487073e-01  -1.9917051e-01   2.4213118e-01  -2.7056544e-01  -2.8730837e-01  -1.8225576e-01  -3.3890095e-01   6.1151952e-01  -2.1885160e-01  -6.2808159e-02  -2.1290493e-01   1.2773767e-02  -2.3404401e-01  -1.8843575e-01  -5.0620789e-01  -1.9788667e-01   7.9459884e-02   1.7843207e-01  -4.0349426e-01   5.8335095e-01   1.3841479e-01   1.2131058e-01  -3.6119470e-01  -2.7041124e-01   2.1857761e-01   1.0448868e-01   2.3821572e-02   3.4985681e-01   1.2983401e-01  -9.7745703e-02   3.2348415e-03  -7.3675099e-02   6.1726355e-02   4.4218875e-02   1.0765832e-01  -1.5711382e-01  -1.7543825e-02   1.1106943e-01   1.8745409e-01   1.1615107e-01  -2.5010621e-01  -3.4836870e-01  -9.4367244e-02   1.1932400e-01   2.5964102e-01  -2.5031760e-02  -2.4905165e-01  -2.0854753e-01  -3.8302117e-01   4.0912273e-01  -1.5212061e-01   2.2264338e-01  -2.5781705e-01  -4.7132045e-02  -1.9144183e-01  -2.3269826e-01   1.5201216e-02   4.9687240e-01   3.6304993e-01   1.1770270e-01   1.6841430e-01  -1.5011859e-01   1.3481215e-01  -2.8751314e-01  -1.2708376e-01   1.2785231e-01  -8.0789232e-02  -2.9662503e-01   9.4475692e-02   3.1916063e-01  -4.1338188e-02  -4.8439021e-02   1.4234159e-01   1.1905403e-01   3.7816135e-01  -6.8739084e-02   1.2736755e-01  -2.7862598e-01  -2.8555302e-01   3.8504037e-03   4.1419960e-02
  -6.0058516e-02   1.4523009e-01  -8.3158119e-02  -2.1338678e-01   2.0129649e-04   1.9423551e-01   5.4570584e-01  -3.7037675e-01  -1.6278772e-01   0.0000000e+00  -2.8646280e-01   2.9865409e-01  -2.1288653e-01  -9.3355111e-03   1.1672326e-01  -9.7567015e-03  -1.5267855e-01   2.6645221e-02  -2.4600998e-01   1.2075502e-01   1.6171627e-01  -3.8648550e-01   1.9175921e-01  -1.8538465e-01  -4.8995976e-02  -2.6320404e-01   2.4787510e-01   6.0653564e-02  -9.1566830e-02  -4.4861339e-01   1.0716102e-01  -1.8645277e-01  -2.1595090e-01   5.2299092e-01   1.6940446e-01   3.2381347e-01   1.6078455e-01  -1.7049898e-01  -3.8473640e-02   1.6414541e-01  -1.5117983e-01  -1.0323878e-01   1.7431065e-01  -2.0224977e-01   8.9157113e-02  -2.8292318e-01  -1.2322603e-01   3.2874648e-01  -1.0812049e-02  -1.3452184e-01   2.1641323e-01  -4.1062281e-01   3.3066503e-01  -2.0017426e-01  -3.1380935e-02  -2.1480703e-01   5.7186145e-02  -1.9020461e-01  -2.8462977e-01   1.0175605e-01  -3.4171169e-01   2.2167811e-01  -2.0670993e-01  -3.4163613e-02  -1.2465318e-01   3.2686864e-01  -1.0357549e-01   9.1234638e-03  -3.0933379e-01   1.5669555e-01   2.5372070e-01  -6.2471087e-02   1.0879392e-01  -2.1794668e-01  -1.9860040e-01  -1.8037960e-01  -2.0614518e-01  -2.6630269e-01   1.4592382e-01  -3.8461040e-01   2.8731728e-01   1.5581284e-01   4.1296069e-01  -2.0558450e-01  -2.4013256e-01  -1.1599561e-01   7.5067578e-02  -1.1863688e-01  -1.1281479e-02  -2.5238758e-02  -1.3063247e-01  -3.1701145e-01   4.1895306e-01   1.8563400e-01  -1.7192716e-01  -1.9342231e-02   7.2532802e-03  -2.3660941e-01   1.4341574e-01   4.6983731e-01   2.0122413e-01  -1.8719500e-01  -4.1972503e-02  -2.2777042e-01  -6.3426019e-02  -1.4794188e-01   3.2788513e-03  -3.3189441e-01   1.3099654e-01   3.5583340e-02   5.8120716e-01  -2.6368872e-01  -1.4146075e-01  -1.3491575e-01   2.2505666e-01  -3.2653528e-02  -2.5947227e-01   7.3925862e-02   1.5455172e-01  -3.6099793e-01  -2.6190178e-01   1.2698297e-01   1.2504044e-01   1.7428860e-01  -2.5460685e-01  -2.2176832e-01   2.8233073e-01  -1.5110202e-01  -2.8279256e-01   2.2258970e-01   7.6165765e-02   5.2300202e-01  -3.2352958e-01   1.9556604e-01  -1.9737679e-01  -5.1214368e-01  -2.9394119e-01   3.6365814e-01  -3.2034180e-01  -1.8177280e-02  -2.5652586e-01  -2.0322292e-01  -2.6750103e-01   3.4310914e-01   3.6660479e-01  -3.7954584e-01   3.4877382e-01  -8.1029855e-02   3.8719757e-01   3.3928601e-01  -2.1753461e-01   1.1513259e-01  -2.8025700e-01  -1.0766414e-01  -1.1324705e-02   1.3722846e-02  -1.6216814e-01  -7.8650924e-02  -3.1978390e-01  -1.7337088e-01   2.1482975e-01  -5.0533597e-01   6.1750364e-01  -1.4003297e-01  -3.6974568e-01   1.8439194e-01   3.2446118e-01  -3.9692318e-01  -2.8604044e-01   4.5058693e-02   5.4318414e-02   5.3458189e-02   6.9564342e-02   8.9567518e-02  -8.1042212e-02  -1.6803776e-01  -2.6634117e-01
  -8.6153594e-02  -2.8574409e-01  -1.1499005e-01   3.8467432e-01   2.1687299e-01   6.7435168e-02  -2.2487442e-01   3.1576568e-01  -4.8928497e-03  -2.8646280e-01   0.0000000e+00  -1.0532563e-01   2.6855141e-01  -1.0702027e-01  -3.5753821e-02   4.7253928e-02  -1.8023604e-01   5.4823168e-01   1.8815856e-01   1.4913594e-01  -1.0746691e-01   5.4805533e-01   1.4237428e-01  -4.2176471e-02  -6.5254571e-03   9.8806551e-02   9.9996986e-02  -3.7565045e-02  -7.1014868e-02   6.3981918e-01  -3.9657945e-03   3.9947692e-01  -7.3716524e-02  -5.0768409e-01  -5.6654597e-02   3.0983652e-01  -6.2331219e-02  -2.2968784e-01   8.0028083e-02  -2.2750134e-01   1.9786489e-01  -7.9911299e-02  -1.9683380e-01   2.9975964e-01  -7.9398793e-02  -1.0466457e-01   7.8718631e-01  -3.5870392e-01  -2.1272947e-02  -1.9384484e-01   4.7262695e-01   3.1995177e-01  -5.6733837e-01  -2.1241717e-01  -4.5768090e-02   4.2781894e-01   2.0994566e-01   3.3340352e-01   4.2541966e-01   3.7668140e-01  -4.9838249e-02   1.3645716e-01  -3.2743574e-01   1.2269086e-01   1.2417471e-02   3.9513305e-01   9.7190707e-02  -1.7948762e-01   6.1702729e-01   1.4811298e-01  -5.3725033e-01   5.0448755e-01  -9.9083780e-02  -2.9678928e-02  -1.3009429e-01   2.2674526e-01  -1.7293897e-01   3.9806772e-01  -2.4023339e-01   1.5659516e-01  -4.0354476e-02  -3.5946703e-02  -3.4559584e-01   1.8610124e-01  -3.5351025e-01   3.9585330e-01  -2.2724318e-01  -1.8401661e-01  -3.0781824e-01  -1.0625475e-01  -1.4020306e-01  -1.5520604e-01  -5.4528376e-01   1.5067611e-02  -1.3441526e-01   4.8330688e-03   1.7191323e-01   3.7346929e-01   3.4065170e-02  -2.0360695e-01  -3.6035438e-01   5.1183748e-01   1.0124614e-01   2.4560310e-01   5.3307847e-01   2.3715256e-01  -4.4207401e-02   5.6380274e-01  -1.5350328e-02   6.4002278e-02  -2.8098797e-01   6.3015935e-01   2.0308954e-01  -1.2669791e-02  -2.9289125e-01  -3.4104415e-01   3.7633503e-01   1.8616740e-01  -2.4557157e-01   5.5514928e-01   3.1499261e-01  -2.6230062e-01  -2.0581515e-01  -1.4908751e-01   1.0676139e-01   2.4185795e-01   1.2912699e-02  -1.7423576e-01   2.5604422e-01  -1.4295470e-01   5.0396800e-02   6.2090019e-02   3.9017580e-01  -2.6163825e-01  -1.8211826e-01   3.2627170e-01   3.0294257e-01  -2.6197409e-01   3.7900595e-01   1.2164248e-02  -9.6996691e-03   1.4796620e-01   7.0875455e-01  -1.9384772e-01  -1.3505353e-01   4.1120679e-01  -3.4766856e-01   5.2685030e-01   1.0483982e-01  -1.7756370e-01  -4.8817406e-02  -1.1158155e-01  -1.0624684e-01   2.6410888e-01  -3.1931545e-01  -9.8081819e-02   2.7188885e-01   4.3773058e-01  -1.3500969e-01   2.8636713e-01   1.5359980e-01   7.6202300e-01  -6.3342826e-02   5.9975114e-01   3.5888158e-01  -4.6373798e-01   3.7144244e-02   3.5956281e-01  -2.7959335e-02  -6.2012355e-01  -1.0789760e-01  -5.5543540e-02   3.0616256e-01  -2.9423740e-03   5.3169714e-02   1.9739919e-03   2.4917092e-01
  -1.1141388e-01   4.5544824e-01   5.5912241e-01  -3.4136609e-01   2.9824159e-01   2.9471444e-01  -1.4126884e-01  -3.1197190e-01   1.4554335e-01   2.9865409e-01  -1.0532563e-01   0.0000000e+00  -8.7376487e-02  -4.4361189e-01   6.8901820e-02   2.0908686e-01   5.1968457e-01  -1.4087141e-01  -1.8782690e-01   3.3305718e-01  -5.1091223e-01  -4.4872091e-01  -3.3359699e-01  -3.1712781e-01   1.0393655e-01  -1.3527496e-01   4.0540182e-01  -3.4515215e-01   2.0108888e-01  -2.1547308e-01  -4.5280742e-01  -3.3672646e-01   1.0238939e-01   1.8134462e-01   3.7522969e-01  -1.2421203e-01  -4.6779803e-01  -2.0300822e-02   5.3145478e-02   2.3231992e-01  -1.1492017e-01   7.6431657e-02   5.0157798e-01  -1.2077140e-01   3.0867418e-01  -1.0197045e-01  -2.7031085e-02  -1.2520380e-01  -4.7651782e-01   5.1348065e-01  -1.2977958e-01  -1.0614109e-01  -1.1637924e-02   1.4134548e-01  -3.5474879e-01  -1.6349569e-01   2.3683128e-01   1.3392267e-02  -4.2507013e-01   4.7347003e-01   4.8209037e-02   2.1453096e-01   3.1214840e-01  -1.7006302e-01   6.1472406e-02   2.5671854e-01   2.1579951e-03   6.8200673e-02  -2.3824583e-01   4.7840350e-01   1.7300741e-01  -1.7125007e-01   4.5151518e-02   1.0978392e-01   3.9389952e-02  -1.8423126e-01   5.5926009e-02  -3.2634740e-01   1.5473509e-01   7.0631298e-03  -3.2787939e-01   7.6849353e-02   2.1482294e-01  -1.5165192e-01   2.6030230e-01  -1.7244168e-01  -2.8563858e-01  -2.5142445e-01  -2.3564836e-02  -2.9735276e-03   2.9615551e-01   8.8642826e-02   2.3023348e-01   3.5267324e-01   5.1961957e-02   3.4557528e-01   4.0415219e-02  -2.2260884e-01   3.1645477e-01  -4.0885494e-01  -2.7318630e-01  -3.0703581e-02  -2.4628896e-01   1.7231940e-01  -4.1419882e-01  -2.5021494e-01   1.1620641e-01  -7.8948139e-02  -3.5513583e-01   2.9985698e-01   1.1133475e-01  -3.1910796e-01  -9.0919947e-02  -1.0708154e-01  -3.9875811e-01   1.3124792e-02  -4.2112279e-02   4.9450091e-02   2.3497004e-01  -3.6361402e-01  -1.0388169e-01   3.3324734e-01   4.4712975e-01  -3.6635439e-01  -2.1802853e-01  -1.0096421e-01  -4.1772040e-02   3.0132548e-02  -2.2774637e-01   6.5968668e-01   7.7526550e-02  -6.8362039e-02  -1.1089394e-01  -3.0153613e-01   3.5136720e-01  -3.0049835e-01  -5.4591473e-02  -1.9366181e-01  -2.6941017e-01   2.4398551e-02  -1.0397412e-01  -1.1495035e-01  -2.7751255e-01   5.7105157e-01  -2.5138320e-01  -9.7957469e-02   5.2963358e-01   2.4822172e-01   4.6766517e-01  -4.5046957e-01  -1.2641425e-01  -2.7858417e-01   9.0821829e-02   3.2037514e-02   6.4107889e-01  -1.3632783e-01  -6.4537791e-02  -2.5351099e-01   4.1455318e-02  -3.0535383e-01   9.8172984e-02  -1.5777362e-01   9.5390555e-02  -3.0012801e-01  -1.3682183e-01   5.2429565e-01   1.4298927e-01  -3.9140346e-01   2.1194613e-01   1.1956283e-01   6.5166659e-01  -5.8777660e-02  -2.7642477e-02   4.9604422e-01   8.9093070e-02   2.2674991e-01  -1.8183154e-01
  -3.5289981e-02  -2.4547579e-01   1.0228653e-01   1.2072677e-01   1.1640295e-01   5.8006242e-02  -1.5023820e-01   3.3654102e-03  -2.2883439e-02  -2.1288653e-01   2.6855141e-01  -8.7376487e-02   0.0000000e+00  -3.8304805e-02   7.6927729e-02   1.9008336e-01  -3.6900734e-02   1.1603089e-01   1.4976139e-01   2.2389511e-01   3.5724470e-02   1.7511482e-01   1.3359204e-01   6.1291811e-02   7.0320036e-02  -5.1530799e-02   4.7646559e-03  -5.9009099e-02   7.0164037e-02   1.7136860e-01  -3.9435829e-02   1.1589586e-01   1.8323260e-01  -2.4747942e-01  -1.4799268e-01   1.5824830e-01  -1.8079673e-01   1.5058828e-01   1.3739787e-02  -1.2262708e-01   5.6458565e-01   1.7028080e-01   1.3276082e-02  -2.9338426e-02   3.7596689e-02   2.0434088e-01   2.0821524e-01  -2.7566846e-01   1.4082028e-01   4.7112433e-02   1.7658472e-01   8.3116238e-02  -3.4149877e-01   1.3727940e-01   1.6665218e-01   2.1227755e-01   1.2378161e-01   5.8061656e-02   2.0587197e-01   1.4661548e-01   1.5028449e-01   1.9347885e-01  -3.2412414e-02  -1.3590414e-01  -6.2881878e-02   1.3157458e-02  -4.5335233e-02  -8.3844458e-02   2.4265313e-01   1.0478048e-01  -3.0287080e-01   2.7870548e-01  -2.3847705e-02   3.8401878e-02   3.2900802e-01  -1.3423882e-01   9.7627889e-02   1.4505439e-01   2.0955363e-02   3.8770853e-01   2.4133955e-02   4.1122713e-02  -2.1083730e-01   1.9215761e-02   1.9497729e-02  -3.1631749e-02  -2.0668090e-01   8.4858305e-02  -1.7778432e-01  -8.8759762e-02  -2.5816841e-02   1.1927049e-01  -1.8789512e-01   3.8682143e-02   1.6400618e-01   1.3011463e-01   3.0639637e-01   7.1935581e-02   8.5604647e-02  -1.3418360e-01  -1.4115007e-01   2.5443561e-01   1.4012940e-02  -1.2050740e-01   1.6599926e-01   4.7333647e-02   2.4786075e-01   1.3900016e-01   1.2992267e-01  -3.4532654e-02  -8.8038309e-02   2.0244568e-01   1.5054204e-01   9.7048769e-02  -1.5511609e-01  -2.3952298e-01   1.8662230e-01   3.5452572e-01  -3.4524753e-02   2.6069520e-01   1.8700763e-01   6.8941829e-02   3.7817524e-02  -1.8342625e-01   2.0195381e-01   1.1693480e-01   1.4552413e-01   2.0514764e-01   1.3469648e-01  -6.6011368e-02   1.0010673e-01   3.0507981e-02   1.5949209e-01  -2.0876182e-01   2.2861678e-01  -3.2500701e-02   4.3044140e-01  -1.2322716e-01  -5.5049352e-04   1.2757956e-01   1.7631721e-01   2.5045318e-01   2.8076474e-01  -7.7533174e-02  -5.4297357e-02  -6.1272740e-02  -2.5183110e-01  -3.6636889e-02   4.5441650e-03  -3.0643724e-01   4.3460054e-03  -1.2890411e-03   7.0691709e-02  -4.3923481e-02  -1.4806652e-01  -1.3286963e-01   1.8303014e-01   2.5606841e-01   1.9030669e-01   1.3949580e-01   1.6535827e-02   1.7221561e-01  -3.5506601e-01   2.0693656e-01   1.4626899e-01  -1.2359627e-01  -5.6840651e-02   1.7522938e-01   2.0931530e-01  -2.8891723e-01  -1.2117811e-02   1.0565230e-01   6.9985498e-02  -2.3401819e-02   1.7384964e-02   8.4677934e-02   9.3874075e-02
   2.9105049e-03  -1.7744560e-01  -4.1839467e-01   1.5336928e-01  -4.2501094e-01   4.9855507e-02   2.8923451e-01   3.8385765e-02  -2.7828557e-01  -9.3355111e-03  -1.0702027e-01  -4.4361189e-01  -3.8304805e-02   0.0000000e+00   7.8251724e-02  -1.1541325e-01  -4.7583014e-01   4.7793534e-02   1.5453182e-01  -3.4786519e-01   6.0817392e-01   1.8284837e-01   5.6069837e-01   1.0573903e-01   3.8651033e-03   1.2660787e-01  -3.5106797e-01   6.2196351e-01  -2.6037064e-01   4.1074603e-02   5.4707051e-01   1.2395890e-01  -1.1149576e-01  -8.5394218e-02  -1.9932914e-01  -6.0281333e-02   3.7584366e-01  -5.0372830e-03  -1.1019442e-01  -8.9950701e-02   5.5407889e-02   7.7605936e-02  -4.3069449e-01   1.4560637e-01  -4.4727849e-01  -1.7342252e-01  -1.0400323e-01   2.5336563e-01   3.7674966e-01  -3.9848057e-01   1.5182476e-01   1.9907771e-01  -1.9964046e-02  -1.9695929e-01   4.7863470e-01   1.5170764e-01   1.5768684e-01  -6.5483664e-02   2.5916157e-01  -2.4400356e-01  -3.0100910e-01  -1.5620748e-01  -4.5697667e-01   3.6590468e-01  -2.8626059e-01  -7.3713957e-02  -1.0814637e-01   8.8661326e-03  -2.7460369e-02  -8.6347136e-02  -1.7409714e-01   1.4238341e-01  -2.1511850e-01  -8.9422112e-02  -1.4569000e-01   3.8274671e-02  -2.5447125e-01   8.2142189e-02  -4.3067660e-01  -4.9960430e-02   5.1268274e-01  -1.9630940e-01   7.2684937e-02   3.6966943e-02  -5.1310942e-02   1.0167106e-01   1.6527083e-01   4.7867016e-01  -9.5107640e-02  -4.3117131e-02  -4.2666417e-01  -2.4118094e-01  -1.2295949e-01  -4.5894409e-01  -1.7044373e-01  -4.2940991e-01   6.0395636e-02   2.2100056e-01  -2.6459784e-01   3.6821342e-01   5.8446102e-01   1.2014215e-01   5.3920420e-01  -2.4815352e-01   2.4478203e-01   3.4608223e-02  -8.2056920e-02  -8.6780386e-02   1.6974994e-01  -1.3189605e-01   1.7232141e-01   2.7428708e-01   1.2059823e-01  -5.7551416e-02   5.2372597e-01  -2.1700239e-01  -9.9318765e-02  -2.7129501e-01   1.2481505e-01   1.6297234e-01  -1.5655144e-01  -4.8075081e-01  -1.4427848e-01   1.3648826e-01  -4.7162831e-02   2.0806428e-01  -1.0701756e-01  -1.5611029e-01  -4.9061256e-02  -2.7669422e-01  -1.0714282e-01   9.9225304e-02   1.2954824e-01   3.2727033e-01  -4.2499152e-01   1.0250708e-01   2.4853287e-02   6.3321292e-01   2.7008805e-01   4.9629089e-02   1.4129042e-01   7.2680729e-02   1.0720962e-01  -1.0543863e-01   3.2649435e-01  -2.2535594e-01  -3.6097695e-01  -3.0015813e-01  -2.5301730e-01   4.9626868e-01   1.6398127e-01   4.3299150e-01  -1.9051204e-01  -3.1378972e-01  -4.5292103e-01   4.0071785e-02  -1.6479892e-01   2.0214926e-01  -2.8206500e-01   4.7388012e-01   1.2069408e-01  -1.1297684e-01  -1.0124049e-02   2.5635884e-01  -6.2587391e-02  -4.9205014e-01  -1.6631345e-01   2.3395912e-01  -2.6108461e-01  -1.4632785e-01  -6.4383836e-01   8.7413592e-03   4.7025836e-02  -1.1519485e-01  -6.9381625e-03  -2.7956720e-01  -2.5929801e-01
