   0.0000000e+00   3.7098757e-03  -3.3229103e-01  -1.8962454e-01  -2.3436449e-01  -1.3774310e-01  -3.9927684e-02  -3.3583548e-01   2.7583316e-01  -1.5708515e-01  -4.2104884e-01   1.5468269e-01  -3.3912852e-02   2.7115303e-01   1.9969846e-01  -9.3843766e-02  -2.4693181e-01  -3.0415136e-01  -1.9695203e-01  -2.2289076e-01  -2.1632024e-01  -2.2971985e-01  -1.9729841e-01   6.8629450e-01   1.3653026e-01  -3.8769166e-01  -1.5569654e-01  -1.5658405e-02   1.3943047e-01  -5.7635451e-02  -9.0946308e-03   7.3078611e-02   7.2066208e-02  -9.0016214e-02   3.5621454e-01  -2.8563724e-01   4.0270529e-02   1.8763194e-01  -7.6965587e-02  -4.8999850e-02  -2.0936956e-01   1.9314574e-01  -2.0560065e-02  -1.9532656e-01  -2.3384931e-02  -2.4719264e-01  -3.2649057e-01  -6.1068156e-02   3.3545071e-02  -1.1289513e-01  -2.6222152e-01  -3.9337823e-01  -2.2300777e-01   6.0935083e-02   2.5025272e-01  -1.7015745e-01  -1.7146687e-01  -2.6091298e-02  -2.8680448e-01   2.8689458e-01  -2.0254559e-01  -1.1974536e-01   2.4186769e-01   1.5331034e-01  -2.0925479e-02  -1.3430702e-01  -2.8380590e-01  -7.0464672e-02  -2.7011202e-01  -1.8771529e-01  -3.2228897e-02  -1.9814085e-01  -1.5989752e-02   4.7159162e-01   7.8717151e-02   1.4734844e-01  -1.6236974e-01  -2.0037736e-01  -3.7571663e-02   4.6872774e-02  -1.9901585e-01   1.7067621e-02   8.1845983e-02  -3.0972504e-01   2.7173213e-01   1.4733332e-01   2.6889679e-01   5.5940728e-01   9.0709843e-02   6.1611679e-01  -1.0913856e-01  -3.0563865e-01  -1.4926743e-01   1.6424332e-01   1.4824811e-01  -3.3895876e-01  -1.3691173e-01  -3.1468184e-01  -2.1237406e-01  -4.8738496e-02   1.0437918e-01   1.0623658e-01   1.6434901e-01   2.8511581e-01  -3.2001897e-01   1.9096299e-02   1.2346471e-01  -2.9518737e-01  -3.2521763e-02  -2.4033631e-01  -1.3130729e-01  -3.1021128e-01  -1.8441077e-02   1.5083571e-01   1.8007249e-01   2.5371644e-02  -2.4057600e-01   2.6287161e-03   7.5376725e-02  -1.6245676e-01   8.0072561e-02  -1.2434752e-01   4.1347002e-03   2.1337714e-02  -3.1334044e-02   3.1319245e-01   2.7854543e-02  -3.8968227e-02  -4.5970299e-02  -1.3379511e-01  -1.0261159e-01   2.0408066e-02   3.5828451e-01  -8.7440181e-02   6.4734440e-02   1.4163177e-01   1.8341984e-01   8.6449002e-02   1.9763136e-01   3.6217625e-01   4.5628490e-01  -1.5321847e-01  -2.5932907e-01   2.5464108e-02  -2.6754044e-02   7.9038717e-02  -5.1217221e-02  -2.7983848e-01  -2.4382446e-01  -1.7091857e-02   2.5401463e-01  -1.6640985e-01   1.6236711e-01  -3.1383289e-01   1.3079843e-01   4.5647504e-01  -7.4393788e-02  -1.4659426e-01  -2.3666255e-01  -1.5000872e-01   1.2316303e-02  -3.6558120e-01  -3.1433832e-01  -2.9973856e-01  -4.0431939e-01   1.9301302e-02  -1.0128481e-01  -8.1487314e-02  -5.1868957e-02  -9.1540075e-02   2.5229427e-03   2.8173826e-01  -2.9292842e-01   1.2057328e-01  -1.5317667e-02   8.6672737e-02  -4.0701762e-01
   3.7098757e-03   0.0000000e+00  -9.2090121e-02  -6.6552264e-02  -7.1958938e-02  -3.2048726e-01   2.2426133e-01  -3.4989193e-01   5.0198092e-01   2.5742324e-01  -2.3310781e-01   6.3128414e-01   3.1802729e-02   4.9723689e-02   3.1991176e-01  -1.8447328e-01  -1.2364957e-01  -1.3251756e-01  -3.2625901e-01   1.2672566e-02  -1.4419426e-01   1.7150028e-01  -1.6115538e-01   2.0244929e-01  -2.4571593e-02  -3.7509283e-01  -3.9726834e-03  -1.2593157e-01   1.6984289e-01  -1.6424574e-01   1.3517974e-01  -1.2077460e-01  -2.0238054e-01   3.3033518e-01   4.9348540e-01  -3.2511649e-02   5.5530519e-02  -1.0491244e-01  -9.6475546e-02   1.4283453e-01  -1.2303819e-01  -1.3902358e-01   4.2752800e-01  -4.5776306e-02   8.2568122e-03  -3.1933160e-01  -8.6495956e-02   2.9857663e-01  -1.8316570e-01   5.4927927e-02  -2.0484115e-01  -2.7752146e-01   3.5794775e-01   1.2621435e-01   3.0591540e-01  -1.8734567e-02  -2.9229538e-01   9.8574109e-02  -1.1124117e-01   2.2399988e-01  -2.1680768e-01   8.9978170e-02   3.8709251e-01   5.2060986e-01  -2.5718126e-03   1.4656867e-01  -2.0114745e-01   4.3632606e-02  -1.5951550e-01  -1.6185879e-01   4.1142471e-01  -2.7733652e-01   7.6234316e-02   4.6457473e-01   3.6039596e-02  -2.9632728e-01  -1.9778681e-01  -1.5764082e-01   1.3477588e-01  -5.1706722e-02  -4.3290156e-02   1.2459300e-01   2.1888724e-01  -3.9012108e-01   4.9877569e-01  -2.5725785e-01   3.3586667e-01   2.3279194e-01   2.8513777e-01   3.1166400e-01   2.0212092e-01  -1.8723794e-01   7.5916745e-02   5.5240909e-01  -1.6241773e-01  -2.1163664e-01   6.2108360e-03  -3.9476077e-01  -4.8622428e-03  -5.9309150e-02   2.0251847e-01   1.4435149e-01   1.4114288e-02   3.7512809e-01  -2.7567101e-01  -1.5677501e-01   5.1504097e-02  -2.8164652e-01  -2.8688695e-01  -1.9786445e-01   2.0554811e-01  -4.7479136e-01  -4.4892598e-02  -9.4978879e-02   2.0749353e-01   3.1965591e-01  -2.4186739e-01   7.7374463e-02   2.7997718e-01  -2.2478748e-01  -1.5322607e-01   1.8963728e-01   4.0625293e-01   2.8208584e-01  -2.9843102e-01   8.1618089e-02   1.1562276e-01   3.5555909e-03  -8.6403913e-02   3.7455654e-03  -4.1552946e-02   1.0149347e-01   3.8898760e-01   2.1437805e-01   3.1637788e-01  -2.5329470e-01  -9.7740109e-02   2.9831355e-01  -2.7949052e-01   7.2996276e-02   2.5217279e-01  -2.5195980e-01  -2.6328441e-01   9.7813299e-02   8.3817663e-03   2.1486640e-01   4.0890394e-01  -9.3042522e-03  -2.9637394e-01  -2.4299722e-02   3.4831481e-01  -1.0478174e-01   1.9255049e-01   1.5088301e-01   6.0798706e-01   1.6605679e-01  -1.9652666e-01  -2.5246949e-02  -1.9309656e-01  -9.3163337e-02   1.9752792e-01  -3.0186173e-01  -3.8563892e-02  -2.9497137e-01  -3.2983537e-01   3.4664054e-01   1.5861255e-01  -9.4540290e-02  -1.3746997e-01  -8.5744865e-02   3.4899063e-01  -8.4864151e-02  -9.0608980e-02  -1.0077462e-01  -1.3474684e-01  -2.0217481e-02  -3.0998225e-01
  -3.3229103e-01  -9.2090121e-02   0.0000000e+00   3.1206281e-02   4.6404270e-02   4.4364487e-01  -2.0618991e-01   1.7587171e-01  -2.3317054e-01   6.3678597e-03   4.1160824e-02  -9.9365072e-02  -6.6116166e-02  -2.2062928e-01  -5.2970037e-01   2.2802406e-01   9.2854140e-01  -2.2000795e-01   3.4426289e-01   2.3681605e-03  -2.7215680e-01  -1.5537555e-01  -2.2126272e-01  -3.9604322e-01  -1.6175579e-02   3.4747288e-01   1.3533779e-01  -1.2902857e-01  -4.4246287e-01  -2.8312029e-01  -3.3306064e-01  -3.0694194e-01   2.9323139e-01  -2.3955768e-01  -3.1742664e-01   3.9249195e-02  -3.2029570e-01   6.4053230e-02   8.9090965e-02   1.6128552e-01   4.5244549e-02  -2.8831964e-02   2.0318807e-01  -2.0965681e-02  -5.4121396e-01   7.2446889e-01   7.5196763e-02  -3.9775916e-01  -3.4263459e-01   3.9413683e-01  -1.5459170e-01   3.1265224e-01  -1.0854775e-01  -7.5722184e-03  -1.6573954e-01   8.8649658e-02   3.8293474e-01  -2.8202896e-01   7.2872617e-02  -3.1198015e-01   7.4910158e-01  -3.2335616e-01  -6.8568470e-02  -4.4257157e-01  -3.9308415e-01   7.3534398e-02   4.1773697e-01   3.1807796e-02  -5.5309193e-02   8.3070571e-01  -1.3613254e-01  -5.3353185e-02  -1.1218472e-02  -2.2694744e-01  -6.0737653e-02  -2.7812877e-01   6.8693879e-01   6.3063228e-02  -2.8081440e-01   6.2885377e-02  -6.7493745e-02  -5.5787810e-02  -1.7502544e-01   3.5546929e-01   1.3767655e-02  -4.1999166e-01  -3.4461777e-01  -3.6538865e-01  -1.7910704e-01  -2.3799684e-01  -1.7628586e-01   8.4250568e-01   1.1906491e-02  -3.1059549e-02   1.0183096e-01   1.8104870e-01  -9.6502214e-03   2.6242626e-01  -5.7273470e-02  -1.5079605e-01  -9.1925664e-02  -2.3527605e-01  -3.9276899e-01  -2.3562962e-01  -3.5372764e-02  -2.6756876e-01   8.3969283e-02   1.5489560e-01  -2.4580662e-01   1.6916578e-01   9.4581742e-02   6.3769786e-02  -1.7529873e-01   1.9649100e-01  -2.4635294e-01  -1.0695156e-01   1.4892309e-01  -5.7172074e-02   5.9703167e-02  -1.0942145e-01   6.4692653e-01  -1.4097393e-01  -6.2865508e-03  -4.9687181e-01   4.8610952e-01  -2.5070514e-01  -4.1343063e-01  -7.6993825e-02  -2.3032539e-01   7.4043064e-01   8.3968550e-02  -5.0962700e-01  -5.3081126e-02  -3.8744523e-01  -1.1344074e-01  -3.3702019e-01  -5.6053442e-03  -4.1761739e-01  -3.4224244e-01  -3.3079953e-01  -3.1450123e-01   1.5127407e-01  -6.7717444e-02   4.7345823e-01  -4.3376308e-01  -5.6399648e-01  -7.4041184e-03   1.1917422e-02   9.2037112e-02  -2.8122221e-01  -5.8370915e-02  -2.3937407e-02   3.1133247e-01  -5.8875613e-02   1.2749068e-01  -2.7851531e-01   6.1634166e-01   1.8229141e-01   7.7379977e-01   5.3143142e-02  -4.7840039e-02   1.3179866e-01   6.0045784e-02  -8.2828865e-02   1.9238762e-01  -3.0117162e-01  -2.1435879e-01  -9.8399618e-02   5.8184980e-01   9.5211393e-02  -1.3992186e-01   2.4579676e-01  -1.6493699e-01   4.0451930e-01  -3.4054578e-02   1.3046577e-01   1.0363794e-01
  -1.8962454e-01  -6.6552264e-02   3.1206281e-02   0.0000000e+00   3.6851765e-01  -1.2932359e-02  -8.8541949e-02   3.5405995e-01   8.3616762e-02  -3.8569442e-02   1.8946225e-01   7.7445418e-03   1.2287338e-01  -1.6018408e-01  -4.4953861e-02   2.1385025e-01   9.3919792e-04   3.6106810e-01   1.8983959e-03   3.0824012e-01   1.6902162e-01   5.2173919e-01   6.4249886e-03  -7.6814549e-02   2.0406791e-01   6.0296715e-02   2.5271289e-01   5.2841405e-03   4.8942638e-02   4.2651623e-01  -2.7173749e-01   2.3167555e-01   9.9993607e-02  -1.8615725e-01  -1.2289089e-01   2.5401012e-01  -1.7322750e-01  -9.8884255e-02   1.1499593e-01  -5.4550897e-02   2.7417650e-01   5.7947547e-02  -2.3862763e-01  -1.5295006e-01   2.2889151e-01   3.7414767e-02   4.0034656e-01  -9.0889677e-03   6.9699204e-02  -1.1791693e-01   3.0116800e-01   6.6069674e-02  -2.1322971e-01  -3.0387613e-02  -1.8993024e-01  -1.2561164e-01   2.3448026e-01   5.0477084e-01   5.5406492e-01   2.8292363e-01   9.9127169e-02   2.4246934e-01   8.2938533e-03   1.2826302e-02   7.1239746e-02   1.0472003e-01   2.2276059e-01   2.5876034e-01   4.6549125e-01  -9.9367591e-02  -2.2867092e-01   5.8739458e-01   1.5751798e-01  -2.1203943e-02  -3.0979721e-01   1.6246798e-01  -2.5746198e-03   1.0756471e-02   1.3943386e-01   2.0903999e-01  -1.9904777e-02   1.0956659e-01  -3.2056642e-01   2.6537261e-01  -3.0740093e-01   3.1529668e-02  -9.2786893e-02  -4.9399250e-02  -1.1757870e-01  -1.6645959e-01   5.0797371e-02   8.3395436e-02  -8.6793341e-02   3.2092636e-02  -6.7636033e-02   1.5929293e-01   3.9589739e-01   2.1812906e-01   5.3433009e-01   2.8554753e-02  -4.0975923e-01   1.5399500e-01  -4.8162417e-02   2.7534970e-01   4.2523126e-01   4.4122071e-01   2.6135055e-02   3.9931146e-01   1.4709267e-01   5.0640282e-02  -1.5756642e-01   4.8681627e-01   6.0735202e-01  -3.1534780e-01  -2.8791296e-01   7.6035908e-02   6.6849604e-02   1.3704141e-01  -4.5648891e-01   7.6665875e-01  -5.5239651e-02   2.2131382e-01  -5.6362139e-02   9.8098831e-02  -1.1349093e-01   1.4229712e-01   1.8272309e-01   1.2350136e-01   6.1539527e-01  -2.4201437e-01   2.3310786e-01  -4.1548546e-02   1.2194194e-01  -1.2249356e-01   3.7675162e-01   8.4401818e-02   3.4124644e-02  -9.8506637e-02  -1.3646977e-02  -1.0752657e-01  -1.8424875e-01   1.3900000e-01   1.9077761e-01  -2.2265254e-01  -5.1638674e-02  -7.5546160e-02  -2.3278303e-01   1.7838532e-01   7.2604151e-03  -6.6149984e-02  -2.5938518e-01   1.4943452e-01   1.7519862e-02   1.5661669e-01  -2.5447912e-01  -2.2542761e-01  -6.3684327e-02   4.0152042e-01   1.1957963e-01   8.9390001e-02   7.8000302e-02   3.1425801e-01  -1.6638531e-02   4.7045189e-01   5.4113949e-01  -8.0315079e-03   9.9043257e-02  -7.8154959e-02   5.2896679e-02  -2.2204998e-01   7.3149702e-03  -1.8679652e-01   3.9045978e-01  -1.2912761e-01   4.0472150e-02   1.8273072e-02   5.9161299e-01
  -2.3436449e-01  -7.1958938e-02   4.6404270e-02   3.6851765e-01   0.0000000e+00  -6.8721320e-02  -1.1532514e-01   2.3182916e-01  -1.7801626e-01   3.6109230e-03   3.1609578e-01  -8.0363284e-02   3.6884396e-02  -9.6757763e-02  -4.6519205e-02   5.7011793e-02   4.8616158e-02   3.0670007e-01  -3.1635266e-02   6.3458426e-01   2.8225184e-01   8.7687755e-02  -3.8814862e-02  -7.2254930e-02   1.7452280e-01   4.3544922e-02   4.3839647e-01  -8.5066230e-02  -9.1150173e-02   2.7886890e-01  -2.3825358e-01  -5.1477626e-02  -1.9628746e-01  -5.6319854e-02  -1.5536830e-01   5.5045475e-01   4.5388665e-02  -1.8545024e-01   1.2483601e-01   1.2888991e-02   2.4824947e-01  -2.4091333e-01   4.4560490e-02   5.1540507e-02   1.6470229e-01  -2.6440575e-02   5.4528458e-01   3.2581434e-02   1.8167256e-01   7.2346954e-02   2.2784347e-01   1.1555532e-01  -1.0242578e-01  -5.5642412e-02  -2.1710340e-01  -2.2546441e-02   5.4121478e-02   2.4371228e-02   3.2791890e-01   1.4016603e-01   9.2062346e-02   3.6852923e-01  -1.5577502e-01   5.6166190e-02   8.9936417e-03   3.0378936e-01   2.1161885e-01   2.1368109e-01   4.2889607e-01  -1.0016614e-01  -2.0170862e-01   4.3431856e-01   1.4498661e-01  -4.3471234e-02  -2.2524368e-01  -7.4553203e-02  -3.5681636e-02   1.4300851e-01   5.4612993e-01  -1.7246698e-02  -1.1861471e-01   1.1343813e-01  -2.8137960e-01   1.2274311e-01  -1.7808276e-01  -6.7797521e-02  -1.1997557e-01  -7.3042059e-02   4.8484841e-02  -1.8822671e-01   4.5709849e-01   1.6877552e-02   2.0580634e-01  -6.8046772e-03  -1.4952209e-01   5.6965802e-01   2.4273252e-01   7.1466583e-02   5.4654255e-01  -1.0082012e-01  -1.9597527e-01   2.0598467e-01  -1.3015544e-01  -2.5400002e-02   2.9438610e-01   3.6888474e-02  -5.7303951e-02   2.9275788e-01   2.8810883e-01   3.4389574e-01  -1.1544330e-01   1.9719960e-01   2.5145681e-01  -2.6284290e-01  -2.0211921e-01   2.9337277e-01   1.8519876e-02   1.0300289e-01  -2.5613097e-01   2.9145385e-01  -8.7210704e-02   6.0393529e-01  -1.2639383e-01  -1.8806125e-02  -7.4815892e-02  -4.7704062e-02   1.5546291e-01  -1.0241906e-01   5.1632975e-02  -1.9404529e-01   1.4087501e-01   3.0346953e-02  -9.2147004e-02  -8.7472469e-02   7.3154212e-03  -2.6893588e-02  -5.4035967e-02  -1.5151682e-01  -1.1572501e-01  -1.9673749e-01  -2.0547326e-01   3.3963141e-01   1.9905062e-01  -1.3743490e-01  -1.0485964e-01  -2.1603140e-03  -2.3114734e-01   4.1425921e-01   2.1902944e-01  -4.5088418e-02  -1.7267379e-01   9.1758111e-02  -9.4090290e-02   2.5463419e-01  -2.1750300e-02  -2.6717362e-01  -7.7782952e-02   1.8910909e-01   3.0937577e-02   2.0995441e-02   3.2197464e-02   3.6344960e-01   1.8153977e-01   3.5213412e-01   1.7211129e-01   1.9503402e-01   1.2628102e-01   3.2105786e-02  -5.2938380e-02   2.0889358e-01   2.0738218e-01  -1.9046926e-01   3.9899734e-01  -1.4328517e-01   1.0316582e-01  -1.8410235e-01   1.7338013e-01
  -1.3774310e-01  -3.2048726e-01   4.4364487e-01  -1.2932359e-02  -6.8721320e-02   0.0000000e+00  -2.1029039e-01   2.3392392e-01  -2.1316590e-01  -2.5625957e-01   2.1954302e-01  -1.4573933e-01   4.9994523e-02   1.1016192e-03  -3.6830868e-01   5.8757877e-01   4.0034514e-01  -1.1777124e-03   3.8313547e-01   2.8187782e-02   8.3566439e-02  -1.7969631e-01   7.7247665e-02  -3.2877888e-01  -1.2679959e-01   5.7385961e-01   9.6738346e-02   3.7610926e-01  -3.3333714e-01   1.4061701e-01  -3.7910156e-01  -2.5307989e-01   3.4422686e-01  -3.0471455e-01  -4.4696810e-01   7.5855268e-02  -3.8632052e-01  -4.4201635e-02   4.6695647e-01  -2.6972942e-02   4.3077097e-02   3.0016387e-02  -1.6343678e-01   1.9548668e-01  -4.5536248e-01   5.9089968e-01   1.1371352e-01  -2.7560511e-01  -3.3641030e-01   6.7120355e-02   9.9849466e-02   3.9077313e-01  -2.3917588e-01  -2.1220370e-01  -4.3192101e-01   1.5771309e-01   5.5168102e-01  -2.9992985e-01   9.4650154e-02  -1.3107625e-01   4.4099355e-01  -3.3496188e-01  -1.8357407e-01  -2.8746768e-01  -4.5137585e-01   6.0992762e-02   6.6299118e-01  -2.0118696e-01   1.1740216e-01   6.2327955e-01  -4.4210187e-01  -5.5403985e-02  -1.0782578e-01  -4.1942921e-01  -2.5926071e-01  -2.3408708e-01   4.4078110e-01   3.2854976e-01  -3.7695092e-01   1.0809623e-01   1.9542715e-01  -1.0835065e-02  -2.4746337e-01   5.2382717e-01  -4.1380001e-01  -2.5601827e-01  -2.3743428e-01  -3.8716649e-01  -1.8907056e-01  -3.5316043e-01  -3.5551242e-01   4.5799653e-01   2.1693312e-01  -2.9081864e-01   4.0269664e-02   2.7976595e-01  -1.8703600e-01   4.5052170e-01  -1.5537649e-01  -1.8534412e-01  -2.3073992e-01   2.6636311e-02  -2.6143944e-01  -2.1863841e-01   1.2714433e-01  -2.0100410e-01  -1.9004493e-01   3.1148610e-01  -2.0450010e-02   4.4316087e-01   1.8152008e-01   4.0064704e-01  -2.0305042e-01   6.8598471e-02  -2.4777183e-01  -3.9490626e-01   5.2910677e-01  -4.5348565e-02   7.7800352e-02   2.0840607e-02   2.3591350e-01  -2.7021981e-01  -3.7199600e-01  -4.2278761e-01   4.8350206e-01   1.5042948e-01  -3.1589393e-01  -2.8196161e-04  -1.9090216e-01   4.2351531e-01   2.4550663e-01  -4.9363549e-01   3.4463496e-02  -2.8113124e-01  -2.1053679e-01  -1.0113493e-01   4.2891588e-02  -1.8497255e-01  -1.5469172e-01  -4.5226681e-01  -4.4376979e-01   4.4186097e-02   2.7741867e-01   4.2010479e-01  -2.4699335e-01  -4.2800331e-01  -3.1796454e-01  -5.2237847e-02   4.6031856e-01  -3.5670213e-01  -2.6387323e-01   1.3464580e-01  -2.8163085e-02  -5.7360317e-02  -1.7261686e-01  -4.2265328e-01   3.4668046e-01   1.7168240e-01   4.3774518e-01   2.0047618e-01  -2.9591221e-01   2.9918016e-01  -3.1772328e-02   5.6703203e-02   3.1420552e-01  -4.2877715e-01  -1.8587112e-02   2.4531196e-01   1.8895457e-01   1.2631231e-01  -3.6593712e-01   1.5484771e-01  -2.1308729e-01   5.6350303e-01  -2.7972679e-01   1.4476755e-01   2.8675501e-01
  -3.9927684e-02   2.2426133e-01  -2.0618991e-01  -8.8541949e-02  -1.1532514e-01  -2.1029039e-01   0.0000000e+00  -4.4675060e-01   2.4158713e-01   6.8481487e-01   1.6806378e-01   4.7754354e-01   2.7649310e-01  -2.8420773e-02   4.3364722e-01   7.5928707e-03  -2.7307705e-01   2.8742610e-01  -1.7048080e-01   3.1960966e-01   3.4116326e-01  -9.3716845e-02   5.5576664e-01   1.7211381e-01  -1.7723081e-01  -3.9756510e-01   7.6986619e-02  -1.4853528e-01   3.9355976e-01   6.9169356e-03   3.2683506e-01  -5.0671880e-02  -1.6131876e-01   4.8487373e-01   4.3098674e-01   4.9965938e-01   1.0784532e-02  -3.0075976e-01   5.9015508e-02   2.4853338e-01   2.2705623e-01  -1.0925067e-01  -2.8854790e-03  -1.5639439e-01   3.8632519e-01  -4.3885981e-01   1.9925639e-01   6.9325153e-01  -2.0311478e-01  -1.4591057e-01   4.3340475e-01  -2.8143768e-01   4.9985201e-01   4.3033078e-02   1.8510788e-01   1.1959913e-01  -2.0858875e-01   4.1829177e-02  -9.4963808e-02   4.0340710e-01  -4.1400593e-01   3.0606257e-01   1.9597904e-01  -8.6098560e-02  -1.3063590e-01   2.8084587e-01  -2.7910205e-01   2.3477118e-01  -7.3795988e-02  -2.2165025e-01   5.6775209e-01   3.3400331e-01  -5.3781998e-02   2.1725875e-01   8.5358867e-02  -1.1272739e-01  -4.5105294e-01  -4.6528326e-01  -3.3207019e-01  -3.1453859e-02   1.2838657e-01   1.5812990e-01   4.1143049e-01  -5.0212665e-01   9.1536514e-02  -1.0976254e-01   1.2400419e-01   2.4496069e-01   2.9869996e-02   1.8401831e-01  -2.6194106e-01  -3.1712900e-01   3.4144259e-01   2.4942824e-01  -3.8492955e-01   1.8152944e-01   2.1481145e-01  -2.0363311e-01   1.9579488e-01   6.8110594e-01   1.8762704e-01   1.8991649e-01  -9.3031954e-02   3.4977392e-01   2.1625380e-01  -1.2981061e-01   6.2425241e-02  -1.8302229e-01  -2.9614120e-01   1.0128133e-01   5.7789246e-01  -2.0021763e-01   2.7302789e-01  -7.1043956e-02   3.5175699e-01  -4.6250460e-01  -3.1565942e-01   1.1382765e-01   3.1175982e-01  -5.1109665e-02  -2.9031728e-01  -3.5302438e-01   4.3099733e-01   1.3502862e-01  -4.4580921e-01   5.0109062e-02   1.8407247e-01  -1.6666207e-02  -6.3242677e-02  -7.2550878e-02   9.3555784e-02   2.1813131e-01  -5.8480497e-02   5.9997953e-01   3.1800480e-01  -2.3530826e-01  -3.3543509e-02   4.6885514e-01  -1.9884573e-01  -1.1976858e-02  -1.2078809e-02   1.3650246e-01  -1.3085889e-01   9.9344208e-02   7.1633701e-01   1.1985870e-01   6.3600487e-01  -4.9030314e-02   1.7552723e-01   5.9832291e-01   3.3141104e-01  -2.2984465e-01   1.0666769e-01  -1.9543638e-01  -5.8518302e-02   1.5373756e-01  -3.9470645e-01  -1.0165128e-02  -3.5179114e-01  -1.3909266e-01   4.0659434e-01  -2.6471737e-01   4.8863821e-01   5.8920245e-03  -1.2378272e-01   3.9515082e-02   4.6805782e-01  -3.0706774e-01  -1.1025769e-01   1.8218224e-01  -5.2558390e-02  -3.2826694e-01   2.6286985e-01  -1.3148652e-01   1.3883224e-03   6.7678412e-02  -1.1893214e-01
  -3.3583548e-01  -3.4989193e-01   1.7587171e-01   3.5405995e-01   2.3182916e-01   2.3392392e-01  -4.4675060e-01   0.0000000e+00  -3.8311646e-01  -4.2878280e-01   2.7567346e-01  -3.3813809e-01   3.8757065e-02  -1.5954874e-01  -3.2704255e-01   3.9833864e-02   1.9576370e-01   1.3731037e-01   3.6307819e-01  -4.6424483e-03   2.8432438e-03   2.2237294e-01  -9.3909459e-02  -4.5829907e-01   1.3945833e-01   4.7073390e-01  -3.7200117e-02   1.9843789e-01  -1.9939565e-01   1.6679917e-01  -3.1166513e-01   2.6284674e-01   1.4095993e-01  -3.1179112e-01  -4.9040921e-01   2.3419819e-02  -9.2528111e-02  -1.2203691e-01   6.3226990e-02  -3.8947158e-01   1.6958326e-01  -6.3817532e-02  -3.2507955e-01   1.9467536e-01   5.5271312e-03   3.3129291e-01   1.6997233e-01  -2.9752365e-01   2.7326477e-02  -2.0625523e-01   1.4017291e-01   3.4252988e-01  -1.7273102e-01  -2.5192552e-01  -5.3584885e-01   5.5410761e-02   5.0800297e-01   1.3831186e-01   4.3187322e-01  -1.8507094e-01   3.3706702e-01   5.1691909e-03  -3.6113903e-01  -1.0779788e-01   8.0023823e-02   3.8794066e-02   4.0476818e-01  -2.6331463e-01   3.6563823e-01   9.8629303e-02  -4.2642624e-01   1.1580147e-01   1.9635003e-02  -3.2849094e-01  -2.9415464e-01   3.8877418e-01   2.6387897e-01   5.7365634e-01  -3.6337670e-02   8.4074623e-02   1.1783149e-01  -8.4887749e-02  -2.8579073e-01   7.9637563e-01  -5.4318300e-01   3.5414036e-01  -3.5717365e-01  -4.9230658e-01  -1.6674288e-01  -4.3975364e-01  -2.8841133e-02   3.1162175e-01  -1.0265964e-01  -2.9214329e-01  -1.8947215e-02   6.4897940e-02   7.7852792e-02   5.6978444e-01   1.5178895e-01  -2.9946658e-01  -5.5662240e-01   3.8230940e-02   6.1256566e-02  -1.8910688e-01   4.4901357e-01   4.6321335e-01  -1.6336914e-01   5.7444516e-01   1.6833378e-01   1.5716254e-01  -2.1297032e-01   4.5727555e-01  -6.2651571e-02  -2.9195692e-01  -5.4531024e-01   4.2324675e-02   5.5071483e-01   4.9645558e-02  -5.6482734e-01   3.1386285e-01   5.3031025e-02   3.1690731e-02  -3.7244714e-01  -1.9135579e-01   1.3722404e-01  -4.2107476e-02   1.8149423e-02  -7.1070363e-02   3.5954588e-01  -1.7899795e-01  -5.0627929e-02  -1.7776447e-01  -1.2191105e-01  -3.0325962e-01  -2.7766434e-01   4.0642541e-01  -9.9931570e-02  -3.4237293e-01   3.3354350e-01  -2.8392358e-01  -4.7642048e-01   1.7977163e-02   5.4890724e-01  -1.7994876e-01  -3.1062384e-01  -2.1612804e-01  -6.2048383e-01   3.1251969e-01   1.1176626e-01  -2.6437439e-01  -5.6517957e-01   5.5795776e-01  -2.5767113e-01   3.8419985e-01  -3.3852032e-01  -4.9496255e-01   1.4210016e-01   2.6061406e-01   2.7820161e-01   2.4894280e-01  -4.2488123e-01   5.9906938e-01  -6.4421884e-02   4.5657046e-01   4.1446046e-01  -2.2087420e-01  -6.4647982e-02   2.0091313e-01   3.1477673e-02  -6.7641699e-02  -9.6500113e-02  -1.1010621e-01   1.5866304e-01   7.1884902e-02   9.3467855e-02   1.5488771e-02   5.4945067e-01
   2.7583316e-01   5.0198092e-01  -2.3317054e-01   8.3616762e-02  -1.7801626e-01  -2.1316590e-01   2.4158713e-01  -3.8311646e-01   0.0000000e+00   1.6922140e-01  -2.9071731e-01   4.2550506e-01   1.7450697e-01   1.8170912e-02   3.2116341e-01  -1.3420161e-01  -2.9197883e-01   3.1499642e-02  -2.4183098e-01  -1.0349281e-02  -8.1012579e-02   3.0394017e-01  -8.0787325e-02   3.8195249e-01   9.7719469e-03  -3.6938766e-01  -1.2387225e-01  -1.5992328e-01   2.3164641e-01   2.1404401e-02   1.3018664e-01  -1.4754770e-02  -1.8123414e-02   1.3146000e-01   4.8848984e-01  -9.2861648e-02  -2.9610926e-02   2.4165112e-02  -8.3305558e-02   2.8446245e-02   6.5353353e-02   4.9703916e-02   2.5536305e-01  -1.7027493e-01   1.6988980e-01  -3.0790696e-01  -1.0718541e-01   1.9765347e-01  -8.3584846e-02  -1.7886742e-01  -9.0410445e-02  -2.3158344e-01   1.4401724e-01   1.4430829e-01   3.5536673e-01  -2.1287942e-01  -2.6604866e-01   3.5330972e-01   6.5697754e-02   3.6787157e-01  -2.3173063e-01   1.4275685e-01   6.4728327e-01   4.1072221e-01   7.6466828e-02  -2.4957529e-02  -2.1516402e-01   1.9311866e-01  -1.3345808e-01  -2.8419364e-01   1.5018282e-01  -2.3216956e-02   8.3175397e-02   4.3146611e-01  -6.9055348e-03  -1.4358489e-02  -1.9692769e-01  -2.0623892e-01  -5.0155892e-02  -1.2296113e-02  -1.2869005e-01   1.5306100e-01   1.5069903e-01  -3.4327842e-01   2.8159143e-01  -1.2197240e-01   3.9216285e-01   3.9157077e-01   2.4578390e-01   3.1200225e-01  -3.2597189e-02  -2.3473790e-01  -1.2997200e-01   6.1351179e-01   3.0405228e-02  -2.4702457e-01   7.2663623e-02  -2.9328827e-01   7.6217546e-02   9.9978346e-02   1.1251174e-01   7.7986760e-02   3.5720475e-02   6.5862572e-01  -2.1236279e-01  -3.2884658e-02   1.7242907e-01  -2.1608559e-01  -1.3862139e-01  -2.6036155e-01   1.1109264e-01  -2.9657005e-01   2.1536403e-01  -9.9636992e-02   9.7600723e-02   1.1245596e-01  -3.0100020e-01   1.6165408e-01   9.8487527e-02  -3.6675456e-02  -8.7907627e-02  -5.1269474e-02   2.7881577e-01   2.6811756e-01  -2.0468891e-01   8.9549062e-02   2.6215665e-02   9.0364975e-02   2.4855788e-01  -2.0687778e-01   5.2578532e-02   1.4032142e-01   3.1664317e-01   2.1802804e-01   5.2386174e-01  -1.1872037e-01   1.8241976e-02   1.7715305e-01  -7.7455900e-02   1.3362043e-01   2.6048667e-01  -1.9078456e-01  -2.6573348e-01   1.1174387e-02   4.8234108e-02   1.7177885e-01   2.8522554e-01  -2.0284775e-01  -3.5188404e-01   8.1437875e-02   2.0776753e-01  -2.6665119e-01   1.4879976e-01  -1.1122014e-01   3.3571687e-01   2.1553382e-01  -1.5731171e-01   2.7522102e-02  -2.0802291e-01  -1.6096367e-01   2.0708353e-01  -3.2199395e-01  -1.4514769e-01  -1.7164700e-01  -1.7931187e-01   1.3928755e-01   7.4307441e-02  -1.6264240e-01  -5.4569257e-02  -2.1959872e-01   1.1498855e-01  -5.4816767e-02  -1.2577107e-02  -1.0241675e-02  -1.8386625e-01   2.4167102e-01  -1.6538938e-01
  -1.5708515e-01   2.5742324e-01   6.3678597e-03  -3.8569442e-02   3.6109230e-03  -2.5625957e-01   6.8481487e-01  -4.2878280e-01   1.6922140e-01   0.0000000e+00   2.4614361e-01   3.3387540e-01   1.9530847e-03  -3.0395480e-03   4.2246848e-01  -1.5287838e-02  -4.3747975e-02   3.6596643e-01  -2.5932030e-01   3.6964520e-01   2.9341002e-01  -8.5605083e-02   2.3504235e-01   3.3813256e-02  -1.8387654e-01  -3.7989258e-01   6.5978232e-02  -3.1477208e-01   2.9097688e-01  -1.3767894e-01   4.1199307e-01  -8.0167828e-02  -1.6911664e-01   6.8376380e-01   3.5337098e-01   5.1179033e-01   1.5767191e-01  -1.8988098e-01  -4.5872882e-02   2.8322689e-01   1.0459051e-01  -1.0370918e-01   6.9380493e-02   5.7681178e-02   3.3951113e-01  -2.9760805e-01   2.6580082e-01   3.8351399e-01  -1.7183193e-01   3.2254988e-02   4.1704306e-01  -2.1862955e-01   6.5552828e-01   1.0311098e-01   3.0068267e-01   3.3510625e-01  -2.4208729e-01   3.3162227e-02  -3.6214065e-02   2.4725557e-01  -2.3135567e-01   3.5834870e-01   1.1872384e-01   8.1544161e-02  -1.3085514e-01   3.7455984e-01  -2.4493745e-01   3.4666868e-01  -6.0757822e-02  -1.2111368e-01   5.4714385e-01   3.1846319e-01  -6.5054129e-02   1.4623284e-01   1.1863274e-01  -1.0647512e-01  -2.7152229e-01  -4.3190115e-01  -1.3969796e-01  -1.6583430e-01  -8.4836903e-02   5.5260638e-02   3.6471056e-01  -5.2082792e-01   1.8039547e-01  -1.4767771e-01  -3.0097706e-02   1.6771473e-01   6.5984009e-02   1.5774387e-01   6.4305960e-02  -1.7594263e-01   2.9606103e-01   2.7468934e-01  -1.9892668e-01   3.3294287e-01   1.5480492e-01  -2.0561200e-01   3.3955037e-01   5.4061791e-01   3.0837234e-01   2.6871908e-01  -1.4646155e-01   2.5046436e-01   8.8045167e-02  -1.8941064e-01   1.8000832e-01  -1.6523858e-01  -2.4119777e-01   1.1816397e-01   4.6972841e-01  -3.1890873e-01   2.1431510e-01   2.2155545e-02   2.8111802e-01  -3.1983757e-01  -3.1401747e-01  -3.6143569e-02   3.5150335e-01  -4.3572755e-02  -1.0373830e-01  -1.3147562e-01   4.1944773e-01   1.1717309e-01  -3.3687749e-01  -1.9118451e-01   1.0367419e-01   1.8462841e-02  -1.1448951e-01   1.2423218e-01   8.2951309e-02   4.0014619e-01  -5.2777952e-02   5.0253778e-01   2.9538356e-01  -1.4537340e-01  -1.3960511e-01   3.8186305e-01  -2.2018008e-01   7.3926934e-02   9.6587990e-02   2.1278390e-01  -1.1119089e-01   1.1091874e-01   6.1134089e-01   1.0246402e-01   5.6645107e-01   4.5119858e-03   1.4485323e-01   5.1572601e-01   3.4122193e-01  -3.8799588e-01   1.4694380e-01  -5.6953044e-02   6.6466987e-02   1.8152103e-01  -2.3317301e-01   1.0396986e-02  -2.0794652e-01  -3.3482072e-01   4.3551316e-01  -2.0978085e-01   7.0311863e-01  -7.2215520e-03  -1.0625826e-01   1.3067382e-01   5.1333818e-01  -1.8836807e-01  -1.0731791e-02   2.1322836e-01   8.1857692e-03  -1.7805768e-01   3.1661677e-01  -8.9395764e-02  -8.7659573e-02  -4.2654032e-02  -1.7143018e-01
  -4.2104884e-01  -2.3310781e-01   4.1160824e-02   1.8946225e-01   3.1609578e-01   2.1954302e-01   1.6806378e-01   2.7567346e-01  -2.9071731e-01   2.4614361e-01   0.0000000e+00  -9.5051449e-02   6.9080204e-02   1.1112055e-01   7.0572854e-02   2.3604375e-01  -8.0954553e-02   7.5103155e-01  -4.2263741e-02   4.6621036e-01   5.9490201e-01  -5.5317798e-02   4.0529357e-01  -3.8216625e-01  -4.1068662e-02   1.3300212e-01   1.4788933e-01   2.1600275e-01  -6.3250744e-02   3.5006808e-01   5.8656804e-02   1.5146869e-02  -9.8890432e-02   1.9016015e-01  -1.8827795e-01   6.5887359e-01  -2.0807788e-01  -4.2219824e-01   2.0519589e-01  -7.6716655e-02   1.7999384e-01  -1.1360424e-01  -2.2183237e-01   3.6573696e-01   1.2156740e-01  -5.0452979e-02   7.8958085e-01   2.6834071e-01   9.4185063e-02  -2.4544830e-01   7.4757678e-01   2.6085444e-01   1.7029975e-01  -1.3822492e-01  -2.9316699e-01   4.4970021e-01   2.1336272e-01  -1.4081914e-01   2.4725236e-01   5.1206967e-02  -5.7895303e-02   4.0556996e-01  -2.2696831e-01   1.3893775e-03   1.4286955e-04   3.2614217e-01   2.3368240e-01   1.5943056e-01   6.4843209e-01  -5.5824896e-03  -1.5934863e-01   5.0911214e-01  -9.4254237e-02  -3.5262623e-01  -7.0923755e-02   1.1923904e-01  -1.6895166e-01   3.3697339e-01  -1.4106807e-01  -8.2886671e-02   3.3213648e-01  -2.4170620e-02  -1.5622663e-01   1.2752531e-01  -4.1770566e-01   7.4347759e-02  -1.1521371e-01  -3.2697977e-01  -1.2262154e-01  -3.2540855e-01  -1.6885649e-01   2.2985001e-02   3.6954999e-01  -2.2323072e-01  -4.0108565e-01   3.7824323e-01   1.2320815e-01   1.7582585e-01   4.5275076e-01   1.2302263e-02  -1.1415087e-01   2.8403845e-01  -7.6234625e-02  -1.1475420e-01   6.0740472e-01   8.9467721e-02  -1.2558125e-01   3.9566850e-01   6.0826379e-02   5.8643076e-01   1.9590997e-01   3.1666372e-01   1.7273186e-01  -1.6014977e-01   6.8391528e-03  -2.7404297e-01   3.8787516e-01  -1.0210684e-01   1.7176467e-02   2.9863574e-01  -1.8600806e-01  -9.9024646e-02  -9.4793540e-02   1.0561714e-01  -5.4421864e-02   9.6521932e-02   1.6385522e-01  -1.1536060e-01   1.8419308e-02  -1.1372772e-01   1.3181592e-01   2.0491520e-01  -2.5161871e-01   3.9890535e-01  -1.2266333e-01   1.2132982e-01  -1.2150134e-01   2.7382480e-01  -6.6422291e-02  -4.1971332e-01  -5.0454076e-01   2.5139518e-01   5.3776475e-01   1.6065312e-01   2.7620900e-01   8.4961483e-02  -2.3253091e-01   4.5643202e-01   4.9527645e-01   9.0605574e-02  -1.4202476e-01   2.9370051e-01  -1.6016335e-01   4.5058118e-01  -3.1152709e-01  -4.4794223e-01  -1.6004621e-01   9.4951163e-02  -2.8145391e-02   2.0255080e-01   3.1299000e-05   6.5385148e-01   5.0411947e-01   6.5105224e-01   2.1780723e-01  -2.2790691e-01   4.2015704e-01   2.4860785e-01  -6.6942016e-03   1.0979688e-01  -3.6055206e-01  -3.5430608e-01   5.6871768e-01   3.7365101e-02  -8.0074215e-02  -1.3528669e-01   2.0693891e-01
   1.5468269e-01   6.3128414e-01  -9.9365072e-02   7.7445418e-03  -8.0363284e-02  -1.4573933e-01   4.7754354e-01  -3.3813809e-01   4.2550506e-01   3.3387540e-01  -9.5051449e-02   0.0000000e+00   1.3190189e-01   1.2877035e-01   4.3670117e-01  -6.0937585e-02  -1.1930932e-01   1.6796690e-02  -3.4042562e-01   2.3389758e-01   9.2864680e-02   5.1222465e-02   1.1574851e-01   4.2471200e-01  -4.8341796e-02  -4.3988801e-01   8.6854183e-02   3.3338542e-02   3.9239012e-01   2.2247953e-02  -6.4825007e-02  -1.0660961e-01  -1.9672610e-01   3.8345558e-01   6.1048194e-01   2.5205310e-01  -2.2123959e-01  -3.1153898e-01  -3.9186299e-02   1.8232619e-01  -1.7720930e-02  -1.3435916e-01   2.9014739e-01  -2.2049315e-01   1.3772260e-01  -3.4227415e-01   1.3176997e-01   3.7543351e-01  -4.3585636e-01  -2.9453382e-02   1.1030212e-01  -4.1803318e-01   2.7092315e-01   1.9839505e-01   1.3857618e-01   3.0186480e-04  -1.5987255e-01   5.9760413e-02  -1.2147327e-01   5.8098021e-01  -2.8983976e-01   1.9382220e-01   3.3503047e-01   2.0984406e-01  -3.0791276e-01   3.9629646e-01  -1.4102354e-01   1.6942830e-01  -4.3255500e-02  -1.0746893e-01   1.9785941e-01   9.2104387e-02  -2.9369614e-02   6.6308167e-01  -8.9270087e-02  -2.3132595e-01  -3.2527075e-01  -1.2727063e-01  -3.0575706e-02  -1.9970382e-02   5.4887350e-02   1.5043234e-01   3.6203773e-02  -3.7926191e-01   2.8464482e-01  -2.0981815e-01   2.7461832e-01   4.2702612e-01   3.7788436e-01   3.6925141e-01  -1.3733005e-02  -2.0378045e-01   3.4430276e-01   5.7141746e-01  -3.6671959e-01  -1.5054892e-02   5.4526071e-02  -3.7155399e-01   8.2804755e-02   1.0168771e-01  -5.4823523e-02   3.5011056e-01  -6.8983500e-02   5.2023212e-01   1.7456758e-02  -1.3295085e-01   1.5897117e-01  -1.6983511e-01  -3.2571900e-01   8.4497543e-02   4.1101836e-01  -3.0368987e-01   1.4365341e-01  -2.3015275e-01   1.3542867e-01  -7.4305185e-02  -1.4547262e-01   9.9611513e-02   1.7994439e-01  -1.5629963e-01  -1.3538544e-01   9.3608281e-03   4.6077701e-01   1.2595233e-01  -3.2242776e-01   3.8143785e-01   3.5651164e-01  -1.0787682e-01  -2.9548287e-02  -8.6552455e-02   5.4310293e-02   2.0412369e-02   4.5820769e-01   2.7330225e-01   3.4314265e-01  -2.9315326e-01   3.1722202e-02   2.7334909e-01  -2.9929848e-01  -9.7068807e-02   4.1047706e-02  -7.7573084e-02  -1.6295285e-01   1.8887305e-01   2.3561304e-01   5.4946495e-02   3.7059037e-01  -2.0000592e-04   6.8196768e-02   2.2084887e-02   3.0822659e-01  -8.1781702e-02   3.2465998e-01  -1.4652881e-02   4.6949239e-01   1.1315357e-01  -2.8494284e-01   7.6482251e-02  -2.2403560e-01  -6.8957697e-02   2.9917176e-01  -2.7133329e-01   3.5525141e-03  -1.5826149e-01  -3.8050115e-01   3.8226836e-01   4.4048191e-01  -2.3928102e-01  -6.5426685e-02  -2.3783718e-02   3.5725060e-01  -2.1113052e-01  -4.7679132e-04  -6.9171942e-02  -7.0192895e-02   6.1055171e-02  -2.7488276e-01
  -3.3912852e-02   3.1802729e-02  -6.6116166e-02   1.2287338e-01   3.6884396e-02   4.9994523e-02   2.7649310e-01   3.8757065e-02   1.7450697e-01   1.9530847e-03   6.9080204e-02   1.3190189e-01   0.0000000e+00  -1.1394274e-01  -6.4517506e-02   2.8389217e-01  -7.8931679e-02  -1.8849336e-02   9.8833595e-03   1.9934601e-01   1.1624814e-03   9.6040200e-02   2.7656431e-01  -7.7881519e-02   1.1156729e-01  -5.7470673e-02  -5.2770174e-02   5.4060890e-02   1.3979023e-01  -4.1660398e-02  -1.7198816e-01  -1.2270975e-01   1.7725915e-01  -9.9410577e-02   4.9503584e-02   1.8888650e-01  -1.2984746e-01  -2.0464688e-01   4.1381379e-01   7.2770705e-03   7.8986876e-01   1.8164413e-01   1.6231113e-02  -1.4393932e-01  -5.2412160e-02  -9.4412596e-02   1.1525006e-01   9.5290923e-02  -1.7795049e-01  -3.5034807e-02   1.2554532e-01  -1.8446353e-01  -2.7245564e-02  -9.1088251e-02  -2.0404216e-01  -2.0161928e-01   3.4596841e-02   8.1277667e-02   2.4511533e-01   7.9235550e-02  -8.4976286e-02   5.1774748e-02   2.6504517e-01  -2.0919561e-01  -2.7487144e-01   1.9612475e-01  -3.1368147e-02   4.9083117e-02  -2.0219430e-02  -2.6651330e-02   4.0482033e-02   7.5618678e-02   4.1257266e-01  -7.4092925e-02  -2.2314973e-03  -1.2645338e-01  -1.0766843e-01  -2.4641762e-02  -2.2276177e-01   3.4431003e-01   1.5697854e-02   5.3719408e-01  -6.6370421e-02   1.1707759e-01  -1.6009068e-01  -1.4746872e-01  -2.3341216e-02  -8.8963894e-02   1.6421354e-01  -7.8459688e-02  -1.4600415e-01  -4.2532924e-02   2.1974041e-02   1.6833908e-01  -2.2513265e-01   1.9093755e-01   3.4008574e-01  -1.3915973e-02   8.1065484e-02   1.9299319e-01  -2.4109521e-01  -8.6742202e-02  -1.3524051e-01   1.2538712e-01   1.5401731e-01  -1.1170694e-01  -1.7604201e-01   4.5459214e-02  -1.0222226e-01   5.5168576e-02   1.8797383e-01   7.0195821e-02   4.4845120e-03  -2.0920196e-01  -1.1370431e-01  -2.9186559e-01  -1.5764890e-02   6.9072610e-01  -1.6934015e-01   2.5128197e-02  -2.1013102e-01  -2.2293471e-01   1.8455161e-01  -2.1129471e-01  -1.3091245e-01   1.1870640e-01  -6.7234168e-02   1.2745730e-01   6.1206791e-02  -1.0495186e-01   4.7354306e-01  -1.7834757e-01  -3.3293524e-02  -2.7475641e-02   1.8337489e-01  -1.8337319e-01   2.3804411e-01  -2.1159481e-02  -1.7231813e-01  -2.3890961e-01  -2.5557856e-01   2.8839350e-02  -4.1432318e-02  -1.2286310e-02   8.9465596e-04  -1.5912260e-01   1.5041427e-02   7.2481531e-03   6.9320249e-02   1.9424797e-02  -1.4224154e-01   4.8927189e-02  -6.4360559e-02  -1.1672863e-01   1.0107409e-02  -2.2643230e-01  -2.0478031e-01   2.7348669e-01  -5.0039158e-02  -7.1462068e-03  -1.3498527e-01  -1.0241054e-02   6.6991806e-02  -1.1935968e-02   5.8668501e-02  -1.4373431e-01   5.5452285e-02  -8.4988662e-02  -1.7365633e-01  -1.0384270e-02  -8.0658894e-02  -2.2877906e-01  -1.8723753e-02   4.1555213e-02   6.7135798e-02   1.8167750e-01   5.8555662e-02
   2.7115303e-01   4.9723689e-02  -2.2062928e-01  -1.6018408e-01  -9.6757763e-02   1.1016192e-03  -2.8420773e-02  -1.5954874e-01   1.8170912e-02  -3.0395480e-03   1.1112055e-01   1.2877035e-01  -1.1394274e-01   0.0000000e+00   1.9323115e-01  -1.5451158e-01  -2.7912514e-01   1.0940440e-01  -5.1665192e-01   1.4487208e-01   1.7417535e-01  -2.6967507e-01   1.7919992e-01   2.8395112e-01   5.9297346e-02  -9.3973187e-02  -1.8993177e-01   4.7045416e-01   1.3466787e-01   9.2155872e-02  -8.5253765e-03  -1.0371697e-01  -1.6728696e-01   7.2429443e-02   2.2209953e-01   1.3451348e-01  -1.3346429e-01  -2.4348611e-01  -1.0173345e-01  -6.7184311e-02  -2.6867184e-01  -2.0414113e-01   4.3360689e-02   2.5905069e-01  -1.6902178e-01  -2.7363787e-01   1.8874194e-01   2.1082171e-01   1.7286768e-01  -8.7330601e-02   9.7337635e-02  -1.7119029e-01  -8.8918185e-02  -2.6328990e-02   9.1418994e-03   2.4793384e-01  -2.3917284e-01  -3.0871576e-01  -2.2707828e-01   1.0906557e-01  -3.0737941e-01   5.7894594e-02   1.1341048e-01   1.9918734e-01  -1.5116078e-01   7.2374862e-02  -1.4977844e-01  -9.1160495e-02   5.2926028e-02  -1.3797626e-01  -2.1369239e-01  -3.7301685e-02  -2.7077526e-01   1.5998159e-01   2.0305220e-01  -1.6081170e-01  -2.7426593e-01   1.7291650e-01  -5.7104553e-03   5.8722378e-02   3.7431031e-01  -1.2641421e-01   2.2537987e-02  -2.5088284e-01   2.0291103e-01   3.7171781e-02   3.0057310e-01   2.0492541e-01  -7.7720683e-02   4.1689240e-01  -1.4657148e-02  -2.2872774e-01   3.3473249e-01   1.0560640e-02  -2.7403874e-01  -1.4961094e-01  -1.4104012e-01  -3.5463623e-01  -1.6711869e-01  -2.1072739e-01   3.0009337e-01   1.5476222e-01   6.0268910e-02  -6.8850242e-02  -1.0938098e-01  -2.5040143e-01  -4.6988018e-02  -2.1008606e-01  -1.7279583e-01   2.1938201e-01   6.3208531e-02  -1.8695120e-01  -1.5844445e-01   2.2146366e-01   3.4139410e-01  -1.0899288e-02   1.5661528e-01  -1.8779973e-01   3.0530910e-01  -1.6630575e-01  -2.0433517e-02  -1.0976526e-01   1.7390535e-01   2.1765025e-01   4.2885556e-02   5.5133724e-01   3.2600470e-01  -3.2787827e-02  -2.9963214e-01  -1.8010305e-01  -9.6555369e-02   8.2309215e-02   2.8179477e-01   2.8404325e-01  -6.7481774e-02  -9.8562034e-03   1.7111927e-01   5.2399220e-01  -1.2380101e-01   2.9909787e-02   1.1098669e-01  -7.5866976e-03  -1.6943252e-02   1.3705857e-01   8.2996190e-02   3.0982379e-01  -1.1689690e-01   5.7269301e-02   2.9105773e-01  -1.2911059e-01   3.0271398e-01   2.7889436e-01   9.0799785e-02  -3.2111402e-02   6.3845506e-02   8.3802928e-02  -1.5356599e-01  -2.3402331e-01  -2.6439803e-01   2.4541929e-01   1.3651670e-02  -7.0002649e-02  -3.6541454e-03  -8.6931992e-02  -4.5900812e-01   1.1901117e-01   1.2360085e-01   5.2271466e-01  -3.0669773e-02   8.8847910e-02  -4.5496624e-02  -1.0779678e-01   2.8579190e-02  -1.4383209e-01  -1.5650466e-01  -9.3882422e-02  -3.8135206e-01
