   0.0000000e+00  -1.9236988e-01  -2.3528767e-02  -1.2551818e-02   7.7905292e-02   1.3245350e-02  -4.8160065e-02   9.7022500e-02  -1.7798514e-01  -1.0158244e-01  -3.2923658e-02   9.9837281e-03   1.4810354e-01   3.9470503e-01  -1.7859967e-01  -1.7263292e-01   5.5521793e-02  -8.7219733e-02  -4.6977093e-02   5.1065554e-02  -2.3836602e-02  -1.8123681e-01  -5.5722028e-02   4.8293929e-01  -2.5056681e-01   2.8531058e-02  -3.3855091e-02   1.5010028e-01  -1.2655381e-01  -7.9692959e-02  -2.5849611e-01   5.4971990e-02   8.1882243e-02  -1.6216564e-01   3.5417846e-02   6.4746815e-02   1.0159936e-01   1.3795865e-01  -2.4788459e-01  -1.2326485e-01   1.7286515e-01   1.6689741e-01   2.7107965e-02  -1.7138516e-01   7.1818891e-03   4.9344594e-01   4.8121325e-02  -1.8983297e-01   9.7804668e-02  -2.8076935e-02  -4.3770418e-02  -2.9487921e-02  -2.3978826e-01   1.4844070e-01  -1.2848973e-01  -9.0946655e-02   9.4207575e-02  -1.5750856e-01   2.1053985e-01  -3.7521633e-03   2.2324103e-01   7.5291488e-02  -2.2597602e-01  -7.3249855e-02  -5.1854879e-02   2.0560172e-01  -1.7047279e-03   2.0386987e-02  -1.0954826e-01   4.0931990e-02  -2.6761611e-01   4.2316785e-02   7.1824836e-02   2.3707554e-01  -9.3890083e-02  -1.5030778e-02   1.8569656e-01   8.6961677e-02  -2.7308357e-03  -3.6658300e-02  -2.0954934e-01   1.6135309e-01  -2.2248678e-01   9.7460042e-02   2.4504391e-01   1.3499419e-02  -2.4969054e-01   8.3735673e-02  -2.8501312e-01   6.4834960e-01   5.2405239e-03   5.8960003e-02  -2.2504992e-01   9.8988863e-03   2.2886262e-01   2.1423149e-01   6.0173148e-02   5.7899661e-03   2.9743048e-02  -7.0463926e-02  -4.5058771e-02   7.5797746e-02  -1.3007702e-01   8.0356876e-03   7.2912949e-02  -1.3623785e-01  -1.1761061e-01  -5.0681209e-02   5.0275913e-02  -1.4896966e-01  -3.4459861e-01  -4.6543521e-02  -2.6868970e-01   6.7983777e-01  -1.0375358e-01   5.8379166e-02   1.0811387e-01   1.3564938e-01   2.7667726e-02  -7.5630427e-03   4.0145102e-01   6.0677208e-02   8.2208135e-03  -2.6401095e-02   6.4007833e-01   8.8835912e-02  -1.6489009e-02  -1.7644158e-02  -2.4825433e-01  -7.5880725e-02   1.2095587e-01  -1.9578586e-01   5.2938813e-01  -2.4373599e-01  -1.2616635e-01  -6.8905820e-02  -1.5170119e-01  -1.9611742e-01   1.5704710e-02   4.2508378e-01   6.3386922e-01   1.0135487e-01   6.3429866e-02  -1.3338028e-02  -8.8121663e-02  -9.2998448e-02  -1.2989244e-01   6.0116123e-02   2.3761279e-01  -7.6816235e-02   9.1477356e-02  -1.7907677e-01   1.6893813e-01  -1.5149879e-01  -1.3387244e-01   4.1629299e-01   4.7411427e-01   1.9745732e-01   1.2765337e-01  -1.3369194e-01  -1.4909755e-01  -3.4221498e-02  -1.6858201e-01   5.0437734e-02   9.4991323e-03  -5.4210921e-02   1.4188334e-01   1.9977336e-01   2.0406111e-01  -1.8814147e-01   9.6030460e-02   3.0539524e-01  -7.7763693e-02   2.3695998e-02  -3.5289323e-02  -2.0177120e-01  -1.5891897e-01
  -1.9236988e-01   0.0000000e+00   5.2024885e-01  -9.3683940e-02   4.3263681e-01   1.0237839e-01  -7.4174112e-02  -1.4482616e-01   5.9628418e-01   6.7937727e-02  -5.7433752e-01   5.1388666e-01  -6.2574300e-02  -6.9546355e-02  -1.5009203e-01  -3.5058089e-02   4.7980943e-01  -3.3976632e-01  -1.4930457e-01   3.1892749e-01  -4.3252132e-01  -1.6980812e-01  -4.7392690e-01  -7.8757280e-03   1.9691856e-01  -8.6534605e-02   4.2048419e-01  -3.2179471e-01   3.2837851e-01   1.4614890e-02  -2.1341335e-02  -4.0675959e-01  -1.3710719e-02   8.3480238e-02   1.8149256e-01  -1.7085928e-01  -9.8790369e-02   2.1460744e-01   1.4978168e-01   6.1569409e-01   5.9991739e-02  -1.0450646e-01   1.8423699e-01  -1.2988879e-01   6.7577508e-02  -1.1406743e-01  -4.4561340e-01   3.5061352e-01   1.5168194e-01   6.3123426e-01  -3.8587379e-01  -3.6276023e-01   4.9501945e-01   1.9904410e-01   3.6207152e-01  -3.0572421e-01  -3.1571986e-02  -2.0349651e-01  -1.3859318e-01  -6.3605275e-02   1.0243831e-01   2.9372821e-01   3.4698148e-01   2.1361456e-01   3.7165222e-01  -3.2939747e-01   2.5645737e-01   1.0771063e-01  -2.6991185e-01   3.3355425e-01   7.0345724e-01  -2.1331557e-01  -1.4299458e-01  -9.4470994e-02   3.6376812e-01  -3.3558975e-01   1.1443842e-01  -2.8985732e-01   5.1041282e-01   1.0783379e-01  -2.8383304e-01  -1.8999406e-01   3.2439161e-01  -7.5377161e-02   1.1823982e-01  -3.7265806e-01   2.4714687e-01  -1.0152405e-01   2.4480082e-01  -9.8619065e-02   6.2391685e-01   1.8105776e-01   1.8729068e-01   2.2031431e-01   1.0883987e-01   2.4356840e-01   7.5537082e-02  -1.4602049e-01   3.2518195e-01  -2.9592160e-01   2.2875140e-01  -4.5757240e-01  -1.7776011e-01   1.8243721e-02  -5.2743480e-01  -2.5900406e-01   3.1104205e-01  -6.1223696e-02  -3.0388015e-02  -7.0372445e-02  -3.8581780e-02  -3.0682146e-01   2.2356744e-01  -1.6701396e-01  -2.3567156e-02   2.7823742e-01  -3.2535354e-01   1.2385573e-02  -1.7317018e-01  -2.2859211e-01  -3.0776950e-01   5.9506859e-01   5.0871520e-01  -2.4823022e-02  -9.8849496e-02  -1.2714386e-01  -2.0205427e-01   4.5455758e-01  -8.5875311e-02   3.0164707e-01  -1.9157134e-01  -9.0577626e-02   1.4097994e-01   4.0982614e-02   2.6779947e-01   1.7021664e-02   1.1907091e-01   7.1923135e-02  -1.6989032e-01   9.3949698e-03   6.4643235e-02  -2.8583731e-01  -4.1517352e-01   9.0131732e-02  -4.5011822e-01  -5.4450672e-01   6.4628201e-01  -3.6921402e-01  -2.2220280e-01   2.1951020e-01  -6.0118515e-02   4.3925454e-03   5.4518952e-02  -4.5437788e-02   7.5764512e-01  -6.4207085e-02  -2.4602835e-01   5.7495200e-03   6.8552285e-02  -2.6083804e-01   9.7229001e-03  -4.5085057e-01   2.3600269e-02  -3.5623192e-01  -9.9463607e-02   3.3075512e-01  -2.8601487e-01  -2.8915372e-01   4.6369921e-03   6.0877101e-01   4.0026187e-01  -2.1319879e-03  -9.1201785e-02  -4.7600184e-02   2.7248752e-01   1.2502937e-01  -3.1188570e-02
  -2.3528767e-02   5.2024885e-01   0.0000000e+00  -1.8794109e-01   1.8580184e-01   2.1914051e-01   1.2400760e-01  -3.9321950e-01   1.5440809e-01   1.5951247e-01  -5.2198357e-01   5.3066961e-01  -5.2805723e-02  -7.3939649e-02  -2.7223936e-02  -3.0352197e-03   8.3934425e-01  -3.4132423e-01  -1.6474131e-01   3.2041092e-01  -3.7469455e-01  -3.1325685e-01  -1.8679020e-01  -1.4641358e-01  -2.2072222e-03  -1.5455465e-01   3.3122188e-01  -6.3188811e-02   3.7764198e-01  -3.0532489e-01  -2.3904785e-01  -2.9165753e-01   2.4139595e-01   1.8400885e-01   2.0278296e-01  -6.4318195e-03  -3.3861653e-01   1.6573232e-01   2.9996566e-02   7.3018013e-01   2.5809252e-02   1.8254819e-01   2.2714505e-01  -1.3873183e-01  -2.9204841e-01   9.8939051e-02  -3.2107968e-01   1.7052907e-01  -1.9702542e-01   7.8226555e-01  -4.5962269e-01  -4.1211313e-01   2.4269853e-01   4.6311058e-01   1.2840580e-01   2.7848566e-03  -9.6740331e-02  -2.2874103e-01  -2.1578007e-01  -2.0947055e-01   4.4046471e-01  -3.9712453e-03   5.4883361e-02  -6.8921234e-02  -1.8235631e-01  -2.5131133e-01   2.4233261e-01   4.3804393e-02  -4.1652295e-01   7.9207007e-01   5.7314695e-01  -2.4491516e-01  -1.3951361e-01   3.1034415e-01   1.4397555e-01  -4.5373014e-01   3.3814138e-01  -2.3425660e-02   1.0432821e-01   2.3529691e-01   1.2465539e-02  -6.3783906e-02   3.4197621e-01  -1.7365693e-01   5.1911797e-01  -3.9386874e-01   2.6660380e-01  -7.4793297e-03   1.5251027e-01  -6.0755744e-03   2.4439711e-01   5.1205221e-01   3.3029773e-01   9.9363933e-02   1.5629492e-01   2.3940396e-01   8.6895420e-02  -2.0372329e-01   8.7830242e-02  -1.6195168e-01   4.5865775e-01  -4.6762079e-01  -2.4336963e-01  -1.8782375e-01  -5.7233873e-01  -3.4439258e-01   3.6662645e-01  -3.4090464e-01  -1.3547182e-01   5.0987274e-03   2.6139576e-01  -3.7401479e-01  -9.9485841e-02  -6.9905549e-02   2.7790176e-01   2.9080450e-02  -2.4541816e-01  -2.9653604e-02   1.3981011e-01  -3.6152448e-01  -3.8754711e-01   3.4530339e-01   5.2212241e-01  -1.7698872e-01  -9.4941117e-02  -1.2115365e-01  -2.5524816e-01   4.3361865e-01  -3.1959242e-01   6.8596610e-01   2.0396389e-03  -2.2498689e-01   5.6784916e-02  -1.5585005e-01   2.5349101e-01  -2.6847465e-01   2.6083668e-01   9.2217791e-02  -4.4122717e-01  -1.0151967e-01   8.7333190e-02  -1.5628179e-01  -4.5295476e-01   4.7104667e-01  -2.8469880e-01  -3.6047082e-01   6.7740342e-01  -2.6975837e-01  -9.7389945e-02  -7.3711560e-02   3.3285218e-01  -1.1128626e-01   2.5353203e-01  -1.8807139e-01   7.7709928e-01  -1.9509964e-01  -1.4164060e-01  -1.0414918e-01   3.8077258e-01  -2.4200750e-01  -4.0928325e-02  -5.8954026e-01  -2.6598488e-02  -4.8408651e-01  -1.9124751e-01   8.3244799e-02  -2.5707770e-01  -2.1693106e-01   1.4967322e-01   2.3346869e-01   1.0016171e-01   1.7342563e-01  -2.8005492e-01   1.6667761e-01   9.1880361e-02   3.5666482e-02  -1.9824192e-01
  -1.2551818e-02  -9.3683940e-02  -1.8794109e-01   0.0000000e+00  -1.2758310e-01   9.3644786e-02  -2.1090149e-01   2.3841939e-01  -1.5595148e-01   4.7719331e-02   2.4295668e-01  -2.6303259e-01   1.7796839e-01   6.2365923e-02   9.9012351e-02   4.5008856e-01  -2.2081186e-01   5.0676273e-02   2.3437332e-01  -3.2137959e-01   1.5053551e-01   5.2960581e-01   9.8436368e-02   6.2437060e-03   3.6428328e-02   1.2112056e-01   5.2015783e-02   1.3276524e-01  -1.8960483e-01   2.7729659e-02   1.3873914e-02   3.7500633e-01   1.9456317e-02  -2.1704749e-01  -4.3157337e-01  -1.1956641e-01  -2.7107964e-03  -5.1213030e-02   2.5700976e-01  -1.3058627e-01   2.4762253e-01  -7.0441931e-02  -3.2921520e-01   1.1102097e-01  -5.6280645e-02  -1.2767161e-01   1.9464890e-01  -2.3075422e-01  -1.2647331e-01  -1.3494400e-01   3.2205968e-01   2.5692876e-01  -2.2158239e-01  -1.0670519e-01   9.2739725e-02   2.3272865e-01   3.1438574e-01   4.0479939e-01   3.4355900e-01   2.2978139e-01   1.6033285e-02  -1.6097218e-01  -1.2464130e-01  -1.6306693e-01  -7.6315961e-02   4.0779918e-03   1.4558463e-01   3.6764314e-01   3.4167134e-01  -1.0677097e-01  -1.5778861e-01  -1.6879348e-02   1.6514808e-04  -2.8513410e-02  -1.9336490e-01   2.6256650e-01  -1.5521555e-01   3.1006957e-03  -2.7002827e-01  -2.5816609e-01   8.2520970e-02  -2.6587058e-02  -1.4276950e-01   1.4481745e-02   2.4983262e-02   2.1711205e-01  -4.8035049e-02   1.1472681e-01   3.2406994e-02   3.8096767e-02  -1.9004810e-01   1.9494583e-02  -2.4423183e-01  -1.4991678e-01  -7.5146628e-02  -3.9888974e-01  -2.7847202e-01   2.1357899e-01  -2.2219902e-01  -4.6326351e-03  -6.9565082e-03   5.8962422e-02   3.3493581e-01   3.7299197e-01   3.0674886e-01   3.6579408e-01   2.2248114e-02   2.2407508e-01  -1.0904650e-01   8.2910242e-02  -1.3541969e-01   4.6701003e-01  -2.1207071e-02   1.7904677e-01   2.5107263e-02  -2.5154669e-01   3.6502960e-01  -5.8345950e-02   1.5917438e-01   4.7170649e-01   6.5841301e-02  -1.9925408e-01  -2.2768341e-01  -1.8726656e-01  -4.3625874e-02   1.9605060e-01   2.0570869e-01  -1.4526506e-01   4.0247396e-01  -1.3896143e-01   1.6539385e-02   4.0871698e-03   1.5429705e-01  -3.0704231e-01  -1.0727627e-01   2.3948662e-01  -8.4544219e-02   3.6015316e-02   2.6833573e-01   5.8027352e-02  -8.1820304e-02  -2.2502103e-01   4.1570672e-01   1.5656056e-01   6.2118528e-02   1.2592004e-01  -2.9865333e-01  -1.3510716e-01  -3.9398652e-02  -1.1838345e-01   7.7482246e-02   2.2014421e-01   2.4949843e-02  -2.0911121e-01  -1.5035256e-01   1.3014139e-01  -8.8205838e-03   3.9231379e-01   6.9768625e-03   2.3116339e-01  -2.8819090e-01   2.0020631e-01  -5.7618154e-02   1.3969906e-01   3.0515636e-01  -3.2384937e-01  -4.7472553e-02   2.6315851e-01  -4.1285492e-02  -1.5704366e-01  -3.2033603e-01  -2.5520744e-01  -1.1451217e-01   2.4176285e-01  -2.6755317e-02  -2.9792018e-02   5.4866590e-01
   7.7905292e-02   4.3263681e-01   1.8580184e-01  -1.2758310e-01   0.0000000e+00   1.4820226e-01   9.8150876e-02   6.8416827e-02   4.8392902e-01   2.8220592e-01  -9.6876493e-02   2.3586148e-01   1.2229779e-01  -3.2514129e-01  -1.7154523e-01  -1.0952288e-01   1.9646185e-01  -2.1880097e-02  -2.8190149e-01   7.3454253e-01  -3.4831523e-01  -3.7659419e-01  -2.8571917e-01  -1.0662932e-02  -7.8144032e-02  -5.8008418e-03   4.5476918e-01  -4.9022594e-01  -1.9800359e-02   7.9486784e-02  -1.5168750e-01  -2.4423264e-01   7.7138284e-02   1.4952585e-01   2.3378049e-01   4.7870365e-01   1.9496114e-01   1.4957471e-01  -1.8909964e-02   3.2369113e-01   1.1963476e-01  -8.4543377e-02   4.4839514e-01  -4.1771989e-01   4.7826013e-01   2.0331833e-01  -2.4809540e-02   1.9776825e-01   2.7932692e-01   2.7466673e-01  -8.7754561e-02  -1.9977773e-01   4.2416977e-01   3.4085392e-02  -2.9135809e-02  -4.3705166e-01   6.7367031e-02  -3.2282030e-01   1.4969627e-02  -4.8635159e-02   1.1329655e-01   4.5557682e-01   2.8802720e-01   2.6195054e-01   6.0000098e-01   8.2923897e-02   1.2958058e-01   7.9777770e-02  -1.3203798e-01  -3.9700747e-02   3.1481273e-01  -7.8340615e-02   1.6314419e-01  -2.8899923e-01  -2.4099997e-02  -2.0115106e-01   1.5653766e-01  -1.7638388e-01   7.1655784e-01   8.2812801e-02  -5.5388683e-01   2.6480129e-01   1.6866007e-01  -1.0011436e-01  -6.3567782e-02  -2.5347697e-01  -4.9707533e-02  -4.0798772e-01  -8.6318101e-02  -2.6451725e-02   6.4691274e-01   1.2300485e-01   2.6579365e-01   3.0085951e-01   8.5968738e-02   7.0628094e-01   7.3496450e-02   9.4351644e-02   3.9359460e-01   3.7237586e-02  -2.4275612e-01  -5.2492972e-02  -4.6992607e-01  -2.3084546e-01  -3.1783201e-01  -2.6530485e-01   3.8164469e-02   1.4258215e-01   2.8322869e-01  -1.3202257e-01  -8.5419446e-02  -4.4278379e-01   2.1552564e-01  -6.5715801e-02  -2.8500884e-01   5.6202632e-01  -2.7221985e-01   2.0178085e-01  -3.9098499e-01  -1.3854319e-01   4.5454047e-02   6.7960950e-01   3.4427163e-01   3.5529427e-01   1.2666315e-01  -4.2376699e-01   1.0724047e-01   4.9392458e-02  -1.9028695e-01  -8.6341403e-02   1.1269284e-01   3.5337324e-01   1.5269908e-01   7.9728824e-02   3.0827278e-01  -6.6023254e-02   4.7066318e-02  -1.8604067e-01  -7.3475066e-02  -8.1228919e-02   1.4944776e-01  -7.2813133e-02  -4.9566669e-02  -1.9856845e-01  -2.4904808e-01  -4.5104404e-01   3.7369694e-01   1.0570971e-01   1.8303362e-01   2.4262732e-01  -3.9280378e-01  -3.3337787e-01  -8.4377124e-02   2.4134708e-01   3.2708861e-01   1.5589086e-02   1.2227858e-01   1.2694635e-01   9.9779188e-02  -5.0059696e-01  -9.7706644e-02  -7.6436272e-02   3.8633510e-01  -1.3609420e-01  -2.5482144e-02   5.6854153e-01   1.5416412e-01  -2.4153512e-01  -8.4189306e-02   6.0188894e-01   6.1751076e-01  -2.8605153e-02   5.9013715e-02  -1.2825414e-01  -3.2580683e-02  -2.2600178e-01  -1.8442675e-01
   1.3245350e-02   1.0237839e-01   2.1914051e-01   9.3644786e-02   1.4820226e-01   0.0000000e+00   4.5701973e-01  -2.0526637e-01  -2.9503941e-02   1.9217659e-01   3.3042959e-02   4.5431549e-01   7.0329104e-02  -1.4767616e-01  -1.0870358e-01   1.9256888e-01   1.3517818e-01   1.0620064e-01   2.4259153e-02   3.4640969e-01  -1.5932511e-01  -1.1756522e-01  -9.2042654e-02  -1.0743265e-01   2.7081845e-02   6.1296956e-02   4.8679053e-01  -2.9996964e-01  -8.7629913e-02   1.3231364e-01  -3.6861363e-01  -4.0917043e-02  -1.0162515e-01   1.3711815e-01   1.6617034e-01   5.1713648e-01   1.6030865e-01  -2.4880867e-01   4.8851942e-02   3.7900899e-01   4.4308429e-02  -8.4407202e-02   2.9565650e-01  -1.6480866e-01   1.6891376e-01  -1.8813611e-01   3.6157866e-01   3.1907906e-01  -2.0740301e-02   2.3004929e-01   1.3955741e-01  -3.3125460e-02  -7.5334639e-03   1.5016317e-01   3.7448258e-02   1.4877899e-01   5.6354054e-01  -2.9471626e-03   1.9022710e-01   2.0302253e-01  -1.1871506e-01   9.6987920e-02   4.3883530e-02  -2.2850108e-01  -1.4970866e-02   3.7047924e-01   6.8434980e-01  -9.7361539e-02   2.2923911e-01   2.1281048e-01   1.0074533e-01  -3.1442580e-02   1.2752666e-01   2.1513601e-01  -2.0954794e-01  -2.4418299e-01  -1.2041902e-01   7.4099729e-02   1.8183786e-01   3.0759368e-02  -2.8001371e-02   8.4430107e-02   1.3478092e-01  -1.7036651e-01   8.5436200e-03  -2.0467583e-01   2.0216558e-01  -7.6727133e-02   3.7600627e-02  -7.1055243e-02  -2.0181236e-02  -1.5661509e-01   2.5397493e-01   2.6837821e-01  -2.6053942e-01   1.8017641e-01   2.1896459e-02   1.6997702e-01   1.4127846e-01   7.8240319e-04   7.4947379e-02   7.5540241e-02  -5.9487117e-02   1.4095593e-01  -5.4336220e-02  -1.5482466e-01   2.2025257e-02   3.1498055e-01  -1.0233475e-01   5.2653974e-01   3.6040323e-02   1.8797841e-01   3.9020312e-02  -1.5627961e-01  -1.1437669e-01   9.6266179e-02   5.4584099e-02   6.3190136e-02   1.6282986e-01  -8.6248197e-02  -1.5427667e-02   2.4058408e-01  -2.6338927e-03  -1.0669345e-01  -5.6856510e-02  -6.4888428e-02  -3.9878235e-02  -3.0832130e-02  -1.2337643e-01   1.9844065e-01  -3.2672360e-02   8.1425694e-02  -6.7482622e-02  -2.3241398e-01   1.9685040e-01  -3.3622511e-01  -7.2927370e-02  -1.4154842e-01  -1.4698598e-01  -9.3443090e-02  -2.0866218e-02  -2.4565265e-01   2.4590784e-01   2.8505878e-01  -1.0949905e-01  -3.2041635e-01   2.0825441e-01   2.7424682e-01   5.4700604e-01  -7.1834209e-02  -1.4744977e-01   1.1774675e-02  -3.8876123e-02  -1.4392634e-01   2.2573327e-01  -7.1784330e-02  -1.0063817e-01   2.7281131e-01  -1.5219683e-01  -6.5343745e-02  -1.0151171e-01  -1.8442134e-02   1.0789737e-01  -1.4633662e-01   1.4207783e-01   2.3800136e-01  -8.9661055e-02   4.7215376e-02  -5.0521498e-02   2.9435950e-01   9.9998513e-02  -1.9287909e-01  -5.4531926e-02   6.6564269e-01  -6.1360417e-02  -3.5726469e-02  -1.5729232e-02
  -4.8160065e-02  -7.4174112e-02   1.2400760e-01  -2.1090149e-01   9.8150876e-02   4.5701973e-01   0.0000000e+00  -2.2191943e-01   7.7010392e-02   3.3131457e-01   1.5165764e-01   3.8353685e-01  -5.1276189e-02  -3.2836212e-01   2.5313452e-01   4.8306408e-02   2.6323555e-02   1.2977656e-01  -2.0488232e-01   2.8723704e-01  -5.5034193e-03  -1.5480994e-01   3.9197242e-01  -3.0828929e-01  -1.3831038e-01  -5.9060656e-02   3.4571296e-01  -1.0732956e-01  -9.2033454e-02   1.7019627e-01  -1.0047794e-01  -1.6015286e-01  -1.3774164e-01   5.0897635e-01   4.2307023e-01   4.4701562e-01   2.5003402e-01  -3.3007714e-01  -6.9715647e-02   2.0425047e-01  -2.2470371e-01  -1.4599511e-01   4.7231184e-01  -3.1366327e-01   3.0309666e-01  -2.1825027e-01   1.8135655e-01   4.9103953e-01   1.8745192e-02  -2.9498068e-02   1.7421304e-01  -1.2599447e-01   2.0311474e-01   5.6482762e-02  -1.6230018e-01  -2.3917522e-02   9.0221849e-02  -4.8990673e-02  -2.7062260e-02   9.7560079e-02  -2.3101372e-01   2.3217120e-01  -1.4076448e-02  -1.1277084e-01  -3.2986415e-03   4.4278098e-01   2.3142158e-01  -1.8018385e-01   6.2744413e-02   1.5347715e-01   9.0280609e-02   3.5799957e-02   1.7381875e-02   8.2899101e-02  -7.8350922e-02  -3.5331996e-02  -2.8543999e-01   2.4370093e-02   1.2104627e-01  -3.0908470e-02   2.7577878e-01   1.4066126e-01   1.7646141e-01  -2.2028844e-01  -1.0437818e-01  -3.8554905e-02   2.3689838e-01  -2.7190913e-01  -1.2358145e-01  -2.3886185e-01  -2.0312883e-01  -2.2788824e-01   4.7389578e-01   3.2263275e-01  -3.2172813e-01   1.5021762e-01   4.5919279e-02  -5.6187369e-02   9.4746907e-02   3.2854603e-01  -1.8482540e-02   2.1798823e-01  -1.7690814e-01  -9.0780326e-02  -4.4489063e-02  -1.1718787e-01  -1.2607751e-01   4.5003921e-02   9.5564591e-02   3.5173631e-01   3.8497328e-01  -1.0643442e-01  -1.2690255e-01  -3.1409832e-01   6.0009323e-02   4.4644980e-02  -1.1525874e-01  -6.0455844e-02  -6.4152406e-02  -2.0636930e-01  -1.9118978e-01   6.7949492e-02  -9.2798118e-02  -7.8516038e-02  -1.7431214e-01  -2.3774930e-01   2.0760816e-01  -3.0943814e-02  -1.0361412e-01   4.8140483e-02  -4.1076723e-02   3.6749133e-01  -1.6463992e-01   1.6475184e-01   1.1052325e-02  -1.4835503e-01  -2.2657248e-01   3.5301564e-02  -4.3408683e-02  -2.8226382e-01  -9.3279969e-02  -2.0090938e-01   7.5003833e-02   3.4628243e-02   2.4964907e-01  -1.4587453e-01   2.3474880e-01   2.7758526e-01   5.6321285e-01   4.2995775e-02  -1.6950663e-01  -1.5825880e-02  -2.5836799e-01   4.8781769e-02   1.1214154e-01  -1.5737331e-01  -1.8851374e-01  -7.7618713e-02  -2.3950876e-01  -1.1185697e-02   1.5852250e-02   4.6679107e-02   3.5136963e-01  -1.7577715e-01  -1.2087520e-01   3.5631352e-01   2.8824030e-01  -7.0490870e-02  -9.6916935e-02   1.5242847e-01   1.2761169e-01  -1.7219713e-01  -1.0210878e-01   2.4418329e-01  -1.2215136e-01  -6.8605412e-02  -2.8533380e-01
   9.7022500e-02  -1.4482616e-01  -3.9321950e-01   2.3841939e-01   6.8416827e-02  -2.0526637e-01  -2.2191943e-01   0.0000000e+00   6.8225491e-02   1.8402037e-02   3.1818848e-01  -4.6014155e-01   3.3624409e-01  -1.8703924e-01   9.0967662e-02   2.0037830e-01  -3.2721207e-01   1.1215620e-01   1.3350040e-02  -1.6900099e-01   2.1815796e-02   2.8377310e-01   5.5569658e-02   2.0565054e-01   1.1656104e-01   3.5578347e-01  -1.0221661e-01   1.4353571e-01  -2.5058714e-01   1.0166635e-01   1.3841289e-01   1.9139488e-01  -1.4772706e-01  -1.0042317e-03  -2.4232227e-01  -1.5613284e-01   2.3143970e-02   2.1626316e-02   1.1206776e-01  -2.6512626e-01   3.8645033e-01  -1.4942111e-01  -6.0303160e-02   1.2989970e-01   1.5194307e-01   1.2076464e-01   2.3555442e-03  -3.2380734e-01   1.2116127e-01  -2.8553620e-01   3.7171630e-01   5.2367757e-01   1.6276129e-03  -2.0123219e-01  -2.4313363e-01  -1.2852684e-01   1.5774160e-02   2.3357615e-01   1.7392191e-01   2.7836978e-01   1.5880875e-02  -5.6971633e-02   6.5769864e-02   2.2166188e-01   1.9668134e-01  -5.2935826e-02  -1.5855040e-01   1.5485606e-01   3.1297746e-01  -3.5168118e-01  -1.5136121e-01  -2.8711917e-02   3.0368288e-01  -3.7740784e-01   7.0291286e-03   4.8007758e-01   8.2138019e-02  -8.6940171e-02  -8.1956491e-02  -7.3451649e-02  -2.1886099e-01   1.4989648e-01  -2.4590134e-01   2.3168704e-01  -1.2977111e-01   3.1461302e-01  -4.3353666e-01  -1.5431370e-01  -6.7764113e-02   1.2361663e-01  -6.4109735e-02  -1.1688049e-02  -2.6382854e-01   3.8031863e-02  -1.6938315e-02  -1.1282844e-01  -6.4524732e-02   2.8177851e-01   1.0523675e-02   1.3445693e-04  -3.6913261e-01   3.8527483e-01  -1.3752984e-01  -3.6210894e-02   2.1801660e-01   3.0077897e-01  -3.3806640e-02   4.2591797e-01   9.1076996e-03  -3.3445295e-01  -2.3907262e-01   4.3434019e-02   1.3051966e-01   2.7556128e-01  -3.2339151e-01  -8.7552109e-02   1.7850476e-01   3.1557117e-01  -2.8420292e-01   1.9043673e-01   4.0923264e-01  -1.6214354e-01  -1.1306642e-01   1.4416017e-01   2.2927859e-01  -6.7411319e-02  -1.0478184e-02  -1.5167827e-01   4.2055802e-01  -4.8749253e-01   2.4473558e-01   1.3823550e-01   1.8850465e-01   6.1106113e-02  -4.6998023e-02   4.8751068e-01   4.8059806e-02  -3.4706229e-02   3.6231505e-01   5.8854571e-02  -2.7382303e-02   1.6460886e-01   3.8076917e-01  -3.0296094e-01   1.0891569e-01   2.0262881e-01  -3.5124471e-01  -6.7144673e-02  -1.2877352e-01   9.9917788e-02  -1.8172484e-01  -1.2042744e-01   3.8576641e-02   3.3190851e-02  -2.6671480e-01   2.1734585e-01   2.8851510e-01   2.2113183e-01   6.5143140e-03  -1.4598113e-01  -1.3874338e-01   4.1842449e-01   7.0284894e-02   1.2179590e-01   1.6200783e-01  -1.2315480e-01   4.5548156e-02   1.1077876e-01   1.4718136e-01  -1.5174543e-01  -3.3761688e-03  -9.1790928e-02   7.0250415e-02  -2.9184090e-01  -7.3606865e-02  -1.2480732e-01   4.2799263e-01
  -1.7798514e-01   5.9628418e-01   1.5440809e-01  -1.5595148e-01   4.8392902e-01  -2.9503941e-02   7.7010392e-02   6.8225491e-02   0.0000000e+00   2.8223011e-01  -1.8051449e-01   2.1213444e-01  -8.9168666e-02  -2.7473856e-01  -9.9257783e-02  -6.1563168e-02   1.5872912e-01  -9.3822486e-02  -2.4793826e-01   2.9994478e-01  -3.5251193e-01  -4.4040458e-02  -1.8657536e-01   4.0258844e-02   1.3014708e-01  -8.8341314e-02   2.3391466e-01  -1.7749850e-01   1.6010348e-01   3.6186484e-01   4.4158378e-02  -4.4984868e-01  -3.1725856e-02   2.0837961e-01   2.0400741e-01   1.1018687e-02   9.5084952e-02   1.0520107e-01   1.2182348e-01   3.3317227e-01  -6.6245620e-03  -1.5719950e-01   4.2134517e-01   3.4231025e-03   2.6312202e-01  -1.4740289e-01  -2.9437641e-01   4.3452792e-01   3.0846409e-01   2.1663021e-01  -1.5198988e-01  -1.0950345e-01   6.4190083e-01  -5.0698697e-02   1.8566378e-01  -3.7780237e-01  -9.2919677e-02  -1.3582463e-01   7.8488748e-03  -7.3544615e-03  -9.0932164e-02   2.6211056e-01   5.1366989e-01   3.5704722e-01   5.8770970e-01  -1.3585929e-01   3.6463153e-02  -1.6058231e-02  -1.4854852e-01   6.8050152e-02   4.8336276e-01  -2.7998574e-01   5.0209983e-02  -2.8930909e-01   2.3853832e-01  -1.7737267e-01   5.3165468e-02  -2.0992550e-01   4.7030975e-01   1.2854643e-01  -3.1937397e-01   2.9768990e-02   2.4253209e-01  -8.2647990e-02  -7.8896465e-02  -2.7811539e-01   8.7618521e-02  -2.1775377e-01   2.3046084e-01  -1.0515929e-01   4.3014082e-01   2.3680195e-02   1.7048905e-01   3.1758390e-01   3.1729805e-02   2.8250772e-01   6.8122270e-02  -7.5424222e-02   1.9725480e-01  -1.0520391e-01  -4.7234514e-02  -9.7964256e-02  -2.6511411e-01  -3.3522173e-02  -3.4579620e-01  -2.2746751e-01   1.4025013e-01   1.5783270e-01   7.7789660e-02  -1.8789339e-01   1.0387161e-02  -3.8480055e-01   3.8727224e-01  -1.4513948e-01  -1.6149559e-01   3.5005407e-01  -2.6531683e-01  -7.0864198e-03  -2.5462180e-01  -2.5622556e-01  -5.2480207e-02   2.9784668e-01   1.8466145e-01   3.3552168e-01  -7.0331697e-02  -3.4608475e-01   2.6442567e-02   1.7427447e-01  -2.6189519e-02   6.6128776e-02  -6.6521015e-02   2.1818979e-01  -6.6935356e-02   2.6896639e-01   2.6950768e-01  -1.2782747e-02  -6.4883232e-02   1.0943867e-01  -8.7676840e-02   8.7702854e-02  -5.9268822e-02  -7.6779612e-02  -1.8248124e-01  -4.9721366e-02  -2.0637353e-01  -3.2785000e-01   3.1265499e-01  -2.6563714e-02  -7.2468396e-02   2.8883241e-01  -2.7476303e-01  -1.2752851e-01   1.7106367e-02   3.3092729e-01   4.1257695e-01   1.6487929e-01   3.1878051e-02   4.8724136e-02  -9.0638372e-02  -2.7279254e-01   8.9345158e-02  -1.2047579e-01   2.8750974e-01  -2.7562353e-01  -6.7183879e-02   3.3849992e-01   2.8200386e-03  -2.0827022e-01   3.8032338e-02   4.9280821e-01   3.7957704e-01  -8.9288866e-02  -3.4576599e-02  -1.8463082e-01  -4.5072889e-02  -1.5839626e-01  -2.2328352e-02
  -1.0158244e-01   6.7937727e-02   1.5951247e-01   4.7719331e-02   2.8220592e-01   1.9217659e-01   3.3131457e-01   1.8402037e-02   2.8223011e-01   0.0000000e+00   1.1894970e-01   3.7489478e-02  -7.2123565e-04  -5.1517310e-01   3.0483414e-01   2.0123502e-01   1.4539442e-01   4.1629611e-02  -1.6748844e-01   4.2808857e-01  -6.6112614e-02   3.6132824e-02   3.0333953e-01  -2.4217581e-01  -5.9195186e-02  -1.0868043e-01   2.4652369e-01  -9.6135993e-02   4.2432523e-02  -1.3113270e-01  -5.0703368e-03  -2.0828087e-01  -4.1358513e-02   5.8156128e-01   3.7649614e-03   3.2124592e-01   5.7049574e-02  -8.7994966e-02  -3.7401094e-02   3.0965884e-01  -7.1331049e-03  -2.4536337e-02   3.9286966e-01  -2.0354506e-01   2.1532948e-01   1.1376383e-03  -2.4226333e-02   8.1286697e-02  -1.1589480e-01   1.7219650e-01   1.0698487e-01   8.6402294e-03   4.1187828e-01   1.1886070e-01  -2.8510574e-01  -2.1247026e-01   1.0547564e-01   1.6459429e-02   1.0402319e-01   6.0728733e-02   8.7378795e-02   8.8917250e-02   2.1782670e-01   1.9440109e-02   2.7187235e-01   1.7353827e-01  -3.1844853e-03   7.5872570e-02  -6.3506604e-02   1.7223489e-02   2.4255369e-01  -1.4340372e-01   1.0770259e-01  -1.0828356e-01  -1.2056115e-01  -2.1494828e-01  -6.7588515e-02  -9.7813064e-02   1.7288259e-01   6.4084872e-03  -1.3285279e-01   2.4125624e-01   1.0480907e-01  -2.6618920e-01   5.7306641e-02  -1.9779857e-01  -1.3078217e-01  -4.4729279e-01   1.8267810e-02  -9.3938607e-02   2.1765720e-02   9.0000176e-02   4.9247925e-01   1.3804027e-01  -6.5335998e-02   1.8203026e-01   1.0171720e-01   3.0117188e-02   1.0485191e-01   3.9620174e-01  -1.9398762e-01   1.4728974e-01  -4.5742086e-01  -2.9349531e-01  -1.7301518e-01  -7.7956455e-02   3.1037481e-02   2.5812723e-02   3.4715682e-01  -1.2062918e-01   2.6660109e-01  -3.2580501e-01   2.8980809e-01  -8.6070651e-02  -2.0083459e-02   4.9279467e-02  -7.9441798e-02   9.6277002e-02  -2.8199301e-01  -5.2214155e-02  -7.9542048e-02   1.6698215e-01   1.2440177e-01   2.0900574e-02  -1.1791296e-02  -5.4117940e-01   3.5900360e-01  -8.8644228e-03   6.7257054e-02  -7.9042685e-02   1.4658929e-01   5.1376222e-01  -1.7441758e-01   1.1488501e-01   1.7842692e-01  -3.0102939e-01  -2.3171909e-02  -6.8411883e-02  -1.9739248e-01  -2.0397468e-01  -9.4427808e-02   1.4312834e-02   8.6200112e-02  -6.6294279e-03   2.9293267e-01  -2.6198468e-01   2.0240596e-01  -5.3046439e-02   1.7752364e-01   3.3011875e-01  -1.6461086e-01  -3.2713158e-01  -1.9478916e-03   8.9071151e-02   1.4692142e-01  -4.1032545e-02   5.1025961e-02   1.7818950e-01   9.1071587e-02  -4.0701371e-01  -2.9422894e-03  -4.6581067e-02   4.8382352e-01  -1.9526999e-01   7.4856533e-02   2.6782549e-01   9.6068555e-02  -1.3569673e-01   1.4808369e-01   2.6654061e-01   1.8781095e-01  -1.5251772e-01  -1.0979172e-01  -1.0171557e-01  -2.2049031e-01  -1.4147072e-01   8.0108686e-02
  -3.2923658e-02  -5.7433752e-01  -5.2198357e-01   2.4295668e-01  -9.6876493e-02   3.3042959e-02   1.5165764e-01   3.1818848e-01  -1.8051449e-01   1.1894970e-01   0.0000000e+00  -3.3872679e-01   1.0727643e-01  -1.6188112e-01   3.0767868e-01   2.3275579e-01  -4.2959521e-01   5.4629295e-01   5.9830116e-03  -1.6131116e-01   1.9584707e-01   3.9259195e-01   4.1173245e-01  -9.8859837e-02  -1.0607680e-01   2.1472188e-01  -1.2123337e-01   1.7388051e-01  -3.9528677e-01   2.7232711e-01   3.8315272e-02   2.8547959e-01  -2.3503284e-01  -6.2068945e-02  -1.8562463e-01   3.2299816e-01   1.7775111e-01  -3.3733239e-01   4.5926633e-02  -4.5555437e-01   1.1945375e-02  -3.0681120e-01  -5.3030510e-02   9.2331862e-02   2.1883859e-01   2.1355320e-02   6.1132306e-01  -1.3438811e-01   1.6141288e-01  -6.4175130e-01   7.0016874e-01   3.2653834e-01  -2.2158781e-01  -2.5842985e-01  -2.3591875e-01   2.3127620e-01   1.8989456e-01   4.8925855e-01   1.5631528e-01   2.5624643e-01  -2.8248239e-01  -9.7834462e-02  -1.1859782e-01  -7.7632400e-02  -3.4132403e-02   3.8018923e-01  -1.3403069e-01  -9.8875750e-02   6.3253486e-01  -2.7259143e-01  -4.8252704e-01   2.7614640e-01   1.8374257e-01  -1.1775926e-01  -2.0151373e-01   4.8786525e-01  -4.0592876e-01   8.3714884e-02  -2.8333337e-01  -1.8077346e-01   1.4412875e-01   1.7789546e-01  -2.4420332e-01  -1.9132433e-01  -2.5117261e-01   5.7077535e-01  -1.6820260e-01  -1.9397187e-01  -1.2579013e-01  -3.3585875e-02  -3.5631373e-01  -4.4919102e-01  -1.3432420e-01   1.0144360e-02  -2.9837896e-01  -1.6587204e-01  -3.9274489e-02   8.1216234e-02  -1.1415935e-01   6.4487388e-02  -1.9680965e-01   6.1605999e-01   1.5558140e-01   6.1086130e-02   5.4769702e-01   4.2044262e-01  -3.1734315e-01   3.7181606e-01   7.3395191e-02   1.2330350e-01   5.5271985e-02   4.3401263e-01   5.0827351e-02   2.3345836e-02  -4.9703383e-02  -1.0178907e-01   3.2682521e-01   8.2336101e-02   2.9700607e-02   2.2006335e-01   1.1376090e-01  -4.0956042e-01  -3.8396053e-01   9.0131795e-02  -3.3405370e-02   2.4535169e-02   2.8157731e-01  -4.9932164e-01   3.1757978e-01  -2.7417979e-01  -4.7833321e-02   3.7263682e-01  -1.6770239e-01  -1.3189594e-02  -1.2526788e-01   2.9549707e-01  -2.5402505e-01  -2.8712821e-02   4.2471781e-01   2.0985597e-03  -7.6316580e-02   7.8949787e-02   6.6568716e-01  -6.0566000e-02   4.0586628e-01   3.3966626e-01  -4.7725431e-01   4.0144102e-01   3.1726058e-01  -2.1777792e-01  -7.7384421e-02  -4.6261491e-02  -2.0168833e-01   3.0163956e-01  -5.5743711e-01   1.2286469e-01   1.6157752e-02   2.4869223e-02  -2.9841533e-01   1.5785673e-01  -2.1286079e-02   6.1345206e-01   2.5655330e-01   3.7096353e-01   2.0285511e-01  -8.1285054e-02   4.5805833e-01   1.5443690e-01  -1.2192444e-01  -3.2093573e-01  -2.0823702e-01  -2.8600996e-01   1.4287768e-01   7.7104535e-03  -1.5973775e-01  -9.1117469e-02   1.8507144e-01
   9.9837281e-03   5.1388666e-01   5.3066961e-01  -2.6303259e-01   2.3586148e-01   4.5431549e-01   3.8353685e-01  -4.6014155e-01   2.1213444e-01   3.7489478e-02  -3.3872679e-01   0.0000000e+00  -3.7359578e-02  -5.1643431e-02  -2.0776774e-01  -1.2323963e-01   4.2318087e-01  -2.8726135e-01  -2.8537425e-01   3.8366978e-01  -3.8232695e-01  -4.0369612e-01  -2.8415838e-01  -8.2629067e-02   3.1492182e-02  -1.7059177e-02   4.8421993e-01  -3.3913037e-01   2.0673403e-01   8.9292530e-02  -4.1368459e-01  -2.4633127e-01  -4.4453474e-02   9.5543168e-02   5.0932153e-01   1.9553175e-01  -5.5599825e-03  -9.4323773e-02  -9.2341994e-02   5.4165037e-01  -4.2087884e-03   7.5965564e-03   3.4834890e-01  -3.6979870e-01   1.3738722e-01  -1.0546562e-01  -2.2630934e-02   4.1837596e-01   4.5403041e-02   4.2287243e-01  -3.1690690e-01  -3.3104268e-01   2.0190017e-01   2.6252527e-01   2.8955183e-01  -1.4289481e-01   1.1486792e-01  -2.6620560e-01  -9.0585707e-03   5.1312595e-02  -7.3110438e-02   2.4140533e-01   7.5789539e-02  -1.0043050e-01   7.7657209e-02   1.7661679e-01   2.8261854e-01  -5.8702851e-02  -2.6916610e-01   4.8207369e-01   3.9647909e-01  -3.9941565e-02  -7.9849694e-02   3.3023845e-01   1.1517766e-01  -3.9954936e-01  -9.2373176e-02  -6.5663815e-02   4.0843729e-01   1.6684476e-01  -9.9118777e-02  -2.0726809e-02   1.9684999e-01  -1.7723135e-01   1.1274285e-01  -3.9422553e-01   3.1750044e-01  -2.2074618e-03   1.6110342e-01   2.4969963e-02   3.9139282e-01   4.4490780e-02   2.8658772e-01   3.3174612e-01  -1.4605701e-01   2.8522611e-01   2.0400937e-01  -1.2167142e-01   2.1237700e-01  -1.3494491e-01   2.3214151e-01  -2.4828477e-01  -2.5381954e-01   2.6943696e-02  -3.4332505e-01  -2.9703877e-01   4.8998409e-02  -1.1109706e-01  -6.0065823e-02   2.2342618e-01   7.8254213e-02  -1.4848242e-01  -5.9808827e-02  -1.7699538e-01  -1.6182073e-02   3.4769413e-01  -1.6746432e-01   3.0707782e-02   4.5921152e-02  -3.7689185e-01  -3.2834973e-01   5.2992121e-01   4.0813768e-01   7.7075443e-02  -1.0477549e-01   6.8968567e-02  -1.3615430e-01   2.4463806e-01  -2.7116774e-01   3.7747224e-01  -2.6594996e-01  -7.3187770e-02   2.8109338e-02  -7.4788157e-02   2.0247012e-01  -3.6242829e-01   6.6637101e-02  -1.8286918e-01  -2.9174220e-01  -6.4997212e-02   8.7620943e-02  -2.6295996e-01  -1.4479275e-01   1.8504750e-01  -1.7781699e-01  -4.7434033e-01   7.0166747e-01   1.2185501e-01   2.7083347e-01  -7.6411802e-02   3.9711153e-02  -1.1980090e-01   5.7979126e-03  -2.9691373e-02   4.9437824e-01  -1.5437047e-01  -2.5874864e-01   6.3699418e-02  -9.5898019e-02  -1.8085402e-01   1.3428877e-01  -3.2851332e-01   9.5874207e-02  -3.1392323e-01  -1.2067528e-01   4.3078878e-01  -1.1360217e-02  -2.6236585e-01  -1.6339186e-02   3.6770339e-01   4.4325575e-01  -1.2886515e-01  -1.3379524e-01   2.3505026e-01   1.8127347e-01   9.0913000e-02  -2.7528830e-01
   1.4810354e-01  -6.2574300e-02  -5.2805723e-02   1.7796839e-01   1.2229779e-01   7.0329104e-02  -5.1276189e-02   3.3624409e-01  -8.9168666e-02  -7.2123565e-04   1.0727643e-01  -3.7359578e-02   0.0000000e+00  -1.8587250e-01   8.8757544e-02   6.8076096e-02  -3.4325310e-02  -2.7160374e-01  -2.9466694e-02   2.9848474e-02  -1.8923278e-01   1.2792909e-01   1.5641783e-03   1.9207241e-01  -1.1313383e-01   3.0252202e-01   2.3784897e-01  -8.3093404e-02  -2.1334269e-01  -2.5171973e-01  -3.9135918e-01   2.2046397e-01   1.6050200e-02  -1.8230037e-02  -1.1588153e-01   6.2624680e-02  -1.2829390e-01  -1.7789314e-01  -2.4044118e-01   2.0734790e-02   4.9273781e-01   1.3634531e-01  -9.7076088e-02  -1.4881803e-01   8.2246387e-03   1.2088627e-01   1.0993692e-01  -4.2885519e-01  -1.6541235e-01  -2.5809567e-02  -2.0622089e-03   4.1780905e-01  -2.5025851e-01   1.9848516e-02  -2.4381186e-01   1.4373400e-02   1.2089222e-01   9.3090348e-02   1.5441162e-04   2.4316444e-01   2.4260643e-02  -2.2908733e-01  -2.9648082e-01  -1.4403953e-01   2.2878266e-02   1.2096330e-01  -9.9749692e-02   1.5305602e-01   4.4118780e-02  -1.0235401e-01  -1.5137386e-01  -9.9584412e-02   3.3703020e-01  -2.0982772e-01  -6.9122442e-02   1.2770701e-01  -5.1583521e-02   2.2345063e-01  -4.1453433e-02  -1.2714299e-01  -1.2840300e-01   3.3199591e-01  -4.1807247e-01  -5.0917014e-02  -1.9735236e-01   1.8965169e-01  -4.1943953e-01   1.3035560e-01   3.6151943e-02   1.3892660e-01   3.7571255e-02   1.8997495e-02  -4.9929601e-02  -1.2802500e-01  -1.7455423e-01   1.1177939e-01  -2.5136964e-01   1.7091264e-01  -1.0127198e-01   7.1440068e-02  -3.2607462e-01   2.6431755e-01  -1.9604663e-01  -6.9576433e-02   1.8259799e-01   1.3326169e-01  -1.1104573e-01   1.8362941e-01   1.1586015e-01  -1.7973972e-01  -2.7558095e-01   9.7015720e-02  -1.1457358e-01   1.9666972e-01  -3.0001168e-01   8.3314965e-02   1.8949150e-01   6.7843442e-01  -2.0340909e-01   1.4144625e-01   3.4665667e-01   1.9493076e-01   2.1114934e-01  -2.4486781e-02   7.3518065e-02   5.0988280e-02   4.1056629e-02  -9.5770354e-02   2.9238418e-01  -3.1113379e-01   4.3561370e-01  -1.6455356e-02   1.4934049e-01  -3.2862298e-01   6.9024837e-02   1.4031113e-01   2.0070825e-01  -2.7401600e-01   2.6765057e-01   3.8876265e-02  -1.6104489e-01   3.4964106e-01   3.6147479e-01  -2.5331379e-01   1.6029844e-01  -4.2180191e-02  -4.6820345e-02  -1.1813732e-01   5.3294948e-02  -1.9232888e-01  -1.4140384e-01  -1.9077122e-01  -2.5168913e-03  -1.9706729e-01  -1.5112025e-01   1.9880865e-01   2.1154887e-01   2.2237794e-01   4.4531376e-02  -1.0043642e-02  -4.4883672e-01   1.9455260e-01  -2.4038213e-03   6.3212002e-02   1.4822339e-01   8.3599640e-02   8.1084210e-02   2.8041903e-01  -1.3871298e-01  -9.5620297e-02   1.7217054e-01  -1.5387157e-01  -2.4655101e-01  -1.2353222e-01   3.4252437e-02  -3.0342288e-01   6.0999216e-02
   3.9470503e-01  -6.9546355e-02  -7.3939649e-02   6.2365923e-02  -3.2514129e-01  -1.4767616e-01  -3.2836212e-01  -1.8703924e-01  -2.7473856e-01  -5.1517310e-01  -1.6188112e-01  -5.1643431e-02  -1.8587250e-01   0.0000000e+00  -1.5866907e-01  -1.6718298e-02  -6.5521628e-02  -1.3650905e-01   2.3156998e-01  -2.6993102e-01   1.7456278e-01   2.8421367e-02  -1.7823552e-01   2.4753300e-01   6.4665035e-03  -1.3322448e-02  -3.0878154e-01   3.6187235e-01   7.2048853e-02  -8.0674284e-02   1.2208254e-01   1.4358733e-01   9.7121060e-02  -4.9377543e-01  -1.4381444e-01  -2.6856806e-01  -1.4857477e-01   2.4618873e-01   2.9949796e-02  -2.4622553e-01  -1.3701145e-01   1.4512405e-01  -4.2567710e-01   3.5205397e-01  -3.7781815e-01   2.1266742e-01  -3.0804693e-02  -1.3543665e-01   5.1586006e-02  -7.8090051e-02  -1.0981915e-01  -2.7021939e-02  -4.1236706e-01   8.1730456e-02   3.3128763e-01   4.1469727e-01   2.8381861e-04  -6.9022510e-02   1.2738058e-02  -1.9107875e-01   1.5182247e-01  -1.6405559e-02  -2.1028014e-01  -1.1526617e-01  -3.3210491e-01  -1.6227093e-01   8.6199999e-02  -2.1687062e-02  -8.8002605e-02   4.9841068e-02  -2.5573764e-01  -2.4961590e-02  -1.6319553e-01   3.6357795e-01   6.4556444e-02  -5.9830463e-02   1.1422932e-01   1.2263692e-01  -1.7729021e-01   7.6982113e-02   2.4362897e-01  -2.3921871e-01  -4.5628589e-02   3.2624222e-01   2.9410075e-01  -2.9314540e-02   2.6886196e-01   4.6510249e-01  -1.3196213e-01   2.5050415e-01  -1.0484711e-01  -8.1348955e-02  -3.4418560e-01  -2.6435257e-01   3.2300116e-01  -2.0275548e-01   7.4564219e-02  -3.3857898e-02  -4.9723568e-02  -2.1175222e-01   4.3300738e-01  -2.8840778e-01   5.3214028e-01   3.1050348e-01   2.5835922e-02  -4.3908872e-02   7.6738903e-02  -2.3841487e-01  -1.9987839e-01   4.4918831e-02  -1.4916820e-01   2.7584161e-01  -4.0804279e-01   2.8985371e-01   3.0843795e-01  -1.9756598e-01   1.4488305e-01  -1.6554490e-01   5.0905126e-01  -3.4965880e-02  -3.3507890e-02  -1.4564249e-01  -1.3875316e-01  -1.8378441e-01   1.6155962e-01   4.5798123e-01  -1.6625013e-01   8.8236329e-02  -2.5062037e-01   2.4287136e-01  -1.8782300e-01  -5.0713719e-01   3.7334655e-01  -2.3751594e-01  -2.8547354e-01   6.1192086e-02  -1.2060331e-01   2.6739283e-01  -5.1165960e-02   3.8857271e-01   4.8422505e-01  -1.2694213e-01  -1.6909054e-01   1.9756872e-01  -2.6506020e-01   1.7177714e-01  -2.1064661e-01  -1.3936276e-01  -1.4551929e-01  -1.5833485e-01   4.4820241e-01   4.0076049e-01   1.4561830e-01  -1.4797506e-01  -1.1771336e-01   1.0742777e-01  -3.1561230e-02   1.3353312e-02  -2.3086896e-02   4.3438524e-01  -2.3708789e-02  -1.6908105e-01  -4.8962778e-01  -3.7028340e-02  -1.5041816e-01  -3.5492863e-01  -8.5037553e-02   2.3731906e-01  -1.3056192e-03  -3.1469659e-01  -2.0712116e-01   3.2929561e-01  -1.5242685e-01   1.8458834e-01   2.0604340e-01   7.8365037e-02  -1.1152950e-01
