   0.0000000e+00  -4.8988660e-01   4.7630340e-01   1.1032994e-01  -3.2727241e-01  -2.6176739e-01  -4.4588911e-01   3.1167263e-01   3.6285971e-01  -1.1692867e-01  -2.5300461e-01  -1.1803722e-01   4.5445721e-02   3.3956093e-01   3.1063972e-02  -3.5519811e-01   3.6688152e-01   8.8485518e-02   3.5128767e-01  -2.6479327e-01  -3.7169425e-01   2.5983795e-01  -2.9681989e-01   5.9273116e-01   7.2409629e-02   4.4527636e-01  -4.8692072e-01  -5.0034587e-02  -4.5844028e-02   4.6563186e-04  -2.5054441e-01   2.9617470e-01  -1.7533076e-01  -2.7313650e-01   4.2967745e-01  -4.3312584e-01  -1.8963949e-01   6.9276646e-01  -4.6156099e-01  -3.9968149e-01  -1.7593506e-01  -4.1039336e-02   3.6620909e-01  -1.0006870e-02  -1.3930514e-01   8.2363734e-01  -2.3623300e-01  -5.7182789e-01  -1.2255182e-01   3.0226909e-02   1.7354568e-02   3.2636994e-01  -4.3941960e-01  -4.7199457e-02   8.0754677e-02   5.5635974e-02   2.3171205e-01   2.9828226e-01   4.5538801e-02   4.3353515e-01   4.9749672e-01  -1.5923337e-01   2.5729767e-01  -2.2381704e-01  -2.2928889e-01  -3.0385065e-01  -2.8071423e-01  -2.8702995e-01  -1.5661679e-01   5.6041656e-01  -5.0482405e-01   3.1105853e-01  -3.3803197e-01   6.0300281e-01   1.4135119e-01   3.0868424e-01   6.3220213e-01   2.1557160e-01  -2.3534118e-01   2.0266113e-01  -1.3891696e-01  -2.5292889e-01  -4.9853680e-01   3.8476278e-01   1.3596858e-01   2.5801816e-01   3.6344582e-02   2.8542155e-01  -1.4876684e-01   7.9458884e-01  -1.9667481e-01   5.7268172e-01  -4.6149463e-01   5.0014244e-01   5.8810213e-01  -1.2536040e-01  -1.5420309e-01   2.2281209e-01   3.5703690e-02  -1.6953088e-01  -2.4495669e-01   7.1451526e-02  -8.2348265e-02   3.8583119e-01   2.8164593e-01   2.0854655e-01  -1.1752890e-01   1.1732048e-01  -1.4505833e-01  -2.9768392e-01  -4.0982781e-01   9.1465770e-02   3.2058671e-01   7.5664100e-01  -1.5628950e-01  -4.1369830e-01   2.1356446e-01  -1.6538801e-01   2.1524660e-02   2.8185733e-01   6.8000207e-01  -2.4867029e-01   9.7692183e-02  -3.2959228e-01   7.0554937e-01   5.8356537e-01  -2.9803406e-01  -1.1641959e-01   4.7134329e-01   1.1802345e-01  -3.9128133e-01  -3.9930699e-01   6.1131440e-01  -3.3361135e-01   4.7957694e-01   1.4225357e-01   1.9597881e-01  -4.4844722e-01   1.7970963e-01   8.1717116e-01   5.9359681e-01   6.6146429e-02   1.5599646e-01  -8.9231237e-02  -1.3657622e-01  -1.3996215e-01  -4.5031501e-01  -2.7158928e-01  -3.1488399e-01  -9.0708951e-02   4.3471420e-01  -1.9390945e-01   3.6869514e-01  -2.5482330e-01   4.3639742e-02   6.3977817e-01   6.9129157e-01   8.3443682e-02   6.0141969e-01   1.1488940e-03   1.9052688e-02   2.1044094e-01  -1.2300264e-01   2.5465515e-01   3.0551945e-01  -3.5823535e-01  -4.6048093e-01   2.3955496e-01   5.8088959e-01  -5.0019008e-01  -3.0323991e-01   4.7336131e-01   1.4586239e-01  -8.4569538e-02   7.2007662e-02  -9.5669709e-02   3.8358782e-01
  -4.8988660e-01   0.0000000e+00  -1.2080622e-01  -2.7568892e-01   2.7489213e-01  -1.1777573e-01   3.2594681e-01  -1.8361029e-01   7.1130513e-02   2.5935319e-01  -7.2395824e-02   4.8034762e-01  -2.4768915e-01  -3.6001617e-01   7.9220275e-02  -8.4822161e-02   6.7358658e-02  -3.6864464e-01   3.0551530e-02   1.9884540e-01  -1.6856401e-02  -5.9965771e-01  -9.3339394e-02  -3.0042689e-01   1.8870135e-01  -2.8839230e-01   2.6078674e-01  -2.6291165e-02   1.5361148e-01  -1.4278395e-02   3.7685412e-01  -3.9282030e-01  -5.2532523e-02   4.3199567e-01  -2.4350286e-02   1.8242958e-01   2.6917015e-01  -5.1865608e-01   1.4235549e-02   4.1598174e-01  -1.0810710e-01  -8.4731778e-03  -8.8161124e-02   8.3583955e-02   5.1035729e-03  -5.4668226e-01  -2.6685397e-01   7.0911233e-01   1.6182995e-01   1.6948533e-01  -4.6970151e-01  -2.5716633e-02   3.6518254e-01   2.1965533e-01   6.2299054e-02  -8.4337821e-02  -2.8892110e-01  -4.9178054e-01  -2.8633145e-01  -1.4718172e-01  -2.7763131e-01   1.0150477e-01   2.6548058e-01   5.2884871e-01   4.9436935e-01   1.7895821e-01  -9.6442112e-02   2.7110202e-01  -4.3049797e-01  -2.8016855e-01   6.9684607e-01  -4.9823287e-01   2.1142142e-01  -4.7944898e-01  -1.2483782e-02  -1.5639534e-01  -5.0242141e-01  -8.8490268e-02   3.6905580e-01  -8.3844468e-02  -1.1282272e-01   6.8108281e-02   4.9807203e-01  -4.0050988e-01   1.4491418e-01  -1.3107274e-01  -5.1123924e-03  -8.4158153e-02   5.6635840e-01  -4.6176638e-01   4.4989665e-01  -3.1284359e-01   2.7722381e-01  -1.8408807e-01  -5.4012636e-01   5.9019301e-02  -2.0307357e-01  -3.0397416e-01   3.8264365e-02   2.8785544e-01   3.1093098e-01  -1.2846214e-01  -1.6707643e-01  -1.5690417e-01  -5.3308292e-01  -3.0377016e-01   3.7667792e-01  -3.3692144e-01   2.2048911e-02  -1.4170471e-01   4.4728665e-01  -3.6887981e-01  -8.6320108e-02  -5.0527806e-01   2.0137593e-01   5.8547927e-01  -2.8676568e-01   4.3221867e-03   1.6781275e-02  -5.4000420e-01  -4.3450125e-01   2.9217692e-01   2.8257836e-01   2.5833540e-01  -4.9892007e-01  -2.3473354e-01   6.1668504e-02   2.9359350e-01  -3.9393695e-01   1.6024840e-01   1.0427698e-01   2.8517333e-01  -3.5984125e-01   3.2726304e-01  -3.0594667e-01  -2.5698421e-01  -5.2236767e-02   2.9768907e-01  -1.9292803e-01  -5.0489875e-01  -2.4339807e-01  -1.2471174e-01  -3.9464944e-01   3.5839277e-02   1.3833408e-01  -1.4842176e-02   5.5528716e-01   1.0821800e-01  -2.3196428e-01   5.2410211e-02  -2.4068674e-01   3.4727807e-02  -1.3719559e-01   2.9743171e-01   3.0948915e-01  -4.6543453e-01  -4.9792717e-01  -3.7012775e-01  -2.5751031e-01  -2.1914508e-02   8.7116055e-02  -2.7225764e-01  -1.2982531e-02  -5.4685659e-01  -2.3296329e-01   5.7848470e-01   3.6683473e-01  -3.1574666e-01  -2.7350848e-01   5.6851513e-01   3.9133724e-01  -4.8887696e-01  -2.3533927e-01  -1.2394586e-01  -5.7293477e-02   2.4826392e-01  -3.8961234e-01
   4.7630340e-01  -1.2080622e-01   0.0000000e+00  -8.4343740e-02  -4.6110356e-02  -2.4425558e-01  -3.1564783e-01   4.4625479e-01   3.0612636e-01   2.4108637e-02  -3.7717788e-01   3.5403927e-01   9.3597197e-02   7.2985770e-02   2.0697365e-01  -4.0708883e-01   8.7918224e-01  -1.2432930e-01   2.7436592e-01   1.1147170e-01  -5.3666933e-01   7.5940459e-02  -2.5482606e-01   4.4601014e-01   6.9563850e-02   2.0886068e-01  -1.4674357e-01  -5.1865711e-02   1.5786894e-02  -1.1298044e-01  -1.6729712e-01   2.7050650e-01  -2.1102881e-01  -1.1345046e-01   4.0253161e-01  -2.2392390e-01  -3.4755448e-01   3.2642130e-01  -4.7176808e-01   8.4994952e-02  -1.5579730e-01   3.2065547e-02   1.4483490e-01   4.4166622e-02  -2.3956429e-01   4.0945800e-01  -2.4165221e-01  -3.9550704e-01  -1.6188979e-01   4.8614328e-01  -1.4491561e-01   3.8520909e-01  -5.0102089e-01   2.7057376e-01   5.6770815e-02   1.7281118e-01  -1.2326333e-01   1.9743733e-01  -9.4329758e-02   3.5708455e-01   4.0009493e-01  -1.5298027e-01   3.2344968e-01  -1.1596931e-01  -2.8243946e-01  -1.5089556e-01  -2.3933136e-01  -2.9847733e-01  -2.2468497e-01   6.9656707e-01  -1.4825958e-01  -8.1022250e-03  -2.3248130e-01   2.4809514e-01   2.6438985e-01   4.4706099e-01   4.0542937e-01   2.0976731e-01  -3.5872753e-02   6.0276760e-02  -2.6933022e-01  -2.3115864e-02  -4.1013129e-01   1.5176221e-01   1.3573882e-01   4.6745934e-01  -3.9826606e-02   3.0551328e-01   1.0008106e-01   3.5984609e-01  -3.1126821e-02   6.3170065e-01   8.1657772e-03   4.1052664e-01   2.1516816e-01   3.6216949e-01  -3.1825930e-01   1.0004274e-01  -3.5005836e-02  -9.0811700e-02  -6.4772545e-02   1.1068132e-01   2.6916777e-02   2.2507876e-01   1.1746513e-01   2.8335546e-01   3.1658859e-01   7.2449158e-02   1.7608112e-02  -3.4624117e-01   6.4131723e-02  -1.2425594e-01   2.4571157e-01   2.6300989e-01   5.2063389e-02  -1.8369836e-01   1.5900795e-01  -8.6947352e-02  -1.5932218e-01  -5.5718480e-02   5.5047523e-01   1.6912347e-01   4.2007838e-01  -4.2080676e-01   2.8077762e-01   3.1021815e-01  -2.7999110e-01   2.6121517e-01   4.0550940e-01   3.6270463e-01  -2.3574046e-01  -4.1307568e-01   2.5178290e-01  -4.7191658e-01   3.6179700e-01   2.2802658e-01   4.4169487e-02  -3.6551773e-01   4.2810189e-01   3.9772402e-01   4.0086769e-01   3.4028595e-02   7.9026935e-02   4.0661815e-02  -5.1013625e-02   4.3033131e-02   5.7414225e-02  -2.3246221e-01  -3.1148261e-01  -2.2381667e-01   1.9986610e-01  -3.4343272e-01   4.9705651e-01  -3.4096917e-01   3.9112942e-01   3.6821369e-01   4.6585112e-01  -8.9898586e-02   5.9020380e-01   4.9413218e-02   8.5958018e-02   1.0640858e-01  -2.6322717e-01   4.1616549e-02   2.1065585e-01   1.1318525e-01  -1.4169483e-01   9.0812664e-02   5.1306706e-01  -1.5072527e-01  -3.6897125e-02   2.7651134e-01  -1.4457246e-01  -1.1582249e-01   2.2998387e-01   2.0262010e-01   2.2639163e-01
   1.1032994e-01  -2.7568892e-01  -8.4343740e-02   0.0000000e+00  -3.5567695e-01   6.8283291e-02  -1.7053391e-01   2.5535407e-02   9.7530379e-02  -2.5379584e-01   1.4507413e-01  -2.4574024e-01   6.1682469e-02   2.1862301e-01   5.1140209e-02   2.9064387e-02  -1.8165309e-01   2.5843870e-01  -1.6253846e-01  -3.0455789e-01   8.0082227e-02   5.1220843e-01  -1.0490005e-01   1.6588279e-01   1.2767340e-01   3.3860970e-01  -1.1215803e-01   2.7336710e-02  -1.4213871e-01   2.4325006e-01   2.8508118e-02   5.6241274e-01   3.9594660e-02  -2.5113992e-01   4.0021342e-02  -5.2961713e-02  -2.3800966e-01   5.9957490e-02   1.6198866e-01  -4.4627511e-01   1.1232337e-01   1.0978595e-01   1.0150492e-01   1.4432438e-01  -1.2359704e-01   1.2630959e-02   2.0655209e-01  -2.5030520e-01  -1.1148131e-01  -3.0012974e-01   2.6490091e-01   1.7944310e-01  -2.0669545e-01   4.3666074e-02   1.2583074e-01   2.5685695e-01   2.5859134e-01   5.9124726e-01   3.7120626e-01   1.6722271e-01   9.6769022e-03  -8.2997540e-02  -8.7019476e-02  -8.6956371e-02  -2.8575244e-01  -3.6175952e-01   5.4099290e-03   3.0847616e-01   4.3176287e-01   9.5104751e-02  -2.4546763e-01   5.2849652e-01   5.2507872e-02   1.2324988e-01  -4.3241285e-02   2.0286242e-01   5.0747662e-02   8.4520385e-02  -3.6302592e-01   1.2051870e-01   2.6222713e-01   4.2997356e-02   1.5932933e-02   2.4719054e-01  -7.4370900e-03   2.1643782e-01   1.0715891e-01   2.0057020e-01  -1.0942833e-01   4.9792918e-02  -4.0469663e-01   1.9219362e-01  -9.9403568e-02   2.2572209e-01  -2.5624851e-02  -2.1315413e-01   4.0263490e-01   4.2262763e-01  -1.1043333e-01  -3.2461256e-01   5.5769396e-02   1.9761184e-01   2.0056885e-01   1.8612325e-01   3.9903292e-01   6.5451907e-01  -8.5972164e-02   5.3976621e-01  -3.7232755e-01   2.5831457e-01  -1.4373490e-01   3.7486569e-01   1.6157997e-01   1.2422823e-01  -2.0118441e-01  -3.3725654e-01   3.0435293e-01  -2.6069687e-02   8.6123868e-02   6.2533404e-01   1.7608080e-01  -2.7100498e-01  -1.3236753e-01  -1.7260963e-01  -2.9795362e-02   4.8430363e-02  -1.5646837e-01  -9.6428174e-03   3.4822433e-01  -9.4552946e-02   6.6374615e-02  -2.2643123e-01   1.5034152e-01  -1.5836923e-01   3.7054970e-01   3.8200740e-01   2.2490523e-01   7.7863137e-02   2.6389711e-01   1.8735264e-01   2.7792321e-01  -4.1657811e-02   4.0176798e-01  -1.0920357e-01  -1.5721156e-02   2.4683984e-01  -2.9114696e-01  -9.6683140e-02   2.0748645e-01  -1.2092771e-01  -2.2434903e-01   1.9985998e-01   3.2484010e-01  -2.3896267e-01  -4.0430375e-01   1.6871190e-01   1.8225633e-01   2.9161551e-01   2.4573318e-02   1.3708598e-01   2.4303258e-01   2.0035528e-01  -7.4738064e-02   4.7960368e-01   5.6202864e-01  -3.2752307e-01  -1.5417313e-01   7.2010575e-02   2.5900678e-01  -1.4142986e-01  -3.7595592e-01   9.0780918e-03   2.8708785e-01  -2.4118567e-02  -1.4221728e-01  -1.8869258e-01   4.0583838e-01
  -3.2727241e-01   2.7489213e-01  -4.6110356e-02  -3.5567695e-01   0.0000000e+00   4.1635875e-02   2.3714995e-01  -1.7184969e-01  -3.6374649e-01   3.8689014e-01  -3.4719612e-02   3.1193868e-02   3.5154336e-01  -4.4911730e-01  -4.0308813e-01   1.3173931e-01   1.0601094e-01  -3.4941213e-01  -1.0942381e-01   8.5141188e-01  -2.7071596e-01  -4.2613804e-01  -2.0166604e-01  -3.6008341e-01  -3.3790131e-01  -3.8279034e-01   6.0294572e-01  -1.8438027e-01   8.5219222e-02  -3.8999124e-01  -2.1046331e-01  -4.7554763e-01   1.2657717e-01   2.5121168e-01  -4.0102470e-01   6.7363649e-01   2.0947705e-01  -2.4972834e-01   1.9501676e-01   5.8561022e-01   3.3039686e-01   4.4959259e-02  -5.0048833e-01  -5.2011932e-01   1.2713401e-01  -2.8626367e-01   1.5960942e-01   2.8779477e-01   2.9776007e-01   4.0971561e-01  -1.4391821e-01  -3.7266447e-01   3.1411846e-01   4.6017528e-02  -4.5851620e-01  -4.6164865e-01  -9.1642092e-02  -3.4641955e-01  -6.8984152e-02  -4.4480621e-01  -1.0822820e-01   4.3132881e-01  -1.5705300e-01  -1.8183188e-02   1.8020888e-01   6.2770027e-01   1.6621212e-01   7.9633636e-02  -2.2732005e-01  -2.9684145e-01   4.6729687e-01  -4.1399741e-01   2.5625446e-01  -3.6838067e-01  -5.6027191e-02  -3.6294548e-01  -2.0800809e-01  -3.7963583e-01   7.3726678e-01  -1.6797604e-01  -3.9870013e-01   7.9637087e-02  -1.9514781e-01  -1.7740902e-01  -3.3361778e-01  -3.5164815e-01  -3.6702382e-01  -2.6719779e-01   2.3194664e-01  -3.9841714e-01   7.6690917e-01  -2.8057346e-01   2.3330486e-01  -4.0679379e-01  -1.0397733e-01   6.4764175e-01  -2.3525007e-02  -3.4383215e-01   3.7919538e-01   2.6893971e-01  -3.1948500e-01  -4.2508135e-01  -3.0161368e-01  -5.6604777e-01  -3.5647127e-01  -3.9206932e-01   1.1419585e-01  -2.8765014e-01   6.2313880e-01  -1.1226693e-01   2.1103499e-01  -3.6485365e-01  -2.9509159e-01  -3.2313736e-01   4.9917003e-02   7.0683628e-01  -4.2605942e-01   2.8183218e-01  -3.8748404e-01  -4.5012548e-01  -3.6623613e-01   8.4876688e-01  -1.3325099e-02  -4.9570437e-03  -2.4242691e-01  -4.4172507e-01  -1.1751637e-01   2.0510215e-02  -3.9783715e-01  -2.6067793e-01   3.3043942e-01   3.1940539e-01  -4.7398472e-01   2.7442527e-02  -4.6430532e-01  -2.0171704e-01  -1.7638112e-01  -2.8616151e-01  -2.4110229e-01  -3.1241138e-01  -3.5564226e-01   2.0565097e-01  -2.0260140e-01  -2.3388775e-01  -2.7109829e-01  -4.1302914e-01   4.9230154e-01   3.3330678e-01  -6.0839772e-02   1.0126455e-01  -4.1275117e-01  -4.2563481e-01  -4.0007683e-01   3.3999282e-01   1.4758773e-01  -3.1789948e-01  -2.4264320e-01  -3.3868016e-02  -2.0745625e-01  -1.9079798e-01  -1.7008420e-01  -3.6624182e-01   3.6482319e-02  -3.6915102e-01  -2.7533513e-01   6.0467338e-01   2.1633452e-01  -2.7643744e-01  -3.5261598e-01   2.4724658e-01   7.3479100e-01  -1.0626385e-01  -2.6021953e-01  -1.7079008e-01  -1.6249468e-01   1.5818121e-01  -2.4125258e-01
  -2.6176739e-01  -1.1777573e-01  -2.4425558e-01   6.8283291e-02   4.1635875e-02   0.0000000e+00   2.5990400e-01  -3.6496370e-01  -2.8688825e-01  -2.0465142e-01   2.2250246e-02  -1.7539086e-01   2.8621902e-02   1.0476429e-01  -1.3716786e-01   4.2628162e-01  -2.5118092e-01   1.4664619e-01  -1.2622218e-01   1.4371485e-01   2.9800203e-01   2.6600195e-01   1.2311647e-01  -3.7259949e-01  -2.0346341e-01  -1.1538049e-01   5.4994948e-01   3.6474543e-01  -2.0681162e-01   2.0156141e-01  -4.8498748e-02  -1.1088151e-01   3.1771239e-01  -2.1403102e-01  -3.6947798e-01   3.4761239e-01  -7.9923344e-02  -2.4344261e-01   3.3752861e-01   1.4794256e-01   1.3789498e-01   6.8349415e-02  -9.6763653e-02  -2.0326265e-01  -1.4202417e-01  -2.6112383e-01   5.4621327e-01  -5.4204225e-02  -1.7036607e-01  -3.4137657e-01   2.2682647e-01  -4.0574037e-01  -3.1464852e-02  -2.0283074e-01   7.2031130e-02   2.0581506e-02   3.5496847e-01   1.2562928e-01  -4.9838796e-02  -2.1703554e-01  -2.1094491e-01  -7.2127471e-02  -4.1942642e-01  -3.4529871e-01  -3.4232806e-01   1.4201342e-01   8.2888479e-01   3.7406653e-02   4.4240435e-01   1.1364851e-02  -2.2092607e-01   7.2358563e-02  -8.9533928e-02   2.4479047e-01  -4.1583953e-01  -2.9151132e-01  -2.2996604e-01  -1.6321214e-01  -6.9244166e-02  -2.2032818e-01   5.1294165e-01  -1.4971778e-01   1.3114994e-02  -3.4704765e-02   7.7814883e-03  -3.2709136e-01   2.2012912e-01  -1.8605969e-01  -1.9012501e-01  -1.1500309e-01  -2.2437044e-01  -4.4919651e-01   1.8010356e-01  -3.0974442e-01  -1.3342756e-01  -4.3112414e-02   3.2384768e-01   7.1056183e-02  -2.1799678e-01  -4.3924345e-01  -9.9539983e-03  -2.1806812e-01   1.4267234e-01  -9.1669948e-02   4.5500904e-02  -1.6327363e-01  -7.0842981e-02   1.3574200e-01  -1.0892532e-01   5.9126031e-01  -1.4047565e-01   2.8182290e-01  -1.6814516e-01  -2.5612663e-01   1.2253935e-01  -1.2371452e-01  -6.6817046e-03  -1.6935456e-01   3.2498024e-01   1.0322450e-01  -3.1654821e-01  -6.4347845e-02  -3.8327784e-01  -1.0822054e-01  -1.6294113e-01  -1.5775768e-01   1.4177794e-01  -2.3406870e-01  -2.1875626e-01   2.6747104e-01   1.1414879e-01  -8.2708666e-02   1.6663266e-01  -2.1986342e-01  -2.8430524e-01  -1.7575760e-01  -2.1602918e-01   3.1956497e-01  -2.6984165e-01  -3.3196450e-01  -3.5817569e-01   1.7110423e-01  -9.9779842e-02   6.1001485e-01  -2.4659800e-01  -2.4790931e-01  -1.2241478e-01   2.3523125e-01   4.8584557e-01  -4.1014758e-01   1.4809775e-01   2.0373496e-01  -1.6299208e-01  -2.5920356e-02  -1.4810423e-03  -1.9943003e-01  -2.4569648e-01   5.4623356e-02  -4.7632054e-01   3.3125361e-02  -1.0552259e-01  -3.2326565e-01   1.0677608e-01   9.1816726e-02  -1.3848355e-01  -2.4757768e-01   4.1343940e-02   1.7886091e-03  -2.9281829e-01   3.6250977e-02   5.7065830e-03  -1.5272521e-01  -2.7031158e-02   7.1624190e-01  -1.5922669e-01   4.4719706e-02  -6.8069750e-02
  -4.4588911e-01   3.2594681e-01  -3.1564783e-01  -1.7053391e-01   2.3714995e-01   2.5990400e-01   0.0000000e+00  -4.0543295e-01  -3.4306466e-01   3.0854968e-01   3.0008056e-01   2.8201729e-01   8.4952795e-02  -4.2557782e-01  -1.5316719e-01   3.5115703e-01  -3.2711651e-01  -5.9840088e-02  -1.8243265e-01   3.2253125e-01   9.0491344e-02  -2.8619117e-01   2.9849736e-01  -4.4097692e-01  -1.8075792e-01  -3.2833719e-01   4.3416853e-01   2.3247187e-01  -2.0114792e-03   5.8075021e-02  -1.2978223e-01  -4.1748725e-01   1.0139055e-01   5.9941473e-01  -3.2417599e-01   4.7950916e-01   2.2602486e-01  -4.1738917e-01   2.9508326e-01   3.5478416e-01   2.9239231e-01   7.9016076e-02  -1.3597134e-01  -3.0308957e-01   1.0171454e-01  -4.8092207e-01   2.4131642e-01   5.7942276e-01  -9.7995558e-02  -1.8477386e-01   7.3539665e-02  -3.6042202e-01   3.8289520e-01  -1.5093145e-01  -2.7772905e-01  -1.4584130e-01  -5.0981418e-02  -2.6234542e-01  -1.4519332e-01  -2.9953371e-01  -5.0133017e-01   3.3595523e-01  -2.9718532e-01  -7.8931979e-02   4.7592271e-02   4.2973248e-01   2.8526533e-01   1.2372249e-01  -8.4773244e-03  -2.4122563e-01   3.8328954e-01  -2.2463519e-01   2.2846122e-01  -3.0282188e-01  -2.4380176e-01  -4.6255576e-01  -4.4620132e-01  -4.4234495e-01   6.7698725e-02  -1.5831317e-01   2.3685652e-01   2.7243965e-01   2.4148485e-01  -3.4676416e-01  -1.8120657e-01  -3.5326246e-01  -2.4417909e-01  -4.1735471e-01   1.4736651e-01  -3.3693658e-01  -1.9541019e-02  -4.7959181e-01   4.6579500e-01  -3.9300187e-01  -3.7339095e-01  -8.0907150e-02   1.4884409e-01  -3.0269896e-01   7.2557560e-02   3.4955737e-01  -1.2900694e-01  -1.7742111e-02  -2.1161742e-01  -3.3092358e-01  -1.7314240e-01  -3.8028962e-01  -1.3127201e-01  -2.1798446e-01   2.1445124e-01   2.6165081e-01   5.7524587e-01   3.0277151e-02  -2.7462848e-01  -3.3109039e-01   3.8955230e-01   2.7173407e-01  -4.5444097e-01   1.8859115e-01  -1.5081276e-01  -2.5739835e-01  -4.7572524e-01   8.9803910e-02  -2.3962482e-01   6.2896896e-02  -4.0666320e-01  -3.0906638e-01   3.2840800e-01  -1.4454019e-01  -4.2160885e-01   1.5139468e-02   3.1246020e-01   5.2889328e-01  -3.0910363e-01   3.6530656e-02  -3.6091947e-01  -4.1772430e-01  -1.3762959e-01   2.3464345e-01  -3.5765547e-01  -4.6216281e-01  -3.4964480e-01  -3.0084233e-02  -1.8264625e-01   1.1218399e-01   1.3330054e-01  -2.1050472e-01   4.7019708e-01   1.7240049e-01   3.9410324e-01   4.7996771e-03  -2.9176391e-01   5.6429397e-02  -4.9972434e-01   2.3379812e-01   4.2050948e-02  -3.7849378e-01  -4.7218416e-01   1.5270793e-02  -5.2588367e-01   1.3510596e-01  -1.3847421e-01  -2.3360466e-01   3.5646304e-01  -2.2901921e-01  -3.1064624e-01   3.2282633e-01   6.8997286e-01  -2.6923642e-01  -5.7545137e-01   3.6526962e-01   3.1873356e-01  -3.2966962e-01  -1.2384368e-01  -1.2289736e-02  -2.2647429e-02  -1.6259198e-03  -3.0309202e-01
   3.1167263e-01  -1.8361029e-01   4.4625479e-01   2.5535407e-02  -1.7184969e-01  -3.6496370e-01  -4.0543295e-01   0.0000000e+00   3.4383576e-01  -1.8735551e-01  -2.1652480e-01   4.5246209e-02  -1.7028500e-01   8.7021671e-02   4.0296563e-01  -2.8186835e-01   2.8721851e-01  -8.1464757e-02   2.5822417e-01  -1.7996548e-01  -2.9457792e-01   1.1307520e-01  -2.1811238e-01   4.3838879e-01   1.4631024e-01   3.1553525e-01  -3.9678107e-01  -1.7257522e-01   1.5991097e-01  -6.1399246e-04   2.0874815e-01   3.2919119e-01  -1.7735204e-01  -8.0832224e-02   3.6418162e-01  -3.6204480e-01  -1.7836367e-01   3.3384962e-01  -2.8523681e-01  -3.2776622e-01  -1.8648109e-01   5.0828212e-02   1.0371226e-01   2.0434777e-01  -1.5932872e-01   4.0744045e-01  -3.6036234e-01  -3.6492013e-01  -9.7926462e-03   1.2704508e-01  -1.9299546e-01   5.8608527e-01  -2.4366969e-01   1.4511039e-01   1.3995643e-01   2.2269224e-01  -4.0689526e-02   1.8778676e-01   1.2124966e-01   3.6147536e-01   5.1140063e-01  -2.4645012e-01   3.1098023e-01   1.8337137e-01  -1.9497748e-02  -2.7553880e-01  -3.5934400e-01  -1.0915121e-02  -1.8121011e-01   2.8550094e-01  -2.2082394e-01   6.8418609e-02  -1.9975928e-01   9.6697291e-02   1.5822738e-01   5.9449870e-01   4.7759241e-01   2.6464929e-01   7.6698726e-02   6.6605282e-02  -1.7719142e-01  -1.1501505e-03  -3.3087910e-01   5.0713562e-01  -9.7018553e-02   5.9142371e-01  -3.8416059e-02   3.9860800e-01   2.4548154e-02   1.7819116e-01   8.1669377e-03   6.4742965e-01  -2.2013165e-01   3.9579642e-01   2.5970131e-01   2.1299689e-02  -3.0543650e-01   3.3136250e-01  -1.0862573e-01  -5.4717995e-02  -8.0039853e-02   3.7695031e-01   1.3981391e-01   2.9510976e-01   1.7890005e-01   3.9938464e-01   1.1359410e-01   2.1063323e-01  -2.2766929e-01  -3.4303580e-01  -1.7600168e-01   1.0147969e-02   8.0558892e-02   9.9959218e-02  -2.0755882e-01  -7.9187865e-02   1.4626044e-01  -1.4337262e-01  -1.6707610e-01   7.3036814e-03   4.9546756e-01  -1.5688879e-02   1.5204337e-01  -1.5011349e-01   2.6709431e-01   1.8682312e-01  -1.3889493e-01   6.7180664e-02   3.6473785e-01  -1.3472014e-01  -1.5223794e-01  -2.5960902e-01   7.4150055e-02  -7.1100990e-02   3.5504490e-01   6.5351186e-01   4.6229654e-03  -2.0132014e-01   6.1553165e-01   2.9904900e-01   3.6183682e-01  -1.6225544e-01   1.2117890e-01  -2.6838328e-01   2.0347425e-01   2.8658801e-01  -2.1948090e-01  -1.8802637e-01  -2.8752578e-01  -5.6468814e-02   5.0030602e-02  -2.0385660e-02   5.8354130e-01  -2.2261617e-01  -1.1251176e-01   3.2917789e-01   4.6137250e-01   3.3198775e-02   5.6506065e-01   2.4662628e-01   8.7078061e-02   2.8331139e-01  -2.8848545e-01   6.7577768e-02   3.9234740e-01  -3.8064512e-02  -1.9746155e-01   2.7884817e-01   5.1725073e-01  -3.1276120e-01  -7.5312974e-02   2.6977015e-01  -1.2805620e-02  -2.1731977e-01   3.9463087e-02   2.0558495e-02   3.3489594e-01
   3.6285971e-01   7.1130513e-02   3.0612636e-01   9.7530379e-02  -3.6374649e-01  -2.8688825e-01  -3.4306466e-01   3.4383576e-01   0.0000000e+00  -2.4938349e-01  -2.4088348e-01   2.5128160e-01  -4.1500634e-01   2.7295720e-01   6.8577181e-01  -6.8972158e-01   2.9139014e-01   2.2986001e-01   2.2554790e-01  -4.0256884e-01  -3.7783224e-02   1.9044196e-01  -9.4869331e-02   5.1596309e-01   3.0697204e-01   2.8159996e-01  -4.3953378e-01  -1.3857199e-01   1.3058647e-01   4.8712710e-01   4.6681467e-01   3.7144563e-01  -5.2442805e-01  -1.1496905e-01   7.9762278e-01  -4.9937509e-01  -1.4730834e-01   2.3715398e-01  -6.9394889e-01  -4.0669889e-01  -5.3120127e-01  -1.8870193e-01   6.9459260e-01   4.1652617e-01   4.5654331e-02   2.4464351e-01  -4.0672832e-01  -1.7554537e-01   6.3544522e-03  -2.5013861e-01  -1.0411788e-01   4.7454048e-01  -3.7949060e-01   1.6786583e-01   3.3992982e-01   2.4861134e-01  -9.9133541e-02   2.8379887e-01  -1.0533621e-01   8.1754324e-01   1.2929188e-01  -7.1399929e-02   7.1222000e-01   3.0926180e-01   2.4162018e-01  -3.1700545e-01  -2.7354974e-01  -7.8455834e-02  -2.7169189e-01   3.8907313e-01  -2.3794664e-01   1.9643479e-01  -2.8005771e-01   2.8423419e-01   2.5397674e-01   4.6240509e-01   1.9992478e-01   2.6966550e-01  -2.0042832e-01  -1.0574267e-02  -1.0594004e-01  -5.5581287e-02  -8.2685976e-02   1.0034728e-01   3.5958984e-01   5.1980932e-01   3.6180225e-01   6.3551468e-01   1.3902005e-01   3.7175446e-01  -1.9235547e-01   3.8340424e-01  -2.9033338e-01   8.2178169e-01   2.4434010e-02  -3.1815101e-01  -2.9059638e-01   1.9445691e-01  -6.5229646e-02  -4.8260171e-02   1.2487873e-01   3.8235529e-01   1.0739532e-01   8.1479716e-01   1.9040191e-01   3.7519421e-01   1.2617237e-01   6.4093915e-02  -4.2596002e-01  -2.2800213e-01  -2.1930903e-01   2.7511023e-01   3.8604134e-01   2.4176652e-01  -2.4819344e-01  -2.0386238e-01   1.7158042e-01  -2.3005486e-01   4.9395601e-02   3.7851425e-02   4.9197739e-01  -3.3136435e-01   3.3475985e-01   1.8150453e-01   7.2125963e-02   5.0423396e-01   7.3324182e-02   1.0407706e-01   6.1314611e-01   1.5919185e-01  -4.8591928e-01  -3.7204770e-01   3.4173315e-01   1.0998475e-01   6.7575619e-01   2.5893786e-01   4.7460022e-02  -6.3889428e-02   4.1036451e-01   3.8251191e-01   5.6881141e-01  -2.8461167e-01  -4.0372036e-02   1.5112664e-02   4.8958105e-01   3.4218971e-01  -3.5207080e-01  -2.0720362e-01  -3.0321854e-01   1.6943332e-02   2.5201101e-01   4.9688437e-02   4.3400937e-01  -1.6433383e-01  -4.5013516e-02   3.9701918e-01   3.1144843e-01  -1.9320587e-01   3.2323744e-01   1.4166089e-01   3.9850043e-01   2.0889025e-01  -1.4324361e-01   1.2080145e-01   4.8412946e-01  -2.5564905e-01  -3.7961990e-01   2.1234245e-01   4.4684414e-01  -2.1181354e-01  -3.1391611e-01   2.2222271e-02   3.3595502e-01  -1.4450258e-01   1.3494765e-01  -1.2978080e-01   4.8705054e-01
  -1.1692867e-01   2.5935319e-01   2.4108637e-02  -2.5379584e-01   3.8689014e-01  -2.0465142e-01   3.0854968e-01  -1.8735551e-01  -2.4938349e-01   0.0000000e+00  -9.3862430e-02   1.7823419e-01   2.6703659e-01  -5.1702933e-01  -3.0364647e-01  -2.9055708e-02   5.0893346e-02  -5.3781458e-01  -8.9410865e-04   4.1820457e-01  -2.1550347e-01  -3.7863612e-01   5.6873764e-02  -2.5255672e-01  -9.3698164e-02  -4.0240657e-01   2.2164447e-01  -6.9023570e-02   1.0951363e-01  -4.2597378e-01  -2.3041464e-01  -3.2271864e-01  -7.3572778e-02   5.8650961e-01  -2.9643519e-01   1.9570046e-01   4.0990147e-01  -2.0476926e-01  -8.8917718e-02   4.7608621e-01   1.6083133e-01  -1.0463057e-01  -2.6218851e-01  -3.5905160e-01  -1.1973421e-01  -1.5291833e-01  -1.7432577e-01   3.7627675e-01   6.5901735e-02   3.6813043e-01  -2.2187829e-01  -2.8814561e-01   4.8295058e-01  -5.7517981e-02  -6.1171478e-01  -3.5648569e-01  -2.2388104e-01  -3.3467391e-01  -2.0129449e-01  -3.2282226e-01  -1.5432587e-01   1.5442945e-01  -6.0564036e-02   3.4879615e-02   7.8384396e-02   4.8963743e-01  -2.4225316e-01  -3.3314231e-02  -3.6394238e-01  -2.0710354e-01   5.5498525e-01  -4.4259379e-01   2.1591983e-01  -4.2451040e-01  -5.6171638e-02  -2.6851965e-01  -1.5560728e-01  -1.5566297e-01   2.5097827e-01  -1.2719110e-01  -3.5829427e-01   1.8078907e-01   7.9672800e-02  -2.3180113e-01  -1.9795855e-01  -2.2900919e-01  -4.1456616e-01  -2.1908137e-01   2.4757263e-01  -2.8452038e-01   4.1939304e-01  -2.0105719e-01   2.1854410e-01  -2.4162566e-01  -1.0072812e-01   2.8612721e-01  -6.4485161e-02  -3.1935791e-01   1.7421175e-02   6.6386721e-01  -1.4765459e-01  -3.4145721e-01  -3.3842925e-01  -3.6540342e-01  -3.4264864e-01  -2.5616138e-01  -6.8890845e-02  -3.7339425e-01   4.4703660e-01  -2.2687209e-01   4.0384872e-01  -4.2403096e-01  -2.1921340e-01  -1.9878691e-01   3.5159897e-01   4.1332812e-01  -3.5118523e-01   2.8928997e-01  -3.9732389e-01  -3.1940716e-01  -1.9715621e-01   4.1955145e-01   1.1605233e-01  -1.3533034e-01  -1.4047895e-01  -3.1061728e-01  -1.6678917e-01   1.5557479e-01  -3.0457689e-01  -1.8889978e-01   2.2263792e-01   3.6395482e-01  -4.5350897e-01   3.2403453e-02  -2.5620227e-01  -2.8189433e-01  -1.2352421e-01  -1.7230923e-01  -3.2378802e-01  -1.9696290e-01  -2.4207650e-01   4.5942200e-02  -2.7277900e-01  -3.2780526e-01  -8.5433818e-02  -3.0815283e-01   6.2586037e-01  -6.8844520e-02  -5.7345379e-02   3.8258215e-01  -2.6832962e-01  -2.8013094e-01  -2.9746397e-01   1.0061264e-01   2.1621406e-01  -3.0070324e-01  -1.6774716e-01  -1.2891070e-01  -1.2026348e-01  -1.5236588e-01  -1.3950691e-01  -3.2156021e-01   4.3385332e-01  -3.7941379e-01  -3.4162674e-01   5.2156063e-01   3.0446944e-01  -2.1913436e-01  -2.7182453e-01   2.1634840e-01   4.0869879e-01  -3.7784270e-02  -4.9940988e-01  -3.8117263e-01  -7.2390273e-02   1.2772028e-01  -2.6121527e-01
  -2.5300461e-01  -7.2395824e-02  -3.7717788e-01   1.4507413e-01  -3.4719612e-02   2.2250246e-02   3.0008056e-01  -2.1652480e-01  -2.4088348e-01  -9.3862430e-02   0.0000000e+00  -2.0919889e-01   8.7489410e-02  -1.7920188e-01  -6.5001370e-02   2.9452214e-01  -3.9589139e-01   4.1672843e-01  -4.0114182e-01  -1.7141031e-01   2.3318612e-01   3.0389422e-03   2.0790912e-01  -2.5024482e-01   5.8640488e-02  -6.8993296e-02   1.6120591e-01   1.7018428e-01  -6.1556135e-02   5.2822483e-02   2.8870633e-02  -5.4329443e-02  -8.7407492e-02   8.5070927e-02  -3.1025949e-01   2.8953728e-01   1.8728625e-01  -1.8917595e-01   3.9024346e-01  -2.9415462e-02   3.2118485e-01  -2.4384841e-01  -1.6706158e-01   1.7545332e-01   2.3069092e-01  -2.3136455e-01   5.1517383e-01   2.8060102e-01   3.2225270e-02  -2.4976303e-01   4.7633966e-01  -2.8817472e-01   2.8361787e-01  -3.6182173e-01  -1.4074929e-01   2.3956936e-01   7.5121746e-02   4.7946341e-03   3.0916677e-01  -2.4979271e-01  -2.6485327e-01   1.8350406e-01  -4.0715225e-01   1.5103027e-01   7.8848883e-02   1.3858663e-01   2.9320125e-02   1.2242193e-01   4.6575254e-01  -2.3551532e-01   7.0330409e-02   1.5328080e-01   3.0174782e-01  -2.3117381e-01  -3.3884536e-01  -2.4455170e-01  -2.0930093e-01  -9.9762768e-02  -1.8439423e-01   1.6028623e-02   2.1619974e-01   3.8401705e-01   1.8203804e-01  -2.0909183e-01  -3.7133104e-01  -2.3638485e-01  -1.4665649e-01  -2.4098808e-01  -1.9599043e-01  -2.9300296e-01  -2.5045594e-01  -3.7939910e-01   1.3572604e-01  -2.5193408e-01  -1.3912208e-01  -2.5934522e-01   1.8699978e-01   1.5328135e-01   7.5459762e-02   1.3129610e-01  -4.0855878e-02   3.8225129e-01  -5.7066685e-02  -2.3453281e-01   2.2615144e-01  -1.2031984e-01  -4.3596958e-01   3.0439126e-01   8.1653556e-02   3.5924999e-01   1.6685935e-01   1.2589633e-01  -2.2357760e-01  -8.1391267e-02  -7.0980003e-02   3.4376034e-02   3.1522927e-02   2.7675270e-01  -8.3847638e-02   1.2268755e-01  -2.4500061e-01  -2.1967729e-01  -3.3744845e-01   2.2217796e-01  -1.1687266e-01  -2.9556130e-01   2.0708040e-01  -2.3573527e-01  -9.1214591e-02  -6.5059740e-02   3.1804083e-01   4.5821203e-01  -2.2782769e-01   2.7530771e-01  -7.9998614e-02  -7.0231230e-02  -9.7137982e-02   1.8238545e-01  -1.6927956e-01  -2.5410640e-01  -2.3702264e-01  -2.8089601e-01   4.4026649e-01  -4.6258992e-02   6.7347426e-02   1.3740759e-01  -9.6430872e-02   2.4426537e-01   5.7639619e-01   1.0860122e-01  -2.0396338e-01   1.2083073e-01  -3.7834590e-01   4.5418864e-01  -1.9305945e-01  -3.5656238e-01  -3.2194088e-01   3.7525398e-01  -3.9177161e-01  -5.4202200e-02  -6.4235850e-02   4.2145301e-01   3.1442294e-01   1.9975748e-01  -1.0537748e-01  -5.4579248e-02   4.1918418e-01  -3.9339433e-02  -3.3222260e-01   1.0263342e-01   2.4960935e-02  -2.1417798e-01   2.6694474e-01  -6.7387473e-02  -8.1946107e-03  -2.2417669e-01  -1.2589553e-01
  -1.1803722e-01   4.8034762e-01   3.5403927e-01  -2.4574024e-01   3.1193868e-02  -1.7539086e-01   2.8201729e-01   4.5246209e-02   2.5128160e-01   1.7823419e-01  -2.0919889e-01   0.0000000e+00  -4.7270604e-02  -2.5917843e-01   3.3447796e-01  -2.0275219e-01   3.6808760e-01  -1.8938104e-01   1.8587488e-01   9.9636311e-02  -3.5417051e-01  -2.4167082e-01  -8.6192058e-02  -9.7261803e-03   2.0765846e-01  -1.1062492e-01  -1.4475564e-01  -1.1497269e-01   6.1987980e-02   1.1744101e-01   1.2049504e-02  -1.8308218e-01  -1.3536259e-01   3.8581325e-01   3.6563545e-01  -1.7050286e-01  -1.4639257e-01  -2.5816628e-01  -2.4587548e-01   2.4578676e-01  -6.5848158e-02   1.3367232e-01   2.6001066e-01   5.8395356e-02  -1.0058336e-01  -2.3553490e-01  -3.0758541e-01   1.6426401e-01  -1.2752519e-01   2.6058083e-01  -2.5573282e-01   2.0263204e-01  -1.7705782e-01   3.5434865e-01   2.6744286e-02   2.6443277e-02  -2.3845495e-01  -1.2815548e-01  -1.9734192e-01   3.0082571e-01  -1.9367383e-01  -6.5781628e-02   2.6005732e-01   1.9169143e-02  -1.1162983e-02  -1.0446741e-01  -6.3321789e-02  -4.1951416e-02  -3.7448147e-01   1.3736679e-01   2.7138773e-01  -2.4067682e-01   5.7628746e-02  -1.2108637e-01   3.3587051e-01   5.4913638e-02  -3.1999873e-01  -4.2572011e-02  -2.9355572e-02   8.7712592e-02  -1.8480597e-01   4.9340474e-02   1.5964847e-01  -1.5925469e-01   3.9195663e-01   1.6819288e-01  -9.0573941e-02   4.7849708e-02   4.3655020e-01  -1.3884968e-01   3.7038195e-02   5.8564080e-02   4.2835580e-01   2.0437005e-01  -3.7262484e-01   1.8974296e-01  -9.7740275e-02  -2.7369171e-01  -1.6813605e-02   1.8788665e-01   5.9366669e-02   1.7483327e-01  -2.3382495e-01   2.5757776e-01  -1.3045956e-01  -8.2190225e-02   4.4787417e-01  -2.8528230e-01  -1.2273475e-01  -1.8511075e-01   5.4196928e-01  -1.0661125e-01   1.5191384e-01  -1.7038001e-01   2.5595119e-01   3.0358013e-02  -2.8157007e-01   2.5852706e-02  -1.6742800e-01  -2.6325401e-01  -1.4521782e-01   1.1029197e-01   5.6867139e-01  -7.6449123e-02  -3.0983575e-01   1.1524873e-01   1.1563117e-01   3.7893215e-01   1.1363595e-01   2.6902920e-01  -8.7586097e-02  -6.7059782e-02  -7.5693526e-02  -1.3614478e-01   7.2155532e-02  -1.0423855e-01   7.8149534e-02  -7.6524344e-02   7.3553472e-02  -1.7240466e-01   3.1221608e-02  -4.5000602e-02  -9.7243365e-02   2.1049807e-01   3.4451533e-01  -9.3443350e-03   4.8785056e-01  -2.0643027e-01  -2.4061670e-01  -9.8611015e-02   1.4730000e-03  -2.2518755e-01  -2.0842815e-02  -1.1417221e-01   4.6360178e-01  -8.9725732e-02  -2.7584376e-01  -2.0665755e-01   9.1395970e-02   4.4941652e-02   1.8803040e-01  -4.5638635e-02  -1.5663034e-01  -2.2643531e-01  -1.3143258e-02   2.8738317e-01   3.5992668e-01  -2.5170865e-01  -1.2638339e-01   4.1525017e-01  -1.9446414e-02  -3.1432402e-01  -2.3558535e-01  -6.5002747e-02   2.6213402e-01   2.8216599e-01   2.4467424e-02
   4.5445721e-02  -2.4768915e-01   9.3597197e-02   6.1682469e-02   3.5154336e-01   2.8621902e-02   8.4952795e-02  -1.7028500e-01  -4.1500634e-01   2.6703659e-01   8.7489410e-02  -4.7270604e-02   0.0000000e+00  -1.4779516e-01  -3.9393424e-01   2.4232711e-01   9.8066423e-02  -4.5406130e-02  -1.2937743e-01   4.5041145e-01  -1.8455191e-01   1.2330966e-01   4.4994147e-02  -1.3716189e-01  -1.7658442e-01  -2.3723927e-01   2.1211935e-01  -1.0120506e-01  -1.4110145e-01  -3.2323218e-01  -4.5633855e-01  -3.0437426e-02   1.8570089e-01  -2.1780473e-02  -3.5067206e-01   2.9080843e-01  -2.4717365e-02   4.7145259e-02   2.1953390e-01   2.7893255e-01   6.4701795e-01   1.0069807e-01  -3.4441463e-01  -4.2233493e-01  -2.3367136e-02  -2.7957636e-02   3.5441705e-01  -1.0991847e-01  -9.6263283e-03   2.4234599e-01   2.6958498e-01  -3.2893317e-01  -1.0910087e-01  -1.5762176e-01  -2.9604194e-01  -2.8757504e-01   1.0669103e-01   9.1591498e-02   2.5501065e-01  -3.0265499e-01  -1.0054355e-01   1.7319764e-01  -3.8331600e-01  -3.7530797e-01  -3.6042320e-01   2.3567113e-01   7.1114184e-02  -9.9757375e-02   2.1585200e-01  -9.7903522e-02   5.2816160e-02   2.0275890e-02   3.7793835e-01  -1.3299008e-01   1.5327065e-01  -2.6347867e-01  -5.3302465e-02  -8.4886837e-02   1.0212094e-01   1.4490062e-01  -2.1955935e-01   2.7073762e-01  -3.2676894e-01   5.3043017e-03  -1.7644516e-01  -2.6907183e-01  -2.3848496e-01  -1.9248694e-01  -1.0164525e-01  -1.5680655e-01   9.2316498e-02  -7.3210590e-02   1.4425432e-01  -2.8311094e-01   7.4291292e-02   4.5983205e-01   2.6967922e-01  -1.3887554e-01   2.3895950e-01   5.4807274e-02  -2.9463114e-01  -2.3606356e-01  -1.7952797e-01  -3.8747052e-01   1.7963253e-01  -1.2317182e-02  -7.8854416e-02   4.7521507e-03   2.9747829e-01   6.7932650e-02   9.6864624e-02  -1.2365543e-02  -1.5971605e-01   4.3461578e-02   2.4057964e-02   3.0645380e-03  -7.5903920e-02   6.3510804e-01  -3.2841865e-01   1.4702824e-01  -1.0370210e-01   3.5664599e-01  -7.7275653e-02  -2.2968566e-01  -4.8534424e-02  -2.3593895e-01  -1.4812418e-01   2.1188194e-02  -6.2409543e-03  -1.9344625e-01   4.0172674e-01  -2.5565664e-02  -1.8739495e-01  -2.7730600e-01  -1.9410898e-01  -8.7624670e-02   9.0956205e-02  -3.5316005e-01  -1.1663217e-01   3.1292179e-02  -1.3690353e-01   1.4913354e-01   1.6255554e-01  -2.1914980e-01  -2.9565426e-01  -2.3797847e-01   1.9578283e-01   6.8103881e-02   1.6639214e-01   1.8130798e-02  -2.4871786e-01  -2.8669658e-01  -2.2072500e-01  -1.1596111e-01   6.7734978e-02  -8.3366105e-02  -6.8332265e-02   3.6357022e-01  -4.0409555e-02  -1.5345127e-01  -8.2395003e-02  -4.9987317e-02   1.6193624e-02   1.9209936e-01  -1.4684361e-01   1.0835366e-01   1.6266671e-01  -1.6665178e-01  -1.3199674e-01  -4.3749818e-02   1.0169225e-01   1.2044916e-01  -1.3142426e-01  -6.7080544e-02   1.2713264e-01   1.2734034e-01   5.3289861e-02
   3.3956093e-01  -3.6001617e-01   7.2985770e-02   2.1862301e-01  -4.4911730e-01   1.0476429e-01  -4.2557782e-01   8.7021671e-02   2.7295720e-01  -5.1702933e-01  -1.7920188e-01  -2.5917843e-01  -1.4779516e-01   0.0000000e+00   1.7648401e-01  -1.8327556e-01  -8.1876945e-03   3.4069565e-01   8.1153625e-02  -3.8500009e-01   2.1456119e-01   6.1471442e-01  -6.4413580e-02   5.4953090e-01   1.3759248e-01   3.9514913e-01  -3.2872834e-01   8.6555815e-02  -1.6545523e-01   4.2550624e-01   1.0592354e-01   4.7443380e-01  -1.6756759e-02  -6.3073109e-01   3.5937929e-01  -3.2837903e-01  -3.7378841e-01   3.1719393e-01  -2.1856640e-01  -5.4380726e-01  -2.7233325e-01  -2.4677529e-02   4.0624296e-01   3.1567856e-01  -3.0518362e-03   2.5970838e-01   1.0054361e-01  -4.3884952e-01  -1.9537979e-01  -3.4900313e-01   1.8204947e-01   2.6104886e-01  -4.8658585e-01  -1.1259877e-02   4.9804976e-01   3.3523638e-01   1.2321561e-01   5.1954293e-01   1.0316655e-01   4.6921600e-01   5.2871655e-02  -2.6642799e-01   2.3665417e-01  -1.8971988e-01  -1.4197514e-01  -3.6133115e-01   6.9648192e-02  -1.8901384e-01   3.3372204e-01   2.0592203e-01  -6.1489495e-01   5.3566583e-01  -3.4094419e-01   5.9831158e-01   1.6896742e-01   3.4028561e-01   2.1521458e-01   2.8064884e-01  -2.9689069e-01   1.7609159e-01   3.5350493e-01  -3.5573754e-01  -1.7620255e-01   2.3219533e-01   2.8092147e-01   3.2755276e-01   6.0378073e-01   5.5193388e-01  -4.5525964e-01   5.0092704e-01  -4.5152340e-01   2.4406406e-01  -4.3434697e-01   4.0196694e-01   1.0911189e-01  -2.7333707e-01   2.6479052e-02   2.5280766e-01  -1.2652915e-01  -5.5781609e-01   3.0147917e-01   1.0659291e-01   5.5185628e-01   4.3526856e-01   4.9891667e-01   3.8781183e-01  -2.4933949e-02   2.9989909e-01  -3.1818540e-01   1.3031154e-01  -5.5615720e-01   5.4063944e-01   3.6641071e-01   3.1036259e-01  -1.6744660e-01  -5.2050101e-01   5.6988583e-01  -2.8442328e-01   5.3421082e-01   4.5474750e-01   3.6540945e-01  -4.4600761e-01  -8.3158745e-03   1.4415971e-02   9.1957330e-02   5.6854559e-01   2.1132913e-02  -7.8852463e-02   4.9873380e-01   1.3914988e-01  -4.8923656e-01  -5.4607026e-01   5.4398839e-01  -2.0512050e-01   3.7785428e-01   2.6242262e-01   1.2581132e-01   1.1800861e-01   2.8378064e-01   4.0802729e-01   4.4936007e-01  -1.5707652e-01   1.5255657e-01   1.5250006e-01  -8.2362397e-02   3.5381177e-01  -5.9484086e-01  -8.5317848e-02   1.6000860e-02  -2.6091430e-01   4.1651922e-01   3.7108261e-01   3.5060032e-01  -3.5335547e-01  -3.0772131e-01   5.5627212e-01   3.0836941e-01   2.2398826e-03   1.8543424e-01   2.1222231e-01   1.8982659e-01   1.9044829e-01  -2.1686357e-01   5.3381078e-01   4.0263536e-01  -6.1159136e-01  -4.7385713e-01   3.3638339e-01   4.1594200e-01  -3.9997528e-01  -4.1587856e-01   1.0298097e-01   3.9723661e-01   2.3079699e-01   1.5177040e-01  -2.3208460e-01   4.4727307e-01
