   0.0000000e+00   2.7897346e-02   7.6028501e-02   6.4706615e-02  -1.1483157e-01   1.2227229e-01  -8.5450654e-02   7.7049026e-02  -2.8854377e-02  -1.9446158e-02  -8.3302191e-02   1.0622754e-01  -1.8888040e-02   6.2006317e-01   8.1952637e-02  -1.4804252e-01  -1.7196237e-01   3.4270996e-02   5.5437923e-02  -1.7125392e-02   1.2244009e-03   1.0182208e-01  -1.0309612e-01   7.1935186e-01   3.0907701e-02  -1.7824874e-01   2.4255881e-01   1.7244945e-02  -1.4687626e-02   8.3102085e-02   1.6807359e-02  -3.8484625e-02  -2.3104189e-01   1.7067757e-02   1.0840993e-01  -1.0688877e-01   8.0846695e-02   2.2647026e-01  -1.1690637e-01  -1.5862749e-01  -9.0177719e-02  -2.8128275e-01   1.0310233e-01   1.3449004e-01   5.7777839e-02   4.5569664e-01  -5.7191764e-02  -9.7712616e-02  -2.9225836e-02  -2.8097715e-01  -5.5702532e-02  -8.6508061e-02  -6.1615793e-02   1.0120093e-02   1.7738253e-01   2.3467618e-01   4.3346922e-02  -3.3961263e-02  -1.2385230e-01   1.6104290e-01  -6.1810496e-02   5.7162660e-02   3.8021732e-02   8.9512071e-03  -5.4972346e-02  -2.7977837e-02   1.8632689e-01   2.2348801e-01   7.9369976e-02   2.8933422e-01  -6.1974718e-02   1.0436015e-01  -5.4428259e-02   4.6291495e-01  -1.1417953e-01  -1.1663956e-01   4.4309364e-02   1.1721079e-01  -1.5657920e-01  -1.0696064e-01  -3.8858814e-02   5.8709949e-02  -1.4027256e-01  -5.4298170e-02   8.4520344e-02  -1.0384048e-01   1.1600620e-01   3.1357171e-01  -1.1722042e-02   6.9680024e-01  -1.2310943e-01  -2.8154484e-02  -8.0828149e-02  -4.2767728e-02   2.5510499e-01  -8.9389322e-02   1.8972611e-01  -7.1321819e-02   8.0729825e-02   3.7088872e-02  -1.4407584e-01   1.8716123e-01  -9.6502367e-02   1.7940367e-01   1.0679822e-01  -2.2133571e-01   9.9999146e-02   3.7404946e-02  -5.5957270e-02  -6.4270275e-02  -2.1357386e-01   1.1085660e-01   2.1200641e-01   7.7969032e-01  -7.5263402e-03  -1.5812386e-01   7.2905269e-02   3.1544103e-02   1.7964129e-01   1.0145854e-01   4.5735779e-01  -3.2315132e-02  -5.0851747e-02  -7.6388429e-02   5.6554098e-01   6.4911315e-01   8.6798773e-02  -5.6962547e-02   1.2292443e-01  -1.7847328e-02  -1.9217271e-01  -1.7505557e-01   5.4641827e-01  -1.4723008e-01   2.2120315e-01  -2.4867591e-01  -3.6572430e-02  -1.8088849e-01  -1.6060665e-01   3.7585501e-01   5.4135085e-01   1.2690221e-02   2.1298270e-01  -4.5939030e-02  -5.5397934e-02  -1.4093219e-01  -6.1216134e-02  -1.2181737e-01   6.4560524e-03  -4.1308867e-02   4.3010557e-01  -6.3968119e-02   5.7995935e-01  -1.6502029e-01  -1.7809143e-01   5.6385467e-01   5.3040740e-01  -7.5758275e-02  -1.6368597e-01  -1.4574792e-01   1.4786394e-01   6.1628589e-02   3.8575526e-02  -8.9206304e-04  -1.2688867e-01  -1.7163225e-01  -2.3553476e-01  -1.0852075e-01   5.9730608e-01  -1.6438026e-01   8.5988804e-03   1.5416617e-01   5.4431011e-02  -8.0092924e-02   7.5176200e-02  -2.3314784e-01   4.7267456e-02
   2.7897346e-02   0.0000000e+00   5.1100745e-01  -2.7668725e-01   4.1682759e-01  -4.3122915e-01  -2.5741214e-01  -1.5199525e-01   3.2356727e-01   1.5503658e-01  -1.9624082e-01   6.4519336e-01   4.7142737e-02  -1.2456321e-01  -3.9630888e-01  -1.7300215e-01   4.8844891e-01  -2.8132194e-01  -6.6741919e-02   3.8179412e-01  -4.7866753e-01  -1.6015521e-01  -5.8039654e-01   1.0754492e-02   7.5067048e-02  -7.4403533e-02   1.3153794e-01  -4.4678564e-01   2.5043768e-02  -2.6582940e-01  -5.7390822e-02  -3.2952363e-01  -2.0845525e-01   3.5254984e-01  -6.3037869e-02   2.6805214e-01  -3.8300374e-01   1.8219463e-01  -2.1587815e-01   2.7546880e-01  -9.6829715e-02  -1.7262812e-01   1.9905288e-01  -2.1028799e-01   6.7542713e-02   8.9306841e-02  -3.5583023e-01  -2.3852331e-01  -1.7673677e-01   3.5000667e-01  -2.7378912e-01   8.6990839e-03   5.2640015e-01  -1.1884456e-01  -3.5525488e-01  -3.5825027e-01  -1.0714529e-01  -3.0647064e-01  -1.8927713e-01   6.3043518e-02  -7.6620694e-02   2.6465251e-01   6.3252787e-01   1.4417782e-01   1.6237851e-01   1.2737018e-01  -1.8767631e-01   1.0604783e-02  -4.2987599e-01  -2.8923883e-01   6.0362517e-01  -2.7630493e-01  -1.4611882e-01  -2.5523030e-01   6.7414160e-02  -1.8614411e-01   4.1616636e-02  -1.6627260e-01   6.5912698e-01   1.3107724e-01  -5.1386227e-01   8.5323416e-02   5.9868728e-02  -2.5102499e-01   3.4123113e-01  -1.8341242e-01  -9.1445565e-02  -2.9694066e-01   2.5304111e-01   1.0551891e-01   6.1097921e-01   5.4329356e-02  -4.5316839e-02   3.7700944e-01   1.1797988e-01   3.5555547e-01  -7.3604133e-02  -1.9432468e-01   2.8646628e-01  -4.3918741e-01  -1.6236809e-01  -4.1901644e-02  -4.2493783e-01   2.7739170e-01  -4.6015687e-01  -1.0425392e-01   1.2513613e-01  -2.1972077e-01   8.4119242e-02  -2.5709820e-01  -1.8773095e-01  -4.3882506e-01  -1.3335676e-01   1.8656214e-02  -3.5272952e-01   7.2628495e-01  -2.5263259e-01  -9.4913539e-02  -7.6587704e-02  -2.0816307e-01  -1.3116241e-01   5.9851000e-01   4.8795586e-01   2.3062815e-01   6.1615288e-02  -7.1286204e-03   1.5761569e-01   1.1409667e-01  -5.9144336e-02   2.6195034e-01  -1.4163844e-02   4.1412532e-01   6.5918661e-02  -2.0381190e-02  -4.3997870e-02  -2.2699369e-01   1.6148338e-01  -5.7140891e-01  -1.4080631e-01   2.2856876e-01   2.6981466e-02   2.3610613e-01  -1.1336394e-01  -3.4943068e-02  -3.8273282e-01  -1.7454366e-01   2.0807452e-01   1.6144194e-01  -1.0705824e-02   1.0950254e-02  -2.3207891e-01  -4.2670125e-01  -8.7364034e-02   1.8230316e-01   6.4499514e-01   9.6883799e-02  -1.0946062e-01  -1.6273123e-01   5.8193214e-02  -3.6882228e-01  -9.9599757e-02  -1.2490356e-01   3.7132478e-01  -3.7313800e-01  -8.5710243e-02   5.7142040e-01  -1.3029841e-01  -3.2997227e-01  -2.4595885e-04   3.2999854e-01   4.7541776e-01   1.7574649e-02  -2.2058615e-01  -8.3940691e-02   1.1663632e-01   5.7238644e-02   4.1068860e-02
   7.6028501e-02   5.1100745e-01   0.0000000e+00  -2.9061639e-01   3.4202049e-01  -2.1798600e-01  -1.8479848e-01  -1.8388890e-01  -1.0820982e-01   1.4318412e-01  -2.2671603e-01   5.5821255e-01  -5.2839637e-02  -1.0688477e-01  -3.5947134e-01  -3.0305140e-02   8.4536264e-01  -3.4396511e-01  -1.8980491e-01   3.5205621e-01  -4.4133448e-01  -2.3095834e-01  -3.7403736e-01   1.9348751e-03   1.2537290e-01  -2.3037628e-01   1.3862986e-01  -2.9122049e-01   7.7753889e-02  -3.3221822e-01  -6.0484698e-03  -2.5608068e-01  -1.1374827e-02   4.0070781e-01  -2.2947739e-01   1.2209442e-01  -4.4182210e-01   1.0722369e-01  -6.5547822e-02   5.3814754e-01  -2.7384762e-01  -3.5623804e-02  -7.0143342e-02  -4.6934884e-01  -1.1452068e-01   4.1687016e-01  -2.6670088e-01  -4.3088215e-01  -2.1496301e-01   6.4449900e-01  -2.3923298e-01  -1.2216807e-01   1.1100931e-01  -1.2240526e-01  -2.0688042e-01  -4.7031388e-01  -1.3559852e-01  -2.2890306e-01  -3.4470878e-01   2.4747026e-02   2.4226062e-01   1.3689099e-01   3.0910838e-01  -2.1168169e-01  -1.8074980e-01   9.9013147e-02  -2.1231464e-01  -1.1224029e-01  -3.9083489e-01   1.7232883e-01   4.5352749e-01  -3.2848861e-01  -2.3142396e-01  -2.0981440e-01   1.0728619e-01  -1.6265822e-01   3.0103739e-01  -3.4496365e-01   4.9928318e-01  -1.1681615e-01  -3.5538666e-01   1.2733576e-01  -7.4461196e-02  -1.9969355e-01   3.2934591e-01  -1.3519343e-01  -2.3777977e-01  -2.0909362e-01   1.7224681e-01   1.1270939e-01   2.7652836e-01   4.5174626e-01   8.1793867e-02   1.5948642e-01   1.3484900e-01   3.8852357e-01  -1.9874612e-01  -2.2563294e-01   5.5789406e-02  -5.0324248e-01  -2.5601279e-02  -1.3940218e-01  -3.5468276e-01   4.1551945e-02  -4.0113751e-01  -4.8896907e-02   1.6336308e-01  -2.4970671e-01  -9.6668667e-02  -2.8501431e-01  -1.1321593e-01  -2.6783267e-01  -1.7468237e-01   5.0210286e-02   7.2974583e-03   4.3189214e-01  -4.0816851e-01  -2.6475865e-01   7.5538081e-02  -2.5271999e-01  -7.4531762e-02   5.1022830e-01   4.5901501e-01  -2.3086900e-02  -2.3225073e-02  -5.9544391e-02  -8.4707186e-02   1.4816642e-01  -2.1376179e-01   5.4470751e-01   3.4904432e-02   1.4640971e-01  -3.4195547e-02  -9.7692968e-03  -2.2540289e-01  -2.5901575e-01   2.3661790e-01  -4.6969032e-01  -2.4758077e-01   2.0519403e-01   1.4510411e-01   2.4081260e-01  -2.8213526e-01   1.5116358e-01  -2.1176725e-01  -3.3242289e-01   4.4173554e-01   4.1979285e-02   2.9454733e-02  -1.9070796e-01  -4.0097609e-02  -4.0805044e-01  -7.7154277e-02  -1.9679587e-01   7.4856177e-01   1.2552688e-01  -9.2264594e-02  -2.9267450e-01   3.3348392e-01  -1.8028032e-01  -2.8769431e-01  -2.9645366e-01   1.6776835e-01  -4.0899102e-01  -6.6758154e-02   4.5674164e-01  -1.5197061e-01  -3.2094304e-01  -8.6479083e-02   2.9981402e-01   2.9979823e-01  -3.8486530e-02  -3.5864810e-01   7.6030420e-02   1.0230739e-01   1.5001598e-01  -5.3510217e-02
   6.4706615e-02  -2.7668725e-01  -2.9061639e-01   0.0000000e+00  -1.6556062e-01   4.5961120e-01  -2.2975712e-01   3.4615317e-01   3.7041456e-03  -2.1879321e-01   2.0720320e-01  -2.4959852e-01   1.2405896e-01   2.8998867e-01   1.4203726e-01  -2.4424904e-01  -3.3936776e-01   5.4674813e-01   3.5395674e-01  -9.6917402e-02   4.9893124e-02   5.3031315e-01   2.8625983e-02   5.6715764e-02   1.9449005e-01   3.0867316e-01   2.1406205e-01   1.0530532e-01  -9.2382006e-03   3.4354686e-01  -1.1477465e-01   6.8212056e-01  -4.0110811e-01  -2.4333164e-01   5.1569503e-01   5.1941627e-02   2.9272082e-01  -1.6938757e-01  -1.9010735e-01  -1.5884107e-01   4.2762669e-01  -2.5127478e-01   3.3697686e-01   4.1977008e-01   2.9695021e-01  -2.3996695e-01   4.3186322e-01  -6.3625133e-02   3.9323134e-01  -4.0515322e-01   4.4308395e-01   1.5406922e-01  -1.5659275e-01   4.0103320e-01   2.6701518e-01   4.3320554e-01   3.0162390e-01   5.2421723e-01   5.4946234e-01   2.7737179e-01   2.6779812e-01   1.7017920e-01   6.2768954e-02   4.6652818e-02   1.1505996e-01  -2.1077747e-01   5.9428055e-01   5.0830767e-01   6.6906076e-01  -4.4161669e-02  -2.7528145e-01   6.0771327e-01   2.5986240e-01   2.4583819e-01   5.3420216e-02   1.9459926e-02   1.1238107e-01   4.8351271e-01  -3.1426499e-01   4.6592042e-01   1.3504216e-01  -4.4018694e-02   4.9917501e-02   3.4569002e-01  -1.1971712e-01   4.5000225e-02   1.1300221e-01   2.7968480e-01   8.4398428e-03  -9.6065967e-02  -2.6137429e-01  -9.4226907e-02  -1.1579710e-01   2.4354800e-01  -1.2072027e-01  -1.7636424e-01   6.9116727e-01   3.1155247e-01   3.6448683e-01   2.3600307e-01   3.8151219e-03   1.4106201e-01   1.8931281e-01   2.9698596e-01   4.7049995e-01   3.5147708e-01  -1.5379931e-01   5.2221834e-01   1.7571019e-01   1.7655453e-01  -9.8468661e-02   4.6254801e-01   6.6737887e-01   4.6670064e-02  -1.9923046e-01  -2.8631966e-01   5.8220829e-01   5.0235412e-01  -8.9525460e-02   8.5130693e-01   1.3483714e-01  -2.3479650e-01  -9.9334580e-02   4.8127319e-02  -8.6341925e-02   3.1039827e-01   5.0954946e-02   2.3874741e-01   7.1831759e-01  -1.5757166e-01  -3.0455063e-01  -3.3351894e-01   3.5572240e-01  -1.7787225e-01   6.1105015e-01   1.4844748e-01   1.4941956e-01   1.0064288e-01   2.1070337e-01  -2.2756434e-01   8.4408173e-02  -5.0321266e-01   4.5711393e-01   1.1307586e-02  -3.0189772e-02   4.0960542e-02  -2.1858031e-01  -1.4443212e-01  -1.7449246e-02   2.9508235e-02  -2.3504089e-02   1.8834519e-01   1.5250339e-01  -1.0899347e-01  -3.1252908e-01  -1.4156352e-01   1.8655131e-01   5.5163580e-01  -2.7613592e-01   2.2868424e-02   7.5589255e-01   4.8115072e-01  -4.6608596e-02   6.2326144e-01   5.5358773e-01  -4.2349948e-01  -2.3217616e-01   2.2400611e-01   1.4174005e-01  -5.1139718e-02  -3.7668596e-01  -1.4649349e-01   5.2594254e-01   3.5666291e-02   1.4481393e-01  -1.2889016e-01   5.5276261e-01
  -1.1483157e-01   4.1682759e-01   3.4202049e-01  -1.6556062e-01   0.0000000e+00  -4.3802704e-01  -2.0341183e-01  -2.3783241e-01   1.7672658e-01   1.2638162e-01  -1.0763398e-01   2.2898159e-01   4.2748060e-01  -2.7082007e-01  -4.0925020e-01  -5.6590892e-02   4.2791670e-01  -1.6771159e-01   3.2490598e-02   7.8744802e-01  -2.7998181e-01  -1.2283373e-01  -2.2867682e-01  -8.5742986e-02   2.0622445e-01  -1.4685828e-01   1.3055188e-01  -4.2823056e-01   1.2608917e-01  -3.9840277e-01  -1.4780125e-01  -1.5676712e-01  -1.0788900e-01   8.8792555e-02  -2.6800531e-01   6.7513120e-01  -9.9787420e-02   1.5090204e-01  -1.8345929e-01   3.3973450e-01   2.8120956e-01   2.5633836e-02  -1.6113708e-01  -2.9591368e-01   1.6827260e-01  -2.1582797e-02  -4.7129684e-02  -2.6122832e-01   1.3347223e-01   2.8545792e-01  -1.2117471e-01   4.0120432e-02   2.0136899e-01  -1.2869878e-01  -3.6466384e-01  -4.2954568e-01  -1.1923264e-01  -1.7658276e-01  -8.9432083e-02  -4.0504894e-01  -8.5711886e-03   5.2704157e-01   5.9327732e-01  -1.5464187e-01   2.2443833e-01   8.7277198e-02  -2.6043681e-01   2.0377690e-02  -1.9416313e-01  -4.5133201e-01   3.2088747e-01  -2.1324211e-01   1.1920472e-01  -4.5154581e-01   3.3869436e-01  -8.2386108e-02  -7.9780836e-02  -9.2826286e-02   7.3926262e-01   3.2555686e-01  -3.6905665e-01   1.5348799e-01   8.8204476e-03  -1.1347644e-01   6.0563106e-02  -1.6785099e-01  -2.5778109e-01  -2.1956664e-01   3.2941272e-01   1.1066560e-02   7.8106468e-01   7.6602743e-02  -5.5406774e-02   2.8094282e-02   8.2311834e-02   6.7069069e-01   2.7459669e-02   2.8507173e-03   4.9188923e-01  -2.6803739e-01  -2.6084980e-01  -4.5811336e-01  -3.2452454e-01  -1.6672573e-01  -4.1085943e-01  -2.0598449e-02   9.5559562e-02  -1.0659364e-01   3.9643419e-01  -1.7047038e-01  -1.9455175e-01  -4.7432602e-01  -8.2860933e-02  -6.9303868e-02  -3.0418051e-01   6.6553500e-01  -1.4920423e-01   1.4901124e-01  -3.8443849e-01  -1.2881417e-01  -2.9672724e-01   7.2804065e-01   3.2908253e-01   2.2946625e-01  -2.4148995e-02  -1.7668301e-01   6.5991099e-02   2.0933752e-01  -4.2976689e-02  -1.3473859e-01   2.6578657e-01   3.3224805e-01  -2.3100915e-01  -8.3451435e-02  -6.2215824e-02  -1.6234856e-01   2.3425351e-01  -6.0078281e-01  -2.5589851e-01   1.8335326e-01   8.6227952e-02   3.2691559e-01  -2.2556456e-01  -3.6398231e-01  -3.1090177e-01  -1.8326252e-01   1.6165324e-01   3.1179345e-01  -1.1824331e-01  -6.4424842e-03  -3.3132553e-01  -2.8998927e-01  -1.7134285e-01   1.6940794e-01   3.4261780e-01   1.0476708e-01  -2.9080543e-01  -2.7854983e-02   1.4936194e-01  -1.7606394e-01  -1.4150645e-01  -1.2249569e-01   2.9997516e-01  -2.4412241e-01   2.5218744e-03   4.6573432e-01   1.6333645e-02  -2.3318382e-01  -1.4043266e-01   4.6444563e-01   3.4813005e-01  -2.5099378e-01   4.6911934e-02  -2.2612731e-01   1.9675433e-01   1.6727249e-01   8.3263858e-02
   1.2227229e-01  -4.3122915e-01  -2.1798600e-01   4.5961120e-01  -4.3802704e-01   0.0000000e+00   9.2506443e-02   2.4262699e-01  -2.4978740e-01  -4.4728682e-04   2.0289166e-01  -1.0224750e-01  -8.7035258e-02   1.8425360e-01   3.4573832e-01   7.4527836e-02  -2.9439915e-01   4.5006116e-01   3.6292549e-01  -1.9053111e-01   2.1654986e-01   2.0438395e-01   3.2817789e-01   1.2549420e-01  -8.8496047e-02   2.1343152e-01   3.1003429e-01   3.0675427e-01  -1.5369327e-01   3.9778636e-01  -1.0511002e-01   2.7186193e-01  -1.2370961e-01  -1.7571576e-02   2.9104935e-01  -1.0301055e-01   5.1847278e-01  -1.5767515e-01  -8.3707276e-02   4.9145561e-02   1.2474961e-01  -9.3595198e-02   2.9801262e-01   2.3222463e-01   1.1099589e-01   1.2257150e-01   4.8284888e-01   1.7094295e-01  -3.7316346e-02  -2.4845849e-01   4.7041991e-01   2.0349078e-01  -1.7996187e-01   1.6778186e-01   2.7576330e-01   4.5980815e-01   4.6421746e-01   2.9935998e-01   3.2836515e-01   3.4402347e-01   1.8053109e-01  -1.5262332e-02  -2.4278276e-01  -4.0114873e-03  -1.9437601e-01   1.3064725e-01   6.9134593e-01   2.0556701e-01   6.5097475e-01   5.8066689e-01  -2.7209612e-01   4.1809141e-01   2.3703591e-01   4.1027607e-01  -1.7662401e-01  -8.1934753e-02   1.5254817e-02   3.6029879e-01  -6.1674683e-01  -3.4314266e-03   3.2846265e-01  -2.2383449e-02   2.0360370e-01   3.2100785e-01   1.7991537e-02   4.5078130e-02   8.3589452e-02   2.7876189e-01  -4.0730825e-03  -1.2835376e-01  -5.9289450e-01  -1.1589711e-01   2.9300426e-01   7.5579582e-03  -8.1665707e-02  -3.6081204e-01   1.7510395e-01   4.4955343e-01  -1.0634365e-01   3.4663274e-01   1.1825004e-01   2.2938133e-01   1.6133314e-01   1.1814773e-01   5.0058039e-01   8.3792652e-02  -1.8502424e-01   5.8149397e-01   9.7276446e-02   5.9388226e-01   2.1099626e-01   5.7508442e-01   3.1553392e-01   5.7670107e-02   6.0519710e-02  -5.0888463e-01   4.8794571e-01   2.5008076e-01   1.8312890e-01   4.2228550e-01   1.1966442e-01  -4.3354118e-01  -2.7274985e-01  -1.8848347e-01  -1.4281533e-01   1.1833743e-01   5.4958924e-02  -1.8334270e-01   1.2180780e-01   1.8433662e-01  -2.3908280e-01  -2.8264334e-01   2.0183603e-01  -5.7691535e-02   2.6176484e-01   8.9498636e-02  -2.7259662e-01   2.7216327e-01   1.7617703e-01  -1.1821644e-01   1.0525046e-01  -3.9009109e-01   4.5067985e-01   4.3088653e-01   1.2415940e-01  -3.3801048e-02  -6.9897200e-02  -4.0577564e-02   4.4272917e-01  -6.9945029e-02   2.0509405e-01   1.9842781e-01   6.4717827e-02  -3.4747859e-01  -2.1397562e-01  -6.2546488e-02   2.5432269e-01   3.5956254e-01  -2.2331342e-01   8.3472160e-02   3.1114333e-01   3.3075538e-01  -1.4717173e-01   2.2543075e-01   2.6574178e-01  -4.0213333e-01   8.0332224e-03   2.8361257e-01   1.5449149e-01  -1.5668824e-01  -1.6646560e-01  -3.0377856e-02   2.0229924e-01   4.9012258e-01  -6.7640881e-02  -2.4294811e-01   7.7957428e-02
  -8.5450654e-02  -2.5741214e-01  -1.8479848e-01  -2.2975712e-01  -2.0341183e-01   9.2506443e-02   0.0000000e+00  -3.1311769e-01  -7.2837820e-02   2.5560332e-01  -1.1886075e-02  -5.3551512e-03  -9.9593616e-02  -2.8018497e-01   2.5080342e-01   4.8572188e-02  -2.3959354e-01   4.6512752e-03  -2.5801403e-01  -8.3302322e-02   3.5250609e-01  -2.0175083e-01   6.8023342e-01  -1.4475139e-01  -3.0427104e-01  -2.7778650e-01   2.1284725e-02   9.6991426e-02  -3.7344753e-02  -3.4524737e-02   2.7836905e-03  -4.8246218e-02   1.5489565e-01   3.0102414e-01  -1.5754141e-01   3.4153999e-02   4.3359205e-02  -1.2527781e-01   3.9797727e-02  -7.2763397e-02  -1.6915393e-01   3.9782253e-02  -8.3852291e-02  -2.2080552e-01   1.1241784e-01   1.6147509e-01   9.6208808e-02   4.8894226e-01  -2.3741893e-01  -1.8832520e-01   1.7941528e-01  -2.1816021e-01   2.3367976e-02  -2.5032798e-01  -1.7536997e-02  -1.5923829e-01  -2.2898398e-01  -8.2383059e-02  -1.9358082e-01  -1.9603920e-01  -2.3477987e-01  -1.3744817e-01  -3.5953010e-01  -3.1770604e-01  -8.2155438e-02   4.0410773e-01  -3.0913968e-01  -1.7890354e-01  -7.8522303e-02   2.2274665e-01   7.0866088e-02   1.2139071e-01  -3.0903862e-02  -7.8714652e-02  -3.1067801e-01   7.5680737e-02  -1.6658522e-01  -2.6167765e-01  -3.3691517e-01  -3.7040682e-01   2.2993654e-01  -1.1959615e-01  -6.8625597e-02  -1.9819204e-01  -3.4063319e-01   1.2346571e-01   4.8189566e-02  -1.7602599e-01  -3.1939707e-01  -1.4616982e-01  -3.7733915e-01  -2.0190422e-01   2.6920515e-01  -2.2479074e-01  -1.3697139e-01  -2.3573568e-01  -2.6568507e-01  -1.3834761e-01  -1.6728802e-01   6.1422180e-01  -6.0271078e-02  -3.0983837e-02   1.4608986e-01  -3.2867238e-01   2.1364016e-01  -2.4080401e-01  -1.7241444e-01  -2.0021609e-01   8.1263041e-02   7.1296605e-02   4.5137105e-01   2.0899035e-02  -9.2206443e-02  -3.7375960e-02   4.0578947e-01  -3.7579206e-01  -2.5851889e-01  -4.5428756e-02  -7.6757499e-02  -1.6505035e-01   2.6206528e-02  -2.7041689e-01  -3.5182050e-01  -1.7243343e-01  -1.5908225e-01  -3.3509665e-01   1.7936217e-01  -3.1685940e-01  -3.2269971e-01  -1.0842354e-01  -5.9949638e-02   1.1613013e-01  -3.8825977e-01   2.0458455e-01  -1.3548080e-01   4.2493232e-02  -2.8238597e-01   3.1115760e-01   4.4311262e-02  -1.2370037e-01  -2.6707760e-01  -1.5358696e-02  -1.5601331e-01  -1.4362169e-01   3.9306217e-01   8.2308486e-02   2.0685544e-01   3.7371101e-02   2.1416300e-01   1.4717420e-01  -6.8095424e-02   7.2261684e-02  -1.6588219e-01  -1.5953467e-01  -2.7092328e-01  -1.0888183e-01  -1.0667452e-02  -7.9793643e-02  -1.0876084e-01   2.8488171e-01  -1.4368960e-01  -2.0151707e-01  -1.6111259e-01  -1.3907920e-01  -3.0524830e-01  -9.5532427e-02   5.8851038e-01  -2.9704735e-02  -1.7933623e-01  -3.7199572e-01   2.2579965e-01   3.5795444e-02  -1.2531674e-02  -1.6444949e-01  -3.5698389e-01  -8.5202054e-02  -4.3150133e-01
   7.7049026e-02  -1.5199525e-01  -1.8388890e-01   3.4615317e-01  -2.3783241e-01   2.4262699e-01  -3.1311769e-01   0.0000000e+00  -1.8010203e-01  -2.5607219e-01   8.7850265e-02  -2.6667168e-02  -2.3180247e-02   3.5685034e-01   1.2270041e-01  -4.8016961e-02  -2.4523451e-01   1.7450571e-01   3.8264343e-01  -2.4263978e-01  -4.0090717e-02   1.5884230e-01  -1.8275762e-01   1.5110285e-01   1.5542980e-01   6.9234211e-01  -4.1988810e-02   2.5991289e-01   1.1866037e-02   6.9077672e-02   7.6716446e-02   3.8777343e-01   1.0026662e-01  -1.1945526e-01   2.2331792e-01  -2.1713589e-01   8.8328399e-02  -2.0409628e-02   6.7755451e-02  -6.4003054e-02   2.5104245e-01   2.7475928e-01  -3.7815280e-02   4.3897791e-01  -1.2101880e-01  -2.6480064e-01   2.2252858e-02  -3.7432180e-02  -9.4013400e-02  -1.3635091e-01   6.8543386e-02   7.0556367e-01   4.8303287e-02   2.0267412e-01   1.7668648e-01   4.6229998e-01   3.3060780e-01   3.3697497e-01   5.0994486e-01   2.6622233e-01   2.7082151e-01  -3.4673245e-02  -1.7958971e-01   3.2686769e-01  -1.0693532e-01  -2.6262190e-01   4.3494793e-01   2.7667333e-02   3.0546898e-01  -9.5740642e-02  -2.4934978e-01   6.2208564e-02   1.0045078e-01   2.1700468e-01  -1.0279111e-02   2.1213611e-01   2.1694031e-01   2.7799434e-01  -1.5630581e-01   2.2346776e-01   1.8023142e-01   1.7675961e-01   1.2510555e-01   6.0857683e-01  -3.5720227e-02   1.6887252e-01  -1.3575800e-01   3.1312768e-01   9.0733520e-02   1.1624172e-01  -1.1511268e-01   1.2876286e-01   5.2830759e-02   5.1524945e-02   3.3532727e-02  -1.6396201e-01   1.8667224e-01   3.1920438e-01  -1.1365756e-03   1.7390623e-02   8.2601796e-02   4.7434654e-01   2.2085801e-01   1.3138185e-03   1.6354462e-01   4.0072617e-01  -4.3768526e-02   4.3010393e-01  -1.3458984e-01   2.7441814e-01  -2.8849234e-02   1.6523047e-01   3.2598627e-02   1.7855039e-01  -1.2834335e-01  -2.4537661e-02   3.1573328e-01   3.0681488e-01   4.4426505e-01   2.6864416e-01   2.4721392e-01  -2.3397728e-01  -3.6041678e-02  -3.5319458e-02   2.6803586e-01   3.9939071e-01   3.6633714e-03   7.8802091e-02   2.9469190e-01  -1.0768052e-01  -1.9643990e-01  -8.8423731e-02   3.1524935e-01  -1.6672855e-01   3.1466643e-01   5.1660858e-01   1.1753245e-02   1.9581598e-01   4.5419729e-01  -1.4883081e-01   2.7620457e-01  -2.7106275e-01   3.3868699e-01   1.7034734e-01  -9.9695040e-02   2.1463760e-02  -1.7929956e-01  -5.5257588e-02  -5.4344316e-02  -1.6776649e-01   1.9355169e-01   4.1978040e-01   2.7392585e-01   2.0409975e-02  -4.5053813e-02  -4.4156390e-02   2.8645603e-01   4.0599195e-01   9.1851410e-02   1.2530344e-02   1.3067390e-01   2.9101923e-01  -3.8384195e-02   1.8356357e-01   4.0322457e-01  -7.8651705e-02  -1.6076204e-01   4.0848202e-01   3.1347735e-01   9.4855114e-02  -2.0940115e-01  -1.2359408e-01   5.1190211e-03   3.4937715e-01   9.1941129e-03  -1.4967066e-02   3.2018344e-01
  -2.8854377e-02   3.2356727e-01  -1.0820982e-01   3.7041456e-03   1.7672658e-01  -2.4978740e-01  -7.2837820e-02  -1.8010203e-01   0.0000000e+00   2.3962847e-02   3.5102285e-01  -1.1493326e-01   1.6068160e-01  -8.8526134e-02   3.9064653e-02  -1.0816598e-01  -9.7767530e-02   2.4988520e-01   1.0867147e-02   3.3336306e-02  -5.6499879e-03  -1.8862578e-01  -7.1149463e-02  -6.8643524e-02  -8.2638888e-02  -2.2689189e-03   2.5998043e-01  -3.5924316e-01  -1.6764728e-01   3.3371593e-03   2.0964221e-01  -1.1323154e-01  -1.8083807e-01   1.0363406e-03   5.4212093e-02   3.1977333e-01  -4.5925661e-03   1.2933423e-01  -7.4558143e-04  -3.2973395e-02   1.9181759e-01  -2.5810161e-01   2.6236541e-01   7.7988846e-02   3.6513720e-01   6.0673067e-02   1.3199388e-01   9.4104694e-02   2.0893930e-01  -1.1409462e-01   1.9688935e-01  -7.2771125e-02   4.4374565e-01  -1.6273324e-01  -3.8686898e-01  -2.3370203e-01  -2.7524506e-02  -2.3575313e-02   2.0683674e-02  -2.1285973e-01  -3.8814841e-01   2.8662760e-01   4.2282167e-01   4.6996010e-01   7.6459356e-01   1.0552153e-01  -1.0150473e-01   2.0054241e-01  -3.8070469e-02  -3.4564044e-01   2.9371242e-01   1.6452156e-01   6.7319001e-02  -4.3143461e-01  -1.0940805e-02  -2.7861453e-01  -2.9416870e-01  -1.4017819e-01   2.9438452e-01   1.6148065e-01  -3.3272502e-01   1.2267219e-01  -2.0072033e-02  -1.4219363e-01  -2.5043834e-01  -2.7455647e-01   3.9833172e-01  -2.6016635e-01   1.0226550e-01   9.1759773e-02   2.1913327e-01  -3.8245951e-01  -4.3625661e-01   4.7316652e-01  -4.7550483e-03  -7.3063628e-02   5.6408660e-02  -2.7762765e-02   3.5511235e-01  -1.3017920e-01  -2.2226243e-01  -4.4878651e-02  -4.1514780e-01   2.6588332e-01  -3.9466851e-02  -2.7583399e-01  -8.5417521e-02  -5.7910617e-02   2.2529806e-01  -1.9110069e-01  -3.5011458e-01  -2.4657867e-01   1.1280174e-01   4.1345571e-03  -3.6595423e-01   2.1607487e-01  -5.5817002e-02  -9.8008984e-03  -4.9189196e-01   2.1568343e-03  -1.3214437e-01   1.7817631e-02  -4.6279685e-02   5.4421918e-01   6.6454750e-02  -1.6859912e-01   2.8496645e-01  -9.6602192e-02   4.0024691e-02  -3.0339573e-01   1.4283227e-01   3.2995297e-01  -1.6167954e-01   3.0346261e-01   8.7393887e-02  -2.3621163e-01  -1.0422100e-01  -2.3397496e-01  -1.4545395e-01   2.3569469e-02  -3.7702845e-02  -6.7850587e-03   1.6896796e-01  -4.9298192e-01  -6.8501422e-02   1.6166337e-01  -2.9482145e-01   3.5810865e-01  -1.8870729e-02   3.9959194e-01  -4.6070687e-01  -3.5979207e-01  -1.9382695e-01   3.9491415e-01  -1.0375458e-01   2.3871570e-03  -4.6757341e-02   1.1650601e-01  -2.3703897e-01  -3.2718576e-01   1.5888713e-01   3.1260712e-01   4.8295388e-01  -2.6119918e-02  -4.2705136e-02  -4.3606675e-02  -5.5615325e-02  -2.5576653e-01  -9.6852132e-02  -2.1630325e-01   3.6902647e-02   1.4624996e-05   3.3077428e-01  -2.9752983e-01  -5.2694362e-02   4.3474489e-02   2.8176933e-02
  -1.9446158e-02   1.5503658e-01   1.4318412e-01  -2.1879321e-01   1.2638162e-01  -4.4728682e-04   2.5560332e-01  -2.5607219e-01   2.3962847e-02   0.0000000e+00  -8.4479525e-02   4.4746833e-01   2.0850286e-01  -2.6023344e-01  -1.5181396e-01  -6.0068334e-02   1.1057272e-01  -3.5864922e-02  -1.7391822e-01   3.0704148e-01  -6.6662969e-02  -1.0443272e-01   1.5435771e-01  -1.3410281e-01  -1.7713998e-01  -1.5333573e-01   2.4000857e-01  -4.2708064e-01  -1.7811459e-01  -2.3898480e-01  -1.2586999e-01  -2.5863395e-01  -2.3668207e-01   5.2830633e-01  -1.2822698e-01   2.2312449e-01   3.4869407e-02   1.8134251e-01  -1.6862326e-01   2.1987020e-01   6.1889478e-02  -2.5299649e-01   1.9320827e-01  -5.9632169e-02   1.3087424e-01   1.7878645e-01  -7.8843722e-02   1.2473170e-02  -2.5621507e-01  -1.0420790e-02  -5.1872387e-02  -8.0262795e-02   1.8704916e-01  -2.0549781e-01  -1.7072451e-01  -2.5446439e-01  -2.6153960e-01  -2.0012376e-01  -1.2501303e-01  -8.2491831e-02  -1.4701544e-01   1.3303155e-01   1.3244389e-01  -1.0114093e-01  -4.9056082e-02   4.9805812e-01  -1.2320437e-01   1.0123714e-01  -2.9187240e-01   1.2400738e-02   2.7145867e-01  -6.4204241e-02   5.6019556e-02  -1.9741724e-01  -9.3554491e-02  -2.3268660e-01  -1.7624365e-01  -1.2310983e-01   1.7474111e-03  -1.2067716e-01  -3.3605856e-01  -3.3409041e-02   3.1434675e-01  -2.6364758e-01   7.9049918e-02  -1.6348312e-01  -1.4604885e-02  -3.1937783e-01   8.2865698e-02  -1.2795274e-02   4.9818452e-03  -1.8967180e-01   4.5724339e-01   1.2648582e-01   1.1143661e-01   2.5442632e-01  -6.0270960e-02  -1.4252496e-01   4.9488584e-02   2.5006704e-01  -6.2298205e-02  -9.7341891e-02  -2.4493614e-01  -5.5119951e-02  -1.2126129e-01  -2.6997632e-01  -1.9105713e-01  -1.0931685e-01   3.2264982e-01   7.7592214e-02   3.6680987e-01  -2.3054397e-01   6.2192633e-02  -9.7666482e-03  -2.2319696e-02   5.6342263e-02  -2.1709137e-01   9.8906149e-02  -2.3411836e-01  -1.4909675e-01  -1.6895941e-01   3.1658450e-01   2.1858990e-01  -9.0744941e-02  -1.0696717e-01  -2.7949957e-01   2.5589999e-01  -2.2325257e-01   5.1186499e-02   1.3635234e-01   1.1999293e-02   1.1950250e-01  -2.3863214e-01   2.3811491e-01   1.1938621e-01  -2.0365881e-01  -4.2074106e-02  -2.5749241e-01  -9.0258602e-02   1.0626895e-01  -1.5145137e-01   1.3529470e-01  -1.2566372e-01  -1.4282103e-02  -4.3974057e-02  -1.2769098e-01   2.9138898e-01   7.4102638e-02   2.7655333e-01   1.0699828e-01  -1.3398314e-01  -3.2013288e-01  -2.8492800e-01  -4.8497347e-03   1.8648031e-01  -5.4582938e-02  -8.9718243e-02  -6.3587387e-02  -2.1509717e-01  -2.7590701e-01  -1.3634002e-02  -1.1179613e-01   1.3393023e-01  -2.2612103e-01  -1.6865088e-01   3.2160393e-01   1.8868970e-01  -4.1089401e-01  -1.8307681e-01   2.2844298e-01   4.7125584e-01   4.3905422e-02  -1.2064312e-01  -9.0724279e-02  -7.4040905e-02  -1.4801401e-01  -1.0392377e-01
  -8.3302191e-02  -1.9624082e-01  -2.2671603e-01   2.0720320e-01  -1.0763398e-01   2.0289166e-01  -1.1886075e-02   8.7850265e-02   3.5102285e-01  -8.4479525e-02   0.0000000e+00  -4.4726971e-01  -1.1381325e-01  -1.3631619e-01   5.8905735e-01   1.0218943e-01  -2.6636605e-01   7.4538737e-01   2.5708430e-02  -2.4801579e-01   2.4991379e-01  -2.7475600e-01   1.5796546e-01  -2.3927588e-02  -1.8553318e-01   2.3672770e-01   2.3893357e-01  -3.3561375e-02  -2.6491056e-01   3.5851515e-01   4.8617596e-01   1.4501756e-01   1.5515791e-02  -1.8366106e-01   2.5257439e-01   3.9134474e-01   3.4387884e-01  -1.4981097e-01   1.4572156e-01  -1.5433409e-01   1.7561171e-01  -9.7692080e-02   2.2419512e-01   4.2395418e-01   5.5045924e-01   2.2265629e-01   7.4285503e-01   3.7052262e-01   2.9841032e-01  -1.2537515e-01   7.0115527e-01   1.7199448e-01   2.4373194e-01  -2.4813570e-01  -1.7963335e-01   1.4355838e-01   1.5500338e-01   2.5544252e-01   3.0906110e-01   5.5142331e-02   4.5806855e-03   9.3404536e-02  -6.0651090e-02   5.7419922e-01   5.7491648e-01   3.8081787e-01   1.8934019e-01   3.2095663e-02   2.7650009e-01  -9.9863751e-02  -1.1057412e-01   5.1707721e-01   2.3432131e-01  -2.5396198e-01  -1.8927788e-01  -6.5666851e-02   2.2464205e-02   2.5967384e-02  -5.2427900e-02  -1.2592055e-02  -5.7371555e-02  -7.6280608e-02   2.0620010e-02   9.6495270e-02  -3.9136898e-01   6.3876972e-02   3.8594164e-01  -9.7449422e-03   2.8911056e-02   9.3404908e-02  -1.6829637e-01  -2.1202620e-01  -4.0830376e-01   1.7412669e-01   1.5806468e-02  -5.4787981e-01  -1.7379715e-02   3.3849369e-02   1.2592038e-01   1.2199196e-01  -7.8248435e-02   4.6961191e-01  -2.7471111e-01   1.9858296e-01   4.2265035e-01  -6.6199180e-02  -2.5087265e-01   2.4580379e-01   1.9924771e-01   3.6913490e-01  -3.4559751e-01   1.9829882e-01   2.8814475e-02   2.0815200e-01  -3.0330130e-01  -1.1724065e-01   1.4089176e-01   1.8338033e-01  -1.3459931e-02   1.4692316e-01   2.2198161e-01  -3.7712221e-01  -5.0351607e-01   5.7480335e-01   2.0195615e-01  -7.1621266e-02   3.8936192e-01  -2.2753828e-01  -2.1085353e-03  -1.9915367e-01   1.2546678e-01   3.2244041e-01  -1.8963229e-01   4.5032071e-01   1.3174708e-01   9.0825356e-03  -3.2655436e-01   1.2999212e-01   3.0909126e-01  -2.8979108e-01  -1.5537991e-02  -2.6489698e-01   6.4640283e-01  -2.1931754e-01   2.8509577e-01   2.2809390e-01  -6.3037934e-01   5.6951446e-01   5.3611075e-01   2.5130889e-01  -3.6825630e-01  -1.8106894e-01   5.6455374e-02   3.8311634e-01  -2.8223974e-01  -2.0407191e-01   2.4754489e-01   3.4085749e-01  -8.4891803e-02  -1.6935817e-01   1.3686452e-01   6.7643201e-01   4.2511528e-01   2.2100470e-01   1.4084212e-02  -4.6477231e-01   9.7859292e-02  -1.0413326e-02   1.2587800e-01  -2.2407352e-01  -2.4004449e-01  -2.4889456e-02   4.8984871e-01   4.8925867e-02  -1.9976920e-01  -1.7306641e-01  -1.0026402e-01
   1.0622754e-01   6.4519336e-01   5.5821255e-01  -2.4959852e-01   2.2898159e-01  -1.0224750e-01  -5.3551512e-03  -2.6667168e-02  -1.1493326e-01   4.4746833e-01  -4.4726971e-01   0.0000000e+00   9.7211233e-02  -6.5880385e-02  -3.9159998e-01  -1.2005523e-01   4.3227817e-01  -4.2369025e-01   3.7268001e-02   5.2111148e-01  -4.6694388e-01  -8.9239688e-02  -3.5799122e-01  -8.4655340e-03   1.0128720e-01  -1.1833291e-01   2.0796420e-01  -4.3487039e-01   1.7476878e-01  -4.4320962e-01  -2.2569576e-01  -3.1642283e-01  -2.6231380e-01   7.0086407e-01   1.5786140e-02   7.2480218e-02  -2.8648904e-01   2.3862181e-01  -2.5524528e-01   3.4926566e-01  -1.0572137e-01  -8.0210281e-02   1.9633730e-01  -2.1165512e-01  -3.6240873e-02   7.2238565e-02  -4.8342343e-01  -3.2044264e-01  -4.0706843e-01   2.6980837e-01  -3.7885624e-01   3.4126594e-02   3.0004316e-01   7.1934977e-02  -1.4999240e-01  -2.6730058e-01  -1.4738384e-01  -3.8778721e-01  -2.3763491e-01   2.5348787e-01   7.1029947e-02   2.8242303e-01   4.1257286e-01  -1.9433638e-01  -2.9202317e-01   1.3685840e-01   4.0562930e-03   6.5626804e-02  -3.8269889e-01   6.3020317e-02   5.0371646e-01  -3.1507541e-01  -9.6412815e-02   8.3984160e-04   1.9427416e-02  -2.7115079e-01   5.3376643e-02  -1.2170456e-01   3.4388508e-01   6.4288348e-02  -4.4673464e-01   2.9818721e-02   2.7134675e-01  -2.3631043e-01   4.5593370e-01  -2.3520896e-01  -2.3487562e-01  -2.9984986e-01   1.7967597e-01   7.3155316e-02   2.3365972e-01   2.0011584e-01   5.0790358e-01   2.9050416e-01   1.6262164e-01   4.5703797e-01  -8.4669309e-03  -9.2545918e-02   1.4058735e-01  -1.7478008e-01   2.3440283e-02   4.1300069e-02  -3.2758622e-01   8.9899106e-02  -4.6391209e-01  -1.6263227e-01   2.1563654e-01  -1.3408074e-01   2.3848391e-01  -1.8416882e-01   3.0100705e-01  -4.1256733e-01   5.1836558e-03   1.9624336e-02  -7.7174998e-02   3.7613493e-01  -3.0030337e-01   3.5309347e-02   1.7889708e-02  -1.1961807e-01  -1.0386957e-01   6.2928920e-01   6.2666966e-01  -2.9436333e-01  -5.8750458e-02   3.0797416e-02   1.3289801e-01   1.2094447e-01   2.2019725e-02   3.9464501e-01  -1.6254123e-01   2.0778785e-01   8.1638399e-02  -1.2571364e-01   6.1032721e-02  -1.8886669e-01   2.6407741e-01  -4.7038827e-01  -1.9174991e-01   2.1236383e-01  -2.4327255e-02   1.4978287e-01  -2.3045532e-01   2.4097994e-01  -2.4415948e-01  -4.2929184e-01   6.2052014e-01  -2.1206926e-01   2.0866476e-02  -1.5072099e-01   9.8682357e-02  -3.6871490e-01  -8.0817665e-02  -1.9294471e-01   5.9311977e-01   6.5313085e-02  -1.0069106e-01  -1.7860331e-01   2.7504543e-02  -3.2694615e-01  -6.1008236e-02  -2.9222889e-01  -3.1191561e-03  -4.0782724e-01  -7.6969001e-02   7.1303529e-01   4.7884552e-02  -3.1673369e-01   3.0902538e-02   3.6511142e-01   6.6488857e-01   6.8251101e-02  -3.7084932e-01   8.0924771e-02   1.4018280e-01   5.1964651e-02   1.1171128e-01
  -1.8888040e-02   4.7142737e-02  -5.2839637e-02   1.2405896e-01   4.2748060e-01  -8.7035258e-02  -9.9593616e-02  -2.3180247e-02   1.6068160e-01   2.0850286e-01  -1.1381325e-01   9.7211233e-02   0.0000000e+00   3.7833239e-02  -2.0424862e-01  -7.3683791e-02   2.5457401e-02   1.4862079e-02   2.7108217e-01   4.4861825e-01  -1.4926384e-01   8.2398268e-02  -6.6960951e-02  -5.3836198e-02   2.2640308e-01  -8.1325016e-02   1.4151827e-01  -2.9222608e-01   4.3997204e-02  -3.2022107e-01  -5.1616078e-02   1.4750884e-02  -3.0524322e-01   1.5417701e-01  -6.5010716e-02   3.2449194e-01   6.1118185e-02   1.5152916e-01  -1.6372650e-01   1.3049076e-01   6.7854816e-01   2.4352442e-02  -3.3512469e-02   1.4097024e-01   1.7519530e-01  -1.1235004e-01  -5.8199739e-02  -1.0313937e-01   1.4812892e-01  -1.7691124e-01  -8.3143439e-02   5.1627680e-02   1.0939134e-01   5.8560579e-02   1.9228145e-03   1.6422038e-02  -4.7271304e-02  -1.0592044e-01   1.1095641e-01  -1.8455999e-01   2.8051769e-02   5.0677381e-01   3.5464366e-01   2.2934927e-02   1.9579256e-01  -9.9163848e-02   1.0359910e-01   1.8721595e-01   2.1827632e-02  -1.7137554e-01   9.8997627e-02   1.7546007e-02   1.6295412e-01  -1.2058833e-01   3.0440084e-01  -2.0857779e-01  -1.9043498e-01   1.4211031e-01   1.8313795e-01   4.3195163e-01  -2.0984823e-01   1.5826711e-01   2.9580580e-01  -4.1086557e-02   1.2844358e-01  -2.4819611e-01   3.6835875e-02  -1.1754030e-01   1.9304086e-01   8.6318379e-04   2.6681530e-01   6.4455142e-02   1.1600713e-01   5.8770228e-02   2.4420859e-02   4.1351138e-01   2.7663118e-01   9.7503671e-02   5.1575663e-01   5.4780124e-02   4.5980757e-02  -2.6087896e-01  -8.7013638e-02   2.1261340e-02  -1.9200159e-01  -1.2002687e-01   7.8654983e-02  -7.5462797e-02   4.2850770e-01  -8.2393143e-02   1.2974256e-01  -2.7171303e-01   2.5793482e-01  -5.6704779e-02  -1.4603555e-01   1.5946229e-01   1.3985819e-01   4.4909160e-01  -3.0865761e-01   2.0500827e-01  -3.6724870e-01   3.2347117e-01   2.7289697e-01  -6.2116149e-02  -9.5477583e-02   2.1630683e-02   2.3816023e-02   2.6951887e-01   2.0220270e-01  -1.2422120e-01   4.0692358e-01   4.2783039e-02   2.5865480e-02   3.8684529e-02   3.0241606e-01  -1.6278171e-01   1.8685031e-01  -1.6633811e-01  -2.4231237e-01  -4.9981681e-02  -5.8356567e-02   4.1860662e-01  -1.1565520e-01  -1.3502013e-01  -1.6394961e-01  -1.6689966e-01   1.2192330e-01  -8.6513283e-02  -2.0107407e-01   1.2603008e-02   3.0489726e-02  -7.0595778e-03  -1.9379189e-01   1.7034100e-01   5.8254688e-02   4.6459532e-03  -3.0085740e-01   1.9611322e-01  -3.2448299e-02  -2.1493058e-01   2.3745614e-01   1.5266895e-02  -9.1334074e-02   5.3309780e-02   5.3652875e-02   2.4889906e-01  -5.7236539e-02  -4.3141181e-02  -1.3693291e-01   3.1983964e-01   9.1886605e-02  -2.8225354e-01   2.7852793e-01  -5.9781508e-02   1.0596823e-01   2.0085105e-01   1.6386791e-01
   6.2006317e-01  -1.2456321e-01  -1.0688477e-01   2.8998867e-01  -2.7082007e-01   1.8425360e-01  -2.8018497e-01   3.5685034e-01  -8.8526134e-02  -2.6023344e-01  -1.3631619e-01  -6.5880385e-02   3.7833239e-02   0.0000000e+00   1.8298559e-01  -1.2337611e-01  -2.6183728e-01   8.4637583e-02   1.8266767e-01  -2.3678956e-01   9.0327368e-02   3.0618422e-01  -1.5659259e-01   5.6934228e-01   2.4787654e-01   8.2920573e-02  -1.1374119e-01   1.8078965e-01  -2.3787563e-02   2.4192418e-01   7.1219456e-02   1.5756737e-01  -1.2248697e-01  -1.6554378e-01   2.7709471e-01  -3.4939249e-01   4.9159626e-02   9.7634028e-03  -4.6765168e-02  -2.3439217e-01   1.2931279e-01  -3.5616621e-02   4.0892552e-02   3.2011321e-01  -1.9167337e-01   4.9062798e-02  -6.5863282e-02  -4.9086550e-02   5.3958902e-02  -3.1506882e-01  -1.4892509e-01   1.2440918e-01  -2.4883702e-01   4.0690046e-01   5.1461363e-01   4.8136071e-01   7.9860576e-02   1.1603764e-01   1.7173109e-01   3.7712666e-01   7.6573314e-02  -1.3327000e-01  -2.6581710e-02   1.3205944e-01  -1.3513726e-01  -3.3416251e-01   4.1748113e-01   2.4778782e-01   1.3963937e-01   2.0583137e-01  -2.1871239e-01   1.6008131e-02  -4.2745860e-03   6.1544895e-01  -1.1864677e-02   1.2461812e-01   1.1285372e-01   2.3675955e-01  -2.7897136e-01   1.1736671e-01   1.3459672e-01   1.2041850e-01  -2.1028742e-02   1.4120479e-01   2.9378528e-01   8.4956536e-02   1.9296517e-01   4.7537085e-01   4.0320260e-02   3.5763638e-01  -1.9116826e-01   1.3308338e-01  -3.4273442e-02   1.2012616e-02   6.6586272e-02  -8.0873990e-02   3.6231571e-01   6.4301246e-02   3.7086424e-02  -3.3120618e-02   1.5037387e-01   2.3207147e-01   2.7342995e-01   3.2956067e-01   8.3879274e-02   1.5614895e-01   1.6550571e-01   1.1234892e-01  -1.8439340e-01   6.0546124e-02  -1.3958501e-01   2.0615762e-01   2.7078731e-01   4.9274305e-01   2.4199396e-03  -2.7102378e-01   2.2440417e-01   1.5485657e-01   3.9122985e-01   2.3563492e-01   3.1726875e-01  -2.1447313e-01   6.3178385e-02  -1.1234806e-01   4.2512356e-01   7.8696492e-01  -1.3645322e-01   7.1707949e-02   2.4130958e-01   1.9228087e-02  -1.7495017e-01  -3.8035963e-01   7.7625695e-01  -1.9322224e-01   2.4517628e-01   4.4880068e-02   1.4960436e-01   1.6587213e-01   3.8905293e-02   7.0845673e-02   4.6794256e-01  -1.0433805e-01   1.1869627e-01   2.3119072e-01   6.2670882e-02   9.0459874e-02  -1.1293409e-01  -2.1231207e-01  -1.6941321e-01  -2.1426979e-01   6.4033307e-01   2.6183518e-01   5.4774169e-01  -7.5590197e-02  -1.4359137e-01   3.4720418e-01   3.9548486e-01   1.0141812e-01  -1.3015154e-01   2.7278270e-02   2.4504820e-01   9.1494198e-02  -1.3080439e-01   1.9249495e-01   4.5560404e-02  -2.6865088e-01  -2.7221114e-01   1.2854698e-01   5.0150213e-01  -3.7040964e-02  -3.6054274e-01   4.5611188e-02   3.7682650e-02   1.8823401e-01   1.3240902e-01  -7.0161254e-02   1.5178668e-01
