   0.0000000e+00  -3.8263352e-01  -2.8888070e-01   2.6075665e-01  -3.4356016e-01  -1.9219942e-01  -4.1178298e-01   3.0051410e-01   5.2473558e-01  -4.2394086e-01  -1.3259344e-01  -3.3354237e-01   1.8740757e-02   2.4397854e-02  -5.1465723e-01  -3.9287564e-01  -1.2941149e-01  -1.6279591e-01   3.3655553e-01  -4.0995960e-01  -3.3180406e-01   5.5336778e-01  -2.0465203e-01   6.8803719e-01  -1.2355321e-01   3.6381891e-01  -2.9489823e-01   2.7629919e-01   2.9066268e-01   6.7163812e-02  -2.0190746e-01   3.6285122e-01  -2.2475689e-01  -5.4339501e-01  -4.0503871e-01  -4.4856176e-01  -2.2930589e-02   4.5932549e-01  -2.9923657e-01  -4.4443305e-01  -2.4905185e-01   1.7523366e-01  -2.2892440e-01   2.1540753e-01  -2.2260321e-01   5.9981200e-01  -5.5574588e-02  -4.1255956e-01  -1.4296874e-01  -2.7712231e-01  -1.7406729e-01   3.8770538e-01  -3.3260329e-01   3.6043399e-02   1.6776140e-01   2.7043591e-01   5.2695670e-01   5.6735646e-01  -1.8575958e-01  -4.3913677e-01   4.8764922e-01  -8.9636239e-02   2.2196703e-01  -3.4479005e-02  -8.5079532e-02  -3.0738225e-01   5.2469814e-02   2.1350555e-01   3.5693820e-01  -2.3757626e-01  -3.2300976e-01   1.5992514e-01  -2.8782178e-02   3.2427919e-01   2.5934224e-01   4.9214921e-01   6.0992090e-01   8.6623089e-02  -2.5730338e-01  -1.9909554e-01   1.7369432e-01  -4.0445852e-01  -3.1061539e-01   3.2629586e-01   3.8017471e-02   3.3390984e-01   1.6754184e-02   5.2433764e-01   1.6297911e-01   6.3276491e-01  -1.6404611e-01   5.5905072e-01  -4.0122897e-01   6.7958206e-02   6.7556624e-01  -2.4312584e-01  -8.2639920e-02   4.9362420e-01  -3.5049527e-01  -2.2022537e-01   1.9339294e-02   8.3849134e-03   1.6601467e-01   3.6808143e-01   2.4267208e-01   3.8008142e-01  -1.2606023e-01   4.5132505e-01  -1.9513938e-01  -3.0670499e-01  -5.1490014e-01  -1.6980434e-01   3.3028466e-01   5.7439009e-01  -3.0509297e-01  -2.8327269e-02   5.0746358e-01  -1.2595220e-01  -6.8072131e-02   1.2198319e-01   5.7762654e-01  -3.2137086e-01  -5.2974783e-02  -2.5563337e-01   7.7824701e-01   4.1905783e-01  -2.2649568e-01  -6.6741385e-02   5.5141572e-01  -5.5226254e-01  -4.2139223e-01  -5.2686129e-01   5.8780198e-01  -7.4814399e-02   4.5447852e-01   5.2708104e-01  -1.6434580e-01  -2.7113463e-02   4.3052489e-01   4.8856510e-01   4.6943021e-01   2.0646070e-01   1.1663712e-01  -3.7723759e-01  -1.7791606e-01  -3.7608355e-02  -5.2044192e-01  -1.0325535e-01  -1.2081941e-01  -1.1488336e-01   2.0858031e-01   2.8316820e-01   5.6892875e-01   2.6210119e-02  -3.9972675e-01   4.8195497e-01   5.7362547e-01  -1.7938608e-01   5.1624960e-01   3.5850827e-01   2.5889159e-01   3.2805717e-01  -4.3633303e-01   1.4704220e-03   4.6013563e-01  -2.9204065e-01  -4.1202593e-01   2.0733366e-01   4.4810288e-01  -2.9956648e-01  -4.0692543e-01   5.1676096e-01  -1.0608869e-02  -4.0124714e-01  -2.5212336e-02  -1.2692682e-02   4.5262891e-01
  -3.8263352e-01   0.0000000e+00   4.6679183e-01  -2.5911616e-01   6.2463261e-01   1.1615869e-01  -7.2612125e-02  -3.1844983e-01  -2.4332313e-01   3.3804160e-01  -3.5176926e-01   7.5645846e-01   9.3298759e-03  -1.1161521e-01  -1.5398418e-02   7.7490789e-02   4.8188997e-01  -8.5693682e-02  -2.7989010e-01   4.8980306e-01   6.4811405e-02  -3.4194996e-01  -2.6394349e-01  -3.5653028e-01   2.3822608e-01  -2.7255560e-01   3.1550088e-01  -3.7825795e-01  -4.8380233e-02  -1.0202628e-01  -1.6129910e-01  -3.8309163e-01   3.5649208e-01   1.4548761e-01   3.3624770e-01   3.0953143e-01   5.4832652e-02  -2.7577469e-01   5.1398574e-02   5.3570053e-01   1.3769432e-01   1.4509656e-01   3.2268721e-01  -2.0128596e-01  -1.1413646e-02  -2.2100186e-01  -1.4724431e-01   7.5141136e-02  -2.0279403e-01   5.2407194e-01  -1.8812306e-01  -2.0568104e-01   6.4602759e-01   2.1524228e-01  -1.3509003e-01  -2.5026489e-01  -2.5871121e-01  -4.2924450e-01   2.8723417e-02   2.6875733e-01  -1.4229619e-01  -2.4750433e-02   8.0640968e-02  -7.4764366e-02  -1.4849045e-01   1.4416230e-01  -3.9574408e-02  -2.3855549e-02  -4.6999529e-01   3.6091138e-01   5.1855261e-01  -3.9979819e-01   8.4848266e-02   1.3927161e-01   5.4052670e-02  -2.1815105e-01  -2.4365795e-01  -1.9552856e-01   6.4726250e-01   1.0297539e-01  -3.1598724e-01   1.8036623e-01   2.1768139e-01  -2.1307677e-01   3.2571190e-01  -2.3601220e-01  -1.4440849e-01  -1.2138955e-01   7.3320222e-02  -4.1999782e-01   6.2656836e-01  -6.7081180e-02   4.9001968e-01  -1.5715032e-01  -3.0498743e-01   4.8684835e-01  -1.7044725e-02  -3.3955226e-01   3.7242618e-01  -1.9484619e-01  -1.6986094e-01  -5.1513188e-01  -1.8318615e-01  -1.1425607e-01  -4.6537220e-01  -3.4492145e-01   4.6476949e-01  -3.3399207e-01  -1.9445630e-01   5.2556670e-01   2.4966393e-01  -1.3248282e-01  -3.9862133e-01  -4.4578275e-01   5.3558998e-02   4.0695202e-01  -4.2499241e-01   2.5565006e-02   3.6641846e-01  -3.2395830e-01  -3.7587197e-01   6.3657706e-01   5.0806974e-01   1.6890414e-02  -3.7933290e-01  -1.7920161e-01  -6.5180148e-02   1.9618846e-01  -3.6077888e-01   6.2306112e-01   1.2499909e-01   5.0742697e-02   1.7730877e-02  -7.8765422e-02  -3.7418080e-01  -2.9118305e-01  -6.7648818e-02  -1.6858657e-01  -4.2936924e-01  -1.6830991e-01  -2.6633489e-01  -1.0193545e-01  -3.4875788e-01   4.7435461e-01  -2.9607310e-01  -3.1668567e-01   4.7405700e-01   2.6828002e-01  -6.1044200e-03  -2.2306245e-01  -3.3007386e-01  -2.0327290e-01  -1.8623468e-01  -1.8763106e-02   8.0466977e-01  -2.6343463e-01  -3.2589522e-01  -2.9145681e-02  -1.3510637e-02  -3.0872835e-01  -1.5315936e-01  -4.5324415e-01   4.5738305e-01  -2.5471249e-01  -4.8406338e-01   3.0120691e-01   2.0574232e-01  -2.1296642e-01  -1.1714751e-01   5.3645467e-01   3.9289419e-01  -2.6487382e-01  -1.2439204e-01   5.1446895e-01  -9.7099431e-02   1.1596414e-01  -2.4207582e-01
  -2.8888070e-01   4.6679183e-01   0.0000000e+00   1.2488361e-01   3.6425545e-01   5.5945171e-01   6.2429872e-02  -3.1138467e-01  -1.6358362e-01   1.8966786e-01  -9.7896418e-02   3.6170953e-01   2.2166191e-01   5.0397696e-02   1.9084998e-01   2.5896495e-01   7.4931150e-01   1.4840446e-01  -1.6739221e-01   4.7241408e-01   1.5043517e-01  -2.3455091e-01  -3.2546090e-02  -2.6528907e-01   1.4671699e-01  -2.9592577e-01   4.9377460e-01  -2.9711543e-01   5.7197559e-02   2.4905104e-01   8.7232160e-04  -1.6928949e-01   4.2249713e-01   1.6597668e-01   1.1272434e-01   2.9961727e-01  -2.1292840e-01  -3.4007659e-01   1.2898099e-01   5.1716807e-01   2.0672697e-01   1.7485160e-01   2.0869415e-01  -2.0270337e-01   2.2670538e-01   1.4933810e-01   3.5081600e-02   7.4156236e-02   1.6456343e-01   4.2714988e-01   1.1834932e-01  -3.0952061e-01   2.9258101e-02   3.5810062e-01   6.8344560e-02  -3.6238006e-01  -2.0340545e-01  -2.5485648e-01   1.1451784e-01   3.0862657e-01   1.9524059e-02   5.4040981e-02  -8.1138472e-03  -2.4729997e-01  -2.2119727e-01  -2.5680793e-03   3.3053754e-01   4.7391205e-02  -2.0959425e-01   8.0077480e-01   2.3890743e-01  -2.4601431e-02   1.7253025e-01   2.2670484e-01  -2.9164630e-02  -4.1394950e-01  -5.6264157e-02  -1.0484985e-01   1.8586490e-01   2.8164551e-01  -1.6393246e-01   1.9025402e-01   1.4724730e-03  -2.8335869e-01   3.1095648e-01  -4.0250485e-01  -2.2795463e-01  -1.4919275e-01  -1.6176852e-01  -3.0244265e-01   1.4033460e-01   1.4699454e-02   1.1688458e-01  -1.1864917e-01  -1.4783289e-01   3.4992854e-01   3.2927055e-01  -2.5549722e-01   3.9828081e-01   2.1507459e-01  -2.6176006e-02  -3.1915013e-01  -1.2501361e-01  -1.3473972e-01  -1.7727707e-01   2.1434066e-02   4.7419930e-01  -1.7964738e-01   4.4897365e-03   1.4126512e-01   1.5882639e-01   1.1474660e-01  -1.6748972e-01  -2.1403391e-01   3.6467994e-01  -8.4849406e-02  -4.0154905e-01   2.8185852e-01   1.4721316e-01  -2.7515925e-02  -1.1401447e-01   2.6395027e-01   2.2497653e-01  -5.4171570e-02  -1.6071097e-01  -7.5238214e-02   9.3694491e-02   2.2573461e-01  -1.4112827e-01   7.8389262e-01   1.2369792e-01   1.2231579e-01   1.1370005e-02  -1.2075106e-01  -8.2362292e-02  -3.4935862e-01   2.0409037e-01   3.3718898e-02  -4.6215006e-01  -3.8975257e-02   8.8167353e-02  -1.9148267e-01  -1.7596107e-01   5.6671430e-01   2.3435033e-02  -1.8966437e-01   4.0244887e-01  -1.7392112e-02  -2.1561378e-01  -7.9051349e-02  -6.5041149e-02  -2.0999180e-01  -5.1821598e-02  -2.6985664e-01   6.2537951e-01  -2.9843768e-01  -5.4028032e-02   2.0099010e-01   1.2306481e-01  -3.1723387e-01   4.9126421e-02  -3.3654098e-01   2.7259066e-01  -1.0031191e-01  -1.6420518e-01   1.1495482e-02  -3.9640256e-02  -1.1960593e-01   2.1479852e-02   6.6306027e-02   1.1964548e-01  -1.9149630e-01  -1.5532785e-01   6.3423161e-01   1.1410316e-01   2.4466957e-01  -1.8480482e-02
   2.6075665e-01  -2.5911616e-01   1.2488361e-01   0.0000000e+00  -1.2131208e-01   3.8299456e-01   3.5753252e-02  -2.3718924e-02   2.5368187e-01  -3.3030750e-01   3.2223043e-02  -3.7014572e-01   1.1035073e-01   4.6115225e-01   6.1032398e-02   1.9904681e-01   6.6874660e-02   2.1747252e-01   2.4792565e-01  -4.0625279e-02  -2.5976449e-02   3.8590054e-01  -5.2337400e-02   2.2169764e-01  -7.7361510e-02   6.9282763e-02   2.4395446e-01   8.5386706e-02   1.2600207e-01   7.2128406e-01   1.2287987e-01   5.9925017e-01  -4.1114672e-03  -1.2440675e-01  -8.1210945e-02  -5.4586717e-02  -5.7914945e-02  -1.3302860e-01  -2.6658557e-03  -2.1726072e-01   4.4483122e-02  -1.0963696e-01  -1.0024896e-02   1.4637311e-01   3.0009155e-01   1.9491589e-01   3.0962643e-01   6.7531654e-03   2.7179323e-01  -1.9671260e-01   4.1683709e-01  -6.6580827e-02  -4.1429565e-01   2.5802417e-01   4.0142434e-01   1.3110188e-01   2.6422679e-01   4.9226785e-01   2.3253357e-01   1.7279010e-02   2.2645976e-01   2.2934292e-01   1.5378481e-01  -6.8596102e-02   1.3632266e-01  -2.1275441e-01   3.1471228e-01   5.0308268e-01   4.8854380e-01   3.2143430e-02  -2.4370704e-01   6.0622847e-01   3.1736950e-01   2.1584571e-01  -2.9468888e-02   1.1964583e-01   1.8012710e-01   2.1285257e-01  -2.3131661e-01   3.9438832e-01   9.8026368e-02  -1.7787009e-02  -2.1334590e-01   9.5923972e-02  -4.9330219e-02   1.3099434e-01   1.0733595e-01   3.3223489e-01  -1.2778713e-01   2.0824791e-01  -2.0977900e-01   1.2807970e-02  -3.1501860e-01   1.1882976e-01   1.8099257e-01  -1.6733527e-01   5.0364759e-01   2.0830229e-01   1.1176260e-01   3.4322211e-01   2.9078267e-01   1.1334220e-01   4.2918186e-01   2.1351326e-01   5.6685318e-01   7.6973653e-01  -1.1493046e-01   4.0929954e-01   1.2704395e-02  -2.4496157e-01  -2.3358201e-01   4.4619634e-01   6.0174440e-01   2.5643746e-01   1.6396341e-01  -1.6382501e-01   2.8537169e-01   2.7300487e-01  -8.7775926e-02   7.7194733e-01   1.9104795e-01  -3.0188799e-01  -2.8828081e-01   1.9969309e-02   1.8916687e-01   3.4531620e-01   2.1701533e-01   1.4444662e-01   5.5640672e-01  -8.3242842e-02  -2.6968007e-01  -8.5345081e-02   5.5898180e-02   8.0466477e-02   5.5903042e-01   7.6445995e-02   3.2921717e-01   1.8131915e-01   1.2133331e-01   1.4476779e-01   3.1218315e-01   3.1558531e-02   1.8295230e-01  -8.4049763e-02   2.3344982e-01   3.7287293e-01  -3.3293493e-01  -3.5842795e-01  -4.0901468e-02   2.1330578e-01   2.2059859e-01   1.0319326e-01   1.4154236e-01  -1.0448363e-01  -2.6728508e-01  -1.2226497e-02   2.4109081e-01   3.2136021e-01   7.7908885e-02   4.5433163e-02   4.1600238e-01   1.3779746e-01  -3.2879968e-01   5.3849526e-01   5.8001076e-01  -2.6402227e-01  -3.3921148e-01   9.8134334e-02   8.9309390e-02  -3.8021007e-01  -3.4956035e-01   5.0889613e-02   1.8512830e-01   2.8048460e-02   2.9307559e-01   3.4723433e-01   6.1728469e-01
  -3.4356016e-01   6.2463261e-01   3.6425545e-01  -1.2131208e-01   0.0000000e+00  -1.2531280e-01  -2.1121620e-01  -1.7466295e-01  -3.3416937e-01   2.1734545e-01  -1.1727352e-01   5.3259823e-01   1.8401293e-01  -2.7398229e-01   6.7219825e-02   2.8776529e-01   3.8450698e-01   8.1076472e-02  -2.8811456e-01   7.3834648e-01  -5.8698125e-02  -4.1568291e-01  -4.1080241e-01  -2.5951981e-01   1.5102657e-01  -2.3070865e-01   4.1151469e-01  -4.1103796e-01  -4.5704482e-02  -6.8738001e-02  -3.7456733e-03  -2.8090555e-01   3.4855804e-01   8.6564765e-02   1.4319743e-01   6.0156704e-01   3.2544747e-02  -2.8204402e-01   3.7169409e-01   4.3854529e-01   4.5482529e-01   1.5868392e-01   2.7224536e-01  -3.7695645e-01   1.6000977e-01  -2.2873625e-01   1.1475715e-01  -6.0259254e-02   8.4399484e-02   5.1016529e-01   4.0753074e-02  -1.2621632e-01   5.8542704e-01   2.1898418e-02  -1.2793295e-01  -4.7567474e-01  -2.8842021e-01  -4.4283931e-01   3.3451569e-01   2.2065495e-01  -2.5140847e-01   1.6826285e-01   3.3864663e-02   4.4132820e-02   4.8464713e-02   1.4258407e-01  -1.2216157e-01  -5.9299376e-02  -4.5854452e-01   1.2075949e-01   2.5059712e-01  -2.8354787e-01   2.7681470e-01  -1.1672890e-01  -1.4171616e-01  -2.3741943e-01  -3.1978270e-01  -2.0117488e-01   7.5097826e-01   3.4811633e-01  -5.8357026e-01   2.6649042e-01  -1.4710882e-02  -1.0879880e-01   1.2970648e-01  -2.7590584e-01   5.6386303e-02  -3.0385982e-01  -1.3021183e-01  -3.5047175e-01   7.3774554e-01  -2.3552747e-01   2.3316684e-01  -1.5293643e-01  -3.2443932e-01   7.9161668e-01   1.1789900e-01  -3.9131674e-01   5.1391363e-01  -2.5341906e-02  -3.5080430e-01  -3.7199143e-01  -3.4792179e-01  -3.1299700e-01  -3.3302801e-01  -2.5568029e-01   2.1486601e-01  -4.2500067e-01  -2.3034126e-02   4.3935825e-01   2.6720556e-02  -6.0148288e-02  -2.8676530e-01  -2.4974777e-01  -2.4132868e-01   5.7818759e-01  -4.4430651e-01   3.2617680e-01   8.4937946e-02  -1.6341024e-01  -3.2060642e-01   7.2309858e-01   2.4979423e-01   1.2495732e-01  -3.5718449e-01  -3.4123400e-01   1.1469988e-01   1.2611453e-01  -4.5405960e-01   4.0975881e-01   4.0877128e-01   1.5239535e-01  -2.1344724e-01  -1.2101473e-01  -3.5311360e-01  -2.6097618e-01   5.0257988e-02  -2.6698662e-01  -3.8736016e-01  -2.8014673e-01  -2.3927421e-01  -3.4885741e-01  -2.0506155e-01   1.7829893e-01  -2.8028073e-01  -1.8793994e-01   1.0358778e-01   5.1347897e-01  -1.3116252e-01  -1.7551447e-01  -3.4240064e-01  -3.4170725e-01  -1.8686882e-01   1.6571628e-01   6.6284862e-01  -2.1932274e-01  -3.3229312e-01   2.5993845e-01  -7.7130839e-02  -5.0600140e-01  -1.7280468e-01  -3.2079942e-01   4.6534990e-01  -1.6991613e-01  -3.5805803e-01   2.5635267e-01   1.9815170e-01  -3.2240561e-01  -1.7713316e-01   4.9888793e-01   5.1960108e-01  -3.2257329e-01   1.3651831e-01   3.2395000e-01  -1.3368875e-01   2.0103948e-01  -1.9559380e-01
  -1.9219942e-01   1.1615869e-01   5.5945171e-01   3.8299456e-01  -1.2531280e-01   0.0000000e+00   3.3922616e-01  -1.8347338e-01   7.6688199e-02   1.0850116e-01  -8.0005786e-02   9.4612998e-02   7.9726961e-02   2.5117535e-01   2.8059594e-01   1.5686611e-01   3.5793934e-01   9.5627416e-02   2.3853807e-01   8.5230037e-02   1.7186750e-01   8.1847111e-02   2.2044196e-01  -2.7051674e-01   3.0336419e-03  -3.0322335e-02   4.6512171e-01  -4.5348397e-02   7.7247939e-02   4.6061609e-01   1.3526033e-01   1.6470541e-01   2.1959963e-01   2.5683615e-01   2.0443470e-01   3.3171326e-03  -2.1616758e-01  -2.4761280e-01  -6.6016392e-02   2.9981287e-01  -1.3770527e-01  -6.4160818e-02   2.1472165e-01  -3.7373041e-02   2.4787858e-01   8.1587614e-02  -5.8018396e-02   1.9787256e-01   1.3579738e-01   4.5767647e-02   1.9917028e-01  -1.2888956e-01  -3.1096985e-01   3.8869957e-01   1.3597536e-01   5.6344236e-02   8.5586734e-02   9.4604163e-02  -1.4095627e-01   3.2856570e-01   1.7987475e-01   1.9116849e-01   8.9384547e-02  -2.1067734e-01  -1.4593411e-01  -6.0520962e-02   6.4610962e-01   2.4241928e-01   1.4794741e-01   5.7634013e-01   2.3294097e-03   2.6834806e-01   7.3649382e-02   2.1683976e-01  -1.8392253e-02  -5.7747073e-02   5.0261649e-02   6.9945720e-02  -1.8173818e-01   1.4543957e-01   2.6763453e-01   1.8993397e-02  -4.0444021e-03  -1.3534539e-01   7.0062391e-02  -4.0046530e-02  -1.9971641e-01   7.7581110e-02  -1.0548273e-01  -2.6462481e-01  -3.0572331e-01   1.6066484e-02   1.3443547e-01  -1.1681579e-01  -2.0069322e-03  -8.3347304e-02   3.1859081e-01   1.7874967e-01   1.4938957e-01   2.7564238e-01   7.6132732e-02  -2.6409606e-02   2.5004054e-01   1.1567208e-01   9.2823648e-02   2.3281340e-01   2.2430873e-01   2.6720028e-01   6.3986606e-02  -1.0781644e-01   2.4647199e-01   1.9880377e-01   6.1483440e-02  -1.8358792e-01   4.5523281e-01  -4.2100482e-01  -2.2203213e-02   1.0252554e-01   8.8372492e-02   2.7375804e-01  -1.1815129e-01  -1.1532868e-01   5.8908798e-02  -7.3608372e-02  -9.5468907e-02   1.7681037e-01   1.0059699e-01   2.3313915e-01   1.8363431e-01   4.2784038e-01  -1.0891917e-01   1.4645760e-01   7.7427614e-02   1.2941105e-02   2.0870590e-01  -1.7510720e-01   3.3055072e-01   1.1857354e-01  -5.9458986e-02   5.3664046e-02   6.3382625e-03   5.8601891e-02  -7.0931687e-02   3.8748848e-01   2.9414765e-01   1.3779933e-01   3.2967230e-01  -3.4363263e-01  -1.1926303e-02   1.1403118e-01   4.0314990e-02  -1.6530870e-02  -9.3666728e-02  -3.3364589e-01   1.6704281e-01  -3.4216042e-01  -4.6044445e-02  -1.0761338e-02   7.7629375e-02   9.2584881e-02   2.6366697e-01  -2.1584453e-01  -7.8726502e-02   9.3044829e-02   2.0228062e-01   2.4514904e-02  -6.1707716e-02   7.5618561e-02  -1.0846477e-01  -2.5755072e-01  -8.5695942e-02  -1.4877172e-01  -1.3176673e-01   4.9056801e-01   2.2979180e-01   2.9948588e-01   2.2159718e-01
  -4.1178298e-01  -7.2612125e-02   6.2429872e-02   3.5753252e-02  -2.1121620e-01   3.3922616e-01   0.0000000e+00  -4.8389351e-01  -4.2605358e-01   5.4531681e-01   4.2605089e-01   2.2841865e-02   5.2915163e-02   8.3456034e-02   4.9659458e-01   3.4265646e-01  -2.4486293e-01   2.3166311e-01  -2.7437456e-01   6.4342087e-02   4.3975494e-01  -3.3443625e-01   4.7807856e-01  -3.7280048e-01  -5.8942351e-02  -2.8164908e-01   1.6658455e-01   2.5353496e-02  -1.2452996e-01   2.3480926e-01   4.9623492e-02   1.3266134e-01  -2.9984637e-01   7.0511301e-01   5.4117242e-01   3.4032115e-01   2.6442223e-03  -3.1529745e-01   1.9412447e-02  -4.7419996e-02   2.6415829e-03  -4.0621541e-01   2.9169048e-01  -2.9088331e-01   4.5286469e-01  -4.4436095e-01   2.3301113e-01   6.2240963e-01   8.0325806e-02  -3.9126582e-01   5.1921676e-01  -4.7548690e-01  -2.1036823e-01  -1.2536502e-01  -1.0997288e-01   3.5267467e-02  -4.3393511e-01  -2.7817440e-01   1.9291853e-01   5.4245485e-01  -5.0493375e-01   2.3100093e-01  -2.4084913e-01  -2.1998558e-01  -6.2748733e-02   5.2307495e-01  -1.3867907e-01  -1.2743470e-01  -1.2208739e-01   2.6651263e-01  -6.1438174e-02   4.2765235e-01  -3.2623320e-02  -2.1202706e-01  -1.3058644e-01  -3.3196584e-01  -5.0079843e-01  -2.2647664e-01  -2.1655696e-01   7.7924429e-02   3.8412073e-01   2.6848401e-01   2.5887825e-01  -4.7553293e-01  -4.3304697e-01  -2.2856991e-01  -2.0032102e-01  -9.8944742e-02  -1.9732941e-02  -4.1509114e-01  -4.6133691e-01  -5.9776856e-01   4.8894554e-01   4.7574595e-02  -4.9874712e-01  -3.0273280e-01   2.2133525e-01  -3.9808319e-01   1.4682600e-01   5.7057491e-01  -3.0289954e-02   3.0114298e-01   2.6188262e-01  -2.4792642e-01   3.7617356e-01  -1.0084624e-02  -2.0067618e-01  -3.0143472e-01   2.1187976e-01   9.4243965e-02   6.5009122e-01   5.7980118e-01   1.2448349e-01  -4.9578402e-01   2.8187939e-01  -5.3855696e-01  -2.3585654e-01   5.6019556e-02  -1.5806038e-01   3.1437502e-01  -5.0668467e-01  -2.6833159e-01  -7.7792380e-02   6.2937697e-03  -4.1260278e-01  -1.4315100e-02   4.3111107e-01  -1.3686952e-01  -1.0731231e-01   1.7127080e-01   1.1249131e-01   6.6411775e-01  -3.8213478e-01  -1.1426255e-01  -2.3188411e-01  -4.0788814e-01   2.5692098e-01   8.3951070e-02  -2.4118649e-01  -4.3881228e-01  -2.9355317e-01  -2.9834732e-02   1.8847286e-01   2.1396624e-01   4.1186533e-01   1.9451097e-01   3.6435513e-01  -2.4761021e-01   5.0962196e-01   3.6079812e-01  -4.7307220e-02  -2.0100670e-01  -5.6891271e-01  -2.8871188e-01  -1.8749962e-01  -4.0550838e-01  -5.0048724e-01   2.9177054e-01  -6.1413883e-01   5.9465029e-02  -2.7030687e-02  -1.6934602e-01   5.8232114e-02   3.2459343e-01  -1.6709821e-01   2.3123145e-01   5.5207612e-01  -1.5495255e-01  -5.4463976e-01  -9.2761877e-02   2.3773939e-01  -4.9387333e-01   3.8344760e-02   1.4341232e-01   2.0932109e-01  -1.4823110e-01  -3.3373736e-01
   3.0051410e-01  -3.1844983e-01  -3.1138467e-01  -2.3718924e-02  -1.7466295e-01  -1.8347338e-01  -4.8389351e-01   0.0000000e+00   4.8842324e-01  -2.8633002e-01  -5.6864697e-02  -3.0940995e-01  -1.7384655e-01  -6.6416069e-02  -3.8924527e-01  -4.4804761e-01  -8.8618774e-02  -1.5366641e-01   4.1396032e-01  -3.5060645e-01  -1.4135352e-01   4.9874821e-01  -1.7625809e-02   2.8033499e-01  -1.7369837e-01   3.9499037e-01  -3.5491698e-01   2.4598779e-01   1.8693973e-01  -1.8458710e-01   1.2822062e-01  -8.1723353e-02  -1.1120426e-01  -5.3472017e-01  -4.0908577e-01  -4.1756082e-01  -9.3974621e-02   8.6677645e-02   1.6678072e-02  -1.0871342e-01  -1.3096012e-01  -3.0619011e-02  -4.0964067e-01   5.1246595e-01  -5.0612679e-01   2.3846335e-01  -1.8327761e-01  -2.7933502e-01  -1.2789609e-01   1.3206303e-02  -3.8960677e-01   6.3893348e-01   7.1704432e-03  -2.1644495e-01   7.2741509e-02   3.3986315e-01   4.0638478e-01   4.1730972e-01  -1.8185480e-01  -4.8376912e-01   3.6373820e-01  -3.5179656e-01   1.9087219e-01   3.1985224e-01   4.8542124e-02  -2.2269843e-01   2.0294195e-01  -7.5561606e-02   3.9270099e-01  -3.8371081e-01  -7.5589796e-02  -3.1190308e-01  -1.4154762e-01   7.7185856e-02  -1.0082290e-01   5.1579014e-01   3.6057856e-01   3.8067223e-01  -1.8622126e-01  -2.8485661e-01   1.8027842e-01  -3.9753488e-01  -1.2953634e-01   6.1107027e-01  -1.0022719e-02   4.7508811e-01   2.3477394e-01   1.3148484e-01  -2.0057257e-02   3.1098507e-01   7.2646197e-03   3.7619807e-01  -3.5853784e-01  -7.3414561e-02   2.4958491e-01  -7.2689843e-02  -3.8467628e-01   5.6511949e-01  -4.6620242e-01  -3.8115308e-01   5.4857793e-02   6.9744048e-02   1.0320226e-01   2.7387047e-01  -1.2287262e-01  -5.1198259e-02  -1.3850176e-01   5.5671266e-01  -1.5223702e-01   1.0416598e-02  -3.8816325e-01  -4.0249284e-01  -6.3608837e-02   2.0831855e-01  -1.9667897e-01   1.8146795e-01   4.2721154e-01  -1.0424702e-01  -7.9871605e-02  -1.9804418e-01   2.7123094e-01  -1.2374858e-01  -2.4522980e-01   2.1192428e-02   3.1279572e-01   3.3812265e-02  -3.8500029e-01  -1.3568741e-01   1.7471807e-01  -3.8830904e-01  -1.4406536e-01  -4.5226600e-01   1.9442641e-01   2.7783954e-01   2.0246611e-01   7.1227581e-01  -2.9393691e-01   1.5215491e-01   5.4845920e-01   2.2427257e-01   5.4947667e-02  -3.5528803e-02   9.7221168e-03  -4.3031349e-01  -2.0569109e-01   5.1705013e-03  -3.6274593e-01   2.5363003e-01  -5.3284597e-02  -2.0868132e-01   3.7562281e-02   6.2574825e-01   3.7755132e-01   3.1731355e-01  -2.0885784e-01   1.6203686e-01   2.9803526e-01  -3.4988571e-01   3.6032154e-01   4.4653353e-01  -4.2070010e-02   4.9996986e-01  -5.9740355e-02  -1.6287027e-01   2.2591110e-01  -2.7154259e-01  -3.0911981e-01   3.7344485e-01   2.2636897e-01  -8.2844538e-02  -3.1497120e-01   1.9234898e-01   2.1792716e-02  -2.6676499e-01  -1.6246951e-01  -1.2587780e-01   3.5991167e-01
   5.2473558e-01  -2.4332313e-01  -1.6358362e-01   2.5368187e-01  -3.3416937e-01   7.6688199e-02  -4.2605358e-01   4.8842324e-01   0.0000000e+00  -3.4252809e-01  -2.3397817e-01  -3.1384518e-01  -2.2279763e-01   4.2328716e-02  -4.1403733e-01  -5.5443636e-01   5.7476216e-02  -1.4646215e-01   5.4763607e-01  -4.8553347e-01  -1.3293494e-01   7.2800339e-01   6.7519520e-02   3.5818152e-01  -2.7003988e-01   4.0133485e-01  -2.9843189e-01   2.0112989e-01   3.2157894e-01   7.0949563e-02   1.1155870e-01   1.6043079e-01  -1.4563687e-01  -5.0657378e-01  -4.9642444e-01  -5.7208819e-01  -9.8116795e-03   1.5050068e-01  -2.8402887e-01  -2.3384890e-01  -3.6148783e-01   2.5574881e-02  -2.2470103e-01   4.5651610e-01  -4.0232381e-01   4.7545076e-01  -2.9215087e-01  -2.4147600e-01  -1.9055852e-01  -1.0160050e-01  -3.0368079e-01   5.8779413e-01  -1.5320091e-01   1.5736499e-01   6.6377288e-02   3.7919172e-01   6.0347819e-01   6.5508065e-01  -3.0954822e-01  -5.0426233e-01   7.0079620e-01  -3.5108042e-01   4.8821244e-01   2.2258651e-01   1.4986290e-01  -3.7190468e-01   3.7090622e-01   2.9749244e-01   4.8128994e-01  -2.2522555e-01  -2.0175427e-02   4.7842834e-02  -7.2807209e-02   2.6703773e-01   1.5067414e-01   5.8351418e-01   6.5971943e-01   3.2488105e-01  -2.7259491e-01  -2.7187632e-01   2.4117485e-01  -4.7535052e-01  -8.6645051e-02   4.6258033e-01   1.2013573e-01   5.1602569e-01   1.2749206e-01   3.2891763e-01   3.9774203e-01   4.3953551e-01  -5.7876996e-02   6.7918709e-01  -4.0895835e-01   2.0249528e-01   5.4737832e-01  -2.5727768e-01  -2.9695180e-01   7.2560767e-01  -4.5120730e-01  -3.0287358e-01   1.6637140e-01   5.0521006e-02   2.1505416e-01   7.0561450e-01   5.1578643e-02   2.8831642e-01   3.0838902e-03   6.7586486e-01  -2.1133019e-01  -2.2697960e-01  -3.5097854e-01  -3.5664315e-01   2.4524379e-01   3.4630042e-01  -1.1310041e-01   3.7896478e-02   5.8168526e-01  -1.2211520e-01   9.9181126e-03  -2.6432505e-02   4.8527888e-01  -2.0775008e-01  -1.0905210e-01   3.4129518e-02   5.3541447e-01   3.1506294e-01  -3.6103114e-01  -1.3129583e-02   5.5276397e-01  -4.3187280e-01  -4.4509330e-01  -5.0461872e-01   5.6265416e-01   2.9779721e-01   6.4215298e-01   5.3321356e-01  -2.3160108e-01   9.7345488e-02   5.6634922e-01   3.5410203e-01   2.7212501e-01   1.1098280e-01  -8.4637740e-02  -3.7307852e-01  -1.5818018e-01   3.9094389e-03  -3.2644108e-01  -3.3376148e-02  -1.0469575e-01  -9.0769688e-02   1.2143807e-01   4.5515036e-01   5.6709634e-01   1.8551152e-01  -2.6126515e-01   1.1290018e-01   6.4371238e-01  -3.9501002e-01   6.3807104e-01   5.0976255e-01   3.5514056e-01   3.7072054e-01  -2.6103645e-01  -1.3767029e-03   4.9180834e-01  -3.6385600e-01  -5.2943144e-01   3.1312558e-01   5.3607246e-01  -2.9846280e-01  -4.9117460e-01   3.5614442e-01   1.3902224e-01  -2.7297695e-01  -6.9105626e-03  -6.0138769e-03   5.9566189e-01
  -4.2394086e-01   3.3804160e-01   1.8966786e-01  -3.3030750e-01   2.1734545e-01   1.0850116e-01   5.4531681e-01  -2.8633002e-01  -3.4252809e-01   0.0000000e+00   3.0450131e-01   4.3908641e-01   9.4073620e-02  -4.2235483e-01   3.0454188e-01   3.7511615e-02   1.0102551e-01   9.5217813e-02  -3.6985137e-01   2.4343158e-01   4.1808109e-01  -3.4069685e-01   1.4646165e-01  -4.0507647e-01  -3.0265109e-02  -2.3326519e-01   4.5961641e-02  -1.5548168e-01  -1.8116912e-02  -2.2475597e-01  -7.4629664e-02  -3.2427078e-01  -3.1968873e-01   5.3706487e-01   4.1396302e-01   4.7309397e-01   1.0747962e-02  -3.7031718e-01  -1.4353945e-02   2.9360976e-01   1.3623510e-01  -3.2694754e-01   4.1111698e-01  -3.7513371e-01   1.4341131e-01  -3.6976094e-01   5.1329053e-02   2.0602121e-01  -1.2862552e-01   1.8233218e-02   2.2837618e-01  -3.1093608e-01   2.9626970e-01  -2.0615276e-01  -4.1159157e-01  -9.4253270e-02  -5.3416238e-01  -4.5937036e-01   4.2330549e-02   5.1258381e-01  -4.0444006e-01   8.8052252e-03  -2.2683628e-02  -6.0475659e-02  -1.8461464e-01   6.6313580e-01  -2.2399975e-01  -2.5986347e-01  -4.0525648e-01   2.5477906e-01   2.0963551e-01  -4.5154858e-03  -1.5129171e-01  -1.3144441e-01  -1.7176229e-01  -3.2870719e-01  -4.6730910e-01  -2.5718623e-01   1.5028401e-01  -6.4923688e-02   9.4739618e-02   1.5729578e-01   1.7839968e-01  -3.6037051e-01  -3.0137350e-01  -2.7627855e-01  -1.8986147e-01  -2.9718975e-01  -3.8955494e-03  -3.9093027e-01   4.2626664e-02  -4.1751316e-01   7.0827724e-01   4.2663392e-02  -5.5756633e-01   1.3736164e-01  -1.0392377e-01  -4.4796994e-01   2.0436103e-01   1.7032250e-01  -4.0110745e-01   1.2438162e-01  -1.2545325e-01  -2.2256828e-01  -4.1269395e-02  -3.9036031e-01  -9.7298908e-02  -4.5301639e-01   7.1529209e-03   5.4089614e-01   5.5066028e-01   2.3238581e-01  -2.3147315e-01  -6.5985210e-01  -5.8613960e-02  -1.4746070e-01  -2.9492437e-01   8.6418458e-02  -9.1757495e-02  -1.6822868e-01  -5.4265567e-01   2.0954982e-01   2.2220753e-01  -8.2413275e-02  -4.3012004e-01  -1.8823587e-01   1.6833175e-01  -7.6450005e-02  -2.5500468e-01   3.2099176e-01   2.5800661e-01   4.7763874e-01  -3.1289926e-01  -1.5141370e-01  -4.1884922e-01  -2.8724363e-01   2.1063914e-02  -2.4316988e-01  -2.1880202e-01  -4.7705917e-01  -4.7022135e-01  -4.5630213e-02   1.1004790e-01   1.9488058e-01  -1.5782436e-01  -2.7714254e-01   3.8223425e-01   2.8967618e-01   5.2722459e-01  -1.5052019e-02  -3.8937690e-01  -2.6430865e-01  -4.8125346e-01  -6.9836083e-02   3.0135723e-01  -3.7378342e-01  -5.0797712e-01   1.2940888e-01  -3.6262804e-01  -9.0549440e-02  -2.1358605e-02  -1.4939858e-01   6.1394347e-01  -7.5047460e-02  -4.9846260e-01   2.9931970e-01   5.4190184e-01  -2.7024626e-01  -4.4668151e-01   3.0195005e-01   4.3806411e-01  -5.6410046e-01   3.4683002e-02   2.0872784e-01  -7.8909102e-02  -1.9602303e-01  -5.1595983e-01
  -1.3259344e-01  -3.5176926e-01  -9.7896418e-02   3.2223043e-02  -1.1727352e-01  -8.0005786e-02   4.2605089e-01  -5.6864697e-02  -2.3397817e-01   3.0450131e-01   0.0000000e+00  -2.0361844e-01   2.5774897e-02  -2.6894092e-01   5.1696530e-01   1.1948206e-01  -2.7633759e-01   4.6990967e-01  -2.2140378e-01  -4.0637397e-02   1.9717015e-01  -1.1482162e-01   1.4667861e-01   9.7762456e-03  -1.1003356e-01  -2.1457707e-01  -7.7098626e-02   1.3770190e-01  -1.7445433e-01   1.1268581e-01   1.3108132e-01   1.0109238e-01  -4.0258810e-01   2.7591134e-01   1.5187261e-01   3.9318681e-01  -2.8627656e-02  -2.1228247e-01   3.5167770e-02  -2.7075655e-01   9.3108747e-02  -4.2917373e-01   2.9532483e-01  -1.6215952e-01   3.4793907e-01  -1.8298302e-01   6.4485659e-01   5.6483224e-02   9.0281412e-02  -3.9449507e-01   5.7763694e-01  -2.9205776e-01  -2.3515407e-01  -3.1089456e-01  -1.5301188e-01   1.0831064e-01  -2.6850931e-01  -2.0860792e-01   2.3784179e-01   3.9440002e-01  -3.4702574e-01   1.3924546e-01  -1.4415205e-01   1.4456918e-01   1.0449929e-01   5.0215938e-01  -2.2902547e-01  -1.8535921e-02   2.0439401e-01  -5.9947037e-02  -3.6612447e-01   4.3834494e-01  -6.7248642e-02  -1.7379858e-01  -2.4752802e-01  -2.0533562e-01  -3.3078895e-01  -1.5784131e-02  -1.1040555e-01   3.8721951e-02   7.5383524e-02   4.2692167e-02  -1.9438736e-01  -2.6344601e-01  -4.3198567e-01  -1.7290114e-01  -1.0034610e-01  -1.7303527e-01  -1.8254623e-02   2.0875529e-02  -2.5266571e-01  -4.7208073e-01   9.7530668e-02   3.4920960e-01  -3.3217582e-01  -2.1388686e-01   8.0335589e-02  -3.0358694e-01   1.7531622e-01   3.5789183e-01  -2.5843135e-01   5.7664246e-01  -1.0807713e-01  -2.2336833e-01   5.3905143e-01  -2.9969145e-02  -4.9336504e-01  -2.1646592e-01   3.3856410e-02   1.4203666e-01   1.2143970e-01   5.7260514e-01   2.4140664e-01  -1.8766462e-01  -6.7094683e-02  -3.4565293e-01   4.6796866e-02   1.8839526e-01  -3.5765490e-01   2.5934735e-01  -2.3618629e-01  -1.3859531e-01  -2.2120743e-01   7.6678832e-02  -1.4051365e-01   1.3134510e-02   4.9556711e-01  -2.1652239e-01   5.6314125e-02  -1.7869134e-01   1.5677765e-01   4.8991729e-01  -2.8506146e-01  -2.8937526e-01  -7.2492846e-02  -8.2501087e-02   9.7116491e-02  -6.7437302e-02  -3.5515468e-02  -3.2935810e-01  -1.6273181e-01  -1.1672726e-01   6.8975248e-01  -1.4751994e-01   2.6898185e-01  -7.7128400e-02  -2.4441266e-01   2.3547667e-01   4.2479750e-01   1.4166188e-01   1.8477473e-03  -2.3408905e-01  -2.4649625e-01   1.5400070e-01  -3.3171433e-01  -1.3109852e-01  -2.4387018e-01   2.2413452e-01  -4.3960508e-01  -2.2221230e-02   1.6713747e-02   4.5544362e-01   2.5095861e-01   5.4728914e-01  -1.5584603e-01  -1.0036764e-01   2.8303928e-01  -6.4768859e-02  -3.3893531e-01  -2.5446700e-01   1.6057465e-01  -3.5709978e-01   5.0594896e-01  -1.0718198e-01   2.5937206e-02  -2.1713574e-01  -2.7100605e-01
  -3.3354237e-01   7.5645846e-01   3.6170953e-01  -3.7014572e-01   5.3259823e-01   9.4612998e-02   2.2841865e-02  -3.0940995e-01  -3.1384518e-01   4.3908641e-01  -2.0361844e-01   0.0000000e+00   6.7854917e-02  -2.2204758e-01   1.0885650e-01   2.2362427e-02   2.3771219e-01  -1.0204309e-01  -3.2347474e-01   5.4907829e-01  -8.2100445e-02  -3.5757787e-01  -2.0718884e-01  -3.2044340e-01   1.1693404e-01  -2.2599215e-01   3.0134848e-01  -3.5319224e-01   4.8476823e-02  -1.7109746e-01  -2.8132529e-01  -3.7947177e-01   1.6607650e-01   3.2309611e-01   5.0424800e-01   3.5128655e-01  -1.8215243e-01  -1.3875573e-01  -2.5020141e-02   5.1879667e-01   9.0172898e-02   7.9411144e-02   5.2239793e-01  -3.4930944e-01   1.9300500e-01  -4.2301961e-01  -1.2159424e-01  -6.6911997e-02  -2.8061320e-01   3.9905571e-01  -1.6997507e-01  -1.9346540e-01   4.6722203e-01   7.2597979e-02  -1.4844874e-01  -1.8528232e-01  -3.9055814e-01  -4.8478531e-01   9.3006321e-03   4.8246627e-01  -2.7300566e-01   1.7568057e-01   2.0249541e-03  -2.0774129e-01  -2.3785526e-01   3.2350712e-01  -2.2676837e-01  -1.1671388e-01  -4.3688977e-01   3.1217399e-01   2.9481655e-01  -3.0421291e-01  -3.9161746e-02   1.0435027e-01   6.5020921e-02  -2.3759716e-01  -3.4783190e-01  -2.5841493e-01   6.3592948e-01   4.7643301e-02  -2.7493834e-01   1.1696545e-01  -2.0771348e-02  -1.8401406e-01   1.2346667e-01  -2.3561461e-01  -2.5526719e-01  -1.2716163e-01  -7.1981078e-02  -4.3281620e-01   5.3566515e-01  -1.7980532e-01   6.1777492e-01  -8.8682134e-02  -3.1193805e-01   5.0664649e-01   2.7711994e-02  -3.8071080e-01   2.8796124e-01  -4.1864757e-02  -3.7777745e-01  -4.0722758e-01  -2.6489220e-01  -2.4347048e-01  -4.0797895e-01  -3.7621116e-01   3.8748116e-01  -3.6122340e-01  -1.1346227e-01   4.3568542e-01   2.9266239e-01  -1.1805063e-01  -4.5252477e-01  -4.7952106e-01  -1.1087974e-02   2.6346887e-01  -3.9050038e-01  -2.4367024e-02   3.0512583e-01  -3.3508847e-01  -4.3053025e-01   7.3668800e-01   7.2520943e-01  -8.0937189e-02  -4.5907875e-01  -6.4648871e-02   1.1577743e-01   1.1764532e-01  -4.2268808e-01   4.5674858e-01   2.0381870e-01   4.5313962e-02  -3.5772963e-02  -2.9495555e-01  -4.6666694e-01  -3.5910385e-01  -1.2848761e-02  -3.2151752e-01  -3.9881856e-01  -8.9270383e-02  -2.6065873e-01  -4.4807841e-02  -2.3725367e-01   4.8928235e-01  -1.1226507e-01  -4.0353203e-01   5.8288775e-01   3.3667568e-01   1.1468906e-01  -2.8500029e-01  -3.2381054e-01  -2.8511333e-01  -3.0091968e-01  -3.4561901e-02   7.0911297e-01  -1.5437594e-01  -4.0536824e-01   4.3487193e-02  -1.8862346e-01  -3.2509958e-01  -1.0985636e-01  -4.3811700e-01   3.7101932e-01  -2.7665762e-01  -4.7976180e-01   4.5019876e-01   2.5852524e-01  -2.2203599e-01  -2.6554614e-01   3.1640241e-01   6.0308291e-01  -2.9464387e-01  -1.5920134e-02   4.3827622e-01  -2.5367529e-02   2.2280927e-02  -3.5921212e-01
   1.8740757e-02   9.3298759e-03   2.2166191e-01   1.1035073e-01   1.8401293e-01   7.9726961e-02   5.2915163e-02  -1.7384655e-01  -2.2279763e-01   9.4073620e-02   2.5774897e-02   6.7854917e-02   0.0000000e+00  -1.7315936e-01  -1.6853034e-02   2.5599890e-01   4.2985136e-02   2.4435761e-01  -2.1552434e-01   3.4616960e-01   1.0886812e-01  -1.8649352e-01  -5.9171380e-02   1.8623754e-01   5.7215230e-02  -1.2634018e-01   1.1701648e-01  -4.7719456e-02  -8.3930970e-02   1.5826702e-01   4.5485981e-02   9.1662561e-02   3.8159256e-03   1.4754996e-01   9.2195041e-02   3.4730231e-01   1.6463972e-01  -2.0531590e-01   5.5563937e-02  -2.7760808e-02   5.1219839e-01  -2.9507665e-02   1.1796362e-01  -2.4489833e-01   3.4741420e-01  -3.5014809e-02   1.2038760e-01  -3.4644286e-03   4.0811141e-01  -4.6533584e-02   3.0996568e-01  -2.5276672e-01  -8.4428496e-02   6.5933325e-02   5.0838913e-03  -3.3585171e-01  -1.4368043e-01  -1.0977476e-01   1.7859354e-01   2.0675084e-01  -1.7640865e-01   4.4155488e-01  -2.8312020e-01  -1.8506835e-01   2.2608223e-02   2.3484077e-02   7.2728862e-02   1.6761481e-01  -2.0938423e-01   2.0191861e-01  -6.3272680e-02   1.3990731e-01   1.7350840e-01   5.3931135e-02   3.8454513e-02  -2.8265052e-01  -1.6371087e-01  -2.0007784e-01   3.6482458e-02   3.8229237e-01  -2.5605007e-01   2.3240907e-01  -4.6581453e-02  -1.8455026e-02   4.8393334e-03  -2.9791313e-01  -1.2906968e-02  -7.7508878e-02  -1.6931711e-01   6.3883730e-02  -5.9022568e-02  -2.5121804e-01  -5.7382804e-02   7.2287143e-03  -8.1977286e-02   2.2844611e-01   4.5658779e-01  -1.8232210e-01   5.1342423e-01   3.8099405e-01  -1.2309086e-01  -1.4388804e-01  -1.7958957e-01  -1.0261167e-01   6.5686617e-02   1.0121311e-01   4.8539120e-02  -1.8354991e-01   1.9577840e-01   7.7233095e-03   1.0973001e-01   4.3615379e-02  -8.5522287e-02   1.4382021e-01  -7.3390745e-02  -1.1114575e-01  -3.1753275e-01   5.0079645e-01  -1.7391126e-01   2.0373162e-01  -8.2786745e-02   1.1733404e-02   2.1145035e-02  -9.1320493e-02  -5.2223841e-02   5.2538356e-02   1.6888819e-01   2.3547745e-01  -8.1019391e-02   1.0120359e-01   1.5716614e-01   3.1313992e-01  -2.3446571e-02  -1.2284150e-01   3.8463278e-02  -2.2295771e-01   3.1909562e-01  -2.5602263e-02  -2.9928483e-01  -1.7526524e-03   1.8003208e-01   2.3742978e-01  -1.0107467e-01   1.1123990e-02  -2.4178579e-02   3.8944964e-02   2.0241814e-02  -5.3296301e-02  -1.4377438e-01   2.0525945e-01   6.8964163e-02  -1.8678040e-01  -1.0276069e-01  -1.2564973e-01   1.2951458e-02   2.8320847e-02  -1.7398517e-01   3.2534391e-01  -1.3390058e-01  -3.1666078e-01   1.8908953e-01  -3.2136067e-01   1.4865664e-02  -1.1795450e-01  -2.2302821e-02   6.1382294e-02   5.2240544e-02  -1.3286099e-01  -3.7799173e-02   9.6631194e-03   1.3777020e-01  -2.0612707e-01  -4.3027750e-02   2.0283374e-02   5.4666573e-02   1.3456212e-01   2.9163654e-02
   2.4397854e-02  -1.1161521e-01   5.0397696e-02   4.6115225e-01  -2.7398229e-01   2.5117535e-01   8.3456034e-02  -6.6416069e-02   4.2328716e-02  -4.2235483e-01  -2.6894092e-01  -2.2204758e-01  -1.7315936e-01   0.0000000e+00  -4.6076479e-02   2.5126365e-01  -7.2064983e-02  -5.4108039e-02   2.4702579e-01  -2.4302378e-01  -1.3407289e-02   1.6583814e-01   1.3881580e-01  -3.1442003e-02   1.0415773e-02   1.2344992e-01   2.0090769e-01   1.3949115e-01   7.7478753e-02   4.2718348e-01   1.1237573e-01   1.8384004e-01   2.5771413e-01  -1.8244601e-01   9.7603921e-02  -3.5883224e-01  -1.8308314e-02   8.4886842e-02   1.6885742e-01  -4.3548501e-02  -3.2663657e-02   1.8682669e-01  -3.7580261e-01   3.3353464e-01  -5.8746996e-02  -1.2222288e-02  -2.1754554e-02   2.3053641e-01   1.2299860e-01  -1.5273302e-02  -5.7426173e-02  -6.5751145e-02  -2.2102220e-01   2.6306955e-01   5.4307555e-01   1.7557505e-01   2.4444309e-01   2.7563030e-01   1.7409564e-01  -1.6848292e-01   1.7518662e-01  -9.2564894e-02   5.3772881e-03   4.0552786e-02   1.0170890e-01  -3.7156164e-01   2.2612271e-01   1.2624631e-01   2.5938490e-01   8.1643440e-02   9.5880853e-03   1.1788295e-01   1.9362306e-01   2.6254516e-01  -2.9261391e-02   3.3527511e-02   2.0760709e-01   9.0106381e-02  -2.6828839e-01   1.5583559e-01   2.5782596e-01  -6.9244943e-02   1.8743462e-01   1.6113508e-01   1.2611419e-01   1.2595056e-01   1.6070639e-01   4.2233750e-01  -3.6010385e-02  -9.2052788e-03  -2.4135710e-01   1.8172427e-01  -1.2834039e-01  -2.2937500e-01   2.2219042e-01  -3.5606585e-01   1.5935435e-01   1.7621928e-01  -2.1967439e-01   8.0648584e-02   6.9104154e-01  -6.9998423e-02   5.8248032e-01   3.4419099e-02   1.0025465e-01   3.5762849e-01   1.4300180e-01   2.6181574e-01   9.7641111e-02  -2.4650969e-01   5.1165774e-02   1.7845937e-01   2.4859422e-01   1.5768604e-01   5.1365172e-01  -8.1604630e-02   1.0007354e-01   3.7671520e-02   1.3451442e-01   3.4376510e-01   1.2125074e-01  -3.3828248e-01  -1.5491230e-01   9.2515843e-02   6.4186392e-02   3.1596429e-01  -9.9625111e-02   6.7639196e-02   1.1515207e-01   9.1787806e-02  -1.5966572e-01  -2.0730374e-01  -2.1195878e-02   3.0101809e-01   1.4089999e-01   2.1086915e-02   8.3143793e-02   4.4945521e-01   1.4116936e-02   1.9730434e-01   1.9652299e-01  -2.0537858e-02  -1.5608198e-01   1.8583400e-01   3.0701783e-01   4.9776302e-01   7.0023944e-02  -5.3994771e-01  -1.3017196e-01   1.9612071e-01   3.0245111e-01   2.9278873e-01   5.5639534e-02  -6.5518155e-02  -1.6658665e-01  -2.9016299e-02   1.5459725e-01   1.9770460e-01   4.7001938e-02   4.8642709e-02  -7.6497214e-02  -2.2696450e-02  -4.5458375e-01   1.8287330e-01   3.2049107e-01  -7.4327665e-02  -1.6180518e-01   7.3716697e-02   7.6627553e-02  -1.2504605e-01  -3.8202264e-01   2.2244530e-01  -2.3418414e-01   7.6260030e-02   1.9959748e-01   2.1997317e-01   3.6633143e-01
