   0.0000000e+00  -2.0406723e-01  -1.3556731e-01   5.1360562e-02  -1.2187687e-01  -7.1843915e-02  -2.1281996e-01   1.5461384e-01   2.3621402e-02  -1.2303450e-01  -1.0108872e-01  -7.7725102e-02   1.8129802e-02   1.7983935e-01  -1.1515312e-01  -1.7006324e-01  -8.3523530e-02   3.3781852e-02   1.9356068e-01  -1.4899878e-01  -8.1820257e-02   1.6005616e-01  -2.1195225e-01   4.4108728e-01  -1.1602976e-02   1.4344129e-01  -1.6040751e-01   1.9022332e-01  -8.2229053e-02  -1.2605139e-01  -1.7201624e-01  -2.1701055e-01  -1.5876692e-01  -1.6149974e-01  -8.4182273e-02  -1.9929897e-01   4.3119633e-02   2.9771799e-01  -2.3754130e-02  -1.3067737e-01   5.6502196e-02  -2.2467859e-01  -2.5690561e-02  -1.0042458e-01   9.0486370e-03   4.4907845e-01  -1.9729889e-01  -3.6909801e-01   5.6496456e-02  -1.2878895e-01  -3.5025786e-02   5.9170243e-02  -1.6683438e-01  -8.2008461e-03  -1.8317255e-01  -6.1287686e-02   1.3646983e-01   2.4772040e-01  -8.5767720e-03   8.5339608e-02   2.3620619e-01   8.9317964e-02   1.1625012e-01  -1.0399886e-01   7.0873488e-02  -2.6735248e-01  -8.4669533e-02  -1.7149103e-01  -1.5411094e-01  -7.7587886e-02  -2.5401611e-01   3.2101692e-02   7.9032253e-02   3.5288310e-02   4.9109478e-02   1.4333132e-01   1.2608141e-01   1.1434568e-01  -8.0841397e-02  -1.2750103e-02  -4.7865185e-02  -4.8625654e-02  -2.7827368e-01  -1.1216449e-02  -1.4766060e-01   1.5659500e-02  -1.1853875e-01   8.3686258e-02   1.3294847e-01   5.2543849e-01   1.9620908e-02   7.1515903e-02  -7.0430077e-02   2.1852467e-01   2.3028473e-01   1.2936434e-01  -4.8064442e-02   1.3463411e-01  -2.2656024e-01  -4.5555530e-03   4.8748571e-02  -1.6854933e-01  -1.0493886e-01   2.4944156e-01   6.6911953e-03   9.2333058e-02  -3.2364332e-01  -7.2178549e-02   1.1811545e-01  -2.9275414e-01  -2.2259005e-01   3.0187149e-03  -1.7758107e-01   6.7527335e-01  -1.8310330e-02   2.0077915e-02   1.1710035e-01  -7.1759289e-02  -9.7060652e-02   1.2878376e-01   3.2209672e-01   7.9003630e-02  -7.9126009e-02  -8.7703031e-02   5.4006972e-01   9.9972566e-02  -1.2571437e-02  -6.5497780e-02   2.8171229e-01  -1.7415947e-01  -1.4739859e-01  -1.9336208e-01   3.5434327e-01  -2.5112960e-01   2.6578770e-01   1.9818041e-01  -1.0812105e-01  -1.1321765e-01   7.2347050e-02   4.7209124e-01   5.1865428e-01  -5.3285226e-02  -6.2143345e-02   3.8687820e-02  -1.1258699e-01  -1.3219417e-01  -1.4597318e-01  -1.3907545e-01  -2.3271267e-01  -1.2127100e-01   5.8630023e-02   1.4422535e-02  -7.3265544e-02  -5.0815764e-02  -2.7364092e-02   2.9387333e-01   4.6399678e-01   8.6344545e-02   4.8227030e-02  -5.2630269e-02  -1.3137915e-01   7.7631478e-02  -1.2441123e-01  -6.0093327e-02   5.0178351e-02   2.7233230e-02  -1.1861808e-02   1.1909438e-01   4.7217003e-02  -9.4188557e-02   1.0770496e-02   4.2195162e-01  -5.3394377e-02   8.5070455e-02   6.2810596e-03  -1.0230296e-01   1.1217066e-01
  -2.0406723e-01   0.0000000e+00   3.9027853e-01  -3.0781168e-01   3.8192733e-01  -5.4521506e-01  -2.1484832e-01  -9.8709335e-02   3.0612872e-01  -3.0790430e-01  -2.5323891e-01   6.8265687e-01   4.7279240e-02  -5.7091956e-01   1.2664817e-02   1.1174545e-01   4.3742911e-01  -2.9791522e-01  -1.0141679e-01   2.7297029e-02  -5.2934710e-01  -5.2456743e-01  -1.8527486e-01  -1.4899031e-01   2.1099710e-01   1.0677276e-01  -1.5908986e-01  -4.0776929e-01   3.2797777e-01  -2.8906589e-01   1.2809012e-01  -2.2733909e-01   8.1252380e-02   5.6537389e-01   4.4897123e-01  -1.8961447e-01  -2.2148208e-01   1.2141969e-02   2.2009180e-01   1.7458522e-01  -1.2154180e-01   7.7289425e-02  -5.2812919e-02  -4.1232827e-01   8.3028750e-02  -1.2308724e-01  -2.9682271e-01   1.1618153e-01  -2.5358538e-01   5.0334997e-01  -3.5972902e-01  -9.9338816e-02   7.4074482e-01   1.4626604e-01  -1.5642500e-01  -3.4748822e-01  -3.3452155e-01  -3.2544483e-01  -2.2966149e-01   4.5847241e-02   1.0102360e-01   1.7301683e-01   5.7846098e-01   2.3869753e-01   2.8389185e-01  -2.3976440e-01  -3.5372919e-01   2.3359810e-01  -3.4798396e-01   6.8134135e-02   6.0673483e-01  -3.6040864e-01   1.5464569e-01  -3.2584009e-01   1.0326492e-01  -1.4915533e-01   1.2288736e-01  -2.3875060e-01   5.6961441e-01  -8.9123815e-02  -3.9336339e-01   1.8705817e-01  -2.3603703e-01  -8.8872230e-02   1.4364086e-01  -3.1831147e-01  -1.1014679e-01  -2.3543777e-01   3.3138988e-01  -1.3359435e-01   5.4809883e-01   2.0337288e-01   4.2497286e-01   6.2327093e-02   4.7949778e-02   3.5960945e-01  -4.2685740e-01  -3.6054206e-01  -2.5038469e-01  -2.1083486e-01  -2.0861581e-01  -5.9708132e-02  -4.7716473e-01  -3.1386998e-01  -4.1263577e-01  -1.8074222e-01   1.9385495e-01  -3.3043179e-01  -5.0705483e-02   1.4606125e-01   3.2951639e-01  -5.4786295e-01   7.3329855e-02  -1.3214627e-01  -1.0409617e-02   5.9190292e-01  -3.9459987e-01   1.2377004e-01  -4.6134244e-01  -3.3101540e-01  -8.3215510e-02   5.0573896e-01   5.1006645e-01   1.3451081e-01  -2.2055825e-01  -1.7113367e-01   1.9389725e-01   3.6255760e-01  -2.4718025e-01   2.9709094e-01   2.9030617e-01  -4.0089593e-02   1.1492259e-01   1.7088640e-01  -1.7022236e-01   6.2894978e-02  -1.3053798e-01  -3.8448567e-01  -1.1824624e-01   3.1139136e-02  -1.7874530e-01   1.3661317e-01  -1.4282189e-01  -4.0742633e-01  -4.5478959e-02  -5.4906496e-01   3.8907443e-01   2.7735290e-01  -1.6229446e-01  -1.0308936e-01   1.0735970e-01  -4.3680855e-01   5.8137773e-02   1.6493977e-01   3.7352263e-01   3.2532468e-03  -1.0589753e-01  -2.8571575e-01   1.6130665e-01  -4.8458198e-01  -4.5885583e-02  -1.7637294e-01  -1.6446848e-01  -4.6053853e-01  -1.4409856e-01   2.9623463e-01   7.2069425e-02  -2.8251399e-01  -1.0622549e-01   3.8473960e-01   4.5468015e-01  -2.2810090e-02  -6.9019033e-02  -3.9953535e-01  -2.2591555e-03   2.3566039e-01  -2.2474480e-01
  -1.3556731e-01   3.9027853e-01   0.0000000e+00  -3.3402857e-01   2.9684605e-01  -1.5494269e-01  -3.5681548e-02  -1.9991009e-01  -2.2686860e-01   7.5145251e-02  -3.0336353e-01   5.5599872e-01  -5.2891059e-02  -3.7313262e-01   4.3994400e-02   2.5188227e-01   7.6508036e-01  -3.1240983e-01  -9.4922993e-02   3.4985407e-01  -2.2276138e-01  -2.7909691e-01   1.6948853e-01  -1.1401634e-01   5.5988027e-02   1.7105415e-01   5.8501729e-02  -1.8283825e-01   1.0606667e-01  -4.0758344e-01  -2.5764914e-01  -1.6862577e-01   1.5416062e-01   1.1173688e-01  -4.2803160e-02   4.2505034e-02  -3.5868385e-01   4.4050332e-02   1.3376509e-01   5.0980919e-01  -2.4593421e-01   2.2693257e-01  -7.5575262e-02  -4.7550249e-02  -4.2701855e-01   7.3304930e-02  -2.9818532e-02  -2.2681999e-01  -2.2985945e-01   6.4862848e-01  -3.6127115e-01  -1.5116943e-01   1.7181964e-01   3.1456375e-01  -2.0217611e-01  -1.0356078e-01  -2.0223866e-01  -4.0691337e-01  -2.7407381e-01   4.6522948e-02   2.0648909e-01   8.8272087e-02   1.9986541e-02  -1.5408648e-01  -4.3881442e-01  -2.0540423e-01  -5.4650608e-02   2.4654534e-02  -1.4043241e-01   6.7045231e-01   2.6831945e-01  -3.0877704e-01  -1.4932709e-01   2.0564007e-01   1.5599607e-02  -1.6837684e-01   1.8391916e-01  -1.7419607e-01   4.9870651e-03  -1.5412384e-01  -8.8723188e-02  -7.4958156e-04  -3.2668537e-02   1.6334937e-01   3.1352041e-01  -2.9182893e-01  -3.1979852e-01  -1.4541497e-01  -1.6949744e-02  -1.9715846e-01   2.0321472e-01   4.2895934e-01   5.7157312e-01  -3.6440140e-01   1.3242761e-01   4.4600580e-01  -2.2859945e-01  -3.6390778e-01  -8.7144799e-02  -3.6622013e-01  -1.3622624e-01   6.0840519e-03  -3.6365420e-02  -3.2508314e-01  -2.1045799e-01  -2.6689781e-01   3.8167931e-01  -3.3218326e-01  -1.1219702e-01   1.9214703e-01   5.0542361e-01  -2.1846563e-01  -1.3193914e-01  -1.2192835e-01   1.1565608e-01  -4.4603399e-03  -2.1384437e-01  -8.8172399e-02   7.1706350e-02  -2.5421102e-01  -1.6567168e-01   2.4150855e-01   4.5562857e-01  -2.8337278e-01  -2.4830269e-01  -1.7484595e-02  -1.0670208e-01   2.8421060e-01  -4.0334000e-01   8.1217278e-01   1.5271021e-01  -3.6932947e-01  -1.5278518e-01  -8.3690440e-02  -2.3224128e-01  -1.9513073e-01   6.2109031e-02  -1.3915101e-01  -1.9421414e-01   4.6612390e-02  -3.2916573e-01   1.0893878e-03  -2.4269895e-01   1.5852220e-01   1.4157949e-01  -3.4655944e-01   5.5347520e-01  -2.5832812e-02   1.7773309e-02  -4.3146997e-01   2.2687944e-01  -6.8403025e-02   2.6144533e-01  -1.8052668e-01   8.4476479e-01   7.5458512e-02  -2.7158010e-01  -3.6397353e-01   2.0975893e-01  -8.4945093e-02  -1.0466299e-01  -3.5329684e-01  -2.5706223e-02  -3.0634584e-01  -2.3973213e-01  -5.8548325e-02  -9.7709247e-02  -8.6288159e-02  -6.4158451e-03   1.1650885e-01   3.1872561e-01   1.0658592e-01  -4.5848270e-01   6.2241350e-02   1.2929171e-01   2.8617133e-01  -1.7608336e-01
   5.1360562e-02  -3.0781168e-01  -3.3402857e-01   0.0000000e+00  -2.1238597e-02   3.8527850e-01   1.1752772e-01  -5.1322657e-02  -1.8883084e-01   2.4645149e-02  -3.0225864e-02  -2.1448088e-01   1.4608958e-03   2.3968863e-01  -1.9072511e-01  -7.5956342e-03  -3.0097280e-01   1.4704427e-01  -3.3830646e-02   2.8177008e-02   5.0489715e-02   4.8672471e-01  -5.8165149e-02   5.9802812e-02  -1.9192303e-01  -7.7852811e-02   1.9520010e-01   1.0663255e-01  -4.8680628e-02   2.3176721e-01  -2.6295091e-01   3.6336842e-01   1.0427709e-01  -1.6103422e-01  -2.3621588e-01   6.8561563e-02   2.5232293e-01  -1.1805340e-01  -3.8357003e-02  -9.8057630e-02   1.0247138e-01   6.9151503e-02   1.5124238e-01   2.7175880e-02   1.4771155e-01  -8.2806560e-02   1.7812539e-01  -7.8230614e-02   1.5080716e-01  -2.6563952e-01   3.6264462e-01   1.3013224e-02  -1.9713048e-01   7.3495819e-02  -5.4814448e-02  -5.3472549e-03   1.8643179e-01   4.8441642e-01   3.6371910e-01   2.6790905e-01  -2.1476362e-01  -3.6435148e-02  -1.9725274e-01  -1.7842462e-01  -8.8387592e-03   1.9084580e-01   2.4709043e-01   2.5380131e-01   1.3456904e-01  -2.1056332e-01  -3.6783408e-01   5.7236939e-01  -5.0421285e-02   1.5151327e-01  -6.4958339e-02   9.8217913e-02  -1.5324859e-01   2.9712011e-01  -7.1844431e-02   2.0060236e-01   6.1113754e-02  -1.4491374e-02  -8.2282207e-02   2.7995834e-02  -6.7444386e-03  -3.9873230e-02   4.2940602e-02   6.6069906e-02  -3.0241898e-02   9.6589337e-02  -3.3117839e-02  -1.7223441e-01  -1.4976568e-01   2.5877839e-01  -2.1047850e-01  -9.2929825e-02   3.7134439e-01   3.0213867e-02   2.2761170e-01   1.7774587e-01  -9.9306558e-02  -1.7921859e-01   1.6671807e-01   3.2964111e-01   3.1491637e-01   4.8834947e-01  -6.6404216e-02   2.6218471e-01  -2.9624786e-02  -1.3319311e-01  -1.6642127e-01   4.2729598e-01   5.3730097e-01  -1.4909877e-02  -1.4454775e-01  -6.5849510e-02   2.4880881e-01   1.0079277e-01   1.4464596e-01   5.3322129e-01   1.9224679e-01   1.2778216e-02  -2.3447372e-01   8.2050576e-02   1.0318880e-01   1.5787087e-01  -3.3925020e-02  -1.5948254e-01   2.5271846e-01  -3.0583382e-01  -8.2961909e-02  -6.3883446e-02   1.0685475e-02  -1.7963586e-01   5.1447765e-01   6.6847232e-02   2.8919110e-01   6.0539828e-03   1.0079939e-03  -4.1767018e-02   1.3434340e-01  -4.8091659e-02   8.9561109e-02   2.0682642e-01  -8.3036970e-02   1.2733282e-01  -2.7882215e-01   2.1311809e-01   2.1281351e-01   9.5748062e-03  -7.8385913e-02   1.0470976e-01   6.8950094e-02  -4.0688336e-02  -2.1358069e-01  -1.2986700e-01   1.9438794e-01   4.0519762e-01  -8.5664991e-02   2.1556657e-01   2.7889281e-01  -7.8237929e-02  -1.6076516e-01   4.4675865e-01   4.0730453e-01   4.7255400e-02   2.0466012e-02   7.7795842e-03   6.3773526e-02  -1.5792187e-01  -4.4245228e-02  -1.2903207e-01   4.2206735e-01   9.4610713e-02  -2.5943155e-03  -1.0921209e-01   3.7161248e-01
  -1.2187687e-01   3.8192733e-01   2.9684605e-01  -2.1238597e-02   0.0000000e+00  -1.1362478e-01  -8.4207880e-03  -7.1902996e-02  -1.9926081e-02  -1.5735709e-02  -1.7990594e-01   2.9530902e-01  -2.6690426e-02  -2.4609979e-01  -7.9897059e-02   3.0644112e-01   3.9945257e-01  -2.2848814e-01  -1.1372502e-01   5.8356811e-01  -3.2771527e-01  -2.8076758e-01  -8.1561020e-03   5.8542249e-03  -9.7245039e-02   9.3741069e-02   3.5644987e-01  -1.4500956e-01   2.5863962e-01  -2.3775604e-01  -2.2439549e-01  -1.1298395e-01   1.2464668e-01   2.3365624e-01   3.4510773e-02   4.6427995e-01  -6.6066513e-03   1.0618501e-01   1.6744046e-01   2.8932063e-01  -1.3481580e-01   1.2422392e-01   5.5131499e-02  -2.3504606e-01  -9.9145643e-02  -1.3877515e-01   2.3742737e-01  -4.5140127e-02  -9.2432417e-02   2.8129342e-01  -1.1520898e-01  -8.1299334e-02   4.7891283e-01   2.1440749e-02  -8.8189910e-02  -1.6777102e-01  -1.3201865e-01  -2.0075945e-01   1.0106832e-02  -3.4891322e-02   9.9757781e-02   1.8000093e-01   1.8473206e-01  -1.8101894e-02   7.9576557e-02  -2.5441299e-02   6.9960727e-02   1.5740339e-01   2.9832303e-03  -2.0324858e-02   2.0741065e-01  -1.0120537e-01   2.3169706e-02  -1.3452738e-01  -6.8330052e-02  -1.2065484e-01   1.2793324e-01  -1.3366699e-01   4.4700546e-01  -3.2430399e-02  -4.0418893e-02   1.9761330e-01  -2.2999910e-01   1.1583732e-01  -3.7006692e-02  -2.7744711e-01  -2.4876849e-01  -7.7769032e-02   4.1916825e-02  -7.4642445e-02   5.8725828e-01   1.3908260e-01   3.3008238e-01  -1.0962023e-01   4.2193865e-02   6.2938641e-01   1.6746062e-02  -1.5710665e-01   2.7596359e-01   4.5804804e-02  -3.1917523e-01   8.9940976e-02  -2.2842468e-01  -1.6053755e-01  -1.7879964e-01  -7.4748575e-02   1.6988276e-02  -1.1943732e-01  -8.0517421e-03   1.3534850e-01   2.1446234e-01  -2.0926342e-01  -3.4356425e-02  -2.5511009e-01   4.1663440e-02   4.0642842e-01  -1.4639982e-01   1.0723413e-01  -1.4582711e-01  -7.5211045e-02  -1.1893737e-01   5.4505817e-01   2.5820969e-01   5.9950844e-02  -2.7047458e-01   1.0654307e-02   1.4689944e-01   2.8021508e-02  -7.9092558e-02   1.6606857e-01   2.6795907e-01  -8.8804976e-02  -3.6828151e-02  -1.0153667e-01  -1.1226178e-01  -4.2337586e-02   1.4310632e-01  -1.9727772e-01  -1.9971059e-01   3.8764172e-02  -1.0912387e-01   1.6624347e-02  -6.4179754e-02  -1.2616745e-01  -3.0680418e-02  -4.0769687e-01   1.6742314e-01   5.2049735e-01   8.9432614e-02  -2.3858556e-01  -1.2169123e-01  -2.1976412e-01  -1.4479558e-01   1.4279102e-01   3.0374758e-01  -3.0614317e-02  -1.3092303e-01   3.7947192e-02   3.1032907e-02  -1.3956954e-01   8.1543341e-02  -1.8284463e-01   1.9770532e-02  -3.7913155e-01  -5.5020037e-02   2.1199257e-01   1.9809919e-01   2.0048749e-02  -1.9024338e-01   2.0016992e-01   3.3107151e-01  -5.7917419e-02   2.3023050e-02  -1.0214443e-01  -1.5577575e-01  -9.4318871e-04  -3.2660567e-02
  -7.1843915e-02  -5.4521506e-01  -1.5494269e-01   3.8527850e-01  -1.1362478e-01   0.0000000e+00   3.9879900e-01   1.7721201e-01  -2.6887380e-01   3.6046788e-01   4.0912734e-01  -4.1394156e-01  -1.4775333e-02   2.3539976e-01   9.8244827e-02  -1.0324391e-01  -2.9509090e-01   4.4085608e-01   1.1804087e-01   1.8076248e-01   3.9066673e-01   3.4505718e-01   1.6756573e-01   8.8098044e-03  -2.6816615e-01   9.8038633e-03   4.6503664e-01   3.4517087e-01  -2.1745238e-01   4.9508983e-01  -1.8541210e-01   3.6785389e-01  -2.0145825e-02  -3.1518628e-01  -3.0988145e-01   5.2211166e-01   1.8541366e-01  -3.7109686e-01  -2.0511534e-01  -1.5028989e-01   1.8105077e-01   1.1743972e-02   2.4866849e-01   3.0246549e-01   7.5514241e-02   4.3434652e-02   6.4041589e-01  -7.5683646e-02  -6.9900131e-02  -4.9259469e-01   4.1705949e-01   2.4129478e-01  -4.3622926e-01  -1.2984930e-01  -1.4380979e-01   3.9035372e-01   4.3216016e-01   1.4012037e-01   1.4168617e-01   2.2179345e-01  -1.2622340e-01  -1.3858576e-01  -5.3830532e-01  -9.5602570e-02  -2.7814642e-01   5.9066590e-01   7.5064672e-01   4.8042328e-02   7.0097471e-01   1.6382773e-01  -6.0737943e-01   5.7330541e-01  -1.2339789e-01   4.0637075e-01  -2.3154808e-01  -1.1367579e-01  -2.0057211e-01   3.7863275e-01  -4.1226257e-01  -1.0895234e-04   3.0541785e-01  -1.5178117e-01   3.5750169e-01   2.0111106e-01   1.6078930e-02   1.4843378e-01  -7.4918829e-02   3.3803442e-02  -3.8573471e-01  -8.7275500e-02  -4.7895597e-01  -6.1270019e-02  -2.5514375e-01  -6.5707951e-02  -4.3289750e-01  -3.1653101e-01   4.7738537e-01   4.8389830e-01   3.9504750e-01   9.6684400e-02  -9.5757157e-02   2.7270090e-01   2.9517017e-01   2.6613299e-01   4.9037350e-01   1.7864906e-01  -1.6770413e-01   6.2242254e-01  -8.3563202e-02   1.1655353e-01  -8.0691530e-02   6.3546523e-01   2.1337371e-01  -8.7170342e-02  -1.7476969e-01  -5.5493419e-01   4.2718296e-01   1.6349453e-02   4.7480661e-01   3.7520897e-01   1.7782044e-01  -3.4081782e-01  -2.9597043e-01  -1.3420583e-01  -9.6159624e-03   2.8073492e-01  -4.0765599e-02  -3.9078189e-01   1.5388131e-01  -9.0343835e-02  -1.7831912e-01  -1.9703305e-03  -1.3515366e-01  -2.5917044e-01   1.4112321e-01  -6.0624926e-02   1.4008176e-02   1.0685212e-01   1.6651279e-01  -3.3577318e-01  -3.2959832e-02  -1.3140043e-01   4.0712489e-01   6.6081041e-01  -1.1014052e-01   3.0112980e-01  -4.6821403e-01  -5.1202869e-03   5.4028770e-01  -1.4516780e-01  -1.8280343e-01   1.9835809e-01   2.0415350e-01  -1.1737797e-01  -8.6685752e-02  -2.8842957e-01   1.3160641e-01   2.8931259e-01  -1.0620258e-01   4.4661385e-01   2.0303522e-01   8.4145577e-02   3.2728383e-01   4.8930900e-01   2.5253386e-01  -3.5970557e-01   1.6088951e-01   3.5111428e-01   5.9775748e-02  -4.3986904e-01  -5.2968971e-01  -1.2347910e-01   2.8216623e-01   5.2262092e-01   1.1755125e-01  -1.1006219e-01   1.3495335e-01
  -2.1281996e-01  -2.1484832e-01  -3.5681548e-02   1.1752772e-01  -8.4207880e-03   3.9879900e-01   0.0000000e+00  -1.0509396e-01  -1.1636460e-01   6.3366258e-01   3.1381911e-01  -3.5218686e-02  -7.1571724e-02   1.0923005e-01   2.8255624e-01  -3.4839872e-02  -3.2140781e-01   9.9062194e-02  -1.2967151e-01   1.1333422e-01   2.5826489e-01   2.5376310e-01   3.8686964e-01  -2.6400142e-01  -1.9172784e-01  -1.3546350e-01   3.8296300e-01   1.2532664e-01   2.9137312e-02   3.9978784e-01  -8.4551925e-02  -7.6937250e-03  -1.6208548e-01   3.1342447e-01   6.8384147e-02   4.3024518e-01   1.4601021e-01  -3.8890620e-01  -3.2316684e-01  -1.9733208e-03  -1.8550185e-01   3.3901831e-02   4.1268144e-01   2.3994691e-01   2.2271119e-01  -2.4341607e-01   2.8269964e-01   4.0227921e-01  -3.6130940e-01  -2.8955402e-01   1.8940256e-01  -8.6745655e-02  -2.2169721e-01  -2.3510050e-01  -7.8346059e-02   3.1099343e-01  -5.8901261e-02  -1.0266729e-01  -1.4089920e-02   2.7888792e-01  -3.6871752e-01  -2.4123956e-03  -5.2919559e-01   7.1868637e-02  -1.0185421e-01   5.4120450e-01   4.0115849e-01   9.2984379e-02   1.4940399e-01   3.2498241e-01  -2.5786759e-01   2.2799295e-01  -2.7295039e-01   2.9185152e-01  -1.8609300e-01  -1.6858993e-01  -2.8156619e-01   5.3437551e-02  -1.5536298e-02  -3.0670716e-01   4.3418394e-01  -1.5855894e-01   3.3451179e-01  -1.6820959e-01   8.2924018e-02   8.4139403e-02   2.2976300e-02  -1.7825217e-01  -3.0993329e-01  -1.5261799e-01  -4.0632234e-01  -3.4942426e-01  -3.4626179e-02   1.8158164e-02  -3.8273520e-01  -3.3687643e-01   2.2607309e-01   1.7165545e-02   3.0683696e-01   3.3347350e-01   3.7857933e-02   3.2953641e-01   2.7417176e-01   6.8385949e-02   4.5631117e-01  -5.1786039e-02  -1.4283153e-01   2.0094124e-01  -2.8258929e-01   1.5306674e-01   2.7111952e-01   4.1889660e-01   2.2211065e-01  -3.1736135e-01   6.8664737e-03  -3.9005890e-01   1.1279275e-01  -6.4064352e-02   3.8844290e-01  -6.5974350e-02  -1.4585756e-01  -2.9439477e-01  -2.0966700e-01  -9.7876390e-02  -2.9253538e-01   2.8197547e-01   2.9629575e-01  -3.7361597e-01  -5.9650418e-02   1.5966773e-01  -6.3732418e-03   2.9517891e-01  -2.7861375e-01  -1.9368650e-01   9.0896506e-02  -2.4702158e-01  -8.7411865e-02   2.7925475e-01  -1.6533733e-01  -3.6206014e-01  -2.3107011e-01  -1.9205129e-01   7.9224614e-02   2.7067769e-01   8.1411458e-02   1.1075477e-01   4.5604612e-02  -1.1209323e-01   7.0522686e-01   2.9670489e-02  -1.3780489e-01   2.4762547e-01  -5.3860627e-02   7.2958453e-02   1.6903354e-02  -2.7195304e-01  -1.6978561e-01   2.4565006e-02  -4.1107252e-01   3.4531279e-01   7.0659704e-02  -7.7044328e-03   1.3080547e-01   2.1686690e-01  -1.6100958e-01   2.7579525e-02   5.8882484e-01   6.5265265e-02  -2.3112704e-02  -3.1617751e-01  -4.0508806e-01  -2.9475111e-01   9.9566357e-02   1.0124983e-01  -2.0564497e-01  -2.1950340e-01  -9.5288249e-02
   1.5461384e-01  -9.8709335e-02  -1.9991009e-01  -5.1322657e-02  -7.1902996e-02   1.7721201e-01  -1.0509396e-01   0.0000000e+00  -1.3618289e-01  -5.9453768e-02   8.1445917e-02  -1.0880825e-01  -2.1646513e-01  -3.5756766e-02   9.0821280e-02  -9.7528840e-02  -8.6367644e-03   1.6978562e-01   2.3468649e-01   1.9753014e-01  -1.9493909e-02   1.3114887e-01   5.1140628e-02   2.9073155e-01  -2.0156001e-01   2.0021892e-01  -4.6264714e-02   1.0639187e-01  -3.2786741e-02  -7.1598088e-03  -1.4297705e-03   2.4726169e-01   4.6935767e-02  -8.6023324e-02  -7.8936713e-02  -1.1358736e-03  -1.1528872e-01   4.6566511e-02  -1.4507496e-01  -9.2870850e-02  -7.1950457e-02  -4.5291223e-02   9.5695816e-02  -4.0153961e-02   8.4123296e-02   2.3916558e-01  -8.3710300e-02  -1.5863287e-01   1.0334268e-01  -1.7770879e-01   1.4921532e-01   5.7935457e-01  -1.3694976e-01  -2.6613140e-01   2.0016915e-01  -7.9555071e-02   2.1077450e-01   3.1105283e-01   8.2494588e-02   1.8210431e-01   1.6257921e-01   9.6731265e-02  -8.4279264e-02  -1.1335728e-01  -4.1994370e-02  -9.8502745e-02   2.9529986e-01  -1.4828386e-01   2.4337439e-01  -2.0146120e-01  -7.1015227e-02   5.7248450e-02  -1.5865542e-01  -1.5529522e-01   2.4341664e-03   1.8977435e-01   2.0650551e-01   1.0520752e-01  -7.8853654e-02   1.1875146e-01  -4.1055540e-02  -2.3822260e-01   1.1027333e-01   4.2853283e-01  -1.1158777e-01   3.3625963e-01   4.1759910e-02  -3.3829163e-02   2.9449892e-02   2.7958863e-02  -2.2160425e-01   6.4682167e-02   5.1009950e-02   9.4309265e-03  -7.9513682e-02  -9.2445352e-02   1.0656988e-01   3.8091954e-01  -1.7452851e-01   1.0050212e-01   1.3943036e-01   3.6856409e-01  -1.8294708e-01   4.1124154e-01   5.6226508e-02   3.5141421e-01  -1.9872551e-01   3.2765368e-01   1.2739418e-01  -6.9660821e-02   1.0116067e-02   9.2658119e-02   9.2871070e-05   3.1058382e-01  -1.5793961e-01  -8.5928213e-02   1.5708881e-02  -2.1178364e-01  -2.2075427e-01   1.9985625e-01   3.1373628e-01  -2.6154451e-01  -1.6076850e-01  -1.7330307e-01   3.0299646e-01   9.7879677e-02  -7.7310493e-02  -7.6333924e-02   3.9001437e-01  -2.6315286e-01  -2.5580273e-01   6.1351620e-02   3.6084684e-01  -7.7396568e-03   1.8246908e-01   4.0142859e-01   8.7073491e-02  -2.0027770e-01   4.4983103e-01   1.0881639e-01   3.0641622e-01  -2.1352126e-01   2.0724865e-01  -1.3553964e-01   7.2353385e-02  -8.2491709e-04  -1.0296277e-01  -1.9211574e-01  -8.2432272e-02  -2.2455716e-02  -6.8098212e-02  -2.9590000e-02   1.7786439e-02  -1.8526226e-01  -1.5415705e-01   1.4659066e-01   3.3629025e-01   7.7637164e-02   1.3605643e-01  -4.5096134e-02   4.4660580e-02   1.4784518e-01  -4.9684804e-02   4.6176904e-02   4.4496256e-01   1.5640151e-01   9.1239247e-02   2.7936918e-01   1.7319619e-01   3.0035542e-03  -1.2991584e-01   2.2613275e-01  -1.1378116e-01   6.6938496e-02  -1.3155989e-01  -1.2674886e-01   4.4602417e-01
   2.3621402e-02   3.0612872e-01  -2.2686860e-01  -1.8883084e-01  -1.9926081e-02  -2.6887380e-01  -1.1636460e-01  -1.3618289e-01   0.0000000e+00  -1.0329975e-01   2.8183153e-01  -3.7074500e-03   9.3292386e-02  -2.5009797e-01  -1.8929413e-03  -7.4842179e-02  -1.7000403e-01  -1.3217988e-02   1.6311688e-01  -2.4033828e-01  -1.9411725e-01  -4.8195970e-01  -6.1010680e-02  -1.0529158e-01   1.1471125e-01   1.3817353e-01  -1.1203548e-01  -4.0883701e-02   1.3216322e-01   8.5523467e-02   4.5039536e-01  -2.3464688e-01  -1.4290758e-01   3.1991551e-01   5.9803670e-01  -4.8712378e-02   1.0911464e-01   2.4737845e-01   1.7988718e-01  -3.4748857e-01   3.3400558e-01  -1.2546357e-01   1.3342261e-01  -2.5234036e-01   3.3522410e-01   5.4928271e-02  -9.8788296e-02   2.1536179e-01  -2.3756701e-01  -1.8733067e-01  -1.8439827e-01  -1.5272346e-02   4.7601746e-01  -1.1197802e-01   2.3928946e-03  -1.4851134e-01   9.0140069e-02  -2.0190613e-01   1.7957646e-01  -2.1633643e-01   1.1332416e-01   3.7607698e-02   5.2968710e-01   6.4377364e-01   7.3600113e-01   5.6252924e-02  -3.0109111e-01   1.6115391e-01  -1.9238659e-01  -1.4935455e-01   1.8132339e-01  -1.5109370e-01   4.0220163e-01  -4.5924057e-01  -8.7328316e-02  -1.5969824e-02   1.7370353e-01  -1.6462753e-01   3.6503893e-01   2.6518530e-02  -9.3207152e-02   3.8055649e-01  -3.4093060e-01  -1.3987738e-01  -3.7574018e-01  -6.2156298e-02  -2.7425443e-03  -4.3801976e-02   7.7035735e-03   5.2145358e-02   2.7094607e-01  -1.6974473e-02  -1.1065517e-01   4.9613428e-01   2.6976574e-01  -3.9234779e-02  -1.8436500e-01  -3.7586412e-02  -4.8960933e-02  -4.8831650e-02   1.6088439e-02  -4.4622884e-02  -4.5963915e-01  -2.5038474e-01  -3.5505460e-01  -2.0941246e-01  -2.4512696e-01  -1.7117046e-01   6.7216273e-02   5.3891167e-03  -9.9323624e-02  -4.9125435e-01  -2.1263369e-02   1.7431646e-01   1.1969325e-01   2.8095435e-01  -1.9423007e-01   3.3281347e-01  -2.6338567e-01  -2.0565638e-01   1.4261436e-01   2.5510000e-01   6.3175154e-02   5.7129091e-01   1.4535965e-01  -3.4295467e-01   2.8231926e-01   8.3871496e-02  -4.5899467e-02  -2.3467886e-01   2.4936589e-01   3.0291078e-01  -1.6420170e-01   1.7920455e-01  -1.9447725e-01   9.9424858e-02  -1.5875588e-01  -9.6905790e-02  -1.0917761e-01   1.6049919e-01   1.4855623e-01   1.2633062e-01  -1.3713189e-01  -2.6601464e-01  -2.6331694e-02  -2.0414533e-01  -3.2754944e-02   1.2924026e-01  -5.1696462e-02   1.0371613e-01   3.8441303e-02  -3.4716492e-01  -2.0451319e-01   4.6793787e-01  -2.0660292e-01   7.2356075e-02   1.0431744e-01   7.5517197e-02   2.8869501e-02  -3.4740035e-01  -1.4645392e-02   3.6370230e-01   2.8211393e-01  -3.6557716e-01  -1.2707051e-01   5.8505706e-02   4.3779794e-02  -7.9558618e-02  -2.3581134e-01   2.8528329e-02   7.7915725e-03   2.1851431e-01   3.8832418e-01  -1.3201297e-01  -2.6763585e-02  -8.6865639e-02  -2.7408121e-01
  -1.2303450e-01  -3.0790430e-01   7.5145251e-02   2.4645149e-02  -1.5735709e-02   3.6046788e-01   6.3366258e-01  -5.9453768e-02  -1.0329975e-01   0.0000000e+00   2.8033543e-01  -8.0916349e-02  -1.5443429e-01   1.3377305e-02   1.2500928e-01  -1.8058934e-01  -1.5201323e-01   7.4812996e-02  -4.1523612e-02   2.7126229e-01   2.3296717e-01   1.6270996e-01   4.1154967e-01  -1.0758897e-01  -1.9981164e-01  -1.5586162e-01   2.3519429e-01   2.0227019e-01  -5.4257047e-02   2.7781210e-01  -1.7897527e-01   4.7065747e-02  -2.6239515e-01   1.9463325e-01  -2.9348840e-02   4.8117606e-01   1.6524619e-01  -3.5599828e-01  -4.4372896e-01   2.8667783e-03  -1.9284379e-01  -1.3837807e-01   2.4749658e-01   7.4745213e-02   6.2991411e-02   3.8264081e-02   2.7494040e-01   1.8278115e-01  -3.1658248e-01  -2.6746700e-01   1.1581162e-01  -5.9902507e-02  -3.0010214e-01  -3.6238300e-01  -1.4468812e-01   2.1758812e-01   1.5811159e-01  -4.4525659e-02  -1.4020900e-02   1.4548494e-01  -8.4993300e-02   7.6192681e-03  -4.8046348e-01  -2.3108979e-01  -1.7789191e-01   5.6866712e-01   3.2209355e-01  -2.0621487e-01   1.9683282e-01   2.6814644e-01  -1.5585524e-01   1.8866997e-01  -3.5821276e-01   2.0876413e-01  -2.0645904e-01  -1.3796410e-01  -1.3278969e-01  -9.4351351e-02  -1.8104619e-01  -3.5589062e-01   2.8560282e-01  -1.4582967e-01   2.0793180e-01  -1.6172410e-01  -5.6288016e-02   1.0766371e-01  -8.7388055e-02  -8.5586961e-02  -2.5803805e-01  -5.7073232e-02  -4.0191516e-01  -1.9688587e-01   1.1130912e-01  -5.4918293e-02  -2.5703066e-01  -2.2195101e-01   2.1253691e-01   6.5262331e-02   2.4313413e-01   1.7701324e-01   6.7980849e-02   2.8320120e-01   1.1363012e-01   7.0506636e-02   4.2069057e-01  -4.6740238e-02  -1.8805979e-01   1.3507594e-01  -5.2029454e-03   2.7870015e-01   1.9328215e-01   2.8260471e-01  -7.0512156e-02  -1.2267428e-01   6.5751929e-02  -4.2568532e-01  -1.0684381e-01  -1.4334526e-01   2.5897977e-01   5.9752530e-02  -5.0703359e-02  -2.6069827e-01  -1.7719817e-01  -1.6648329e-01  -7.1516116e-02   9.5108355e-02   2.0979862e-01  -3.2813087e-01   5.0381347e-02   1.6734319e-01  -1.9273658e-01   2.2183836e-01  -2.9683995e-01  -1.8791539e-01  -2.9119637e-03  -3.1069280e-01   2.3331806e-02   1.1327695e-01  -1.7887490e-02  -2.8986347e-01  -7.5416898e-02  -2.2499503e-01   5.1852429e-02   1.8149646e-01   2.3139092e-02   1.3623517e-02   9.5026236e-02  -4.7042251e-02   6.9204305e-01   5.5199144e-02   5.7375479e-02   1.3108387e-01  -1.0510121e-01  -5.9490162e-02   5.6928197e-02  -2.3232359e-01   1.7769476e-03   2.5756352e-02  -1.8084904e-01   1.7364211e-01  -5.2164960e-03   7.9575417e-03   3.6210010e-01   1.0546386e-01  -5.8194446e-02  -7.4058411e-02   3.8756595e-01   6.1264636e-02   3.8661137e-02  -1.8940427e-01  -2.5895045e-01  -9.1734190e-02  -2.8548283e-02   1.0132497e-01  -2.4162817e-01  -3.2197375e-01  -4.7871836e-03
  -1.0108872e-01  -2.5323891e-01  -3.0336353e-01  -3.0225864e-02  -1.7990594e-01   4.0912734e-01   3.1381911e-01   8.1445917e-02   2.8183153e-01   2.8033543e-01   0.0000000e+00  -4.1638707e-01  -2.0544868e-01   1.6691075e-01   4.3199505e-01   1.3097455e-01  -3.5867897e-01   5.6773988e-01   1.6897022e-01  -1.0828227e-01   3.6805729e-01  -1.2974954e-01   3.1513794e-01  -2.3236335e-01  -6.0466412e-02  -8.4649088e-02   1.4815178e-01   1.3058699e-01  -1.5287135e-01   4.8685072e-01   5.0072614e-01   2.1270289e-01  -5.5197353e-02  -3.7611071e-02   1.8295638e-01   4.1998196e-01   6.0191203e-02  -2.1585209e-01   9.9370030e-02  -4.3879577e-01   1.9169906e-01  -8.9039150e-02   1.4353837e-03   2.8408705e-01   3.9049457e-01  -7.5213441e-02   5.5988596e-01   1.7167422e-01  -3.7839696e-01  -4.7789426e-01   3.9052860e-01   9.6685797e-02  -1.2638363e-01  -3.2701498e-01  -4.6480344e-02   4.1258233e-01   1.9948749e-01  -2.3296911e-01   1.7619562e-01  -1.7158635e-01   1.9512041e-02   1.0106110e-03  -1.5812485e-01   4.1274660e-01   2.1803653e-01   3.9946240e-01   2.6084696e-01   7.0178973e-02   5.2451955e-01  -9.5809225e-04  -2.9790093e-01   3.4612822e-01   1.6311037e-01  -5.1830475e-02  -3.1545484e-01  -3.2579364e-01  -1.0945625e-01   5.4767676e-02  -1.5463717e-01  -2.6761775e-01   3.1901780e-01   8.0558582e-02   2.1678075e-01  -9.5739079e-02  -3.8203084e-01   2.1950099e-01  -9.7387122e-02  -3.8256100e-02  -4.7643866e-01  -7.9793874e-02  -4.4356026e-01  -1.7805329e-01  -2.7329135e-01   1.1357753e-01  -2.0686336e-01  -4.8754927e-01   1.4495615e-01   3.2782284e-01   3.0547884e-01   1.1840900e-01   7.4509615e-02   5.8123402e-01   9.2476281e-02  -9.0455106e-02   1.9366910e-01  -2.7016164e-01  -3.2212237e-01   2.8949961e-01  -1.4696715e-01   1.4614668e-01  -5.5781817e-02   1.7561570e-01  -7.7744339e-02  -1.7641333e-01  -3.9777416e-02  -3.9326025e-01   2.4057891e-01  -9.1371934e-02   2.8202555e-01   1.6445036e-01   2.5686451e-02  -3.8855968e-01  -2.9305374e-01   3.5417970e-01  -1.5011104e-01   6.3187786e-02   3.2024946e-01  -3.4435543e-01  -2.7901119e-02  -1.0530089e-01   3.5463147e-02   5.3935564e-01  -3.4960549e-01   1.6409530e-01  -3.4079256e-01  -2.6518022e-02  -2.9778957e-01   2.0051126e-01   8.2168841e-02  -2.7156543e-01  -7.1778260e-02  -1.0737817e-01   4.9693577e-01   2.2425488e-01   1.6670730e-01   2.4116456e-01  -2.4737927e-01  -2.0347715e-01   2.8776815e-01  -7.3386487e-03  -2.0975874e-01   7.9186835e-02  -1.3462620e-01   4.5639619e-01  -2.7818867e-01  -1.5259019e-01  -5.9629880e-02   3.0231856e-01  -9.9644180e-02   2.3747296e-01  -6.9340546e-02   6.4544054e-01   5.4052994e-01   2.0108798e-01  -7.4013191e-02  -2.4513538e-01   3.7670404e-01   8.1576381e-03  -1.4733587e-01  -5.2217505e-01  -6.1915585e-01  -1.0277918e-01   3.6453667e-01   1.5331854e-01  -2.1144084e-01  -1.4393664e-01  -1.6561256e-01
  -7.7725102e-02   6.8265687e-01   5.5599872e-01  -2.1448088e-01   2.9530902e-01  -4.1394156e-01  -3.5218686e-02  -1.0880825e-01  -3.7074500e-03  -8.0916349e-02  -4.1638707e-01   0.0000000e+00  -4.1492357e-02  -5.1923342e-01   1.9978404e-01   1.4348229e-01   4.3818941e-01  -4.0632052e-01  -9.2269982e-02   2.2292003e-01  -4.4500349e-01  -3.1564194e-01   8.5225859e-03  -7.4166050e-02   2.2246564e-01   1.7521282e-01  -1.7439739e-01  -3.2063358e-01   1.2375058e-01  -4.0626873e-01  -1.9574259e-01  -1.2959218e-01   8.0829907e-02   5.6540750e-01   3.4548747e-01  -2.3487888e-01  -3.5122154e-01   6.1775735e-02   9.4076402e-03   3.3936650e-01  -3.2630559e-01   1.9722376e-01  -7.0486412e-02  -2.1455751e-01  -2.9805695e-02  -2.0519103e-01  -3.6374515e-01   1.5571530e-02  -2.3461814e-01   5.3766078e-01  -3.5405549e-01  -3.1118611e-02   3.7406810e-01   3.2046622e-01  -1.5210269e-01  -2.5212805e-01  -2.1085089e-01  -2.2242537e-01  -2.1999112e-01   2.5702326e-01   1.6087295e-02   1.9121563e-01   2.8507609e-01  -5.7290615e-02  -8.6442518e-02  -2.6209573e-01  -2.4829596e-01   1.8097159e-01  -3.6020179e-01   1.9681196e-01   4.2053194e-01  -2.9832286e-01  -1.2423103e-01   4.8150406e-02   1.5667033e-01  -1.6939774e-02   7.6412487e-02  -1.7902972e-01   3.0346483e-01  -3.8613360e-03  -2.6460496e-01   1.0112836e-01  -5.5866611e-02   3.8344750e-02   3.3630459e-01  -1.3347567e-01  -1.6549097e-01  -1.1381927e-01   2.7594936e-01  -1.0062414e-01   4.1518799e-01   2.7071319e-01   7.2501562e-01  -9.2417721e-02   7.7034512e-02   4.1515487e-01  -3.5181154e-01  -3.4997685e-01  -3.2733724e-01  -1.0752696e-01  -2.7346127e-01  -4.4263799e-02  -2.8293916e-01  -2.1446404e-01  -2.8417816e-01   4.8987208e-02   2.5095991e-01  -2.7472144e-01  -1.8720609e-02   2.1189141e-01   5.9324818e-01  -3.9790856e-01   1.2829047e-01  -7.7542673e-02   6.1648718e-03   3.9370846e-01  -2.3642883e-01   3.8651174e-02  -3.1456598e-01  -2.4795539e-01  -7.8055882e-02   4.2851959e-01   6.1709647e-01  -2.3399306e-01  -1.9172930e-01   1.7274970e-01   8.8657171e-02   3.9070011e-01  -2.0123610e-01   3.4063501e-01   1.4234659e-01  -2.0897757e-01   2.4424932e-01  -1.0537124e-01  -2.1175548e-02   1.0525514e-01   1.2995688e-01  -3.2779761e-01   2.4222735e-03   1.8980580e-01  -1.5213274e-01  -5.3755740e-02  -3.3173278e-01  -2.5338256e-01   1.6607483e-01  -5.1570394e-01   6.6165992e-01   1.6791383e-01  -1.8835041e-02  -2.5405766e-01   3.1477722e-01  -2.4146043e-01   1.4955250e-01  -9.5151585e-02   4.4241651e-01   1.8577766e-01  -1.4443968e-01  -2.8231723e-01   4.5330902e-02  -3.0715279e-01  -1.1476298e-01  -4.2448283e-01  -3.4054291e-01  -3.7386886e-01  -1.2285438e-01   4.1226464e-01   3.2643297e-02  -2.3115065e-01   3.6017455e-03   4.0765685e-01   6.1871920e-01  -1.7261328e-02  -2.7913975e-01  -2.5259872e-01   3.8108538e-02   1.9565857e-01  -5.0854009e-02
   1.8129802e-02   4.7279240e-02  -5.2891059e-02   1.4608958e-03  -2.6690426e-02  -1.4775333e-02  -7.1571724e-02  -2.1646513e-01   9.3292386e-02  -1.5443429e-01  -2.0544868e-01  -4.1492357e-02   0.0000000e+00  -2.8560387e-01  -3.7501747e-01  -2.5614317e-01  -1.0518067e-01   5.5697439e-02  -7.7169276e-02  -1.0820883e-01  -2.5641959e-01   9.9444918e-03  -3.1088290e-01  -2.3472203e-01  -1.1430451e-02  -6.9564316e-02  -2.0671025e-03   7.6886015e-02  -1.2973967e-01   3.7859346e-03  -1.7282589e-01  -5.8399204e-02  -3.1902672e-01  -8.5703814e-02  -1.2374583e-01   3.3253350e-02   1.7876410e-01  -5.9280626e-02  -2.6728152e-02  -7.0985652e-02   4.6190268e-01  -2.1572428e-01   1.9357857e-02  -2.2896014e-01   2.4501798e-02   1.4067941e-01  -1.9160666e-02  -2.4970457e-01   9.3279234e-02   7.8784980e-03  -1.1785977e-02  -1.6080502e-01   1.5514128e-01   1.0982520e-01  -1.3500000e-01  -2.0167960e-01   1.5135782e-01  -4.7819457e-02   4.7437085e-02  -1.0990111e-01   5.2109221e-02  -5.0706294e-02   4.0972631e-02   1.7234410e-02   1.5181316e-01   1.3452135e-01  -5.4729043e-02  -6.9048369e-02  -4.3744799e-02   2.2769306e-02  -1.1265333e-01  -3.5726509e-02   2.5830679e-01  -5.3981322e-02  -9.1568730e-02  -6.7801967e-02  -1.7961847e-01  -8.1065592e-02   1.6303466e-01  -3.2410883e-02  -2.0150367e-01   3.7901906e-02  -1.8688989e-01  -2.9038180e-01   7.6906725e-02  -2.6302201e-01  -1.6293246e-02  -1.2588615e-01   1.4321297e-01  -4.4161665e-02   2.1164187e-01   1.6233424e-02  -1.7226054e-01  -8.0720134e-02   4.4207449e-02   5.5058301e-02   8.3758171e-02   5.6369250e-03   7.0275148e-02  -2.7799483e-01  -3.5092764e-01  -3.3488666e-01  -1.8986061e-01  -2.3362051e-02   4.1773514e-02  -4.4861768e-02   3.6414584e-02   3.1167794e-02   9.2964283e-02  -9.4219602e-02  -2.1197481e-01  -1.4428830e-02  -4.7503661e-02   1.3828133e-01  -2.5927268e-01   1.2832580e-01  -1.5403906e-01   3.5202399e-01  -1.7503606e-02  -8.4699332e-02  -6.0088120e-02   2.8791258e-01   1.8627158e-01   3.7533529e-02   1.1275016e-01  -4.1551962e-01   6.3638900e-02   7.7932760e-02  -2.5900359e-03   3.5228719e-02   2.1792644e-01  -2.2640130e-01  -1.5549707e-01  -1.1735733e-01   9.0041383e-02  -9.7024486e-02  -1.6591702e-01  -1.9991713e-01  -2.2592918e-01  -3.8212907e-03  -1.0389381e-01   4.3324414e-01  -1.5668612e-01   1.0986869e-01  -3.2075278e-01  -1.4817816e-01  -1.8798530e-01   1.3432280e-01   4.0766814e-02  -4.5269661e-02  -2.3678718e-01  -2.0775476e-01  -9.1820599e-02   4.4217527e-02  -1.3390880e-02  -2.7489299e-01  -2.9620220e-02  -6.0681110e-02   2.2571952e-02  -1.2923179e-01  -1.6664061e-01  -1.9562437e-01  -9.3315514e-02   6.7108773e-02  -1.1401402e-01  -1.1307559e-01  -2.8111124e-01   7.4469671e-03  -1.5729496e-01   4.1740877e-02   9.8898379e-02  -1.2277316e-01   6.9431976e-02   1.6346813e-01   6.7743978e-02   1.0304102e-01  -2.4121601e-01
   1.7983935e-01  -5.7091956e-01  -3.7313262e-01   2.3968863e-01  -2.4609979e-01   2.3539976e-01   1.0923005e-01  -3.5756766e-02  -2.5009797e-01   1.3377305e-02   1.6691075e-01  -5.1923342e-01  -2.8560387e-01   0.0000000e+00   8.4057132e-02   8.0775795e-02  -3.8536528e-01   2.7496990e-01  -2.6166369e-03  -1.1327484e-01   6.0590789e-01   5.4215981e-01   1.4779552e-01   2.4046112e-01   3.6777028e-03  -1.6589382e-01   1.6003986e-01   3.0755618e-01  -5.5979948e-02   3.5832141e-01   8.1213959e-02   1.3397145e-01   2.3789995e-01  -5.3413154e-01  -3.6559405e-01   6.0251507e-02   1.2088550e-01   5.7522871e-02   2.1183398e-02   4.7064726e-02  -3.7256550e-02  -7.8466573e-04  -1.4593424e-01   4.1554715e-01  -1.2306139e-01  -1.6599132e-01   2.3366094e-01   1.6605816e-01   3.0541987e-01  -3.3059195e-01   3.3427365e-01  -1.2509950e-01  -4.6844370e-01  -2.1219306e-01   3.8928676e-01   3.1919049e-01  -1.1383621e-02   2.3586944e-01   1.7299817e-01   6.6353834e-02  -2.1300420e-01  -1.0909242e-01  -2.7495548e-01  -1.0132660e-01  -1.5557937e-01   5.5045211e-02   1.2275001e-01  -5.8857654e-02   1.6797313e-01  -1.3423750e-01  -3.0435359e-01   2.8506259e-01  -9.7257901e-02   3.3592415e-01  -8.5886382e-02   9.3014435e-02  -6.5653558e-02   2.7478740e-01  -4.0826789e-01   1.3270760e-01   3.3267491e-01  -4.5799164e-02   2.1936293e-01  -3.5328299e-03   1.8327036e-02   3.8249283e-01   3.9597440e-01   3.3053123e-01  -1.4925096e-01   1.9717751e-01  -3.6961488e-01  -1.9447554e-01  -4.4220427e-01  -2.9704353e-02  -6.7488903e-02  -2.6357565e-01   1.9173197e-01   2.9705962e-02   1.2948096e-01   3.4661118e-01   4.2254196e-01  -3.7800113e-02   6.2265695e-01   2.6149455e-01   3.1124601e-01   1.2994320e-01  -1.3621748e-01   1.1463061e-01  -1.1709552e-01  -1.6511040e-01  -3.8614748e-01   5.1512714e-01   1.2814396e-01  -1.0608353e-01   8.4351450e-02  -2.7908204e-01   4.1149203e-01  -6.6239791e-02   4.3747009e-01   2.2129689e-01  -2.2837568e-02  -4.1839583e-01  -5.7359139e-01   9.3033901e-02  -6.6361026e-02   3.3739830e-01  -7.1512239e-02  -3.3150964e-01   1.0028530e-01  -2.3138886e-01  -1.9011596e-01   1.5913340e-01   1.4075987e-01   7.1028318e-02   8.7380192e-02  -1.2050322e-01   3.9360530e-03   5.8521153e-01  -3.3793437e-02  -3.2416985e-02   2.1821860e-01  -8.8896557e-02   1.8759999e-01   3.0105086e-01   1.4893295e-01   6.4102313e-01  -3.1870956e-01  -1.3381150e-01  -4.3537377e-02   2.6194331e-01   2.9738657e-02   5.7017525e-01   7.3638729e-02  -9.6267828e-02  -2.0556053e-01   1.3762855e-01   6.5296449e-02   2.3133858e-01  -2.1996589e-01   4.9022325e-01   2.5651389e-02   1.4711172e-01   8.2505025e-02   3.8580552e-01   1.2113975e-01  -1.3814212e-01  -6.6235678e-02   1.2167047e-01   1.0794493e-01  -2.7088860e-01  -3.2614359e-01  -1.3602587e-03   1.3003102e-01   1.7706977e-01   2.1526670e-03  -1.2659723e-01   2.1555298e-01
