   0.0000000e+00  -6.0403483e-02  -1.7092057e-01   2.0585977e-01  -2.4797456e-01  -9.8428404e-02   1.5644087e-01  -3.1602791e-01  -1.1011190e-01   6.2605666e-02  -7.7226799e-02  -4.5168119e-03  -1.6302213e-01   3.2135908e-01   3.2471819e-01  -2.0363080e-01  -2.3132546e-01   8.4657886e-02  -2.3488087e-01  -2.6849776e-01   2.0971052e-01   3.4173120e-01   2.1702695e-01   3.9727999e-01  -6.5011452e-02  -1.1832725e-01  -3.5871861e-01   2.9471687e-01   4.1489066e-02   1.4185207e-01   7.3452101e-02   2.8607830e-01  -9.4845528e-02   1.1834746e-01   2.9982291e-01  -1.8742102e-01  -2.3937218e-02   1.1678777e-02  -3.2581727e-01  -3.7107440e-01  -1.6969911e-01  -1.4717909e-01  -5.4367187e-02  -1.0236700e-01   7.5294324e-02  -7.8780643e-02  -2.3904569e-01   1.4443559e-01  -2.0538626e-01  -4.1765253e-01   1.5742653e-01  -1.2508097e-01  -2.9991110e-02  -1.6930875e-01   1.2114521e-01   2.4813205e-01   1.0939885e-01   3.0921098e-01  -1.1386527e-01   1.9430693e-01  -3.0527544e-01   1.3276732e-02  -1.0974683e-01  -4.9881958e-02   4.3074508e-02   2.3728239e-02  -1.0034634e-01   6.9930621e-02  -1.6285023e-01   6.9637144e-03   3.2922463e-02   1.9842696e-01  -2.2253917e-01   4.1032850e-01   5.9248899e-02   6.3753819e-02   2.5382819e-02   1.5617713e-01  -1.8869491e-01  -1.3107877e-01   2.2975210e-01  -1.9595616e-01  -8.3021945e-02  -8.8489318e-02   7.3649569e-02  -9.7848021e-02  -6.9179843e-02   3.4409980e-01  -9.1564650e-02   2.7699837e-01  -2.7674291e-01  -2.0623923e-01  -4.6535330e-02   1.9870095e-01   2.8184193e-02  -2.0558013e-01   2.2014359e-01  -2.6525913e-02   2.8959884e-02   2.2060881e-01   1.1902550e-01   3.6276032e-02   1.1439261e-01   3.3945484e-01   2.1013108e-01   1.5794261e-01  -8.0119027e-02  -1.3313227e-01   2.3691269e-01  -2.8368776e-01  -1.3061450e-02   1.2407058e-01   1.8217181e-01   4.6055818e-01   1.9927544e-01  -8.1109479e-02   1.5202628e-01  -6.2493071e-02   4.5912747e-02   2.5879365e-01   3.1736820e-02  -2.3237062e-01  -8.2743191e-03  -1.5816690e-01   2.0392940e-01   2.7243387e-01  -1.3960265e-01  -1.3940305e-02   2.2688342e-01  -2.8826973e-02  -2.5679038e-01  -3.9034310e-02   1.5268190e-01   1.3676418e-01   6.8261742e-02  -1.1408078e-01   4.2501502e-02   6.6836478e-02  -2.4644399e-01   6.7083489e-02   2.2575756e-01   1.0633624e-03  -1.6548050e-01   5.3613175e-02   2.1183634e-01   1.2706510e-01  -6.1902627e-02  -2.0165834e-01   2.0185956e-01   2.6062440e-01   1.9304644e-01   6.2764523e-02   5.2358972e-02  -1.4911029e-01  -2.0456629e-01   7.1822903e-02   5.8925442e-02  -1.7477674e-02  -1.0390411e-01   2.0873242e-01   1.0119001e-02  -1.3767051e-02   1.8356435e-01   2.1347363e-01   1.3083683e-01  -2.3261953e-01  -7.8971537e-02  -1.9890575e-01   1.1356518e-01  -3.2691973e-01  -1.2374391e-01  -3.4114022e-01   6.9132491e-02  -2.8284255e-01   1.6677921e-01  -1.8288908e-01   2.4078466e-01
  -6.0403483e-02   0.0000000e+00   2.5929306e-01  -3.1800319e-01   2.6592786e-01  -2.6756159e-01   1.9695189e-01  -1.0727466e-01   7.0922387e-01   1.1373978e-01  -3.2953130e-01   5.6790903e-01  -2.6137558e-01  -6.0130805e-01  -4.6868362e-01  -1.6707135e-01   3.6907860e-01  -4.4146556e-01  -1.8979045e-01   2.8495246e-01  -2.9123809e-01  -4.1568625e-01  -4.6817469e-01  -3.5812558e-01   2.7718256e-01  -1.3334491e-01   1.7783176e-01  -4.9412984e-01   1.5116775e-01  -4.2378405e-01  -2.9243377e-01  -2.5053801e-01   1.2319594e-01   2.0586334e-01  -1.9833689e-01   1.3492683e-01  -4.0857911e-03   1.2014222e-02   4.7183740e-02   2.5011620e-01  -1.7800883e-01   9.9086981e-02   5.1518503e-01  -3.4414464e-01   2.8846288e-01  -4.9825255e-02  -1.4082403e-01  -1.4114581e-01  -2.1621686e-01   3.3788191e-01  -4.4018968e-01  -2.7472032e-01   4.8448542e-01   1.4132204e-01  -1.9698116e-01  -6.3812187e-01  -2.8431678e-01  -4.2585607e-01  -3.4383492e-01  -2.7542639e-01   1.0011096e-01  -4.1326005e-01   6.7808708e-01   3.3749831e-01   5.5757593e-01  -2.3737835e-01  -3.8739265e-01   2.2631324e-01  -3.1503111e-01  -3.7354750e-01   4.4768819e-01  -1.8688889e-01   1.4957423e-01  -3.8198750e-01   1.1358958e-01  -1.2807530e-01   9.5766232e-02  -5.8368160e-01   5.4693087e-01   4.0514015e-02  -4.2554346e-01  -1.7483701e-02   4.1688679e-01  -1.1180188e-02  -2.0209934e-02  -4.2709605e-01   7.5889042e-01  -4.6910668e-01   3.2593610e-01  -4.9301812e-01   6.0994249e-01   9.4464028e-02   4.8789826e-01   3.8245019e-02   1.9258383e-01   8.8495331e-02  -2.3559499e-01  -3.0798993e-01   1.1418689e-01   4.7292521e-02  -2.8190562e-01  -3.9070218e-01  -6.2815526e-01   2.5314856e-01  -4.8561560e-01  -9.7751298e-02   1.8931184e-01  -4.6087984e-01  -5.0653424e-02  -1.5105221e-01   4.2059274e-01  -7.2715905e-01   2.1608114e-01  -3.7534125e-01  -4.3566680e-01   7.2487211e-01  -5.9533495e-01   1.9233318e-02  -3.7750618e-01  -3.1789536e-01   3.4830108e-02   3.5127949e-01   3.7096586e-01   5.4788828e-01  -1.2977484e-01  -6.4729628e-01   3.9065700e-01   1.1861125e-01   8.5621448e-02  -1.8485485e-01   2.5697056e-01   3.4430675e-01  -7.1948562e-02  -5.7981855e-01   2.8971482e-01  -2.6164900e-01  -3.9146611e-02  -4.6696073e-01  -1.0518427e-01  -1.6850446e-01  -6.2324502e-02  -3.6643908e-01  -1.7639912e-01  -3.9418479e-01  -6.4211864e-01  -3.5507527e-01   5.4212430e-01   1.7469865e-01  -3.7358293e-01   1.8296554e-01  -5.3147751e-01  -3.4720521e-01   1.4280721e-01   4.9582793e-01   6.0044910e-01  -1.3521668e-01   1.1919343e-01  -4.1515650e-01   1.8891923e-01  -3.9151778e-01   1.2898196e-01   1.7947755e-01   8.7579629e-02  -9.7198782e-02  -1.9654077e-01   5.2248860e-01   3.9519858e-01  -2.5303748e-01   8.1404135e-03   4.6752021e-01   3.8435378e-01   2.2543506e-01   2.9543093e-03   5.6685085e-02   1.5056700e-01   2.7446847e-01  -1.1572616e-01
  -1.7092057e-01   2.5929306e-01   0.0000000e+00  -2.4594651e-01   3.2616643e-01   3.4038359e-01  -3.8071703e-02  -3.3008867e-02   1.5754944e-01   3.1609745e-01  -2.8307540e-01   4.0833406e-01   9.3311500e-02  -2.9946445e-01  -9.7947211e-02   3.6616849e-03   7.9517936e-01  -3.3806119e-01  -3.0952906e-02   5.2374448e-01  -3.9378912e-01  -2.7875792e-01  -1.1140459e-01  -2.4327789e-01   1.4006540e-01  -1.7417409e-01   4.2031202e-01  -2.9511126e-01   1.9168857e-01  -2.1854750e-01  -1.9530395e-01   5.2668942e-02   3.5096430e-01   1.4128241e-01  -1.8865128e-01   4.2273494e-01   9.0635039e-02  -7.3216348e-02   7.8847710e-03   6.2742023e-01   3.0059066e-02   1.2149215e-01   1.4244212e-01  -1.8677198e-01  -1.0893342e-01   5.7556076e-01   3.2533338e-01  -3.3866147e-01  -1.1688342e-02   6.0647641e-01  -1.9687116e-01  -2.7352990e-01  -8.5392000e-02   3.0348980e-01  -6.8391329e-02  -1.1909892e-01   4.5715114e-02   4.1379236e-02  -1.8288322e-01  -1.7160998e-01   5.9608874e-01  -2.1850767e-01   2.9969574e-01  -2.2346052e-01  -3.1418342e-01  -1.1397590e-01  -1.0229679e-01   1.3841686e-01   1.9417858e-01   4.4352676e-01   3.1768136e-01  -7.8479984e-02  -1.3537057e-01  -6.5463826e-02  -5.0244973e-02  -1.8277141e-01   2.0767411e-01  -2.7098870e-01   1.6685777e-01   4.6502352e-02  -8.8051830e-02  -3.2706051e-02   2.2827740e-02  -8.9226674e-02   8.6680363e-02  -2.3493304e-01   6.1110141e-02  -2.9867267e-01   9.3532597e-02  -2.9510083e-01   2.2636042e-01   5.6885639e-01   4.7902028e-01  -2.2677047e-01   6.8841546e-02   4.4121168e-01   6.2419310e-02  -1.0206392e-01   1.5828272e-01  -1.6638307e-01  -7.8888439e-02  -2.7446320e-01  -2.4585864e-01  -2.2630608e-01  -2.7163639e-01  -6.0150104e-02   2.9752471e-01  -1.5861102e-02  -6.9628461e-02   3.7706264e-02   3.7795904e-01  -3.2471275e-01   1.0008588e-01  -3.5855644e-01  -8.8708133e-02   6.2412391e-02  -1.1941340e-01   3.9564781e-02  -1.9811993e-01  -6.4433110e-02  -2.6173642e-01   4.0278072e-01   2.3936020e-01   5.1965614e-02  -2.1892788e-01  -1.7866474e-01  -3.5702307e-02   3.5030360e-02  -5.9987615e-02   4.1111140e-01   1.3979641e-01  -3.3772926e-01  -9.4998238e-02  -3.0771067e-01   5.6670128e-02  -3.3329195e-01  -9.3571598e-02  -1.8285177e-01  -1.6896536e-02  -4.3019489e-02  -4.5655674e-02  -5.0326957e-02  -3.7499166e-02   1.2423445e-02  -2.4192353e-01  -3.9747601e-01   5.1883935e-01  -1.3521706e-01   5.8962430e-03  -3.2670854e-01   7.0265693e-02  -1.8532633e-01  -5.5632069e-02  -7.7413903e-02   7.4881036e-01  -1.9139968e-02   2.3750872e-02  -1.9061807e-01   5.5226483e-01  -7.4614891e-02   4.0333090e-02  -1.4518123e-01  -2.6867977e-01  -4.5505396e-02  -5.4250387e-02   2.8555163e-01   3.1501908e-02  -1.3138729e-01  -7.2243720e-02   1.0449821e-01   6.5090010e-02   9.4671782e-02  -1.5032751e-01   3.7186910e-01   7.3854689e-02   2.6558218e-01  -1.6669210e-02
   2.0585977e-01  -3.1800319e-01  -2.4594651e-01   0.0000000e+00  -2.6944444e-01   1.7991783e-01  -3.1286079e-03  -3.8876761e-02  -9.4364801e-02  -1.2348308e-01   3.9250568e-01  -2.2698914e-01   1.9310122e-02   4.1429832e-01   1.3003896e-01   1.3802700e-01  -2.2770219e-01   5.7983476e-01   3.0813933e-01  -2.5111262e-01   2.8813017e-01   5.2544631e-01   3.6823755e-01   2.9499666e-01   9.2729096e-02   2.3265861e-01  -1.7049465e-01   8.3408462e-02  -1.3809660e-01   2.9788382e-01   1.1859746e-01   2.2140725e-01  -2.7075944e-02  -2.1805392e-01   3.0005479e-01  -7.3477569e-02   1.6187828e-01   1.6205714e-02   1.9254335e-01  -2.9396983e-01   2.8015518e-02  -3.1126687e-01  -1.5906209e-01   1.9733677e-01   1.2336035e-01  -3.8965689e-02   6.5208474e-03   8.9706118e-02   2.0864225e-01  -3.7800085e-01   5.5624277e-01   6.1566876e-02  -2.7017054e-01  -2.7526593e-01   1.0628460e-01   3.7093499e-01   2.5866773e-01   5.0158198e-01   4.9310283e-01   3.2413023e-01  -1.4924003e-01   3.6899929e-01  -3.0755774e-01  -8.7587459e-02  -6.8871110e-02   2.0368516e-01   4.0080487e-01   1.6258171e-01   1.3895116e-01   1.3287599e-01  -3.9997340e-01   6.1127614e-01   5.7149217e-02   1.6524328e-01  -2.7645719e-03   2.3599986e-01  -3.9659328e-02   1.6000075e-01  -3.0946057e-01   2.4888050e-01   1.0660707e-01   1.4884585e-01  -1.0981917e-01   1.3636161e-01  -2.9761860e-02   1.5078309e-01  -2.2663954e-01   1.3012749e-01  -1.2843676e-01   1.6156166e-01  -3.6298573e-01  -1.8477844e-01  -3.9390772e-01   2.0459729e-01  -9.6915622e-02  -3.4720888e-01   2.8059995e-01   3.2806202e-01  -5.7213427e-02   1.3175905e-01   7.8591559e-02   1.0883326e-01   1.8698387e-01   1.0733541e-01   5.1859084e-01   4.7780461e-01  -1.7439260e-01   4.2731654e-01   3.1282656e-01   1.0816207e-01  -3.3629038e-01   3.2300197e-01   4.2016115e-01   8.2183972e-02   5.1242414e-02  -2.8048114e-01   2.8166991e-01  -1.3923599e-01   2.1633356e-01   5.7743530e-01  -4.5561275e-03  -3.9643575e-01  -1.5101828e-01  -3.2247045e-01   1.3213753e-01   3.5194377e-01  -1.7447920e-01  -1.8129033e-01   4.2136613e-01   1.0133893e-01  -7.2730857e-02   6.6370951e-03   3.8049936e-01   3.8416993e-01   2.1239113e-01   6.8148720e-02   1.5383307e-01   4.1801625e-02  -1.6736980e-01   2.7230889e-01   1.7475983e-01  -3.5359383e-02   3.4803493e-01   1.8976249e-01   3.6644796e-01   3.7822193e-01  -4.4060065e-01   3.2198888e-02   2.2952907e-01  -8.8290549e-02   5.0317771e-02   3.1099493e-02  -1.1369171e-01  -1.4178910e-01  -2.9993593e-01   1.4306589e-01   6.1524560e-02   2.2442572e-01  -1.3641037e-01   1.3649060e-01   2.4121110e-01   1.0085918e-01   9.8129380e-02   4.9218728e-01   4.6374305e-01  -4.3730965e-01   6.3767488e-02   3.9609142e-02   8.8634322e-02  -3.8645872e-01  -3.4561147e-01  -1.6596670e-01   3.9591339e-01  -1.1905884e-01   4.1219766e-02  -3.4028865e-01   3.9491713e-01
  -2.4797456e-01   2.6592786e-01   3.2616643e-01  -2.6944444e-01   0.0000000e+00   1.2228529e-01  -3.1721852e-01  -1.9127367e-01   2.7875175e-01  -3.1690263e-01  -7.2558941e-02   1.1308961e-01   2.6044728e-02  -5.5167370e-01  -3.8375811e-01  -2.5235779e-02   4.8264329e-01  -1.8728996e-01   1.9653228e-02   8.4099253e-01  -4.7431681e-01  -4.1858574e-01  -4.1478645e-01  -1.6253582e-01  -1.0678904e-01  -7.8947137e-02   6.0084121e-01  -3.0425775e-01   2.6871726e-01  -3.3702307e-01  -2.9526565e-01  -1.3765825e-01   8.0002384e-02  -2.6400977e-01  -3.5825269e-01   7.4083545e-01   2.2113187e-01   2.8774490e-01   5.5845649e-02   4.0344541e-01   1.1504418e-01   3.6383117e-01   6.5729876e-02  -3.2865820e-01   1.5110095e-01   2.2091723e-01   5.7715288e-01  -3.7347488e-01   3.9939366e-01   4.8132648e-01  -2.6161833e-01  -4.1678137e-03   1.5105110e-01   3.2528683e-01  -1.2334000e-01  -3.4232421e-01  -1.2096829e-01  -4.2602185e-01  -1.6204300e-01  -2.9239606e-01   4.5156160e-01  -1.5755544e-02   3.0532407e-01  -1.7554073e-01  -1.1792518e-02  -9.0626913e-02   1.7060650e-02  -9.8404268e-02   3.5578419e-01  -1.0726974e-01   2.0145668e-01  -2.1853609e-01  -2.9588361e-02  -2.7997952e-01  -7.1392604e-02  -1.4534616e-01   3.6236277e-01  -1.4145002e-01   6.5149647e-01   1.5087242e-01  -3.2036150e-01  -1.1260142e-01  -6.2956978e-02  -6.0473790e-02  -7.4899880e-02  -1.3092027e-02   1.8345268e-01  -2.5097155e-01   3.4060920e-01  -2.5578924e-01   6.2315781e-01   4.9693687e-01   1.8645128e-01  -6.7552759e-02   2.9640855e-01   7.2335148e-01  -1.5548353e-01  -4.5177833e-02   4.0947385e-01  -3.9612985e-01  -3.4614492e-01  -3.2479073e-01  -2.5613702e-01  -1.5802300e-01  -4.5485132e-01  -2.2913666e-02   2.2441144e-01  -1.5985703e-01  -1.4051272e-01   3.3897835e-01   4.0821193e-02  -3.7236424e-01   6.7634034e-02  -3.2249826e-01  -3.3049910e-01   4.5189181e-01  -1.8206867e-01   1.6106878e-01  -1.6206491e-01  -3.2528424e-01   1.5384338e-01   7.6693556e-01   7.5280837e-02   3.7569011e-01  -1.4515128e-02  -2.3823088e-01   3.2018596e-01  -1.6658359e-02  -2.2233745e-01  -1.2967822e-01   2.3560992e-01   4.2274934e-02  -1.5253607e-01  -3.9645151e-01  -5.3311260e-03  -2.1905960e-01  -1.0788070e-01  -2.8033611e-01  -1.1541563e-01  -8.3250967e-02  -2.5891552e-01   3.5984941e-02  -1.1913639e-01  -1.9827797e-01  -5.0448392e-01  -3.5445343e-01   1.5216546e-01   4.1905570e-01  -7.4416489e-02  -2.9408009e-01  -2.4400756e-01  -1.3435977e-01   2.0519656e-01   1.9160016e-01   3.2820660e-01  -1.4334193e-03   2.4939050e-01  -1.1086491e-01   5.2427357e-01  -3.0570838e-01  -5.4311126e-02   2.0573162e-02  -3.4257328e-01   1.6119022e-02  -2.6023042e-01   4.8845528e-01   6.4033044e-02  -6.2014185e-02   1.6099381e-03   6.7552292e-01   4.8461718e-01   4.2349595e-01   5.9603855e-02   3.0071595e-01  -1.3018129e-01   3.4006925e-01  -1.0289687e-01
  -9.8428404e-02  -2.6756159e-01   3.4038359e-01   1.7991783e-01   1.2228529e-01   0.0000000e+00   2.5016534e-01   3.6728677e-02  -2.2289375e-01   5.8664011e-02   1.0524225e-01   5.7562435e-02   1.8565154e-01   2.2466440e-01   2.6108497e-02   2.5382100e-01   6.0711827e-02   1.8966055e-01   3.7015471e-01   2.6646338e-01   8.4731663e-02   6.2655638e-02   3.7506457e-01   4.8440200e-02  -1.7765970e-01   3.9090905e-02   3.3281828e-01   1.4880824e-01  -3.0743098e-01   3.8083148e-01  -2.6455785e-01   7.5577957e-02   1.4098509e-01  -2.1497022e-01   1.7600209e-01   4.0119391e-01   1.9934984e-01   6.9921628e-03   2.8556917e-02   3.9590487e-01   4.0677229e-02   2.2743836e-01  -3.2352873e-02   1.3172421e-01  -6.2581590e-02   5.4526238e-01   4.7790885e-01   1.3406771e-01   1.7474904e-01  -4.1262719e-02   3.2177997e-01   7.0733195e-02  -3.1899764e-01  -4.3808439e-03   1.4112128e-01   3.1389238e-01   3.1375370e-01   2.6907499e-01  -3.1989668e-02   3.4218694e-01   1.7971695e-01   1.7798300e-01  -4.1560978e-01  -4.6655254e-01  -5.7796251e-01   2.9345504e-01   6.1135896e-01  -9.1893908e-02   2.7964713e-01   6.9002843e-01  -1.9205920e-01   3.1399693e-01  -3.0027278e-01   1.3638614e-01  -4.2363541e-01  -2.2828851e-01   1.5606139e-02   2.5805743e-01  -2.4699277e-01  -1.6471430e-01   3.3198490e-01  -1.4954781e-01  -4.3067034e-01   1.0813888e-01  -2.1571558e-01  -7.4307192e-02  -4.5610263e-01  -5.9564120e-02  -2.5364745e-01  -4.1294250e-02  -3.6444411e-01   1.0715376e-01   5.3201781e-02  -3.1299452e-02  -1.5782430e-01   1.0887384e-01   7.4719331e-02   3.3196746e-01   5.9403149e-02   1.4290720e-01  -1.5727701e-02   7.1451602e-02   2.2882393e-01  -1.7134897e-01   1.2598427e-01   3.2820004e-02  -4.2532926e-02   3.9694424e-01  -1.8806213e-01   4.4356266e-01  -9.8328891e-02   2.5949136e-01   3.9211912e-02  -1.9126990e-01   1.4103677e-01  -4.2359554e-01   2.4583636e-01  -3.2615176e-02   3.1722781e-01   1.7609780e-01  -6.3833266e-02   1.5566307e-01  -2.5271504e-01  -4.5985171e-01  -2.8131474e-02   4.9346533e-01  -2.0488195e-01  -1.4349143e-01  -1.8655694e-01   3.7914126e-01  -8.6164302e-02  -3.8292333e-01   3.0311271e-01  -1.2404878e-02  -1.1365748e-01  -1.4830581e-01  -1.9224893e-01   8.9021292e-02  -3.3745404e-02  -7.4091092e-02   3.9008510e-02   7.4154308e-02   5.3478850e-02   4.6327349e-01   1.9413673e-01   1.4185972e-02   3.5779365e-03  -5.5787005e-02   4.9737996e-01  -5.4292046e-01   1.7566306e-01   1.5285273e-01  -1.3853776e-01  -2.6141052e-01   2.1890521e-01   9.4940006e-02   4.3403338e-02   1.4174446e-02   9.0597551e-03   2.9530039e-01   6.7175125e-02  -2.3840387e-01  -2.8900247e-01   5.2429193e-02   6.2506974e-02  -1.2172543e-01   1.3870992e-01   1.6957182e-01   9.1376111e-02  -1.5958519e-01  -2.2244944e-01  -2.3258672e-02  -8.5700723e-02   4.8092941e-01  -2.1054892e-01  -1.7310525e-01   3.3462918e-04
   1.5644087e-01   1.9695189e-01  -3.8071703e-02  -3.1286079e-03  -3.1721852e-01   2.5016534e-01   0.0000000e+00   6.5221551e-02   4.9175183e-02   4.4188115e-01  -9.5882095e-02   4.0578491e-01  -1.1206504e-01  -9.6608030e-03   1.0121329e-01  -6.4383403e-02  -3.2091863e-01  -5.2524066e-02   4.3627612e-02  -1.9173813e-01   1.8898473e-01   7.9841703e-02   3.5883854e-01  -2.7102175e-02  -1.5169391e-02  -7.8545000e-02  -2.2237460e-01   3.3103541e-02  -2.3087329e-01   2.5385475e-01  -3.2566956e-01  -4.4239411e-02  -1.2400468e-01   3.2065477e-01   2.4955576e-01  -1.2054553e-01  -1.6838956e-01  -2.0867384e-01  -1.2943968e-01   3.8452095e-02  -2.4125090e-01  -2.9618971e-02   3.0903755e-01  -1.4986442e-01   2.5731801e-01  -1.2068056e-02  -1.9897635e-01   4.2349169e-01  -5.1789597e-01  -2.8547874e-01   4.0393603e-02  -3.9721605e-02   1.6949822e-01  -5.6506426e-02  -1.3645640e-01  -5.0417337e-02  -8.7283832e-02   8.2535181e-02  -2.3854810e-01   2.8073158e-01  -4.1792996e-01  -1.7786723e-01  -1.6500239e-01  -3.8090769e-02  -7.4206466e-02   3.4463699e-01  -1.7694629e-02   1.3040684e-01  -3.7092135e-01   1.1869427e-01  -2.7868503e-03   3.0873336e-01  -2.5838802e-01   6.5287588e-02  -2.1162647e-01   3.7051098e-02  -2.4386940e-01  -1.4660212e-01  -1.6238397e-01  -3.7136135e-01   3.5275815e-01  -1.2550434e-01  -1.9579876e-02   4.4632521e-02  -2.7372237e-01  -1.5391071e-01   1.2354980e-02  -1.7239193e-01  -3.2514783e-01  -1.0042965e-01  -3.0483310e-01  -3.7963682e-01   4.1272038e-01   1.0404193e-01  -2.7967177e-01  -3.3267250e-01  -1.7165727e-02  -6.2545697e-02  -1.0787149e-01   7.4941765e-01  -1.6637858e-02   2.4188529e-01   7.5284626e-02   1.5923091e-01   1.3035450e-01  -1.9099899e-02  -2.3538352e-01  -9.6668919e-02  -6.7607232e-02  -3.4691532e-04   2.8796199e-01   4.6275805e-02   9.5016197e-02   3.9771699e-02   1.2717481e-01  -7.6403974e-02  -2.3866467e-01  -1.8567754e-01  -1.4283603e-01   5.7665797e-02  -6.6342162e-02  -3.1531884e-02   1.3865874e-02  -3.2013079e-01  -1.1095416e-01   6.7292455e-02   6.5200974e-02  -3.2327762e-02   6.5170660e-02  -7.2082184e-02  -1.6268255e-01   3.1101900e-02   1.3018918e-01  -2.6009102e-01   6.4207786e-02   9.5508732e-02  -1.4097387e-01  -3.6959626e-02   1.4483599e-01  -8.8785427e-02   2.6500602e-01  -1.5617774e-01  -1.2871207e-01  -4.2437762e-02   1.5211769e-01  -3.0938796e-02   4.0560925e-01  -1.3114022e-01   2.4271032e-01  -3.4698711e-02  -1.1240161e-01   1.4003793e-01  -9.2974258e-02   4.9903841e-02   1.0608045e-01  -4.4663008e-02  -6.9802482e-02  -2.9329279e-01  -3.6217758e-01   3.5299024e-01   2.2228945e-01  -1.7137023e-01   3.7904763e-02   1.4027043e-02   3.9351066e-02   2.8897714e-03   4.1650803e-01  -1.7722719e-02   7.7669519e-03  -2.0214855e-01  -1.3466121e-01  -2.8887612e-01  -7.7885900e-02  -8.7643322e-02  -5.0285163e-02  -2.0211145e-01   3.1078932e-02
  -3.1602791e-01  -1.0727466e-01  -3.3008867e-02  -3.8876761e-02  -1.9127367e-01   3.6728677e-02   6.5221551e-02   0.0000000e+00   1.9330422e-02  -1.7603602e-02   1.5527031e-02  -1.5275996e-01   1.0373588e-01  -4.6967968e-02  -1.0236221e-01   3.5099134e-01  -6.4793999e-02  -1.9216006e-01   1.4689239e-01  -5.4543191e-02  -1.3282478e-01   1.8724933e-01  -3.2946392e-02  -5.4259480e-02  -8.5938767e-02   1.9893417e-01  -1.4540298e-01   1.3978888e-01  -1.4864932e-01   1.3210856e-01   8.7117235e-02   7.1795421e-02   2.8731371e-01  -2.0461325e-01  -2.7330145e-01  -1.2962161e-01  -1.9242982e-01   1.2010176e-01   2.4440118e-01   1.6551501e-01   9.6008238e-03   1.2808633e-01  -7.2719247e-02   1.1321105e-01  -1.8684625e-01   1.8949463e-02  -4.4171921e-02  -1.6171130e-02  -1.9435731e-01   7.1427112e-02  -9.5730707e-02   2.5858408e-01  -8.0064847e-02  -1.9468165e-01  -6.9079131e-03  -1.5939876e-01   1.3565638e-01   1.1667806e-01   2.3406423e-01   8.6935391e-03  -4.9714087e-02  -1.7176657e-01   6.3020626e-02   2.0429081e-01  -9.3376824e-02  -1.9188243e-02   2.4346018e-01  -1.9524450e-01  -1.7462312e-01  -3.6940647e-03  -5.0843646e-02  -1.3007147e-01   8.7802186e-02  -2.5659313e-01   1.1095058e-02   1.2523895e-01  -1.2699681e-01  -1.8822331e-01  -9.7618160e-02  -3.2793549e-02   2.0724344e-01   7.7459874e-02   5.6879828e-02   4.9215881e-01  -7.2104207e-02   1.9913172e-01   7.7973779e-02  -7.4596113e-02  -2.2268335e-01  -1.7797992e-01  -1.1001585e-01  -1.4688155e-01  -8.4442241e-02  -3.7733897e-01  -2.1436639e-02  -1.6258216e-01  -1.5351158e-01   3.4167056e-01  -3.0671692e-01   2.8840925e-03   2.8157646e-02  -1.5112798e-02   5.5866228e-02   5.2452970e-02   1.6761896e-01  -4.1992029e-02  -2.6294222e-01   3.3481775e-01  -1.9610429e-01  -1.7908740e-02  -1.0945221e-01   3.7787809e-02  -2.1062732e-01  -1.8249104e-01  -3.7586546e-02  -4.4043387e-02  -8.0370012e-02  -2.3501721e-01   1.2773319e-01   3.8121590e-02   2.0911277e-01  -9.1657217e-02  -1.7977916e-01   4.1193376e-02   1.9473890e-01  -5.7109870e-02  -1.8686853e-01  -2.4904980e-01   1.5267845e-01  -9.2161640e-02   3.1113508e-01  -4.6192279e-02  -1.6371629e-01  -9.3800599e-03  -2.5311866e-02   5.3397984e-01  -6.2107776e-02   1.7810277e-01   4.7940192e-01   1.9113016e-02   7.4919493e-02   1.8349521e-03   8.9519020e-02   7.7788467e-03   6.7406077e-02   5.0621980e-03  -1.4431228e-02   2.6220456e-02   3.7186466e-02  -2.1492376e-01  -2.1801138e-02   1.1481704e-01   1.5358764e-01  -6.4751553e-03  -1.1914807e-03  -1.9492730e-01   9.4321263e-02   1.0865799e-01  -1.4181196e-01   1.1282993e-02  -2.1914043e-01  -1.6643691e-01  -1.6918392e-01  -5.0252553e-02   2.2113480e-01  -8.4456029e-02  -5.5027246e-02   4.7687579e-01   1.4813641e-01  -8.4973357e-02  -1.3599055e-01   1.6773187e-01  -2.7841075e-01   2.9840808e-01  -3.2951018e-01  -1.0227137e-01   7.9133208e-02
  -1.1011190e-01   7.0922387e-01   1.5754944e-01  -9.4364801e-02   2.7875175e-01  -2.2289375e-01   4.9175183e-02   1.9330422e-02   0.0000000e+00   9.2071243e-03  -7.3508429e-02   3.3486531e-01  -2.1882184e-01  -5.9166551e-01  -4.4877210e-01   9.4153832e-02   2.7436167e-01  -2.9993735e-01  -5.5916848e-02   3.3158459e-01  -3.1788860e-01  -2.1115885e-01  -4.0940291e-01  -2.1254939e-01   3.6928264e-01   1.6426269e-01   1.2106449e-01  -3.9690613e-01   1.5142205e-01  -3.3607330e-01  -2.7784610e-01  -1.2270794e-02   2.7238018e-01   3.9206035e-02  -1.9141648e-01   2.2621671e-01  -6.1350980e-02   8.0636988e-02   2.6970064e-01   1.3993421e-01  -1.8425424e-01   1.6443131e-01   3.6546627e-01  -3.3719307e-01   2.4608478e-01  -1.1040397e-01  -5.8746147e-02  -3.0855095e-01  -9.0136939e-02   2.5564898e-01  -3.3313582e-01  -1.0351849e-01   4.0238711e-01   6.1559935e-02  -2.6754733e-01  -5.2592022e-01  -1.5194062e-01  -2.5739270e-01  -2.0698292e-01  -1.8734347e-01   3.2284888e-02  -3.0699874e-01   6.7057856e-01   3.1320661e-01   6.3912459e-01  -1.4968487e-01  -2.0764865e-01   3.0544245e-01  -2.2620101e-01  -3.8531542e-01   3.1349817e-01  -5.4659326e-02   1.6876198e-01  -4.9842623e-01   1.5833692e-01  -7.8632892e-02   1.4143901e-01  -5.1509398e-01   5.9235210e-01   1.5734611e-01  -3.3731582e-01   2.9111901e-02   2.7892254e-01   9.6864183e-02  -1.3245187e-01  -2.4751812e-01   7.5079595e-01  -3.4773342e-01   3.8135447e-01  -3.4075144e-01   5.1673808e-01   1.4662850e-01   2.3378907e-01   1.0479945e-01   3.4856266e-01   1.2244458e-01  -2.2130536e-01  -7.2534190e-02   1.1273124e-02  -4.3456990e-02  -3.9463836e-01  -3.1889122e-01  -5.3797771e-01   3.4273940e-01  -3.4447588e-01  -2.2304569e-02   1.0351550e-01  -1.6763258e-01   1.1464732e-01  -1.3884239e-01   2.1670632e-01  -5.1688914e-01   2.8917680e-01  -4.4501690e-01  -4.3662868e-01   7.3888470e-01  -3.4671547e-01  -1.1761085e-01  -2.3631321e-01  -9.6696659e-02   1.8735997e-01   2.9138559e-01   4.0308901e-01   5.7732379e-01  -5.3835657e-02  -5.3934814e-01   2.7753099e-01   1.1630745e-01   1.8320462e-01  -3.4408695e-01   2.6515240e-01   3.3642046e-01  -2.2658180e-01  -5.0395775e-01   3.7755663e-01  -1.3276585e-01  -7.5672983e-02  -4.8513076e-01   2.5356406e-02  -1.3877323e-02   1.2400121e-02  -2.7743054e-01   1.0930788e-01  -3.9753745e-01  -6.0308521e-01  -3.1449893e-01   3.3229521e-01   2.2969488e-01  -2.3165596e-01   1.5273540e-01  -4.5540844e-01  -3.7465002e-01   2.7846283e-01   4.9803207e-01   3.9603990e-01  -7.5505831e-02   2.8882213e-01  -3.1758573e-01   1.6124632e-01  -3.7166968e-01   2.7963138e-01   3.3848430e-01  -7.6103470e-02   7.3775374e-02   9.1221075e-02   4.1708395e-01   3.0865094e-01  -1.7306331e-01  -1.8168662e-03   3.2288236e-01   4.3571004e-01   2.6915447e-01   1.1424719e-01  -2.0500373e-02   1.1846441e-01   1.7704501e-01   5.6921394e-02
   6.2605666e-02   1.1373978e-01   3.1609745e-01  -1.2348308e-01  -3.1690263e-01   5.8664011e-02   4.4188115e-01  -1.7603602e-02   9.2071243e-03   0.0000000e+00  -1.2306719e-01   3.8773099e-01  -1.0412786e-01  -1.1724446e-01   2.2993006e-01  -2.0725740e-02  -1.8284631e-02  -6.2350890e-02  -4.1501750e-02  -9.3523250e-02   2.1342307e-02  -1.5008501e-01   2.2875011e-01  -7.9970817e-02   1.1236802e-01  -1.6075157e-01  -8.3284594e-02  -1.3484153e-01   3.8097340e-03   8.8241432e-04  -1.1077102e-01  -1.4974272e-01  -3.1198601e-02   6.0639516e-01   2.3636209e-01  -9.0251565e-02  -1.3937522e-01  -2.0613563e-01   3.0650815e-02   1.0333874e-01  -8.0324420e-02  -1.5621513e-01   1.5928598e-01  -1.0884969e-01   1.6352397e-01   7.7833684e-02  -1.6946974e-01  -5.9157108e-02  -4.2425141e-01   5.1272334e-03   3.0737272e-02  -2.8597388e-01   1.7918309e-01   5.8901283e-02  -2.1186443e-01   2.4426126e-02  -4.7134111e-02   1.1844776e-01  -1.9990970e-01   1.2012484e-01  -2.0898062e-01  -1.8279850e-01   1.6421833e-02   9.4765613e-02  -1.8504687e-02   2.7513707e-01  -2.5181613e-01   3.2787451e-01  -8.1085589e-02   1.7184981e-01   2.0559922e-01   1.5607092e-01  -1.4234344e-02   1.1116849e-01  -8.1387220e-02  -1.3142446e-01  -2.1006790e-01  -1.7233663e-01  -1.3530587e-01  -2.4029501e-01   4.2684702e-02   2.1737654e-01   2.7311677e-02  -1.2887924e-01  -1.1345624e-01  -2.0740422e-01   7.4103933e-02  -1.7666257e-01  -1.8984080e-01  -8.8480986e-02  -2.3964638e-01  -7.8380676e-02   4.5879310e-01   4.6260417e-02  -1.4361039e-01  -1.2835633e-01   5.5102455e-02  -1.2642780e-01  -9.1408912e-02   4.4188224e-01  -1.0836974e-02   3.5309411e-01  -2.2786951e-01   6.8247246e-02  -1.9679226e-02  -1.7740691e-01  -1.3580085e-01  -1.0910692e-02   1.2298435e-01  -1.7379753e-01   3.6494981e-01  -7.1679593e-02   1.3213601e-01   7.5236164e-02   1.2869552e-01  -1.2317679e-01  -1.8463484e-01   8.8900027e-02  -2.3948209e-01   2.1975853e-02  -2.2942148e-01  -2.8176497e-02   1.2053672e-01  -1.2991981e-01  -1.0836528e-01  -1.0109617e-01   4.3503078e-02   2.8345166e-02   4.7115673e-03   4.2667816e-02  -4.7597388e-02  -3.6825106e-02  -9.3672573e-02  -1.5865116e-01   1.7109446e-01  -2.6512065e-01  -1.3354441e-01  -1.7166091e-01   6.4499649e-03  -7.2009901e-03   1.7543725e-01  -1.8653568e-01   5.3862872e-02  -1.0325010e-01   9.8431442e-02  -2.3591200e-01   4.9232818e-01  -2.5631836e-01   1.9265298e-01   3.3171381e-01   1.0336586e-02  -2.7907302e-01  -1.6918461e-01   5.8841682e-02   2.8783742e-01   6.3077333e-02  -1.2144898e-01  -2.3591018e-01  -9.1092662e-02   3.1810926e-02   2.1733199e-01  -2.7309126e-02   2.6308268e-01   8.1450166e-04   1.0994877e-01   5.1050007e-02   9.4101754e-02  -1.6450821e-01  -1.9084183e-01  -3.0300567e-01  -1.4657962e-02  -1.9004478e-01  -8.0122921e-02  -2.0359115e-01   3.5806032e-02  -9.0181757e-02   2.3357641e-02
  -7.7226799e-02  -3.2953130e-01  -2.8307540e-01   3.9250568e-01  -7.2558941e-02   1.0524225e-01  -9.5882095e-02   1.5527031e-02  -7.3508429e-02  -1.2306719e-01   0.0000000e+00  -4.2397317e-01   8.2571493e-02   1.5391708e-01   1.5246822e-01   5.2537195e-02  -2.9310671e-01   5.5951948e-01   2.3901986e-01  -1.3149753e-01   3.4847319e-01   1.9898274e-01   1.2755134e-01   2.3315722e-01  -1.2262297e-01   2.1106733e-02  -1.2956631e-01   5.5077921e-02  -2.3532013e-01   1.6924285e-02   2.1712895e-01   1.8020787e-01   1.6270891e-02  -3.3575237e-01   1.8028379e-01   1.5417565e-01   1.2283999e-01   2.0538395e-01   5.5301644e-02  -2.5152286e-01   1.6081025e-01   1.7921526e-02  -2.9194029e-01   1.7860865e-01  -4.6952994e-03   7.9713747e-02   2.6845299e-01   1.0661091e-01   2.4749264e-01  -3.4724076e-01   4.8301378e-01   2.1140809e-01  -9.8380288e-02  -7.2201412e-02   9.1422145e-02   1.8258694e-01   2.0339505e-02   1.2956291e-01   1.6970615e-01   4.8912139e-02  -1.3189580e-02   2.1850673e-01  -1.6635691e-01   2.8824478e-02   1.6931110e-02   3.6565986e-01   2.3645603e-01   1.0006164e-01   2.4006383e-01   9.1104881e-02  -1.6887054e-01   3.6125573e-01   1.0822353e-01  -5.9576086e-02   6.0713339e-02   1.7551383e-01   5.1165188e-02   2.7240228e-01  -1.6810849e-01  -5.2113208e-02   1.3110225e-01   9.8203350e-02  -1.8221745e-01  -1.6316439e-02  -1.4133785e-01   2.1091011e-01  -1.7142576e-01   2.1473807e-01  -2.0300976e-01   1.2125196e-01  -2.3219567e-01  -1.0833435e-01  -3.5404154e-01   1.5071481e-01   8.3535657e-02  -2.2318353e-01   2.8378152e-02   1.9150839e-01   1.6300879e-01  -3.6173969e-02   9.5802573e-02  -5.0939810e-03   2.1487164e-01   6.3546816e-02   2.8206033e-01   3.8151514e-01  -1.4130406e-01   2.7045954e-01  -2.9812117e-02   3.1712584e-01  -3.2582559e-01   2.6284133e-01   2.0529661e-01   5.9635997e-02   1.0081178e-01  -3.0005930e-01   1.8403726e-01  -8.1524297e-02   1.3716614e-01   2.9745500e-01   2.4005329e-01  -3.0036687e-01  -1.7726879e-01  -1.6734752e-01   3.0893739e-01   1.8992062e-01  -1.0338645e-01  -2.4671729e-02   3.2804573e-01  -7.3880292e-02  -3.8785776e-02   1.0797366e-01  -1.1009891e-01   3.5348400e-01  -1.6612127e-02   2.2988512e-01  -9.7426892e-02   1.3309682e-01   6.7250964e-03   5.1914915e-02   7.9047998e-02  -6.3050750e-03   3.6204120e-01   8.1113441e-02   1.5031365e-01   3.3585123e-01  -4.2878172e-01   2.5451601e-01   4.2639348e-01  -4.4061305e-02   1.1098552e-01   1.1355496e-01   1.6258801e-01   6.6066974e-02  -3.8923676e-01   1.1342030e-01   1.9048118e-01   1.3274685e-01  -1.0668160e-01   1.3818222e-01   1.5159044e-01   4.7210371e-01   1.3606230e-01   3.5954747e-01   2.1911177e-01  -4.2043159e-01   4.7610541e-02   1.4226920e-01   2.0420009e-01  -2.1739948e-01  -2.2264666e-01   3.9149508e-02   4.9826115e-01  -8.7441925e-02  -1.2699070e-01  -9.5980616e-02   1.3167408e-01
  -4.5168119e-03   5.6790903e-01   4.0833406e-01  -2.2698914e-01   1.1308961e-01   5.7562435e-02   4.0578491e-01  -1.5275996e-01   3.3486531e-01   3.8773099e-01  -4.2397317e-01   0.0000000e+00  -1.1156057e-01  -3.9260456e-01  -4.2093595e-01  -7.5534480e-03   2.7694091e-01  -4.0407282e-01  -1.1044310e-01   2.1266454e-01  -3.1269735e-01  -3.5344932e-01  -3.3284768e-01  -3.0002381e-01   2.3011820e-01  -1.1230463e-01   1.3797700e-01  -5.1496380e-01   2.1363925e-01  -1.2721812e-01  -5.6266836e-01  -2.7831101e-01  -6.9310265e-02   3.2253645e-01   1.7534494e-01   5.7588662e-02  -8.7601116e-02  -2.3682784e-01   1.3320482e-01   1.9593262e-01  -1.9654219e-01  -5.1538277e-02   7.4092421e-01  -3.4345935e-01   4.1974008e-01  -2.4411123e-02  -4.9030577e-02  -2.3276215e-01  -1.7955800e-01   2.9935107e-01  -3.0250526e-01  -2.2770881e-01   1.9051747e-01   2.3947961e-01  -1.5069831e-01  -3.4368060e-01  -1.7426301e-01  -2.0434498e-01  -3.3567422e-01   1.7829696e-01  -2.6883279e-02  -1.2461936e-01   2.9993340e-01  -1.7755751e-01   1.3951375e-01   1.7591601e-01  -2.8924345e-01   2.4915703e-01  -1.8772793e-01  -1.2967813e-01  -8.1767070e-03  -7.1572197e-02  -1.0059002e-01  -2.5201043e-02   6.4060093e-02  -6.5955802e-03   4.4205992e-02  -3.7011019e-01   3.8493987e-01   7.8824082e-03  -4.9238006e-01   1.1217335e-01   4.9679049e-02  -1.4658797e-01  -2.0158153e-01  -3.3338998e-01   2.7535336e-01  -5.4183953e-01   1.3865322e-01  -4.0104891e-01   3.5020181e-01   1.2102612e-01   4.7670930e-01   1.9021401e-01  -1.5945108e-01  -6.7457480e-03  -1.9327351e-02  -2.8003695e-01  -2.4199095e-02   6.0316125e-02  -3.7501441e-01   8.7276504e-02  -4.5051895e-01   4.4874413e-02  -3.3025866e-01  -8.6941714e-02   1.7270741e-01  -2.8312086e-01  -4.5938810e-03   4.3805480e-02   4.1849588e-01  -4.5382917e-01   1.6728475e-01  -2.4658074e-01  -4.0304449e-01   3.4234199e-01  -4.6623635e-01   2.0037969e-02  -2.1768797e-01  -2.4961786e-01  -1.6979479e-01   3.4149787e-01   5.4645796e-01   2.2877693e-01  -2.5792832e-01  -2.7845029e-01   5.4541818e-01   2.1364577e-01  -2.2481330e-02  -3.2310125e-02   1.1747656e-01  -4.6771757e-02   1.6954826e-01  -6.1518263e-01   4.1697491e-01  -2.4098213e-01   7.2296856e-02  -5.7157783e-01  -1.3541881e-01  -1.4972349e-01   8.7364285e-02  -1.3595684e-01  -7.7042979e-02  -1.1336185e-01  -2.3831654e-01  -4.7750036e-01   5.3903881e-01   9.8994580e-02  -7.7758841e-02  -4.5478551e-02  -4.9004936e-01  -2.8511522e-01   9.6023425e-03   1.9026447e-01   5.5446276e-01  -1.0330635e-01   1.8152480e-02  -3.6160195e-01   1.1482873e-01  -3.5352025e-01   2.7218833e-01  -7.1822923e-02  -1.2192534e-01  -2.6589530e-02  -6.7171122e-02   6.8726944e-01   4.8880285e-01  -2.4772938e-01   1.3127516e-02   1.4833152e-01   4.7403412e-01  -6.0754923e-02  -1.1258957e-01   5.6843286e-02   2.2165027e-01   8.7455538e-02   4.9136523e-02
  -1.6302213e-01  -2.6137558e-01   9.3311500e-02   1.9310122e-02   2.6044728e-02   1.8565154e-01  -1.1206504e-01   1.0373588e-01  -2.1882184e-01  -1.0412786e-01   8.2571493e-02  -1.1156057e-01   0.0000000e+00   1.5484226e-01   9.9413407e-02   2.6294587e-01   7.2248870e-02   4.6970423e-02   4.6643180e-02   6.7843300e-03   1.6355387e-02   2.2003991e-01   2.3229979e-01   1.1021617e-01  -2.1462681e-01   3.7475829e-02   7.5798437e-03   7.1142594e-02   8.9616279e-02   1.7378561e-01   1.1655136e-01   2.5418161e-03   1.4280456e-01  -3.2808588e-02   7.6090911e-02   1.9205691e-02   9.8501798e-02   2.9541369e-02   1.8315502e-01   1.1718033e-02   6.8393232e-01   1.1742622e-01  -1.7715262e-01  -2.0518359e-02  -1.3270580e-01   7.7285356e-02   1.2578119e-01  -3.8425686e-04   1.6810413e-01   1.0711253e-02   1.1887671e-01   2.8669991e-01  -2.1564641e-01   1.7734092e-03   1.4884027e-01   6.5466351e-02   1.5663726e-01   8.1975882e-02   2.9346958e-01   1.5773289e-01   2.3256454e-01   3.1186228e-01  -2.1757981e-01  -2.3253951e-01  -2.8564971e-01  -8.4203361e-02   2.3259678e-01  -1.7814184e-01   6.4948193e-02   7.0391827e-02  -1.8947218e-01   1.2072678e-02   2.6622285e-01   6.9211369e-02  -8.2668649e-02   2.3444612e-01   6.2167425e-02  -8.0889957e-02  -1.5366606e-01   2.1427020e-01   2.8562612e-02   1.8362520e-01  -8.2812010e-02   9.5516082e-02  -6.4669487e-02   2.2931659e-01  -2.9312241e-01   1.0023799e-02  -4.2362107e-01   7.4225873e-02  -9.1971688e-02   1.8928318e-01  -1.6727707e-01  -9.0650317e-02   6.4439240e-02   4.3377918e-02   2.6702092e-01   1.8404345e-01   1.6114464e-01  -1.4304719e-01  -9.5312957e-02   1.2138783e-01   7.3361096e-02  -2.3679293e-02   1.9511404e-01   2.0659103e-01  -2.5137847e-02   8.0106624e-02  -2.0801296e-02   8.6275284e-02  -1.1317707e-01   1.2462345e-01  -1.5310635e-01  -1.2146064e-02  -8.2974372e-02  -2.3361172e-01   1.6494841e-01   4.7854383e-01   2.6076739e-01   2.1303479e-01   1.0602051e-01  -6.1759131e-02  -1.1352011e-01  -1.5764015e-01   3.5065891e-02   2.2322236e-01  -8.3857265e-02  -1.3187362e-01  -1.0682651e-01   6.5096096e-02   2.4028062e-01  -2.0312136e-01   1.0284415e-01   2.4098334e-01  -3.9840942e-02   1.8475827e-01   8.1729021e-02   6.8092556e-02   1.3834574e-01   3.4956138e-02  -5.8618269e-02   2.7492623e-01  -2.2785613e-02   1.6906731e-01   1.9265531e-01   1.2564394e-01  -2.2917318e-01  -7.5036907e-02   8.4472831e-02  -2.7965308e-01   7.3706320e-02   1.3397848e-01   3.2950458e-02  -1.4679875e-01  -6.8577695e-02   8.0574777e-02   3.4639521e-04   5.0125216e-01  -1.5062258e-02   3.9334736e-02  -7.5447396e-02   1.0072365e-01  -2.7020890e-01  -7.4955003e-02  -5.0658602e-03  -1.2183128e-01  -1.3899296e-01   1.7745563e-01  -1.4216012e-02  -1.0581475e-01  -1.7916069e-01   7.6977314e-02  -1.5034463e-01   1.3945853e-01  -2.2036351e-01   5.3627031e-04   1.7750685e-01
   3.2135908e-01  -6.0130805e-01  -2.9946445e-01   4.1429832e-01  -5.5167370e-01   2.2466440e-01  -9.6608030e-03  -4.6967968e-02  -5.9166551e-01  -1.1724446e-01   1.5391708e-01  -3.9260456e-01   1.5484226e-01   0.0000000e+00   5.3936340e-01  -2.5448124e-02  -3.5124820e-01   3.4262958e-01   3.5496626e-02  -6.1746842e-01   6.0756547e-01   4.9018990e-01   5.7216721e-01   2.9870453e-01  -1.9307449e-01   8.0649439e-03  -3.2268605e-01   5.5347227e-01  -1.5529580e-01   5.1355696e-01   3.7704799e-01   2.9216567e-01  -1.4059774e-01  -6.5864876e-03   3.1361495e-01  -4.5077156e-01   2.7804032e-02  -1.5851781e-01  -1.8249758e-01  -3.5072686e-01   4.9833786e-02  -2.8056913e-01  -4.3119081e-01   5.4868153e-01  -2.5132030e-01  -3.5295553e-02  -2.3836982e-01   5.4758800e-01  -2.3964501e-02  -5.5532544e-01   3.0066416e-01   1.4460186e-01  -3.1227078e-01  -2.7214950e-01   3.9743641e-01   6.6923415e-01   2.9027681e-01   4.4358223e-01   2.1896627e-01   2.6002161e-01  -1.7601082e-01   2.6557673e-01  -7.2566780e-01  -1.4058824e-01  -3.6379483e-01   4.2363986e-03   3.5415973e-01  -8.5939335e-02  -6.0511696e-03   3.8151719e-01  -2.5828816e-01   2.5593464e-01  -1.7256903e-01   4.9281746e-01  -1.4814184e-01   1.8375004e-01  -1.1542545e-01   5.4204381e-01  -7.2174240e-01  -7.1033800e-02   4.5040083e-01  -1.5265599e-01  -9.3450644e-02  -8.9985590e-03   3.1050735e-01   2.2887375e-01  -5.6455789e-01   5.9966447e-01  -3.9962047e-01   4.8810399e-01  -6.6424285e-01  -3.0327597e-01  -4.0142961e-01   2.1591784e-02  -2.7057587e-01  -3.7220346e-01   2.4838135e-01   1.4095940e-01  -1.6735422e-01   1.6207991e-01   5.5317888e-01   2.3742008e-01   6.4635106e-01  -5.0907200e-02   4.1035109e-01   2.0259094e-01  -1.2844226e-01   2.5754697e-01   4.0206957e-02  -8.3419699e-02  -2.4273153e-01   6.2922849e-01  -1.1613151e-01   3.9639003e-01   4.9894346e-01  -6.6206821e-01   5.1215823e-01  -3.2339921e-02   4.0064641e-01   3.4271867e-01  -9.8148101e-02  -6.7029826e-01  -3.6194204e-01  -6.1528747e-01   3.6993962e-02   6.2968199e-01  -4.5569176e-01  -1.7778670e-01  -4.9595904e-02   4.4391611e-01  -3.3847428e-01  -1.9710779e-01   4.4067272e-01   6.7997858e-01  -2.8435450e-01   1.6139426e-01   9.7910863e-02   5.4344075e-01  -1.0850222e-01   1.2743101e-01   1.3171135e-01   1.6595404e-01  -2.1849342e-02   4.8330849e-01   5.9564897e-01   5.3885457e-01  -5.0134168e-01  -3.9197791e-01   2.4840800e-01   5.3612752e-03   5.2023311e-01   4.7102437e-01  -1.8905147e-01  -5.1027553e-01  -4.1916297e-01   6.1154487e-02  -1.9360627e-01   3.2413522e-01  -3.3364909e-01   5.3232984e-01  -9.5098805e-02  -1.0382205e-01   1.1664529e-01   5.3204993e-02   1.1687167e-01  -6.5401899e-01  -2.3378791e-01  -5.9034377e-03   2.9407374e-02  -5.0538461e-01  -5.2697666e-01  -3.9972961e-01   5.3803307e-02  -7.4793056e-02   2.3706676e-02  -3.1502280e-01   1.5286292e-01
