   0.0000000e+00  -4.2256635e-01  -9.0082379e-02   6.9339942e-02   2.7217793e-02  -2.9256198e-01  -1.4037579e-01   2.3154047e-01   1.0121369e-01  -3.5477476e-01   1.2909008e-01  -3.7731862e-01   2.9698274e-01   3.1889207e-01  -6.9133968e-02  -1.3075169e-01  -5.2450241e-02  -8.9346578e-03   2.0700688e-01  -1.8794655e-01  -4.3410079e-01   2.0320892e-02  -3.1168711e-01   4.5726290e-01  -8.4543148e-02   2.4849862e-01  -2.6738368e-01  -7.0814754e-02  -2.3158546e-03  -1.3198058e-01  -1.8720864e-01  -5.5188154e-02  -8.2905548e-02  -2.6036368e-01  -4.1753756e-01  -9.6318819e-02  -2.8152291e-01   1.1995410e-01  -2.0423573e-01  -3.6087772e-01   1.9089394e-01   4.2420313e-02  -2.1728938e-01   4.0710014e-02  -2.9603299e-01   6.2528316e-01   2.0295955e-02  -3.9812127e-01  -1.5523127e-02   1.0062799e-02   3.1302303e-02   3.0625120e-01  -2.5891621e-01  -1.0307965e-01  -8.3833548e-02  -5.5267166e-02   2.6920904e-02  -6.8972332e-02  -1.5847709e-02  -6.1778755e-02   3.6180823e-01  -1.3925830e-01   1.4234156e-01   3.9749536e-02  -1.1579426e-01   5.8118013e-02  -2.2481128e-01  -1.1041283e-01  -5.6213909e-03   1.2031343e-01  -4.1379387e-01  -1.3340345e-01   7.0796323e-02   1.6142602e-01  -4.4769976e-02  -9.2799463e-02   5.3097010e-01   1.1026643e-02  -1.1213516e-02  -7.9992015e-02  -1.4028427e-01   4.6102805e-02  -4.3312352e-01   3.2327487e-02   7.3454931e-02   1.6765089e-01  -2.6070215e-01   8.3559291e-02   1.7123869e-01   6.9917876e-01   1.4141284e-01   2.2850193e-01  -2.2753333e-01   1.5223362e-01   1.8779386e-01  -1.8221380e-01   8.1068839e-02   2.4824660e-01  -5.8363858e-02  -8.1691625e-02  -2.1913643e-01   1.6621254e-01  -2.3509392e-01  -9.2971760e-02   9.0435406e-02   1.3223602e-01  -2.1589398e-01   2.9250025e-01  -2.0589482e-01  -3.3243474e-01  -3.4733220e-01   2.6273140e-03   1.6064640e-02   5.9036297e-01  -2.6986564e-01   1.0609141e-01  -1.0732333e-02   1.1588990e-01  -9.4718880e-02   5.7869780e-03   5.1924008e-01  -2.2229299e-02  -4.2997454e-03  -5.3726902e-02   5.0786896e-01   9.0243810e-02  -3.2318779e-01   2.1825907e-02   1.0715449e-01  -1.4148008e-01   5.1272338e-02  -2.6816115e-01   9.9503346e-02  -3.5826168e-01   1.0722426e-01  -4.0483096e-02   2.1656077e-01  -3.2491126e-01   1.2232754e-01   3.4123030e-01   5.2763868e-01   9.1959108e-02   1.3675958e-01  -1.8328663e-01  -2.6715369e-01  -3.3248296e-01  -3.0483631e-01   3.6597189e-02  -1.3576057e-01  -3.9203288e-01   1.0424630e-01  -2.5591559e-01   4.1017893e-01   1.3383747e-01  -1.1603720e-01   3.3215724e-01   4.8063962e-01   1.5189973e-01   1.4325247e-01  -8.9084837e-02  -1.8299177e-01   1.6766219e-01  -1.3801063e-01  -1.5781553e-03   1.3666583e-01  -2.4640798e-01   7.4480980e-02  -5.4968020e-02   3.8494861e-01  -4.8844315e-01  -1.4285483e-01   2.7096131e-01  -6.9266811e-02  -1.1427401e-01   7.0584663e-03  -1.9797033e-01   8.3273033e-02
  -4.2256635e-01   0.0000000e+00   3.0436453e-01   7.7207650e-02   3.3690921e-02   2.4172542e-01  -1.8782990e-01  -3.1933894e-01  -1.2002994e-01   3.8598327e-02  -2.7746093e-01   5.6227353e-01  -3.2363834e-01   1.7873517e-01  -4.3849901e-02   2.2965032e-01   2.8277349e-01  -2.6609173e-03   1.1176385e-01   1.3798965e-01   2.5241554e-01   2.9128509e-01   3.4164342e-02  -4.9680659e-01   8.6517959e-02  -1.2120274e-02   1.7678993e-01  -4.6193769e-02  -1.5359365e-01   1.9046194e-02  -2.8586138e-02   9.5817013e-02   2.5298136e-01  -1.1881336e-01   3.8185837e-01  -3.0337954e-02   1.7199451e-01  -1.9178684e-01   1.4160250e-02   3.3013813e-01  -2.3234719e-01   1.8681331e-01   1.5293021e-01  -1.2248493e-01   1.0538433e-01  -5.6671591e-01  -1.2963390e-02  -6.5972552e-03  -3.8488693e-02   1.3279552e-01   1.0297441e-02  -2.4548920e-01  -9.7006984e-02   1.9785078e-01   3.8658274e-01   1.7097368e-01   4.3909601e-02   1.9714427e-01  -1.0728773e-01   3.7477148e-01  -1.7847939e-01   7.3411983e-02  -1.5407239e-01  -2.1940228e-01  -4.6928631e-02  -1.9278913e-01   3.1772596e-01   6.6512674e-02   1.2203594e-01  -9.0483917e-03   3.0213188e-01   1.0413368e-01   2.9495529e-04   3.6654176e-01   1.0287566e-01  -6.2133461e-03  -3.9844897e-01   1.5183613e-01   9.3125405e-02   1.1469117e-01   1.1336363e-02  -4.3475506e-02   2.6998857e-01   1.3688997e-01   3.6960729e-01  -2.9563247e-01   2.9236663e-01   2.6087515e-01  -9.3306885e-02  -4.7298759e-01  -1.0213111e-01  -9.4644564e-02  -2.7719283e-05  -1.5788472e-01  -3.2904593e-01   1.1181061e-01   2.2989942e-02  -1.7839801e-01   2.7768516e-01   2.5066970e-01   4.6058609e-01  -2.2901448e-02   3.1463440e-01   4.8251362e-01  -1.9331508e-01  -5.8550334e-03   3.1865979e-01  -1.5039921e-01   6.2609075e-02   2.4399721e-02   1.6306589e-01   2.3197449e-01   1.3209878e-01  -2.6219228e-01   2.0749286e-01   8.3347122e-03   3.3692081e-02  -2.6244360e-02   4.1017588e-01   7.4031663e-02  -4.7775758e-01   1.3397911e-01   1.1266869e-01  -1.1652305e-01  -3.8814428e-01   4.1555925e-01   2.0583719e-01   3.6469547e-02  -1.7942334e-01   3.4592262e-01   5.6242623e-02  -1.4918163e-01   4.8753125e-01   2.6218055e-01  -9.4578632e-02   1.7392602e-02   4.9418367e-02   2.9637130e-01  -2.0064201e-01  -5.1866466e-01  -3.6284851e-01  -6.6133009e-02  -3.6222644e-02   4.0937663e-01  -4.3765561e-02   2.4169129e-01   1.2193034e-01  -2.0330475e-01   1.8826968e-02   1.8809783e-02   2.0150093e-02   1.9363350e-01  -1.9219391e-01  -2.2797664e-01   2.2728138e-01  -3.8908882e-01  -3.8189240e-01  -1.7209358e-01   1.1268144e-01  -4.8764307e-02   1.2290503e-01  -5.8399394e-02  -1.9136217e-01  -1.2269262e-01   1.5848433e-01   1.1508887e-01  -2.7584073e-01   2.9917233e-01  -2.2102268e-01   1.8764647e-01   2.7847974e-02  -3.3777697e-01   1.0466991e-01   4.4299137e-01  -2.2947301e-02   1.0391484e-01  -5.1917006e-02
  -9.0082379e-02   3.0436453e-01   0.0000000e+00  -2.1010453e-01   3.4971576e-01  -1.8688975e-01  -1.4186219e-01   3.0896596e-02  -1.1446678e-01  -6.5296222e-02  -4.2310410e-01   3.8159673e-01  -6.0148963e-02   7.3210805e-02  -2.3405438e-01   5.8543448e-02   8.6490420e-01  -6.1374850e-01   1.4995443e-01   3.3647662e-01  -5.3323651e-01  -7.4359942e-02  -5.0581944e-01   1.5724022e-03   2.9854274e-01  -4.4036436e-02   1.3365056e-01  -1.0853886e-01   2.3359602e-02  -3.3172216e-01  -2.7903665e-01  -3.9885913e-02   4.9498882e-01  -1.3152596e-01   3.0381176e-01  -4.1487637e-01  -3.1334281e-01  -2.8486720e-02  -9.3880537e-03   3.3308554e-01  -2.1725693e-01   4.2453315e-01  -1.6990405e-01  -1.3785672e-01  -4.7500320e-01   2.4490453e-02  -4.3814417e-01  -3.2292855e-01  -5.5319313e-02   6.8993410e-01  -5.4140747e-01  -5.8574095e-02  -1.8173580e-01   5.5347009e-01   1.2903921e-01  -2.1374248e-01  -2.6666844e-01  -2.1028871e-01  -2.9685987e-01   5.1336171e-02   2.4467134e-01  -1.9752964e-01   2.1868954e-01  -3.2360793e-01  -4.5261912e-01  -6.9645262e-01  -6.5937090e-02   3.5606615e-03  -7.6769231e-02   3.6719821e-02   4.6986980e-01  -4.7435280e-01  -2.5368505e-01   7.6382314e-02   5.1909213e-01  -1.3220089e-01   2.6127052e-01  -6.0573427e-02   1.6984026e-01   3.6571197e-01  -1.6492304e-01  -9.3239659e-02  -1.7229471e-01   3.1914811e-02   4.2404035e-01  -1.9990801e-01   1.7171381e-01   1.6551694e-01   5.4923451e-01  -3.8438492e-02   1.4088559e-01   5.3977213e-01   1.8641852e-01  -1.0944915e-01   7.0621106e-02   4.3965161e-01   2.0295945e-01   3.1283342e-02   1.8787589e-02  -1.1298533e-01   5.9552511e-01  -2.9181457e-02  -3.6380999e-01  -2.4277702e-01  -4.0310117e-01   3.2039260e-02   4.9495824e-01  -1.0453118e-01   6.6468479e-02  -4.9866110e-01   1.6086345e-02  -2.8632276e-01   2.9110121e-02   2.5829976e-01   4.7491068e-01   3.7467987e-01  -2.2599169e-02  -6.7610310e-02   2.8003732e-01  -2.0075645e-01  -9.5967792e-02   6.5380868e-01   5.6244504e-01  -3.8273348e-01   6.8508165e-02  -1.6432663e-02   3.3249580e-02   3.5927095e-01  -2.0418299e-01   6.5375907e-01  -1.1346984e-01  -5.1247049e-01   2.5303101e-01   7.0115610e-04  -1.9695823e-01   5.2985242e-02   3.6073854e-01  -8.6590494e-02   3.2099029e-02  -1.1307440e-02   1.0214644e-01  -2.3758605e-02  -1.9118951e-01   4.3997687e-01  -2.5418644e-01  -2.6873944e-01   3.7495225e-01  -6.1978697e-01  -5.1722888e-01  -4.0699643e-01   5.1858001e-01  -6.9927769e-03   3.5515140e-01  -2.6128226e-01   7.0614104e-01  -1.8274566e-01  -6.2251345e-02  -1.6922036e-01   5.9666399e-01  -5.4086457e-01   2.0660099e-01  -2.6623808e-01  -5.8018991e-01  -4.6167577e-01   8.1654402e-02  -7.8302009e-02  -4.9546635e-01  -7.2628064e-02   2.5068268e-02   2.2028195e-01   2.4650328e-01  -6.9631265e-02  -5.1486143e-01  -3.4471120e-02   3.4598602e-01   1.9232929e-01  -1.3024233e-01
   6.9339942e-02   7.7207650e-02  -2.1010453e-01   0.0000000e+00  -1.6808453e-01   2.1555137e-01  -8.3157633e-02   1.1902902e-01   3.9979469e-02  -2.1360390e-02   2.6086571e-01  -1.2119598e-01   1.0363815e-01   2.8985608e-01   1.9004618e-01   2.8931869e-01  -2.8128869e-01   4.6959651e-01   2.2691700e-01  -1.7352070e-01   1.5740056e-01   5.2177789e-01   2.8714643e-01  -2.4962056e-01  -1.4640779e-01   2.7738307e-01  -9.5054649e-02   2.6773590e-01  -2.1615153e-01   1.0319469e-01  -7.0681244e-02   3.6914036e-01  -9.1415969e-02   1.0202146e-02  -1.1674689e-01   1.3547515e-01   1.5070500e-01  -4.0343899e-01   7.4636715e-02  -2.1656583e-01   1.8752363e-01   7.1201949e-02   5.7338836e-03   2.9265291e-01   1.5660633e-01  -1.5004300e-01   3.3656871e-01  -4.0383863e-02  -1.5315324e-01  -2.7260574e-01   4.3798207e-01   2.0996659e-01  -1.7572666e-01  -5.0390284e-02   3.5298494e-01   4.6181964e-01   2.0398456e-01   5.1076438e-01   3.9614900e-01   2.1759634e-01  -1.4725824e-01   1.4899524e-02  -2.2344079e-01  -5.4380055e-02   4.0681751e-02   2.3762052e-01   2.8771917e-01   6.0489458e-02   3.6727595e-01   6.9687181e-02  -3.6503785e-01   5.8831904e-01   1.4241219e-01   3.2641616e-01  -1.7046406e-01   1.2156056e-01  -1.9736843e-01   3.3342695e-01  -1.4644518e-01  -1.3639064e-01   4.3221992e-01   2.3099591e-01   1.2928586e-01   4.1314739e-01  -4.2619884e-02  -9.3401155e-02  -2.1120310e-01   2.4071665e-01  -3.1055999e-01  -1.5030215e-01  -2.6100350e-01   1.0886116e-02  -2.1298418e-01   1.1602656e-01  -3.5004464e-01  -2.2405988e-01  -6.1277438e-02   1.6283245e-01   1.5401264e-01   1.3811251e-01  -1.6594494e-01   2.8117125e-01   4.1991299e-01   4.2072849e-01   4.2798846e-01   4.6695873e-01  -1.8239835e-01   3.6778667e-01  -1.2675943e-01   9.3315259e-02  -5.1175296e-03   4.7901533e-01   1.0469902e-01  -2.0169025e-01  -3.3751391e-02  -3.2981434e-01   3.7310769e-01   5.3996626e-02   1.4745915e-01   5.5681025e-01  -1.2100505e-01  -3.0792987e-01  -2.4890689e-01  -8.8682793e-02  -2.0943381e-01   4.7548732e-01   1.5226076e-01  -2.7008730e-01   5.3538904e-01  -2.1173688e-01   2.0079039e-01   7.5734859e-02   3.9765577e-01  -2.5961957e-01   1.4157181e-01   9.7018911e-02  -9.2509861e-02   1.4615754e-01   2.3300277e-01  -2.3726486e-01  -1.0651874e-01  -1.2904222e-01   2.8970728e-01  -2.1085955e-02   1.4514358e-01   3.1889978e-01  -2.5108591e-01   1.9767621e-01   1.5061680e-01   2.6784567e-02  -2.6760343e-01   4.0014538e-01  -7.9988629e-02  -6.7985410e-02  -3.3866149e-01  -3.3515129e-01   1.1547534e-02   3.8437509e-01   1.2891036e-02   5.0631311e-01  -1.9740784e-02   3.0448358e-01  -4.4598877e-02   3.9153340e-01   4.8511918e-01  -7.9620684e-02   1.8005725e-01   3.5700290e-01   1.2177501e-01  -3.0158883e-01  -2.5630362e-01  -3.1470615e-01   5.0040349e-01   1.9875325e-01  -1.4416918e-01  -1.0277578e-01   4.1203980e-01
   2.7217793e-02   3.3690921e-02   3.4971576e-01  -1.6808453e-01   0.0000000e+00  -1.8344153e-01   3.9556947e-02   1.5496627e-01   2.5709753e-01  -1.4977882e-01  -2.0872476e-01  -7.2251660e-02   1.2720686e-02  -1.2672817e-01  -3.0592191e-01  -1.1261398e-01   3.4252385e-01  -2.8915060e-01   9.1693025e-02   6.7169184e-01  -3.4574155e-01  -2.5234582e-01  -4.5175228e-01   6.7701674e-02   3.0671189e-01  -3.5389967e-03   3.4496021e-01  -3.5838676e-01   1.6396152e-01  -9.9465792e-03  -6.9294588e-02  -1.3972593e-01   1.6484673e-01  -1.3582597e-01   6.1680471e-02   3.8704750e-01  -1.3423968e-01  -9.0744237e-02   1.9391465e-01   9.0750437e-02   1.5484400e-01   1.7558947e-01   3.0132803e-02   4.6605224e-02  -4.2197590e-02   1.5062293e-03  -1.5677290e-01   1.2650936e-02   4.5943376e-01   4.0493635e-01  -4.0759323e-01   1.6284264e-01   2.6596345e-01   2.2572289e-01  -2.9251494e-01  -2.6597970e-01  -2.7078821e-01  -3.9122240e-01  -1.2839112e-01  -1.6998098e-01   1.3439780e-01   1.6087054e-01   4.6698770e-01   3.4134626e-02   2.5147550e-01  -1.4676827e-01  -7.9184277e-02   2.7999701e-01   2.2554051e-02  -3.0146968e-01   3.1295928e-01  -1.7913421e-01   9.6102265e-02  -1.3647742e-01   1.7079659e-01  -3.0713952e-01   2.5321539e-01  -1.6987754e-03   6.6840358e-01   2.8309457e-01  -4.8210194e-01   5.7903122e-02  -3.1197759e-01  -1.0899347e-01   1.5207143e-02  -2.5664311e-01   4.7747069e-02  -1.2276662e-01   4.6438938e-01   1.0558671e-01   7.8431505e-01   1.7393258e-01   3.4120119e-01   3.8350090e-02   3.6073447e-02   4.8203485e-01   3.4870803e-01   2.1979135e-01   3.9109307e-01   2.6446054e-01   1.7972383e-03  -6.9191744e-03  -3.0757656e-01  -3.3787365e-01  -2.7476353e-01  -4.6888075e-02   1.9414652e-01   1.1703496e-01   2.6770811e-01  -3.6037102e-01  -2.2179087e-01  -3.9700460e-01   2.4492861e-01   1.6014203e-02  -1.2614603e-01   8.0263860e-01  -1.0974716e-02   1.5382398e-01  -2.6259945e-01  -1.4559919e-01  -4.8952409e-02   7.5483167e-01   4.0304286e-01   2.2104880e-01   1.1494071e-01  -2.4782555e-01  -1.2735758e-01   3.8022276e-01  -1.5111765e-01   1.9520374e-01   1.8918062e-01   1.0934356e-01  -9.8550442e-03   7.8866411e-02  -2.9129023e-02  -7.5300245e-02   2.9293203e-01  -3.6797975e-01  -3.9400120e-02  -8.9067075e-02   1.4895674e-01   6.5412931e-03  -2.8150088e-01  -1.7628873e-01  -4.2080604e-01  -3.6892922e-01   2.6775006e-02  -6.3045184e-02  -3.0341348e-01  -7.0442643e-03   5.9892078e-02  -1.7290185e-01   1.6459418e-01   3.2701091e-01   5.0561273e-01  -8.5047173e-02  -8.8517854e-02  -8.9043209e-02   2.7649219e-01  -4.8772872e-01   2.1213026e-01  -2.8523239e-01  -1.2474863e-01  -3.6735265e-01  -1.3873948e-02   4.1408364e-01  -1.4025807e-01  -9.1488569e-02   7.3938984e-02   3.9214998e-01   5.7282301e-01  -9.2902148e-02  -2.3439978e-01  -1.5716836e-01   1.7663580e-01   1.4969118e-01  -7.8804563e-02
  -2.9256198e-01   2.4172542e-01  -1.8688975e-01   2.1555137e-01  -1.8344153e-01   0.0000000e+00   3.1019926e-01  -1.9290599e-02  -1.6836351e-01   2.8300389e-01   1.9581642e-01   3.4165891e-01  -2.3023884e-02  -1.0083040e-01   4.1358823e-02   4.0428015e-01  -2.2477810e-01   2.9844546e-01  -4.2198783e-02   1.8976383e-01   3.2575021e-01   7.7726133e-02   4.0916210e-01  -3.0559641e-01  -1.1965262e-01  -8.8725604e-02   4.7624800e-01   3.1149291e-01   1.0280583e-02   4.4856754e-03  -1.5685319e-01  -2.0087847e-01   1.0597389e-02   3.3584627e-01   3.8256366e-02   3.5932509e-01   1.8285163e-01  -3.4461902e-01   1.1062845e-01   3.8551575e-01   1.7022758e-01   7.3281354e-02   2.8567386e-01   1.9524143e-01   3.1022713e-01  -4.6393133e-01   5.6116544e-01   2.8160352e-01  -1.6168185e-01  -2.0760534e-01   3.8049314e-01  -9.3268825e-02  -6.9297533e-02   5.9193263e-02   1.2064627e-01   2.7188113e-01   6.5853045e-01   1.2445265e-01   1.3515463e-01   8.3322680e-02  -2.5386371e-01   3.2000765e-01  -4.0289113e-01  -1.7484795e-01   2.3310992e-02   4.0892590e-01   7.4588538e-01  -1.3809302e-01   3.0937560e-01   3.2713046e-01   1.7649415e-02   3.7009234e-01   2.4322305e-01   3.7941726e-02  -1.6250057e-01  -1.5371313e-01  -4.0730161e-01   9.1544051e-02  -2.9756982e-01  -1.8424665e-01   4.2495509e-01   1.3694067e-01   4.7739409e-01   2.6362339e-01  -1.8261222e-02  -2.7935935e-01  -2.3808630e-01  -2.6437679e-02  -5.3696834e-01  -4.0409068e-01  -3.9513290e-01  -3.4969531e-01   2.7974921e-01   7.2511998e-02  -3.6043906e-01   2.6499610e-01  -1.0305004e-01  -2.6096898e-01   1.1432081e-01   2.1505902e-01  -7.6749574e-02   1.0016566e-02   3.1634058e-01   9.2111051e-02   8.6760779e-03  -7.4502137e-02   5.3437483e-02  -1.6040475e-02  -2.3460099e-02   5.7117139e-01   5.9711077e-01   2.3195821e-01  -1.8041227e-01  -2.8077824e-01   1.6650550e-01  -4.1922111e-01   3.1906301e-02   1.5864653e-01   2.0363541e-01   2.8267126e-01  -3.0308354e-01  -2.1273126e-01  -3.5844194e-01  -7.9258330e-02  -4.4812171e-01   1.1162799e-01   1.5723238e-01  -1.3002787e-01   1.8684432e-02  -7.1274573e-04   1.3589716e-01   2.2858364e-01   1.0599732e-01  -2.8234693e-01  -4.1694435e-03  -1.2640622e-01  -2.8188261e-01   1.8961989e-01  -2.1382297e-01  -2.6637192e-01  -3.4189933e-01  -7.3801081e-02   4.0223671e-02   4.2203619e-01   5.8585574e-02   2.0722732e-01   3.5616242e-01   2.9026621e-01   7.2832743e-01   1.6460349e-01  -7.6264054e-02   4.2788086e-01  -3.1961764e-01  -4.9701201e-02  -1.9113329e-01  -3.5841962e-01  -2.0239697e-01   2.1976413e-01  -2.3700227e-01   5.3052368e-01   1.0391697e-01   9.5755251e-02   2.2181494e-01   2.6251318e-01   5.4791022e-02   1.1999121e-01   1.9274821e-01   2.9758154e-01  -1.4906523e-01   1.9953832e-01   3.9364584e-02  -4.0994354e-01   2.9453041e-01   3.9503019e-01  -6.8484329e-02   1.1578678e-01   9.9902346e-03
  -1.4037579e-01  -1.8782990e-01  -1.4186219e-01  -8.3157633e-02   3.9556947e-02   3.1019926e-01   0.0000000e+00   9.9926213e-03   2.0316948e-01   2.4968791e-01   1.2200203e-02   2.1138315e-01  -1.7002070e-01  -2.8058668e-01   2.6691576e-01   8.3635940e-02  -2.7752187e-01   6.7400724e-02  -1.1886676e-01   9.9914947e-02   7.3638374e-02  -2.2675355e-01   1.2517558e-01   2.5206152e-02   1.3649472e-01  -3.7184442e-01   1.5979382e-01  -3.8659958e-02   2.7014681e-01   1.0799997e-01   1.2874039e-01  -2.9037294e-01  -1.5704000e-01   6.3387133e-01   5.8361396e-02   3.7243353e-01  -1.2892457e-01  -1.7130845e-01   2.3926004e-01   1.8405274e-01  -8.7036290e-02  -1.0304024e-01   3.9252480e-01  -2.4787887e-02   3.3430669e-01  -2.1445455e-01   7.5393314e-02   5.0575000e-01   3.4932707e-01  -1.2378476e-01   3.6628256e-02  -1.0695641e-02   3.9583215e-01  -1.2871369e-01  -2.0563224e-01  -3.3677179e-01   1.6931843e-01  -2.1647477e-01   3.5876634e-02   4.8191724e-02  -6.4607224e-02   3.6423958e-01   2.2219667e-01   1.3385783e-01   3.3562797e-01   4.1686943e-01   8.9170167e-02   9.5283495e-02  -2.0420440e-01   2.0777561e-01   1.6107463e-01   6.2883675e-02   1.2717161e-01  -5.0806229e-01  -7.4186152e-02  -1.0440356e-01  -1.2862935e-01  -2.0980618e-01   2.2746540e-01  -1.7277159e-01   6.3916704e-02   2.0587789e-01   1.1347217e-01  -2.9084040e-01  -3.7361829e-01   3.2004002e-02  -1.7271254e-01  -2.5844007e-01  -1.6784509e-01  -2.5187308e-01   1.7861345e-01  -3.1996038e-01   4.9752674e-01   3.0596351e-01  -1.0551794e-01   1.0330193e-01  -1.1610157e-01  -2.5324957e-01   1.2403784e-01   3.4711408e-01  -2.4700330e-01   8.3445717e-03  -1.1426715e-02  -1.8310242e-01  -1.5337666e-01  -2.4023193e-01  -7.9504647e-02  -2.2075616e-01  -1.7543112e-01   2.9662004e-01   4.7417681e-01  -9.7923755e-02   1.7972507e-01  -2.1219785e-01   2.3253928e-02  -2.8923636e-02  -3.2872711e-01  -1.4646873e-02  -1.0427845e-01  -4.0425530e-02  -1.0090595e-01   7.0757642e-02   7.4312054e-03   2.4580587e-01  -1.1085544e-01  -3.0963022e-01   5.7067141e-02   3.9021187e-02  -5.8117343e-03   5.4319959e-02   9.4444576e-02   2.8609843e-01  -2.4269170e-01  -9.3818386e-02   2.9314512e-01  -8.1871247e-02  -1.3774884e-01  -3.5414198e-02  -1.6613469e-03  -1.2359819e-01  -1.9034263e-01  -2.6981467e-01  -3.4772377e-01   1.7770025e-01   2.1071516e-01  -8.5626620e-02   3.9739075e-01   2.6623224e-01   3.6196668e-01   1.8730608e-01  -7.3366390e-02  -1.8159308e-02  -1.5625227e-01   3.0660811e-01   1.1695404e-01  -3.6419373e-02  -2.4624853e-01  -4.3940786e-03  -3.8251226e-01   2.8917201e-01   1.8297842e-01  -2.2880816e-01   2.5844131e-01   8.0272787e-02  -2.3863793e-01   3.5172752e-01   3.1037037e-01  -1.1495004e-01  -8.5285818e-02   7.3736367e-02   5.2208280e-01  -2.0387013e-01   9.6275038e-02   1.4452749e-01  -5.6460483e-02   3.3540872e-02  -1.5058986e-01
   2.3154047e-01  -3.1933894e-01   3.0896596e-02   1.1902902e-01   1.5496627e-01  -1.9290599e-02   9.9926213e-03   0.0000000e+00   1.3833110e-01  -5.4398098e-02   2.6244160e-01  -3.0412524e-01   6.5708499e-02   1.0078051e-01   6.4931434e-02  -1.0372422e-01   1.9416326e-02   6.8335980e-02  -4.0031207e-02   8.0845043e-02  -2.7693725e-01  -1.4683417e-01  -1.9806272e-01   6.7990275e-02  -2.5539374e-01   2.5675071e-01  -1.7634763e-01   1.0742608e-01   4.5020909e-02   1.2564329e-02   9.6572229e-02   5.0371513e-02  -6.8174992e-02   2.5076251e-02  -1.3158715e-01  -1.3195404e-02  -1.9099421e-01  -7.7445770e-02   1.8219400e-02  -2.3445667e-01   8.8560719e-02   1.1332427e-01  -6.0386076e-02   5.8298837e-01   4.2588987e-02   3.7544046e-01   3.7652380e-02   2.8602244e-02  -5.7693621e-02  -1.0771965e-01   1.4751022e-02   5.7585591e-01  -7.7731927e-02   1.2650135e-02  -1.8724752e-01   1.6227789e-02   5.2870719e-02   1.1672661e-01   1.5354704e-01  -7.3447640e-02   2.7581304e-01  -1.5662132e-01   1.5255584e-01   3.0701409e-01   9.9502911e-02   2.5134062e-04   1.0015366e-02  -1.9108190e-01   3.0243056e-02  -5.1368723e-02  -7.1405738e-02   1.5018534e-01  -1.6553176e-03  -1.2954343e-01  -4.5858660e-03   1.1909845e-02   2.5440181e-01   1.8251970e-01   1.2054229e-02  -2.4252553e-01   1.7348845e-01   5.1946039e-02  -5.7513785e-02   5.1402650e-01  -1.0455187e-01   1.4046583e-01  -1.0600072e-01  -6.9537982e-02   8.5716439e-02   2.9200488e-01   1.2246878e-01   3.4090591e-01  -5.3862451e-02   2.0383774e-01   2.1271202e-02   1.3093742e-01  -1.8657349e-01   4.1200770e-01  -1.3363928e-01  -8.7705818e-02  -1.1512716e-01   5.6153970e-01  -1.3076530e-01  -4.7774437e-02   2.2499976e-01   3.4083727e-01  -4.4737160e-02   3.3298732e-01  -9.7840943e-02  -1.2928372e-01  -6.1783508e-02  -2.1075987e-02  -7.0888779e-02   2.7411673e-01   2.2085124e-02   8.1275186e-02   2.1798242e-01   9.7640926e-02   7.2351876e-02   4.7846714e-02   3.3010220e-01   5.4940887e-02   1.4158941e-02   1.4046576e-01   2.9802091e-01  -1.4060769e-01  -7.0963454e-02  -3.5083602e-03   9.0604751e-02  -3.6116939e-02  -9.1244457e-02   1.1927295e-02  -5.9191461e-02  -1.5093360e-01   2.2171880e-01   3.4330318e-01   4.3939234e-02   8.5627842e-02   6.3587344e-01   1.0551584e-01   1.9336097e-01   2.9244140e-02   7.7474735e-02  -1.4188862e-01  -7.3444003e-02  -3.7534356e-02  -1.5754610e-01  -4.1522120e-03  -1.0731580e-01  -7.0683718e-02  -5.6535979e-02   4.2480935e-01   2.7670527e-01   8.4532992e-02  -1.5241629e-02  -8.7470014e-02   2.9406196e-01   1.0140960e-01   2.4527904e-01   1.7318138e-01   3.5930208e-02   1.1883489e-01  -6.4594135e-02   1.3040557e-01   7.0345762e-02  -1.3560864e-01   1.3988918e-02   1.5081007e-01   2.6786542e-01  -7.7580021e-02  -8.5329916e-02  -1.6226526e-01  -2.1877999e-02  -1.2010660e-01  -7.6836745e-02   1.3470692e-01   1.5009562e-01
   1.0121369e-01  -1.2002994e-01  -1.1446678e-01   3.9979469e-02   2.5709753e-01  -1.6836351e-01   2.0316948e-01   1.3833110e-01   0.0000000e+00  -1.2042866e-01   1.6062695e-01  -3.1536198e-01  -2.3245762e-01   9.3048599e-02   3.0358910e-02  -1.5543474e-01  -1.6704326e-01   5.3060859e-02  -1.1709739e-01  -1.0545465e-01  -3.5959691e-02  -1.3434615e-01  -1.5797009e-01   7.2857839e-02   2.1031574e-02  -8.9001302e-02   2.6871912e-02  -2.6691718e-01   1.9165122e-01   4.6524440e-01   4.9533772e-01  -9.9323392e-03   8.0219674e-02   6.2737912e-04  -1.9265144e-01   3.2034786e-01  -9.9218507e-03  -1.0338623e-01   2.0557084e-01  -1.2249810e-01  -7.6873600e-02  -1.1616555e-01   1.3773134e-01   1.6495888e-01   2.7576053e-01   8.7526101e-02   2.1107421e-02   2.5493460e-01   4.0104995e-01  -8.9750207e-02   2.5444779e-03   1.9039126e-01   3.7357704e-01  -1.7698791e-01  -3.8237171e-01  -2.3702871e-01  -1.6291696e-01  -1.1422249e-01   4.8270433e-02  -3.6740490e-03   9.8618117e-02   1.8484417e-01   5.5096241e-01   5.8612269e-01   4.9748705e-01   2.0685645e-01  -1.7658571e-01   1.3808141e-01  -1.3858168e-01  -2.8410883e-03   1.9792963e-02   4.5210642e-03   1.4432851e-01  -2.9681418e-01  -1.5302293e-01  -8.4320157e-02   1.2302888e-01   2.4424964e-02   3.5265915e-01   6.8676360e-02  -2.5762372e-01  -3.0933456e-02  -3.0108482e-01  -1.4730748e-01  -2.6954827e-01  -9.2801600e-03   2.1843250e-01  -3.0771948e-01  -2.7328034e-02   1.2763918e-01   3.9325448e-01  -9.0412789e-02  -2.1738570e-02   3.3774756e-01   6.8116540e-02  -1.0027136e-01   6.4321220e-02   1.3631660e-01   2.1670539e-02   2.1370150e-01  -3.4124402e-01   1.4688023e-01  -5.0940231e-02   6.5154597e-02  -9.1452957e-02   1.0276836e-01  -1.0956264e-01   8.4986460e-02  -2.9376405e-02  -5.3812740e-02  -2.1506303e-01  -1.6181778e-01   1.8975913e-01  -9.3376344e-02  -2.2730824e-01   2.6689974e-01  -1.2354687e-02   3.3698446e-02  -3.0482739e-01   3.5440165e-02   1.2332186e-01   6.2867466e-02  -5.9267576e-02   5.1891004e-01   8.4499723e-02  -2.1171374e-01  -1.8471347e-01   1.3903677e-01   7.2897129e-02  -7.5606981e-03   4.6006793e-02   3.0201178e-01  -1.5151855e-01   1.0266156e-01   3.1527373e-01  -8.7720295e-02  -1.5261732e-01  -1.8710557e-01   2.3855694e-02   1.4675953e-01   7.6770208e-02  -1.4605590e-01  -7.1245710e-02  -3.5490088e-01  -1.3142540e-01  -2.2563551e-01  -2.3323667e-01   2.7173439e-01  -9.6841653e-02   7.8437460e-02  -2.2797268e-01  -1.6986220e-01  -2.4104168e-02   6.0984299e-01   1.1407277e-01   1.2300748e-01  -6.8724841e-02  -5.0780519e-02  -7.0754444e-02  -1.3778923e-01   1.5529750e-01   4.5725790e-02   2.0725123e-01  -7.1367374e-02   1.1012454e-03   2.1898429e-01   2.8294181e-01  -2.8960812e-01  -1.4567156e-02  -6.4503087e-02   2.5671864e-01   4.4538670e-02  -2.9965171e-02  -3.1692742e-01  -6.5916122e-02   1.4337300e-03   1.0129042e-01
  -3.5477476e-01   3.8598327e-02  -6.5296222e-02  -2.1360390e-02  -1.4977882e-01   2.8300389e-01   2.4968791e-01  -5.4398098e-02  -1.2042866e-01   0.0000000e+00   4.4535069e-02   1.0728142e-01  -3.6371585e-01  -1.4961210e-01  -6.4668693e-02   2.4026039e-01  -6.9696252e-02   5.6214710e-03  -7.5356812e-02   2.3369774e-01   2.5074215e-01   1.0399627e-02   4.6942932e-01  -2.9675206e-01   4.2425902e-03  -4.4203783e-01   3.3154806e-02   4.4322873e-01   3.4064617e-02  -1.6707968e-01  -2.5477373e-03  -8.8055954e-02  -4.1746240e-02   6.0252863e-01   1.9580553e-01   7.9850771e-02   5.2775646e-02   1.5606735e-02  -4.1802191e-02   3.4787611e-01  -3.0131883e-01  -1.1099856e-01   4.0893516e-01  -1.5694285e-01   2.1203742e-01  -4.5099671e-01  -5.8672650e-02   4.2695652e-01  -1.8877491e-01   2.0840271e-02  -4.3434876e-02  -1.7867058e-01   1.8146235e-01   1.3044651e-02   1.0303042e-01  -4.1795689e-02   6.6017141e-02   4.1221047e-02  -1.8900534e-01  -2.0946026e-01  -1.1272827e-01  -2.5185739e-02  -2.5918995e-01  -1.8014644e-01  -1.2159134e-01   1.0745711e-01   2.0767882e-01   1.7784410e-01  -3.9607854e-02  -3.3875553e-02   3.8625223e-01   7.5607347e-02  -2.7663678e-02  -1.4407607e-01  -9.7265954e-03  -5.2697495e-02  -2.3337426e-01  -6.1384684e-02  -1.7356905e-01  -1.8903458e-01   3.6450790e-01  -2.8793715e-02   4.4729307e-01  -1.2850035e-01  -4.9015573e-02  -6.5206894e-02   1.7165611e-01  -8.1945228e-02  -1.6768093e-01  -4.6783774e-01  -3.0193286e-01  -2.7601118e-01   4.9815323e-01  -2.1701066e-01   3.3135659e-02   1.8157858e-01  -2.2550808e-01  -3.0920969e-01   1.1770821e-01  -8.5116226e-02   1.7881250e-01  -1.6270665e-01  -6.4955558e-03  -1.8399097e-01  -4.1411646e-02  -6.9234582e-02  -2.3797441e-03  -2.6361462e-01   1.4563411e-01   2.8504339e-01   6.5924543e-01  -1.3958456e-01   2.7964450e-02  -1.9560706e-01   4.7024777e-01  -2.0555684e-01  -5.0656998e-02  -1.8704634e-01   4.9728488e-02  -3.8232856e-03  -4.0361673e-01  -7.5517177e-02  -3.8504385e-02  -8.6471237e-02  -4.2399357e-01  -3.1228388e-01   1.8855402e-01  -1.5416015e-01   8.2462590e-02  -1.4993148e-03  -4.2078595e-02   4.4365143e-01  -1.9174077e-01   1.8427369e-01   1.4112122e-02  -4.2394029e-02  -2.1462793e-01   3.3386579e-01  -1.7401406e-01  -2.3884076e-01  -2.0935558e-01  -3.4666818e-01  -4.4775136e-02   1.9970615e-01   4.0909799e-01   2.6077767e-01   5.2619064e-01  -1.4603761e-01   3.3745538e-01   5.1642546e-01  -2.3899699e-02   1.2145331e-01  -3.2393722e-01  -1.5067536e-01   3.7519560e-02  -1.4187420e-01  -2.7105291e-01  -1.5830520e-01  -3.4360635e-02   1.0079958e-01   6.0299296e-02  -1.4681374e-01   3.6624959e-01   4.9035207e-02   1.1448550e-01   3.0508681e-01  -3.2337316e-02   2.6614014e-02  -1.7414100e-01   4.7353412e-01   1.4354169e-01  -2.2622704e-01   2.6378061e-02  -1.0028275e-01  -1.3235245e-01  -1.2719001e-02   1.8148282e-01
   1.2909008e-01  -2.7746093e-01  -4.2310410e-01   2.6086571e-01  -2.0872476e-01   1.9581642e-01   1.2200203e-02   2.6244160e-01   1.6062695e-01   4.4535069e-02   0.0000000e+00  -3.7462915e-01  -8.3131411e-02   7.2053909e-02   2.4458142e-01   2.2808625e-01  -4.0679242e-01   5.5838861e-01  -8.6077540e-02  -3.4372384e-01   1.5731110e-01   2.2012847e-01   2.3787146e-01   9.9809819e-03  -3.2115880e-01   2.0015939e-01  -9.3390075e-02  -4.2172942e-02   1.1381929e-01   3.4191233e-01   3.8491616e-01   3.6777576e-01  -1.1292556e-01   5.6601985e-03  -4.3614870e-01   3.0041329e-01   3.9143711e-02  -3.4968925e-01   1.9170796e-01  -2.4542787e-01   2.2023425e-01  -2.9500844e-01   6.1724839e-02   3.1593971e-01   4.1189141e-01   6.6240924e-02   5.5782475e-01   4.4114207e-02  -7.7870443e-03  -4.2015755e-01   5.8313375e-01   2.1333642e-01  -2.2163642e-02  -3.7288724e-01  -1.1367439e-01   2.1208568e-01   3.0664567e-01   4.7228510e-01   2.9842057e-01   2.0587441e-01  -2.2566001e-02   1.1088258e-02  -5.7952116e-02   2.7613336e-01   3.4437316e-01   4.8609979e-01   1.8775576e-01  -8.6150201e-02   4.3860654e-01   4.5838427e-02  -4.1505429e-01   4.4235151e-01   8.5108826e-02  -2.3129500e-02  -2.8905880e-01   3.4370964e-01  -3.7305357e-02   2.3043492e-01  -7.2404453e-02  -1.9480748e-01   1.8600934e-01  -1.7127025e-02   8.9697395e-03   2.2295489e-01  -1.8655986e-01   2.8322952e-01  -2.9130373e-01  -1.7353187e-01  -4.2632567e-01   7.0285331e-02  -1.6036507e-01  -2.2806753e-01  -2.6188147e-01   2.6282472e-01  -1.8996723e-01  -4.0449332e-01  -1.8463017e-01   3.3207461e-02  -1.0038062e-01  -1.4557271e-01  -4.6789811e-01   2.4146336e-01   4.0414825e-01   2.1278647e-01   5.2780303e-01   3.8766601e-01  -3.6884694e-01   4.7203900e-01  -1.3086167e-01   3.5638397e-01  -6.9125215e-02   4.5396888e-01  -9.9192076e-02  -2.0989886e-01  -3.6566717e-01  -2.9090455e-01   2.2860791e-01   1.9956410e-02  -1.7558235e-01   4.1694264e-01   2.1557995e-01  -4.9720848e-01  -5.3199365e-01   6.3360687e-02  -8.4440024e-02   9.1527463e-02  -1.0173849e-01  -3.3987811e-01   4.6560417e-01  -2.6290211e-01  -1.0778379e-01   4.4184841e-01  -3.2316545e-03  -2.0294592e-01   2.6054984e-01   3.2993817e-01  -4.9297166e-01   1.9829513e-02   2.4968205e-01   1.1213196e-01   1.3476408e-01  -2.0976707e-01   5.6639565e-01  -3.2843668e-01   1.3287660e-01   2.2928992e-01  -3.9033471e-01   5.3962754e-01   3.1380162e-01   1.1560977e-01  -4.5711096e-01   1.9682884e-01  -1.3255438e-01   2.4040919e-01  -4.3367482e-01  -9.6732411e-02   1.6955399e-01   1.7081299e-01  -1.7379838e-01   4.1333989e-01  -6.6231683e-03   7.0015635e-01   2.3112983e-01   6.1158087e-01   1.9401884e-01  -4.9488984e-02   5.7849136e-01   6.9888657e-02   2.8569553e-02  -2.8750290e-01  -2.3675958e-01  -1.4310704e-01   5.0394618e-01  -2.6462356e-02  -1.8112528e-01  -7.7128093e-02   3.2908462e-01
  -3.7731862e-01   5.6227353e-01   3.8159673e-01  -1.2119598e-01  -7.2251660e-02   3.4165891e-01   2.1138315e-01  -3.0412524e-01  -3.1536198e-01   1.0728142e-01  -3.7462915e-01   0.0000000e+00  -1.6606402e-01  -4.2378727e-02   1.7854510e-01   1.7069883e-01   2.5623235e-01  -2.2976474e-01   1.3859396e-01   1.3707427e-01   1.1225560e-01   8.6433600e-02   4.4687493e-02  -3.8912150e-01   1.2634880e-01  -1.1141270e-01   2.1782826e-01   6.8067788e-02   6.7132287e-02  -1.3207094e-01  -1.1570929e-01  -1.4300512e-01   1.3710615e-01   1.5816344e-01   5.8164474e-01  -1.7517678e-01  -9.9545373e-02  -2.2679601e-01  -1.0152584e-01   4.0127938e-01  -2.3008179e-01   1.0492280e-01   1.1493205e-01  -6.5350900e-02  -7.3121826e-02  -4.2655803e-01  -1.1446634e-01   3.2476880e-02  -1.9729890e-01   1.7500414e-01  -1.5362433e-01  -2.3384663e-01  -1.2408046e-01   2.0686723e-01   1.9501512e-01  -2.4003739e-02   1.3903607e-01  -3.6214541e-02  -1.2915999e-01   4.2688708e-01  -2.0182183e-01   1.0116991e-01  -2.4610855e-01  -2.9923801e-01  -2.9817165e-01  -1.5057166e-01   1.9211277e-01  -6.8138818e-02  -8.1742453e-02   1.3928900e-01   3.1027709e-01  -7.3923288e-02  -1.1490451e-01   5.7159407e-02   1.8804164e-01  -8.8195376e-02  -3.1538676e-01  -8.7136257e-02  -2.2196397e-02   1.0621023e-01   9.5328601e-02  -7.9599914e-02   3.4290838e-01  -1.3826212e-03   2.1062508e-01  -2.1496324e-01   1.2113003e-01   3.3773030e-01  -2.3254713e-02  -4.2522875e-01  -2.0835095e-01  -3.7525899e-02   3.0363898e-01  -4.9726423e-02  -2.6850593e-01   2.6661583e-01   9.2890639e-02  -2.0951694e-01   9.5612074e-02   3.0109650e-01   4.0892928e-01  -9.6086421e-02   1.2918333e-01   1.1203524e-01  -3.6710219e-01  -2.7047792e-01   2.8675810e-01  -2.8585256e-01  -1.9617381e-02   1.3667729e-01   4.5576784e-01   6.3806637e-02   9.7722212e-03  -1.5554130e-01   3.7555916e-01  -4.2083952e-02  -2.1130926e-02  -1.5412939e-01   3.4780686e-01  -8.3428981e-02  -4.0093814e-01   2.4110419e-01   2.2976566e-01  -2.9249561e-01  -2.6965298e-01   1.9812775e-01   4.0116046e-01   4.3478587e-02  -2.4582224e-01   3.5231661e-01  -5.0270420e-03  -2.7131192e-01   2.2354667e-01   1.1450065e-01  -2.8692687e-02  -7.5619889e-03   2.8946523e-02   1.6398627e-01  -1.8860752e-01  -3.6802398e-01  -3.3774728e-01  -1.2436505e-01  -2.2709907e-01   5.9814006e-01   1.6507787e-01   7.4421128e-02   5.0800080e-01  -2.4695142e-01   9.7834765e-02  -9.0825062e-02   3.5212203e-01   1.6683201e-01  -1.6428395e-01  -2.8769512e-01   2.8253040e-01  -3.1084482e-01  -3.4041290e-01  -3.1699042e-03   1.6041981e-03   1.8721192e-03   2.0538485e-01  -2.6571943e-01  -2.7026121e-01  -1.5278412e-01  -9.6659302e-02   1.0446215e-01  -2.6176180e-01   1.7258985e-01  -2.6903660e-01   2.9671000e-01   2.3986644e-01  -3.5945180e-01  -1.2523351e-01   4.1702298e-01   1.1226347e-01  -2.4999345e-02  -2.1275077e-01
   2.9698274e-01  -3.2363834e-01  -6.0148963e-02   1.0363815e-01   1.2720686e-02  -2.3023884e-02  -1.7002070e-01   6.5708499e-02  -2.3245762e-01  -3.6371585e-01  -8.3131411e-02  -1.6606402e-01   0.0000000e+00   6.1687548e-02   4.3239671e-04   4.0968529e-02  -1.3854520e-01  -8.8526013e-02   7.6587161e-02  -1.7208915e-02  -1.5217383e-01  -2.2549341e-02  -1.1071104e-01   3.6876276e-01  -9.0326205e-02   2.5654480e-01   2.8481753e-02  -1.2201581e-02  -8.0862466e-02  -1.7856237e-01  -3.0712197e-01  -1.2283801e-01  -8.0965232e-02  -3.1998980e-01  -2.5419569e-01  -4.3719936e-02   9.1748474e-02  -2.4322718e-02  -1.0090853e-01  -2.2116259e-01   6.5110360e-01  -6.5280856e-02  -2.3888211e-01  -3.7350642e-03  -2.7230588e-01   4.1789305e-01   1.3328289e-01  -2.7960192e-01  -6.4918628e-04  -1.0900799e-01   1.5575164e-02   9.7937510e-02  -2.5746804e-01  -1.1903679e-01   3.9308875e-02   9.6117253e-02   9.0564465e-02  -1.6876746e-01   2.9012361e-01  -4.9552103e-02  -1.3850787e-01   7.3788371e-02  -1.0329625e-01  -1.7649566e-01  -1.8158820e-01   2.0785943e-03   5.2599898e-02  -2.7732517e-01   1.9208374e-01   7.9745671e-02  -3.8555697e-01  -1.1339633e-01   2.1054145e-01   1.8045050e-01  -1.1459064e-01  -6.9285403e-02   1.4192323e-01  -7.3163653e-02  -1.3080996e-01   8.6687651e-02  -2.2778130e-02   1.5648238e-01  -2.8375255e-01   1.1337384e-01  -1.6085408e-02  -8.7100545e-02  -2.8946221e-01   1.0550766e-01  -4.3422187e-02   4.1419480e-01   1.0225858e-02   1.6405339e-01  -2.4339296e-01   1.1476045e-01  -1.0425941e-01   5.7905731e-02   3.8812843e-01   2.7097239e-01  -4.4346010e-02  -7.8696239e-02  -2.1474181e-01  -1.1310804e-01  -8.6555031e-02  -1.2795513e-01   1.8294528e-02  -3.5629733e-02  -1.8274529e-01   3.2061295e-01   9.4563048e-02  -5.7256888e-02  -3.2216633e-01   4.5071206e-02  -2.6616367e-01   1.5066793e-01  -2.3089137e-01  -9.8817258e-03   2.1719580e-01   4.3227186e-01  -1.0080872e-01   9.8625379e-02   2.4773900e-01  -2.3685317e-02  -1.2801533e-01  -1.3997844e-01   2.5910058e-01   2.4054102e-01  -1.4505230e-01  -4.3572463e-03   1.8977083e-03  -1.6513354e-01   3.1693763e-01  -2.8136123e-01   3.3675105e-02  -2.3669700e-01  -6.6603538e-02  -6.7353516e-02   9.8850131e-02  -2.0907578e-01   7.7605529e-02   1.4949363e-01   8.7293665e-02   4.8332785e-01   7.5811937e-02  -2.2680307e-01  -2.2691004e-01  -2.2246163e-01  -2.4760127e-01   1.0815695e-01  -8.7737639e-02  -3.1783777e-01   4.0232004e-02  -7.9007755e-03   1.3961267e-01  -2.5320294e-02  -2.0954673e-01   6.3590076e-02   1.7510183e-01   4.9951204e-01  -7.1826917e-02   6.8359947e-02  -2.0998185e-01   5.2469495e-02  -8.6367233e-02   1.2652429e-02   3.2074604e-02  -1.8422319e-01   8.4799211e-03   9.1457519e-02   3.6652770e-02  -2.3755895e-01  -2.2053156e-01   1.0203786e-01  -6.4307761e-02  -1.1403352e-01   2.5873620e-01  -1.5879736e-02  -7.6857171e-02
   3.1889207e-01   1.7873517e-01   7.3210805e-02   2.8985608e-01  -1.2672817e-01  -1.0083040e-01  -2.8058668e-01   1.0078051e-01   9.3048599e-02  -1.4961210e-01   7.2053909e-02  -4.2378727e-02   6.1687548e-02   0.0000000e+00   8.7378075e-02  -4.9070953e-02   6.2532304e-02  -8.7920589e-02  -1.4801996e-02  -2.5554780e-01  -1.6037624e-01   3.3054084e-01  -1.6700332e-01   4.3691131e-03  -1.7649437e-01   1.6328271e-01  -2.4788748e-01   1.4478515e-02  -3.6570055e-02  -2.8216269e-02  -7.1335528e-02   5.6940199e-02   4.8841631e-02  -2.3292405e-01  -7.6210121e-02  -2.4508567e-01   8.4042747e-02  -1.6189718e-01  -3.4471839e-01   4.3368611e-03  -1.1048023e-01  -1.0774601e-01   2.6260077e-02   1.2523221e-01  -1.3757110e-01   2.1107580e-01  -7.7218777e-02  -2.8815910e-01  -1.7782854e-01   5.7609448e-02   3.1978435e-02   1.4172263e-01  -2.2937501e-01  -9.5849787e-02   3.2333773e-01   1.3726249e-01   1.4271528e-02   2.3845286e-01  -8.2137697e-02   3.3181093e-01  -6.8441821e-02  -7.1777596e-02   6.3912436e-02  -7.7232942e-02  -2.0629425e-01  -1.7476871e-01   8.0520930e-03  -1.4276793e-01  -7.2556376e-02   1.2925404e-01  -1.3029095e-01  -7.1429775e-02  -4.3372195e-02   5.0579013e-01  -1.9471364e-01   2.6605301e-02   8.8822208e-03   1.3121974e-01  -1.2027402e-01  -1.2363044e-01   1.7001916e-01  -8.1274345e-02  -7.7139900e-02   2.5201673e-01   4.0237269e-01  -1.3270311e-01   7.0427219e-02   3.3853351e-01   3.3961981e-02   1.9300557e-01  -1.1319358e-01  -2.8924188e-02  -2.5092678e-01   8.3841438e-02  -2.2256394e-01  -2.4252820e-01   1.1651643e-01  -2.0956694e-02  -3.5721540e-04  -1.3730506e-02   2.2307219e-01   2.3742635e-01   3.9438485e-02   4.2965523e-01  -3.6490475e-02   1.8387374e-01  -8.3457926e-02   1.4433903e-01  -5.0599125e-02  -1.8798077e-01  -1.7056230e-01   2.4306305e-01   1.6285604e-01   8.7456572e-02   4.3902838e-02  -1.0952996e-01   2.1624821e-01  -6.7393862e-02   3.8216418e-01  -5.2240375e-02   6.4758091e-03  -1.2623064e-01   3.3029365e-02  -2.7881012e-01  -1.6069073e-02   4.3300905e-01  -1.6927410e-01  -1.3929594e-01   8.0025491e-02   1.4902566e-01  -1.7230580e-01  -2.7348548e-01   4.9772983e-01  -9.8368422e-02   5.0893459e-02   9.3646274e-02   9.3837731e-02   1.1725453e-01   8.0514332e-02   5.8572868e-02   2.4888005e-01   4.5506019e-03   2.7116355e-02   9.1053149e-02  -7.5885237e-02  -2.6739805e-02  -1.5853099e-01  -1.3694918e-01  -2.2374277e-01  -2.6475044e-01   6.8650282e-02   1.3075792e-01   8.2367149e-04   2.9329704e-02  -5.5970154e-03   5.3816677e-02   1.0855371e-01   7.1717206e-02   1.4764123e-01   5.3087653e-02  -2.9737791e-02   1.7038618e-01  -1.4684827e-01  -2.3340653e-01   1.7378716e-01  -1.8083448e-01  -4.2056096e-02   2.2150233e-01   1.5624012e-01  -3.2556622e-01  -2.2708750e-01   3.9439545e-02  -2.6343264e-02   1.0111603e-01  -9.3999156e-02  -1.1580631e-01   1.6141385e-01
