   0.0000000e+00  -1.7330447e-01  -1.6307278e-01  -8.7539737e-02  -1.3523623e-01  -2.4043691e-01  -4.5149417e-02   3.5907562e-01   8.6001048e-02  -5.0943714e-02  -1.8128927e-02  -2.2572108e-01  -3.5252509e-02   1.5160111e-01   4.2499228e-03  -3.9912663e-01  -1.9996116e-01   2.7099798e-02  -2.6269768e-03  -1.4391742e-01  -1.6102067e-01  -1.4243713e-01  -1.2511047e-01   6.1316848e-01  -3.1601342e-02   2.1838435e-01  -3.0307964e-01   1.8922045e-01   1.6057682e-01  -1.0880611e-01  -1.9680513e-02   1.7318554e-01  -1.8404488e-01  -1.2452752e-01  -5.7765177e-02  -6.4083722e-02   1.0289889e-01  -6.6390703e-03  -3.2647042e-01  -2.7175911e-01  -1.8665909e-03  -1.2128558e-01  -1.8864313e-01   1.0654248e-02  -8.6624931e-02   3.6926191e-01  -1.3802060e-01   2.8092044e-02  -1.1569396e-01  -2.7383833e-01   7.0235587e-02   2.8918319e-01  -1.9715039e-02  -9.4708599e-02   1.7959215e-01  -1.1731430e-01   1.3634837e-01  -1.3339529e-03  -2.0606713e-02  -1.5082111e-01  -1.1904631e-01  -1.0191480e-01  -8.4960346e-02   9.8373048e-02   3.0345447e-02  -1.2140267e-01  -3.1331982e-01   2.2016992e-02  -3.1467382e-02  -3.5422609e-02  -1.6458729e-01   7.0722040e-05  -2.2134506e-02   1.5193322e-01  -1.5920160e-01   6.7316044e-02  -8.0044305e-02  -1.4072759e-03  -7.9377224e-02   1.8072792e-02  -1.3448334e-01  -1.0313918e-01  -1.5886000e-01  -7.6248700e-02   4.7708950e-01   1.5189654e-01   8.9613426e-02   2.5450596e-01  -1.4059388e-01   7.3431760e-01   2.8041400e-02   1.5356840e-02  -1.8377705e-01  -4.9095278e-02  -1.1248950e-01  -5.8975058e-02  -2.0979441e-01   2.3641091e-01  -1.2777601e-01  -7.5129437e-02   2.7234057e-01   2.3485100e-02  -1.4613510e-01   4.2557251e-02   2.8686130e-02   8.4231334e-02  -9.4846989e-02   1.7066015e-01   7.8257491e-03  -1.6112847e-01  -8.2221569e-02  -1.5720905e-01  -1.7776200e-01   8.0968398e-01   3.2597179e-02   6.3884075e-02   5.4035551e-02  -6.8747801e-02  -9.4617103e-02  -1.3831956e-01   5.3687994e-01  -8.0973442e-02  -1.5666383e-01   1.3949485e-01   5.8487994e-01  -9.0226095e-02   1.8816062e-02   9.1424607e-03  -2.1087422e-02  -2.4134837e-01  -2.3022140e-01   8.4494836e-02   1.9815686e-01  -1.4226552e-01  -2.1903186e-01   6.7164968e-02  -1.5113870e-01  -3.6102561e-02   3.3456961e-01   5.2678264e-01   5.2087996e-01  -8.1344983e-02  -8.9169655e-02  -2.9084672e-01  -5.2860584e-02  -1.4954690e-02  -2.4820754e-01  -2.7351799e-01  -1.1913675e-01   8.0400866e-02   3.7556673e-01  -2.0233274e-01   2.3385855e-01   1.0593510e-01  -3.0474238e-01   6.3030361e-01   5.3745696e-01  -2.6653780e-02   1.9562648e-01   8.1831767e-02  -6.5245239e-02  -9.8683053e-02   2.3148089e-02  -3.5019435e-02  -1.3184304e-02   4.7959491e-02   1.3552486e-01   1.6461445e-01   3.4955108e-01   5.0798673e-03  -1.3437735e-01   1.7535680e-01   3.7922280e-03  -2.8410451e-01  -9.7245698e-02  -1.1043699e-01   6.0025138e-02
  -1.7330447e-01   0.0000000e+00   2.5510844e-01  -2.2632911e-02   3.2264775e-01  -1.1860648e-01  -1.8911612e-01  -1.3666776e-01   2.9779942e-01  -3.2253187e-01  -5.0754914e-01   5.1060741e-01  -5.8642899e-02  -3.0757510e-01  -4.4771259e-01   3.6445182e-02   5.2788320e-01  -3.4203530e-01  -1.4020333e-01   2.0441493e-01  -2.0805096e-01  -6.6740997e-02  -2.3808893e-01  -2.6975853e-01   2.3240602e-01  -2.5907588e-01   2.1565842e-02  -3.9787136e-01   4.1927087e-01  -2.8763953e-02  -1.1340489e-01  -7.5926561e-02   1.7344629e-01   1.0413815e-02   3.7695368e-01  -3.5387418e-01   9.1199001e-02   2.3623425e-01   1.5891708e-01   2.2920776e-01  -1.6213634e-01   1.8170268e-01   6.3973028e-01  -2.2380268e-01  -2.3801550e-01  -5.2892566e-02  -3.6429809e-01   8.6325998e-03  -1.3188498e-02   4.9958152e-01  -3.4164998e-01  -1.5065014e-01   1.3788226e-01   4.1120602e-01   5.8440217e-02  -4.6222040e-01  -3.3560570e-01  -1.6413481e-01  -7.8347626e-02   4.3848791e-01   9.1564862e-02  -4.1780528e-02   5.8196916e-01  -2.6923341e-01  -1.3401869e-01  -5.0441045e-01   2.0119311e-01   2.4928005e-01  -1.1484995e-01  -1.2061254e-01   6.9649480e-01  -2.8877680e-01   6.1428765e-02   3.1603754e-01   2.5977086e-01  -1.2663763e-01   1.9946792e-01   7.7236620e-02   5.0089122e-01   2.5282365e-01  -5.2501285e-01   1.0880634e-01  -4.5987446e-01  -2.2388209e-01  -2.0729404e-01  -1.6038952e-01   6.8788168e-02  -2.6478609e-01   6.3163355e-01  -1.8516814e-01   5.6607550e-01   1.7369124e-01   5.1415454e-01  -9.0819336e-03   2.6831041e-01   3.5776738e-01  -3.8446982e-02  -7.8142596e-02   6.3647355e-02  -2.8001990e-01  -3.0304733e-01  -4.6143909e-01  -3.4768646e-01   6.8464678e-02  -1.7133308e-01   1.8971729e-01   4.0555391e-01  -1.8627032e-01   8.9121116e-02   4.1852428e-01  -3.8199078e-01  -1.7647338e-01   2.9079383e-01  -1.9427043e-01  -4.6518734e-01   4.4118987e-01  -1.0390649e-01   9.9775802e-02  -1.5904402e-01  -2.0494209e-01  -2.5143896e-01   6.3540597e-01   4.7224069e-01  -3.6067936e-01  -1.8490134e-01   9.0066545e-02  -3.3300866e-01   3.9625950e-01   6.1188234e-02   3.2800072e-01  -1.0830823e-01  -5.2304255e-01  -7.1044910e-02   3.1064587e-02   5.5125990e-01  -9.3263531e-02   3.4625501e-01  -2.3146488e-01  -2.2669074e-01  -3.7810879e-02  -2.3536804e-01  -7.2775598e-03  -2.6627581e-01  -6.5433582e-02  -4.5211543e-01  -5.8273892e-02   3.0212764e-01  -2.1245601e-01  -3.7689902e-01  -2.5383212e-02  -2.7288202e-01  -4.0737773e-01  -1.8523896e-01  -3.6281064e-01   5.0546835e-01  -1.8024271e-01  -3.3723065e-01  -5.2263975e-02   1.1521526e-01  -5.4038538e-01   3.2522979e-01  -1.6820464e-01  -4.3341497e-01  -1.7029107e-02  -1.8696904e-01   3.6254258e-01  -5.7561416e-01  -3.2052142e-01  -2.4227476e-01   2.0778087e-01   7.2259432e-01   6.5084623e-03  -1.6631376e-01  -1.5053238e-01   1.3894149e-01   2.2941687e-01  -2.5663129e-03
  -1.6307278e-01   2.5510844e-01   0.0000000e+00  -2.1565455e-01   1.3771824e-01   4.9229296e-01  -1.2402560e-01  -1.4404161e-01   8.5676727e-02  -2.0675819e-01  -1.7702664e-01   4.3668274e-01   2.5041664e-01  -2.1114083e-01  -1.8791079e-01   2.5044204e-01   7.0398508e-01  -1.4115519e-01  -9.3743547e-02   4.4714141e-01  -2.6469370e-01   1.7284171e-01  -1.9985778e-01  -1.3363979e-01   9.3427943e-02  -8.2389723e-03   4.2698923e-01  -1.5112680e-01  -2.0996257e-02   1.2938262e-02  -5.0017639e-02   6.7534935e-02   3.9926158e-02  -1.7746746e-01   7.5395496e-02  -2.2585332e-01  -5.0202470e-01   6.5855522e-02   2.7795849e-01   5.7557413e-01  -9.5988023e-03   3.5407214e-01   3.9523595e-01  -9.2707477e-02  -2.1489080e-01   2.4445127e-01   1.7333843e-02  -3.1167866e-01  -1.2590659e-01   6.6771630e-01  -3.5614285e-02  -2.3892563e-01  -3.6094972e-01   3.6831648e-01  -1.8236583e-01  -2.1531828e-01  -4.7951193e-02   6.6720552e-02  -2.2496176e-01   2.1091549e-01   2.8502168e-01   2.2788230e-01   3.2341997e-01  -6.1768786e-02  -2.8327414e-01  -1.2704282e-01   4.0767465e-01   2.3043693e-01  -1.2774682e-02   7.0714782e-01   1.4392930e-01   4.3770523e-02   2.3506926e-02   4.4781854e-01   2.1770832e-01  -6.1207557e-02   3.1876917e-01  -5.4295729e-02  -5.5397646e-02   1.4176085e-01  -7.8586985e-02   2.1162585e-01  -2.5754279e-01   9.2232079e-02   6.4585578e-02  -3.1211381e-02  -4.1805820e-01  -2.2238421e-01   2.2080115e-01  -1.0205743e-01   2.1323307e-01   3.9466266e-01   1.9450477e-01   4.8481407e-02   1.8789977e-01   3.3288939e-01   2.0008493e-01   5.6248575e-03   2.9567052e-01  -4.2113611e-01   1.0271091e-01  -2.3484760e-01  -2.2785135e-01  -2.6140917e-01   6.1096248e-02   3.3474434e-01   2.1022292e-01   6.7426329e-02  -2.7361679e-01  -1.0522100e-01  -2.3198254e-01  -1.1309788e-02   4.4657552e-02  -6.9736132e-02   3.6215332e-02  -4.4303509e-01  -2.0572688e-01   1.4253813e-01   2.5637151e-01  -1.2087021e-01  -4.0852242e-02   3.8550250e-01   3.7797400e-01  -4.8467550e-01   7.3482916e-02   1.7899350e-01  -2.4911308e-01   2.8263199e-01   2.3905327e-01   7.9547512e-01  -1.5114182e-01  -5.1297714e-01   8.1338541e-02  -2.1789332e-01   5.3443678e-01  -3.9493304e-02   2.5062315e-01  -1.1839112e-01  -1.1468349e-01   2.4130978e-02  -3.3543750e-02   8.1012287e-02  -2.8357686e-02   5.5819284e-01  -2.1576382e-01   1.3238325e-01   3.1950626e-01  -1.3366579e-01   7.1510291e-02  -4.9490831e-01   6.4872351e-02  -3.1536742e-01  -8.2029084e-02  -3.3718666e-01   7.9897074e-01  -8.1243507e-02  -9.4050707e-02   4.1289565e-03   3.2962422e-01  -2.7631117e-01   3.3554443e-01   1.3789998e-02  -3.0550182e-01   1.1041684e-01  -3.8606471e-03  -2.3190871e-01  -3.2488538e-01   2.6263186e-02  -6.7101871e-02  -4.5112263e-01   2.9268796e-01   1.2798343e-02  -1.2738082e-01   2.7761299e-01   6.7512088e-02   9.4944334e-02   1.0606242e-01
  -8.7539737e-02  -2.2632911e-02  -2.1565455e-01   0.0000000e+00  -1.0923770e-01  -1.6841629e-01  -1.2907729e-01  -8.4914628e-02  -1.3087773e-01   4.3537496e-02   3.6661141e-01  -3.0595438e-01   7.1472333e-02   1.8604259e-01   2.0185151e-01   1.9729258e-01  -1.4586853e-01   4.0113573e-01   5.6953647e-02  -2.8779679e-01   1.5994137e-01   3.5627426e-01   1.9250457e-01  -8.8137433e-02   1.5855456e-01   8.1661526e-02  -2.5381892e-01  -3.9306522e-03  -9.8493203e-02   4.2750611e-03   7.2832430e-02   3.3209287e-01   2.1113238e-01  -1.7936976e-01  -2.0697448e-01   1.4674281e-01   1.4028322e-01  -1.4711035e-01   1.8764974e-01  -2.7813076e-01   2.6252038e-01   8.2550953e-02  -2.3441471e-01  -5.6510187e-03   7.0515276e-02  -1.2185744e-01   4.5403127e-01  -5.3526904e-02   1.9066805e-01  -2.2130220e-01   3.0418433e-01  -3.0121517e-02   9.2698683e-02  -3.9382208e-02   6.6953888e-02   1.1758115e-01   1.2020860e-01   3.9245383e-01   4.7719386e-01  -3.8532337e-01   1.1731826e-01  -1.9683515e-01  -1.5645787e-01   2.6749587e-01   8.1218525e-02   1.4247486e-01  -4.3050790e-02  -3.9785520e-02   4.9031939e-01  -2.6178822e-01  -9.2224781e-02   2.9397475e-01   2.1729867e-01  -1.6418628e-01   8.0573291e-02   1.2581813e-01  -8.8634328e-02  -1.2819360e-02  -1.7105553e-01   2.5249721e-01   1.2864076e-01   1.6209573e-01   1.0018967e-01   1.8435451e-01  -8.8730748e-02   1.6246351e-01   5.5502754e-02   2.0965275e-01  -9.3221378e-02  -8.0131763e-02  -2.0049483e-01   4.0309701e-02  -2.1435881e-01  -2.0434904e-01  -1.4407561e-01  -2.2866234e-01   3.3722444e-01   7.7651452e-02   2.2948908e-02   6.4295589e-02  -7.7732578e-02   3.7418921e-01   9.4685510e-02   3.4374258e-02   3.0587253e-01   3.6469400e-01  -6.3692455e-02   7.9891056e-02   7.9813934e-02  -2.9005145e-02  -6.4458806e-02   4.7770079e-01   4.3260071e-01  -1.0966747e-01   7.7377928e-02   8.6586305e-02   1.2018434e-01   2.8987094e-01  -2.4313878e-01   6.4731471e-01  -5.2033865e-02  -2.4796004e-01  -3.7572346e-01   2.1470675e-01  -1.8575608e-01  -1.2699537e-01   1.5312497e-01  -1.4762084e-01   2.1559709e-01  -3.6268393e-01   3.4015163e-01   1.0823203e-01   1.4127928e-01   2.6333582e-01  -6.2907556e-02   7.7991320e-02  -1.8420750e-02   1.2706222e-02   1.3604585e-01  -1.9271929e-01  -6.5598150e-02   9.0292834e-02   4.2226909e-01  -1.7654518e-01   1.3859210e-01   7.1563467e-02  -1.4669083e-01   1.8078946e-01  -1.8565028e-02   1.9793024e-01   4.6729671e-02   1.1299285e-01   1.6879846e-01   1.9728715e-01  -3.3741381e-01  -1.4676694e-01   5.7960237e-02   3.2200396e-01   6.8886545e-02   1.8756596e-01  -7.3813511e-03   3.5132978e-01   1.4986780e-01   3.6025867e-01   4.5013099e-01  -2.7830655e-01  -3.4996438e-02  -1.5120852e-01   2.9421941e-02   1.7099060e-04  -2.5786619e-01  -3.9914520e-02   3.2080343e-01  -3.0164090e-01  -7.8793088e-02   1.9880373e-01   3.4822712e-01
  -1.3523623e-01   3.2264775e-01   1.3771824e-01  -1.0923770e-01   0.0000000e+00   2.6133101e-01   1.6239273e-01  -3.4224429e-01   1.5536379e-01   2.8256059e-01  -3.4063251e-01   2.7922145e-01   2.1405224e-01  -3.2729648e-01  -3.1710914e-01   1.1492910e-01   3.3069981e-01  -5.5976931e-02   1.1087969e-01   7.8532659e-01   3.5059914e-02  -8.7084681e-02   3.8686339e-03  -1.6844518e-01  -6.2965425e-02  -3.4818092e-01   3.0159620e-01  -3.0061784e-01   1.6899257e-02   7.6712556e-02  -3.4227733e-01  -1.6754586e-01  -4.8543617e-02   8.0711560e-02   2.9257859e-01   3.7714006e-01  -5.7759372e-02  -2.3989796e-02   1.7585867e-01   2.8348628e-01   1.7121237e-01  -2.3312910e-04   2.6407334e-01  -3.3912215e-01   1.4529869e-01   6.1570357e-02  -8.5959679e-02  -5.1858534e-02   1.5466290e-01   2.7523119e-01  -7.2349114e-02  -3.0193519e-01  -1.1194540e-02   4.3294557e-02  -2.6168295e-01  -3.8977808e-01  -2.6442824e-01  -3.3720969e-01  -1.7177650e-01   2.3388821e-01  -2.4467539e-01   3.5149709e-01   2.0820173e-01  -4.1927475e-01  -1.4485032e-02   6.5616762e-03   4.1547972e-01   1.1108084e-01  -3.8944402e-01  -2.4411193e-02   2.2948717e-01  -1.6100736e-01   2.0461783e-01   7.2893451e-02   8.7515056e-02  -2.2421029e-01   5.2707877e-03  -2.1123027e-01   5.0895706e-01   1.6740849e-01  -3.1530515e-01   2.8217162e-01  -3.2364072e-01  -3.9857211e-01  -2.3178249e-01  -2.4783415e-01  -1.8041447e-01  -3.1603054e-01   1.5100498e-01  -1.8332910e-01   5.1990140e-01  -2.1899651e-01   3.5723374e-01   1.3076375e-01   1.1619057e-01   7.9078105e-01   3.7167218e-02  -2.5292324e-01   4.0921400e-01   7.6499467e-02  -3.9514331e-01  -3.4392267e-01  -2.7422209e-01  -1.8277812e-01  -1.9422680e-01  -6.0756255e-02   5.3202959e-02  -3.9463883e-01   2.3537710e-01   5.7972202e-01  -1.2257776e-01  -2.5491758e-01  -7.1691547e-02  -5.5010995e-02  -3.6616054e-01   2.5609698e-01  -3.6872541e-01   2.1485977e-01  -1.0182079e-01  -2.7935588e-01  -2.0796069e-01   5.6277862e-01   1.0157752e-01  -2.0919208e-01   2.2458532e-02   1.0066618e-01   3.7653395e-02   2.7817334e-01  -1.0794293e-01   1.8713992e-01  -8.9292072e-02  -2.2345052e-02  -1.6605665e-01  -1.4544252e-01   1.4044650e-01  -3.0691047e-01   8.2529935e-02  -3.5735475e-01  -3.1850146e-01  -9.5626528e-02  -2.0743306e-01  -1.2704065e-01  -3.8915966e-01  -6.7748076e-02  -1.2917526e-01  -1.2070304e-01   5.8472844e-02   3.5854290e-01   2.2760024e-01  -8.8878620e-02  -2.9321587e-01  -3.6197710e-01  -4.0675258e-01  -3.1396299e-01   2.9662347e-01  -1.7399962e-01  -1.8620240e-01  -2.9104196e-02  -1.6674314e-01  -3.2353511e-01  -7.1463601e-02  -3.7585923e-01   8.7554644e-03  -1.5613197e-01  -3.9727557e-01   2.7298489e-01  -4.8578338e-02  -2.5640338e-01  -3.6393413e-01   4.9874464e-02   4.8460573e-01  -8.2561005e-02  -1.2497028e-01   1.7675469e-01   2.7655143e-02   2.4359405e-02  -1.3657949e-01
  -2.4043691e-01  -1.1860648e-01   4.9229296e-01  -1.6841629e-01   2.6133101e-01   0.0000000e+00   2.7067733e-01  -2.8555153e-01  -2.7845524e-01   2.2574639e-01  -2.2340739e-03   2.2825785e-01   1.7129161e-01  -1.2181169e-01  -2.5406147e-02   3.1966718e-01   2.5457667e-01   1.6919748e-02   2.8793769e-01   4.7295292e-01   2.0606440e-01   2.3181885e-01   4.5072285e-02  -3.0952953e-01  -8.1990383e-02  -3.6175564e-02   6.8519107e-01  -1.7059161e-01  -3.9365944e-01  -2.6833749e-02  -1.5382862e-01  -7.7241231e-02  -9.8901912e-02   4.0972308e-02   1.5279502e-02   1.9754154e-01  -4.3631275e-01  -1.0660606e-01   2.6255639e-01   6.6119433e-01   2.1896109e-02  -1.1708753e-01  -5.0134809e-02  -2.3877325e-01   9.8169198e-02  -1.1881252e-01   2.1076123e-01  -2.2276050e-01  -1.3945956e-03   3.0069424e-01   1.1892010e-01  -3.2601011e-01  -3.6061109e-01  -6.4161424e-02  -4.1176995e-01   2.8442076e-02   2.1403941e-01  -1.2102060e-01  -1.8416586e-01   1.6100424e-02  -1.7733887e-01   1.6411206e-01  -2.0685030e-01  -1.7930110e-01  -2.0080478e-01   4.0427066e-01   7.8098877e-01  -2.6157564e-01  -3.7254524e-02   4.6321083e-01  -6.8827005e-02   9.1764832e-02  -3.8726442e-02   1.2840349e-01  -1.8111701e-01  -4.5423141e-02  -9.0832277e-02  -2.9042238e-02  -1.0064932e-01  -2.4245106e-01   2.2182568e-01   1.6288997e-01   1.0570713e-01   7.3679328e-02  -1.7231229e-01  -1.0800379e-01  -3.7882248e-01  -2.2692060e-01  -9.0360350e-02  -2.9919997e-01  -9.8529599e-02  -1.7789848e-01   1.4666718e-01   2.8833374e-02  -3.5243777e-02   3.8658254e-01   8.5818305e-02  -2.5450810e-02   2.2781097e-01   1.5500187e-01  -6.0107131e-02  -3.5753334e-02   1.3588145e-01  -3.2356240e-01   1.2535272e-01  -7.1883342e-02   8.0510963e-02  -1.2663672e-02  -1.2419801e-01   7.9535622e-02   1.9338466e-01   1.1048429e-01  -2.3670818e-01  -1.8449566e-01   7.0989395e-02  -3.4231979e-01  -2.5833718e-01   1.0295091e-01   4.2728131e-01  -1.1420781e-02  -3.2620718e-01   8.0377419e-02  -3.2702737e-02  -2.2511795e-01  -1.8400534e-01   2.4290100e-01   3.9467804e-02  -9.7888488e-02   1.7764357e-02   4.9805417e-01  -4.7502690e-02  -1.2201769e-01   7.3112030e-02  -9.9226630e-02   3.3475107e-02  -2.1381946e-01  -1.3307188e-01  -5.8005233e-02  -1.5040378e-01  -1.1068732e-01  -2.6736881e-01   1.3808241e-01   2.2689664e-02   5.6451796e-01   1.7529028e-01   1.2600841e-01   2.0628281e-01   4.2825526e-01   6.7681781e-01  -2.4263841e-01  -4.2267404e-02   5.8551694e-02  -2.7775315e-01  -1.2579301e-01   4.4531471e-01  -2.0810093e-01  -2.3388517e-01   4.7277240e-02  -2.5631788e-01  -3.6860742e-02  -2.0928328e-01   7.3692679e-02  -1.4054647e-02   2.1924292e-01  -1.3123751e-01  -1.7385540e-01   3.2718922e-02  -1.1607315e-01  -2.8790454e-01  -3.0732891e-01   6.4083832e-02  -1.3695729e-01  -2.1971600e-01   6.1915949e-01   8.4104365e-02  -2.4593637e-02  -1.2815158e-01
  -4.5149417e-02  -1.8911612e-01  -1.2402560e-01  -1.2907729e-01   1.6239273e-01   2.7067733e-01   0.0000000e+00  -3.1000544e-01   2.0818341e-01   6.0918442e-01  -1.7564841e-01   4.6557934e-01  -1.4089006e-02  -3.5711287e-02  -8.3854491e-03  -3.6012570e-02  -1.5869019e-01  -8.6403769e-02  -9.3236159e-02   2.4846030e-01   2.2945594e-01  -5.0696995e-02   1.0844094e-02  -1.0458728e-01  -1.6278415e-01  -3.1668374e-01   2.6287111e-01  -1.1986065e-01  -3.4646548e-01   2.5415025e-01  -2.4156814e-01  -3.2085396e-01  -2.0306584e-01   7.2886073e-01   4.1659710e-01   3.9427503e-01   6.2601777e-02  -8.6064827e-02  -3.8588158e-02   9.2583771e-02   8.4999188e-02  -2.9007002e-01   9.3768361e-02  -1.9553700e-01   5.2883451e-01  -8.4284946e-02  -7.8173240e-02   4.6471903e-01  -1.2338740e-01  -1.6829239e-01  -3.3534837e-02  -3.0200316e-01   2.4528752e-01  -3.9577554e-01  -3.1391250e-01   1.1421173e-02  -6.9416687e-02  -2.1621185e-01  -7.4949359e-02   3.3992516e-01  -1.7540908e-01   2.3852256e-01  -2.8317978e-02  -3.9056109e-01   1.0459407e-01   3.9624117e-01   1.7987057e-01  -2.7266442e-02  -3.6272367e-01   7.6172913e-02  -7.6731297e-02   1.3586738e-01   1.3612433e-01  -3.0757572e-01  -2.1910769e-01  -9.3981720e-02  -4.4430354e-02  -3.0774104e-01   3.6648744e-01  -2.6404323e-01   2.7860985e-01   1.9137789e-01   1.7539762e-01  -2.3334527e-01  -1.4596290e-01  -2.7010126e-01  -4.3228131e-02  -2.9831958e-01  -1.5725719e-01  -1.6591586e-01  -1.2536862e-01  -2.7413487e-01   2.4441756e-01   4.8330080e-01  -2.8318063e-02   5.4970544e-02  -1.0302831e-01  -3.8850687e-01   3.0860129e-02   6.0237617e-01  -1.2659409e-01  -2.2108576e-01   1.8532136e-01   1.3241913e-01  -2.3174705e-01  -2.5450399e-01  -3.3591452e-01  -3.5383014e-01   2.8876892e-01   1.7217453e-01   6.5493516e-01  -1.4288358e-01  -2.7040653e-01  -8.4526780e-02  -9.2784970e-02  -4.9724499e-02  -3.9066850e-01   2.4818778e-01   8.5758299e-02  -2.0768961e-01  -1.1799711e-01  -9.1351113e-02   2.8739272e-02   1.1015352e-01  -2.0479034e-02  -7.5364059e-02   2.3047841e-01  -2.5572014e-01  -3.9133575e-02  -3.5933908e-02  -1.3850552e-01   3.2001667e-01  -4.7082936e-02  -9.4986540e-02  -1.9436856e-01  -2.8829379e-01  -3.2160212e-01  -5.3143755e-02  -2.5103846e-01  -1.5357040e-01  -1.0610430e-01  -7.8126133e-02  -3.8194372e-01   1.3614862e-01   1.9777277e-01  -5.7841089e-02   2.3537817e-01   1.3225195e-01   5.7113944e-01   1.4362423e-01  -2.1920412e-01   1.3517483e-01  -2.9033934e-01   6.4375715e-02  -7.9974383e-02  -2.9825870e-03   9.4602636e-03   5.1863912e-03  -3.0718353e-01   3.8159357e-03  -1.6102162e-01  -3.3704989e-01   1.5979286e-01  -1.0054377e-01  -2.8231582e-01   2.8252592e-01   3.6107584e-01  -1.1266462e-01  -1.7210973e-01   7.6413815e-02   2.8272695e-02  -5.7832707e-03   7.7925727e-03   2.1672231e-01   4.3280154e-02  -2.9847734e-01  -1.9540881e-01
   3.5907562e-01  -1.3666776e-01  -1.4404161e-01  -8.4914628e-02  -3.4224429e-01  -2.8555153e-01  -3.1000544e-01   0.0000000e+00  -5.1715817e-02  -2.9997944e-01   2.4228253e-02  -2.6395493e-01  -1.1719814e-01   2.1410045e-01   1.9110041e-02  -3.2525243e-01  -1.7932087e-01  -1.6576436e-01  -1.0254801e-02  -4.0669670e-01  -2.2050299e-01  -2.8569653e-01  -1.2271327e-01   4.3718393e-01  -6.5582829e-02   4.5531654e-01  -2.7520377e-01   3.8862820e-01   2.2352440e-01  -2.0519480e-01   2.6064995e-01   1.6275623e-01   5.2048689e-02  -1.9807228e-01  -2.2646423e-01  -3.3960687e-01   4.3840980e-02  -6.8554788e-02  -2.9018386e-01  -3.2280733e-01  -3.0238539e-01  -9.4046110e-03  -1.8368908e-01   5.7663706e-01  -2.7344294e-01   1.4639617e-01  -2.1106296e-01  -8.3021209e-02  -1.2144926e-01  -1.4715824e-01  -2.1525550e-01   7.8340546e-01   9.9028718e-03   5.8823536e-02   3.6988210e-01   1.7988174e-01   2.4822931e-01   1.3105115e-01  -1.2615675e-02  -1.8011322e-01   4.7717163e-02  -3.3486492e-01  -1.0198831e-01   4.3723770e-01  -7.8666471e-02  -2.3510108e-01  -2.8923697e-01  -2.7925551e-02   2.0985561e-01  -7.3869502e-02  -2.3852412e-02  -1.4259216e-01  -3.3096633e-01   1.4861827e-01  -1.5170248e-01   2.3104925e-01  -1.3240630e-01   2.2042301e-01  -2.8190643e-01  -6.6675536e-02  -1.8380297e-01  -3.9651820e-01   1.2835770e-02   3.3375178e-01   4.1685775e-01   3.9539827e-01   5.1476427e-02   4.1599990e-01  -5.8017062e-02   4.4463235e-01  -1.0308360e-01   1.3998422e-01  -1.6878426e-01  -2.3385541e-01  -1.7778185e-01  -2.1932711e-01  -2.1934768e-01   4.3888524e-01  -2.8538719e-01  -3.9390431e-01   4.0947887e-01   1.7753101e-01   7.1082735e-02   6.2547097e-02  -1.5540408e-01   2.1311802e-02   9.0374846e-02   6.1339853e-01  -1.7729656e-01  -1.6050156e-01  -2.2399045e-01  -2.6155542e-01  -6.8656726e-03   3.3294965e-01   1.4237723e-01   4.5292326e-02   5.9955981e-01  -2.8860766e-01   5.5096172e-02  -1.2055747e-01   4.2514091e-01  -1.9702534e-01  -7.4139601e-02   9.5311481e-02   1.4195927e-01  -8.2080844e-02  -1.5279961e-01  -2.1153110e-01  -4.2599506e-02  -1.5729845e-01  -1.5815982e-01  -1.0277201e-01   9.3730043e-02   2.1478666e-02  -1.0906988e-01   6.5692773e-01  -1.5150296e-01   1.6874821e-01   5.7673818e-01   2.2356579e-01   3.3598930e-01   1.8030081e-01   2.4931497e-02  -1.9133380e-01  -2.1425663e-01  -1.2597623e-01  -2.4228780e-01  -2.3311262e-01  -2.5517049e-01   5.0197708e-03   3.5820311e-01   6.1630674e-02   4.4145082e-01   5.2520343e-02  -2.0293348e-01   3.0869980e-01   4.0759742e-01  -1.6391459e-01   3.0949049e-01   2.2029941e-01   3.7539875e-02   1.1454961e-01   1.0521109e-02  -1.1239545e-01   1.5179093e-01  -7.9395263e-02  -6.8484618e-02   4.5136268e-01   5.2553870e-01   9.0991149e-02  -1.7885864e-01   1.4782163e-01  -1.2364038e-01  -1.0806567e-01  -1.1063099e-01   4.8972659e-03   1.7389203e-02
   8.6001048e-02   2.9779942e-01   8.5676727e-02  -1.3087773e-01   1.5536379e-01  -2.7845524e-01   2.0818341e-01  -5.1715817e-02   0.0000000e+00   5.4732915e-02  -1.6180313e-01   4.2324089e-01  -8.8829974e-02  -2.2388502e-01  -4.3349963e-01  -1.9164621e-01   8.2541680e-02  -1.6672610e-01  -3.3550758e-01   2.2156604e-01  -1.9893162e-01  -1.9887532e-01  -3.8015499e-01  -3.6065915e-02   4.7828707e-02  -5.0109337e-02  -7.0503468e-02  -1.6226929e-01   1.2231066e-01   5.0837939e-01  -2.2151046e-01   4.5289297e-02  -6.9824971e-02   1.9662414e-01   4.1661469e-01   8.6227016e-02   7.1743981e-02  -2.2644447e-01  -5.8350207e-02  -1.3803337e-01  -9.1608433e-02  -1.7334363e-02   5.1437587e-01  -1.7722586e-01   2.1254121e-01   3.3725462e-02  -3.1233738e-01   3.7679668e-01  -1.1109692e-01  -9.8579945e-02  -2.4642373e-01   6.7619028e-02   4.8868212e-01  -1.2456942e-01  -1.4762354e-01  -3.2183608e-01  -2.8425383e-01  -5.6927778e-02  -5.8807522e-02   6.2873392e-01   1.4508285e-01   8.3636333e-02   7.1546426e-01  -7.6637716e-02   4.6606295e-01  -1.4863734e-01  -3.3178172e-01   4.1662057e-01  -2.6358677e-01  -3.5904820e-02   3.5033975e-03  -7.1511135e-02   7.4306986e-02  -1.0242719e-01   6.2273179e-03  -8.7724054e-02   1.5787450e-02  -2.1979927e-01   6.3635060e-01   4.9492604e-02  -2.4019953e-01   8.7782075e-03  -1.5509038e-01  -2.1805780e-01  -1.1792789e-01  -3.6783568e-02   6.7270073e-02  -3.5348425e-01   4.3275747e-01   2.9103229e-02   6.1200172e-01   2.8552560e-02   8.4522765e-02   5.5283565e-01  -1.3671835e-01   8.0470347e-02  -7.8337650e-02  -2.6941381e-01   3.2408107e-01  -1.4189368e-01  -2.2074604e-01  -3.2376290e-01  -1.7581952e-01   6.0386760e-01  -2.2850321e-01   8.4262957e-02  -2.5344226e-01  -1.2935142e-01  -5.4498921e-02   6.2233466e-02  -1.6924231e-01  -2.5266454e-01   7.0499603e-02  -4.6085213e-02  -3.1491163e-01   2.7889221e-01  -1.5136611e-01  -1.3322845e-02  -3.2130496e-01  -3.1233239e-01  -5.6424412e-03   4.2347602e-01   5.4617764e-01   1.3983498e-01   3.7450994e-02  -1.2810269e-01   6.2610139e-02   1.8245737e-03   1.5444523e-02   6.7410316e-02  -1.9179215e-01   1.8720941e-01  -1.3816995e-01  -2.2160059e-01   3.9952896e-01   5.4991022e-02  -8.4065938e-02  -2.1070943e-01  -1.3798824e-03  -1.7358754e-01   3.3913413e-02  -2.8011462e-01  -3.4535206e-01  -1.5058059e-01  -3.8734631e-01  -1.2931083e-01  -3.6835710e-02  -2.1935568e-01  -2.0486807e-01  -1.1364676e-01  -2.5011995e-01  -2.8006324e-01  -1.1672354e-01   1.6384286e-01   1.5989018e-01  -1.0642209e-01   1.0594772e-01  -4.6214102e-03   1.7561220e-01  -2.7158648e-01   3.7873469e-01  -4.2704587e-01   2.5096820e-02  -2.3868830e-01  -1.2825106e-01   3.7535995e-01   1.3661882e-01  -5.8580204e-02  -1.9894614e-02  -1.3885047e-01   3.1038720e-01  -1.8178935e-01   2.0539894e-01  -1.3205711e-01   8.1921142e-02  -4.1194392e-02  -2.4630764e-02
  -5.0943714e-02  -3.2253187e-01  -2.0675819e-01   4.3537496e-02   2.8256059e-01   2.2574639e-01   6.0918442e-01  -2.9997944e-01   5.4732915e-02   0.0000000e+00   7.2774071e-02   5.5791221e-02   2.6256957e-01   5.0641823e-02   1.4215829e-01  -4.6363183e-02  -3.3985290e-01   3.3288957e-01   1.1490748e-01   3.2320825e-01   4.3349238e-01   8.5865641e-02   2.1338533e-01  -1.3754767e-01  -2.9578385e-01  -7.3310555e-02   1.7837262e-01  -4.7946427e-02  -5.4123097e-01   3.4388116e-01  -1.5747345e-01  -1.3221561e-01  -3.2957507e-01   3.4523420e-01   1.1827226e-01   6.4039149e-01   1.8640307e-01  -2.1722254e-01  -2.1072726e-02  -4.7453709e-02   3.6509376e-01  -3.9315155e-01  -2.7436109e-01  -2.5308820e-01   6.2472992e-01  -1.0426663e-01   1.1660737e-01   3.5792618e-01   2.8205436e-01  -3.6194977e-01   2.5078928e-01  -2.5355274e-01   2.3631144e-01  -5.2051197e-01  -1.9076384e-01   7.0781709e-02   3.1687364e-02  -2.0610639e-01   1.1503474e-01   5.8039741e-02  -3.6188944e-01   2.4651073e-01  -2.2984561e-01  -2.8890997e-01   3.6561437e-01   5.9974329e-01   1.2459818e-01   1.0232091e-02  -3.2244391e-01   5.4602167e-02  -2.3124130e-01   2.7554455e-01   2.8921947e-01  -3.5889268e-01  -1.7180131e-01  -7.8359773e-02  -2.3861029e-01  -2.8518319e-01   2.7369582e-01  -1.8856995e-01   2.4564532e-01   2.5613848e-01   2.6144281e-01  -1.7482767e-01  -1.8236290e-01  -1.7641787e-01   1.8648474e-02  -2.7953241e-01  -3.5440537e-01  -1.0856652e-01  -1.3974806e-01  -4.3868144e-01  -7.0056287e-02   3.6548892e-01  -1.5224959e-01   1.4336882e-01  -1.0516183e-01  -2.3459140e-01   2.4069337e-01   5.4011766e-01  -1.2415759e-01   4.0378388e-02   2.1903725e-01   6.8220613e-02  -4.2786022e-02  -1.5922020e-01  -5.4456846e-01  -3.1431553e-01   2.7218967e-01   1.8853325e-01   4.4863204e-01   1.2264052e-02  -2.3032434e-01  -4.7512539e-04  -1.0580140e-02  -6.1782704e-02  -3.0736556e-01   2.0348906e-01  -6.7786035e-03  -9.4795566e-03  -1.4834579e-01  -1.4744652e-01  -2.9612668e-01   3.2754109e-01   2.6263288e-02  -1.0051728e-02   4.6237313e-01  -2.3818797e-01  -7.3617628e-02  -1.5788007e-01  -2.5046206e-02   4.8150255e-01   3.7124637e-02   1.2244475e-01  -3.1260115e-01  -3.8291037e-01  -3.5772433e-01   4.8900602e-03  -2.2414297e-01  -1.5447066e-01  -1.9074310e-01  -1.4157963e-01  -2.3249080e-01  -3.3929200e-02   3.8251094e-01   1.0707551e-02  -1.2746623e-01   4.3719626e-01   6.2562179e-01   2.9277207e-01  -1.7574918e-01   8.5016366e-02  -3.9273888e-01   1.4944349e-01  -2.1798415e-01  -1.3776434e-01  -3.6076915e-02   1.9211825e-01  -4.6241447e-01   9.7876150e-02  -3.4212249e-01  -1.8256137e-01   5.3675938e-01   6.2819288e-02  -1.7638952e-01  -2.6152197e-02   3.8010838e-01  -8.3976572e-02  -3.1761764e-01   4.1583624e-02  -2.1363592e-01  -1.3218426e-01   2.4355546e-01   1.6391734e-01  -4.4149456e-02  -3.2424716e-01  -1.4338428e-01
  -1.8128927e-02  -5.0754914e-01  -1.7702664e-01   3.6661141e-01  -3.4063251e-01  -2.2340739e-03  -1.7564841e-01   2.4228253e-02  -1.6180313e-01   7.2774071e-02   0.0000000e+00  -4.9093471e-01   1.0974066e-01   1.0189520e-01   3.7317849e-01   2.3206843e-01  -4.3128999e-01   7.2441159e-01   1.5943002e-01  -2.4607620e-01   2.2474683e-01   3.4628552e-01   4.7443047e-02   2.4208840e-02  -1.1061727e-01   2.8750850e-01  -9.7855761e-02   1.5098921e-01  -4.0632196e-01   1.5975695e-01   1.9891648e-01   2.4488766e-01  -3.3437409e-02  -3.5300456e-01  -4.2859291e-01   3.9761528e-01  -2.2732513e-02  -3.3339660e-01   1.8690070e-01  -2.9206970e-01   3.2682081e-01  -1.6139475e-01  -4.4586691e-01   1.4197486e-01   2.8247426e-01  -5.4173433e-02   7.1947228e-01  -8.5903056e-02   3.1751227e-01  -4.8384080e-01   6.0919474e-01   1.4270577e-01  -7.3261802e-02  -3.3912189e-01  -1.0120206e-01   3.9707316e-01   2.1135406e-01   3.2865329e-01   4.1411384e-01  -3.6147789e-01  -5.1463485e-02  -7.9520639e-02  -3.1408078e-01   3.9904851e-01   3.9086323e-01   5.5388708e-01  -2.3224960e-01  -1.2866903e-01   4.4227143e-01  -7.0717478e-02  -5.7609540e-01   3.7955982e-01   1.7422226e-01  -4.1354983e-01  -2.1256624e-01  -1.8668013e-02  -2.3469096e-01   7.1980630e-02  -3.6707949e-01   7.4199473e-03   3.4504104e-01   1.2657243e-01   4.7999657e-01   3.0291628e-01  -1.0059609e-01   2.0372196e-01  -4.7592287e-02   1.4520366e-01  -3.4979037e-01  -3.3770113e-02  -3.4633346e-01  -1.6561165e-01  -6.4015420e-01   1.8685765e-02  -2.7079922e-01  -3.8389008e-01   2.1138646e-01   9.4976565e-02   1.4310957e-01  -3.0255646e-02   9.5471074e-02   7.1542695e-01   3.4434896e-01   3.3005501e-02   5.5536904e-01   8.5057017e-02  -3.8816497e-01   2.7951481e-01  -3.0641905e-01  -4.5829606e-01  -7.2484556e-02   5.5578164e-01  -2.8171278e-02   8.6336235e-04   2.6730113e-01  -3.0875046e-01   1.8786407e-01   3.2400801e-03  -6.1857899e-02   4.2812350e-01   4.7225278e-02  -4.2675722e-01  -3.4230463e-01   5.0204013e-01  -2.7741935e-02  -8.6232183e-02   5.0876909e-01  -3.3056958e-01   1.2695217e-01  -3.0705287e-01   3.1106023e-01   5.1602333e-01   1.2098195e-01   9.6872985e-02  -2.4784462e-01   1.0518065e-01  -2.7006543e-01   2.0153592e-01   1.3399352e-01  -1.6275129e-01   1.0511672e-02   1.1628378e-01   6.7701140e-01  -1.4824244e-01   3.0684383e-01   2.6902203e-01  -4.9612029e-01   3.7540868e-01   1.4731836e-01   2.7043399e-02   1.7631907e-03   3.0141883e-01   1.1990954e-01   5.6266977e-01  -4.0184540e-01  -9.5047718e-02   1.1724623e-01   3.3738729e-01  -1.0778562e-01   4.9715685e-01  -5.1188740e-02   5.2207865e-01   5.5151502e-01   3.7323727e-01   3.6329219e-01  -4.8466913e-01   5.0311393e-01  -3.9424408e-03   7.7622274e-02  -3.5341280e-01  -6.3008184e-01  -9.6921697e-02   5.1283547e-01  -7.8622290e-02  -9.4218601e-02  -8.7173855e-02  -7.8563780e-03
  -2.2572108e-01   5.1060741e-01   4.3668274e-01  -3.0595438e-01   2.7922145e-01   2.2825785e-01   4.6557934e-01  -2.6395493e-01   4.2324089e-01   5.5791221e-02  -4.9093471e-01   0.0000000e+00   4.0106216e-02  -4.3657629e-01  -4.0879059e-01   8.2154109e-02   4.3916540e-01  -4.5151255e-01  -2.0714849e-01   4.2683861e-01  -2.4350096e-01  -1.4391682e-01  -3.8599632e-01  -2.9006883e-01   6.7409214e-02  -3.0604247e-01   3.4528780e-01  -4.0406102e-01   5.6803538e-02   1.7532124e-01  -3.1490757e-01  -2.0563696e-01   5.7820379e-02   5.4762042e-01   5.6471604e-01  -9.6371454e-02  -8.8372242e-02   9.2098373e-02   1.8090230e-01   4.1882976e-01  -5.8216224e-02   4.3690303e-02   7.0236594e-01  -2.5534675e-01   1.2293560e-01  -3.0371332e-02  -3.0780580e-01   2.6217613e-01  -2.4361611e-01   4.8148812e-01  -3.3580944e-01  -2.7257504e-01   1.9065465e-01   6.0724812e-02  -3.2053689e-01  -3.4850473e-01  -3.4701199e-01  -3.0808027e-01  -2.5041700e-01   7.6686399e-01  -4.3897486e-03   1.4673321e-01   4.8785618e-01  -4.7685585e-01  -9.2980072e-02  -1.4057433e-01   2.7753532e-01   1.9634252e-01  -3.1257423e-01   2.8658247e-01   4.7564185e-01  -2.4982812e-01   6.9864955e-02   1.6493720e-01   3.8584158e-02  -2.2827883e-01   1.2988690e-01  -1.1539554e-01   5.6179541e-01  -4.7257548e-02  -2.6826666e-01   1.4554148e-01  -2.4605426e-01  -2.3138577e-01  -2.6977232e-01  -3.1296593e-01  -1.9096740e-01  -5.3338008e-01   4.0429078e-01  -2.7709192e-01   4.0141703e-01  -8.0068726e-05   6.4493243e-01   4.3696974e-01   1.6564361e-01   3.4788818e-01  -4.2697530e-02  -3.1595592e-01   5.7810292e-02  -6.9340164e-02  -2.1773845e-01  -5.5996610e-01  -2.1013644e-01   1.6356564e-01  -3.5896911e-01  -2.5525117e-02   5.7084509e-02  -2.3572303e-01   9.8261545e-02   3.0591312e-01   1.9408779e-01  -3.4378582e-01  -7.5983734e-02  -2.4828995e-01  -4.2872028e-01   9.7813228e-02  -3.7215667e-01   2.2119902e-01   1.1008233e-01  -4.0205890e-01  -2.4454427e-01   5.4401255e-01   6.4950436e-01  -3.5116677e-01  -1.4315580e-01   3.4384123e-02  -2.0745749e-01   1.3292956e-01  -7.7835178e-03   5.8087552e-01  -1.6324289e-01  -2.5636512e-01  -3.0326070e-01  -1.4917975e-01   4.2860658e-01  -2.1068342e-01   1.1590968e-01  -2.4877165e-01  -3.8616638e-01  -1.2360627e-01  -1.9314244e-01  -5.0135565e-02  -4.6338519e-01   3.1003278e-01  -3.3651514e-01  -1.1072193e-01   5.0130951e-01  -1.5195309e-01   2.7476032e-02  -2.2550289e-01  -3.5589169e-01  -3.5059584e-01  -3.4861721e-01  -2.5692553e-01   6.6587144e-01  -1.1422931e-01  -2.4126413e-01  -8.8930581e-02  -3.8245718e-02  -4.8923722e-01   2.5849642e-01  -3.5345494e-01  -2.5043853e-01  -1.9593547e-01  -3.4571430e-01   4.2005498e-01  -1.5144283e-01  -2.5306458e-01  -2.4788255e-01   8.3307025e-02   6.4623845e-01   1.9398949e-02  -2.2068871e-01   2.2391960e-01   5.9361569e-02  -1.9677900e-02  -1.7459195e-01
  -3.5252509e-02  -5.8642899e-02   2.5041664e-01   7.1472333e-02   2.1405224e-01   1.7129161e-01  -1.4089006e-02  -1.1719814e-01  -8.8829974e-02   2.6256957e-01   1.0974066e-01   4.0106216e-02   0.0000000e+00  -9.5865755e-02   3.2382096e-03   2.2199045e-01   1.2400396e-01   2.6181344e-01   2.3223844e-02   3.7560829e-01   1.4479078e-02   1.7334557e-01   9.7677997e-03  -1.0814511e-01   3.6307487e-02   8.8694432e-02   1.6930302e-01  -1.3444915e-01  -2.3574588e-01   1.2476653e-01  -1.0688935e-01   4.4202520e-02   2.9962167e-02  -1.0218464e-01   7.3503918e-02   3.1262693e-01   1.3262687e-01  -7.8707243e-02   3.1678475e-01   1.7322439e-01   5.8628895e-01   1.7351210e-01  -8.2845910e-02  -1.3348684e-01   1.4151263e-01   7.5329021e-02   2.0780124e-01  -6.3006805e-02   1.5457603e-01   8.9460090e-02   3.4113990e-01  -9.2477044e-02  -6.8352683e-02  -4.4473648e-02  -1.8313539e-01  -1.6720714e-01   7.5433223e-02   6.0373503e-02   2.9269603e-02  -1.1545755e-02  -9.7773637e-02   2.7468450e-01  -6.1880242e-02   1.7193689e-02   7.8273798e-02   1.5633841e-01   1.2661123e-01   1.2680076e-01   4.1017896e-03   2.2669989e-01  -6.6045817e-02   1.7656724e-01   4.1537329e-01   9.2185057e-02   2.0262046e-01  -2.9229695e-01   3.9283829e-02  -1.7282766e-01   3.1724007e-02   2.8586746e-01  -7.1890918e-02   3.5500298e-01  -7.9935042e-02  -3.1377465e-02  -3.0880844e-02  -9.1753703e-02  -6.4863036e-03  -2.9832479e-01  -1.4213785e-01  -6.6715532e-02  -3.1935804e-02  -5.1926717e-02  -7.3661650e-02   2.0206114e-02   2.0245142e-02   2.7682803e-01   2.5752648e-01  -7.2331470e-02   2.4381489e-01  -2.6753173e-02  -1.3839213e-01   1.4124925e-01  -1.1965699e-01  -8.7311592e-02   1.0201860e-01   1.2891076e-01  -2.3381373e-01  -1.1000123e-01   1.4433155e-01  -1.4524494e-02  -5.6008793e-02   7.3407183e-02  -2.7785459e-02   5.1885077e-02  -4.9514494e-02  -6.3712067e-02  -2.5936412e-01   5.1165035e-01  -9.3059882e-02   1.6723196e-01  -1.2520881e-01   6.7963660e-02  -1.0710477e-01   6.0769636e-03   4.7333228e-03   1.4601474e-01   1.7985407e-01   2.0641183e-01   4.6075690e-02   1.7972601e-01   1.1220570e-01  -1.1389572e-02   7.5213907e-02   7.4441622e-02   6.6269516e-02  -2.5515651e-01   1.4596160e-01  -1.1469054e-01  -1.6564603e-01  -1.1163196e-01  -1.3250634e-01   2.2965589e-01   1.4962193e-02  -3.7899553e-02   1.7039997e-01   3.9510665e-02  -8.5967331e-02   1.5214174e-01   9.9754847e-02   4.1699622e-02  -1.1565302e-01  -2.6170182e-01  -3.0590739e-01  -6.0796564e-02   2.1331040e-01  -1.5247877e-01  -1.1441902e-01   2.5256481e-01  -1.1929407e-01  -8.5613684e-02  -2.2153037e-02  -2.8463595e-02   1.9703832e-01   9.5515419e-02   1.2694285e-01  -1.3022557e-01   2.9109113e-02  -3.8809666e-02  -3.1402030e-01  -1.6430356e-01  -3.6462931e-02  -1.6956666e-01   1.8772181e-01   4.0876302e-03  -1.5871750e-01  -4.9366134e-02   4.4539909e-02
   1.5160111e-01  -3.0757510e-01  -2.1114083e-01   1.8604259e-01  -3.2729648e-01  -1.2181169e-01  -3.5711287e-02   2.1410045e-01  -2.2388502e-01   5.0641823e-02   1.0189520e-01  -4.3657629e-01  -9.5865755e-02   0.0000000e+00   2.8061659e-01  -1.5977689e-01  -2.8781594e-01   1.4543696e-01  -1.0670363e-01  -2.9701500e-01   3.5124917e-01   7.2222224e-02   3.5710172e-01   2.9554424e-01   2.6973904e-03   1.3823524e-01  -3.3341075e-01   6.2879507e-01  -1.1540442e-01  -6.4903494e-02   3.1696439e-01   1.1588753e-01  -3.9926206e-02  -1.9301356e-01  -1.1745366e-01  -1.8805092e-02   5.2986696e-03  -1.0192056e-01  -1.5147432e-01  -3.5946282e-01  -5.1439995e-02   8.2987683e-03  -4.0945563e-01   2.5296144e-01   2.0434308e-02  -3.3894315e-02   8.3122521e-02  -1.5756563e-01   1.6907765e-01  -3.2029036e-01   9.9312859e-02   1.9205958e-01  -1.8269166e-01   7.3548831e-02   4.3349040e-01   4.2105785e-01   2.1476831e-01   1.9800690e-01   4.6263983e-02  -3.9991243e-01   9.0652683e-02   4.7631638e-02  -1.9207986e-01   2.3246268e-01   8.4809017e-02   9.5715195e-02  -2.3592034e-01   7.3468720e-02   9.1407897e-02  -1.0353564e-01  -3.4365975e-01   3.9035682e-01  -8.3395670e-02   3.0845985e-03  -4.1051984e-02   3.8429162e-01   3.6574946e-02  -1.4406498e-01  -2.9062636e-01   2.2694132e-02   4.8885970e-01  -1.2111105e-01   2.3994531e-01   1.8324465e-01   3.7798913e-01   1.6518848e-01   2.8178117e-01   4.8214403e-01  -2.0444008e-01   2.3937667e-01  -4.0223214e-01   1.6697507e-01  -3.4475023e-01  -5.9186204e-02  -4.2264847e-02  -3.4261216e-01   1.1252863e-01   1.4692435e-01  -6.9519489e-02   1.7450643e-01   4.0409462e-01   2.9217112e-01   4.2187482e-01  -1.4586798e-01   1.8329492e-01   8.9712712e-02  -4.3794444e-02   6.5793738e-02  -8.6627379e-02  -3.2215054e-01   1.2523434e-02   2.4914015e-01   1.6381152e-01   1.3153858e-01   6.3395804e-01  -2.2598087e-01   1.6107159e-01  -3.9054813e-02   1.0374571e-01   3.0401348e-01   2.6727609e-01  -3.8585447e-01  -3.2431976e-01   2.2515925e-01   3.0645864e-02   1.0964769e-01   1.2973558e-01  -8.7976358e-02   1.5972645e-01  -3.9495536e-01  -1.6621721e-01   3.8495172e-02   3.9790382e-01   1.3350797e-02  -1.4534587e-01   3.2895779e-01  -1.2136877e-01   2.9813398e-01   3.3581994e-01   2.2045598e-01   1.8855279e-01  -5.9811549e-02   1.3018259e-01   2.6783291e-03   2.2564971e-01   6.8316457e-02  -1.3529451e-01  -8.7382563e-02   8.4086613e-02   1.7973352e-01   4.1931919e-01   4.3325556e-01   2.3923555e-01   2.4904423e-02  -4.4046310e-01   1.6339735e-01   2.7817216e-01   9.7111709e-03   1.8323167e-01   3.9904932e-01   1.2974883e-03   1.3602959e-01   9.8559188e-03   1.8219794e-01   2.3504663e-01  -3.4667370e-01   1.0111167e-02   2.7719187e-01   2.5525662e-01  -1.3328855e-01  -4.6888523e-01   1.3396597e-01   9.7551153e-02  -1.6153973e-01   9.5720326e-02  -1.1757985e-01   1.2324669e-01
