   0.0000000e+00  -3.7589539e-01   6.6642423e-02  -2.8266567e-01  -1.2705418e-01  -2.2830689e-01  -3.0655476e-01   1.6142949e-01   1.4782750e-01  -2.1475755e-01  -2.8362739e-01  -3.9509170e-01  -8.0661066e-02   4.9260740e-01  -1.9531927e-01  -4.0074717e-01   5.0594967e-02  -2.9898098e-01  -3.8994751e-02  -1.8738536e-01  -1.2855513e-01  -2.0576069e-02  -2.6742037e-01   7.2144304e-01   6.0818182e-02   7.4247927e-02  -2.7695544e-01   1.4563197e-01   2.0354710e-01  -3.1179342e-01  -1.5915350e-01  -1.5323854e-01  -2.5647251e-01  -3.1472063e-01  -5.5667477e-02  -2.3767456e-01  -2.2997605e-01   5.9801512e-01  -3.7564116e-01  -2.2383010e-01  -3.6253905e-01  -1.6510586e-01  -1.3685013e-01   4.4673081e-02  -2.6979004e-01   6.1236147e-01  -2.4563545e-01  -4.0840590e-01   1.7853148e-02  -1.3715907e-01  -2.2894234e-01   1.1172561e-01  -3.1183646e-01  -1.9534451e-01   4.2479572e-01  -1.7914046e-01   6.4098341e-02   7.5393512e-02  -4.3438723e-01   1.8294667e-02   3.0901620e-01  -5.2771872e-02  -9.1134704e-02  -1.7772658e-01  -1.6000672e-01  -1.8266285e-01  -3.4821757e-01  -9.9241262e-02  -2.4910277e-01   1.9107842e-01  -3.1424984e-01  -2.2847297e-01  -4.7979513e-01  -1.3567132e-01   1.0761747e-01   1.0772461e-01   2.9067906e-01   6.2995631e-02  -1.2793142e-01  -2.1065071e-01  -2.7203007e-01  -4.5303310e-01  -2.8772546e-01   3.2994200e-01   4.6763100e-01   1.0732753e-01  -1.9119614e-01   6.1554481e-01   1.0417774e-01   7.6991697e-01  -1.5236054e-01   1.8944238e-01  -2.9953988e-01   1.1815500e-01   4.6370326e-01  -1.7716696e-01  -1.6020009e-02  -3.5623014e-02  -2.8805397e-01  -1.4607240e-01   3.6304106e-01  -2.7177972e-01  -6.9271601e-02   5.7406629e-02  -2.2223311e-01  -1.1227308e-01  -1.2033397e-01  -1.4598943e-01  -1.5313687e-01  -3.9442978e-01  -3.0801938e-01  -1.4171791e-01  -2.5178474e-01   8.8117492e-01   1.5704246e-01  -1.2567202e-01  -5.4195933e-02  -2.8343835e-01  -1.1165266e-01  -3.3498426e-01   4.2451609e-01  -2.0163828e-01  -3.0823405e-01  -3.3517473e-01   6.6888665e-01   3.4144100e-02  -3.1282392e-01   2.7656133e-03  -5.6683118e-02   2.5262757e-02  -3.5321518e-01  -3.4250637e-01   3.2513883e-01  -1.3342377e-01   1.8129198e-01   9.1796669e-02   4.5537631e-02   2.7520274e-01   4.1953649e-02   8.1746628e-01   7.7816782e-01   1.0494637e-01  -1.0883972e-01  -9.7472736e-02  -1.8463354e-01  -1.8003958e-01  -4.0460450e-01  -1.8763439e-01  -2.4493672e-01  -4.2382097e-02   4.3222504e-01   2.2715785e-03   1.3781554e-01  -2.4762727e-01  -3.1419913e-01   8.5211132e-01   3.3140838e-01  -3.5766536e-01   4.6914924e-02  -1.7392346e-01  -1.6102127e-01  -6.5579408e-02  -1.1301365e-01  -2.9263610e-01  -1.1149326e-01  -2.4568519e-01  -2.3384631e-01   2.2659395e-01   2.8690143e-01  -3.8684638e-01  -2.1453443e-01   6.0767052e-01  -4.3847840e-01  -1.1554569e-01   2.8013351e-01  -2.2754824e-01  -1.6271950e-01
  -3.7589539e-01   0.0000000e+00  -2.8878608e-03  -1.0512042e-01   4.8298319e-01  -2.8495150e-01   1.5675943e-01  -8.6745050e-02   4.3675682e-02  -7.2774866e-02  -1.2453235e-01   6.7421412e-01  -1.8752171e-01  -3.4466883e-01   1.1445666e-02   2.7781947e-01   3.6290545e-01  -1.2976520e-01  -7.0415684e-02   1.4525303e-01  -2.7887424e-01  -1.8184481e-01  -1.1423875e-01  -2.4648150e-01  -7.6543932e-02  -5.2885960e-02   1.6000082e-01  -1.0762604e-01  -6.1142360e-02  -8.7237302e-02   1.9591618e-01  -1.4043298e-01   2.7557975e-01   3.7601531e-01   3.9219851e-01   1.1433246e-01   3.2925731e-01   7.1728316e-02   3.5912531e-01   2.1558264e-01   1.7130389e-01   1.6915963e-01   5.6309881e-01   2.4203970e-02   2.4323337e-02  -4.6322021e-01  -1.7774704e-01   9.8347691e-02  -1.4150669e-01   3.7823305e-01  -3.4021765e-01  -3.8442144e-02   6.2111768e-01   2.1060156e-01  -3.3439396e-01  -8.3749990e-02  -4.5683612e-02  -2.3465335e-01   1.9919850e-01   2.8413815e-01  -8.4668982e-02  -1.1301292e-01   4.6050388e-01   1.8322112e-01   3.8231284e-01  -1.1828161e-01  -8.4400954e-02   9.9861715e-02  -1.6368975e-01  -3.9146775e-01   6.4800339e-01  -2.3383816e-01   3.2709061e-01   7.2569039e-02  -2.2115075e-02  -2.7073418e-01  -2.0748924e-01  -1.0531120e-01   6.1167055e-01   1.1985992e-01  -8.1230511e-02   1.0236790e-01   2.3126003e-01  -2.1630874e-01  -1.2634418e-01  -2.2355422e-01  -5.9709420e-02  -2.9019152e-01   1.7816942e-01  -4.6496152e-01   6.2899805e-01  -4.6286528e-02   1.9904627e-02  -1.2222347e-01   3.4330854e-02   1.5305159e-01  -3.9576595e-01   1.5063311e-01   1.6857413e-01  -2.4192319e-01  -2.8761272e-01   6.4370675e-02  -2.1034363e-01  -6.2547408e-02  -2.2585705e-01   2.2596498e-02   1.9639141e-01  -6.4799028e-02   1.5186246e-02   1.0869680e-02   1.9774441e-01  -2.5889522e-01  -1.5530216e-01  -2.9450009e-01  -2.0982771e-01   5.6248691e-01   1.0319344e-01  -5.9252197e-02  -4.0925198e-02  -7.5945211e-02  -2.8005549e-01   5.4486235e-01   2.6452629e-01   5.7309594e-01  -4.0817872e-01  -2.0995606e-01   4.9175762e-03   2.7636146e-01  -1.3404820e-01   1.9268485e-02   2.4665382e-01   4.0588175e-01   1.0266190e-02   2.1793454e-01  -7.1014541e-02  -1.3829998e-01  -1.9895322e-01  -1.2643874e-01  -1.6863424e-01  -2.6807141e-01  -2.2007568e-01  -1.2542534e-01  -3.1377116e-01  -2.5396077e-02   3.9459757e-02  -1.5411075e-01   3.2655017e-01  -1.7601229e-01  -2.2343849e-01   4.3844854e-02  -2.8163812e-01  -1.1097248e-01  -5.2466552e-02   5.7236556e-01   5.7604224e-01  -2.5335838e-01  -2.7976058e-01   8.4657798e-02   7.4393784e-02  -8.7313690e-02   1.2611498e-01  -2.0041256e-01  -2.0917894e-01  -2.9610194e-01   8.8892323e-02   6.2276969e-01   4.4811484e-02  -2.4207555e-01  -1.3622596e-01   5.2476347e-01   5.9567247e-01  -2.7969403e-01  -4.0974584e-02  -1.1361985e-01  -1.9617662e-01   1.1263631e-01   1.4139990e-01
   6.6642423e-02  -2.8878608e-03   0.0000000e+00  -2.1460275e-01  -5.5029936e-02   2.1858553e-01   1.2394818e-01  -2.5348516e-02   3.5341048e-02  -3.5740830e-02   6.0620134e-02   1.7461486e-01  -5.5561872e-02  -2.2540300e-01  -1.1663662e-01  -8.9995282e-02   3.8369307e-01  -7.7771732e-03   1.1086223e-01   4.2751251e-02  -7.3790623e-02  -7.3382043e-02  -1.5442811e-01   3.0478360e-02  -6.2482811e-02   2.3365239e-02   3.9596305e-01  -3.1136165e-03  -9.9862894e-02   1.4464759e-01  -1.0972715e-01  -2.1482823e-01  -1.1779418e-01  -1.1870070e-01   5.3786761e-03   9.1607868e-02   6.2799137e-02  -1.0029175e-01  -6.6440077e-02   3.1015668e-01  -3.8676528e-02  -1.4372222e-01   5.4375326e-02   2.9374229e-02   3.4414108e-02   2.2255405e-02   1.8790509e-01   6.8244098e-02  -1.7588276e-01   1.2044619e-01  -1.9804024e-02   1.3762979e-01  -1.3981332e-02  -3.0737266e-02  -1.2791183e-01   7.0308551e-03   2.5764248e-02  -1.2839097e-01  -8.7516449e-02  -1.4733396e-02  -8.2959327e-03  -9.6931062e-02   2.2827628e-02  -1.0043982e-01  -1.2656959e-01   1.6585257e-01   1.7061499e-01  -8.3550595e-02   4.0897417e-02   6.0416025e-01   1.2996593e-01  -2.9082245e-02  -5.3156371e-02   1.3616966e-02   3.4638098e-02  -1.0508056e-01   1.7597258e-02  -1.6312502e-01  -1.8161631e-01  -1.4681932e-01  -1.8884052e-01  -1.2588375e-01   7.7007276e-02  -7.1348415e-03  -1.6383553e-02  -1.2452165e-01  -5.7973588e-03  -1.5231940e-01   1.8142277e-01   7.1757776e-02  -6.5473317e-02   7.9135935e-02   1.9214888e-02   3.8356698e-02  -1.0519696e-01   1.0114561e-01  -8.0932021e-03   7.7729398e-02   8.0430282e-02   1.0446073e-02  -8.5345580e-02  -1.5670212e-01   1.2033587e-01  -1.1149756e-01  -1.1088152e-01  -6.8145892e-02  -1.0333386e-01   1.4576647e-01  -1.3333293e-01   1.4607625e-01  -1.1174263e-01  -8.0641128e-02  -8.1838260e-02  -2.7248395e-02   1.2569717e-01  -1.3290519e-02   1.3338232e-01  -2.5774601e-02   2.1212643e-01  -3.1863983e-01  -1.2888457e-03  -5.1282484e-02   1.4834206e-01  -7.3133425e-02   2.9299239e-02  -3.1434508e-01  -1.3870169e-02  -3.0989625e-02  -1.5340237e-01   5.3270962e-01  -8.4203717e-02  -1.1473178e-01  -6.5934023e-02   8.6174231e-02   1.4299785e-01  -6.9277802e-02  -1.6714601e-01  -4.3371383e-02  -1.1036551e-01  -1.7769311e-02  -2.5829176e-02  -3.1791977e-02   1.1645977e-01   3.3469996e-01  -1.7768051e-01  -1.4688172e-01   2.1924595e-01   2.6209672e-01   1.2699490e-01  -1.1320174e-01  -1.7718239e-02  -1.5361930e-02  -5.8680414e-02  -1.0389932e-01   2.7610761e-01   7.1337021e-02  -4.6200426e-02  -1.4279356e-01  -1.4908615e-02   8.1489061e-02   9.5007186e-03  -1.8630922e-02   1.7886308e-01   7.8657556e-03  -1.2016098e-01  -1.2703276e-01   8.3925192e-02   8.4722456e-02  -8.7088404e-02  -7.8015130e-02   2.9642392e-02   8.0302417e-02  -2.9347214e-02   4.5937127e-01  -1.0665841e-01  -4.3226459e-02  -1.3646656e-01
  -2.8266567e-01  -1.0512042e-01  -2.1460275e-01   0.0000000e+00  -3.4601229e-02   1.2266324e-01   3.0233774e-02   5.9112667e-02   2.0870039e-01  -1.1804911e-01   8.8469044e-02  -1.3679918e-01  -4.8068666e-04  -7.1903882e-02   1.5423913e-01   2.0310238e-02  -3.8557347e-01   3.1351753e-01   1.4044975e-01  -1.1481444e-01   3.9971689e-02   5.4606298e-01   6.4064364e-02  -2.3174174e-01   1.4378430e-01   5.4754851e-03  -1.2197279e-01  -1.1414196e-01   7.1720193e-02   2.7028288e-01  -9.2720345e-03   7.2673151e-01   1.0149702e-01  -1.4526965e-01  -2.0224401e-01  -4.5430592e-02   1.0355997e-01  -4.4905291e-01  -1.2256764e-02  -3.2706746e-01   1.2835463e-01   1.5380850e-01  -1.0267350e-01  -2.6296435e-01  -7.1381747e-02  -1.3830927e-01   1.3688905e-01  -5.3255177e-03  -7.6900612e-02  -2.3137460e-01   3.6556782e-01   5.5468716e-02  -1.4008037e-01  -6.3566761e-03  -1.5137422e-01   1.5666361e-02   2.9147588e-01   6.3080716e-01   5.1012347e-01   2.0090902e-01  -1.0326026e-01  -2.2813135e-01  -1.9439375e-01  -6.2172071e-02  -2.5084496e-01  -1.8533522e-02   1.1403754e-01   2.9751566e-01   4.0710026e-01  -1.1708603e-01  -1.7999946e-01   5.6083184e-01   1.3000701e-01   1.2412075e-01   1.3567523e-01   3.8690628e-01   2.5034187e-02  -1.1366228e-01  -2.6271061e-02   1.7514001e-01   1.1517854e-01   1.7841972e-01  -1.5369237e-01  -1.2642348e-01  -5.7575885e-02   3.5893842e-01  -9.5478274e-02  -1.1567847e-01  -4.2934809e-01  -1.8838401e-01   2.2058606e-02  -5.1910988e-03  -1.3476551e-01   1.3299040e-01  -2.6346672e-01  -1.2600709e-01   2.4920925e-01   1.8070653e-01   1.7498564e-01   2.2749954e-01  -8.6983768e-02   1.1311270e-01   1.9739975e-01   2.6911569e-01   6.0799407e-01   6.1416813e-01   6.5526013e-02   3.6268674e-01   3.1424869e-02   1.6607634e-03  -1.0255184e-01   5.8001791e-01   6.4201176e-01  -3.2122254e-01   1.9345745e-03  -1.6538297e-01   3.8804561e-02   1.6860885e-01  -1.5866850e-01   7.2890828e-01   1.5729859e-01  -6.4717371e-02  -3.9957202e-02  -5.6387942e-02  -1.1594362e-01   1.0854548e-01   1.0617504e-01  -6.8658473e-02   6.2475400e-01  -3.0181410e-01   1.5738460e-01  -2.0808608e-01   3.4608391e-02  -1.9363681e-01   1.5555541e-01   2.9571423e-01   2.1327782e-01  -3.1238545e-01   2.7856785e-01  -2.3826788e-01  -1.2828171e-01   1.4776518e-02   2.1639840e-01  -1.8615815e-01   1.6182090e-01   3.5414180e-01  -9.7245607e-02  -7.7662188e-03   4.2040683e-02  -1.8519453e-01  -1.0439843e-01  -3.4773538e-02   3.8358853e-01  -1.6913791e-01  -2.4072486e-01  -2.4042108e-01   2.0258650e-01   3.1866473e-01   1.1212549e-01   1.9026252e-01   2.2744089e-01   2.9113454e-01   3.4332555e-02   5.0857554e-01   5.3403501e-01  -2.5133336e-01  -9.3157485e-02  -2.3903352e-01   3.3833983e-01  -1.3309410e-01  -9.1594417e-02  -2.1840500e-01   4.3876321e-01  -9.8951224e-02  -3.6713112e-02   2.1865722e-02   5.9387225e-01
  -1.2705418e-01   4.8298319e-01  -5.5029936e-02  -3.4601229e-02   0.0000000e+00  -2.0003627e-01   1.0748816e-01  -4.5738849e-01  -1.2450599e-01   1.6557682e-02   1.2641306e-01   3.4417441e-01   2.8447418e-01  -3.8639026e-02  -2.6990479e-01   4.7049076e-01   2.5301978e-01   9.9829975e-02  -3.8645748e-01   7.1741901e-01  -3.2418984e-01  -3.9587899e-01  -1.6951544e-01  -1.3143278e-01   2.0059940e-01  -4.1631184e-01   3.3890852e-01  -2.9579016e-01   1.8870797e-01  -1.5277615e-01  -2.2941122e-01  -2.1931054e-01   4.1843745e-01   4.4103178e-01   2.5345551e-01   5.8061197e-01   3.5073882e-01   2.9286386e-02   5.6730522e-01   4.2395014e-01   5.5499101e-01   3.5217043e-01   5.0476018e-01  -1.7955344e-01   1.5739424e-01  -5.3666206e-01   2.0761710e-01  -8.2729416e-02  -1.0701756e-03   2.0047186e-01  -5.1471097e-02  -4.3332504e-01   3.6187275e-01   3.2352125e-01  -1.1774123e-01  -2.5548329e-01  -3.6871559e-01  -3.2069430e-01   3.9055891e-01   6.3044243e-02  -3.9211875e-01   2.0324180e-01   8.7530322e-02  -2.7090829e-01   1.1470445e-01   3.7002089e-02   5.8001710e-02   2.0850938e-01  -1.3951849e-01  -2.4156149e-01   3.6954097e-01  -2.3318458e-01   4.2336051e-01  -6.2515905e-02   1.2196507e-01  -3.7781744e-01  -4.9009041e-01  -1.4191910e-01   6.3387750e-01   5.8000277e-01  -4.3098468e-01   3.3321572e-01   3.6209762e-01  -4.1730353e-01   6.7466170e-02  -3.8832325e-01  -2.7651545e-01  -9.6316907e-02   8.6675663e-02  -3.1025174e-01   6.9386169e-01  -2.1262057e-01   3.5228604e-01   7.1820885e-02  -1.4967030e-01   6.7718723e-01   1.2339266e-01  -2.0107577e-01   5.7960262e-01  -5.5809194e-02  -1.2685752e-01  -1.0410594e-01  -2.9335035e-01  -3.2558570e-01  -3.3198179e-01  -1.4411890e-01   4.5919135e-01  -1.6106059e-01   2.4438192e-01   1.4568525e-01   3.1522543e-01  -3.6212487e-01  -8.7848353e-03  -8.8063220e-02  -2.9052109e-01   5.4924641e-01  -1.7735000e-01   3.7715827e-01   5.9526124e-02  -6.0212612e-02  -4.6760739e-01   7.8354796e-01   3.2222755e-01   1.6988500e-01  -4.7119584e-01  -2.2087953e-01   7.4165828e-02   2.9053705e-01  -3.1504190e-01   1.1725246e-01   3.3937332e-01   3.7549824e-01  -1.9868361e-01  -2.5358520e-01  -2.0453879e-01  -4.3015149e-01   1.5883915e-01  -3.1967804e-01  -4.4090849e-01  -2.1788444e-01  -6.4941371e-03   8.1417468e-02  -1.3940092e-01  -1.0698614e-01  -1.0305378e-01  -3.1058318e-01   3.0886444e-01  -1.9738730e-02  -7.6128959e-02  -2.2876114e-01  -2.1736976e-01  -3.5270057e-01  -1.6483791e-01   3.5030637e-01   6.1050362e-01  -1.7468053e-01  -4.6842623e-01   4.3781308e-01  -1.5546157e-01  -3.9402073e-01   2.9246959e-03  -1.8782406e-01  -2.6319687e-01  -1.9171884e-01  -1.3271228e-01   5.4532315e-01   2.7934595e-01  -1.4837314e-01  -2.3724068e-01   5.3159207e-01   3.9960999e-01  -4.0264919e-01  -1.1783659e-01  -5.0187780e-02  -2.3360753e-01   3.6674899e-01  -1.1323929e-01
  -2.2830689e-01  -2.8495150e-01   2.1858553e-01   1.2266324e-01  -2.0003627e-01   0.0000000e+00   4.5854041e-01   1.4851241e-01  -2.1543807e-01   1.8674738e-01   1.9340089e-01   5.1261836e-02  -1.2652440e-01  -9.0807607e-02   2.6324065e-01   6.9422895e-02  -5.9443934e-02   1.3846610e-01   2.8239782e-01   5.3974933e-02   2.1944694e-01   1.8286792e-01   5.4742596e-02  -1.4704629e-01  -2.4625706e-01   1.8115662e-01   2.8796177e-01  -7.2837848e-02  -2.8161431e-01   4.3733779e-01   5.6706386e-02   1.0766670e-01  -3.6265625e-02   5.3637674e-02  -2.1133701e-01   8.7948006e-02  -3.5080756e-01  -3.3472546e-01  -5.2667917e-03   1.7846378e-01  -1.1977840e-01  -1.6823834e-02  -2.9730100e-01  -2.4546120e-02   1.9674837e-01  -1.5652807e-01   2.5364326e-01   4.0397080e-01   8.6568942e-02  -1.4414155e-01   2.9763885e-01   1.3865925e-01  -2.5823845e-01  -1.8930779e-01  -1.5968178e-01   1.8034864e-01   1.6539922e-01   1.4664462e-01  -5.4195624e-02  -1.0228865e-01  -8.4623862e-02   3.4844128e-01  -4.0119586e-01  -3.0929678e-02  -2.3629076e-01   4.0104593e-01   8.3686453e-01   3.9254993e-02   4.3718698e-01   3.2958426e-01  -1.3115202e-01   2.6847138e-01   3.5956433e-02   8.6918616e-02  -2.3420454e-01   1.1975616e-01  -4.6330344e-02   2.1432335e-02  -2.9541282e-01  -2.3124442e-01   3.7028978e-01   1.3016961e-01   6.1084037e-02   1.8979054e-01  -1.3016121e-01   5.9069939e-02   3.6163758e-02  -3.2937206e-01  -3.5176840e-01  -2.8433741e-02  -3.9004798e-01  -9.0559409e-02   4.2033063e-01   4.8952191e-02  -3.0347455e-01   2.0276895e-01   3.2772515e-02   1.0692237e-01   1.4647384e-03   1.4751764e-01  -2.6756895e-02   1.1958074e-01   4.9805881e-01  -6.6875274e-02   2.5712290e-01   7.8526221e-02  -3.5540306e-01   3.5837714e-01   9.1220524e-03   3.8019638e-01   1.9335650e-01   2.7091145e-01  -8.8131666e-02  -2.9305985e-01   8.7941725e-02  -4.1221317e-01   1.0098399e-01   6.1153631e-03   2.9056119e-01   2.0627706e-01  -1.9526295e-01  -2.3342381e-01  -7.1142417e-02  -1.3990775e-01  -1.6889357e-01   1.0476797e-01   1.8477818e-01  -3.9249870e-01   8.4076932e-03   1.1112849e-01   8.7453167e-02   3.0092625e-02  -3.6114541e-01  -2.7159897e-01  -1.1559177e-01   1.0436475e-01  -1.3612731e-01   5.1487673e-02   1.1821490e-01  -2.8968658e-01  -2.2764643e-01  -1.0952740e-01   2.5208136e-01   3.9150659e-01   3.2041046e-02   1.6845723e-01   1.4256541e-01   2.6069170e-01   3.3928688e-01  -1.5769125e-01  -1.8959549e-01   3.2953645e-01  -1.9413644e-01  -3.1066282e-01   6.4353950e-02  -1.8916863e-01  -1.6979091e-01  -5.3607029e-02  -9.1497183e-02   2.8271069e-01   5.3817987e-02   1.0320432e-01   2.1725931e-01   3.2663315e-01   3.2063787e-02  -1.5691834e-01   2.3981234e-01   1.8548434e-01  -1.9777731e-01  -8.6514616e-02  -1.3776644e-01  -2.1946588e-01   2.1242390e-01   6.6486102e-01  -2.7588295e-01   1.4663621e-01   5.2018151e-02
  -3.0655476e-01   1.5675943e-01   1.2394818e-01   3.0233774e-02   1.0748816e-01   4.5854041e-01   0.0000000e+00  -2.5442456e-01  -2.7062436e-01   2.3542809e-01   3.4233989e-01   4.9329728e-01  -5.4956628e-02  -1.6199721e-01   4.9474615e-01   1.1380554e-01   2.7474067e-02   2.9291017e-01  -1.8321208e-01   2.3164678e-01   1.2091898e-01  -1.4833050e-01   1.8645713e-01  -1.1315412e-01  -9.4917668e-02  -1.3981656e-01   3.0644244e-01  -1.4229238e-01  -1.7790451e-01   5.5097116e-01   1.6072099e-01  -8.2243452e-02  -9.5016119e-04   3.7777227e-01   1.9851727e-01   3.3407799e-01  -3.5296665e-02  -3.3596754e-01   1.0907826e-01   3.0810716e-01   6.2795340e-02  -1.4990724e-01  -1.2180810e-01  -1.5314310e-01   4.1347143e-01  -3.7227651e-01   3.8099562e-01   7.2312557e-01  -1.3500555e-01  -8.8202986e-02   4.2571063e-01  -2.2955457e-01   1.1990582e-01  -1.1369998e-01  -2.5421381e-01   1.0297519e-01  -3.2404522e-01  -1.9057705e-01   1.1456542e-01   7.0850030e-02  -2.5017200e-01   2.6933200e-01  -3.2493445e-01  -1.9276116e-02  -8.2064640e-02   5.0023871e-01   4.1121776e-01  -1.8145750e-02   1.1421861e-01   1.5855765e-01   2.5281788e-01   2.5709219e-01   1.8832298e-01   6.9619396e-02  -2.2050952e-01  -2.1667292e-01  -2.3734800e-01  -2.4310372e-01  -8.6783433e-02  -5.4090413e-02   1.8051955e-01   1.7045959e-01   2.6329690e-01  -2.4710145e-01  -7.8733478e-02  -2.1395317e-01   1.9491276e-01  -3.4322988e-01  -3.2074181e-01  -2.5749782e-01  -8.1795323e-02  -2.0575282e-01   4.5211684e-01   1.5440155e-01  -4.0725587e-01   2.1799004e-01   4.6952472e-02  -2.2114924e-01   2.1987399e-01   4.3963586e-01  -7.0654325e-02   2.3115109e-01   2.8314213e-01  -1.2899629e-01   1.9714403e-01  -1.0178200e-01  -1.1774296e-01  -1.4363304e-01   9.1186640e-03   5.5015529e-01   5.4823437e-01   5.9785939e-03  -1.4193017e-01  -3.6288612e-01  -4.3332997e-02  -2.3984698e-01  -1.4743372e-01   9.9677358e-02   1.8300357e-01   6.3788402e-02  -3.4179167e-01  -5.9281865e-02   9.8635808e-03   2.0198255e-01  -3.9052840e-01  -2.6953029e-02   5.3829059e-01  -2.1106447e-01  -1.9136410e-01   1.6435712e-01   2.3042969e-01   2.1781460e-01  -4.7048465e-01  -1.7135947e-01  -3.0422614e-01  -2.7047889e-01  -1.5440036e-01  -1.1320104e-01  -2.1447935e-01  -3.5780389e-01  -1.1140824e-01  -2.2804363e-02   6.0493072e-02   2.6431653e-01   3.1659507e-01   1.3661231e-01   5.6777927e-01   3.9682152e-01   4.1795479e-01  -5.6032206e-02  -1.7464785e-01   1.1363867e-01  -2.8240290e-01   1.0758395e-03   3.4380733e-01  -1.4237403e-01  -3.0172563e-01   1.1833859e-01  -2.4404205e-01   1.6285403e-01   5.1347498e-02  -1.2687536e-01   3.1734408e-01   3.7642661e-01  -2.3065381e-01  -5.1920061e-02   5.0878149e-01  -1.7569734e-01  -2.4472851e-01   1.9315038e-01  -6.5608622e-03  -3.2466937e-01   3.7535141e-01   3.7880678e-01  -3.8194733e-01   1.2831733e-01  -2.3049211e-01
   1.6142949e-01  -8.6745050e-02  -2.5348516e-02   5.9112667e-02  -4.5738849e-01   1.4851241e-01  -2.5442456e-01   0.0000000e+00   2.2589602e-01  -3.8467215e-01  -3.4298553e-01  -2.0621180e-01  -5.5238446e-01  -1.8454984e-01   3.0349448e-02  -2.6264927e-01  -3.7287461e-04  -4.0400812e-01   6.5515294e-01  -5.2483344e-01  -7.7711809e-02   4.4991435e-01  -1.8703379e-01   1.2552159e-01  -2.9524919e-01   7.7951872e-01  -3.0721813e-01   1.1906572e-01  -1.1555953e-01  -2.3977135e-01   1.7407685e-01   2.9260740e-01  -7.3920037e-02  -2.1746116e-01  -1.7671746e-01  -4.9967893e-01  -2.1812418e-01   1.7048528e-01  -2.8789819e-01  -3.4343469e-01  -4.9363687e-01  -4.3069265e-02  -1.1065367e-01   1.8736186e-01  -3.0372791e-01   4.5770444e-01  -5.0859970e-01  -1.6442851e-01  -1.8248587e-01   6.3577820e-02  -3.2530141e-01   8.2760332e-01  -9.5554044e-02  -2.1647767e-01  -1.8539589e-01  -3.3208449e-02   6.2206864e-01   4.3949308e-01  -3.5441512e-01   6.2191203e-02   4.8997110e-01  -2.3464474e-01   8.0469309e-02   3.9254840e-01  -1.4016104e-01  -2.6415663e-01   1.2176855e-01   1.3206312e-01  -2.6809967e-02  -9.7280341e-02  -2.1320465e-01  -2.2052896e-02  -2.8533189e-01  -1.1958631e-01  -1.2367418e-01   5.5680642e-01   5.4760534e-01   2.0022098e-01  -1.5652076e-01  -4.7856530e-01   2.5159265e-01  -3.3318453e-01  -3.6466696e-01   7.2797382e-01  -1.8322740e-01   5.4497481e-01  -2.2459100e-01  -6.8150213e-02  -1.0909969e-01   2.5160359e-01  -2.2932374e-01   3.5414503e-01  -4.5040621e-01  -1.8533510e-01   3.9915902e-01  -4.1883876e-01  -4.4035693e-01   6.1275115e-01  -5.3389992e-01  -2.3028095e-01  -1.4217395e-01   1.1807004e-01   1.9520249e-01   1.2771860e-01   6.4188468e-02   4.1591670e-01  -3.4325458e-01   4.0011808e-01  -3.0610870e-01  -2.8103260e-01  -3.3953794e-01   1.7808464e-01   1.2901144e-02   1.4531193e-01  -7.4632617e-02  -1.3771193e-01   2.5073386e-01  -5.3812190e-01  -2.4219959e-01   1.7868288e-01   4.5660041e-01  -2.5439860e-01  -2.0722238e-01  -1.6539859e-02   4.3410382e-01   7.7495722e-03  -3.2012141e-01  -2.3102211e-01   4.1408149e-01  -2.9828401e-01  -1.2148829e-01  -1.7630082e-01   2.6975794e-01   8.2720362e-02   2.4837421e-01   7.3984280e-01  -3.0080598e-01   1.3007729e-01   6.2245092e-01   2.7960741e-01  -2.1482327e-02  -1.2900558e-01   8.8256872e-03  -1.7346305e-01   9.4234260e-03   1.6406540e-01  -2.6249898e-01  -2.7500539e-01  -3.8783874e-01   5.8624760e-02   2.2976456e-02   3.0323039e-01   3.0038226e-01  -2.6761350e-02  -3.1100602e-01   1.8651912e-01   4.2495601e-01  -3.8771705e-01   4.3175626e-01   3.2503133e-01   2.0484540e-01   4.7336487e-03  -1.9627656e-01  -1.7204928e-01   5.4824446e-01  -1.4032938e-01  -2.6912642e-01   1.9688874e-01   3.2516664e-01  -2.7162696e-01   9.4943143e-02   3.6311506e-01  -1.6502063e-01   1.0826668e-01   3.7425185e-02  -2.4398819e-01   5.1489658e-01
   1.4782750e-01   4.3675682e-02   3.5341048e-02   2.0870039e-01  -1.2450599e-01  -2.1543807e-01  -2.7062436e-01   2.2589602e-01   0.0000000e+00  -3.0919285e-01  -2.7046663e-01  -9.9888568e-02  -6.9894032e-02  -2.3280919e-01   1.5494784e-02  -2.8574165e-01  -2.8444286e-02  -1.2524113e-01   3.2382094e-01  -3.6860716e-01  -2.3850003e-01   4.2697184e-01  -1.2081733e-01   1.2218435e-01  -3.5998063e-03   3.3761281e-01  -2.4188095e-01   1.7218427e-01  -7.7879779e-02  -1.3248341e-01  -2.7205005e-02   2.0582748e-01  -1.8037911e-01  -2.0199142e-01   1.0644252e-01  -2.8322532e-01   5.7880460e-02   1.4478009e-01  -2.5638004e-01  -1.9018612e-01  -1.5046215e-01  -1.3982209e-01   2.0424116e-02   1.0009530e-01   1.1604408e-02   2.3281946e-01  -2.5999371e-01  -2.7490012e-01  -5.9561286e-02   8.3725960e-03  -1.6466497e-01   3.3877422e-01  -2.8476584e-02  -1.5398362e-01  -9.1996032e-02  -3.7145462e-02   3.6799381e-01   3.5172357e-01  -6.2167746e-02   3.4486748e-01   2.8517134e-01  -2.3056146e-01   4.6658908e-01   2.2861543e-01   3.6365129e-02  -3.1182332e-01  -1.6537403e-01   1.9636775e-01  -1.4112678e-01  -1.4599919e-02  -4.6956204e-02   1.9343865e-01  -1.5359238e-01  -7.4591627e-02   2.3030318e-01   1.6043393e-01   3.3455302e-01  -5.4818821e-02   4.6769961e-02  -1.6615472e-01  -1.6664806e-01  -1.2536936e-01  -2.2541307e-01   1.5738510e-01  -1.5063649e-01   2.1652291e-01  -8.9431621e-02   1.9923697e-02   2.7049318e-01   2.0387175e-01   1.7349596e-01   2.2893081e-01  -5.0370073e-01   2.5195352e-01   1.5770407e-01  -3.3133766e-01  -2.1305956e-01   4.3834889e-01  -1.0022006e-01  -1.4250018e-03  -4.3892729e-02   1.5353126e-01  -2.0849861e-01   5.3708507e-01   2.1681068e-01   2.2665080e-01  -2.0861008e-01   2.0046337e-01  -2.6344891e-01  -2.7561310e-01  -2.5840531e-01   1.1213641e-01   2.9520053e-01   9.5581446e-02   5.9403002e-02   1.7563980e-01   1.7099515e-01  -6.8982506e-02  -1.9106027e-01   1.4220285e-01   4.4248879e-01  -1.5113106e-02  -1.5792526e-01  -2.2987136e-02   2.9789811e-01  -2.0726136e-01   7.9752956e-02   1.2388322e-01   5.3084793e-01  -1.4780770e-01   5.6422240e-03  -2.4152256e-01   2.9314831e-01   2.7471154e-01   5.2567080e-01   2.3554726e-01  -1.1045366e-01   1.0984474e-02   2.0924815e-01   2.4483346e-01   1.9899533e-01   2.0043442e-01   6.3384406e-02  -7.8495554e-02   1.0398711e-01  -8.3381570e-03  -1.0263434e-01  -7.1856754e-02  -3.3038692e-01   1.1175424e-01   2.1231794e-01  -1.4182864e-01   4.4599155e-01   8.9164172e-03  -1.3248863e-01   2.6358545e-01   3.9876071e-01  -1.6786367e-01   2.3425239e-01   1.7239513e-02   2.2372783e-01   1.4833181e-01  -5.4981015e-02  -1.1327785e-01   3.2062042e-01  -1.2094072e-01  -1.8574494e-01  -5.4408040e-02   4.1017157e-01  -1.8906456e-01   2.6087599e-02   2.4533076e-01   1.9173882e-01  -4.2595836e-02   1.1690552e-01  -3.5631233e-01   4.5827778e-01
  -2.1475755e-01  -7.2774866e-02  -3.5740830e-02  -1.1804911e-01   1.6557682e-02   1.8674738e-01   2.3542809e-01  -3.8467215e-01  -3.0919285e-01   0.0000000e+00   3.3927864e-01   1.6242789e-01   2.1779334e-01  -4.3873214e-02   2.7053773e-01   2.1893982e-01  -9.2734699e-02   2.3480492e-01  -2.1180768e-01   2.7412064e-01   3.1316031e-01  -2.7943056e-01   3.4596867e-01  -2.5647620e-01  -6.8281345e-03  -2.4064486e-01   1.8281156e-01  -1.9388955e-01  -1.9998171e-01   2.4712313e-01   1.4685293e-01  -1.7500537e-01  -2.7907857e-02   1.6721388e-01   1.3576700e-02   3.0729859e-01   4.3772908e-03  -6.1449716e-02   1.7060026e-01   2.6885687e-01   2.3006565e-01   1.1842640e-02  -1.5700956e-01  -5.7151217e-02   3.3097887e-01  -3.1849578e-01   3.6548691e-01   1.7517454e-01   3.2782773e-01  -7.2230359e-02   2.9169938e-01  -3.2447426e-01   9.4842879e-02   1.0733640e-02   3.7394266e-02   5.3980227e-02  -3.2367834e-01  -3.3316558e-01   2.9094632e-01  -1.6788782e-01  -2.3273282e-01   3.4141933e-01  -1.4484624e-01  -8.4964064e-03   2.6078638e-01   4.5613513e-01   1.8203783e-01  -1.7056487e-01   5.1914348e-02   1.3278698e-02  -4.6366529e-02   4.7021778e-02   2.3064952e-01   2.3786585e-02  -2.4415130e-01  -3.5190092e-01  -2.1803691e-01  -8.6126623e-02   2.8922225e-03   1.5681463e-01  -5.6333313e-02   3.8108381e-01   1.9510268e-01  -2.1503385e-01  -2.1760122e-02  -3.7927850e-01   1.0337936e-01  -1.3792886e-01  -6.0158141e-02  -2.5693248e-01  -5.4633402e-03  -1.5946872e-01   5.1347042e-01   1.5202493e-01  -1.9484032e-01   1.6932679e-01   1.0221939e-01  -3.7208242e-01   2.0123214e-01   2.8386081e-01   3.8877557e-02   2.5105016e-01  -6.4641153e-02  -8.5116914e-02  -1.1508115e-02  -3.0932086e-01   5.7016243e-03  -2.3106425e-01   4.6697630e-01   2.6393164e-01   4.0911700e-01  -5.2172509e-02  -1.1098628e-01  -2.0814707e-01  -2.1084984e-02  -2.4326960e-03  -2.8454808e-01   2.9937872e-01   1.9471147e-01  -1.3762580e-01  -3.3314856e-01  -5.1763983e-02   1.9889538e-02   1.3251065e-01  -3.4947317e-01  -6.2250330e-02   2.9365778e-01   1.5930247e-02  -2.8947536e-01   9.3782907e-02   1.1250810e-01   3.8944714e-01  -1.8958764e-01   1.9487858e-01  -9.9818038e-02  -3.8876897e-01   2.3286191e-02   1.5905485e-01  -2.8220870e-01  -2.8962562e-01  -2.2212257e-01  -3.8885076e-02   6.8833505e-02   1.6038810e-01   1.9055919e-01   3.9698676e-02   1.3344184e-01   3.1780204e-01   4.6632018e-01   1.3167859e-01  -1.1024088e-01  -1.3293254e-01  -3.2688712e-01   1.6330314e-01   1.8390431e-01  -2.7357801e-01  -3.1973306e-01   3.3209059e-01  -1.9702186e-01  -1.5472959e-01  -1.6776149e-01  -4.1301550e-02   3.1169019e-01   1.5329703e-01  -3.6104622e-01   1.6769152e-01   3.9902910e-01   7.7842208e-02  -3.3834872e-01   1.8542850e-01   6.5359712e-02  -2.8160900e-01   7.2289836e-03   1.6514583e-01  -2.4643172e-01   1.9581764e-01  -3.2801262e-01
  -2.8362739e-01  -1.2453235e-01   6.0620134e-02   8.8469044e-02   1.2641306e-01   1.9340089e-01   3.4233989e-01  -3.4298553e-01  -2.7046663e-01   3.3927864e-01   0.0000000e+00   1.1676768e-01   2.7577583e-01  -3.5981958e-02   2.6580262e-01   4.2802029e-01  -1.9723273e-01   7.2141850e-01  -1.5987856e-01   3.3471933e-01   1.3075793e-01  -1.9542177e-01   2.5388301e-01  -3.6288197e-01   1.6221871e-01  -3.4736942e-01   2.0451972e-01  -2.9366518e-01  -1.7515913e-01   4.1229371e-01  -7.6498398e-03   1.6732165e-02   1.1943918e-01  -8.8989376e-02  -2.1308497e-01   5.1744904e-01   5.5496228e-02  -2.8759050e-01   3.5047421e-01   1.4103371e-01   4.5562582e-01   6.3189285e-02  -2.6134141e-01  -4.4095809e-02   4.2157180e-01  -3.2295544e-01   8.5687325e-01   2.4452955e-01   1.4843390e-01  -3.1000905e-01   8.0555668e-01  -3.5081262e-01  -8.5455474e-02   2.4077345e-02  -5.5715232e-02   9.7522458e-02  -3.0946784e-01  -1.7957710e-01   5.1054064e-01   1.7448972e-02  -3.4935856e-01   3.2441371e-01  -2.7855763e-01   1.1350029e-01   1.0923362e-02   3.0075905e-01   1.6685765e-01  -1.0249346e-01   3.9601830e-01   1.5613631e-01  -8.8851101e-02   2.9180477e-01   4.0576607e-01   5.4751739e-02  -6.0017520e-02  -2.5152577e-01  -3.5710600e-01  -1.5143032e-01  -7.4196980e-02   3.9044573e-01  -1.1372993e-01   4.4373678e-01   2.7737554e-01  -3.9715787e-01   4.6253256e-02  -2.6342634e-01   8.1279105e-02  -3.1723699e-01  -1.4816345e-01  -2.6562757e-01  -8.3695700e-02  -3.3398573e-01   4.1232444e-01   1.8772720e-01  -3.8322276e-01   3.1629638e-01   3.4076854e-01  -3.4941265e-01   4.6146670e-01   3.9456531e-01  -1.2801842e-02   2.3934304e-01   8.4432806e-02  -2.0026420e-02   2.3865641e-01  -1.3688755e-01   1.9910158e-02   2.3462164e-02   1.7833340e-01   3.3735392e-01   3.0808089e-01   1.6660026e-01   3.4480480e-02  -2.7010271e-01   2.3596519e-02  -1.6844100e-01  -1.5477057e-01   4.6022081e-01   1.0435417e-01   7.2657155e-02  -3.9814849e-01  -2.2361028e-02   1.7724409e-02   9.1082462e-02  -4.0517325e-01  -6.1781085e-02   4.5132984e-01  -1.7356780e-01  -9.6763377e-02   5.4405982e-02   2.5962226e-01   2.5273326e-01  -2.0307866e-01  -5.7927235e-02  -2.2790862e-01  -3.4576447e-01   1.8832660e-01  -7.1486093e-02  -2.6849924e-01  -3.6323864e-01  -1.7745055e-01   1.9115761e-02   5.2428704e-01   4.9011753e-02   2.7705683e-01   1.7500687e-01   1.2357461e-01   4.9404614e-01   4.3551857e-01  -1.0970500e-01  -1.9212540e-01  -2.5058366e-01  -1.6463768e-01   1.8770535e-01   7.6756871e-02  -3.4995426e-01  -3.5506832e-01   5.2297793e-01  -2.5247249e-01  -7.5707931e-02  -2.5167400e-01   2.8536540e-01   2.5900701e-01   5.2857747e-01  -2.2412299e-01  -1.1500782e-01   5.1564159e-01  -4.2901386e-02  -2.9105159e-01   9.7186907e-02  -6.1001706e-02  -4.3377165e-01   3.6813609e-01   1.3419100e-01  -2.8066902e-01   3.3664955e-01  -2.8420445e-01
  -3.9509170e-01   6.7421412e-01   1.7461486e-01  -1.3679918e-01   3.4417441e-01   5.1261836e-02   4.9329728e-01  -2.0621180e-01  -9.9888568e-02   1.6242789e-01   1.1676768e-01   0.0000000e+00  -1.4225246e-01  -2.7553180e-01   1.8676385e-01   2.5833610e-01   3.8433775e-01   2.5236320e-02  -2.1810771e-01   2.0916692e-01  -1.4987330e-01  -3.2495875e-01  -1.5116604e-01  -1.0393239e-01  -5.3046387e-02  -1.1669409e-01   2.8609821e-01  -1.9309192e-01  -1.2846329e-01   1.5912865e-01   4.0911038e-02  -3.2797793e-01   1.5488083e-01   3.3936905e-01   4.9925084e-01   2.6204958e-01   8.7117758e-02  -7.9002936e-02   2.3225160e-01   3.0566866e-01   9.2502293e-02   6.7453630e-02   3.9329918e-01  -7.0369850e-02   3.5788174e-01  -4.8707095e-01   8.8502356e-02   2.9011352e-01  -5.7214574e-02   2.6712238e-01  -3.1291314e-02  -2.1595807e-01   3.1100690e-01   1.9974261e-01  -1.8408978e-01  -9.4418081e-02  -2.1706701e-01  -3.4967465e-01   1.2637974e-01   4.1421767e-01  -2.3432537e-01   1.7258354e-01   2.0799015e-01   1.2377728e-02   3.2724241e-01   1.7881717e-01   1.5049765e-01   1.0745849e-01  -1.0672574e-01   1.7995231e-02   4.6285428e-01  -2.2464724e-02   2.4113745e-01   1.6569242e-01  -9.0533083e-03  -4.3091845e-01  -3.8040882e-01  -4.5308689e-02   2.9853759e-01   9.5283872e-02  -1.4701686e-01   1.1205400e-01   2.7364705e-01  -2.9969506e-01  -7.1435487e-02  -4.5308008e-01   1.8805770e-01  -2.5297709e-01   5.8182345e-02  -3.5397850e-01   3.2127095e-01  -1.4111980e-01   2.2725760e-01   1.8528752e-01  -2.1301709e-01   3.0079907e-01  -1.8961929e-01  -3.3229693e-02   2.7824240e-01  -7.0571666e-02  -2.2301469e-01   2.0270354e-01  -9.1348226e-02  -6.9287781e-02  -2.4520488e-01  -2.1196409e-01   8.0739526e-02  -1.5910091e-01   4.4080400e-02   2.3554584e-01   2.3825945e-01  -2.2289446e-01  -2.1421487e-01  -3.0101905e-01  -2.4229953e-01   1.1604339e-01  -9.3696399e-02  -7.0932107e-02   7.7240933e-02  -1.3749124e-01  -4.3680386e-01   3.2903370e-01   2.3580266e-01   3.2486984e-01  -4.2986549e-01  -2.3414308e-02   1.8675779e-01   1.8844572e-01  -3.5218129e-01   3.2396143e-01   1.0993385e-01   3.0951716e-01  -1.7299791e-01   7.0695421e-02  -1.7580306e-02  -3.8107285e-01  -1.1899733e-01  -1.0184410e-01  -3.9480817e-01  -4.1068323e-01  -1.7699975e-01  -1.7711925e-01  -2.5861797e-01   1.6567169e-01   1.3285492e-01  -2.1703687e-01   4.8151330e-01   1.5197470e-01   2.7666119e-02  -4.6949635e-02  -1.9603909e-01  -6.3975024e-02  -2.4833060e-01   3.0007119e-01   5.8268644e-01  -2.3287957e-01  -4.8179504e-01   6.0311996e-02  -5.6338032e-02  -1.4810953e-01   1.4350532e-01  -2.8448294e-01   6.3149316e-02  -7.2932603e-02  -1.5363682e-01   3.0110862e-01   2.6082301e-01  -1.9298991e-01  -3.0171031e-01   3.0435295e-01   3.2533151e-01  -3.2909300e-01   1.0018865e-01   9.4426084e-02  -3.5868805e-01   2.6035220e-01  -7.3198447e-02
  -8.0661066e-02  -1.8752171e-01  -5.5561872e-02  -4.8068666e-04   2.8447418e-01  -1.2652440e-01  -5.4956628e-02  -5.5238446e-01  -6.9894032e-02   2.1779334e-01   2.7577583e-01  -1.4225246e-01   0.0000000e+00   2.1241088e-01  -2.7771021e-01   3.1531489e-01  -1.7948858e-01   2.1615912e-01  -4.4219895e-01   4.6493464e-01  -4.2230530e-02  -3.3345451e-01   9.0183271e-02  -1.2504544e-01   2.3225408e-01  -6.6068515e-01   3.2767757e-01  -1.1756752e-02   1.3047837e-01  -1.0131161e-01  -1.6739633e-01  -2.8612184e-01   2.3119023e-01   1.0453483e-01  -2.9338175e-02   4.4982392e-01   1.9911862e-01  -1.5931856e-01   3.5780432e-01   4.1975081e-01   6.3951077e-01   1.5935098e-01  -1.2237306e-01  -2.0974356e-02   7.8824129e-02  -3.2027134e-01   3.6046504e-01  -2.6076619e-02   2.9275695e-02  -8.2006283e-02   2.6186201e-01  -6.1230145e-01   4.5636901e-02   1.9986340e-01   1.9275305e-01   2.9655979e-02  -4.9586460e-01  -3.3022702e-01   2.8842880e-01  -2.8789098e-01  -5.5349438e-01   1.2264418e-01  -3.1028480e-02  -1.8623232e-01   4.6839445e-02  -1.5605837e-02  -5.3533642e-02  -2.5382510e-02  -2.3870213e-03   1.3313698e-01   7.9818325e-02   2.6782045e-02   3.4637316e-01   2.2061023e-02   2.3300505e-01  -4.5429251e-01  -5.0469632e-01  -5.8473432e-02  -5.4955709e-02   5.4218708e-01  -2.4035420e-01   4.7425461e-01   2.4501030e-01  -4.0827954e-01   1.9387413e-02  -4.5206286e-01   2.8469270e-02   1.3932401e-01   1.9071398e-01  -1.0839553e-01   6.1557366e-02  -3.7795071e-01   2.1887679e-01   6.8817274e-02  -2.8119906e-01   2.8411709e-01   4.8286579e-01  -5.0409422e-01   3.5583680e-01   7.8453716e-02   1.1167495e-01  -1.1596001e-01  -1.5762184e-01  -1.9213686e-01  -7.8542279e-02  -3.5049281e-01   3.0388683e-01  -3.2729344e-01   2.0779710e-01   1.2645617e-01   2.1047357e-01  -2.1145617e-01   1.0233682e-01  -2.7700937e-02   6.7565929e-02   8.1800855e-02  -2.2875383e-01   7.0831399e-01   1.6418241e-01  -7.6473940e-02  -3.2851219e-01   1.7515038e-01   2.0639469e-01  -1.1821191e-01  -2.6683416e-01  -9.1539854e-03   1.1817774e-01   3.0739065e-01  -3.0874808e-01   2.4319772e-01   3.3184616e-01   8.0577617e-02  -2.7026357e-01  -6.5992914e-03  -2.1908736e-01  -5.8575040e-01   4.1412003e-01  -7.8682549e-02  -5.4629841e-01  -1.6420243e-01  -1.0287487e-01   4.1855714e-01   6.5219882e-02  -1.7524171e-02  -1.1291082e-01  -2.0357395e-01   2.0432194e-01   9.4112772e-02   1.5310714e-01   3.7413448e-03   1.9000221e-01  -2.2300568e-01  -1.5822170e-01   1.3504886e-02   1.6548290e-01  -2.6252681e-01  -4.0543164e-01   4.0511922e-01  -4.2911699e-01  -3.3621181e-01  -2.6930593e-01   4.4980365e-02   1.2225396e-02   3.1750730e-02  -4.2747419e-01   1.3294177e-02   1.0512843e-01  -1.3819896e-01  -3.8076337e-01   1.7469112e-01  -1.5470250e-01  -2.4713795e-01   3.0458847e-02  -1.6579006e-01   3.2242958e-02   2.5284584e-01  -4.0518688e-01
   4.9260740e-01  -3.4466883e-01  -2.2540300e-01  -7.1903882e-02  -3.8639026e-02  -9.0807607e-02  -1.6199721e-01  -1.8454984e-01  -2.3280919e-01  -4.3873214e-02  -3.5981958e-02  -2.7553180e-01   2.1241088e-01   0.0000000e+00  -1.6746411e-01  -8.1775069e-02  -6.3984215e-02  -1.2911386e-01  -2.6465027e-01   5.9464401e-02  -1.0747534e-03  -1.5534373e-01  -1.8145831e-01   5.5770372e-01   1.8243639e-01  -2.3501816e-01  -1.8395575e-01   2.4559443e-01   1.7547419e-01  -1.6283832e-01  -1.8588599e-01  -1.3488100e-01   6.6126279e-02  -1.7423063e-01   9.4339828e-03  -5.5131937e-02  -2.4575651e-01   1.9437738e-01  -7.3676191e-02  -2.2917406e-01   1.6333068e-02   1.2495942e-01  -8.0600884e-02   1.7478784e-01  -2.1870787e-01   3.1050006e-01  -3.9507085e-02  -1.9911886e-01   5.0371864e-02  -3.0772708e-01  -1.0088450e-02  -2.6602632e-01  -4.0890702e-01   8.0300740e-02   6.7494989e-01   1.1093065e-01  -1.8026559e-01   9.8527119e-03  -2.3591574e-01  -4.8919432e-02   3.7455877e-02  -4.3172631e-03  -3.5223128e-01  -4.0983625e-01  -3.4572351e-01  -5.8441771e-02  -2.0084430e-01  -1.0511024e-01  -3.0929591e-02   1.0272331e-01  -2.5250048e-01  -1.1596967e-01  -1.5837632e-01   1.3130937e-01   1.1127567e-01   1.8348593e-02  -2.9846938e-02   2.5965221e-01  -1.6822464e-01   6.2047260e-02   6.0579825e-02  -1.7435048e-01  -3.7500842e-03   8.0855016e-02   5.2425993e-01  -9.0899259e-02   3.7394825e-02   5.6183943e-01  -1.0398239e-01   4.2164271e-01  -2.4798521e-01  -1.2387318e-01   4.5432985e-02   8.6996093e-02   1.5204974e-01   1.0889471e-01   2.1606271e-01  -3.7132542e-01  -8.6988139e-02  -1.1477290e-01   5.4772124e-01  -3.2688973e-01   2.7650183e-01  -9.6989462e-02  -1.7874087e-01  -1.6785197e-01   1.1935189e-01  -3.0157412e-01   2.5729087e-02  -1.7801389e-01  -9.9753087e-02   3.6373033e-03  -1.5085012e-01   4.8154154e-01   1.0830188e-01  -3.5817708e-01  -6.0608613e-02   5.6043197e-02   2.2472634e-01  -1.2424488e-01   1.0205036e-01  -1.9723991e-01  -1.2755529e-01  -3.7437882e-01   2.9856645e-01   3.5269788e-01  -3.1544831e-01  -1.5706790e-02  -2.5241655e-01   5.8262783e-02  -1.8979235e-01  -3.9283861e-01   3.0033532e-01  -3.5640435e-01  -1.2933623e-01  -1.7128517e-01   2.2514534e-01   2.9140279e-01  -1.7975238e-01   3.4588503e-01   5.0220550e-01   1.0997070e-01  -2.3442363e-01   1.1042495e-01  -2.1340984e-01  -1.1783334e-01  -3.4038848e-01  -1.5999815e-01   1.5303287e-02  -1.9401370e-01   2.5234796e-01   3.3872880e-01  -5.8060927e-02  -3.0874021e-01  -3.1605604e-01   3.7549599e-01   1.1030061e-01  -1.1435039e-01  -1.4286599e-01  -9.3852462e-02  -1.3890031e-01  -9.5771840e-02  -3.9780618e-02  -1.0711813e-01  -2.2953541e-01  -2.1979224e-01  -9.1660055e-02   1.9617884e-01   1.6955710e-01  -2.5609625e-01  -3.8351634e-01   2.7366809e-01  -2.4777887e-01  -1.1881666e-01   2.0598550e-01   7.7769998e-02  -3.1053131e-01
