   0.0000000e+00  -1.5581186e-01  -2.5350083e-01   1.0943458e-01  -5.7105285e-02   1.5761351e-03  -1.1368862e-01   2.8460255e-01  -2.1519864e-02  -3.3466434e-01  -1.7073932e-01  -3.1151825e-01  -1.9943140e-01   3.2674128e-01  -4.2420072e-01  -1.5228452e-02  -1.6234929e-01  -1.2404072e-01   6.2699135e-02  -3.2602413e-02  -3.2191883e-01   4.5660198e-02  -5.4058378e-02   5.8445073e-01   1.7199264e-01   1.7586648e-01  -5.1785991e-02   3.3292019e-01  -3.3524812e-02  -9.5320809e-02  -3.7394695e-01   1.7698850e-01   1.0027602e-01  -1.1205667e-01  -1.5928356e-01  -2.3197368e-01   1.2977615e-01   5.1472604e-01  -7.4921198e-02  -2.8909063e-01  -7.7411584e-02   1.4025063e-01  -6.5475830e-02  -1.7621710e-02  -1.3266734e-01   2.7909197e-01  -1.2414413e-01  -2.4495085e-01  -2.6986578e-01  -2.1822395e-01  -2.6447801e-01   2.1453670e-01  -1.1903266e-01   2.5279345e-02   1.5487844e-02  -1.1746663e-01   5.6087054e-03   1.3814810e-01  -5.4013294e-02   1.4469415e-01   1.0325163e-01  -4.8271228e-01  -9.3980233e-02  -2.1496486e-01  -9.8613964e-02  -1.5011717e-01  -4.0796398e-03   1.1401693e-01   4.5194617e-02  -7.2023237e-02  -2.6005482e-01  -9.7041499e-02  -2.2182573e-01  -1.5978525e-01   7.6546595e-02   1.6837343e-01   2.7404136e-01   4.1617229e-02  -1.1247222e-01   1.2669595e-02   1.5412504e-01   1.8811424e-02  -2.2172105e-01   2.4228860e-01  -1.3105316e-01   2.8778832e-02  -1.1058017e-01  -5.3346167e-02  -6.3285953e-02   1.8756648e-01  -3.6074012e-02  -7.7154503e-03  -1.3812524e-01   1.0371079e-01   3.1100885e-01  -6.8475884e-02  -7.7279506e-02   1.5611148e-01  -2.6997354e-01  -5.8824716e-03  -2.5185310e-01  -3.7927396e-01   2.4771942e-01   2.9384217e-02   3.1715554e-02   1.6088039e-01   8.1628783e-03   2.1020272e-01  -2.0414126e-01  -3.9808172e-02  -2.8930583e-01   3.9023323e-02   1.2674905e-01   7.7366129e-01   9.5948596e-02  -1.6667283e-02  -5.7573685e-02  -2.2950327e-01   1.8532804e-03  -6.6095372e-04   4.8636010e-01  -7.0885723e-02  -1.3536691e-01  -1.8771094e-01   5.4733161e-01  -1.5268466e-01  -2.8792716e-01  -2.4168848e-02   2.1077982e-01  -2.0052471e-01   6.6478666e-02  -2.3647085e-01   4.3626711e-01  -1.7475012e-01   4.3900575e-02   2.4781630e-01  -1.3897864e-01  -4.3753773e-02   7.6027378e-02   4.0497967e-01   6.4608718e-01   8.4589535e-02   4.9319002e-02  -9.8847110e-02  -3.4824495e-01  -2.0775549e-01  -1.7788754e-01   1.3543711e-02   7.8371713e-02  -4.4189551e-02  -1.5832536e-01   1.8785714e-01   4.4052038e-01  -7.1351579e-02  -2.2577486e-01   4.2530261e-01   4.7337077e-01   2.0417951e-02   9.0361530e-02   3.0757298e-01   1.0750996e-01   3.6403996e-02  -2.8288683e-01   3.3544306e-02   1.0739027e-01  -1.1506061e-01  -2.2288564e-01   9.6757523e-02   4.9457582e-01  -1.6694863e-01  -4.3758523e-02   3.3091591e-01  -4.5624512e-02  -1.3929275e-01   1.7971284e-01   9.0352382e-03   2.5473394e-01
  -1.5581186e-01   0.0000000e+00   3.1981762e-01  -5.0442845e-01   5.5404315e-01  -5.9196249e-01  -3.9975652e-01  -1.6557039e-01  -4.6967051e-02   3.8144884e-01  -2.1723971e-01   1.3552301e-01   2.4329788e-02  -3.5384128e-02  -2.5963385e-01   7.2865843e-03   4.2203859e-01  -4.4217396e-01  -5.7481750e-02   4.4281154e-01  -3.7089477e-01  -6.6143258e-01  -3.6211946e-01  -6.4070390e-02  -9.7861083e-02  -2.1265098e-01   1.5495976e-01  -4.7094364e-01  -1.4029304e-01  -7.7032615e-04  -5.7942618e-02  -3.6145128e-01   9.2125269e-02  -3.6540905e-01   3.1352771e-01   3.8901068e-01   3.0834214e-01  -6.9579025e-02  -2.0098944e-01   6.0848644e-01  -5.9192130e-02  -2.1159145e-02   4.9298997e-01  -4.1606029e-01   4.6921347e-01   2.0994916e-01  -4.0494489e-01   1.0443216e-01  -2.0543169e-01   5.4341703e-01  -2.2663790e-01  -1.8555499e-01   4.8614291e-01   2.0748549e-02  -4.0447022e-03  -4.8676247e-01  -9.6850576e-02  -6.7820452e-01  -3.2833406e-01  -6.2332797e-01   1.7677434e-01   5.6837105e-03   7.2619222e-01   3.3348567e-01   4.0452105e-01   4.5277367e-01  -5.1118988e-01   3.3553104e-02  -6.3852332e-01  -2.9623948e-01   6.7325689e-01  -4.7069014e-01   2.4472057e-01   2.0308121e-04   3.6707289e-03  -2.1062724e-02   2.5853847e-01  -3.8568511e-01   6.4046795e-01  -3.4693396e-01  -6.1360597e-01   1.3125562e-01   1.2213280e-01  -1.3605380e-01  -3.4546264e-02  -5.2747710e-01   5.2947278e-01  -3.6922803e-01   4.8111502e-01  -3.9836204e-01   7.7078250e-01   1.8178288e-01   4.7298139e-01  -4.7279338e-01   1.1818950e-01   6.2802559e-01  -2.9064750e-01  -1.8910341e-02   6.0809638e-02   1.7579704e-03  -4.4093301e-02   3.2795105e-02  -3.0890634e-01   5.6279343e-02  -5.9749328e-01  -4.0510734e-01   1.5223908e-01  -4.2580504e-01  -6.1478540e-02  -2.3467171e-01   2.3661078e-01  -6.3561893e-01  -4.3811718e-01  -8.1234571e-02  -3.8787136e-01   7.7182010e-01  -5.1692316e-01   2.6439191e-01  -3.7825793e-01  -6.0859813e-01  -2.4772388e-02   6.0796686e-01   5.3883176e-01   2.2704751e-01  -2.5944585e-01  -2.7834215e-01  -5.5475189e-01  -1.4148328e-02  -5.7620325e-01  -3.1012199e-02   4.4399362e-02   9.9139521e-02  -1.9813516e-01  -7.5691739e-02  -2.8785186e-01  -1.3892981e-01  -5.1245604e-02  -2.3505493e-01  -3.0504494e-01   4.4724592e-04  -7.3585190e-02  -2.0712895e-01  -2.1927298e-01  -2.9758226e-01  -3.6917361e-01  -1.9542195e-01   1.8301588e-01   3.7080408e-01  -1.0512900e-01   4.1776098e-02   2.8996089e-02  -4.0750124e-01  -2.1785956e-03   4.5517260e-01   5.1144626e-01   5.2796302e-02  -8.7021060e-02  -2.7893371e-01   3.2499920e-01  -3.9228408e-01   1.7559523e-01  -2.6794183e-03   5.7142000e-01  -9.5146961e-02  -4.7656987e-01   4.9669955e-01   9.1173816e-02  -2.4446888e-01  -8.2699568e-02   7.2973970e-01   6.5644840e-01   2.8624134e-03  -1.1321134e-01  -3.3121354e-01  -2.1713349e-01  -2.1014764e-02  -5.0981994e-01
  -2.5350083e-01   3.1981762e-01   0.0000000e+00  -4.9166017e-01   3.5948808e-01  -1.2564761e-01  -2.3995687e-01  -4.5930059e-01  -1.3011293e-01   2.7679951e-01  -3.5471184e-01   4.8391696e-01   2.5687987e-01  -1.0340272e-01   2.9049678e-01   1.0477943e-01   8.5996863e-01  -3.0239057e-01  -8.0825549e-02   5.3308152e-01  -2.7929317e-01  -2.4168761e-01  -2.8176197e-01  -4.3500513e-01   9.9683296e-02  -3.6928696e-01   7.8681161e-02  -2.3316743e-01  -5.6704507e-02  -3.8367810e-01  -1.9375948e-01  -3.4476377e-01   1.3505435e-01  -2.1804790e-01   3.1118292e-01   8.3467062e-02  -3.6006056e-01  -3.3646185e-01  -9.8129586e-02   4.4679734e-01   1.2075578e-01   1.7245621e-01   5.4847879e-01  -4.0348840e-01   1.3239745e-01   2.7321247e-01  -2.4236269e-01  -2.9952250e-01  -2.1322995e-01   6.1296319e-01  -2.2486524e-01  -3.7420311e-01   1.5919167e-03   2.3450146e-01  -6.4014023e-02  -1.7713234e-01  -1.4297183e-01  -4.4016642e-01  -3.0440009e-01  -2.9956008e-01   3.0640504e-01   3.2598856e-01   2.3763675e-01  -2.1031106e-01  -3.1115237e-01   3.8824639e-01  -6.3268952e-02  -1.8955215e-02  -4.0993168e-01   4.6980942e-01   1.9970798e-01  -3.6158748e-01   1.4614886e-01   5.6219959e-01   4.8725132e-02  -4.3144438e-01   2.0205926e-01  -3.2213603e-01   2.2972373e-01   2.5061474e-02  -3.5600985e-01   1.3383268e-01  -1.3103594e-01  -2.7078231e-01   4.1164893e-01  -5.0951713e-01  -1.2928238e-01  -4.8743299e-02   2.5224946e-01  -2.2499967e-04   2.4834789e-01   5.3684280e-01   5.5084444e-01  -2.1985850e-01  -1.7984352e-03   5.5637174e-01   1.6519297e-01  -3.1041197e-01   2.3509503e-01  -3.7190097e-01   8.4758557e-02   4.1316773e-01  -3.1669061e-01   1.3915332e-01  -4.6937852e-01  -3.3825906e-01   3.7359060e-01  -4.7716272e-01  -2.4292977e-01  -1.8184204e-01   4.2160782e-01  -2.6402547e-01  -1.5785760e-01  -2.7279709e-01  -3.8037774e-02  -3.5460353e-02  -3.1119246e-01   3.1153396e-01   1.9002595e-01  -2.6189232e-01  -3.6909344e-01   5.1725883e-01   4.6416904e-01  -4.3394478e-01  -4.2571405e-01   3.5972669e-01  -3.0685247e-01   1.5254818e-01  -5.0013916e-01   5.6479006e-01   1.0805451e-02  -3.5897362e-01   7.8339846e-02  -3.7712693e-01   9.1312169e-02  -5.1099105e-01   2.5502661e-01  -7.8878942e-02  -5.6771410e-01  -1.3706390e-01  -3.4775250e-01  -9.9850775e-02  -3.7092572e-01   4.2010462e-01   3.0669591e-02  -3.8940943e-01   1.7031059e-01  -1.6660344e-01  -1.7660470e-01  -3.6256039e-01   4.6220731e-01  -4.0875321e-01  -2.1385676e-01  -2.1285268e-01   8.1055863e-01  -2.2322346e-01  -1.9949276e-02  -2.0863202e-01   3.5403028e-01  -3.6745412e-01   1.9875145e-01  -4.0462624e-01  -5.5566522e-02  -4.7453959e-01  -2.7979036e-01   3.3571680e-01   1.5259687e-01  -5.7566073e-02  -1.9854225e-01   6.7981910e-02   2.3276345e-01   8.4218664e-02  -2.5611467e-01   2.9322507e-01   5.8650700e-02   9.6636272e-02  -2.5777455e-01
   1.0943458e-01  -5.0442845e-01  -4.9166017e-01   0.0000000e+00  -2.7411019e-01   5.6023846e-01   2.3989259e-01   2.5874666e-01   1.2831241e-01  -2.4631579e-01   7.4661753e-02  -2.2020003e-01  -1.2784976e-01   5.7743358e-02  -1.3560739e-01   2.2368143e-01  -4.5527871e-01   2.5615060e-01   1.2218709e-01  -3.1322905e-01   1.7909533e-01   5.7673624e-01   3.4539275e-01   1.4693778e-01  -1.0685720e-01   3.0525788e-01   1.3490933e-01   4.4043231e-01   8.2271480e-02   1.0863757e-01  -1.1029372e-01   6.0957294e-01   9.5232777e-02   2.4187834e-01  -2.7041269e-01  -1.0127675e-01  -6.4106905e-02   2.1757548e-01   1.8474255e-01  -4.0871371e-01   3.9525093e-03   1.8480490e-01  -3.9637330e-01   1.7016774e-01  -1.7729246e-01  -3.5113105e-01   3.2583345e-01  -3.5127154e-02   1.5081111e-01  -4.1991002e-01   2.2335294e-01   2.0383455e-01  -3.0443990e-01   1.2341105e-01  -8.1404881e-02   3.1684442e-01   1.4842722e-01   6.7368594e-01   4.7784989e-01   5.1489477e-01  -1.1058856e-01  -1.0400186e-01  -3.4453530e-01  -2.1218619e-01  -1.2431716e-01  -2.9987152e-01   4.2196269e-01   1.4020923e-01   5.6114188e-01  -4.3085208e-02  -4.8370397e-01   4.8563657e-01  -8.3864328e-02  -2.0072750e-01  -3.3250102e-02   2.7864419e-01  -9.4362236e-02   4.2621203e-01  -2.3295731e-01   1.5750000e-01   5.3540640e-01  -1.9206950e-01  -1.7608487e-01   2.5910560e-01  -1.4721872e-01   4.7045407e-01  -2.9685564e-01   7.6543767e-02  -3.1155046e-01   1.6305894e-01  -4.1798288e-01  -1.8085018e-01  -3.3565817e-01   4.7508369e-01  -2.2639343e-01  -4.0990185e-01   2.3099165e-01   2.9016651e-01  -2.1687239e-01   2.4750566e-01  -2.2020754e-01  -2.7595158e-01   3.3424532e-01  -3.2285630e-02   5.4849956e-01   6.0118653e-01  -1.6010257e-01   5.6419302e-01   3.4609046e-02   1.8482556e-01  -3.7411767e-01   5.8959965e-01   4.2175219e-01   5.5675058e-02   1.0112424e-01  -2.4978849e-01   3.8710775e-01  -1.9367954e-01   7.7274458e-02   6.7925586e-01   2.6636022e-01  -3.8076980e-01  -4.1671195e-01  -2.7759192e-02   2.2632538e-01   1.0248531e-01   3.8410894e-01   7.4192196e-02   6.6654948e-01  -2.7041315e-01  -8.6160265e-03   2.4574132e-02   1.4013410e-01  -5.9292449e-02   2.5490492e-01   2.8521057e-01  -1.0786596e-01  -6.9711399e-02   4.7943086e-01  -3.9830841e-02   1.5134393e-01   1.7902588e-02   2.9479157e-01  -3.7068329e-03   1.1027941e-01   2.0906192e-01  -5.8897501e-02  -1.7595716e-01   1.0765351e-01   5.9033784e-02  -3.1013270e-01   2.1771587e-01   5.5100755e-02  -1.3697912e-01  -5.4863777e-01  -2.5836428e-02   4.3534833e-02   4.0968368e-01  -1.4285090e-01   4.1389287e-01   1.1066974e-02   1.3721501e-01  -3.5772841e-01   3.2619292e-01   6.0940783e-01  -3.0019097e-01  -8.3317892e-02   2.6234758e-01   1.8201167e-01  -3.1790560e-01  -3.1188398e-01  -1.8390732e-01   1.8886236e-01   7.5951192e-02   9.2826614e-02   3.2374681e-02   5.7708056e-01
  -5.7105285e-02   5.5404315e-01   3.5948808e-01  -2.7411019e-01   0.0000000e+00  -2.1333236e-01  -4.6876574e-01  -1.9782169e-01  -1.1184691e-01  -3.7231800e-02  -3.0191976e-01   6.8437728e-02   1.2734795e-01  -4.4572972e-02  -4.0893354e-01   2.7593791e-02   5.0775478e-01  -1.4782695e-01  -2.8839893e-02   7.2334874e-01  -3.2226417e-01  -4.0577493e-01  -1.5985371e-01   1.2921537e-01  -9.1574894e-02  -1.8094273e-01   3.5352157e-01  -2.6110971e-01  -1.3255168e-02  -1.7533693e-01  -4.4442015e-01  -6.3855387e-02   1.0646456e-01  -3.4473258e-01   1.9671096e-01   5.8330553e-01   9.5846115e-02   5.7228172e-02  -6.5438232e-02   4.3137018e-01   1.5010170e-01   3.8815128e-02   3.2216328e-01  -4.6497798e-01   3.6256693e-01   3.6813777e-01   5.3998254e-02  -2.5677679e-01  -1.6040576e-03   4.0884945e-01  -1.6788260e-01  -1.5906075e-01   3.4887000e-01   1.2428654e-01  -2.3699882e-01  -4.3415443e-01   3.2019013e-02  -3.4861925e-01  -1.8681628e-01  -3.7905866e-01   3.8630321e-01  -1.0026354e-02   5.0113006e-01  -1.1486548e-01   5.4248608e-02   4.1912556e-01  -1.2952737e-01   3.3115579e-02  -2.7631447e-01  -2.4332363e-01   1.1744504e-01  -1.5161749e-01   1.7709580e-01   1.4199974e-01  -6.4505309e-02  -5.0511536e-02   3.7276166e-01  -2.1406256e-01   6.5269127e-01  -1.0131906e-01  -4.6205586e-01   1.2814915e-01  -1.0040103e-01  -4.1690439e-02  -3.3233422e-02  -4.6766430e-01   8.9029360e-02  -5.1589901e-01   3.0173792e-01  -2.2695447e-01   6.6590630e-01   3.0839182e-01   7.1477985e-01  -2.6974982e-01   1.9594044e-01   8.4082833e-01  -4.4719596e-03   3.0126792e-02   3.3225481e-01  -1.4126911e-01  -3.7223957e-01  -1.2612555e-01  -3.7540720e-01   2.2596572e-02  -3.2929363e-01  -1.1545041e-01   2.6488084e-01  -1.1321808e-01  -2.0888117e-01   1.1132008e-01   2.4500378e-01  -3.8810900e-01  -5.0254923e-02  -4.9105084e-02  -5.8191547e-01   5.6973866e-01  -4.3927104e-01   2.5059402e-01  -3.0665069e-01  -2.7228995e-01   2.4690858e-01   7.6144597e-01   4.0912913e-01  -1.5787449e-01  -2.0255933e-01  -1.5171139e-01  -5.4033297e-01   1.5199165e-01  -3.0466207e-01  -1.2509752e-01   3.0822364e-02  -6.1336883e-02  -6.2338929e-02  -3.7623266e-01  -2.2507767e-01  -1.0442617e-01  -2.1542230e-02  -4.7629558e-01  -2.5080558e-01   1.1206519e-01   5.1869640e-02  -7.1537871e-02  -8.9951780e-02  -1.3278854e-01  -5.6191551e-01  -4.4026836e-01  -8.2406292e-02   4.3914686e-01   1.1165926e-01  -3.3250597e-01  -1.7660796e-01  -4.6837603e-01   1.2268072e-01   1.8532786e-01   4.6102230e-01   3.8017137e-02   2.4524858e-01  -1.9969266e-01   3.6895663e-01  -2.1742604e-01   1.7509862e-01  -7.8632275e-02   1.8630596e-01  -7.2690027e-02  -1.3326276e-01   2.2649726e-01   1.8923955e-01  -1.4213686e-01   2.5590885e-01   5.7490857e-01   4.6472917e-01   3.7573968e-02   1.1488829e-01  -1.3505678e-01   1.5674440e-02   9.1885963e-02  -2.0051210e-01
   1.5761351e-03  -5.9196249e-01  -1.2564761e-01   5.6023846e-01  -2.1333236e-01   0.0000000e+00   2.2842323e-01   6.3888049e-02  -5.5820122e-03  -3.0649972e-01   6.3192753e-02  -5.1851109e-02  -8.6908330e-02   1.7152743e-02  -4.4116028e-03   8.7231175e-02  -1.6996357e-01   3.6201091e-01   1.0407925e-01  -2.5673129e-01   2.7959682e-01   5.6777541e-01   3.9745267e-01  -7.2587991e-02  -5.2076906e-02   2.2385592e-01   1.1278157e-01   4.7017725e-01   1.7638173e-02  -2.6257360e-02  -1.8192804e-01   3.7400451e-01   4.8725156e-02   2.5335070e-01  -2.7125509e-01  -1.8908562e-01  -2.3423510e-01   4.1746943e-02   1.7665847e-01  -3.5721574e-01   1.5289315e-02   1.7286523e-01  -3.0954644e-01   2.4259748e-01  -3.5310850e-01  -1.3502181e-01   4.3020297e-01  -2.0379752e-01   1.9501532e-01  -3.7502871e-01   1.4016059e-01   1.3572750e-01  -1.5212862e-01   6.0540344e-02  -7.6814476e-02   4.0828728e-01   3.0610268e-01   5.8231026e-01   2.5715376e-01   5.1816573e-01   7.1398503e-05  -6.4291707e-02  -4.3642597e-01  -2.9791050e-01  -3.8342275e-01  -2.6488758e-01   7.3893842e-01  -8.8868514e-02   6.0746509e-01   3.5473320e-01  -6.0050463e-01   3.7296581e-01  -1.4196062e-01   1.0630631e-01  -5.4486333e-02   1.6253302e-02  -1.6528512e-01   2.8269165e-01  -3.2897471e-01   1.2719909e-01   5.5054238e-01  -2.2886481e-01   9.0905334e-02   2.3450540e-01   3.3353752e-01   3.1681841e-01  -4.3358304e-01   2.0146236e-01  -3.8770016e-01   5.0090639e-01  -4.8847489e-01  -1.3176759e-02  -1.5346428e-01   3.7831493e-01  -2.6042798e-01  -3.6085876e-01   3.3852247e-01   2.3917120e-01  -3.1435202e-03  -1.0366824e-01  -1.0076818e-02  -2.0892030e-01   2.4324615e-01  -4.7901714e-02   4.1057971e-01   3.2733389e-01  -1.1653291e-01   4.5609125e-01  -1.4061204e-01   3.7369191e-01  -1.1238317e-01   6.2398712e-01   2.7799404e-01  -9.5625417e-02   1.9808389e-01  -5.1541936e-01   3.4172545e-01  -2.6669919e-01   4.3298765e-01   5.6678933e-01  -7.4342880e-02  -3.8164710e-01  -4.6350310e-01  -1.7428782e-01   1.6735166e-01   2.8315075e-01   3.5030309e-01  -1.3728011e-02   4.2624543e-01   1.9457852e-01  -1.1112076e-01  -1.0687507e-01   2.8385449e-01  -1.2402169e-01   3.3639192e-01   3.0829419e-02  -4.1455374e-02   3.4201199e-02   1.8344530e-01  -3.8486157e-02  -4.4374292e-02   6.5910555e-02   1.2339089e-01   4.5081146e-01   1.3484321e-01   3.0277850e-02  -1.6184933e-01  -1.3102209e-01   1.3784231e-01  -1.9098048e-01  -7.1605675e-02   2.9226238e-01  -1.0443672e-02  -2.7182568e-01  -2.4622150e-01  -1.5413545e-01   4.0189717e-03   9.1456863e-02  -1.5720204e-01   3.2722889e-01  -1.2893398e-01   3.1245509e-02  -4.0778071e-01   1.4426915e-01   5.2180650e-01  -4.3332803e-01   7.0235894e-02   4.1196701e-01  -8.7922674e-02  -2.6357264e-01  -4.6770549e-01  -2.0357679e-01   4.0406881e-02   6.2380458e-01   1.6853664e-01  -1.3290168e-02   4.4365798e-01
  -1.1368862e-01  -3.9975652e-01  -2.3995687e-01   2.3989259e-01  -4.6876574e-01   2.2842323e-01   0.0000000e+00  -1.5767493e-01  -4.6779064e-02   2.1139692e-01   2.9927188e-01   1.1549734e-01  -1.1401593e-01  -2.7485435e-01   2.5243675e-01  -3.5027900e-02  -4.1200759e-01   2.3254500e-01  -1.1786944e-01  -3.6898669e-01   5.5136686e-01   3.4507684e-01   6.4668639e-01  -1.6183035e-01  -1.1807648e-01  -2.0108762e-01  -5.0133474e-02   1.2669711e-01   4.4635206e-02   4.6922955e-01   3.4117017e-01   9.4695963e-02  -2.1163658e-01   8.3550006e-01  -2.7971713e-01  -2.1284537e-03   1.2623073e-01  -3.1169508e-02   5.6436235e-02  -2.5056568e-01  -8.7640272e-02  -1.7919849e-01  -5.5973911e-01   3.4281648e-01  -4.6865262e-01  -2.7220993e-01   1.9250528e-01   5.5145971e-01   2.4407338e-01  -4.3892109e-01   2.9902818e-01  -1.8964580e-01  -3.6775145e-02  -2.8700267e-01   1.6990858e-01   4.7594756e-01  -2.1541109e-01   3.1515169e-01   5.4899561e-02   2.5588658e-01  -4.4922176e-01   4.7467866e-02  -5.9960709e-01  -4.8704289e-02  -1.2253729e-01   4.0539086e-02   1.1711922e-01  -1.3611780e-01   1.9908880e-01   2.0543859e-01   2.3496183e-02   3.2035331e-01  -8.8427954e-02  -2.6697492e-01  -3.4583388e-01  -1.1968182e-01  -3.8622274e-01   1.5033954e-01  -4.9856421e-01  -7.2288040e-02   4.2425384e-01  -1.9458731e-01   4.0057732e-01  -3.0328421e-01  -8.4360125e-02   4.9577773e-01  -1.9055958e-01   2.7286590e-01  -6.1857081e-01  -7.8869757e-04  -6.4230648e-01  -5.1724303e-01  -3.8525828e-01   1.0048878e-01  -2.6193734e-01  -5.8413964e-01  -1.4990311e-01  -2.9633698e-01  -1.2722371e-01   5.0997380e-01   3.6834599e-01   2.2694846e-01   1.3802203e-01  -3.5747646e-01   4.6357303e-01  -6.0347248e-02  -4.4396192e-01  -8.5059131e-02   5.6716434e-01   2.5915312e-01   4.6726937e-02   4.6624362e-01  -7.5586578e-02  -1.0390650e-01   6.6039108e-01  -5.1891849e-01   2.8765812e-01  -2.2113729e-01   1.3012747e-01   1.6767407e-01  -1.3958785e-01  -6.7957134e-01  -5.8284557e-01   1.4318670e-01  -2.6367828e-02   1.1243786e-02   4.9983055e-01  -2.9019700e-01   1.2380992e-01   5.0259784e-02  -4.8383066e-02   3.1614049e-01  -1.5706646e-01   6.2369245e-01  -7.3201579e-02  -1.2667884e-01  -2.5296409e-01   2.6423809e-01   7.7731476e-02  -1.2474439e-01  -1.3242999e-01   1.6170324e-01  -1.0394311e-01   1.4629579e-01   5.4377181e-01   3.3871059e-01   5.2086096e-01   2.2919040e-02   1.7115905e-01   3.9519164e-01   1.3147871e-01   3.0968599e-01  -1.4493493e-01  -1.6774776e-01  -4.1672458e-01  -1.4003362e-01  -1.7596504e-01   1.2368202e-01  -4.9082452e-01   1.4745273e-01  -3.9948921e-01  -1.0878733e-01   5.6119805e-02   8.5124928e-02  -5.3778405e-03  -2.6942016e-01  -9.5623536e-02   2.6973070e-02  -1.6658434e-01  -3.2906255e-01  -1.7663241e-01  -2.2080986e-01   4.6458752e-02   1.0940770e-01  -5.0354686e-02  -2.8089118e-02  -9.6851914e-03
   2.8460255e-01  -1.6557039e-01  -4.5930059e-01   2.5874666e-01  -1.9782169e-01   6.3888049e-02  -1.5767493e-01   0.0000000e+00   9.3452961e-02  -2.4639821e-01   1.5556854e-01  -4.3132029e-01   3.4669333e-03   1.6854783e-01  -1.2476003e-01   1.2646217e-01  -2.5943711e-01   6.3744687e-02   1.7922117e-01  -3.8734482e-01  -5.1520465e-02   2.2977689e-02  -1.2899983e-01   4.3360974e-01  -6.5515175e-02   7.2726832e-01  -1.1022899e-01   1.7938171e-01   6.8507606e-02   2.7304321e-02   1.4558214e-01   2.7255589e-01   1.4961615e-01  -1.2106894e-01  -1.3990172e-01  -1.9457989e-01   1.1576512e-01   3.6877369e-01   6.0926095e-02  -1.0191850e-01   2.8226578e-02   1.4776253e-01  -2.6100284e-01   2.9128980e-01  -9.7234484e-02   3.4987371e-02  -7.5009531e-02   8.4395715e-02   1.2694964e-02  -1.8844622e-01  -1.8054446e-02   7.5197360e-01  -7.7023925e-02   8.0085332e-02   4.0036055e-02   1.0922863e-01   2.1130942e-01   2.6457662e-01   1.2004789e-01   1.1670998e-01  -8.9064210e-02  -3.4187555e-01   7.9617372e-02   2.1208366e-01   1.5450985e-01  -3.2441060e-01   1.8937907e-01   1.2304558e-01   1.8768801e-01  -3.3803786e-01  -2.4071011e-02   1.6395766e-01  -1.6081711e-01  -4.0201147e-01   1.9887461e-01   5.4100001e-01  -2.9611455e-02   5.3064848e-02  -2.0767869e-01   2.7240485e-02   1.9370205e-01  -1.0950739e-01   2.9560622e-03   6.5954068e-01  -2.6328046e-01   3.1569821e-01   4.7106991e-02   5.6712380e-02  -6.0438736e-03  -8.9435046e-02  -4.0355198e-02  -1.1066952e-01  -3.1859515e-01   1.5115779e-01  -1.7852484e-02  -2.4588063e-01  -1.2192852e-01   4.9763323e-01  -1.7128478e-01  -1.4821994e-02  -2.8318712e-02  -2.5039134e-01   2.7296082e-01   3.3782707e-02   1.7643261e-01   3.5437311e-01   2.1537122e-02   4.8717555e-01  -6.8570000e-02  -1.4314266e-01  -2.9666465e-01  -7.4096561e-02   9.6080300e-02   4.8929657e-01  -4.4354137e-02   4.7421974e-02   1.4975760e-01  -8.4241699e-02  -2.2812099e-01   1.1370750e-01   2.7285312e-01  -2.0146483e-01  -1.1150721e-01   2.3850386e-01   3.3944577e-01  -3.0983601e-01  -6.0738706e-02   1.5389412e-01   4.3847395e-01  -3.9818013e-01   3.1719384e-02   5.7719837e-02   5.2676286e-02   1.1105756e-01   4.6027488e-02   7.0906085e-01  -8.7152092e-02   1.2981766e-01   5.7928966e-01   1.0772202e-01   3.5235157e-01   1.0905192e-01   2.7560238e-01  -4.1765100e-01  -5.0217801e-02   1.3305567e-01  -2.9275660e-01  -6.5106241e-04  -5.9814604e-02   2.1066929e-01  -2.1860620e-01   4.7148856e-01   3.2404135e-01   2.1700062e-01  -3.8701546e-01   3.1503612e-01   5.7750478e-02  -1.6477446e-02   1.0029387e-01   3.9186477e-01   1.1677126e-01   3.2159230e-01   7.3715599e-03   1.5772723e-01   2.6054416e-01  -1.2308631e-01  -4.1344087e-02   9.8146106e-02   2.6129428e-01  -1.7283663e-02  -2.0006678e-01   3.7777401e-02  -2.1305299e-02  -3.3662054e-01   1.6825745e-01   2.7053088e-02   3.1398783e-01
  -2.1519864e-02  -4.6967051e-02  -1.3011293e-01   1.2831241e-01  -1.1184691e-01  -5.5820122e-03  -4.6779064e-02   9.3452961e-02   0.0000000e+00  -1.7094657e-01   1.7173420e-01   2.1492444e-01  -1.3550284e-01   2.9095425e-01   9.3049057e-02  -3.8016271e-02  -9.9109665e-02   2.4234073e-01  -1.5278584e-01  -1.1416605e-01  -7.1379727e-02   1.6772648e-02  -9.5990467e-02  -6.8614084e-02  -9.9687715e-02   1.5238551e-01  -6.3517817e-02  -8.9937825e-02  -9.6071538e-02   8.5964359e-02   1.4245282e-01   5.3621518e-02   2.2833410e-02  -6.4472332e-02   4.3862369e-01  -3.2270306e-02  -1.6693464e-01   2.6178334e-03   8.9452221e-02  -2.4141089e-01  -5.4770970e-02  -2.3926105e-02   2.1116327e-01   1.1251791e-01   1.4192180e-01   4.3771745e-03   3.9267117e-02  -6.3647157e-03  -9.8103068e-02  -1.2291403e-01   2.6586002e-01   1.5245302e-01  -3.2600134e-02  -5.7148752e-02  -7.3818076e-02  -1.4911949e-01   1.4783125e-01   1.1140521e-01   1.4496106e-01   4.0665914e-01  -2.1658634e-02   7.8947232e-02   2.3798641e-01   3.8518594e-01   3.6555843e-01  -1.4854024e-01   5.2546220e-02   1.0499784e-01   1.3526205e-02  -1.7884343e-01  -4.6924422e-02   2.2261572e-01  -1.4028012e-02  -2.1698179e-01  -2.0767735e-02   1.7050171e-01  -4.5099385e-02  -6.3052009e-02   1.2627230e-01  -3.6056822e-02  -1.0527045e-01   9.1549133e-02  -1.6212172e-01   1.3442394e-02  -1.6104881e-01   1.8075766e-02   3.8726424e-01  -2.3378758e-01   1.9293210e-01  -3.4276657e-02  -3.6278456e-02  -2.1529053e-02  -4.7727104e-02   4.6465846e-01   2.6101467e-02  -1.7724221e-01   2.6768121e-02   3.1748306e-02   9.9517003e-02  -2.1555867e-02  -2.5007741e-01  -5.4852750e-02  -5.3799610e-02   6.7886314e-01   1.3237215e-01   2.6704994e-01  -5.2985169e-02   4.0522264e-02   6.5147089e-02   9.7431686e-02  -3.1274572e-01  -2.5669906e-02   3.4829629e-01   8.2135563e-02  -1.7429425e-01   5.2445890e-03  -1.7850804e-01  -6.4633007e-02  -6.7991760e-02   9.9951120e-02   8.2477233e-02  -1.3285378e-01   1.9191691e-02   1.1397488e-01   1.0950771e-01   1.0982019e-01   3.6754775e-02   2.8552000e-02   3.3665177e-01  -1.6607106e-01   7.7687180e-02   2.1093569e-01  -1.8078538e-01  -9.3459314e-02   4.9659238e-01   1.9832136e-01  -1.0209687e-02   8.4211501e-02   1.7515128e-01  -1.2249504e-01  -5.0453926e-02   6.2587861e-02   1.4097020e-01  -1.2243507e-01   1.6197530e-02   2.1976974e-01  -1.3338292e-01  -2.0615565e-02   1.3823673e-01  -3.4742787e-02  -3.5103882e-01  -4.3122265e-02   1.0467238e-01   1.0586544e-01  -4.3765055e-02  -7.2939487e-02  -9.7038875e-02   1.3988400e-01   5.5360433e-02  -8.0536977e-02   5.6003311e-02   1.9722764e-01   1.6677466e-02   1.7543613e-01   8.4391244e-03  -1.5277959e-02   2.2009068e-01  -1.0652671e-01   3.8065677e-02  -7.9700108e-02   3.0694907e-03  -3.9605560e-02   2.7919503e-01  -4.6971994e-02  -1.3078439e-01  -1.1369629e-01   5.7340742e-02
  -3.3466434e-01   3.8144884e-01   2.7679951e-01  -2.4631579e-01  -3.7231800e-02  -3.0649972e-01   2.1139692e-01  -2.4639821e-01  -1.7094657e-01   0.0000000e+00   2.5181514e-02   3.2617183e-01  -2.4978180e-02  -4.0132376e-01   1.6605058e-01   4.7404946e-02   1.2072518e-01  -3.5296507e-01  -1.1138534e-02   1.5649627e-01   1.1111881e-01  -3.2263786e-01   7.8991851e-03  -3.6926588e-01  -1.5721183e-01  -2.4352249e-01   4.2820134e-02  -5.5032872e-01   7.1240529e-02   1.6179736e-01   2.2251037e-01  -3.1227394e-01  -1.3041286e-01   1.6549593e-01   7.8926571e-02   1.2427063e-01   1.5609848e-01  -1.5875757e-01  -7.0191426e-02   4.8333131e-01   1.3558033e-02  -2.0195194e-01   2.0580692e-01  -1.8788625e-01   3.8050778e-02  -5.5468303e-02  -3.6140764e-01   4.7694732e-01  -6.0486967e-02   3.2442975e-01  -8.2267848e-02  -2.1597218e-01   1.8927229e-01  -7.1171323e-02   1.9715095e-01  -1.2415251e-01  -1.4488473e-01  -3.4040331e-01  -1.7485920e-01  -2.6235622e-01  -7.7684404e-02   1.5271027e-01   1.3042321e-01   1.3781423e-01   7.5272351e-02   4.0650632e-01  -3.1158307e-01   2.1944880e-02  -4.8705371e-01  -4.7835191e-02   6.4676225e-01  -3.1774045e-01   2.6332331e-01   4.2485571e-02  -9.7782236e-02  -2.1142342e-01   3.3072516e-02  -3.1051136e-01  -6.4558600e-02  -1.8448981e-01  -3.7235108e-01   1.4999411e-01   2.8974487e-01  -3.5673871e-01   8.0184958e-03  -1.5441506e-01   2.2795935e-01   1.2184177e-01   5.9043079e-02  -3.8054283e-01   5.1032484e-02  -7.4740301e-02   8.8919437e-03  -8.6653520e-02  -1.9661512e-01   1.3401423e-01  -9.8170910e-03  -6.1937752e-02  -1.8745629e-01   4.6239011e-01   3.2238399e-01   4.5639921e-01  -3.0485478e-01  -1.6782761e-01  -2.8423352e-01  -3.7282582e-01  -2.0365404e-02  -4.1465031e-01   4.8310269e-01  -3.3025166e-01   3.7963115e-01  -3.2035888e-01  -4.3245404e-01  -2.7350782e-01   2.0991206e-01   1.0309570e-01  -1.5179596e-01   2.6367781e-01  -3.2996476e-01  -3.8452245e-01  -2.5800603e-01   4.6500738e-02   1.4748323e-01   1.5525458e-01  -3.1160872e-01  -1.9573522e-02   2.8772581e-02  -8.1992315e-02  -3.7691080e-01  -5.3363140e-04  -7.3257502e-03   2.2938942e-01  -3.8739404e-01   3.5557153e-01  -1.3164251e-01  -2.1653506e-01   1.4696367e-01  -7.8456065e-02  -1.6723947e-01  -1.8232615e-01  -2.3536796e-01  -1.5570543e-01  -3.0497411e-01  -1.6020608e-01   3.1300468e-01  -3.8784247e-02   6.7374804e-01   1.5592773e-02  -2.6899472e-01   5.0432733e-01   4.0318716e-01  -2.6337235e-01  -1.5450845e-01   6.5194052e-02   1.6328763e-01  -1.2580114e-01  -3.1142722e-01  -4.9506269e-02   4.1249761e-02  -4.1997042e-01  -9.2900883e-02  -2.2026338e-01   4.5845774e-01  -2.1423196e-01  -3.6007671e-01   3.9937142e-01  -1.4679692e-01  -3.2726396e-01  -1.5953936e-01   1.0262903e-01   3.0951685e-01  -7.0151763e-02  -1.9042726e-01  -2.4117979e-01  -1.4120699e-01  -7.9741860e-02  -2.9104699e-01
  -1.7073932e-01  -2.1723971e-01  -3.5471184e-01   7.4661753e-02  -3.0191976e-01   6.3192753e-02   2.9927188e-01   1.5556854e-01   1.7173420e-01   2.5181514e-02   0.0000000e+00  -3.0658986e-02  -1.8007011e-01  -3.9112179e-01   5.9144994e-02  -2.4860878e-01  -4.4268056e-01   6.4434633e-01  -3.2922217e-01  -2.0982108e-01   4.4323650e-01   4.3315424e-02   4.3968446e-01  -7.8843379e-02  -1.0255557e-01   1.2870742e-01  -2.4569908e-01  -3.2231252e-02  -9.6944179e-03   4.2000442e-01   4.6880211e-01   1.4835735e-01  -3.0874324e-01   4.7229470e-01  -1.8604463e-02   3.2681814e-01   2.2282876e-01   1.7293555e-01  -8.6834531e-03  -3.7846090e-01   2.2364046e-01  -3.5159109e-01  -3.7562127e-01   6.8794942e-01   2.7847557e-02  -1.0150300e-01   5.3348872e-01   4.6310770e-01   9.3460175e-02  -4.2491369e-01   7.1702004e-01   1.7311506e-01   1.8472011e-01  -3.1677040e-01  -2.0772583e-01   3.2371708e-01   3.0490334e-02   1.7277278e-01   3.6095040e-01   1.4568692e-01  -2.4623684e-01  -5.4767773e-03  -1.7755069e-01   5.2080512e-01   5.1817461e-01   8.1533102e-02   1.0213730e-01  -5.4625505e-02   3.5103613e-01  -3.2916262e-01  -8.1884996e-02   5.1486766e-01   1.1704035e-01  -5.7483194e-01  -1.4959746e-01   1.5385900e-02  -2.9356103e-01   2.3233994e-01  -1.6735444e-01   6.0194935e-02   4.3725996e-02   2.0850616e-02   2.3970264e-01  -4.2580497e-02  -5.3735672e-01   2.0037788e-01   2.1248828e-01  -1.1226154e-01  -2.8851155e-01  -3.0118532e-01  -2.1987448e-01  -4.7902551e-01  -2.5869238e-01   1.0753014e-01  -2.5706766e-01  -4.6298507e-01  -1.0160921e-01   3.9475817e-02   2.3448416e-01   4.0383453e-01  -6.4048096e-02   2.2541736e-01  -1.3714289e-01   7.0221437e-02   5.5550127e-01   5.5100620e-02  -4.0410272e-01   1.7831854e-01   5.1318604e-01   3.8682535e-01  -1.6578042e-01   8.9080771e-02   1.4346395e-01  -9.3103412e-03   2.2077678e-02  -3.6016432e-02   2.2754806e-01  -9.0392226e-02  -1.3738386e-01   5.2692195e-02  -1.0785736e-01  -4.7982241e-01  -4.4798086e-01   5.5352739e-01   6.0524417e-02  -3.0120285e-01   3.5303820e-01  -3.1601198e-01   1.4066250e-01  -3.7571817e-01  -2.0815832e-01   6.8974477e-01  -4.4711711e-01   5.0656766e-01  -1.2142164e-01   6.4782707e-02  -1.7008435e-01   2.3517306e-01   2.1049566e-01  -1.6318516e-01   2.2770941e-02  -3.4774617e-02   5.2775912e-01  -2.8868388e-01   1.9235145e-01   5.2901652e-01   8.1854581e-02   3.7633768e-01   4.6862417e-01   3.3329605e-01  -3.6881581e-01   1.7575118e-01  -8.8079704e-02   3.9328965e-01  -4.8231732e-01  -1.3828054e-01  -9.3198119e-02   2.8821490e-01  -4.1350880e-01  -1.9930624e-01  -2.8199700e-01   5.8567978e-01   3.4596235e-01   5.5873350e-01   2.6045658e-02  -3.4229154e-01   2.8752140e-01  -3.1088547e-02  -1.3831729e-01  -3.6266017e-02  -6.5252978e-02  -2.2217630e-01   5.9698767e-01  -1.3162354e-01  -1.0445589e-01  -7.8928182e-03  -1.8041561e-02
  -3.1151825e-01   1.3552301e-01   4.8391696e-01  -2.2020003e-01   6.8437728e-02  -5.1851109e-02   1.1549734e-01  -4.3132029e-01   2.1492444e-01   3.2617183e-01  -3.0658986e-02   0.0000000e+00   7.0924082e-02  -1.6177822e-01   3.1928439e-01  -8.6850433e-02   2.0200708e-01  -4.5464983e-02  -1.3435698e-01   3.9951812e-01  -2.5550502e-01  -1.7809666e-01  -1.0655479e-02  -4.1897507e-01  -7.9706995e-02  -3.9817967e-01   9.5261899e-03  -3.3967404e-01  -3.6563441e-02   4.1669605e-02  -1.4664030e-01  -2.1236295e-01  -3.4759182e-01   1.1931047e-01   6.3426291e-01   2.0758757e-01  -1.2477438e-01  -2.3515855e-01  -1.3208007e-01   8.2331954e-02   1.3659541e-01  -1.3244312e-01   4.5149629e-01  -1.6456231e-01   3.0085960e-01  -9.1608591e-02   5.4891700e-02  -8.1794401e-02  -3.3409882e-01   8.9105596e-02   1.2587433e-01  -3.4926272e-01   8.7424725e-02  -2.0358444e-01  -2.1505217e-01  -4.1162711e-02  -1.6510933e-01  -2.1345372e-01   5.2557371e-03   1.4103516e-01  -4.9306431e-02   2.5138601e-01   2.7213813e-02   2.3265963e-02  -2.5504573e-02   5.4325946e-01  -1.5151270e-01  -2.7825816e-02  -2.4824356e-01   1.8992502e-01   1.7087032e-01   3.9468317e-02   1.7030312e-01   3.9933158e-01  -2.1551868e-01  -1.8943017e-01  -8.2797213e-02  -1.6333308e-01   2.2771976e-01  -9.2255215e-02  -2.9929815e-01   1.6869396e-01  -6.8791333e-02  -4.4595128e-01   1.6353376e-01  -2.1898959e-01  -8.2915434e-03  -1.1197070e-01  -8.1885199e-02  -1.6349561e-01  -3.3624585e-02   9.3898340e-03   4.2454438e-01   1.4220577e-01  -1.9350171e-01   1.2055571e-01   1.7210796e-01  -2.7930157e-01   1.3992618e-01   8.9552109e-03  -9.2347726e-02   5.1831927e-01  -3.7682866e-01   2.6568369e-01  -4.5119466e-02  -2.7646326e-01  -3.8497813e-02  -3.7454691e-01   9.3854443e-02   1.5208914e-01   4.3983490e-01  -3.9875616e-02   7.9467169e-03  -3.3388698e-01  -5.1554968e-02  -9.9380301e-02  -3.4264048e-01   2.7390860e-01   1.1468058e-01  -1.0930447e-01  -1.7815453e-01   1.6919660e-01   1.5348426e-01  -2.6884649e-01  -3.8793504e-01   5.5437612e-01   7.1212007e-03  -1.0642453e-01  -2.8954678e-01   2.2401403e-01  -1.0053621e-02   5.8781726e-02  -1.8737796e-01  -1.4737820e-01   2.0608382e-01  -2.9144690e-01  -5.6093199e-03  -1.2864016e-01  -1.8181225e-01  -1.1277300e-01  -3.1275893e-01   9.0790774e-03  -4.5315349e-02   3.3749565e-01   1.9331455e-01  -1.8443235e-01   4.8442296e-01  -1.1745562e-02   2.6405103e-01  -2.0034984e-01   1.1737156e-01  -4.7119031e-01  -2.3735606e-01   1.1047043e-02   5.0331951e-01  -4.7107239e-02  -3.6267452e-02   8.3770371e-02  -1.3641320e-01  -3.9843333e-01  -7.5069729e-02  -1.0475569e-01  -5.4295023e-02  -1.1147155e-01  -2.5326383e-01   2.7563132e-01   3.5233913e-01  -2.3472222e-01  -1.6177740e-01   1.0268967e-01   4.4332742e-01  -8.9403550e-02   1.0291558e-01   2.7925058e-01  -2.1109716e-01  -1.2887502e-01  -2.7324348e-01
  -1.9943140e-01   2.4329788e-02   2.5687987e-01  -1.2784976e-01   1.2734795e-01  -8.6908330e-02  -1.1401593e-01   3.4669333e-03  -1.3550284e-01  -2.4978180e-02  -1.8007011e-01   7.0924082e-02   0.0000000e+00   1.5944986e-03   1.8390792e-01   1.0911200e-01   2.8536567e-01   1.2185344e-02   1.4900122e-01   1.1993332e-01  -3.7647713e-03  -1.5476547e-01  -1.4350553e-01  -1.7529739e-01   2.3158021e-02  -4.0620245e-02  -6.6413760e-02  -1.9075373e-02   4.8070034e-02  -1.6702605e-01   1.4026917e-02  -3.8685033e-02   4.7871771e-02  -9.6224368e-02   3.9544191e-02   4.4089788e-02  -1.0351981e-01  -1.9763988e-01   2.0275619e-01   1.5742893e-01   4.3319271e-01   2.9377019e-02   1.3114240e-01  -1.0073088e-01  -5.7765400e-03   8.9206389e-02  -1.2314438e-01  -4.7162624e-02  -1.6308962e-02   2.0784430e-01   2.3058365e-02   2.5969537e-02  -5.9274168e-03   1.2348285e-01   7.7368739e-02  -1.4295745e-02   8.6462330e-02  -1.0875714e-01   1.2891035e-02  -6.9516260e-02  -3.7784089e-02   2.3043089e-01   6.7103755e-02   5.7266892e-02  -7.6854561e-02   7.8632061e-02  -2.4450343e-03   1.3323093e-01  -1.1399535e-01   5.9958118e-02   4.3550075e-02   2.9523661e-02   2.4291173e-01   9.9280146e-02   2.4727326e-02  -1.7705760e-01   3.0241689e-02   1.8247863e-02   3.1133230e-02   2.6197899e-01  -8.3946445e-02   1.2642037e-01  -6.1735161e-02  -2.8708429e-02   2.4771797e-02  -2.9083934e-02  -5.1266454e-03  -5.1480175e-02   2.0527736e-01  -2.0263495e-01   6.0156082e-02   7.6400194e-02   7.7548235e-02  -4.9603060e-02  -1.5147154e-01   1.7872421e-01   8.0543912e-02  -4.0232365e-02   2.8858561e-01  -1.8330485e-01   1.1930027e-02   1.5350818e-01  -1.7905049e-01   5.0920912e-02  -6.6149219e-02  -1.2191253e-01   1.3958130e-01  -2.7716082e-03  -6.4267003e-02  -1.2043217e-01   1.3214433e-01  -1.6812873e-01   2.3428039e-02   1.0177151e-02  -7.5921156e-02  -1.8088600e-02  -5.0652584e-02   4.4385196e-01   4.7541092e-03  -4.1257495e-02  -5.2594914e-02   1.5875253e-01   1.2278310e-01  -8.2222697e-02  -2.2745635e-01   9.8645818e-02   2.5880187e-02   2.6884239e-01  -7.0410056e-02   8.1923986e-02   1.1186317e-01  -5.4635801e-02  -1.2084288e-01  -6.9722954e-02   1.2953078e-01  -6.4948004e-02   2.2910372e-01  -1.2469326e-01   3.5456928e-03  -1.2779588e-01  -1.6248130e-01   3.4244588e-01  -7.5618646e-02   1.2844353e-02   1.3174685e-01  -8.6155986e-02  -9.5151435e-02  -8.2307452e-02  -9.5666513e-02  -8.9264416e-02   1.4829932e-01  -9.7531556e-02  -4.3330447e-02  -1.3305506e-01   2.1696962e-01  -1.2598352e-01   3.6160276e-02   1.1420519e-01   6.2790372e-02  -3.0430347e-02   2.1180322e-01  -9.5462152e-02  -4.6220441e-02  -8.1370008e-02  -4.1501424e-02   5.9423642e-03   1.0835107e-01   6.2316024e-02  -7.9756313e-02   3.4034557e-03  -2.9748850e-02  -7.9843194e-02  -5.8154925e-03   6.3172952e-03  -1.5078004e-02   5.4867565e-02   7.6735328e-02
   3.2674128e-01  -3.5384128e-02  -1.0340272e-01   5.7743358e-02  -4.4572972e-02   1.7152743e-02  -2.7485435e-01   1.6854783e-01   2.9095425e-01  -4.0132376e-01  -3.9112179e-01  -1.6177822e-01   1.5944986e-03   0.0000000e+00  -1.8004315e-01   1.3832896e-01   5.5636679e-02  -1.2537141e-01   1.3768039e-01  -1.3176320e-01  -3.8187381e-01   9.8238593e-02  -3.0916266e-01   3.5022061e-01   7.8469424e-02   2.0239278e-01  -1.9961601e-02   3.0869556e-01  -4.8547367e-02  -9.8628117e-02  -1.9594096e-01  -3.5220263e-02   1.6775473e-01  -3.6999053e-01   1.0937016e-01  -3.0120468e-01  -1.3409030e-01   2.1617473e-02   1.3768397e-01  -1.3722540e-01  -2.7208303e-02   1.2556032e-01   1.3380147e-01  -1.5353558e-01  -8.2298452e-03   1.8001151e-01  -2.0829846e-01  -3.7470635e-01  -1.2261952e-01  -9.9383909e-02  -2.6438049e-01   1.8856566e-01  -1.6173293e-01  -1.1258348e-02   1.3039929e-01  -1.9338717e-01   1.8448615e-01   2.5507431e-02   7.2928467e-04   1.2293474e-01   1.7968953e-01  -8.6780719e-02   1.1044989e-01  -1.9418310e-02   8.8333671e-02  -3.5781509e-01  -9.1486723e-04   4.2028441e-02  -7.2290849e-02   1.1225117e-01  -1.6230854e-01  -1.8362276e-01  -2.1265291e-01   1.5017419e-01   1.1978632e-01   2.3691615e-01   1.9636502e-01  -4.1398614e-02   1.4149970e-01  -2.6405175e-02   1.0797135e-01  -1.3718285e-01  -2.5464863e-01   1.8615451e-01   1.8976133e-01   8.7827026e-03   2.4162471e-01   1.6786595e-04   2.3524316e-01   2.3061618e-01   5.1320818e-02   8.9805616e-02  -2.6835478e-02   1.5022638e-01   2.4120691e-01  -9.8599885e-03  -1.2651874e-02   8.8322083e-02  -2.9361928e-02  -3.9815471e-01  -1.2376328e-01  -3.7610584e-01   3.7965125e-01   3.9806219e-01  -1.3474652e-01   1.3369724e-01   3.0070275e-03   1.1965120e-01  -4.3243474e-01  -1.7725751e-01  -2.4826425e-01   8.4452470e-02   3.5759232e-02   3.4047104e-01  -1.1081167e-01   2.8625169e-03  -3.7113260e-02  -1.2717457e-01   2.3033276e-01   2.6582260e-02   1.5877190e-01   8.9478086e-02   1.7188450e-01  -1.0222957e-01   3.3929715e-01   1.9423711e-01  -1.1977066e-01   2.4888703e-02   1.7500128e-01   1.5621322e-01   1.7487491e-01  -2.9213915e-01   5.0053711e-01  -3.9925169e-01   2.2968845e-01   2.5688202e-01   4.3689129e-02   6.8029548e-02   7.3037949e-02   2.7440203e-01   2.6378999e-01   9.1529769e-02  -1.2858813e-01   1.1706299e-01  -2.5526079e-01  -2.5469171e-02  -4.3161923e-01  -2.2455154e-01  -1.3222301e-01  -2.1151284e-01  -1.2106990e-01   1.3753363e-01   1.9423774e-01  -5.2059866e-02   1.1286619e-01   2.0339156e-01   1.1056868e-01  -3.3264583e-02   1.5117400e-01   3.5795684e-01   2.1247271e-01  -6.2925436e-02  -3.0171308e-01  -1.2286599e-01   1.0790484e-01   7.1811746e-04  -1.1672833e-01   3.8974799e-02   1.2590596e-01  -1.3035432e-01  -9.1690242e-02   8.9314688e-02  -1.6787949e-01   1.1064991e-01  -3.2167413e-02  -1.3376948e-01   1.5007164e-01
