   0.0000000e+00  -1.8068942e-01  -1.1259758e-01  -1.7653339e-01  -1.5076378e-01  -2.6071826e-01  -2.9579166e-01   1.1450968e-01   9.7319620e-03  -2.4091916e-01  -8.7651317e-02  -3.4010609e-01   1.1729770e-01   7.3740846e-01  -3.4538981e-01  -5.4530515e-01  -5.3157523e-02  -1.2191294e-01  -7.5519170e-02  -7.7611135e-02  -1.0021451e-01  -8.8942881e-02  -6.9858125e-02   8.8027462e-01  -1.8396350e-02  -1.6055158e-01  -2.0756849e-01   1.3549065e-01   1.6945698e-01   7.6806100e-02  -1.9244491e-01   2.3881180e-01  -3.3385883e-01  -4.6523724e-01  -9.9266899e-02  -2.7733258e-01  -1.2964787e-01   5.2570873e-01  -5.9292057e-01  -3.5031729e-01  -2.0305321e-01  -4.1539204e-01   8.4087779e-02   1.6070164e-01  -1.0525665e-01   7.9637079e-01  -1.8370376e-01  -2.1427245e-01  -5.1487455e-02  -2.0372956e-01   5.7709217e-03  -2.1748658e-02  -3.4116960e-01  -1.8247541e-01   3.0917889e-01  -2.0777811e-02   4.2483650e-02   1.3281737e-01  -2.5536338e-01   4.0508625e-01   4.6925964e-01  -4.1070700e-02  -4.2295200e-03  -5.1492604e-02   8.7356296e-02   1.3337687e-01  -3.9298148e-01   1.6420460e-01  -2.2007082e-01   1.8482527e-01  -2.0967443e-01   9.3444001e-02  -5.4022241e-01   4.8541331e-01  -1.1955124e-01   2.4366594e-01   5.1148924e-01   2.5597244e-02  -3.0357374e-01  -7.1432325e-02  -3.9464480e-01  -4.5609699e-01  -4.8903085e-01   1.3980444e-01   2.3994746e-01   2.9830303e-01   1.8605925e-01   5.6024357e-01   1.4604513e-01   9.1778640e-01   7.6886554e-02   3.0678589e-01  -4.1372592e-01   2.3686880e-01   6.3711019e-01  -5.6851635e-02   1.1533103e-01  -5.8952896e-02  -3.8419986e-02  -2.3578981e-01  -3.7300143e-01  -3.0103990e-01  -2.4422048e-01   2.5499970e-01   8.0122657e-02   8.2597653e-02  -3.0109363e-01   4.2789616e-02  -1.6664999e-01  -3.4942174e-01  -4.8298088e-01  -5.8706453e-02   1.0041981e-01   9.3280164e-01  -2.9125742e-01  -2.9086761e-01  -1.1921373e-01  -2.2393525e-01  -2.3554330e-01  -1.9757974e-01   8.0650088e-01  -1.4568620e-01   1.1858397e-02  -1.1682711e-01   8.6977964e-01   7.3620087e-01  -1.4757775e-01  -1.1312540e-01   1.6409245e-01   1.2266909e-01  -4.4830140e-01  -3.0915768e-01   6.6301552e-01  -2.3947054e-01   2.5004093e-01   2.3212418e-01  -1.8973829e-01  -1.6317386e-02   8.9848250e-02   8.1060454e-01   8.3726652e-01   5.2256996e-02  -1.8222822e-01  -2.1225635e-01  -3.7241829e-01  -1.4147298e-01  -4.5888205e-01  -1.0413395e-01  -9.7301533e-02  -2.2546356e-01   2.6351252e-01  -3.1326751e-02   5.0336670e-01  -1.5036561e-02  -2.3942131e-01   8.5255707e-01   7.6336639e-01  -1.2347397e-01   3.7352382e-01  -2.9330915e-01   1.4757203e-01  -1.1299037e-01  -1.2157356e-01   3.0217543e-02   5.5663286e-02  -3.9887955e-01   7.1918087e-02   4.8690536e-01   5.5911696e-01  -3.6629551e-01  -1.9090589e-01   4.9806353e-01   2.0335056e-02  -2.6330721e-01   3.2780717e-01  -3.0685923e-01  -9.9761902e-02
  -1.8068942e-01   0.0000000e+00   5.4336735e-02   3.2506348e-02   7.4641920e-02   1.3761225e-01   6.1115828e-01  -3.0693536e-01   2.3227687e-01  -5.6279573e-02  -1.8631292e-01   5.6631734e-01  -2.5648522e-01  -1.9892547e-01   3.1086143e-01   2.0582752e-01  -1.7811517e-01  -1.8830839e-01  -1.9540837e-02  -6.4588855e-02  -1.0035725e-01  -2.4207240e-01   6.5142544e-02  -1.8324226e-01   3.1412943e-02  -6.5923594e-02   3.2133508e-01   2.2151333e-02   1.8312668e-01   5.8870558e-02   2.4630799e-01  -2.3944249e-01   1.9866648e-02   3.0744469e-01   3.7806376e-01  -6.4176846e-02   8.2140370e-02  -2.3112241e-01   9.1159209e-02   1.3903157e-01  -2.0991087e-01   1.9512239e-02   3.1521228e-01  -3.4311718e-01   1.5754716e-01  -2.3023894e-01  -8.9408120e-02   4.4534521e-01   3.1335939e-02   7.0153389e-02  -1.0320001e-01  -2.7746827e-01   4.4377460e-01  -8.0887920e-02   1.1482740e-01  -2.7122777e-02  -1.2320779e-01  -1.6899410e-01  -9.0240260e-02  -3.9364929e-01  -4.3863493e-01  -1.9761978e-01   4.0285915e-02   4.2509148e-02   1.9159319e-01   1.3847749e-01   2.4042656e-01  -5.0249139e-02  -1.0562074e-01   1.9185586e-01   5.5499284e-01  -1.1936989e-02   5.7829809e-03  -1.1737294e-01  -3.5793535e-01  -3.7389259e-01  -3.5948788e-01  -3.4901725e-01   4.8585005e-01  -1.7640337e-01   2.5991304e-01  -2.8975337e-01   3.1590503e-01  -3.5756363e-01   3.8626429e-01  -2.4991130e-01   4.5166642e-01  -1.3392851e-01  -1.3486014e-01  -1.4378860e-01   3.8229278e-01  -4.4498497e-01   2.7478801e-01   5.7282701e-02  -2.6610631e-01  -2.1478756e-01  -1.7507331e-02  -1.5503268e-01  -8.3968535e-02  -6.7333306e-02   3.3913708e-01  -1.8312288e-02   1.4291215e-01  -3.7797278e-01  -1.3086527e-01  -2.9644900e-01   5.0627066e-02  -2.9377259e-01  -1.8269941e-01  -1.1952782e-01   2.4508911e-01   2.3409720e-02  -1.6453994e-01  -1.3371341e-01   4.0194256e-01   2.6970905e-01  -2.6748659e-01  -1.2541053e-01   3.6258046e-01  -1.8150788e-01  -3.2783424e-01   2.8285928e-01   7.2837220e-02   2.0018922e-01  -1.8496985e-01  -2.0833092e-01   2.1225730e-01  -2.1043920e-01  -3.6402586e-01   3.2084781e-01   1.4932537e-02   1.1543342e-01  -1.3513726e-01   6.0652507e-02  -3.1812155e-01  -2.1169493e-01  -2.0746829e-01  -3.4126113e-02  -2.5837042e-01  -9.0016859e-02  -9.0659158e-02  -2.3176481e-01  -2.5827356e-01   3.6846858e-01   2.0910905e-01  -2.8403690e-01   4.3197787e-01   1.5866932e-02  -6.9103366e-02  -1.9110567e-01   1.5832067e-01  -6.7997054e-02  -1.9375444e-01   1.0874861e-01   5.2419080e-01  -7.3671699e-02  -3.1958095e-01  -1.3773996e-01  -4.3910505e-01   2.5166038e-01   7.4439776e-02  -2.5832801e-01  -2.8735012e-01  -3.5225209e-01  -2.8566207e-01   3.6273675e-01   8.2085600e-02  -3.9016895e-02  -1.5540792e-01   1.0185518e-01   4.3417279e-01  -3.4877075e-01  -2.2680100e-01   4.5640168e-01  -1.3347373e-01  -1.1555968e-01  -3.4106894e-01
  -1.1259758e-01   5.4336735e-02   0.0000000e+00  -2.0163158e-01   2.4274690e-01   9.0492725e-02   9.4617414e-02  -2.9293605e-02   5.9693951e-02   1.3011868e-01  -2.6948150e-01   5.4807108e-01   1.4829036e-01  -2.6498685e-01  -9.8994371e-02   1.8433878e-01   8.2038179e-01  -1.5605486e-01  -6.6846084e-02   4.5410458e-01  -4.8372974e-01  -1.1807373e-01  -3.7164033e-01  -2.4965773e-01  -1.0489869e-01  -9.4211438e-02   2.5620775e-01  -6.8698058e-02   4.9453249e-02  -3.2669176e-01  -2.7070239e-01  -3.4192805e-01   3.9587554e-01   2.7451927e-01   1.2043112e-01   1.5909034e-01  -2.8728938e-01  -1.5210906e-02   7.0045893e-02   4.7259915e-01   1.2366795e-01   3.3508516e-01  -1.4688388e-02  -1.0508093e-01  -2.3650793e-01  -1.8296993e-01  -6.8243668e-02  -3.1436116e-01  -4.5892734e-01   6.9022738e-01  -1.8978694e-01   2.0710384e-02  -1.6546667e-01   5.1088058e-01  -2.1132824e-01  -1.1212651e-01  -1.4601509e-01  -3.0463512e-01  -2.8560086e-01  -4.7806032e-02   1.5655910e-02  -1.1115921e-01   9.1082005e-02  -2.1150093e-01  -5.0901528e-01  -2.5190909e-02   2.0900997e-01   2.6596881e-01  -2.7391048e-01   5.2890187e-01   2.3015528e-01  -2.8493575e-02  -1.6208653e-02  -4.5975179e-02   3.2522525e-01  -4.4724843e-02  -6.6066071e-02   4.7199462e-02  -9.8134713e-02  -1.3195178e-01  -7.2076163e-02   3.2372768e-02  -3.8078436e-02  -1.5537880e-01   7.1811123e-02  -9.6951660e-02  -2.3912447e-01  -1.9905185e-01   2.1477371e-01  -2.3972284e-01  -1.6664168e-01   3.3780083e-01   2.6507838e-01   2.4168409e-02   1.2182817e-02   4.4742096e-01   1.6862277e-01  -5.2974956e-02   1.9460900e-01  -2.8350591e-01   3.1082048e-01  -1.2176252e-01  -3.1407049e-01  -2.3620651e-03  -4.1502816e-01  -9.4264683e-02   5.0946252e-01  -1.2934492e-01  -2.5999721e-01   1.9893965e-01   3.4105837e-01  -3.0308592e-01   4.3629371e-02  -1.5486950e-01   3.9663264e-01   6.3773336e-03   9.6379414e-02   2.1857747e-01   2.8850959e-01   1.6863433e-02  -1.7046132e-01   1.5895070e-01   2.3385450e-01  -3.6009573e-01  -1.2196254e-01  -2.0239398e-01  -1.7554673e-01   3.6768261e-01  -1.0912212e-01   6.5698207e-01   1.4164372e-02  -2.3190588e-01  -2.2529624e-01  -2.2958309e-01   3.6186037e-02   1.8102726e-02   7.4974358e-02  -1.0461641e-01  -2.4664952e-01  -7.3031198e-02  -1.0073101e-01   7.5114125e-02  -1.5343626e-01   3.1561130e-01  -1.2812695e-01  -3.1901738e-01   6.2594854e-01  -1.1783350e-02   2.9358491e-01  -2.0714776e-01   8.8544320e-02  -3.0990179e-01  -7.2980216e-02  -1.2432184e-01   7.1298295e-01  -1.8272776e-01  -1.0892960e-01  -2.1025266e-01   1.7849849e-01  -1.6045967e-01   2.3757154e-01  -2.3082548e-01   4.4245323e-03  -3.8326573e-01   1.0800332e-01   2.3371570e-03  -2.8997947e-01  -1.8591466e-01  -5.6574031e-02   2.0898348e-01   1.1656439e-01  -5.7004669e-02   2.6161098e-02   1.0103990e-01   4.4156473e-02   3.3373151e-01   8.2459308e-02
  -1.7653339e-01   3.2506348e-02  -2.0163158e-01   0.0000000e+00  -4.1205464e-02   3.6991485e-01  -9.3647198e-03  -2.1133253e-01   1.2991729e-02  -1.7235071e-01   3.4341226e-01   1.8356442e-02  -1.0201453e-01   1.1412140e-02   1.1949330e-01   2.6899657e-01  -2.4762919e-01   4.7405089e-01   3.6356882e-01  -1.2501896e-01   2.3371168e-01   5.2273880e-01   3.5207796e-01   1.8922913e-02  -4.8723101e-02  -9.5063213e-02   5.4827207e-02  -1.6051667e-01   3.1394304e-01   3.6483841e-01  -1.8278261e-01   6.3135602e-01  -6.7007826e-03  -2.2849244e-01   2.0773690e-01   1.5061574e-01   1.5548139e-01  -3.6789375e-02   1.9490554e-01  -2.4868669e-01   8.7491633e-02   1.0944435e-01   1.3159001e-01   4.7468798e-02   2.1917180e-01  -1.2401117e-01   4.3746363e-01  -8.0634200e-03   3.2479589e-01  -4.0331241e-01   5.2424937e-01  -2.1225025e-01  -2.5447409e-01   1.5515838e-01   9.2430209e-02   2.9479894e-01   3.2664808e-01   4.9825504e-01   5.0237980e-01   1.1756599e-01  -6.9170847e-02   2.0916741e-01  -6.4368140e-02  -1.7354618e-01   1.3627032e-01   6.6288586e-02   1.9583577e-01   2.3457423e-01   5.3056834e-01   8.3144700e-02  -4.0997330e-01   5.3488299e-01   1.9827967e-01   1.0255643e-01  -1.0401328e-01  -1.8133472e-01  -1.5012087e-01   1.1696730e-01  -8.9026076e-02   3.3057170e-01   1.0139673e-01   4.5815846e-03   2.0234114e-01  -1.5530102e-03   9.1501271e-02  -4.7388347e-02   1.4080415e-01   1.0298257e-01   2.8926480e-02  -1.7950202e-01  -1.1947438e-01  -1.1598984e-01  -1.7274542e-01   1.3601252e-01  -1.1442441e-01  -1.4157713e-01   1.9593843e-02   4.3526680e-01   2.4185842e-01   1.5549253e-01  -1.5039698e-01   1.5726894e-01   3.1003028e-01   4.2886784e-02   6.0486458e-01   3.7389597e-01   2.8813660e-02   3.3956657e-01   1.8812901e-01  -8.1266916e-02   5.3087942e-03   5.8342064e-01   4.8385192e-01  -1.8815834e-01   3.3646770e-02  -2.6711987e-01   9.1659947e-02   2.3741162e-02  -4.3063209e-03   6.3921279e-01  -1.5441899e-04  -1.9222182e-01  -1.9295215e-01   5.9923753e-02  -2.0948872e-01  -4.9033522e-03   2.2474137e-01  -7.0852114e-02   3.4428619e-01  -1.3502933e-01   1.2199220e-01   1.2568007e-01   1.3995092e-01  -3.0293107e-02   2.4249671e-01  -2.6536692e-01   2.4925104e-01  -9.3571384e-02   1.5235088e-01  -1.1393575e-01   1.1215670e-01  -1.7566597e-01   3.4744324e-01   6.3988286e-02   2.0018712e-01   6.2120804e-02  -2.6005151e-01   9.9830980e-02   1.0252571e-01   5.4578900e-02   1.0685321e-02   4.3982240e-02   2.2704610e-02  -7.6691038e-02  -2.1152227e-01  -6.3599672e-02  -7.1339817e-02   3.7714721e-01  -9.5325720e-02   1.8160805e-01   7.8087598e-02   3.1818646e-01   3.1709188e-02   5.6484201e-01   3.3691379e-01  -6.3990233e-02   2.7191595e-01  -1.0830234e-01   2.6809380e-02  -1.6545560e-01  -1.7068877e-01  -1.3014773e-01   2.6807839e-01   1.4708683e-01  -1.1568298e-01   3.4093922e-02   3.8321796e-01
  -1.5076378e-01   7.4641920e-02   2.4274690e-01  -4.1205464e-02   0.0000000e+00  -2.1947471e-01   1.3605891e-01  -1.2371432e-01   3.6833523e-01   1.2626805e-01  -1.3289918e-01   1.5257383e-01   2.4028497e-01  -1.7270160e-01  -4.4294162e-02   1.6535550e-01   2.9814933e-01   1.7224321e-02  -3.3038549e-01   7.9551135e-01  -2.0963583e-01  -2.1928157e-01  -2.0676873e-01  -1.3217414e-01  -3.6990752e-03  -2.2292519e-01   4.8539080e-01  -3.9519475e-01   1.5222988e-01  -7.7711884e-02   1.7606120e-02  -2.0228449e-01   2.4516549e-01   1.8229653e-01   2.3881245e-02   6.5214509e-01   6.4332849e-02  -2.3899621e-02   1.9045466e-01   3.3068225e-01   1.8725660e-01   1.3191529e-01   2.7796665e-01  -3.0481256e-01   2.2037576e-01  -4.2477165e-01   8.8247434e-03   1.0704235e-01   2.5106638e-01   3.4777209e-01   4.7526264e-03  -1.6537365e-02   3.5686474e-02   1.7733131e-01  -1.8217544e-01  -3.8973444e-01  -4.1200549e-01  -2.2977238e-01  -1.2291993e-01  -1.1608944e-01  -1.9670746e-01   5.0398753e-01   2.4320760e-01  -1.7335785e-01  -8.8177658e-02   2.2248772e-01  -5.6128514e-02   9.1564000e-04  -2.6212432e-01  -2.2480531e-01   1.5468435e-01  -6.3666368e-02   9.3837383e-02  -3.4264151e-01   1.2098836e-01  -1.3608533e-01  -2.0880853e-01  -1.0136303e-01   3.1951653e-01  -1.5314546e-01  -1.7419092e-01   5.8447671e-02  -2.3474455e-02  -3.6318247e-01  -3.1133290e-01  -2.7163340e-01  -1.5627473e-01  -2.1441861e-01   1.7440895e-01  -2.5401559e-01   4.2178269e-01  -1.3826307e-01   2.0992026e-01   9.9810861e-02  -1.5160708e-01   6.5457067e-01   2.3392217e-01  -3.9703270e-01   4.2305568e-01   1.2271863e-02  -1.2541142e-01  -2.7190033e-01  -1.3353896e-01  -7.2922300e-03  -3.2910707e-01  -8.8961164e-02   2.1527679e-01  -3.6293854e-01   1.8154918e-01   2.8649767e-01   1.2609897e-01  -3.3861281e-01  -5.9811668e-02  -1.9662612e-01  -2.2060196e-01   4.8529755e-01  -2.4190576e-03   2.1881638e-01  -2.1387812e-01  -1.3595359e-01  -2.8305624e-01   7.1709327e-01   1.1792511e-01  -5.9183696e-03  -2.6386577e-01  -2.1108898e-01   1.1416462e-01   1.0332897e-01  -3.2117770e-02  -2.2696068e-02   1.4008831e-01   3.2465625e-01  -2.4049610e-01  -1.5440766e-01   2.2115172e-02  -1.6204539e-01   8.4535677e-02  -1.2955067e-01  -3.1996878e-01  -8.8742804e-02  -1.4539493e-01   1.2846307e-01  -2.5286935e-01  -1.9352707e-01  -7.9702807e-02  -1.8299566e-02   1.7230318e-01   1.7200612e-01   1.7018337e-01   4.7060379e-03  -3.3983567e-01  -2.7091869e-01  -3.0494637e-01   2.1772599e-01   2.7882383e-01  -1.7342504e-01  -2.9994155e-01   9.5681148e-03  -8.4228252e-02  -1.1041326e-01   1.8258152e-01  -2.8980376e-01   1.1547024e-01  -2.5211739e-01  -9.6095502e-02   4.3613280e-01   5.3382862e-03  -3.0432234e-01  -2.9253218e-01   2.6910479e-01   3.7961666e-01  -6.1679017e-02   6.6123470e-03  -2.6223046e-01   7.2578392e-02   3.0548700e-02  -1.9535121e-01
  -2.6071826e-01   1.3761225e-01   9.0492725e-02   3.6991485e-01  -2.1947471e-01   0.0000000e+00   1.9528972e-01  -2.3010140e-01  -3.8436483e-01  -2.7799618e-01   2.6746827e-01   3.6940111e-01  -1.9793698e-01  -2.0963228e-01   5.6725455e-02   4.4099013e-01  -9.5381355e-02   3.4385926e-01   6.1956145e-01  -5.7695672e-02   2.8699820e-01   4.5495040e-01   3.7978733e-01  -1.8172659e-01  -1.9813044e-01  -9.2110630e-03   1.8279397e-01   1.4896497e-01  -1.3497204e-01   1.7067325e-01  -3.1674473e-01   2.1510579e-01   8.4664163e-02  -2.4872284e-01   7.2538188e-02   1.9271269e-01  -2.3799126e-01  -2.6922105e-01   3.0369350e-01  -5.2171180e-02   1.0575972e-01   1.5512973e-01   1.1972707e-01  -3.5636867e-03  -1.4906903e-01  -1.3155109e-01   5.5191132e-01   1.0195317e-01  -6.2587133e-02  -2.5937407e-01   3.9441910e-01  -3.0851685e-01  -4.3178308e-01  -1.2263668e-02  -3.2180957e-02   4.6705317e-01   5.3471134e-01   2.7029314e-01   2.7912268e-01  -1.3134722e-01  -1.8672992e-01  -8.4784573e-02  -4.5792424e-01  -2.6058000e-01  -1.8215427e-01   2.1853744e-01   8.3999446e-01  -5.2488393e-02   5.2222660e-01   3.9610634e-01  -3.5266675e-01   3.8160788e-01   2.2899794e-01   8.1123417e-02  -2.1845974e-01  -3.0848468e-01  -1.5685840e-01  -2.1132544e-02  -3.3302489e-01   1.1339489e-02   4.6655175e-01   1.0211794e-01   4.2787601e-01   5.4450138e-02   4.0704808e-01  -2.1433221e-02  -1.6125659e-01  -1.6799398e-02  -2.0216808e-01  -2.3311062e-01  -3.9378815e-01  -2.2939094e-01   8.1355040e-03  -1.2002473e-01  -1.7340898e-01  -5.8213144e-03  -1.5402436e-01   5.3328469e-01  -4.8380871e-02   3.5107363e-02   1.3248338e-01   1.0055612e-01   5.1072506e-01  -3.4506284e-01   5.0310561e-01  -3.2049990e-03   1.2305341e-02   2.2335244e-01  -2.7437201e-02   1.9333736e-01   2.6207192e-01   7.0163572e-01   9.4052687e-02  -2.5860662e-01   4.4193630e-01  -4.5415390e-01   1.3096125e-01   8.6415279e-02   4.5751733e-01   4.0756296e-01  -7.9233560e-02  -3.8631339e-01  -3.5146710e-01  -2.1273029e-01  -2.3159189e-01  -2.4086626e-01   5.0728596e-02  -2.1489336e-01  -2.8623657e-02   1.8167682e-01   1.4179483e-01  -4.0030716e-02   2.8491944e-02  -1.6170611e-01  -6.1612753e-02  -3.2890519e-01  -8.3140755e-02   1.5126774e-01  -1.8927649e-02  -2.6499222e-01  -9.2088701e-02  -2.1973814e-01   3.1834063e-01   6.4557708e-01   1.7843786e-01   1.3968882e-01   1.2427249e-01   3.7599887e-01   4.7362862e-01  -1.4439686e-01   1.3618266e-01   8.2189704e-02   2.4964305e-02  -1.8583921e-01   1.1830214e-01  -1.9885693e-01  -1.6091900e-01   2.0854181e-01  -2.1571328e-01   4.1948560e-01  -1.4526783e-01   1.8336017e-01   7.8713154e-02   2.6973742e-01   1.1219103e-01  -2.1076429e-01   2.7614940e-01   4.1934508e-02  -1.0574515e-01   1.0022315e-01  -2.5420765e-01  -1.3335507e-01   5.1653926e-02   7.2694440e-01  -3.2611629e-01   1.8423707e-01   1.4890557e-01
  -2.9579166e-01   6.1115828e-01   9.4617414e-02  -9.3647198e-03   1.3605891e-01   1.9528972e-01   0.0000000e+00  -4.4380524e-01   2.3454318e-01   2.7418870e-01  -2.7640560e-02   6.0721328e-01  -3.0497396e-01  -3.9696766e-01   6.0618498e-01   2.7347356e-01  -2.5425290e-01  -6.0544020e-03  -1.4336852e-01   8.4309677e-02  -1.4640837e-03  -3.7254355e-01   3.1290470e-01  -2.7445850e-01  -1.1118741e-01  -1.2975191e-01   4.9473156e-01   9.3609448e-03   8.8107951e-02   2.1375246e-01   2.6896647e-01  -2.6438248e-01  -1.7995709e-01   5.2084971e-01   5.1860108e-01   2.5978719e-01   1.3540067e-01  -3.4288100e-01   1.2247498e-01   1.3619613e-01  -2.3114250e-01  -4.7138973e-02   6.1210036e-01  -3.8413300e-01   4.0382232e-01  -2.8908701e-01   5.5334833e-02   6.8077031e-01  -5.8336983e-02  -6.8519172e-02   1.0736328e-01  -3.6281968e-01   3.2065604e-01  -2.3107724e-01  -1.3134990e-02  -7.5767328e-02  -1.9246324e-01  -2.9413663e-01  -7.4712193e-02  -2.9068830e-01  -5.0310842e-01   8.3193722e-02  -1.2248051e-01  -1.8537529e-01   1.1701293e-01   4.6260241e-01   3.4664101e-01   1.5360143e-02  -2.6858723e-02   1.8179994e-01   3.3247010e-01   1.3748165e-01   1.8485908e-01  -2.3196996e-01  -4.3773101e-01  -4.7168706e-01  -4.6600367e-01  -3.4258659e-01   4.9706932e-01  -2.5997917e-01   4.4893263e-01  -9.1757122e-02   2.0710769e-01  -4.4136626e-01   2.3182019e-01  -3.4652932e-01   2.4953436e-01  -1.5821014e-01  -2.0982305e-01  -2.7554537e-01   2.5765205e-01  -5.2133502e-01   6.1325450e-01   1.4008392e-01  -3.9886547e-01  -3.1339398e-02  -1.5801086e-01  -2.3378921e-01  -1.2028251e-01   3.4326119e-01   8.1885649e-02   1.6580513e-01   1.0547156e-01  -3.2778952e-01  -1.0119310e-01  -3.8763286e-01  -1.1312572e-01  -2.1733701e-01   1.2192384e-01   1.3034829e-01   5.1651782e-01   1.5379936e-02  -1.6955490e-01  -2.6828552e-01   3.6952354e-01   1.2628132e-01  -1.9179202e-01  -6.9766957e-02   1.4249883e-01  -1.6120148e-01  -3.3722761e-01   2.1951205e-01   2.2494669e-02   1.0377849e-01  -2.8662401e-01  -3.6714050e-01   4.5744129e-01  -3.6918062e-01  -4.9836907e-01   1.2194632e-01   1.3231091e-01   3.1042319e-01  -3.0289516e-01   1.0946784e-01  -2.2519201e-01  -3.3526820e-01  -3.2346561e-01   1.0114346e-01  -3.3971388e-01  -2.3629471e-01  -1.7822193e-01  -2.7287141e-01  -6.3004096e-02   2.3929935e-01   4.3151792e-01  -2.8421127e-02   5.5288682e-01   1.4743799e-01   2.2312708e-01   5.1725690e-02  -2.1480367e-03  -5.0238169e-02  -2.1390815e-01   1.7861540e-01   4.8347573e-01  -2.1288174e-01  -3.9683328e-01  -1.5107985e-01  -4.7877555e-01   4.6932907e-01   1.6684982e-01  -1.1419522e-01  -7.0295701e-02  -1.7021611e-01  -3.6542300e-01   5.5379044e-01   3.6349700e-01  -1.8471626e-01  -2.5911581e-01   1.3613865e-01   5.4934339e-01  -3.8244594e-01  -6.6825572e-03   3.4946406e-01  -2.7490029e-01  -1.9465652e-01  -4.2875172e-01
   1.1450968e-01  -3.0693536e-01  -2.9293605e-02  -2.1133253e-01  -1.2371432e-01  -2.3010140e-01  -4.4380524e-01   0.0000000e+00  -9.1421813e-02  -1.6779065e-01   7.8322584e-02  -2.9372402e-01   2.4096876e-02   2.5177433e-01  -2.0070981e-01  -2.3995569e-01   1.7217282e-01  -1.1188672e-01   8.1700650e-02  -1.5186756e-01  -2.4699309e-01   3.8196796e-02  -3.5847318e-01   8.6529128e-02   8.3098461e-02   4.6073200e-01  -2.8015930e-01   2.0595023e-01  -3.3118979e-02  -9.2135173e-02  -8.2809983e-03  -2.6693202e-02   5.6749309e-02  -1.1601065e-01  -2.5000473e-01  -2.1653677e-01  -3.5991386e-02   1.4870892e-01  -1.3954648e-01  -2.0952796e-01   8.4890786e-02   8.9791076e-02  -2.6613315e-01   4.8922568e-01  -1.8240164e-01   2.8456429e-01  -1.3810387e-01  -2.7379476e-01  -1.7278529e-01   4.5937080e-02  -7.6722506e-02   7.2883490e-01  -1.1138218e-02   2.2201473e-01   5.9474548e-02   2.1026667e-01   1.0779900e-01   2.2817311e-01  -4.6386313e-02   3.4909889e-01   4.7665522e-01  -1.5245276e-01   1.2982262e-01   4.0129582e-01  -9.8879141e-02  -3.1201303e-01  -2.4123549e-01  -5.1548977e-02   4.9382233e-02  -1.0311807e-02  -1.0982531e-01  -7.9147498e-02  -2.8153199e-02   1.0077612e-01   2.0610913e-01   5.6272163e-01   4.3514743e-01   1.5324875e-01  -1.4896502e-01   6.7774984e-02  -2.2397783e-01   7.6373280e-02  -9.9738985e-02   5.7671054e-01  -1.4134844e-01   4.0920647e-01  -1.0938237e-01  -2.5733904e-02   1.1541522e-01   7.8802778e-02  -1.5337660e-01   4.7312349e-01  -2.5593507e-01   8.1190938e-02   3.5441797e-01  -7.5084048e-02   9.0032440e-04   1.3844808e-01  -1.2479374e-01  -2.4576013e-01  -7.1279057e-03   1.7163362e-01  -1.2995463e-01   3.7201190e-01  -1.9424479e-01   3.7065431e-01   3.3223531e-02   3.5301492e-01  -6.5698090e-02   1.3060590e-03  -2.2427072e-01  -1.8853690e-01  -1.5432177e-05   7.5588368e-02  -2.0096305e-01   7.6642576e-02   1.4898285e-01  -2.1815027e-02   2.8487243e-03  -9.7543598e-03   2.0488210e-01  -6.8481141e-02   5.7655876e-03  -1.5285991e-01   2.4835437e-01   1.8465062e-01  -3.0913448e-01   2.2947476e-01   3.3096863e-01  -1.8100191e-02  -1.4095629e-01  -8.7502387e-02   1.7806282e-01  -2.8558413e-02   1.0535134e-01   7.3525853e-01   9.6919149e-02   6.8517188e-02   6.1753916e-01   2.7671118e-02   5.7466927e-02   8.8570840e-03   1.2571853e-01  -1.8730711e-01  -3.2173961e-01  -9.9443656e-02  -2.0339637e-01  -1.4881704e-01  -1.8725351e-01  -5.3835583e-02   2.0877814e-03   3.7752382e-01   3.5719001e-01  -8.3871404e-02  -3.3589188e-01   7.5124051e-02   3.4793114e-01   2.8294234e-02   4.0964302e-01  -3.2172474e-01  -6.1704222e-02   2.4366430e-01  -2.8816993e-02  -2.5143333e-02   2.3156321e-01  -2.1636746e-01  -1.1619844e-01   2.8858557e-01   2.7383346e-01   1.2512086e-02  -2.7759394e-01   2.4325205e-01  -1.9434013e-02  -2.7399333e-01   1.0957271e-01   1.1169148e-01   4.1079594e-01
   9.7319620e-03   2.3227687e-01   5.9693951e-02   1.2991729e-02   3.6833523e-01  -3.8436483e-01   2.3454318e-01  -9.1421813e-02   0.0000000e+00   1.9902089e-01  -1.6631799e-01   2.3148389e-02  -1.9843514e-02  -2.3395860e-02   1.5079753e-01  -2.0428535e-01   5.2944884e-02  -1.1073409e-01  -3.3019771e-01   5.7538499e-02  -5.4499451e-02  -2.2352248e-01  -1.7518727e-01   4.8369895e-03  -1.1201939e-02  -2.4002327e-01   2.2548623e-01  -1.3389279e-01   3.3548497e-01   2.8197950e-01   3.6873788e-01  -1.0393660e-01   1.5055118e-02   2.0686883e-01   4.7815986e-01   1.0338836e-01   2.6061741e-01   2.2499163e-01  -9.8074701e-02  -1.0441514e-02  -1.1478774e-01  -1.7818219e-01   3.6884190e-01  -1.5828900e-01   3.9723898e-01  -1.8904709e-01  -1.2566185e-01   3.5635717e-01   2.5734592e-01   6.9208157e-02  -1.3531190e-01  -6.8818586e-02   3.5174135e-01  -2.6690138e-03  -3.3664291e-02  -2.7237061e-01  -2.9003112e-01  -1.7901026e-01  -1.1381478e-01   9.0412347e-02  -1.4694870e-01   1.6046462e-01   6.2999085e-01   1.2110606e-01   4.8313169e-01   1.0511442e-01  -2.0888141e-01   4.3562903e-01  -2.1963412e-01  -1.6866557e-01   2.6214523e-01   1.1720215e-01  -2.9907383e-02  -4.9633363e-02  -3.2726725e-03  -1.2169083e-02  -2.2781133e-01  -6.8784995e-03   4.5354267e-01   1.0535138e-02  -2.0225866e-01  -1.6729023e-01  -1.3130704e-01  -2.4014153e-01  -2.3209735e-01  -1.9427341e-01   4.2265080e-01   6.1591950e-03   4.3298790e-01   1.1188006e-02   5.0578270e-01  -8.2977615e-02  -6.4136212e-03   3.8659891e-01  -5.6458620e-02  -6.8033116e-02   5.4226371e-02  -2.9720960e-01   2.6698650e-01   8.9035902e-03  -2.0079297e-01  -6.8436622e-02  -7.4131358e-02   3.4557053e-01  -2.0020100e-01   7.2414140e-02   4.5763774e-02  -1.4078630e-01   4.6548535e-02  -1.2251681e-01  -8.8880193e-02  -3.2753784e-01   2.8384221e-01   1.7579099e-02  -1.4093201e-01   2.3834525e-01  -1.8463655e-01  -2.7886912e-03  -2.2112564e-01  -2.6430818e-02  -1.5993799e-01   4.4105736e-01   2.4112609e-01   3.6847632e-01  -1.1490635e-01   9.9909325e-02   1.6150287e-01   6.0292405e-02   4.9684385e-02  -3.6203257e-02  -1.4328244e-01   1.4812101e-01  -4.6643075e-02   2.2718506e-01   2.5765788e-01  -8.0300296e-02   6.7591938e-02   2.8076565e-02  -2.5043793e-01   1.0716503e-01   8.2484962e-02   4.9841085e-02  -2.6754994e-01  -3.6491876e-01  -2.4646695e-02  -1.1254480e-01  -1.2980944e-03  -5.9474032e-02  -2.9470072e-01   9.5295476e-02  -1.6716070e-01  -4.4428099e-02  -2.9204022e-01   3.1672348e-01   2.0286973e-01   9.1440851e-02  -1.4550084e-01  -1.1378792e-01  -4.8401583e-02  -1.3966192e-01   3.5814199e-01  -1.8042083e-01  -4.0343887e-02   9.2782736e-02  -9.3349676e-02   2.1017425e-01   6.5952090e-03  -1.6085675e-01  -1.1778733e-01  -1.0785851e-01   2.7561316e-01  -1.6087440e-01   4.6368480e-01  -3.5082284e-01   1.8197969e-01  -7.7162822e-02  -1.0474106e-01
  -2.4091916e-01  -5.6279573e-02   1.3011868e-01  -1.7235071e-01   1.2626805e-01  -2.7799618e-01   2.7418870e-01  -1.6779065e-01   1.9902089e-01   0.0000000e+00  -1.2283596e-01   7.4642893e-02   1.7707382e-01  -2.0226676e-01   2.0364721e-01  -7.1857929e-02   6.6405898e-02  -1.0662752e-01  -4.0411123e-01   1.7502012e-01   1.4322653e-02  -1.8383667e-01   4.8845107e-02  -3.0764898e-01  -5.0217311e-04  -1.7079133e-01   6.7015472e-02  -8.0835236e-02  -1.1322755e-01  -9.8072356e-02   1.6600591e-01  -1.3152065e-01  -1.4383103e-01   5.7347544e-01   1.1921546e-01   1.2748783e-01   1.9802236e-01  -2.5015919e-01  -6.7700767e-02   1.9033393e-01  -6.3199182e-02  -1.6802151e-02   1.5839478e-01  -2.0423951e-01   1.2787986e-01  -2.8181433e-01  -2.2550609e-01   1.5282286e-01   7.3559720e-02   1.6511643e-01  -1.0906275e-01   1.4154412e-02   2.7719595e-01  -9.5139650e-02  -1.5318740e-01  -2.6916142e-01  -4.1826589e-01  -1.9500162e-01  -1.0893481e-01   6.7415242e-02  -2.5451888e-01   3.3603849e-01   8.1961098e-02   8.9492843e-02  -5.5396456e-03   2.4996026e-01  -1.1246571e-01   4.1534964e-02  -2.7616179e-01  -1.8253514e-01   2.2374305e-01  -1.3648798e-01   1.4445683e-01  -3.2204764e-01   6.8638314e-02  -9.2812561e-03  -2.3267132e-01   2.0434920e-01   2.2619352e-01  -7.2127138e-03  -2.4046631e-02   1.2130910e-01  -1.1829627e-01  -1.1297965e-01  -2.8009022e-01  -1.2785785e-01  -6.9292815e-02  -1.1917659e-01  -6.8670382e-02  -2.5738532e-01  -8.8676633e-02  -6.1286975e-02   4.4407699e-01   1.4586318e-01  -3.5563846e-01   2.2817257e-01   1.5762494e-02  -3.0381147e-01  -2.2636673e-02   4.8545608e-01  -1.2119809e-01   1.7487423e-01  -2.4065044e-01   1.2473618e-01  -1.8213277e-01  -1.1095204e-01   2.6351769e-02  -2.0854465e-01   4.2028864e-01   2.6473509e-01   2.1801505e-01  -3.1151082e-01  -3.6060492e-02  -2.6578587e-01  -2.9197481e-02   1.9987344e-01  -1.6206443e-01   2.3930881e-01  -1.7199410e-01  -9.1742145e-02  -2.8401217e-01   1.1348122e-01   6.4179899e-02   4.2037419e-02  -2.4515772e-01  -1.9503892e-01   3.3584510e-02   1.1193542e-01  -8.4238844e-02  -2.6432774e-01   1.2773772e-01   6.6933336e-02  -3.6598811e-01   2.5746424e-01   1.4844976e-01  -4.5719082e-02   4.8577505e-02  -4.0959185e-02  -2.0986108e-01  -3.0976800e-01  -3.1148354e-01   4.2692630e-02  -1.1288423e-01  -2.7686196e-01   1.9604834e-01   1.0983688e-01   2.7328535e-01  -3.8987057e-02   1.5225663e-01   2.9265086e-01  -1.3694508e-01  -1.8502343e-01  -2.4525750e-01  -3.6212631e-02   1.3379729e-01  -3.0628164e-01  -2.5627253e-01  -1.3683479e-01  -1.2816677e-01   1.8722426e-02   8.6033717e-02  -8.7232496e-02   3.6476474e-01  -1.0728459e-01  -1.2666916e-01   3.1800401e-01  -1.9809340e-01  -2.8585414e-01  -3.0882383e-01   1.0037402e-01   2.6617266e-01  -2.8861607e-01   2.4792789e-02  -2.8590283e-01  -5.4175081e-02   4.4364177e-03  -7.1346986e-02
  -8.7651317e-02  -1.8631292e-01  -2.6948150e-01   3.4341226e-01  -1.3289918e-01   2.6746827e-01  -2.7640560e-02   7.8322584e-02  -1.6631799e-01  -1.2283596e-01   0.0000000e+00  -8.8549812e-02  -3.6153986e-01  -4.3026524e-02   2.2812439e-01   3.0686248e-01  -2.9263565e-01   6.6588120e-01   1.8842928e-01  -1.6653851e-01   2.7621768e-01   1.9043735e-01   4.1013191e-01  -4.6169762e-03  -7.8580951e-02   3.1011333e-01  -4.0325104e-02   7.5204681e-02  -1.6334535e-01   3.8874250e-01   7.8594385e-02   4.2813168e-01  -9.7060863e-02  -1.5425897e-01  -1.0545646e-02   2.5891974e-01   2.0242985e-01  -3.1683268e-01   3.1827231e-01  -4.1962435e-01   1.0663711e-01   3.5802887e-02   2.2790741e-03   2.0375978e-01   2.0745433e-01   1.6800362e-01   6.7406605e-01   8.8504070e-02  -1.0607118e-02  -3.9095756e-01   6.8418336e-01   7.9122006e-02  -1.8810707e-01  -1.5051992e-01   7.0388442e-02   3.0445731e-01   2.6202477e-01   3.0659709e-01   6.7449897e-01   1.8922579e-01   1.3932136e-01   1.4961081e-01  -1.5763138e-01   3.1747685e-01   1.5104083e-01   2.3857913e-01   1.8118567e-01  -2.4190300e-01   5.6910143e-01   5.6132916e-02  -4.6859437e-01   2.3351732e-01   4.0323340e-01   6.8226065e-02  -2.2864328e-01  -1.0361985e-01   1.0200486e-01  -1.0480410e-01  -8.1814040e-02   1.3438208e-01   6.8019197e-02   3.7982481e-01   1.3128156e-01   2.7100193e-01   4.1979077e-02   5.9150679e-02  -1.9803587e-01   1.2592627e-01  -4.0081572e-02  -6.3504740e-02  -4.4487622e-02  -4.6021373e-02  -1.5791717e-01  -2.5403352e-02  -1.0444085e-01  -2.6874610e-01  -2.8465286e-01   2.5104322e-01  -1.1606241e-01   1.0755235e-01  -3.2187613e-01   4.6780794e-01   1.7324699e-01   4.6835640e-02   4.5727663e-01   1.0842245e-01  -2.1816878e-01   4.4805923e-01   2.9985239e-01  -6.2333531e-03  -1.9125568e-02   3.7924457e-01  -7.2248754e-02  -9.6589106e-02  -2.3827280e-01  -2.4371560e-01   3.4696862e-02   1.0938778e-01  -6.0095896e-03   2.9815736e-01   1.3392584e-01  -2.6524902e-01  -2.8007856e-01   1.5865170e-01   3.5263023e-02  -5.5953693e-02   3.3141466e-01  -1.9199221e-01   3.8856710e-03  -1.9608301e-01   3.3770607e-01   4.7979314e-01   1.2965155e-01   2.4190564e-01  -1.4756011e-01  -1.5616023e-02  -6.6864029e-02  -2.5094996e-03   4.0050544e-01  -1.8971622e-01  -5.7346766e-03  -4.6218244e-01   7.1405303e-01  -9.2837410e-03   1.1103832e-01   3.2137751e-01  -2.8950317e-01   4.4577399e-01   1.0138468e-01  -5.3339301e-02  -1.2346508e-01   1.8473476e-01   2.5860116e-01   2.6290341e-01  -3.3840805e-01  -1.4194414e-01   1.3013399e-01   5.7784542e-01  -2.2490726e-02   4.5640750e-02  -1.6800186e-01   6.6032376e-01   2.3315231e-01   4.7776953e-01   9.9508304e-02  -9.1408944e-02   5.7515554e-01   4.9944152e-02   1.9442454e-01  -1.2583098e-01  -2.3677164e-01  -3.3469386e-02   1.7476396e-01   1.3051914e-01  -3.4589901e-01  -5.2962074e-02   2.2645992e-01
  -3.4010609e-01   5.6631734e-01   5.4807108e-01   1.8356442e-02   1.5257383e-01   3.6940111e-01   6.0721328e-01  -2.9372402e-01   2.3148389e-02   7.4642893e-02  -8.8549812e-02   0.0000000e+00  -2.2448137e-01  -4.1500204e-01   3.2654164e-01   3.8642349e-01   1.7385309e-01  -2.3699999e-02   1.0540697e-01   2.6261371e-01  -1.5515469e-01  -8.4134377e-02   6.6877193e-02  -3.5416316e-01  -3.7862085e-02  -1.3946378e-01   3.7911593e-01  -5.9917321e-03   1.5193418e-01   3.6328298e-02  -1.1214597e-01  -3.0265249e-01   1.3519268e-01   3.4982505e-01   5.5246855e-01   1.8437794e-01  -1.8225825e-01  -4.0619882e-01   1.7375374e-01   3.1404580e-01  -4.2977040e-02   2.0115077e-01   3.3859401e-01  -2.0623129e-01   1.6306650e-01  -3.5563056e-01   1.4833551e-01   1.5183658e-01  -2.1503583e-01   2.5948540e-01   2.0313646e-02  -2.1099570e-01   3.5836387e-02   2.1436871e-01  -4.9367450e-02   1.4834460e-01  -9.2913466e-03  -2.2125004e-01  -1.2343072e-01  -1.9902192e-01  -4.0347099e-01  -1.0881036e-01  -1.6956366e-01  -1.9636615e-01  -1.9349935e-01   1.8924512e-01   5.1433663e-01   1.1877979e-01   4.1862658e-03   4.7465833e-01   2.5947893e-01   1.5624748e-01   1.2540158e-01   1.4269998e-03  -5.8066331e-02  -3.7691857e-01  -4.3956193e-01  -1.6176492e-01   2.1037839e-01  -1.5475118e-01   3.6284676e-01  -8.1455261e-02   3.1499638e-01  -2.9698733e-01   4.1074692e-01  -2.6737320e-01   3.2339402e-02  -2.1801745e-01  -1.6669328e-01  -3.8012490e-01   3.4077767e-02  -2.3510300e-01   4.6415029e-01   1.2548433e-01  -3.4586050e-01   1.1312149e-01  -3.0287777e-02  -1.2895241e-02   3.6170354e-02  -5.3375997e-02   3.1742359e-01   1.7379744e-01   9.2505225e-02  -2.7128268e-01  -1.6161130e-01  -3.1600798e-01   3.0214686e-01  -1.5801696e-01  -1.3166806e-01   1.0949229e-01   5.1789634e-01   8.9586454e-02  -4.7664768e-02  -3.3152985e-01   5.6689043e-01   1.0444612e-02   8.4800032e-02  -4.7010315e-04   3.6060764e-01   7.1379719e-02  -4.0731319e-01   2.2003270e-01   2.2176402e-01  -1.1193454e-01  -3.6102302e-01  -3.1258675e-01   2.4407400e-01  -1.2882757e-02  -3.6072867e-01   4.5185030e-01   9.0080593e-02   3.8042190e-02  -2.3766180e-01  -1.8271916e-01  -1.5011127e-01  -2.2886704e-01  -9.5464390e-02  -3.1036299e-03  -2.6648751e-01  -2.8963948e-01  -2.1127234e-01  -1.5644915e-01  -1.7578088e-02   5.3695243e-01   2.4277201e-01  -2.6310515e-01   6.9945454e-01   1.7696032e-01   2.6589815e-01  -2.7617782e-01   1.6609503e-01  -1.8278048e-01  -1.5652739e-01   6.3080302e-02   6.8704913e-01  -3.1391706e-01  -4.1039556e-01  -1.6245800e-01  -2.9572341e-01   3.0012854e-01   2.0223061e-01  -1.5095279e-01  -2.1437279e-01  -2.8062101e-01  -1.6761512e-01   3.3775506e-01   1.2244226e-01  -1.2079992e-01  -1.6913334e-01   2.3778485e-01   3.8006588e-01  -4.8930789e-01  -1.2812811e-03   5.6275279e-01  -9.6512931e-02   1.5986311e-01  -1.2082517e-01
   1.1729770e-01  -2.5648522e-01   1.4829036e-01  -1.0201453e-01   2.4028497e-01  -1.9793698e-01  -3.0497396e-01   2.4096876e-02  -1.9843514e-02   1.7707382e-01  -3.6153986e-01  -2.2448137e-01   0.0000000e+00   2.0235966e-01  -5.0064256e-01  -1.9433353e-01   2.4528129e-01  -2.5739431e-01  -1.8511896e-01   3.7664216e-01  -2.2193652e-01  -2.8021223e-02  -4.0837930e-01   1.2035536e-01   1.5114833e-01  -1.6842189e-01  -9.4867675e-02  -2.4512905e-01   1.5774792e-01  -1.6319617e-01  -2.1703464e-01  -5.0097045e-02   2.7560280e-02  -1.8053282e-01  -1.4880882e-01  -8.1962212e-04  -3.5098707e-01   1.9028187e-01  -8.9966896e-02   1.7225999e-01   6.2418377e-01  -3.7835537e-02  -2.1430035e-02  -7.6162488e-02  -1.7123558e-01  -1.1434479e-01  -3.1221894e-01  -3.3386004e-01   1.6611117e-01   2.6978371e-01  -2.3406633e-01  -4.8617624e-02  -1.6618052e-01   2.4187263e-01   4.2138731e-02  -3.5198829e-01  -2.4282856e-01  -7.5450778e-02  -1.5805517e-01   9.3567869e-02   6.3300076e-02   3.6770983e-01  -1.0858043e-02   2.6142205e-02  -1.8266308e-01  -1.9356467e-01  -1.6043464e-01   5.1458448e-02  -3.4737585e-01  -1.3840475e-01   1.2584541e-02  -1.4521229e-01   7.3364022e-02  -1.7337458e-01   4.0190059e-01   6.6030736e-02   7.9236806e-02   4.0875862e-01  -2.9801301e-01   3.6720191e-01  -4.2103755e-01   8.0959938e-02  -1.9836733e-01  -5.6111369e-02  -5.7418088e-02  -1.4303109e-01  -2.1037737e-02  -1.8375179e-02   2.0096360e-01   8.7772514e-02  -1.9029830e-01   2.2895874e-01  -1.9562768e-01   5.5534679e-02   1.0840033e-01   5.7927873e-01   5.6211499e-01  -1.4509070e-01   5.0294835e-01  -2.2024179e-01   1.9078663e-01  -3.7284655e-01  -2.7955252e-01   1.4241424e-01  -2.4671464e-01  -4.0496805e-02   2.6531041e-01  -1.6390073e-01  -6.0841987e-03   1.1343152e-01  -2.6933620e-01  -2.9642380e-01   1.2397214e-01   9.8291822e-02  -1.8478849e-01   2.8775123e-03  -8.7047108e-02   4.9682665e-01  -7.4729188e-02  -3.4548296e-02   2.6043065e-02   7.1366816e-02   1.6933512e-01  -2.4794600e-01   1.4761842e-02   1.1648294e-01  -3.3411623e-01   4.1539553e-01   1.4129459e-01   1.9282237e-02   1.6927307e-01  -3.1148778e-01  -3.7707594e-02  -2.0513890e-01   2.5473097e-01   4.2979853e-02   3.9782427e-01  -1.4459877e-01  -2.6728403e-01   1.5141805e-01   6.8233371e-02   6.6397258e-01  -3.2038426e-01  -1.5418328e-01  -3.0817598e-01  -3.9755781e-02  -5.4970314e-02  -2.8201378e-01   6.3527079e-03  -6.5486393e-02   3.9734980e-02  -2.9109047e-01  -5.3845313e-02  -1.5713611e-01  -6.2426663e-02   1.1394614e-01   5.1172196e-05   7.3429655e-02   1.9447205e-01  -4.0920680e-01   9.8831069e-02  -2.5545376e-01   3.2176328e-02  -1.8928132e-01   7.5567914e-02  -1.9488034e-01  -4.4049826e-01  -1.0064965e-01  -1.5690310e-01   9.1063369e-02  -1.9245793e-01   1.7411890e-01  -1.1736763e-01  -3.2559108e-01   3.6423444e-01   1.0820075e-01   1.7478017e-02
   7.3740846e-01  -1.9892547e-01  -2.6498685e-01   1.1412140e-02  -1.7270160e-01  -2.0963228e-01  -3.9696766e-01   2.5177433e-01  -2.3395860e-02  -2.0226676e-01  -4.3026524e-02  -4.1500204e-01   2.0235966e-01   0.0000000e+00  -4.1841565e-01  -5.6726899e-01  -1.0141190e-01  -1.0792974e-01   8.3403732e-02  -1.2966042e-01  -3.2198492e-02   7.6168509e-02  -6.5383361e-02   7.9300240e-01   1.1335426e-01  -2.0305611e-02  -2.5561435e-01   6.0996653e-02   2.3914412e-01   1.3419161e-01  -1.2444785e-01   2.7485991e-01  -3.1014885e-01  -5.1633940e-01  -9.1900600e-02  -3.3562947e-01  -1.0259834e-01   3.4690837e-01  -5.4076830e-01  -3.9259790e-01  -9.1586622e-02  -3.2308780e-01   8.1074251e-03   2.0732609e-01  -1.6860436e-01   6.6244210e-01  -1.9823556e-01  -2.0899486e-01   1.0397345e-01  -2.4007242e-01   1.8863455e-02   1.3211404e-01  -2.9560312e-01  -1.1430232e-01   4.2209518e-01   1.5378685e-02   1.1250395e-01   2.2617162e-01  -1.2861750e-01   4.2541357e-01   4.5228553e-01  -2.6795464e-02  -6.5596565e-03   1.1651094e-01   8.7007588e-02   3.1981328e-02  -3.7770416e-01   1.2139620e-01  -5.3065029e-02  -6.0259861e-03  -2.0995716e-01   1.1640800e-01  -4.0921846e-01   4.0932471e-01  -1.9801092e-02   3.0440107e-01   5.0272328e-01   1.4279349e-01  -3.5745671e-01   1.4815994e-01  -4.1298443e-01  -3.7124975e-01  -3.9526276e-01   2.6081912e-01   1.2059498e-01   2.9102473e-01   2.7117788e-01   5.7344973e-01   1.2075801e-01   7.1390203e-01   2.9783715e-03   3.2805284e-01  -5.0948088e-01   2.1764782e-01   4.9377564e-01  -5.8337275e-02   1.9212642e-01   9.3329825e-02   1.5248519e-02  -3.1858634e-01  -3.5665786e-01  -2.3689959e-01  -1.2866180e-01   3.9966216e-01   8.2067839e-02   2.1412205e-01  -1.9397144e-01   1.8849239e-01  -3.6594234e-02  -2.4562924e-01  -5.4441985e-01   1.4625957e-02   1.5957209e-01   7.1000354e-01  -3.8354284e-01  -2.5680887e-01  -2.5531487e-02  -2.2993944e-01  -2.0462456e-01  -1.3525508e-01   6.6557997e-01  -1.8021591e-01   7.7770196e-02  -1.9825924e-01   7.1122860e-01   8.0019187e-01  -2.7943461e-01  -1.3690147e-02   3.0330298e-01  -1.2304976e-01  -3.9256228e-01  -3.5702230e-01   6.2922329e-01  -1.5370216e-01   3.1979187e-01   3.2403960e-01   7.1580306e-02  -2.0785544e-02   1.9470566e-01   5.1880679e-01   7.1798093e-01   1.5971184e-01  -1.7876569e-01  -3.4560420e-01  -4.0907994e-01  -7.4851384e-02  -5.4094824e-01  -8.1889079e-02  -1.2204090e-01  -1.3887057e-01   1.9013159e-01   1.0555881e-01   4.8685968e-01  -1.3567745e-01  -4.0997280e-01   6.4340408e-01   6.9049297e-01  -9.8043520e-02   4.2358396e-01  -3.4918157e-01   9.7176435e-02  -8.6932233e-02  -3.2297679e-02   1.1338581e-01   1.4354973e-01  -4.2623501e-01  -9.2167767e-03   4.4368629e-01   5.0873935e-01  -2.6951638e-01  -2.3458327e-01   3.7844132e-01  -7.8210352e-03  -3.2800512e-01   3.1347938e-01  -2.7102878e-01   5.0680460e-02
