   0.0000000e+00  -1.2453135e-01  -1.5074012e-01   3.6155415e-03  -1.0804145e-02  -2.6908276e-01  -2.1044664e-02   1.6038508e-01  -1.0902216e-01   6.6590540e-02   4.3186565e-02  -2.4320065e-01   4.6788483e-02   2.9472112e-01  -1.8520944e-01  -1.8448114e-01  -8.8925450e-02   1.7572626e-02   7.4041487e-02  -4.6216834e-02   1.3959934e-01   7.1234712e-03   1.5569268e-01   4.9529216e-01   1.1120548e-01   1.5777181e-01  -1.8079782e-02  -1.8374450e-03  -5.6751088e-02  -5.1035538e-02   9.8311919e-02   2.6110896e-01  -2.2266000e-01   6.1303179e-02  -7.2878400e-02  -4.2387158e-02   6.4449788e-03   1.4182091e-01   9.8851445e-03  -8.7517039e-02  -1.8339399e-02  -2.0651221e-01  -2.0165380e-01  -7.6774509e-02   6.3139543e-02   3.8881382e-01   2.5788474e-02  -1.8230170e-01  -1.7632917e-02   1.5788447e-02   4.8440549e-02   2.1646586e-01   1.2350750e-01  -1.7559985e-01   1.4726073e-01  -5.9276271e-02  -1.8044328e-01   1.0629860e-02   2.6113282e-01  -1.5231486e-01   7.4662144e-02  -1.4641763e-01  -2.4905548e-02  -8.9919254e-02  -3.0752881e-03   1.0840883e-01  -2.6946675e-01   2.3722941e-01  -2.8485837e-02  -4.7562315e-02  -1.9104896e-01   1.7552747e-01  -6.0923139e-02  -7.3373903e-02   4.9300318e-02   9.6236333e-02   3.1429197e-01   3.2316958e-02  -8.1313552e-04   8.5535650e-02   3.2420852e-02  -1.0025823e-01  -1.7666356e-01   6.7613979e-02   3.9555320e-02   7.2380672e-02  -2.4086805e-02   2.5493271e-01   2.4037347e-02   4.0465881e-01   3.4768472e-02   3.5060963e-02  -6.4478239e-02  -2.1051681e-01   1.1332104e-01  -2.8347886e-02  -6.4176208e-02   2.7636677e-01  -1.9214623e-02   2.8740550e-01   1.1587929e-01   7.2207266e-02  -6.6970477e-02  -5.7468657e-02   2.9479001e-01   1.1758807e-01  -1.1505350e-01   2.0895761e-01   2.4353789e-01  -6.2631305e-02  -1.0244279e-01  -8.4291948e-02   3.8917336e-02   5.1047662e-01  -9.6112715e-02  -7.9261315e-02  -1.5084969e-01  -1.8113083e-02  -2.7032198e-01   1.2482527e-01   5.4460583e-01  -2.6673981e-02  -1.9435623e-01  -5.4121998e-02   5.7716245e-01  -6.0888446e-02   8.4842767e-02   2.5294504e-02   4.8673460e-02  -1.1423556e-01  -8.5546225e-02   1.2418976e-01   1.4742487e-01   1.2623267e-01   1.2268151e-01   2.1432045e-01  -6.5377155e-03  -3.2681975e-02   7.6522538e-02   3.4822660e-01   5.2883207e-01  -1.2497143e-01   2.3288068e-01  -3.2589328e-01   1.2389398e-01   1.3120456e-01  -1.7205877e-01   2.4448086e-02   1.0758932e-01  -3.4066340e-02  -4.5122652e-02   7.9440180e-02   4.0807785e-01  -2.0099748e-01  -1.6782446e-01   5.0576476e-01   5.1515122e-01   2.2986891e-01   2.3907503e-01   1.0703402e-01   5.4754304e-02  -1.8940385e-02   9.7772855e-04   1.8458439e-01   7.8851967e-02  -8.0362568e-02  -2.3902015e-01  -6.6524661e-02   4.0913230e-01   2.0886921e-02  -5.6517281e-02   1.1947246e-01   1.3055682e-01  -3.5789082e-01  -2.8267817e-01  -2.8198603e-01   1.9947197e-01
  -1.2453135e-01   0.0000000e+00   3.6761461e-01   2.6410157e-02   5.8248738e-01  -5.0192590e-02  -5.6810473e-01  -2.7460516e-02   4.5669144e-01   2.0091298e-01  -6.4028834e-01   6.2228169e-01  -2.2418864e-01  -2.0900551e-01  -3.6924660e-01  -1.9983865e-01   4.9763549e-01  -5.5165266e-01   1.0632266e-01   4.9210207e-01  -2.6033785e-01   1.4950542e-01  -4.6263805e-01  -3.1479037e-02   1.1260414e-01  -2.3703465e-01   5.8682050e-01  -4.4303708e-01   1.0188899e-01   2.4078239e-01  -5.5658779e-01  -4.7632945e-02   7.7477463e-02  -3.1528386e-01  -1.2985783e-01   1.8103148e-01   2.4038656e-03  -2.2954284e-01  -1.3484899e-01   4.8809077e-01  -2.2146621e-01  -1.3290910e-01   5.0333927e-01  -2.7200892e-01  -2.0338250e-01  -2.0402740e-01  -5.9468791e-01   4.2578303e-01   6.4564008e-01   5.4561684e-01  -4.8997594e-01  -1.7799921e-01  -2.4682124e-01   1.4848415e-01  -7.0030985e-02  -3.9564171e-01  -2.6098381e-01   2.5875432e-03  -2.3757263e-01   1.4557852e-02  -1.4854983e-01   7.7164840e-02   7.0772487e-01  -4.3916153e-01   6.0097101e-01  -3.0877790e-01   2.9067331e-01   1.6890774e-02  -2.9140757e-01   5.6179111e-02   6.7679564e-01  -3.8958693e-01   1.1595212e-01   2.7029102e-01   1.3247954e-01  -1.0250261e-02  -1.7135081e-01  -7.3284237e-02   6.7224867e-01   1.3010478e-01  -5.8735793e-01   6.9195181e-02   3.1725881e-01  -3.8418109e-02   3.3983726e-01   5.9299190e-02  -2.8401561e-01  -3.3064759e-01   5.8251798e-01   2.2203907e-01   6.1126128e-01   3.2797590e-02  -2.4561211e-01   3.7288409e-01  -1.7595513e-01   5.2197409e-01  -3.2813318e-02  -1.1452194e-01   4.3751611e-01  -3.1752860e-01  -4.6648409e-01  -6.9790842e-01  -2.4651203e-01   1.0371963e-01  -4.1725470e-01   1.6570286e-01   4.2169801e-01  -9.5983356e-02   9.3823514e-02  -4.9950947e-01  -3.9655765e-01  -2.4162346e-02   9.6345740e-02  -6.1238016e-02  -6.5827148e-01   6.2633059e-01  -1.2698041e-01  -1.2501436e-03  -2.9239483e-01  -1.4823706e-01  -1.7907535e-01   6.1419295e-01   4.7936087e-01   4.2540890e-01  -1.1626331e-01  -3.6218856e-01  -4.3743606e-01   2.5585589e-01  -7.9633989e-02   4.6078889e-01   1.5591827e-01   1.5970788e-01   1.7548701e-01  -2.2823774e-01   2.2418783e-01  -1.9491850e-01   1.1508091e-01  -4.6756939e-01  -2.0361602e-01  -1.0577362e-01  -9.5185899e-02   3.1646139e-02  -4.7533523e-01  -1.3078745e-01  -7.5750874e-01  -1.9096563e-01   1.3124908e-01  -2.6662085e-01  -4.9045216e-01   2.1561069e-01   1.3508439e-01  -6.3505412e-01   1.2271235e-01   4.1142741e-01   6.7950427e-01  -3.1676031e-01  -2.1774773e-01  -3.7958192e-01   1.4468623e-01  -4.8088378e-01   1.3542230e-02  -4.8718822e-01   1.0607945e-01  -4.1919531e-01   6.2511812e-02   6.1701449e-01   3.0643611e-01  -1.0515194e-02   4.4367955e-02   6.2815654e-01   5.6389747e-01  -4.8046938e-01  -2.8640759e-01   2.9187191e-01  -7.6479945e-02   1.9805072e-01   1.6430315e-01
  -1.5074012e-01   3.6761461e-01   0.0000000e+00  -1.0640335e-01   4.0677788e-01   1.1999988e-01  -2.7373367e-01  -8.5952216e-02   2.2695198e-01   1.1801703e-01  -4.2644506e-01   3.1962711e-01   4.7364927e-02  -2.3844130e-01   6.1651290e-02   1.9842055e-02   8.1610695e-01  -3.4684881e-01  -4.3408837e-02   4.4082489e-01  -3.7614418e-01  -7.5818608e-02  -4.1174044e-01  -3.3041745e-01  -5.3851950e-03  -1.7591311e-01   4.7818247e-01  -3.4167210e-01   3.1851017e-01  -2.3174534e-01  -4.4048768e-01  -9.8927738e-02   4.7415073e-02   1.9608533e-02   1.6420117e-02   1.9461964e-01  -1.4005770e-01  -9.1616539e-02   5.7129447e-02   5.8709813e-01   4.5749145e-02   2.1465799e-01   3.6903984e-01  -2.6443416e-01  -1.3380456e-01  -7.6400815e-02  -3.0148335e-01   5.7562210e-02   2.8213345e-01   5.5766275e-01  -3.6988025e-01  -1.1235203e-01  -1.9764779e-01   3.7823355e-01  -1.0831843e-01  -3.8680412e-01  -1.5193476e-01   3.7644159e-04  -1.6908187e-01  -1.2283536e-01   2.0790107e-01   1.9800812e-01   3.5769359e-01  -1.3631863e-01   2.2644553e-01  -3.0713031e-01   3.0828897e-01   9.4698373e-02  -2.6050223e-01   4.1712303e-01   4.5226148e-01  -2.5368383e-01   2.6564951e-01  -9.4566038e-02   1.2123755e-01  -2.5048777e-01   3.9105619e-02  -1.1980176e-01   3.4155920e-01   2.0652643e-02  -4.2043169e-01  -6.2688239e-02   1.5728275e-01  -2.5994487e-01   7.1851081e-02   2.3172741e-03  -2.8773412e-01  -4.8563819e-01   4.3776174e-01   1.4097724e-01   3.4921966e-01   4.8533345e-01  -3.7813174e-02   3.1243864e-01   2.1219726e-01   4.9474870e-01  -6.1641081e-02  -1.7003655e-01   2.7818432e-01  -2.7570964e-01  -9.9341941e-02  -3.3492651e-01  -4.0558858e-01  -1.9048708e-01  -3.6946713e-01   1.6134052e-01   4.7876479e-01  -3.5621384e-02   3.8364620e-02  -4.3565514e-01  -2.6126706e-01  -2.2821255e-01   1.1992588e-01   2.6279673e-02  -2.1263166e-01   3.1437044e-01  -5.9503805e-02   1.0357149e-01   8.6547159e-02  -9.9815562e-02  -2.3668044e-01   4.1651509e-01   4.4715704e-01  -5.9439587e-02  -1.3767308e-01  -4.5371864e-01  -3.8105306e-01   2.4181060e-01   1.4273458e-01   7.3455838e-01   2.2702745e-01   4.1769633e-02  -2.6133194e-01  -1.6666017e-01   1.9113906e-01  -6.6575646e-02   1.8181357e-01  -1.9103766e-01  -1.0130167e-02  -8.9735119e-02  -5.7136102e-02   4.3219863e-02  -2.5289093e-01   3.6469502e-01  -3.0823086e-01  -1.3190711e-01   4.7978490e-01  -3.8268606e-01  -4.6047386e-01  -2.5472816e-01   5.2075217e-02  -4.1812154e-01   1.2533953e-01   9.3041911e-02   7.1023875e-01  -2.4314448e-01  -1.9127739e-01  -1.7267606e-01   4.8486958e-01  -2.7866248e-01   2.6536920e-02  -2.9554099e-01  -1.4838848e-02  -1.8489968e-01  -3.3707746e-02   3.8888433e-01   2.3913042e-01  -2.9190322e-01   3.2734135e-03   3.5588512e-01   2.5259096e-01  -2.9358838e-01  -1.2125968e-01   2.6024123e-01   8.3083092e-02   1.3448753e-01   1.6198837e-01
   3.6155415e-03   2.6410157e-02  -1.0640335e-01   0.0000000e+00  -2.0279765e-01   1.7888540e-01  -1.2257244e-01   3.1388929e-01  -2.7746418e-01  -4.2070278e-01   5.3120276e-02  -2.4236777e-01  -1.1507661e-01   1.6322098e-01  -1.4414953e-01   4.3740773e-01  -1.5964662e-01   3.3187503e-01   1.4865444e-01  -2.4421175e-01   3.4336280e-01   6.5922369e-01   1.1968349e-01   1.1356119e-01  -4.3608705e-02   3.9543196e-01  -1.6707568e-01   2.9337659e-01  -1.8164773e-01   1.8260531e-01   1.6009203e-01   5.6387444e-01   2.0594400e-01  -2.8444201e-01  -4.8531310e-01  -2.5875457e-01   7.4195910e-03  -7.3320421e-02   4.3860498e-01  -3.1174739e-01  -1.1979544e-01   1.9776529e-01  -5.8460467e-02   4.3820575e-01   5.2584924e-03   3.0545595e-02   1.5869010e-01  -3.8767659e-01  -2.1131717e-02  -9.9283756e-02   3.6410146e-01   3.1924692e-01  -3.4083644e-01  -1.4347725e-01   1.2733836e-01   4.8801196e-01   2.8636033e-01   4.8915666e-01   2.6480093e-01  -1.1717108e-01  -9.2939988e-02  -8.8322680e-02  -1.8733184e-01  -3.9774434e-02  -1.1170672e-01  -5.4294359e-02   2.5953377e-01  -3.2851846e-02   5.6385797e-01  -2.3966462e-02  -2.0004641e-01   4.4275271e-01  -2.4044083e-01   4.7880939e-01  -1.4350908e-01   5.3133166e-01   6.6263466e-02   4.5031413e-01  -2.7174770e-01   1.6773959e-01   2.4736322e-01   5.0011002e-02  -3.9624317e-01   5.5476450e-01   3.6077040e-01   1.5388072e-01  -1.7711836e-01   1.1456941e-01  -2.3677322e-01  -1.2382586e-01  -3.4071215e-01  -6.9764178e-02  -4.3925011e-01  -3.1497527e-01  -1.0731508e-01  -2.9767388e-01   2.4758960e-01   9.4269315e-02   2.8756283e-02   9.7216565e-02   2.2043636e-01   1.9896808e-02   5.1763979e-01  -6.4368721e-02   3.9918538e-01   5.0391357e-01  -1.1051033e-02   4.7574959e-01  -2.2924313e-01   2.8927395e-01  -2.8110614e-01   6.2256400e-01   3.5544268e-01  -1.0789292e-01   3.2208340e-02  -2.2699904e-01   4.8839077e-01  -2.5380489e-01   6.3307514e-02   6.0689172e-01   2.5554329e-01  -2.6453045e-01  -2.3036243e-01  -2.0164345e-01  -5.5971403e-02   3.0916372e-01   4.0955496e-02  -2.5450763e-01   5.7796673e-01  -1.4433260e-01   8.2730130e-02  -3.8901181e-01   4.3570675e-01  -2.4269440e-02   1.5173580e-01   2.6821796e-01  -2.5397200e-02  -2.6501959e-02   3.1892845e-01  -1.3285956e-01  -4.3572135e-03   3.8758821e-02   2.2367564e-01  -1.1828775e-01   9.0367032e-02   2.0750022e-01  -3.9344821e-01  -1.7178375e-01   2.4194304e-01  -1.8655912e-01   2.0230717e-02   1.4494152e-01   2.0309134e-01  -2.5706790e-01  -3.0820383e-01  -2.0006849e-02   1.6848210e-01   5.5110206e-02  -6.4985701e-03   3.2351107e-01   3.0492526e-01   6.9458752e-02  -2.3234159e-01   4.7339893e-01   3.0209954e-01  -2.6975830e-01  -2.9656102e-01   2.9087321e-01   1.3440578e-01  -1.7890259e-01  -2.3930262e-01   7.2333248e-02  -2.5155895e-02   5.2352355e-02   9.0325956e-02   4.4323270e-02   4.1719069e-01
  -1.0804145e-02   5.8248738e-01   4.0677788e-01  -2.0279765e-01   0.0000000e+00  -3.7326297e-02  -5.4806401e-01  -1.3844446e-01   3.7994067e-01   2.3190286e-01  -4.5772711e-01   3.8103944e-01   1.5992958e-01  -4.0148037e-01  -3.2092367e-01  -3.4487970e-01   5.8654405e-01  -5.1557416e-01   4.9719592e-02   8.8762774e-01  -4.0773709e-01  -1.6710765e-01  -5.6044903e-01  -3.8484541e-04   3.1247693e-02  -4.4393406e-01   7.9896286e-01  -6.6800230e-01   2.4510372e-01  -1.0422090e-01  -6.0245020e-01  -3.2162198e-01  -4.0392668e-02  -2.2933744e-01  -1.5243692e-01   5.5594247e-01  -6.3488838e-02  -8.2629657e-02  -1.8701813e-01   6.3808905e-01   1.9192845e-01  -1.2635958e-01   5.0278049e-01  -5.1490923e-01  -1.2664465e-01  -1.6434454e-01  -3.7075433e-01   2.3812151e-01   6.7917555e-01   5.5534439e-01  -5.5568610e-01  -3.5956419e-01  -1.5555989e-01   2.5801115e-01  -2.0887415e-01  -6.4269180e-01  -3.0071853e-01  -2.5746256e-01  -9.3388227e-02  -5.1383076e-02   7.1113047e-02   4.9903243e-01   6.7292765e-01  -3.2472993e-01   7.9932854e-01  -9.2045155e-02   2.5456568e-01   2.8918522e-01  -4.3374815e-01   9.2318800e-02   5.0219130e-01  -3.4754439e-01   3.7678947e-01  -1.5110068e-01   1.5067226e-01  -3.8444655e-01  -1.7551388e-01  -3.3332014e-01   8.7606898e-01   2.1357918e-01  -7.8993597e-01   2.1187364e-02   2.8054476e-01  -2.3016203e-01   5.0174245e-02  -1.0438867e-01  -5.4444337e-01  -4.5132203e-01   6.3479837e-01   3.2829807e-01   8.5525550e-01   1.4833662e-02  -1.0237411e-01   3.8733690e-01  -3.4043010e-02   9.0870103e-01   7.1679230e-02  -5.4396204e-02   7.2948920e-01  -1.8959008e-01  -5.5983527e-01  -7.1196858e-01  -6.2364874e-01  -1.2093065e-01  -5.2036249e-01  -3.9021642e-03   3.7263493e-01  -9.1972606e-02   1.8840201e-01  -6.0212205e-01  -2.6676861e-01  -3.1610105e-01  -8.0621339e-02   8.1574420e-02  -6.8011813e-01   8.5196389e-01  -1.6617402e-01   2.9855015e-01  -4.4283651e-01  -3.2758114e-01  -1.6366486e-01   8.2176587e-01   5.1847308e-01   4.8075004e-01  -6.8616196e-02  -7.0116013e-01  -3.7766935e-01   3.6128251e-01  -2.2411622e-01   4.7176160e-01   3.4289417e-01   2.9543916e-01  -1.5782799e-01  -3.3039721e-01   1.9083327e-01  -2.2398039e-01   1.0348026e-01  -5.4042705e-01  -3.1185027e-01  -1.5942474e-01  -1.8468571e-01   2.3533000e-01  -2.8315626e-01  -1.9151295e-01  -6.5104532e-01  -2.8093163e-01   2.0841242e-01   4.0786414e-02  -5.3118168e-01   3.1883758e-01   6.4930588e-02  -7.5274500e-01   1.6664944e-01   6.2187888e-01   7.3314474e-01  -2.3284959e-01  -2.6827379e-01  -1.1775748e-01   2.9875159e-01  -5.9804855e-01   6.9826169e-03  -3.6092777e-01   3.7788870e-01  -4.4576553e-01  -3.1531883e-02   8.6361958e-01   5.7956019e-01  -3.3506160e-01   1.9509871e-01   7.3797368e-01   7.5983167e-01  -4.3407243e-01   2.7603594e-02   2.0622781e-01  -1.4603053e-01   9.6676953e-02   1.4181141e-01
  -2.6908276e-01  -5.0192590e-02   1.1999988e-01   1.7888540e-01  -3.7326297e-02   0.0000000e+00   2.6693408e-01  -9.2455683e-02  -2.6958755e-01   4.6740061e-02   1.1187090e-01  -2.7419842e-03  -2.2014875e-02  -2.2984303e-01   1.1987201e-01   3.2509695e-01   2.4663651e-02   2.7926424e-01   2.2288211e-01   1.4925168e-01   1.5275889e-01   3.3553303e-01   2.8311301e-01  -4.7228971e-02  -1.7171385e-01   3.0361106e-02   2.6283159e-01   3.2435867e-02  -9.8883588e-02   2.3465265e-01  -1.3988956e-01   8.5508792e-02   3.0411970e-02   5.9690054e-02  -1.6872565e-01   3.5581509e-01  -5.8847878e-02  -3.2768113e-01   1.9565837e-01   1.7515054e-01  -5.5553168e-02   5.8770793e-02   1.3893350e-01   8.8810806e-02   2.6751551e-01  -3.7210167e-01   3.2654220e-01  -7.8490948e-02  -7.8837387e-02  -1.6730894e-01   2.7567320e-01  -1.4444434e-01  -8.5901111e-02   2.8020175e-02  -1.4794698e-02   3.1697231e-01   6.2436094e-01   2.0326979e-01   1.0619117e-01   4.1698438e-02  -3.7727118e-01   2.6400026e-01  -2.7549924e-01  -2.0580988e-01  -1.2475305e-01   3.6408406e-01   6.4316288e-01  -1.3015101e-01   2.8961507e-01   3.2006486e-01  -1.1186198e-01   3.1378534e-01  -1.0329864e-01   3.1601189e-01  -2.5021895e-01  -1.2979995e-01  -4.0498974e-01   3.5524831e-01  -2.1143845e-01  -2.7205735e-01   4.2027841e-02   8.6037708e-03  -2.4971714e-01   1.0717599e-01   3.4079347e-01  -2.4025564e-01  -1.8824844e-01  -1.5879339e-01  -3.3546994e-01  -1.6330899e-01  -2.5595644e-01  -2.0358386e-01   1.2877122e-01  -9.4752269e-02  -2.4339394e-01  -4.1822442e-02   3.5321570e-02   1.4198393e-01  -5.2410439e-02   4.0298157e-01  -1.2552672e-02   6.9318537e-02   1.5645230e-01  -1.0592762e-01   2.3442617e-01   1.0139521e-01   1.0273730e-01   3.3777920e-01  -1.5821878e-01   2.9569926e-01   2.4269065e-01   4.9554161e-01   2.0337218e-01  -3.4686161e-01   7.8076160e-02  -2.6770770e-01   4.9159806e-02  -2.0575971e-01   3.0349851e-01   2.5166979e-01  -6.5931813e-02  -2.9689029e-01  -8.1196961e-02  -3.6041367e-02  -2.5870959e-01   9.4315306e-02   2.0164321e-01  -3.7318591e-01   1.8306446e-01   2.2394884e-01  -2.1668344e-02  -2.0405022e-01   1.8361328e-01  -2.7624516e-01   1.9375064e-02  -2.2450112e-01  -1.5945843e-01  -1.7680208e-01  -6.5091847e-02  -3.7335002e-01  -1.7614577e-01  -7.9699901e-02   1.7368440e-01   3.8954942e-01   7.9207609e-02  -1.5399593e-01  -1.9359218e-02   5.1243939e-03   4.0670707e-01   5.6992800e-02   9.5796367e-02  -1.2305182e-01   5.4752172e-02  -1.0807154e-01   6.3326262e-02  -4.8123245e-01  -2.3517804e-01   3.8240317e-02  -1.3601999e-01   4.2533005e-02   2.5784804e-01   1.7692015e-01   2.8134539e-02   1.5389914e-01   7.5277941e-02  -1.6861153e-01   1.7999298e-02   7.4420977e-02  -5.8648178e-02  -1.0122513e-01  -1.8117002e-01  -1.7323581e-01   9.5189255e-02   5.2354063e-01   1.3005492e-01  -3.9768178e-02   2.0014783e-01
  -2.1044664e-02  -5.6810473e-01  -2.7373367e-01  -1.2257244e-01  -5.4806401e-01   2.6693408e-01   0.0000000e+00  -9.5079097e-02  -1.9864394e-01   6.4564239e-02   4.2436038e-01  -8.1357771e-02   1.4885607e-02   1.4216311e-01   3.9735577e-01   9.8903400e-02  -4.8627789e-01   4.3787426e-01  -6.7407444e-02  -3.6825197e-01   1.9051951e-01  -2.1243140e-01   6.7240148e-01  -1.4240064e-01  -1.6721500e-01  -1.3655494e-02  -4.3987953e-01   3.4998707e-01  -2.5203474e-01   8.7202055e-02   4.2143519e-01  -7.2487036e-02  -1.7591478e-01   6.8261162e-01   4.3713962e-01   5.3718849e-02   1.2414605e-01  -1.2143427e-03   1.2935362e-02  -2.6000332e-01  -8.2761900e-02   7.7987834e-02  -2.6789281e-01   7.9725354e-02   5.2692743e-01   7.6918077e-02   3.9044334e-01   1.7601496e-01  -6.6216645e-01  -5.6821834e-01   3.4999372e-01  -3.9588606e-02   4.5352719e-01  -2.2831791e-01  -7.7575026e-02   2.7049301e-01   1.9942059e-01  -1.8587012e-01   2.2321163e-02   1.4995875e-01  -7.0128570e-02  -1.4741144e-01  -5.3314092e-01   2.2521644e-01  -4.1912233e-01   3.8741686e-01  -1.7995492e-01  -1.1718005e-01   6.9604536e-02   1.5587974e-01  -5.0606933e-01   2.6194652e-01  -1.7981167e-01  -1.5468473e-01  -2.2041003e-01  -5.6355806e-02  -2.9847622e-02   7.7660287e-02  -6.5177026e-01  -4.0404728e-01   5.8645359e-01   4.5032573e-02  -1.8065530e-01  -7.7752905e-02  -1.6580358e-01  -1.8949065e-01   5.1984121e-01   1.1150066e-01  -6.7917436e-01  -2.6112850e-01  -6.1140021e-01  -1.0292348e-02   3.2863606e-01  -1.8948886e-01  -6.2084433e-02  -5.8747780e-01  -2.1099518e-01   2.6986670e-02  -4.8594316e-01   4.3394689e-01   3.4301909e-01   6.5828035e-01   2.5303600e-01   2.1303124e-02   2.3564534e-01  -1.9689139e-01  -4.1546962e-01  -8.7288064e-03  -3.3815261e-02   4.1220541e-01   6.4398143e-01   1.1037995e-01  -1.2354045e-01  -3.0097905e-02   6.2251555e-01  -6.6105639e-01  -1.5543102e-01  -1.1372633e-01   3.4982513e-01   1.8285021e-02  -1.8764698e-02  -7.0724536e-01  -5.5580699e-01  -1.5721466e-01   6.4939349e-02   5.2225370e-01   4.4231526e-01  -3.9252198e-01  -1.5488401e-01  -3.1794040e-01  -2.5441938e-01   1.8185978e-01   3.2420243e-02   8.6163907e-02  -3.8001043e-01  -1.4299707e-01  -2.5790306e-01   4.3365113e-01  -1.1173945e-01   6.0224261e-02   7.3932428e-02  -1.7197309e-01   1.8840148e-01   3.1971185e-01   6.3890960e-01  -3.2162224e-05   1.3905991e-02   1.6955313e-01   4.7933158e-01   3.9374258e-02  -1.2486530e-01   5.7789552e-01  -3.0501827e-01  -4.3207274e-01  -5.2137533e-01  -5.0188809e-02   2.3696710e-02   1.9197765e-02  -3.2513693e-01   3.5021728e-01   4.5195084e-02   1.9217943e-01  -4.2522689e-02   1.4116246e-01  -1.7818054e-01  -5.6913538e-01  -1.2076608e-01   3.1078062e-03  -1.5308284e-01  -5.5073524e-01  -5.7171655e-01   1.7832879e-01   7.9279937e-02  -1.9859018e-01   5.3446667e-02  -1.7598269e-01  -2.0311588e-01
   1.6038508e-01  -2.7460516e-02  -8.5952216e-02   3.1388929e-01  -1.3844446e-01  -9.2455683e-02  -9.5079097e-02   0.0000000e+00  -1.3714826e-01  -2.8758646e-01   1.3603955e-01  -1.8837086e-01   3.5128281e-02  -1.0033603e-01  -5.0860496e-03   1.6879096e-01  -3.4843681e-02   1.5011292e-01   7.4723608e-02  -1.4686500e-01   1.8858144e-02   2.8459059e-01   6.3670382e-02  -2.7640231e-02  -1.0021154e-01   1.7442132e-01  -1.2145174e-01   1.5977749e-01  -9.7544960e-02   2.6130220e-03   1.0895267e-01   1.5716926e-01   2.6741518e-01  -1.3459819e-01  -2.4570952e-01  -1.9244264e-01  -1.5995611e-01  -6.8001145e-02   2.0760156e-01  -2.4435243e-01  -3.8659661e-02   5.0542527e-02  -1.8247479e-01   3.0475305e-01   2.8560580e-02   1.6560356e-01   1.0025571e-01  -3.6425334e-01  -7.6743223e-02  -9.9738413e-02   2.1394614e-01   2.8863338e-01  -7.3078760e-02  -7.8674465e-02  -1.4979503e-01   2.6172444e-01   2.0043555e-02   1.2441522e-01   2.2244910e-01   4.8369099e-02   1.3510370e-01   8.7990213e-02  -3.8910942e-02   4.0191131e-03  -8.1870555e-02  -6.0816372e-02   9.2712548e-02   6.5680376e-02   3.1447785e-01  -1.4925408e-01  -1.4280277e-01   2.5491306e-01  -3.0088365e-02   9.1142997e-02  -4.4879697e-02   1.9278853e-01   8.8804871e-02   3.1177902e-01  -1.3349368e-01   1.2617238e-01   1.2889004e-01   6.0986637e-02  -1.4963227e-01   5.1958340e-01   1.2690971e-01  -4.2867868e-03  -1.3138311e-01   2.5594816e-02  -5.8709951e-02  -1.0063315e-01  -1.1852915e-01   1.2010419e-01  -6.2217329e-02  -2.1681683e-02  -9.0814416e-02  -1.4991000e-01   1.6244269e-01   1.2352397e-01  -2.4688798e-02   2.6289007e-02   6.0639074e-02   2.2084430e-01   1.3830671e-01  -3.3440820e-02   2.5557357e-01   2.3831750e-01  -2.6242288e-02   3.4927606e-01  -2.4523474e-02   1.0268380e-01  -1.0427714e-01   1.6242300e-01   2.7577472e-01   1.3742396e-01   1.2002452e-03  -8.9593643e-02   2.7965929e-01   2.8557927e-02  -4.9354448e-02   2.4297702e-01   1.6960133e-01  -1.5564426e-01  -1.0766078e-01  -8.5762874e-02   1.2116029e-01   2.1340618e-02   1.1420852e-01   3.2869857e-02   2.1068239e-01  -1.6520989e-01   1.8192759e-01  -1.3961591e-01   1.2206687e-01  -4.8367805e-02   1.8525027e-01   2.0933051e-01   6.0301450e-02  -1.7743144e-02   1.4828071e-01  -8.0287214e-02  -5.4300277e-03  -1.6093964e-01   1.7818531e-01  -1.4898917e-01   9.3105998e-02   1.2042487e-01  -1.7527447e-01  -5.3384344e-02   1.8877139e-01  -2.9232996e-01  -1.1659697e-01   1.3351299e-01   7.6826615e-02  -1.1785871e-01  -2.3211587e-01  -3.3227062e-02   1.3758898e-01   8.7316196e-02   7.8628541e-02   1.8850635e-01   3.0238253e-01   5.1348381e-02  -3.4142321e-01   2.0745727e-01   2.9159808e-01  -1.5973353e-01  -1.0435173e-01   1.3204640e-01  -3.0812371e-02  -2.8028271e-02  -3.0145169e-05  -2.0477662e-02   2.0204623e-01  -7.4769860e-02   1.8405322e-04   1.2531711e-02   3.4082648e-01
  -1.0902216e-01   4.5669144e-01   2.2695198e-01  -2.7746418e-01   3.7994067e-01  -2.6958755e-01  -1.9864394e-01  -1.3714826e-01   0.0000000e+00   2.5309983e-01  -2.5757202e-01   4.2943966e-01  -1.3336607e-01  -1.5753986e-01  -1.3414023e-02  -3.1128571e-01   3.9306783e-01  -4.3388971e-01  -2.1141707e-01   2.7638553e-01  -2.9008052e-01  -4.1150134e-01  -4.4037135e-01  -1.6620784e-01  -5.5049578e-02  -3.6410994e-01   2.8052192e-01  -3.3402354e-01   1.7075835e-01  -6.7114011e-02  -2.2008636e-01  -1.9423535e-01   2.8162635e-01   9.9421634e-02   3.4219010e-01   1.0777310e-01  -9.5022318e-02  -9.3897143e-03  -2.2422493e-01   3.8717911e-01  -2.3989803e-02  -5.6517400e-02   2.7713894e-01  -3.5251178e-01  -5.7338045e-02  -1.8497085e-01  -4.7219520e-01   5.5510535e-01   2.7361117e-01   4.2043082e-01  -3.8194458e-01  -1.7491141e-01   2.1144422e-02   3.0504184e-01  -6.1725244e-02  -5.4346506e-01  -5.0593089e-01  -3.1281048e-01  -2.1409469e-01   2.2210343e-01   7.7112976e-02   2.8211448e-02   4.9888784e-01   1.0082395e-01   3.8696847e-01  -3.1069589e-01  -1.1164213e-01   9.7085260e-02  -4.7611854e-01  -6.3494386e-02   4.6887478e-01  -5.2534088e-01   3.1267024e-01  -1.7943856e-01   2.5308720e-01  -1.9178783e-01  -1.4088318e-01  -3.6184092e-01   4.8591089e-01   1.4288709e-01  -4.2649566e-01  -8.5273582e-02   2.5766596e-01  -4.0209124e-01  -1.9262091e-01   5.0116910e-02   1.1670179e-01  -4.1893289e-01   4.9442569e-01   1.1086533e-01   5.0980137e-01   7.3419919e-02  -1.2878636e-01   5.4944665e-01  -5.8320158e-02   3.6865154e-01   2.7857580e-02  -2.1994250e-01   1.2282398e-01  -3.8436002e-01  -3.7037250e-01  -3.2798336e-01  -4.0110737e-01   4.2732275e-01  -5.0292184e-01  -9.4872583e-02   3.3413246e-01  -3.5049214e-01   2.7377383e-01  -5.4604710e-01  -2.1287873e-01  -5.0345665e-01  -7.0135119e-02   1.2152344e-02  -3.4261844e-01   4.9412037e-01  -2.5674850e-01   1.8938536e-01  -1.9473833e-01  -3.3971096e-01  -1.7422440e-01   4.8941994e-01   3.9630504e-01   4.0122297e-01  -9.2726444e-02  -2.4553870e-01  -2.0091527e-01   4.0354887e-01  -3.0035577e-01   2.4318683e-01   1.9962610e-02   3.7365925e-01  -1.3311301e-01  -1.4699854e-02  -5.4027009e-03  -1.4629906e-01   1.5479758e-02  -4.3364959e-02  -2.1857343e-01   9.2513141e-03  -1.8591981e-01   4.5282222e-02  -3.4487701e-01  -1.5202242e-01  -4.0506909e-01  -1.0507750e-01   3.6969170e-01  -9.8991176e-02  -5.4958494e-01   4.7719486e-02  -6.2230681e-02  -2.8992537e-01  -1.6870963e-01   2.4217746e-01   4.2948682e-01  -1.0389056e-01  -3.3271842e-01  -3.2956907e-01   4.7666265e-02  -4.5841367e-01  -5.2707534e-02  -1.9397855e-01   8.9097004e-02  -5.0110704e-01   7.9334778e-04   4.7444390e-01   3.9771020e-01  -3.3072086e-01  -3.5995147e-02   3.3174473e-01   5.1705598e-01  -3.1221221e-01  -1.6624517e-01  -4.8239167e-02   8.0063677e-02   2.0496906e-01  -7.9361116e-02
   6.6590540e-02   2.0091298e-01   1.1801703e-01  -4.2070278e-01   2.3190286e-01   4.6740061e-02   6.4564239e-02  -2.8758646e-01   2.5309983e-01   0.0000000e+00  -2.4999369e-01   4.2798757e-01   6.5651157e-02  -2.8175881e-01   3.1988057e-01  -2.9666534e-01   1.7708026e-01  -2.5723170e-01  -5.1964558e-02   2.7518332e-01  -3.1567007e-01  -2.5674055e-01  -2.2676433e-01  -1.1637715e-01   6.7412937e-02  -3.7766115e-01   1.8088042e-01  -2.9866451e-01   1.4602834e-01   1.1337059e-01  -2.2745312e-01  -2.6187489e-01  -2.7869242e-01   3.1363244e-01   4.6084036e-01   3.2300952e-01   1.2789901e-01  -8.7030761e-02  -3.4667803e-01   2.8095160e-01  -1.3672796e-01  -1.5077297e-01   3.3423428e-01  -3.3599006e-01   3.3255901e-01  -1.6931863e-01  -4.4233291e-01   3.2136369e-01   5.4225344e-02   2.0278210e-01  -3.3439241e-01  -2.5939128e-01  -7.5581713e-02   9.2305186e-02  -5.2274789e-02  -3.2032719e-01  -1.3594533e-01  -3.1983015e-01  -2.4254692e-01   2.5434238e-01  -1.6169128e-01   1.4435304e-01   3.0290799e-01  -1.3041279e-01   2.2475451e-01  -2.9010342e-02   1.7593498e-02  -7.0373597e-02  -4.4190594e-01   1.6552601e-01   1.6604734e-01  -2.3914310e-01   4.6822688e-02  -1.0006760e-01   1.2808966e-01  -2.5699014e-01  -2.0623176e-01  -1.1417436e-01   3.1554937e-01  -1.1878022e-01  -2.2827951e-01   6.3984918e-02   1.6711561e-01  -3.4063996e-01   1.0696958e-02  -2.1331540e-01  -5.8318928e-02  -2.8539279e-01   2.5525889e-01   3.3753749e-02   2.4073640e-01  -6.1008869e-02   1.3296801e-01   1.9649914e-01   1.0835803e-02   2.7384634e-01  -9.6059076e-02   4.4807049e-03   6.3118302e-02   9.7950078e-02  -3.7160663e-01  -7.2200677e-02  -4.7009026e-01   1.0224462e-01  -2.8047063e-01  -2.2965743e-01   1.5245252e-01  -2.2375441e-01   2.5979069e-01  -4.3428541e-01   3.4236157e-02  -2.4214573e-01   1.0160617e-02   2.2406488e-02  -2.1029299e-01   1.8989940e-01  -2.5825726e-01   1.1066235e-01  -1.2616006e-01  -3.4054857e-01  -1.3414692e-01   2.7952528e-01   2.7582569e-01   2.5866613e-01  -1.0009983e-01  -1.3261036e-01   1.3824904e-02   2.0007496e-02  -3.1591421e-01   2.6506188e-01   6.4381069e-04   3.0477835e-01  -5.1188725e-02  -8.8721749e-02   6.4613513e-02  -4.4913138e-01   2.2939574e-03  -1.0677947e-01  -3.5732719e-01   1.6434317e-01  -2.8490447e-02  -3.8124986e-02  -2.0069941e-01   1.7839196e-01  -9.5402985e-02  -3.1978064e-01   3.7410947e-01  -8.9278146e-02  -2.7746238e-01   2.5751920e-01   2.3217567e-01  -3.4450140e-01  -1.5732783e-02   1.9761754e-01   3.3201155e-01  -2.4106979e-02  -1.2365574e-01  -1.0786609e-01  -5.1390948e-02  -5.1010321e-01   9.1855239e-02  -1.8539937e-01   2.1522374e-01  -2.9651120e-01  -2.8768730e-01   3.1463420e-01   2.9376704e-01  -2.4735793e-01  -1.8741749e-02   1.5646620e-01   1.4198357e-01  -2.1892040e-01  -2.0021567e-01   1.2913156e-01   4.1923022e-02   4.3484729e-02  -2.0844710e-01
   4.3186565e-02  -6.4028834e-01  -4.2644506e-01   5.3120276e-02  -4.5772711e-01   1.1187090e-01   4.2436038e-01   1.3603955e-01  -2.5757202e-01  -2.4999369e-01   0.0000000e+00  -5.6264915e-01   1.1014688e-01   2.0293790e-01   1.0074299e-01   2.2188539e-01  -5.1953969e-01   7.1879288e-01  -1.0004180e-01  -4.4558784e-01   3.4301712e-01   1.0927668e-02   3.9925887e-01   5.1770747e-02  -1.4059670e-01   4.0682681e-01  -4.4786860e-01   4.1088175e-01  -2.5504570e-02   7.0994832e-02   4.9016367e-01   1.7648014e-01   3.7464790e-02   7.4807892e-02  -1.1731951e-01  -1.3456789e-04  -6.3660588e-03   1.3349961e-01   2.3321479e-01  -5.3652998e-01   1.9183354e-01  -8.6615312e-02  -5.1304395e-01   3.7861904e-01   2.3051556e-01   2.9196490e-01   7.6389199e-01  -2.5679221e-01  -5.6531547e-01  -4.9684568e-01   5.7488284e-01   3.5293288e-01   3.0982566e-01  -3.9172660e-01  -4.8851337e-02   4.9898529e-01   2.4150855e-01   6.7039438e-02   4.1916548e-01   1.9073754e-02   1.4092147e-01  -2.2527602e-02  -6.5451834e-01   4.3097303e-01  -3.5101934e-01   4.2990371e-01  -1.5074324e-01  -1.2577024e-01   5.4974944e-01  -1.4437641e-01  -5.8501617e-01   3.1171981e-01   1.1512252e-02  -1.5369602e-01  -3.4832548e-01   1.3414912e-01   1.5711671e-01   2.3233320e-01  -5.1406655e-01  -1.6423283e-01   4.9231743e-01   1.6464549e-02  -3.1230112e-01   1.9396478e-01  -1.7099047e-01   9.5526808e-02   1.9052903e-01   1.7075104e-01  -5.7800032e-01  -2.7020043e-01  -4.5648486e-01  -4.8661381e-02   1.1028306e-01  -2.2105437e-01   1.3751854e-02  -4.5983729e-01  -3.3292072e-02   2.1828574e-01  -2.6868270e-01   2.5923085e-01   2.1809844e-01   6.3639883e-01   3.6467720e-01   1.9888542e-01   4.3067235e-01  -8.3297304e-02  -5.9878327e-01   2.9603195e-01  -2.7273146e-01   5.4429184e-01   3.5664131e-01   1.4162617e-01  -5.4176981e-02   4.3867570e-02   3.3656546e-01  -4.5879580e-01   2.2283266e-01   6.2153006e-02   1.4811432e-01   1.5932890e-01   2.0253381e-01  -5.6107957e-01  -5.4738450e-01  -4.9217379e-02   1.3053818e-01   1.9410804e-01   3.8163217e-01  -3.7570985e-01   1.7059612e-01  -5.3504155e-01  -6.4673456e-02  -9.5356359e-02   4.4965906e-02   1.6759899e-01  -2.5052018e-01   2.7347884e-01  -3.4326466e-01   2.8066004e-01   1.5317446e-01  -8.2861631e-02  -4.2590142e-02  -9.4918774e-02   6.6243304e-01  -6.9943429e-02   4.8757264e-01   3.0149092e-01  -4.4658058e-01   5.2084610e-01   6.9066684e-01  -8.0362007e-02  -2.4392914e-01   5.1244185e-01  -1.8108428e-01  -2.0155018e-01  -6.6928852e-01   1.2127746e-01   1.2742774e-01   4.2462829e-01  -1.9717836e-01   4.0532841e-01  -8.2014956e-02   6.3297916e-01   1.6184218e-02   4.2544905e-01   1.0984192e-01  -5.5405673e-01  -1.9364868e-01   1.8614493e-01   1.4729510e-02  -4.1645166e-01  -4.1857206e-01   3.4840688e-01   4.4184428e-01  -2.6815216e-01  -6.8896678e-02  -2.4562326e-01   7.9922025e-03
  -2.4320065e-01   6.2228169e-01   3.1962711e-01  -2.4236777e-01   3.8103944e-01  -2.7419842e-03  -8.1357771e-02  -1.8837086e-01   4.2943966e-01   4.2798757e-01  -5.6264915e-01   0.0000000e+00  -2.0092210e-01  -1.7823545e-01   1.0886315e-01  -1.5088263e-01   3.0685526e-01  -5.3190239e-01   6.2033156e-02   4.1940295e-01  -4.0239884e-01  -1.1218989e-01  -2.6807072e-01  -2.1485188e-01  -9.4030854e-02  -3.6655251e-01   4.2329761e-01  -3.2079458e-01   5.4977249e-02   1.4808666e-01  -4.1074985e-01  -2.3390268e-01  -8.6345237e-02   2.3780817e-01   3.9399428e-01   3.0687847e-01  -3.2624316e-02  -1.2480836e-01  -2.8284489e-01   4.6247547e-01  -2.7753631e-01   1.1397586e-01   5.0859047e-01  -3.5362088e-01   5.1818395e-02  -1.8363667e-01  -5.7311100e-01   5.6901965e-01   2.4803468e-01   2.5564494e-01  -4.9753929e-01  -2.5670927e-01  -7.8859899e-02   2.1980779e-01  -2.7982025e-01  -3.3157755e-01  -2.2261678e-01  -1.6472676e-01  -3.6423458e-01   2.0457844e-01  -1.3465817e-01   1.6112861e-01   5.4797977e-01  -3.7719203e-01   3.5995320e-01  -1.7802135e-01   6.6145800e-02  -4.8954030e-02  -3.7510435e-01   1.8956255e-01   4.5040330e-01  -4.5836789e-01   2.0208829e-04   1.3267295e-02   1.7392446e-01  -1.4302332e-01  -1.7392098e-01  -1.0614293e-01   3.9804168e-01  -8.0853467e-02  -3.3310720e-01   6.5448997e-02   2.8903333e-01  -2.1498248e-01   1.0508912e-01  -1.1387495e-01   5.6172765e-05  -2.2378129e-01   3.0482145e-01   6.4801841e-02   3.9343053e-01   1.4024041e-01   8.3883251e-03   3.7780642e-01  -8.6694383e-02   2.8894659e-01  -1.2339546e-01  -2.2026312e-01   9.4356489e-02  -1.9290267e-01  -3.3525023e-01  -3.8501421e-01  -3.1531589e-01  -3.2380870e-02  -4.5854514e-01  -1.4799804e-02   3.1101181e-01  -2.6141227e-01   1.3993788e-01  -4.4538278e-01   4.3452448e-03  -7.3972435e-02  -7.7112028e-02  -1.2140340e-01  -2.9206655e-01   3.4404669e-01  -2.6264521e-01   7.6216741e-02  -1.4065736e-01  -1.8404146e-01  -2.3194347e-01   3.4609667e-01   3.3959540e-01   2.3638427e-01  -8.6636963e-02  -5.6814297e-02  -2.9092687e-01   1.7244948e-01  -3.1676335e-01   3.8311666e-01  -6.2399791e-03   3.2006674e-01   4.8171393e-02  -2.6254109e-01   5.9934900e-02  -3.2207039e-01   1.1170964e-01  -2.0201818e-01  -2.3188656e-01   5.4533527e-02  -1.1094628e-01  -6.6352775e-02  -5.3472688e-01   1.3191168e-01  -3.7665892e-01  -3.8888417e-01   4.6805547e-01  -2.3607386e-01  -4.5865809e-01   1.6022758e-01   1.1874443e-01  -3.8207601e-01  -7.1083718e-02   2.1259619e-01   5.3385733e-01  -3.0698147e-01  -2.0833052e-01  -4.4885410e-01  -5.0292029e-02  -3.4034452e-01  -2.7233773e-02  -5.6393238e-01   3.9916998e-03  -4.7957700e-01  -8.2256816e-02   5.4094980e-01   4.7369112e-01  -2.2928705e-01  -1.5651193e-01   3.3810663e-01   4.1166252e-01  -3.8113236e-01  -3.6026312e-01   1.6248470e-01  -6.5525540e-02   1.9523577e-01  -1.1406923e-01
   4.6788483e-02  -2.2418864e-01   4.7364927e-02  -1.1507661e-01   1.5992958e-01  -2.2014875e-02   1.4885607e-02   3.5128281e-02  -1.3336607e-01   6.5651157e-02   1.1014688e-01  -2.0092210e-01   0.0000000e+00  -9.6777452e-02   3.0278208e-02   7.7301228e-02   2.2394902e-02   7.9577141e-02  -4.3766856e-02   1.8074824e-01  -1.6392467e-01  -9.4398149e-02  -1.3246608e-01  -1.2128029e-01   1.1525325e-01  -2.3245582e-02  -9.4166260e-02  -2.0125210e-01   3.1868320e-02  -1.3376757e-01  -3.7462309e-02  -1.8503306e-01   6.0545630e-02   1.9898283e-02  -3.4214198e-03   1.6804857e-01  -1.5634094e-01  -2.5733336e-02   1.8766813e-03  -4.6069443e-02   7.4950364e-01  -5.6887378e-02   6.4327315e-03  -4.8869674e-02  -2.4543411e-02   5.0205851e-02   1.4686532e-01  -1.6940929e-01  -7.3803825e-02  -1.2430047e-01  -5.2852234e-02  -2.6471671e-03   1.9983516e-02   6.9775172e-02  -1.2665287e-01  -1.2718265e-01  -3.7459346e-02  -1.2080371e-01   2.0576942e-01  -3.1566841e-02   5.9197775e-02   8.8624632e-02  -1.2717665e-01   2.0848895e-02   1.7129530e-02   6.5419768e-02  -3.3323857e-04  -1.5147531e-03  -7.8977597e-02   6.8195736e-02  -1.3005017e-01   4.4735394e-02   3.9089542e-01  -2.3362121e-01  -4.6024379e-02  -2.2388503e-01  -1.1847456e-01   7.5825349e-03   4.7563844e-02   2.3212630e-01  -1.5629533e-01   7.9124243e-03   8.6050785e-03  -5.9183630e-02  -6.0302756e-02  -6.4140048e-02  -1.4289321e-01  -8.3499834e-02   6.0122317e-02  -4.6071886e-02   4.8966057e-02  -7.1987613e-02   3.7195175e-01  -3.0338801e-02   4.0654469e-02   1.8492676e-01   1.4528355e-01  -2.5299204e-02   9.0612213e-02   1.9343514e-02  -3.5144786e-02   8.8944448e-03  -1.7279258e-01  -1.5549659e-02  -4.1464843e-02  -1.2264265e-01  -3.8381481e-02   4.8269661e-02  -1.4136651e-01   2.3465556e-02   1.8590505e-01  -1.8743449e-01   3.8627041e-02   1.7234892e-01   5.4141709e-02   1.0368060e-01   9.2056983e-02   5.7121468e-01   5.0645305e-02  -1.2549537e-01  -2.0648357e-01   8.6264625e-02   8.3123863e-02   2.1659312e-02  -4.5902438e-02  -2.2303369e-01  -6.0017313e-02   7.2442840e-02   7.0889420e-03   5.6380204e-02   4.5655213e-01  -1.4048302e-01  -2.2948963e-01  -1.7843592e-01   1.0974416e-01   1.5764335e-03  -3.0795413e-02  -8.4083473e-02  -1.8211561e-02   7.8525843e-02   9.9893212e-02   2.6865654e-01   2.1958415e-01   1.6787420e-01   1.1341932e-02   6.7492947e-03   3.8559318e-02   1.0754922e-01   9.3159329e-02  -5.1876828e-02  -4.9031670e-02  -8.4258306e-02  -1.4807143e-05   1.4539243e-01   8.2668072e-03  -5.0025546e-02  -8.3693472e-02   3.5940495e-01   3.4650457e-02  -1.2930517e-01   1.3699601e-01   2.2078693e-01   1.7214620e-02   5.7598068e-02  -1.0423010e-01   1.2569528e-01   1.3320386e-01  -1.6863276e-01   7.0762074e-02   1.6563209e-02   5.8461142e-02  -5.4602502e-02   2.4093605e-01   1.4729239e-02  -3.0048414e-02   3.9906380e-02   4.0957918e-02
   2.9472112e-01  -2.0900551e-01  -2.3844130e-01   1.6322098e-01  -4.0148037e-01  -2.2984303e-01   1.4216311e-01  -1.0033603e-01  -1.5753986e-01  -2.8175881e-01   2.0293790e-01  -1.7823545e-01  -9.6777452e-02   0.0000000e+00  -1.6911703e-01   8.7185277e-02  -3.4737419e-01   2.0503655e-01   3.0873306e-02  -4.2533714e-01   3.6998192e-01   1.6851874e-01   3.7721614e-01   2.9406918e-01   3.8367327e-02   1.9176418e-01  -4.5099010e-01   4.0265415e-01  -9.4000251e-02   2.2044116e-02   5.4102360e-01   3.4246644e-01   6.5529261e-02   5.8378186e-02   5.0427827e-02  -2.7506644e-01   2.3254970e-01   1.4100102e-01   1.3119990e-01  -3.6870686e-01   3.6741827e-03   6.0582178e-02  -3.9275039e-01   2.8245954e-01  -1.9058365e-01   2.2175281e-01   2.1913951e-01  -2.5225858e-02  -2.1737390e-01  -1.5509548e-01   1.4049150e-01   2.3032908e-01   2.4750286e-01  -2.3587735e-01   3.4218024e-01   2.3438212e-01  -1.1196836e-01   2.5664209e-01   6.3698612e-02  -2.8647194e-01  -5.2114692e-02  -4.2821206e-01  -3.2975414e-01   2.7121922e-01  -4.4819921e-01  -4.6391374e-02  -3.2921709e-01  -6.2389924e-02   1.8845227e-01  -2.5706585e-01  -8.1897065e-02   1.0541870e-01  -1.3440908e-01  -5.2200609e-02   5.6067167e-02   4.3232161e-01   3.1518897e-01  -1.6594530e-02  -3.4276664e-01  -1.1015477e-01   4.5490188e-01  -2.7880432e-02   9.7012886e-03   1.2746886e-01  -1.2665660e-01   2.5433751e-01   5.7350703e-01   5.8356406e-01  -2.4600122e-01   3.9329872e-02  -3.4064374e-01   1.5235024e-02   6.7279000e-02  -3.0936089e-01   3.9260732e-02  -3.9969667e-01  -1.3329807e-01   5.7020342e-02  -3.7725551e-01  -1.3248416e-01   5.2614774e-01   2.2984782e-01   5.0252069e-01   5.6370686e-02   1.9636012e-01   1.9471225e-01  -1.9948274e-01  -4.7520018e-02  -4.5978667e-02   3.1633539e-01   9.2667069e-02   9.5449253e-02   1.4752846e-02   1.6650295e-01   3.9639181e-01  -4.0883449e-01  -3.5333106e-02  -9.1790702e-03   1.7308286e-01   1.8178572e-01   1.6731932e-01  -3.0890310e-01  -3.2798637e-01  -2.3153075e-01   1.6058839e-01   4.4847167e-01   9.7353813e-03  -3.7477629e-02   2.6751279e-01  -4.2193390e-01  -1.5237897e-01  -6.5026444e-02   1.4425310e-01   4.3777271e-01  -5.1529031e-02   3.4994109e-01  -9.0227093e-02   3.9338621e-01   2.7272297e-01   1.4045237e-01   2.0817983e-01  -4.1427419e-02   1.9125724e-02  -1.3576001e-01   3.3477036e-01   2.5857315e-01  -1.4411125e-01  -1.1858436e-01   1.1064089e-01  -2.6000732e-01  -1.1717736e-01   5.4957973e-01   9.5128762e-02  -4.3040706e-01  -4.1487270e-01   4.8184190e-01   2.2334410e-01   7.9034079e-02   2.1289856e-03   4.4060546e-01  -2.5353520e-01   1.6670932e-01  -2.1037392e-01   2.0108127e-01   1.5275545e-02  -3.9145931e-01  -4.8332715e-01   2.2716985e-01  -9.1920727e-02  -2.1085734e-01  -4.2166180e-01   4.1626259e-01  -1.0939876e-01  -3.0985248e-01  -1.7529918e-01  -2.4518353e-01  -1.3897468e-01
