   0.0000000e+00  -2.1955213e-01  -2.0866970e-01  -7.5961044e-02  -1.7303902e-01  -1.6087809e-01  -1.0907810e-01   1.5144650e-01   1.6977397e-01   1.8844076e-01   1.3170155e-01  -1.4123335e-01   6.7249654e-02  -3.3135828e-02  -8.8884846e-02  -2.8070288e-01  -2.2115095e-01  -6.6726999e-02   2.5681558e-01  -1.1265422e-01   9.1325267e-02  -7.5352837e-02  -1.0402525e-01   6.6331881e-01   1.5557847e-01   1.4436908e-01   1.4391532e-01   1.9533444e-01   1.3611296e-01  -4.1701341e-02  -2.6192716e-01   8.6645593e-03  -2.9772165e-01   1.8058828e-01  -2.8812021e-02   3.7291410e-02  -1.1020166e-01   1.5164869e-01  -1.6720231e-01  -2.3810641e-01   2.2434490e-02  -1.3403200e-01  -4.7887358e-02  -1.9283455e-01   7.2525098e-02   5.7566470e-01   2.5113840e-03  -2.2403396e-01  -2.5450651e-01  -2.3251883e-01   2.1743970e-02   2.3526134e-01  -5.8955955e-02  -3.2612114e-02  -3.7736810e-01  -6.9810857e-02   1.9610785e-01  -2.0122442e-02  -7.9568397e-02   2.4809108e-03   6.2306243e-02  -2.2858917e-01  -1.3404257e-01  -1.5265618e-01  -1.7364907e-03   1.2153277e-01  -1.2081131e-01   2.6675686e-02  -2.4980927e-02   2.8051431e-02  -1.0625920e-01   6.7446511e-02  -1.0820591e-01   4.5514390e-01   1.8324370e-01   5.2531818e-03   2.5884751e-01   3.7211921e-02  -2.3768588e-01   6.6305751e-02  -1.4753343e-02  -1.2849541e-01  -2.6494751e-01   1.2828860e-01  -3.2643132e-02   2.6589685e-02  -3.0687754e-01   9.1810306e-02  -1.5866303e-01   6.6254216e-01  -9.9996056e-02   6.7119909e-02  -1.3958009e-01   3.8879376e-01   9.6149226e-02  -3.0059029e-02  -1.4479425e-02   1.4859108e-01  -4.0373734e-03   1.0573888e-02  -1.2171924e-01   2.1986919e-01  -1.3031441e-01  -7.1392638e-02   1.9934339e-02  -3.4319002e-02  -9.0584868e-02   9.1421946e-02  -7.5844241e-02  -3.1011220e-02  -1.2979156e-01   3.1365293e-02  -2.4694933e-02   7.0609129e-01  -1.2851123e-02  -7.2547390e-02  -8.5163344e-02  -1.1389677e-01  -1.9137862e-01   2.5402173e-02   3.2404082e-01  -7.2943776e-02   3.7463727e-02  -2.1728710e-01   6.6436895e-01   3.9197634e-01  -1.0448623e-01   1.9207207e-01   5.7201936e-02  -2.8302607e-01  -2.6805722e-01  -7.9510058e-02   9.2433777e-02  -9.4700510e-02   1.2411344e-01   6.5336974e-02   8.8413870e-02  -2.1574175e-01   4.1312071e-02   4.8939635e-01   4.9190745e-01   6.2352653e-02   2.1466901e-01  -3.3725220e-01  -2.0786631e-01  -9.6535688e-02  -2.6984873e-01  -1.9711623e-02  -1.0332082e-02  -1.8688232e-01   2.8464169e-01  -1.8284284e-01   3.4709499e-01   1.8450661e-01  -2.4815114e-01   5.8846028e-01   4.4852455e-01  -6.0138329e-02   6.5461611e-02  -6.6321192e-02   9.9416607e-02   1.9000108e-01   2.4237773e-01   9.2345684e-02   6.7395267e-02  -4.2452348e-02   1.2873266e-01   3.1798348e-01   3.7095590e-01  -7.2946168e-02  -1.0338069e-01  -6.4329510e-04   9.8239547e-02  -2.4759906e-01   2.8719881e-02  -4.9066338e-02   1.1342796e-01
  -2.1955213e-01   0.0000000e+00   6.9916841e-01  -1.7529485e-01   6.8380858e-01  -1.9899145e-01  -3.9006362e-03  -2.9003548e-01   4.6272608e-01   4.5206318e-01  -5.3829211e-01   7.2057557e-01   1.3811552e-01  -3.4489248e-01   6.8847672e-03   1.5346483e-01   7.3073717e-01  -1.9670955e-01  -1.4252355e-01   5.8760407e-01  -5.3707938e-01  -2.2103462e-01  -1.7372812e-01  -2.4545681e-01  -1.1388208e-02  -2.5693508e-01   4.4397582e-01  -3.8775881e-01   5.4592479e-02  -5.0977636e-01  -1.9342989e-01  -3.7414979e-01   9.4474176e-02   4.5478914e-01   8.9234759e-02   2.7043921e-01   2.2448360e-01   4.1710209e-01   1.2577693e-01   6.8541639e-01   1.5573433e-01   1.8910882e-01   5.2466630e-01  -4.5752961e-01   2.1023173e-01   1.1670681e-01  -4.2936422e-01  -1.1036638e-01   3.3467416e-02   6.5384715e-01  -1.6414853e-01  -2.0677282e-01   7.3781270e-01   5.0366560e-02  -3.8801316e-02  -3.5261673e-01  -3.5386113e-01  -3.6328754e-01  -2.5301020e-01   2.7846493e-01   3.8159807e-01   5.0044399e-01   5.9286379e-01   2.0886236e-01   9.6181028e-02  -9.7010065e-02  -2.6745237e-01   3.3293504e-01  -4.0940722e-01   1.7576949e-01   6.2672735e-01  -2.6057255e-01   3.1703853e-01   1.4881513e-02   3.1664662e-02  -4.3700942e-01   1.9901709e-01  -4.5400471e-02   7.3953083e-01  -6.0635037e-02  -5.1805656e-01   2.3897243e-01   9.6754929e-02  -1.7648252e-01   1.9150261e-01  -3.0226573e-01  -7.3818276e-02  -3.4133886e-01   5.4620721e-01  -7.0885078e-02   5.6554411e-01   2.8755308e-01   5.5103182e-01   1.1565141e-01   3.3590624e-01   5.0836376e-01  -4.6583223e-02  -8.1291803e-02   2.7972304e-01  -2.0188463e-01  -2.5729210e-01   6.8622733e-02  -4.7714877e-01  -3.1112831e-01  -5.2644359e-01  -1.7579277e-01   2.5243479e-01  -3.5630808e-01   2.5654641e-01   2.5764153e-01   2.0119836e-01  -5.5313600e-01   6.3361556e-02  -8.0181485e-02  -4.1375772e-01   5.7311845e-01   4.6656675e-02   3.7705353e-01  -2.5900781e-01  -1.7680316e-01  -3.5561657e-01   6.7955841e-01   4.4328695e-01   6.5674316e-02  -2.2789842e-01  -2.5354101e-01  -2.0821958e-01   8.2792172e-02  -1.1449933e-01   5.6584149e-01   2.8661657e-02   6.3208545e-02   2.5386708e-01   1.0126756e-01   1.0792554e-01  -3.8598992e-01  -1.4090718e-01  -2.8335761e-01  -3.2723512e-01  -1.6566498e-01  -1.6969152e-01  -1.6352608e-02  -4.9123732e-01  -2.2507810e-02  -1.1028856e-01  -5.3052209e-01   2.1353417e-01  -3.0749687e-01  -2.3106365e-01   1.9424187e-01  -6.4084805e-02  -2.5534047e-01  -1.0886177e-01   3.4732472e-02   7.7090713e-01  -1.8878053e-01  -1.8088066e-01  -9.7582772e-02   1.8806249e-01  -4.4659962e-01   2.6104487e-01  -4.1027918e-01   4.5086299e-02  -4.3680829e-01  -2.0240517e-01   4.7567919e-01  -1.4131752e-01  -2.1157086e-01   5.2480731e-02   6.2764760e-01   2.2970447e-01  -1.2047755e-01   6.3997221e-02  -1.6337162e-01  -8.9895813e-02   2.7207297e-01  -1.9307754e-01
  -2.0866970e-01   6.9916841e-01   0.0000000e+00  -1.1682179e-01   6.4824870e-01  -9.0975331e-03  -4.9623245e-02  -2.0714271e-01   1.7840407e-01   4.5011278e-01  -4.2308070e-01   7.1421403e-01   1.4870485e-01  -1.8161681e-01  -3.7039399e-02   1.4355312e-01   9.0586971e-01  -2.5595420e-01  -1.4564091e-02   6.2096847e-01  -5.1576627e-01  -1.0024325e-01  -1.4106575e-01  -1.4001803e-01   4.8330911e-02  -2.0164252e-01   3.1345865e-01  -2.6337831e-01   8.8464161e-03  -3.7880249e-01  -2.5136700e-01  -2.1787920e-01   3.5182315e-02   2.5169808e-01  -1.3232123e-01   2.5233975e-01  -3.6906271e-02   2.7588216e-01  -2.3014131e-04   6.6474786e-01   1.8380295e-01   2.3662894e-01   2.0413652e-01  -3.6630055e-01  -9.4695160e-02   1.6587396e-01  -2.0654558e-01  -2.3024230e-01   2.5740190e-02   7.9799328e-01  -1.9270983e-01  -1.9354338e-01   4.0256887e-01   1.1734337e-01  -3.8075937e-02  -1.7729700e-01  -2.5507419e-01  -2.1491370e-01  -1.9286970e-01   1.4060151e-01   4.0516706e-01   4.3112312e-01   3.1799469e-01  -8.4327943e-02  -3.3752552e-01  -1.7575112e-01  -1.4448958e-01   1.7795050e-01  -1.9950924e-01   4.8013529e-01   3.9922117e-01  -2.4849351e-01   1.4137398e-01   1.9782124e-01   7.7354787e-02  -3.2179425e-01   3.0829567e-01  -1.0368462e-01   5.0282574e-01  -5.1058189e-02  -3.3512256e-01   5.2776687e-02   7.1165021e-02  -6.1882182e-02   2.3319456e-01  -2.8326278e-01  -1.3756130e-01  -2.6365028e-01   3.9559571e-01  -3.5598803e-02   3.4242943e-01   5.3295904e-01   6.1250024e-01  -9.8467343e-02   1.9532976e-01   6.3839117e-01   2.9690049e-02  -6.7352253e-02   2.4031721e-01  -2.3893874e-01  -1.7993372e-01  -5.8801317e-04  -3.5992724e-01  -3.4442114e-01  -3.1410337e-01  -1.3830867e-02   3.4098578e-01  -1.7686409e-01   4.1411356e-02   2.5087583e-01   3.7140192e-01  -4.5644238e-01   1.6777436e-02  -4.4724997e-03  -2.8069139e-01   2.5567385e-01  -3.4062577e-02   2.2646728e-01  -8.4189110e-02  -1.5126573e-01  -2.6346497e-01   6.8930774e-01   4.0853264e-01  -2.2206115e-01  -1.2750265e-01  -1.0805537e-01  -3.4285303e-01   1.2944913e-01  -4.5646453e-03   7.5644745e-01  -6.5431756e-02  -1.2114859e-01   3.2259123e-01  -3.0350392e-02   6.4727834e-03  -2.2579868e-01  -3.5087591e-02  -2.4393199e-01  -2.0334379e-01  -5.9995952e-02  -6.2483022e-02  -2.2807488e-03  -3.9138310e-01   2.6310145e-01  -1.1900581e-01  -4.3334615e-01   4.6461143e-01  -1.4812142e-01  -7.5374061e-02  -1.0034391e-01   6.5721776e-02  -1.8497780e-01   6.9552725e-02  -1.6151292e-01   8.1212709e-01  -2.0561483e-01  -7.8328012e-02  -1.0515476e-01   3.1468624e-01  -2.9659127e-01   1.6222945e-01  -2.6583277e-01   3.7582475e-02  -3.5335324e-01  -1.3501856e-01   3.3001969e-01  -1.3660325e-01  -3.4869323e-02  -1.3236615e-02   4.3886600e-01   1.0524395e-01  -9.7061231e-02  -1.6677729e-01   8.5870419e-02  -5.6385871e-02   4.1901035e-01  -1.9870037e-02
  -7.5961044e-02  -1.7529485e-01  -1.1682179e-01   0.0000000e+00  -1.0559922e-01   3.4551613e-01  -2.6114049e-01   2.7032366e-01  -8.7820500e-02  -3.2065275e-01   3.2080131e-01  -3.7953019e-01  -3.1906718e-02   5.2114933e-01  -1.5475746e-01   4.6105090e-02  -1.1896890e-01   3.0989902e-01   7.0326019e-02  -5.4008048e-02  -1.7909517e-02   7.5433369e-01  -2.0999423e-01  -8.8309277e-02   2.3620720e-01   1.7989985e-01  -5.7499880e-03   1.7851575e-01   2.9033280e-03   6.1171326e-01   2.5974758e-03   7.4679940e-01   2.9663514e-02  -3.9923134e-01   9.3094261e-02  -1.3402864e-01   5.5495176e-02  -1.6109912e-01   9.6825016e-02  -2.8076292e-01   2.7883945e-01   1.1470223e-01  -6.9245020e-02   2.1167235e-01   1.8580119e-01  -1.2593979e-01   4.4020538e-01   2.7917001e-02   2.2952694e-01  -2.2134627e-01   2.2260002e-01   3.0143169e-01  -2.9165285e-01   3.9915822e-02   1.7358748e-01   2.6604201e-01   4.8938102e-02   7.8065820e-01   6.6045725e-01   1.1793243e-01  -2.9624823e-02   1.4626995e-01   8.9606366e-02  -2.1022327e-01   8.8621415e-02   4.3834165e-03   4.5008036e-01   2.2116363e-01   5.9300387e-01  -9.6410285e-02  -2.5255783e-01   5.3242897e-01  -2.2379755e-04   1.6433160e-01  -3.6325819e-02   4.6008627e-01   1.0548323e-02   2.7144695e-01  -9.8116384e-02   4.1931119e-01   3.9077915e-01  -2.8374802e-01  -2.5083016e-01   8.7039968e-02  -3.5565288e-02   3.5513545e-01   2.2541921e-01   2.2995673e-02   1.0784045e-01   7.4460341e-02  -6.1104804e-02  -5.0577499e-02  -2.2474779e-01   1.3329844e-01  -1.7585343e-01  -1.6834883e-01   6.6657703e-01   1.1386334e-01   1.8818842e-01   3.7447607e-01  -2.0438888e-02  -3.9331721e-01   5.2183215e-01   4.3011251e-01   6.9046457e-01   7.4011773e-01   1.0230755e-01   4.1446470e-01  -4.6391072e-02   1.5838642e-02  -3.2985765e-01   5.7404041e-01   6.7169456e-01  -7.8638235e-02   3.4231210e-02  -3.5259563e-02   3.8389608e-01   1.6069433e-01   1.0650253e-01   7.9864572e-01   2.0540339e-01  -1.3002175e-01   9.7280660e-02   1.0530860e-01   4.4146867e-02   1.8648759e-01   2.3939015e-01   3.3118857e-02   7.6128212e-01  -8.1860701e-02  -2.4021754e-01  -1.8270430e-01   1.4605602e-01  -3.7147966e-01   2.5908115e-01   2.6235780e-01   3.0454954e-01   1.5835660e-01   3.9067919e-01   2.1707633e-01   2.1084493e-01  -2.1635952e-01   3.9797384e-01  -3.7603406e-02  -5.2110901e-02   4.8672948e-01  -1.0018874e-01   1.2408648e-01  -4.7541920e-02  -2.4686677e-01  -1.1670487e-01   2.3407295e-01   9.1216771e-02  -2.2552102e-01  -2.9823228e-01   1.5507213e-01   2.7992350e-01   6.0891445e-01  -2.3554065e-02   3.9354332e-01   3.9593578e-01   4.1939738e-01  -3.0623357e-01   6.6954481e-01   6.5647271e-01  -8.3247728e-02  -2.4406567e-01   1.8313645e-01   1.8123192e-01  -1.7622448e-01   1.5153637e-01  -2.1680028e-01   2.6943482e-01   1.8029199e-02   3.1728853e-01  -1.1085815e-01   7.5074150e-01
  -1.7303902e-01   6.8380858e-01   6.4824870e-01  -1.0559922e-01   0.0000000e+00  -7.9467494e-02  -2.1567906e-01  -1.7459860e-01   3.5942848e-01   4.3441256e-01  -4.3458202e-01   5.7407293e-01   2.1088907e-01  -3.1297303e-01  -1.1225408e-01   1.8953647e-01   6.8884950e-01  -2.9225514e-01  -7.4241462e-02   8.9945878e-01  -5.4740624e-01  -1.0560098e-01  -2.0424368e-01  -1.4470337e-01   2.3498024e-03  -9.8297259e-02   5.1909940e-01  -1.7835372e-01   2.1436072e-02  -4.6704928e-01  -2.4391407e-01  -2.7014129e-01   2.8889556e-02   3.0401418e-01  -2.1855721e-02   4.5615320e-01   2.6606975e-01   3.8103177e-01   1.6106160e-01   6.8836979e-01   3.1038563e-01   1.8330978e-01   4.2811899e-01  -5.0227048e-01   2.0103431e-01  -4.9434949e-02  -2.6273444e-01  -2.9983962e-01   1.4770490e-01   7.1386461e-01  -2.7259846e-01  -7.5769806e-02   5.5371170e-01   1.2672345e-01  -1.2558519e-01  -2.7999156e-01  -2.7591928e-01  -2.2594027e-01  -1.4868960e-01   1.7513634e-02   3.9141475e-01   5.9243782e-01   3.5388950e-01   3.5291739e-02  -1.4966040e-02  -1.6078152e-01  -1.7558751e-01   3.8309933e-01  -2.2812577e-01   2.1703878e-02   5.2451296e-01  -1.2842942e-01   3.1225190e-01  -5.5562966e-02   7.3593185e-02  -3.4504156e-01   2.5476481e-01  -4.9920306e-03   7.5327324e-01   4.0237106e-02  -3.7003636e-01   1.3779687e-01  -5.1801620e-02  -1.7978378e-02   4.1803385e-03  -2.2390204e-01  -1.3203850e-01  -1.7987950e-01   4.1949014e-01  -1.1788761e-01   5.9220502e-01   3.9990320e-01   5.6463651e-01   5.6338617e-02   2.2735886e-01   7.5863809e-01   1.7833869e-01  -6.7553930e-02   4.3562938e-01  -1.8527896e-01  -2.9528623e-01   3.8893618e-02  -3.5944692e-01  -3.8032014e-01  -4.3494217e-01  -9.8599725e-03   2.6104272e-01  -1.7345995e-01   3.4367577e-01   2.0531983e-01   5.7929166e-02  -4.8046349e-01   8.0317797e-02  -7.6221337e-02  -4.0635186e-01   6.6589199e-01   1.2487956e-01   4.3764852e-01  -1.5049969e-01  -3.3755765e-02  -3.1351202e-01   8.0953422e-01   4.8310545e-01  -5.9814484e-02  -3.5459732e-01  -9.5062374e-02  -2.7988611e-01   1.4832884e-01  -2.9649681e-02   4.3321877e-01   9.1320160e-02  -1.0660294e-01   1.7969476e-01  -1.0064110e-01   7.5146868e-02  -2.3083663e-01  -1.6311838e-02  -2.8274251e-01  -1.5865520e-01  -1.1499580e-01  -1.3295513e-01  -1.5315634e-01  -4.9533502e-01  -9.9472409e-02  -2.3803204e-01  -5.3807134e-01   1.8847384e-01  -7.9782697e-02  -2.8660235e-01   4.9550202e-02  -1.4807154e-01  -2.0996871e-01   6.9362622e-02   6.6567577e-02   7.1005023e-01  -1.3229156e-01  -2.6649872e-01   1.6089319e-02   2.9658764e-01  -2.9511925e-01   3.1900692e-01  -4.4517378e-01   1.5692442e-01  -3.3122169e-01  -6.6325030e-02   5.9989895e-01  -2.4212052e-01  -3.8912404e-02  -2.8620832e-02   5.8096107e-01   2.7649956e-01  -2.6449199e-01   1.2280101e-01  -1.4101654e-02   2.8072292e-02   3.8902921e-01  -4.0809219e-02
  -1.6087809e-01  -1.9899145e-01  -9.0975331e-03   3.4551613e-01  -7.9467494e-02   0.0000000e+00   1.7182989e-02   2.7145468e-01  -2.2128127e-01  -1.6643879e-01   4.2637195e-01  -3.4592639e-01  -6.7853950e-02   3.7734783e-01  -2.1220706e-01   1.4383652e-01  -2.1700498e-01   1.2295970e-01  -7.6719304e-02  -2.4574261e-02   6.6427910e-02   4.1346136e-01  -1.3802151e-01  -1.8154935e-01  -9.4106892e-02   2.0813139e-01   1.3499662e-01   4.4976948e-01  -6.3373397e-02   5.0953588e-01   2.8462353e-02   2.3575195e-01  -1.0545281e-01  -3.1666003e-01  -1.7755633e-01   1.1294769e-01  -1.2875615e-01  -3.4785940e-01   1.5151532e-01  -1.6500864e-01   1.4113378e-01  -9.3016127e-02  -2.9712383e-01   3.8094704e-01  -2.0370149e-01  -2.2802728e-01   6.3999690e-01   1.4833629e-01   8.0471137e-02  -1.8554901e-01   6.9447327e-02   1.1948093e-01  -1.9461527e-01  -2.3087915e-01   8.7249471e-02   3.9420867e-01   2.4281058e-01   3.0354948e-01   3.3623950e-01  -1.3284709e-01  -4.3966088e-01   7.1978671e-02  -1.9023012e-01  -3.1626512e-01  -1.8521490e-01   2.3576316e-01   7.6619547e-01  -1.7184395e-01   5.7716049e-01   2.3883005e-01  -4.6725665e-01   9.9028332e-02  -1.6749932e-01  -5.2649866e-02  -3.0373001e-01   2.5285325e-01  -3.4878657e-01   2.6359510e-01  -6.9870969e-02  -1.8219172e-01   5.7910273e-01  -4.8530110e-02  -1.9898654e-01   3.0411353e-01  -4.4203662e-02   7.2691567e-02  -2.1715545e-02  -1.2533160e-01  -1.4103782e-01  -1.5631211e-01   9.8744025e-02  -3.5153058e-01  -2.1803989e-01  -3.7608447e-01  -4.7063874e-01  -2.5022312e-01   1.8428454e-01  -1.0448015e-01   5.5413347e-02   3.5555432e-01   3.2693023e-02  -4.4162540e-01   5.7112839e-01   1.3140136e-01   4.9042703e-01   1.9075439e-01  -2.9856458e-01   5.4730580e-01  -1.0898424e-01   2.7072321e-01  -2.6363737e-02   5.5665486e-01   6.6573178e-02  -1.4215095e-02   1.4364510e-01  -1.5765202e-01   3.6138244e-01  -6.4277171e-02   5.6538053e-01   2.8494910e-01  -3.9850934e-02  -4.3240477e-02  -2.2290128e-01  -3.6702640e-02  -8.1851824e-02   1.0999313e-01   1.6114173e-01  -3.8894715e-01   1.1090513e-01   1.3653768e-01   5.5269810e-02   4.3373791e-02  -4.1975716e-01  -3.1005476e-01  -2.3683218e-01   1.9927292e-01  -2.3543813e-01   2.9425673e-01   2.1976356e-01  -1.2066948e-01  -1.9221567e-01  -1.4345346e-01   2.2291510e-01   4.9078200e-01   1.0236257e-01   3.1908962e-01  -2.5500612e-03   3.4272559e-01   3.6929909e-01  -4.2734941e-01  -1.6220174e-01   3.7381118e-01  -2.4061884e-01   9.9844241e-02  -3.8450164e-02   3.0550979e-02  -1.8175098e-01   1.7862498e-01  -4.2075089e-01   4.9230112e-01  -1.5407212e-01   3.2588366e-01  -3.1091364e-02   3.3953970e-01   1.9629486e-01  -9.7915294e-02  -6.7849575e-02   2.3810500e-01  -3.4132949e-01  -3.0300076e-01   2.3722064e-01  -2.7348715e-01  -6.7116658e-02   6.7500565e-01  -2.1672971e-01  -3.4296956e-01   3.1211994e-01
  -1.0907810e-01  -3.9006362e-03  -4.9623245e-02  -2.6114049e-01  -2.1567906e-01   1.7182989e-02   0.0000000e+00  -2.5489422e-01  -5.7284107e-02   1.9790602e-01   1.7997397e-01   2.0227159e-01   8.7441604e-03  -2.2047136e-01   6.5398770e-01  -7.0196566e-03  -1.3157099e-01   4.0268542e-01  -5.4613302e-03  -2.2967360e-01   4.7754051e-01  -3.1182852e-01   7.6654006e-01  -1.6648992e-01  -1.4927099e-01  -2.1715437e-01  -1.3969520e-01  -8.1662956e-02   3.0331286e-02   6.0321851e-02   4.5992828e-01  -2.8945402e-01  -1.5820665e-01   2.9882999e-01  -2.0605260e-02   4.1598659e-01   5.4730323e-02  -2.2673146e-01  -9.6908709e-02  -2.8783512e-02  -8.8638428e-03  -1.6146426e-01   1.6601103e-01  -6.9304441e-03   4.4137859e-02   8.1277138e-02   4.5229612e-02   6.0997621e-01  -3.5661180e-01  -2.4573748e-01   5.1903497e-01  -3.2678605e-01   1.3992732e-01  -3.6035795e-01   1.8456894e-01   3.0530171e-02   2.0265974e-01  -3.4084747e-01  -1.1977608e-01   3.6995664e-01  -1.7151196e-01  -3.3588347e-02   7.4483866e-03   3.2381702e-01   6.0555224e-02   4.0095831e-01  -8.1681305e-02  -2.8756085e-01  -2.8837627e-01   3.8622635e-01   9.7036667e-02   6.5932567e-02   6.2887329e-02  -1.4518048e-01  -3.1853153e-01  -1.4271590e-01  -9.5380444e-02  -1.9637009e-01  -1.2625842e-01  -4.4102052e-01  -1.1716280e-01   2.6067833e-01   3.6650940e-01  -1.7209822e-01   2.8048318e-01  -1.7975051e-01   9.6809938e-02  -1.6713289e-01  -2.4457068e-01  -2.1568217e-01  -1.8067852e-01  -3.0219055e-01  -1.3659039e-01  -1.5140841e-01  -2.0182344e-01  -4.6724601e-01  -1.9889010e-01  -1.1955812e-01   6.8969924e-02   3.7905605e-01   5.6956787e-01   4.3099830e-01  -2.2357068e-01   1.2449978e-01  -1.5764211e-02  -3.0944040e-01  -3.5966799e-01  -3.0889639e-01   1.9741608e-01   1.4678258e-01   5.1226574e-01  -1.7805283e-02  -1.4067296e-01  -2.0866230e-01   3.9128690e-01  -3.5811880e-01  -3.4573650e-01   7.1044033e-02   5.5059358e-02  -3.7653774e-01  -3.9534401e-01  -2.6947990e-01  -2.2766532e-01   2.6151889e-01  -3.7915058e-02  -3.9195874e-01   2.2551062e-01  -3.4260329e-01  -1.9634328e-01   1.5618711e-01   1.1647330e-01   6.2365039e-01  -3.8061920e-01   6.9499566e-01  -1.1849038e-01  -1.0231974e-01  -4.6051182e-01   2.9502475e-01  -1.3796773e-01  -3.2618414e-01  -1.3236881e-01  -1.8304451e-01   1.3116331e-01   5.8056657e-02   6.3354816e-01   8.5946253e-02   4.4054170e-01   2.6249745e-02   5.5597516e-01   3.7009801e-01   3.2658022e-01  -2.4833612e-02  -1.8224623e-01   1.0827550e-01  -4.9227385e-02  -1.8831805e-01  -2.5524103e-01  -6.9798906e-02  -2.8087019e-01  -2.1593277e-01  -8.0769881e-02   9.0271325e-03   2.6545168e-01  -3.1425518e-02  -3.3637741e-01  -2.6212428e-01   5.3528749e-01  -1.9169523e-01  -1.2782994e-01  -1.4467079e-01  -1.6662800e-01  -9.0470628e-02   4.3340938e-03  -3.3281695e-02  -4.3878116e-01  -1.0689642e-01  -2.2004118e-01
   1.5144650e-01  -2.9003548e-01  -2.0714271e-01   2.7032366e-01  -1.7459860e-01   2.7145468e-01  -2.5489422e-01   0.0000000e+00  -1.5437466e-01  -2.1891013e-01   3.9032513e-01  -3.4299747e-01   6.3079469e-03   3.2612075e-01  -9.7883998e-02   1.6833259e-01  -2.7584040e-01   1.5089011e-02   6.6886199e-02  -1.2234353e-01  -7.9825036e-02   2.4525177e-01  -2.1008173e-01   1.2626951e-01  -1.7383799e-01   5.9297408e-01   1.3596193e-01   3.6985550e-01   2.4762759e-02   2.3790434e-01  -4.3879358e-02   5.2691911e-01   1.5330394e-01  -7.4245091e-02   9.8861060e-03  -1.4505499e-01   1.3413154e-02  -4.6141039e-02   1.9800249e-01  -2.7598701e-01   2.6643761e-02   4.1748004e-02  -1.6736548e-01   4.1812913e-01  -9.6501848e-02  -1.3743211e-01   2.7887495e-01  -2.2760981e-01  -9.5799616e-02  -2.0233940e-01  -1.9190422e-02   7.6155572e-01  -9.8609751e-02  -8.6555107e-03  -1.8590301e-01   3.6131428e-01   1.8476512e-01   4.3366140e-01   3.2428835e-01  -2.5009928e-01  -1.4795106e-01  -1.1071869e-01  -2.8126094e-01  -2.0761633e-01  -1.6632912e-01   8.9397206e-02   2.0600581e-01  -1.4347810e-01   5.5894028e-01  -1.8248965e-01  -3.3253989e-01   1.5945743e-02  -8.3516622e-02  -1.7000937e-02   1.9926967e-02   3.3686609e-01   6.3562457e-02   4.5539437e-01  -7.1946846e-02   2.7711196e-02   5.1678702e-01  -3.7945717e-02  -2.8512632e-01   7.0306913e-01  -2.8924941e-01   2.5543041e-01  -2.3743896e-01   7.8140593e-02  -1.7913948e-01   1.0648263e-01  -1.2260492e-01  -3.6061326e-03  -1.0326590e-01  -4.7911301e-02  -2.3116334e-01  -1.9274238e-01   2.2851484e-02   1.8239111e-01  -1.5901042e-01   1.0783678e-02  -1.9551195e-01  -9.9697112e-02   3.6656024e-01   7.5869733e-02   3.3571733e-01   4.1204410e-01  -1.9796138e-01   6.4443885e-01  -6.2554661e-02  -6.0393635e-02  -2.2862632e-01   4.2681319e-01  -4.4637053e-02   1.6966513e-01  -7.7332219e-02   7.0787606e-02   3.5911232e-01  -3.1220189e-02   7.0489292e-02   2.0206097e-01   3.6835221e-01  -1.3267425e-01  -2.6104989e-01  -2.0037411e-01   8.2992694e-02   3.6679913e-01  -1.0944042e-02   1.3458574e-02   1.4492402e-01  -2.7058842e-01   4.4182566e-02  -1.3733287e-01  -6.0997803e-02  -3.5196425e-01  -8.8045353e-02   5.8135881e-01   1.1894221e-01   1.6546447e-01   5.0700700e-01   1.6000127e-01   2.9395132e-02  -8.0153165e-02   4.1115371e-01  -1.1259996e-01  -2.1781253e-02   2.8021873e-01  -3.1252860e-01  -7.5461883e-02  -6.2410106e-03  -2.7406175e-01  -1.9922593e-01   5.7276107e-01   8.6531347e-02  -3.8756703e-04  -2.9233276e-01   2.4813295e-01   2.0458242e-02   1.8511343e-01  -1.7353832e-02   6.0191646e-01  -7.9936008e-02   4.6235209e-01  -1.0200272e-01   2.1176809e-01   3.4078387e-01   1.3897793e-01   6.7948716e-02   5.2135444e-01  -1.9298435e-01  -1.7455546e-01   1.0131071e-01  -7.5624946e-02  -1.2364952e-01   4.3556001e-02   2.2584162e-02  -2.5674801e-01   3.6137526e-01
   1.6977397e-01   4.6272608e-01   1.7840407e-01  -8.7820500e-02   3.5942848e-01  -2.2128127e-01  -5.7284107e-02  -1.5437466e-01   0.0000000e+00   2.5343249e-01  -5.5812812e-02   2.1196194e-01   2.1691182e-01  -4.0911428e-01   1.7030859e-01  -2.4970316e-02   1.6480051e-01   2.5396493e-01   9.3776428e-02   2.6950508e-01  -1.4301153e-01  -1.5507983e-01  -1.9483689e-01   6.4071692e-02  -1.0403056e-02  -2.2447485e-01   2.6219924e-01  -2.4083607e-01   6.0666611e-02  -2.2225135e-01  -3.2074934e-02  -1.2589879e-01  -1.0245117e-01   3.7835553e-01  -4.4980490e-02   3.6816530e-01   2.3613825e-01   2.4796136e-02   1.3631346e-01   5.7153761e-02   2.8765040e-01  -6.6012105e-03   5.0590219e-01  -3.7379624e-01   5.7565599e-01   2.6945045e-01  -1.2046596e-01  -2.0366987e-01  -8.0001191e-02   5.9172848e-02   2.2297059e-01  -1.1029814e-01   5.0231829e-01  -4.5390872e-02  -3.6339535e-01  -3.9319940e-01  -1.8400751e-01  -1.6677481e-01  -3.9051678e-02   4.8818270e-01   6.0380845e-02   3.6934274e-01   4.9791805e-01   3.9539466e-01   4.8263052e-01   3.5174415e-01  -3.2498360e-01   2.7397482e-01  -3.1414398e-01   1.9627521e-02   6.9047818e-02   7.1450935e-02   4.1390940e-01   5.7964052e-02  -3.5820661e-02  -2.3470099e-01  -8.0101536e-02  -1.6277359e-01   5.2410137e-01   1.5107146e-02  -4.3315031e-01   2.5742118e-01  -3.3763522e-01  -1.4775358e-01  -1.7338019e-01  -9.3971595e-02  -3.3322091e-01  -2.0168127e-01   1.2083922e-01   1.9126014e-01   5.2523487e-01  -8.2089816e-02   1.0902806e-02   5.6380545e-01  -3.1354324e-02   1.2103488e-01   8.7768263e-02  -5.2184643e-02   4.1669345e-01   7.5896137e-02  -4.1755352e-01   2.6495649e-01  -3.4205641e-01   1.1034483e-01  -2.1866577e-01  -1.8876666e-01  -6.2940761e-02  -2.4957153e-01   8.6182087e-02   2.5542914e-01  -1.2631723e-01  -2.5364309e-01   7.6085096e-02   7.6273326e-02  -4.3744549e-01   4.3803710e-01  -9.6706137e-02   3.8226912e-01  -4.4244002e-01  -5.9824777e-02  -5.8330896e-02   3.8811683e-01   2.0811700e-01   1.5142633e-01   6.5840994e-02  -1.5692099e-01   1.4248373e-01   1.6535585e-02   8.8221335e-02   4.8588193e-02   1.8524466e-01   1.6298685e-01   6.0915318e-02  -7.7572740e-02   4.3908131e-01  -1.4988244e-01  -3.0887517e-02  -3.7752033e-01  -1.6977398e-01  -3.8794235e-02   1.2740040e-01   2.6131091e-04  -1.5794601e-01  -2.8407120e-01  -1.1165911e-01  -2.9588344e-01  -3.1438714e-01   4.6157313e-02  -1.0086513e-01  -9.2913484e-02  -1.5519785e-02  -3.2290368e-01  -3.9825698e-02   4.0914368e-01   2.6362575e-01   1.2357836e-01   3.1578428e-02   1.3277284e-01  -1.0727390e-01  -2.9438786e-01   1.8996670e-01  -9.0499604e-02   4.4048547e-01  -6.8909978e-03  -1.5602995e-01   1.9136915e-01   2.0258123e-01  -1.6521387e-01   1.3033481e-01   1.4569753e-01   3.7014070e-01  -1.3911816e-01   5.6818571e-01  -2.4927984e-01   1.0511929e-02  -2.5258734e-02  -9.9017768e-02
   1.8844076e-01   4.5206318e-01   4.5011278e-01  -3.2065275e-01   4.3441256e-01  -1.6643879e-01   1.9790602e-01  -2.1891013e-01   2.5343249e-01   0.0000000e+00  -2.6432853e-01   6.2306023e-01   2.2757133e-01  -3.9974458e-01   8.0210085e-02  -9.7749250e-02   4.0941456e-01  -1.2869915e-01   5.9517842e-02   4.3749401e-01  -2.1547967e-01  -2.7200079e-01   1.2263249e-01   2.2091563e-02  -6.6478385e-02  -1.0836550e-01   2.8513816e-01  -2.8624591e-01   2.0774120e-02  -4.2455450e-01  -2.8970295e-01  -4.4282025e-01  -3.5177936e-01   7.0521369e-01   1.0982152e-01   4.7121482e-01   3.0127584e-01   2.4061035e-01  -1.6051774e-01   4.7998665e-01   9.9044200e-02  -1.8462428e-01   4.7414622e-01  -4.5179580e-01   1.2442275e-01   3.5128881e-01  -2.8229037e-01  -1.3209067e-01  -2.3912298e-01   4.0804870e-01  -8.2669125e-02  -8.3128410e-02   4.0495895e-01  -1.8562371e-01  -2.8518159e-01  -2.8475460e-01  -1.0332739e-01  -4.2092289e-01  -3.3087426e-01   2.8466808e-01   2.4437692e-01   3.2321961e-01   2.7245414e-01   2.9146940e-02  -5.6600979e-04   1.8674138e-01  -3.1977100e-01   1.9831126e-02  -3.4672918e-01   3.4846537e-01   3.8533612e-01  -2.7380469e-01   1.0472014e-01   1.7311854e-01  -6.4527001e-02  -4.0777698e-01   2.7551261e-01  -1.3584861e-01   4.3090723e-01  -3.3879609e-01  -3.8224448e-01   2.8091918e-01   3.5431092e-02  -1.7009443e-01   1.2067423e-01  -4.0125300e-01  -2.2725776e-01  -2.7287884e-01   1.9829469e-01   1.1998521e-01   2.7228763e-01   1.8227187e-01   5.1464695e-01   2.6076495e-01   9.4637649e-02   3.6520748e-01  -2.3473163e-01  -9.0010866e-02   2.0891679e-01   3.4391565e-02  -1.8700095e-01   3.2035358e-01  -5.0106519e-01  -2.7845839e-01  -4.4031282e-01  -2.0757596e-01  -1.3052774e-01  -2.4289472e-01   4.8299439e-01   1.7551647e-01   3.9283213e-01  -4.4011374e-01  -2.2275286e-01   1.7129195e-01  -2.5404047e-01   1.8956473e-01  -8.5494501e-02   2.1356101e-01  -2.6799059e-01  -3.7056105e-01  -3.3932311e-01   5.0064532e-01   3.1123686e-01  -8.1770816e-02   1.5205172e-01  -1.5850075e-01  -1.4995170e-01  -7.7579566e-02  -1.4806128e-01   4.1978568e-01  -7.0683278e-02   9.2524498e-02   5.8100058e-02   1.7500075e-01   9.8406156e-02  -3.5400845e-01  -3.9914839e-01  -2.7470613e-01  -3.2425040e-01   8.7294140e-05  -2.4972009e-02   7.4173654e-03  -2.7096064e-01  -1.0482919e-01  -5.8881631e-02  -4.7379121e-01   2.7435135e-01  -2.1433961e-01   1.9708490e-01   2.0592090e-01   1.9578673e-01  -2.2259390e-01  -4.8725614e-02  -3.7340679e-02   5.0723615e-01   8.6000927e-02  -9.8977656e-02  -1.4818041e-01   4.5778547e-02  -4.1491770e-01   1.6201881e-01  -1.8334437e-01   3.6483211e-01  -3.6732289e-01  -2.3464364e-01   3.7180145e-01   9.2466974e-02  -1.2460197e-01   6.0535935e-04   2.8811871e-01   1.4226229e-01  -1.7401854e-01  -3.7584184e-03  -1.6776150e-01  -2.6610390e-01   7.0021462e-02  -2.2846260e-01
   1.3170155e-01  -5.3829211e-01  -4.2308070e-01   3.2080131e-01  -4.3458202e-01   4.2637195e-01   1.7997397e-01   3.9032513e-01  -5.5812812e-02  -2.6432853e-01   0.0000000e+00  -5.6748188e-01  -1.1556382e-01   2.3847349e-01   2.3450401e-01   3.7974513e-02  -5.6260629e-01   5.6451975e-01   1.8273715e-01  -4.0546266e-01   5.1823841e-01   2.3131415e-01   1.1356913e-01   5.9434689e-03  -5.6608182e-02   2.2908153e-01  -1.9224961e-01   3.6402640e-01  -1.1935530e-01   5.3509952e-01   3.3282870e-01   4.9509145e-01  -1.5426466e-01  -2.9000750e-01  -3.2141692e-01   1.7997883e-01  -8.4845560e-02  -5.8936896e-01   1.7636266e-01  -5.0990394e-01   1.6549434e-01  -2.3266006e-01  -1.8762152e-01   4.2266981e-01  -3.1912370e-02   5.2523649e-02   7.9215729e-01   1.8167647e-01  -1.4457776e-01  -5.2421418e-01   5.6167910e-01   1.9432271e-01  -2.6094146e-01  -3.5296228e-01  -8.2818507e-02   2.9919145e-01   4.1706961e-01   3.4164596e-01   5.5050077e-01  -2.6135070e-02  -5.4867838e-01  -1.9039275e-01  -2.6200774e-01   8.3869690e-02   1.1115897e-01   5.5823751e-01   3.3215800e-01  -3.8789401e-01   6.0210900e-01   1.0539628e-01  -5.6147392e-01   2.3227028e-01  -1.5391492e-02  -2.1864498e-02  -2.3387223e-01   4.9920856e-01  -2.6468459e-01   4.6798240e-02  -3.1828182e-01  -1.9080613e-01   4.3366916e-01  -3.3523420e-02  -1.0799685e-01   2.5775214e-01   9.2316005e-03   3.1464635e-01  -1.2074017e-01  -1.4065293e-01  -4.8192954e-01   5.6150270e-02  -1.7098880e-01  -4.2638664e-01  -5.1464832e-01  -1.2772993e-01  -6.2316607e-01  -5.9405525e-01   1.1600788e-01   8.9776474e-02   1.6038961e-01   3.9004089e-01   2.3923170e-01  -2.8859753e-02   4.6201024e-01   4.0873564e-01   6.0946406e-01   2.1007208e-01  -4.5546220e-01   4.5990573e-01  -1.6234662e-01   1.5949830e-01  -9.5916544e-02   6.3233940e-01   2.2122280e-02   1.2113465e-01   2.4596301e-01  -2.5980539e-01   6.8843157e-02  -9.3239848e-02   2.4471551e-01   2.0596435e-01   4.4742909e-02  -4.3575336e-01  -3.9534304e-01   1.3076211e-01   1.6120774e-01   2.4987632e-02   4.3432005e-01  -3.6533263e-01   2.3615038e-01  -1.6661579e-01   1.8656778e-01   4.0766327e-01  -4.5009307e-01  -7.6716071e-02  -1.0808702e-01   4.5329956e-01  -1.8094521e-01   3.1298278e-01   4.6751747e-01  -6.1451369e-02   3.2124252e-02  -2.9415016e-01   7.1233578e-01   1.4402505e-01   3.0436244e-01   5.7553293e-01  -2.4438121e-01   3.8664417e-01   4.9967482e-01  -2.8738655e-01   1.3126191e-01   2.5377798e-01  -1.6358066e-01   3.0867782e-01  -4.2079788e-01   1.9626110e-01  -3.0503031e-02   4.0915209e-01  -4.4029036e-01   3.5601310e-01  -2.0390141e-01   7.1960003e-01   1.9239819e-01   5.9256171e-01   1.6533841e-01  -2.7756465e-01   4.4234388e-01   2.9945005e-01  -2.5695075e-01  -5.0719915e-01   5.3098588e-02  -2.5625783e-01   1.4761401e-01   2.5445299e-01  -1.4059019e-01  -5.3451786e-01   2.6883762e-01
  -1.4123335e-01   7.2057557e-01   7.1421403e-01  -3.7953019e-01   5.7407293e-01  -3.4592639e-01   2.0227159e-01  -3.4299747e-01   2.1196194e-01   6.2306023e-01  -5.6748188e-01   0.0000000e+00   2.3422360e-01  -4.5313989e-01   2.0719260e-01   1.8189752e-01   7.5817484e-01  -3.1927984e-01  -6.9441590e-02   5.8899342e-01  -4.7801218e-01  -4.1187375e-01   1.0440948e-01  -8.7431729e-02  -9.9744548e-02  -2.2350765e-01   2.7919364e-01  -3.7700871e-01   1.5872802e-01  -6.0775505e-01  -2.0554042e-01  -4.5545855e-01   6.3883661e-02   6.1873349e-01   1.0848587e-01   3.0639947e-01   1.4435416e-01   4.4076835e-01   5.9708313e-02   7.0600309e-01   7.3091883e-02   2.4150247e-01   4.7585789e-01  -5.8507711e-01  -1.6101722e-02   1.6909377e-01  -5.3706827e-01  -1.9046405e-01  -1.9448357e-01   7.0601709e-01  -1.8952060e-01  -2.2578603e-01   5.3729392e-01   1.6341903e-01  -1.4297918e-01  -2.4933679e-01  -2.2616431e-01  -4.7551741e-01  -3.9676369e-01   2.0399914e-01   4.9931948e-01   3.0165040e-01   3.6027702e-01   9.1476018e-02  -2.4872729e-01  -2.3616522e-01  -4.4794611e-01   1.9033330e-01  -4.9915404e-01   2.5907938e-01   6.5194179e-01  -3.6554082e-01   2.8074800e-01   3.0248147e-02   3.1020838e-02  -5.3383471e-01   3.5940268e-01  -1.7133422e-01   5.2834576e-01  -8.2105410e-02  -5.2517100e-01   2.8796835e-01   2.4484059e-01  -1.5080699e-01   1.5960217e-01  -3.6447955e-01  -1.6902191e-01  -2.6895711e-01   4.0807618e-01  -1.9906009e-01   2.5929206e-01   4.6821707e-01   7.8517813e-01   3.2234123e-02   3.9282974e-01   5.4720059e-01  -1.6671053e-01  -2.4271370e-02   1.1822717e-01  -3.5007794e-01  -1.2441603e-01   4.0147312e-01  -6.3316106e-01  -4.8882799e-01  -6.2504995e-01  -2.7772685e-01   2.4336623e-01  -4.2500810e-01   2.4011968e-01   9.5148699e-02   5.8156156e-01  -6.4355435e-01  -1.8091492e-01  -1.2608254e-01  -2.4105944e-01   3.0310809e-01  -1.6602471e-01   3.0424499e-01  -3.1051048e-01  -3.7570490e-01  -3.6180103e-01   5.7193166e-01   3.8836898e-01  -1.9860724e-01  -1.9732519e-01  -1.2114815e-01  -4.0383080e-01   1.6402261e-01  -2.6692396e-01   5.5923475e-01  -1.0993916e-02  -2.2355146e-02   2.9254586e-01   2.0576795e-01   9.3706121e-02  -3.1577616e-01  -4.9142087e-02  -3.4418888e-01  -3.5031725e-01  -2.8779019e-02  -9.9377894e-02   7.4419133e-03  -4.5232238e-01  -8.1119923e-03  -5.6066752e-03  -5.9765922e-01   5.6106269e-01  -4.4022351e-01  -9.9499986e-02   2.2787927e-01   1.6724540e-02  -3.1372031e-01   7.8852194e-02  -1.2076210e-01   7.0231888e-01  -2.0928368e-01  -1.3214243e-01  -1.9174075e-01   3.3529275e-01  -5.1648295e-01   2.0191493e-01  -4.6471200e-01   4.0387985e-02  -6.1960788e-01  -2.2349804e-01   4.2882753e-01   3.2761776e-02  -2.3036055e-01   6.2464978e-02   5.3442319e-01  -1.2007723e-01   1.2557557e-02  -1.8743918e-01  -1.8366312e-01  -1.5594823e-01   4.8979560e-01  -2.7206655e-01
   6.7249654e-02   1.3811552e-01   1.4870485e-01  -3.1906718e-02   2.1088907e-01  -6.7853950e-02   8.7441604e-03   6.3079469e-03   2.1691182e-01   2.2757133e-01  -1.1556382e-01   2.3422360e-01   0.0000000e+00  -2.1121835e-01   2.3946379e-01   3.7548195e-01   1.5593825e-01   4.8740321e-02  -1.0931784e-01   2.3443104e-01  -1.2935730e-01  -2.8627149e-01   7.5584190e-02  -9.2307444e-02   5.7404744e-02  -2.1008457e-02   1.3277971e-01  -3.4144968e-02  -6.7831036e-05  -2.6482028e-01   1.7449446e-01  -1.0506011e-01   1.5759718e-01   1.4139809e-01   1.4336106e-02   2.4839504e-01   1.8721281e-01   1.9005484e-01   3.9483104e-01   2.6876545e-01   5.6314402e-01   1.2174904e-01   7.1679267e-02  -2.8586114e-01   6.0880778e-02   5.5304860e-02  -1.2465186e-01  -1.4589942e-01  -1.2820401e-01   2.2572361e-01   1.1982384e-01   1.6653578e-02   1.3731249e-01   1.6648332e-01  -1.0661730e-01  -1.4093559e-01  -8.9768692e-02  -2.0548613e-01   4.6503221e-02   1.2998094e-01   5.5779150e-02   5.3741577e-02   6.5824426e-03   1.8861014e-01  -1.2606642e-01   9.6990700e-04  -6.0651281e-02   2.9146746e-02  -1.6595695e-01   1.6664428e-01   7.9288888e-02  -1.9054779e-01   4.7341269e-01   7.6887209e-02   1.2188128e-01  -2.2463932e-01   8.0996222e-03  -8.1797888e-02   1.1499735e-01  -6.6253871e-02  -2.3416102e-01   3.1471618e-01   7.3438716e-02   3.0517229e-02   9.1416339e-02  -7.8806364e-02  -1.6196587e-01  -6.5377131e-02   1.3470149e-01   1.9001089e-02   1.7437787e-01   1.2153411e-01   1.8824779e-01   1.3662195e-01   5.1470640e-02   2.6701641e-01   9.3279241e-02   1.0368584e-01   1.7179733e-01   2.2996817e-02   2.2887229e-02   2.5763722e-01  -2.6942177e-01  -2.1195416e-01  -1.6450657e-01  -1.4818067e-01   4.3043684e-02  -8.7878960e-02   1.0808873e-01   2.1715576e-01   1.8332547e-01  -1.7007747e-01  -6.6448900e-02  -3.9810542e-02  -4.7983710e-02   1.0946666e-01  -1.9283631e-01   5.8575756e-01  -4.9504587e-02  -1.3814393e-01  -7.6309403e-02   2.4528470e-01   1.2398411e-01   2.6104465e-02  -1.4335393e-01  -6.7295421e-02   5.2248582e-02   1.6476711e-01  -1.1466586e-01   1.9167323e-01   2.6094146e-01   4.6883265e-02   1.1623382e-01   7.4585235e-02   1.1618679e-01   2.5262114e-02   5.9428540e-03  -1.3725787e-01  -3.0379864e-02   6.1527073e-02  -1.0671326e-01   3.8087042e-01  -9.8740205e-02   4.7686436e-02   1.7303290e-01  -1.5974858e-01   2.7931375e-01   4.2194681e-03   7.5987040e-02  -6.4736790e-02   1.0819539e-01  -7.9986318e-02   6.1938679e-02   7.0258765e-02   2.7853972e-01  -7.2444305e-02  -2.7364376e-01   2.0794388e-01   1.3851391e-01  -1.9839224e-01   7.6893797e-02  -7.0792528e-02   9.7489595e-02  -2.3449755e-01  -1.3344943e-01   5.7097718e-02   1.1061365e-01  -1.1248637e-02  -1.6935453e-02   2.5174990e-01   3.9669603e-02  -9.2500631e-02  -5.7611527e-02   1.2741005e-01  -1.9425842e-02   1.2875327e-01  -2.0660480e-01
  -3.3135828e-02  -3.4489248e-01  -1.8161681e-01   5.2114933e-01  -3.1297303e-01   3.7734783e-01  -2.2047136e-01   3.2612075e-01  -4.0911428e-01  -3.9974458e-01   2.3847349e-01  -4.5313989e-01  -2.1121835e-01   0.0000000e+00  -2.2709513e-01  -6.5757576e-02  -2.3215799e-01  -4.2467908e-02  -1.7012931e-01  -2.2678985e-01   8.0848073e-02   5.3309247e-01  -2.0395170e-01   1.1042730e-01   2.7576314e-01   2.6458945e-01  -1.6755620e-01   3.9072146e-01   1.9533898e-01   5.5339433e-01   8.7704715e-02   5.5224490e-01   2.5317726e-02  -5.0223106e-01   1.7697829e-01  -4.2481694e-01  -1.7585609e-01  -1.6657784e-01  -5.8416580e-02  -3.3997382e-01  -5.8686496e-02   1.1984468e-02  -3.8934763e-01   4.0702074e-01  -1.7063559e-01  -2.0818329e-01   3.8785551e-01   1.6921716e-01   1.1638127e-01  -3.1511149e-01  -1.7093631e-01   3.7625105e-01  -4.7315508e-01  -1.0127714e-01   4.7413000e-01   3.5644131e-01   6.0747122e-02   5.8048262e-01   3.8846286e-01  -1.6763155e-01  -1.7771045e-01  -2.7804764e-01  -3.7010695e-01  -4.2512145e-01  -1.8074982e-01  -2.0923261e-01   5.4954677e-01  -3.6560850e-02   5.6695877e-01  -1.7831599e-01  -3.4152930e-01   2.1481438e-01  -3.8514419e-01   7.9707571e-02  -1.2339845e-02   5.6633349e-01   6.7478712e-02   1.6047305e-01  -2.6668761e-01   2.2222458e-01   7.3046107e-01  -4.0048438e-01  -9.6290854e-02   1.6758640e-01   6.0908319e-02   3.7325285e-01   3.3514873e-01   3.6455472e-01  -1.3247535e-01   8.6384284e-02  -1.9980126e-01  -3.6509942e-02  -2.2127305e-01  -1.8951530e-01  -3.0325403e-01  -2.3963565e-01   2.5976052e-01  -5.0560830e-02  -1.7424093e-01   2.0246867e-01   2.6593585e-01  -4.7193625e-01   7.8098239e-01   2.6007016e-01   5.3783386e-01   5.2789319e-01   7.8379378e-03   4.3147898e-01  -2.5611008e-01  -1.0191693e-02  -1.5095796e-01   6.0665898e-01   3.6423104e-01   2.6270981e-03   3.3313005e-01  -2.2723390e-01   3.2145584e-01  -2.1346541e-01   4.7357205e-01   5.1294989e-01   1.2945984e-01  -1.9439843e-01  -1.3332012e-01   8.7945016e-02   7.3767149e-02   5.1947746e-01   2.2709637e-01  -2.7764792e-02   2.9889926e-01  -2.1416665e-01  -3.5314078e-01  -2.9139594e-01   1.4273977e-01  -2.9525466e-01  -1.1330081e-01   3.8480738e-01   1.6179989e-01   4.6535496e-01   5.1750849e-01   3.8678354e-02   9.0771401e-02  -2.1134257e-02   2.6167473e-01   1.9537908e-01   1.0161577e-01   5.7725213e-01  -2.6348534e-02   1.2325380e-01  -3.5676468e-03  -3.0938167e-01   6.4616892e-02   5.8933731e-01   5.4769339e-02  -2.1580766e-01  -3.4128206e-01   8.9881041e-02   1.1167647e-01   1.9310419e-01  -3.5355704e-02   7.0328162e-01   4.0610145e-02   2.6629814e-01  -4.8576432e-01   4.5672874e-01   3.9696507e-01  -1.4792109e-01  -3.4766566e-01   4.0565468e-01  -2.0092416e-02  -2.2431672e-01   1.0768061e-01  -2.1037478e-01  -8.3455050e-02   2.9955394e-01   6.7380346e-02  -2.2878935e-01   4.1026450e-01
