   0.0000000e+00   2.9689774e-02   5.8099941e-02  -2.0437057e-01   1.0294449e-01  -2.7467702e-02  -1.8282103e-01  -1.6747511e-01   2.9481681e-02   4.5415943e-02  -3.7898132e-02  -6.7517515e-02  -6.1099908e-02   1.8134100e-02   1.8731705e-02  -1.6449677e-01   1.7800852e-01  -5.7342589e-02   6.7213029e-02   7.0145168e-02  -2.2087160e-01  -8.7706888e-02  -2.1028232e-01   6.4804718e-01   1.9177597e-02  -3.6505880e-02  -3.3132387e-02  -3.6670417e-02   8.8401759e-02  -2.0719749e-01  -1.3189213e-02  -5.2449783e-02  -8.4290993e-02   3.1328512e-02   1.4837193e-02   7.4278800e-02   8.0106456e-02   5.0991390e-01  -1.5318428e-01   1.0516193e-01  -1.3580446e-01   1.6837592e-01  -2.6023455e-02  -2.2023065e-01  -1.8962480e-01   6.5543758e-01  -7.7284703e-02  -1.6902693e-01  -3.8263523e-02   1.3371266e-01  -7.8286822e-02  -2.0441287e-01   3.1478042e-02   1.2649140e-01   3.5653734e-02  -7.7425610e-02   6.9115548e-02   1.5731222e-02  -8.0782822e-02  -4.4739106e-03   6.5541893e-01  -7.5103964e-02   5.3641406e-02   3.4806673e-02   1.7765607e-02  -3.5622355e-02  -1.0210150e-01   1.7842222e-02  -1.3168148e-01   1.9475864e-01   7.2299470e-02  -2.2952861e-01   6.2373723e-02   1.6548108e-01   5.5142125e-02  -9.5855188e-02   6.9021260e-01  -1.9646639e-01   8.2961084e-02  -8.6237667e-02  -2.2208590e-01  -1.5790201e-01  -1.8934388e-01   8.3885067e-02   2.1239385e-01  -1.1811162e-01  -2.9259332e-02   1.4699935e-01   1.2751008e-01   5.9358013e-01   1.3493139e-01   5.4682108e-01   1.0833602e-01  -1.6338634e-02   6.2174680e-01   1.6551134e-01  -6.0396537e-02   1.1175800e-01  -4.5662046e-02  -4.5462994e-02  -8.5559589e-02   1.5296360e-02  -2.6344055e-01  -9.2717873e-02  -7.4068301e-02  -2.0138014e-01   1.3123844e-01  -1.4134725e-02   2.1229180e-01   5.2058481e-02  -5.1334123e-02  -1.0603013e-01  -1.2824509e-01   7.6482631e-01  -1.5785856e-01   1.0371689e-01  -1.4446028e-01  -3.1644910e-02  -8.3211027e-02  -2.3875620e-01   6.8859571e-01   6.1055414e-02  -2.5353262e-02   1.1080519e-01   6.6124224e-01   1.0909193e-01  -1.8297261e-01   6.5794313e-02  -6.6176372e-02   2.4555340e-01  -1.9063758e-02  -8.9982259e-02   2.5015762e-01  -2.9035592e-02   3.0522684e-02  -1.7175293e-01  -1.9899802e-01  -1.7262789e-01  -1.4072040e-01   5.1158887e-01   6.5900512e-01  -1.0343886e-01   6.4059429e-02   1.1217516e-02  -1.5109165e-01  -1.7908701e-01  -8.8814701e-02   1.4996585e-01  -2.5482956e-02  -1.2660556e-01   1.0083261e-01  -1.9511174e-01   5.8613760e-01   5.0014502e-02   6.2842626e-02   5.5920976e-01   6.8293677e-01  -1.1566585e-01   5.1578803e-01  -3.0213846e-01  -5.5317189e-02  -7.2891739e-02  -2.3327094e-02  -1.1335261e-01  -5.9390079e-02   1.1684091e-01  -6.1774312e-02  -2.7647528e-02   5.9802196e-01   1.3646457e-01   2.4597223e-02   5.2609778e-01  -1.7895488e-01  -1.9099209e-02   5.8849175e-02   3.6935986e-02  -5.4510277e-02
   2.9689774e-02   0.0000000e+00   4.1006198e-01  -5.1970581e-01   6.4161693e-01  -2.9320472e-01  -4.1475469e-01  -8.0029544e-02   2.5002629e-01   1.2607929e-01  -3.9562299e-01   1.1575238e-01  -8.7390911e-02  -5.6715287e-01  -2.2918917e-01   5.1837481e-02   7.2941476e-01  -5.6418468e-01  -1.5086837e-01   5.1125938e-01  -6.1203963e-01  -6.1335765e-01  -5.9972296e-01   2.5547769e-01   6.7060131e-02  -3.0608473e-01   2.3862894e-01  -4.8905022e-01   2.1737716e-01  -4.2808459e-01   2.0573095e-01  -3.0214961e-01   1.7628542e-01   4.1012067e-01   3.1670359e-01   1.8432177e-01   3.3549997e-01   3.0679410e-01   7.7517770e-02   6.0275168e-01  -6.7906899e-03   4.0151343e-01   3.7922832e-01  -3.1784639e-01  -3.6268285e-01  -6.2641154e-02  -2.2883284e-01   3.8497129e-01  -3.8112373e-01   6.3183989e-01  -5.6507557e-01  -3.3286336e-01   6.5709994e-01   4.6809211e-01  -1.8878513e-01  -3.4935776e-01  -1.8879220e-01  -4.0941350e-01  -3.1724758e-01  -4.9433071e-01   2.5275879e-01   1.7926265e-01   5.0157666e-01   4.5312379e-01   9.7539531e-02  -2.7615908e-02  -2.4377199e-01   2.1135392e-01  -4.6213784e-01   5.9421072e-02   5.9859881e-01  -6.3931249e-01   1.0506605e-01   5.2868785e-01   2.6143916e-01  -2.9933275e-01   2.3252733e-01  -2.3747572e-01   5.8022372e-01  -1.3543347e-01  -5.8530540e-01   1.1713140e-03   2.4556551e-01  -2.5921459e-01   3.6496317e-01  -4.5712618e-01   3.2561462e-01   8.0566654e-05   6.0068862e-01  -1.0349804e-01   5.4806814e-01   5.0692018e-01   5.4961590e-01  -3.8653397e-02   2.8014793e-01   6.3914383e-01  -6.2387410e-02   5.1646929e-02   2.7974219e-02  -2.7356315e-01  -1.6257328e-01  -1.8775864e-01  -5.7852720e-01  -1.9159122e-02  -6.1278384e-01  -2.4291828e-01   4.4640461e-01  -2.9525252e-01   3.0828359e-02   2.9382877e-02   2.8623485e-01  -6.0257574e-01  -4.3638293e-01   2.8442824e-02  -2.8256323e-01   5.8808466e-01  -3.2235666e-01   6.0726074e-02  -2.0265475e-01  -5.8975717e-01   2.5509497e-01   5.0525826e-01   5.7206595e-01   2.9158180e-01  -9.7574935e-02  -1.1743296e-01  -5.4990228e-01   2.1826632e-01  -3.7025123e-01   5.1650745e-01   6.6332185e-02   8.0698776e-02   5.6846872e-01   4.6040591e-01  -2.5587975e-01  -1.6339257e-01   2.5872639e-03  -2.9452106e-01  -2.9551202e-01   8.7005677e-02   1.3970975e-01  -1.3832362e-01  -2.7892342e-01  -2.7079954e-01  -1.7364260e-01  -3.6632166e-01   3.5866529e-01   3.5498650e-01  -4.0843760e-01  -1.7457819e-01   2.8763668e-01  -4.2217670e-01   4.3738122e-01   4.0585699e-01   6.4523263e-01   2.5109527e-01   1.9409576e-01  -2.4312793e-01   5.0279205e-01  -4.5030284e-01   4.7724151e-02  -1.1263746e-01   1.7411278e-01  -6.6577962e-01  -2.8660248e-01   4.9378064e-01   2.0132562e-01  -3.1316521e-01   1.8646510e-01   6.7644191e-01   5.5214175e-01   3.9841968e-01  -3.9433529e-01  -6.3459496e-03  -3.2783883e-03   2.5171208e-01  -3.0525709e-01
   5.8099941e-02   4.1006198e-01   0.0000000e+00  -1.7049037e-01   1.5472496e-01   3.3460899e-01  -5.9537993e-02  -5.5462812e-02  -2.3284114e-01   4.2231112e-01  -1.9561680e-01   6.5647446e-01  -2.6251631e-02  -3.4493511e-01   2.5177666e-01   1.0666015e-02   6.4423482e-01  -1.9001103e-01   1.0626314e-01   4.0102174e-01  -4.3220417e-01  -3.9361854e-01  -3.0818243e-01  -4.0994192e-02   9.2256358e-02  -1.4248400e-01   2.3310959e-01  -1.5808026e-01   1.9286433e-01  -1.3522913e-01  -1.9857218e-01  -5.3319393e-02  -1.9707248e-01   5.5099473e-01   3.8650340e-01  -4.3818275e-02  -2.3989009e-01   3.9190856e-02  -2.3179947e-01   4.6589294e-01  -1.8827958e-01   1.7999456e-01   6.7552313e-01  -2.7414516e-01  -1.1751963e-01   4.8418768e-02  -1.9827380e-02  -5.0640772e-02  -5.0389977e-01   4.4043536e-01  -1.4197258e-01  -2.2021711e-01  -6.0312251e-02   3.2889154e-01  -1.5459632e-01   2.1282313e-02  -7.3992749e-02  -2.2371877e-01  -9.9573420e-02  -2.2760386e-01   4.9604423e-02   1.7916359e-01  -3.2731872e-02  -1.9150003e-01  -5.0252368e-01   2.7719545e-01   2.3594962e-01   9.9159472e-02  -2.1774908e-01   5.9807594e-01   5.0252405e-02  -2.4445664e-01  -8.9723346e-02   6.7201417e-01   1.1595921e-01  -1.3761600e-01   3.5932697e-02  -3.0880354e-02   1.5509598e-01  -3.0243889e-01  -2.2255694e-01  -2.2287384e-01   2.5783482e-01  -1.5388427e-01   4.1241044e-01  -2.7731950e-01  -2.4310542e-01   1.9543453e-01   1.0932768e-01  -4.7364191e-02  -1.4658378e-01   4.2070554e-01   5.0801703e-01  -4.7425091e-02   3.4861426e-02   1.8162517e-01  -2.4979658e-03  -7.2800738e-02  -1.8165442e-01  -1.9472601e-01   1.3206851e-01   3.7912647e-01  -4.9178622e-01  -2.7933512e-01  -2.2847494e-01  -1.2330024e-01   3.3700987e-01  -1.7835628e-01   1.8440458e-01   1.5265336e-01   3.9581860e-01  -2.8372660e-01  -1.9959068e-01  -7.4184280e-02   1.6557039e-02  -9.6738264e-02  -1.2349726e-01  -1.4439125e-02   2.5757296e-01  -2.6564434e-01   2.2355327e-02   3.9460687e-01   3.6502822e-01  -3.7543805e-01  -1.0520301e-01   4.6016322e-01  -1.2938560e-01   1.5187839e-01  -1.2369774e-01   6.9473604e-01  -5.9540719e-02  -2.9286933e-01   7.7894901e-02  -1.7076794e-01  -6.6793198e-02  -1.2728834e-02  -8.6388830e-02  -2.6355101e-01  -5.6028957e-02  -1.2961456e-01   1.4656271e-02  -5.5537885e-02  -1.4174154e-01   2.6473575e-01   3.0068794e-02  -5.5291767e-01   6.1716606e-01   1.0179958e-01   9.6554950e-02  -4.9194648e-01   6.0725144e-01  -3.6521023e-01   2.7645272e-01  -1.5181108e-01   8.1399008e-01   2.1872525e-02   1.1964448e-03  -1.8896913e-01   3.2585072e-01  -3.9152358e-01   2.1848532e-01   6.2269896e-02  -3.3883187e-01  -5.0006880e-01  -1.4066217e-01   2.4279317e-01   4.4473934e-01   8.8326800e-02   1.9035669e-01   8.5295527e-02   3.6670009e-01  -2.0404765e-02  -4.2961486e-01   5.3219452e-01   8.6984432e-02   2.7539405e-01  -8.7855915e-02
  -2.0437057e-01  -5.1970581e-01  -1.7049037e-01   0.0000000e+00  -4.3352413e-01   3.4271272e-01   3.0555870e-01   3.1360309e-02  -9.1211069e-02  -1.7360192e-01   3.1909143e-01  -1.2534618e-01  -6.6271681e-02   3.8040443e-01   1.6567045e-01   1.5137213e-01  -4.0943326e-01   4.8817648e-01   1.9928595e-01  -2.7631943e-01   3.9903185e-01   5.8679834e-01   5.5527265e-01  -3.5743175e-01  -8.7300412e-02   2.4495303e-01  -1.0564934e-01   4.6179216e-01  -9.6559789e-02   5.0419897e-01  -1.7037417e-01   5.6581243e-01  -6.0818137e-02  -4.6692108e-01  -3.1660803e-01  -1.1098552e-01  -3.4294850e-01  -3.3426351e-01  -1.1971214e-02  -3.7421027e-01   1.0247964e-01  -1.8646965e-01  -1.3864539e-01   1.0938229e-01   2.8023249e-01  -1.8141795e-01   2.6527431e-01  -2.5881205e-01   2.2253324e-01  -4.4958538e-01   6.6975154e-01   2.9983613e-01  -5.1326562e-01  -1.6267261e-01   1.7052967e-01   3.2883332e-01   4.6555989e-02   6.3376384e-01   5.1913838e-01   5.2523347e-01  -3.6627216e-01  -2.7067162e-02  -1.6554168e-01  -3.4018688e-01  -5.4228690e-02   4.2681033e-03   2.3375992e-01  -7.2469337e-02   5.6686538e-01  -1.2760634e-02  -4.2972391e-01   7.6092689e-01  -2.5200317e-01  -4.4022762e-01  -1.4179945e-01   3.5113781e-01  -3.3020950e-01   3.2974243e-01  -4.5309598e-01   3.4494534e-01   5.5789385e-01  -1.7268649e-01  -2.6871276e-01   2.5905060e-01  -2.2614844e-01   5.6486681e-01  -3.3612457e-01   3.1346157e-02  -3.0937468e-01  -4.6108317e-02  -4.2866874e-01  -4.1809539e-01  -5.4161827e-01   1.7390293e-01  -4.3557809e-01  -4.3449955e-01   2.2230746e-01   2.3379687e-02   1.7582511e-01   2.1199232e-01   1.6785445e-01   2.4384474e-01   5.0221367e-01   1.3214936e-01   7.4095095e-01   5.2270973e-01  -1.6557826e-01   4.1844270e-01  -8.7929604e-02  -1.8049165e-01  -3.0645145e-01   7.1226223e-01   7.6802627e-01  -3.5589216e-01   3.3217934e-01  -4.4504074e-01   3.6663926e-01  -1.0239755e-01   4.5762031e-02   8.3077431e-01  -3.2984880e-01  -4.2733001e-01  -3.3754412e-01  -2.3945497e-01  -5.9677872e-02   1.3155134e-01   5.8706836e-01  -1.7694798e-01   5.9420554e-01  -4.0818668e-01  -2.6922176e-03  -7.6403416e-02  -4.3080515e-01  -3.8813307e-01   5.4002143e-01   2.9758719e-01   2.2185350e-01   3.1811064e-01   4.2664899e-01  -2.3877632e-01  -2.3456112e-01   2.6908645e-02   2.4388987e-01   1.3065246e-01   1.1721243e-01   3.7414367e-01  -2.9689629e-01  -2.7325947e-01   3.1435489e-01   5.2827268e-02  -1.8674458e-01   2.7079576e-01  -5.0311307e-01  -3.4913390e-01  -4.0928678e-01  -4.5719427e-01  -3.5935000e-01   3.8314645e-01  -3.9514721e-01   5.0866178e-01   2.1950975e-01   2.6754315e-01  -2.9348206e-01   6.4298026e-01   5.1796689e-01  -5.1402907e-01  -2.8052053e-01   2.1689630e-01  -1.1792171e-01  -5.5783816e-01  -5.0476010e-01  -4.0391768e-01   3.7741940e-01  -5.2942573e-02   1.6916136e-02   3.0936315e-02   5.1555451e-01
   1.0294449e-01   6.4161693e-01   1.5472496e-01  -4.3352413e-01   0.0000000e+00  -2.5373998e-01  -4.0386097e-01   2.4225584e-02   2.4072786e-01   5.8163871e-02  -3.5787881e-01   1.1889437e-02  -7.6982913e-03  -5.4477195e-01  -9.9973460e-02   1.6711604e-01   4.9254088e-01  -4.0862004e-01  -2.5853972e-01   8.0106560e-01  -5.5939044e-01  -5.4105929e-01  -5.5459333e-01   2.0728418e-01   1.1832475e-02  -1.4367103e-01   3.7275352e-01  -5.7566896e-01   2.3361323e-01  -5.0615398e-01   1.9548411e-01  -2.3169241e-01   1.1677977e-01   2.7273883e-01   3.8216796e-01   5.2401646e-01   4.0061222e-01   4.6021910e-01   1.0413382e-01   3.8825484e-01   1.1035853e-01   2.6717881e-01   2.1773708e-01  -2.3812352e-01  -1.3803271e-01   1.3755216e-02  -4.1261726e-02   2.4827791e-01  -1.3890310e-01   5.0958858e-01  -5.2022910e-01  -2.2476950e-01   5.4317943e-01   5.1698789e-01  -3.2832689e-01  -4.4702494e-01  -1.9514570e-01  -3.8542228e-01  -1.3505092e-01  -4.2037213e-01   3.4115735e-01   3.5240257e-01   4.0755127e-01   3.3578598e-01   1.8321084e-01   9.2956954e-02  -1.7549967e-01   4.3676032e-01  -4.1337511e-01  -2.5341641e-01   3.8891889e-01  -4.7031708e-01   1.9997436e-01   3.8251966e-01   2.8190380e-01  -2.2703105e-01   3.7791092e-01  -2.3268946e-03   8.0674477e-01   5.4855870e-02  -5.4286326e-01  -8.9645481e-02  -8.2493793e-03  -7.0836369e-02   3.4399524e-02  -3.3015293e-01   3.0736602e-01  -8.3856019e-02   6.0193350e-01  -3.2711356e-02   6.5286537e-01   4.4031832e-01   4.7539634e-01   1.7141970e-02   3.9645461e-01   8.7214658e-01   1.4865961e-01   4.1828706e-02   3.6809269e-01  -3.1671775e-01  -4.7619366e-01  -3.4082964e-01  -5.0987570e-01   6.1417956e-03  -5.6762481e-01  -2.3003260e-01   5.1027515e-01  -1.9473930e-01   1.5804612e-01   2.6718901e-02  -2.9442890e-02  -5.5257960e-01  -3.0144907e-01   2.4523281e-01  -4.4977903e-01   7.3272435e-01  -2.9201034e-01   1.4661462e-01  -4.0564885e-01  -4.6709997e-01   2.8553954e-01   6.0741543e-01   4.5270260e-01   4.1805351e-01  -1.5853520e-02  -2.5535878e-01  -5.1346657e-01   4.3032092e-01  -2.8659551e-01   1.9516739e-01   1.7460703e-01  -7.9197498e-02   4.3167807e-01   4.0516972e-01  -3.1181688e-01  -3.6588773e-02   1.4459768e-01  -5.0031329e-01  -1.1207370e-01   1.4690658e-01   1.6008480e-01  -4.6350807e-02  -8.0655099e-03  -4.1405740e-01  -1.1161859e-01  -2.7040020e-01   4.2386852e-02   5.5504207e-01  -3.7629006e-01  -2.1537796e-01  -6.1657697e-02  -3.5075801e-01   4.4901193e-01   3.0811669e-01   3.9615244e-01   2.8744268e-01   3.5234414e-01  -5.8322140e-02   4.6541788e-01  -3.3115583e-01   2.4170934e-01  -5.4678526e-02   2.5894238e-01  -6.0783721e-01  -2.1501953e-01   5.4525902e-01   2.0684195e-01  -3.5152759e-01   2.9659495e-01   6.9116131e-01   6.6295775e-01   3.9564552e-01  -1.9514779e-01  -1.3431445e-01  -8.5108445e-02   1.8874345e-01  -2.1072582e-01
  -2.7467702e-02  -2.9320472e-01   3.3460899e-01   3.4271272e-01  -2.5373998e-01   0.0000000e+00   3.4604811e-01   9.1763791e-02  -3.6342168e-01   1.0069516e-01   2.6284388e-01   5.2823068e-01  -7.0470500e-02   3.5554371e-01   5.6154342e-01   4.4402332e-02  -1.6727150e-01   4.1576111e-01   4.1459891e-01  -2.7854238e-02   1.6121671e-01   1.7405971e-01   3.2013359e-01  -3.1103245e-01  -1.4807597e-01   3.8759079e-01   1.1654842e-01   4.3095559e-01  -5.7891056e-02   5.3959751e-01  -3.9263294e-01   2.9190421e-01  -2.9435933e-01   2.7756653e-02   9.8005741e-02  -7.6945591e-02  -4.4000255e-01  -3.0144891e-01  -2.0282971e-01  -2.4658260e-01  -1.2995848e-01  -4.8571203e-02   2.9180695e-01   1.6131275e-01   1.4753426e-01  -9.7669519e-03   4.0370037e-01  -2.4016532e-01  -1.2886595e-01  -2.8028481e-01   5.6124967e-01   3.1410035e-01  -4.8638747e-01  -8.7369167e-02   1.3108691e-01   5.6053154e-01   2.6110064e-01   1.8955877e-01   4.0629008e-01   2.8111439e-01  -2.6494678e-01  -2.5673826e-02  -3.5985016e-01  -4.3088442e-01  -3.4155509e-01   3.6617419e-01   7.3762477e-01  -1.7275825e-01   4.8765500e-01   4.8983098e-01  -5.2594365e-01   4.3698792e-01  -3.1349750e-01   8.4174051e-02  -1.2056841e-01   8.7271229e-02  -3.2093734e-01   2.6060660e-01  -2.8443784e-01  -7.5933441e-02   4.6128996e-01  -2.5528283e-01   1.3907261e-01   2.8505435e-01   1.2471728e-02   2.5080373e-01  -4.5500849e-01   3.0846365e-01  -2.6659964e-01   1.9545466e-01  -5.0944612e-01  -1.5741312e-01  -1.2797390e-01  -2.9317023e-02  -2.7561101e-01  -2.8726015e-01   4.6425142e-02   1.1235618e-01  -5.5271381e-02  -9.6568295e-02   3.0612390e-01   5.9408899e-01   6.0598082e-02  -1.8790186e-01   4.4936759e-01   1.5453633e-01   5.0433412e-03   3.2820716e-01   2.8310018e-01   3.2145023e-01  -5.2782718e-02   4.0910811e-01   3.0569768e-01  -1.2687186e-01   2.0336923e-01  -5.7656601e-01   3.7550695e-01  -1.0967902e-01   5.2071458e-01   3.5703365e-01  -2.3704480e-01  -1.4009806e-01  -3.4648639e-02  -5.0756918e-01  -7.9031742e-02   5.1765100e-01   4.9422630e-01  -1.3545987e-01   1.5112276e-01   1.3433549e-01  -1.5813942e-01  -3.5051301e-01  -4.3667918e-01  -4.9183387e-01   1.6338445e-01   1.6718724e-01   5.4354651e-02   7.5760985e-02   3.2826030e-01  -1.7306037e-01  -5.2969841e-02  -1.2197791e-01   2.7951113e-01   6.8749814e-01   5.6792137e-02  -2.4410651e-01   5.2577438e-02   1.9572075e-02   6.7423143e-01  -3.2456314e-01   2.8275349e-01   5.3580245e-02  -1.9857470e-01  -4.6530682e-01   1.9033275e-01  -3.5031323e-01  -1.0040941e-01   2.6780282e-01  -2.1448454e-01   1.7494003e-01   1.7027530e-01   3.3220134e-01  -3.4811557e-01   2.0543272e-01   2.0464312e-01  -3.3984227e-01   2.7144543e-01   4.6481370e-01   4.2951695e-02  -4.9515622e-01  -1.0140369e-01  -4.2523992e-01   3.8164943e-03   7.5114738e-01   1.4623416e-01  -6.7189102e-02   1.9932210e-01
  -1.8282103e-01  -4.1475469e-01  -5.9537993e-02   3.0555870e-01  -4.0386097e-01   3.4604811e-01   0.0000000e+00  -2.9400187e-02  -2.0183419e-01   2.4294971e-01   1.9149203e-01   4.0808179e-01   2.6870566e-02   3.7356165e-01   2.9688976e-01  -2.1212973e-01  -4.9854388e-01   5.0467097e-01   1.4934772e-01  -1.7359054e-01   5.1856646e-01   4.0781780e-01   6.9231181e-01  -4.0762493e-01  -4.6720204e-02   1.3602933e-01  -7.3136430e-02   4.1235605e-01  -1.0957978e-01   6.1476942e-01  -2.9995017e-01   8.2753159e-02  -3.7673472e-01   3.5979097e-02  -2.0904587e-01   7.6717543e-02  -3.6584415e-02  -2.9516026e-01  -2.0160414e-01  -2.5294644e-01  -1.3711167e-01  -2.9463706e-01  -7.8896790e-02   1.1478947e-01   3.9991014e-01   4.1503029e-02   3.5028784e-01   2.2065858e-01  -4.4288501e-02  -4.5956353e-01   5.4646814e-01   2.7009910e-02  -2.7832610e-01  -4.3388572e-01   4.3020358e-02   5.5096567e-01   1.4083986e-01   2.5761692e-01   3.5684002e-02   4.1886944e-01  -3.3942976e-01  -2.4351011e-01  -4.2692627e-01  -3.1228165e-01  -2.0363302e-01   4.6496269e-01   2.1490338e-01  -1.8986150e-01   2.4863447e-01   1.1608715e-01  -3.0606654e-01   4.6394294e-01  -2.5935754e-01  -3.6451283e-01  -1.7090644e-01   3.9360696e-02  -2.2471956e-01   1.1220971e-01  -4.0213737e-01  -2.4307095e-01   5.5765226e-01  -7.2091497e-02   2.7969964e-02   1.4499966e-01  -4.5808117e-01   3.1830098e-01  -2.8864822e-01  -9.6448924e-02  -4.9878628e-01  -4.0663309e-02  -4.1922999e-01  -4.2949183e-01  -1.3204243e-01  -1.2521579e-01  -3.3095365e-01  -3.6615515e-01   8.6863121e-02  -4.2286840e-02  -1.3335930e-01   5.7713449e-01   2.2860307e-01   4.3034039e-01   3.5972987e-01  -8.1664056e-02   5.1788235e-01   1.5282964e-02  -2.7639521e-01   1.0716029e-01   2.9147401e-01   2.9795791e-01   1.3305831e-01   4.7943891e-01   1.3196603e-01  -1.6505724e-01   3.2008941e-01  -4.3308366e-01   1.8146258e-01  -8.7923913e-02   1.4604655e-01   3.7932118e-01  -3.2101381e-01  -3.5854137e-01  -3.6132306e-01  -3.4298977e-01  -3.5952447e-02   2.6829245e-01   6.1735994e-01  -2.9400927e-01   1.5002184e-01  -3.3196069e-01  -2.3792777e-01  -6.7078756e-02  -5.0342008e-01  -3.1193439e-01   1.4988648e-01  -3.1913581e-02  -2.3419070e-01   2.6681217e-01   1.4115653e-01  -2.3827715e-01  -2.2102982e-01  -3.1264813e-02   2.4872009e-01   1.8020156e-01   3.7446725e-01   3.4895439e-01   2.8646208e-01  -7.6192976e-02   6.7066221e-01   3.1787579e-01  -1.6056437e-01   3.4497603e-01  -3.8718457e-01  -3.9968535e-01  -1.6591463e-01  -4.1096396e-01  -2.3627305e-01   5.3974062e-02  -5.3684275e-01   2.8622298e-01  -1.9478381e-02   1.6127518e-01  -1.1861883e-01   5.2581803e-01   1.4814462e-02  -2.1187145e-01   1.6003920e-01   2.1663942e-01  -3.3472627e-01  -4.7157420e-01  -2.2936726e-01  -4.2705951e-01   2.3357533e-01   1.4549814e-01   2.6715718e-02  -1.3612688e-01   2.0708087e-01
  -1.6747511e-01  -8.0029544e-02  -5.5462812e-02   3.1360309e-02   2.4225584e-02   9.1763791e-02  -2.9400187e-02   0.0000000e+00  -5.7721678e-02  -3.8644400e-02   1.9907729e-01  -7.0194506e-02  -1.5385955e-01   8.8563762e-02   3.2737050e-02   1.9509323e-01  -1.1327996e-01   1.2727181e-03   1.5181933e-01  -1.0179881e-01   4.6315862e-02   2.5334325e-01   1.1560493e-01   4.5860161e-03  -2.7921342e-01   5.5268646e-01  -2.1368767e-03   1.3232099e-01  -1.4926658e-01  -2.2058794e-02  -3.5503317e-02   2.9267030e-01   2.8423328e-02  -1.3243560e-01   2.0375252e-02  -3.5783166e-02   5.0817361e-02   2.6370986e-02   1.5099566e-01  -1.4040380e-01   1.7840229e-01  -1.8423287e-01  -7.3814890e-02   6.7869798e-01  -3.7099397e-02  -3.2576866e-01   2.3378558e-01  -1.1567049e-01  -2.2914869e-02  -9.3145784e-02   5.7248845e-02   7.4952548e-01  -5.3906029e-02  -2.6612692e-01  -1.4215640e-01   2.6677288e-01   2.4175993e-01   1.6078663e-01   2.9557778e-01   1.7411103e-01  -1.7867831e-01  -4.9633774e-03  -1.8609294e-01   1.1144167e-01  -1.4292699e-01  -7.5243719e-03   3.5212860e-01  -1.8158728e-01   3.3822019e-01  -5.7226213e-02  -4.1967890e-02   9.8915158e-05  -3.0716296e-03  -9.1116640e-02   7.8953602e-02   3.2618667e-01  -1.3539394e-01   3.2662546e-01  -1.0787005e-01   3.9680893e-02   2.3226605e-01   8.6422904e-02   7.9422103e-02   5.5760424e-01  -7.8647373e-02   2.5685956e-01  -7.3478226e-02   6.7398689e-02  -2.1266476e-02  -6.1090394e-02  -1.3619017e-01  -2.3179165e-01  -8.1522834e-02   3.0012132e-03  -2.1004477e-02  -7.8788185e-02   3.5062192e-02  -8.5555376e-03  -1.4937311e-01   5.9278925e-02  -3.0872959e-02   5.0941596e-03   1.8634453e-01  -5.2637421e-02   2.8241511e-02   2.9287504e-01  -4.1826972e-02   2.9920267e-01  -1.6558041e-02  -1.1558241e-01  -3.9993089e-02   1.3419905e-01  -1.1399217e-01  -1.8524031e-01   9.7803776e-02  -1.5598017e-01   5.2509715e-01   7.3765842e-02   9.2952366e-02   8.2194765e-02  -1.6181093e-01  -1.3573541e-01  -2.9726347e-03  -1.0000743e-01  -3.1695995e-01   5.0436836e-02   2.3518969e-02  -2.2399031e-01   1.6911353e-01  -1.3287533e-01  -1.7194070e-01  -1.0189065e-01  -8.6107319e-02  -3.9768556e-02   2.5662311e-02   6.3787439e-01   7.1941061e-02   2.0830136e-02   3.3003973e-01  -3.0252206e-02  -1.1631890e-01  -1.7323157e-01   1.3701235e-01   1.0328477e-01   3.2809496e-02   5.7603622e-02  -8.9484905e-02  -5.3760362e-02   2.4469358e-02   3.1877115e-02  -4.7694833e-02   3.9066734e-01  -2.3722059e-01  -7.2630081e-02  -4.9322116e-02  -1.0457329e-01  -7.3922488e-02   3.3903802e-01  -2.1718872e-01   3.0452531e-01  -1.0821826e-01   2.3154650e-01   3.1002176e-02   3.5649290e-02   2.9802507e-01  -1.4426609e-01  -1.4166655e-03   1.6596917e-01  -2.3565158e-01  -1.2068991e-02  -7.6776024e-02   8.3513796e-02  -2.3491078e-01  -9.8347005e-03   2.4519657e-01  -2.4897031e-01   3.2666203e-01
   2.9481681e-02   2.5002629e-01  -2.3284114e-01  -9.1211069e-02   2.4072786e-01  -3.6342168e-01  -2.0183419e-01  -5.7721678e-02   0.0000000e+00  -2.9915649e-01  -1.0372851e-01  -4.4921289e-01  -1.9811629e-01  -8.7729140e-02  -2.7695289e-01   1.7851898e-01   2.9250906e-02  -1.2508007e-01  -8.2632544e-02   1.0011101e-01   8.2592074e-02  -1.7282317e-01  -1.8642575e-01   1.2969131e-01   3.5898218e-02   2.8852409e-02   1.3864517e-01  -2.7203987e-01  -2.5687554e-02  -1.7598095e-01   6.8550875e-01  -1.2592745e-01   1.8740363e-01  -9.6559668e-02   2.6328045e-01   3.5511189e-01   5.8714996e-01   2.5509565e-01   3.2167714e-01   2.3594883e-01   2.5064495e-01   2.0094828e-01  -1.6064474e-01  -9.8249505e-02  -1.6100332e-01  -4.4961563e-02   7.8871360e-02   4.3734009e-01   9.2766624e-04   4.7834015e-02  -2.4153799e-01  -1.5071021e-01   5.6564572e-01   9.2792315e-02   4.0534578e-02  -2.8364409e-01  -8.6262899e-02   5.4776838e-02  -7.5339346e-02   7.9076174e-02   1.2547717e-01  -6.9971014e-02   5.1645342e-01   5.8432537e-01   6.8289317e-01  -1.8693149e-01  -1.9559085e-01   1.9371286e-01  -1.1681862e-01  -3.6970008e-01   5.1726560e-01  -1.5288823e-01   3.1051070e-01  -1.9032002e-01   2.8173742e-02  -1.0352951e-01   1.9628208e-01   6.1736610e-03   1.9225982e-01   2.2185463e-01  -1.8779294e-01  -5.7038271e-02  -4.8039437e-02   3.0030251e-02  -1.2165181e-02  -1.1934823e-01   7.6837051e-01   3.2836241e-02   5.1644485e-01  -2.1925989e-03   6.0206666e-01   7.5000887e-02   3.6908302e-02   4.0512796e-01   6.7930253e-02   2.3530719e-01  -7.6439567e-02  -1.2378814e-01   2.3241507e-01   1.1093689e-02  -2.0969206e-01  -3.7812784e-01   5.4263130e-02   6.6984305e-01  -2.4328126e-01  -2.2005644e-02   1.6426378e-02  -6.0617244e-02  -2.0181227e-01  -3.2411560e-02  -2.4786769e-02  -1.9797111e-01   6.9472575e-02   8.4824529e-02  -1.9616754e-01   6.1414729e-01  -1.6035761e-01   1.1045792e-01  -3.9118304e-01  -1.7789031e-01   1.7656419e-01  -7.5156447e-02   9.6738930e-02   6.3598771e-01   1.6480605e-01  -2.8264197e-01  -2.8538340e-01  -7.5342101e-04  -4.1980967e-02  -2.3062084e-01  -1.1471365e-02   3.1323829e-01   4.4297706e-01   5.5649799e-01   2.1500569e-01  -5.9658842e-02   6.3295402e-02   1.5734981e-01   2.9595708e-02   5.7782291e-02   1.3028370e-01  -2.0962049e-01  -5.8985018e-02  -3.8482372e-01  -1.0588396e-01   3.3467517e-01  -1.4727260e-01   3.7034276e-01  -3.1458115e-01   4.5791237e-01  -2.7767366e-01   1.5535077e-02   1.1536110e-01   6.9856018e-01  -5.1590129e-02   8.5042943e-02   2.2821251e-01   5.9900652e-02   6.1231034e-02  -8.3966062e-02   1.8071305e-02  -9.9912330e-02   5.5145878e-01   1.4054560e-03   9.9565895e-02   1.9436251e-01  -2.7760195e-01  -3.4104521e-01   1.0812097e-01   4.6903955e-01   1.0665504e-01   1.7821195e-01   2.5395518e-01  -2.9771347e-01  -3.2572844e-01   7.2357648e-02  -1.2591043e-02
   4.5415943e-02   1.2607929e-01   4.2231112e-01  -1.7360192e-01   5.8163871e-02   1.0069516e-01   2.4294971e-01  -3.8644400e-02  -2.9915649e-01   0.0000000e+00  -1.2631113e-01   4.6922196e-01  -1.5498440e-03  -2.0806822e-01   2.9054463e-01  -2.5672573e-01   2.2319480e-01  -1.7713331e-01  -1.2325635e-02   2.9536619e-01  -1.4593755e-01  -2.7110679e-01   4.0748382e-02  -2.8516564e-02   7.1918157e-03  -1.8258422e-01  -3.4570738e-02  -1.0775873e-01   3.2974255e-01  -6.9867529e-02  -2.2847417e-01  -3.4239728e-01  -2.5883334e-01   6.1779113e-01   7.7763705e-02   1.1411087e-01   2.3722848e-02  -7.1492852e-02  -3.4458100e-01   2.1511401e-01  -3.8880343e-01  -6.1486019e-02   4.0610219e-01  -1.3889842e-01   1.8578198e-01   9.5602796e-02  -5.8869972e-02   4.0499675e-02  -1.5535002e-01   2.6833179e-01  -1.3076218e-01  -2.2363037e-01  -4.6118770e-02  -4.0241653e-02  -6.6011318e-02   1.5329663e-01  -1.5969096e-01  -3.2680611e-01  -2.4729607e-01  -2.7667357e-01   7.1295964e-02   1.4108596e-01  -1.7965015e-01  -8.2927864e-02  -3.3116761e-01   4.8882010e-01   7.1275517e-02  -8.2231675e-03  -3.4201111e-01   3.3607819e-01  -1.8166785e-02  -2.8944771e-01  -2.8434283e-01   3.6318004e-01   5.3531742e-02  -2.3126413e-01   6.2057395e-02  -1.7359828e-01   1.3517398e-01  -2.5596525e-01  -1.6797412e-01  -2.0034252e-01   3.1060437e-01  -2.0651745e-01   8.4266895e-02  -2.5558973e-01  -2.3073697e-01  -8.2726028e-02  -6.3455811e-02  -1.0629350e-01  -1.2668815e-01   2.0094489e-01   4.4513394e-01  -2.8352416e-01   9.8607409e-02   1.2870084e-01   9.3219912e-02  -1.8129814e-01  -2.4488850e-01   2.2924777e-01   1.2313763e-01   3.5475692e-01  -2.2841153e-01  -3.0210440e-01  -1.9969527e-01  -2.8127429e-01   7.9075474e-02  -3.8320596e-01   1.3590242e-01   2.2280518e-01   4.7566125e-01  -3.0378133e-01  -3.3203869e-01   4.5910855e-02   1.2067484e-01  -8.1577478e-02  -1.2754072e-01  -1.5224616e-01   1.6481011e-01  -2.6974123e-01  -4.9109448e-02   3.3979555e-01   3.5737489e-02  -1.7415665e-01  -4.6903693e-03   2.4984252e-01   1.3333085e-01   2.4812943e-02  -2.5751833e-01   3.2230629e-01  -2.6278632e-01  -7.4946627e-02  -9.2412870e-02  -8.7881867e-02  -1.9681438e-01  -2.0848644e-01  -2.2971428e-01  -1.6029751e-01  -2.2542455e-01  -4.4449406e-02  -8.7102218e-02  -1.2363076e-01  -1.7232619e-01   6.2866708e-02   2.6887216e-01  -2.3683601e-01   5.4207452e-01  -3.4967804e-02   1.6254011e-01  -9.2196205e-02   3.4870355e-01  -1.7545506e-01   6.7209321e-02  -1.0460158e-01   4.1037453e-01  -4.8195873e-02  -6.3275242e-02  -3.1060943e-01   1.6044190e-01  -3.0696651e-01   1.9351282e-01  -5.0785633e-02  -1.0828124e-01  -3.0032046e-01  -4.0909189e-01   3.0951187e-01   3.5516757e-01  -9.2954119e-02   5.6522271e-02  -2.0451869e-02   2.6446502e-01  -4.6233450e-02  -3.1259477e-01   2.3018762e-01   1.8476334e-01  -1.6036807e-02  -3.0645612e-01
  -3.7898132e-02  -3.9562299e-01  -1.9561680e-01   3.1909143e-01  -3.5787881e-01   2.6284388e-01   1.9149203e-01   1.9907729e-01  -1.0372851e-01  -1.2631113e-01   0.0000000e+00   2.8874161e-02   1.0348146e-01   3.5110814e-01   4.1865320e-01   1.1939270e-02  -4.5093962e-01   4.7984916e-01   9.3446304e-02  -3.3634354e-01   3.3977131e-01   2.6728590e-01   4.7501277e-01  -5.8262154e-02  -3.4605339e-01   2.9110213e-01  -1.6751857e-01   5.4586499e-01  -2.0579945e-01   4.7633159e-01  -3.4036677e-02   2.7188408e-01  -1.2049808e-03  -1.9653596e-01   4.1996185e-02   8.8161555e-02  -1.9325396e-01  -2.3307478e-01   5.3800514e-02  -4.5006784e-01   2.3981727e-01  -2.7446231e-01  -1.8550627e-02   1.3425613e-01   1.8229841e-01  -3.1269597e-02   4.8489001e-01  -2.7904503e-01   2.3160970e-02  -4.5470802e-01   5.5125155e-01   3.3052462e-01  -3.3619819e-01  -3.8362621e-01   1.7212412e-01   4.3244340e-01   9.9894791e-02   2.9184200e-01   5.0735389e-01   2.9792365e-01  -1.9366392e-01  -1.0767531e-01  -2.5066610e-01  -2.4377503e-02   5.6118214e-02   2.6611413e-01   1.4763165e-01  -3.5128254e-01   5.4944394e-01   1.6680570e-01  -4.5825608e-01   4.0793301e-01  -9.2480013e-02  -2.8360453e-01  -1.8344494e-01   1.6978740e-01  -3.1474674e-01   1.7251982e-02  -2.9503368e-01   2.1211606e-01   4.5725188e-01   3.0433481e-01  -1.3909949e-01   1.8186788e-01  -1.5776239e-01   5.0343218e-01  -1.6076602e-01   1.5137155e-01  -2.2237177e-01   1.2460538e-01  -3.6633867e-01  -3.5108008e-01  -4.0503367e-01   2.4352279e-01  -2.5352395e-01  -4.8286634e-01   3.5727328e-02  -6.3914930e-02   1.7272666e-02   1.5129305e-01   2.2305292e-01   3.6393656e-01   2.9679176e-01   1.0085154e-01   5.2661459e-01   2.4054373e-01  -3.3495342e-01   2.3770991e-01   2.2800677e-01  -2.2287604e-02  -8.1963885e-02   4.0953411e-01   2.1030256e-01  -3.9116034e-02   3.5867247e-01  -4.6654133e-01   4.3782598e-01   2.0390578e-01   1.4986768e-01   3.2536439e-01  -1.4288780e-01  -4.0028526e-01  -1.7034319e-01  -2.2402915e-01   4.2237635e-02   3.1684091e-01   3.9957896e-01  -3.9280998e-01   2.3842959e-01  -1.1496845e-01  -1.7052029e-01   3.9813027e-01  -2.7105112e-01  -3.1886218e-01   8.3659466e-02   2.5964725e-01   7.5087195e-02   2.3152893e-01   3.6559687e-01   1.3087639e-01  -1.1652659e-01  -8.4617868e-02   5.0088419e-01   3.2793453e-01   2.6254646e-01   1.6024793e-01  -2.0795246e-01  -1.5730624e-01   4.1264060e-01   3.0205021e-02  -4.0016712e-02   1.5823490e-01  -2.9848287e-01  -1.3317021e-02  -3.5651729e-01  -1.7843570e-01  -1.2545391e-01   5.0834137e-01  -3.4457996e-01   3.7176061e-01  -1.1198708e-01   1.9352862e-01   4.6775923e-02   4.3501169e-01   1.3300396e-01  -3.7410479e-01   1.8719556e-01   1.6254777e-01  -1.2474037e-01  -4.7405956e-01  -3.8068806e-01  -2.0865518e-02   2.5423790e-01   9.9144846e-02   1.6932480e-01  -3.5781552e-01   1.4401227e-01
  -6.7517515e-02   1.1575238e-01   6.5647446e-01  -1.2534618e-01   1.1889437e-02   5.2823068e-01   4.0808179e-01  -7.0194506e-02  -4.4921289e-01   4.6922196e-01   2.8874161e-02   0.0000000e+00   1.6031733e-01  -1.1505080e-01   6.1617619e-01  -1.9585445e-01   1.5214864e-01   1.5609589e-01   1.0737144e-01   3.1490174e-01  -1.8635775e-01  -2.5286765e-01  -3.9327568e-03  -2.1179045e-01   3.5970214e-03  -8.4924685e-02   1.2951366e-01   2.1552039e-02   1.2194894e-01   3.0325932e-01  -4.6258899e-01  -1.3968186e-01  -3.9621668e-01   5.6300616e-01   3.9089463e-01   3.3260195e-02  -2.8763257e-01  -1.5617618e-01  -3.3130294e-01   7.9826528e-02  -2.0581606e-01   4.1477649e-02   6.5815457e-01  -1.3401766e-01   2.3163522e-01   5.5263889e-02   9.9136934e-02   5.0003043e-02  -4.4033050e-01   9.7328023e-02   1.8422165e-01  -1.7107953e-01  -2.3522905e-01   9.3595424e-02  -1.2416847e-01   2.8013752e-01   5.7863195e-03  -2.4306545e-01  -7.5190092e-03  -7.2996339e-02  -1.2538224e-01   8.0593297e-02  -2.5296149e-01  -3.2996897e-01  -4.6413018e-01   5.8356705e-01   3.7617126e-01  -2.4603524e-02  -1.1632876e-01   5.6842038e-01  -2.8507460e-01   3.3624689e-02  -1.4729125e-01   4.9287426e-01  -7.3289120e-03  -2.6908269e-01  -8.9047275e-02   9.0133864e-03   1.0649362e-01  -3.4255962e-01  -1.1235239e-02  -8.1801863e-02   2.8695477e-01  -6.0110861e-02   8.2746232e-02  -1.9103581e-01  -4.1550719e-01   1.1931418e-01  -1.9451908e-01   4.8856795e-02  -3.6434536e-01   1.4347238e-01   3.2065387e-01  -3.7863691e-02  -1.3095227e-01  -1.7289849e-02   1.1559987e-01   1.4767508e-03  -1.7757836e-01  -7.7614109e-02   2.0982904e-01   6.1085454e-01  -3.5802885e-01  -3.3877534e-01   1.9976180e-02  -1.8981327e-01   1.1472464e-01  -1.3494678e-01   4.3225694e-01   3.6445473e-01   2.4683654e-01  -9.4198743e-02  -2.1215372e-01  -1.0697443e-01   2.5382949e-02  -3.5836652e-01  -3.1527858e-02  -2.7462999e-03   3.6862927e-01  -1.2048531e-01  -1.2309438e-01   3.1321793e-01   2.5323615e-01  -5.2231782e-01  -1.0349085e-01   6.3966610e-01   2.4712555e-01   1.6370818e-02  -1.7337114e-01   4.4117855e-01  -8.6720080e-02  -2.9752186e-01  -2.3403694e-01  -3.4605083e-01  -1.5727469e-01  -1.4610192e-01  -1.5120603e-01  -2.2643503e-01  -8.1104979e-02  -1.3678706e-01  -8.3172942e-02   7.9813058e-02   9.6374335e-02   4.4725325e-01   1.9859862e-01  -4.9574840e-01   6.0222669e-01   1.0389861e-01   4.7529773e-01  -4.1564502e-01   4.5671601e-01  -2.8760579e-01   1.1406293e-01  -4.0821037e-01   5.6181991e-01  -1.7161188e-01  -8.6040810e-02  -1.8531243e-02  -5.3859517e-02  -3.0168099e-01   2.3977856e-01   8.9782962e-02  -3.3197265e-01  -2.0103581e-01  -2.7469226e-01   1.6085744e-01   6.6201886e-01   2.1014351e-01  -8.4781938e-03  -2.3091520e-01   3.4089070e-01  -2.3615635e-01  -1.6477679e-01   6.3296127e-01   1.7232186e-01   9.6569223e-02  -6.3793893e-02
  -6.1099908e-02  -8.7390911e-02  -2.6251631e-02  -6.6271681e-02  -7.6982913e-03  -7.0470500e-02   2.6870566e-02  -1.5385955e-01  -1.9811629e-01  -1.5498440e-03   1.0348146e-01   1.6031733e-01   0.0000000e+00  -1.7121618e-01   5.1728445e-02  -7.0942440e-02  -8.3576126e-02   9.3699029e-02  -1.3976384e-01   4.4702975e-02  -1.6862817e-01  -1.5468133e-01  -6.0569101e-02  -3.4604527e-03   1.4615349e-01  -1.1121468e-01  -4.9045790e-02   1.6886859e-02   7.9891966e-02   1.4846326e-02  -2.6979221e-01  -1.8110636e-01  -1.6170065e-01  -6.6886478e-02  -3.7947569e-02   8.7945971e-02  -1.9567029e-01  -1.4367727e-02   9.6616083e-03  -3.0933421e-01   2.8616509e-01  -9.4853494e-02   6.6512964e-02  -1.4083528e-01   2.6216954e-01   1.5329946e-01   1.1293984e-01   3.8011422e-02   5.7344905e-02  -2.1231402e-01   2.7839085e-02  -1.1952481e-01  -2.5496550e-01   1.5112155e-01  -9.6306931e-02  -1.4506810e-01   1.1877790e-02  -2.8898504e-01   1.9689260e-03  -1.5396245e-01   3.2080557e-02   1.1476191e-01  -1.7714170e-01  -1.9980879e-01  -5.4396451e-03  -4.5087566e-02  -1.2662659e-01   1.7777954e-01  -1.3851061e-01  -1.3670860e-02  -2.9414856e-01   8.7529608e-02   1.5357625e-01   2.7884394e-03  -8.0633359e-02  -2.0730207e-01  -2.0578546e-02  -1.2789134e-01  -6.9308768e-03  -1.8051565e-01  -3.3817946e-02   2.1170250e-01  -6.7875229e-02  -1.5659696e-01  -6.8148188e-02  -1.6525864e-01  -1.5820550e-01  -4.0846601e-02  -2.7595874e-01   4.9566891e-02  -2.3331452e-01  -4.4002924e-02  -1.9437338e-01  -8.3742021e-02   3.1057202e-02  -1.0340747e-01   9.7588845e-02  -1.1055814e-01   1.3451480e-01  -1.2422741e-01   2.1494275e-02   3.2680305e-02  -1.6690023e-01  -2.5382463e-01  -6.1414627e-02  -1.5072285e-01  -2.1987881e-01  -1.8771485e-01   2.4349541e-01  -1.3589064e-01  -1.3050130e-01  -1.3550602e-01  -8.2758341e-02   6.0358876e-03   1.7991573e-02  -1.2869878e-01  -2.3495616e-01   1.6902251e-01  -2.3958686e-02  -5.2385468e-02   3.0266709e-02  -1.0862902e-02  -6.1061188e-02  -1.0922017e-01   1.3124714e-01  -5.0416916e-02  -8.1898674e-02   9.7234227e-02  -1.6022245e-01   1.2062643e-02   3.7473138e-01   1.3549349e-01  -1.7482110e-01  -1.8676686e-01  -3.0597713e-01  -7.8438624e-02  -2.1454439e-01  -1.6263179e-01  -1.3108658e-01   3.4891615e-02   4.6191787e-02   6.8856000e-01  -3.4993348e-02   5.5222482e-02  -9.8107388e-04  -2.4549572e-01  -2.4091580e-02  -1.0220307e-01  -5.7412769e-02  -2.8054154e-01   6.1640568e-02  -1.8901855e-01   1.1952209e-01  -8.8519184e-02  -9.2042735e-02   9.9237107e-02  -1.2189505e-02   7.8281916e-02  -5.8315073e-02  -8.5720987e-02  -3.3115041e-02  -1.4446831e-01  -1.7451017e-01  -1.1127901e-01  -2.2434468e-01  -1.1758800e-01   1.4366375e-01  -3.1110423e-02   1.1052174e-01  -2.6294283e-01  -7.3652350e-02  -6.6960729e-02   2.3930477e-01   1.3846081e-01  -3.8490195e-02   1.4864651e-01  -1.2682657e-01
   1.8134100e-02  -5.6715287e-01  -3.4493511e-01   3.8040443e-01  -5.4477195e-01   3.5554371e-01   3.7356165e-01   8.8563762e-02  -8.7729140e-02  -2.0806822e-01   3.5110814e-01  -1.1505080e-01  -1.7121618e-01   0.0000000e+00   1.9812202e-01  -2.0407455e-01  -5.8142703e-01   3.9962450e-01   2.4830319e-01  -5.9781010e-01   6.7383593e-01   6.6871786e-01   5.9377861e-01  -1.9852304e-02  -2.4190545e-01   3.4317029e-01  -3.7562729e-01   7.1183921e-01  -1.1151276e-01   6.3250733e-01   3.9545388e-02   1.8346777e-01  -1.1965562e-01  -4.1017281e-01  -3.9886778e-01  -2.0152918e-01  -2.4007223e-01  -1.0392289e-01  -7.2168596e-02  -4.9104103e-01  -9.8672876e-03  -2.4584813e-01  -3.3109849e-01   3.8178903e-01   1.9060990e-01   1.3633525e-01   2.3910640e-01  -1.2065133e-01   2.7369853e-01  -5.7315168e-01   4.9137331e-01   2.9710107e-01  -4.0937795e-01  -5.4269518e-01   5.4168624e-01   4.2087681e-01   2.3165096e-01   3.1574322e-01   1.2522613e-01   4.2889623e-01  -1.6510109e-01  -2.7158763e-01  -3.4817382e-01  -1.4085939e-01   1.1079272e-01   5.1619589e-02   3.3914392e-01  -4.1354864e-01   4.7357611e-01   2.4151432e-01  -4.0703380e-01   5.2405748e-01  -2.1749037e-01  -4.2876730e-01  -1.4092163e-01   2.0787226e-01  -1.1250760e-01  -1.3586152e-02  -5.8930921e-01  -1.1525830e-02   6.6603722e-01  -6.5151223e-02  -2.3199446e-02   1.6454010e-01  -3.6041690e-02   3.7341133e-01  -7.2451814e-02   3.2899345e-01  -4.4081039e-01   3.5184928e-01  -3.7337545e-01  -3.6526800e-01  -5.5377581e-01   4.0456770e-02  -1.3013700e-01  -5.9528910e-01  -2.4724746e-01  -1.2577027e-01   4.0195799e-03   1.4495173e-01   5.3473777e-01   2.5150971e-01   7.4591851e-01   1.3886010e-01   4.9510042e-01   7.2977065e-02  -3.8894595e-01   1.3082831e-01  -5.9428790e-02   1.4859378e-01  -2.4072767e-01   6.2699983e-01   3.6838090e-01   1.1330373e-01   4.3629731e-01  -5.1284964e-01   3.0528916e-01  -7.0049953e-02   4.6717560e-01   4.6674506e-01  -5.8609569e-02  -6.2609365e-01  -4.6418232e-01  -2.0386205e-01   2.0164924e-01   1.6997781e-01   5.5031329e-01  -3.4602944e-01   5.5160978e-02  -2.2475111e-01  -2.7833541e-01   7.6618046e-02  -2.8130373e-01  -2.4744385e-01   2.8113822e-01   9.6698194e-02  -2.4400225e-01   6.3904101e-01   1.5015010e-01   1.2549908e-01   1.0071426e-01  -2.4505081e-01   1.2117682e-02   5.2585683e-01   7.3336148e-02   3.9023219e-01  -3.6368146e-01  -2.6304315e-01   4.3318462e-01   3.1444619e-01  -1.8403743e-02   6.0011204e-01  -2.6990732e-01  -2.0273022e-01  -4.0316211e-01  -4.3126462e-02  -1.3207283e-02   1.2648041e-01  -3.1103593e-01   5.3490821e-01  -1.4935018e-01   6.0301980e-02   1.8168009e-02   6.7312421e-01   2.2904179e-01  -5.2988954e-01  -2.2468206e-01   3.8108632e-01  -1.1148665e-01  -5.1507969e-01  -6.1348154e-01  -1.5642459e-01   2.3865515e-01   1.7262088e-01   1.6543109e-01  -2.8344713e-01   1.4223007e-01
