   0.0000000e+00   4.7114282e-02   1.3978648e-01  -1.6964418e-01  -3.1445920e-02   1.4504402e-01   5.2317882e-02  -5.9430440e-02   2.2875573e-01   1.7396884e-01  -2.3781825e-01   3.0509948e-02  -8.3108130e-02   3.4893241e-01  -1.9597892e-01  -3.0262551e-01   3.4871385e-02  -1.5935063e-01  -8.3101088e-03   4.3909989e-02  -3.8620569e-01   3.6793631e-02  -2.1422522e-01   7.3730382e-01   1.4412361e-02  -7.2352951e-02   9.9465892e-02   1.5928641e-01   1.7423506e-01  -1.4013929e-02  -3.6132046e-01  -4.3338194e-02  -2.0025272e-01  -1.2366849e-01   2.9264818e-02  -5.2340308e-02  -1.9193380e-01   3.6694086e-01  -4.0363556e-01   1.7422661e-01  -2.4622995e-01  -1.9352208e-01   1.6930161e-01  -1.8739838e-01  -2.9503899e-01   2.5117662e-01  -1.3285328e-01  -1.6972121e-01  -1.0254094e-01  -8.5400970e-02  -1.2606032e-01   5.7884116e-02   9.4044249e-02  -1.5301677e-01   7.5380185e-02  -2.7632557e-02   1.7540530e-01   9.6267614e-03  -1.2840435e-01   6.2246658e-02   4.4659423e-02   2.1470695e-01   1.7986912e-01  -1.2173760e-01   1.2598589e-01   1.1212510e-02   3.8095744e-02  -7.7115562e-02  -2.0440618e-01   1.7170850e-01  -1.3521314e-01  -7.3699029e-02  -2.5790192e-01   2.4967199e-01  -3.4257170e-02  -1.7602344e-01   1.2726147e-01  -1.1425558e-01   9.5886278e-02  -3.3136430e-01   3.8834398e-02  -1.6531372e-01  -1.2627552e-01   2.3147392e-02   2.4201116e-01  -1.3786674e-01   7.3788527e-03   3.9968717e-01   1.9310170e-02   7.6500960e-01   5.2489609e-02   9.2840847e-05  -1.0664902e-01   8.8290384e-02   2.2506757e-01   5.3998706e-02   9.5679680e-02   7.0630934e-02  -3.4245007e-02  -1.4813272e-01   2.1120180e-01   1.0021908e-02  -2.7095463e-01   7.0528228e-02   9.0539014e-02  -8.7454849e-02  -1.7575200e-01   6.9285440e-02  -7.0991649e-02  -1.4637530e-01  -8.9294702e-02  -1.6915738e-02   2.7713434e-02   8.0083242e-01   2.5810127e-01  -1.4458109e-02  -2.0361207e-01  -2.8447731e-01   1.0392906e-01   5.3437930e-03   5.7187556e-01   2.2076476e-02  -9.2259190e-02   1.7522724e-01   4.7467676e-01   2.8273482e-01  -5.5601401e-02  -2.1791560e-01  -1.4467883e-01  -3.2020949e-02  -5.9977540e-02  -3.0553567e-02   2.5316013e-01  -4.0317901e-01   1.0767662e-01  -1.1835897e-03  -1.9557765e-01  -6.7120882e-02   1.0632040e-01   6.9018700e-01   6.9793417e-01  -1.9771910e-01  -1.2541953e-01   1.5116469e-01  -2.3677778e-01  -2.2739744e-01  -6.2250679e-02   2.2335733e-02   1.4562825e-01  -1.4049402e-02   4.5031155e-01  -9.1911339e-03   5.5054886e-01  -2.5795052e-01   1.7300419e-01   7.2320450e-01   5.9200865e-01  -9.1985781e-02  -9.1482854e-02  -9.3376470e-02  -1.0890196e-01  -8.8574390e-02  -1.8150911e-01  -1.2998811e-01   3.9463860e-02  -8.6780914e-02  -1.2317175e-01   1.4088722e-01   5.3332914e-01  -6.4792790e-02   4.0523732e-02   5.8388312e-02  -1.1465383e-01   8.1148537e-02   2.9684543e-02  -5.5891612e-02  -1.9144276e-01
   4.7114282e-02   0.0000000e+00   1.0721509e-01  -3.7496386e-01   3.8428529e-01  -3.6998768e-01  -4.7961582e-01  -1.9270242e-01   6.0393607e-01  -1.5227549e-01  -6.0816537e-01   2.9935977e-01  -5.6864887e-02  -1.4809798e-01  -3.5027228e-01  -2.1900798e-01   3.8627773e-01  -4.1092042e-01  -4.2282032e-02   4.3136709e-01  -1.9450777e-01  -3.4240345e-01  -5.5248107e-01   3.7956213e-02   8.2356679e-02  -4.0046903e-02   1.9523829e-01  -4.3994058e-01   2.3466474e-01  -2.3989471e-01  -5.2449472e-02  -2.9605513e-01   1.1803116e-01  -3.3033498e-01   3.6093912e-02   6.1981246e-02   5.5613040e-02  -6.6451844e-03  -1.5167403e-01   2.6391771e-01   1.0161310e-02  -1.4663030e-01   4.4222690e-01  -3.0603721e-01  -4.6810869e-02  -3.1530276e-02  -3.7416704e-01  -8.2253768e-02  -1.8715134e-01   4.4707272e-01  -5.9481572e-01  -1.3520828e-01   4.0063974e-01   4.9313207e-02  -2.3567473e-01  -6.3291934e-01   1.2915851e-01  -2.0365644e-01  -1.6530080e-01   4.1089047e-02  -1.3074849e-02  -1.0236362e-01   7.6906360e-01   2.0644298e-01   6.5075315e-01  -2.6991219e-01  -3.3004155e-01   3.4891585e-02  -3.7795180e-01  -4.4687774e-01   2.9258994e-01  -2.5024215e-01  -2.8724233e-02  -3.2871275e-01   2.5650862e-01  -2.3965860e-01  -7.9177740e-02  -2.6170451e-01   5.7252395e-01  -1.6122231e-02  -5.3258067e-01  -1.5510852e-01   1.9710834e-01  -2.5283301e-02   4.2140744e-02  -3.9253388e-01   2.2455213e-01  -2.5500559e-01   5.5031085e-01   1.5347819e-01   6.6661020e-01   5.9153463e-02   1.3021370e-01   2.5304170e-01  -1.1585714e-01   4.9480062e-01   7.4685780e-02  -2.5124918e-01   4.5874877e-02   1.3665346e-02  -3.6020165e-01  -4.6599471e-01  -4.7671318e-01   4.6652973e-01  -2.9535522e-01  -1.9220926e-01  -8.8023406e-03  -2.5203884e-01  -3.0742881e-01  -1.3270515e-01   2.8393136e-02  -5.1712816e-01   1.4016820e-01  -2.5559526e-02  -5.7647795e-01   7.4335826e-01  -5.7292997e-01  -2.0685918e-02  -3.9997618e-01  -3.1451623e-01   1.5499818e-02   3.5060668e-01   4.7994605e-01   1.6098238e-01  -1.4415319e-01  -2.8492020e-01  -1.8926059e-01   1.1691830e-01  -1.4469519e-02  -1.4587780e-01  -8.8260767e-02  -3.8053894e-02   2.0983574e-01  -1.4194756e-01   3.2951657e-01  -8.4051903e-02  -7.0238329e-02  -2.9316795e-01  -8.4810818e-02  -4.8290126e-02  -4.0047439e-02  -1.5424446e-01  -3.0747931e-01  -3.4957213e-01  -3.0438955e-01  -2.8687092e-01  -3.7806278e-01  -6.3244707e-02  -2.6105079e-01   2.3842085e-01  -3.0101526e-01  -2.3577729e-01   9.7172333e-02  -6.1479295e-02   2.6809900e-01   7.7814128e-02   3.0544885e-02  -2.7128464e-01   1.1657756e-01  -5.6868548e-01   1.1574717e-01  -1.7247320e-01  -4.1127431e-02  -3.2971808e-01   1.0703809e-01   5.6260000e-01  -4.4730101e-01  -3.2610464e-01   2.4368474e-02   7.2386965e-01   5.2687234e-01  -3.2188100e-02  -4.9670809e-02  -2.4549997e-01  -4.9460615e-02   2.3696891e-01  -1.3012409e-01
   1.3978648e-01   1.0721509e-01   0.0000000e+00  -1.4414987e-01   2.4549566e-01   6.4481364e-02  -2.6435246e-01  -4.2504093e-03   2.9904102e-02   2.6390065e-01  -1.6852458e-01   6.1207064e-01   3.0456209e-02  -1.2445762e-01   1.0647195e-01   2.8068274e-01   8.3580207e-01  -2.9416420e-01  -3.3604030e-01   4.1246355e-01  -4.2687809e-01  -5.9112763e-02  -3.4776295e-01   5.5349701e-02   2.3233683e-01  -1.8703589e-01   2.7874252e-01  -4.1595274e-02   1.0214908e-01  -2.9847087e-01  -3.1898890e-01  -1.6796743e-01   3.1603622e-01  -1.5799501e-01   3.1634130e-01  -3.3804738e-02  -3.7392645e-01   7.1958844e-02  -3.4708469e-02   5.6447194e-01  -2.8949481e-02   2.3894481e-01   2.0587732e-01  -3.4797929e-01   8.0184308e-02   7.3392035e-01   4.2128011e-02  -3.9078899e-01   1.0327200e-01   6.1522807e-01  -2.4646217e-01  -1.4374651e-01  -2.2619283e-01   2.9148060e-01  -3.5034386e-02  -1.1854805e-01  -1.3933459e-01   1.7606232e-02  -1.8699565e-01   3.8781325e-01   2.9486878e-01   1.9932509e-01   1.8273666e-01  -1.9623246e-01   2.0576644e-02  -1.6548458e-01   1.2021076e-01   2.3653554e-02  -4.6324935e-02   4.8335779e-01  -4.7786990e-02  -1.6659206e-01  -7.4226985e-02   2.4263307e-01   1.9807791e-01  -3.0327622e-01   5.2045766e-03  -9.9596525e-02   1.9326935e-01   8.5032728e-02  -1.7771972e-01  -3.2755660e-02  -2.3876411e-01   4.5468588e-02   1.9985037e-01  -3.6949150e-01  -6.7354124e-02   8.2929904e-02   7.7862261e-02   8.9775128e-02   1.1402305e-01   4.6607654e-01   4.7160427e-01   1.6399345e-01  -6.5905195e-02   3.0902341e-01   3.5294777e-01  -2.1721551e-01   1.4095462e-01  -1.8504107e-01  -3.1100779e-02   1.3324376e-01  -3.1808281e-01   1.2732384e-02  -7.6954151e-02  -2.3444837e-02   3.3812413e-01  -4.5776287e-02  -1.5961696e-01  -2.1006124e-01   8.0139642e-02  -1.1442906e-01   1.3564803e-01   5.0995362e-02  -1.2016731e-01  -3.0729689e-02  -9.4092202e-02   6.6151686e-02   4.9408473e-02  -1.5707223e-01   1.3591032e-01   3.7361135e-01   4.8426473e-01   7.3980093e-03   2.3952277e-01   2.0241814e-01  -2.0807460e-02   1.0373117e-01   4.0558905e-02   3.7707430e-01   2.2712853e-01  -4.1458171e-01   2.4874509e-01  -1.4495174e-01   4.0128120e-01  -2.5372142e-01   2.0365451e-01  -2.0593166e-01  -2.5357038e-01   6.2161050e-02   2.4136386e-02  -2.2350674e-01   1.5558241e-01   1.8523018e-01   1.1354124e-01  -3.1946060e-01   2.7870276e-01  -3.8164613e-01   8.3317826e-02  -4.8446017e-01   1.5676177e-01   2.5857878e-02   2.7065070e-01  -2.1437745e-01   5.4123285e-01   1.1321367e-01   1.2263758e-01  -4.1396227e-02   2.1217505e-01  -2.5082636e-01   2.1865912e-01  -1.1852503e-01  -3.8634504e-01  -3.1148034e-01   9.6060382e-02   3.4990263e-01  -2.0372910e-01   5.6100569e-02   2.4013020e-01  -3.5314805e-02   2.7477392e-01  -7.0929173e-03  -1.8415670e-01   3.1852678e-02   2.3794509e-01   2.0891943e-01  -1.4778670e-01
  -1.6964418e-01  -3.7496386e-01  -1.4414987e-01   0.0000000e+00  -2.4223681e-01   5.5320948e-01  -1.3292788e-03   3.0807344e-01  -3.8625864e-01  -1.8341825e-01   3.7352933e-01  -6.3256710e-02  -3.8934951e-02   7.5119756e-02   1.6774240e-01   1.2404369e-01  -2.4112333e-01   3.3452617e-01   1.8745830e-01  -2.9127192e-01   4.7232320e-02   6.0795233e-01   2.3092948e-01  -2.2887234e-01   1.0445115e-01   1.2624431e-01  -2.8519253e-01   2.3160648e-01   1.0476140e-01   2.2749606e-01  -3.7171314e-02   5.4362394e-01  -5.6487437e-02  -2.1526676e-02   2.0176931e-01  -1.9511037e-01  -4.4406368e-02  -1.9261649e-01   1.8402814e-01  -4.0139674e-01   6.1046928e-02  -1.6476781e-02  -1.9822512e-01   1.9120842e-01  -6.7053139e-03  -2.4259275e-01   3.8919014e-01  -1.9543297e-01   1.8695910e-01  -2.0773499e-01   4.9222080e-01   2.5207386e-01  -3.6145873e-01  -1.7596925e-01   3.4315240e-02   3.0419032e-01   1.6807080e-02   4.3206921e-01   4.4431829e-01   3.0456446e-01  -1.7335088e-01  -6.9990460e-02  -2.9522816e-01  -1.5151824e-01  -3.4397970e-01   1.1606707e-01   4.3893825e-01   9.1863907e-02   4.3775599e-01   7.3360558e-02  -4.3840033e-01   3.3611282e-01   1.9838040e-01   1.8157090e-01  -1.2936367e-01   4.5862805e-01  -1.5003037e-01   1.8717111e-01  -1.1690624e-01   2.4320902e-01   1.2928773e-01   2.0318000e-01  -3.3867631e-01   1.5862663e-01  -1.2638135e-01   4.6689323e-01  -3.6544783e-02   4.7420955e-02  -2.7888649e-01  -2.4077530e-01  -3.2032828e-01  -2.4393161e-01  -9.1464972e-02   1.9603116e-01  -2.0313684e-01  -1.4811663e-01   1.3969568e-01   5.2363582e-01   2.1600711e-01  -1.5057975e-01  -7.6227946e-02   2.1211127e-01   2.4274456e-01   3.1829135e-03   4.7452345e-01   6.5680074e-01  -1.3639814e-01   6.0784918e-01   1.2314643e-01   2.2871214e-01  -2.5513894e-01   6.6615774e-01   4.7497854e-01  -1.9672094e-01   1.7766033e-01  -2.7388750e-01   3.1304126e-01  -5.6805434e-02   2.7468785e-01   6.5310018e-01  -2.0467999e-01  -1.7547596e-01  -2.0666757e-01  -7.4617836e-02  -9.2010159e-02   3.5152847e-01   1.3654847e-01  -2.1796125e-02   4.7796064e-01   6.3079865e-02   9.9483796e-02  -1.7906747e-01   2.6060286e-01   4.6760524e-02   1.9909880e-01   3.1573236e-01   2.0710041e-01   8.6377202e-03   4.1084120e-01  -3.2288176e-01  -2.9984975e-01   4.4205875e-02   1.4964292e-01   3.5553993e-01   2.2205567e-01   1.9983560e-01  -8.4003026e-02   1.2604098e-01   2.3853365e-01  -3.3881984e-01  -4.8185156e-02  -2.1844789e-02  -1.5555529e-01  -1.0904883e-01   2.4486445e-02  -3.9413888e-01  -1.7009904e-01   3.3420554e-01  -1.8103189e-01   1.1471299e-01   2.2089042e-01   1.8368872e-01  -1.9407149e-01   5.0178072e-01   2.5433640e-01  -3.2222485e-01   9.3774006e-02   3.6322603e-01  -2.5113434e-01  -3.9346463e-01  -2.4342318e-01  -2.1038396e-01   1.8386476e-01   5.3447124e-01   2.4323762e-01  -1.9453325e-01   5.3330337e-01
  -3.1445920e-02   3.8428529e-01   2.4549566e-01  -2.4223681e-01   0.0000000e+00  -1.4467658e-01  -3.6248809e-01  -1.2612886e-01   5.0747822e-02   1.9966301e-02  -3.7626330e-01   5.2133028e-02   8.3520748e-02  -1.3859832e-01  -2.6992582e-01   1.4702066e-01   4.8079277e-01  -2.1596648e-01  -2.3779852e-01   8.3476509e-01  -2.6374365e-01  -3.7195026e-01  -2.3238753e-01  -8.7224832e-02   2.3689956e-01   2.5784893e-02   3.6066532e-01  -2.9302851e-01   9.0997769e-03  -5.3176648e-01  -2.4268749e-01  -6.7606695e-02   3.7404656e-01  -2.9289240e-01   2.6317796e-03   4.2237436e-01   5.9101689e-02   7.6069839e-02   1.4278953e-01   2.5132505e-01   2.7466432e-01   1.7807340e-01  -1.3136754e-02  -4.1315638e-01   2.2191287e-01   1.2478287e-02  -6.7216250e-03  -2.5016120e-01   3.6007692e-01   5.5155525e-01  -3.7871366e-01  -8.9940226e-03  -1.2385944e-01   3.0996974e-01  -1.6521783e-01  -5.6219810e-01  -1.2740713e-01  -1.5471921e-01  -5.9031719e-02  -2.2074044e-02   1.6507225e-01   2.0815818e-01   4.4172426e-01  -1.9272294e-01   3.9428313e-01  -3.1124340e-01  -9.1507100e-02  -1.3807805e-01   2.6566923e-02  -2.9811106e-01  -1.8238398e-02  -3.3010216e-02   2.2453198e-02  -2.9443263e-01   3.8569860e-01  -2.9904571e-01   1.0906131e-01  -3.4764987e-01   6.6041446e-01   3.3435203e-01  -2.3543762e-01  -9.2614872e-02  -6.3789319e-02   7.1654658e-02  -8.5252537e-02  -3.0728864e-01  -2.4168728e-01  -8.5560879e-02   2.3597359e-01  -3.0357294e-02   6.2867767e-01   3.4068752e-01   5.0561268e-01  -3.6459237e-02   2.4195291e-02   7.9215714e-01   3.4305233e-01  -3.3284886e-01   3.8375667e-01  -1.8176889e-01  -2.3145701e-01  -4.1365993e-01  -4.2453332e-01  -1.6508261e-01  -2.4160497e-01  -7.1296342e-02   4.1715493e-01  -1.1934321e-01   3.1276730e-01   9.6992927e-03   2.3068972e-02  -3.0576826e-01   1.8965309e-01  -1.1364170e-01  -3.4067533e-01   5.4167100e-01  -4.8835424e-01   2.1761016e-01  -2.3348649e-01   7.6360061e-03   1.1980764e-01   8.0107583e-01   3.6986515e-01  -1.3085549e-01  -3.8694043e-02  -2.5809548e-01  -3.5723208e-01   4.7432091e-01   1.5424258e-01  -1.2980284e-01  -8.7483528e-02  -2.4059987e-01  -8.0258436e-02  -1.9447739e-01   1.1720397e-01  -1.2217924e-01   2.8922452e-01  -2.1169440e-01  -8.6565719e-02   7.0839655e-02  -6.9943061e-03  -1.3241053e-01  -1.8227459e-01  -2.3511804e-01  -4.1033274e-01  -6.0429925e-01  -1.7469017e-01  -2.5232603e-01  -5.3882218e-02  -1.0410606e-01  -3.1528663e-01  -1.2073426e-01   1.9415891e-01  -9.7323011e-02   6.8371545e-02   4.2044705e-02   1.1836404e-01   9.2019127e-02   4.3266277e-01  -7.6441937e-02   1.4084265e-01  -2.8519340e-01  -1.9236157e-01  -1.2341716e-01   1.8902144e-01   3.9586903e-01  -3.1832133e-01  -2.6554163e-01   1.9552463e-01   6.4439261e-01   4.1293966e-01   3.2432750e-01  -5.7892756e-02  -1.1109701e-01  -5.9369150e-02   2.6769619e-01   4.0379391e-02
   1.4504402e-01  -3.6998768e-01   6.4481364e-02   5.5320948e-01  -1.4467658e-01   0.0000000e+00   1.1816397e-01   2.9356271e-01  -3.6284528e-01  -9.5257918e-03   3.9289742e-01   1.3952734e-01  -2.2131496e-01   1.8233340e-01   1.4699904e-01  -3.6571161e-03  -1.1377168e-01   3.2721715e-01   8.4916858e-02  -7.5646642e-02  -1.9518249e-01   6.1331028e-01   8.8914893e-02   1.2420128e-01  -9.3175534e-03   6.6231043e-02   1.5463715e-01   4.2455537e-01   9.0722444e-02   2.9815054e-01  -2.1784541e-01   4.5853276e-01  -2.0666077e-02   1.7443264e-01   3.3942367e-01   3.6824278e-02  -8.2332873e-02  -4.4570282e-02  -1.0983400e-01  -1.3710924e-01  -1.7253932e-01   2.9883145e-02  -1.0570669e-01   5.8460114e-03  -1.9264970e-01   3.3492536e-02   5.5585043e-01  -2.6030164e-01   3.7661071e-01  -2.9780372e-01   4.9151590e-01   2.7054876e-01  -1.6861187e-01  -7.7592363e-02   8.7881071e-02   3.8766448e-01   4.7351534e-02   4.4531815e-01   1.9006408e-01   4.5103714e-01  -1.9157931e-01   3.3403121e-01  -3.2567219e-01  -1.8793321e-01  -1.7841665e-01   1.5139984e-01   8.0644726e-01  -1.6989113e-01   5.1252676e-01   4.4438393e-01  -3.1198949e-01   4.3079122e-01   1.3667884e-01   4.4673507e-01  -3.4507773e-01   1.2683975e-01  -2.8944034e-01  -4.7213800e-02  -1.0024542e-01  -1.0070806e-01   1.9433639e-01   5.4733464e-02  -2.8772301e-01   8.5596780e-02   1.3254466e-01   1.5151906e-01   6.9373041e-02   1.1622694e-01  -4.6148000e-01   2.3347233e-02  -3.2685601e-01  -1.6604690e-01   4.6509307e-02   4.8908677e-02  -1.1040357e-01  -1.4330532e-01   1.3289165e-01   4.8221792e-01   1.3713001e-02  -3.2854167e-01   1.8636027e-01   4.2496779e-01   1.6219642e-01  -8.0837227e-02   5.6684558e-01   4.0808728e-01  -5.8509799e-02   7.4861207e-01   2.3110539e-01   3.9162298e-01  -1.0984483e-01   7.4253629e-01   3.2538414e-01   1.2494184e-01   3.4220191e-01  -2.6045905e-01   2.2174192e-01  -9.1589693e-02   5.1207595e-01   5.9657124e-01   1.1123933e-02  -1.2883942e-02  -2.7190801e-01  -1.2177231e-03   1.8442654e-02   5.5573306e-01   1.7968492e-01  -2.4899351e-01   1.9006614e-01   3.5476469e-01  -1.7712788e-04  -1.5330885e-01   3.3961330e-01  -2.2555034e-01   2.0682261e-01   1.5655700e-01  -5.2611683e-02   3.9280023e-04   2.9407918e-01  -3.7067480e-03  -5.4288361e-03  -2.0058479e-01   2.3647082e-01   6.7427600e-01  -8.0680443e-03  -5.4663447e-02   5.0558831e-02   1.6697725e-01   5.4468891e-01  -2.6450796e-01   1.4367509e-01   8.3686493e-02   2.7021047e-02  -9.7448532e-02   3.4452633e-01  -6.5634639e-02   7.4771125e-02   3.2711572e-01  -2.5477979e-01   1.5141915e-01   5.0813346e-03   1.7424081e-02  -3.5943954e-01   3.4851029e-01   2.4043644e-01  -3.4585495e-01   1.6354387e-01   6.1464706e-01   1.8371064e-02  -3.9861267e-01  -2.3573208e-01  -2.8717383e-01   9.3147703e-02   6.7913195e-01  -2.2838105e-02  -1.8237200e-03   2.3999946e-01
   5.2317882e-02  -4.7961582e-01  -2.6435246e-01  -1.3292788e-03  -3.6248809e-01   1.1816397e-01   0.0000000e+00  -1.2867505e-01  -2.9813820e-01   2.4022164e-01   3.5016177e-01  -1.5003812e-01  -3.0012054e-01   9.0410373e-03   4.0955286e-01  -3.6457458e-02  -4.7517398e-01   2.4987339e-01   1.0236092e-01  -3.8223808e-01   3.2696913e-01   7.1319863e-02   6.6781860e-01   1.3146158e-01  -2.6007212e-01  -3.1243343e-02   3.1562690e-02   2.8918346e-01  -3.4366493e-02   4.9942407e-01   2.3713692e-01  -9.8681153e-02  -2.6427158e-01   7.1905475e-01  -3.4963336e-02   1.3772289e-01   2.0241421e-01   8.4630198e-02  -1.8328498e-01  -1.0315026e-02  -3.5052139e-01  -2.6317413e-02  -1.6125038e-01   2.5978926e-01  -2.0624672e-01   4.2195761e-03  -9.6436672e-03   5.8809834e-01  -4.7644923e-02  -6.0624331e-01   3.4867545e-01  -3.8715907e-02   1.7681869e-01  -2.2284925e-01   1.7012239e-01   6.0259487e-01  -1.2323370e-01  -1.6511867e-01  -1.9948418e-01  -1.5508352e-01  -9.1011576e-02   2.1815833e-01  -5.4056028e-01   5.0169148e-03  -4.2241266e-01   3.0992715e-01   2.4046268e-01  -1.9292693e-01   1.3556374e-01   4.2397851e-01   2.7414970e-01   1.2039307e-01  -4.8482402e-02   3.4480397e-01  -3.9212413e-01  -1.5161047e-01   1.4004369e-02   4.3206963e-02  -5.6297472e-01  -4.5673128e-01   5.9317397e-01  -6.9112107e-02   2.6649360e-01  -2.5184528e-01   2.0528819e-01   9.3837838e-02  -2.5619280e-02   2.8447476e-01  -4.4017499e-01   1.6932332e-02  -4.9387469e-01  -2.6377147e-01  -1.5017788e-02  -3.7140919e-01   1.5641260e-01  -5.3936556e-01  -4.1121412e-01  -6.5390545e-02  -3.3917746e-01   2.4206345e-01   5.1257226e-01   4.2964500e-01   3.7292417e-01  -3.0911085e-01   1.3608181e-01  -2.7163126e-01  -1.6056779e-01  -3.8466275e-02   3.4158692e-01   1.8679511e-01   4.2086810e-01   2.5755963e-01  -2.0933116e-01   1.1816398e-01   6.3331387e-01  -4.3416227e-01   2.7224649e-01  -2.2968398e-01   2.7729947e-01   1.1471221e-01  -1.2595839e-01  -3.2477982e-01  -4.7848497e-01  -6.3459767e-02   2.3472322e-02   1.1248441e-01   1.7080309e-01  -2.7762297e-01  -4.3863537e-01   1.5204384e-01  -1.4482965e-01   3.7910745e-01  -1.3848633e-01   5.7755931e-02  -3.7217022e-01  -1.4354360e-01  -2.5077280e-01   3.6152134e-01  -8.6581959e-02   4.5399055e-02   1.7875675e-01  -6.1091807e-02   5.3317771e-02   1.5626462e-01   1.6691857e-01   1.7747819e-01   7.1000667e-01   1.4884758e-01   1.9009401e-01   2.3605040e-01   4.4471654e-01   2.0019203e-01  -9.1381237e-02   2.3019862e-01  -8.2670236e-02   9.4392043e-02  -7.2795350e-02  -1.1317900e-02  -2.8904684e-01   5.6785899e-01  -3.3988238e-01   4.3717827e-02   1.2834321e-01   8.6573415e-02  -4.7489286e-01  -3.6419004e-01   5.7365543e-01   1.4696328e-01  -1.6718516e-01  -2.9106718e-01  -4.2851246e-01  -1.2417458e-01   1.2685157e-02  -3.9267536e-02  -2.6270850e-01  -1.8725598e-01  -2.6688989e-01
  -5.9430440e-02  -1.9270242e-01  -4.2504093e-03   3.0807344e-01  -1.2612886e-01   2.9356271e-01  -1.2867505e-01   0.0000000e+00  -2.0176657e-01  -1.0753742e-01   2.7314310e-01  -1.5091558e-01   9.5990075e-03  -2.0872338e-01  -1.4839961e-01   4.1089623e-02  -1.3178733e-02   3.3892174e-01   3.4438151e-01  -1.3308555e-01  -3.0113555e-02   1.3240121e-01  -1.1570447e-01  -4.0259308e-02   1.9561650e-02   5.0982014e-01  -2.4157665e-01   3.0279872e-01  -7.3218160e-02  -2.1472438e-01  -5.2160644e-02   4.5537151e-01   2.2435827e-01  -4.0834047e-02   8.1316685e-02  -1.2111801e-01  -1.7331788e-01  -6.6744495e-02   1.3756310e-01  -2.1047507e-01  -4.7521732e-03   2.2319424e-01  -2.4493928e-01   2.9968607e-01  -8.5910583e-03  -1.3556675e-01   1.2998209e-01  -6.2842428e-02  -4.9278103e-02   8.3461059e-02   3.1539138e-01   6.4986758e-01  -1.9597981e-01  -7.4482113e-02  -5.7298297e-02   9.6757785e-02   3.0871644e-01   2.6967132e-01   5.5265123e-01   1.2889458e-01  -7.7660663e-02  -1.9417199e-02  -1.5318566e-01   2.0030039e-01  -7.9989545e-02  -1.1401899e-01   2.4971165e-01  -1.8075303e-01   1.5608801e-01  -1.3332729e-01  -2.3490435e-01   6.2615527e-02   2.7646146e-01  -4.1657219e-02  -6.7096628e-03   2.6829183e-01  -1.6356288e-01   2.7553327e-01  -1.2562205e-01   3.2576835e-01   1.6801515e-01   8.7561694e-02  -1.1595801e-02   6.9712433e-01  -1.6260558e-01   1.3375439e-01  -6.1652760e-02  -3.5106963e-02  -2.2999934e-01  -8.8603251e-02  -1.8079904e-01   3.4376333e-02  -3.0770204e-02   6.6128422e-02  -3.4555921e-02  -1.1069920e-01   1.9933660e-01   4.0560097e-01  -1.6075269e-01  -1.0407560e-01  -2.2641690e-01   2.2740778e-01   1.8110181e-01  -8.4296892e-02   2.7966494e-01   4.9460483e-01  -6.8841211e-02   4.4101724e-01  -2.4584880e-02  -1.6358295e-01  -1.4098776e-01   1.1581451e-01   2.0575737e-01   1.4449861e-02   3.1833325e-02  -1.0109797e-01   1.3312991e-01   4.1329232e-02   1.4260512e-01   2.3392777e-01  -7.8980502e-02  -1.5124317e-01  -1.6307636e-01   1.6321791e-01  -5.6423785e-02   7.3631010e-02   2.1271056e-01   1.1022297e-01   5.1341019e-01  -1.1898630e-01   3.0761163e-01  -1.3631168e-01   2.2702450e-02  -1.1158622e-01   9.8478340e-02   4.5980389e-01   2.1407381e-01   1.9109695e-01   3.0996436e-01  -2.1824442e-01  -2.1304406e-01  -1.2186940e-01   3.9130592e-01   8.9804383e-02  -1.0799592e-01   5.7689775e-02  -1.6774034e-01  -1.2296479e-01  -1.3245061e-01   4.8366484e-02  -1.4918780e-01   3.8999040e-01  -5.4231582e-02  -1.5875115e-01  -1.3090439e-01  -2.0794744e-01  -1.1195562e-01   3.8278998e-01  -9.7715259e-04   8.1259661e-02  -6.8726690e-02   4.6289746e-01   1.4093575e-01   3.6997261e-01   2.5648889e-01  -1.4714585e-01  -1.5111238e-01   3.0191297e-01  -1.2245065e-01  -8.8805979e-02  -3.1089695e-01  -9.4057677e-02  -1.5998510e-01   2.6392356e-01   1.4834471e-01  -1.2068924e-01   2.8982138e-01
   2.2875573e-01   6.0393607e-01   2.9904102e-02  -3.8625864e-01   5.0747822e-02  -3.6284528e-01  -2.9813820e-01  -2.0176657e-01   0.0000000e+00   1.7316145e-01  -5.1865732e-01   2.6937226e-02  -1.3132281e-01  -1.3231379e-01  -4.3170527e-01  -3.2340115e-01   1.2427044e-01  -4.3945397e-01   1.0179569e-01   2.4542438e-01  -7.6924035e-02  -2.1852545e-01  -3.5539736e-01   1.5796524e-01  -9.2325783e-02  -8.8956720e-02   1.6747245e-01  -2.7830131e-01  -1.0692800e-02  -8.5073298e-02  -1.8114725e-01  -2.5788955e-01  -1.6350662e-01  -3.2590801e-01  -1.3432213e-01   1.5990527e-01   2.3390367e-03  -5.0008030e-02  -2.8101506e-01   4.1203313e-01  -5.6702728e-02  -3.6099839e-01   5.8540605e-01  -1.6551275e-01  -1.4680957e-01   1.1680991e-01  -3.2479139e-01  -3.9483412e-02  -2.2001914e-01   1.4064503e-01  -4.4456889e-01  -7.5486047e-02   4.3731496e-01  -3.1069960e-02  -1.1169658e-01  -4.6361275e-01   3.0771803e-02  -1.3718501e-01  -1.7515749e-01  -1.6196884e-01  -1.5956342e-01   7.1220451e-02   6.6829657e-01   1.3649357e-01   5.1961379e-01   1.5060822e-01  -3.9831398e-01   2.3821252e-01  -5.0724398e-01  -3.1787906e-01   1.6311386e-01  -2.1654821e-01  -2.6541205e-02  -2.8835522e-01   9.4559181e-02  -1.5474997e-01  -1.6692937e-01  -7.5010796e-04   3.0204376e-01  -2.1954623e-01  -3.9425391e-01  -1.8948525e-01   7.3331998e-02   5.7725241e-02  -1.2845384e-01  -2.4112106e-01   3.1489776e-01  -1.7653256e-01   6.0434288e-01   2.9390662e-01   4.8331501e-01  -1.5515893e-01  -1.4983258e-01   3.9099899e-01  -1.7240107e-01   2.5186547e-01   9.0964124e-03  -4.5441571e-02   1.4941553e-02   2.6828961e-01  -3.7798297e-01  -4.6432841e-01  -4.3306429e-01   6.2243326e-01  -8.8696592e-02  -2.4033728e-01  -2.3314727e-01  -2.5650425e-01  -2.9034853e-01  -2.7452588e-01   2.6875327e-02  -4.8637095e-01  -1.0929206e-01   1.5863740e-01  -4.6266381e-01   4.5864964e-01  -3.3134764e-01   5.7282607e-02  -3.5132467e-01  -3.9482275e-01   1.3669358e-01   2.1722456e-01   1.7860918e-01   4.0715453e-01   1.0917189e-01  -3.7471211e-01   4.8116219e-03  -1.7264975e-01  -8.6154868e-02  -2.9027564e-01   3.2992507e-02   2.0806677e-01  -3.0065080e-02  -2.2547252e-01   3.0265682e-01  -1.5561912e-01  -3.0791208e-01  -2.4287347e-01  -1.6233870e-01   1.2353523e-01   1.8896891e-01  -2.4261097e-01  -2.3139651e-01  -4.3874230e-01  -1.6236447e-01   9.3659700e-02  -3.3775046e-01   2.9242304e-01  -7.4637403e-02   2.8727537e-01  -1.0902437e-01  -1.1794821e-01   1.7612486e-01  -1.8148732e-03   2.4893297e-02   1.4428359e-01   9.0775497e-02  -2.9653994e-01  -2.0512519e-01  -4.9641424e-01   4.7029034e-02  -4.0940894e-02   9.6556738e-02  -3.2082946e-01   1.6022583e-01   4.8284293e-01  -3.2733073e-01  -2.3788979e-01   1.8661609e-01   2.9211799e-01   4.2959435e-01  -1.2556898e-01  -1.0148282e-01  -3.8305915e-01   1.2175711e-01   2.8749914e-03  -2.4967054e-01
   1.7396884e-01  -1.5227549e-01   2.6390065e-01  -1.8341825e-01   1.9966301e-02  -9.5257918e-03   2.4022164e-01  -1.0753742e-01   1.7316145e-01   0.0000000e+00  -6.9058374e-02   4.4069218e-02  -6.3323746e-02  -2.1182848e-01  -4.2571141e-02   4.4847712e-03   5.4845233e-02  -1.8967614e-01  -1.0145156e-02   2.1604709e-01  -8.9501684e-02  -1.5215036e-02   5.8543861e-02   1.0897126e-01  -1.1614676e-01  -1.5907070e-01   2.4235579e-01  -1.8491712e-02  -2.6734126e-01  -4.3933218e-02  -3.7235913e-01  -2.2180983e-01  -2.1029787e-01   3.1286878e-01   7.8809052e-02   4.2286117e-01  -1.1774648e-01   4.0987529e-02  -1.5680260e-01   4.9237672e-01  -4.6241386e-03  -1.2438496e-01   3.9199474e-01  -1.4659822e-01  -5.2753615e-02   3.4753131e-01   3.3274317e-02  -5.0983421e-02   3.1878405e-02  -8.1498780e-02  -2.6435702e-02  -6.4290123e-02   7.2039764e-02   7.1255426e-02  -1.2725988e-01   7.0067773e-02  -1.1938926e-01  -1.6923840e-02  -2.8215323e-01  -5.2820215e-03  -1.2645630e-01   5.2892593e-01  -2.5707739e-02  -2.1319270e-01  -2.0731770e-01   5.1625991e-01   8.8662362e-04  -8.6694854e-03  -2.2005894e-01   2.4996151e-01   2.0010721e-02   2.6842250e-03   4.0568549e-02   7.1652778e-02  -6.0281939e-02  -2.7178222e-01  -1.1161360e-01   6.4699279e-02  -1.3047660e-01  -3.6388986e-01   9.8686805e-02  -6.1202532e-02  -9.3566088e-02  -6.1290970e-02  -6.9648042e-02  -1.9660584e-01  -1.9032098e-01   5.4362013e-02   7.7811579e-03   7.4773147e-02  -2.8926109e-02  -5.1736997e-02   2.7372657e-01   5.9963219e-02  -1.2006846e-02  -2.8422081e-02   6.6389195e-02  -5.3372601e-02  -9.3384283e-02   3.6240911e-01   1.0066924e-03   1.2364442e-01  -1.0373898e-01  -9.1744653e-02   7.3761306e-02  -2.0492820e-01  -6.2397367e-02  -2.3668514e-01   2.8302035e-01  -1.1493312e-02   3.8076978e-01  -9.8644538e-02  -2.5589247e-01   1.4780158e-01   7.3762808e-02  -1.7620578e-01   4.6336275e-03   2.1603306e-01   1.7141837e-02  -1.4351538e-01   1.0422226e-01   2.2740795e-01  -3.3292507e-02   4.1386048e-03   2.3391778e-01  -1.0757046e-01   1.7658923e-01  -1.6380675e-01  -1.1077971e-01   2.4939232e-02   1.3833024e-01   2.3110825e-01  -1.9944460e-01  -3.7086372e-01   1.0493350e-01  -1.9540147e-01  -2.3236903e-01  -1.2475717e-02  -2.3183480e-01   9.6065438e-02   1.3106786e-01  -2.5610747e-01  -4.2262759e-02  -6.4466071e-02  -9.1250253e-03  -6.4532800e-02   2.7096337e-01   1.0914602e-01   2.2765861e-01  -3.4846187e-02   3.6875977e-02   3.5751569e-02   1.3920692e-01   7.9272345e-02   4.7670300e-02   1.7991840e-01   1.7281381e-02  -7.5675640e-02  -2.5977858e-01   5.5047006e-02  -1.1616037e-01  -6.0720970e-02   1.1607678e-01  -1.9255892e-01  -7.2703782e-02   1.4972896e-01   2.4957932e-01   6.7766207e-02   7.9060670e-02  -6.0774689e-02   6.7125263e-02   1.2443238e-01  -2.1896700e-01  -2.2306255e-01  -1.1656362e-04  -2.6116371e-02  -1.8589721e-01
  -2.3781825e-01  -6.0816537e-01  -1.6852458e-01   3.7352933e-01  -3.7626330e-01   3.9289742e-01   3.5016177e-01   2.7314310e-01  -5.1865732e-01  -6.9058374e-02   0.0000000e+00  -9.9035527e-02  -1.8764733e-01  -7.8542313e-02   4.3298586e-01   1.8988486e-01  -3.2943301e-01   6.7492193e-01  -2.8487794e-02  -4.7330645e-01   2.2399979e-01   2.8352631e-01   2.4718393e-01  -7.8753137e-02  -1.5174605e-01   1.3576573e-01  -1.3928468e-01   2.2355617e-01  -1.8004871e-01   4.0718556e-01   3.3460904e-01   2.1458539e-01  -9.8233128e-03   4.8843078e-01   1.6768243e-01   1.5986360e-02  -1.2047860e-01  -3.3792957e-02   2.1416697e-01  -3.1993223e-01  -1.9196599e-01  -4.3176724e-02  -2.9624231e-01   4.0018180e-01  -4.4492023e-02  -2.5472235e-02   6.4559129e-01   2.5590037e-01   1.5420929e-01  -3.8795877e-01   7.0985473e-01   1.9737003e-01   3.2365587e-03  -1.6735007e-01   3.9471462e-02   5.3176486e-01  -4.1267569e-02   4.9336201e-02   2.2621730e-01   1.4043900e-01  -1.1531916e-01   1.0797970e-01  -5.8796078e-01   3.1312623e-01  -5.1740677e-01   3.3137398e-01   4.0519547e-01  -1.8500903e-01   5.7140800e-01   3.1006499e-01  -1.5288401e-02   2.3856210e-01   1.5470678e-01   1.5570138e-01  -4.2546193e-01   2.7261841e-01  -1.8588448e-02   1.3862920e-01  -4.5797307e-01   1.6350416e-03   3.0118614e-01   4.2669440e-02   1.1241303e-01  -1.0392556e-01   8.6340616e-02   2.8807297e-01   1.0034163e-01  -7.3277976e-02  -5.2108180e-01  -2.8699086e-01  -6.1760746e-01  -2.5313217e-01   3.8797270e-02  -5.9203533e-02   4.0983121e-02  -4.9824720e-01  -3.9284139e-01   1.7085286e-01  -1.9168656e-02  -3.0223885e-01   3.5275701e-01   5.1571059e-01   5.2198095e-01  -1.4447241e-01   2.4005252e-01   1.5733207e-01  -5.9779500e-03   3.5578491e-01   6.2926134e-02   4.2152641e-01   5.5194893e-02   5.0956406e-01   5.0696942e-02  -1.9211271e-01   3.1577826e-01  -6.3495904e-01   4.4195269e-01  -4.4178841e-02   2.6687744e-01   2.6810125e-01  -1.7895594e-01  -3.1328675e-01  -4.1974714e-01  -1.6668450e-01  -4.5242057e-02   2.0858069e-01   1.1913460e-01  -4.0046510e-02  -6.9825220e-03   3.3760079e-01   1.5665439e-02   2.8423882e-01   5.0772248e-02   3.1691260e-01  -1.6316513e-01   1.0588047e-01  -7.2037731e-02   2.1070970e-01   1.3438128e-01  -1.9861147e-01  -1.5755265e-01   4.3490610e-02   5.4904421e-01   3.2353918e-01   2.0693656e-01   3.0152750e-01   2.1694448e-01   3.0544195e-01   3.9157368e-01  -1.5606517e-01   1.3099990e-01   2.6143649e-01  -2.4888084e-01   2.4771564e-01  -2.5968213e-02  -2.3755209e-01  -1.0115747e-01   2.7555445e-01  -1.9141297e-01   3.5104103e-01   5.7468210e-03   3.4315994e-01   2.5789201e-01   3.9487268e-01  -2.5820632e-01  -6.0379082e-01   5.8808122e-01   2.1168163e-01  -2.4729498e-01  -4.6767605e-01  -4.2937216e-01  -7.1442674e-02   3.0015430e-01   1.9745587e-01  -1.4917168e-01  -9.7455143e-02   1.6589988e-02
   3.0509948e-02   2.9935977e-01   6.1207064e-01  -6.3256710e-02   5.2133028e-02   1.3952734e-01  -1.5003812e-01  -1.5091558e-01   2.6937226e-02   4.4069218e-02  -9.9035527e-02   0.0000000e+00  -1.9282646e-01  -2.5061483e-02   3.6978524e-01   1.2210905e-01   5.0100951e-01  -1.5442723e-01  -3.9250050e-01   2.7943388e-01  -3.1439186e-01   5.5914122e-02  -3.8221328e-01   2.0598514e-02   1.3459756e-01  -3.7167097e-01   3.4924616e-01  -1.5463774e-01   4.3231931e-01   8.2515757e-02  -1.1990493e-01  -1.7529030e-01   5.4798294e-02   1.3682598e-01   6.4776847e-01  -4.0670125e-02  -2.2439116e-01  -1.2572491e-01  -1.7334015e-01   3.1598184e-01  -2.6480071e-01   6.7230012e-02   4.6011231e-01  -3.9088510e-01   1.5147048e-01   3.7108278e-01   1.7595942e-01  -2.2900604e-01   1.5182662e-01   2.4587617e-01  -1.2525708e-01  -2.9746519e-01   2.0511121e-01   1.6312290e-01   4.9449154e-02  -7.1630126e-02  -1.9971939e-01   8.9954664e-02  -2.8499426e-01   6.9855598e-01   4.2965715e-02   1.6085220e-01   2.3916447e-01   5.9480334e-03   1.6165452e-01  -3.1401004e-02   2.4338017e-01  -7.0784805e-02   1.2835663e-01   3.5199253e-01   1.2838349e-01   1.3536457e-01  -1.2488636e-01   3.2079145e-01   3.3561394e-03  -3.1190944e-01  -1.9448950e-01  -3.3978255e-01   2.1436019e-01  -9.7244352e-02  -2.7115292e-01  -1.0443993e-01  -1.4046607e-01  -1.7629278e-01   3.2503096e-01  -4.0731609e-01   2.2962729e-01   3.8599543e-02   5.9968679e-02  -5.0521534e-03   1.1481890e-02   9.3324167e-02   3.9528275e-01   2.7936176e-01  -2.1341016e-01   1.8169986e-01   1.8204838e-01  -2.4687489e-01   1.4060552e-01  -2.4737063e-01   7.2703755e-03   3.6029614e-01  -2.0184383e-01   2.7464174e-01  -4.6016558e-02   3.4205625e-02   2.0499945e-01   6.3535090e-02  -1.8766711e-01   1.1601343e-01   9.0056475e-02   8.2647991e-02   3.3306294e-01  -1.6922952e-01  -1.3431341e-01   4.5059486e-02  -1.5255095e-01  -1.8501332e-01   2.3744190e-02  -2.7931353e-02  -7.5461565e-02   2.2602350e-01   5.2993973e-01  -7.9267603e-03  -1.2380572e-01   2.8789658e-01   1.3458144e-01  -6.5486355e-02  -6.2241684e-02   4.1731366e-01  -4.9342720e-02  -2.4654988e-01   5.3914178e-01  -4.6045793e-02   5.4689597e-01  -2.9153989e-01   9.5739780e-02  -2.3714939e-01  -1.6553121e-01  -1.1201035e-01  -7.6949446e-02  -1.3261827e-01   1.1312922e-01   2.5778772e-01   1.5567010e-01  -3.1591228e-01   2.6544636e-01  -1.3659290e-01   3.2048895e-01  -3.2525307e-01   6.2660111e-02  -4.4507605e-02   1.2708508e-01  -1.2522792e-01   7.3539860e-01  -1.1387973e-02   2.4207201e-02  -1.8095622e-01   5.3330796e-03  -2.8801637e-01   3.8668420e-01  -1.8316892e-01  -4.5750430e-01  -2.2009916e-01   3.1126956e-02   3.3677435e-01  -1.8885569e-02   4.5522369e-02   8.5896862e-02  -6.5101807e-02   3.9209006e-01  -3.5471724e-01   1.9249122e-01   1.0527963e-01   5.3522746e-02   2.7777254e-01  -1.9911335e-01
  -8.3108130e-02  -5.6864887e-02   3.0456209e-02  -3.8934951e-02   8.3520748e-02  -2.2131496e-01  -3.0012054e-01   9.5990075e-03  -1.3132281e-01  -6.3323746e-02  -1.8764733e-01  -1.9282646e-01   0.0000000e+00   5.6504223e-02  -2.0364624e-01   1.6316305e-01   1.8153078e-01  -1.8747915e-01  -2.0043128e-02   3.7142896e-02   1.3646825e-04  -5.0923836e-02  -5.8718743e-02  -2.6665764e-01   4.7986326e-02   5.7409587e-03  -3.1018811e-01  -1.2355244e-01  -3.3706948e-01  -3.1101272e-01  -1.4786862e-01   1.0141164e-01   5.3988653e-02  -3.2602419e-01  -2.1606418e-01  -2.0272625e-01   6.8271226e-02  -6.7758389e-02   2.2271514e-01  -9.9899051e-02   6.3004291e-01   1.1617438e-02  -1.3255366e-01  -1.0941088e-01   2.4270770e-01   1.2518987e-02  -1.0823563e-01  -2.5430803e-01  -4.1608863e-02   2.0942341e-01  -5.5733675e-02   1.0971035e-03  -3.4268558e-01   3.8800203e-02   7.5714870e-02  -1.8575192e-01   4.5280450e-02   1.2648462e-01   1.3085297e-01  -1.5874827e-01   1.4867551e-01  -3.1328399e-01   3.1038596e-02  -2.0727004e-01  -9.2468883e-02  -1.6262371e-01  -2.4417136e-01   1.2338191e-01  -2.6095294e-01  -1.3425562e-01  -2.0952788e-01  -7.4195449e-02   7.6986414e-02  -2.3796103e-01   1.8297402e-01   1.4328278e-01   7.3230580e-02   2.0474379e-02   5.2070480e-02   2.5296636e-01  -2.0273111e-01   1.6049262e-01  -1.6836521e-01   1.1895816e-01  -6.6058880e-02   4.1368102e-02  -2.4896112e-01  -1.7364997e-01   2.2031641e-01  -1.5390399e-01   3.3639947e-02   1.5509946e-01  -1.8692557e-01  -1.0171595e-01  -1.0260747e-01   8.0168346e-02   2.4863747e-01   9.3173641e-02  -4.4515929e-02   1.1802633e-01  -1.4385520e-01  -1.3940907e-01  -1.4968566e-01  -1.8066215e-01  -1.1566425e-01   1.4623797e-02  -4.3383069e-03  -1.4717504e-01  -2.3710870e-02  -1.6440413e-01  -2.3966006e-01  -1.9834491e-01  -1.3421741e-01  -1.3772706e-02  -2.0281834e-01   7.2076209e-02  -5.2675263e-02   3.1546027e-01  -8.1955432e-02  -1.3570263e-01   3.7215324e-02   1.5754989e-02   1.6620463e-01  -7.2874007e-02  -4.3972108e-02  -3.5129335e-02  -1.1323962e-01   8.9619231e-02   1.6102464e-01  -1.2922994e-02   3.4434798e-01  -1.9873440e-01  -1.6451365e-01   2.0873432e-03  -1.9557416e-01   6.2062301e-02   1.7097614e-01  -1.5754557e-01   1.4817824e-02   3.8399076e-02  -1.6048091e-01   5.8918361e-01  -1.2800006e-01  -2.5348814e-02  -2.6280316e-02  -7.4641712e-03  -2.1783834e-01  -2.5296927e-01  -2.2254418e-01  -1.2366141e-01  -2.1481557e-01  -2.4357005e-01  -2.2873744e-01  -1.4752362e-01  -6.8961727e-02  -1.0604418e-01  -9.5274268e-02   1.4358062e-01   1.5998695e-01  -2.4044358e-01   3.0939135e-02  -2.3097827e-01  -1.0858582e-02  -1.8296416e-02   1.3293993e-01   8.1720921e-03  -1.7755085e-01  -1.3951529e-01  -4.7565519e-02   5.0159547e-03  -2.8829060e-02   1.4234825e-01  -1.4996037e-01   9.1730435e-02   1.0710642e-01  -3.7579810e-02   2.3159251e-01
   3.4893241e-01  -1.4809798e-01  -1.2445762e-01   7.5119756e-02  -1.3859832e-01   1.8233340e-01   9.0410373e-03  -2.0872338e-01  -1.3231379e-01  -2.1182848e-01  -7.8542313e-02  -2.5061483e-02   5.6504223e-02   0.0000000e+00   6.6815019e-02  -1.3426658e-01  -1.1942104e-01  -1.1719730e-01  -2.4477686e-02  -2.3810363e-01  -1.9288871e-01   2.9574451e-01  -3.8148053e-03   3.3739797e-01   8.8232699e-03  -2.3611772e-01  -2.0199136e-03   1.9614624e-01   8.0819613e-02   1.6359379e-01  -1.0419386e-01  -5.3431418e-02  -1.8180281e-01  -1.0697172e-01  -4.0723497e-02  -2.3486484e-01   8.5642121e-03   1.0924655e-01  -1.3397436e-01  -2.1766125e-01  -1.1227703e-01  -8.1146238e-02  -1.5704806e-01  -4.1997344e-02  -1.0652479e-01  -8.4563780e-02   6.1352460e-02  -1.3304173e-01   1.3254935e-01  -2.2607639e-01  -1.0339099e-01  -2.7023191e-01  -4.1396569e-02  -3.0084835e-02   2.3642269e-01   1.4737091e-01  -7.9737244e-02  -3.2713091e-02  -1.1861603e-01   5.5432638e-02   1.6013602e-01  -1.4038207e-01  -3.4625563e-02  -1.4563937e-01  -9.8226114e-02  -2.1502289e-01   1.9222718e-01   3.6890554e-04   1.8115604e-01   1.8698957e-01  -1.5522899e-01  -8.0736064e-03  -1.9023316e-01   2.1286391e-01   3.4566555e-02   1.9389017e-01   1.8026486e-01  -1.5239432e-01   2.3866223e-02  -1.2748798e-01   8.1396785e-02   3.7968871e-02  -2.5935331e-01  -1.9706892e-01   7.0329747e-02   2.0798433e-01   4.6218470e-02   4.2668740e-01  -3.2186248e-02   3.1443585e-01  -8.7107357e-02   1.3916653e-02  -3.3658334e-01  -1.0961309e-01   9.4753785e-02  -8.0308262e-02  -1.5921133e-03   7.5871784e-02   1.2153413e-01  -2.8572309e-01   2.9905305e-01   3.7218063e-02   1.8071265e-01   3.3325021e-02  -9.0893567e-02   6.1763929e-02  -1.1527422e-02   8.0342627e-02  -5.3857705e-02   7.9896074e-02  -3.9747567e-01   2.7174331e-01  -8.8342868e-02   3.4867211e-01   3.3159086e-01  -4.5518783e-02   7.9798352e-02  -9.6528406e-02   3.0771010e-01   1.0683537e-01   4.1971838e-01  -2.5122674e-01  -2.0615956e-01  -1.2695489e-01   1.6910047e-01   5.3300663e-01  -2.2507152e-01  -2.0273224e-01  -1.1131258e-01   6.4974765e-02  -2.1978102e-01  -2.6075556e-01   1.1903117e-01  -6.2310453e-02  -1.5043374e-01   2.3979365e-01  -1.2912498e-01   1.1792015e-01   2.8831898e-01   4.0945871e-01   3.2946657e-01   2.8892247e-01  -2.6251920e-01   3.2670947e-01  -9.5887492e-02  -7.7340989e-02  -5.6511068e-02  -2.8880467e-02   6.2754359e-02  -1.6666936e-01   3.4559477e-01  -4.8194504e-02   2.1360352e-01   6.0456105e-02   6.6770938e-02   3.5365286e-01   3.3857243e-01  -1.2699548e-01   6.9563973e-02   1.1981248e-01  -8.6372216e-02  -2.9578302e-01  -2.9721554e-01   1.2956750e-02  -6.4457329e-02  -1.7561639e-01  -2.7715046e-02   1.8965671e-01   4.2568561e-01  -2.2759450e-01   8.6582978e-02  -4.0020871e-02   1.3092234e-01   3.7098981e-01  -6.8013433e-02  -1.4356204e-02   2.3829997e-01
