   0.0000000e+00  -3.2412139e-01  -6.9042668e-03   2.8882751e-01  -1.1783547e-02   2.0909094e-01  -2.1731341e-01  -1.3442911e-01  -3.3918910e-01  -2.9175685e-01  -1.9627873e-01  -1.7001223e-01  -1.9127592e-01   2.6084277e-01  -1.9244671e-01  -2.8311395e-01   7.8911429e-03  -5.6095981e-02   2.4983790e-01  -5.6683790e-02   1.8113727e-01   4.3617055e-01  -7.8809883e-02  -2.3402587e-02   1.7053570e-01   2.3846623e-01  -1.8718855e-02  -4.7170708e-02  -1.3846513e-01  -1.3328322e-01  -1.5406356e-01   3.1384488e-01  -1.3659711e-01  -3.3065482e-01  -3.2020341e-01   6.4443677e-02  -2.1638518e-01  -4.3103216e-02  -2.0355749e-01  -1.5923573e-01  -4.9279001e-02   4.2214689e-02  -9.1894640e-02   1.8103521e-01  -9.1828859e-02   1.3576373e-01   1.1306483e-01  -1.3938031e-01   1.1882059e-01  -1.7218983e-01  -7.5397561e-02  -1.5147595e-01  -2.1002055e-01  -1.2383464e-02   8.6464542e-02  -1.9743340e-02   3.0183243e-01   1.6271331e-01  -2.4217269e-02  -2.5084601e-02   7.4168727e-02   8.1538434e-02  -2.4706946e-01  -3.1880622e-01  -1.0002380e-02  -5.3479780e-02   2.9062964e-01   1.3252603e-01   2.5216570e-01   2.6888845e-01  -2.8767539e-01   2.7611124e-01  -1.9723470e-01   3.1399916e-01  -1.5584268e-01   1.8586027e-02   9.9243930e-02   7.1631387e-02  -6.4869371e-02   1.4174861e-02  -9.4641100e-02  -2.7989866e-01  -2.1328078e-01   1.4964063e-01   2.0261048e-01  -4.5425892e-02  -4.5735058e-02  -4.0459705e-02  -5.3273024e-02   4.0851107e-01   1.4101367e-02  -6.7975673e-02  -1.4701262e-01  -1.5113422e-01   5.8173653e-02   4.5738898e-03   1.4140117e-01   2.0196956e-01   2.8088577e-01  -1.4990894e-02  -9.5710813e-03  -3.0765971e-01   2.2149281e-01   5.9670990e-02   2.1660105e-01   3.1689011e-01   1.2104565e-01   3.0520862e-01  -1.0198991e-01   1.2639887e-01  -3.1113713e-01   3.0119691e-01   1.2146927e-01   3.4586889e-01  -1.7792953e-01  -1.4632159e-01   1.4760225e-01   1.7792669e-02   4.0451175e-01   3.0411089e-01   9.1161425e-02  -1.1867937e-02  -1.6001062e-01  -6.3841872e-02   3.1215849e-01   2.1676422e-01  -9.6670821e-02  -6.2002122e-03   3.0848845e-01   1.0877249e-01  -1.9911146e-01  -2.6615225e-01   4.6482468e-01  -1.2920734e-01   1.4155134e-01  -7.3576873e-02  -1.1277742e-01   4.5626218e-02  -8.0664506e-02   1.2546099e-01   3.5726941e-01  -9.3656272e-02  -8.3868020e-03   2.8183380e-01  -2.3874955e-01  -1.7749105e-01  -3.8406183e-01   1.7102512e-01   2.9395878e-02  -1.5022392e-01  -8.4740696e-02   1.3405267e-01   8.1956299e-02  -2.2725530e-01  -1.1067065e-01  -1.3934597e-01   3.9216057e-01  -1.0910500e-01  -1.1012615e-01   2.9030147e-02  -1.2654061e-01  -1.6090936e-01   1.7878137e-04   1.6582228e-01   2.1849775e-01  -2.2757755e-01  -1.9065822e-01   4.6348890e-01   2.5669747e-01  -1.3448361e-01  -1.2167313e-01   2.8385419e-02   1.8091405e-01   4.3159369e-01  -1.0202514e-01  -5.9408148e-02   2.5428449e-01
  -3.2412139e-01   0.0000000e+00   2.0336950e-01  -1.9694773e-01   2.9144311e-01  -2.0671955e-01  -5.4189627e-02  -1.9472100e-01   6.3579844e-01   1.3078069e-01  -1.5756662e-01   3.0633567e-01  -9.3965136e-02  -1.8231259e-01  -1.6228573e-01   1.6762019e-02   3.2510935e-01  -4.3730965e-02  -1.1960319e-01   1.6057701e-01  -3.8829517e-01  -2.7639295e-01  -3.0674693e-01   3.9448240e-02   1.6510387e-01  -3.0480944e-01   1.4191926e-01  -4.9396873e-01  -3.7743595e-02   1.6968508e-01   3.3223856e-02  -3.0537180e-01   1.6204820e-01   6.8608989e-02   7.2405414e-02   4.4505156e-02   2.1092365e-01   1.1466329e-01  -4.1734271e-02   3.9347471e-01  -2.2752348e-01   1.2976144e-01   4.2019715e-01  -2.5295041e-01   4.7638111e-02   1.5934121e-02  -2.7984225e-01   2.5300192e-01   1.5161352e-01   3.2140141e-01  -3.1804403e-01  -4.8336233e-02   5.9277851e-01   1.2746451e-01   3.7684105e-02  -2.6639380e-01  -1.3809835e-01  -3.0667572e-01  -2.6153526e-01   1.2844307e-01   4.9909268e-02  -1.0023997e-02   6.5369443e-01   4.0812949e-01   2.6477800e-01  -1.2203924e-01  -1.8568192e-01   2.8645465e-01  -5.1427051e-01  -3.4445854e-01   5.2352864e-01  -2.5315945e-01   6.3236544e-02  -2.5545969e-01   1.2323502e-01  -1.4884285e-01   1.2952087e-01  -1.8936774e-01   2.5409220e-01   2.4406028e-01  -3.0378653e-01   5.8245043e-02   3.0425999e-01  -3.2364054e-01   2.0974065e-02  -2.3669676e-01   1.9392969e-01  -8.8104338e-02   5.5176394e-01  -2.3197165e-01   4.3434883e-01   4.2530572e-02  -8.1292816e-02   2.7590568e-01   1.1158279e-01   3.6092097e-01   5.4074957e-02  -2.8575206e-02   1.2491616e-01  -3.1562471e-01  -2.1867567e-03   7.2260025e-02  -3.0297258e-01   2.1201604e-01  -3.9482410e-01  -2.5760374e-01   9.6847602e-02  -2.5173852e-01   3.2772533e-02  -1.4926984e-01   1.4620198e-01  -3.0703592e-01   1.0046317e-01  -2.7447394e-02  -1.0026096e-01   5.2407492e-01  -1.4558897e-01  -2.1161713e-01  -4.2279227e-01  -3.2282077e-01  -1.0576801e-02   1.8965310e-01   4.0241139e-01   5.6191002e-02  -8.8077930e-02  -3.2493334e-01  -1.2033960e-01   1.3564848e-01  -1.9250319e-01   1.0269469e-01   1.8218827e-02   5.6144039e-02   3.2137887e-01   9.4377882e-02   1.1662109e-01  -5.6236739e-02   3.0962151e-01  -1.7874662e-01  -1.0567516e-01   3.5765823e-02  -1.6668177e-01  -5.2658111e-02  -2.7012554e-01  -4.2317444e-01  -1.5659432e-01  -1.5104271e-01   3.6120233e-01  -9.3506389e-02  -8.1548785e-02   1.1252114e-02  -1.3717361e-01  -3.0080080e-01   1.2346552e-02   2.6304657e-01   5.1815017e-01   1.2797005e-01  -1.1467205e-01  -2.7117056e-01   1.3304391e-01  -4.3512376e-01   1.9217315e-01  -5.4230520e-02   8.4460007e-02  -2.3289687e-01  -5.8795180e-02   3.3717032e-01   7.3027675e-02  -2.9710495e-01  -6.0154109e-02   3.2151976e-01   2.1990880e-01   1.1082114e-02   1.8627506e-02  -2.7051079e-01   9.4487780e-02   9.3885610e-03  -1.2010794e-01
  -6.9042668e-03   2.0336950e-01   0.0000000e+00  -2.4922248e-01  -1.3194970e-01   2.0475852e-01  -4.7152314e-01   6.9558565e-02  -1.9605331e-01  -1.4121544e-01  -3.9243545e-01  -1.4820622e-02   9.5229897e-03  -2.1721467e-01  -3.4261358e-01   2.0457314e-01   8.9069023e-01  -6.0541423e-01   2.0024659e-02   1.5648091e-01  -4.8229705e-01  -3.6702152e-01  -4.3964318e-01  -2.0158850e-01   2.4222124e-01  -8.3812606e-02   1.0448504e-01  -6.4582537e-02   2.4401332e-01  -5.4827200e-01  -2.4578840e-01  -2.4050410e-01   4.4244004e-01   1.1654199e-01   2.9632113e-01  -3.9467961e-01  -3.2079996e-02   1.1848682e-02  -3.3006504e-03   6.5531704e-01  -2.3268880e-01   5.2860971e-01   1.1083090e-02  -5.0964331e-02  -3.6036609e-01   5.6030334e-01  -3.6107686e-01  -4.2756827e-01  -1.7412524e-01   6.9720233e-01  -4.5049971e-01   3.4473453e-01  -7.2879386e-02   5.3526512e-01  -2.9588717e-02   1.3145038e-01   8.9095158e-02  -6.1286429e-01  -3.0924608e-01   7.7771777e-02   3.8133639e-01  -2.8945618e-01   3.3246864e-01  -4.9848913e-02  -4.7971134e-01  -4.0983653e-01  -1.2475513e-02  -1.4505424e-01  -3.4966884e-01   4.5485303e-01   2.4904276e-01  -5.2223719e-01  -1.3357912e-01   1.3991798e-01   3.2703121e-01  -3.5611283e-01   8.9368616e-02  -1.0424297e-01  -1.5348700e-01   2.2956041e-01  -1.0231206e-02   7.1704402e-02   3.0756360e-01   8.0181766e-02   3.9962268e-01  -3.7772845e-01  -1.4766259e-01   2.1168819e-02   1.1704156e-01   2.7533706e-01  -1.9987024e-01   7.6878956e-01   1.7655902e-01  -1.4679375e-01   9.2788730e-02   3.9569010e-01  -1.1479961e-01   3.7673413e-02  -1.2088110e-01  -3.2183446e-01   4.5934214e-01  -5.7705158e-02  -3.7248637e-01  -3.2608863e-01  -5.4415267e-01  -3.4995222e-01   4.1526363e-01  -2.5762538e-01  -2.8166132e-01  -5.0543300e-01   3.9817154e-01  -5.3119904e-01  -7.1216985e-02   2.5632884e-01   4.2313076e-01  -2.6638735e-01  -9.7563743e-02  -2.9974484e-01   1.9786919e-01  -3.0540941e-01  -1.8389674e-02  -2.8679850e-01   4.0171590e-01  -5.7392843e-01  -4.3165482e-02  -1.7623631e-01  -3.6967558e-01   2.9772507e-01  -3.6210577e-01   6.4574415e-01   1.9075588e-01  -4.3665731e-01   1.4235736e-01  -3.6266671e-01  -1.3530291e-01  -8.1366516e-02   1.8068403e-01  -5.4282771e-02  -3.1601686e-01   2.3009249e-01  -3.7887407e-02   3.9854116e-03  -3.3808843e-01   2.3796288e-01  -2.4155890e-01  -5.1587421e-01   4.3833520e-01  -3.9603361e-01  -5.4608485e-01  -2.7862270e-01   5.1473419e-01  -1.7661133e-01   5.4428650e-01  -2.9567487e-01   7.3646356e-01   1.2306466e-01   1.7894432e-01  -3.3973706e-01   5.9330081e-01  -1.8799682e-01   7.1618127e-02  -1.8756936e-01  -2.0781409e-01  -5.6563079e-01  -2.3478184e-02  -1.8536080e-01  -2.1681835e-01  -7.5702966e-03   4.5255996e-01   4.6344031e-02  -1.8806794e-01   2.3773353e-01  -4.5753092e-01   1.9787507e-01  -1.3383133e-01   4.1854955e-01  -2.5571259e-01
   2.8882751e-01  -1.9694773e-01  -2.4922248e-01   0.0000000e+00   1.2112692e-02   1.3877709e-01   1.0775676e-01  -3.0523004e-01   4.0291288e-02  -1.0575232e-01  -1.9249967e-02  -2.5818989e-02  -1.7361420e-01   5.1076246e-01   2.4920044e-02  -3.7887431e-01  -3.2152693e-01   3.3734419e-01   4.0618232e-01  -5.5997056e-02   4.3009894e-01   6.2672539e-01   1.9874726e-01   4.4706955e-02   6.3796974e-02   2.7055260e-01  -7.6727773e-02   5.0128210e-02  -7.7923610e-02   3.8061890e-01   1.9578060e-01   5.3248860e-01  -4.5877136e-01  -2.7390703e-01  -1.7756498e-01   2.8813030e-01  -1.1930258e-01  -1.5393064e-01  -2.8429721e-02  -4.0772988e-01   1.8488793e-01  -4.9365976e-01   5.7603874e-02   3.6017013e-01   3.2694367e-01  -2.2078576e-01   2.3221908e-01   1.4177071e-01   2.5359976e-01  -4.9982987e-01   1.6042981e-01  -2.1075976e-01  -5.2047924e-02  -3.5093863e-01   1.8271253e-01  -9.0084010e-02   4.5892115e-01   4.7584577e-01   3.5002433e-01   1.2543220e-01  -6.5594493e-02   2.3058448e-01  -2.3441219e-01  -1.1241649e-01   4.8457946e-01  -2.5448471e-02   4.3326924e-01   4.5603529e-01   5.0987538e-01  -8.7599194e-02  -2.5513166e-01   6.3675090e-01  -9.4085274e-02   2.3606437e-01  -1.4670412e-01   1.4655223e-01   5.3040584e-02   2.3560144e-01   1.3412410e-01   7.4092126e-02  -6.1424335e-02  -2.5756178e-01  -2.7701048e-01  -2.3479236e-03   4.2071960e-02   3.0468020e-02   3.7045062e-01   9.6493117e-03  -1.1555334e-01  -7.3787340e-02   1.3470159e-01  -4.5026159e-01  -1.9187734e-01   1.1567693e-01  -1.8481149e-01  -9.4656578e-02   3.2366419e-01   3.7834475e-01   3.0008178e-01   2.4505230e-01  -1.3611518e-01  -1.1674473e-01   4.1038285e-01   4.4364173e-01   6.2616350e-01   7.5317692e-01  -2.6966269e-03   4.9116707e-01   1.5858098e-01   3.0655077e-01  -4.1134853e-01   5.8200659e-01   1.9107646e-01  -6.7036710e-02  -3.1888486e-01  -1.7956755e-02   2.0107768e-01   2.3253990e-01   1.6267620e-01   7.5040721e-01  -1.4721046e-01   9.5446677e-02  -2.9459571e-01   4.2356212e-01   1.4473625e-01   4.3352730e-01   3.5156794e-01  -1.4070832e-01   7.2227324e-01  -2.6599738e-01  -4.9089041e-01   4.7160056e-02   3.5971411e-01   3.2818818e-01   3.9074221e-01  -1.3071197e-01   6.0993623e-02   2.2795646e-01  -1.2024914e-01  -8.7930691e-02   3.3243788e-02  -2.6170301e-02  -1.6367827e-01   3.4199759e-02   1.3422112e-01   3.4837442e-01  -3.4359914e-01   2.5710834e-01   1.3766946e-01   1.2890694e-01  -3.2040292e-01   3.4258083e-01  -3.9261834e-01  -1.7814095e-01  -3.2895354e-01  -5.9863947e-02  -1.0744429e-01   2.6360651e-01  -5.2154668e-01   2.9923956e-02   3.6035327e-01  -1.5080240e-01   8.1853844e-03   6.2884255e-01   3.2070011e-01  -2.7581761e-02  -1.7550574e-01   4.0130775e-01  -1.1804317e-01  -1.2920624e-01   8.9612401e-02  -2.0249099e-01   5.7115669e-01   2.7386383e-01   2.0059692e-01  -4.5865883e-01   5.5927413e-01
  -1.1783547e-02   2.9144311e-01  -1.3194970e-01   1.2112692e-02   0.0000000e+00  -1.2102488e-01  -3.0540764e-02   3.2809418e-02   3.2337925e-01  -1.5826310e-01  -1.7338421e-02   3.6131062e-01  -8.9069673e-02  -9.3293157e-02  -1.0024814e-02  -1.9074138e-02  -8.4155416e-02   8.3270587e-02   2.1214172e-01   5.0968479e-01  -1.6179719e-01   4.8166687e-02  -2.1206938e-01   3.0778683e-01   1.2568094e-01  -1.0474493e-01   1.9123060e-01  -4.5578596e-01  -2.2820861e-02   4.1311266e-01  -2.7580995e-01   6.7786843e-02  -5.8954731e-05  -3.5129207e-01  -4.2118455e-01   5.5226856e-01  -2.1993072e-01   1.2732164e-01  -1.6488430e-03  -3.4439965e-02   1.2503561e-01  -1.1914026e-01   3.4872756e-01  -2.1945132e-01   1.2787679e-01  -1.5501284e-01   2.7495087e-01  -9.4245682e-02   3.3257885e-01  -7.1043688e-02  -2.1487903e-01   2.2773237e-02   4.0477821e-01   4.0777641e-02  -2.7084264e-02  -4.3422760e-01   1.7872063e-01  -2.6863316e-03   2.1086285e-01  -2.6044522e-02  -7.2131394e-02   6.5062501e-01   3.1310431e-01  -5.2161832e-02   2.6240041e-01   1.2184313e-01  -6.0584451e-02   1.8196373e-01   3.1780262e-02  -2.3550309e-01  -1.8699493e-01   2.0353418e-01   1.9316130e-01  -1.2703040e-01  -2.4663500e-01  -6.2433915e-02   1.7201525e-01   1.9150077e-02   7.2205091e-01   2.7866921e-01  -5.0227621e-01  -1.3490862e-02  -3.0798898e-01  -1.0966338e-01  -4.3937875e-01  -8.1705431e-04  -3.6295173e-01   7.2859316e-02   2.3038297e-01  -2.5056752e-01   7.8785747e-01  -1.7066337e-01  -1.9224015e-01   2.4574634e-01   1.5680210e-01   4.1434427e-01   3.5672535e-01   3.3379383e-01   6.7713812e-01  -1.6846626e-01  -6.0994227e-01   2.0643784e-02  -2.3558485e-01   2.1067483e-01  -3.8498120e-02  -4.8575789e-02  -2.0629049e-01   2.2601008e-01  -6.9877112e-02   1.3422480e-01  -2.9225125e-01   1.6025369e-01   2.2095938e-01  -9.5756069e-02  -5.0948354e-01   7.5020795e-01   5.9138423e-04   9.1318795e-02  -3.1449466e-01   1.3329034e-01   8.1924537e-02   8.1807061e-01   1.9546178e-01   5.0926493e-01   1.9483493e-01  -3.1443930e-02   2.5385697e-01   5.1303678e-02   2.8009845e-03  -3.1060661e-01   6.1429118e-02  -1.4183265e-01   2.1476627e-01  -1.6120390e-01   2.7589603e-01  -2.4690751e-02   8.9778736e-02  -5.7912049e-01   8.7725434e-02  -1.2997773e-01  -7.6306532e-02   5.1941180e-02   1.0018058e-01  -3.5462212e-01  -3.1787652e-01  -3.1478301e-02  -1.5524284e-01   5.6003413e-01   3.5043371e-01  -2.5160443e-01  -5.6511442e-01  -4.5758514e-01  -2.9165876e-02   1.9531245e-01   1.3800028e-01  -7.1871895e-02   1.5734220e-02   1.8043730e-01   2.7835664e-02  -2.0483470e-01   1.4389493e-01   2.2091676e-01   4.1954462e-02   2.0488833e-01   1.6587470e-01   3.8351880e-01   5.3439272e-01  -1.5122832e-01  -2.2122751e-01   5.7466410e-02   7.2593661e-01  -2.3384518e-01   3.4055998e-01  -4.5826152e-02   5.4457066e-02   5.6072699e-02   4.7078037e-02
   2.0909094e-01  -2.0671955e-01   2.0475852e-01   1.3877709e-01  -1.2102488e-01   0.0000000e+00   1.7298427e-01  -3.9370070e-01  -2.4496843e-01   1.2987452e-01  -3.1842707e-01   1.3839677e-01  -1.3916953e-01   2.8562455e-01  -6.2407739e-02   8.2072839e-02   7.5639352e-02  -5.9437816e-02   3.9595871e-01   4.7998241e-02   7.7742953e-02   2.3945964e-01   2.8411535e-01  -1.0364255e-01   2.1275674e-01   9.7676411e-02   3.9822762e-01   2.4753128e-01  -1.9240486e-01  -9.5426557e-02  -2.5676023e-01   1.4622609e-02   1.2896773e-01   5.9250544e-02   8.3482042e-02   1.4830577e-01  -2.2840358e-01  -3.6702097e-01   1.2810028e-01   2.5172633e-01  -2.2396182e-01   2.4749066e-01  -7.8477000e-02   4.1607585e-01  -7.0438400e-02  -1.1027703e-01  -2.7536719e-02  -1.0650716e-02  -2.1397280e-01  -6.4645638e-02   8.2704458e-02  -2.1468720e-01  -3.5368326e-01   2.3426025e-01   5.2662697e-02   5.5788695e-01   5.1822441e-01   1.2360672e-01  -1.9698596e-01   2.8357942e-02  -4.0168754e-02   1.2275551e-01  -3.1333433e-01  -4.6015631e-01  -2.3115146e-01   1.7241552e-01   7.8528614e-01   1.7713629e-01   3.2929570e-01   5.3617872e-01  -2.6907141e-01   1.4152985e-01  -1.2042077e-01   6.2795403e-01  -1.2238933e-01  -2.3706668e-01  -3.6902253e-01   3.3999944e-01  -2.2878094e-01  -1.0273968e-01   3.9393234e-01  -2.4014982e-01  -1.6826187e-01  -1.2920723e-01   2.3906698e-01  -3.7622613e-01  -1.2965707e-02  -1.5622771e-01  -1.0300342e-01   3.0969208e-02  -3.1363738e-01   6.4848298e-02   2.6310288e-01   6.1608057e-02  -4.1021651e-01  -1.8030619e-01   2.1070567e-01   1.9224727e-01   4.0305563e-02   1.1286558e-01   1.1515512e-02   4.6844554e-03   2.1109408e-01   2.0648955e-02   1.7639036e-01   5.1452924e-02   3.0458532e-01   4.4237370e-01   6.0413072e-02   4.2518254e-02   2.9176481e-01   1.9360741e-01   3.3306064e-01  -1.1403284e-01   1.6434599e-01  -3.0857000e-01   3.7281078e-01  -1.9090377e-01   4.4846443e-01   2.8615904e-01  -2.2142861e-01   1.4059880e-02  -1.5337144e-01  -2.3756415e-01  -2.6069907e-01   4.5647799e-01  -1.4280932e-01  -1.4770801e-01  -1.6534336e-03   2.6133821e-01  -1.9077900e-01  -1.6860522e-01   1.5027402e-01  -3.2632767e-01   1.0984086e-01  -2.9008710e-01   1.3004319e-01   1.7824262e-01  -3.0509610e-01   7.1965389e-02  -1.9497951e-03  -1.2129061e-01  -1.6845342e-01   6.2171886e-01  -1.8949301e-02  -3.0012062e-01   2.3308228e-02  -4.6737223e-02   2.5171540e-01  -2.4913446e-01   2.0988408e-01   2.2441743e-01   2.1217134e-01  -3.4498286e-01   1.3912967e-01  -2.7220004e-01  -3.3630267e-02  -2.7718005e-01  -6.2391546e-02   3.3710691e-01   2.4711131e-02  -1.9688987e-01  -1.6150021e-01  -3.0059683e-02   1.9951492e-01  -9.5603095e-02  -2.8576558e-02   3.0287562e-01   5.4257971e-01  -2.4849702e-01  -1.0711241e-01  -3.4051988e-01   3.9790134e-02   6.4026256e-01   1.5316381e-01  -4.4901135e-02   1.3263018e-01
  -2.1731341e-01  -5.4189627e-02  -4.7152314e-01   1.0775676e-01  -3.0540764e-02   1.7298427e-01   0.0000000e+00  -3.7712152e-01   1.4767884e-01   5.6226057e-01   3.8504891e-02   3.4331721e-01  -1.8952591e-01  -3.5531722e-02   4.0566975e-01  -2.1343581e-01  -4.7528950e-01   3.6453240e-01  -1.5323878e-02   6.8752207e-02   4.2681530e-01   1.4468609e-01   7.2332116e-01  -4.0388059e-02  -2.0708855e-01  -2.2728991e-01   1.9596191e-01   9.4479277e-02  -9.1058194e-02   3.0772998e-01   1.0840778e-01  -1.5385513e-01  -4.1039112e-01   2.6285226e-01   1.1502293e-01   5.3289988e-01   1.1761505e-01  -1.6686035e-01  -5.1085887e-02  -3.2937935e-01  -7.2967438e-02  -3.0410070e-01   4.3122815e-02  -1.1087276e-01   4.5960409e-01  -2.3762563e-01   2.0177443e-01   6.4829392e-01  -1.2110089e-01  -5.5310259e-01   4.1805433e-01  -4.6842034e-01  -1.0828449e-01  -4.7574157e-01  -5.6855726e-02  -3.6337307e-02  -9.9893984e-02   1.6907125e-01  -9.9214930e-02  -6.5157191e-02  -1.6868662e-01   3.3656387e-01  -3.6690906e-01  -1.8289962e-01   2.0444753e-01   5.1520996e-01   1.7539519e-01   1.5343625e-01   6.1965036e-02  -3.3778859e-03  -3.0834264e-02   3.4647388e-01  -8.8838129e-02   9.0404432e-02  -2.1610483e-01  -1.0142799e-01  -1.4889201e-01  -8.9260271e-02   6.7783142e-03  -4.4548142e-01   2.7795645e-01  -1.1342877e-01  -1.0984011e-01  -4.0319689e-01  -1.3358825e-01   5.3685164e-03   1.9700526e-01  -2.9920966e-01   3.9620434e-02  -2.4684366e-01  -1.3674371e-01  -5.2354666e-01   2.6193739e-01   2.4756939e-01  -2.4262589e-01  -3.5774689e-01  -3.0152389e-02  -1.1145585e-01   1.9257347e-02   4.1843488e-01  -2.2961157e-01   1.1559767e-01   1.9991692e-01   1.8168267e-01   4.0559222e-01   1.6900361e-01  -3.6741925e-01   1.0154271e-01   5.9337112e-01   3.9613477e-01   2.2079749e-01   1.9534880e-01  -1.2743884e-01  -2.6563845e-01  -1.1147444e-01  -1.0727355e-01  -7.9049901e-02   5.0969428e-02  -9.4936811e-02   1.3753003e-01  -3.5661749e-01   2.0615416e-01  -2.3291004e-01   2.7072165e-01  -1.6658942e-01   8.9090060e-02   3.4205220e-01  -3.5077532e-01   1.4531907e-01  -2.0204114e-01  -3.3637812e-01   5.5833732e-01  -1.1608932e-01   2.1739401e-01   1.2047121e-01  -2.1536222e-01  -2.0955043e-01   1.7946551e-01  -1.8524260e-01  -3.0004552e-01  -2.9150637e-01  -1.1635638e-01  -7.0957735e-02   7.7779624e-02   5.2186326e-01   3.3281802e-01   2.2393511e-01   1.4706972e-01   4.4496365e-01   2.2835765e-01  -1.1686083e-01   4.1020033e-02  -4.5616430e-01   6.4649903e-02  -3.7617052e-01  -1.7614150e-01  -3.5753551e-01   6.1747864e-02  -5.0710160e-01   1.4997148e-01   1.6723185e-01  -2.0162708e-01   1.4140611e-01   1.0194562e-01  -1.7219057e-01   2.5238799e-01   1.5597303e-01  -9.9466811e-02  -3.2335403e-01   1.8934859e-02   1.3394406e-01  -3.5426349e-01   2.6452816e-01   9.8721533e-02   1.5896623e-01  -3.0929126e-01   6.8092980e-02
  -1.3442911e-01  -1.9472100e-01   6.9558565e-02  -3.0523004e-01   3.2809418e-02  -3.9370070e-01  -3.7712152e-01   0.0000000e+00  -1.6800251e-01  -3.7903237e-01   4.6105042e-01  -2.2640153e-01   2.4236971e-01  -2.6126688e-01   6.5184412e-02   3.5351553e-01   7.8429866e-02  -8.4461157e-02  -2.3528158e-01  -1.6600595e-01  -2.0456123e-01  -3.2800045e-01  -3.4528111e-01  -6.4400966e-03  -3.3893240e-01   2.4819960e-01  -2.6984867e-01   1.2455835e-01   1.8406667e-01  -7.6160885e-02   7.8906531e-03  -1.0846994e-02   2.9633450e-01  -1.2251459e-01  -2.2099157e-02  -2.8499558e-01  -6.9074738e-02   1.1663754e-01   1.0597731e-01  -8.7789231e-02   3.2296843e-01   6.3682359e-03  -3.3175710e-01  -8.7998901e-02  -3.8464519e-01   2.0568017e-01   1.5929099e-01  -3.2907233e-01  -3.7951100e-02   2.4118405e-01   5.1630741e-02   6.3860805e-01   3.5052107e-02   8.8037838e-02  -1.6528728e-01   8.3168971e-02  -2.2013272e-01  -1.4392745e-01   4.1529999e-01  -1.3264499e-01   4.4788869e-02  -1.9470790e-01   6.4124616e-02   3.3530957e-01  -2.2892083e-01  -1.6529000e-01  -4.3577072e-01  -5.6661455e-01   1.7357250e-02  -6.8840098e-02  -6.4393512e-02  -2.6811969e-01   2.2808795e-01  -3.1744945e-01   5.0838459e-02   2.5727772e-01   1.2181403e-01  -1.5342343e-01  -9.7230113e-03   9.3626672e-03  -8.9642518e-02   4.6711470e-01   6.8404637e-02   6.0179426e-01  -1.1247925e-01   3.1674150e-01  -3.4812660e-01   3.4911225e-01  -2.4098247e-01  -3.0728755e-02   4.0258623e-02   4.2229824e-01  -2.0277548e-01  -2.0635744e-01   3.0458143e-01  -6.2710966e-02  -2.5204075e-01  -1.0333243e-01  -2.4219126e-01  -1.9485489e-01   1.1373306e-01   1.6269898e-01  -1.8066531e-01  -2.4716528e-01  -2.3877271e-01  -2.7898597e-01  -1.0962286e-01  -2.9300993e-01  -4.6961304e-01  -5.5980313e-02  -8.3953858e-02  -1.8004418e-01  -2.0931090e-01   3.1131897e-02   1.4957231e-01   4.4477189e-02  -2.0265738e-01   4.9291928e-02  -2.7701736e-02  -2.3997162e-01   3.1355205e-01  -1.4330016e-01   2.6380047e-02  -1.4954662e-02   1.2085768e-01  -2.0952762e-01   3.5056560e-03   3.6699436e-02  -2.8250366e-01  -2.1767069e-02   5.4919918e-01  -1.7387589e-01  -4.0196207e-01  -9.6409732e-02  -4.6132452e-01   5.0084754e-01  -3.1084680e-01  -1.5935893e-01   5.3977645e-01   1.2242325e-01   2.2539000e-01  -4.6746235e-02   3.0956373e-01  -1.5237510e-01  -1.3686334e-01   1.2345325e-01  -2.6468263e-01   1.0775778e-01  -1.6110354e-01  -7.8894422e-02   1.3235376e-01  -1.7795480e-02   2.8073366e-01   2.1626002e-01  -3.7742023e-02   1.8998059e-01   1.5591230e-01   3.5338545e-01   3.9964576e-01   1.0907846e-01  -2.7768950e-01   3.8382234e-01   2.4773641e-02  -1.6379113e-02  -1.7412483e-01  -3.7457798e-01   1.9001842e-01  -1.3362168e-01  -1.4735974e-01   4.5694650e-02  -1.2042299e-02   2.7344204e-01  -3.2242542e-01  -2.4606336e-01  -1.9250506e-01   2.7568127e-01  -3.2951488e-01
  -3.3918910e-01   6.3579844e-01  -1.9605331e-01   4.0291288e-02   3.2337925e-01  -2.4496843e-01   1.4767884e-01  -1.6800251e-01   0.0000000e+00   2.4474007e-01   1.1255795e-01   4.3466410e-01  -1.0550825e-01  -1.1889454e-01   2.4067733e-01  -8.2057403e-02  -1.2988282e-01   2.7907510e-01  -7.4235768e-02  -7.6812248e-02  -2.7183514e-01  -9.4378867e-02  -1.4761944e-01   1.6373315e-01   1.0655606e-01  -2.2507166e-01   3.5868598e-02  -3.9093364e-01  -1.2578404e-01   5.9883993e-01   1.5759581e-01  -1.5263675e-01  -8.6695244e-02  -1.4956594e-01  -1.0885535e-01   1.2299681e-01   1.0064704e-01   7.1933419e-02   1.7268981e-02  -3.0400942e-02  -1.1188736e-01  -1.6195686e-01   5.8620978e-01  -1.6556893e-01   3.7581866e-01  -1.7951706e-01  -7.1711698e-02   2.7045160e-01   1.2639666e-01  -1.3644738e-01  -5.7204663e-02  -5.2134488e-02   5.7215693e-01  -1.6357662e-01  -3.3009682e-02  -3.5090782e-01  -1.8208702e-01  -1.6803728e-03  -6.4882420e-02   3.6958563e-01  -4.3366612e-02   2.4263382e-01   5.0585540e-01   5.0653146e-01   5.8720569e-01  -1.2063933e-02  -1.2535284e-01   4.2101637e-01  -2.6422186e-01  -4.1991583e-01   1.4786341e-01   1.2595943e-01   1.1966203e-01  -1.7698104e-01  -6.6646197e-02   9.9653243e-02   1.3214538e-01  -1.5834536e-01   3.8716540e-01   2.3693084e-01  -3.9542070e-01  -2.4991590e-02  -7.0801004e-02  -2.5651690e-01  -2.2839164e-01  -1.0515259e-02   2.4079811e-01  -5.7696981e-02   4.5890409e-01  -4.1144728e-01   4.6539292e-01  -3.1325916e-01  -3.8483886e-01   6.1809697e-01   4.6442659e-02  -1.2573218e-02   1.2166152e-01  -6.7590525e-03   2.7566128e-01  -2.4988752e-01  -2.9535092e-01   3.3140575e-01  -2.0228765e-01   6.2564625e-01  -6.1612090e-02  -7.2607148e-02  -1.3558623e-01  -3.2494283e-02   2.3953707e-01   4.9289567e-02  -2.1544190e-01  -1.3264515e-02   2.0451355e-01  -1.3248882e-01  -3.8224543e-01   5.7416126e-01  -3.0176572e-02  -5.7586559e-02  -4.7529595e-01  -8.1885713e-02  -4.9447968e-02   3.2437276e-01   2.2912932e-01   5.4236880e-01  -1.3197729e-01  -2.2382659e-01   2.5323533e-01  -2.9267246e-02   1.8962262e-02  -2.3317836e-01  -1.3353970e-01   2.4375714e-01   2.4303956e-01   3.2040563e-01   3.8284107e-01   5.7011012e-02   2.9984879e-01  -2.1009717e-01   1.1579177e-01  -1.4691339e-01  -1.5327304e-01   1.1411066e-01  -6.5431304e-02  -5.0302769e-01   1.9174411e-01   1.9408020e-01  -3.2850037e-02   1.9686741e-01   1.1934151e-01   1.2476945e-01  -3.7644086e-01  -3.1985710e-01  -1.7810384e-01   3.2594245e-01   1.3593971e-01   2.4288731e-02  -2.7002079e-01  -6.4474968e-04  -2.1421509e-01  -3.9847606e-01   2.3828836e-01   1.4499882e-01   1.0336102e-01   1.8749860e-01  -1.0857206e-01   3.5824971e-01   2.4913795e-01  -3.0063254e-01  -2.7188658e-01  -7.0335241e-02   4.1068629e-01  -1.7869890e-01   3.6846747e-01  -3.3653428e-01   1.6901210e-01  -1.8596189e-01  -1.0428572e-02
  -2.9175685e-01   1.3078069e-01  -1.4121544e-01  -1.0575232e-01  -1.5826310e-01   1.2987452e-01   5.6226057e-01  -3.7903237e-01   2.4474007e-01   0.0000000e+00  -3.2451456e-02   1.8861843e-01  -1.0697277e-01  -2.1266174e-01   1.9918760e-01  -1.7592505e-01  -2.4163025e-01   2.0226468e-01  -1.0474022e-02   6.7901409e-02   4.9719339e-02  -2.2807635e-01   5.5200978e-01   1.8323940e-01  -1.2955667e-01  -3.5153206e-01   1.5232734e-01   7.1908684e-02  -8.6091643e-02   4.4434177e-02   4.2988538e-02  -1.6531774e-01  -2.7890436e-01   6.0622287e-01   3.4092081e-01   1.5120047e-01   3.8579032e-01  -1.1939540e-01  -2.8580890e-01   3.6765427e-02  -2.5571605e-01  -1.3618454e-01   9.2953717e-02  -1.6428519e-01   2.2950406e-01  -1.2030840e-01  -8.5075973e-02   3.4373137e-01  -1.5235802e-01  -1.2361638e-01   2.8713733e-01  -2.2194537e-01   1.8458950e-03  -1.4205153e-01  -1.7751164e-01   2.0418814e-02  -1.9744453e-01  -2.6145946e-02  -3.2817779e-01   1.0480486e-01  -1.2370606e-01  -3.3927684e-02  -1.1154730e-01   8.0107788e-02   7.4693844e-02   4.7391766e-01   5.4278486e-02   1.2157169e-01  -3.1822979e-01  -9.3671940e-02   2.6865907e-01   6.5374655e-02  -1.0639909e-01  -8.9202891e-02  -6.9518053e-02  -1.0543555e-01  -1.6328777e-01  -9.0267816e-02  -2.3361553e-01  -3.4052106e-01   2.2702975e-01  -1.4698607e-01   1.8794350e-01  -3.8468413e-01  -4.2446056e-02  -9.9555086e-02   1.7769013e-01  -2.3089948e-01   1.3352075e-01  -1.2198101e-01  -1.9729514e-01  -2.4844242e-01   2.6407463e-01   2.9303314e-01  -1.6237621e-01  -2.0262276e-01  -1.5424606e-01  -2.5211400e-01  -2.6412121e-01   4.1278739e-01   1.9767693e-02   2.2695801e-01  -2.4067651e-01   1.3709639e-01   1.5712085e-01  -5.2215386e-02  -1.6698929e-01  -9.4588425e-02   6.7853432e-01   2.2224781e-01   3.4658297e-01  -1.8280120e-01  -2.4881820e-02  -2.9649854e-02   1.6431428e-01  -1.6831868e-01   1.1403978e-01  -7.6412753e-02  -2.7024151e-01  -8.6739284e-02  -2.3049407e-01  -1.4951379e-02  -7.6971065e-02  -3.2511847e-02  -1.7166612e-01  -1.2622057e-01   2.6157057e-02  -2.3913082e-01  -5.6332078e-02  -1.9017504e-01  -2.5047134e-01   3.8636624e-01  -9.4986416e-02   2.6368311e-01   1.5049914e-01  -1.1966356e-01   5.8080613e-02   5.6493465e-02  -1.4976484e-01   5.7944727e-02  -2.6898396e-01  -4.8238017e-02  -1.4132225e-01  -1.3302934e-02   4.4083575e-01  -2.7423481e-02   3.9872566e-01  -1.6560779e-01   1.3310659e-01   4.5743749e-01   1.7555026e-01  -8.7508927e-02  -2.3568443e-01   3.4327657e-02  -1.0020333e-01   1.1879643e-01  -2.8992251e-01  -7.3920298e-02  -1.9746261e-01  -9.3549955e-02   7.1098112e-02  -1.3878507e-01   3.3142071e-01  -6.7938034e-02  -1.7625355e-01   2.0167063e-01  -8.0063796e-02  -2.3384356e-01  -6.8714350e-02   1.4439809e-01  -7.7716001e-02  -1.9462942e-01   8.0945962e-02  -1.8483442e-01   7.7269557e-02  -3.3665709e-01  -1.8440878e-02
  -1.9627873e-01  -1.5756662e-01  -3.9243545e-01  -1.9249967e-02  -1.7338421e-02  -3.1842707e-01   3.8504891e-02   4.6105042e-01   1.1255795e-01  -3.2451456e-02   0.0000000e+00  -1.5514528e-01   2.2826084e-01  -1.0444859e-01   3.1389742e-01   2.4422425e-01  -3.2241924e-01   4.6393065e-01  -1.0358055e-01  -2.4706549e-01   5.0016355e-02  -1.1675016e-01   4.8067358e-02   6.0137791e-02  -4.5604625e-01   8.4727473e-02  -2.5110731e-01   1.8306966e-01   1.0573915e-01   3.6580233e-01   2.5393095e-01   1.5901771e-01   9.4109223e-03  -1.0951863e-01   5.4158939e-02   3.5210163e-02  -4.2850989e-02   6.7480851e-03   1.5276607e-01  -4.3233442e-01   3.2624031e-01  -2.5690615e-01  -3.3728473e-01   4.1404349e-02  -1.6485752e-01  -8.3348055e-02   6.0324177e-01   1.5252074e-01   1.8158825e-02  -1.5879422e-01   4.3298993e-01   1.8683015e-01   4.6169081e-02  -1.9076171e-01  -2.1298723e-01   1.3986473e-01  -3.0209774e-01   2.3224211e-01   4.4608239e-01   2.4381159e-02  -5.1014565e-02  -4.5046747e-02  -1.5347193e-01   4.6430035e-01   4.0223316e-02   3.2022465e-01  -2.6689731e-01  -3.7620756e-01   1.8385510e-01  -2.1086802e-01  -1.7969409e-01   2.2772339e-01   3.0995489e-01  -3.1558353e-01  -1.5540636e-01   4.0794368e-01   7.6431071e-02  -2.1027422e-03  -1.1937709e-01  -2.7961905e-01   9.2044542e-02   2.6089546e-01  -4.8172082e-02   2.0870705e-01  -1.6578863e-01   4.4703982e-01  -8.4385551e-02   2.2255193e-01  -2.0798026e-01  -4.9375808e-02  -7.0448639e-02  -3.4830767e-03  -2.5339615e-01   4.9220034e-02   1.5872562e-01  -4.4113942e-01  -3.2386564e-01  -1.7612605e-02  -1.1396495e-01  -4.7769610e-03   4.6361384e-02   1.4011465e-01   3.9854468e-02   1.1284338e-01   9.7757108e-02  -2.5117069e-02  -2.2487596e-01   1.8209696e-02  -1.7698006e-01   3.5338702e-01  -2.2433958e-01   1.5369316e-01  -1.3964996e-01  -1.0458155e-01   7.7520190e-02   9.1703192e-02   1.3143188e-02   1.9807971e-01  -1.4018230e-01   8.3325709e-02   1.8096895e-01  -1.1042325e-01  -2.6831474e-01   3.5703537e-01   6.8251847e-02   1.6328361e-02   1.3252027e-01  -1.5127001e-01  -5.2124172e-02  -3.0918861e-01   2.7961367e-01   1.5943239e-01  -4.4858444e-01   2.5805065e-01  -1.7469980e-01   4.6151369e-01  -3.7112072e-01   7.8825877e-02   5.7036054e-01  -1.0502495e-01   7.6794354e-02  -1.3069720e-01   5.2006852e-01  -1.9978325e-01   7.9745713e-02   4.7852466e-01  -4.5291531e-01   4.3032476e-01   2.2734975e-01   7.8666594e-02   3.3469374e-02   3.7051426e-02   3.2549935e-03   6.0271885e-01  -4.2135546e-01   1.0904766e-01  -9.7264436e-02   3.9081875e-01   7.2594124e-02   2.5703463e-01  -9.0863970e-02   6.0101358e-01   3.1815467e-01   4.4031458e-01   2.8859609e-02  -3.8197156e-01   2.6016033e-01  -9.4243742e-02  -3.8318302e-01   5.6209250e-03  -2.4130147e-02   1.5867639e-02   8.1825957e-02  -2.7510338e-01  -1.9670568e-01  -5.3224951e-03  -3.3004065e-03
  -1.7001223e-01   3.0633567e-01  -1.4820622e-02  -2.5818989e-02   3.6131062e-01   1.3839677e-01   3.4331721e-01  -2.2640153e-01   4.3466410e-01   1.8861843e-01  -1.5514528e-01   0.0000000e+00  -2.4428026e-01  -3.5940023e-02   5.3896193e-01   9.2372679e-02  -1.3996305e-01  -1.1306588e-02  -1.2763478e-01   1.5367363e-02  -3.0300473e-01   7.4259594e-02  -2.0922101e-02  -7.2201214e-02   1.6698531e-01  -2.9387000e-01  -2.3252558e-02  -2.4828094e-01   7.7328021e-02   4.4968351e-01  -2.5096161e-01  -2.8569939e-01  -7.1139408e-03  -2.0035207e-01  -1.4536049e-01   3.0009405e-01  -4.4278647e-01  -2.5248882e-01   4.4988792e-02  -9.6131054e-02  -2.4940779e-01   6.3532330e-02   6.2788774e-01  -1.8966959e-01   3.9047565e-01  -3.5376714e-01  -2.0437264e-03   6.2073068e-02  -3.1254979e-01  -1.7860756e-01  -1.4577215e-01  -2.3924486e-01   2.7162539e-01  -1.7330276e-02   6.7779231e-02  -1.6402147e-01   4.6367121e-02  -7.8522321e-02  -2.9002600e-02   4.6525901e-01  -2.5148573e-01   5.7879216e-01   1.6143478e-01   3.5806005e-03   1.5490246e-01   3.9886072e-02  -8.4907557e-02   1.9367365e-01  -8.8741106e-02   2.7233108e-02  -3.1124429e-01   8.2457415e-02   4.6390375e-02   4.6358460e-01  -1.5612522e-01  -2.1570227e-01  -3.0029808e-01  -1.2211363e-01   5.8573915e-01   6.2772908e-02  -2.7803334e-01   6.2878878e-02  -3.1434200e-01  -3.0165629e-01  -5.7132474e-02  -2.4869649e-01  -3.7839411e-02  -1.1716713e-01   2.8072297e-01  -1.8784153e-01   2.5176026e-01  -1.9788234e-01   1.2068760e-01   7.3873941e-01  -3.3162573e-01  -1.9563389e-01   3.1695222e-01  -1.4801370e-01   3.8767810e-01  -3.7749714e-01  -5.0792586e-01   5.5597196e-01  -1.7990278e-02   4.9761124e-01  -8.1493661e-02  -2.0525545e-01  -2.1491398e-02  -2.5527904e-02   1.6848805e-01   6.9328333e-02   1.1938807e-01   1.1435273e-01   1.9045992e-01  -2.7756002e-01  -3.5362021e-01   2.4389633e-01  -8.7791010e-02  -1.5965782e-01   3.3138970e-02   3.4477184e-02  -2.1120729e-01   5.6123114e-01   5.4185273e-01   3.3354691e-01  -3.2793137e-01   1.2489905e-01   4.1356707e-01  -1.6509649e-01  -1.6650430e-01  -2.7614621e-02   9.7561494e-03  -4.1458659e-02   2.7939875e-01  -2.8454895e-01   2.5787891e-01  -2.1616961e-01   8.8638988e-02  -3.8113575e-01  -1.2042074e-01  -2.8267466e-01  -3.2691808e-01  -7.6540739e-02  -1.6161757e-02   1.2024215e-01   2.7885671e-01  -5.0500676e-02   8.8512849e-02   2.9342987e-01   3.5442868e-01  -4.0294919e-01  -2.3627276e-01  -4.0659293e-01   8.7885573e-02   1.3874599e-01   3.4487755e-01  -3.1790229e-01  -3.0119122e-01   3.2615707e-02  -1.5749212e-01  -1.6777782e-01   3.5111469e-01   1.0018859e-01  -3.3522460e-01  -9.4056649e-02  -2.3498211e-01   5.6311689e-01   6.3242563e-01  -1.5834521e-01  -5.3397404e-02  -3.1879366e-01   6.7303852e-01  -4.3747354e-01   1.0079004e-01   2.6440349e-01   1.8564616e-01   5.6551323e-02  -2.1736646e-01
  -1.9127592e-01  -9.3965136e-02   9.5229897e-03  -1.7361420e-01  -8.9069673e-02  -1.3916953e-01  -1.8952591e-01   2.4236971e-01  -1.0550825e-01  -1.0697277e-01   2.2826084e-01  -2.4428026e-01   0.0000000e+00  -4.6788642e-02  -1.5950402e-01   2.3044574e-01   6.3235461e-02   1.6092231e-01  -8.1035875e-02   3.4747190e-02  -1.7461159e-01  -1.2906062e-01  -1.0778767e-01   1.2383756e-01  -1.1142706e-01   2.0291812e-01  -1.2336840e-01   9.7240909e-02   8.5490250e-02  -9.8619557e-02  -1.7646840e-02  -1.1618867e-04   1.6462506e-01   1.3214045e-02   1.5643503e-01  -1.6201565e-01   1.1688418e-01   1.3436868e-01   2.7484727e-01   7.0386314e-03   5.5828564e-01   7.3422960e-02  -3.0049861e-01   4.5490588e-02  -2.3322645e-01   1.3415388e-01   7.9940610e-02  -2.2083522e-01   1.1540063e-01   1.0285420e-01   1.4738030e-01   2.5833255e-01  -9.0214812e-02   1.2577600e-01  -7.8569530e-02   2.0574476e-01  -1.8171088e-01  -2.4002963e-02   1.5341883e-01  -1.7636555e-01   8.6632961e-02  -2.5236646e-01   4.5607935e-02   1.9375415e-01  -2.0653801e-01   5.0895378e-02  -1.9733806e-01  -3.5456450e-01  -1.5008339e-01  -7.0891023e-02  -1.4765962e-02  -4.4198976e-02   3.8628147e-01  -2.2241733e-01   2.8128036e-01  -6.0636836e-02   2.5358589e-02  -1.0621732e-02  -2.4894007e-01   1.0587210e-01   1.1521540e-01   2.4724665e-01   8.9388839e-02   1.1488055e-01  -1.0494954e-01  -2.5031091e-02  -1.4628554e-01   1.9323468e-01  -1.8907211e-01   1.1325467e-01  -1.9891592e-01   1.7626312e-01  -1.0613465e-01  -1.2301835e-01   6.6119416e-02  -3.2957071e-02  -4.3616531e-02  -1.0023715e-01  -1.8982082e-01   4.2490266e-02   1.5608814e-01  -1.2217083e-02  -1.6580596e-01  -9.4292761e-02  -5.0168331e-02  -8.8942909e-02  -4.0225159e-02  -1.3493756e-01  -1.6818397e-01  -1.0491697e-01  -8.0704987e-03  -1.3885725e-01  -1.2264712e-01  -8.2314839e-02   1.8300350e-01  -5.1123922e-02   3.7203679e-03   5.1776146e-01  -1.0876597e-01  -1.4799422e-01   1.1437473e-01  -1.9476688e-01   8.3569895e-03  -9.0531563e-02  -1.1751714e-02  -1.5047941e-01  -1.7263070e-01   3.0333375e-01  -3.8864494e-02  -7.1361270e-02   2.7654043e-01  -1.2728590e-01  -2.0589187e-01  -7.5474990e-02  -1.7746750e-01   6.0004369e-02   4.3547203e-02   1.5264816e-02   8.7542546e-02   3.2450468e-02  -1.8178437e-02   3.8198207e-01   5.0976532e-02  -1.4187589e-01  -2.0673637e-01  -5.9673252e-03  -1.2981664e-01  -6.8140261e-02  -4.4941244e-02  -1.9508749e-02   1.6057322e-01  -7.9480837e-02  -3.4679860e-03   7.9709588e-02  -1.2499722e-01   1.6353287e-01   3.4268696e-02   1.1648324e-01   2.2367493e-01   6.7276323e-02  -1.1362607e-01   2.1688771e-01   8.8371512e-02   4.2406570e-02  -5.8587833e-02  -3.2454071e-01  -3.9930927e-02  -1.2921439e-01  -1.7057730e-02   3.7895314e-02  -2.1101638e-01   2.9907574e-01  -1.6500269e-01  -2.5718052e-01   5.0575476e-02  -1.3684915e-02   5.5892243e-02
   2.6084277e-01  -1.8231259e-01  -2.1721467e-01   5.1076246e-01  -9.3293157e-02   2.8562455e-01  -3.5531722e-02  -2.6126688e-01  -1.1889454e-01  -2.1266174e-01  -1.0444859e-01  -3.5940023e-02  -4.6788642e-02   0.0000000e+00   1.2407069e-01  -1.0470392e-01  -2.7149675e-01   1.1890776e-01   1.8249410e-01  -9.7367011e-02   2.7987778e-01   6.5946421e-01   1.0571419e-01  -7.9455067e-02   1.2980463e-02   3.4994760e-01  -7.6181294e-02   2.6404221e-01  -7.2708948e-02   1.7390562e-01   2.3615213e-01   2.9057727e-01  -7.6445015e-02  -3.0228634e-01  -3.7408453e-02   1.7647726e-01  -2.4404338e-01  -3.3652985e-01   8.0208280e-02  -2.0622083e-01  -9.9906222e-02  -1.9461069e-01  -3.0832086e-02   4.7512117e-01   2.4906498e-01  -4.0716486e-01  -2.9250611e-02  -8.2890851e-02  -4.5873112e-02  -3.0750976e-01   2.4694069e-01  -3.4258830e-01  -1.7688304e-01  -9.9079825e-02   4.8958018e-01   2.0234098e-01   4.3366076e-01   4.5230267e-01   4.8750672e-02   1.2276921e-01  -3.2997236e-01   1.3570552e-01  -2.5674899e-01  -1.3904137e-01   1.7363965e-01  -9.4929662e-02   4.0030349e-01   9.8980069e-02   4.9151267e-01   3.3893596e-02  -2.4909614e-01   2.2629276e-01  -1.0124123e-01   3.3695659e-01  -4.2783688e-02   1.3820250e-01  -3.1774913e-01   3.4741394e-01   2.0243671e-02   6.1792136e-03   1.1380328e-01  -1.0249384e-01  -2.6759542e-01  -8.1536488e-02   2.9704669e-01  -2.3244469e-02   4.8651271e-01   8.6659142e-02  -2.4770776e-01  -1.0729253e-01  -7.3007812e-02  -3.2081635e-01  -1.4186347e-01  -1.8520547e-02  -5.3574924e-01  -1.8430455e-01   2.5560884e-01   1.3607711e-01   1.1933228e-01   1.4238242e-01   3.0311471e-02  -1.2041335e-01   7.1254978e-01   2.6012713e-01   4.0544014e-01   4.6839652e-01   2.5860957e-01   2.7033928e-01   4.1747879e-02  -2.2579159e-02  -2.2683953e-01   5.6332125e-01   7.1029188e-02  -1.5934500e-01  -1.3404617e-01  -1.3429312e-01   2.8078627e-01   1.1762608e-01   4.0360104e-01   4.0167368e-01  -1.8883389e-01  -1.0356610e-03  -2.7385956e-01   1.1952107e-01  -1.2274820e-01   5.3673337e-01   3.1000129e-01  -1.0707600e-01   5.0518496e-01  -1.2770226e-01  -1.9353202e-01   5.9352881e-02   3.0580628e-01   8.9800973e-02   4.1797045e-02  -2.4958091e-01   8.7602171e-02   4.0808536e-01  -1.5568324e-01  -7.7862141e-02   1.3160935e-01  -4.8286848e-02  -1.1565757e-01   2.0696539e-01   4.3130543e-02   1.9995332e-01  -2.7945283e-01  -4.3505674e-03   7.5931343e-02  -3.8655761e-02  -1.4222056e-01   4.8871419e-01  -2.1645105e-01  -2.7356600e-01  -2.7336314e-01  -2.5600506e-01  -2.1317778e-01  -2.5453707e-02  -4.0037113e-01   2.5185582e-01   6.2760016e-02  -1.5111675e-01  -3.2414458e-01   2.8710246e-01   3.3635653e-01  -1.6576881e-02  -8.5129756e-02   3.6031223e-01   2.1175308e-01  -2.8753135e-01  -9.7681335e-02  -2.0919880e-01   9.8678993e-02   3.5888279e-01   9.5095740e-02  -3.6886146e-01   3.7749024e-01
