   0.0000000e+00  -3.1439729e-01   1.2644264e-01  -2.6070538e-02  -2.6009827e-01  -4.1893104e-02  -4.4877466e-01   5.2804868e-01   1.3091077e-01  -2.2620701e-01   1.1086979e-01  -2.9571079e-01  -2.7181937e-01   2.0418908e-01   1.3323275e-01  -4.1215944e-01   5.2945537e-02  -1.0615466e-01   3.3950691e-01  -3.5363931e-01  -3.3007067e-01   4.6363485e-01  -2.2227715e-01   8.1251734e-01   8.5292144e-02   5.2013065e-01  -2.1659656e-01   9.1306431e-02   1.0470785e-01   8.9620922e-02   4.3753029e-01   3.2226446e-01  -2.8990897e-02  -5.1310274e-01  -2.7247726e-01  -5.0479760e-01  -3.7629057e-01   1.1051524e-01  -5.7475500e-01  -2.1514675e-01  -3.6801199e-01   2.4042033e-01  -2.1160398e-01   5.3630799e-01  -3.2414188e-01   7.0432964e-01  -1.4251567e-01  -5.5809777e-01  -3.0026535e-01  -8.3485347e-02  -1.3574699e-01   6.5017142e-01  -4.1932017e-01   8.4197672e-02   5.1602409e-01   3.5740714e-01   2.2976032e-01   5.8415941e-01  -3.7073034e-01   3.2337873e-01   2.6976647e-01  -5.0069244e-02  -1.5572264e-01   2.5829090e-01  -2.4538310e-01  -2.1724671e-01  -1.6336543e-01   9.2254546e-03   2.1217478e-01   5.2508640e-01  -4.6198984e-01   3.0670905e-01  -6.1858125e-01   3.2713110e-01   3.9288687e-01   6.2228102e-01   4.0975405e-02   2.9348743e-01  -4.9890038e-01  -6.9381872e-02   1.1478185e-01  -4.8557886e-01  -2.5630905e-01   4.7191467e-01   5.7728228e-01   5.2437477e-01  -3.3305258e-01   4.5345164e-01  -1.1947383e-01   8.3520484e-01  -9.3735007e-02   3.5044627e-01  -2.1437366e-01   1.4819427e-01  -1.4999659e-01  -2.1907511e-01   1.6671013e-01   3.8129183e-01  -2.0263605e-01  -3.7530144e-01   3.7759246e-01  -1.0753689e-01   2.7013461e-01   1.9870501e-01   1.9312206e-01   4.5135610e-01   1.3302648e-01   3.4734889e-01  -3.5534499e-01  -4.5058302e-02  -1.7697025e-01   2.4490792e-01   3.1001150e-01   9.1154038e-01   2.9375795e-01  -3.8262725e-01   4.3788368e-01  -4.5109727e-01   2.0410582e-01   4.4078612e-03   8.6975180e-01  -5.6091000e-02  -1.0223442e-02  -3.9143309e-01   8.2069626e-01   8.0599335e-01  -3.0836737e-01   1.5290852e-01   5.4039500e-01  -1.7672198e-02  -5.6108288e-01  -5.9124456e-01   7.5819147e-01  -3.3018567e-01   3.9228755e-01   6.1796586e-01   9.0987638e-02  -4.1070842e-01   5.9882950e-01   6.6926894e-01   7.5090026e-01  -7.7430594e-02   2.7063313e-01   1.2355659e-01  -1.7496940e-01   1.2361397e-01  -5.3309710e-01  -1.0473324e-01  -1.0502960e-01  -5.2079055e-01   4.4756561e-01  -5.6238468e-02   6.0326253e-01  -2.4496438e-01  -1.5076166e-01   8.2918178e-01   7.3363623e-01  -4.2328930e-01   3.8574370e-01   3.4439494e-01   1.3323418e-01   4.8229467e-01  -4.8021520e-01   2.9138177e-01   3.9671250e-01  -3.6088200e-01  -4.6217450e-01   4.1267382e-01   4.5688390e-01  -2.8721953e-01  -2.9994003e-01   2.8807409e-01   1.3285389e-01  -1.0563585e-02   2.7607308e-01  -2.7784409e-01   3.2491886e-01
  -3.1439729e-01   0.0000000e+00  -1.6463534e-01   8.4127484e-02   2.6628645e-01   8.9707352e-02   3.6677089e-01  -4.1619701e-01   1.8927672e-01  -1.8023335e-01  -7.4666948e-02   6.7999062e-01   9.5576464e-04  -6.8094332e-02  -2.8891230e-01   1.4429406e-01  -2.6197822e-01   3.6780792e-03  -2.1214403e-01   2.4976005e-01  -2.3287664e-02  -2.5326828e-01  -2.2508675e-01  -2.2548022e-01  -6.2422314e-02  -4.3365833e-01   3.8319998e-01  -4.2006318e-01   1.0583792e-01   3.6937300e-01  -3.1817181e-01  -3.5934670e-01  -1.4748362e-01   1.3765785e-01   3.4649395e-01   3.3278002e-01   2.1564736e-01  -2.4918152e-01   2.9482003e-01   3.3244711e-01   7.5338152e-02  -3.6509149e-01   1.9939411e-01  -4.9155670e-01   3.4823171e-01  -3.3785894e-01   2.9379791e-01   5.2275234e-01  -1.5164029e-01  -5.1993400e-02   3.7447466e-02  -4.3805254e-01   6.3081984e-01  -3.4123914e-01  -2.0167779e-01  -4.9224251e-01  -5.4081680e-02  -3.5493910e-01   8.2510700e-02  -2.7049577e-02  -3.1996188e-01   2.7351149e-03   4.6991465e-01  -8.1691286e-02   5.0845001e-01   4.0994788e-01  -9.5474917e-02  -5.5702464e-02  -1.9878274e-01  -1.7431793e-01   1.8863395e-01  -4.2072401e-02   1.6758537e-01  -4.3813759e-01  -3.1592327e-01  -4.3956694e-01  -1.9684701e-01  -3.4324009e-01   6.0579207e-01  -5.1470484e-02  -5.2987987e-01   1.1268612e-01  -2.2989721e-01  -4.5883159e-01  -2.9617155e-01  -3.7801634e-01   6.3674428e-01  -4.9573074e-01   4.0451586e-01  -1.8635809e-01   5.2504106e-01  -4.8928561e-01   2.0048406e-01   1.2368925e-01  -1.2125369e-01   1.3467405e-01   1.9435539e-01  -3.4422496e-01   3.9845987e-01  -5.1824185e-02  -4.2151957e-01  -1.4132582e-01  -4.5965620e-01   3.1165339e-01  -2.0788101e-01  -3.1589849e-01  -3.1889088e-01  -2.7440661e-01   9.8515941e-02   2.2140463e-01  -8.8652102e-02   1.1562305e-01   1.9372943e-01  -3.0107942e-01  -4.8973237e-01   7.1489742e-01  -3.1491261e-01   4.0608836e-02  -1.7050759e-01  -6.3760470e-02  -2.8958940e-01   1.6709498e-01   3.0324348e-01   3.4693239e-01  -2.6625170e-01  -2.9140746e-01   4.4214089e-01  -1.9683312e-01  -3.4657045e-01   1.2587324e-02   1.3814880e-01   1.8945803e-03  -3.4737116e-01  -1.3214204e-01  -1.7651124e-01  -4.6268904e-01  -2.0386761e-01   8.2081063e-02  -4.6872828e-01  -3.4050046e-01  -1.8862657e-01  -3.4909820e-02  -2.6682603e-01   1.3602921e-01  -4.3932037e-01  -5.6766872e-01   9.2439630e-02   5.4884805e-01   3.1128942e-01   3.2069488e-01  -3.4349243e-01  -3.9486682e-01  -3.1707466e-01   3.4527994e-01   5.9131075e-01  -2.7220348e-01  -3.4221570e-01   9.4273185e-02  -4.8367894e-01  -3.6941501e-01   9.4588750e-02  -3.9003344e-01  -3.1524706e-02  -2.1784639e-01  -1.6810798e-01   2.8126059e-01   4.1760273e-01  -2.6046223e-01  -1.9547681e-01   1.9819890e-01   5.0672265e-01  -2.3958472e-01   1.4761673e-01   2.8948918e-01   1.2145952e-01  -1.1366893e-01  -1.7871893e-01
   1.2644264e-01  -1.6463534e-01   0.0000000e+00  -2.9793044e-01   3.5460925e-01   7.1676051e-02  -6.1585217e-01   3.0796020e-02  -1.6977876e-01  -5.0851388e-01  -5.3007198e-01   1.3357567e-01   2.0532728e-01  -5.6443124e-02  -2.9326205e-01   1.4659373e-01   9.0972970e-01  -6.1001688e-01  -1.6116269e-01   3.0763258e-01  -3.9712457e-01  -1.3987427e-01  -3.6419270e-01  -9.1129148e-02  -1.7270476e-01   6.9069207e-02   6.6867610e-02  -1.3272976e-01   3.8543113e-01  -4.6910112e-01  -1.4367381e-02   1.1410934e-02   4.2971733e-01  -2.2827106e-01  -3.3693117e-02  -1.1761707e-01  -5.1908453e-01   5.2711056e-01   1.0749152e-01   3.1565285e-01  -7.0405444e-02   2.7760601e-01  -2.1529066e-03   6.9438532e-03  -9.4311957e-02   3.8075738e-01  -3.4804790e-01  -4.9354638e-01   3.4034055e-01   7.3880699e-01  -5.4369835e-01   9.5927691e-03  -5.4893713e-01   7.6678262e-01   3.6937648e-02  -1.4316804e-01  -1.2262024e-01  -8.2966490e-02  -2.1307622e-01  -1.9202355e-01   6.4306980e-01   6.4132015e-02   1.6321696e-01  -1.2207302e-01  -5.4255083e-01  -5.8291393e-01   1.7123698e-01  -1.2343409e-01  -1.3279256e-01   4.1464668e-01   5.4104013e-01  -4.1946990e-01  -2.1939182e-02   1.4388643e-01   3.5672404e-01   1.0072681e-01   6.1189777e-01  -1.5690429e-01   3.3978289e-03   8.2748273e-02  -8.6264436e-02  -5.1198205e-02   1.5273024e-01  -6.1568459e-02   4.2001356e-01   7.2727620e-02  -4.5247941e-01   3.1075267e-01   3.3162779e-01   1.2157865e-01   2.3386691e-01   7.0171572e-01  -1.1505757e-01  -5.3518166e-01   5.8527384e-01   4.1389305e-01   7.1991087e-02  -6.7696153e-02  -2.7431284e-01  -7.2762386e-02   2.9872575e-01  -1.6119683e-01  -2.3838963e-02  -3.0942885e-01  -2.7628187e-01   6.8106155e-02   7.6859975e-01  -1.9239769e-01  -2.5273761e-01  -4.1160863e-01  -2.1387799e-01  -4.7565494e-01  -8.8788264e-02   2.2619387e-01  -7.7604923e-02  -1.4932601e-01  -1.5916401e-01   4.7197978e-02   3.6723849e-01  -2.9169744e-01   1.3828793e-01   5.8529092e-01   3.7211811e-01  -5.6826070e-01   1.5186461e-01   2.0880868e-01  -6.0404310e-01   4.6279123e-01  -1.2422853e-02   6.3482657e-01  -4.8040584e-04  -2.0307410e-01   7.5695060e-02  -1.6096596e-01  -8.1229578e-02   9.6093848e-02   3.5815874e-01  -7.6595906e-02   1.0370095e-01   4.0683433e-01   3.2173027e-01   1.5190083e-01  -2.2850679e-01   1.3948299e-01  -2.3541274e-02   2.4530630e-02   3.0775927e-01  -3.5343679e-01  -5.7690599e-01  -1.6821707e-01   4.7672600e-01   1.0467932e-02   2.4187777e-01  -5.4844952e-01   4.9975557e-01   2.3119374e-01   3.5100207e-01  -2.3620197e-01   7.2933081e-01  -3.2054667e-01  -1.1198482e-02  -1.4818975e-01   1.0210236e-01  -2.4439130e-01  -9.0473056e-02   2.6370826e-01  -4.5247993e-01   1.7053466e-01   4.5741601e-01   3.0929610e-01   6.2577028e-02   4.5542862e-01  -4.6288485e-01  -1.0058166e-01  -1.0232429e-01   2.8993660e-01   4.3225261e-02
  -2.6070538e-02   8.4127484e-02  -2.9793044e-01   0.0000000e+00  -2.7734849e-01  -3.7099357e-02   1.9092443e-01   4.9336165e-02   1.4310894e-02   3.7860728e-02   3.2023371e-01  -2.9201903e-01  -9.6889506e-02  -1.2551562e-01   4.5926548e-02   1.0484597e-01  -2.6369705e-01   3.1046310e-01   6.3888539e-02  -2.2169246e-01   1.8450925e-01   4.1046266e-01   2.6396964e-01   1.0521193e-01  -5.0086973e-02  -1.3317293e-01   2.8193067e-02  -1.0171574e-01  -2.1146609e-01   5.6148588e-01  -9.3229590e-04   4.7778763e-01  -4.9002044e-02  -1.1788383e-01  -1.9769040e-02   1.9607516e-01   2.2320683e-01  -1.7854475e-01   3.7969819e-02  -3.3525982e-01   2.1046753e-01  -6.5217523e-02  -2.1172922e-01  -8.4392305e-02  -2.5290380e-01   1.5590805e-02   4.1374959e-01   1.5028353e-01  -2.5423804e-01  -3.5509852e-01   3.7174622e-01  -1.2694744e-01   8.0338236e-02  -3.7823748e-01   3.9512976e-02   4.8620564e-02   1.9227785e-01   2.0207161e-01   4.6502301e-01   2.3135607e-01  -2.9116683e-02  -2.8663675e-01  -2.8269766e-01  -4.1923046e-03   3.4348846e-02   2.6756788e-01  -6.1060794e-02  -4.2020015e-01   3.2981505e-01  -3.0339943e-03  -2.6671801e-01   1.7297112e-01   5.4804980e-02   4.7651227e-02  -2.6293614e-01   1.2279263e-01  -9.0523489e-02  -2.1352270e-02  -1.3480487e-02  -9.0746253e-02   6.9752589e-02   4.6911412e-02  -3.5486273e-01  -1.1766459e-02   2.7439233e-02   1.3698144e-01  -2.9147973e-02  -7.0142853e-02  -2.0012151e-01  -7.8227107e-02  -2.1619071e-01  -2.6674764e-01  -1.0966805e-01   3.1195441e-01  -1.2260206e-01  -2.4141808e-01   3.7391648e-02  -4.5868945e-02   1.0081395e-01  -1.9024907e-01  -1.0890833e-01  -2.0532343e-02   2.4283782e-01   2.8105048e-01   4.9444742e-01   3.4312910e-01  -3.9349219e-01   1.4505519e-01  -2.0423770e-01   2.2393345e-01  -2.1804298e-01   4.2671057e-01   4.5774569e-02   5.1434208e-02  -9.2547676e-02   5.9133242e-03   1.6523468e-02   4.8648714e-02  -1.2678187e-01   7.7672473e-01  -1.2155411e-01  -2.7575658e-01  -4.6168827e-01   2.6601793e-01   1.4575491e-02  -8.2335689e-03   2.9054847e-01  -3.2158377e-02   1.9287432e-01  -8.0380875e-02   7.1579511e-02   1.0330316e-01   1.1944661e-01   8.8492487e-02  -6.3750793e-02   6.1920907e-02  -3.7575390e-01   1.4773654e-02   1.1117069e-01  -4.7011275e-02  -5.3883477e-02  -4.7763258e-02   3.5409296e-01   1.5002409e-01   5.7401270e-03   3.2031052e-01  -3.5697331e-01   1.9383425e-01   3.0731336e-01  -1.7526340e-01  -2.8939927e-01   8.5304545e-02  -2.0436024e-01   1.2885323e-01  -2.6333346e-01  -8.1003190e-02  -2.4975437e-02   3.9529148e-01  -2.2040215e-01   2.3283620e-01  -3.5974314e-01   9.5786967e-02  -1.6623772e-01   4.8152032e-01   3.0442153e-01  -3.1255854e-01   1.0570645e-01  -4.1412338e-02  -9.6270839e-02  -4.1237424e-01  -7.0578880e-02  -3.1377362e-01   2.0698465e-01   2.4450971e-01   1.2505956e-01  -2.2709651e-01   3.2410534e-01
  -2.6009827e-01   2.6628645e-01   3.5460925e-01  -2.7734849e-01   0.0000000e+00  -1.4875301e-02  -1.2674838e-01  -4.1359956e-01  -1.8592748e-01  -3.4896224e-01  -3.2261089e-01   4.0962752e-01   4.4932543e-01  -4.2989205e-01  -6.2916409e-01   3.2726097e-01   3.8849553e-01  -1.5756830e-01  -5.5506820e-01   8.5060917e-01  -3.3579815e-01  -5.1630598e-01  -3.8294589e-01  -3.1731004e-01  -7.2969902e-02  -2.8571960e-01   5.1200379e-01  -4.7916018e-01   2.7726152e-01  -3.4106906e-01  -4.7961575e-01  -3.7821966e-01   2.3887886e-01   9.2709695e-02   9.6241505e-02   5.4921485e-01   8.1356144e-02   1.7302005e-01   4.2739282e-01   5.3480564e-01   3.6394476e-01  -1.1687662e-03  -1.0720325e-02  -4.2714986e-01   5.0415428e-01  -1.0836402e-01   1.5300986e-01   3.7754741e-02   4.9585097e-01   5.9327267e-01  -1.3998471e-01  -4.2933606e-01   2.1378073e-01   2.9526302e-01  -4.8325655e-01  -4.4996060e-01  -3.3972928e-01  -5.0749134e-01  -4.9958817e-02  -4.9486256e-01   9.9161992e-02   3.3427821e-01   4.4492183e-01  -3.1337989e-01   2.4497305e-01   7.8535568e-02  -1.2778762e-01   2.2405007e-01  -3.7869750e-01  -1.5117544e-01   5.5629926e-01  -2.1767070e-01   4.1797998e-01  -5.4391008e-01   5.7782669e-02  -4.9017945e-01   2.3333832e-01  -1.9165734e-01   5.6953740e-01   1.8200795e-01  -5.5442886e-01   2.7896517e-01  -4.6533988e-02  -3.9216381e-01  -3.3821867e-01  -4.6160345e-01   2.2568897e-02  -4.1033595e-01   5.0432292e-01  -1.6413005e-01   7.4625312e-01   5.1872423e-02   3.2505078e-01  -3.5018617e-01   3.3231915e-01   8.7074364e-01   2.3374477e-01  -4.6292356e-01   4.6104302e-01  -4.4237608e-02  -4.2933064e-01  -2.5715632e-01  -6.4170054e-01  -4.0027589e-01  -4.3544297e-01  -4.0130659e-01   2.0060588e-01  -4.1662466e-01   2.8800068e-01  -2.0810785e-02  -2.2408835e-01  -4.9741450e-01  -6.2349130e-02  -2.8447373e-01  -6.2002625e-01   5.3971304e-01  -3.5523809e-01   3.1232922e-01  -2.1017849e-01  -4.4378416e-01  -2.4690102e-01   7.4737713e-01   4.7189612e-01  -6.0654699e-02  -3.6389905e-01  -3.4831157e-01  -7.1040073e-02   1.0287208e-01  -5.3350935e-01   2.3109565e-01   3.7443147e-01  -1.3367406e-03  -5.1042550e-01  -3.9599620e-01  -3.6405946e-01  -5.1917456e-01   2.5515451e-01  -2.4174137e-01  -5.3697505e-01  -2.1378182e-01  -9.5520116e-02   4.1429834e-01  -4.1642285e-01  -2.2450292e-01  -4.8125638e-01  -5.2661315e-01   4.2245201e-01   3.7562304e-01  -2.2773702e-02   2.1503963e-01  -1.8081956e-01  -4.1048850e-01  -1.3642583e-01   7.7787286e-02   4.8918208e-01  -2.1714833e-01  -2.9308762e-01   6.0414991e-03   1.1170090e-01  -6.6789150e-01   2.0025078e-01  -3.1978838e-01   6.5796160e-02  -6.0559761e-01  -3.1317199e-01   5.3009961e-01   1.8564414e-01  -2.6070510e-01  -1.2046364e-01   5.8457634e-01   5.9193691e-01   5.0045583e-02  -8.2592326e-02  -2.5119060e-01  -8.5806549e-02   3.8368867e-01  -3.0119867e-01
  -4.1893104e-02   8.9707352e-02   7.1676051e-02  -3.7099357e-02  -1.4875301e-02   0.0000000e+00   2.0600066e-01  -4.9961010e-02   1.8745183e-02  -7.4154745e-02   8.0021644e-02   7.2199593e-02   2.1964948e-01  -9.5470276e-02   1.0774100e-01   3.1001193e-01  -8.5330044e-02   1.9500052e-01   4.9655273e-01   1.7122824e-01   7.3746445e-02   7.9247806e-02   1.5013781e-01  -1.6338839e-01  -1.4187894e-01   2.0633154e-01   2.0841247e-01   5.5968982e-02  -3.0362878e-01   1.1258904e-01  -1.6467922e-01  -7.2955462e-03   3.3166965e-02  -3.9339325e-03   1.1442727e-01   9.1329751e-02   4.3799340e-03  -6.9974851e-02   2.5608230e-01   1.5562022e-01   1.7971712e-01  -5.2984784e-02   2.3614839e-01   1.6669096e-02  -2.5769648e-02  -1.7457609e-01   1.7750977e-01   2.8312209e-01  -5.8100143e-02  -1.7881389e-01   2.6203493e-01  -7.5735972e-02   3.9280532e-02   1.0029351e-01   1.2571254e-01   4.3028494e-02   6.8058552e-01   1.7067817e-01   1.4455202e-02   2.0411984e-01  -1.7223568e-02   7.6724045e-02  -1.3597464e-01  -2.8576139e-02  -1.2123145e-01   4.8693367e-02   7.6850202e-01   3.9558450e-02   2.3304256e-01   1.3231418e-01  -5.2872218e-02   2.3290420e-01   2.5234739e-02   1.2780776e-01  -1.8227304e-01  -1.7122068e-01  -8.0104715e-03   4.0778134e-02  -6.0590669e-02   1.6586889e-01   1.3298677e-01   6.6959902e-02   1.0342587e-01  -6.8479457e-02   1.7756965e-01  -1.4531278e-01  -1.4031073e-01   1.3399299e-01  -1.0972690e-01  -1.4828132e-01  -2.3611414e-01   2.1287253e-03   3.0586119e-01  -1.3724967e-02  -1.2756571e-01   4.5573934e-02   5.2058200e-02   3.4822593e-01  -7.7795614e-02  -1.2948785e-01  -2.1165369e-03   2.2761912e-02   2.4754677e-01   1.2584281e-01   2.5133312e-01   6.5794938e-02   1.7866952e-01   2.7716776e-01   3.1017874e-03   2.9068648e-01   2.8247487e-01   2.6770329e-01   1.1005608e-01  -1.1018009e-01  -3.9492610e-02  -2.0097140e-01   7.6924578e-02   1.1066746e-01   1.6397218e-01   1.0797200e-01  -2.7002602e-02  -1.6901838e-01   6.8982226e-02  -1.4507209e-02  -9.7634465e-02   1.0706808e-02   1.7730973e-01  -1.3284027e-01   2.0046012e-01   2.0494080e-01  -1.2021665e-01  -9.0073728e-02   1.0040459e-01   8.6586151e-02   1.0125647e-01  -1.5684235e-01   1.1627967e-01   2.1624544e-01  -1.3480503e-01  -4.5389814e-02  -2.0600956e-01  -2.4540494e-02  -7.2654385e-02   4.2367744e-01   4.3065915e-02  -6.6975600e-02  -4.2419515e-02  -8.5882586e-02   1.2161280e-01  -1.2664580e-01   1.2363112e-01   1.1331959e-02  -1.7099214e-02  -1.6785354e-01   1.2214402e-01   1.1151293e-02   1.6233097e-02   1.1184104e-01  -4.9377627e-02   3.0965297e-01  -5.1471975e-02  -1.1956782e-03   9.2017756e-03   1.3372982e-01   1.7686944e-01  -3.5046744e-01   7.4605766e-02  -5.1471317e-02   1.9270967e-01  -9.6686078e-03  -1.2799449e-01  -1.0366791e-01   1.1694948e-01   5.6019249e-01  -3.8580688e-01   9.4183095e-03   1.3209916e-01
  -4.4877466e-01   3.6677089e-01  -6.1585217e-01   1.9092443e-01  -1.2674838e-01   2.0600066e-01   0.0000000e+00  -3.1136676e-01   7.4928177e-02   5.5714414e-01   1.3875764e-01   1.5787052e-01  -1.0780905e-01  -1.2801852e-01   1.3149316e-01   2.7388599e-01  -5.9859348e-01   4.7781994e-01  -5.1366102e-02   9.7162617e-02   5.4440048e-01  -1.2771594e-01   5.9355160e-01  -2.8101651e-01  -2.1671615e-01  -2.9239668e-01   4.1251118e-01   5.2640711e-02  -4.6762023e-01   3.4208159e-01  -3.4653093e-01  -2.4357060e-01  -3.0332230e-01   7.0976663e-01   2.0025874e-01   5.2698483e-01   6.0936092e-01  -4.2757745e-01   2.3186540e-01   1.4827556e-01   1.2860945e-01  -3.5394803e-01   2.8686620e-01  -4.1822332e-01   2.2937409e-01  -4.8489056e-01   3.0440121e-01   9.0106716e-01  -1.5795645e-01  -5.4087699e-01   4.7960407e-01  -3.0117318e-01   6.7038560e-01  -5.4009731e-01  -2.8576518e-01  -2.6207847e-01   2.6966583e-02  -2.5131033e-01   9.4440815e-02   8.8180009e-02  -4.4447595e-01   8.6506057e-02  -1.4614873e-01  -1.3336693e-01   4.1576703e-01   5.4324676e-01   1.8220784e-01  -1.5481743e-01  -9.0990556e-02  -2.1205232e-01  -7.3861251e-02   1.9526241e-01   2.8610198e-01  -2.4966946e-01  -5.6569787e-01  -3.6316222e-01  -3.5849596e-01  -2.2444665e-01   3.7108584e-01  -2.9301530e-01   2.2037221e-01   3.7522888e-01  -4.4394346e-03  -2.3019261e-01  -5.1269699e-01  -3.0663813e-01   3.6638233e-01  -3.5097086e-01  -2.7074634e-01  -4.4100061e-01  -2.5688371e-01  -5.6598323e-01   1.9670481e-01   3.0897691e-01  -3.3981363e-01  -1.8437707e-01  -1.8054756e-01  -1.8358961e-01   1.9129008e-01   4.6536777e-01  -4.3216170e-01   1.8414745e-01  -5.9473697e-02   1.6517376e-01   1.1760448e-01  -2.6161872e-01  -4.6431090e-01  -1.5400236e-01   4.5865968e-01   2.9030090e-01   2.9372315e-01   2.5957720e-01  -5.9143376e-02  -4.9449470e-01  -1.0908815e-01   3.0495937e-01  -2.9287033e-01   2.2439187e-01  -3.6641930e-01   2.2547577e-01  -4.5780466e-01  -4.5595700e-01  -2.4583728e-01   5.8983892e-01  -3.5783680e-01  -5.0646392e-01   7.0023878e-01  -5.5927613e-01  -2.0460185e-01  -2.0498885e-01   2.0266724e-01   6.0215050e-01  -3.7692537e-01   2.8717665e-01  -1.6672167e-01  -3.3757530e-01  -4.7749653e-01   5.0182308e-01  -3.2781684e-01  -5.7744048e-01  -5.3496369e-01  -3.2070889e-01  -1.3014253e-01   1.8515666e-02   2.4667669e-01  -1.2169005e-01   1.6616271e-01   2.3603563e-01   4.9335836e-01   4.4383092e-01  -6.3277300e-01   1.4909359e-01  -5.9060868e-01   3.4138243e-01  -1.0667109e-01  -4.5028391e-01  -5.0434987e-01   2.1572522e-01  -6.7721539e-01   2.2188682e-01  -2.1911811e-01  -2.2340731e-01   2.6362235e-01   6.5032094e-02  -2.0681435e-01  -8.8405351e-02   7.3306033e-01  -4.4081221e-01  -5.1470563e-01  -2.3000261e-01   7.9734421e-02  -4.5226253e-01   2.4908696e-01   1.5967434e-01  -1.9598402e-01  -1.9281273e-01  -1.8130378e-01
   5.2804868e-01  -4.1619701e-01   3.0796020e-02   4.9336165e-02  -4.1359956e-01  -4.9961010e-02  -3.1136676e-01   0.0000000e+00   1.6677074e-01  -6.4769335e-02   2.9049779e-01  -3.5421999e-01  -4.2712356e-01   1.3457981e-01   4.9161968e-01  -4.7105759e-01  -2.1307155e-02  -6.4953139e-02   3.8968885e-01  -5.8581442e-01  -1.7193604e-01   4.6217206e-01  -1.2516104e-01   5.3361263e-01   1.1833942e-01   6.2073937e-01  -4.1412971e-01   4.6741730e-01   3.4792748e-02   1.7206456e-02   7.3760636e-01   3.8409668e-01  -2.1998687e-02  -2.7128062e-01  -2.6486894e-01  -5.8431889e-01  -4.9928399e-01   1.5511367e-01  -5.4752175e-01  -3.2092966e-01  -3.8369543e-01   2.8680803e-01  -1.6645036e-01   8.1423751e-01  -3.8570059e-01   4.5859456e-01  -2.2508201e-01  -4.5112061e-01  -3.9260864e-01  -1.4813595e-01  -5.8927858e-02   7.4816798e-01  -3.7806642e-01   6.2463649e-03   4.0053982e-01   6.7025283e-01   2.2550279e-01   6.0561513e-01  -1.6755465e-01   2.2354137e-01   2.0357682e-01  -2.8860660e-01  -2.3741463e-01   6.0507287e-01  -3.0410003e-01  -3.1710381e-01  -2.2796719e-02  -1.1260125e-01   2.6551083e-01   2.9542839e-01  -3.3644496e-01   9.8271666e-02  -4.4000472e-01   3.4475900e-01   1.1950631e-01   6.7917780e-01   5.3727557e-02   5.1723308e-01  -5.2905216e-01  -2.0821788e-01   4.0025353e-01  -2.9731390e-01   4.8081784e-02   8.1680248e-01   3.8579568e-01   5.8520275e-01  -2.7208066e-01   3.9750800e-01  -1.9210547e-01   4.4898888e-01  -3.3251746e-01   3.6400540e-01  -1.2948442e-01   1.8609936e-01  -1.0108269e-02  -4.0468488e-01  -1.9615948e-01   5.8693577e-01  -4.9723749e-01  -1.6336827e-01   5.3844475e-01   3.1310616e-01   4.0282457e-01   8.6480426e-02   1.8592170e-01   4.8413808e-01   5.7687573e-02   5.8576662e-01  -3.6916564e-01  -2.0111559e-01   1.6990061e-01   8.7304207e-02  -9.7303674e-02   5.2741122e-01   5.3778458e-01  -4.5035777e-01   5.4361367e-01  -3.0267239e-01   2.7365197e-01   5.0061701e-02   5.7291702e-01  -1.9121514e-01  -2.4623832e-01  -2.3940010e-01   5.6075518e-01   4.5541887e-01  -3.3583958e-01   1.2828465e-01   6.4178879e-01  -1.2396549e-01  -4.0505384e-01  -2.8509483e-01   5.1225661e-01  -4.3289327e-02   4.1471859e-01   7.8113895e-01  -6.2853585e-02  -1.6756309e-01   7.2757410e-01   5.7091373e-01   4.2519390e-01  -2.5892198e-01   4.5682631e-01   7.7289637e-03   1.3101130e-01   4.2991477e-01  -3.3465052e-01  -3.7061049e-01  -1.9138428e-01  -3.6779131e-01   3.7520995e-01   2.8945516e-01   5.8920139e-01   9.3689976e-02  -3.7954182e-01   4.8292894e-01   5.4976870e-01  -2.7235887e-01   3.2721802e-01   4.8438823e-01  -4.0155528e-02   5.9792351e-01  -2.3857108e-01   3.4124861e-01   4.1314615e-01  -2.5650895e-01  -2.8710752e-01   4.8211954e-01   3.1186843e-01  -3.0940492e-01  -4.0691175e-01   2.0523721e-01  -6.5219234e-02  -1.7796917e-02   2.1159590e-01  -2.0675450e-01   3.2870098e-01
   1.3091077e-01   1.8927672e-01  -1.6977876e-01   1.4310894e-02  -1.8592748e-01   1.8745183e-02   7.4928177e-02   1.6677074e-01   0.0000000e+00   6.7742890e-02   3.2043149e-01   1.7200525e-01  -1.2271508e-01   5.0151861e-02   1.9036414e-01  -3.3714973e-01  -2.4605550e-01   1.6933102e-01   9.2058755e-02  -1.6419374e-01   8.9814016e-02   2.4866117e-01  -4.2984849e-02   1.5089626e-01  -6.6281303e-02   1.1980071e-01  -8.8691371e-02   8.8961136e-02  -5.0439810e-02   4.3372348e-01   3.7210703e-01  -7.1605197e-02  -4.0099424e-01  -9.9486161e-02   2.9941033e-01  -1.7053041e-01   1.0721834e-01  -2.6993322e-01  -2.4259449e-01  -8.3455503e-02  -1.4580589e-01  -3.5593815e-01   2.4956884e-01   2.5623506e-01   9.4750845e-02   4.2295300e-02   9.5600160e-02   3.8899970e-02  -2.3242022e-01  -3.8104054e-01   1.7528818e-01   1.3165133e-01   1.9412632e-01  -1.7450747e-01   2.6513076e-01   1.3744316e-01   1.0756456e-01   2.9178784e-01   4.6616539e-02   4.0365589e-01  -1.2025060e-01   7.4622955e-03   2.1695351e-01   5.0972878e-01   2.5743857e-01   1.7710372e-01  -4.3620916e-02  -1.5697951e-02  -6.4643796e-03   5.5756552e-02  -3.3313311e-01   3.1186469e-01  -6.8891026e-02  -1.1860511e-01  -1.4732049e-01   1.1934481e-01  -2.1647247e-01   2.0793395e-01  -4.2283771e-02  -9.5012406e-02  -2.6474933e-02  -1.2589314e-01  -1.1525300e-01   1.7200771e-01   3.3800322e-02   1.1134294e-01   3.3503600e-01  -9.5987228e-02  -5.0801310e-02   2.0687083e-01   1.2196085e-02  -1.1525526e-01   4.9833310e-02   5.9019131e-01  -3.0229903e-01  -2.9836036e-01   1.2541983e-01   7.4410419e-02  -8.7471016e-02  -5.3714450e-02   1.0704285e-01   1.0527548e-01   4.3894898e-03   6.1115602e-01   1.8758774e-01   5.8041016e-02  -1.3341676e-01   9.5704101e-02   1.0011548e-01   1.1334727e-01   1.7716209e-01   2.4180556e-01   3.6110370e-01   1.5978074e-01   1.1636650e-01   5.2800609e-02   1.6680862e-01  -3.5324073e-02   9.1908190e-02   3.9828735e-02   2.5412381e-01  -1.9131882e-01   4.8211522e-02   2.3379566e-01   1.8168570e-01   1.4600290e-01   2.7637009e-01  -3.2769377e-01   3.5408848e-01  -1.4988895e-01  -2.9931729e-01  -1.9423356e-01   6.0301835e-02   6.4843628e-02   5.1605268e-01   1.9909253e-01  -1.1291588e-01  -5.2491929e-02   1.6637850e-01   7.1994957e-02  -1.1092849e-02  -1.7862250e-01   1.7094596e-01   7.4801412e-02  -1.5542275e-01  -9.8501238e-02  -2.7684359e-01   1.1721844e-01   1.6800912e-01   5.2144325e-02  -5.1449701e-02  -9.8324506e-02   1.4435449e-01   3.0292233e-01   9.4355928e-03   1.6496100e-01   2.7969608e-01  -1.6178776e-02  -1.0605563e-01   1.5278717e-01   2.6434285e-01   3.9809275e-01  -1.4819850e-01   2.4562066e-01   7.8898181e-02  -1.1638797e-01   5.6554270e-02   6.7933764e-02   2.3114547e-01  -1.8796461e-01  -3.0317315e-04  -7.7871064e-02   2.9874515e-01   2.5411007e-02   8.0446369e-02  -4.0954161e-01   1.8041388e-01
  -2.2620701e-01  -1.8023335e-01  -5.0851388e-01   3.7860728e-02  -3.4896224e-01  -7.4154745e-02   5.5714414e-01  -6.4769335e-02   6.7742890e-02   0.0000000e+00   8.0332118e-02  -2.2649394e-01  -6.5596770e-02   1.4846176e-01   3.8442007e-01  -1.6978282e-01  -4.7825391e-01   2.8545247e-01   3.0026072e-02  -1.5983501e-01   6.0429712e-01   2.0350185e-02   6.6685317e-01  -1.2451642e-01  -8.7824329e-02   4.7921612e-02   4.3637537e-02   4.7191524e-01  -4.6232280e-01   7.8568627e-02   3.2744199e-02  -2.8860227e-02  -3.2495607e-01   5.4947228e-01   1.6587124e-02   1.3523838e-01   5.0793883e-01  -4.6764512e-01  -2.1361454e-01  -1.0074254e-01  -4.4378909e-03  -2.2653468e-01   1.7969862e-01   1.4232344e-02  -1.1481100e-01  -3.2285385e-01  -8.6470916e-02   4.4455717e-01  -1.1350616e-01  -4.9908690e-01   2.5729861e-01   7.4726978e-02   2.2253838e-01  -3.9224438e-01   1.7146044e-03   1.6487953e-01  -2.1546046e-03  -4.6200882e-02   1.0980606e-01   1.6584003e-01  -4.4603248e-01  -7.8564708e-03  -3.2151253e-01  -1.0144251e-01   9.0046678e-02   2.9018798e-01   6.5097206e-02  -5.9640305e-02  -8.2616701e-02  -1.5482874e-01  -2.3073152e-01   6.8628990e-02   5.8314399e-02   1.1254615e-01  -2.4872505e-01   1.2303733e-02  -4.8604615e-01   1.1410779e-01  -1.1164018e-01  -1.8223861e-01   4.5264221e-01   1.1436224e-01   2.8578080e-01   1.5296430e-01  -3.6640804e-01   3.4026741e-02   1.8565857e-01   7.6245987e-03  -4.8248772e-01  -2.6216722e-01  -4.8097957e-01  -4.3365394e-01   1.1673498e-01   1.8292976e-01  -4.3227503e-01  -2.6090523e-01  -2.9754069e-01   9.2388121e-02  -1.1152744e-01   5.0731301e-01  -1.5892917e-02   2.1086360e-01   1.4304145e-01   1.4730144e-01   1.4804812e-01  -1.2126958e-01  -3.2707659e-01  -2.6541597e-02   3.4572555e-01   1.7826175e-01   4.5419252e-01   1.2345654e-01  -2.0271328e-01  -2.6279655e-01   3.4244242e-01  -1.3450008e-01   3.5110642e-02   1.3788239e-01  -8.5708213e-02   1.9539310e-01  -2.7331534e-01  -5.2447135e-01  -4.0070408e-01   2.6827933e-01  -1.5656243e-01  -2.4240896e-01   2.7523706e-01  -4.2163697e-01  -6.1731910e-03  -2.1021675e-01   1.1374984e-02   5.1144013e-01  -1.2715518e-01   4.6591121e-01   3.2062898e-02   1.6537290e-02  -3.2372560e-01   4.5605996e-01   3.4140640e-02  -3.7480732e-01  -3.9014974e-01  -3.7054245e-01   9.6061087e-02  -3.3399422e-02   5.2319146e-01   2.9322812e-01   1.0492783e-01  -9.3345265e-02   2.6436471e-01   3.1906752e-01  -2.2870056e-01   3.6363700e-01  -3.6698593e-01   9.5319253e-02  -3.5257306e-01  -2.5413648e-01  -3.0036041e-01   1.8787386e-01  -4.6895169e-01   3.0409486e-01  -1.5937129e-01   4.6936548e-02   4.8765917e-01   8.2877892e-02  -2.1770024e-01  -1.7927704e-01   2.3640505e-01  -2.1424609e-01  -3.9049243e-01  -1.2789996e-01  -2.7232811e-01  -2.9383576e-01   6.4050586e-02  -7.4340991e-02  -7.1919549e-02  -2.6539920e-01  -1.0799332e-01
   1.1086979e-01  -7.4666948e-02  -5.3007198e-01   3.2023371e-01  -3.2261089e-01   8.0021644e-02   1.3875764e-01   2.9049779e-01   3.2043149e-01   8.0332118e-02   0.0000000e+00  -3.1290832e-01  -1.9370950e-01  -1.5709711e-01   3.9345960e-01  -1.8009107e-01  -5.4045246e-01   7.9514731e-01   2.6488373e-01  -3.9045627e-01   4.9865991e-02   4.0784948e-01   7.2158280e-02   2.1186028e-01   6.7628154e-02   8.5959527e-02  -1.8362919e-01   7.6041150e-02  -3.0799947e-01   4.4095365e-01   2.6911937e-01   2.8117396e-01  -4.2705810e-01  -1.9433182e-01  -9.3668228e-02  -2.5332405e-02   1.5183657e-01  -3.1662386e-01  -1.9569922e-01  -4.3451912e-01   4.5821014e-02  -2.2643334e-01  -1.6100510e-01   3.0593648e-01  -5.0312952e-03  -7.5425093e-02   6.1586085e-01   3.0191408e-02  -4.5597183e-01  -5.5550157e-01   7.3255866e-01   6.4424566e-02   2.4883725e-01  -4.6595389e-01   1.8783228e-01   4.0982060e-01   3.9114428e-01   4.0050870e-01   2.9701233e-01   1.4684238e-01  -2.5893352e-01  -1.5803747e-01  -1.4922498e-01   3.0357272e-01   3.5534560e-01   4.6655045e-01  -1.1147355e-01   2.7359079e-02   5.7552808e-01  -1.4192701e-01  -6.2208561e-01   5.2903223e-01  -7.3720373e-02   4.4055079e-02  -1.8399987e-01   2.0614039e-01  -3.7054603e-01   3.7384604e-01  -2.5167538e-01  -6.7242625e-02   3.9283782e-02  -1.1181729e-03  -1.8296179e-01   2.2957992e-01  -5.5423025e-02   2.9081390e-01   1.1392136e-01  -8.7339994e-02  -2.6052805e-01   1.3998912e-01  -2.4191151e-01  -2.8180716e-01   2.9992757e-01   4.7884730e-01  -4.0110151e-01  -4.0547836e-01   2.9147815e-02   2.0408348e-01   1.4616804e-01  -3.5312840e-01  -6.0393757e-03   1.2887343e-01   2.2786732e-01   2.3086047e-01   5.3364161e-01   2.8406239e-01  -4.8993220e-01   4.8599521e-01   1.2041014e-03   5.7291661e-01   2.1354527e-01   5.6721576e-01   2.6911314e-01   6.8563196e-02   1.1731908e-01  -1.0166336e-01   4.2380434e-01  -5.7455934e-02  -9.4177117e-02   3.0839131e-01   1.4146111e-01  -4.9857757e-01  -3.8391704e-01   3.1823645e-01   6.2222326e-02   3.4663739e-02   3.3702553e-01  -3.2410906e-01   3.6766505e-01  -4.4580962e-01  -2.6264786e-01  -1.2931444e-01   1.6291970e-01   6.1101301e-02   1.6292943e-01   2.1330676e-01  -2.4424021e-01  -2.0352865e-01   2.5707489e-01  -4.2737672e-02  -1.2075103e-01  -1.4710081e-01   6.4933219e-01   4.6854107e-02  -1.4277115e-01   1.7347306e-01  -5.3843157e-01   3.0916929e-01   6.1610328e-01  -2.1310893e-01  -1.8657865e-01  -9.4922119e-02   1.7664998e-02   4.5626093e-01  -4.5101964e-01  -3.0349666e-02   4.4020820e-02   2.1892608e-01  -3.0992747e-01   3.8752611e-01   2.5952824e-02   4.7066709e-01  -3.5708397e-01   4.9951769e-01   3.8937022e-01  -4.1233109e-01   2.0591396e-01   1.3739814e-01  -5.9960298e-02  -2.8038731e-01  -1.1541360e-01  -4.0560090e-01   5.8010224e-01   1.1387937e-01   1.7180284e-02  -3.3283113e-01   2.8953694e-01
  -2.9571079e-01   6.7999062e-01   1.3357567e-01  -2.9201903e-01   4.0962752e-01   7.2199593e-02   1.5787052e-01  -3.5421999e-01   1.7200525e-01  -2.2649394e-01  -3.1290832e-01   0.0000000e+00   3.0109926e-02  -1.2121915e-01  -2.4378523e-01   1.5600830e-01  -7.2769376e-04  -2.8994404e-01  -2.0082756e-01   4.4279222e-01  -2.0583784e-01  -3.7619353e-01  -3.4247090e-01  -2.8994227e-01  -7.3397590e-03  -3.8054939e-01   2.1808895e-01  -3.5752602e-01   3.7371748e-01   9.2959476e-03  -3.0132132e-01  -4.5543835e-01  -1.4556715e-01   2.3950267e-01   5.1053140e-01   1.9475365e-01  -2.4300324e-02  -1.1411253e-01   2.4109221e-01   3.8373577e-01  -3.6746571e-03  -3.1835256e-01   3.9775879e-01  -3.3628001e-01   4.8228621e-01  -3.3744083e-01  -1.5830558e-02   2.4319685e-01  -3.3789677e-04   1.9986156e-01  -2.4322160e-01  -3.5555252e-01   4.0734580e-01   3.6146479e-02  -2.8849113e-01  -4.2790579e-01  -1.7497509e-01  -4.3718415e-01  -1.2214064e-02  -4.7468818e-02  -1.9538899e-01   1.5635340e-01   5.2273250e-01  -7.2644939e-02   2.9603848e-01   1.1366709e-01  -9.5553298e-02   2.2874456e-02  -4.0302864e-01  -2.3536043e-01   3.5903035e-01  -1.9015995e-01   1.3257916e-01  -4.0486247e-01  -1.2632404e-01  -4.2770095e-01  -8.7687461e-02  -3.0239425e-01   5.6891053e-01   2.8552848e-02  -4.8294135e-01   5.9635557e-02  -1.2017706e-01  -3.9289921e-01  -2.8414114e-01  -4.1408670e-01   3.9321787e-01  -3.8100199e-01   5.3469461e-01  -1.6475641e-01   5.8825275e-01  -2.3549778e-01   2.9521838e-01   2.7361950e-03   2.6593828e-02   2.7420783e-01   1.9602810e-01  -3.0238506e-01   2.8954033e-01   9.9592585e-02  -3.5382458e-01   4.9723538e-02  -5.2352382e-01   9.5502223e-02  -4.4832383e-01  -3.7391323e-01   3.3978536e-03  -3.1164861e-01   1.7093461e-01  -3.6870399e-02   4.6387094e-02  -1.7972630e-01   1.4012096e-01  -2.6471821e-01  -3.8306045e-01   5.7500173e-01  -2.6706514e-01   8.1831781e-03  -1.5073320e-01  -3.1991925e-01  -2.0109295e-01   4.7022406e-01   6.5087970e-01   2.8368853e-02  -3.1336205e-01  -2.3169527e-01   2.1067430e-01  -4.2781299e-02  -4.1170811e-01  -2.0459554e-02   8.2774836e-02  -1.1069757e-01  -3.9843793e-01  -2.8679586e-01  -1.0676105e-01  -3.9873959e-01   1.5524825e-02  -3.3705151e-02  -4.4710419e-01  -1.6951722e-01  -7.9284310e-02   2.3231135e-02  -4.3082934e-01   5.5367989e-03  -3.4578690e-01  -6.4024042e-01   4.4539591e-01   2.8946877e-01   5.1070556e-03   2.6116496e-01  -1.3532335e-01  -3.5537053e-01  -1.6601096e-01   1.6042905e-01   6.6304486e-01  -2.0214187e-01  -2.2587413e-01   1.6629424e-02  -2.3812925e-01  -4.7052323e-01   2.5399410e-01  -3.6392625e-01  -3.6427061e-02  -3.7438600e-01  -2.9954849e-01   6.2109270e-01   3.1522589e-01  -2.5568608e-01  -7.6623480e-02   3.5706583e-01   6.7598620e-01  -8.6295116e-02  -8.5961824e-02  -1.5870442e-03   1.2346922e-01   6.8726045e-02  -2.8136616e-01
  -2.7181937e-01   9.5576464e-04   2.0532728e-01  -9.6889506e-02   4.4932543e-01   2.1964948e-01  -1.0780905e-01  -4.2712356e-01  -1.2271508e-01  -6.5596770e-02  -1.9370950e-01   3.0109926e-02   0.0000000e+00  -2.0220668e-01  -3.5256554e-01   3.5367771e-01   2.0276854e-01   2.5030982e-02  -1.6029336e-01   4.9793173e-01  -9.1121959e-02  -2.9695669e-01  -6.5782831e-02  -3.7784775e-01  -1.6503512e-02  -1.7212116e-01   2.4373721e-01  -1.9795985e-01   2.7815504e-02  -2.1786654e-01  -3.2226364e-01  -1.3213379e-01   1.4037033e-01  -4.8974567e-02  -4.1497445e-02   2.4999124e-01   1.4491467e-01  -8.7882023e-04   4.5576094e-01   3.0109179e-01   6.6127943e-01   2.9602873e-04   5.8249256e-02  -3.1605214e-01   1.5347141e-01  -2.3960460e-01   9.0163082e-02   1.1428958e-02   4.0253294e-01   3.3292007e-01   1.0945889e-02  -3.2791068e-01  -6.0618036e-02   2.5397862e-01  -1.4432480e-01  -1.6195247e-01  -1.3046674e-02  -2.3862674e-01   1.7913567e-01  -2.4686937e-01  -3.8456496e-02   2.3684068e-01   1.4526330e-01  -3.9141282e-01  -5.8891924e-02   2.5961685e-02   2.1839703e-01   2.4715459e-01  -1.4412821e-01  -4.6411645e-02   2.1078872e-01  -9.0952663e-03   3.5970737e-01  -2.5875848e-01   9.8355588e-02  -3.8177458e-01   7.4980236e-02  -1.1122137e-01   1.0931993e-01   5.5780342e-01  -2.2018612e-01   2.9239496e-01   8.5559515e-03  -3.0685289e-01  -8.0121051e-02  -3.8506296e-01  -1.2819521e-01  -1.5297968e-01   5.2475375e-02  -2.9857269e-01   1.9975441e-01  -9.7908593e-02   1.9086476e-01  -3.0801573e-01   9.5502564e-02   5.7318305e-01   3.0235992e-01  -2.3467024e-01   2.2798981e-01  -5.7284095e-02  -1.2286450e-01  -3.0671959e-01  -2.6704959e-01  -1.3812942e-01  -3.6245999e-02  -3.1816931e-01   2.1809489e-01  -2.4259798e-01   7.8781322e-02   6.2545185e-02  -2.4156328e-02  -1.9972825e-01   9.0887420e-02  -2.9281097e-01  -2.9488067e-01  -6.6215698e-04  -1.8379767e-01   5.9069483e-01   3.6328235e-02  -1.7444747e-01  -2.6989905e-01   2.8087452e-01   1.9260591e-01  -1.4641085e-01  -3.5591177e-01  -3.0299766e-01  -6.3729159e-02   8.6993264e-02  -3.2982324e-01   2.8791044e-01   4.4973396e-01  -3.0508738e-02  -2.2113103e-01  -1.3031825e-01  -1.4756287e-01  -4.3480056e-01   4.6303005e-01  -2.1830476e-02  -4.1914032e-01  -2.5114587e-01  -2.0998694e-01   5.2872307e-01  -2.1394906e-01   8.9939847e-02  -1.3088479e-01  -2.6289245e-01   1.8869478e-01   1.0967795e-01  -1.2650261e-02   4.1257275e-02  -1.8746268e-02  -1.6986471e-01  -1.6344380e-01  -2.1562592e-01   2.9828479e-01  -1.5016645e-01  -2.4982817e-01   3.0497170e-01  -2.3266048e-03  -2.9896529e-01   1.2057115e-01  -1.9179569e-01   1.6021982e-01  -3.2448073e-01  -1.3326577e-01   9.4256250e-03  -3.2401046e-02  -1.4398125e-01   3.3943187e-02   2.6435292e-01   1.0674529e-01   1.4794381e-02  -3.3041064e-02   9.6070880e-02  -9.0630134e-02   2.8159231e-01  -1.4813057e-01
   2.0418908e-01  -6.8094332e-02  -5.6443124e-02  -1.2551562e-01  -4.2989205e-01  -9.5470276e-02  -1.2801852e-01   1.3457981e-01   5.0151861e-02   1.4846176e-01  -1.5709711e-01  -1.2121915e-01  -2.0220668e-01   0.0000000e+00   2.6140734e-01  -3.4742658e-01  -1.1371689e-01  -2.5246565e-01   1.0324541e-01  -4.4659337e-01   3.4445440e-01   1.0018931e-02   6.3521933e-02   1.3880844e-01   2.2963367e-01   1.2926136e-01  -3.6766844e-01   3.9808446e-01  -1.0515486e-02  -1.1546718e-01   3.5767347e-01  -1.2094559e-01   1.5970718e-01  -2.3046802e-01  -4.5050674e-02  -5.5158099e-01  -9.5717545e-02  -6.9115268e-02  -2.3269729e-01  -8.8304811e-02  -1.9038051e-01   2.4150811e-01   2.4873591e-01   3.0863213e-01  -2.3415667e-01  -5.9894715e-02  -4.7602478e-01  -2.3404404e-02   7.9416974e-02  -7.7715662e-02  -2.4864955e-01   2.3162053e-01  -3.0660815e-01   1.9392132e-01   4.4993689e-01   1.4349006e-01  -5.5870465e-02   1.0970250e-01  -1.6875189e-01   2.0361552e-01  -1.9299222e-01   8.3538025e-03   9.4119014e-02   1.3740371e-02  -1.9862248e-01  -3.7615063e-01   1.9600986e-01   1.3639257e-01  -1.9569767e-01   1.2922210e-02  -1.0425451e-01   1.6043910e-03  -2.5233635e-01   3.9070592e-01   2.6790103e-01   1.4574849e-01  -1.6416093e-01   3.4094738e-02  -3.6967415e-01   1.8975009e-01   2.7018464e-01  -2.7387948e-01   3.9319841e-01   1.1358632e-01   2.9245891e-01   3.7622072e-02   2.6760264e-01   4.8516733e-01  -1.5358849e-01   1.5280361e-01  -2.3120810e-01   2.4227661e-02  -4.0237194e-01  -8.9968313e-02  -1.6096029e-01  -4.2036582e-01   9.1040761e-02   1.2796367e-01  -3.2105077e-01   1.5745555e-01   4.6600596e-01  -1.5981232e-01   3.0492168e-01   2.7966563e-01  -1.3998316e-01  -1.0291759e-01   2.1252789e-01  -9.0359206e-02  -1.7586590e-01  -2.3947477e-01   2.8061675e-01  -8.9236231e-03   1.9436722e-01   1.6088874e-01   5.4509518e-01  -2.9193103e-01   7.3225086e-02  -2.6871053e-01   4.3105251e-01  -1.1779715e-01   7.7091902e-02  -2.8358379e-01   3.2452780e-02   3.5944606e-02   1.0731219e-01   3.2982444e-01  -1.6045486e-01   2.6698317e-01   1.6086432e-01  -1.1034364e-02  -1.8155123e-01   1.2068928e-02   3.5023073e-01   4.2691831e-01   4.5188631e-01   1.3163815e-01   1.8461088e-01   3.5941520e-01   7.7680417e-02   1.7783795e-01   3.4296942e-01  -1.9086828e-01  -1.0527664e-01   2.2945602e-01   3.6881227e-01   2.6442875e-01  -1.0630433e-01  -3.7172301e-01  -3.7327652e-01   1.0732335e-01   3.8941835e-01   4.5635839e-01   1.9491894e-01  -2.2740042e-01  -4.5912787e-02   2.0642719e-01   1.0476864e-01  -2.2765961e-01   1.9817800e-02   2.3225503e-01   2.2745453e-01  -3.2431636e-02   2.3081643e-01   6.0403948e-02  -1.0174732e-01  -2.1991032e-01  -3.4137016e-01   8.1396524e-02   2.2739687e-01  -3.6272020e-02  -5.1901663e-01   2.2273465e-01  -1.0412374e-01   8.2932948e-02   1.9466472e-01   3.8515902e-02  -1.7789362e-01
