   0.0000000e+00  -3.1747011e-01  -3.8694750e-02   4.5738191e-02  -2.4890259e-01   4.5198190e-01  -1.9167815e-01   1.4290181e-01  -5.1341218e-02  -2.5019385e-01   8.6470253e-03  -2.3318626e-01  -8.1842116e-02   2.8775631e-01   1.8526391e-01  -6.9927870e-02  -9.9562489e-02   1.9873193e-01   1.2157930e-01  -2.2106170e-01  -6.1998522e-02   4.1688077e-01  -4.2145358e-02   3.1075594e-01  -1.4550015e-01   1.1336843e-01   5.8410577e-02   2.4603879e-01   1.3928062e-01   2.2752333e-01  -1.9014427e-01   2.3835100e-01  -1.2614007e-01  -2.9902906e-01   3.1947955e-02  -7.3894721e-02  -4.4137717e-01  -4.7155464e-01  -2.0197866e-01  -2.4452357e-01  -2.1036595e-02  -1.3052662e-01  -1.1166941e-01   1.0396687e-01   4.4035201e-02   3.2703055e-01   1.4965948e-01  -2.0265760e-01  -1.9932799e-01  -2.2056986e-01   2.5346813e-01   9.8428684e-03  -4.8635457e-01  -2.0244849e-02   2.7520899e-01   2.8155731e-01   4.5236811e-01   3.0079233e-01   1.2844427e-01   2.9348018e-01  -6.3409279e-02  -8.0623622e-02  -5.4897771e-02  -2.0169445e-01  -1.5446445e-01  -1.0044260e-02   4.0642008e-01  -7.2738225e-03   4.3165018e-01   3.3481482e-01  -4.1862792e-01   2.2581601e-01  -2.9339017e-01   4.9405921e-01   1.1905202e-01   2.9723271e-01  -2.7438133e-01   2.9689467e-01  -2.1020085e-01   5.3671034e-02   1.9756689e-01  -7.5359860e-02  -2.7418059e-01  -7.8070967e-03   1.8919015e-01   1.5214610e-02  -2.0947954e-01   3.6405570e-01  -1.8712372e-01   4.1687045e-01  -1.9465322e-01   7.1727515e-02  -1.9016340e-01   8.7920302e-02  -4.1231779e-01  -1.5081577e-01   1.4421626e-01   3.2845051e-01   4.8698398e-02  -1.9039390e-01  -1.2805540e-01   1.1600695e-01   3.6180756e-01   3.2664533e-01   2.4290355e-01   1.5697033e-01   2.9336488e-02   4.3827396e-01  -1.7728638e-01   1.5069511e-01  -2.6260608e-01   4.5518170e-01   1.3428707e-01   4.7479967e-01   2.4116224e-01  -4.0184908e-01   7.2981950e-02  -3.0577522e-01   4.7495355e-01   1.8489615e-01   1.6375246e-01  -1.1610292e-01  -1.4550159e-01  -1.1950320e-01   1.4630314e-01   4.6760775e-01  -2.8043015e-02  -1.8699247e-01   2.0429776e-01   1.7067117e-01  -1.0180092e-01  -3.2596955e-01   2.2751074e-01  -3.3743480e-01   1.2003484e-01   1.0060453e-01   2.1216153e-01  -1.0231070e-01   4.0763102e-02  -2.2260860e-01   2.9992261e-01   9.3057028e-03   1.9471304e-01   4.1909922e-01  -1.9393128e-01   2.8298704e-01  -3.8553673e-01  -5.1174243e-03   1.5989028e-01  -3.4281347e-01   3.2329745e-01   7.5040798e-02   2.7904018e-01  -3.4462972e-01  -9.2750268e-02  -7.1334132e-02   3.4425497e-01   1.9392734e-01   1.3057065e-02   3.4273944e-01   4.2063282e-02   1.2176344e-01  -2.5536864e-01   3.4581080e-01   2.2431210e-01  -4.4061406e-01  -1.9573111e-01   4.1224351e-01   2.5915781e-01  -1.7217232e-01  -3.3410431e-01  -1.9851215e-01   1.4632818e-01   4.5095690e-01  -3.0335170e-02  -3.9086193e-02   2.2047955e-01
  -3.1747011e-01   0.0000000e+00   1.0328644e-01  -4.3418933e-02   6.2429923e-01  -5.9162956e-01  -1.1152086e-01   3.9872588e-02   7.0922262e-01  -9.0861078e-02  -3.9717688e-01   2.4245195e-01  -3.0380178e-01  -4.0291877e-01  -3.1624010e-01  -9.8165278e-02   3.5479298e-01  -3.6461114e-01  -5.0833639e-02   4.4058755e-01  -1.8864284e-01  -4.8217846e-01  -5.4270737e-01   1.6202649e-02   2.3697129e-01   6.7816374e-02   2.1295239e-01  -5.4531772e-01  -1.8179924e-02   1.3643877e-01   1.3632182e-01  -2.2826280e-01   2.1885700e-01  -1.4072811e-01  -1.1490163e-01   1.8973382e-02   3.6391092e-01   2.7310236e-01   2.0189367e-01   2.3150887e-01  -2.3645485e-01   8.5725610e-02   5.3784713e-01  -2.9330587e-01   2.3125049e-01   6.8695543e-02  -2.6643625e-01   3.0555381e-01   5.9015099e-01   3.5884074e-01  -4.4904996e-01  -1.5855231e-01   5.5893177e-01   6.1312281e-02  -2.1383078e-01  -6.8350270e-01  -3.7893650e-01  -2.2813924e-01  -4.4792890e-02  -1.9545010e-01   1.7631735e-01   4.4498503e-02   7.5019031e-01   4.4548043e-01   5.7306411e-01  -1.9684464e-01  -4.0131325e-01   2.3018359e-01  -4.9090217e-01  -4.7811115e-01   6.0049174e-01  -2.3978904e-01   2.0012215e-01  -3.7038040e-01  -1.0767120e-01  -5.8918064e-02   4.1863335e-01  -4.8255210e-01   6.7612731e-01  -7.8123794e-03  -5.8402928e-01  -1.1327659e-01   2.0594917e-01  -7.3553776e-02  -1.6083537e-01   1.0044017e-01   3.4872182e-01  -3.3708170e-02   2.5233050e-01  -8.1953900e-02   7.6808378e-01   5.3400154e-02  -1.7249374e-01   2.8162265e-01   3.0296432e-01   3.5118756e-01  -1.7569532e-01  -2.1066669e-02   3.1218858e-01  -2.5700981e-01   8.3638963e-02  -5.9827001e-01  -4.9583820e-01  -5.6476505e-02  -4.3099028e-01  -3.9932118e-03  -5.9748014e-02  -3.8676085e-01  -8.6625453e-02  -3.7238008e-01   4.9667259e-02  -4.3262701e-01   8.1021258e-02  -1.6835748e-01  -5.5136875e-01   6.8504525e-01  -1.6615406e-01  -5.4396889e-02  -6.0872343e-01  -1.2009479e-01   1.3270624e-01   5.6873684e-01   3.6121218e-01   6.3377148e-01   1.2879247e-01  -4.7103939e-01  -1.0913736e-01   1.8553204e-01  -1.1840269e-01  -1.5733720e-01   3.7739360e-02   6.0197134e-01   1.8297216e-01   1.7679563e-01   2.8961603e-01   1.6735431e-01  -1.7223821e-01   9.8799360e-02   3.4516397e-02   6.1683555e-02   2.0249541e-02  -2.3033706e-01  -3.7628583e-01  -5.9435714e-01  -1.9385345e-01  -4.8974225e-01   2.4350915e-02  -4.0703404e-02  -5.0092954e-01   1.9819623e-01  -3.2546769e-01  -2.5070265e-01   2.4428136e-01   3.5348684e-01   3.7617065e-01   8.0240867e-02   1.2910772e-02  -1.2247400e-01   1.4693135e-01  -5.3280426e-01   2.2600740e-01  -1.8559786e-01   3.4805897e-01  -3.1464596e-01  -5.7203470e-02   5.5129706e-01  -1.8883087e-01  -2.6413151e-01   1.1367154e-01   3.2755603e-01   6.0175584e-01   2.5680391e-01   2.1409492e-01  -5.0893166e-01  -5.0512070e-02   1.7121262e-01  -1.3858862e-01
  -3.8694750e-02   1.0328644e-01   0.0000000e+00  -1.9960912e-01   1.9287015e-01  -4.2399256e-03   2.1211079e-01  -3.0249432e-02   9.2535139e-02   1.5069733e-01  -2.3329005e-01   5.4071041e-01  -1.9610515e-01  -1.1465462e-01   1.1040363e-01   2.6844728e-01   7.8760318e-01  -1.0604932e-01   2.1855502e-02   2.5610490e-01  -2.0219772e-01  -2.0666725e-01  -4.6872123e-02  -2.2719513e-01   2.5650435e-01  -7.5969853e-02   2.3744757e-01  -9.8495538e-02  -6.1108552e-03  -5.4389613e-02   2.1423568e-01  -1.4311526e-01   2.1562069e-01   2.6818494e-01   2.2397342e-01   5.2664118e-02  -3.3312729e-01  -2.8480770e-02   3.6540945e-02   5.9502331e-01  -1.9509757e-01   1.9822538e-01   1.4642007e-01   9.2235006e-02  -2.6405696e-01   3.1893208e-01  -2.3279441e-02   1.3339967e-01  -1.5174493e-01   5.2515166e-01  -1.9156061e-01  -4.3442627e-02   1.7799022e-01   3.9491762e-01   1.1911517e-01  -2.8486168e-02  -2.3722390e-01  -6.3325423e-02  -1.7209032e-01   1.1641224e-01   4.6634486e-01  -1.7041351e-01   2.4372196e-01   2.3935793e-01  -2.3724339e-01  -2.1642736e-01   1.9549970e-01   5.5716520e-02  -1.4814800e-01   4.9092117e-01   3.6094505e-01  -2.2784698e-01   1.4049274e-01   3.5512942e-01   2.0032985e-01  -1.2376280e-01   1.9799988e-01  -9.6676323e-02  -1.1291377e-02  -3.2764851e-02  -3.2139995e-02  -1.4964209e-02   4.4304552e-01  -3.3568951e-01   4.1143762e-01  -2.4322304e-01   1.9335709e-01  -1.6315157e-01   1.8478884e-01  -2.0564892e-01   1.3147780e-01   5.5860546e-01   2.4395511e-01  -1.1796123e-01   7.7236794e-02   8.3740678e-02  -4.6829552e-02  -3.1192412e-01   6.5853484e-02  -2.5450158e-01   2.2441977e-01  -9.4541781e-02  -1.6235200e-01   1.6021239e-02  -3.2366926e-01  -1.7966443e-01   4.1781864e-01  -2.6482809e-01  -1.4434027e-01  -8.4754848e-02   5.3374592e-01  -2.7502877e-01   1.1917056e-01  -2.7482231e-01   7.4270798e-02  -8.0851087e-02  -1.9522948e-01  -1.3450184e-01  -1.0051894e-02  -7.0202680e-02  -1.8336714e-01   1.5065357e-01   3.8441074e-01  -1.4813638e-01  -6.2461826e-02  -2.0820988e-01  -1.2213078e-01   2.9496389e-01  -2.6121730e-01   6.3120066e-01  -2.0916807e-02  -6.7227393e-02   1.6964876e-01   2.2728947e-01   2.1228971e-01  -1.5711731e-01  -6.0011504e-02   3.9826065e-01  -1.1914489e-01  -7.9964259e-02  -3.1385796e-01  -1.6859368e-02  -3.3125667e-01   1.8982467e-01  -1.9291976e-02  -2.4691173e-01   3.5357662e-01  -2.6841257e-01  -1.0252072e-01  -4.7194482e-02   3.9335803e-01  -6.3062779e-02   2.3777436e-01   4.0264815e-01   7.5798009e-01  -1.8009730e-01  -1.6676017e-01  -2.0304084e-01   4.3177380e-01  -1.2622891e-01  -3.8340312e-02  -2.5696655e-01   2.5401272e-01  -2.6121821e-01  -2.5460383e-02  -4.9866880e-02  -7.8182400e-02  -1.3430781e-02  -1.2338049e-02   1.3032396e-01   1.1214460e-01   9.2665376e-02  -1.1148228e-01   2.0079355e-01  -8.9630313e-02   2.9260206e-01  -2.1393577e-01
   4.5738191e-02  -4.3418933e-02  -1.9960912e-01   0.0000000e+00   2.0054681e-02   1.4405277e-01  -2.0470808e-01   3.2250885e-01   6.7724076e-02  -4.9571114e-02   2.6697784e-01  -2.3288502e-01   1.6951486e-01   9.8438640e-03   2.6741804e-03   4.2743898e-01  -1.7123543e-01   2.7917655e-01   6.3216508e-02   7.5367804e-02   4.2159363e-02   3.6949278e-01  -9.5193166e-02  -2.1467242e-02   1.7393314e-02   3.2334490e-01  -1.0533157e-02  -1.2991923e-01   1.6606242e-01   8.9694452e-02  -1.4363488e-01   5.3688129e-01   1.4346325e-01  -2.8323813e-01  -1.5320544e-01   1.6010024e-01   2.8844975e-02  -1.1373508e-01   4.2958827e-01  -2.6747154e-01   2.8577498e-01   1.4297189e-01  -1.3401895e-01   3.2280373e-02   1.7926678e-01  -1.1737939e-02   2.6538524e-01  -1.8902770e-01   1.1814967e-01  -1.4715540e-01   3.4321007e-01   2.7601237e-01  -2.0094575e-01   5.9518199e-02   2.1965132e-04   4.8621174e-02   2.1956440e-01   3.9370216e-01   5.5928532e-01   3.1967293e-02   3.6669522e-02   2.0923167e-01  -2.3262129e-02   8.6480788e-02  -1.8642857e-02   1.1556330e-01   9.7298708e-02   2.1787376e-01   4.5439303e-01  -1.8664838e-01  -2.5336803e-01   4.6498705e-01   3.1833547e-01  -1.2247783e-01   4.5717719e-02   3.1847193e-01   1.0608267e-01   2.1837315e-01   9.7821645e-02   3.5082363e-01  -1.3143935e-01   2.7849724e-01  -2.2552109e-01   3.8795545e-01  -1.7415183e-01   3.6772408e-01  -7.0329048e-02   2.0255241e-01  -1.8062064e-01  -6.0460074e-03   2.7699185e-02   1.6324615e-03  -1.6748034e-01   1.3497857e-01   9.4569876e-03   4.1719231e-02   2.9871525e-01   4.2411125e-01   2.4174246e-01  -6.6642459e-02  -1.3620799e-01   4.6548410e-02   6.1262467e-02   6.4608488e-02   4.3460977e-01   6.3398778e-01  -3.7656337e-02   5.3595589e-01   2.3377838e-01   5.9433661e-02  -1.9958655e-01   2.5484834e-01   4.1573926e-01   1.5988244e-01  -1.2997355e-01   7.5702618e-03   2.1666426e-01   3.4461344e-01  -6.0864081e-02   7.3111627e-01   1.6397424e-01   4.3073001e-02  -9.9106076e-02   4.0398241e-02   1.9794834e-01   8.5303985e-02   3.0503339e-02   1.4063991e-02   5.0411589e-01  -2.8077788e-01   3.6267246e-01  -1.2842688e-02  -9.9706335e-02  -1.2578935e-01   1.5721166e-01   3.6707007e-01   1.8842784e-01  -2.5687258e-01   3.0016667e-01   1.0260961e-01   1.9781247e-01   2.5208357e-02   4.2525162e-01  -1.5600197e-01  -6.0552139e-02   2.0190754e-01  -2.9484526e-01   1.1120378e-01   5.1037633e-02  -1.6657202e-01  -2.6106209e-01  -2.2596216e-02   2.5652812e-01  -1.9108862e-01  -2.8054384e-01  -3.5856549e-02   2.1169943e-01   4.9561131e-01   5.7526784e-02   1.1666309e-01   2.8844144e-01   2.7386883e-01  -1.3241238e-01   5.0964382e-01   5.3389071e-01  -8.5985379e-02   1.4984599e-01   1.0824820e-01   8.7408443e-02  -2.3832038e-03  -1.1371134e-02  -1.8254622e-03   3.8276874e-01  -6.5591041e-02  -1.5360761e-01   1.5312496e-01   5.0683936e-01
  -2.4890259e-01   6.2429923e-01   1.9287015e-01   2.0054681e-02   0.0000000e+00  -4.9216046e-01  -3.5539375e-01   4.5404967e-02   3.6444322e-01   2.9861825e-01  -1.1446054e-01   1.4731278e-01  -3.4450885e-02  -5.6690408e-01  -4.1414438e-01   1.9389113e-02   4.4643755e-01  -1.3714351e-01  -1.6074679e-01   8.6416801e-01  -2.3465491e-01  -4.0584943e-01  -3.9286823e-01   1.0765259e-01   1.6074213e-01  -5.0034786e-02   5.0122965e-01  -6.3778974e-01   7.5875327e-02  -2.8388138e-02  -1.8827992e-01  -2.3988775e-01   4.9077195e-02  -2.4603798e-01  -3.9073372e-01   4.6934046e-01   3.0158700e-01   2.3000663e-01   2.4576544e-01   3.5636940e-01   4.2232983e-02   4.4288525e-02   1.4996615e-01  -1.6745531e-01   1.6582952e-01   1.6566041e-01   1.5051440e-01  -1.0019364e-02   6.7453422e-01   3.8219067e-01  -2.8021696e-01  -1.9725061e-01   2.1416548e-01   2.8287079e-01  -1.6587326e-01  -5.5969997e-01  -3.3094721e-01  -2.3038047e-01   2.0271712e-02  -2.8301560e-01   3.9990938e-01   2.6585422e-01   4.9318747e-01   1.8690926e-01   2.8293021e-01   6.6332613e-02  -3.2829650e-01   3.9830432e-01  -2.5267378e-01  -4.4996677e-01   3.6298213e-01  -9.5528841e-02   2.7985654e-01  -2.5674341e-01  -9.7146051e-03  -1.1087378e-01   4.6808920e-01  -2.8233257e-01   6.8841984e-01   7.4585755e-02  -6.5472422e-01  -5.7970172e-02   2.7051194e-01  -2.2926634e-01  -2.0122071e-01   1.0320569e-01  -1.3820017e-01  -2.3902750e-02   2.7775146e-01  -3.4733167e-03   7.7823813e-01   2.8486646e-01   2.5360542e-01  -6.0265900e-02   2.7865477e-01   7.9573250e-01  -1.1255773e-01  -1.7548561e-01   4.7496735e-01  -2.9290953e-01  -1.1074028e-01  -6.8768329e-01  -5.3954996e-01  -2.8141515e-01  -3.3134390e-01   6.1546054e-02   1.4400157e-01  -3.1877493e-01  -1.5295361e-01  -1.5528839e-01   1.7380028e-01  -4.6721910e-01   2.1128446e-01  -1.3469194e-01  -5.6606773e-01   6.4971969e-01  -1.7064032e-01   1.2803504e-01  -5.6021294e-01  -1.1302997e-01   1.5097772e-01   7.9068914e-01   5.0140932e-01   4.4797118e-01   1.8085843e-01  -4.6106063e-01  -2.5290706e-01   3.3131183e-01  -1.5151479e-01  -2.3589637e-01   2.1285653e-01   3.2932614e-01  -7.7487077e-03  -4.1545939e-02   9.7212304e-02   2.0877731e-02   1.6038790e-02  -2.6204943e-01  -1.1656624e-01   6.6699588e-02   8.6725443e-02   2.6467564e-02  -1.6050735e-01  -4.2905269e-01  -2.8492285e-01  -4.2171729e-01  -2.9547510e-02   2.6098745e-01  -1.8745850e-01  -8.2725530e-02  -2.6604226e-01  -4.2772832e-01   2.7008053e-01   4.6159969e-01   2.9115761e-01   1.6117645e-01  -2.5562121e-03  -1.3064909e-01   3.0826123e-01  -5.7775744e-01   3.4732253e-01   7.4780059e-02   4.9892200e-01  -3.0661325e-01  -3.3385778e-02   5.2452524e-01  -9.9087359e-02  -2.4719896e-01   1.6230132e-01   7.1878086e-01   6.2493188e-01   2.7194047e-01   2.2201516e-01  -3.9269476e-01   8.7535952e-02   1.9707842e-01   1.6312422e-02
   4.5198190e-01  -5.9162956e-01  -4.2399256e-03   1.4405277e-01  -4.9216046e-01   0.0000000e+00   2.5827279e-01  -5.2612809e-02  -2.2825439e-01  -1.8738667e-01   4.0585723e-01  -1.9801352e-02  -5.4671208e-02   5.9188773e-01   5.2206178e-01   1.7328769e-01  -2.6522022e-01   5.7979321e-01   9.8564659e-02  -4.6807970e-01   2.6644830e-01   5.4740041e-01   3.8264420e-01  -1.2175552e-01  -1.5503783e-01   3.2424773e-02   1.7992062e-02   5.1442778e-01  -5.4838974e-02   2.5653727e-01   1.7326859e-02   2.8786935e-01  -1.7946412e-01   1.3877041e-02   4.2652152e-01   1.0390981e-01  -3.2612206e-01  -4.8526018e-01  -1.0019788e-01  -2.5732837e-01  -8.5095112e-02  -1.8771182e-01  -1.4529036e-01   2.6184227e-01   1.7177995e-01   1.6753960e-02   3.6311195e-01   9.3174139e-03  -3.6673954e-01  -4.9565190e-01   6.0344195e-01   2.6488006e-02  -4.5532923e-01  -4.0724498e-02   2.8520049e-01   6.6070068e-01   6.7825160e-01   2.3708507e-01   9.0070645e-02   5.3337495e-01  -2.2147455e-01   2.0817048e-01  -3.1869058e-01  -2.6868985e-01  -1.9748186e-01   1.4548923e-01   8.0643342e-01  -3.5014027e-02   6.2791152e-01   5.8190353e-01  -5.6542283e-01   4.5407766e-01  -1.9654995e-01   5.7327827e-01   1.8958809e-02   3.2003213e-03  -5.7476793e-01   4.3753149e-01  -3.9321941e-01  -1.8548335e-01   5.7354882e-01   6.0713190e-03  -3.0887218e-01  -1.3904668e-02   3.2595584e-01  -9.9582341e-02  -7.7818041e-02   1.0009341e-01  -3.6365404e-01   1.3844205e-02  -6.3928304e-01  -7.1660963e-02  -3.7615351e-02   1.0225458e-01  -4.4730582e-01  -3.9434044e-01   3.4064207e-01   2.8558929e-01  -4.7807015e-02   1.4779948e-01  -1.2575493e-01   5.9969980e-01   5.0631746e-01   5.4685042e-01   2.8910216e-01   1.2681265e-01   1.3623112e-02   6.3309284e-01  -3.1118683e-02   4.3635276e-01  -1.6735174e-01   6.2104400e-01   2.2304362e-01   1.2725474e-01   3.7513455e-01  -7.6226902e-01   3.1523288e-03  -1.5193758e-01   7.4026404e-01   2.7641095e-01  -3.8443762e-01  -5.0457285e-01  -3.3451227e-01  -2.6981055e-01  -1.3641395e-01   5.4791739e-01   3.4330305e-01  -2.1157071e-01   7.9875902e-02   3.9390500e-01  -3.0481070e-02  -2.6568619e-01   2.5655094e-01  -1.4653563e-01  -2.6609218e-04  -1.3723239e-01   2.6836032e-02  -3.1528052e-02  -2.3382970e-02  -4.6391736e-01  -7.6839404e-02   2.8413240e-02   2.8043607e-01   7.3946642e-01   1.6945115e-01   4.2157109e-01  -2.4735839e-01   5.9609066e-02   4.3393943e-01  -2.9917391e-01   4.3097349e-01   2.5908402e-01  -2.4132070e-01  -3.1116869e-01  -2.1999737e-01  -3.7162043e-01  -1.6660031e-01   9.4999700e-02  -2.8374321e-01   5.5234173e-01   2.2756067e-02   1.4514185e-01  -3.2872697e-01   4.7319490e-01   3.4275900e-01  -5.4926511e-01   3.2204103e-01   3.9726190e-01  -2.8077510e-01  -3.3272467e-01  -6.1368310e-01  -4.8663982e-01   1.5727131e-01   8.1616612e-01  -2.4612560e-01  -5.5159237e-02   3.6573124e-01
  -1.9167815e-01  -1.1152086e-01   2.1211079e-01  -2.0470808e-01  -3.5539375e-01   2.5827279e-01   0.0000000e+00  -2.6598128e-01   8.5733650e-02  -3.5197529e-02  -4.4770479e-02   5.4787831e-01  -2.9340015e-01   2.7052680e-01   4.1066583e-01   1.2686348e-01  -1.2809710e-01  -1.6143835e-02   7.8361456e-02  -3.8129644e-01   9.0055606e-02  -2.4115768e-01   4.1050627e-01  -4.2452930e-01   2.5348262e-02  -1.9096959e-01  -3.2362743e-01   3.0877863e-01  -1.8839079e-01   1.8965565e-02   3.1273399e-01  -2.5429752e-01  -1.5587572e-02   8.0098213e-01   6.9591922e-01  -1.4092863e-03  -2.7555815e-01  -4.1554801e-02  -1.5393851e-01   7.8700851e-02  -3.7907763e-01  -5.8971538e-02   3.7420603e-01   1.4746140e-01  -4.6430785e-02  -3.3931698e-01  -2.5558599e-01   6.0662939e-01  -4.6499147e-01  -1.6120292e-01  -7.8313979e-03  -1.1614797e-01   3.9716760e-01  -1.1927062e-01   1.0542756e-01   2.9056605e-01  -3.2793847e-02  -1.5047212e-01  -3.0654948e-01   2.3647215e-01  -2.6540389e-01  -1.1737594e-02  -8.7194245e-02  -1.4923961e-01   6.9301470e-02   4.9065618e-02   2.2285995e-01  -2.7362473e-01  -2.6135065e-01   3.9429506e-01   2.4964599e-01  -2.6956997e-01  -7.5984770e-02   1.4305442e-01  -4.4160125e-02  -2.8747463e-01  -2.9525922e-01  -2.0913181e-01  -1.6271838e-01  -4.2289986e-01   4.7633081e-01  -2.5859772e-02   2.0114011e-01  -1.5896580e-01   2.3677476e-01  -2.4972234e-01   3.1325550e-01  -1.9537287e-01  -7.0937342e-02  -4.7185775e-01  -4.6084080e-01  -1.9225540e-01   2.0780096e-01   1.5881429e-01  -1.2154422e-01  -4.6999335e-01  -6.9040155e-02  -1.6874414e-01  -2.3623395e-01   4.7865670e-01   1.5379189e-01   4.9146711e-01   4.5222387e-02   1.8428284e-01  -2.3169322e-01  -3.4911669e-01   1.9356189e-02  -1.8718552e-01  -8.0913758e-02   1.3912901e-01   3.9750819e-01  -9.2373088e-02  -2.2632120e-01  -3.8817816e-01   2.9811900e-01  -4.4495024e-01  -2.5006092e-01  -8.9912710e-02   2.7365014e-01  -2.6993357e-01  -4.9831781e-01  -4.7624980e-01   9.9973864e-03  -1.4731668e-01  -4.6131974e-01  -1.8204431e-02   3.4726621e-01  -8.4661733e-02  -3.0972802e-01   4.0229047e-01  -2.7394105e-01   2.8756301e-01   4.9196238e-03   3.0549934e-01   2.9472092e-02  -2.7339246e-01  -3.8731189e-01   3.8833759e-01  -8.7577725e-02  -2.2218739e-01  -2.8344598e-01  -1.0230419e-01  -2.8625880e-01   2.7738150e-01   4.9847671e-01  -2.2190423e-01   5.5983846e-01  -2.3338859e-01   1.0717575e-01   2.5287355e-01   2.9453929e-01   2.5729326e-01  -3.4158540e-01  -2.8779627e-02   1.7862345e-01  -3.8832259e-01  -4.6348068e-01  -2.0039899e-01  -3.0603542e-01   1.9293096e-01  -2.3014706e-01  -3.6109900e-01  -1.0560052e-01  -1.6077647e-01  -1.9617780e-01   2.8107474e-02   4.0329611e-01  -9.0218216e-02  -3.0368709e-01  -3.7965079e-01  -2.6976453e-01  -2.5824775e-01  -2.9792476e-01   2.1456199e-01  -3.5506163e-01  -1.0844540e-01  -2.6500469e-01
   1.4290181e-01   3.9872588e-02  -3.0249432e-02   3.2250885e-01   4.5404967e-02  -5.2612809e-02  -2.6598128e-01   0.0000000e+00  -8.2432996e-02  -7.9166624e-02   5.2174235e-02  -1.3437831e-01   1.7201801e-01  -2.0886630e-01  -8.2956297e-02   9.1631480e-02   8.0157177e-02  -6.1952885e-02   8.4487988e-02   1.5720188e-01  -6.5796304e-02   1.0998790e-01  -9.8692987e-02   1.3918816e-01   1.8764059e-01   2.8043411e-01  -1.1876671e-04  -1.4478747e-01   2.3926177e-01  -7.0015096e-02  -1.3536068e-01   3.2185659e-01   1.6258132e-01  -1.9711804e-01  -1.6990822e-01  -1.1788818e-01   2.9890326e-02  -1.5094361e-01   6.8603031e-02  -2.4610897e-01   1.9668536e-01   1.2321792e-01  -9.0541678e-02   1.3854188e-01   7.2238975e-03   4.2094927e-02   3.6390193e-06  -2.4351801e-01   1.2488545e-01   5.6727474e-02   8.9667476e-02   6.0812090e-01  -1.4673347e-01   1.4539941e-01   7.7765729e-02  -5.4121684e-02   2.4495142e-02   3.7054805e-01   3.6546415e-01   8.4328293e-02   1.5196750e-01  -1.5112077e-02   1.2913948e-01   2.0341187e-01  -6.1387460e-02  -1.4558056e-02   1.2280021e-02   1.9594979e-01   2.6390752e-01  -2.1829360e-01  -1.0791080e-01   2.0682874e-01   8.8679813e-02   7.5040777e-02   1.7178957e-01   4.0063224e-01   5.5080322e-02   2.2334835e-01  -1.7530096e-02   3.9763270e-01  -1.5090785e-01   7.3698473e-02  -1.2046378e-01   3.7778563e-01  -1.3193964e-01   4.6079375e-01  -8.9796875e-02   5.7089854e-02   7.5131525e-02   1.5387372e-01   2.3573174e-01   1.8564180e-01  -3.8887420e-02   9.3252996e-02  -7.1081265e-02   1.7280943e-01   1.7230279e-01   3.6318870e-01   1.1170712e-01  -4.5835892e-02  -1.5670315e-01  -5.7489330e-02   2.4034203e-02  -4.5634845e-03   2.5850859e-01   3.5303279e-01   2.2224606e-01   3.0051462e-01   2.3393879e-01  -1.7656089e-01   3.5046177e-02   3.4039045e-02   2.9199307e-01   8.3580525e-02  -1.6749018e-01   1.9509381e-01   2.2508504e-01   5.9509434e-02  -2.4713942e-01   2.8233390e-01   3.3230943e-01   2.0030451e-01   3.1715703e-02   4.9628369e-02   2.1220084e-01  -1.0484523e-01  -2.9781641e-02   2.4490707e-01   4.9783435e-01  -2.7980911e-01   2.6862268e-01  -8.9390323e-02  -4.7913752e-02  -9.0968149e-02   3.2846791e-01   6.3260013e-01   3.4957072e-01  -1.0092471e-01   5.6537986e-01   1.3631349e-01   3.3437034e-02  -1.7553518e-02   2.9913972e-01  -2.6787082e-01  -6.0696821e-02   1.3452824e-01  -1.8188695e-01  -9.7771048e-02  -1.1155998e-01  -3.3551793e-02  -1.3495612e-01   1.8530329e-01   4.2156090e-01   7.6385934e-02  -1.6751525e-01   1.3410537e-01   3.5157244e-01   3.3976711e-01   3.1276363e-01   4.1280045e-02   2.2628718e-01   2.5533809e-01  -9.1634231e-02   2.0849181e-01   2.5821372e-01  -2.2752256e-03   1.1837216e-01   1.4524443e-01   2.5918693e-01   6.5145909e-02   2.4872581e-01   6.2662071e-02   1.9413832e-01  -1.9642766e-01   6.9434760e-02   1.0034756e-01   2.7577654e-01
  -5.1341218e-02   7.0922262e-01   9.2535139e-02   6.7724076e-02   3.6444322e-01  -2.2825439e-01   8.5733650e-02  -8.2432996e-02   0.0000000e+00  -1.0167059e-01  -1.1190315e-01   1.8944610e-01  -4.3730739e-01  -1.4744827e-01   7.4472269e-03  -8.7528542e-03   1.1564015e-01   6.1034730e-02  -2.4627293e-03   1.5165868e-01  -7.5247986e-02  -2.8421285e-01  -3.4156579e-01  -4.0468581e-02  -1.5806094e-03   5.5961437e-02   1.4927872e-01  -3.3763236e-01  -2.0000877e-01   4.7280004e-01   1.9803311e-01  -4.8935151e-02   4.4601327e-02  -1.3622092e-01   1.5869864e-01   1.2714724e-01   9.1851954e-02   2.9692420e-02   1.7974135e-01  -4.2863377e-03  -2.9607992e-01  -7.2293450e-03   6.7914779e-01  -1.8539072e-01   4.7188686e-01   1.1045845e-01  -4.3264558e-02   4.2839013e-01   4.1192408e-01  -3.4824810e-02  -7.1122260e-02  -1.9597405e-01   3.3169858e-01  -1.1210304e-01  -9.9349833e-02  -3.4180476e-01  -1.0272258e-01  -1.6591922e-01   6.3229563e-02   8.6812115e-02  -2.1534399e-02   2.1238813e-01   7.0418463e-01   3.6140041e-01   7.0065950e-01  -3.1824550e-04  -8.4279441e-02   1.3712260e-01  -2.3129801e-01  -2.1799799e-01   2.6038323e-01   3.7157393e-02   2.2622591e-01  -2.0888154e-01  -2.7770174e-01  -3.0400330e-02   1.5613654e-01  -2.2971838e-01   6.5658320e-01  -2.3922937e-01  -3.4401275e-01  -9.5299376e-02  -9.6301683e-03  -5.5902195e-02  -1.6391838e-01  -1.7081545e-02   3.6380207e-01   6.9734096e-02  -2.0812193e-02  -5.6741705e-02   4.1894720e-01  -1.3685248e-01  -3.1742575e-01   5.4671235e-01   2.4078585e-02   1.3643881e-01  -4.4853999e-03   1.6605210e-01   4.2142391e-01  -1.4539721e-01   9.9904388e-03  -2.9748013e-01  -2.8164411e-01   2.4315721e-01  -2.5372396e-01   7.7314277e-02  -2.3962176e-01  -8.3499363e-02  -2.4251852e-01  -4.0176456e-02  -1.6435558e-01  -1.7157851e-01   1.4849340e-01  -1.3642484e-01  -4.2621388e-01   2.3051193e-01  -1.6127283e-01  -1.0733236e-01  -2.7542609e-01   7.4596809e-02  -4.0531176e-02   3.3259337e-01   1.0751830e-01   6.3852631e-01   1.6606232e-01  -2.4664814e-01   9.7374183e-02  -8.8737403e-02  -5.4696224e-02   1.0419062e-02   4.0323967e-02   6.0591777e-01   1.1955874e-01   1.5858220e-01   3.4889688e-01   2.3346364e-02  -2.8225400e-01   1.6421191e-01  -4.2623234e-02  -1.5316946e-01   9.9063586e-02  -1.9781939e-01  -1.4433131e-01  -3.0958705e-01  -9.3038775e-02  -3.0897933e-01  -1.6605651e-01   1.7662518e-01  -2.3274530e-01   7.3959355e-02  -2.4158935e-01  -1.3320617e-01   2.2415560e-01   3.6509079e-02   2.4687232e-01  -1.3469702e-01   2.3581842e-02  -8.0964883e-03  -8.2349522e-02  -2.9404559e-01   2.7639580e-01  -4.6123225e-03   3.0350696e-01  -5.6829952e-03  -1.1806314e-02   3.3176306e-01  -1.0126237e-01  -1.7754181e-01   8.8567364e-02   1.7410905e-01   2.3757229e-01   3.3957220e-02   3.8301394e-01  -2.0018743e-01  -3.1720476e-01   7.5292243e-02  -5.1521143e-02
  -2.5019385e-01  -9.0861078e-02   1.5069733e-01  -4.9571114e-02   2.9861825e-01  -1.8738667e-01  -3.5197529e-02  -7.9166624e-02  -1.0167059e-01   0.0000000e+00   2.1523260e-01  -1.0840990e-01   1.7720627e-01  -5.6262323e-01  -3.7687243e-01   1.5850754e-02  -1.1557986e-02   1.5707898e-01  -7.3687525e-02   4.1144656e-01  -1.1641844e-01  -1.4757005e-01   1.6113994e-01   1.3165863e-01  -1.3023111e-01  -2.5780438e-01   3.6334366e-01  -1.6399308e-01  -1.0534789e-01  -1.6102159e-01  -3.8136652e-01  -1.3347622e-01  -2.8377107e-01   8.6763981e-02  -4.4288224e-01   4.8950112e-01   1.9721272e-02  -8.3545381e-02   1.3158576e-03   3.4879476e-01   2.1483041e-01  -1.3280802e-01  -2.6742639e-01  -7.6248031e-02  -3.8128069e-02   8.7652582e-02   3.8644032e-01  -1.3377568e-01   2.2017122e-02   6.2804091e-02   2.2251483e-01  -3.0260143e-02  -7.4100419e-02  -1.0542750e-01  -2.1415402e-01  -7.2473865e-02  -2.0719009e-01  -4.7880926e-02   2.2043643e-01  -2.4531873e-01  -4.8582517e-02   1.8490954e-01  -1.5504088e-01  -2.1070498e-01  -2.2649557e-02   5.8652539e-01  -2.3939184e-01   4.1919990e-02   4.3848593e-02  -1.2829775e-01   1.9608380e-02   6.7875671e-02   1.7707919e-01  -3.5370574e-01  -1.4628557e-01  -1.3249640e-01   5.8755704e-03  -6.5460001e-02   1.7082122e-01  -9.7766255e-02  -2.7015855e-01   1.0070268e-01   4.2649228e-02  -7.9383687e-02  -3.3749417e-01   1.6395975e-02  -4.5767671e-01  -1.9086170e-01  -7.2670098e-02   3.7607244e-04   1.3109668e-01  -1.0301922e-02   6.2126826e-01  -1.5178311e-01  -4.5677766e-02   5.4010338e-01  -1.9821496e-01  -2.4120563e-01   6.5109326e-02   2.1225916e-01  -1.8580189e-01  -2.4796817e-01  -2.6611339e-01  -3.8369920e-01   1.0538094e-01  -1.2120605e-01   7.8470267e-03  -8.8939950e-02  -2.4229182e-01   2.4640304e-01   1.0915381e-01  -1.9982208e-01  -1.1035142e-01  -4.2031048e-02  -1.6108489e-01   9.5945950e-02  -1.2324941e-02   2.7312217e-01  -1.7096641e-01  -6.5830878e-02   1.3045758e-01   3.0030783e-01   1.2685143e-01  -8.6011509e-02   1.8337623e-01  -2.8124294e-01  -2.8611958e-01   3.8353349e-03  -1.4828005e-01  -1.6280352e-01   1.5293805e-01  -2.0628708e-01  -5.6374398e-01  -1.5824896e-01  -2.8274310e-01  -1.3891286e-01  -9.8424350e-02  -3.1988421e-01  -2.6625848e-02   1.3921694e-01   8.1129812e-02   1.5599067e-01   2.6249101e-01  -8.4054185e-02  -2.4138363e-01  -8.6302114e-02   1.5321901e-01   5.5651055e-01   3.7426556e-01  -2.7756988e-02  -2.0682209e-01  -1.3484688e-01   1.5364929e-02   6.9216892e-02   1.0421022e-01   1.2580772e-01   1.1995996e-01   1.3786335e-01   7.8041066e-03  -1.1282558e-01   4.8143752e-02   2.4950008e-01   5.3020798e-01  -1.1662021e-01  -2.1326553e-01   2.7444088e-01   3.6188895e-02  -2.3513438e-01   1.5005657e-01   4.8566318e-01   1.1140415e-01  -1.2337754e-03   1.3265165e-01  -1.3487041e-01  -3.6907908e-02  -7.6039308e-02  -7.7740388e-02
   8.6470253e-03  -3.9717688e-01  -2.3329005e-01   2.6697784e-01  -1.1446054e-01   4.0585723e-01  -4.4770479e-02   5.2174235e-02  -1.1190315e-01   2.1523260e-01   0.0000000e+00  -3.2963672e-01   2.2102653e-01   2.4586799e-01   2.6303655e-01   2.0444046e-01  -4.2069907e-01   7.6482545e-01   7.2544067e-03  -1.5812743e-01   5.5092366e-01   2.8640510e-01   4.9829547e-01  -7.6886079e-02  -2.9325774e-01   7.6567695e-02   1.9474773e-01   1.7790602e-01  -1.2432979e-01   3.0209402e-01   5.5557406e-02   2.6667979e-01  -3.7307724e-01  -2.1264835e-01  -4.5957915e-02   4.5023091e-01   1.5958119e-01  -3.0661675e-01   2.0152509e-01  -2.9863601e-01   2.0679374e-01  -2.9152700e-01  -2.0900801e-01   3.3157175e-01   3.7949247e-01   1.1424505e-02   6.5532438e-01   7.4687473e-02   1.6174592e-04  -5.9584418e-01   7.4129796e-01   8.9085159e-02  -3.5669013e-01  -2.9789452e-01   1.1407669e-01   4.4733615e-01   2.5958801e-01   1.0791923e-01   2.1479230e-01   2.0436656e-01  -2.4771515e-01   5.4821301e-01  -2.2202570e-01  -7.5045183e-02   1.7190898e-01   5.6962184e-01   2.7092463e-01   3.8068678e-02   5.2408431e-01   1.0412720e-01  -5.6136100e-01   5.5065382e-01   2.5788685e-01  -8.9884741e-02  -2.6563449e-01   1.0114230e-01  -2.6408603e-01   3.5677046e-01  -6.4010965e-02  -6.5582802e-02   3.1984616e-01   2.9840051e-01  -3.2840347e-01   2.0049885e-01  -2.5260199e-01   1.2772965e-01  -2.1591353e-01  -1.1522426e-02  -3.2575003e-01  -1.2720081e-01  -3.6363402e-01  -3.6525808e-01   2.4966544e-02   7.2724948e-02  -2.3316141e-01   8.4267955e-02   3.1544379e-01   1.4031013e-01   2.4652455e-01   2.6203636e-01  -1.9039220e-01   3.8898597e-01   3.5389954e-01   2.2989268e-01   3.9520764e-01   1.1421460e-01  -2.2633220e-01   3.8028793e-01   8.9356914e-02   5.0832034e-01  -4.0008334e-01   3.4398555e-01   1.6950308e-01  -1.3996180e-02   3.0912090e-03  -3.8276249e-01   1.1425949e-01   3.3449591e-01   2.2751370e-01   2.6479423e-01  -1.9091050e-01  -2.0680398e-01  -4.4218579e-01   1.5036271e-02   1.4922203e-01   1.7673107e-01   3.6257620e-01  -3.1666405e-01   1.2332355e-01  -1.7351938e-02   3.8160667e-01  -3.7723041e-02  -1.1481603e-01   8.8785173e-02  -2.9498168e-01  -2.6035502e-02   2.6733639e-02  -1.5174835e-01   4.4366310e-02  -3.2714412e-01  -1.1425270e-01   1.5821140e-01   6.7475805e-01   1.9684644e-01   2.6545390e-01   3.8338996e-01  -3.8897486e-01   4.9270105e-01   5.2795463e-01  -8.0678113e-02  -1.7437089e-01   2.6558061e-01  -2.2063518e-01  -1.2285639e-01  -4.3797116e-01  -2.5983013e-01  -2.3311467e-03   2.9002770e-01  -3.4192441e-01   3.5351453e-01   1.2603908e-01   6.1793076e-01   1.2758802e-01   3.6747586e-01   1.0049593e-01  -3.3862415e-01   4.5488216e-01   3.3026508e-02  -1.3085922e-01   7.0860653e-02  -4.1226419e-01  -3.4350989e-01   3.4550131e-01   2.4645325e-01  -1.5238262e-01  -4.3031962e-02   1.9450466e-01
  -2.3318626e-01   2.4245195e-01   5.4071041e-01  -2.3288502e-01   1.4731278e-01  -1.9801352e-02   5.4787831e-01  -1.3437831e-01   1.8944610e-01  -1.0840990e-01  -3.2963672e-01   0.0000000e+00  -3.6711674e-01   6.5620194e-02   3.2901466e-01   1.7864138e-01   4.3751963e-01  -2.2728891e-01   1.4749700e-01   1.1083181e-01  -1.4160812e-01  -4.5210582e-01  -1.0786115e-01  -4.9540044e-01   2.8392282e-01  -1.2288503e-01  -2.2206446e-02  -6.9781546e-02   4.5311699e-02   1.5487221e-02   4.1453986e-01  -3.6942217e-01   3.0513755e-01   5.5751223e-01   6.2664856e-01  -9.5046793e-02  -8.2344251e-02   8.3626624e-02  -1.4895385e-02   3.2191930e-01  -3.7494876e-01   2.2143961e-01   4.9182748e-01   5.0026641e-02  -5.4864749e-02  -1.9315905e-01  -2.9219163e-01   4.3821030e-01  -1.0490679e-01   3.1934676e-01  -4.0223115e-01  -2.3218499e-01   5.4162960e-01   2.7621717e-01   1.4629922e-01  -5.6435993e-02  -2.4676437e-01  -3.7762468e-01  -2.7030366e-01   3.3965331e-01   2.1199953e-01  -1.6269422e-01   2.4274524e-01   1.3645837e-01   5.7550042e-02  -2.9260827e-01   2.3130084e-01  -1.7284010e-02  -3.4435258e-01   2.5858759e-01   5.3196285e-01  -3.5727020e-01   3.5511751e-02   3.4669639e-01   1.4390146e-01  -2.7314956e-01   4.9148353e-02  -2.2094969e-01   4.0340900e-02  -1.9982840e-01   3.1403168e-02  -1.7517306e-01   5.5621248e-01  -3.6963632e-01   4.3469728e-01  -1.4291970e-01   4.2822923e-01  -2.0053634e-01   1.6784068e-01  -5.2030361e-01   4.3674576e-02   3.2303639e-01   1.6351360e-01   5.0286333e-02   6.8295328e-02  -1.7845789e-01  -1.0169600e-01  -1.7799877e-01  -7.0184662e-02  -1.0903779e-01   2.0864871e-01   4.7314998e-02  -1.9857958e-01   1.1158746e-01  -5.5229553e-01  -2.6124677e-01   3.1287448e-01  -3.1654087e-01  -3.6645275e-02  -7.9414335e-02   6.9032922e-01  -3.5604658e-01   9.1992374e-02  -5.1361240e-01  -2.8109007e-02   1.6623216e-03  -2.5673535e-01  -1.1812226e-01  -5.0320944e-02  -2.9914175e-01  -3.9119442e-01   2.3758136e-02   4.7513541e-01  -2.9286688e-02  -3.9742723e-01  -1.5793414e-01   2.5811348e-01   1.9170880e-01  -4.3119196e-01   4.4545623e-01  -2.3853092e-01   3.3988902e-01   3.1822688e-01   3.4630920e-01   3.5682895e-01  -1.8190841e-01  -2.5499752e-01   4.0547691e-01  -1.6819082e-01  -2.5733360e-01  -3.8055687e-01  -1.8627775e-01  -5.1261563e-01   8.2312560e-02   2.5812434e-01  -4.4030391e-01   4.4909115e-01  -3.4977552e-01  -2.0173093e-01   1.6034343e-01   3.7151686e-01  -1.2639605e-03  -4.6870044e-02   4.4397627e-01   5.8278932e-01  -3.2757511e-01  -4.8407875e-01  -2.9630590e-01   1.7710431e-01  -2.0996843e-01  -4.8068940e-02  -3.7358214e-01   1.2417691e-01  -3.1567161e-01  -1.9772903e-01   2.1029712e-01   6.4425327e-02  -7.4543670e-02  -1.6963880e-01   3.8536878e-03   3.2448765e-01  -5.3598291e-02  -1.6838645e-01   1.0169062e-01  -2.7197068e-01   2.3283194e-01  -2.9539409e-01
  -8.1842116e-02  -3.0380178e-01  -1.9610515e-01   1.6951486e-01  -3.4450885e-02  -5.4671208e-02  -2.9340015e-01   1.7201801e-01  -4.3730739e-01   1.7720627e-01   2.2102653e-01  -3.6711674e-01   0.0000000e+00  -2.0273021e-01  -1.3995435e-01   2.2234069e-01  -1.8806508e-01   7.3071919e-02  -1.2841423e-01   7.8451365e-02  -1.0516555e-01   2.2648702e-01   1.0273952e-01   9.1992568e-02  -9.6333270e-02  -1.8950607e-02  -8.3721981e-02  -9.4860273e-02   4.4336635e-01  -2.1428513e-01  -3.4069601e-01   1.9008498e-01  -1.8286521e-01  -1.4564226e-01  -4.5739035e-01  -1.5932071e-02  -1.5284904e-02  -7.4393385e-02   1.7528571e-01  -1.6020427e-01   8.0587888e-01   5.9747914e-03  -4.7211208e-01  -2.0566594e-01  -1.0247294e-01  -5.2703991e-02   1.4224504e-01  -4.6754952e-01  -6.8657672e-02  -7.1486194e-02   1.8166736e-01   3.0055785e-01  -3.5984423e-01  -1.5561231e-02  -2.0504048e-01   5.6312437e-02   6.8914648e-02   2.2004655e-01   2.2862424e-01  -2.2058384e-01   1.2563614e-02   4.0170934e-02  -3.1236858e-01  -9.5722434e-02  -2.9503815e-01   1.0793031e-01  -1.8703768e-01   1.6653774e-01   2.1529343e-01  -1.2808578e-01  -3.5888933e-01   5.1946170e-02   3.0938712e-01  -1.8535834e-01   5.0385956e-02   9.3035974e-02   6.6354401e-02   1.8713326e-01  -1.6314297e-01   5.8379356e-01  -6.9869951e-02   4.5925009e-01  -3.0682178e-01   1.6395616e-01  -3.8380588e-01  -6.0679065e-02  -5.1091546e-01   6.0147453e-03   1.1807322e-02   1.1483670e-01  -1.4547005e-01   1.7223461e-02   1.0429802e-01  -2.1666860e-01  -5.1242935e-02   1.0566943e-01   3.3522240e-01  -2.9485287e-02   9.5912892e-02   3.8070999e-02  -3.1032791e-01   2.2464224e-02   3.1955368e-02  -1.8848918e-01   3.4969717e-01   1.6110536e-01  -9.9635675e-02   1.6624695e-01   2.8658929e-02  -7.9101965e-02  -1.6165319e-01   1.5322492e-01  -9.9944659e-02   1.3767659e-01  -1.7173070e-01   6.2917210e-04   1.9192441e-01   5.8883426e-01  -9.9388015e-02   1.0195321e-01   2.1874954e-01  -2.2238206e-02  -9.8904469e-02  -1.6918333e-01   6.2807526e-02  -1.3669926e-02  -9.0177218e-02   4.3462419e-02   2.7755509e-01  -3.7091771e-01   4.7620816e-01  -2.3946118e-01  -3.2912578e-01  -2.5050000e-01  -2.2357827e-01   1.4320492e-01   4.9120135e-01  -3.9486754e-01   2.4185637e-01   3.4863325e-01   4.8393427e-02   4.0263686e-01   3.1480437e-01  -8.7030279e-02  -5.2648235e-02   1.2592538e-01  -5.5560760e-02   1.5371318e-02   1.0688462e-01  -1.5178999e-01  -2.0391130e-01  -1.9701510e-01   1.1263932e-01  -1.7835001e-01  -3.5130914e-01   1.0784047e-01   2.0620898e-01   3.7204370e-01   3.5864019e-02   1.2074968e-01   1.2258820e-01   2.7084358e-01  -9.5835093e-02   6.3562767e-02   1.7102126e-01   3.0252354e-02   7.0226512e-02   9.1686238e-02   1.2684082e-01  -8.0151185e-02  -1.1821562e-01   1.3200974e-01  -9.3923762e-02  -1.1225461e-01   4.5661022e-01  -1.0567777e-01   1.8382891e-01
   2.8775631e-01  -4.0291877e-01  -1.1465462e-01   9.8438640e-03  -5.6690408e-01   5.9188773e-01   2.7052680e-01  -2.0886630e-01  -1.4744827e-01  -5.6262323e-01   2.4586799e-01   6.5620194e-02  -2.0273021e-01   0.0000000e+00   4.9946471e-01   4.5886396e-02  -2.6625124e-01   2.5289434e-01   1.0741204e-01  -6.5989799e-01   4.7162661e-01   4.0156092e-01   3.7966554e-01  -1.9411699e-01  -1.1304120e-01  -4.4356105e-02  -1.8023056e-01   5.7734426e-01  -1.0996235e-01   2.5455915e-01   3.8880672e-01   8.2682996e-02  -4.2518637e-02   6.3146594e-02   5.3225673e-01  -1.4296052e-01  -8.0770638e-02  -1.3461185e-01  -3.0495465e-02  -3.0302471e-01  -2.4752357e-01  -1.0804107e-01  -5.2590781e-02   2.7432607e-01   3.3737282e-02  -1.2679154e-01   3.9045642e-02   2.9105957e-01  -2.7982952e-01  -4.1652195e-01   2.1559574e-01  -2.0043378e-01  -1.1862375e-01  -1.3305447e-01   5.2481704e-01   5.3308990e-01   3.2454204e-01   5.9137382e-03  -2.1515404e-01   3.4224304e-01  -2.8216913e-01   2.7531983e-02  -2.1722075e-01  -9.6808579e-02  -8.7549696e-02  -8.0350788e-02   5.4740428e-01  -1.6723537e-01   2.3201358e-01   5.0562566e-01  -3.4176613e-01   1.4262602e-01  -2.1120535e-01   4.3315898e-01   4.1443779e-02  -1.0745271e-01  -3.7169002e-01   2.7029074e-01  -3.3041384e-01  -2.2114894e-01   7.4462251e-01  -3.2579704e-02  -1.4765145e-01  -8.5451521e-02   3.7979776e-01  -2.7088341e-01   2.9242064e-01   2.5440666e-01  -2.5524493e-01  -1.0676816e-01  -6.3101814e-01  -2.6469628e-01  -3.0313877e-01   1.4949639e-02  -1.5291108e-01  -6.0444385e-01   1.5647222e-01   9.3310110e-02  -2.1129593e-01   7.2381742e-02   2.3732927e-01   5.5071823e-01   7.2203140e-01   4.7016967e-01   1.0708437e-01  -7.6683783e-02  -1.5048560e-01   1.7472794e-01   1.6780420e-01   3.3455497e-01  -2.1551811e-01   4.5776580e-01   5.8950584e-02   1.8449496e-02   4.9294268e-01  -6.2178379e-01   4.6442591e-02  -2.1555339e-01   6.7951035e-01   7.8910929e-02  -4.4969186e-01  -6.3216091e-01  -4.6393994e-01  -2.1027779e-01  -3.0592372e-01   6.3379360e-01   4.1979549e-01  -2.7243743e-01  -7.4241505e-02   4.9339239e-01  -2.0668870e-01  -1.6497576e-02   5.1297934e-01   1.8783288e-01  -1.2441983e-01  -2.2968919e-01  -1.2203576e-01   4.0308728e-01  -1.6050194e-01  -4.3673284e-01  -2.2835875e-01  -7.8981409e-02  -4.6003564e-03   5.9501446e-01   3.2168388e-01   3.7895455e-01  -2.0290012e-01  -1.7503476e-01   1.8134162e-01  -9.2051567e-02   2.6746143e-01   4.8382593e-01  -4.3860302e-01  -1.7183559e-01  -1.7771489e-01  -3.2514936e-01  -4.0949188e-01  -1.1283672e-01  -4.2665876e-01   5.6038828e-01  -1.9822075e-01  -1.2670578e-01  -3.9244873e-01   2.4756314e-01   1.9382293e-03  -5.6618236e-01   1.8459165e-01   3.7482849e-01  -4.3445763e-01  -4.7788642e-01  -5.8920195e-01  -3.3587036e-01  -1.4239893e-01   5.0466630e-01  -1.4284372e-01  -8.4376199e-02  -5.8278198e-02
