   0.0000000e+00  -3.9770417e-02   2.3205242e-01  -1.7335467e-01   7.4260477e-02  -3.1543190e-01  -4.1500881e-01   3.1445072e-02   2.8543674e-01  -1.7354704e-01  -3.4649471e-01  -1.2109922e-01   1.0942968e-01   6.5495405e-01  -4.9122369e-01  -1.4127877e-01   2.0334644e-01  -3.2617717e-01   1.2533333e-01   1.1133054e-01  -5.0839486e-01   3.2257175e-01  -4.9334140e-01   5.6623877e-01   3.0818325e-01   8.9163242e-02  -7.2005531e-02  -1.7855571e-01   2.2493868e-02  -1.2122313e-01  -3.6196660e-01   8.2483472e-02  -1.7540832e-01  -1.1412147e-01  -6.0140265e-02  -1.0892530e-01  -1.4169924e-01   6.0551503e-01  -1.5898474e-01  -4.3205750e-03  -1.3973467e-01   3.6452204e-02   3.1358350e-01  -1.8340986e-01   2.6633251e-02   4.8673330e-01  -2.8847194e-01  -2.7685290e-01  -1.3155283e-01  -1.3490667e-01  -3.3306196e-01   8.8373109e-02  -1.4799786e-01   2.1634735e-01  -1.4121195e-01  -3.5683554e-01  -7.3906740e-02   1.3865272e-01  -9.6466668e-02   1.9979183e-01   4.7370711e-01   7.6469812e-02   1.5277771e-01  -1.1879069e-01   1.3407837e-01  -2.8437257e-01  -3.5744640e-02   2.3533599e-01  -1.7542502e-01   2.7430967e-01  -3.9297550e-01  -4.6418062e-02  -2.5369975e-01  -1.0489401e-01   2.3778684e-01   2.2832702e-01   4.8680772e-01  -1.4080356e-02   1.3702078e-01   2.4709722e-01  -3.8998239e-01  -1.7243612e-01  -4.6589938e-01   1.3008202e-03   2.8559903e-01  -1.6942410e-01  -4.6474874e-02   2.1926008e-01   1.9910668e-01   7.6265118e-01   6.2426109e-03   3.5414111e-01  -2.7507167e-01   3.0650335e-01   5.2002352e-01   1.0406034e-01   1.3566200e-01  -2.1809189e-02   8.2288443e-02  -3.3959038e-01   1.2618797e-01  -4.1320037e-01  -3.3403487e-01   3.2119463e-01  -1.8583494e-01   3.0733583e-01   3.0107634e-02  -4.6574368e-02  -7.7284676e-02  -2.0444314e-01  -3.5366926e-01  -5.9400512e-02   2.2478865e-01   7.5292239e-01  -2.2181563e-01   2.1796139e-01  -5.0808578e-02   5.0086910e-02  -3.6430238e-01  -1.0652817e-01   6.4823925e-01   2.0694238e-01   7.0173647e-02   9.4803261e-02   5.7924816e-01   2.5491083e-01  -8.7192400e-02   1.8951729e-01   2.6497791e-01   1.6472674e-01  -3.6770421e-01  -3.3688272e-01   5.2878360e-01  -2.5514773e-01   2.2020810e-01   1.0440900e-01   1.1557279e-01  -3.4066088e-01   7.5967450e-02   5.5045507e-01   6.7873483e-01   8.9881977e-02  -5.5550769e-02  -2.6745240e-01  -4.7422772e-01  -4.4182419e-01  -1.4636519e-01  -1.7233074e-01  -2.6678652e-01  -6.6844103e-02  -6.9889335e-02  -3.0851475e-01   5.9204109e-01  -2.1501014e-01   9.5641471e-02   7.0962810e-01   5.6555706e-01  -1.3623366e-01   2.7519320e-01  -2.4013456e-01   1.5234382e-01  -1.7032180e-01  -3.0247484e-01  -1.0188006e-01   2.6581458e-01   1.0034148e-01  -1.2058874e-01   7.5282463e-02   5.4937497e-01  -3.5986911e-01   2.5582417e-02   5.9953690e-01  -2.1314251e-01  -2.1955841e-01   3.7823606e-03   1.7913089e-01   4.0211839e-01
  -3.9770417e-02   0.0000000e+00   5.0531967e-01  -1.9518251e-01   2.2002123e-01   1.9347041e-01  -3.4734863e-01  -2.8208072e-02   4.0607564e-02   2.3023292e-01  -4.4412824e-01   2.4125743e-01   1.6040772e-01  -1.7932707e-02  -7.0931828e-02  -6.7449230e-02   5.6135077e-01  -4.8048965e-01  -6.3399693e-02   3.8418806e-01  -3.4040230e-01  -1.7555305e-01  -4.0428496e-01  -1.4054180e-01  -2.5896667e-03  -2.8532815e-02   1.1778771e-01  -1.0138652e-01   1.2915418e-01  -1.3797668e-01  -1.3373777e-01  -3.0024826e-01   3.0534645e-01   4.5351858e-01  -4.6304916e-02   1.1669623e-02  -1.6415118e-01  -5.6835161e-02  -7.2671763e-03   5.3949808e-01   2.9428887e-02   2.2266381e-01   1.2848278e-01  -2.3785148e-01  -2.3859140e-01  -7.1304060e-02  -2.4240803e-01  -1.1911416e-01   9.2307931e-03   2.8737802e-01  -4.7124006e-01  -2.2402413e-02   3.3426372e-01   3.6913095e-01  -1.3103517e-01  -3.3431535e-01  -7.6752602e-02  -5.2830311e-02  -4.9787619e-01   9.0198502e-02  -1.1776188e-01   1.8403624e-02   5.9523784e-01   2.6647998e-02  -2.0787812e-01  -2.8157297e-01   3.5870459e-01  -1.7331527e-01  -1.4032531e-01   7.0007232e-02   5.6402027e-01  -3.6021527e-01  -2.0434499e-01   1.8260275e-01   3.5212245e-01   2.0217510e-02  -8.9244890e-02  -2.0153813e-02   1.4660063e-01   7.5161686e-02  -1.2799520e-01   3.7615910e-02   1.0319749e-01   6.2134403e-02  -2.7308757e-02  -7.7266834e-02  -4.1074110e-02   6.7811340e-02   4.1142387e-01  -1.0778794e-01   1.3518505e-01   8.4383039e-02   2.9971645e-01  -2.0075172e-01  -6.5153739e-02   4.0335768e-01  -6.1897555e-03   4.2690040e-02  -1.2271377e-01  -2.1621072e-01   7.6563118e-02   8.5753406e-02  -2.4763770e-01   9.5897342e-02  -3.8558758e-01   3.6986987e-02   4.7187265e-01  -9.8556982e-02  -3.3329345e-01  -3.6969146e-01   2.6344691e-01  -2.0436689e-01  -1.9315766e-01  -1.4212906e-01   2.2446719e-01   1.9854151e-01  -2.6815861e-01  -9.4695352e-03   1.1648859e-01  -2.2863822e-01  -1.1687005e-01   3.1670286e-01   1.7568965e-01  -1.0795498e-01  -2.5221455e-02   2.4371815e-01  -4.7161275e-01   4.3359016e-01   4.6880365e-02   2.8700519e-01   1.4041196e-01  -1.9356080e-01   1.0036548e-01  -3.6573089e-02   2.6352591e-01   4.7714261e-02   2.2957666e-01   3.6698320e-02   7.7514869e-02  -5.2582730e-02  -1.0813546e-01   1.5925477e-01  -3.1280334e-01   1.6187272e-01  -3.2209340e-01  -2.8854358e-01   4.7145265e-01  -3.7270195e-01  -4.4714496e-01   7.9930236e-03   2.4710204e-01  -2.6948818e-01  -1.5023177e-02  -1.4224363e-01   6.0130269e-01  -6.5290649e-02  -1.2848332e-01  -3.3666290e-01   1.2823734e-01  -1.1791961e-01  -1.5366654e-01  -1.7774597e-01   1.0005279e-01  -3.1381373e-01   6.8197019e-02   3.5261105e-01  -3.5103475e-02   5.7820679e-02  -1.1326231e-01   3.3750067e-01  -7.1460874e-02  -3.7796465e-02  -4.0056250e-01   2.0310614e-01   4.2080907e-02   3.1481476e-01   4.9104337e-02
   2.3205242e-01   5.0531967e-01   0.0000000e+00  -1.7601618e-01  -2.4769490e-02   4.2094645e-01  -2.3522058e-01  -4.4147506e-02  -2.0154247e-01   1.6229873e-01  -5.7616488e-01   1.9756988e-01   3.4303186e-01   2.8369150e-01  -1.0685091e-01  -7.5044872e-02   9.1783549e-01  -5.7791813e-01   2.3103340e-01   3.2063246e-01  -4.6698822e-01  -8.3914404e-02  -4.2177320e-01   5.9011414e-03   1.3676665e-01   3.2263843e-02   1.6285538e-01   2.6072230e-01   1.3836267e-01  -4.8955573e-01  -4.6874750e-01  -1.1166345e-01   1.3814821e-01   2.2526302e-01  -2.4618450e-01  -1.2799264e-01  -4.3019260e-01   2.2025693e-01  -1.3223368e-01   4.2863027e-01   6.5263646e-02   4.4471629e-01   1.7323721e-01  -1.9346889e-01  -3.5830924e-01   2.6671432e-01  -2.4006785e-01  -4.7991152e-01  -3.5761243e-02   1.5207790e-01  -4.3103311e-01   5.4893792e-02  -2.1307934e-01   4.8342177e-01  -7.7570694e-02  -1.1295889e-01   1.7464546e-01   3.7441931e-02  -4.1331604e-01   1.4518092e-01   2.5115562e-01   8.8551280e-02   4.1225840e-01  -4.2236170e-01  -5.0304297e-01  -3.1491303e-01   3.6165420e-01   6.5227570e-02  -1.6760709e-01   6.6377255e-01   1.3417859e-01  -3.1026978e-02  -3.7497801e-01   1.9533896e-01   2.8712860e-01   1.5837731e-01   2.7483688e-01   2.1480772e-02  -2.5747533e-01   4.4934866e-03   1.1507428e-01  -4.3826135e-02  -1.6677671e-01   1.1052281e-01   3.1206282e-01   4.4576829e-02  -2.9733716e-01   2.2813441e-01   1.9728835e-01   1.1210471e-01  -2.7414577e-01   4.7557046e-01   2.6125672e-01  -1.7537183e-01   1.7978484e-01   3.6697635e-01   1.8171253e-01   6.4654775e-03  -2.7374823e-01  -3.8936555e-01   2.1758796e-01  -1.0201279e-01  -1.1281542e-01  -3.7452285e-02  -3.3478287e-01   1.0204534e-01   4.3846087e-01  -8.3988681e-02  -1.6801774e-01  -4.0509221e-01   1.9034464e-01  -1.3424051e-01   5.9657387e-02   2.1777550e-01   3.3127414e-01  -2.4196857e-01  -1.5564081e-01   9.8151586e-02   3.0487776e-01  -7.8638792e-02   2.4921507e-01   2.7662388e-01   2.2492940e-01  -3.3782348e-01   3.2143255e-01   3.8287815e-01  -4.9508383e-01   4.1921042e-01   1.8956266e-01   7.1934700e-01  -2.8348143e-02  -5.9384074e-01   1.7737933e-01  -3.9619503e-01   3.0599886e-01   1.2475171e-01   2.5032287e-01  -2.1164998e-01   1.0444861e-01   1.5108618e-01   1.0339697e-01   2.0640760e-01  -2.2460536e-01   5.2358048e-01  -4.3598030e-01  -4.5534578e-01   3.7079378e-01  -4.1133591e-01  -3.7510991e-01  -4.3144522e-01   5.8481047e-01  -1.2407727e-01   2.0798723e-01  -4.9228508e-01   6.6517602e-01   1.2363332e-01   2.8745826e-01  -2.2508572e-01   4.5336968e-01   1.0673334e-01   1.0931520e-01  -2.4180347e-01  -2.8646654e-01  -1.5730083e-01   4.2927179e-02  -2.3196806e-02  -3.0578659e-01   2.7497290e-01   1.3226635e-01  -6.5254754e-02  -7.9985367e-02   2.8963297e-01  -4.6495116e-01   3.8719651e-01   3.6895297e-02   2.4206647e-01   8.3048300e-02
  -1.7335467e-01  -1.9518251e-01  -1.7601618e-01   0.0000000e+00  -1.4273449e-01   2.6137321e-01   1.5805282e-01  -1.4875666e-01  -1.6982569e-01  -3.5923280e-01   2.9744435e-01  -6.4597182e-02   9.6803546e-02  -2.9197011e-01  -7.7595942e-02   4.0848629e-01  -2.5285471e-01   3.3368397e-01   4.5306985e-01  -4.8862480e-02   1.2349373e-01   2.8171700e-02   8.7472556e-02  -1.3078863e-01  -1.5504858e-01  -1.0189762e-01   1.0326667e-01  -8.5883698e-02  -7.6071356e-02   1.1437998e-01  -1.5613825e-01   4.8379133e-01   3.7170400e-02  -2.5080135e-01   4.6548603e-03   4.2589390e-02   1.2825661e-01  -2.4251343e-01   3.9544189e-01  -3.6208001e-01   2.3074618e-01   8.7370527e-02  -5.5533987e-02   5.3004511e-02   6.8909389e-02  -1.6653407e-01   3.6330196e-01  -1.0617224e-01   1.2685979e-01  -2.4898059e-01   4.1179928e-01  -1.5604507e-01  -2.1601615e-01  -6.8388480e-02  -6.0791186e-02   2.1494935e-01   5.3737654e-01   1.9561080e-01   5.0393956e-01   9.1991793e-02  -1.6689843e-01  -1.8707914e-01  -1.1081851e-01  -1.1028578e-01  -4.5190950e-02  -1.7420128e-02   9.9734602e-02   1.6674877e-01   5.9236914e-01  -1.8742582e-01  -1.7226092e-01   3.6630271e-01   4.5701075e-01   8.7955369e-02  -9.2133518e-02  -2.5468453e-01  -2.0091728e-01   4.0130223e-02  -2.2510570e-01   1.1042866e-01  -2.9801932e-03   2.8665505e-01  -1.5889277e-02  -2.4959787e-01  -1.2496733e-01  -8.2526013e-02  -4.1933260e-02  -8.1915443e-02  -6.1826269e-02  -1.3556228e-01  -2.0740113e-01  -1.5773799e-01   7.9326841e-02   3.5941600e-02  -2.0665698e-01  -2.8293527e-01   1.1736144e-01   2.0835339e-01  -1.5457204e-02  -3.3864000e-02  -3.0043287e-01   2.7312157e-02   2.7308202e-01   1.9875899e-02   5.3858094e-01   6.4001547e-02  -1.0088564e-01   5.0460974e-01   1.9240781e-01   1.8945809e-01  -1.6869065e-01   4.7748731e-01   2.8092173e-01   1.7176906e-02  -2.1062472e-01  -1.8191293e-01   2.7847408e-01   1.4744106e-01  -1.0722619e-01   6.6995195e-01  -1.0088294e-01  -1.3003135e-01   3.4882554e-02  -2.5866043e-01  -1.4586265e-01   1.7656999e-01   2.6032971e-01  -7.1582832e-02   7.7143092e-03  -2.8382500e-01   4.5653317e-01   5.5488584e-03  -1.7142207e-01  -1.7202615e-01   1.5681752e-01  -1.7370833e-01  -2.2269562e-02  -1.8655999e-01  -2.8046921e-01  -1.5635155e-01  -4.0978853e-02   2.9523639e-01   4.7517847e-01   9.0992160e-02   3.0254581e-01   6.8743917e-03  -2.7455533e-01   2.6176425e-01   2.8190264e-01  -1.7131040e-01  -7.3054775e-02  -4.9066090e-02  -1.3364474e-01  -2.3899763e-02  -2.9946737e-01  -4.0176565e-02   3.2170174e-02   6.0272843e-01  -1.0139636e-01   4.2455443e-02   1.0635110e-01   2.8088271e-01  -1.8140847e-01   5.4448703e-01   1.4764723e-01  -2.5550515e-01   4.2096532e-02  -1.2869798e-01  -3.9521857e-03  -9.3202929e-03  -9.2139017e-02  -1.9478956e-01   4.2144796e-01   2.3288464e-01  -4.8021589e-03  -9.4232694e-02   1.3265041e-01
   7.4260477e-02   2.2002123e-01  -2.4769490e-02  -1.4273449e-01   0.0000000e+00  -6.9881624e-02  -1.3406139e-01  -1.0772872e-01   1.8142789e-01  -2.7491131e-02   7.5818579e-02   1.9402255e-01   1.3346211e-01  -7.1943393e-02  -2.5175544e-01   2.0107127e-01  -1.1323632e-02  -3.8247118e-02  -2.8181117e-01   7.4678765e-01  -8.8224711e-03  -4.1110466e-01  -2.8754707e-01  -4.9669806e-02  -2.2851976e-01  -9.8726644e-02   4.6273524e-01  -1.4897596e-01  -9.4465420e-02   3.4319987e-02  -1.2235734e-01  -2.7453188e-01   1.1162796e-01   1.6480178e-01   6.8224899e-02   6.3108449e-01   1.6596472e-01  -2.8840800e-02   2.8863990e-01   2.1088550e-01   1.7103244e-01   1.7589191e-02   2.0613444e-01  -3.0981824e-01   2.2790403e-01  -1.0021994e-01   2.5153544e-01   1.3097148e-01   9.2724517e-02  -1.5454081e-01  -1.0647909e-01  -1.4661464e-01   3.4465109e-01   1.8284078e-01  -9.3155976e-02  -1.6891552e-01  -3.4615874e-01  -3.9544577e-01  -8.3105556e-02   2.2280720e-01  -6.1088799e-02   1.0512865e-01   2.8295187e-01   6.8147568e-02   3.7691998e-01   9.5794944e-02   2.1123284e-01   6.2521039e-02  -1.2143201e-01  -2.7630444e-01   7.9870679e-02  -2.5363401e-02   1.8235246e-01  -1.3949362e-01   1.5327702e-01  -1.7280754e-01  -1.1236645e-01  -1.8057526e-01   5.5751959e-01   2.3722347e-02  -2.0967615e-01   2.7355861e-01  -3.0083511e-02  -5.9088098e-02  -1.1790042e-01  -2.9362300e-01   8.0997988e-02   3.1521813e-02   2.8188395e-01  -8.0180130e-02   6.2561128e-01  -1.8268537e-01   3.0240383e-01   1.1608681e-01   7.5748714e-02   6.2491212e-01  -1.6980747e-01  -1.5832997e-02   3.2755497e-01  -9.6075898e-02  -1.6110491e-01  -1.0120800e-01  -2.5970139e-01  -3.9331898e-02  -1.5541858e-01  -1.4941330e-01   3.4350683e-01  -2.8400526e-01  -5.4602194e-02   1.4026106e-01  -2.9450684e-02  -3.5123096e-01   5.7697634e-02  -1.4720583e-02  -1.2271002e-01   5.1995319e-01  -2.1140814e-01   2.5872120e-01  -1.9154266e-01  -1.1863496e-01  -1.4980386e-01   3.1757060e-01   1.3545893e-01   8.7754559e-02  -1.3078241e-01  -6.5996775e-02   1.3954266e-01   3.0342997e-01  -2.6653553e-01  -2.0264622e-01   1.6048796e-01  -1.6369868e-03  -6.2600995e-02  -4.6375159e-02   1.9594761e-01  -9.6805563e-02   9.7335473e-02  -2.3402522e-01  -9.1234083e-02   1.3506073e-01   1.8503240e-01   2.6828340e-01  -2.4685821e-01  -1.4842387e-01  -1.4731279e-01  -1.1468463e-01   6.6523819e-02   1.3665088e-01  -1.4274860e-02   3.2770584e-02  -2.0106082e-01  -1.8732425e-01  -5.8982778e-02   3.7210816e-01   1.8037860e-01  -8.4182545e-03  -9.5875402e-02  -3.8926167e-02  -2.0331289e-01  -1.7923425e-01  -3.9947738e-02  -3.0424750e-01   2.0961693e-01  -2.1071464e-01  -2.3692056e-01   3.8922992e-01   3.4321692e-01   1.4984588e-03  -1.3769461e-01   4.3605235e-01   2.2716458e-01  -4.3214009e-02   1.4007376e-01   8.5833272e-02  -1.6997189e-01   2.9602719e-01  -1.6752297e-01
  -3.1543190e-01   1.9347041e-01   4.2094645e-01   2.6137321e-01  -6.9881624e-02   0.0000000e+00   5.3042932e-01  -4.0798125e-01  -4.3427896e-01   1.0906444e-01   6.5607048e-02   5.0080652e-01   2.2988329e-01  -3.6783766e-01   3.3554166e-01   3.0210092e-01   3.6331851e-01   8.0909536e-02   1.5806555e-01   2.2324585e-01   2.0039280e-01  -3.3787883e-01   2.5884004e-01  -4.7259213e-01  -2.0778064e-01  -3.8736233e-01   4.2726120e-01   4.8612701e-01   9.6288562e-02  -1.7262520e-02  -2.3362519e-01  -9.2736336e-02   1.0902852e-01   1.3113398e-01   1.5541050e-02   2.5435553e-01   1.3412795e-02  -4.0836702e-01   2.2566596e-01   1.7887927e-01   2.6608193e-01   1.6644574e-01  -1.0133754e-01  -1.1190868e-01  -1.0207614e-01  -3.4020627e-01   4.5276979e-01  -4.5190683e-02   1.6836210e-01   1.3516844e-03   3.4857595e-01  -3.5603511e-01  -3.2187157e-01   8.3883163e-02   9.4993544e-02   3.9355577e-01   4.9803967e-01  -2.4359556e-01  -6.9784093e-02   1.8117722e-01  -3.4610833e-01   1.0689353e-02  -6.3282932e-02  -5.0739347e-01  -4.8467649e-01   2.8697236e-01   4.7185509e-01  -1.6841623e-01   2.9450041e-01   3.6738873e-01   2.7494013e-01   2.6645168e-01   1.1853481e-01   2.8626827e-01  -8.3746331e-02  -3.9509939e-01  -3.6118511e-01  -3.5022960e-02  -3.9500570e-01  -1.9550359e-01   5.2528432e-01   3.7543766e-01   2.5992705e-01  -3.2593398e-01  -9.1367335e-02  -1.1650210e-02  -2.9441118e-01  -7.1147061e-02  -1.2051124e-01  -5.1326049e-01  -2.6881557e-01  -1.9001052e-01   5.5388623e-01  -3.8887306e-01  -3.6412494e-01   1.4393142e-02   1.1912343e-01  -7.3157796e-03  -1.2844385e-01   2.1625336e-02  -1.5019229e-01   2.0429746e-01   4.0726652e-01  -2.2018609e-01   2.5515939e-01  -4.2591129e-01   1.5952202e-01   8.0383669e-02   2.9569944e-01   1.2016978e-01   3.8745269e-01   2.5450972e-01   1.9550750e-01  -2.4123587e-01   4.3786464e-01  -5.3139715e-01   3.2745805e-02   2.4450026e-01   5.2059784e-01   3.3186465e-01  -3.7473745e-01  -6.6548915e-02   9.4204953e-03  -5.5378259e-01  -3.0815003e-01   2.6596603e-01   1.0540381e-01   6.7207977e-02  -3.6593114e-01   4.3678207e-01   3.7700509e-01  -2.1598999e-01  -3.6563662e-01  -3.6027087e-01   1.0500782e-01  -3.4605158e-01  -7.9623797e-02  -2.1944580e-02  -3.3079066e-01  -3.1508924e-01  -2.5173838e-01   9.6338411e-02   7.6775695e-02   7.7228111e-01   2.0082220e-01  -3.5126109e-03   3.0305419e-01   1.6860534e-01   3.3589865e-01  -4.9359104e-01   3.2623027e-01   6.4532348e-02  -4.4077475e-01  -2.5937081e-01   3.7043676e-01  -3.6557815e-01  -2.6419928e-01   2.0236939e-01  -1.5147498e-01   4.0738337e-01   1.1049351e-01  -6.7583190e-02  -8.1355861e-02   1.8172793e-01  -4.3321532e-01  -2.2008684e-01  -6.2569438e-02   1.1172250e-01  -3.9404489e-01   2.0853835e-01   1.4411548e-01  -3.2130063e-01   1.5435045e-01   7.6534585e-01  -2.1405663e-01  -1.2235912e-01  -3.9040093e-01
  -4.1500881e-01  -3.4734863e-01  -2.3522058e-01   1.5805282e-01  -1.3406139e-01   5.3042932e-01   0.0000000e+00  -3.6776583e-01  -1.1665237e-01   1.0775121e-01   4.6327770e-01   5.3499156e-01  -1.8247769e-01  -4.1422071e-01   4.8235718e-01   1.6861607e-01  -2.7670214e-01   5.1845272e-01  -8.8784697e-02  -1.4913668e-01   4.9643259e-01  -1.5663715e-01   7.1002304e-01  -4.2045355e-01  -3.2849821e-01  -3.7907887e-01   1.8837604e-01   4.5893932e-01  -1.2362292e-01   4.0988913e-01   9.3998064e-02  -1.1132601e-01  -1.7116943e-01   4.6063367e-02   1.7365505e-01   3.5715483e-01   3.0786253e-01  -4.6786596e-01   7.6638105e-02  -2.9306738e-01   2.2199846e-02  -2.1681918e-01  -1.1531873e-01   3.0450299e-02   2.3821725e-01  -3.8841190e-01   5.5212496e-01   5.5476784e-01  -5.5543382e-02  -2.6683155e-01   6.6744517e-01  -3.8449137e-01  -1.9722248e-01  -4.3060968e-01   2.1509548e-01   5.4540384e-01   2.9024314e-01  -3.4407072e-01   1.4994291e-01   7.8306556e-02  -3.7397771e-01  -8.1006949e-02  -4.6464420e-01  -2.2864030e-01  -8.2301564e-02   7.3027173e-01   4.1323958e-02  -1.8989861e-01   1.3652628e-01   1.2119653e-01   2.0512599e-02   2.3876456e-01   2.2632395e-01  -1.0034965e-01  -3.8269181e-01  -4.0406878e-01  -4.0820525e-01  -2.3981780e-01  -3.2522084e-01  -4.3641514e-01   6.3165285e-01   2.3422670e-01   2.8401381e-01  -3.3604610e-01  -3.4520992e-01   4.6010249e-02  -2.3858252e-02  -2.3564256e-01  -4.3891767e-01  -5.7651587e-01  -1.1391597e-01  -4.8707691e-01   2.7113625e-01  -1.4980846e-01  -3.8565071e-01  -4.0089801e-01  -5.7333897e-02  -1.9885927e-01  -2.4362596e-02   4.7004486e-01  -2.1338940e-01   4.0516564e-01   4.1144849e-01  -1.5651729e-01   4.1796270e-01  -5.1114206e-01  -3.6174385e-01  -5.9827992e-02   5.1385919e-01   4.4925372e-01   3.7472770e-01   2.1761242e-01   8.2452106e-02  -4.1850366e-01   2.5578142e-01  -5.1820608e-01  -6.3060885e-03   5.2824403e-02   3.4103173e-01   1.7218729e-01  -4.8509279e-01  -3.9735378e-01  -3.1395077e-01  -2.1797579e-01  -4.7508292e-01  -2.2102477e-01   5.3715974e-01  -4.0609749e-01  -5.4176847e-01   6.8763344e-02   9.5986702e-02   2.9324148e-01  -4.9036215e-01   1.7765896e-02  -1.2072260e-01  -3.4732714e-01  -4.0823868e-01   1.8256801e-01  -3.2859591e-01  -4.2668921e-01  -2.4840113e-01  -3.4409707e-01   2.0747489e-01   4.2934114e-01   5.2806497e-01   2.9855779e-01   1.8899194e-01   5.1413775e-01   7.4693716e-01  -2.3368467e-01  -2.6152078e-02   3.5138814e-01  -5.4908731e-01   1.4096890e-01  -8.7122692e-02  -4.6810363e-01  -3.6612085e-01   2.5638491e-01  -4.4352087e-01   4.0083410e-01  -6.4710653e-02   3.6217002e-02   1.3981486e-01   1.9439986e-01  -5.5903312e-01  -3.1700103e-01   3.3791199e-01   8.3215288e-02  -4.1001314e-01  -3.8146036e-03   3.0901989e-01  -4.4275226e-01   4.9845395e-01   3.5788949e-01  -2.0198320e-01  -3.4372236e-01  -4.7590164e-01
   3.1445072e-02  -2.8208072e-02  -4.4147506e-02  -1.4875666e-01  -1.0772872e-01  -4.0798125e-01  -3.6776583e-01   0.0000000e+00   6.0960612e-02  -2.0547696e-01  -2.8626506e-01  -3.0036771e-01  -2.5354117e-01   2.4678451e-01  -2.8202483e-01  -1.6896897e-01   1.9959684e-02  -2.4840459e-01  -1.8419177e-02  -2.0915225e-01  -1.9701723e-01   2.3498311e-01  -3.4081238e-01   1.7076744e-01   4.5320677e-02   7.1754631e-01  -2.4828952e-01  -2.9562053e-01  -4.8317661e-02  -1.8826662e-01   9.5810667e-02   1.9616016e-01   2.1477743e-01  -1.4229694e-01  -7.6134743e-02  -4.0145436e-01  -3.4844630e-01   3.4584780e-01  -1.5603631e-01   4.6132331e-03  -2.7595050e-01  -1.3108028e-01   6.7451051e-02   3.8429696e-01  -1.8518544e-01   3.5511661e-01  -5.2706919e-01  -1.0302665e-01  -1.9531515e-01   4.1902689e-03  -4.2032535e-01   8.9280297e-01   1.6987481e-01   5.1084474e-02  -1.2037407e-02  -8.8480772e-02  -3.2970920e-01   4.3110166e-01   9.2539574e-03  -2.1004502e-02   1.6272924e-01  -3.4426616e-01   7.5572066e-02   3.8760539e-01   9.6611231e-02  -4.2873720e-01  -2.3122663e-03   1.2316793e-02  -1.8033588e-01  -4.3161610e-02  -1.2066145e-01  -1.8908278e-01  -1.5245061e-01  -3.3582901e-02   1.2740384e-01   7.4804037e-01   2.8275495e-01   3.7935904e-01   1.6577749e-02   6.0519291e-02  -3.0397554e-01  -1.4944402e-01  -7.2969892e-02   6.2066132e-01   2.3878784e-01   5.0588856e-01   1.5332529e-01  -7.0165141e-02   1.0713112e-01   2.1375018e-01  -1.0944087e-01   2.1224166e-01  -3.6858748e-01   3.1963042e-01   1.6929853e-01  -1.2059596e-01  -2.1944936e-01   5.5795608e-01  -3.7974629e-01  -2.1305696e-01   3.1475322e-01  -2.0745673e-01  -1.7142786e-01   1.4595469e-01  -1.3756128e-01   4.5969124e-01  -2.6056481e-02   1.8161077e-01  -3.3768197e-01  -2.6279046e-01  -1.8814635e-01  -1.6705368e-01  -1.2225237e-01   1.9530687e-01  -3.1186729e-01   1.2443717e-01   8.8392260e-02  -1.9479227e-01  -1.6617345e-01  -1.9484160e-01   2.2727190e-01  -1.0414302e-03  -3.2414131e-02   2.6635800e-01   4.0274641e-01  -1.1308690e-01  -2.5669170e-01   2.6911571e-02   6.3644638e-01  -7.2416494e-02  -7.2400916e-02  -9.2451924e-02   3.5103799e-01   7.7803773e-02  -6.1098752e-02   8.3445919e-01   8.2107869e-02  -2.4148580e-02   7.9709852e-01   1.0184142e-01  -6.1343815e-02  -1.1402595e-01   8.2605604e-02  -4.5650453e-01  -2.9321829e-01   9.1140446e-02  -2.0598710e-01  -3.7043568e-01  -4.1772058e-01   2.0833866e-01  -7.6639438e-02   2.1034873e-01   1.7567938e-01   8.7106288e-02  -9.6368819e-02   2.2007081e-01   3.2086941e-01  -2.6354402e-01   1.0314652e-01  -2.0121037e-01  -8.2180465e-02   3.3590890e-01   7.6797759e-02  -1.7532945e-01   4.8229200e-01   3.8794398e-02  -2.3860784e-01   8.0538477e-02   2.2185633e-01   4.3216956e-03  -2.0376663e-01   2.6074672e-01  -3.1724558e-01  -3.8544906e-01   1.2287823e-01   1.3511999e-01   3.9184155e-01
   2.8543674e-01   4.0607564e-02  -2.0154247e-01  -1.6982569e-01   1.8142789e-01  -4.3427896e-01  -1.1665237e-01   6.0960612e-02   0.0000000e+00   3.6022422e-02   2.5777399e-02   1.6107449e-01  -1.9091669e-01   1.9411331e-01  -1.7521448e-01  -2.5994389e-02  -2.5905299e-01  -7.7723110e-04  -9.3788897e-02   5.0586524e-03  -2.6742666e-01   6.6611612e-02  -1.9940659e-01   2.4966568e-01  -5.4227057e-02   1.9142959e-02  -1.2802102e-01  -3.7816570e-01  -1.1693505e-01   5.0901327e-01   9.5105652e-02  -1.7073183e-01  -8.4161269e-02   1.3066621e-01   3.8967952e-01   8.4677723e-02   1.4834084e-01   1.7166941e-01   8.6445229e-02  -3.3266508e-02  -9.2035627e-02  -5.9875080e-02   3.5779788e-01  -1.1025744e-01   3.8113082e-01   5.0022914e-02  -1.7315657e-01   3.4764997e-01  -1.5962395e-01  -3.9065041e-02  -1.5300923e-01   6.5782017e-03   2.1944766e-01  -9.4483307e-02  -1.3792006e-01  -2.5882601e-01  -2.7387084e-01  -2.4269512e-01   3.2145252e-02   1.9495352e-01  -7.9676497e-03   4.3987941e-02   3.0827559e-01   4.4000690e-01   6.9615320e-01  -1.2261559e-01  -2.3993913e-01   1.8173961e-01  -2.5321968e-01  -1.2120971e-01  -1.5410348e-01  -2.0322737e-01   3.1150297e-02  -2.5443281e-01  -3.3660236e-02  -7.8452924e-02   9.4923193e-02  -2.6281689e-01   4.8208005e-01   1.1515467e-01  -3.0958126e-01   3.7437979e-02  -2.7697747e-01  -4.3876593e-02  -2.1581533e-01  -2.8437488e-01   4.5296741e-01  -8.6758013e-03   2.5132496e-01   2.0274041e-01   3.8828185e-01  -1.0029561e-01  -2.3185378e-01   5.7709885e-01   1.2058162e-01  -8.8554950e-02  -2.2388281e-01  -1.3390427e-01   3.2285153e-01   3.5562034e-02   2.0626210e-03   1.0152832e-01  -4.8719397e-01   2.8817431e-01  -2.2053512e-01  -2.8077780e-02  -1.3553667e-01  -1.1607353e-01  -1.4120729e-01  -5.4030726e-02  -2.3262907e-01  -2.6014271e-01  -5.5383887e-02   9.2712219e-02  -2.0861319e-01   5.2500329e-01  -2.0132484e-01  -8.9197482e-02  -4.5816443e-01  -1.3424891e-01   9.2046139e-02   1.1878482e-01   5.9948348e-02   6.3369184e-01   7.9877703e-02  -1.0634479e-01   5.8268512e-02   3.4329990e-02  -1.1770438e-01  -1.4221557e-01  -1.2479198e-01   1.6431888e-01   5.3372206e-02   1.3761531e-01   1.5359156e-01  -2.6520325e-02  -4.3756258e-02   6.0210901e-02  -2.2538576e-02   3.7171887e-02   1.7336916e-01  -1.2786363e-01  -4.9991129e-02  -4.9369032e-01  -8.0259914e-02  -1.8777996e-01   8.6525177e-02  -1.4892552e-02  -1.0937579e-01   3.8507162e-01  -3.1947790e-01  -1.4548616e-01   2.2579227e-01   2.9226613e-01   4.8011563e-02   2.1239882e-01   6.7108570e-02  -9.1260731e-02  -1.9031532e-01  -3.6043368e-01  -5.8664266e-02   3.7486896e-02  -3.5865036e-02  -1.8505163e-01   2.4034555e-02   3.0224404e-01   2.5269532e-01  -1.2963418e-01   1.1283603e-01  -2.4072544e-01   2.3058624e-01   1.6829064e-01   1.5761780e-01  -3.9598767e-01   1.7347559e-01   2.2999822e-02   8.1112944e-02
  -1.7354704e-01   2.3023292e-01   1.6229873e-01  -3.5923280e-01  -2.7491131e-02   1.0906444e-01   1.0775121e-01  -2.0547696e-01   3.6022422e-02   0.0000000e+00  -9.5981252e-02   2.4138478e-01   2.8167923e-01  -1.3759776e-01   3.6965176e-01  -2.7171340e-01   1.4435518e-01  -2.0485803e-01  -2.5370878e-01   3.9625647e-02  -8.3247859e-02  -2.9187936e-01   3.4350884e-01  -2.3514308e-01   6.4800330e-02  -2.0864217e-01   2.0456222e-02   1.9896505e-01  -9.4637261e-02  -1.2901602e-01   8.7555781e-02  -4.4662193e-01  -1.9811431e-01   5.7449889e-01  -5.9403532e-02   5.4776310e-02   2.1505874e-02  -2.6517375e-01  -2.4718752e-01   3.9228115e-01   1.4824650e-01  -5.6929889e-02   2.0270020e-02  -1.4155735e-01   4.9026225e-02  -2.6854256e-01  -9.8884221e-02   1.8939144e-01   9.4020759e-02   4.2970350e-01  -4.1650379e-02  -2.3457327e-01   3.1773122e-01   9.1658209e-02  -7.0323600e-02  -1.4634753e-01  -4.8378701e-02  -2.5404815e-01  -3.2344691e-01  -1.3765272e-01  -1.5310156e-01   4.0758055e-01   1.1127006e-01   7.7484207e-02  -1.6589120e-01   2.9112909e-01  -3.3738025e-02  -2.9266732e-03  -3.1898015e-01   1.3555938e-01   2.9512260e-01  -3.4472286e-01  -7.3855006e-02  -2.6646324e-01  -1.0085858e-01  -1.6662535e-01  -2.3985310e-01  -2.4264481e-01   3.4905194e-03  -6.9997005e-02   2.1570573e-01  -9.4127464e-03   6.6658701e-02   7.3464378e-03  -1.2959590e-01  -1.4195875e-01   2.0076422e-02  -1.0268169e-01  -1.2415456e-01  -2.2875707e-01  -4.1391100e-02  -1.2963013e-01   2.5331247e-01  -1.2872971e-01  -1.8569370e-01   2.6907322e-01   2.6798553e-01  -2.5293484e-01  -6.1869052e-02   3.7815047e-01   1.3063754e-01   4.3022698e-01  -2.2299503e-01  -2.0677372e-01  -4.2460903e-01  -3.4826714e-01  -4.4732147e-02  -3.6055934e-01   1.6772095e-01  -1.8607870e-01   3.6651723e-01  -2.9912342e-01  -1.8228016e-01  -2.7315123e-01   3.9936776e-01  -2.0222659e-02  -3.6301480e-01   1.4475538e-01   1.2958927e-01  -3.8313296e-01  -2.9682450e-01   7.0019012e-02   9.7488725e-02  -6.5396478e-02  -2.4073221e-01  -1.7392930e-01  -1.7328136e-01  -5.1672298e-02  -2.5609542e-01   2.1145609e-01   4.7838189e-02   1.9203061e-01  -1.3085137e-01   2.5656732e-01  -5.3285650e-02  -1.7242168e-01   8.9128942e-02   2.3131627e-01  -1.3923239e-01  -2.0239959e-01  -1.0091859e-01  -1.4015121e-01  -3.6532745e-01   1.6815805e-01   6.9745796e-02  -2.4779566e-01   6.5036396e-01  -1.2110923e-01   4.7772996e-02   1.0324411e-01   2.0727062e-01  -5.5331912e-02  -1.8879332e-01   1.2545198e-01   3.3015434e-01  -2.0530290e-01  -2.8706422e-01  -1.6955756e-01  -2.4837264e-03  -4.9389040e-02  -4.1198361e-02  -2.0187956e-01   2.5403215e-01  -4.7205816e-01  -2.6124143e-01   2.0603691e-01   1.5733743e-01  -1.2719429e-02  -2.2985193e-01   6.9492475e-02   1.1691378e-01  -2.0509992e-01  -2.5474501e-01  -3.1617593e-02   1.1189127e-01  -1.6183471e-02  -2.9217546e-01
  -3.4649471e-01  -4.4412824e-01  -5.7616488e-01   2.9744435e-01   7.5818579e-02   6.5607048e-02   4.6327770e-01  -2.8626506e-01   2.5777399e-02  -9.5981252e-02   0.0000000e+00   4.2702732e-02  -2.0050769e-01  -4.8969724e-01   1.8076437e-01   2.1689108e-01  -6.0846337e-01   8.1040527e-01  -8.7926833e-02  -7.3223539e-02   4.2692426e-01  -2.1986539e-01   4.9415338e-01  -1.8875794e-01  -2.0134309e-01  -2.5544301e-01   1.5862052e-01  -7.6839597e-02  -1.4633263e-01   3.6511903e-01   2.4929039e-01   6.0937537e-02  -1.7504626e-01  -1.7255007e-01   1.0847532e-01   4.9284481e-01   5.5719744e-01  -5.0290576e-01   2.8504058e-01  -3.5293139e-01   6.0920207e-02  -2.8639632e-01  -1.4090897e-01   2.7582522e-01   4.0693820e-01  -4.8483537e-01   7.4976459e-01   3.4737421e-01   7.2852863e-02  -1.3405176e-01   7.0377449e-01  -3.5116841e-01   5.6518686e-03  -3.4085480e-01  -1.4064834e-01   4.5343188e-01   1.3755609e-01  -3.2904560e-01   4.5293505e-01   1.9215026e-02  -4.3111563e-01  -8.2140357e-02  -3.2345331e-01   2.3876257e-01   3.9825794e-01   5.4112966e-01  -1.7539432e-01   2.2696393e-02   4.1568351e-01  -4.2255868e-01  -1.1133006e-01   2.0421543e-01   5.6733442e-01  -1.6199098e-01  -4.0477925e-01  -4.8568589e-01  -4.7287951e-01  -3.3881752e-02   4.3199180e-02  -1.6260666e-01   4.1238934e-02   2.9000173e-01   2.8920380e-01  -3.6079802e-01  -3.0376459e-01  -2.0851773e-01   8.2700626e-02  -2.1545799e-01  -2.6692194e-01  -4.0340148e-01   2.0850231e-01  -4.8956526e-01   1.6035247e-01   1.0352287e-01  -4.0534263e-01  -2.2312194e-01  -1.8246269e-01  -5.8094143e-02   2.4780820e-01   3.6755540e-01  -3.8749002e-01   2.0729685e-01   1.3847015e-01  -1.1641893e-01   3.7155745e-01  -4.4960921e-01  -3.2343335e-01   9.5037708e-02   3.8083873e-01   6.6814348e-01   2.1302889e-02   2.0983755e-01   1.5969082e-02  -3.4194297e-01  -1.9485340e-01  -6.7359433e-02   1.8204505e-01   7.5050212e-02  -4.3912048e-02   2.1598882e-01  -4.6917113e-01  -3.1941479e-01  -1.2732640e-01   1.3250454e-01  -5.2445476e-01  -2.2237046e-01   6.3739070e-01  -3.1382612e-01  -4.7668226e-01  -4.5041427e-01   2.3419776e-01   3.8820543e-01  -3.4205766e-01   2.3761698e-01  -8.4827597e-02  -3.7281121e-01  -2.8100682e-01   9.0134822e-02  -3.9926956e-01  -2.7652826e-01  -1.7362279e-01  -5.7752745e-02   3.1800470e-01   4.0150986e-02   3.9219945e-01   3.1726091e-01  -2.4223182e-01   7.1532024e-01   6.7530873e-01   1.3463106e-01  -3.2798216e-01   1.1361780e-01  -4.0621758e-01   5.1978185e-01  -3.9828619e-01  -3.6248152e-01  -4.1410288e-01   3.8461819e-01  -5.1960455e-01   4.3788491e-02  -9.7245156e-02   2.3112870e-01   1.3455194e-01   2.8283812e-01  -3.3824848e-01  -2.2416896e-01   3.7108223e-01  -4.2914514e-02  -4.1631369e-01   1.6897487e-01   2.1207255e-01  -5.0879559e-01   6.4641931e-01   1.4194879e-01  -1.0483156e-01  -3.8460590e-01  -2.8331753e-01
  -1.2109922e-01   2.4125743e-01   1.9756988e-01  -6.4597182e-02   1.9402255e-01   5.0080652e-01   5.3499156e-01  -3.0036771e-01   1.6107449e-01   2.4138478e-01   4.2702732e-02   0.0000000e+00   2.7880401e-02  -2.5887113e-01   1.1218798e-01   1.5398693e-01   1.3821804e-01   1.3152693e-02  -2.2073010e-01   4.0725868e-01  -6.5337888e-02  -3.8533044e-01   1.9347703e-01  -2.8449609e-01  -2.9640809e-01  -3.5428118e-01   5.0094860e-01   2.1511465e-01  -1.1399903e-01   3.2184668e-01  -3.1336499e-01  -3.6579975e-01  -1.5017660e-01   5.5283190e-01   3.6245048e-01   5.5850534e-01   1.2093979e-01  -3.6273386e-01   5.9144858e-02   2.0360518e-01   2.0011582e-02  -2.1500357e-01   4.3585174e-01  -2.6464619e-01   4.5428335e-01  -3.1268678e-01   4.0225438e-01   3.7936341e-01  -9.8613052e-02  -3.4234755e-02   2.3974652e-01  -3.1421860e-01  -4.8857939e-02  -1.2977675e-01  -1.1800159e-01   1.6813346e-01   1.7019438e-02  -4.2925794e-01  -2.1681171e-01   5.1573988e-01  -3.7497314e-01   1.0176765e-01   1.7356769e-01  -2.4027170e-01  -2.5503216e-02   4.9420964e-01   2.1011379e-01  -1.4246051e-01   7.7893592e-03   2.4138449e-01   9.2150528e-02   5.1816492e-02  -1.5248581e-02  -1.2993368e-01  -1.2711944e-01  -3.3193707e-01  -3.4173800e-01  -2.7354933e-01   1.3899150e-01  -3.9723823e-01   2.6308299e-01   3.4682730e-01   7.1146101e-03  -2.4644213e-01  -3.7277232e-01  -1.7563075e-01  -8.7480609e-02  -1.2278274e-01   4.8236320e-02  -3.9449764e-01   1.5207017e-01  -4.4032524e-01   6.1930862e-01   9.7667761e-02  -3.0957548e-01   4.0117548e-02   7.6487160e-02  -1.4408562e-01   1.2219756e-01   8.4925867e-02  -2.7735310e-01   5.0994162e-01  -2.3271282e-02   1.4871984e-02   3.5201218e-02  -4.8998700e-01  -6.7602448e-02  -1.4836409e-01   3.8062902e-01   1.6290440e-01   2.6498158e-01  -3.9764644e-02   1.3986541e-01  -2.5944864e-01   1.3568109e-01  -1.6827740e-01  -3.1104392e-01   1.2405969e-01   6.7352150e-02  -6.3853083e-02  -3.8610295e-01   1.8324104e-01  -2.2515928e-04  -2.1925146e-01  -3.0537139e-01   2.0339672e-01   3.6446149e-01  -1.4502608e-01  -4.2345440e-01   2.9227215e-01   1.9500558e-01  -1.1556233e-01  -3.6170600e-01  -2.3716423e-01   3.6229122e-01  -2.5866041e-01  -2.6523596e-01  -1.4192099e-01  -2.4263316e-01  -4.1389946e-01  -9.2844820e-02  -9.1600008e-02   3.1203038e-02   3.1823393e-01   3.0036649e-01  -1.9156264e-01   5.5410137e-01   2.3773898e-01   4.5231665e-01  -3.9567116e-01  -4.9333784e-02  -3.8902839e-02  -3.9194818e-01   3.4711965e-02   4.9965980e-01  -2.8043129e-01  -2.9521155e-01   4.4587349e-02  -4.1387332e-01   1.2890204e-01   9.4880521e-02  -1.2773899e-01  -1.8946504e-02  -1.3755087e-01  -5.0025560e-01   2.3377721e-01   5.2809401e-01   5.4445112e-02  -3.6557877e-01   4.6133469e-02   6.6313251e-01  -3.3623495e-01   2.6855019e-01   3.7668631e-01  -7.5895463e-02  -1.0501019e-01  -3.7566399e-01
   1.0942968e-01   1.6040772e-01   3.4303186e-01   9.6803546e-02   1.3346211e-01   2.2988329e-01  -1.8247769e-01  -2.5354117e-01  -1.9091669e-01   2.8167923e-01  -2.0050769e-01   2.7880401e-02   0.0000000e+00  -6.9605437e-02   2.3938300e-03   3.7677503e-02   2.2933592e-01  -3.3958659e-01   1.8947642e-01   4.4333529e-01  -2.8815366e-01  -1.7614157e-01  -8.7802456e-02  -3.1410061e-02   1.1667420e-01  -2.9187447e-01   3.2544974e-01   3.6008800e-03  -5.8460602e-02  -3.5648087e-01  -3.2071322e-01   3.6358176e-02  -3.1874815e-02   2.8485049e-01  -1.0723289e-01   3.8284947e-02  -5.8231252e-02  -2.3274942e-01   7.0947298e-02   4.4612217e-01   6.8064399e-01   1.7694339e-01   1.1030846e-01  -3.4705011e-01   5.8602624e-02  -2.4674353e-01   7.7447505e-02  -3.6947856e-01   4.5988004e-01   3.0133695e-01  -5.4891552e-02  -2.7713022e-01  -9.2282035e-02   4.0344617e-01  -1.8738277e-01  -2.5608918e-01   1.1407719e-01  -3.4187538e-02   3.3486525e-02  -1.4906955e-02  -1.3095405e-01   5.3318523e-01   3.1528391e-01  -2.6955854e-01  -2.5179684e-01  -1.0129649e-01  -8.0419172e-02   1.2659343e-01   1.6277003e-01   1.2965781e-01   2.2855779e-02   2.0896149e-01   1.8294487e-01   2.2865742e-02   1.1817378e-01  -1.7352281e-01  -1.8415500e-01  -9.5354177e-02   7.4684767e-02   2.8031421e-01  -6.0921507e-02   1.1451395e-01  -3.1393647e-01  -1.8577279e-01  -5.5779276e-03  -3.2560172e-01  -2.5878722e-01   1.6907242e-01   1.9014292e-01   1.0816671e-02  -2.6217119e-02  -4.5406801e-03   3.0050922e-01  -8.1520470e-02  -2.0719525e-01   5.2884565e-01   5.7761083e-01  -7.8091691e-02   1.6984880e-01  -1.0309449e-01  -1.5752565e-01  -1.6993229e-02  -1.4282148e-01  -1.8700180e-01  -1.0153666e-01  -5.4114974e-02   2.0698650e-01   3.6716030e-02   1.7253195e-01  -1.7826403e-01   9.5473095e-02  -4.3587693e-02   2.7700985e-01   3.8597131e-02   2.3672169e-01   6.8662952e-02  -1.2207336e-01   3.7769213e-01  -1.4848089e-01   1.4808849e-01  -8.3019110e-05   4.6036183e-01   2.9910940e-01  -2.6228380e-01  -7.2282335e-02   1.4673069e-01  -1.8142377e-01   2.9547956e-01  -8.0308251e-02   7.2722227e-02   3.4046894e-01  -3.0852839e-01  -4.0473465e-02  -2.6366725e-01   1.6524170e-01  -2.2663478e-01   3.0030005e-01  -2.5694110e-01  -2.6660333e-01   4.5727614e-02   1.9160412e-01   5.7848656e-01   2.2130278e-03   1.2056211e-01  -1.2212591e-01  -4.8549288e-01   3.1216907e-01  -1.4393746e-01  -1.1087110e-01  -2.2299039e-01   2.0376774e-01  -4.2636265e-01   2.2861006e-02  -2.4898378e-01   2.0543489e-01   9.5118861e-02  -1.7294208e-02   2.9236770e-01   1.0944546e-01  -1.1656865e-01   3.4968329e-01  -1.2935307e-01  -2.1196966e-01   7.0311399e-02  -4.1818995e-03   2.4000464e-01  -3.4360698e-02  -7.0133465e-02   2.0758940e-02  -3.3644361e-02   9.5500815e-02  -3.3072698e-02  -5.2329020e-02   6.4235199e-02   1.9380162e-01   5.3329946e-02  -7.9437159e-02
   6.5495405e-01  -1.7932707e-02   2.8369150e-01  -2.9197011e-01  -7.1943393e-02  -3.6783766e-01  -4.1422071e-01   2.4678451e-01   1.9411331e-01  -1.3759776e-01  -4.8969724e-01  -2.5887113e-01  -6.9605437e-02   0.0000000e+00  -2.6007209e-01  -4.0802947e-01   3.2180052e-01  -3.9013614e-01   9.9090830e-02  -1.2164607e-01  -3.3103097e-01   4.0664848e-01  -4.6663338e-01   4.9867665e-01   3.0573920e-01   2.2986555e-01  -4.0143967e-01  -5.2267181e-02   1.0136729e-01  -3.2955353e-01  -1.2528417e-01   3.7645602e-02  -8.2070709e-02  -1.5662808e-01  -1.6579112e-01  -3.7131654e-01  -3.0378920e-01   7.0095954e-01  -3.7467343e-01  -5.5599442e-02  -3.4352950e-01   1.5576528e-01   5.5685010e-02   2.7706471e-02  -2.5111933e-01   6.8026564e-01  -5.6668452e-01  -3.0572027e-01  -2.0693176e-01  -6.4398658e-02  -4.8916593e-01   3.2356917e-01  -1.8184279e-01   1.8679617e-01   8.1811191e-02  -3.1582762e-01  -1.5507244e-01   1.8790435e-01  -2.7955748e-01   5.1877099e-03   6.7092613e-01   2.3936483e-02   1.9212949e-01   1.9722758e-02  -3.0662222e-02  -3.8802983e-01   7.0516990e-03   5.1478115e-02  -4.5273552e-01   3.3781241e-01  -2.8098690e-01  -1.3642826e-01  -5.4984053e-01   8.5126678e-02   3.3424987e-01   4.8787487e-01   6.9348223e-01   6.2788983e-02  -2.9256739e-02   1.8165433e-01  -1.5670033e-01  -3.0358555e-01  -2.8081896e-01   3.0555598e-01   5.0129482e-01   2.1506213e-01  -1.5034872e-03   3.6297370e-01   1.3014514e-01   6.4581041e-01  -9.9493528e-02   5.9763126e-01  -3.7240082e-01   1.1078749e-01   6.5026081e-01  -9.4688086e-03  -2.9616224e-02   1.0185253e-02  -8.0842676e-02  -2.7758974e-01   4.6320865e-01  -3.7402751e-01  -2.1795139e-01   3.0969651e-01  -3.1071851e-01   4.9967181e-01   1.3404410e-01  -1.5558007e-01  -2.8757896e-01  -3.5694243e-01  -2.2297551e-01  -2.6988492e-01   7.5893156e-02   6.2376094e-01  -5.2207157e-02   3.2936088e-02  -1.2435124e-01  -2.1763123e-01  -6.5949905e-02  -2.1880467e-01   6.9518259e-01   1.0648575e-01   5.1498293e-02   1.9052862e-01   6.9851321e-01   1.8082621e-01  -3.4779770e-01   2.9076527e-01   4.0134613e-01   2.3294700e-01  -5.5413297e-01  -3.2128483e-01   5.8681792e-01  -1.2447838e-01  -7.5860046e-03   3.9378430e-01   1.5551769e-01  -1.3355607e-01   3.8255126e-01   4.0966370e-01   4.8587179e-01  -8.8837365e-02  -2.5944076e-01  -2.4766900e-01  -5.4314928e-01  -2.4902351e-01  -1.4132245e-01  -4.0541237e-01  -4.9968829e-01  -2.2025358e-02   1.6381916e-01   2.7969626e-02   6.2834110e-01  -2.5314851e-01   1.9650506e-02   5.1514335e-01   5.8192582e-01  -4.0260666e-01   5.3406527e-01  -1.0356631e-01  -7.1011797e-03  -1.9569446e-01  -2.1466688e-01  -1.7454488e-01   3.1383498e-01   8.2811626e-03  -3.4651064e-01   1.9206930e-01   6.3962601e-01  -3.5842592e-01  -1.7826011e-01   6.5221700e-01  -4.7104573e-01  -2.4709426e-01   9.9485349e-02   2.1056066e-01   4.0328083e-01
