   0.0000000e+00  -2.0001073e-01  -2.1515626e-01  -2.7032415e-01  -2.4735601e-01  -8.0200966e-02  -3.3979429e-01  -1.1043551e-01  -3.4927113e-02  -6.2415253e-02   1.0146019e-01  -1.4336102e-01  -1.9168249e-01   2.1710563e-01  -1.3122746e-01  -3.4712509e-01  -2.3132554e-01  -1.8911985e-01   4.1161215e-03  -4.3145755e-01  -4.5872990e-02   2.6800809e-01  -1.4480949e-01   6.2278454e-01  -1.4632272e-01   2.5707285e-01  -1.5491975e-01   2.6534387e-01   1.2443081e-01  -2.7661888e-01  -1.5352473e-01  -1.6085673e-01  -4.0615547e-01  -1.5562945e-01  -3.1205847e-01  -2.3542137e-01  -1.0942544e-01   2.3877373e-01  -4.6128373e-01  -2.8866884e-01  -1.0936323e-01  -4.1262730e-01  -9.5024476e-02   2.3850877e-01  -2.5685958e-01   4.9905649e-01  -6.6744204e-03  -1.9118942e-01  -1.1192362e-01  -2.4360867e-01  -2.0995287e-01   1.5583028e-01  -2.2680584e-01  -1.0633084e-01   3.2069346e-02   2.9556767e-01   2.8829269e-01   1.5420293e-01  -1.2733972e-01  -1.3201497e-01   1.5396857e-01  -2.7270550e-01  -2.9166663e-01  -1.0645783e-01  -6.7654979e-02   1.0017334e-01  -2.4208911e-01  -1.7913641e-01   1.0650568e-01   2.7709233e-01  -1.7076269e-01  -1.9299044e-01  -3.9801233e-01   1.5871694e-01  -3.5115138e-01   5.7082635e-02   6.9318016e-02   2.1480489e-01  -2.3728948e-01  -2.8160622e-01   1.8430412e-01  -2.6648666e-01  -3.0525933e-01   2.2863455e-01  -1.7342597e-01  -1.0403878e-01  -2.0244612e-01   3.3952631e-01  -9.6231307e-02   7.5247700e-01  -5.3240338e-02  -2.6281549e-01  -1.1048497e-01   4.0066735e-02   4.1585993e-01  -2.1835509e-01  -1.1883855e-01   1.1992711e-01  -2.4019397e-01  -4.7014707e-02   2.5337025e-02   4.9655767e-02   6.2276304e-02  -7.5862890e-02   1.0728899e-01  -1.5786524e-01  -4.0084860e-01   4.3817485e-02  -1.8430041e-01  -1.2008890e-01  -2.8266033e-01   6.5287729e-02  -3.0719609e-01   7.9276211e-01  -4.2615090e-02  -2.5680032e-01   2.0160701e-01  -3.0648221e-01   3.7595873e-01  -1.0869044e-01   4.2708333e-01  -1.4916331e-01  -2.5462688e-01  -4.3610348e-01   5.8213349e-01   2.0052460e-01  -3.8522480e-01  -1.2421309e-01   1.2168580e-01   2.2893959e-01  -4.9733388e-01  -2.3717999e-01   8.0997731e-02  -3.0231971e-01  -3.0844130e-01   4.2184204e-02  -3.7270275e-01   1.3104553e-01   8.0250142e-02   7.2649492e-01   6.4053735e-01  -7.1563285e-02   1.9626082e-01   3.5579607e-01  -2.9800478e-01  -2.0983338e-02  -3.0683876e-01   2.2287887e-01   1.0800792e-01  -1.7721771e-01  -9.3578758e-02   2.0314706e-01  -2.2682880e-01  -2.3523764e-01  -2.0672551e-01   4.9277741e-01   4.7668830e-01  -1.3474554e-01  -2.5190204e-01   1.2669605e-01  -2.7937465e-01   3.7619801e-01   9.7117767e-03  -1.8720429e-01  -1.6155234e-01  -2.5341710e-01  -1.8969420e-01   4.6751099e-01   1.3364086e-02  -2.3307605e-01  -2.2149301e-01   3.2392764e-01  -3.2895304e-01   1.3113037e-01  -8.6537894e-02  -1.3025918e-01  -1.1496928e-01
  -2.0001073e-01   0.0000000e+00   1.4374604e-01   1.0412015e-01   2.3039570e-01  -1.6061044e-01   4.8471992e-01   1.9961410e-01   6.0035291e-01   9.2453298e-03  -3.2293083e-01   6.0470811e-01  -3.7022112e-01  -3.3380055e-01  -2.0198052e-01   1.6784073e-01   2.5194678e-01  -4.0663575e-02  -3.4032090e-01   2.0599128e-01  -3.3591132e-01  -2.7445125e-01   1.0942092e-01   1.7204351e-01   5.0446697e-01  -4.2827427e-01   2.0463736e-01  -3.3568937e-01   4.0577269e-01   6.5933752e-01  -1.1744445e-01  -1.5807856e-01   2.1303069e-01   6.1615763e-01   5.4887954e-01   6.7359031e-03   3.1405309e-01   5.8251275e-02   8.8639391e-02   5.2755976e-01  -1.0520828e-01   1.4542306e-01   5.8330695e-01  -3.6769214e-01   2.3406349e-01   1.8687535e-01  -2.3055767e-01   3.1730341e-01  -1.7685804e-01   3.7056801e-01   2.5423834e-02  -2.7694163e-01   2.2248265e-01   3.5506944e-01   2.4385603e-01  -4.4923178e-01  -3.4788861e-01  -3.4539008e-01   2.4294212e-01   4.4277999e-01   2.7028682e-01   5.8597190e-02   2.1595871e-01   2.4743244e-01   3.8154395e-01   1.7152383e-01   2.8729861e-01   2.2816482e-01  -1.1730170e-01  -1.3690845e-01   5.3303793e-01  -1.9890616e-01   1.8033852e-01   2.0795451e-01   3.4448024e-01  -1.6197635e-02   1.6780187e-01  -1.8152422e-01   3.1461273e-01   1.3911465e-01  -2.2887044e-01   9.6545482e-02   7.2566126e-02  -7.2619522e-02   3.0912762e-01  -3.9970685e-01   4.6784261e-01  -3.3072141e-01  -1.8091250e-01   3.3353661e-03   2.3416002e-01   1.1696690e-01   5.6690668e-01   1.8311666e-01   2.6321371e-02   1.8742378e-01   7.6282133e-02   2.6686824e-02   3.5453489e-01  -3.7406691e-02   5.9753798e-02  -2.1300580e-01  -3.0319830e-01   4.9220651e-01  -2.8700087e-01   2.3194884e-01   2.8937261e-01   9.0286569e-02   1.0418152e-01   3.4126104e-01   1.2545098e-01  -2.9104742e-01   2.4389931e-01  -2.7423758e-01   4.9776372e-02   5.4392705e-01  -2.5483291e-01  -1.7009240e-01  -3.0972023e-01   2.0755687e-01   1.4348531e-02   3.4721507e-01   3.2524134e-01   2.0878311e-01   9.0173674e-02  -1.9953091e-01   4.7868177e-02   4.6919429e-01  -3.0253488e-01  -9.8771088e-02   2.4776015e-02   2.4369378e-01   2.5692578e-01   8.2888272e-03   1.3477591e-01  -5.2253624e-02   1.9755468e-01  -3.1620866e-01  -3.8938943e-01   4.3051515e-02   2.3396504e-01   1.7342379e-01  -3.5930178e-02  -2.2375593e-01  -8.6485261e-02   3.2291514e-02   5.0908574e-01  -1.6954716e-02   1.2598069e-01   8.5403265e-02  -9.0278497e-02  -3.4778615e-01   1.0187478e-01   4.4553349e-01   4.0150786e-01   2.7986416e-01   3.5295893e-01   2.2731931e-01   1.2072410e-01  -5.0912475e-01   1.4392783e-01  -2.8749905e-01   1.8068867e-01  -1.6600630e-01  -1.8028396e-03   3.8452119e-01   4.5763256e-01  -1.8840380e-01   2.3850195e-01   5.8623299e-01   4.8448321e-01   4.9205652e-02  -2.8886246e-01  -2.3447823e-02  -9.9569862e-02   8.9067034e-02   6.4645057e-02
  -2.1515626e-01   1.4374604e-01   0.0000000e+00   1.3597590e-01   1.7041669e-01   3.9809120e-01   1.7885902e-01   1.6963747e-01   1.4348452e-01  -4.1279882e-02  -1.4491134e-01   4.9443757e-01   3.2507369e-02  -2.9964676e-01   9.6884678e-02   3.5261309e-01   8.8873671e-01  -1.2676139e-02   1.5081275e-01   2.1917695e-01  -3.3814668e-01  -2.7813138e-01  -5.8962212e-02  -1.9859434e-01   1.3127534e-01  -5.2103238e-02   1.6104401e-01  -4.4549198e-02   4.0406843e-02   1.3245487e-01  -6.8100695e-02   8.9629314e-02   1.8425761e-01   1.8324933e-01   2.7536877e-01   1.2328440e-02  -5.5760932e-02   5.5304479e-03   3.9919043e-01   5.6246031e-01   1.6971964e-01   3.3028826e-01   1.4101856e-01  -1.0857907e-01   1.3009405e-01  -8.0147417e-02  -1.7991894e-01  -8.0887195e-02   1.7022721e-01   5.5241145e-01   4.9642842e-02   1.9885251e-02   3.4061065e-02   3.6379725e-01   2.2724304e-01  -1.8688316e-01  -6.5722399e-02  -2.8728760e-01   7.1919149e-02   6.0403553e-02   2.3171818e-01   2.0280304e-01   9.9175426e-02  -2.4166059e-01  -2.1328107e-02  -2.8538923e-01   3.7677010e-01   1.5229441e-01   6.8495407e-02   3.6426594e-01   2.5710922e-01   3.4711495e-02   2.5170940e-01   5.5736510e-01   5.8797890e-01  -1.7293072e-01   2.0254918e-01  -7.5913327e-02   2.2610459e-02   2.5053924e-01  -1.9636241e-01   2.4319497e-01   2.5981702e-01   8.5988153e-02   5.5036129e-01  -1.3978983e-01   9.7710463e-02  -7.4650150e-02   6.5135117e-02  -3.3188719e-01   9.5671688e-03   6.5904847e-01   4.0045484e-01  -1.6069385e-02  -9.8278933e-02   2.6364062e-01   2.6303642e-01  -8.8349278e-03   1.9603406e-01  -2.2189112e-01   2.1763781e-01  -1.3779463e-01  -2.0343302e-01  -2.8742214e-02  -2.3823990e-01   1.6042609e-01   4.4180482e-01   1.6885089e-01   1.0051871e-01   5.8456605e-02   3.5698576e-01  -3.5607630e-01   1.5717767e-01  -4.1997078e-01   1.6733471e-01   1.1853182e-01  -4.2787503e-02   1.9375013e-01  -1.3764025e-01   8.7849403e-02  -1.1279514e-01   2.5254428e-01   4.4955706e-01   7.5607303e-02  -2.9109106e-01  -1.3925279e-01   2.2286756e-01   2.0165653e-01  -1.6010911e-01   2.5192507e-01   1.8018190e-01  -1.5719110e-01   4.2111590e-01   9.6162054e-02   2.4636703e-01   5.0341574e-02   3.4286038e-01   3.7590020e-03  -1.3003363e-01  -2.2151615e-01  -8.8227852e-02   5.9617464e-02  -1.9505984e-01   6.9301216e-02  -3.5446270e-03  -3.6829645e-01   4.4226915e-01  -3.1078808e-01  -2.5101218e-02  -7.8670005e-02   3.9086769e-01  -1.5234155e-01   4.3867180e-01   5.7547157e-03   6.4288294e-01  -5.6489185e-02   2.5175267e-02   1.9555500e-01   5.5281493e-01  -3.7168421e-01   3.1383020e-01  -1.2208118e-01  -1.3636190e-01  -7.8820855e-02   1.7235120e-01   3.2906895e-01   1.6659424e-01  -2.1859908e-01   2.5027723e-01   2.9777612e-01   1.7493585e-01   1.5979793e-02   3.4621845e-02   3.3171990e-01  -3.6364473e-02   1.0968697e-01   2.3571142e-01
  -2.7032415e-01   1.0412015e-01   1.3597590e-01   0.0000000e+00   4.7060453e-01   2.2778666e-01   2.0901501e-01   1.4124465e-01   7.9440530e-02  -1.3092889e-01   1.2960079e-01   1.5842970e-01   8.9986085e-02   1.7790366e-02   2.4386146e-01   4.9651054e-01   1.9039703e-01   4.4430941e-01  -4.6725595e-02   4.0720766e-01   1.0791239e-01   3.1020796e-01   3.3088427e-02  -1.0208920e-01   2.4538914e-01  -7.4123371e-02   4.1533341e-01  -1.4460568e-01   5.0623883e-02   3.3330646e-02   1.9287760e-01   6.3050822e-01   3.5196595e-01   1.9498308e-01   1.5051892e-01   4.8013348e-01   1.7912847e-01  -4.0115613e-01   5.1463972e-01   1.9244448e-01   2.5013484e-01   2.7417156e-01   1.4286822e-01  -3.3906346e-02   4.9883553e-01  -2.2383991e-01   3.0965477e-01   1.2776062e-01   1.0089711e-01   1.0020706e-01   5.9157393e-01  -8.0729038e-02   2.9520681e-01   2.4889633e-01   3.9481906e-01  -1.3445067e-01  -9.7788969e-02   4.1219094e-01   6.0380993e-01   3.0518627e-02  -2.7482378e-01   1.8934662e-01   3.2391369e-01  -5.2056493e-02   3.5083127e-01   7.0598409e-03   2.6480863e-01   4.3149704e-01   4.5928614e-01  -2.1304064e-01   3.4968619e-02   5.8009678e-01   5.0173831e-01   7.9506939e-04   3.4214467e-01   9.5192303e-02  -1.7103432e-01  -9.2436188e-02   2.7543985e-01   4.9237414e-01   2.0440571e-02   5.2196170e-01   2.6748887e-01  -4.5909656e-02  -4.2694465e-02   2.0057604e-02   5.5428983e-02   2.3979218e-02   4.4611154e-02  -3.7692762e-01   2.5344167e-01   3.1692268e-02   2.7250600e-01   7.6201320e-02  -4.8201923e-01   2.6292292e-01   2.4193702e-01  -5.3595221e-02   3.5747623e-01   1.5719011e-01  -1.6665903e-01   9.7127949e-02   2.1167681e-01  -1.8020017e-01   3.8667991e-01   6.3631424e-01   3.2395780e-01   4.4713584e-01   5.6451742e-02   1.9219339e-01   1.9921172e-01   2.8413737e-01   6.1680990e-01  -3.5445422e-01  -1.8358984e-01   3.4306034e-01  -5.8300512e-02   3.2484632e-01  -3.3094014e-01   5.4117547e-01  -1.0386282e-01   2.8208791e-01   4.5610122e-01   2.1194566e-01  -2.1932928e-01  -1.3009541e-01   4.5023117e-01   3.0144869e-01   4.7111753e-01  -3.9533147e-01   4.8479103e-01   2.7279292e-01   1.7526233e-01  -7.4557641e-02   3.4542583e-01   3.4811651e-02   3.2860850e-01  -1.1459341e-01  -8.5392463e-02  -2.5961395e-01  -8.3171406e-03  -2.3431180e-01   1.1204782e-01  -4.3460117e-01   2.5309565e-01   3.1791844e-01   1.6927133e-01   9.0037112e-02   4.8827796e-02   1.8166139e-01  -1.6561875e-01  -6.2340406e-03   2.5927882e-01  -5.1585792e-02  -1.5915916e-01  -2.3133412e-01  -8.5707420e-03   5.5500033e-01   4.7824390e-02   6.0535893e-02   4.3823861e-01   3.0143045e-02  -2.6406192e-02   5.3982038e-01   6.1681189e-01   2.3961287e-01   1.3558508e-01  -7.0053635e-02   2.6473977e-01   1.7392983e-01   3.2645533e-01  -3.0827481e-01   4.0457975e-01  -1.9502533e-01  -3.3586598e-02   2.1012370e-01   4.8919853e-01
  -2.4735601e-01   2.3039570e-01   1.7041669e-01   4.7060453e-01   0.0000000e+00   5.5935781e-03   1.1463337e-01   2.2104886e-01   3.1129294e-01  -7.7467697e-02  -1.4047248e-02   4.9790092e-01   2.2385195e-01  -3.5178129e-01   2.8374705e-02   4.7624221e-01   2.5751545e-01   2.3667815e-01  -4.4090632e-02   7.8436178e-01  -1.3515118e-01  -1.8984044e-02  -1.6906189e-01  -1.3822302e-01   2.0756639e-01  -1.9197225e-01   5.9387764e-01  -4.9283058e-01  -5.8779319e-03   3.6651346e-01  -2.1004015e-01   3.4938499e-01   2.7155364e-01   2.7463186e-01   3.0102645e-01   6.7491458e-01   5.2277904e-02  -1.7506594e-01   4.7458058e-01   4.3271614e-01   5.5255916e-01   3.3423506e-01   4.1362339e-01  -5.4601215e-02   6.4537084e-01  -1.0478894e-01   2.1281325e-01  -1.0868112e-01   1.2473808e-01   4.6730900e-01   3.5657114e-01  -1.0415618e-01   1.5256422e-01   2.3114749e-01   1.7410025e-01  -4.2403750e-02  -1.9994987e-01   7.7889146e-02   6.5194870e-01   2.7570154e-01  -5.6377950e-02   4.7750630e-01   4.7819962e-01   1.2100553e-01   4.2493806e-01   1.4426268e-01   1.2440996e-01   4.1839686e-01   2.2606457e-01  -2.9626558e-01  -1.3241764e-01   3.3573227e-01   4.3790593e-01  -1.7742981e-01   3.4870967e-01  -9.9979390e-02   2.1862902e-02   2.8729189e-03   8.3741567e-01   4.5680485e-01  -3.2256166e-01   4.0126162e-01   3.9116978e-02  -1.1082945e-01  -1.4529604e-01  -6.8575531e-02   1.9985902e-02  -2.4576488e-01   2.4015026e-01  -3.4614387e-01   8.1115899e-01   2.3767392e-01   4.8098896e-01   5.5539519e-01  -3.1105566e-01   8.2415070e-01   3.2088404e-01  -2.2329750e-02   6.0552870e-01  -6.6977714e-02  -5.0986077e-01   1.4824877e-01  -1.0626170e-01   2.6401177e-01   5.2292286e-02   3.3337092e-01   1.4790576e-01   2.6860162e-01   5.1067121e-02   2.7847400e-01  -1.1682106e-01   8.1198827e-02   4.4171064e-01  -4.4001280e-01  -4.0071596e-01   6.1939381e-01   4.3198751e-02   3.7557341e-01  -5.1185201e-01   3.5070274e-01  -5.5375388e-02   8.2628332e-01   5.3546113e-01   2.6890859e-01  -1.9534677e-01  -5.7554270e-01   2.3998435e-01   1.8892200e-01   1.4365323e-01  -3.6311312e-01   6.1479979e-01   3.0042933e-01  -9.8754866e-02  -2.8158823e-01   6.3295188e-01  -2.1327108e-02   5.0493164e-01  -5.7646187e-01  -7.7859471e-02  -2.2900200e-01  -7.8782981e-02   1.5243128e-02  -6.4179532e-03  -5.0762574e-01   2.7417715e-02   9.2574074e-02   1.3969362e-01   2.4303125e-01  -1.0892223e-01  -1.4706516e-01  -4.9412351e-01  -2.9701109e-01   2.4903306e-01   3.0827426e-02   3.0530436e-01  -1.9684122e-01   5.7295813e-02   6.5089480e-01   3.1043483e-01  -1.6779068e-01   6.4908008e-01  -1.2111812e-02  -5.8395862e-02   3.7471307e-01   4.2656603e-01   6.1097592e-01   1.8255194e-01  -2.7565782e-01   2.2690548e-01   3.1133564e-01   5.4701309e-01  -2.0314036e-01   4.2394939e-01  -8.9784986e-02  -1.7861659e-02   4.1307860e-02   2.8800501e-01
  -8.0200966e-02  -1.6061044e-01   3.9809120e-01   2.2778666e-01   5.5935781e-03   0.0000000e+00   4.3515206e-01  -1.8735429e-02  -4.1961884e-01   2.2234456e-01   1.7951531e-01  -4.3497072e-02   3.9194151e-01  -2.1862146e-01  -3.6834813e-02   1.4975184e-01   3.3402212e-01   2.0923540e-01   2.8432963e-01   1.8957855e-01   2.0712978e-01   4.0796980e-02   7.8801844e-02  -5.6625555e-02  -2.3528045e-01   2.3550381e-02   2.1308567e-01   2.7002755e-01  -2.1530379e-01  -6.3444266e-02  -8.5001047e-02   1.2514027e-01  -4.0237524e-02   3.0831234e-02  -7.3667992e-02   2.8268653e-01  -2.3581170e-01  -3.4574406e-01   1.4330978e-01  -1.2539890e-02   1.1499430e-01   8.2930314e-02  -7.4770341e-02  -2.9566603e-01   1.0529065e-01  -6.3465162e-02   1.1243642e-01   2.0135038e-01   3.1039927e-02  -2.0700886e-01   2.9697883e-01  -2.4446883e-02   1.1602384e-01  -1.0381383e-01   1.9266858e-01  -2.4267287e-01   2.2805574e-01   1.2464343e-01  -6.3418365e-02   6.6840545e-02  -3.7831794e-01   1.3062951e-01  -7.6871287e-02  -5.1297577e-01  -2.7911614e-01   1.4391559e-01   6.3197817e-01  -1.8217597e-01   1.3073890e-01   5.6146594e-01   4.7462628e-02   3.5860499e-01   8.9620519e-02   3.5879705e-01   1.7215156e-02  -3.5956930e-01  -2.5803739e-01  -2.4216822e-01  -1.0270214e-01   1.6574803e-01   3.3503697e-01   6.9295174e-02   4.3917773e-01  -1.1831085e-01   2.8874854e-02  -1.6693212e-01  -1.5480915e-01   3.3181041e-03  -7.6343990e-02  -1.8053498e-01  -1.6792158e-01  -7.7494481e-03   6.4650559e-04  -2.5325383e-01  -3.4977516e-01  -5.0872663e-02   8.2124009e-02   1.6357840e-01  -8.9455593e-02   2.7863649e-01   2.0090595e-01   9.3564810e-02  -9.7672553e-02  -2.6690096e-01   2.0759520e-01  -7.6885935e-02   1.0488156e-01   2.0830461e-01  -6.3260709e-02   1.7432578e-01   4.7156057e-01   2.9567446e-01  -1.7864029e-02  -1.4194205e-01   2.6745451e-01  -2.2697667e-01  -3.6651650e-02   1.8870310e-01   2.1199842e-02   8.1156308e-02   8.4269448e-02  -1.5120274e-01   9.2171913e-03  -5.2906474e-02  -1.2116644e-01   2.8476536e-01   2.0347630e-01  -1.7210416e-01  -5.2033726e-02   3.2923865e-01   1.1983089e-01   1.2117117e-01   2.3599132e-01  -8.3814697e-03   6.9578156e-02  -2.3613876e-01   6.3468110e-02   1.8887960e-01  -2.3742393e-01   2.1367117e-02  -9.9810986e-03  -2.3343467e-01   1.5236869e-02   2.2428895e-01   1.6566280e-01  -2.1197942e-01   2.9096063e-01  -4.2171303e-02   4.1868195e-01   2.4580292e-01   3.7162634e-01  -1.2304161e-01   1.2579122e-01  -2.1964354e-01   9.7066809e-02  -1.4986748e-01   4.4922100e-02   6.8351030e-02  -1.4396894e-01   1.9231355e-01   4.8716792e-02   3.1303826e-02  -4.3607667e-03   8.0507464e-02   1.6286071e-01  -1.7850174e-01   1.3911189e-01  -2.4659953e-01   1.7803727e-01  -1.4192560e-01  -1.9106221e-01  -3.3616774e-01   2.2891273e-01   5.1974248e-01  -1.1918199e-01  -7.6285406e-02   8.4404698e-02
  -3.3979429e-01   4.8471992e-01   1.7885902e-01   2.0901501e-01   1.1463337e-01   4.3515206e-01   0.0000000e+00  -3.5085016e-02   1.9895185e-02   2.6080562e-01  -3.0104419e-01   3.2697786e-01  -1.2004368e-02  -3.2055744e-01   1.5271807e-02   2.2832618e-01   2.4603485e-01   9.3920146e-02  -1.9891366e-01   3.0365453e-01  -1.5352491e-02  -2.7793748e-01   3.5392296e-01  -8.8078246e-02   2.5192477e-01  -5.2529200e-01   3.6476811e-01  -4.4597371e-02   8.6479009e-02   2.9213014e-01   6.2598880e-03  -2.1679809e-01   1.8524721e-01   5.8772745e-01   4.8311839e-01   1.8602720e-01   1.8342703e-01  -2.4740655e-01   7.6313292e-02   3.0625346e-01  -4.9308002e-02   2.2902859e-01   4.2284521e-01  -5.0947051e-01   3.3749202e-01  -7.2716252e-02  -1.5855309e-01   5.6962232e-01  -1.2747995e-01   2.5971366e-02   2.4203547e-01  -4.4865926e-01   3.0615399e-01   1.5482786e-01   2.6209170e-01  -5.6389707e-01  -2.6573178e-01  -1.9258713e-01   8.3386341e-02   3.8531588e-01  -1.3263691e-01   1.3547230e-01  -2.9521098e-02  -1.2658004e-01  -8.2071256e-03   3.3765041e-01   5.5655289e-01   1.6386702e-03  -3.0347768e-01   1.8248914e-01   4.8201588e-01   1.4106306e-01   1.3099814e-01   2.1472097e-01   1.9677857e-01  -2.2707067e-01  -1.6659507e-01  -4.4135859e-01   1.7297688e-01   1.8999987e-01   2.9564502e-01   1.1717306e-01   4.4138367e-01  -3.6097215e-01   1.2969520e-01  -4.1775708e-01   2.0293274e-01  -2.8574162e-01  -2.6116726e-01  -2.8356069e-01   1.4760858e-02   6.0670338e-02   3.2148557e-01  -1.2929898e-01  -2.7718020e-01   4.1777284e-02   1.9039202e-01  -8.1790431e-02   2.2842931e-01   4.0295828e-01   1.5526277e-01  -1.7355171e-01  -2.0053742e-01   9.3847686e-02  -1.0163637e-01  -6.7083491e-02   3.1434803e-01  -1.5107662e-01   1.7348627e-01   4.7203451e-01   4.4216577e-01  -2.4517289e-02   6.0360871e-02  -3.4255902e-01   2.8404049e-01   2.0266580e-01  -5.1122787e-01   3.7519000e-02  -2.4521509e-01   1.9231340e-01  -7.6986956e-02   6.1141536e-02   1.8385491e-01   1.0396292e-01  -1.3127950e-01   1.2975555e-01   3.1307496e-01   2.2730721e-01  -3.3125398e-01   2.8713541e-02   7.7880915e-02   3.9985093e-01   2.1668590e-01   2.2770386e-01   1.6496715e-01  -2.2638606e-01   1.8829819e-01  -9.0182202e-02  -3.8214224e-01  -5.8100304e-02  -9.9824639e-02   1.0241235e-01  -3.4095271e-01  -1.1712003e-01   3.8951207e-01  -7.7698161e-02   6.3547501e-01   7.3304494e-03   4.5248788e-01   3.7061317e-01   5.5790744e-02  -3.4646011e-01   1.1981623e-01   9.1194965e-02   2.1461977e-01  -5.7508831e-02   6.0671213e-02   1.6603779e-01  -3.0512930e-02  -2.9638143e-02   5.2264898e-02  -5.0134231e-01   3.4244507e-01  -1.5750772e-01  -1.2309646e-01   1.5787923e-01   3.7719436e-01  -4.1184401e-01   2.1108422e-01   3.1341964e-01   3.3984713e-01  -2.7784593e-01  -4.9368013e-02   1.5217298e-01  -2.3906296e-01  -2.1893168e-02  -7.6555973e-02
  -1.1043551e-01   1.9961410e-01   1.6963747e-01   1.4124465e-01   2.2104886e-01  -1.8735429e-02  -3.5085016e-02   0.0000000e+00   1.6334127e-01  -5.8236374e-02  -1.8655853e-01   2.6503284e-01   9.2859490e-03  -4.1345143e-02   4.6573462e-02  -7.7348737e-03   7.5769468e-02  -1.9402210e-01   2.6645869e-01   8.3475799e-02  -2.9608329e-02  -7.1990792e-02   7.2519136e-02  -3.2134949e-02   1.6009153e-01  -1.1228203e-01   1.2161418e-01  -1.0531249e-01   7.6625504e-02   1.8620618e-01   1.1379100e-01  -1.6159776e-02   1.1974270e-02   1.8117505e-01   1.0202543e-01  -1.0681718e-01   1.2581968e-01   5.0762307e-02   1.1958102e-01   2.7508881e-01   2.0729374e-01   9.0716808e-04   1.1268779e-01   1.2323548e-01   1.0482718e-01   2.8304578e-01  -2.4885604e-01   1.0814800e-01  -4.5826918e-02   2.4610310e-01  -1.9089093e-01   2.0020617e-01   2.3227459e-01   1.8046453e-01   2.6722502e-01   7.4445346e-02   2.0290943e-01  -1.0281404e-01   2.1649389e-01   3.0131424e-02   2.6573877e-01   1.4084844e-01   1.3525347e-01   3.3780413e-01   9.4525078e-02  -1.0396769e-01   1.0330128e-01   3.9073248e-02   8.2582136e-03  -1.9624341e-01   1.4258580e-01  -8.1735029e-02   1.0322231e-01   1.6433532e-01   9.1467478e-02   2.9535340e-01   3.1576044e-01  -1.2980283e-02   3.7147879e-02   1.3895465e-01  -1.7101079e-01   7.9710265e-02   1.9718308e-01   4.5767045e-01   2.7928252e-01   2.3800819e-01   2.4938948e-01  -8.7099490e-02   3.7584244e-03  -1.0536346e-01   1.1896596e-01   3.3443819e-01   3.7582854e-01   1.2769426e-01   3.4775348e-02   2.5652177e-01  -7.8311645e-02   5.0332859e-01   9.3365871e-02  -5.9092036e-02  -8.2245705e-02   1.5304751e-01   5.6287903e-02   9.5768832e-02  -2.8145169e-01   2.0039223e-01   9.9895862e-02   3.5934078e-01   1.4089697e-01   2.4878245e-01   1.0327545e-01  -1.7458404e-01   3.3386537e-01  -1.7574553e-01  -2.2609714e-03   3.2937953e-01   7.3823779e-02   2.8822930e-02  -1.1685250e-01   1.5273173e-01   5.0094399e-02   2.8355143e-01   2.7406147e-01   2.3900912e-01   1.1643743e-02  -2.0916342e-01   1.0919491e-01   1.5316484e-01   7.7457573e-02  -2.9788284e-01   2.2230753e-01  -2.1757508e-02   1.1823723e-01   9.3223356e-02   1.8687454e-01   5.0073165e-01   2.5776416e-01  -1.7103000e-01   1.9916870e-01  -1.3916923e-01  -4.7842439e-02   1.7901459e-01  -6.7366100e-02  -3.3110503e-02  -5.3833549e-02   4.0312819e-02   2.0411410e-01   2.9415380e-02  -4.6633095e-02   4.1778425e-02   1.1017450e-01   4.4703954e-02   1.0687839e-01   9.3372076e-02   1.0615837e-01  -1.0398362e-02   1.4517780e-01   1.3704110e-01   2.8139057e-01  -2.6301594e-01   2.5517212e-01  -6.3778994e-02  -8.0660511e-02  -6.4910599e-02   8.1758360e-02   3.8070666e-01   1.9290254e-01  -6.3235072e-02   7.9070248e-02   4.4645703e-01   3.4961830e-01  -2.5679503e-02  -1.3588967e-02   1.1256559e-02   6.7418725e-02  -1.0989851e-01   3.4627978e-01
  -3.4927113e-02   6.0035291e-01   1.4348452e-01   7.9440530e-02   3.1129294e-01  -4.1961884e-01   1.9895185e-02   1.6334127e-01   0.0000000e+00  -1.2034789e-01  -1.1029964e-01   6.1132253e-01  -3.8603356e-01  -2.2207508e-01  -4.7140118e-02   2.3485553e-01   2.5638138e-01   2.7792088e-02  -4.1042097e-01   1.4719090e-01  -4.0252025e-01  -1.0755296e-01   5.2676902e-02   1.7187272e-01   4.9675783e-01  -2.1039424e-01   6.4369244e-02  -4.0972467e-01   4.2121181e-01   4.1616394e-01  -3.6332784e-02   1.0864102e-03   1.5413824e-01   4.3278870e-01   5.7135229e-01  -2.6967907e-03   2.4803988e-01   2.4925174e-01   1.6363455e-01   5.2486590e-01   6.4237478e-02   1.8609891e-01   5.3391805e-01  -9.3181168e-02   3.3648596e-01   2.0076612e-01  -3.9753498e-02  -1.1062002e-01   4.4546729e-03   4.9228073e-01   9.1023303e-02  -1.1934420e-02  -1.1062409e-03   4.9658471e-01   2.9903614e-01  -1.6039165e-01  -2.9113551e-01  -1.6557697e-01   3.2753015e-01   4.3462221e-01   5.2612302e-01   5.9153661e-02   2.6214530e-01   3.5554331e-01   4.5792794e-01   1.1236581e-02  -3.5624976e-02   3.9442914e-01   1.5084488e-01  -2.8927378e-01   2.1889671e-01  -7.6425608e-02   2.3568709e-01   5.6771560e-02   3.1151346e-01   1.1874825e-01   4.2099176e-01   7.0196368e-02   3.5426371e-01   1.6415938e-01  -4.4015607e-01   3.0620993e-01  -2.9892085e-01   1.7239349e-02   2.5110111e-01  -2.3293123e-01   3.8903777e-01  -6.5821889e-02  -4.9485330e-02   1.0791238e-02   3.2902090e-01   3.4294101e-01   5.4702760e-01   4.7687565e-01   2.2376149e-01   3.2477404e-01   2.1405501e-01   8.9978398e-03   4.0911937e-01  -2.6237363e-01  -1.8971412e-01  -1.1964983e-01  -2.1606236e-01   6.3556718e-01  -1.7392023e-01   3.1790785e-01   2.1833488e-01   1.6990118e-01   1.6683522e-01   7.0324778e-02  -1.5387527e-01  -2.6767488e-01   3.2612648e-01  -2.0095881e-01  -1.8596483e-01   4.6215803e-01  -8.6722840e-02   4.2159157e-03  -3.2373877e-01   2.6809977e-01   6.9770607e-02   5.3065199e-01   4.9268853e-01   2.1475988e-01   5.1901863e-02  -4.2378046e-01   1.0511398e-01   4.3740396e-01  -4.3256589e-02  -2.7387912e-01   6.5741578e-02   1.1322863e-01   1.5056013e-01  -3.6874994e-03   2.7389644e-01   1.7338490e-01   2.3907701e-01  -3.6176201e-01  -1.1943238e-01   4.3072798e-02   2.5593313e-01   2.0179629e-01   1.4609580e-01  -2.9614253e-01  -1.2300955e-01   4.3053307e-02   1.7446036e-01   2.4326860e-02  -6.6249342e-02  -1.8082610e-01  -3.1048398e-01  -2.1988586e-01   2.1327646e-01   4.1427809e-01   3.3661075e-01   2.3319920e-01   3.6428262e-01   3.3054050e-01   4.0272687e-01  -5.4746475e-01   3.0650969e-01  -1.5421867e-02   8.1138043e-02  -3.8947893e-02   1.4124465e-01   5.3765067e-01   3.1513720e-01  -3.4073520e-02   2.6338232e-01   4.8615658e-01   5.1060738e-01   3.0060753e-01  -1.9332467e-01  -1.5734126e-01  -2.5607211e-01   1.4629137e-01   1.7837090e-01
  -6.2415253e-02   9.2453298e-03  -4.1279882e-02  -1.3092889e-01  -7.7467697e-02   2.2234456e-01   2.6080562e-01  -5.8236374e-02  -1.2034789e-01   0.0000000e+00  -7.9001728e-02   4.6184044e-02   2.8494253e-01  -3.0896123e-01  -1.9847503e-01  -5.5767844e-02   8.5170325e-02   4.4852469e-02   9.8849217e-02   2.1675155e-01   2.7918552e-01  -1.7285145e-01   4.5446767e-01  -4.3320102e-02  -4.4526793e-02  -2.1071485e-01  -5.3725582e-02  -1.6823662e-03  -7.2957707e-02  -1.1073465e-01  -1.2375256e-01  -1.4235327e-01  -2.3745364e-01   2.2110577e-01   8.1419017e-02   1.9569169e-01   1.5528303e-01  -8.5727172e-02  -1.5989067e-01   5.8511104e-02   1.2319421e-01  -7.9516982e-02   8.8047228e-02  -3.5349216e-01   3.9162787e-02   9.7935371e-02  -6.8932131e-02   9.5234765e-02   9.8442815e-02  -1.3876404e-01   6.9250229e-02  -1.3839715e-02   1.6293838e-01  -1.3351042e-01   4.6603102e-02  -3.3075974e-01  -3.2567541e-01  -5.8533366e-02  -2.0067353e-01   2.2549106e-01  -2.5484297e-01   3.8202834e-02  -2.0239055e-01  -1.9145576e-01  -2.8636603e-01   4.2048752e-01   2.7734899e-01  -1.0107071e-01  -2.4145713e-01   2.1013507e-01   1.2162902e-01  -3.0262849e-02  -1.0155476e-02   1.9501956e-02  -1.2065797e-01  -1.5358098e-01  -5.8234492e-02  -2.0226908e-01  -8.7703937e-02   5.0039537e-02   1.2094840e-01  -8.4693474e-03   1.5458036e-01  -2.1272888e-01  -4.6180047e-02  -1.0480636e-01   1.2910173e-01   1.1944036e-01  -1.1055352e-01   1.1781025e-02  -9.3133625e-02  -1.3047291e-01   1.5651967e-01  -2.3825614e-01  -6.3317343e-02   1.7170920e-02   1.8645229e-03  -5.9181746e-03  -1.7223266e-02   3.0969258e-01   4.8179646e-02  -9.1793600e-02  -4.2303955e-01   1.4751987e-01  -1.0577636e-02  -2.3281582e-01  -9.7045630e-02  -2.0105014e-01   2.9939650e-01   2.7386085e-01   3.4281466e-01  -1.0409882e-02  -2.1310771e-01  -6.7443453e-02   3.3094216e-01  -1.5786531e-01  -1.6877981e-01   1.3620846e-01  -1.6655558e-01  -6.6785459e-03  -1.1571640e-01  -1.3121456e-01  -7.1902492e-02  -3.5886981e-03   4.9478981e-02   2.3012403e-01   1.1381198e-01  -4.3901949e-02  -2.6998770e-01   1.6244258e-01  -5.9069686e-03   1.7169698e-01  -2.3498209e-01   2.8727256e-01  -4.2052781e-02  -1.2145178e-01  -9.5761499e-02  -1.6192810e-03  -1.6444963e-01   9.5637925e-02  -9.1118761e-02   7.1185678e-03  -7.2487529e-02  -1.5956288e-01   3.0884892e-01  -2.4924392e-01   3.4515376e-01   2.8328491e-01   5.9381477e-01   3.3824344e-01  -1.4668154e-02  -2.4336046e-01  -2.7603039e-01  -2.6917545e-02  -1.9485618e-02   1.4362745e-02   2.7941137e-02  -1.2672293e-01  -2.0070439e-01  -5.4237510e-02  -7.8783601e-02  -8.4427471e-02   5.7919293e-01  -2.5618088e-01  -3.4223359e-02  -1.8954069e-01   1.2502917e-01  -2.0745067e-01  -1.0132389e-01   5.5831461e-02   4.8326038e-02  -1.0022192e-01  -1.1840290e-01   2.9014092e-02  -6.4012076e-02   3.4815255e-03  -1.2955101e-01
   1.0146019e-01  -3.2293083e-01  -1.4491134e-01   1.2960079e-01  -1.4047248e-02   1.7951531e-01  -3.0104419e-01  -1.8655853e-01  -1.1029964e-01  -7.9001728e-02   0.0000000e+00  -3.2353103e-01   2.9651923e-01   7.9620222e-02   1.7340419e-01   6.7885974e-02  -4.4679067e-02   5.7781999e-01   6.6326371e-02  -1.3090051e-01   3.5373135e-01   4.0053961e-01  -2.6167419e-01   5.2159750e-02  -3.3448243e-01   4.7737896e-01  -3.0686091e-01   6.7665745e-02  -3.5521783e-01  -8.6102950e-02   1.6443548e-01   4.3335730e-01  -1.4386520e-01  -3.9994343e-01  -3.4667701e-01   2.8904438e-01  -4.0793828e-01  -1.2231671e-01   1.0045025e-01  -4.1391070e-01   1.4668296e-01  -4.1985134e-02  -3.2584941e-01   1.5914889e-01   9.9806341e-02  -1.3350347e-01   5.6916759e-01  -2.3124144e-01   2.5316942e-01  -2.3137968e-01   3.8805299e-01   3.6159537e-01  -9.6028421e-02  -1.9549273e-01   6.8747498e-02   2.8002570e-01   2.0621784e-01   3.8779010e-01   1.3649666e-01  -1.3053455e-01  -2.1282060e-01   8.6456497e-02   7.6086022e-02  -8.9298062e-02   2.3703035e-02  -1.5528961e-01   1.6387897e-02  -1.6750347e-01   6.6190981e-01  -5.0315444e-02  -3.1909293e-01   3.5920476e-01   1.9032427e-01  -1.0392747e-01  -1.8514771e-01  -8.9743928e-02  -1.1593737e-01   1.0776917e-01  -1.0977298e-01  -5.6580870e-02   2.4407683e-02   7.2476569e-02   1.8729428e-02   2.2836570e-02  -1.7846282e-01   1.2646276e-01  -2.2962026e-01   1.5494263e-01   1.1715431e-01   3.1400562e-02  -7.3493404e-02  -1.2532625e-01  -3.5400223e-01   6.7664115e-02  -1.2449335e-01  -2.8559431e-01   6.6491451e-02   7.6286750e-02  -1.2217242e-01  -2.0346350e-01  -6.9899599e-02   4.1123094e-01   1.8723375e-01   6.1424597e-03   5.5584367e-01   1.2475756e-01  -9.8213368e-02   4.8062651e-01  -2.4599907e-01  -2.5645864e-01  -1.1558721e-01   4.8895006e-01   1.3726070e-01  -2.2661286e-03  -2.0978256e-01  -2.7270556e-01   5.0355589e-01   2.0391728e-01   6.8768005e-02   8.3739719e-02   2.0913436e-01  -1.3509393e-01  -2.3494166e-01   2.6277786e-01  -9.2529718e-02  -3.0844911e-02   7.2880563e-02  -3.6413375e-01   3.1441389e-01  -3.0141594e-02   1.0146662e-01   2.2462115e-01   2.9399365e-02   1.1212457e-01   1.2580365e-01  -1.9275845e-01  -1.5066297e-02   2.0020048e-01  -3.3891589e-02   2.3754938e-02   1.0856145e-01  -2.4532294e-01   6.3667567e-01   4.6343034e-03   2.2339831e-02   1.0034255e-01  -4.8446421e-01   7.6308815e-02  -1.1550602e-01  -3.5627784e-02  -4.1732842e-03   1.0544935e-01   6.7549900e-02   1.5830681e-01  -2.9731350e-01  -8.5598857e-02   1.8663932e-02   1.2990624e-01  -7.5615163e-02   2.3023918e-01   2.2735283e-02   7.4071379e-01  -6.0630338e-02   5.9390145e-01   4.3723221e-01  -1.6658940e-01   1.4404518e-01   5.6634162e-02   1.4853928e-01  -4.1715945e-01  -4.0576537e-01  -1.6867507e-01   6.0113483e-01   9.3567397e-02   4.9880328e-02  -2.0889680e-01   2.5813787e-01
  -1.4336102e-01   6.0470811e-01   4.9443757e-01   1.5842970e-01   4.9790092e-01  -4.3497072e-02   3.2697786e-01   2.6503284e-01   6.1132253e-01   4.6184044e-02  -3.2353103e-01   0.0000000e+00  -1.8561055e-01  -5.3537505e-01  -9.1885768e-03   4.4640362e-01   5.1212673e-01  -1.8085503e-01  -2.6426090e-01   4.4553766e-01  -4.8110857e-01  -1.6491652e-01   6.3653229e-02   1.5149738e-01   5.0930230e-01  -3.3948087e-01   3.4481817e-01  -4.9678993e-01   4.1300425e-01   3.9512678e-01  -2.9595868e-01  -2.3366073e-02   1.1871955e-01   6.4787163e-01   6.9903146e-01   1.0413350e-01   1.9384556e-01   1.2752502e-01   3.3352268e-01   7.3940381e-01   2.4890152e-01   3.0776088e-01   7.4074886e-01  -3.2813036e-01   4.7652372e-01   1.1510334e-01  -1.6726414e-01  -1.4017833e-01  -4.3908544e-02   7.0489160e-01   6.1226045e-02  -1.2169187e-01   2.7088574e-02   5.7344493e-01   3.4003450e-01  -3.1761699e-01  -3.4139961e-01  -1.2911548e-01   4.2355707e-01   6.2801021e-01   3.6763091e-01   3.3986911e-01   1.5654942e-01   4.5958189e-02   2.6340682e-01   7.3258743e-02   1.2036515e-01   4.0947177e-01   1.0117801e-01  -1.6217500e-01   2.6834824e-01  -5.7807469e-02   2.9057003e-01   3.4133414e-01   4.8061010e-01  -6.7966712e-02   3.3912321e-01  -8.7430336e-02   4.6158330e-01   2.8372681e-01  -4.4064706e-01   3.2934476e-01  -1.0940767e-01  -2.6739140e-02   3.2992010e-01  -3.1236514e-01   2.5254213e-01  -1.2543655e-01   1.0120775e-02  -2.3712835e-01   4.1878505e-01   4.8672082e-01   8.1665508e-01   4.2735009e-01   3.6137231e-02   5.5972503e-01   3.6054751e-01   4.3929836e-02   5.1694228e-01  -4.9319446e-02  -2.3229980e-01  -1.4582196e-01  -4.3948149e-01   4.8997248e-01  -3.0345209e-01   3.7508099e-01   3.6062292e-01   1.6171309e-01   1.7065112e-01   1.9953138e-01   2.1316406e-02  -2.4148762e-01   2.7579480e-01  -3.7349123e-01  -1.4558995e-01   5.0749075e-01  -1.4919059e-01   9.3056688e-02  -5.1469791e-01   3.2668051e-01   5.5608305e-02   7.2896478e-01   7.6246503e-01   1.2197314e-01  -1.0220968e-01  -3.2050395e-01   2.6515670e-01   4.3526976e-01  -1.0329566e-01  -2.7409090e-01   3.0522008e-01   1.2118340e-02   2.6299456e-01  -1.5771578e-01   4.3838979e-01   6.8469418e-02   4.5693521e-01  -5.7955326e-01  -2.0365352e-01  -6.4280803e-02   1.0114029e-01   3.0494557e-01  -9.3941785e-02  -3.5677159e-01   1.2410794e-02  -2.0027471e-01   5.1690480e-01  -4.7064783e-02   4.7550653e-02  -1.3674339e-01  -2.4092098e-01  -4.7623531e-01   3.7480922e-01   1.0035185e-01   5.8555395e-01   2.3607824e-01   4.0530139e-01   5.0870907e-01   4.4822906e-01  -5.9371006e-01   5.4208429e-01  -2.4211989e-01   8.5947203e-02  -1.2615299e-01   2.4099904e-01   7.4575352e-01   3.5163564e-01  -2.4105560e-01   3.2968170e-01   5.6597969e-01   7.1386386e-01   1.3708920e-01  -1.9067886e-01  -1.5487550e-02  -2.0255293e-01   1.1730605e-01   3.0033886e-01
  -1.9168249e-01  -3.7022112e-01   3.2507369e-02   8.9986085e-02   2.2385195e-01   3.9194151e-01  -1.2004368e-02   9.2859490e-03  -3.8603356e-01   2.8494253e-01   2.9651923e-01  -1.8561055e-01   0.0000000e+00  -3.6329161e-01  -1.3373489e-01   1.1148998e-01   5.1017153e-02   2.0126225e-01   2.6377254e-01   2.8284635e-01   2.3685416e-01  -1.3385788e-01  -1.2150183e-01  -2.5989285e-01  -3.9818726e-01   1.1698796e-01   1.1349731e-01  -4.3620964e-02  -4.2448891e-01  -2.1911288e-01  -1.3843800e-01   2.4822808e-01  -1.8478376e-01  -1.5921237e-01  -1.5251734e-01   3.7776862e-01  -2.4208327e-01  -2.6829166e-01   1.9143822e-01  -7.3975042e-02   6.0355480e-01   3.3975496e-02  -1.5589834e-01  -1.6406236e-01   1.5021215e-01  -9.9992198e-02   5.3649891e-02  -8.0915279e-02   1.8567942e-01  -1.2085853e-01   2.2235406e-01   8.0137571e-02   1.4786642e-01  -3.0122007e-01  -9.2494635e-02  -9.5320550e-02  -3.9629729e-03   1.2388258e-01   1.0083989e-01  -2.8926363e-02  -4.1061795e-01   3.4377183e-01   1.9081843e-01  -3.1389868e-01  -2.1153046e-01  -5.6941398e-02   1.5095280e-01  -1.8363125e-01   1.0496446e-01   3.4406351e-02  -1.6914642e-01   3.1685466e-01   1.3947652e-01  -1.9406035e-01  -1.1396243e-01  -3.6946510e-01  -1.6050107e-01   3.1110589e-02   4.5613826e-02   2.7435547e-01  -1.5887565e-02   1.1193000e-01   1.5300489e-01  -2.0254580e-01  -3.2425921e-01   9.8596996e-02  -1.7091851e-01  -1.2762173e-01   3.1943607e-01  -2.9450346e-01   7.8661747e-03  -2.0781511e-02  -3.7095128e-02   2.5429268e-02  -2.9587549e-01   2.2788248e-01   2.1752806e-01   9.7018477e-02  -8.0259904e-03  -3.0719429e-02  -1.6201094e-01   2.0095118e-01  -1.7938726e-01  -1.5688569e-01   2.5165341e-01  -1.8270690e-01  -1.7574211e-01   1.3887536e-01  -8.1343382e-02  -6.0778364e-02   1.9487994e-01   2.3731346e-01   3.8154584e-02  -2.3215568e-01   9.0778733e-02  -2.2600874e-01   2.0256037e-01   5.1425660e-01  -1.8711910e-01   7.7696339e-03   5.1315781e-02   6.2252742e-03   2.4007589e-03   6.6250993e-02  -1.7103347e-01  -1.9090813e-01   8.3707721e-02  -3.9284790e-01   2.2758584e-02   6.4741130e-02   3.9518788e-01  -3.9024073e-02  -2.7817617e-01   1.9259340e-02   3.5135367e-01  -2.6303001e-01   2.1109028e-01  -3.5606138e-02  -1.0195817e-01  -1.2017954e-01  -2.8805072e-01  -1.5206386e-01   1.5675051e-01  -7.4353537e-02   1.5002340e-01  -2.7805190e-01   3.9997592e-02  -3.2422126e-02   1.7200041e-02  -8.9377802e-03  -1.1667329e-01  -2.0336618e-01  -1.1563025e-01  -2.3364799e-01   4.0803664e-02  -3.9954727e-01  -1.9046889e-01   2.4731545e-01  -4.6622300e-02   1.6873354e-01   1.8751178e-01   2.6643708e-01  -9.9052252e-02   1.5978859e-01   2.9342874e-01  -2.6372462e-02  -1.4812862e-01  -4.3636282e-01  -1.2530267e-01  -1.7825888e-01  -1.2374675e-01  -3.6072715e-01   4.9889900e-01   1.8130366e-02   2.0902459e-01  -3.0801810e-01   6.7770291e-02
   2.1710563e-01  -3.3380055e-01  -2.9964676e-01   1.7790366e-02  -3.5178129e-01  -2.1862146e-01  -3.2055744e-01  -4.1345143e-02  -2.2207508e-01  -3.0896123e-01   7.9620222e-02  -5.3537505e-01  -3.6329161e-01   0.0000000e+00   2.9508403e-01  -2.2558024e-01  -3.6432306e-01   8.0475126e-02   4.6958404e-02  -3.7285525e-01   3.2773971e-01   4.4406090e-01   1.2439498e-01  -2.9869720e-02  -1.9489403e-02   1.4177170e-01  -1.4515041e-01   3.1586039e-01   1.0181652e-01  -3.2989878e-01   5.0994810e-01  -7.7456788e-02   1.1659191e-01  -3.5143761e-01  -5.0509943e-01  -1.6218177e-01   1.3689094e-01   7.5916309e-02  -1.4754988e-01  -4.2031421e-01  -3.0283557e-01  -1.0025044e-01  -4.0379198e-01   6.1455784e-01  -2.3669378e-01  -1.1923513e-01   2.2440831e-01   1.4976022e-01  -4.7140033e-02  -2.9768619e-01  -8.1293030e-02   1.5660816e-02  -1.3357166e-01  -6.1492149e-02   7.6794581e-02   4.8577998e-01   3.1648889e-01   1.1104123e-01  -1.0459203e-01  -5.2986527e-01   8.1145163e-02  -4.3152263e-01  -2.3111374e-01   2.4205864e-01  -4.0163463e-03  -5.8991594e-02  -1.4748462e-01  -8.2065692e-03  -7.0420161e-02  -5.8879074e-02  -1.7423360e-01   3.2014363e-02  -1.1075645e-01  -1.0291317e-01  -1.1997556e-01   4.9969587e-01  -3.3434708e-02   2.5413325e-01  -2.8539145e-01  -1.9346005e-01   3.7629188e-01  -9.6916950e-02   1.0428334e-01   3.0569915e-01   1.0432503e-01   2.3480400e-01  -1.3183348e-01   2.7842102e-01  -2.0583221e-01   2.4054034e-01  -1.5646801e-01  -1.7788741e-01  -4.8627987e-01  -2.4167092e-01   5.8718433e-02  -3.5731297e-01  -2.9061987e-01  -1.0347950e-01  -1.5559498e-01  -6.6821238e-03   3.3049230e-01  -1.0955951e-01   7.2416858e-01  -3.3707899e-01   3.4988353e-02  -5.1653462e-03  -1.0265725e-02  -2.4570944e-02   2.5995676e-02  -4.6076962e-02  -1.3294579e-01   6.1568295e-02  -2.5038542e-03   3.1211281e-01   2.2941179e-02  -1.1224594e-01   1.3662721e-01  -1.9484344e-01   5.7816040e-01  -3.0192930e-02  -2.4046457e-01  -3.5210017e-01  -3.9104240e-01  -1.0311028e-01  -8.4580153e-02   3.3685672e-01  -1.8816309e-01   2.5293249e-02   1.7994442e-01  -3.3512744e-02  -2.8258549e-01   8.8191070e-02   7.8921892e-05   7.8741297e-02  -4.5421599e-01   4.0576044e-01  -3.3042229e-01   4.0638826e-01   4.0023367e-01  -1.0995704e-01   4.9555348e-02  -4.3356386e-02  -1.0028195e-01   2.5274131e-01  -1.6199040e-02   5.3454335e-01  -4.5922713e-01   2.3444843e-01  -3.8990916e-02   7.6182017e-02   2.5889636e-01   7.1575381e-01  -1.2982763e-01   7.5348955e-02  -5.3595118e-01  -9.8649359e-02  -1.8735128e-01  -3.1356092e-01  -8.7812510e-02   4.0561971e-01  -2.9458022e-01   7.9790511e-02   7.6130577e-02   1.0159808e-01  -1.9420603e-01  -3.7159579e-01  -7.2056062e-02   6.4719108e-01  -2.1952405e-02  -2.7936227e-01  -2.9587270e-01   4.4364575e-02  -9.0380042e-02  -6.1078287e-03   3.5165943e-02   1.2356660e-01  -6.1912451e-02
