   0.0000000e+00  -4.0248359e-01  -1.7331537e-01   1.8844478e-01   1.4691496e-02  -3.2865633e-01  -6.1932056e-01   3.5609641e-01  -1.0131398e-01  -4.3685578e-02  -2.6159029e-01  -1.9371766e-01  -2.5835423e-01  -3.3607147e-01  -1.6737493e-01  -7.3122736e-01  -1.1044965e-01  -1.8935129e-01   2.0159065e-01  -1.6901499e-01  -5.4163773e-01   4.9772713e-01  -5.1874581e-01   8.4988558e-01   2.1826649e-02   4.6441959e-01  -2.2511354e-01   3.5645723e-01   8.4675417e-02   2.4452885e-01   6.1596022e-02   3.9337458e-01  -5.5090824e-01  -5.0770774e-01  -4.3870639e-01  -3.8291230e-01  -4.2766019e-02   7.7992150e-01  -6.9359673e-01  -4.0922935e-01  -4.4670501e-01  -1.1419933e-01   7.8119850e-02   4.8013540e-01  -4.0023855e-01   7.0058326e-01  -3.4376147e-01  -7.6835864e-01  -1.6796007e-01  -1.4635566e-01  -1.4749165e-01   4.3549042e-01  -4.7857780e-01   3.1094990e-01   4.8344746e-02   2.3175863e-01  -1.0299035e-01   3.9876452e-01  -4.1592460e-01  -2.7695858e-01   7.2830943e-01  -2.2130117e-01   1.9496416e-01   3.3333784e-01  -1.0913978e-01  -3.5227025e-01  -2.8596720e-01   1.4144125e-01  -5.5837662e-02   4.8059224e-02  -4.9724026e-01   1.6821687e-01  -4.2112374e-01   8.1300333e-01   2.4309885e-01   5.3474096e-01   7.5814344e-01   3.0861714e-01  -2.2814641e-01  -2.7814199e-01   4.7199162e-02  -4.2302827e-01  -5.3728807e-01   4.2845607e-01  -1.6392935e-01   5.2948907e-01  -5.0280709e-01   5.7915652e-01   1.7894802e-01   8.0761639e-01   9.8839012e-02   6.9246706e-01  -2.2344790e-01  -9.2554083e-02   8.3753389e-01   1.5382131e-01  -1.4854333e-01   1.5640314e-01  -2.7566191e-01  -7.4008859e-03  -3.0272977e-01   1.5400924e-01  -3.3904533e-01   9.8965129e-03   3.2392780e-01   6.0448823e-01   2.5987970e-01   4.0662265e-01  -4.6030355e-02  -5.4853364e-01  -3.3617102e-01   3.2449152e-01   2.8667068e-01   8.1646308e-01  -3.1422239e-01  -2.0849341e-01   1.6250712e-01  -4.2782451e-01  -1.2577971e-01   1.5694512e-03   8.1983223e-01   4.3791393e-02   8.6390718e-02  -6.3037455e-01   8.3183019e-01   8.7966016e-02  -4.2103782e-01   1.7575615e-01   6.8204037e-01  -1.8362782e-01  -4.9723625e-01  -6.3104709e-01  -2.4127684e-02  -4.9397245e-01   3.4655577e-01   4.2808045e-01  -1.3486293e-02  -3.0494111e-01   4.4573100e-01   7.4977608e-01   7.1947066e-01   3.8102410e-01   8.9311687e-02  -1.6171582e-01  -1.9148775e-01   2.9834075e-01  -4.0869164e-01  -3.6003676e-01  -2.5625398e-01  -2.7722353e-01  -1.7443956e-01   2.9131015e-01   7.7322613e-01  -2.9331828e-01  -4.1991889e-01   7.6928305e-01   8.5866944e-01  -4.3905465e-01   6.8390398e-01  -7.7148591e-02   6.5545720e-02   3.1544245e-01  -2.6743395e-01   3.5214239e-01   4.2865228e-01  -3.0143861e-01  -5.9056056e-01  -2.3102732e-02   7.8582818e-01  -4.4650998e-01  -5.7546073e-02   7.3731422e-01   1.7366686e-01  -2.1254317e-01  -6.8536954e-02  -1.0547551e-02   5.4632832e-01
  -4.0248359e-01   0.0000000e+00   8.6229346e-02   1.1659136e-01   1.6466640e-01   2.2963890e-01   3.9725231e-01  -3.0979256e-01   5.0802783e-01   1.4620355e-01   1.3423588e-01   3.5575784e-01   2.5506540e-01   4.6234455e-01   2.2446606e-01   1.8287239e-01   6.3470762e-02  -6.4291149e-03  -2.1539833e-01   6.3985987e-02   3.7346871e-01  -7.4349249e-02   3.6456854e-01  -4.3073433e-01   3.6254234e-02  -3.7480555e-01   7.5870044e-03  -2.8306696e-01   5.0866547e-02   1.7427651e-01   3.5500691e-01  -5.2945109e-02   2.5235880e-01   1.7341313e-01   4.4529063e-01   1.8496095e-01   2.7695457e-01  -5.7265016e-01   2.5915172e-01   1.6476054e-01   3.0786461e-01  -1.8155530e-02   1.6888238e-01  -3.7345989e-01   2.8635721e-01  -3.9342229e-01   1.4729835e-01   4.6464661e-01   2.3829654e-01  -3.1960700e-01   9.1220083e-02  -2.5257629e-01   3.8778298e-01  -1.7996457e-01   1.7244415e-01  -2.4980278e-01  -1.1984210e-02  -8.3852600e-03   3.0297289e-01   3.6647714e-01  -4.2538322e-01   3.6197033e-01   3.6498090e-01  -1.1120399e-01   4.5223764e-01   3.1697873e-01   1.9919919e-01   4.0733448e-01  -4.8994391e-02  -1.8741364e-01   3.5890798e-01   8.9941586e-02   3.2874356e-01  -2.5870035e-01  -5.4190616e-02  -1.4254737e-01  -4.9984514e-01  -1.7332942e-01   3.1443540e-01   3.1922991e-01  -1.2790222e-01   3.0370439e-01   1.1721619e-01  -3.9935755e-01   2.8482135e-01  -1.2475154e-01   5.1004010e-01  -9.3791600e-02   9.4339725e-02  -4.1829072e-01   1.7480883e-01  -4.9092546e-01  -1.6565397e-01   4.4879756e-01  -5.2941694e-01  -1.9087654e-01   1.6040210e-01  -6.9735778e-02   3.8389187e-01   1.7075054e-01   9.5328252e-02  -1.5429397e-02   1.3351547e-01   6.6128810e-01   6.2458826e-02   1.1311734e-02   9.0534309e-02  -1.9049339e-01   5.0730583e-02   2.3371166e-01   6.3274568e-02   2.7746996e-02   2.3782763e-01  -4.5716931e-01   7.6705232e-02   1.9024028e-01  -2.3233105e-01   3.3837540e-01   9.1626317e-02   2.0998730e-01  -4.9981008e-01   2.2171860e-02   1.7473038e-01   3.3520385e-01  -4.6815276e-01   3.0226047e-03   3.3151704e-01  -1.4783083e-02  -2.4381888e-01   8.1862296e-02   1.8281501e-01   2.6524728e-01   3.5764723e-01   5.0651108e-01   1.0333308e-01  -2.0467701e-01  -2.0493376e-02   4.9944503e-03  -3.4356985e-01  -4.6260299e-01  -3.2946855e-01  -1.8133124e-01  -2.7868330e-02   6.4488124e-02   2.6530492e-01  -7.6471044e-02   2.0624830e-01   2.8452987e-01   3.1418754e-02   4.2316462e-01   7.8663474e-02  -3.3733588e-01  -3.9098258e-01   2.9964657e-01   2.2051662e-01  -4.8050958e-01  -5.2108392e-01   2.3566459e-01  -3.9561793e-01  -1.8759907e-01   2.7733254e-01  -5.1202563e-02   2.7664536e-01  -3.7923673e-02  -5.7116641e-02   1.3962130e-01   2.1691298e-01   4.0293992e-02  -2.0025799e-01   5.0633018e-02   1.8545117e-01  -5.0288925e-01   2.1526531e-01   6.9766886e-02   3.6643505e-02   7.4019442e-02  -6.0980792e-02
  -1.7331537e-01   8.6229346e-02   0.0000000e+00  -1.5171933e-01   7.3635805e-02   1.2813933e-01   2.4778216e-01  -1.9814538e-01   1.2541623e-03   1.3079146e-01  -4.5385786e-01   6.2140085e-01  -7.8782598e-02  -1.8010922e-01  -4.4595315e-01   2.3239201e-01   8.7784469e-01  -3.5708340e-01  -1.5126057e-02   3.4839222e-01  -3.0313366e-01  -1.5379775e-01  -3.9416525e-04  -3.0013904e-01  -1.0575296e-01  -2.0194980e-01   7.9786973e-02  -2.2253788e-01   1.2671207e-01  -4.2289622e-01  -3.7580244e-01  -2.4657685e-01   2.4023080e-01   2.9474384e-01   2.9679206e-01   7.3443387e-02  -1.7663703e-01  -1.5598751e-01   1.5007728e-01   6.3141649e-01  -1.4325534e-01   7.5138721e-02   1.1142595e-01  -9.3038874e-02  -2.2781388e-01   1.4175021e-01  -1.1153776e-01  -1.0437679e-01  -3.1568941e-01   6.3732058e-01  -3.0567330e-01  -3.1220061e-01  -1.6885734e-01   4.1407663e-01  -5.0155464e-02  -1.5432424e-01   8.7306024e-02  -3.4945333e-01  -1.2733182e-01   1.2426747e-01   8.1193718e-02  -5.3522603e-02  -8.0071390e-02  -3.9159431e-01  -3.2688478e-01  -1.6382530e-01   1.0625353e-01  -1.4810234e-01  -1.9864356e-01   5.0549269e-01   4.5162111e-01  -2.6476076e-01  -1.0905567e-01  -1.7805352e-01  -3.4238730e-02  -1.0281221e-01  -4.0486772e-02  -7.3111238e-02   4.9051690e-02  -1.2222830e-01  -2.3352496e-01   1.2644697e-01   2.0662582e-01  -2.6201086e-01   1.9843939e-01  -3.2859523e-01  -4.7776290e-02  -2.6707075e-01   3.4151424e-01  -3.6912348e-01  -1.4455870e-01   2.3585492e-01   6.0041887e-01   3.9098959e-02  -1.9345143e-01   4.2054346e-01  -1.5827006e-01  -1.7979725e-02  -1.9980423e-01  -3.5867160e-01   2.2451388e-01  -3.8765369e-01  -1.4170698e-01  -1.5712979e-01  -3.8842446e-01  -1.3644307e-01   3.8220346e-01  -1.6240409e-01  -1.0603339e-01   1.6920838e-01   4.2482757e-01  -3.6402547e-01  -6.8709274e-02  -3.0589215e-01   2.3439098e-01   2.7087315e-02  -1.7167793e-01   2.3138304e-02   5.2419337e-02  -1.0886629e-01  -2.3926647e-01   3.7539299e-01   2.8985843e-01  -3.3391158e-01  -3.2815180e-01  -3.3938622e-01  -2.7465038e-01  -1.3982791e-02  -1.2297749e-01   6.7709533e-01  -1.7929920e-02  -1.3118649e-01  -5.4742840e-02  -2.1759267e-01  -4.5111127e-02  -1.4445800e-01  -1.1513049e-01   6.0501440e-02  -2.2702857e-01  -2.3121221e-01  -2.8255660e-01   1.9403740e-02  -5.1646169e-01   4.1604280e-01  -2.8490935e-01  -7.3061757e-02   6.9700323e-01   3.5265541e-02   3.8246411e-01  -2.8810599e-01   1.0633328e-01  -1.7561376e-01  -1.9140252e-02  -3.6431732e-01   7.7419649e-01  -1.8558881e-01  -1.9180043e-01  -1.0294349e-01   1.5404627e-01  -2.6020662e-01   1.0339274e-02  -4.5188830e-01  -2.5196809e-01  -2.3665442e-01  -1.3996535e-01   1.5600467e-01   2.5049364e-01   1.0245932e-01   5.7965699e-02   4.1063135e-01   3.2863471e-01  -1.2928569e-01  -3.9625728e-01   2.8178387e-01   3.5625558e-02   1.7779042e-01  -1.9491840e-01
   1.8844478e-01   1.1659136e-01  -1.5171933e-01   0.0000000e+00   3.7953744e-02   2.2711792e-01  -1.0834798e-01   1.2384161e-01   1.8544544e-01   3.8648898e-02   3.9247325e-02  -7.4961485e-02   1.3752751e-01   1.0508497e-01   4.2077943e-01  -3.0170366e-02  -2.0373857e-01   1.6119174e-01  -6.5602496e-02   1.8209472e-01   4.4753986e-02   6.2370567e-01   7.1774999e-02   1.6990746e-01   1.8293211e-01  -2.8383621e-02  -1.6940373e-02  -5.6936251e-02   1.5719829e-01   6.4718249e-01   3.6730049e-02   5.9555133e-01   1.0951307e-01  -1.8061822e-01  -1.0505200e-02   3.6237377e-02   2.8623337e-01  -7.3012500e-04  -1.4437760e-01  -1.7443122e-01   6.2323941e-02   4.3182659e-01   8.9541929e-02  -5.1425761e-02   3.6795913e-01  -1.1501561e-01   8.5769426e-02  -2.4800576e-01   1.6621000e-01  -4.6543817e-01   3.8947908e-01   3.5887707e-01  -1.8796481e-01   1.1559031e-01  -7.0822717e-02   6.0070838e-02  -1.0151899e-01   5.3367537e-01   6.9800200e-02  -4.0905628e-02   1.0950449e-01   2.8223037e-01   6.8259303e-04   7.1561937e-02   4.3122386e-01   1.0498050e-01   3.1980242e-01   4.6889004e-01   2.1183697e-01  -3.4006574e-01  -4.2578224e-01   8.2023050e-01   5.3836524e-02   1.3911177e-01   4.4571308e-02   1.9167534e-01  -8.9181787e-03  -2.0423421e-01  -2.8023566e-01   4.6199063e-01   9.3340079e-02   6.5947842e-02  -3.0077033e-01   3.5302688e-01  -2.4895587e-01   2.5617639e-01  -1.3487800e-01   4.1766925e-02   2.7211555e-03   9.7318348e-02  -3.4160306e-03   1.7779732e-02  -3.5571769e-01   2.9332346e-01   8.3625238e-02  -1.4562792e-02   4.9721726e-01  -1.3329388e-02   3.0369349e-01   3.0986124e-01  -4.4715387e-01   2.5254254e-01  -1.1266706e-01   1.7968613e-01   6.5030386e-01   5.9240056e-01   3.8673333e-01   4.3049198e-01   4.1186701e-01  -1.4882247e-01  -2.3907879e-01   5.6147999e-01   4.4671937e-01   6.6512574e-02  -2.6746658e-01  -2.1140837e-01  -3.8956550e-02   1.2654680e-01  -3.0107764e-01   8.0051370e-01   1.6901700e-01  -1.1067101e-01   1.8881665e-01   2.1817151e-02   1.1013122e-01   1.5493397e-01   1.1219099e-01   1.5860944e-01   5.4655176e-01  -4.7322586e-01  -3.1188544e-01  -1.5441629e-01   1.7240995e-01  -9.5433633e-02   2.2351098e-01   1.6026218e-01   2.5849833e-01  -4.3499641e-01   8.9869077e-02   4.5939705e-02   2.5852406e-01   4.6012657e-02   1.8672330e-01  -1.5942134e-01   1.5043587e-01   2.3765725e-01  -2.9971119e-01   4.9750193e-03  -4.6753659e-02   1.1980477e-01  -2.6177764e-01  -1.2351639e-01   1.1317618e-01  -1.1922981e-02  -2.6927512e-01   1.3330272e-01   9.3879839e-02   1.1126098e-01   6.6999649e-02  -1.1937706e-04   5.1504065e-01   1.1742140e-01   5.2908976e-02   7.5930716e-01   6.7757755e-01  -2.0605444e-01  -8.9491837e-02   3.4701419e-02   1.8709670e-01  -2.8617778e-01  -2.4717741e-01  -2.5471940e-02   6.7007072e-01  -1.1513509e-01  -9.8021069e-03   3.6894191e-01   6.0851732e-01
   1.4691496e-02   1.6466640e-01   7.3635805e-02   3.7953744e-02   0.0000000e+00   4.4082825e-02   2.9062027e-01  -3.8496041e-02   4.2264458e-01   1.7922127e-01  -1.1254156e-02  -5.4814618e-02   3.0842587e-01  -1.1994446e-01   3.6250085e-02   1.8326044e-01   1.2904694e-01  -3.6925759e-01   9.7930278e-02   6.3823998e-01  -9.1607199e-02  -2.0238344e-01   1.1944202e-02  -7.6258299e-02  -1.5881903e-01  -9.7772816e-02   4.2444895e-01  -8.5075300e-02  -4.4421378e-02  -2.2009914e-01  -3.1624965e-02  -1.5137567e-01   9.2855610e-02   1.9538874e-01   3.4986871e-02   6.0008319e-01   4.2524033e-01  -2.1491359e-01   2.4026159e-01   3.7426901e-01   3.9596420e-01   2.2964532e-02   4.3061981e-01  -2.0092386e-01   2.5727336e-01  -1.3597887e-01   2.5347624e-01   1.7665764e-01   4.2379205e-01  -3.3932343e-02  -1.8921748e-02   9.5212514e-02   2.5894510e-01  -1.0570304e-01  -1.7893666e-01  -2.4092955e-01  -1.3239757e-01  -2.4476091e-01   1.0764064e-01   1.8669357e-01  -1.8997940e-01   4.2640897e-01   1.0462055e-01  -4.0517481e-02   2.2019016e-01   2.2221594e-01  -2.5434931e-02   1.3469633e-01  -2.1164543e-01  -3.2597232e-01   2.7336373e-01  -4.3229461e-03   2.1273348e-01  -1.7604461e-01   7.3732832e-02  -8.5090364e-02  -2.0949216e-01  -2.7218030e-01   6.4860016e-01   3.0423144e-02  -2.2981257e-01   3.5249395e-01  -1.4732110e-01  -2.4264315e-01  -3.2154115e-01  -5.3917593e-02   1.7354737e-01  -9.9748345e-02   2.9626519e-01  -1.3295320e-01   6.4911163e-01  -2.3352076e-01   7.1221095e-02   2.6627234e-01  -1.4207731e-01   5.6512465e-01   1.7693364e-01  -7.8255719e-02   3.3180376e-01   1.5930543e-01  -2.9062295e-01  -1.0985108e-02  -2.8869181e-01   2.0453412e-01  -1.2392213e-01   5.2534750e-02   9.6308671e-03  -1.5065991e-01   3.6752593e-01   5.0610400e-01  -1.6043575e-01  -1.7830781e-01  -9.7994656e-03  -8.6044991e-02  -2.4498363e-01   5.2670578e-01  -3.6381596e-01   3.2894930e-01  -3.5442394e-01   6.4066889e-02  -1.8393341e-01   5.5151626e-01   5.0960393e-02  -3.7614963e-02  -1.5211393e-01  -1.1756832e-01   3.6220845e-02   8.6626792e-02  -1.2903016e-01  -1.2907335e-01   1.9754369e-01   2.4291601e-01  -1.9470686e-01   1.6947294e-01   2.3850914e-01  -7.3033208e-02  -4.6832663e-02  -2.0261226e-01  -9.9078198e-02  -2.1238806e-01  -7.3627251e-02  -5.8408991e-02  -1.3603161e-01  -2.1311183e-01  -1.5789817e-01  -1.4400948e-01  -6.0110485e-02   2.7268957e-01   2.9887365e-01   2.3816447e-01  -2.9882733e-01  -2.2328900e-01  -2.0731866e-01   9.9715067e-02   2.8692201e-01  -1.7050987e-01  -1.6697552e-01   1.5195899e-01  -2.0543851e-01  -1.6393456e-01   7.2091006e-02  -1.0834578e-01   2.7690295e-01  -1.5957479e-01  -4.7760100e-02   3.2674391e-01   3.0161584e-01  -2.0844520e-01  -7.9003569e-02   3.0667714e-01   4.4506860e-01  -2.9937975e-01  -8.7871945e-02  -1.0299862e-01   8.2366161e-02  -3.9325938e-02  -1.0304403e-01
  -3.2865633e-01   2.2963890e-01   1.2813933e-01   2.2711792e-01   4.4082825e-02   0.0000000e+00   4.5260569e-01  -1.8046333e-01  -1.5957240e-01  -2.8723068e-01   4.7957172e-02   1.4978595e-01   3.1786439e-01  -6.3591428e-02   3.7452027e-01   4.5185421e-01  -4.2758267e-02   3.9949948e-01   1.1347202e-01   2.9723582e-01   1.6054082e-01   4.9239561e-02   1.7253439e-01  -3.1849718e-01  -2.7421442e-01  -2.5466874e-01   4.0222155e-01  -2.6203679e-01   5.7846570e-02   1.6188930e-01  -1.5523684e-01   1.1039076e-01   3.2310931e-01   2.3326001e-03   1.1719052e-01   4.4887992e-01   1.7848805e-01  -3.3663892e-01   3.2788098e-01   2.2634737e-01   3.1493024e-01   2.5124694e-01  -1.6087628e-01  -3.4968621e-01   4.2159446e-01  -2.8609298e-01   5.8124397e-01   2.5547487e-01  -6.6804556e-02  -1.8226930e-01   5.2362471e-01  -1.8190807e-01  -1.0546665e-01  -2.5454730e-01  -2.3990957e-01  -4.1128155e-02   5.3331638e-01   1.0205157e-01   2.8839690e-01  -7.6924477e-02  -3.1969870e-01   3.9991774e-01  -2.9838052e-01  -2.3512894e-01  -4.5450164e-02   3.7301905e-01   8.9043412e-01  -1.3604865e-01   5.8757015e-01  -2.0310072e-01   1.0108646e-01   2.6415989e-01   2.1742066e-01  -1.9558464e-01  -2.1035214e-01  -2.8130493e-01  -2.8510228e-01  -2.2892985e-01  -9.4625955e-02   1.9156457e-01  -1.9103651e-02   1.0573800e-01  -3.7469485e-02   5.1699341e-02   1.0493626e-01  -2.0572768e-01  -1.5363785e-01  -1.6203838e-01  -2.8345332e-01  -2.5163744e-01  -7.4311146e-02  -2.6404265e-01  -1.4704400e-01  -5.1635671e-02  -3.6685704e-01   5.9493258e-02   3.3399298e-01   3.0001585e-01   3.4729499e-01   1.2787557e-02  -2.9660159e-01  -4.5083771e-02   2.6860665e-02  -1.2632254e-01   2.6566601e-01  -2.8494571e-02  -1.6531281e-01   2.5807459e-01   2.3791344e-01   1.3156740e-01  -2.9097374e-02   3.7669147e-01  -2.5594329e-01  -2.3103450e-01  -6.3145766e-02  -2.0539895e-02   1.1459840e-02   2.4084220e-01  -5.9444929e-02   2.9420377e-01  -2.6391460e-01   5.7072372e-02  -2.8492379e-01   2.9123416e-01  -2.5533627e-01   1.2835148e-01   1.1986100e-01  -2.5153024e-01  -2.4929324e-01  -2.2099134e-01   4.7001168e-02   1.5349749e-01   1.7708030e-01  -1.5437866e-01  -3.8531564e-01  -2.0210068e-01  -1.2950483e-01  -2.2059353e-01  -1.6504013e-01  -2.5184622e-01  -3.0315959e-01  -1.6441386e-01   2.4882662e-01   3.5920894e-01  -1.3625084e-01  -6.5557983e-02   2.7249467e-01   4.1961788e-01   4.7867885e-01   2.2843849e-02   9.9709114e-04  -3.3454249e-01  -1.4633743e-01  -9.8275969e-02   2.5642347e-01  -2.6843041e-01  -3.6921949e-01   3.9638971e-01  -2.4993732e-01  -1.5643353e-02  -1.3592056e-01  -7.7550994e-02  -5.2805292e-02   1.9794475e-01   7.9359283e-02   6.5853793e-03   2.8064271e-01   6.1162064e-01  -1.6737913e-01  -1.1417179e-01  -8.2268435e-02  -2.7371857e-01   2.7465654e-01   6.4482898e-01   1.4409375e-01  -2.7297875e-01  -5.2721523e-03
  -6.1932056e-01   3.9725231e-01   2.4778216e-01  -1.0834798e-01   2.9062027e-01   4.5260569e-01   0.0000000e+00  -3.4971711e-01   1.2130918e-01   1.1451853e-01   2.0547901e-02   2.7234961e-01   1.5366209e-01   1.1809392e-01   1.7696940e-01   5.9179834e-01   9.0702555e-02   7.3441576e-02  -1.3627058e-01   5.2413177e-01   2.2122386e-01  -4.7929348e-01   4.0269008e-01  -5.9568151e-01  -4.3042867e-02  -5.8128139e-01   3.8555040e-01  -4.1017104e-01  -4.9373362e-02  -2.7889915e-01  -1.6217978e-01  -3.4461433e-01   3.6851425e-01   5.9909097e-01   4.6727456e-01   5.6510537e-01   1.6411517e-01  -6.0287151e-01   5.4433391e-01   5.5412004e-01   3.0882049e-01   1.0003067e-01   2.0955517e-01  -5.5477721e-01   5.4338975e-01  -4.2139644e-01   3.9706176e-01   6.3195220e-01   1.5790177e-02   6.6692855e-02   2.2117494e-01  -4.0380189e-01   2.8612416e-01  -2.9006474e-01  -2.2798961e-01  -3.7192680e-01   8.5609353e-02  -4.7953378e-01   1.9252739e-01   4.3679474e-01  -5.6741310e-01   4.0402941e-01  -1.5882801e-01  -3.0927350e-01   1.1951493e-02   5.6729044e-01   3.7748236e-01  -2.8726688e-02  -2.1489933e-04  -1.2776191e-01   4.4684202e-01  -6.1299019e-02   2.4750781e-01  -6.2790447e-01  -1.5059890e-01  -5.2794316e-01  -5.8707301e-01  -3.6598686e-01   3.6216208e-01   1.7108273e-01  -1.5753578e-01   4.0364436e-01   1.6925335e-01  -4.7777890e-01   3.9961091e-02  -5.0188088e-01   2.7807673e-01  -5.0108784e-01  -8.4984217e-02  -5.5022615e-01   1.2981117e-01  -5.2550127e-01   2.5546658e-01   3.9901106e-01  -6.1181670e-01   1.4617885e-01   2.0628624e-01  -1.5225532e-01   3.7250243e-01   1.7644482e-01  -3.7498332e-02  -1.6521904e-01   7.7647272e-02   6.3806218e-02  -2.6534682e-01  -4.1799394e-01  -2.2455942e-01  -4.0234592e-01   3.3980012e-01   5.7571288e-01   1.4810544e-01  -3.1325587e-01  -1.9351372e-01  -5.0567639e-01   7.0801754e-02   9.3812418e-02  -3.4528809e-01   4.1783687e-01  -5.2440521e-02   5.6785483e-02  -5.4613926e-01   2.9428042e-01  -3.0758964e-02   3.6801108e-01  -5.9773651e-01  -2.1685811e-01   3.1926100e-01  -2.0563074e-01  -5.6111632e-01   7.8142932e-02   3.9349213e-01   4.1275194e-01  -9.3955757e-02   1.7484682e-01  -1.1283553e-01  -4.5141083e-01  -1.0604532e-01   8.2275609e-03  -4.4430963e-01  -5.0519014e-01  -4.3890583e-01  -3.5232218e-01  -4.8809483e-02   1.5580896e-01  -5.0918996e-02  -3.7612885e-01   3.9131878e-01   4.9770853e-01   6.1814819e-01   7.4345805e-02  -4.2934576e-02  -3.6887928e-01  -5.5323267e-01   1.1044787e-01   4.8894804e-01  -5.2030080e-01  -6.1675085e-01   2.6604525e-01  -5.5614013e-01  -2.0725767e-02   4.0397252e-02  -2.1723233e-01   1.4077273e-01  -2.7602093e-01  -4.1093466e-01   4.5799565e-01   6.8248759e-01   8.6089660e-02  -5.1393852e-01   2.2005078e-01   3.4284744e-01  -5.2296158e-01  -2.1798836e-04   2.8978797e-01   2.3466570e-02  -1.0195881e-01  -4.8202653e-01
   3.5609641e-01  -3.0979256e-01  -1.9814538e-01   1.2384161e-01  -3.8496041e-02  -1.8046333e-01  -3.4971711e-01   0.0000000e+00   7.8218057e-04  -1.0732032e-01   8.6377520e-02  -1.0353670e-01   3.7446793e-02  -2.8726111e-01   1.2067974e-01  -2.1231985e-01  -1.1083815e-01  -3.1669818e-02   2.8279662e-01  -1.9632606e-01  -2.1703070e-01   2.4978336e-01  -3.8279427e-01   2.7509785e-01  -1.4644705e-01   4.4262110e-01  -1.0480083e-01   3.4270771e-01   5.0080198e-02   2.2922646e-01   2.7055574e-01   2.3045662e-01  -2.9067067e-01  -1.9293165e-01  -3.7921381e-01  -2.1926094e-01   3.4440672e-02   2.8361335e-01  -1.7289211e-01  -2.8006063e-01   2.3591692e-02  -9.1096718e-02  -1.0671906e-01   4.6385520e-01  -1.4145017e-01   2.3934362e-01  -1.8854860e-01  -2.8148704e-01   5.7178016e-02   2.4254267e-02  -7.2779142e-03   6.3877744e-01  -1.1847354e-02   1.2985648e-01  -2.1660301e-02   2.0101981e-01   4.8794713e-02   3.5431068e-01   1.2115144e-01  -6.2920061e-02   2.5413427e-01  -6.4669732e-02   1.0402700e-01   5.8427600e-01  -2.0612285e-02  -3.1911290e-01  -2.2394263e-01  -5.2953558e-02   1.2852783e-01  -2.0763441e-01  -2.5972852e-01  -1.6525080e-02   4.2219624e-02   3.5637508e-01   3.1893562e-01   4.2721090e-01   2.8976587e-01   2.4685205e-01  -2.9872249e-02   2.1597677e-02   1.2749331e-01   9.6366166e-03  -2.0065679e-01   5.6495746e-01  -3.1514155e-01   5.0254888e-01  -1.7630235e-01   1.2692094e-01  -2.1699354e-02   3.3302347e-01   1.1945661e-01   2.8416505e-01  -1.5783919e-01  -1.5306394e-01   3.0160043e-01   2.1629564e-03  -8.5262506e-02   3.3881381e-01  -6.9721549e-02  -6.7942802e-02  -2.3025511e-01   3.2677824e-01  -1.5625704e-01   2.2931308e-02   2.4924578e-01   2.8841307e-01   4.7708887e-02   3.9479781e-01   9.2301362e-02  -2.6800536e-01  -1.6021228e-01   2.6628944e-01  -6.4160531e-02   3.0155967e-01  -2.6136540e-01   5.4137605e-02   2.4494888e-01  -9.9130158e-02  -2.2135896e-01  -1.0519769e-01   3.4068789e-01  -5.7333658e-02  -1.1586874e-01  -1.5868003e-01   3.9196135e-01  -8.4853980e-02  -3.1130072e-01   7.5041346e-02   3.1582178e-01  -2.5473326e-01   1.1641215e-01  -1.8181998e-01  -1.7531635e-01  -1.0536278e-01   2.3783332e-01   6.5438373e-01   1.0892129e-02  -1.4939377e-01   6.0371790e-01   1.9563368e-01   1.0926326e-01   2.1209221e-01   2.2303182e-01  -3.3041627e-01   2.9171953e-02   2.2228743e-01  -2.8066261e-01  -2.3473250e-01  -2.4677498e-01   1.0381942e-01  -1.6300860e-01   5.1417831e-01   3.4757940e-01   1.2904666e-01  -3.6673380e-01   2.2659378e-01   3.3040775e-01   5.1638109e-02   2.2743403e-01   1.2053488e-01  -1.0031823e-01   4.2431945e-01  -1.5752843e-01   1.5389618e-01   2.9744701e-01  -5.5217200e-02  -2.7720718e-01   5.0264610e-02   1.8337947e-01  -9.5828092e-02  -1.5856119e-02   1.7408095e-01  -1.1277127e-02  -3.1467932e-01   6.9849798e-02  -3.2946595e-02   4.5539077e-01
  -1.0131398e-01   5.0802783e-01   1.2541623e-03   1.8544544e-01   4.2264458e-01  -1.5957240e-01   1.2130918e-01   7.8218057e-04   0.0000000e+00   3.8568565e-01   1.8196029e-01   1.1225265e-01   1.9953390e-01   2.1486541e-01   2.1563745e-02   4.0439991e-02   1.0510044e-01  -2.1092066e-01  -8.5964289e-02   7.9625373e-02   5.9284056e-02  -3.8630080e-02   5.3531412e-02  -5.9537276e-02   9.9673139e-03  -8.9268713e-02  -8.8180342e-03  -3.0323381e-01  -1.2227328e-02   8.4784105e-02   8.5982739e-02  -3.6590640e-02   4.5053869e-02   8.6406392e-02   2.4040692e-01   9.5345216e-02   4.4035072e-01  -3.0104361e-01   8.7904807e-02   9.5016291e-02   2.4807091e-01  -7.8017537e-02   2.7831237e-01  -3.4059710e-01   1.9648663e-01  -1.2522230e-01  -5.7190444e-02   2.3220753e-01   5.3699693e-01  -1.7474119e-01   3.9536892e-02   8.1344520e-02   5.5480902e-01   1.0118522e-02   1.3841381e-01  -3.8281795e-01  -1.1193623e-01  -5.4760758e-02   1.3181708e-01   3.8574587e-01  -2.2834809e-01   3.1338759e-01   4.3917382e-01   3.1677781e-02   5.5939696e-01   5.5025105e-02  -2.0331555e-01   3.9708194e-01  -2.0743971e-01  -3.0745841e-01   3.2122613e-01   1.3753329e-01   2.3967036e-01  -2.5481122e-01   1.4197977e-01  -6.8772409e-02  -2.8018384e-01  -2.0715037e-01   5.8285707e-01   2.3580106e-01  -3.5467598e-01   3.0453333e-01  -2.2853391e-01  -1.6228974e-01  -2.1344021e-01   6.0977580e-02   6.2088972e-01  -1.1333272e-02   4.2733795e-01  -1.5169975e-01   3.9688748e-01  -2.6436113e-01  -1.0055828e-01   5.1303289e-01  -2.4199196e-01   1.9765819e-02   9.7744634e-02  -4.7536030e-02   2.5282211e-01   9.5521923e-02  -9.3956668e-02   1.2684562e-01  -3.3258255e-01   7.1252065e-01   8.7195570e-02   1.6239622e-01   1.9050736e-01  -9.2973173e-02   1.0353172e-01   2.6608217e-01  -1.5714335e-01   1.8062111e-02   3.4313556e-01  -1.8334489e-01  -2.2508305e-01   3.7839331e-01  -3.1012790e-01   3.0241134e-01  -3.9528117e-01   1.6289802e-01  -2.0960968e-01   1.3671384e-01   4.7214334e-01   3.0471027e-02  -1.7291234e-01  -1.7437290e-01   1.1622742e-01   3.5917426e-02  -8.0168237e-03  -4.0989433e-02   1.4323884e-01   2.6132385e-01  -2.0096775e-01   5.6077082e-01   3.7499061e-01  -1.0484534e-02  -5.6102341e-03  -3.3505082e-01  -2.4880911e-01  -2.4336006e-01  -8.3934788e-02  -1.1996361e-02  -6.3668568e-03  -2.8789352e-01   6.1377134e-02  -3.4283849e-01  -1.2630343e-01   8.7473060e-02  -5.6671960e-02   6.6141848e-01  -1.6673071e-01  -2.4857286e-01  -1.7817141e-01   4.1443449e-01   9.2680429e-02  -1.5141825e-01  -2.2084499e-01   2.3357972e-01  -2.4156211e-01  -3.7498694e-01   3.6498531e-01  -3.0069122e-02   3.3804670e-01  -8.8567159e-02   1.5272776e-01   1.1796607e-01   4.4803703e-02  -3.0640655e-01  -3.2955012e-02   1.9809707e-01   2.1527876e-01  -3.1898219e-01   1.5367411e-01  -3.2516242e-01   9.9303575e-02   2.4869866e-01   1.1408444e-01
  -4.3685578e-02   1.4620355e-01   1.3079146e-01   3.8648898e-02   1.7922127e-01  -2.8723068e-01   1.1451853e-01  -1.0732032e-01   3.8568565e-01   0.0000000e+00   1.3482433e-01   3.3602795e-02   9.5880779e-02   1.3338203e-01  -1.2127554e-01  -5.5315463e-02   1.0443422e-01  -3.3895809e-01  -3.3659287e-01   1.6473473e-01   9.2352483e-03   5.7198652e-02   3.5657344e-01  -7.8520977e-02  -1.5874028e-02  -2.2643549e-01  -8.6062158e-02  -9.6162983e-02  -1.8533102e-01  -1.5181548e-01  -6.0573609e-02   6.1389834e-04  -6.5257556e-02   3.4402127e-01   5.5910802e-01   9.6588887e-02   3.6874288e-02  -2.5401952e-01  -5.4199393e-02   2.0684315e-01   8.7067989e-02   2.5805454e-02   4.0543514e-01  -1.3598186e-01   1.1065805e-01  -1.7190699e-01   3.1102445e-02  -5.8468258e-03   1.5539942e-01  -8.5062243e-02  -6.2213252e-02  -1.2318294e-01   1.6690490e-01   5.3338434e-02   8.9909497e-02  -2.6503250e-01  -3.6343005e-01  -1.1304927e-01  -4.5335228e-02   2.3253107e-01  -1.8511343e-01   1.7248444e-01   1.0078328e-01  -1.3205247e-01   2.7014651e-01   2.2617896e-01  -2.2633733e-01   1.9285987e-01  -2.0464417e-01   5.1714346e-02   8.0433377e-02   7.5496091e-02   8.3032266e-02  -1.1964734e-01  -1.0043437e-01  -1.7295446e-02  -2.5236106e-01  -1.1426271e-01   1.7760525e-01   1.1351383e-02  -1.5801130e-01   1.4543538e-01   9.2743417e-03  -2.4815479e-01  -6.9510605e-02  -1.4119435e-02   3.4717604e-01   1.8820782e-02   1.5497510e-01  -1.8893213e-01   2.5688295e-01  -2.4603752e-01   3.6201414e-01   4.7566956e-01  -2.1115939e-01   1.1830053e-01  -3.1218154e-02  -3.1401724e-01   4.7057002e-02   3.0670311e-01   1.0452605e-01   1.1367967e-01  -2.1237882e-01   1.6633469e-01   2.2036898e-02   1.7877717e-01   2.0378765e-01  -1.3560160e-01   5.5593692e-02   1.4666776e-01   1.3850337e-01  -1.9561902e-01   1.2562017e-01  -1.7934008e-01   2.1664183e-01   9.3146233e-02  -4.1534025e-01   2.7510661e-01  -2.1788622e-01   8.7463430e-02  -1.7909268e-01   1.3847258e-01   3.4221050e-01  -9.0643340e-02  -2.3570097e-01  -3.1533884e-02   2.8216333e-01  -2.1505998e-02   8.4238460e-02   7.5589850e-02  -5.3022540e-02   1.9770672e-01  -7.0213609e-02   2.2371701e-01   2.6266361e-01  -8.3963927e-02   3.2637740e-02  -9.0359415e-02  -2.2144693e-01  -2.2480201e-01  -9.2795578e-03   1.4629318e-02  -1.0902451e-01  -2.4026273e-01   2.1915443e-01  -7.9559721e-02   6.2052233e-02   1.3954382e-01   8.6780038e-02   1.6497426e-01   1.3597793e-01  -8.5957530e-02  -1.9685046e-01   1.4813526e-01   1.8064281e-01  -1.2803445e-01  -1.7776088e-01   1.5819433e-01  -2.5799196e-01  -2.6016543e-01   2.5308918e-01  -2.2607508e-02   3.9453671e-01  -2.6213964e-02  -5.4147530e-02   2.6680270e-01   1.4598973e-01  -2.0802928e-01  -5.3198071e-02   1.9441244e-01   8.3699688e-02  -2.2860054e-01   4.1190606e-02  -4.4847941e-01   1.3008541e-01   1.5477291e-01  -1.6110311e-02
  -2.6159029e-01   1.3423588e-01  -4.5385786e-01   3.9247325e-02  -1.1254156e-02   4.7957172e-02   2.0547901e-02   8.6377520e-02   1.8196029e-01   1.3482433e-01   0.0000000e+00  -1.5998115e-01   2.4014860e-01   9.2017604e-02   4.8331188e-01   1.5461271e-01  -4.0078671e-01   3.7755620e-01  -1.1572678e-01  -1.8741665e-01   3.8874657e-01   1.1523885e-02   2.9310311e-01  -1.9239221e-01  -5.2716806e-02   3.8752215e-02  -8.5453756e-02   8.8432753e-02  -2.3959345e-01   1.3538463e-01   3.8557173e-01   4.2850991e-02   4.4402003e-02   2.2602205e-02   6.4156914e-02   2.0613803e-01  -5.0682118e-02  -2.1048995e-01   1.6773897e-01  -3.2784946e-01   3.8377554e-01   5.9180960e-02  -1.8784402e-01  -4.6225949e-02   3.3780916e-01  -4.5477817e-01   4.5664897e-01   3.5673819e-01   2.9095139e-01  -3.4594036e-01   3.5471257e-01   1.9764398e-01   3.3724379e-01  -2.2938217e-01   1.4293831e-02   1.1786016e-01   5.7609731e-02   1.9576200e-01   3.3288216e-01  -2.1384476e-02  -2.6081856e-01   1.4410659e-01   7.3001192e-03   3.0713464e-01   4.5166283e-01   3.4675122e-01   8.0852955e-03   2.8006985e-02   3.5812460e-01  -2.5791282e-01  -1.6576772e-01   1.0804854e-01   3.3748597e-01  -1.9665108e-01  -7.3086510e-02  -6.6815198e-02  -2.2876497e-01   1.3394578e-01  -1.7035813e-02   1.3244636e-01   2.8013177e-01   1.5866203e-01   1.8463073e-01   1.5847591e-01  -1.2051997e-01   9.9104343e-02   2.3040341e-01  -4.0500481e-02  -2.6465221e-01  -2.0393036e-01   1.0491951e-01  -3.7754275e-01  -1.0369571e-01  -1.5900600e-02  -2.0221495e-01  -3.2383125e-01   4.3315465e-02  -8.4223800e-02   3.4196088e-01   1.0649293e-01   2.6093806e-02   4.5257496e-01   9.0828105e-02   1.6060768e-01   2.3879470e-01  -4.3159248e-02  -2.9515445e-01   1.1086662e-01  -3.1824553e-02   6.7004333e-02   1.3714418e-01   1.7158170e-01  -1.2214304e-01  -2.6555391e-01   1.7926770e-01  -5.7337060e-02   2.6087837e-01   2.2425611e-01  -1.1037222e-01   4.1753373e-02  -2.4983116e-01  -3.1607707e-01  -1.5509446e-01   4.7815173e-01  -2.2912404e-01   1.9040784e-01   4.1520608e-01  -1.4550192e-01  -8.6171773e-02  -3.1192574e-01   2.1722100e-01   5.7155862e-01   4.8801660e-02   4.4175632e-01  -1.1562195e-01   2.9981161e-02   1.9732179e-02   4.7261076e-02   4.4756341e-02  -2.3391296e-01  -6.7799272e-02  -2.3831895e-01   5.0042504e-01  -2.6163199e-01   4.9628730e-01  -1.4204018e-04  -1.4897559e-01   3.1760799e-01  -4.9661010e-02   3.2573213e-01   1.8769000e-01   1.1034253e-01  -3.4183468e-01   6.4058565e-01  -2.8824612e-01  -2.2131066e-01  -2.5667714e-01   4.5384102e-01  -3.3135327e-01   2.6143855e-01  -4.3722627e-02   3.3043126e-01   3.8487313e-01   8.2708906e-02  -2.9460592e-02  -1.0370930e-02   1.8253302e-01  -8.2053201e-03  -3.4672300e-01   7.2297413e-02  -2.7336587e-01  -2.2350379e-01   2.6795023e-01  -2.6608327e-01  -5.0729829e-02  -6.3057729e-02  -5.8772872e-02
  -1.9371766e-01   3.5575784e-01   6.2140085e-01  -7.4961485e-02  -5.4814618e-02   1.4978595e-01   2.7234961e-01  -1.0353670e-01   1.1225265e-01   3.3602795e-02  -1.5998115e-01   0.0000000e+00  -5.9127114e-02  -1.5133253e-02  -2.2561847e-02   9.3008104e-02   5.1941665e-01  -1.4826813e-01  -5.7478405e-02   1.1174010e-01  -1.4680902e-01  -1.6475292e-01  -8.2573188e-02  -2.5943938e-01  -8.2800312e-02  -2.5967396e-02  -9.4353847e-02  -1.5952959e-01   1.4277577e-01  -1.2448747e-01  -7.8436122e-03  -1.7279443e-01   4.1099798e-02   1.4129958e-01   2.5529191e-01  -8.1149395e-02  -1.2311768e-01  -2.6383389e-01   7.3319135e-02   2.0248314e-01  -7.1571212e-02  -1.3796213e-01  -4.3962152e-02  -3.8563125e-02  -1.2577590e-01  -5.1709446e-02  -4.1635606e-02   2.0977419e-02  -2.7294673e-01   3.2622258e-01  -1.6042777e-01  -9.4070520e-02  -1.3105197e-01   2.5362452e-01   4.4833189e-02   8.6986483e-02   7.9238616e-02  -1.1032559e-01   5.8703459e-02   4.2230773e-01  -6.3577938e-02  -9.5640938e-02   3.2656546e-02  -1.7625896e-01  -1.3835201e-01  -1.2091923e-01   1.0495976e-01  -6.4270801e-02  -2.2776768e-02   2.5696152e-01   3.4288778e-01  -1.5047103e-01   4.7492834e-02  -3.4961106e-02   8.0465296e-02  -1.0513016e-01  -2.0382246e-01   5.5096333e-02  -5.0389378e-02  -3.0811999e-02  -8.0379471e-02   2.1215336e-01   2.0639900e-01  -1.8220936e-01   3.2179371e-01  -2.2568436e-01  -8.7745075e-02  -1.4090499e-01   2.2007753e-01  -2.9082839e-01  -8.1299988e-02   6.1844848e-02   3.8867200e-01   1.3593343e-01  -2.7543147e-01   1.5447720e-01  -1.2402770e-01  -2.8426933e-02  -7.6918573e-02  -2.4105499e-01   7.5759854e-02  -1.1546271e-01  -4.3491534e-02   1.1554849e-01  -1.8637747e-01  -1.1023480e-01   2.2741751e-01  -1.6039452e-01  -1.6079330e-01   1.0756178e-01   3.8333746e-01  -1.1921841e-01   5.6648963e-02  -2.4286243e-01   1.2061184e-01  -4.3221831e-02   4.4607743e-02   6.0996605e-02   1.8606584e-01  -1.0913654e-01  -2.3899719e-01   3.5490529e-01   3.3428282e-01  -1.1250203e-01  -2.8357429e-01  -1.2212287e-01  -2.1023247e-01  -5.6167747e-02  -1.5421394e-01   5.0786748e-01   1.8076036e-02  -1.5286639e-01   1.4583863e-01  -1.3506514e-01   9.5381507e-02  -1.3729730e-01  -1.1796742e-01   1.0108403e-02  -1.4393461e-01  -2.1780810e-01  -2.4303025e-01   8.9444893e-02  -1.8488383e-01   4.2878525e-01  -4.7297147e-02  -4.2431930e-02   6.3921250e-01   2.6193860e-01   3.6114097e-01  -1.5636153e-01   9.2947616e-02  -6.9676004e-02  -3.9585678e-03  -1.4102452e-01   5.4752738e-01  -2.6185286e-01  -2.1027037e-01   5.2695154e-02  -5.3069851e-03  -1.8253715e-01   5.2322347e-02  -1.8117064e-01  -2.6058803e-01  -1.6685621e-01  -1.2503233e-01   3.8316823e-02   2.1717098e-01   1.1066473e-01   5.5528807e-02   1.9227726e-01   2.2502189e-01  -2.7045243e-01  -1.2880127e-01   3.5996258e-01   2.0544689e-01   3.4695884e-02  -8.8191836e-02
  -2.5835423e-01   2.5506540e-01  -7.8782598e-02   1.3752751e-01   3.0842587e-01   3.1786439e-01   1.5366209e-01   3.7446793e-02   1.9953390e-01   9.5880779e-02   2.4014860e-01  -5.9127114e-02   0.0000000e+00  -2.9453789e-02   3.2706736e-01   4.3665110e-01  -4.7603728e-02   7.1320233e-02   1.7658294e-01   2.7958110e-01   1.2387050e-01   3.7724979e-02   2.3844387e-01  -3.1329027e-01  -1.9612145e-01   9.2394008e-02   3.3766438e-01   5.2485377e-03  -1.1233202e-01   9.8142900e-02   1.0603678e-01   9.1940425e-02   2.8463992e-01   1.4009128e-01   2.0560952e-01   4.5516412e-01   2.0273876e-01  -4.5921055e-01   4.8160756e-01   1.6042602e-01   7.0047796e-01   1.7392183e-01   1.2203673e-01  -1.9091054e-01   3.7721134e-01  -3.8694122e-01   4.0251276e-01   1.3904349e-01   2.4717382e-01  -2.1944041e-01   2.7013952e-01   1.2013768e-01   1.7508396e-01  -2.3817535e-01  -1.1282116e-01  -6.1601179e-02   2.1752845e-01   1.5309884e-01   4.8050360e-01   7.9642549e-02  -4.6308992e-01   2.7873721e-01  -8.7182425e-02   2.2340116e-02   2.2013485e-01   2.7537129e-01   2.5149590e-01   3.3100715e-02   1.9760831e-01  -3.1176942e-01   1.0960231e-01   9.9930581e-02   5.2670817e-01  -2.2415320e-01  -2.5087737e-02  -1.1500201e-02  -4.4088242e-01  -1.1191662e-01   1.9885805e-01   3.5201586e-01  -1.1854369e-02   5.1564590e-01  -9.3425210e-02   1.4357358e-01  -1.4240760e-01  -9.3374113e-03   1.2454741e-01  -1.3379288e-01  -7.8062773e-02  -3.1501592e-01   2.8321873e-01  -4.7494024e-01  -1.3854146e-01   1.7879334e-01  -3.8554635e-01   7.4942964e-02   3.1937985e-01   2.2538192e-01   4.6256428e-01   1.4168222e-01  -1.7811369e-01   7.5197436e-02  -9.2473492e-02   6.6150302e-02   1.8514229e-01   6.8997349e-02  -1.5739901e-01   1.5634858e-01   3.1484433e-01   1.5787010e-01  -9.6092588e-02   1.9653734e-01  -1.3611707e-01  -2.9700209e-01  -1.7051640e-03   2.1113762e-01  -1.6739845e-03   5.2935584e-01  -2.0957596e-01   2.2202121e-01  -4.4702190e-01   1.4309117e-01  -8.1451958e-02   1.5272656e-01  -3.1817751e-01   1.7762667e-01   2.4304066e-01  -1.1342476e-01  -1.7832217e-01  -2.8498847e-01   3.6942950e-01   3.1086823e-01   1.0226492e-01   1.5358820e-01  -9.5689062e-02   4.8258066e-03   9.9769382e-02  -1.3738936e-01  -3.7230937e-03  -3.6816358e-01  -2.1493711e-01   1.1266110e-01   1.0401386e-01  -1.9273884e-01   1.9838777e-01   9.8317983e-02   1.0411433e-02   1.4345296e-01   1.2593125e-01   1.6011330e-01   4.0447121e-02  -2.5698482e-01  -3.9684581e-01   2.9624223e-01   2.1997542e-02  -3.9762882e-01  -4.6098483e-01   5.7390232e-01  -4.4948901e-01   1.1812411e-02  -1.3174440e-02   1.0841084e-01   1.1207008e-01  -6.1099917e-02   1.6416474e-01   1.9921270e-01   1.9182765e-01   1.2193969e-01  -3.7192502e-01   2.0260378e-02   1.2180628e-01  -5.0784283e-01   8.6331833e-02  -6.8647541e-02   2.0249345e-01  -1.7996625e-01   9.3852852e-02
  -3.3607147e-01   4.6234455e-01  -1.8010922e-01   1.0508497e-01  -1.1994446e-01  -6.3591428e-02   1.1809392e-01  -2.8726111e-01   2.1486541e-01   1.3338203e-01   9.2017604e-02  -1.5133253e-02  -2.9453789e-02   0.0000000e+00   9.6383075e-02   3.0199544e-02  -1.8173032e-01   1.1257649e-01  -3.7091398e-01  -7.8185227e-02   6.3381788e-01   3.3864672e-02   4.4713765e-01  -2.6536730e-01   1.3069891e-01  -2.5211058e-01  -2.6102368e-01  -2.5241288e-03  -1.3692659e-02   2.4024242e-01   2.6527337e-01  -2.1975756e-03   1.9920294e-01   3.1415818e-03   3.2162692e-01  -8.6793705e-02   4.4696829e-02  -3.5812787e-01   6.8695027e-02  -3.6459169e-02   2.0567431e-02  -1.4539153e-02  -1.2456188e-02  -1.5776408e-01   1.3264449e-01  -3.5166007e-01  -1.2465192e-01   4.4045983e-01   1.4235450e-01  -3.5491871e-01   4.0189742e-02  -3.0853276e-01   1.6534425e-01  -1.9902485e-01   4.4154726e-01  -4.5609071e-02  -1.1550889e-01   8.3085474e-02   5.7489401e-02   3.5233206e-02  -2.5157944e-01   1.2095769e-01  -2.2193016e-03  -1.6967697e-01   1.8531592e-01   2.3574881e-01   7.3937037e-03   1.6204531e-01  -2.0541486e-01  -2.4213155e-02   6.2864952e-02   1.6598372e-01   9.9447166e-02  -1.2924052e-01  -1.1885198e-01  -8.9113689e-02  -3.2239465e-01  -2.8271074e-01  -6.7045975e-02   8.9494730e-02   2.4894924e-01   3.3349129e-02   3.7081905e-01  -3.2633344e-01   5.0541456e-01  -1.7484512e-01   5.0388214e-01  -1.6740760e-02  -1.9183046e-01  -3.0765712e-01  -1.7174624e-01  -3.6071620e-01  -2.0498506e-01   1.3855184e-01  -3.2328664e-01  -2.8036341e-01   7.3383835e-02  -2.5370404e-01   9.1776167e-02   2.0268680e-01   5.0301062e-01   3.6474179e-02   5.6807659e-01   2.2886817e-01   3.0236837e-02  -5.6323773e-02   9.9879028e-02  -2.3132972e-01  -1.3424023e-01   6.0366244e-02   7.0557920e-02   2.6269281e-03   1.3304427e-01  -3.3668076e-01   3.0322275e-01  -7.0727271e-04  -3.1693263e-01   1.8338774e-01   4.0108326e-01   1.5206146e-01  -3.2232502e-01  -3.0285575e-01   3.1501617e-02   4.9779125e-01  -3.2484436e-01   3.2668291e-01   4.3468995e-01   1.1065743e-01  -8.8904030e-02   2.1845286e-02   4.9204472e-03   2.4608708e-01   4.6442983e-01   5.0734396e-01  -1.5860923e-01  -1.4723498e-01  -1.8921517e-02   4.5175881e-01  -2.4529678e-01  -2.8106524e-01  -1.6166948e-01  -1.7728570e-01  -1.2631610e-01   1.9904965e-02   3.9193454e-01   9.0900417e-02  -4.1162953e-02  -9.0064768e-02  -2.1802920e-01   3.7881435e-01   2.2289313e-01  -3.1855435e-02  -3.4898761e-01   7.5503955e-02  -7.5144893e-02  -3.2621757e-01  -3.4897817e-01  -3.9967414e-02  -2.9803499e-01   1.9277173e-01   1.3112813e-01  -1.9781839e-01   3.8367058e-01   1.3873845e-01  -5.1171456e-02   4.9977505e-02   9.9608444e-02  -5.2648260e-02  -2.0548130e-01   8.0841413e-02  -2.3100229e-01  -3.6087250e-01   1.5668990e-01  -1.2439944e-01  -5.5138500e-02   3.3854937e-02  -1.1130179e-01
