   0.0000000e+00  -5.3884954e-02  -3.1361607e-02   8.0466372e-02  -6.0860090e-02  -2.0573696e-01  -2.8466052e-01   1.6976862e-01   2.2266298e-01  -5.4869053e-02   6.3126716e-02  -1.7329507e-01   1.8940251e-01   5.5125401e-01  -1.4987012e-01  -2.6155737e-01  -1.3295831e-01  -2.8497063e-03   1.5046968e-03  -1.1569457e-01  -2.3833391e-01  -1.7728873e-01  -2.0982853e-01   5.2646082e-01   3.6916047e-02  -3.6405712e-02  -3.2726171e-01  -1.9899712e-01   1.7802884e-03  -1.0141631e-01  -1.5821454e-01   6.3919173e-02  -1.2564873e-01  -1.5808458e-01  -3.9154432e-01   1.9061886e-02  -4.5776345e-02   4.6939149e-01  -2.4791883e-02  -1.8021403e-01   2.0933902e-01  -3.8736323e-02   1.4903069e-01  -2.6434383e-01  -9.6765095e-02   5.7849665e-01   8.2107615e-02  -4.0078317e-01  -3.1187753e-01  -1.5285122e-01   7.1727714e-03   2.1887869e-01  -8.0844120e-02   5.9164534e-02   1.6081262e-01  -1.8838325e-01  -2.1675941e-02   4.2962245e-02   3.1779434e-01   9.3468185e-02   5.6850783e-01  -3.5724510e-02   1.3376127e-01  -9.8939932e-03  -1.3255508e-01   1.2478608e-01  -2.5039269e-01  -2.0123300e-01   1.3606813e-02   3.0085830e-02  -1.7134010e-01  -3.0666592e-02   8.8236959e-02  -1.8645892e-02   6.9532784e-02  -1.7140480e-02   6.1110393e-01   3.2983306e-02  -1.9183308e-01   2.9495829e-01  -4.6527206e-01   1.4906092e-01  -3.0101958e-01  -1.7215486e-02  -9.3983470e-02  -3.0450227e-02  -1.6371374e-01   4.2495710e-01   4.1414703e-02   6.3008552e-01  -8.1275019e-02   2.7815910e-01  -1.1296385e-01   3.5443874e-01   5.4313515e-01  -2.7501260e-02   6.4593323e-03  -1.5628088e-01  -7.9049575e-02  -1.2603279e-01  -1.4521531e-01  -9.7684039e-02  -3.4520372e-01   5.2975681e-02  -1.5223522e-02   9.9574536e-02   1.7034718e-01  -2.0817655e-02  -1.2178498e-01  -8.6865337e-02  -2.4392427e-01  -1.8854430e-01  -3.2218265e-02   8.1689054e-01  -3.4914225e-01  -1.0016720e-02  -2.8236209e-02   1.9261048e-01  -2.7947517e-01   1.0552950e-01   4.4987038e-01  -4.2059996e-02  -1.0893486e-01  -1.1897297e-01   6.1611782e-01   4.7780400e-01  -2.2481316e-01   8.3000934e-02   1.3852656e-01  -1.9104079e-01  -1.9948383e-01  -2.9122333e-01  -1.2363939e-01  -3.5993229e-01   1.9473745e-01   3.2325042e-02   1.2509817e-01  -4.3107446e-01   1.8893651e-01   4.7254665e-01   6.2528015e-01   1.6313876e-02   1.9251780e-01  -2.9546931e-01  -3.6853472e-01  -2.5200952e-01  -3.3301892e-01   1.0654014e-01   1.3983824e-01  -2.1210648e-01   3.7591063e-02  -2.8984398e-01   5.5405683e-01  -5.0562819e-02  -9.1837387e-02   3.7260032e-01   5.5410521e-01   2.4685068e-01   4.8019389e-01  -1.8950501e-01  -7.0392779e-02   1.8699009e-01   7.8775663e-02   3.0769326e-02   8.1514559e-02  -1.8028780e-01  -9.2585252e-03  -2.3838900e-01   5.9891378e-01  -4.4090933e-02   5.2079753e-02   5.2056079e-01  -1.3937567e-02  -1.1386011e-01  -5.8097016e-03   4.0205997e-02   2.2904882e-01
  -5.3884954e-02   0.0000000e+00   4.2341880e-01  -3.2864935e-01   5.6020586e-01  -2.3387183e-01  -5.1236732e-02   1.9525580e-01   6.6463717e-01   1.4532236e-01  -2.5097528e-01   6.2134860e-01  -2.4867593e-01  -6.3085352e-02  -3.6639134e-01  -2.8264794e-01   4.3803421e-01  -6.1377829e-01  -1.7741795e-03   3.6257730e-01  -4.8634479e-01  -6.6918003e-01  -5.6334806e-01   4.5005117e-02  -7.8303847e-02  -1.5263509e-01   2.9266603e-01  -2.7238495e-01   1.7115146e-01  -5.7237418e-02   8.7360772e-02  -3.4662050e-01   1.9549492e-01   2.6435733e-01  -2.1907028e-01  -2.6305998e-01   3.6609791e-01   7.9684114e-02  -6.9651549e-02   7.2465079e-01  -1.6543814e-01   9.8066764e-03   1.9174877e-01  -4.2373067e-01   2.6295024e-01  -1.5156796e-01  -6.1156366e-01   2.5046397e-01  -3.0741964e-02   7.0682973e-01  -6.9746911e-01   7.8525232e-02   6.2147162e-01   2.5470082e-01  -1.5665378e-01  -5.7270349e-01  -4.2596027e-01  -5.9971011e-01  -1.8124304e-01   2.4212861e-01   5.6555309e-02   1.0384030e-01   6.8373796e-01  -4.8753617e-01   4.6476834e-01  -4.6048901e-01   1.8024688e-01   3.6817761e-02  -6.5182295e-01  -2.5883547e-01   8.8828619e-01  -5.6345525e-01  -1.3734599e-02  -1.2638417e-01   2.4070950e-01  -1.8276932e-01   4.6556570e-02  -2.7404128e-01   6.3058060e-01  -1.8214460e-03  -4.5654905e-01  -2.4622459e-01   3.6280204e-01  -2.3811085e-01   5.4668727e-01  -3.7640801e-01   2.2486382e-01  -2.5321087e-02   6.4173708e-01  -5.2007082e-02   6.4176139e-01   2.7841711e-01   5.1434446e-01   2.1064646e-01   1.8029199e-01   2.7119519e-01  -2.5997116e-02  -2.4073490e-01   1.9059973e-01  -1.2718491e-01   3.1654017e-02  -5.9935921e-01  -4.0296498e-01   5.8415837e-01  -6.4773277e-01  -1.1820760e-01   4.8477832e-01  -5.0114123e-01  -2.8143933e-02  -3.2065318e-01   3.3676611e-01  -5.8961095e-01  -2.9105585e-02   1.2226835e-01  -1.7253598e-01   8.5723128e-01  -3.9868791e-01  -1.2647226e-01   1.1164974e-01  -3.5865747e-01  -3.9017220e-02   6.8072365e-01   6.2528323e-01   3.9648695e-01  -1.1708712e-01   3.3160384e-02  -3.4348343e-01   3.6191034e-01  -5.7645978e-01   1.0844973e-01  -1.3475612e-01  -1.3597213e-01  -2.8753923e-02  -5.0496795e-01  -5.3391438e-02  -8.8786481e-02   3.9904453e-02  -2.8094812e-01  -2.6620528e-01   8.6909242e-02   2.3286238e-02   2.0520837e-01  -5.3820836e-01   2.7542401e-02  -5.5422038e-01  -4.8450903e-01   5.2539699e-01  -4.5513000e-01  -3.8928707e-01  -2.7977220e-02   8.3304857e-02  -9.2036466e-02   1.9980943e-01   6.4429562e-01   6.1923912e-01  -5.5877989e-02   3.2600161e-02  -3.2451636e-01   2.4080755e-01  -4.3370881e-01   1.9243633e-01  -1.9653321e-01  -1.7711627e-01  -4.4189373e-01  -5.0812505e-01   4.3449466e-01   1.8063893e-01  -4.1191608e-01   8.4642404e-02   7.7745521e-01   4.8943753e-01   9.9917492e-02  -2.4339862e-01   1.7703868e-01   1.7218698e-01   1.8588016e-02  -3.5468912e-01
  -3.1361607e-02   4.2341880e-01   0.0000000e+00  -2.9963540e-01   3.1472252e-01   3.5418675e-01  -4.2001900e-02   1.3154009e-02   1.3385396e-01   4.0807108e-01  -5.4789922e-01   6.9021117e-01   3.4768603e-03  -5.1863782e-02  -5.1283445e-01   1.2027316e-01   8.7612167e-01  -4.8989350e-01   7.1659702e-02   5.3334308e-01  -5.2056491e-01  -1.8934876e-01  -2.6762351e-01  -2.3872816e-01  -5.9199959e-02   8.1096533e-02   3.7984916e-01  -1.3042711e-01   6.0842295e-02  -3.2071278e-01  -3.9867171e-01  -2.0269892e-01   1.2397468e-01   1.4512781e-01   1.4817141e-01  -1.1087943e-01   2.3439959e-02  -2.0392064e-01  -1.7699815e-01   7.2717689e-01  -3.5374846e-02   1.5935212e-01   3.5849126e-01  -2.4459300e-01   4.2280085e-02  -4.0342123e-02  -2.4607055e-01  -1.0616110e-01  -2.7255666e-01   6.6042640e-01  -3.3472018e-01  -1.7129693e-01  -4.4106277e-02   1.8877086e-01  -7.3734013e-02  -2.2255788e-01  -4.9438153e-02  -2.6350065e-01  -2.1205571e-01   4.8627311e-01  -3.3500826e-02   1.7483947e-01   4.7267455e-01  -4.1676739e-01  -3.0259313e-01  -4.4515646e-02   4.1711890e-01   1.0815756e-01  -2.3289358e-01   4.1294582e-01   3.6323509e-01  -2.5234641e-01  -7.5190675e-02   2.3382003e-01   2.7455861e-02  -1.1309278e-01  -7.7921740e-02  -8.8398958e-02   2.7959054e-01  -6.8400526e-02  -2.6651507e-01  -6.0080674e-02  -9.9380614e-02   2.5394866e-02   3.9214151e-01  -3.5470922e-01   1.6579195e-01  -9.6982818e-02   4.2399948e-01  -1.7579989e-01   3.2241376e-01   3.7110613e-01   5.5363517e-01  -2.1958683e-03  -1.3669044e-01   2.7276827e-01   2.0486257e-01  -2.4560301e-02   2.6564896e-01  -2.1337614e-01  -1.5704419e-01  -1.8373689e-01  -2.4926521e-01   3.6608958e-01  -3.5177757e-01  -1.0247604e-01   2.4300232e-01  -8.5269002e-02   8.5746294e-02  -1.4366298e-01   3.0523299e-01  -1.4401290e-01  -3.2430542e-02  -3.3795015e-03  -1.8035435e-01   3.1842269e-01  -1.1974954e-01   2.8300836e-02   3.9279015e-01  -8.7300815e-02  -1.1704772e-01   5.5205874e-01   5.7210895e-01  -3.1109324e-01  -2.8306643e-01   6.1889209e-02  -1.5576920e-01  -7.5497560e-02  -3.0050043e-01   6.1110800e-01  -1.0728970e-01  -4.6269931e-01   2.0918939e-01  -5.2445633e-01   7.5595454e-02  -1.2324856e-01   1.0557441e-01  -2.3445069e-01  -2.8297998e-01   5.0051912e-02  -6.4954468e-02   1.8292175e-01  -3.2070820e-01   4.9879220e-01  -3.9938288e-01  -6.1556832e-01   4.8007247e-01  -3.1430562e-01   1.4923723e-01  -4.5995117e-01   1.5751391e-01  -2.0198952e-01   4.9747499e-02  -3.5132858e-02   7.9799532e-01  -1.9921574e-01  -5.5747992e-02  -1.8949978e-01   2.0890344e-01  -2.5300615e-01   1.4565951e-01  -3.5985979e-01  -1.0011924e-01  -4.9021514e-01  -1.0483703e-01   1.6168636e-01   1.4091960e-01  -1.1325300e-02  -2.2977113e-02   2.3366175e-01   5.0660931e-01  -4.1798725e-03  -4.8669996e-01   5.9071707e-01   2.4820333e-01  -4.1076250e-02  -3.0946335e-01
   8.0466372e-02  -3.2864935e-01  -2.9963540e-01   0.0000000e+00  -1.1981040e-02   4.7474773e-02  -6.8492187e-02   2.8700253e-01  -1.5979591e-02  -2.4012362e-01   2.5616781e-01  -3.2057264e-01  -7.6947210e-02   2.5127129e-01   6.8418270e-02  -3.0649508e-02  -2.6346138e-01   3.2897283e-01  -8.5315919e-02  -1.2519819e-01   2.5034510e-01   3.7350745e-01   1.8552848e-01   2.8776085e-01   3.5373974e-01   2.9410124e-01  -2.1492858e-02   6.3558378e-03  -3.3882848e-01   2.5113206e-01   1.8016434e-02   5.3651195e-01  -1.6288622e-01  -2.8608173e-01  -9.8392306e-02   3.5174580e-01  -8.2631382e-02   1.5387954e-01   1.5909254e-01  -4.3863239e-01   1.6266484e-01  -2.3829985e-01  -2.6639066e-01   2.4836618e-01  -2.2172595e-01   1.5135769e-01   4.5224581e-01  -1.1127911e-01   1.5972499e-02  -3.1564845e-01   3.6722073e-01   3.6834586e-01  -2.4068138e-01  -6.0680505e-02   1.5212133e-01   2.3104547e-01   1.1119236e-01   4.8012936e-01   5.4457961e-01  -2.3367232e-01   9.0846089e-02  -1.4211520e-01  -2.2388674e-01   3.8348236e-01  -8.7476806e-02   1.7984388e-01  -7.7403682e-03   3.8073955e-01   4.6072271e-01   5.5341654e-03  -3.4766433e-01   4.9922484e-01  -9.6481445e-02  -1.6377844e-02   8.1880859e-02   4.6230876e-01   2.1720386e-01   3.5188736e-01  -2.7437099e-01   1.9607841e-01   1.5021029e-01  -2.0556817e-02  -1.6656518e-01   1.8554036e-01  -3.2708497e-01   5.1386512e-01  -1.6700582e-01   1.0725712e-01  -1.4848204e-01   7.1743164e-02  -1.4040348e-01  -2.1845176e-01  -2.7501161e-01   9.7837470e-02   8.7314661e-02   5.9530635e-03   3.6897657e-02   2.3874286e-01   4.9649334e-03  -4.4678642e-02  -9.8334152e-02   3.0737944e-01   3.4046518e-01  -1.8121453e-01   4.5928452e-01   5.6425407e-01   4.7286197e-02   3.9327811e-01  -1.1929649e-01   1.7553374e-01  -2.4528129e-01   2.7038981e-01   2.1149091e-01   4.7367758e-02  -1.8809150e-02  -2.3517355e-01   3.9034261e-01   4.4661828e-02  -1.8330768e-01   5.0361463e-01   2.7245202e-01  -2.3273787e-01  -2.5689417e-01  -2.5233525e-02   2.5495733e-01   1.6265519e-01   1.6046288e-01  -7.1333883e-02   4.9784825e-01  -2.1873683e-01   7.2542803e-02   3.7327063e-03  -1.5048432e-01   1.3208926e-01   2.2373278e-01   4.0938133e-01   1.4099454e-01   2.1905348e-02   5.1497215e-01   5.3994568e-02   9.2278310e-02  -3.8288122e-01   3.4487532e-01  -2.1534797e-01   2.5495579e-01   3.6076964e-01  -3.5742363e-01   2.9350547e-01   1.9517963e-01  -6.5634174e-02  -8.0079856e-02   2.3084107e-01   2.2822290e-01  -1.7732453e-01  -3.2744666e-01   1.7540455e-01   1.6989565e-01   5.4326142e-01  -1.8038903e-01   4.1300455e-01  -6.4891408e-02   3.4913917e-01   1.8567724e-01   4.9961779e-01   4.7502454e-01  -1.9294610e-01  -1.3265790e-01  -3.2543363e-03   1.5937309e-01  -1.6200428e-01  -2.3406365e-01   1.6865917e-01   2.9939217e-01  -1.7635865e-01  -1.8134799e-02  -1.2272671e-01   5.5683655e-01
  -6.0860090e-02   5.6020586e-01   3.1472252e-01  -1.1981040e-02   0.0000000e+00  -1.8499446e-01  -2.6532409e-01   3.5663482e-01   5.2025762e-01   2.2579321e-02  -1.3373918e-01   3.6543703e-01   7.5843623e-02   1.0855320e-01  -3.2462099e-01  -4.8840451e-02   3.8494118e-01  -3.7307358e-01   4.0900550e-02   7.2723083e-01  -4.0884786e-01  -3.9683115e-01  -5.2364507e-01   5.2749212e-02  -1.2165807e-01  -4.8101383e-02   4.4693248e-01  -3.6001301e-01   7.5228186e-02  -8.3639026e-02   1.3700716e-01  -3.9303042e-02   2.4092262e-01   5.9837022e-03  -2.2503936e-01   1.7343173e-01   1.0149954e-01   2.1035343e-01   2.8515325e-01   4.8896556e-01   2.7080166e-01   2.0359798e-01   1.9820651e-01  -1.9525906e-01   3.0914231e-01  -2.1600542e-01  -2.3138762e-01   1.4154050e-03   9.6364069e-02   5.4497013e-01  -5.1632925e-01   2.0655276e-01   2.2792815e-01   3.0796276e-01   3.8647033e-02  -5.0032410e-01  -4.1696186e-01  -3.2257745e-01   8.5735885e-02   1.0447300e-01   1.4770396e-01   2.3549281e-01   4.9322355e-01  -3.6419484e-01   3.4830083e-01  -3.3762058e-01   2.0173018e-01   4.5432073e-02  -3.5382049e-01  -3.3752123e-01   5.3897410e-01  -2.6549764e-01   1.2032300e-01  -4.0038439e-02   1.7078793e-01   1.8691660e-01   1.1390648e-01  -2.9611872e-01   5.3010641e-01   1.2470040e-01  -3.3877971e-01  -6.7495620e-02   7.6198350e-02  -1.7579977e-01   3.4055325e-01  -2.8882017e-02   3.4080395e-01   1.6505804e-01   5.4103903e-01   1.5406746e-01   8.3742030e-01   1.9023433e-01   3.7324378e-01   2.2375802e-01   2.2886312e-01   6.5624927e-01   2.5455162e-01  -1.7710822e-01   5.9063645e-01  -2.2849627e-01  -2.0908587e-02  -5.3344628e-01  -3.5046558e-02   3.3556884e-01  -4.3440603e-01   1.6458916e-01   4.5460711e-01  -3.3150856e-01   1.7957821e-02  -1.4792272e-01   2.3176970e-02  -3.9927048e-01   2.6197652e-01   1.7276866e-01  -1.1090140e-01   7.6625982e-01  -3.7903716e-01   1.0243357e-01   6.5599459e-02  -2.1579451e-02   3.0126464e-02   8.0550512e-01   4.0507419e-01   2.9847806e-01  -7.1167774e-02   1.6300545e-01  -2.3066061e-01   2.5972248e-01  -2.9925899e-01  -8.1228068e-02  -5.6124301e-02  -3.0201822e-01  -4.8462265e-02  -3.8636019e-01   2.0111260e-01   1.4179746e-01   1.0224574e-01  -2.6179692e-01   1.2936133e-03   1.1200848e-01  -7.8846101e-02   1.7938792e-01  -4.6975353e-01  -3.1445764e-02  -4.3981894e-01  -1.3524620e-01   2.2636265e-01  -2.4445038e-01  -2.5784382e-01  -1.9880947e-01   1.4916887e-01   1.4702367e-01   1.8303176e-01   5.3817745e-01   5.1129902e-01   4.0884889e-02   6.9244271e-02  -1.6175613e-02   2.6713189e-01  -1.0128296e-01   1.6079010e-01  -4.0076415e-02  -7.9498554e-02  -1.2908776e-01  -2.2518196e-01   3.9891522e-01   5.3284093e-02  -3.5580713e-01   1.2942534e-01   7.1028822e-01   5.3181437e-01   2.9585260e-01   1.0149673e-01   1.1581613e-01   1.8099767e-01  -1.0714462e-02  -1.0295177e-01
  -2.0573696e-01  -2.3387183e-01   3.5418675e-01   4.7474773e-02  -1.8499446e-01   0.0000000e+00   8.0887463e-02  -1.3035004e-01  -4.8684303e-01   5.2829891e-02  -2.1526424e-01   1.6129930e-01   3.7140839e-02  -4.2629480e-02  -2.5611027e-01   4.3318226e-01   3.2440594e-01   9.0323929e-02   2.8779476e-01   9.9932967e-02   1.4951000e-02   5.8220539e-01   2.7968936e-01  -3.4031540e-01  -5.6963255e-02   3.1893088e-01   3.2380124e-01   1.0274696e-01  -9.3061506e-02   1.9573378e-03  -6.0580751e-01   1.4299552e-01  -6.0936575e-02  -2.0148832e-01   5.9628046e-01   1.8908285e-01  -1.6260801e-01  -4.2115910e-01  -2.5613850e-02   7.9060483e-02   9.7524832e-02   3.1583615e-02   2.9795215e-02   1.2316763e-01  -1.2876098e-01  -2.5417968e-02   4.6255669e-01  -1.0848633e-01  -1.3149698e-01  -5.6707490e-02   2.7023478e-01  -2.3749787e-01  -5.9383025e-01  -9.4821106e-02   4.9103120e-02   4.1072160e-01   5.7243564e-01   3.6209966e-01  -1.2431454e-01   2.7296555e-01  -3.0060632e-01  -4.9650716e-02  -3.5686728e-01   1.1854732e-04  -6.5091170e-01   3.7759353e-01   6.6815336e-01  -9.3241749e-05   4.9981047e-01   6.5273044e-01  -3.1652984e-01   3.6980295e-01  -2.9550015e-02   6.1296009e-01  -2.9528533e-01  -1.0651040e-02  -2.5365699e-01   2.3014501e-01  -2.8962730e-01  -1.8749787e-01   2.4874284e-01   1.0455068e-01  -3.5985133e-01   2.6228215e-01  -7.8003167e-02  -6.3728029e-02  -1.1299852e-01  -1.7042202e-01  -2.5683960e-01  -2.7146551e-01  -3.0488380e-01  -5.2186540e-02   3.5801565e-03  -1.5844361e-01  -4.1634574e-01   1.4816098e-02   2.4695323e-01   3.4694344e-01   1.6440320e-02  -1.5832721e-01  -4.1749109e-01   4.5519525e-01   2.0284937e-01  -1.2230255e-01   3.7267265e-01   2.9825377e-02  -1.5413058e-01   4.5535057e-01   1.2650577e-01   4.8190901e-01  -1.0866225e-01   5.9117107e-01  -2.4076378e-02  -3.6279273e-01  -1.4615035e-01  -3.4839236e-01   4.0140633e-01   2.1774381e-01   2.9149827e-01   1.5024073e-01  -2.0655959e-01  -5.2439076e-02  -1.1563955e-01  -6.6177697e-01  -1.8052713e-01   4.6919792e-02   2.2379324e-01  -3.7731777e-01   2.4219112e-01   3.5538124e-01  -3.7153834e-02  -2.4737385e-01   4.9803395e-01  -1.2718181e-01   1.1097964e-02  -1.1012590e-02  -5.4102058e-02   1.0061721e-01  -1.1593529e-01  -1.9086395e-01  -1.2869550e-01  -9.9409204e-02   1.5094635e-01   5.9896079e-01   7.7922005e-02  -1.7322726e-01   4.2566763e-02   3.8652529e-01   6.2507016e-01  -5.2226790e-01  -5.5545348e-02  -7.4045664e-02  -3.4187861e-01  -5.1077566e-01   1.4673546e-01  -3.6733096e-01  -2.3660868e-01   2.1010074e-02  -2.0592322e-01   2.5825098e-01  -7.6928949e-02  -1.8582985e-01   9.2518913e-02   5.8137567e-02   4.3487339e-01  -1.4583099e-01   3.4308999e-02   6.2376043e-01  -2.8297611e-01  -3.3091136e-01   3.0207735e-02  -2.9416677e-01  -5.0687881e-02   6.8872609e-01   6.0333498e-02  -1.1160549e-01  -3.5670493e-02
  -2.8466052e-01  -5.1236732e-02  -4.2001900e-02  -6.8492187e-02  -2.6532409e-01   8.0887463e-02   0.0000000e+00  -4.7979452e-01  -1.8992613e-01   5.1526698e-01  -8.4432149e-02   3.0224467e-01  -1.2047872e-01  -1.9904559e-01   3.5386655e-01  -6.6385272e-02   3.6528873e-02   3.2390201e-01  -4.0144564e-01  -2.6053122e-02   5.2413297e-01  -3.0364210e-02   7.1424931e-01  -1.1033326e-01  -8.7453303e-02  -3.0079749e-01   1.1104858e-01   2.2029406e-01  -1.1871033e-01   1.6931048e-01  -2.7350358e-01  -2.1581281e-01  -4.4691765e-01   5.5603173e-01   2.3632421e-01   3.5840680e-01   1.7046028e-01  -3.1151974e-01  -5.1374757e-01   5.4577737e-02  -2.9345505e-01  -3.7801907e-01   1.1265681e-01  -2.1440288e-01   1.7306790e-01  -4.5508791e-02  -8.6452045e-02   5.2661432e-01  -1.2545216e-02  -2.4497405e-01   3.8385646e-01  -2.5423057e-01   1.6966708e-01  -1.9250513e-01  -3.0565334e-01   6.2412317e-02  -1.9717300e-01  -4.2119774e-02  -2.5411257e-01   4.4411783e-02  -3.0644919e-01   1.8382565e-01  -1.5033609e-01  -3.0483082e-01  -1.1839854e-01   3.5529602e-01  -2.7291051e-01   1.1090161e-01  -1.1405373e-01   3.1685325e-01   7.5903137e-02   1.3272587e-01  -4.2902869e-03  -1.2855857e-01  -4.2992393e-01  -1.3555353e-01  -3.7266600e-01  -5.2079631e-02   9.1361719e-02  -2.6903613e-01   3.0176605e-01   2.0943807e-01   8.8130720e-02  -2.1735402e-01  -3.1748338e-01  -3.1647027e-02  -3.3995993e-01  -3.1618888e-01  -3.2244016e-01  -3.5209016e-01  -3.4604276e-01  -5.8422702e-01   3.0871350e-01  -2.7767174e-01  -2.3123888e-01  -3.5355365e-02  -2.4579458e-01  -3.0175632e-01  -7.3713489e-02   7.9727556e-01  -1.6736039e-01   2.3282934e-02  -1.3418928e-01  -1.0377873e-01   1.3016495e-01  -2.1590508e-01  -2.5336629e-01  -1.1506120e-01   4.2822247e-01   1.5126884e-01   4.8532739e-01   1.6488140e-01   2.4239246e-02  -3.3698597e-01   2.2811633e-01  -3.0020805e-01   1.5993758e-02  -1.0640701e-01  -2.1225168e-01  -1.1867885e-01  -3.2625383e-02  -3.5848693e-01  -2.2257676e-01  -1.7112126e-01  -1.3979599e-01  -2.8794777e-01   4.6510539e-01  -2.3502123e-01   3.8272536e-02   2.1373574e-01  -1.1076159e-01   4.7753675e-01  -2.4493965e-01   1.0781583e-01  -1.2162985e-01  -2.3076375e-01  -2.1329833e-01  -2.5499463e-02  -2.3019636e-01  -3.7022234e-01  -1.1404532e-01  -1.0423068e-01   2.7285770e-02  -8.6700072e-02   4.6601388e-01  -1.8605840e-02   5.4459089e-01   1.0567510e-01   2.4627258e-01   3.5627913e-01  -2.7319404e-01  -1.2688534e-01  -2.5377448e-01  -1.0035876e-01  -2.5999996e-01  -2.7397772e-01  -1.7774565e-01  -7.0600763e-02  -5.4780304e-01  -2.7536837e-04  -2.6926258e-02  -2.9547079e-01   3.3103988e-01  -1.9476602e-01  -1.4290501e-01   2.8165121e-01   2.1818821e-01  -1.2674460e-01  -3.9940784e-02  -2.1665639e-01   4.1971616e-02  -3.0387347e-01  -6.8638470e-02  -2.7941967e-01  -1.6247102e-01  -1.0167379e-01  -2.0794673e-01
   1.6976862e-01   1.9525580e-01   1.3154009e-02   2.8700253e-01   3.5663482e-01  -1.3035004e-01  -4.7979452e-01   0.0000000e+00   3.3045943e-01  -2.8674655e-01   2.5829553e-01   3.5490564e-03  -1.2442675e-01   1.8040448e-01  -4.5509784e-02  -4.4137779e-02  -6.7622736e-02  -4.2388536e-02   1.4214512e-01   1.7185136e-01  -3.3152556e-01  -1.6287260e-01  -5.0537606e-01   2.0781067e-01   1.2225117e-01   5.2023868e-01   1.1713192e-01  -1.3315903e-01   3.7325628e-02   4.4587742e-02   1.5781832e-01   3.0228649e-01   2.3907808e-01  -1.0654282e-01  -3.6485160e-01   1.1293882e-02  -1.7520924e-02   3.5582962e-01   2.6196719e-01  -2.6724872e-02   1.6671470e-01   1.4522816e-01   3.9198049e-02   1.9073552e-01   1.0582404e-01   1.2268193e-01   6.8682801e-02  -2.6128151e-01  -1.6212238e-01   1.1868445e-01  -1.1480820e-01   7.0570101e-01  -6.4991099e-03   2.0356704e-01   1.2251825e-01  -1.1383046e-01   4.8090749e-02  -4.2669852e-02   4.6291616e-01   5.6561133e-02   3.0567115e-01   6.8168616e-03   2.3166053e-01   2.6744398e-01   1.9523007e-01  -1.4460576e-01   2.1601022e-01  -1.4453473e-02   1.0877641e-01  -2.2146043e-01   1.2524418e-01  -8.0941601e-02  -7.0130719e-03  -5.6026749e-02   3.4017258e-01   1.7328120e-01   3.8188113e-01   1.8182148e-01   1.2566510e-01   2.5409672e-01  -2.8170344e-01  -8.5961620e-02  -2.1307229e-02   4.0889704e-01   5.0667940e-02   1.4681468e-01   1.0804413e-01   1.3254579e-01   3.5098507e-01   1.9307189e-01   3.0259995e-01   2.3357466e-01   1.3494255e-02   4.1630099e-01   3.1270474e-01   1.7739559e-01   1.7426777e-01   2.8954102e-01   2.4467729e-01  -3.7919356e-01  -9.8073138e-03   1.3219746e-01  -7.8800324e-03   1.7191409e-01  -3.1760016e-02   3.8653874e-01   2.7398908e-01   2.0686978e-01  -2.2959845e-01  -9.8038297e-02  -9.1549951e-02  -2.6679296e-01   1.2582358e-01   2.9700629e-01  -1.4372226e-01   3.1179841e-01   9.4850007e-02  -1.5112728e-03  -8.5450918e-02   1.4314801e-01   1.0105398e-01   3.3928871e-01   1.4371958e-01   2.4053457e-01   3.9319107e-01   3.0684167e-01  -1.1399849e-01   2.3974462e-01   7.4959050e-02  -3.0968515e-01  -1.1927599e-01  -1.4326318e-01  -1.7786886e-01  -2.7615577e-01   2.2325999e-01   4.7702109e-01   1.3906146e-01  -2.1972554e-01   4.2765067e-01   3.5399899e-01   1.2874876e-02  -1.7461310e-01   1.0267686e-01  -2.0281876e-01  -2.9548967e-01  -5.3880399e-02  -2.6105959e-01  -6.0322261e-02  -1.5036566e-01  -2.3022055e-01   1.6607608e-01   1.7485957e-01   2.4812379e-01   1.7815160e-01   1.0099749e-01   2.0173156e-01   1.7698136e-01   2.5346563e-01   1.8181447e-01   3.3798553e-02   4.3585626e-02   3.8432711e-01  -1.2359047e-01   2.5960901e-01   2.4203496e-01   5.6903075e-02   1.5754077e-01  -1.9036691e-01   1.7022247e-01   3.2349930e-01   1.9343828e-01   2.9974896e-01   2.5049351e-01  -3.5455465e-02   8.9762638e-02   5.4199551e-02   3.9769952e-01
   2.2266298e-01   6.6463717e-01   1.3385396e-01  -1.5979591e-02   5.2025762e-01  -4.8684303e-01  -1.8992613e-01   3.3045943e-01   0.0000000e+00  -4.6430423e-02  -9.9697509e-03   1.6469628e-01  -1.8808518e-01   1.7129118e-01  -3.0183340e-01  -3.7179699e-01   1.3252520e-01  -4.1165814e-01  -5.5046503e-03   2.4328809e-01  -4.1897040e-01  -6.7948888e-01  -5.7852382e-01   2.5337008e-01   4.5603249e-02  -3.6229538e-02   6.0086275e-02  -2.5883208e-01   1.6169287e-02   1.1803120e-01   3.4938998e-01  -2.6603152e-01   1.4977141e-01   3.0668380e-02  -5.0670514e-01  -1.0494790e-01   3.0635712e-01   3.5992278e-01   1.5572025e-02   2.8466201e-01   2.3684261e-02  -2.5333847e-02   1.4856922e-01  -3.2181091e-01   1.3513264e-02  -3.3652748e-02  -4.9525202e-01   8.4948712e-02  -1.2646731e-01   3.8910593e-01  -5.9464720e-01   2.9014374e-01   5.9875565e-01   1.5957041e-01  -1.4393939e-01  -5.6470371e-01  -3.9765317e-01  -5.1458361e-01   7.7993058e-02  -1.1537654e-02   2.8793959e-01  -6.3758409e-02   7.1343861e-01  -2.2828763e-01   5.1357440e-01  -4.0389636e-01  -5.9501701e-02   1.2316121e-01  -5.3971377e-01  -3.7624686e-01   5.5097662e-01  -4.5534957e-01   8.7554527e-02  -3.6494493e-01   2.0205131e-01  -2.8342502e-02   2.2205993e-01  -2.0692735e-01   3.9812977e-01   5.1850512e-02  -4.7108811e-01  -2.6523788e-01   2.3550097e-01  -1.3743144e-01   3.0792633e-01  -2.1599151e-01   1.8154817e-01   1.0989982e-01   4.6098046e-01   2.3766668e-01   5.6121840e-01   1.8912559e-01   1.5022508e-01   2.7702771e-01   4.7029159e-01   2.4354793e-01  -6.4016762e-02  -1.1931851e-01   1.1944300e-01  -1.9666199e-01   1.5620185e-01  -6.4159507e-01  -3.6819039e-01   5.7711457e-01  -6.0271857e-01  -2.8562512e-03   3.9405906e-01  -4.0972998e-01  -1.8839759e-01  -4.2084845e-01   5.3282192e-02  -6.8704510e-01  -1.2310090e-02   4.4105425e-01  -8.1623280e-02   7.0355649e-01  -3.5780923e-01  -3.3852536e-02  -1.4496050e-02  -1.6856223e-01   1.3512326e-01   4.5803682e-01   2.8626749e-01   5.7265335e-01   1.3023580e-01   1.1475788e-01  -4.3930561e-01   2.8381959e-01  -4.1296529e-01  -9.8366134e-02  -1.1084650e-01  -1.3554971e-01  -2.3586457e-01  -3.8351107e-01   2.6265128e-02   4.8251128e-02   5.3497644e-02  -2.9382810e-01   1.7081020e-02   3.0099424e-01   1.4639542e-01   1.7598006e-02  -4.1670333e-01  -2.0412228e-01  -5.9341678e-01  -2.3109853e-01   1.8325972e-01  -3.7478675e-01  -4.3797019e-01   6.6010187e-02   9.5434294e-02   1.7629745e-02   4.0212412e-01   6.9636117e-01   3.7596333e-01   1.3401063e-01   2.5575834e-01  -1.2262705e-01   3.4159607e-01  -3.5772070e-01   1.1228867e-01   1.8307471e-01  -4.2883481e-02  -2.0596014e-01  -3.7146059e-01   2.2416156e-01   3.5531173e-02  -4.9115158e-01   3.1503010e-01   5.2563676e-01   2.5927504e-01   3.0438269e-01   4.5201980e-02  -4.6002293e-02   9.1712382e-02  -3.1578822e-02  -5.9625600e-02
  -5.4869053e-02   1.4532236e-01   4.0807108e-01  -2.4012362e-01   2.2579321e-02   5.2829891e-02   5.1526698e-01  -2.8674655e-01  -4.6430423e-02   0.0000000e+00  -3.3874313e-01   5.9206981e-01   2.0444588e-01  -5.5424847e-02   5.2261623e-03   4.0215820e-02   3.0088790e-01  -6.9350248e-02  -3.5762294e-01   3.6227487e-01   8.8442211e-02  -2.4035797e-01   3.7785620e-01  -5.4474226e-02  -2.1125699e-01  -2.7959831e-01   1.6188505e-01  -7.5657132e-03  -3.6628765e-02  -6.1788160e-02  -4.4118000e-01  -2.2721577e-01  -3.9526038e-01   5.9444873e-01   2.0736189e-01   2.8536496e-01   2.3036883e-01  -2.5239142e-01  -4.9198298e-01   2.9850486e-01   3.6131850e-02  -1.4732141e-01   4.4492301e-01  -4.2104407e-01   3.5539038e-01  -3.1738299e-02  -1.1121309e-01   1.4486149e-01  -1.4958817e-01   8.7281753e-02   1.3062035e-01  -2.2113545e-01   1.0031052e-01   2.7822612e-02  -1.8526072e-01  -2.1607676e-01  -2.6861327e-01  -7.6382626e-02  -2.3234536e-01   4.0580635e-01  -7.5153650e-02   4.0522160e-01   2.2817309e-01  -4.9473245e-01  -1.8106466e-01   4.5407800e-01  -2.6370994e-01   9.0314055e-02  -1.8698751e-01   2.5780381e-01   1.3307183e-01  -4.8048137e-02   8.7538222e-02  -3.7823051e-02  -1.5347601e-01  -1.7053884e-01  -2.3096473e-01  -1.8723218e-01   2.4003667e-01  -6.1007575e-02  -1.7711577e-01   2.0328196e-01  -2.9701567e-01  -2.8789410e-01  -2.3555155e-01  -1.9111754e-01  -7.8854753e-02  -1.2670541e-01  -1.5546986e-02  -3.4044763e-01   2.2976488e-02  -2.4320883e-01   5.0870587e-01   5.1264596e-02  -1.2661910e-01   1.4004649e-01   7.1297701e-02  -3.4624937e-01   9.7811395e-02   5.8959799e-01  -3.7484153e-01  -1.4471941e-01  -3.8614326e-01   8.7265132e-02  -2.6885800e-02  -1.8625292e-01  -7.3442352e-02  -1.6329047e-01   4.0487272e-01  -8.8345846e-02   3.7431390e-01  -3.2096418e-02   1.2763458e-01  -9.9597896e-02  -1.9210684e-01  -3.6459621e-02  -1.6867917e-01   1.0681928e-01  -1.9005846e-01  -4.3867714e-02   8.8537972e-02   1.2043206e-01   1.9623529e-01  -2.7409107e-01  -2.3780028e-01  -6.4345040e-02   2.8667836e-01  -1.6015410e-01   2.9113830e-03   1.9091051e-01  -2.1249683e-01   4.2326628e-02  -2.1031230e-01  -2.4127580e-01   5.6729496e-02  -1.6472396e-01  -6.3572744e-02  -3.4915054e-01  -2.2030690e-01  -2.2014842e-01   4.2210900e-02   1.0810125e-01   2.9318332e-03  -5.2859012e-02   1.1848652e-01  -3.3201147e-01   4.4151966e-01   3.9510821e-02   3.7491809e-01   7.1620056e-02  -3.3597197e-01  -3.8019271e-01   1.2085506e-01  -9.5321832e-02   1.3919253e-01  -9.1559822e-02   1.3330669e-03  -1.8095356e-02  -2.0198539e-01  -2.5614497e-01   2.9577890e-01  -3.4093031e-01   2.6720723e-01  -2.8071901e-01  -2.2204729e-01   3.5396317e-01   2.1420250e-01  -1.7244102e-01   2.5123519e-01  -5.8686589e-02   4.9016860e-01  -1.2669434e-03  -2.1863014e-01  -2.5251958e-02  -1.7724199e-02   6.3995730e-02  -3.1564514e-01
   6.3126716e-02  -2.5097528e-01  -5.4789922e-01   2.5616781e-01  -1.3373918e-01  -2.1526424e-01  -8.4432149e-02   2.5829553e-01  -9.9697509e-03  -3.3874313e-01   0.0000000e+00  -3.4235366e-01   1.8867819e-02   1.5289945e-01   4.3220861e-01   4.8272888e-02  -5.2925579e-01   5.9486243e-01  -1.2253223e-01  -2.8853712e-01   3.2915171e-01   2.3497684e-02   5.3291897e-02   3.3466106e-01   1.3953824e-01   1.7791551e-01  -1.0999531e-01  -1.2988027e-01  -1.3360827e-01   4.0720563e-01   3.1653210e-01   2.4927491e-01   3.3017806e-02  -3.0281815e-02  -1.8633839e-01   2.8346567e-01  -9.6460504e-02   3.3235763e-01   1.9557722e-01  -5.2457398e-01   2.6114631e-02  -6.7882243e-02  -1.5434234e-01   3.3246529e-01   8.0135771e-02   1.1845680e-01   4.2173002e-01  -3.1952240e-02  -1.0732001e-01  -4.4805552e-01   4.1058828e-01   4.3432414e-01   5.0064129e-02  -9.0783045e-02  -7.0795342e-02   2.5302974e-01  -9.0991752e-02   1.2272313e-01   3.8681962e-01  -1.3363436e-01   2.0782991e-01  -1.9735981e-01  -1.6424594e-01   5.2542974e-01   2.0260439e-01   2.3736200e-01  -2.2413770e-01  -3.1073093e-02   3.0370835e-01  -2.5715810e-01  -2.7625559e-01   2.2160279e-01   1.1906632e-01  -3.1961547e-01   2.0090981e-02   9.3643584e-02   1.8233446e-01   1.5583376e-01  -2.5778252e-01  -1.0020506e-01  -2.7060186e-04   1.7180075e-01   1.6266590e-01   2.0183474e-01  -3.8401931e-01   1.9134132e-01  -1.6065729e-01   5.1594654e-02  -2.4235250e-01   1.1800153e-01  -2.0678643e-01  -1.2833845e-01  -2.7950763e-01   2.6691928e-01   2.8077331e-01  -5.7099665e-02  -2.0456097e-01   1.7476441e-01  -1.5403625e-01   2.3852796e-02   1.6772822e-03   2.8694681e-01   6.4371241e-02  -1.6392048e-02   3.1948039e-01   1.8343489e-01   6.6530354e-02   2.2110398e-01  -1.6440689e-01   3.4903519e-01  -1.4090541e-01   3.7511228e-02   1.6243098e-02   7.5880574e-02  -6.1061777e-02  -2.3217641e-01   3.0210598e-01   1.5018856e-01  -3.3355798e-01   9.9670460e-02   3.9395361e-02  -2.9858132e-01  -4.3002040e-01   2.3758122e-01   2.4761538e-01   5.0464798e-02   1.9221981e-01   2.7328564e-02   2.8830289e-01  -4.0923369e-01   1.2521786e-01   2.8406808e-01  -3.0894453e-01   3.2398081e-01  -5.8312787e-02   1.9855686e-01  -2.3856303e-01  -8.4236026e-02   3.1781890e-01   2.2334651e-01   1.1189857e-01  -2.3527042e-01   5.4620503e-01  -4.5001360e-01   1.0407077e-01   2.8233064e-01  -4.1169423e-01   4.1969653e-01   2.3884901e-02   1.2717569e-01  -1.6248188e-01   1.0574709e-01   1.4947663e-01   7.2977543e-02  -5.5324878e-01   2.7470440e-01   1.8977091e-01   2.7687447e-01  -1.0750441e-01   8.0471164e-02  -9.3339822e-02   7.3684130e-01   2.8880796e-01   5.5354889e-01   1.7681462e-01  -1.9614847e-01   2.1756610e-01  -1.1359084e-01   1.1423336e-01  -1.6070617e-01  -1.9306376e-01   2.5110793e-01   4.9765556e-01  -4.3111178e-01  -1.7960180e-01  -2.0290859e-02   4.4002542e-01
  -1.7329507e-01   6.2134860e-01   6.9021117e-01  -3.2057264e-01   3.6543703e-01   1.6129930e-01   3.0224467e-01   3.5490564e-03   1.6469628e-01   5.9206981e-01  -3.4235366e-01   0.0000000e+00  -1.2580476e-01  -1.5704357e-01  -2.1717896e-01   5.4442534e-02   6.0283790e-01  -3.2374296e-01  -1.4551127e-01   5.5300501e-01  -3.2602505e-01  -3.9759699e-01  -1.0562412e-01  -4.7360765e-02  -8.8970791e-02  -1.5346493e-01   3.8697314e-01  -2.0492007e-01   1.0582013e-01  -1.1787524e-01  -4.3592150e-01  -1.4471553e-01  -6.7815790e-02   5.6881845e-01   1.9481850e-01   3.5115557e-02   1.6477949e-01  -2.0414912e-01  -3.2390007e-01   7.2171893e-01  -1.5219027e-01  -5.1099263e-02   4.7741893e-01  -4.4070699e-01   4.9401443e-01  -5.9764823e-02  -2.7422500e-01   1.3016194e-01  -2.1333881e-01   5.3651677e-01  -1.7259954e-01  -1.4442687e-01   1.9547932e-01   1.6531257e-01  -2.2421343e-01  -3.6369419e-01  -2.9047306e-01  -2.8771231e-01  -2.3779022e-01   6.1158742e-01  -5.1351987e-02   3.6412016e-01   4.7513145e-01  -6.3014689e-01  -2.9826836e-02   9.3224684e-02   1.6415859e-01   1.3393905e-01  -3.6140831e-01   1.7737136e-01   5.5900394e-01  -2.0640952e-01  -5.6734843e-02   1.0391165e-01   1.0844505e-02  -6.5537915e-02  -1.3732074e-01  -2.0199467e-01   5.0451660e-01  -1.0767688e-01  -3.4252231e-01  -3.1900465e-02   2.5391044e-02  -2.1112734e-01   2.1647357e-01  -2.2534639e-01   6.7564123e-03  -1.1417896e-01   4.1857878e-01  -2.6297165e-01   3.4895284e-01   1.0654926e-01   8.2882376e-01   2.2394045e-01  -1.0484448e-01   2.8192810e-01   1.4284829e-01  -2.8254482e-01   3.3752692e-01   1.6543009e-01  -3.5531935e-01  -2.5157628e-01  -4.3822294e-01   3.7312711e-01  -2.3813048e-01  -3.2835070e-02   2.7854904e-01  -2.5133425e-01   3.0829924e-01  -1.1493859e-01   5.9847292e-01  -1.9111079e-01   9.3574086e-02  -7.6892744e-02  -2.3497869e-01   4.0183990e-01  -1.9733139e-01  -5.1512470e-02  -3.5478555e-02  -1.6237732e-01  -3.3953186e-02   5.5873486e-01   6.0422011e-01  -1.6268808e-01  -2.5101773e-01   4.0214711e-02   1.0566851e-01   7.3723932e-03  -2.3015882e-01   2.6490363e-01  -1.9312254e-01  -1.3868252e-01  -6.8730862e-02  -5.8227678e-01   1.8206654e-01  -3.5529837e-02   6.3948238e-03  -4.4731113e-01  -2.0090002e-01  -5.0798361e-02  -1.2768882e-02   1.9584031e-01  -2.2460806e-01   1.4865099e-01  -2.1665772e-01  -5.9433997e-01   7.3309937e-01  -2.1318076e-01   1.6444143e-01  -2.5941966e-01  -4.3566645e-02  -3.4060552e-01   8.3073253e-02   1.8874139e-01   5.3659513e-01  -1.2643078e-01  -2.4538551e-02  -1.7529978e-01  -1.0032850e-02  -3.4527742e-01   2.3183055e-01  -3.3227507e-01  -5.0157391e-02  -4.3043972e-01  -2.9929617e-01   5.4160982e-01   4.1814385e-01  -2.9774552e-01   1.0942725e-01   3.8130917e-01   7.2109367e-01   2.4582385e-02  -3.0011787e-01   2.1472113e-01   1.5242205e-01  -5.2901340e-02  -3.3589127e-01
   1.8940251e-01  -2.4867593e-01   3.4768603e-03  -7.6947210e-02   7.5843623e-02   3.7140839e-02  -1.2047872e-01  -1.2442675e-01  -1.8808518e-01   2.0444588e-01   1.8867819e-02  -1.2580476e-01   0.0000000e+00   1.8238222e-01  -3.3645248e-02   9.1149290e-02  -1.0635325e-01   5.3564677e-02  -6.6975427e-02   2.0157094e-01  -5.4610311e-03   1.0474001e-01   6.9283901e-02  -1.5724674e-02  -2.5792089e-01  -6.2823913e-02  -1.3994597e-01  -8.9779791e-02  -1.8317395e-01  -7.0203426e-02  -9.4964581e-02  -3.9423140e-02  -2.1377259e-01  -1.1306015e-01   2.1826359e-03   1.4560410e-01  -1.1767918e-01   1.9485417e-03   2.0070125e-01  -1.6786611e-01   5.9558249e-01   8.1476543e-02   2.6645037e-01   6.1818084e-02   8.8431610e-02   3.0832479e-02   1.8186846e-01  -2.2073135e-01   1.1945255e-03  -1.9538122e-01   7.5333486e-02  -4.6959972e-02  -1.5912787e-01   2.3686803e-01   1.7991014e-01   9.4910113e-02  -3.6974317e-02   1.6542730e-01   8.5428059e-02   1.1921316e-01   1.3328718e-01   2.3670761e-01  -1.0927452e-01   4.7735997e-02  -1.8198322e-01   2.1371649e-01  -1.4410387e-01  -4.1325968e-01   1.9814490e-01   1.5557211e-02  -2.6859563e-01  -5.9480387e-02   4.4932517e-01   2.1135599e-02  -2.0894839e-01   5.7550792e-02   4.2083964e-02  -8.2915450e-02  -4.1271411e-02   2.9580572e-01  -8.0530443e-02   4.2850359e-01  -2.7459884e-01  -1.3245297e-01  -1.6918662e-01  -4.1021503e-03   2.0400262e-01   4.5845465e-02  -1.5651010e-01   9.6108277e-02   4.2202751e-02  -9.9310384e-02  -5.4749758e-02   5.6461948e-02  -2.9351461e-02   1.9799852e-01   2.4305430e-01  -5.9271070e-02   1.5819608e-01   3.3950612e-02  -1.4990047e-01   1.9687537e-02   7.1798035e-02  -1.1852072e-01   5.7233517e-02  -2.6680694e-02  -4.8806843e-02   1.0579243e-01   5.6435631e-02   1.6907360e-01  -2.9234262e-01   1.5984735e-01   1.5368763e-01   1.2761515e-01  -1.8582803e-01  -1.4435916e-01  -1.5025201e-02   4.3325301e-01  -5.0197539e-02   6.2266140e-02   6.3336017e-02   5.1011499e-02  -2.1970675e-01  -2.1938685e-01   2.9366042e-02   1.1227662e-01   5.4704343e-02   3.1402786e-02   2.0914807e-01  -7.3425157e-02   8.1721859e-02  -2.5580699e-01   9.0188799e-02   1.1227872e-02   1.8315376e-01  -6.8154534e-02   3.5793615e-02  -2.0809883e-02   4.0527265e-02  -1.4165520e-01  -1.3436964e-02   3.5136621e-01   1.6678069e-01  -3.1553598e-02   2.5052880e-02   6.3355831e-02  -2.6035770e-01   1.7329612e-01   2.1193193e-01  -1.1787222e-01  -1.8356662e-01  -4.8137646e-02   4.1580779e-02  -1.9357305e-01  -7.3566908e-02   1.0157541e-01   6.2153299e-03   2.1424437e-01   1.2091396e-01   8.6993478e-02   7.3623187e-03   9.7663939e-05   7.1005535e-02   1.2429908e-01   8.0560232e-02  -1.1322767e-01  -1.3685556e-02   1.1515791e-01   1.5787374e-01  -1.7895627e-01   9.5341173e-02   1.8717854e-01   4.8411868e-02   1.5813313e-02   6.8979627e-02   3.9842416e-02  -3.7778440e-02
   5.5125401e-01  -6.3085352e-02  -5.1863782e-02   2.5127129e-01   1.0855320e-01  -4.2629480e-02  -1.9904559e-01   1.8040448e-01   1.7129118e-01  -5.5424847e-02   1.5289945e-01  -1.5704357e-01   1.8238222e-01   0.0000000e+00  -2.4919894e-01  -1.0347814e-01  -1.1910464e-01   5.3046509e-02  -2.7437362e-02  -6.3783535e-02  -8.6117620e-02   7.3276107e-02  -8.0110095e-02   6.0518753e-01  -1.3853435e-02   9.3549379e-02  -1.2296503e-01  -3.4142558e-01  -2.4072011e-01   2.0528845e-01  -1.7787191e-01   3.4225940e-01  -1.2618101e-01  -2.1165744e-01  -2.1706897e-01   1.1506947e-01   3.8078500e-02   5.1449473e-01   9.7372700e-02  -2.2739501e-01   3.0738870e-01  -5.5432046e-02   8.5587632e-02  -2.6135730e-02  -6.1076328e-02   1.8799469e-01   3.3114370e-01  -2.2049627e-01  -3.3324732e-01  -1.8437053e-01   7.0347082e-02   3.6137714e-01  -1.6886466e-01   2.4549260e-02   2.9936329e-01  -3.7482085e-02  -9.4231334e-02   2.8133086e-01   2.9938579e-01   1.6854362e-01   4.4348513e-01  -1.4992268e-01   4.5807022e-02   3.8728446e-03  -7.3457452e-02   1.9955050e-01  -1.5807926e-01  -6.2336320e-02   2.3826496e-01  -6.6766015e-02  -1.6276072e-01   1.0725871e-01   2.6369758e-01  -1.0972004e-01  -1.6460741e-01   2.7829774e-01   4.5008894e-01   1.0863506e-01  -2.9923619e-01   2.0519286e-01  -2.7926078e-01   1.8752281e-01  -3.2610022e-01   1.0596642e-01  -2.2450140e-01   1.6281548e-01   9.8722399e-03   5.3179992e-01  -3.7255011e-02   2.9925087e-01   7.3479012e-03   5.8850436e-02  -1.9661226e-01   4.5211281e-01   6.2029304e-01   8.9246079e-02   1.4938156e-02   5.4282353e-03   8.0658468e-02  -1.0577134e-01  -2.9708956e-01   1.6929429e-02   6.4387711e-02   1.7098001e-01   2.3142633e-01   3.8448857e-01   2.3452856e-01   1.1827958e-01  -2.3528137e-01   1.8114712e-01  -2.5772952e-01   1.3235006e-01   1.7222285e-01   5.1013105e-01  -3.5178634e-01  -8.9647235e-03   1.7821492e-01   4.1512801e-01  -2.4291410e-01   3.5498410e-01   5.1104304e-01  -2.6727782e-02  -9.3292469e-02  -1.0199257e-01   3.0794174e-01   6.4710654e-01  -4.2207686e-02  -4.9223516e-02   3.3544494e-01  -3.2397695e-01  -2.0879464e-01  -3.4251326e-01  -3.2608661e-02  -2.6852349e-01   2.4830826e-01   3.0060566e-01  -2.7975908e-02  -3.1031065e-01   3.7418204e-01   4.2274787e-01   5.6289511e-01   1.0812896e-01   2.1839809e-01  -2.6226148e-01  -2.1653805e-01  -1.5022422e-02  -3.3408564e-01   3.5882175e-01   2.0555014e-01  -2.8866854e-01  -2.0083549e-01   4.9425795e-02   5.8665797e-01   4.0879935e-03  -1.6679199e-01   3.3259205e-01   6.8346881e-01   2.8060327e-01   3.2470793e-01   1.3484654e-01   3.7452225e-02   2.8784985e-01   2.3353138e-01   2.0862744e-01   2.8303965e-01  -2.3076150e-01   4.9956143e-02  -4.2883289e-02   7.2042349e-01  -1.5370637e-02   4.6774098e-02   5.5567154e-01   1.6902059e-01  -7.9330369e-02   4.2432362e-02   4.1565284e-02   3.1978374e-01
