   0.0000000e+00  -1.7327422e-01   2.6676109e-02  -1.5743103e-01  -1.3655555e-01  -4.2916901e-01  -4.3224919e-01   5.3627398e-01  -1.1637340e-01  -5.1935330e-01  -4.1061520e-01  -1.8986375e-01   2.7917081e-02   6.0822000e-01  -2.5386829e-01  -4.7482237e-01   2.3090280e-01  -4.2096428e-01   2.0176774e-01  -2.4933485e-01  -5.2428842e-01   6.2673853e-02  -4.0314649e-01   7.2701334e-01   2.2645586e-01   4.2921225e-01  -2.6550329e-01   7.6882941e-02  -4.8476450e-02   2.0575888e-02  -2.6588363e-02   6.5350032e-02   5.6411498e-02  -4.8820552e-01  -2.4938804e-01  -3.6476448e-01   2.1350277e-01   5.8188071e-01  -4.3958572e-01  -2.3560309e-01  -7.0378945e-02  -9.0410358e-02  -2.5388460e-02   1.7296418e-01  -5.9558236e-02   6.3196648e-01  -4.0694387e-01  -3.6977945e-01   9.2276000e-03   3.6381159e-02  -3.2293727e-01   5.4015741e-01  -3.2727559e-01   1.8813884e-01   3.5452123e-01  -3.4390360e-01  -7.5543093e-02   1.8431056e-01  -1.0514599e-01   1.9472100e-01   6.5857575e-01  -5.5708757e-03  -4.2071858e-02  -3.2030720e-03   1.0243915e-01  -5.8103555e-01  -2.6217857e-01   9.9151441e-02  -2.7246048e-01   2.3624249e-01  -3.1773125e-01  -9.0350491e-02  -3.4413376e-01   6.3134579e-01   1.3518297e-01   4.2899281e-01   5.8838188e-01  -7.2884061e-02  -2.5799219e-01   2.0162365e-01  -7.0197529e-02  -3.1542616e-01  -3.0878643e-01   3.6592353e-01   6.1339394e-01   3.7517090e-01  -2.0467127e-01   5.4355175e-01   2.2882091e-01   8.2976274e-01   7.5213931e-02   5.4502819e-01  -3.8722444e-01   5.1185302e-02   4.0628718e-01   7.5371258e-03   4.4442804e-02   1.4999349e-01   3.1061300e-02  -2.3455083e-01   5.8196219e-01  -3.8310944e-01  -1.9451348e-01   1.9056999e-01  -9.4837194e-02   1.1236803e-01   1.8484943e-01   4.5210826e-02   2.3837519e-01  -4.9594281e-01  -4.3054697e-01   7.1255477e-02   1.4198191e-01   7.8960141e-01   8.0305034e-03   2.4433631e-02  -1.0590831e-01  -1.7876843e-01   7.3240593e-02  -1.1903878e-01   4.7686974e-01   1.8998783e-02  -1.7170199e-01  -1.3107739e-01   6.9841100e-01   7.5940120e-02  -1.5446474e-01   9.5582410e-03  -4.6707913e-03  -1.6138069e-01  -4.0785113e-01  -5.5259201e-01   7.8320784e-01  -2.6463477e-01   1.6497999e-01   5.0003218e-01   1.2855468e-03  -2.7965846e-01   5.2750963e-01   6.9210811e-01   7.3764714e-01   2.4193835e-01  -1.8061778e-01  -1.3461562e-01  -2.3820960e-01  -2.9341149e-01  -4.2904276e-01  -2.7720648e-01  -3.4638761e-01  -4.0499646e-01   1.5266944e-01  -9.6020115e-02   5.2789367e-01  -3.5791477e-01  -1.2330853e-01   7.5283531e-01   4.3715916e-01  -1.1579923e-01   5.5644115e-01   1.1259562e-01  -1.4412502e-01  -1.4181935e-01  -4.1368985e-01  -8.0065292e-02   2.9484715e-01  -2.7537256e-01  -3.1016324e-01   9.7964220e-02   6.6930375e-01  -3.8418867e-01  -2.3274113e-01   5.6386377e-01  -1.2369616e-01  -1.4909563e-01   1.4477672e-01   1.5599941e-01   6.9644552e-02
  -1.7327422e-01   0.0000000e+00   1.8686566e-01   9.9945737e-02  -7.8375011e-03  -1.6496844e-01  -1.1939068e-01  -1.0060470e-01   2.2214330e-01  -1.4155924e-01  -2.4162239e-02   2.1271108e-01  -9.8636561e-02   4.7618763e-02   6.2621794e-02  -1.2906947e-01   1.5735869e-01  -8.5873408e-02  -7.4907309e-02  -1.7762941e-02   1.1308109e-01   2.1519950e-01  -1.9301048e-01  -2.0358310e-01  -5.7704689e-03  -3.3220035e-02  -1.7195066e-01  -1.2138172e-01  -2.9834042e-02   3.5746035e-01   3.6518310e-01  -4.9791493e-02   4.5932273e-02  -8.4053855e-02   4.3716661e-02   7.6331844e-02   4.3131054e-02  -1.6988653e-01  -8.2601659e-02   7.4816892e-02  -1.4013467e-01  -1.8149181e-01   4.6344331e-02   2.1935048e-01  -1.1043195e-01  -3.9704476e-02  -6.3028716e-02   2.6304947e-01  -2.6780758e-02  -2.0234537e-02  -1.7188616e-01  -8.8863933e-02   2.1309063e-01  -1.4592635e-01   2.5011928e-02  -8.7289093e-02  -3.4235468e-02  -1.4776582e-02   3.0158213e-02   5.2422914e-03  -1.1943699e-01  -1.7535726e-01   4.1195443e-01   3.0257931e-01   1.1607147e-01  -1.2998531e-01   1.9995308e-01  -2.7010079e-01   5.6619530e-02   2.5214178e-02   3.8525747e-01  -2.0115019e-01  -4.9604134e-02   1.4446822e-01  -2.6217795e-01   1.7201492e-01  -1.6333200e-01  -4.4000096e-02   8.9890814e-02  -1.0857188e-01  -1.0473343e-01  -6.0307915e-02   1.3740119e-01  -8.7464742e-02   1.2195878e-01   7.0453951e-02   2.5367353e-01  -1.9198602e-02   1.8074394e-01  -8.2587806e-02   3.1964384e-02  -1.0109528e-01  -1.0741189e-01   8.7839676e-02  -4.5660095e-01  -6.9615062e-02  -8.9970253e-02  -7.5346038e-03  -3.7391916e-01  -8.9776285e-02   1.5369634e-01   2.7820726e-02   8.2144720e-02   3.6016963e-01  -1.3513098e-01  -1.2486872e-02  -1.3647919e-02   1.7474201e-03  -2.4884454e-02   4.6030715e-02  -1.8012003e-01  -2.0316904e-02  -1.6170785e-01  -1.6691732e-01   2.5680659e-02   1.7038612e-01  -6.3722655e-02   1.0432684e-01   2.8338700e-01  -2.1026998e-01  -2.7263531e-01  -4.0382047e-02   1.6538887e-01   2.6584381e-01  -8.0974225e-02   1.1925033e-01  -1.0413481e-01  -5.0014235e-02   2.4482986e-02   1.4270975e-01  -2.3683092e-02  -2.0918935e-01  -6.0953720e-02   3.3112432e-01  -6.3090661e-02   9.2313501e-02  -1.8924951e-01   2.9793141e-01  -1.2161159e-02  -3.2131401e-01  -1.8330437e-01  -3.4860473e-02  -1.2198424e-01   9.2509321e-02  -7.6347550e-02   1.3173549e-01  -5.8712628e-02  -3.8259194e-02  -1.2632257e-01   3.7083282e-01   1.2783977e-01   1.5367539e-01   2.4320905e-02  -1.4865672e-02   1.9807604e-01  -1.3308732e-01  -3.9330577e-01  -4.3084807e-02  -7.3028430e-02   7.9592335e-02   2.4218005e-01  -3.6910021e-02   3.6182274e-02   1.7892313e-02   8.1515847e-02  -8.0959009e-02  -1.6229144e-01  -2.5824272e-02  -1.9330908e-01   2.0207597e-01  -1.7102134e-01  -3.3894043e-01  -2.6516093e-01   1.1775067e-01   1.9868890e-03  -2.5742830e-01   2.2425540e-01
   2.6676109e-02   1.8686566e-01   0.0000000e+00  -2.5958402e-01   1.2784796e-01   6.3688841e-02  -4.7847116e-01  -1.1049837e-01  -7.5623034e-02  -3.7756269e-02  -4.3117912e-01  -1.0065330e-02   3.5814694e-01   2.7818142e-02  -3.0943039e-01  -1.0526054e-01   9.0619479e-01  -1.4945937e-01   3.8110061e-03   1.9344717e-01  -1.9822423e-01   2.6414842e-01  -1.2883959e-01  -9.2264456e-02   1.9318560e-01   2.6872010e-01   8.6334101e-02  -1.4779352e-01   1.4222880e-01  -4.8925686e-01  -2.3509107e-01   1.1691745e-01   2.2205113e-01  -1.3300612e-01  -1.3788074e-01   3.7158672e-03   2.5167291e-02   3.0816441e-01  -8.9955413e-02   5.0685066e-01  -3.0852140e-02   3.8983620e-01   1.0724197e-01  -2.9083880e-01  -4.6836151e-01   3.1135762e-01  -2.4968920e-01  -3.4335774e-01   5.2904468e-02   8.0590426e-01  -2.8739977e-01  -5.5395958e-03  -3.0933675e-01   5.8233230e-01  -1.5795122e-01  -3.2668187e-02  -2.5930692e-01   1.9916339e-01  -2.6002782e-01  -3.0192349e-01   3.7498234e-01  -8.0599306e-02   1.0184140e-01  -2.4952794e-01   4.7826311e-04  -2.5699863e-01   2.5346338e-01  -1.7932054e-02  -2.4866651e-01   3.0906060e-01   3.3201608e-01   3.9609941e-02  -1.9564234e-01   2.5294409e-01   4.3687948e-01   1.9969394e-01   3.5597714e-01  -8.9570758e-02   3.2449721e-01   2.2847962e-01  -1.9133884e-02  -2.3882550e-01  -1.7052235e-01  -3.1516426e-02   9.0103410e-02  -3.5634343e-03  -2.6431503e-01  -1.1560834e-02   1.7058259e-01  -3.9157136e-03   2.4908302e-02   5.6191966e-01  -2.3678310e-02  -2.3222003e-01   1.7289479e-01   4.5703250e-01  -5.1397630e-02  -8.5544268e-02   2.3319623e-02  -1.1014810e-01   5.2542940e-02  -4.2443183e-01  -2.4815976e-01  -1.0444561e-01  -1.5228877e-02   2.4832462e-01   5.0293995e-01  -7.4135454e-02   9.0772794e-02  -3.9991534e-01   1.2131012e-01  -2.3296621e-01   1.2338404e-01   2.1840345e-01   1.5235394e-01  -1.1301932e-01  -2.2175067e-01   7.1676321e-02   1.9308452e-01   9.7475353e-02  -1.8110580e-01   1.2946363e-01   4.4968492e-01  -5.0413555e-01  -2.0153156e-02  -1.8401922e-02  -3.1527343e-01   5.3524635e-01   3.0267503e-01   4.6477308e-01  -2.1384086e-01  -3.5955747e-01   7.4853106e-02  -3.0595438e-01   1.8830298e-01   5.4262128e-02   2.3309694e-01  -3.4949567e-02   7.8156764e-03   9.5730785e-02  -1.0525110e-01   2.4569393e-01  -4.2440145e-01   3.9644178e-01  -3.1831199e-01  -4.8065635e-01   1.1762643e-01  -4.4997834e-01  -5.0868961e-01   1.4691336e-01   7.9952077e-02  -1.2767739e-01   1.4742188e-03  -4.3826614e-01   6.3037099e-01  -3.7932683e-02  -1.3095292e-01  -2.4045628e-01   5.3767269e-01   9.2440052e-02   2.9249711e-01  -4.7075433e-01  -2.5370065e-01   1.9400872e-01  -9.1518734e-03  -1.5746191e-01  -5.0366730e-01  -8.5061977e-02  -1.4837828e-01   3.0584647e-01  -2.3163982e-01   4.7041617e-02  -7.8600815e-02   3.1876785e-01   7.6273792e-02   9.9347162e-02   3.7511225e-01
  -1.5743103e-01   9.9945737e-02  -2.5958402e-01   0.0000000e+00  -2.9175095e-01   6.1588805e-02   1.7493268e-01   1.8067978e-01  -1.6371925e-01  -4.3807436e-02   3.8890312e-01   3.4022113e-02  -1.5196373e-01  -1.4937700e-02   3.0467075e-01   9.4646357e-02  -2.6984212e-01   1.7998548e-01  -2.0752974e-01  -2.2597285e-01   1.1028913e-01   1.1835679e-01   6.8397789e-02  -1.2903310e-01  -1.4218962e-01  -1.4914843e-01  -8.1787450e-02   2.1567714e-01  -1.2275378e-02   3.6984149e-01   2.2067887e-01   1.9446506e-01   1.9761112e-01   7.9859302e-03  -1.7602593e-01  -1.5335995e-01   4.0600621e-02  -1.0013063e-01   4.3376282e-02  -3.0929229e-01   9.3578003e-02  -1.4103527e-01  -2.6034954e-01   3.0444231e-01   1.6112649e-01  -8.0838242e-02   1.4238127e-01  -3.7709861e-02  -1.2973235e-01  -3.3261611e-01   2.1884833e-01   8.2863111e-02   2.7306396e-02  -2.0733238e-01   9.6968920e-02   1.7897537e-01   3.1460026e-01   8.0146366e-02   2.7697825e-01   2.0889876e-01  -9.2168025e-02  -4.4247008e-02  -1.3905152e-01   4.2761381e-02  -1.9260902e-01  -1.3103076e-02   1.7962057e-02  -6.4685643e-02   3.9632908e-01  -4.2621191e-02  -1.5426292e-01   1.2748287e-01   1.0451639e-02   7.2239589e-02  -1.7186304e-01  -3.6162267e-02  -6.6534816e-02   1.6905903e-01  -4.7654138e-01   3.8562197e-02   2.7967136e-01   1.4321013e-01  -3.1877910e-02   1.6317862e-01   7.5581026e-02   8.0245225e-02  -1.0583432e-01   1.0461481e-02  -5.2092041e-02  -3.7350035e-03  -3.2650064e-01  -1.2881263e-01  -5.5797832e-02   1.1182623e-01  -1.9128476e-01  -4.2991761e-01   3.3020648e-01   3.7705256e-02  -1.5082266e-02  -9.8667160e-02   1.9999315e-02   1.2977916e-01   4.5794435e-01  -1.7511338e-02   4.5946928e-03   1.4540113e-01  -1.9309269e-01   2.0446989e-01  -1.2079869e-01   1.9705733e-01  -1.3091651e-01   4.6025892e-01  -1.2734232e-01  -1.0764260e-01   2.5832622e-01  -2.3052901e-01   2.1735864e-01   1.2676590e-01   1.8395521e-01  -1.0546051e-01   8.2516985e-02  -2.0428909e-01  -2.9613270e-01   1.1956431e-01   9.4383541e-02   3.2116787e-01   1.2567163e-01  -1.1038530e-01  -1.5831200e-01  -1.5703527e-01   2.4065135e-01   3.1616046e-02  -1.5370707e-02   2.1910994e-01  -6.8547508e-02   1.0462238e-01  -2.3043944e-01   2.4935110e-01   6.4101678e-02  -3.0129795e-01  -1.1204588e-02  -7.7554145e-02   4.1810629e-01   7.6007579e-02   2.9491755e-01   2.7521479e-01  -1.2930953e-01   1.7686465e-01   2.3895261e-01  -2.9584401e-01   2.8710454e-01   4.2297065e-01   9.0809831e-02   2.8001648e-01  -2.8302537e-01  -6.5343551e-02  -1.1635010e-01   1.7627813e-01  -1.2067605e-01   1.9967730e-01   8.5557353e-03   3.8994202e-01   8.0931508e-02  -1.8619213e-01   4.0280307e-01  -1.8570834e-01   7.1706743e-02   1.4513797e-01  -2.9416157e-02  -1.9520583e-01  -1.9597741e-01  -5.8917808e-02  -3.2714268e-02   1.1368428e-01  -6.5624130e-02  -9.9787159e-02   2.3346663e-02
  -1.3655555e-01  -7.8375011e-03   1.2784796e-01  -2.9175095e-01   0.0000000e+00  -2.2004254e-02   4.6610879e-02  -4.4079415e-01   2.8565649e-01   1.8261981e-01  -3.9161577e-02   1.6310314e-01   2.7082797e-01  -2.3848325e-01  -4.2203141e-01   3.7862303e-01   6.4144618e-02  -1.1953944e-01  -1.6232553e-02   8.2269026e-01  -5.6410469e-02  -3.4465016e-01  -8.0684689e-02  -2.3004376e-01  -1.5733815e-01  -2.3237684e-01   4.6486197e-01  -6.2248369e-01  -2.3960053e-01  -1.0880631e-01  -2.9262320e-01  -5.1777595e-01   1.3553972e-01   7.7533929e-02   1.5141497e-01   6.4548968e-01  -2.6925449e-01  -1.2811091e-02   3.9365882e-01   5.8263087e-01   3.2251868e-01   1.7929373e-01   1.9859163e-01  -5.0654284e-01   1.3279128e-01  -2.3542696e-01   9.4633190e-02   3.0163629e-01   2.2786967e-01   4.1234462e-01  -1.5736036e-01  -4.1249595e-01   2.7446559e-02   1.9105970e-02  -1.7496376e-01  -3.5989346e-01  -4.0121878e-01  -3.7344246e-01   1.8171261e-02  -3.0067628e-01  -2.7613004e-01   1.8042206e-01   2.4659879e-01  -5.4026214e-02   1.7936796e-01   1.5383019e-01  -5.2215440e-02  -1.4023625e-01  -2.3944597e-01  -1.1406515e-01   3.0503712e-01  -1.6611161e-01   3.1038310e-01  -3.2264262e-01   1.0602893e-01  -3.0986258e-01  -1.4738489e-01  -3.8755208e-01   7.1516018e-01  -4.1588495e-03  -5.7085474e-01   3.2061184e-01   1.4055186e-01  -4.2294300e-01  -2.9542572e-01  -4.7206165e-01   1.9312868e-01  -2.2538051e-01   5.5386589e-02  -2.5657245e-01   6.9209956e-01  -1.7122921e-01   4.7154313e-01   3.3460470e-02  -1.3421089e-01   7.3389747e-01  -1.4703489e-02  -3.6134598e-01  -1.0281379e-01  -9.5450898e-02  -3.2575513e-01   1.3684979e-01  -4.1328284e-01  -2.4433216e-01  -3.5167048e-01  -3.2842027e-01   7.1563393e-02  -4.6139316e-01  -7.3133811e-02   1.3276780e-01   3.5352548e-01  -4.2142154e-01   4.3975876e-02  -1.2330038e-01  -5.1420469e-01   5.1272734e-01  -4.6017262e-01   2.2375865e-01  -2.7987488e-01  -1.4416272e-01  -2.3530354e-01   7.6453739e-01   5.0171345e-01  -1.2193570e-01  -3.9657709e-01  -5.1047316e-01  -1.7596009e-01   1.4437846e-01  -2.0699456e-01   2.6798913e-01   4.4982552e-01   1.9915977e-01  -3.0613020e-01  -2.1806703e-01  -2.1473187e-01  -2.6095353e-01   7.1740098e-02  -1.0323658e-01  -2.4672866e-01   4.2310608e-03  -1.4571854e-01   2.1471965e-01  -3.1244343e-01  -1.4244691e-01  -5.1462873e-01  -3.3924794e-01   3.6959138e-01   1.6625071e-01  -5.9561733e-02   1.2767046e-01  -5.6999017e-01  -4.4224009e-01  -2.7435728e-01   1.6142545e-02   4.2044443e-01  -1.7018909e-01  -2.1387852e-01   2.0360544e-02  -2.2081386e-01  -4.4061246e-01   1.9341287e-01  -2.3089500e-01   2.5207271e-01  -6.6277747e-02  -4.6646395e-01   4.6131637e-01   9.3960808e-02  -3.8205214e-01  -3.4157942e-01   5.6366989e-01   5.3492955e-01  -3.1853490e-01  -7.3478213e-02   1.2387984e-02  -1.2400496e-01  -1.2054652e-01  -1.7158903e-01
  -4.2916901e-01  -1.6496844e-01   6.3688841e-02   6.1588805e-02  -2.2004254e-02   0.0000000e+00   4.4493558e-01  -3.3489286e-01  -3.2604911e-01   4.9480765e-01   3.3838291e-01  -1.0104256e-02   3.1871028e-01  -2.9394105e-01   1.9841783e-01   4.1147946e-01  -6.4054777e-02   3.7422056e-01   7.3930377e-02   1.4575816e-01   2.1197041e-01  -1.7139100e-02   4.5574377e-01  -4.1417918e-01  -3.2462215e-02  -2.4692455e-01   3.5565406e-01   1.7216285e-01   1.4447600e-01  -3.5325084e-01  -2.9677772e-01   2.4220741e-01  -4.0183090e-02   1.9177261e-01  -5.3635897e-03   2.4811901e-01  -1.9556492e-01  -3.2145853e-01   3.7820858e-01   1.0778250e-01   2.5676650e-01   1.3419678e-01  -1.6608107e-01  -3.0691968e-01  -6.3210714e-02  -2.9794183e-01   5.0695872e-01  -2.2669930e-01  -3.0206742e-01   4.5121353e-02   4.0443397e-01  -3.1035949e-01  -2.3882546e-01  -4.9413253e-02  -3.9454314e-01   5.1444201e-01   4.2796824e-01  -5.2009442e-02   1.9657318e-01  -2.8082223e-01  -3.1470401e-01  -6.6050788e-02  -3.5747962e-01  -4.9528707e-01  -2.1362348e-01   5.7516580e-01   7.0865743e-01   7.4080669e-02   5.1692540e-01   7.1510034e-02  -7.7286951e-02   2.8626121e-01   9.8477539e-02  -3.2502636e-01  -1.2825908e-02  -4.0670724e-01  -2.8527026e-01   2.5737119e-01  -2.9150974e-02   7.3791369e-02   2.4343812e-01   1.1241468e-01  -1.3072313e-01  -2.1730408e-01  -3.7014676e-01  -2.9349411e-01  -2.4463537e-01  -3.6049887e-01  -3.1860796e-01  -4.8696210e-01  -3.9289542e-01  -3.0783307e-01   3.8073105e-01  -1.9821212e-01  -1.6379598e-01  -7.7225169e-02   1.2889956e-01   2.7412101e-01   2.4662184e-01  -1.4848133e-03  -4.7284938e-01  -6.6587587e-03   4.2763413e-01  -4.7644690e-01   3.8702187e-01   4.4290162e-02  -2.0689461e-01   4.0026861e-01  -2.4938227e-01   3.6314874e-01   2.7863177e-01   3.0642852e-01   2.8009073e-02  -3.3005426e-01   8.2394687e-02  -4.5060840e-01   3.4449132e-01   8.6870454e-02   7.6812274e-02   3.7016580e-01  -3.0614207e-01  -2.4559296e-01  -1.5897460e-01  -1.9202720e-01  -4.2739716e-01   2.1136151e-01   2.9932896e-01   1.8375772e-02   9.3049678e-02   1.6593861e-01   2.6909121e-01   3.0778587e-01  -4.3695511e-01  -1.7554953e-01  -1.3540651e-01  -4.2059789e-01   1.1710674e-01  -1.3199123e-01  -4.3215998e-01  -2.6370624e-01  -2.6841359e-01   5.8041740e-03   3.5736592e-01   3.9517418e-01   2.8079217e-01   1.3058460e-01   1.0768867e-01   1.1741850e-01   3.7609315e-01  -6.1800218e-02  -2.6555105e-02   5.1742216e-02  -3.8732819e-01  -6.5557379e-02   1.7342070e-02  -4.3811332e-01  -6.0310896e-02   2.3688532e-01  -3.7853278e-01   2.0238555e-01   1.8461325e-02   2.3259031e-01   8.5353123e-02   2.3769263e-01  -5.0531805e-02  -9.0362497e-02   5.2430563e-02   2.4046050e-02  -2.7408451e-01   1.0955245e-01  -1.7737546e-01  -2.5664460e-01   1.5935003e-01   4.7596508e-01  -2.4597969e-01   7.9656437e-02  -4.2306699e-02
  -4.3224919e-01  -1.1939068e-01  -4.7847116e-01   1.7493268e-01   4.6610879e-02   4.4493558e-01   0.0000000e+00  -3.8738356e-01  -1.7019982e-02   5.5445226e-01   4.7461495e-01   3.6533651e-01  -1.4428451e-01  -4.3088414e-01   2.5737657e-01   4.0392493e-01  -5.5105304e-01   3.6884312e-01  -1.9501088e-01   1.2911916e-01   2.8274443e-01  -4.0104833e-01   5.8469001e-01  -4.1751418e-01  -3.4491309e-01  -4.9114273e-01   1.6068734e-01   3.9256122e-02  -1.3941475e-01   1.6809887e-01  -1.7349754e-01  -2.0281036e-01  -1.3578673e-01   6.1813050e-01   3.4301106e-01   3.6457981e-01  -2.5263121e-01  -3.7018973e-01   3.8256989e-01  -1.0579846e-01   7.4524806e-02  -9.6923895e-02   1.7905101e-02  -1.4511265e-01   3.5277140e-01  -5.4621301e-01   4.4241324e-01   3.8666890e-01  -1.2954898e-01  -3.8759119e-01   3.2156948e-01  -4.7172956e-01   2.6286517e-01  -4.3375904e-01  -2.7183337e-01   3.7292367e-01   2.0675297e-01  -4.0607761e-01   9.4471499e-02  -8.9522262e-02  -5.5364960e-01   5.3737998e-02  -1.3897987e-01  -1.1990353e-01  -1.5051941e-01   7.3827511e-01   1.3825602e-01  -8.6243570e-02   2.7798990e-01  -1.0834687e-01  -2.2285512e-02   4.7053769e-02   3.0887978e-01  -6.2614931e-01  -3.8544224e-01  -5.0662140e-01  -4.8576601e-01   7.8476111e-02  -6.4414586e-02  -3.7110882e-01   5.1366285e-02   3.6779519e-01   1.1379430e-01  -3.5787838e-01  -4.5367641e-01  -3.6387163e-01   1.0957834e-01  -4.6549868e-01  -2.5651355e-01  -4.5720133e-01  -1.4678552e-01  -6.2824425e-01   6.3152162e-01   1.5425969e-01  -2.1327561e-01  -2.9800107e-01  -7.1861194e-02  -1.6363056e-01  -3.3686732e-02   2.9284904e-01  -4.6849504e-01   6.5885802e-01   2.3847062e-01  -3.7871587e-01   1.4934482e-01  -3.5046617e-01  -4.5039218e-01  -5.2533752e-02  -3.2083770e-01   6.5805097e-01   4.5013618e-01  -2.0394717e-04  -1.6574614e-01  -3.9644571e-01   3.1137361e-02  -7.7829391e-02   1.3190156e-01   2.5652968e-02   1.5556251e-02  -9.0570902e-03  -3.0219226e-01  -5.4005323e-02  -2.2348960e-01   1.9490406e-01  -4.4764902e-01  -7.4279576e-02   4.0995306e-01  -4.0369272e-01  -2.2512820e-01  -2.3036982e-03   3.8888951e-01   5.9912058e-01  -5.3181314e-01   9.6887286e-02  -2.9223020e-01  -4.6652757e-01  -2.0417892e-01  -4.1959174e-03  -4.3334610e-01  -2.3636253e-01  -1.9035087e-01  -2.9314755e-01   3.4871281e-01   1.2285532e-01   3.5889246e-01   3.0342023e-01   3.8803289e-01   4.4155204e-01   7.1023501e-01   5.6658635e-02  -1.0487333e-01   5.9685736e-02  -3.8641944e-01   2.6801560e-01  -1.8094500e-01  -2.9351340e-01  -1.7504907e-01   1.6859083e-01  -6.5612686e-01  -1.8867141e-01  -1.4044195e-01   3.3166389e-01   3.9276828e-01  -4.2679821e-02  -3.3110905e-01   3.0700657e-01   5.6872395e-01  -1.1059540e-01  -3.1134256e-01   1.3509734e-01   3.3866419e-01  -3.3738633e-01   9.4031446e-02   1.5466165e-01  -2.8024646e-01  -2.6100243e-01  -4.1080722e-01
   5.3627398e-01  -1.0060470e-01  -1.1049837e-01   1.8067978e-01  -4.4079415e-01  -3.3489286e-01  -3.8738356e-01   0.0000000e+00  -2.5064542e-01  -6.5166564e-01  -1.0589729e-01  -3.2664021e-01  -2.4172932e-01   3.9454274e-01   1.3963270e-01  -5.1437955e-01   1.0344175e-02  -2.0098356e-01   2.3419435e-01  -5.4630821e-01  -2.4843651e-01   2.0003296e-01  -2.9291932e-01   3.8036145e-01   1.2783003e-01   5.9289965e-01  -4.0044760e-01   4.3384330e-01  -3.5363012e-02   1.3895000e-01   4.1223795e-01   3.7532945e-01   2.1711504e-02  -4.9169033e-01  -3.5541741e-01  -5.4646024e-01   3.1198940e-01   2.8677804e-01  -5.8193375e-01  -4.9443459e-01  -3.2657155e-01  -2.6352175e-01  -2.4192473e-01   5.4626678e-01   3.3467804e-02   4.2804438e-01  -2.9741075e-01  -3.9488267e-01   1.1426564e-01  -2.3622057e-01  -7.8140377e-02   8.1789979e-01  -2.3072577e-01   4.5371722e-02   2.3554978e-01  -4.4007732e-02   3.3099070e-01   4.1066153e-01  -8.5556019e-03   4.1854761e-01   4.8279793e-01  -5.9977504e-02  -1.1053521e-01   1.9809209e-01   6.3335174e-02  -4.8442025e-01  -4.2532073e-02   1.6938840e-02   4.7466437e-02   1.5712206e-01  -3.4477175e-01   1.3419818e-03  -4.5865276e-01   5.4467295e-01   1.5107889e-02   6.7798868e-01   3.1958751e-01   2.6855580e-01  -4.7768592e-01   1.2397545e-01   3.4337431e-01  -2.7103209e-01  -2.2629006e-01   6.7780517e-01   5.4172827e-01   7.0644667e-01  -2.8108260e-01   4.3017924e-01   6.6565572e-03   5.9826052e-01  -1.9850216e-01   3.9588191e-01  -4.3649880e-01   7.5000022e-02   1.7083031e-01  -2.9318624e-01   2.3550997e-01   2.2404102e-01  -9.2136741e-03  -2.2981613e-01   5.9471313e-01  -2.2000615e-01   2.0768401e-01   2.8778769e-01  -1.9212272e-02   2.1268042e-01   1.0650420e-01   3.3555222e-01   2.4810363e-01  -3.8765663e-01  -5.7766081e-01   4.5258837e-01  -5.3558232e-02   4.3257768e-01   1.5109828e-01  -1.0192624e-01   2.0594421e-01  -1.5012129e-01   5.5616889e-02  -1.2838004e-01   3.6268793e-01  -2.2662893e-01  -4.3893177e-01   1.2718384e-01   6.6087976e-01   3.4767212e-01   2.1757564e-02  -1.3577842e-01  -1.3703341e-02  -3.7926102e-01  -3.9380053e-01  -3.9322385e-01   6.4001955e-01  -1.5515389e-02   1.9918844e-01   8.0852119e-01  -1.7436392e-01  -2.8573775e-02   8.0544857e-01   2.2369445e-01   4.4755009e-01   5.7159593e-02   2.0695785e-01  -1.7582930e-01   1.6944670e-01   6.6456309e-02  -5.8440668e-01  -2.2551185e-01  -1.6128469e-01  -4.4897843e-01   3.3851612e-01   3.4902934e-01   3.8589024e-01  -1.6918243e-01  -3.8610262e-01   4.5759319e-01   2.3255121e-01  -1.1095654e-01   5.0535225e-01   5.1342933e-01  -2.1179785e-01   2.0560042e-01  -4.5195277e-01  -1.8418789e-01   5.8113789e-01  -3.4354676e-01  -4.7454685e-02   3.9061424e-01   4.4498439e-01  -4.8089164e-01  -4.0061588e-01   4.0895404e-01  -1.6417979e-01  -1.0938800e-01   9.9069486e-02   3.6049852e-02   1.3137219e-01
  -1.1637340e-01   2.2214330e-01  -7.5623034e-02  -1.6371925e-01   2.8565649e-01  -3.2604911e-01  -1.7019982e-02  -2.5064542e-01   0.0000000e+00   3.5300778e-02  -2.3108557e-01   4.4048120e-01  -1.4823938e-01  -1.5198391e-01  -2.9866271e-01  -9.0532500e-02  -1.3086439e-01  -5.6746503e-02  -1.8582992e-02   1.4639415e-01  -1.2115474e-01  -8.7884987e-04  -1.2884396e-01  -6.8560981e-02   1.6143459e-02  -5.1954528e-02   2.5648345e-01  -2.6378311e-01   2.0603559e-02   3.1843782e-01  -1.6458994e-01  -1.6625876e-01  -1.7753554e-01   2.1723235e-01   5.7015088e-01   6.0205267e-02  -2.4099598e-01  -1.8182904e-01  -4.1701458e-02   2.2785441e-01  -1.8210187e-01   4.4888682e-02   5.8307847e-01   3.5340586e-02   3.0305904e-01  -2.3901343e-01  -1.1106632e-01   6.1393280e-01   6.2559602e-02  -7.3976574e-02  -2.5331998e-01  -1.3415935e-01   3.9989046e-01  -6.8750758e-02   9.9578176e-02  -1.9051790e-01  -3.2043285e-01  -1.3316206e-02  -1.4155229e-01   2.3627179e-01  -2.0723796e-01   9.0808591e-02   5.6988702e-01   4.2762856e-01   4.7014698e-01   1.4427467e-02  -2.7850007e-01   2.3618367e-01  -3.9182740e-01  -2.5814930e-01   2.0887030e-01   1.0069840e-01   1.4852114e-01  -1.8351569e-01  -7.0636954e-02  -1.4574532e-01  -2.1817846e-01  -2.6577526e-01   2.4526066e-01  -4.4841798e-02  -3.3106349e-01   7.1246756e-02   3.0873783e-01  -1.9178599e-01  -2.9866222e-01  -2.4095358e-01   5.7714673e-01  -1.2080271e-01   3.0994158e-01  -1.2419172e-01   3.5628777e-01  -1.4972133e-01  -2.3846298e-02   6.1043488e-01  -2.9862668e-02   2.0428411e-01  -3.3095721e-01  -1.9890991e-01   6.7351573e-02   8.8631076e-02  -1.2163680e-01   1.8792854e-01  -4.9207377e-01   5.2108183e-01  -2.5840273e-02  -6.5011741e-03   2.1250265e-01  -2.9817361e-01  -2.7150307e-01   6.9118462e-02   7.8385785e-02  -4.1036640e-01   1.7798256e-01  -3.2060597e-01  -2.1701004e-01   5.2057774e-01  -2.1671539e-01   1.7310488e-02  -9.0228639e-02   4.7041952e-02  -9.1145981e-02   3.4325286e-01   3.7044401e-01   2.4931809e-01  -1.8470969e-01  -2.7887185e-01  -2.9731988e-01  -3.7993375e-02   1.2988685e-01   7.2027690e-02  -6.4534892e-02   5.7194020e-03  -1.8579031e-01   1.0029063e-01   3.0603871e-01  -2.7303358e-01   1.6890587e-01   1.5558224e-01  -1.7443175e-01  -1.4101041e-01  -2.6367393e-01  -2.2887982e-01  -2.8114692e-01  -2.4014741e-01  -3.8365874e-01  -1.0078947e-01   1.8536833e-01   2.1459267e-01  -8.9529986e-02   4.4946533e-01  -3.1973544e-01  -3.2692696e-01   7.7610591e-02   2.6930617e-01   1.8305317e-01  -1.8153103e-01  -1.6246392e-01  -9.8884858e-02  -2.1499387e-01  -4.3662314e-01   1.5507040e-01  -2.3128622e-01   1.6972692e-01   7.6623124e-02  -2.3832530e-01   4.8374715e-01   6.9637862e-02  -2.2581274e-01  -2.4321975e-02   1.4654150e-01   4.6650038e-01  -1.7708502e-01   2.7246456e-01  -2.4698485e-01   4.1582830e-02   1.2034740e-01   7.5551567e-02
  -5.1935330e-01  -1.4155924e-01  -3.7756269e-02  -4.3807436e-02   1.8261981e-01   4.9480765e-01   5.5445226e-01  -6.5166564e-01   3.5300778e-02   0.0000000e+00   3.5230787e-01   2.8274106e-01   1.3203756e-01  -4.2731595e-01   1.1700310e-01   3.4133846e-01  -1.9292546e-01   4.6912030e-01  -4.4271279e-02   4.1052267e-01   4.1217619e-01  -2.0292090e-01   6.0938322e-01  -4.3393655e-01  -1.1997181e-01  -5.2297730e-01   2.3482717e-01  -2.0381871e-01   5.7138332e-03  -1.6237346e-01  -3.3640284e-01  -9.6315038e-02  -2.2366176e-01   6.0360514e-01   2.2166103e-01   5.0429662e-01  -2.3123643e-01  -3.9105478e-01   3.7357133e-01   2.2113054e-01   1.7447164e-01   6.4064944e-02   1.5200530e-01  -4.1025107e-01   1.4817446e-01  -4.9935641e-01   4.9347792e-01   1.9469333e-01  -1.6368579e-01   3.7886225e-02   4.1702754e-01  -6.0569389e-01   8.5380794e-02  -6.9873657e-02  -3.0115533e-01   2.8062222e-01   5.2653848e-02  -3.2504048e-01   7.0320289e-02  -2.7515681e-01  -5.5152098e-01   2.1311957e-01  -1.5689356e-01  -2.6987716e-01  -1.3546153e-01   7.1280992e-01   8.9950120e-02  -5.8739162e-02   1.6208030e-01  -6.9415366e-02   1.1298368e-01   1.4548355e-01   3.2987733e-01  -5.8245229e-01  -1.7896302e-01  -4.9597540e-01  -4.1685412e-01  -6.9609718e-02   3.2470359e-01  -1.7365181e-01  -1.4003732e-01   2.9405489e-01   6.7497689e-03  -5.2445017e-01  -5.4887710e-01  -4.0637644e-01   1.0835095e-01  -4.0661539e-01  -9.5475518e-02  -5.5407141e-01  -6.8069463e-02  -4.8422675e-01   5.3485586e-01  -8.0612438e-02  -2.8634450e-01   5.3621376e-02  -1.7717832e-03  -5.1100852e-02   6.3970338e-02   4.4255456e-01  -6.8133783e-01   4.7603991e-01  -4.1220090e-02  -3.7656234e-01   2.7914578e-01  -8.3537698e-02  -3.0083738e-01  -1.0172634e-01  -1.3878318e-01   4.1471034e-01   5.2931714e-01  -2.1629615e-01   2.2759343e-02  -4.2152504e-01  -7.8918919e-02  -1.1703817e-01   2.5109499e-03   1.8299348e-01  -1.8004130e-01   1.4118389e-01  -2.9843126e-01   4.1062768e-02   1.6974935e-01  -5.3571619e-02  -5.5450648e-01  -3.1994794e-01   2.0811096e-01  -5.0536436e-02   7.7684993e-02   1.7403695e-01   3.3420905e-01   5.3402007e-01  -6.0740208e-01  -4.0245456e-02  -1.2258287e-01  -6.3418045e-01   9.6899653e-02  -1.5919000e-01  -5.7003200e-01  -2.3754395e-01  -3.7582798e-01  -1.3416598e-01   1.7480425e-01   1.7122686e-01   1.8676972e-01   8.4848039e-02   5.0804116e-01   3.0730453e-01   4.7776463e-01   2.1002163e-01  -2.0519592e-01  -2.8615388e-01  -3.3664150e-01   1.7160382e-01   1.7086264e-01  -4.7642169e-01  -1.9113822e-01   2.2259381e-01  -5.1680914e-01  -3.2435085e-01   1.7678026e-01   6.2990883e-02   4.5829407e-01   2.2253488e-01  -5.0086472e-01   2.9712711e-01   2.7529365e-01  -2.3786181e-01  -3.7957035e-01   2.5255816e-01   3.0970275e-01  -3.9053703e-01   1.9811417e-01   1.6060764e-01  -1.8212063e-01  -1.2560703e-01  -8.8054433e-02
  -4.1061520e-01  -2.4162239e-02  -4.3117912e-01   3.8890312e-01  -3.9161577e-02   3.3838291e-01   4.7461495e-01  -1.0589729e-01  -2.3108557e-01   3.5230787e-01   0.0000000e+00  -1.2173202e-01  -8.1523915e-02  -3.2124039e-01   2.4952128e-01   4.9171324e-01  -5.2431100e-01   4.8369311e-01  -2.4124477e-01   7.3212991e-02   3.4451404e-01  -1.4540850e-01   3.5124093e-01  -3.4655127e-01  -3.0142078e-01  -5.4188755e-01   3.3090651e-02   8.6425060e-02  -2.1397442e-01   2.0799945e-01   1.6037826e-01  -9.0587693e-02   9.7644468e-02   1.2463317e-01  -2.2127474e-01   4.4666391e-01  -2.7375032e-01  -2.5291823e-01   4.8080105e-01  -1.9962082e-01   2.2288980e-01  -2.8770510e-01  -3.8835071e-01   5.9006806e-02   1.2145081e-01  -3.2988240e-01   6.7599840e-01   1.0542392e-01  -3.2650356e-01  -3.4519429e-01   5.8932941e-01  -3.1572141e-01   2.0135808e-01  -3.9881597e-01  -2.4055169e-01   2.5777179e-01   5.0599606e-01  -3.4988331e-01   3.2852674e-01  -1.4568948e-01  -4.9422674e-01  -6.6035929e-02  -3.0072265e-01   3.8246183e-02  -3.3786030e-01   4.7648034e-01   7.8321198e-02  -3.9160791e-01   7.5072916e-01   8.9610195e-03  -8.3253196e-02  -1.6512118e-01   3.9626334e-01  -3.9994775e-01  -3.5021310e-01  -2.6888254e-01  -3.1004196e-01   2.1141634e-01  -2.6070510e-01  -3.3959967e-01   1.6361575e-01   4.4103565e-01  -4.0179602e-02  -2.6927252e-01  -2.3382308e-01  -6.3747904e-02  -8.7772155e-02  -1.4635921e-01  -2.4126910e-01  -2.7267188e-01  -3.2882869e-01  -5.5114249e-01   3.5795258e-01  -1.6804249e-01  -4.2192862e-01  -4.0243245e-01   4.2733303e-02   1.0502355e-01  -2.6710945e-01  -1.2402258e-01  -4.2217522e-01   3.1774389e-01   5.4609995e-01  -2.6035783e-01  -5.2144108e-02  -2.8095152e-01  -5.4940515e-01   2.4168516e-01  -2.4068716e-01   6.2903942e-01   1.7041336e-03   3.5036112e-01  -3.1372064e-01  -3.2667218e-01  -1.9320217e-02  -2.3133905e-01   3.4785437e-01   2.7062767e-01  -1.4326784e-01  -2.2615073e-01  -7.0158919e-02  -1.8309356e-01  -3.7127825e-01   3.7946452e-01  -2.6312077e-01  -2.7163393e-04   2.4879585e-01  -3.2392771e-01  -4.2493310e-01  -4.9035403e-02   5.3372138e-01   6.2994595e-01  -3.9640452e-01   2.4203313e-01  -5.4730519e-01  -1.6653963e-01  -4.0606600e-01   5.9743065e-02  -2.9638739e-01  -4.0424788e-01  -1.2566212e-01  -2.3172552e-01   7.5268214e-01   5.8222713e-02   3.5328139e-01   3.8789543e-01   2.6348210e-02   5.6822742e-01   6.9183352e-01  -2.0984725e-01   2.2164936e-02   2.3812619e-01  -1.8239672e-01   5.1363778e-01  -2.4386099e-01  -1.8828067e-01  -2.4959122e-01   2.6061282e-01  -5.2744962e-01   1.4483583e-01  -1.0352114e-01   7.5043374e-01   5.7493653e-01  -1.7603597e-01  -1.4506637e-02  -1.6606084e-01   3.3015044e-01   7.6827897e-02  -3.7285555e-01  -3.8936255e-02  -3.9015871e-02  -3.0334256e-01  -1.0102365e-01   1.5499529e-01  -2.1435819e-01  -3.8417776e-01  -2.5315389e-01
  -1.8986375e-01   2.1271108e-01  -1.0065330e-02   3.4022113e-02   1.6310314e-01  -1.0104256e-02   3.6533651e-01  -3.2664021e-01   4.4048120e-01   2.8274106e-01  -1.2173202e-01   0.0000000e+00  -1.8492502e-01  -1.8078824e-01   1.0567109e-01   1.5538079e-02  -8.8276933e-02   1.9512919e-01  -1.2724173e-01   1.3383342e-01  -1.8502946e-02  -1.1305618e-01   1.6500668e-01  -2.6187587e-01  -1.6610259e-01  -2.0266803e-01   2.3240064e-01  -3.0852853e-01  -6.0575837e-02   2.7393677e-01  -2.1918038e-01  -9.6947524e-02  -9.0688909e-02   4.0213103e-01   5.0826820e-01   8.1422187e-02  -1.4874518e-01  -2.2299309e-01   2.6561268e-02   2.0552779e-01  -2.2494044e-01   1.8723582e-01   5.7052070e-01  -3.3893048e-02   3.6887314e-01  -2.9431303e-01   1.6747307e-02   3.3920303e-01  -2.3493271e-02  -3.2285256e-02  -6.8189203e-02  -2.7638226e-01   1.7705807e-01  -1.4130071e-02   2.9692111e-03   1.2721188e-01  -6.9748655e-02  -4.9451815e-02  -1.3704218e-01   2.6639483e-01  -2.2992428e-01   1.1859528e-01   2.7651254e-01  -3.3369298e-02   3.3222910e-01   1.9853938e-01  -5.6642763e-02   1.8386147e-01  -2.5096035e-01  -1.2045831e-01   1.2778948e-01   2.7684662e-01   9.7155875e-02  -1.9680519e-01  -1.5781801e-01  -2.4024451e-01  -2.6214647e-01  -2.6312848e-01   1.3184793e-01  -3.9092361e-02  -3.0617108e-01   5.4580928e-02   1.1712918e-01  -2.7784917e-01  -3.4081327e-01  -2.9649925e-01   3.3711046e-01  -3.2123149e-01   1.3531720e-01  -3.1663122e-01   2.0184727e-02  -1.9017308e-01   2.7738832e-01   5.2887223e-01   1.3010236e-02   1.3054943e-01  -1.4367211e-01  -2.2131242e-01   1.2015972e-01   2.0925238e-01  -2.6241627e-01   4.1861884e-01  -3.0751110e-01   1.2190032e-01   9.6148932e-02   7.7412548e-02   2.3490421e-02  -2.6347933e-01  -2.2500565e-01   1.7379744e-01   3.1889189e-01  -3.4537668e-01   1.4546433e-01  -2.9335658e-01  -6.0366228e-02   1.2904373e-01  -3.0019081e-01  -1.1387072e-01  -2.5182479e-02   1.2405346e-01  -2.2537242e-01   2.3106249e-01   2.6848429e-01   1.0161265e-01  -2.9182529e-01  -3.9579489e-02   1.5435906e-01  -1.8160585e-02   1.4878343e-01   1.5894774e-01  -7.4918747e-02  -3.6183831e-02  -3.0230259e-01   1.9096055e-02   1.9890075e-01  -4.2218121e-01   1.4673949e-01   1.8710765e-02  -2.3780641e-01  -2.0239091e-02  -2.1440484e-01  -1.2991827e-01  -2.1781894e-01   1.9854892e-01   1.4378447e-02  -2.6812156e-02   2.9827707e-01   8.9374716e-02   1.4925358e-01   2.6951527e-01  -2.0866469e-01  -2.2927866e-01  -1.6035094e-01   8.7081163e-02   1.8880213e-01  -2.7847381e-01  -1.0096591e-01   3.6696854e-02  -2.2274544e-01  -4.9591060e-01   6.4573191e-02  -1.4383714e-01   1.1152669e-01   1.5031238e-01  -2.5386622e-01   4.3670840e-01   2.2949785e-01  -2.9041798e-01  -9.5403346e-02   2.1716168e-01   3.7032013e-01  -1.6010127e-01   2.6997094e-01   1.1233457e-01  -2.4301504e-01   8.7318835e-02  -4.5484915e-02
   2.7917081e-02  -9.8636561e-02   3.5814694e-01  -1.5196373e-01   2.7082797e-01   3.1871028e-01  -1.4428451e-01  -2.4172932e-01  -1.4823938e-01   1.3203756e-01  -8.1523915e-02  -1.8492502e-01   0.0000000e+00  -2.7763000e-02  -3.3640837e-01   1.6684222e-01   3.1478354e-01  -9.3626809e-02   6.9432525e-02   3.1978984e-01  -2.3416642e-01   3.3001827e-02  -5.2679030e-02  -3.8901268e-02   1.3226601e-01  -4.7385985e-02   2.1664139e-01  -1.8081253e-01   1.4331193e-01  -4.3439321e-01  -3.0141318e-01  -6.7338849e-02   6.8899506e-02  -5.9508603e-02  -1.5059798e-01   2.4552339e-01   5.4483521e-02   7.5240558e-02   2.2441422e-01   3.5953279e-01   4.8214684e-01   2.5349696e-01  -6.1902360e-02  -4.3578379e-01  -2.6204062e-01  -7.1064277e-02   6.9788796e-02  -3.0319806e-01   4.5633504e-05   4.7945130e-01   3.0672119e-02  -1.0471220e-01  -3.1960590e-01   2.1431195e-01  -1.0016200e-01  -7.9182009e-02  -1.4001601e-01   7.7973689e-02  -5.3427785e-02  -2.7851680e-01   2.1349252e-02   2.2818436e-01  -5.7469072e-02  -3.0777574e-01  -1.5662505e-01   1.0206226e-01   2.0335870e-01   6.5302582e-02  -3.0156373e-02   1.6024023e-01   3.7564974e-02   3.9558988e-02  -3.4973457e-02   1.8382439e-02   2.3498059e-01  -1.3116902e-01   3.6075198e-02  -8.5062297e-02   1.9615951e-01   2.8237891e-01  -7.8898859e-02  -2.7022112e-02  -9.9271847e-02  -1.7442846e-01  -3.9175713e-02  -1.6732826e-01  -2.0474108e-01  -1.3233884e-01  -1.2791268e-02  -8.0866448e-02   6.9211530e-02   1.8323800e-01   1.2647971e-01  -1.1693924e-01  -2.9836048e-02   3.0816971e-01   1.7423232e-01   4.3446221e-02   1.5209708e-01  -1.4934121e-01  -1.6020205e-01  -2.8530128e-01  -1.4475652e-01  -2.3178101e-01  -6.8503738e-03   3.5698054e-02   2.4493700e-01  -1.8953031e-02   1.2367062e-01  -1.3258115e-01   1.2794693e-01  -6.9347609e-02   1.5406352e-01   8.3153565e-02  -1.1202057e-01  -1.0257401e-01  -8.9168116e-02   2.1900108e-01  -9.3716542e-02   1.6091203e-01  -1.1819071e-01   1.8516937e-01   2.3958003e-01  -4.4169040e-01  -1.8325943e-01  -1.3284060e-01  -2.5420941e-01   3.6664624e-01   1.0195344e-01   2.5965628e-01   1.9315175e-01   8.7447116e-03  -3.9526863e-02  -3.8774064e-01   1.6944089e-02  -1.2494923e-01   2.0238908e-01  -1.9021224e-01  -1.3846259e-01   3.1537634e-02   8.2859981e-03   5.7047788e-01  -1.4331609e-01   1.5407215e-01  -2.8621406e-01  -3.3955600e-01   9.6578676e-02  -8.8734034e-02  -1.4024046e-01  -1.2645721e-01  -1.4411970e-01  -3.2996084e-01   2.6289735e-02  -1.7884210e-01   3.1571057e-01  -7.4742361e-02  -9.8323989e-02   1.0571864e-01   7.4685622e-02  -4.5630276e-02   1.6821566e-01  -2.1772625e-01   1.5974939e-02   6.6253824e-02  -4.5918537e-02  -2.0890491e-02  -2.0925806e-01  -1.4798594e-01  -5.0912375e-02   2.0659454e-01  -8.5108600e-02  -1.2452229e-01  -2.4209230e-03   1.8228646e-01   8.1518439e-02   1.0874190e-01   8.5776542e-02
   6.0822000e-01   4.7618763e-02   2.7818142e-02  -1.4937700e-02  -2.3848325e-01  -2.9394105e-01  -4.3088414e-01   3.9454274e-01  -1.5198391e-01  -4.2731595e-01  -3.2124039e-01  -1.8078824e-01  -2.7763000e-02   0.0000000e+00  -3.3094299e-04  -3.7654253e-01   1.5560927e-01  -2.8287387e-01   1.6783755e-01  -3.0740473e-01  -3.4232045e-01   2.8896057e-01  -3.2711461e-01   6.2224988e-01   3.1512593e-01   3.1321769e-01  -3.6333323e-01   1.9674493e-01   1.4951324e-02   1.2640989e-01   4.8374910e-02   5.4806850e-02   2.8585574e-02  -5.5716255e-01  -3.4431284e-01  -3.4345747e-01   3.1176955e-01   2.2318375e-01  -4.1512544e-01  -3.2369745e-01   1.9434715e-02  -1.0983528e-01  -2.4854549e-01   2.5869549e-01  -1.1514147e-01   5.2562480e-01  -2.7117998e-01  -4.4132758e-01   6.0835848e-03  -5.9399883e-02  -3.3697184e-01   3.8967345e-01  -3.8703490e-01   2.3137993e-01   3.8657165e-01  -1.8218641e-01  -4.5641172e-02   2.4139624e-01  -1.2951356e-01   3.1081570e-01   4.5954455e-01  -1.8315708e-01  -1.5220642e-01  -2.8722164e-02   6.1080512e-02  -4.5399753e-01  -2.5676926e-02   3.4614579e-02  -1.1600950e-01   1.5482422e-01  -3.2730318e-01   1.5913796e-02  -3.7073260e-01   6.8860649e-01   8.9763392e-02   3.0688778e-01   3.5012390e-01   1.8360091e-02  -2.2120666e-01   1.2677883e-01   3.6904557e-02  -4.3039847e-01  -3.3077954e-01   3.8458331e-01   7.1755314e-01   3.4862831e-01  -1.3529822e-01   5.3946893e-01   7.8824102e-03   6.8809646e-01  -1.2385069e-01   4.1393717e-01  -4.8367022e-01  -5.1399028e-02   9.2032549e-02  -1.4461803e-01   1.0783213e-01   1.8794735e-01   4.1424326e-02  -2.8651729e-01   5.7662152e-01  -4.2812619e-01   1.2007083e-02   2.7626284e-01  -2.3777246e-03   1.9697708e-01   2.0293466e-01   9.6445205e-02   2.4420452e-01  -3.8838033e-01  -5.0753893e-01   1.9662883e-01   6.5360820e-02   5.1571056e-01   1.0974543e-01  -2.0154876e-01  -2.8972950e-03  -3.0093323e-01   1.7567728e-01  -2.6640086e-02   3.5840327e-01  -1.4476629e-01  -2.8459478e-01  -3.5724876e-02   6.1656795e-01   3.3260518e-01  -6.0817406e-02   1.1278700e-01   1.2721189e-01  -2.1082505e-01  -3.8089402e-01  -5.9955440e-01   7.5395643e-01  -4.4906783e-02   1.4838808e-01   3.3346974e-01   6.8153478e-02  -1.5050235e-01   3.2268010e-01   2.7469527e-01   4.8986570e-01   2.2859018e-01  -1.9123509e-01  -1.5716268e-01  -1.2142510e-01  -1.7605085e-01  -5.8839758e-01  -2.7721895e-01  -3.5076983e-01  -3.3831212e-01   3.3939289e-01   1.2080688e-01   4.6857599e-01  -3.5085805e-01  -2.4581149e-01   4.2818133e-01   3.1891944e-01  -2.3211747e-01   4.3575801e-01   2.2293148e-01  -2.6086701e-02  -1.0263254e-01  -3.3298821e-01   8.1513910e-02   2.7035001e-01  -4.2011687e-01  -4.2755165e-01   1.9322810e-01   5.4862073e-01  -3.9898911e-01  -4.2056656e-01   3.2933378e-01  -7.1353047e-02  -6.5523038e-02   1.9134664e-01   1.0425689e-01   2.1326412e-01
