   0.0000000e+00   6.8595025e-02   3.5573745e-02  -1.7484679e-01   2.0310767e-01  -8.6483543e-02  -3.6503022e-01   2.5065607e-01  -1.3586229e-01   1.7501749e-01  -3.1267240e-01   1.4171843e-01   1.4987180e-01   4.9706675e-01  -4.2337059e-01  -4.7037206e-01   5.5326954e-02  -2.9132440e-01   2.0223420e-01   4.9972550e-02  -5.0928292e-01   2.3269025e-01  -3.2020196e-01   7.0582866e-01  -1.5487538e-01   3.3144617e-01  -2.2407690e-01  -1.2323785e-01  -2.9396141e-02  -1.4294562e-01  -3.8196046e-01   2.2427581e-02  -1.2714460e-01  -3.4906479e-01  -4.4742344e-01  -6.5320409e-02  -2.0315703e-01   6.4684127e-02  -5.7491310e-01  -1.2647203e-01  -8.7196624e-02  -7.9253370e-02   1.8306767e-01   2.8195816e-03  -3.5678375e-01   6.6758712e-01  -1.4333613e-01  -4.3306627e-01  -2.8333518e-01   8.2111573e-02  -2.0130230e-01   1.7500810e-01  -2.9127798e-01   2.0151188e-01   1.7031778e-01  -1.2560482e-01   1.9242824e-01   1.2217535e-01  -1.7686150e-01   9.1495043e-02  -1.0987462e-01  -3.0526449e-01  -1.0369568e-02  -3.8959501e-01  -4.0287534e-01   1.0524150e-01  -1.9436747e-01  -1.0204161e-01  -7.0563694e-02   3.7638917e-01  -3.3610510e-01  -7.4659690e-02  -4.5717892e-01   7.9652177e-01   9.6204267e-03  -4.3579683e-02   4.9524108e-02   2.0419377e-01  -1.7289310e-01  -1.9389569e-01  -2.1845345e-01  -4.7142378e-01  -3.4058500e-01   3.5421555e-01   2.7261752e-01  -3.7217606e-02  -5.0971954e-01   5.2812612e-01   2.7818545e-01   7.9827465e-01   1.3029922e-01   1.5553135e-01  -1.8373589e-01   6.5247876e-02  -5.8759447e-02   3.4091171e-01  -9.0439313e-02   2.5019880e-01  -5.5236222e-02  -4.4696526e-01   1.7637385e-01  -3.6958325e-01  -1.5783834e-01   1.2116094e-01  -7.7948858e-02   7.6708791e-02   2.8396949e-01   1.7460268e-01  -4.0516061e-01  -3.9432720e-02  -3.8620084e-01   2.7752288e-02  -1.1978617e-01   8.1621814e-01  -2.0507284e-01  -8.0281659e-02   2.9481110e-01  -7.9815768e-02  -1.6034219e-02  -2.3691861e-01   6.7882258e-01   1.8707758e-01   4.5457813e-02  -4.1957146e-01   7.4377202e-01   6.1023934e-01  -5.4264638e-01  -1.5045871e-02   2.7828098e-01   1.6835918e-03  -2.4260991e-01  -2.8764955e-01   7.7241817e-01  -4.4525670e-01   1.2912770e-01   1.6978853e-01  -1.1025799e-01  -3.8372649e-01   1.6984416e-01   4.4337937e-01   7.5380210e-01   1.3007465e-01  -1.8497779e-02  -1.5300704e-01  -5.7366993e-01  -3.2515891e-01  -4.2118821e-01   1.6673558e-01  -1.2252015e-01  -4.7052813e-01   3.6129769e-01  -2.4431985e-01   7.2362818e-01   1.1143538e-01  -5.5312856e-02   5.5056377e-01   1.8392428e-01  -1.2097674e-01   1.6788565e-01   6.4660738e-02  -3.7663179e-02  -9.1157155e-02   7.3343976e-02  -1.4942253e-01   4.0962004e-02  -1.3233606e-01  -4.7512414e-02   1.8204076e-01   6.9661638e-01  -4.8573013e-02  -1.6843720e-02  -1.3066258e-02  -8.6457789e-02  -1.9158857e-01  -7.8326983e-02  -1.3250120e-03  -3.6145537e-02
   6.8595025e-02   0.0000000e+00   2.4392792e-01  -5.5910510e-02   1.0463359e-01   7.1489581e-02  -1.1719888e-01  -1.0056955e-01   1.5465066e-01  -1.5488929e-01  -3.7174801e-01   3.3763291e-01  -9.7888858e-02   1.4322755e-01  -1.0014156e-01  -1.3070874e-01   3.7167635e-01  -2.4083994e-01   1.2085052e-02   1.2398106e-02  -7.6781080e-03  -2.3424559e-01  -2.1589918e-01   1.3664467e-01   8.9776457e-02  -2.7284878e-01  -1.2003194e-02  -2.4467159e-02  -2.3460606e-01   9.8065057e-02  -1.1099403e-01  -1.3847710e-01   1.2678121e-01   2.5404652e-02   7.5452788e-02  -1.7996289e-01   4.5910021e-02  -1.2561610e-02  -4.8053873e-02   2.9803640e-01  -1.7141282e-01   3.9714647e-02   1.8659194e-01   1.4771279e-01  -1.4135922e-01  -5.3144528e-02  -3.5137237e-01   9.8607314e-02  -1.5075763e-01   1.7779502e-01  -2.1463769e-01  -2.4602183e-01   1.7576171e-01   1.8232102e-01   2.3814783e-01  -8.7900903e-03   3.9308116e-04  -3.6211603e-01  -3.5789340e-01  -8.6821389e-02   2.8533705e-02  -5.8733641e-02   2.2347207e-02   6.9670133e-02  -4.7020510e-02  -1.2190969e-01   2.3473691e-01  -2.1183463e-02  -2.3025309e-01   1.7227256e-01   3.5756338e-01  -8.1520718e-02  -1.1700610e-01   2.6616951e-01   1.9274131e-01  -4.3892623e-02  -1.9757975e-01  -5.1216153e-02   1.2538881e-01  -2.1613771e-01  -1.0990376e-01  -8.8101361e-02   1.8679510e-01  -2.2814822e-01   4.3206271e-01  -1.4793381e-01   2.2255665e-01   2.1123148e-01   5.5758959e-02   8.6922229e-02   1.3279517e-01   8.1627292e-02   7.8634577e-02  -1.1185258e-01  -1.7904777e-01   1.6588017e-01  -1.0170901e-01  -3.2331932e-01  -1.1939940e-01  -2.3388832e-01   4.0682335e-01  -3.6559084e-01   2.3158496e-02   2.1619694e-01  -1.8660328e-01  -1.6943442e-03   2.1386484e-01  -3.2347447e-01  -1.2023367e-01   3.3173383e-01  -3.4117462e-02  -1.5392452e-01  -7.9873703e-04   1.1799400e-02   2.0817100e-01   8.8507712e-02  -1.9764102e-01  -3.3416469e-01   3.2687071e-01  -9.0628219e-02   2.8353988e-02   2.0630792e-01  -5.9448306e-02  -9.4021720e-02   5.4255810e-02   4.8116813e-02   4.8247258e-02   1.7346487e-01  -1.2549054e-01   3.7918643e-01  -3.2986981e-02  -1.9083931e-02   3.0032518e-01   3.6025172e-02  -6.3270375e-03  -1.5344926e-01  -1.4682133e-01   1.3073271e-01  -3.2836990e-02  -5.3833802e-02   9.2966088e-02   1.5989493e-02  -4.0314634e-01   3.0011556e-01  -1.7674073e-01  -2.0979170e-01   2.5325851e-01  -2.1022118e-01  -1.0794975e-01  -1.0623418e-02   2.5696740e-01  -2.4985327e-02   3.6959578e-02  -1.7373922e-01   5.2052019e-01   6.5481548e-02  -2.0281188e-01  -4.0840181e-01   8.1829118e-02  -2.2410507e-02   1.8890400e-01  -4.9440865e-01  -1.0856053e-01  -2.5137327e-01  -2.6230097e-01  -2.2645908e-03  -1.7363100e-01  -5.8169905e-03   1.6587450e-01   2.4840594e-01  -2.6142382e-02  -8.8528414e-03  -1.7177544e-01   3.4339342e-01   1.9133937e-01   1.0850180e-01  -1.3752397e-01
   3.5573745e-02   2.4392792e-01   0.0000000e+00  -2.8124561e-01   6.2926940e-02   8.2367025e-02   8.9689351e-02   3.2961753e-02   8.7490178e-03  -1.9614694e-01  -4.8605562e-01   3.8829583e-01   7.3302582e-02  -5.3603086e-02  -3.4949731e-01   1.4408872e-01   8.5453880e-01  -4.0303136e-01   3.1889618e-02   1.7667073e-01  -1.6598646e-01  -3.3687137e-02   8.3456195e-02  -1.8418258e-01   1.0154902e-01   8.7713017e-02   7.8238706e-02  -2.2276240e-01   1.0867051e-01  -2.6778176e-01  -3.2355036e-01  -1.4691196e-01   1.3483205e-01   1.2976221e-01   1.5493976e-01  -1.7380201e-01  -2.3659753e-01   1.8264911e-01   4.4581946e-02   5.1044091e-01  -2.1167311e-01   1.3584176e-01   1.3556062e-02  -4.2242299e-02  -3.9453486e-01   9.7315354e-02  -3.7182842e-01  -1.0817769e-01  -2.6599084e-01   5.6552112e-01  -2.5041047e-01  -2.3548644e-02  -3.7390842e-02   6.3847253e-01   1.4996510e-01  -1.0814360e-01  -2.3805475e-02  -1.2013805e-01  -2.4945234e-01  -4.6735401e-02   2.7381965e-01  -1.5467678e-01  -1.7565654e-01  -2.1010194e-01  -3.7763959e-01  -2.5909814e-01   2.3635349e-01   4.3111122e-02  -1.7841999e-01   3.5768963e-01   3.7236575e-01  -2.5072139e-01  -5.3584399e-02   1.2804707e-01   3.4569472e-01  -1.1784330e-02   1.0668120e-01   9.7534378e-02   1.5051780e-02   1.3953173e-01  -1.2274971e-01   7.2379245e-02  -6.5536124e-02  -3.3176508e-02   1.7865744e-01  -1.2647809e-01  -1.1069184e-01  -1.0661929e-01   1.7960422e-01  -1.2682551e-01  -1.2675746e-01   5.9817601e-01   3.3269876e-01  -9.6497260e-02   2.6339575e-02   2.6789137e-01   1.1224694e-01   3.3619720e-02  -1.7010493e-01   8.7891947e-02   1.9175190e-01  -2.0330099e-01  -2.2844020e-01  -2.5535816e-02  -2.3334022e-01   4.6114167e-02   5.5515013e-01  -4.6100847e-02   1.7654307e-02  -2.1650619e-01   1.3753923e-01  -2.3211547e-01  -6.6793727e-02   1.1187708e-01   1.8949186e-01  -8.4308343e-03  -3.8574409e-02  -3.2358522e-02   5.5128234e-02  -1.0890022e-01   6.0542297e-02   7.8692781e-02   3.8752844e-01  -2.5477040e-01   4.5649730e-02  -8.0332901e-02   9.0420845e-02   4.2851050e-01  -1.3863203e-01   5.3109191e-01   1.2468150e-01  -2.2199590e-01   8.6124587e-02  -2.9463756e-02   2.6631451e-01  -3.6355646e-02   3.2343074e-01  -1.1170984e-01   1.2148980e-01  -2.5769258e-02   3.6083548e-02   5.9074333e-02  -3.5177562e-01   3.1401224e-01  -1.8704852e-02  -3.3320186e-01   5.8469068e-01  -4.6959195e-01  -5.4690796e-02  -9.6919199e-02   4.6440710e-02  -1.6887572e-01   5.0919127e-02  -3.4720697e-01   6.9686744e-01  -1.0275797e-01  -1.7781969e-01  -3.0237759e-01   5.2480197e-01  -1.5445983e-01   1.2148747e-01  -4.1366585e-01  -4.8496832e-01  -3.8428713e-01  -1.4730448e-01   1.4967421e-01  -4.4775324e-01  -9.5009616e-02  -7.1365801e-02   4.7070876e-02  -1.8517713e-02   3.5893049e-02  -4.3024771e-01   1.2207576e-01   5.4795967e-02   9.9802516e-02   6.8247233e-02
  -1.7484679e-01  -5.5910510e-02  -2.8124561e-01   0.0000000e+00  -2.4763276e-01   3.3609264e-01   5.3884373e-02  -2.3004478e-02  -1.4081318e-01   2.6298199e-01   3.8343616e-01  -4.2682580e-01  -4.0567656e-02   2.0838859e-02   2.6035418e-01   6.1006274e-02  -3.8413995e-01   4.7684781e-01  -1.2824967e-01  -2.5605037e-01   3.4654214e-01   3.6285815e-01   2.3257314e-01  -5.7302484e-02   2.0840440e-02  -3.0963530e-01   2.9369006e-01   5.0835880e-02  -2.5160163e-01   6.0731460e-02   1.6069903e-01   3.2774211e-01   2.8526457e-02  -3.0822859e-01   3.2147473e-01   7.8798332e-02   1.0895584e-01  -2.2328630e-01   1.4114544e-01  -3.7018587e-01   6.6353172e-02   6.6411297e-02  -1.6792274e-01  -4.2377124e-02   2.2116567e-01  -1.9680855e-01   4.4371894e-01   5.2337425e-02   3.6481872e-01  -4.4776263e-01   4.3441819e-01   7.5067577e-02  -2.5335639e-01  -3.4943770e-01   8.3142919e-02   1.5409532e-01  -8.4717886e-03   2.3972649e-01   3.0064122e-01   4.5667507e-01  -4.4787309e-02   1.6894184e-01   1.2125245e-01   5.6823659e-02   1.6537848e-01   1.9615193e-01   9.8654213e-02  -1.5880192e-01   4.3103059e-01   1.9737943e-02  -2.9278976e-01   5.5454770e-01   6.1672365e-02  -1.3741203e-01  -1.1285655e-01   7.0589945e-03  -9.8771583e-02  -1.1271115e-01  -1.8707006e-01   2.3551687e-01   1.9284053e-01   6.1591584e-02   1.5229863e-02  -2.3623594e-01  -1.3594017e-01  -6.3845964e-03   3.5358072e-01   5.8269781e-02  -3.9064259e-01  -2.5132837e-01  -1.5944041e-01  -1.9029990e-01  -3.8458484e-01   1.7240901e-01  -8.1007312e-02  -3.1623307e-01   4.0774101e-01  -3.0769503e-02   3.0145774e-01   1.9290279e-01  -1.9416383e-01   2.5004751e-01   5.4094025e-01   5.0495313e-01   4.6961834e-01   2.7393208e-01  -3.7784932e-01   1.9016884e-01  -1.9847267e-01   6.9695951e-02  -6.6305881e-02   4.2690927e-01   4.0263133e-01  -2.7138126e-01  -1.0414047e-01  -2.2819774e-01  -1.6412525e-01  -9.1782866e-02  -1.2326577e-01   5.8538986e-01  -1.3377967e-01  -3.5026249e-01  -3.0447879e-01   1.0512762e-01  -2.5713856e-01   1.6944262e-01   2.6199333e-01  -6.0864142e-02   3.7025146e-01   1.6503367e-02   2.3717087e-02   1.1258611e-01  -1.3300046e-01  -1.3215782e-01   1.7940568e-02  -1.0064907e-01  -8.0585676e-02   9.5671804e-02  -1.6837949e-01  -7.7309523e-03  -2.5263736e-02   1.1365942e-01   2.3232401e-01   1.0768896e-01   5.9116636e-02   3.3781724e-01  -2.6056975e-01   2.0605625e-01   1.5654992e-01   9.1374205e-02  -4.7346766e-02   1.5553736e-01  -2.8007453e-01  -4.8850129e-02  -3.8848661e-01  -2.9056161e-01   1.9264998e-01   1.1264660e-01  -2.0392518e-01   1.2432873e-01   7.9605306e-02   2.3418039e-01   1.2781089e-01   5.2706141e-01   2.2157011e-01  -3.2023187e-01   1.3751643e-02   1.2844354e-01  -1.1702693e-01  -3.1294993e-01  -3.5078415e-01  -2.6028970e-01   2.8355827e-01   2.6453229e-01   7.1861471e-04   8.7802060e-02   3.4448334e-01
   2.0310767e-01   1.0463359e-01   6.2926940e-02  -2.4763276e-01   0.0000000e+00  -4.3882903e-01  -2.2671942e-01   1.8845666e-01   1.6465127e-01   2.8334339e-02  -3.6028926e-01   2.8752964e-01   1.3220400e-01  -1.8884630e-01  -3.9740359e-01  -1.0488919e-04   1.4855846e-01  -4.0952154e-01  -7.5538273e-02   7.3934156e-01  -5.5306518e-01   1.3925473e-02  -5.7985547e-01   1.4650728e-01  -9.5396106e-02   2.5045718e-01   1.1951956e-01  -5.2534893e-01  -2.4723051e-02   1.4479670e-01  -2.1718823e-01  -8.7278931e-02   7.3067996e-02   2.7453794e-01  -2.5741140e-01   5.6969247e-01   2.3565257e-01   2.1849034e-01   4.8712296e-02   4.1693082e-01   2.7308592e-02   1.2365941e-02   3.8834658e-01  -3.3973193e-01   1.0526547e-01   1.8902438e-01  -1.1364900e-01  -1.3744532e-01   1.1862781e-01   4.6515904e-01  -4.2081761e-01   2.9014328e-03   3.5574266e-01   4.1585723e-02  -3.7698825e-01  -6.3122814e-01   1.2458243e-01   4.1073815e-02  -1.9762305e-01   4.7805968e-02   3.2368152e-01   3.0450766e-01   2.4176943e-01  -4.3049895e-02   1.1062749e-01  -1.3678926e-01  -1.7080960e-01   2.9983768e-01  -4.1548187e-01  -1.9054089e-01   1.0376427e-01  -2.7156234e-01   1.3781893e-01   1.6334328e-01  -1.9773784e-01   1.0149775e-01   2.4784328e-01  -1.6175150e-01   7.3533616e-01   5.2408468e-03  -6.6245250e-01  -5.0960160e-03  -5.2997750e-01   1.0637566e-01  -3.4745096e-01  -1.0172782e-01  -5.0131530e-01  -1.2893905e-01   5.1895548e-01   1.3789620e-01   7.8283079e-01   2.1743814e-01   3.4230620e-01   2.1626825e-01   8.7528306e-02   8.0396148e-01  -8.2720797e-02   3.1108304e-03   2.0313195e-01  -3.1679967e-01  -2.9288052e-01  -1.9250875e-01  -5.7200134e-01  -2.2061037e-01  -4.6783149e-01   1.2768117e-01   4.6431063e-02  -2.3609495e-01   2.1639611e-01   9.2250212e-02  -3.9809008e-01  -3.2995297e-01  -8.0682911e-02   1.0933192e-01  -4.4988438e-01   7.0614795e-01  -2.1868641e-01   1.3356474e-01  -5.2927441e-01  -2.5142593e-01   1.5182746e-02   7.8288822e-01   2.4967782e-01  -2.5566182e-02   1.3045497e-01  -1.3327439e-01  -2.1920324e-01   1.9842992e-01  -7.2166793e-02  -4.1750959e-01   1.2171337e-01   4.8671848e-01   7.8153210e-02   1.2364406e-01   2.0817204e-01   1.7395783e-01   6.5062526e-02  -6.1088523e-01   1.8916833e-01  -5.7961452e-02   1.2272059e-01   1.4426208e-01  -2.7474971e-01  -5.5076004e-01  -2.6052777e-01  -5.6691621e-01  -3.2107427e-02   9.3593926e-02  -3.1642221e-01  -2.9398218e-01  -3.0930239e-01  -5.8886740e-01   1.3663947e-01   3.7363776e-01   8.2866244e-02   1.9097030e-01   2.7084138e-03  -1.2523527e-01   3.3271533e-01  -4.1342503e-01   2.2546959e-01  -3.2547172e-01   6.5128097e-02  -4.0252151e-01   4.0851830e-02   4.8558931e-01   6.2221665e-02  -1.6395719e-01   1.4651649e-01   4.2873090e-01   6.2437558e-01   1.0390829e-02   6.5072844e-02  -4.8204233e-01   8.4982364e-02   6.3237919e-02   1.7172386e-01
  -8.6483543e-02   7.1489581e-02   8.2367025e-02   3.3609264e-01  -4.3882903e-01   0.0000000e+00   1.9645813e-01  -9.0847210e-02  -4.1112991e-01   8.4761183e-02   2.8069691e-01  -1.1320994e-01  -1.9912499e-02   2.3056959e-01   1.8978571e-01   3.4931674e-02  -1.1640993e-01   4.1988584e-01   1.4121567e-01  -2.6037211e-01   1.9849254e-01   2.3787819e-01   2.2130308e-01  -3.6472932e-02   1.8283773e-01  -1.4817173e-02   2.9066500e-01   2.5115322e-01  -1.1588035e-01  -3.2988627e-01  -3.5528335e-01   3.5539532e-01   5.4698734e-02  -5.1598788e-01   2.5459281e-01  -8.7265526e-02  -1.9892153e-01  -2.2863251e-01  -1.3281560e-01  -3.0218935e-01  -1.2798183e-01   1.4185459e-01  -6.3311674e-02   1.5092685e-01   2.0839068e-01  -1.1069635e-02   4.3067927e-01  -1.7903588e-01   7.6828832e-02  -4.1460183e-01   6.8063701e-01   2.7187607e-01  -6.9250381e-01   7.5652025e-03   3.9068368e-01   4.9360325e-01   1.7271508e-01   1.6195376e-01   1.6871648e-01   3.1235393e-01  -1.4158019e-01   3.7215800e-02  -2.9342355e-01  -3.8311562e-01  -3.7131535e-01   4.9076205e-01   4.7243620e-01  -3.5529758e-01   6.4581090e-01   4.3020723e-01  -3.6886655e-01   4.7948043e-01  -2.9465066e-01  -2.1660296e-02   8.9571589e-02  -2.3602435e-01  -7.7057709e-02   1.4123314e-01  -6.0206682e-01   2.6035707e-02   4.2166253e-01  -1.5234538e-01   7.3519433e-02  -2.2281132e-01   4.2420288e-01  -1.7870681e-01   2.2699039e-01   1.4162718e-01  -5.2924132e-01  -1.0888772e-01  -5.4713599e-01  -7.1971001e-02  -3.8188012e-01  -1.2577876e-01  -1.1266430e-01  -3.8651819e-01   2.9040314e-01   1.4497029e-01   5.8615471e-02   3.9943643e-02   1.0189661e-01   3.1553736e-01   5.5209721e-01   3.5700952e-01   7.3379645e-01  -8.5660672e-02  -6.3734229e-03   4.7296291e-01  -3.4524262e-01  -2.3770276e-01  -4.0743124e-02   5.7877146e-01   2.3444972e-01  -1.3913563e-02   1.8133506e-01  -5.9777064e-01   2.3821897e-01  -1.8927712e-01   2.4704106e-01   4.6616460e-01   1.4288210e-01  -5.1104061e-01  -3.4281720e-01  -3.5093210e-01  -3.7053819e-02   1.7680062e-01   2.1901473e-01  -1.5797884e-01   1.9971762e-01   4.7658871e-01   4.5168119e-02  -3.1928708e-01   9.7095314e-02  -5.7609736e-01   4.7358531e-02  -4.0285461e-01  -1.4041863e-01   1.4868915e-01  -2.6513165e-01   1.6332871e-01   1.6628783e-01  -8.6449664e-02   4.3786899e-01   6.5828003e-01  -1.0400477e-01   2.4598939e-01  -6.0042346e-02   2.4740668e-02   2.9397321e-01  -2.5791523e-01   4.1409312e-01   1.6792100e-01  -9.6995821e-03  -4.7811927e-01  -1.5921791e-02  -1.0311967e-01   1.3341230e-01   2.4766908e-01  -1.3572374e-01   3.9152725e-01  -1.6840354e-01   3.1731307e-01  -2.5143520e-01   5.8417064e-01   1.3501930e-01  -5.6585821e-01   6.5567983e-02   3.2210967e-01  -1.7212463e-02  -6.2002667e-01  -4.9570591e-01  -1.4784597e-01  -1.1443858e-01   8.0177565e-01   9.8897871e-02   7.6435585e-02   2.2590514e-01
  -3.6503022e-01  -1.1719888e-01   8.9689351e-02   5.3884373e-02  -2.2671942e-01   1.9645813e-01   0.0000000e+00  -1.0170014e-01   1.1227124e-01   3.4353643e-01   2.4332121e-01  -1.1316508e-01  -1.0939453e-01  -3.0058318e-01   1.4161405e-01   9.6642164e-02  -4.7583882e-02   4.5212786e-01   5.3285098e-02  -8.4260936e-02   3.1885181e-01  -5.3189241e-02   5.0769235e-01  -3.9637441e-01   1.9451901e-02  -3.3403730e-02   3.5652122e-01   1.9659878e-01   1.0254355e-01   2.0620399e-01   1.4590580e-01  -1.0116394e-01  -2.4087158e-01   3.3655320e-01   3.5485446e-01   1.2952380e-01   1.0309200e-01  -2.3913165e-01   2.1101728e-01   5.3097252e-02  -2.9416222e-02  -1.3181312e-01  -8.4244946e-03  -6.1818324e-02   3.4222038e-01  -2.2730072e-01   1.7699256e-01   6.5103290e-01   1.7501275e-02  -3.7864936e-01   3.5017959e-01  -1.1596977e-01   6.4383141e-03  -2.0105159e-01  -2.7759590e-01   2.6470774e-02  -1.5759717e-01  -8.8017010e-02   1.7847998e-01  -6.6096158e-03  -1.0199781e-01   1.9760682e-01   1.8910394e-01  -7.5419544e-02   4.8254802e-02   2.4608009e-01   2.1176975e-01   2.9673834e-02   5.1337335e-02   1.1041508e-01   2.1586854e-01   2.7092456e-01   6.6209915e-02  -3.4460377e-01  -2.5532952e-01  -1.1020242e-01  -2.0035517e-01   9.1897499e-02   2.4734170e-02  -1.0085175e-01   4.7998420e-01   3.0730137e-01   2.8917747e-01  -1.2560362e-01  -2.7245650e-01  -1.0690872e-01   2.2143657e-01  -3.8468308e-01  -4.3722410e-01  -3.6666939e-01  -2.4589723e-01  -2.4799525e-01   1.7720477e-01   2.8726561e-01  -1.1828704e-01  -3.6269840e-01   1.2682516e-01  -9.8991295e-02   6.3636445e-02   7.0757370e-01  -2.3001488e-01   2.2447732e-01   9.9505535e-02  -6.0808905e-02   2.2152262e-01  -1.3204350e-01  -2.0463417e-01  -7.5404082e-02   3.7660145e-01   2.3470077e-01   5.3576383e-01  -8.2060009e-02   1.6202134e-01  -3.8678429e-01   2.3192952e-01  -2.5101430e-01  -1.8158045e-01   5.1157753e-02  -6.7838015e-02   1.3237960e-01  -3.4410534e-01  -4.1981769e-01  -1.7861509e-01   8.1677241e-02  -2.3218746e-01  -2.2423240e-01   2.2262694e-01  -1.0340214e-01   2.9475794e-02   2.2903056e-01   2.0566048e-02   2.1245685e-01  -3.7934758e-01   2.1375377e-01  -1.3256243e-01  -3.5939545e-02  -2.5723937e-01   3.0546578e-01  -1.2841552e-01  -2.3371971e-01  -2.8353720e-01  -1.5873127e-01  -2.6103095e-02   1.7745539e-01   4.1686539e-01   3.0047415e-01   4.2273725e-01   1.4727330e-01   6.7678251e-01   3.2715571e-01  -2.2312359e-01   4.0223141e-01  -3.4789177e-01  -7.7853231e-02   4.3515072e-02  -4.1795465e-01  -1.8969885e-01   1.2493712e-01  -3.0976835e-01   1.5933960e-01   4.4206505e-02   4.2702149e-02   2.2307229e-02   2.0950689e-01  -3.8322245e-02   8.1955656e-03   2.7383769e-01  -9.1849217e-02  -3.6607846e-01  -4.9105878e-02   1.5037626e-01  -2.3378472e-01   1.1793660e-01   1.1715987e-01  -6.8847338e-02  -2.7288228e-01  -1.2541408e-03
   2.5065607e-01  -1.0056955e-01   3.2961753e-02  -2.3004478e-02   1.8845666e-01  -9.0847210e-02  -1.0170014e-01   0.0000000e+00   3.2504379e-02  -1.3294528e-01  -2.0368598e-01   2.0648590e-01   8.7173477e-02  -6.1705339e-02  -1.4836991e-01   2.6985827e-03  -5.5568339e-02  -5.2316422e-02   2.0707870e-01   1.5225938e-01  -3.1993444e-01   4.1611673e-01  -2.0608716e-01   2.5119349e-01   1.8058160e-01   4.2600282e-01  -1.2571857e-01  -2.0244617e-01  -1.2246250e-01  -1.2548124e-01  -2.8700639e-01   2.0010459e-01   1.2755963e-01  -3.9009130e-02  -3.0998657e-02  -1.3198664e-01   1.1286945e-01   1.1289226e-01  -3.9531914e-02  -1.4758352e-01  -1.4566085e-01   2.3253049e-01   7.1187681e-02   7.7519079e-02  -7.5120203e-02   3.2584022e-01  -1.6097871e-01  -2.4668853e-01  -5.9748402e-02  -3.9424936e-02  -3.1433943e-03   4.6798082e-01  -9.9977991e-02   1.4483998e-01  -1.5425793e-01  -1.4387271e-01   2.2012018e-01   3.7226751e-01   1.7264093e-01   2.2206292e-01   1.8100619e-01  -2.9037714e-02   6.7462688e-02  -1.9383601e-02  -2.0010993e-02  -8.6678522e-02  -1.8615386e-02  -4.9356326e-02  -2.2019965e-01   2.1129732e-01  -2.3089570e-01   5.7704226e-02  -1.2850374e-02   2.8732565e-01   9.2568686e-02   5.5322091e-02  -6.4592509e-02   2.0115160e-01   6.1462207e-02   1.0289075e-01  -1.0751981e-01  -9.9392676e-02  -3.7895904e-01   3.9953696e-01  -1.1226986e-01   1.9010213e-01  -3.4911550e-01  -1.7354006e-02   8.4439430e-02   2.4188858e-01   7.3257685e-02   1.9070988e-01   5.6766063e-02   5.5901410e-02  -8.6584413e-02   1.5182812e-01  -4.0918897e-02   3.3113906e-01  -1.5354063e-01  -1.3966395e-01  -8.9786316e-02   3.8814757e-02  -1.2606317e-01   1.6502107e-01  -9.4951589e-04   2.7248366e-01   1.0996736e-01   2.2035666e-01  -6.3323514e-02  -2.7740093e-01  -1.9438846e-01   1.2535149e-02   1.2570089e-01   2.8959309e-01  -1.6745192e-01  -4.5119303e-03   1.4414152e-01   2.9459705e-03  -2.1256408e-01   1.3019342e-01   2.2703809e-01   1.3489994e-01  -9.1053815e-02  -1.0231072e-01   3.2412960e-01   1.6531620e-01  -6.1573835e-02   1.5681539e-01   3.3703836e-01  -1.9719280e-01   1.6343574e-01  -9.3538168e-02   2.0873479e-01  -2.4208871e-01   2.0200530e-01   2.6930248e-01   1.6394283e-01  -2.8977771e-01   4.7386508e-01   1.4921310e-01   2.4174682e-01   1.6317477e-01   1.5115176e-01  -2.0575813e-01  -1.2447234e-01  -1.7271295e-01  -1.3955015e-01  -1.5444495e-01  -2.2656124e-01  -1.9950373e-01   7.5101499e-02  -6.5285332e-02   2.0139277e-01   4.2382501e-02  -1.5683675e-01   2.8694856e-01   1.4977247e-01   1.2593315e-01   1.4836573e-01   8.3241512e-02   1.1908816e-01   8.6116294e-02  -1.3421211e-01  -2.3992879e-03   2.6928634e-01  -3.0252776e-02  -1.1112257e-01   1.5480418e-01   2.0537487e-01   1.7085714e-02   2.7332208e-02  -2.4298784e-01   6.4638424e-02  -2.8398413e-01   1.7013196e-01   2.3099308e-01   3.0346907e-01
  -1.3586229e-01   1.5465066e-01   8.7490178e-03  -1.4081318e-01   1.6465127e-01  -4.1112991e-01   1.1227124e-01   3.2504379e-02   0.0000000e+00  -1.3149029e-01  -1.4867882e-01   1.7642407e-01  -2.2711631e-01  -2.5877182e-01  -5.9591358e-02  -7.9695995e-02   1.7459429e-01  -2.0581851e-01   1.4001543e-02  -1.4290133e-02   9.9518842e-02  -3.7048478e-01  -4.3084525e-02  -1.1224958e-01   7.3288958e-02  -1.2676776e-01   4.4594329e-03  -1.7779666e-01   1.4480061e-01   5.3411548e-01   3.3419503e-01  -2.7663636e-01   5.8226004e-02   3.9920196e-01   1.3882949e-01  -1.3307674e-01   2.1970007e-01   2.2359717e-02   6.4012822e-02   3.0208245e-01  -2.1639254e-01  -4.1709266e-02   1.1744449e-01  -1.4548300e-01  -5.4656575e-02  -5.3798192e-02  -3.6976240e-01   3.9692623e-01  -4.2370720e-02   6.1501894e-02  -2.9778360e-01  -2.3190412e-01   5.5990149e-01  -4.3294187e-02  -3.1721116e-01  -2.3946908e-01   8.2194968e-02  -2.3708473e-01  -3.7021323e-02  -1.7548483e-01   3.3025022e-02   4.4939380e-02   5.7290168e-01   4.5372025e-01   4.4181497e-01  -3.6121507e-01   1.6305023e-01   2.6454932e-01  -4.8148385e-01  -7.5445943e-02   3.8654725e-01  -2.0590058e-01   8.6802099e-02  -5.3683315e-02  -1.9662675e-01  -2.5214856e-03  -1.1575355e-01   3.5372553e-02   4.4250260e-01  -9.4209810e-02  -1.1956526e-01   5.5374145e-02   2.4437166e-02  -1.1226005e-01  -2.6089596e-01   4.4871214e-02   1.9768962e-02  -2.6216561e-01   2.5911067e-01  -9.4862873e-02   3.3516857e-01  -3.8189628e-02   1.3473725e-01   3.3981653e-01  -3.8464366e-02  -1.0354137e-02  -1.5872087e-01  -1.6797027e-01  -9.5108324e-02   6.2286509e-02   3.7931426e-02  -1.4476861e-01  -3.2025569e-01   3.8554323e-02  -4.0632773e-01  -8.4048435e-02   3.0540478e-02  -3.1353861e-01   2.1889267e-01   1.5194270e-01   1.3450072e-01  -3.5352369e-01   3.8332541e-02  -1.6280289e-01  -5.5578945e-02   2.2729245e-01  -2.3070847e-01  -2.1818570e-01  -5.3075631e-02  -2.8886076e-01  -1.9620691e-01   1.0351273e-01   1.2686477e-01   5.4040791e-01  -3.6679124e-02  -2.8262402e-01   2.6815001e-02   9.7508924e-02  -1.2216882e-01  -3.5793689e-02  -1.1957146e-02   2.2219725e-01  -1.5290312e-01   4.3454648e-01  -9.1773489e-02   2.3038132e-01  -1.4370318e-02   5.3793506e-02   2.4936953e-01  -3.9867656e-02  -1.2924633e-01  -9.0525405e-02  -2.9126810e-01  -2.0959174e-01   1.4465221e-01  -9.9482505e-02   1.3411968e-01  -1.3272250e-01  -1.9551443e-01   3.3367193e-01  -2.7574425e-01   6.5405039e-03  -8.0926318e-02   2.7219974e-01   2.7700571e-01   2.2085967e-02  -1.4171821e-01  -2.9769485e-01  -7.9328333e-02  -2.5284916e-01   3.8318631e-01  -1.4637592e-01   1.5364525e-01  -2.8799157e-01  -2.4629091e-01   1.9342896e-01  -8.8685122e-02  -1.5495649e-01  -1.1726563e-01   2.2623576e-01   1.9123248e-01   5.0524304e-02   1.9891767e-01  -2.3123214e-01   1.9163970e-01  -1.6740276e-02  -2.8108447e-01
   1.7501749e-01  -1.5488929e-01  -1.9614694e-01   2.6298199e-01   2.8334339e-02   8.4761183e-02   3.4353643e-01  -1.3294528e-01  -1.3149029e-01   0.0000000e+00   2.1842647e-01  -3.0277708e-01   7.5486678e-02   4.9189390e-02   2.4499971e-02  -2.1975798e-01  -2.8291890e-01   2.5705923e-01  -9.4305836e-02   3.0442954e-02  -2.6791675e-02   2.6647279e-01   2.3049806e-01   1.5112338e-01  -2.1566117e-01   4.9559267e-04   4.2468196e-01  -2.7008472e-02  -5.0122042e-02   1.4847219e-01  -3.8266264e-02  -8.9615415e-02  -2.5828902e-01  -2.8515815e-03  -1.0666003e-01   4.4358018e-01   3.8019003e-02  -2.8864200e-01  -1.3867914e-01  -4.9988942e-02  -4.6058037e-02  -2.9440236e-01   4.3853578e-03  -1.5224003e-01   2.6561675e-01   7.5078012e-02   3.9994047e-01   2.1435767e-01   1.5449534e-01  -2.9956686e-01   1.8790741e-01  -8.2248892e-02  -1.2571192e-01  -3.9452071e-01  -2.2281746e-01  -1.8168401e-01   4.1863374e-02   3.6279648e-02   3.1886221e-02   1.9986492e-01  -2.7463230e-01   1.7474150e-01   1.1690125e-01  -3.1165573e-01  -9.1079822e-02   4.8014651e-01  -1.1357071e-01  -5.0845018e-02   1.6486996e-01   8.4355327e-02  -1.4945852e-01   2.6800032e-01  -5.2316159e-02   5.9715720e-02  -3.3329311e-01  -7.4775040e-02  -2.3145427e-01  -5.3010089e-03  -6.6211450e-02  -1.5639424e-01   6.1216490e-02  -1.4532903e-02  -7.1241557e-02   7.4929683e-02  -2.8000777e-01  -1.3757722e-01  -8.8399710e-02   6.0800841e-02  -2.6214729e-01   1.3405869e-01   9.4594075e-03  -3.7936958e-01  -9.0859597e-02   3.7496603e-01  -2.3109722e-01  -3.5142652e-02   1.2474174e-01  -2.4952316e-02   1.7843193e-01   1.6978641e-01  -2.7292070e-01   7.8354181e-02   1.1091824e-01   1.0773447e-01   1.3952509e-01   5.0769864e-02  -3.8201654e-01   5.0724754e-02   1.0103135e-01   3.2454850e-01   2.3703286e-03   2.8289225e-02   7.6292538e-02   3.0995463e-02  -2.6414005e-01  -1.4690467e-01  -4.2441807e-02   2.4225809e-03  -2.7166672e-01   9.8709941e-02   6.8501108e-02  -1.8033296e-01  -2.4731310e-01  -2.1343539e-01   7.5497689e-02   1.6272702e-01  -2.2003054e-01  -2.8518476e-01   3.5196784e-01  -2.7556044e-04  -1.3577196e-01   2.0660593e-01   3.9495661e-02  -1.6290505e-04  -1.9620862e-02   4.1811625e-02  -3.9905560e-01  -1.4341477e-01  -1.8467732e-01   6.8353818e-02   1.4733750e-01   1.2419277e-02  -2.6654362e-02  -1.6575988e-01  -6.6315767e-02   1.9642732e-02  -2.3383879e-01   5.3754821e-01   5.2953388e-01   2.0071185e-02  -9.6207190e-02  -1.0649808e-03   9.0431076e-02   8.2502029e-02  -2.6537985e-01   1.1712486e-03   1.2093478e-02   8.6925544e-02  -2.1736973e-01   4.9677476e-02  -1.3235232e-01  -4.9591872e-02   3.7354090e-01   1.7566962e-01   8.0034530e-03  -1.0126209e-01   2.7276732e-01  -1.0750444e-01   1.8889379e-01  -1.9767355e-02   1.2562352e-01  -9.7481238e-02   1.9384266e-01  -1.0707205e-01  -2.0394436e-01  -2.5589335e-01   3.7833055e-02
  -3.1267240e-01  -3.7174801e-01  -4.8605562e-01   3.8343616e-01  -3.6028926e-01   2.8069691e-01   2.4332121e-01  -2.0368598e-01  -1.4867882e-01   2.1842647e-01   0.0000000e+00  -4.8039321e-01  -1.1213312e-01  -2.2903128e-01   5.3514893e-01   1.5276185e-01  -5.0357706e-01   7.0320977e-01  -1.2986519e-01  -4.7043180e-01   4.2444246e-01   3.1531841e-02   3.3035243e-01  -1.7069803e-01  -1.3377348e-01  -1.0704886e-01   1.5074614e-01   1.5274289e-01  -7.2545514e-02   2.7308994e-01   4.4434058e-01   1.8711725e-01  -2.4901904e-01  -1.6723318e-01  -6.6542479e-03   1.2546834e-01   1.0368357e-01  -7.4968915e-02   2.9523456e-01  -5.3371934e-01   1.5320287e-01  -2.6634308e-01  -2.0457984e-01   3.2156471e-03   4.6309710e-01  -2.1017956e-01   6.3717707e-01   1.7926001e-01   3.4868477e-01  -5.9825243e-01   5.7307029e-01   1.2953717e-01  -1.5829907e-01  -4.7535225e-01  -7.1439830e-02   3.8703325e-01  -2.5323443e-01   9.9327242e-02   3.3960363e-01  -3.4113230e-02  -1.3471000e-01   3.6598556e-01  -1.8325400e-02   2.5880103e-01   2.9859143e-01   3.8940516e-01   1.1162719e-01   6.5108540e-04   5.1604885e-01  -8.7124194e-02  -3.0590617e-01   3.5840094e-01   9.8321343e-02  -4.2980998e-01  -2.1447886e-01  -1.4943235e-02  -4.2525682e-02  -7.2596402e-02  -2.5743545e-01  -1.0492461e-01   3.0615222e-01   1.0832278e-01   3.2016484e-01  -2.9101938e-01  -1.0361739e-01   1.0593115e-01   2.5146054e-01  -2.1260448e-01  -3.8073112e-01  -2.2060429e-01  -1.6864750e-01  -3.0783289e-01  -3.6781359e-01   1.4987907e-02   1.2780821e-01  -5.7753889e-01  -9.2300465e-02  -6.9714772e-03   2.4171505e-01   1.2453948e-01  -1.5647168e-01   5.3632943e-01   3.8535646e-01   3.6157034e-02   4.3325511e-01  -2.1070648e-01  -4.8509737e-01   2.4095647e-01  -9.3418427e-02   1.1966472e-01   1.3828148e-01   3.7937883e-01   2.3272110e-01  -2.6994875e-01  -1.0070963e-01  -3.3563859e-01   1.0173572e-01  -1.5882956e-02   4.8071244e-03   2.0720042e-01  -1.2783378e-01  -4.5176042e-01  -4.7944277e-01   2.9065044e-01  -2.7784967e-01  -1.9226112e-01   2.4028127e-01  -4.1401046e-01   2.6626658e-02  -4.3025341e-02  -1.7310047e-01   2.9299252e-01  -3.3824016e-01   1.3682032e-01  -2.7424695e-01  -8.4475381e-02  -2.4831026e-01   1.8170455e-01  -1.8646044e-01   9.9394231e-02  -2.0621397e-01  -2.0259794e-01   5.5656288e-01   1.2008482e-01   1.5981532e-01   4.9062921e-01  -3.0285688e-01   4.1960119e-01   2.5477944e-01   2.0672106e-01  -4.6679968e-02   2.1515181e-01  -2.3933308e-01   3.1613185e-01  -4.9425685e-01  -1.3066954e-01   6.1461064e-02   2.3640298e-01  -4.2225042e-01   1.3040147e-01  -1.5051851e-01   6.8708506e-01   4.2727694e-01   6.0279766e-01   1.7505926e-01  -4.2075228e-01   4.9341367e-01   3.8793508e-02  -2.3934172e-01  -3.4696760e-01  -2.4717456e-01   2.0373287e-02   4.3311619e-01   3.0013976e-01  -9.8728086e-02  -1.8088903e-01   1.1359371e-01
   1.4171843e-01   3.3763291e-01   3.8829583e-01  -4.2682580e-01   2.8752964e-01  -1.1320994e-01  -1.1316508e-01   2.0648590e-01   1.7642407e-01  -3.0277708e-01  -4.8039321e-01   0.0000000e+00   1.2817958e-03   2.8117915e-02  -1.2625721e-01  -4.7102271e-02   4.8537772e-01  -5.1794529e-01   7.3873612e-02   3.6889426e-01  -3.9365928e-01  -2.0253161e-01  -3.1993259e-01   1.0253377e-01   9.4780452e-02   2.4346140e-01  -1.0698015e-01  -3.1063459e-01   1.3293781e-02  -7.9165088e-02  -3.3499193e-01  -1.8215920e-01   1.1841083e-01   3.1168360e-01   1.4622067e-01  -9.4070966e-02  -1.6301415e-01   7.8740141e-02  -2.2637105e-01   3.1621992e-01  -2.5396996e-01   2.1750308e-01   6.1847350e-01   5.2077267e-02  -5.7834618e-02   1.4630325e-01  -4.4243013e-01  -2.0399763e-01  -4.1919789e-01   4.2853454e-01  -3.5740413e-01   6.4009197e-02   1.5585687e-01   4.2876109e-01   5.7175876e-02  -2.0374548e-01  -1.9821692e-02  -1.7977137e-01  -2.4648144e-01  -5.1637117e-02   7.9967584e-02  -6.8835003e-02   1.8558336e-01   4.3141752e-02  -1.6991497e-01  -1.4826266e-01   5.1781926e-02   1.2327294e-02  -3.3753549e-01   9.6543863e-02   1.6708108e-01  -2.7673515e-01  -1.4201028e-01   2.9124230e-01   3.3230862e-01  -1.0734778e-01  -5.3296923e-02   9.4969065e-02   3.6618621e-01  -2.0931815e-02  -3.2983108e-01  -1.8287853e-01  -1.6680292e-01  -5.9836534e-02   2.8130989e-01  -8.5694272e-02  -2.5016256e-01  -4.9758585e-02   3.4452230e-01   1.1886415e-01   1.7417828e-01   2.7795996e-01   4.7954684e-01   2.5440986e-01   3.5347478e-02   3.9854591e-01  -9.8527330e-02  -1.6164689e-02  -3.7183800e-01  -3.0377830e-01   2.8693301e-01  -1.1033185e-01  -4.6991181e-01   4.8840419e-02  -3.5579162e-01  -1.2471739e-01   4.7089245e-01  -1.2952944e-01   3.4505842e-02  -6.4869511e-02   1.6883074e-02  -3.0515893e-01  -3.0917532e-02   1.8793913e-01   7.4776890e-02   1.7448322e-01  -2.9953669e-04  -1.9111677e-01   7.3260075e-02  -3.0037552e-01   1.7311934e-01   4.4818850e-01   3.0361445e-01  -7.7827858e-02   1.9285620e-01  -1.0471005e-01  -6.9073820e-02   2.4510438e-01  -1.8203934e-01   5.2997374e-02   2.3942501e-02  -2.6619053e-02   2.3641200e-01  -2.1317889e-02   3.3354637e-01  -6.6389066e-02   2.4890035e-01  -2.0716154e-01   1.7050329e-01   7.3541874e-02   7.9364992e-02  -3.3509947e-02  -1.2567615e-01   4.5548978e-02  -4.1351067e-02  -4.1130388e-01   2.8724113e-01  -3.7317155e-01  -1.6433052e-01  -1.8029657e-01   1.7594606e-01  -2.4309964e-01   2.7740399e-01  -1.7291795e-01   5.2674781e-01   2.0312538e-01  -1.5647968e-01  -2.5316563e-01   2.1782385e-01  -2.2916582e-01   3.0344540e-01  -1.7124303e-01  -3.4428771e-01  -4.5407383e-01  -2.0800798e-01   2.4142024e-01  -1.2603724e-01  -8.9378811e-02   1.5337134e-01   2.1018955e-01   3.4327364e-01   4.1707206e-02  -1.5498336e-01  -9.1746451e-02   1.7400699e-01   2.7438370e-01  -1.3797477e-01
   1.4987180e-01  -9.7888858e-02   7.3302582e-02  -4.0567656e-02   1.3220400e-01  -1.9912499e-02  -1.0939453e-01   8.7173477e-02  -2.2711631e-01   7.5486678e-02  -1.1213312e-01   1.2817958e-03   0.0000000e+00  -4.2011223e-03  -2.3548147e-01  -9.1732855e-02  -2.3147937e-02  -4.9086558e-02   2.7401496e-02   2.7068446e-01  -2.7698519e-01   2.8116734e-01  -1.8413036e-01   3.2805208e-01   9.4337226e-02   1.6391886e-01  -9.8554711e-02   4.3158570e-02   2.4130203e-02  -1.8241679e-01  -3.5119506e-01   1.9480345e-01   2.6413401e-01  -1.4300957e-01  -2.2360266e-01   1.3725749e-01   7.0531501e-02   2.4901773e-02  -7.3029754e-02   3.2960760e-02   5.6221237e-01   1.5960410e-01   7.6809743e-02  -1.3981008e-02  -2.0871854e-02   1.6243487e-01   4.1798782e-02  -2.5009564e-01  -9.0942492e-02  -1.2226130e-02   3.8512028e-02  -8.4335132e-02  -2.2519200e-01   1.0738501e-01   1.2528822e-03  -4.5864564e-02   1.8259498e-01   1.5682312e-01   1.7333725e-01  -2.0249138e-02  -1.0581413e-01   1.5362706e-01  -1.2553846e-01  -3.6269163e-01  -3.1246197e-01   8.8046539e-02  -1.1464498e-01   5.3736163e-02   1.4561429e-02   4.2939638e-02  -1.2577660e-01   1.2929382e-02   1.4249999e-01   1.3367489e-01   8.5052228e-02   7.0151676e-02  -1.8012929e-02   1.0689145e-01  -1.7372332e-02   3.6887656e-01   3.4626935e-02   4.4615328e-02  -2.1425662e-01   1.3068339e-01  -1.8790853e-01   3.9165332e-02  -2.0557817e-01   1.2068250e-01  -7.2060339e-02   5.7992420e-02  -5.6616661e-02   1.6589507e-01  -3.4563779e-02  -1.2577169e-01  -1.4291942e-02   1.9740337e-01   1.6811139e-01   2.0880449e-02  -8.9046854e-02  -6.0870242e-02  -1.5767231e-01  -2.1714868e-01  -2.7036193e-02  -9.1036736e-02   3.2992988e-02   8.5874549e-02  -3.1038245e-02   1.0778630e-01   3.5082806e-02  -2.3775034e-01  -2.3848201e-01  -1.1275933e-01  -1.3755125e-01   1.8322376e-01  -9.8264457e-02  -1.2792979e-01   2.3190543e-01   3.4546162e-01  -1.6425988e-01   3.5985044e-02   2.0244820e-01   1.6116778e-01  -4.9955906e-02  -3.3472130e-01   1.0283994e-01   5.4777502e-02  -2.0733425e-01   1.1812376e-01   1.8339720e-01  -1.1541855e-02   1.7528084e-01  -2.4455985e-02   6.2721102e-03  -2.7372088e-01   1.1995751e-01   1.2601224e-01   2.9132653e-01  -2.0460121e-01   1.5858598e-01   4.9168081e-02   1.9267161e-01   6.3523035e-01  -3.6556516e-02  -5.7380545e-02  -2.0196544e-01  -1.3213335e-01  -3.1600470e-02  -1.3925329e-01   5.7600933e-03  -2.6413414e-01   6.2037817e-02  -7.9540774e-02   1.0902592e-01  -1.6978043e-01  -4.0913459e-02   1.7695047e-01  -1.4631061e-02   1.9078140e-01   8.3372956e-02   1.5568299e-01  -3.9456404e-03  -1.7248167e-01  -2.4502070e-01  -8.9168166e-02   7.1107691e-02   3.7515972e-02  -1.8304177e-02   7.9173122e-02   8.3689133e-02  -1.8017981e-01   7.7219660e-02   5.6843379e-02  -1.6991437e-01  -5.6923338e-02   1.9461567e-01   5.9811779e-02   1.2455266e-01
   4.9706675e-01   1.4322755e-01  -5.3603086e-02   2.0838859e-02  -1.8884630e-01   2.3056959e-01  -3.0058318e-01  -6.1705339e-02  -2.5877182e-01   4.9189390e-02  -2.2903128e-01   2.8117915e-02  -4.2011223e-03   0.0000000e+00  -1.5752823e-01  -3.3949988e-01  -6.9476873e-02  -6.0075759e-02   5.3243841e-02  -1.9884943e-01  -5.3547177e-02   1.1021289e-01   1.6306680e-02   4.2793902e-01  -7.7820168e-02  -6.3052482e-04  -1.2052876e-01   3.7382658e-01  -6.3001958e-02  -3.4310529e-01  -2.4718889e-01   2.6578735e-01  -1.6043446e-01  -5.4310233e-01  -1.5782744e-01  -2.1821773e-01  -3.0083044e-01  -4.2484830e-02  -4.9798610e-01  -3.3234852e-01  -3.6701322e-02  -1.0322689e-02  -4.5970579e-03   3.3140703e-01  -2.2584461e-01   4.1880686e-01  -7.5007743e-02  -2.9078395e-01  -1.3617234e-01  -1.4488751e-01   1.1298144e-01  -7.0640731e-02  -5.1085573e-01   2.7723113e-02   5.1134714e-01   2.9343513e-01   2.0472399e-01  -2.0566376e-03  -6.6336301e-02   4.7054755e-02  -1.5577058e-01  -4.0678642e-01  -1.8151080e-01  -3.9477168e-01  -4.6833081e-01   2.4206320e-01  -9.2364301e-02  -1.8708473e-01   2.2889976e-01   3.4096636e-01  -3.9088409e-01   1.5836281e-01  -5.1665380e-01   5.7560108e-01   1.4048810e-01   1.4625841e-01   8.9476587e-02   8.4317620e-02  -4.0060063e-01  -1.0914162e-01   2.1761324e-01  -3.5182811e-01  -1.0256712e-01   1.5416235e-01   5.2687196e-01   1.5194396e-01   5.1797898e-02   7.3527935e-01  -5.0160104e-02   4.5862757e-01  -2.2302153e-01   4.2549708e-02  -4.3110262e-01   3.9905168e-03  -1.3586811e-01  -3.6896168e-03   1.5151434e-01   1.0696407e-01   4.1965106e-02  -2.4336745e-01   4.0852857e-01  -3.5170243e-01   3.2750620e-01   2.5621217e-01   2.5368943e-01   2.6085611e-02   1.3168720e-01   2.8119142e-01  -5.0452368e-01  -7.6748298e-02  -2.8389873e-01   2.0859185e-01   1.1046227e-01   4.8434879e-01   2.3474420e-01  -2.6690811e-01   2.5419303e-01  -1.9163821e-01   4.1403675e-01   8.7187157e-02   4.7266106e-01  -1.4384020e-01  -6.6176499e-02  -3.9475826e-01   4.2619888e-01   7.6453409e-01  -2.2164005e-01  -1.1749957e-01   2.0202929e-01   2.4032585e-01  -2.9985907e-01  -4.3505722e-01   7.0217433e-01  -5.6918433e-01   5.2904678e-02   1.2432821e-01  -1.2559622e-01   1.8999818e-01   3.5720233e-02   3.4866867e-01   5.1521175e-01  -4.0740049e-02   1.7735315e-02   2.6488060e-01  -3.5889834e-01   8.5766197e-02  -3.5561812e-01   8.0166339e-02   1.8360755e-02  -3.2163808e-01   4.3066953e-01   2.8504423e-01   4.1746008e-01  -2.9681002e-01  -3.4009658e-02   1.1125893e-01   1.8507377e-01   2.7006052e-02   1.5543753e-02   3.5691859e-01  -1.6385376e-01  -1.2050680e-02  -5.5922664e-02   1.2523565e-01  -8.9476912e-02  -3.6534329e-01  -8.9807465e-02   2.1525615e-01   5.4531113e-01  -3.0217953e-01  -2.8334145e-01  -2.3827365e-01  -2.4946252e-01   1.7701141e-01  -7.7976423e-02  -1.0013579e-01  -1.6069527e-01
