   0.0000000e+00   1.0411613e-01  -9.7566991e-02  -1.7243556e-02   2.5661202e-01  -3.7322848e-01  -4.4109652e-01  -1.1385340e-01  -2.0088328e-01   1.3141714e-01  -1.4395365e-01  -2.6026181e-01   1.9148540e-01  -4.5039149e-02  -2.8152946e-01  -7.9141847e-02   1.1651802e-01  -2.5705174e-01   6.4093988e-03   2.3567749e-01  -1.9120443e-01  -3.7834474e-03  -2.3203867e-01   4.9395543e-01  -1.5376875e-01   2.9943515e-02  -1.3701677e-01  -1.1290622e-01  -1.2973668e-01  -1.1288096e-01  -1.7637264e-01   2.9769783e-01   8.4871572e-02  -3.4540504e-01  -2.8376537e-01   2.9527765e-02  -1.7055715e-01   5.1192332e-01   3.1259369e-01  -5.2190646e-02   2.8946906e-01   1.6476934e-01  -2.4266044e-01   2.2334045e-01  -2.8561278e-01   1.7883610e-01  -8.2444038e-02  -4.1367002e-01  -2.3023025e-02   5.8915985e-02  -1.1438125e-01   1.2170959e-02   3.1029695e-02   6.4117180e-02   1.6069549e-01   5.1189040e-02  -1.1467226e-01   3.4396801e-02   1.8870501e-01  -3.8845935e-01   5.4145916e-01  -2.2739505e-02  -3.0739758e-02   8.1733194e-02  -7.6753096e-02  -1.0246989e-01  -4.4131432e-01  -1.7010289e-01   6.1718995e-02  -3.8649546e-01   1.7706113e-01  -2.2786620e-01   1.4232167e-01  -5.9766072e-02   1.4577813e-01   4.2939618e-01   6.0882230e-01   2.3149212e-01   1.7330847e-01   2.2245887e-01  -2.7577752e-01   5.0070483e-02  -1.1117687e-01   1.8362691e-01  -1.0396962e-01   3.1057886e-01  -1.1181635e-01  -1.1600994e-01  -8.5506386e-02   4.6040869e-01   3.6739432e-01   5.5864648e-01  -3.4675564e-02  -2.1712633e-01   5.8096404e-01   3.4464171e-01  -3.2754703e-02   1.2921545e-01   6.9847416e-02  -1.4201660e-01  -1.9867867e-01  -4.1640149e-01   3.8742701e-02   1.6283616e-01  -3.2229208e-01   1.1256051e-01   1.5801464e-02   7.2992045e-02  -8.0470392e-02   8.4395761e-02  -1.8610411e-01   9.9060044e-03  -2.3275553e-01   4.9917702e-01  -2.5447310e-01   1.5169615e-01   1.3283760e-01   1.5900788e-01  -2.0235761e-01   3.0747070e-02   5.3763270e-01   2.3902673e-01  -3.6263835e-01  -7.7016826e-02   4.4315836e-01  -2.9858611e-01  -3.8082994e-01   1.3820508e-01   3.8996759e-02  -3.7564914e-01   5.5844430e-02   4.3595754e-02  -4.2694954e-01  -3.1728686e-01  -1.6354264e-01   1.7086062e-01   1.7325938e-01  -3.3113712e-01   1.3413220e-01   4.8926529e-01   3.1588179e-01  -3.0539419e-02   7.7898837e-02  -2.9480126e-01  -4.3258011e-01  -1.2509018e-01  -7.9522349e-03  -5.0333023e-02  -2.3427491e-01   4.4307785e-02  -3.3491228e-01  -2.2052547e-02   2.2207477e-01   2.1165309e-02  -2.1203892e-01   4.7735776e-01   3.6226231e-01   2.1955932e-01   4.8569152e-01  -8.9157250e-02  -3.6326421e-01   4.7544619e-02   2.4677544e-01  -8.0698474e-02   1.7610324e-01   3.1227324e-02  -1.7053615e-01   1.0116110e-01   3.3273635e-01   3.2927232e-01   5.4603572e-02   5.7872885e-01  -2.2414300e-01  -3.3197212e-01  -1.4947151e-01   8.9268523e-02   1.7141201e-01
   1.0411613e-01   0.0000000e+00   3.5594366e-01  -2.6689227e-01   4.4211792e-01  -1.6010815e-01   4.5696248e-02  -6.9102239e-02   3.4002917e-01   2.5538357e-01  -4.3725578e-02   4.3577402e-01   3.1754572e-02  -2.2717345e-01  -4.8350380e-01   2.2347920e-03   4.8703424e-01  -2.5166796e-01  -1.1706514e-02   2.4543872e-01  -5.6546217e-01  -3.1778607e-01  -5.7499562e-01  -1.3638154e-01   1.4881548e-01  -2.8184303e-01   1.5019551e-01  -3.7259174e-01   5.4894261e-03  -2.0682475e-01  -2.5910016e-01  -3.6158040e-01   2.6959925e-01  -8.2537986e-02   3.6415972e-01   1.1793713e-01  -2.3940829e-01   1.3698301e-01   1.6827263e-01   2.4414174e-01   1.1623094e-01   1.6997992e-01   2.9010426e-01  -1.1874858e-02   1.2294650e-01   1.3785155e-01  -7.8186880e-02  -8.2467296e-02  -4.8694315e-01   3.4840755e-01  -3.1558020e-01  -1.7713707e-01   4.9828986e-01   2.4096616e-02  -2.0832641e-01  -7.6208850e-02   7.4254399e-02  -2.1655842e-01   5.9507324e-02   2.0663524e-01   1.2584460e-01  -2.7624587e-01   3.8272777e-01   8.4134676e-02   1.9052442e-01  -4.8984439e-01  -2.1125451e-01   4.5058882e-02  -8.8065971e-03  -9.4287793e-02   6.7907304e-01  -3.0576466e-01   1.7118978e-01  -1.4527533e-01   1.7515067e-01  -1.4272246e-02   1.1416494e-01   1.5011717e-01   5.9176126e-01   2.0966016e-01  -5.3420505e-01  -1.2270207e-01  -7.7864502e-02  -6.9871445e-02   2.9762778e-01  -1.8106513e-01   1.4338938e-01  -2.9425319e-01   6.5130185e-01   2.8021929e-02   5.6398668e-01   1.2716152e-01   4.5058288e-02   2.3899662e-01   8.7026312e-02   3.2632516e-01   1.5353859e-02   4.6718546e-02   2.5061467e-01  -3.3247894e-02  -2.2940309e-01  -4.8799502e-01  -2.5008587e-01   3.2125179e-01  -3.3900991e-01  -4.0397936e-02  -4.3746457e-02   1.1048055e-03  -5.7650987e-01   2.6563581e-01  -7.0575765e-02  -3.0466205e-01  -1.5278949e-01  -9.8851154e-02  -1.6803229e-01   5.0566297e-01  -2.3709568e-02   2.5945164e-01  -3.1140140e-01  -4.1870530e-01   1.3162503e-02   4.3790730e-01   1.5641464e-01  -2.0609594e-02  -1.5621465e-01  -4.1250580e-01  -5.0939324e-01  -9.5904473e-03  -3.2151162e-01   2.2235636e-01  -5.0235092e-03   1.6306584e-01  -1.3149293e-01  -2.7642962e-01   3.6157964e-02  -6.3973526e-02   1.6354007e-01  -4.1520411e-01  -2.9004057e-01  -7.6642033e-03   2.6081503e-01  -1.6303302e-01  -5.5163460e-03  -2.3927759e-01  -1.5577393e-01  -3.0172305e-01   4.6763094e-01   2.6612767e-01  -1.0202064e-01  -2.4106086e-01  -7.0819206e-02  -3.5596469e-01   1.4920401e-01   1.3052285e-01   6.1210660e-01   1.4011131e-01  -3.1642217e-02   6.0549735e-02   4.7135505e-02  -5.2798805e-01  -9.0591098e-03  -5.4560433e-02   6.9429831e-02  -1.8282326e-01  -7.8293654e-02   5.3181695e-01  -7.2580110e-02   3.7246790e-02   1.7613621e-02   2.7172979e-01   4.2596125e-01   1.9323112e-01  -2.7382910e-02   2.5482971e-02  -1.0391865e-01   1.9822851e-01   5.1076926e-03
  -9.7566991e-02   3.5594366e-01   0.0000000e+00  -1.7482644e-01   3.8679436e-01   2.6453395e-01   7.5951148e-02  -1.8052263e-01  -8.3594990e-02   4.0623949e-01  -3.2715554e-02   5.9927340e-01   2.7226370e-01  -2.1954201e-01  -3.5570305e-01   5.5745611e-02   8.4490274e-01  -1.2290883e-03   1.1055841e-02   4.2322103e-01  -3.0808047e-01  -2.6004759e-01  -4.0928643e-01  -3.7707013e-01   3.5388411e-01  -4.5758862e-02   3.8482640e-01  -3.1780979e-01   1.2284802e-02  -2.3477948e-01  -2.5531808e-01  -2.7233886e-01   2.8888656e-01  -1.0179353e-01   6.6108131e-02   3.9256163e-01  -3.5032686e-01  -2.4970495e-01   3.6723876e-02   2.1520514e-01   6.7603981e-02   3.4895445e-01   2.7934689e-01   4.6934262e-03   5.7091174e-02   4.1257588e-01   2.2162436e-01  -1.2129714e-01  -2.5719770e-01   5.7273353e-01  -9.6371368e-02  -3.2321400e-02   1.1976525e-01   1.8029365e-01  -1.2712189e-01  -2.6430178e-02   2.2555858e-01  -1.2639245e-01  -1.2133762e-01  -1.0085860e-01   2.4102463e-01   1.1915985e-01   2.1073927e-01  -1.3161826e-01  -1.7395120e-01  -2.4631685e-01   5.7044540e-03   3.2465619e-02   8.6632136e-02   3.4156672e-01   2.5473880e-01   1.7948138e-02  -8.1662522e-03  -1.8865038e-01   1.0441672e-01  -1.3471758e-01  -6.5462959e-02  -1.5820770e-01   3.2308708e-01  -1.8652345e-01  -3.7985300e-01  -5.8126097e-02   2.1275551e-02  -3.1391479e-01   3.2803174e-01  -2.6000592e-01  -1.9851851e-01  -2.9714896e-01   3.9159375e-01  -2.9699132e-01   1.7857003e-01   2.8049242e-01   2.8894685e-01   1.6625389e-05  -2.3677443e-01   4.4332594e-01   1.7301024e-01  -1.4720119e-01   3.0871595e-01  -1.7462858e-01  -3.4553302e-01  -3.4830637e-01  -9.1617540e-02  -1.4823523e-01  -2.0739896e-01  -2.1923302e-01   1.8409066e-01  -1.5241860e-01  -3.9438745e-01   2.1245922e-01   8.7572427e-02  -4.2976727e-01  -9.2904726e-02  -2.3574852e-01  -2.0471826e-01   1.8258718e-01  -7.2184367e-02   8.9442988e-03   4.3607304e-02  -1.8040549e-01  -1.4369592e-01   4.5132549e-01   2.0711634e-01  -1.0173768e-01  -3.1817084e-01  -4.4024118e-01  -3.1095596e-01  -2.4299598e-03  -3.4078251e-01   6.2635307e-01   5.5287140e-02   8.7592487e-02  -9.2722024e-03  -2.2054999e-01  -8.5152930e-02  -7.7040122e-02   3.6384503e-02  -2.3563721e-01  -2.2035123e-01  -2.7715071e-01  -1.2554764e-02   3.3285903e-02  -1.4506613e-01   3.8035803e-01  -1.7326033e-01  -1.6983530e-01   2.1482032e-01   1.5598516e-01   3.5276997e-02  -3.0020874e-01   3.7513334e-01  -2.0153298e-01   3.2645196e-01   7.5014921e-02   7.1510180e-01  -1.8406380e-01  -2.0176361e-01  -1.0562617e-01   1.0192123e-01  -4.5802732e-01   3.2916093e-02  -2.3032652e-01   1.6748734e-02  -1.4781548e-01  -9.8791567e-02   4.3697410e-01   4.7704270e-02  -9.4614760e-02   2.1520128e-01  -2.0397976e-02   4.0026465e-01  -2.0741759e-01   1.7999757e-02   5.2752991e-01   1.3895546e-01   4.3441168e-01  -3.8201050e-02
  -1.7243556e-02  -2.6689227e-01  -1.7482644e-01   0.0000000e+00  -7.6986753e-02   1.9612377e-01   1.4052417e-02   1.0992232e-01   8.5507447e-02  -1.9972476e-01   4.2151616e-01  -2.1250352e-01  -1.1165128e-01   1.1833219e-01   2.2091650e-01   1.9047569e-01  -2.5345366e-01   3.6629081e-01   7.4805499e-02  -1.3051802e-01   2.8782849e-01   4.7217724e-01   1.2688636e-01  -5.1098161e-02   3.2149039e-02   2.1195589e-01   9.0574397e-03   5.6885411e-02  -1.1259456e-01   1.9661260e-01   1.4392332e-01   5.6296990e-01   2.6926683e-02  -8.5895987e-02  -2.3405862e-01   1.3416762e-01   3.3904205e-01  -1.0884300e-01  -3.6524288e-02  -2.4562005e-01   1.2735886e-01  -5.8846833e-02  -9.9996761e-02   1.7077153e-02  -2.8290764e-02  -4.2851080e-02   2.7705052e-01   8.2552875e-02   2.6214913e-01  -2.2041854e-01   3.8705437e-01   1.0770356e-01  -1.3206623e-01  -2.5701867e-01   1.3432407e-01   7.0482782e-02  -5.9153628e-03   5.0321200e-01   3.7784505e-01   2.8889245e-02  -1.2476315e-01  -7.3350765e-02  -1.1386262e-02  -7.1071599e-03   2.1316664e-01   1.9225514e-01   2.1046140e-01   3.1552606e-01   2.7688210e-01  -3.9658255e-02  -2.4205840e-01   3.7181686e-01   6.0086124e-02   5.4923353e-02   2.6277662e-03   2.0910064e-02  -1.8887075e-02   1.5640781e-01  -2.0183679e-01   1.3645984e-01   8.0296559e-02  -1.2530819e-01   4.8533494e-02   9.0671559e-02  -1.2310096e-01  -1.9580724e-02   3.1566756e-02   2.5637057e-02  -2.1141489e-01   1.6656560e-01  -6.0108111e-02   2.5526946e-02  -2.6713918e-03   1.4847854e-01  -9.5478488e-02  -1.5276092e-01   1.8703003e-01  -8.6401222e-02  -4.8976581e-02  -1.4629539e-02   5.9422662e-02   2.6813338e-01   8.9768640e-02   1.2264838e-01   3.3452973e-01   5.3716259e-01  -2.6348062e-01   2.4203630e-01   1.4500136e-01   1.4616766e-01   6.0787731e-02   4.8839631e-01   5.4088492e-01   1.1742423e-01  -3.3835309e-02  -1.0109364e-01   1.8567237e-01   2.1670569e-01  -6.3195479e-02   6.1028869e-01   2.0322475e-01  -1.0457288e-01   9.8181190e-02   6.5669900e-02   6.0782946e-02   1.6505425e-01   1.4459413e-01  -1.9460328e-01   5.5028370e-01  -2.0781551e-01  -2.8119640e-01   1.0329560e-01   2.5498813e-02   1.5423271e-01   5.1027987e-01   1.8726608e-01  -9.8027893e-02   1.8282483e-01   2.5247318e-01   1.3889792e-01   1.1509430e-01  -2.6868360e-01   1.4949061e-01  -1.4323233e-01  -3.8651299e-02   4.9757256e-02  -2.3596542e-01   6.0457066e-02   1.8723374e-01   2.2012357e-01   1.9253176e-03   4.1919910e-02   1.0716837e-01   5.7857784e-02  -2.8323302e-01  -8.7617839e-02   2.0108403e-01   4.1497513e-01  -5.5960814e-02   2.2878471e-01   3.4981692e-01   3.2311896e-01   4.7758348e-02   3.3651649e-01   4.6716857e-01  -3.3244053e-01   2.0576897e-02   7.1882257e-02  -6.4848340e-02  -3.5418200e-02  -1.9279755e-01  -7.7745273e-02   3.3593564e-01   3.1137513e-02  -1.0695150e-02  -6.3156600e-02   4.7872683e-01
   2.5661202e-01   4.4211792e-01   3.8679436e-01  -7.6986753e-02   0.0000000e+00  -1.9512108e-01  -4.9709227e-02  -2.5930011e-01  -3.8481326e-02   6.2211581e-01   1.3018012e-02   9.5406384e-02   2.7519413e-01  -1.2607281e-01  -4.8118578e-01   7.7006886e-02   5.0664541e-01  -5.0430700e-02  -9.6855938e-02   7.7790759e-01  -3.2849798e-01  -1.4427527e-01  -4.8784798e-01   5.2300152e-02   2.8447282e-01  -5.1477886e-02   2.9991971e-01  -3.8040609e-01   4.1379112e-02  -1.7471907e-01  -3.2910810e-01  -2.3890545e-02   7.5736913e-02  -8.9791643e-02  -3.3829480e-02   6.7905863e-01  -1.8059584e-01   8.1115711e-02   2.1128362e-01   7.5175952e-02   2.9552947e-01   3.3978322e-01  -1.1649135e-01   8.7410700e-02   1.8496772e-01   2.8046704e-01   3.0731582e-01  -5.2165538e-02  -1.6135563e-01   2.5752058e-01   1.0752999e-02  -2.0797099e-02   5.1135969e-01   3.6464619e-02  -6.7253838e-02   4.6681952e-02  -2.6634579e-02  -5.7654713e-02  -4.4374289e-02  -3.0211105e-01   3.1549563e-01   1.6304510e-01   9.0694568e-03  -1.8874126e-01  -9.5416967e-04  -1.2410116e-01  -2.9857270e-01   2.6501996e-02   6.6278824e-02  -2.1066364e-01   4.2786263e-01  -1.7287199e-02   2.6205586e-01  -2.2683789e-01  -4.7645757e-02   7.6278456e-02   2.7210506e-01   1.3775898e-01   7.4245925e-01  -8.1972951e-02  -3.6046685e-01   1.5233344e-02  -2.1597979e-01  -1.8384947e-01  -1.6707025e-02   8.9337065e-02  -2.5036869e-01  -2.2810705e-01   3.2138124e-01  -1.9524870e-01   6.1969143e-01   3.4462951e-01   3.2715543e-01   1.4670920e-01   1.4259810e-01   6.8552242e-01   2.5646081e-01  -1.7635297e-01   6.5665140e-01  -2.6219674e-01  -3.8776201e-01  -5.4092806e-01   9.2707341e-02   7.0915908e-02  -2.5715673e-01   5.8876547e-02   4.9742340e-03  -3.0186407e-02  -3.4099793e-01   6.4724174e-01  -1.8200610e-01  -2.7771979e-01  -1.4064473e-01  -9.5961749e-02  -4.4533769e-01   6.1148389e-01   1.2532772e-01   2.8142677e-01  -1.6793484e-01  -1.5422554e-01  -8.4926894e-02   8.7162910e-01  -1.5871024e-01  -1.6223457e-02  -2.3200766e-01  -5.1428909e-01  -4.9821428e-01   4.2365559e-02  -3.1701439e-01   9.6119575e-02   1.0065314e-01   4.7030082e-01  -2.6695166e-01  -3.4401782e-01  -1.2914257e-01  -1.6430200e-01   7.9895420e-02  -4.3995485e-01  -1.6338907e-01  -3.6046058e-02   1.3474789e-01  -4.3077246e-02  -7.7685196e-02  -2.3715974e-01  -4.2088918e-01  -1.5551645e-01   5.7782080e-02   4.4491724e-01   1.4183464e-01  -3.1406058e-01  -2.8885737e-01  -1.4162371e-01   3.1391568e-02   9.9720173e-02   2.5481864e-01  -1.3510066e-01   6.5902666e-02   8.2983669e-02   1.5612669e-01  -2.2273978e-01  -8.4890451e-02  -1.2313357e-01   2.6557334e-01  -6.5793303e-02   8.2165730e-02   4.8795170e-01  -2.8708769e-02  -1.2012217e-01  -5.2394331e-02   2.1960480e-01   6.6962297e-01   6.5764096e-02   7.1759803e-02   2.7080472e-02  -2.3046225e-01   3.2788395e-01   2.3432453e-01
  -3.7322848e-01  -1.6010815e-01   2.6453395e-01   1.9612377e-01  -1.9512108e-01   0.0000000e+00   4.1929040e-01   2.1759495e-01   2.5316243e-01  -1.6056640e-01   4.5119018e-01   3.8757554e-01  -1.2138317e-01  -2.3300181e-02   1.8658628e-01   8.6212592e-02   5.7977316e-03   4.3068983e-01   2.6801155e-01  -7.3368218e-02   2.4368507e-01   2.2021522e-01   1.9740999e-01  -3.7423423e-01   4.8286132e-02   1.7256679e-01   1.8400458e-01  -9.5824152e-02  -1.2884789e-03   3.8845776e-01  -5.5720896e-03  -4.7430334e-02   6.4652560e-02   2.1324960e-01  -2.6612111e-01   2.2782067e-01   8.3132001e-02  -5.1325779e-01  -2.3459154e-01  -7.8202231e-02  -1.6292216e-01  -1.8796911e-01   2.5446003e-01  -1.4517044e-01   1.5463906e-02   1.5341124e-01   3.9419670e-01   3.7453236e-01   8.7852002e-02   1.5663249e-02   4.2871923e-01   8.0754744e-02  -1.2526886e-01  -2.4427142e-01   8.8344370e-02  -6.6072633e-02   6.3294737e-01   5.0884060e-02   2.9035168e-02   2.7746706e-01  -3.4355492e-01  -1.6600444e-01   1.9168792e-02   3.2483638e-02  -2.2900606e-01   4.9729311e-01   8.1729094e-01   2.0364529e-03   3.3590627e-01   4.2258640e-01  -4.2050442e-01   3.5523535e-01  -1.2983718e-01   4.4966165e-01  -1.5165773e-01  -1.9901606e-01  -3.3193268e-01  -2.2381079e-01  -3.3623435e-01  -1.4089676e-01   7.5367991e-02  -2.6172384e-01   1.7472693e-01   4.2848021e-02   3.0383496e-01  -3.1770100e-01  -2.1671897e-01   3.0230395e-02  -1.4530153e-01  -2.1035877e-01  -3.4613068e-01  -3.8599137e-01   4.4900561e-01   2.0116267e-01  -4.3701565e-01  -1.2737626e-01  -3.3561583e-02   1.2311037e-01  -1.4289119e-01  -2.2532384e-01  -2.9948846e-02   5.2198957e-01   3.8227361e-03  -1.7642771e-01   4.1065328e-01  -7.2361290e-02  -1.7434000e-01   3.9662487e-01   1.0060704e-01   1.3513002e-01   3.2862681e-01   2.9724376e-01   3.8731303e-01   7.1881021e-02  -5.2034906e-02  -3.2175548e-01  -8.5120805e-02   4.1025503e-02   2.7921631e-01   2.1871236e-01  -5.6044367e-02  -2.2088293e-01   3.1218327e-01  -1.2051698e-01   1.0136351e-02   2.7613930e-01   3.2035396e-01  -3.4515138e-01   1.3761748e-01   3.7376659e-01  -2.7961445e-01  -5.0777085e-02   6.3394872e-01   2.3672282e-01   3.7262863e-01   9.6711932e-02  -2.8731372e-01   2.6568020e-01   5.3560023e-02  -1.1846099e-01  -1.3685645e-02  -2.3883164e-01   7.8646914e-02   4.2685245e-01   3.0859522e-01   5.0162834e-02  -2.5959728e-01   8.9978044e-02   4.6516574e-01  -9.4766742e-02   6.3888178e-01   1.6751941e-02   7.9961997e-03  -7.7300156e-02   1.9000790e-01  -1.9970476e-01  -8.2200243e-02   1.2251093e-01  -4.0155226e-01   9.2721726e-02   3.0850694e-01   1.2263189e-01  -9.9045352e-02   1.4261110e-01   1.4809722e-01  -2.4017361e-01   2.8251446e-01   6.1589831e-02   6.0623861e-02  -3.5418020e-01  -1.2970591e-01  -3.3775866e-01   1.6703094e-01   8.2415094e-01   1.8560926e-02  -2.0152282e-01   1.2280873e-01
  -4.4109652e-01   4.5696248e-02   7.5951148e-02   1.4052417e-02  -4.9709227e-02   4.1929040e-01   0.0000000e+00  -2.2523543e-02   2.6742205e-01   9.2097363e-02   3.1292095e-01   3.1618189e-01  -1.0335875e-01  -4.2265090e-01  -1.0464528e-01  -2.4271365e-02  -1.4733880e-01   4.3380091e-01   7.8870855e-02  -7.3312628e-02   1.2568044e-02  -1.3366274e-02   5.7646117e-02  -4.1418878e-01  -2.9332224e-02  -6.0178999e-02   2.3743801e-01  -2.4576155e-01   1.0098969e-01   1.2373465e-01  -1.9816937e-01  -2.2649839e-01  -1.7371673e-01   7.1725856e-01   3.5587838e-01   2.8101211e-01   7.2514710e-02  -3.7434308e-01  -5.3910598e-03  -2.0151111e-01  -1.4277095e-01  -3.2826632e-01   7.1048739e-02  -2.9647240e-01   4.0205975e-01   1.5000108e-01   2.5106675e-01   6.7597078e-01  -2.3338763e-01  -3.1815932e-01   4.3336151e-01  -1.4680666e-01   4.6149330e-01  -4.0213169e-01  -3.8270983e-01  -5.0197349e-02   2.1297244e-01  -1.0996883e-01  -1.1288027e-01   4.5623992e-01  -4.0601827e-01  -3.3794411e-01  -3.0070019e-01  -6.7341550e-02   1.6712896e-02   4.0576420e-01   3.4366420e-01   7.3961524e-02  -3.8211885e-02   3.0421449e-01   2.1577997e-02   3.3267177e-01   4.1800335e-03  -1.4209636e-01  -4.7622910e-01  -1.9203813e-01  -4.4320073e-01  -1.1873221e-01  -1.3505188e-01  -3.9927226e-01   6.1437842e-02   1.3734677e-02  -7.1809847e-02  -1.8055167e-01  -1.0049790e-01  -3.0838613e-01  -1.9899405e-01  -1.5230058e-01   1.8136946e-01  -3.6365964e-01  -3.7017536e-01  -4.1793947e-01   3.3714526e-01   4.9970734e-01  -3.8203063e-01  -1.5521325e-01   7.0436768e-02  -1.5802088e-01   1.2314716e-01   8.0461039e-02  -2.1134052e-01   3.0759018e-01  -1.8006165e-01  -8.8012754e-02   5.0923281e-01   8.1242852e-03  -3.8073948e-01   9.9170343e-02  -9.2899897e-02   3.3643241e-01   1.7759923e-01  -2.4312251e-02   2.5578971e-01  -2.5906519e-01  -2.3162405e-01   6.7845318e-02   3.6273033e-02  -3.5069474e-02   1.0875904e-02  -2.1042098e-03  -2.1960145e-01  -6.2834033e-02   1.6575102e-01  -7.7722204e-02  -1.4546790e-01   3.9157298e-02   1.8795456e-01  -3.0071505e-01  -1.1588338e-01   4.0395425e-01   5.3748728e-03   3.6515467e-01   2.6009062e-01   1.8464274e-01   1.1911450e-01  -3.2353926e-01  -5.6249737e-01   7.7610340e-02  -2.4893204e-01  -1.8315112e-01  -1.7236949e-01   5.5655881e-02  -2.5209687e-02   2.8882996e-01   4.6539228e-01  -2.5019674e-02  -2.0280276e-02   4.7564462e-01   5.4853161e-01  -1.5444637e-01   4.5492922e-02  -2.1847913e-01  -3.2853050e-01  -1.0316126e-01   1.5396188e-01  -1.7991251e-01  -1.0227990e-01  -4.2990264e-02  -3.3235356e-01  -9.3602080e-02   3.1441515e-01  -5.7213069e-02   2.4154026e-01   2.4303382e-01  -1.1119849e-02   6.1126032e-03   3.7170795e-01  -9.2747848e-02  -3.1478708e-01  -4.0096896e-01   1.7208849e-01  -3.7066903e-01   3.6610888e-01   4.5412351e-01   7.3039550e-02  -5.7866420e-02  -1.8848458e-03
  -1.1385340e-01  -6.9102239e-02  -1.8052263e-01   1.0992232e-01  -2.5930011e-01   2.1759495e-01  -2.2523543e-02   0.0000000e+00   2.7761080e-01  -2.6206938e-01   2.2158013e-01   9.9588355e-02  -3.2364842e-02   3.2771566e-02   3.3085764e-01   1.3148584e-01  -1.8754042e-01   1.1528354e-01   4.2845370e-01  -2.0095703e-01   1.3992868e-01   1.4848641e-01   3.1855255e-01  -1.5416948e-01  -4.8175965e-02   1.8417527e-01  -2.3092723e-01   1.2969157e-01  -7.2351887e-02   2.2966445e-01   1.8602878e-01   3.5907749e-02   1.0867691e-01   7.0289631e-03   1.5380796e-02  -1.7316173e-01   1.1186040e-01  -1.4374726e-01   3.9434116e-02  -1.1841030e-02   5.3825725e-02  -3.5152635e-03   2.4704805e-01   1.5868847e-01   7.6347693e-02  -2.3067314e-01  -4.8280563e-02  -8.0705617e-02   6.1150595e-02  -5.2206085e-02   1.7977631e-01   3.3308940e-01  -3.2504293e-01   9.2116446e-02   7.3775336e-02  -1.1305184e-01   3.1844886e-01   1.3010462e-01   7.1110917e-02   2.4101364e-01  -1.9430256e-01   1.5814408e-02   2.3545576e-01   2.3721296e-01   4.5879573e-02   8.5580695e-02   2.6737287e-01  -3.7245359e-03   1.7241577e-01  -5.6295037e-02  -2.4479071e-01   5.5559392e-03   8.8798501e-02   4.2985207e-02  -4.8358277e-02   6.3105028e-02  -1.7590907e-01   4.2419620e-02  -1.4389111e-01   2.0716649e-01   1.1260705e-01   1.0519744e-01   4.6789617e-02   5.0768581e-01   1.5601035e-01   3.8020043e-02   4.7410428e-02   8.5887492e-02  -1.4688232e-01   5.4557019e-02  -8.3085010e-02  -2.8169990e-01   1.2629173e-02   1.1362334e-01  -2.9716845e-02  -1.4997958e-01  -4.9082610e-02   5.3692929e-01  -2.2585817e-01   9.0046431e-02   1.5617197e-01   3.3911823e-01  -1.1028470e-01   2.0331957e-01   1.3675520e-01   7.4273835e-02  -6.3564867e-02   3.7724375e-01   2.9802955e-01  -1.8224681e-01   2.3697368e-01   2.4267678e-01  -5.9083772e-03   1.3432748e-01   1.7393868e-01  -2.3595618e-01  -1.2141524e-01   2.5330571e-01   3.8841630e-02   4.2048103e-02   3.7128433e-02  -2.4970959e-01   2.5162095e-01  -3.7592167e-02   1.5069334e-01   1.8634155e-01   3.0716170e-01  -3.2778142e-02   3.2514710e-01  -2.2650442e-01  -8.7271134e-02  -1.9015357e-01   8.9999826e-02   1.2218533e-01   2.0439454e-01   3.3094330e-01   9.5423457e-02   1.4498774e-01   3.3147692e-01   8.8567690e-02   1.7652507e-01  -1.3134140e-01   2.7410867e-02  -1.2604336e-01   2.3003180e-01  -1.9630627e-02  -8.6588249e-02  -2.3859365e-01   1.7682053e-02   7.7555843e-02   2.4534534e-01   1.2497480e-01  -7.4701203e-02  -5.8868796e-02  -7.8920423e-02   9.8342861e-02  -1.0531123e-01   1.8520731e-02  -2.0018774e-01   1.9767300e-01   1.7633962e-01   2.2910961e-01  -3.0079626e-01  -3.0528337e-02   9.0475375e-02  -1.6770755e-01   7.1621088e-02   7.1169292e-03  -1.8905105e-02  -9.8873370e-02  -2.8574686e-01   1.5535045e-02  -5.8719065e-02   1.2657304e-01  -6.6939595e-02  -1.1642938e-01   7.9006696e-02
  -2.0088328e-01   3.4002917e-01  -8.3594990e-02   8.5507447e-02  -3.8481326e-02   2.5316243e-01   2.6742205e-01   2.7761080e-01   0.0000000e+00  -1.9921389e-01   2.8352022e-01   3.7489115e-01  -2.4343529e-01  -1.1413343e-02   1.2043873e-01  -9.2775232e-02  -1.7343740e-01   1.9144007e-01   7.8649812e-02  -1.3805667e-01  -5.2849557e-02   1.4450199e-02   8.0616462e-02  -1.7379591e-01  -6.1606247e-02  -2.0598477e-01  -3.4891301e-02   9.7805087e-03   7.8227541e-03   1.8225998e-01   1.4673908e-01  -1.2058660e-01   5.6636826e-02   1.1898827e-01   3.1259782e-01   1.8767778e-02   2.1394704e-02   2.7226853e-02  -1.2606286e-01  -9.8373204e-02  -7.5418938e-03  -2.3580344e-01   4.1627650e-01  -1.3346977e-03   2.8602704e-01   3.7233235e-02   5.1028480e-02   2.8240929e-01  -1.4126102e-01  -1.7270263e-01   1.5026824e-01  -5.4678949e-02   1.5636885e-01  -2.1394196e-01   6.4127597e-02  -1.7654819e-01   2.3564080e-01   8.7457858e-02   2.3223507e-01   6.8711986e-01  -3.8949682e-01  -2.3949071e-01   2.3139198e-01   2.2063193e-01   3.4803228e-01   1.5325600e-02   2.9455565e-01   1.4508110e-01   1.3768248e-01   2.1397435e-01  -1.5297112e-02   3.3926277e-02   1.2658938e-01   4.5172733e-02  -9.3086901e-02   5.6561965e-02  -1.0579644e-01   1.3463167e-01   3.6160835e-02   1.6094838e-01  -6.8370136e-02  -1.8657578e-01  -4.7709122e-02   1.6985921e-01   1.1090022e-01  -1.0232327e-01   1.2208493e-01   9.6576783e-02   2.2257751e-01   1.3420815e-01   6.5266933e-02  -4.0314096e-01   3.7327683e-02   5.3076486e-01  -3.2059337e-02  -1.6587281e-01   4.5321453e-02   1.6962441e-01   1.0274398e-02   6.6410705e-02   1.7235909e-01   2.0239402e-01  -1.6483721e-01   5.3145369e-01   1.6772837e-01   3.2032592e-02  -3.1757190e-01   3.3267090e-01  -6.9707245e-02   8.2590736e-02   1.4953814e-01   1.0882928e-01   3.2181835e-01   9.8313961e-02   7.0113044e-02   9.0106410e-02  -9.7478931e-03   2.8547949e-01  -1.6412292e-01  -3.3781932e-02   1.4328751e-01  -1.1538815e-01   3.8984237e-01   1.9537668e-01   1.5603423e-01   1.8927452e-01   9.1379702e-02  -3.3314622e-01   1.6414388e-01   1.2367280e-01  -8.6075435e-02   1.1585511e-01   2.2332719e-01   2.2580110e-01   4.5959668e-01   1.4864222e-01  -1.6401062e-01   2.1523769e-01  -5.8778882e-02   1.5875974e-01   2.0471481e-01  -3.0756944e-01   9.8032741e-02  -1.8249533e-01   3.9756660e-01   1.1092227e-01   2.7724516e-02   2.5264946e-01   2.4263710e-01  -5.8744504e-02   1.2882551e-01  -7.1014958e-02  -6.8129699e-02   6.8968558e-02   6.4430325e-02   1.3185861e-01   1.8315887e-02   2.1539965e-01  -3.6404985e-01  -1.2101146e-01   2.6333490e-01   2.2771471e-01  -1.3534100e-01   1.7557587e-01   1.2532539e-01  -6.0093049e-02   2.5097001e-02   6.3229278e-03  -6.6320553e-02  -1.4772179e-01  -2.4859985e-02   1.1796540e-01   2.6825612e-01   1.0214546e-01  -2.3643395e-01  -1.7624803e-01   2.3203211e-01
   1.3141714e-01   2.5538357e-01   4.0623949e-01  -1.9972476e-01   6.2211581e-01  -1.6056640e-01   9.2097363e-02  -2.6206938e-01  -1.9921389e-01   0.0000000e+00  -1.0980191e-01  -6.6834187e-03   1.6297394e-01  -2.1346713e-01  -4.9711960e-01   1.2531830e-02   4.3161637e-01  -7.0283262e-02  -3.5897449e-02   5.6617451e-01  -3.3062506e-01  -6.4097300e-02  -3.9470442e-01  -2.0288659e-02   2.1120438e-01   4.7744307e-02   3.4570800e-01  -2.8581520e-01   2.5833855e-02  -2.1503927e-01  -4.5486339e-01  -2.4648012e-02  -6.7669322e-03   1.5440972e-01   1.0630170e-01   5.1378902e-01  -1.7850066e-01  -2.6747891e-02   1.6309057e-01   5.6904404e-02   1.1543244e-01   1.4913802e-01  -2.0923864e-01  -1.2168708e-01   1.5128862e-01   3.6630487e-01   8.4323454e-02  -9.4575468e-02  -2.0618198e-01   1.4173025e-01  -2.9220844e-02   4.0016355e-02   4.0651282e-01  -9.2529271e-02  -2.0940644e-01  -6.8583284e-04  -6.1193286e-02  -9.6323486e-02  -2.5673172e-03  -3.5216980e-01   2.5062184e-01   8.8646659e-02  -1.6347402e-01  -1.8490542e-01  -1.0827271e-01  -5.8290324e-02  -3.1848722e-01  -4.6424521e-03  -4.4852961e-02  -4.6119746e-02   4.1243764e-01   4.1578073e-02   1.2463532e-01  -3.0612276e-01  -1.1226349e-01   2.8192953e-02   1.0545675e-01   7.9312755e-03   5.1556819e-01  -2.4920587e-01  -2.1858825e-01  -2.4310730e-04  -2.9258534e-01  -2.2222492e-01  -2.0471449e-01   1.4590801e-02  -2.5599911e-01  -3.3327596e-01   2.3334360e-01  -2.3659083e-01   3.1316514e-01   2.3426923e-01   2.3081523e-01   1.1638104e-01   1.2737610e-01   4.8855561e-01   2.3054675e-01  -1.3211227e-01   5.5079349e-01   8.8635307e-02  -4.5156930e-01  -5.0643565e-01  -3.0664030e-03   1.6390290e-02  -2.1125753e-01   9.9841405e-02  -1.3641719e-01  -1.0789160e-01  -2.4006026e-01   5.0944863e-01  -3.0728096e-01  -2.8567207e-01  -1.0762253e-01  -2.1823294e-01  -3.8624188e-01   4.2684199e-01   6.4492958e-02   5.3699310e-02  -1.4660357e-01  -4.7948194e-02  -6.6740198e-02   5.8806195e-01  -2.9391578e-01  -1.7793864e-01  -1.4936549e-01  -5.2112458e-01  -3.6848130e-01  -1.2365211e-01  -2.6114531e-01   2.1271254e-01   9.9414558e-02   3.7774246e-01  -3.9428571e-01  -3.5292185e-01  -1.9242815e-01  -1.7184442e-01  -1.4102779e-01  -4.1840175e-01  -2.5941144e-01  -1.2126295e-01   1.4500454e-01   6.2939575e-02  -9.4917261e-02  -4.1878326e-02  -3.0410488e-01  -1.9667390e-01   1.8544728e-01   3.5089371e-01   9.1570648e-02  -2.9311146e-01  -3.6498331e-01  -2.4272196e-01  -1.2622795e-01   1.2404500e-02   2.0426513e-01  -1.8035339e-01   1.9470042e-01   2.2489168e-02   1.9829723e-01  -2.4122469e-01  -9.4321121e-02  -1.9316288e-01   3.5345128e-01  -9.6008819e-02  -7.8453364e-02   4.8392316e-01   2.6540659e-02  -1.2987145e-01  -1.0183268e-01   1.1169537e-02   5.6317692e-01  -4.9787788e-02   1.9186573e-02   4.9306280e-02  -9.6706433e-02   2.4123902e-01   7.7561983e-02
  -1.4395365e-01  -4.3725578e-02  -3.2715554e-02   4.2151616e-01   1.3018012e-02   4.5119018e-01   3.1292095e-01   2.2158013e-01   2.8352022e-01  -1.0980191e-01   0.0000000e+00   1.3281792e-01   2.2435512e-02  -5.6732254e-02   1.0432225e-01   7.5718070e-02  -2.0735090e-01   6.2985948e-01   2.9805845e-02  -8.3728329e-02   3.0544906e-01   2.7223487e-01   1.4729258e-01  -1.7775783e-01   5.0413900e-02   3.6444438e-02   1.3536241e-01   1.5428817e-02   1.8140278e-03   3.4528052e-01   6.9551352e-02   2.4350289e-01  -2.3664232e-02   8.1155539e-02  -1.5714421e-01   4.2788440e-01   1.3445644e-01  -4.1107120e-01   3.8595120e-03  -2.3136011e-01   1.9290575e-01  -1.5807330e-01  -2.9105598e-02   1.2419304e-01   2.4925717e-01   2.8357270e-01   6.3079485e-01   3.9201584e-01  -1.6853757e-01  -2.4053130e-01   6.3231801e-01  -7.2911942e-02   3.4062326e-02  -4.1593773e-01   6.5579251e-02   9.3092870e-02   2.9605278e-01   1.6444706e-01   3.9895632e-01   2.5629080e-01  -3.7256024e-01  -3.2757903e-01  -1.6079141e-01   1.5620004e-01   9.0697672e-02   4.1313512e-01   4.0506069e-01   5.0181391e-02   4.9671394e-01   2.9173789e-01  -2.8155312e-01   5.3649038e-01   2.9283314e-01   1.1987253e-01  -2.7970868e-01  -5.5481336e-02  -3.0202560e-01   7.3640574e-02  -2.7000988e-01  -2.6939614e-03   2.5811562e-02   2.8311714e-03  -7.0850982e-02   1.4551929e-01  -2.0660819e-01  -2.4660192e-01  -7.8923668e-02   2.3000130e-02  -2.0002477e-01  -6.3167621e-02  -1.8914254e-01  -3.5466276e-01   1.9622663e-01   2.4094603e-01  -2.9991651e-01  -1.0644195e-01   2.1739314e-01  -1.4690509e-02   6.6345770e-02  -2.4854383e-01  -1.7230342e-03   4.7308697e-01  -3.3699852e-02   9.9540334e-02   6.7383956e-01   2.7116772e-01  -5.2753843e-01   4.7722697e-01  -6.6314391e-02   4.1143304e-01  -3.7176261e-03   4.3806370e-01   3.7329715e-01   2.0715103e-02  -1.1487516e-01  -1.1221209e-01   1.1690961e-01   3.0117831e-01  -7.0396532e-03   2.8292672e-01   1.4562887e-01  -3.7281442e-04   4.8632572e-02   8.2553168e-03   6.1671615e-02   1.0636278e-01   7.2265385e-02  -3.7574546e-01   4.0577270e-01   1.7516772e-01  -1.6952164e-01   3.4548477e-01   2.7864788e-01   1.7290244e-01   3.6660030e-01  -1.8345893e-02  -3.9427352e-01   2.8544821e-01   1.2728907e-01   2.5768122e-02   2.4754770e-01  -2.0084448e-01   3.3774397e-01   3.3541717e-02   1.3741733e-01   5.9266760e-02  -3.5688259e-01   4.5132658e-01   7.4270991e-01  -3.8180508e-02  -4.1724670e-02   3.8455393e-02  -1.7176952e-01   3.3431890e-01  -2.9556988e-02  -4.8922439e-02   1.9762862e-01   5.4757594e-01  -3.9503650e-01   1.4002530e-01   1.9846788e-01   6.1150092e-01   5.3967845e-03   5.7565305e-01   2.5689321e-01  -4.3661135e-01   2.6584324e-01   6.6124426e-02  -2.0242363e-01  -3.7524453e-01   8.1890441e-02  -2.1921951e-01   4.5926570e-01   3.7237243e-01  -1.2809592e-01  -1.0539924e-01   3.4644170e-01
  -2.6026181e-01   4.3577402e-01   5.9927340e-01  -2.1250352e-01   9.5406384e-02   3.8757554e-01   3.1618189e-01   9.9588355e-02   3.7489115e-01  -6.6834187e-03   1.3281792e-01   0.0000000e+00   1.7467857e-02  -2.0879019e-01  -2.5089973e-01   6.6071068e-02   4.6791642e-01   8.6820685e-02   2.0331971e-01   1.4871932e-01  -1.7029104e-01  -1.1464179e-01  -3.4266046e-01  -4.4056466e-01   3.5858800e-01  -5.5584456e-02   9.7861901e-02  -2.8155017e-01   3.5764301e-02   1.3069533e-01  -2.2283577e-01  -3.1712275e-01   3.5813014e-01  -5.3234773e-02   2.1030582e-01   1.1345546e-01  -2.7619685e-01  -2.9395842e-01  -6.1096638e-02   1.9499737e-01  -4.0052684e-02   1.8394566e-01   6.8202808e-01   1.4328338e-02   1.1980583e-01   1.9051954e-01   1.5553146e-01   1.2141114e-01  -4.5970741e-01   3.5156542e-01  -5.7251680e-02  -6.3159103e-03   1.3229132e-01   3.6169610e-02  -7.4376497e-02  -1.6671291e-02   5.6417967e-01  -9.0811858e-02   1.8914529e-02   4.4215307e-01  -1.3077435e-01  -1.3163676e-01   4.0718334e-01  -3.6994338e-03  -1.5497089e-01  -1.6055483e-01   2.3355024e-01   1.8529448e-03   1.7820453e-01   3.0231773e-01   1.1125408e-01  -5.0440007e-02  -6.4905674e-02   3.3617832e-02   1.5166250e-01  -1.6222076e-01  -2.8889889e-01  -3.3082757e-02   1.6904049e-01   8.8283247e-02  -3.3775192e-01  -2.3834512e-01  -5.0725171e-02  -1.6733316e-01   3.9361416e-01  -3.1304837e-01  -1.5630337e-01  -1.7775352e-01   4.8558059e-01  -2.7948536e-01   7.3614757e-02  -1.0310382e-01   3.4825957e-01   3.2180384e-01  -3.3082213e-01   2.7651383e-01   2.1083875e-01   1.2774348e-01   1.1814564e-01  -1.7925717e-01  -2.4391707e-01   5.1646575e-02  -1.0720732e-01  -6.1955810e-02   1.2899093e-02  -1.2915682e-01   1.4676495e-02   1.5058724e-01  -4.3029077e-01   6.9124250e-02   1.9744182e-01  -1.8037572e-01   4.1953375e-03  -1.2186920e-01  -1.2171571e-01   5.6886855e-03  -6.0498457e-02   4.0251328e-02   2.4516265e-02  -2.4749756e-01  -9.4061989e-02   1.8205716e-01   6.0349738e-01  -1.1366167e-01  -2.0497282e-01  -1.0742114e-01  -7.5364764e-02  -6.1178131e-02  -2.2169671e-01   4.2741395e-01  -2.5402426e-02  -1.6846020e-01   3.2085256e-01  -1.5573197e-01   1.0176337e-01  -4.8732597e-02  -1.7272271e-02  -1.4735259e-01  -1.2574773e-01  -2.8988520e-01  -5.0091510e-02  -1.5830590e-01   1.1085914e-01   1.2615633e-01   1.2285622e-01  -1.1687904e-01   2.2610845e-01   1.0077793e-01   1.6285373e-01  -3.2263502e-01   4.6705153e-01  -1.4574034e-01   1.8341073e-01  -1.5069177e-01   6.7693620e-01  -6.7092313e-02  -1.8696547e-01   5.5230455e-02  -1.5191079e-01  -3.7564296e-01   1.5967142e-01   4.6704051e-02  -2.5044350e-01  -1.1674214e-01   2.1877902e-02   3.7826173e-01   2.6610607e-02  -1.0544019e-01   5.6683854e-02  -1.6209941e-01   2.3416380e-01  -1.5940502e-01  -6.6836954e-02   5.2139491e-01   1.8164159e-01   3.0375081e-01   5.5061526e-02
   1.9148540e-01   3.1754572e-02   2.7226370e-01  -1.1165128e-01   2.7519413e-01  -1.2138317e-01  -1.0335875e-01  -3.2364842e-02  -2.4343529e-01   1.6297394e-01   2.2435512e-02   1.7467857e-02   0.0000000e+00  -1.5099470e-01  -1.3017536e-01   1.2266023e-01   3.6984859e-01  -1.0485948e-02  -6.1976563e-02   3.0172310e-01  -1.8839986e-01  -1.7661270e-01  -8.6896761e-02  -3.9131707e-02  -6.1701080e-03  -2.0741702e-01   7.1691475e-02  -3.4434005e-02  -1.9275814e-02  -2.7833779e-01  -4.6054576e-02   9.2567099e-02  -3.7553979e-02  -2.5647747e-02  -1.0800754e-01   3.1609593e-01   2.6586843e-03   3.9070952e-03   3.6235903e-01   8.7011487e-02   5.5995019e-01   4.3311436e-01  -8.7881491e-02   7.7622408e-02  -6.2553004e-02  -1.0082929e-01   1.8404499e-01  -1.3096612e-01  -1.1095752e-01   2.0422333e-01  -4.0627813e-02  -1.9196362e-01   2.2893278e-02   2.5077901e-01  -9.1978302e-02   2.8715709e-02  -1.0377444e-01  -7.4513551e-02  -5.6193542e-02  -3.6785539e-01   3.2467826e-01   9.5585391e-02  -2.0314311e-01  -7.0126648e-02  -6.9830831e-02  -8.0170091e-02  -1.8343404e-01  -5.0341714e-02  -4.0695034e-02  -9.5788999e-02   1.5804065e-01  -2.5771490e-02   4.0187025e-01  -3.1653522e-01  -5.4530962e-02   8.5724989e-02  -1.1008750e-02  -8.4877400e-02   1.2991551e-01  -1.1312179e-01  -1.2382971e-01   3.8800372e-01   9.2267123e-02  -7.1333674e-02   1.0542314e-01  -4.5696626e-02  -6.8177315e-02  -4.4824316e-02   6.6876334e-02  -1.4963795e-02   1.8255369e-02   2.4245046e-01   1.5562045e-01  -2.0032533e-01  -4.9094242e-02   2.9461483e-01   2.3910011e-01  -6.5941924e-03   2.4588002e-01  -6.3104916e-02  -5.9013463e-02  -2.6163835e-01  -1.5829010e-01  -1.6735905e-01  -2.0855395e-01   1.7668013e-02   2.6291223e-01  -7.6037958e-02  -1.0929179e-01   7.2488313e-02   1.1511486e-01  -2.3199682e-01  -2.1081120e-01  -3.8514865e-02   1.4180270e-02   6.9827251e-02  -1.0591204e-01   2.2056571e-01   2.8737508e-02  -8.9609271e-02  -7.3841291e-02   2.8108068e-01  -1.4171950e-01  -1.6697855e-01  -1.9805992e-01  -3.1297477e-01  -2.6120047e-01   2.0893148e-01  -1.7462541e-01   2.5070808e-02   5.4181571e-01   1.7132962e-01  -2.5302213e-01  -1.2272074e-01  -1.4427487e-01  -1.5063347e-01   1.2181651e-01  -1.9369786e-01  -1.8980474e-01  -7.1118772e-02  -5.4087569e-02   4.4381438e-01  -1.2900836e-01   8.7033671e-02  -1.9090137e-01  -2.0670794e-01   1.0897650e-01   4.7878183e-02  -1.1860019e-01  -1.1777240e-01   7.2426849e-02  -1.4060563e-01  -6.2963885e-03   1.7827422e-01   6.3560054e-02  -3.5020828e-02  -1.8439340e-01   2.8729742e-02   2.8145032e-01  -2.2752407e-01  -5.2096675e-02   8.7983787e-03   1.3899601e-01  -1.2197556e-01   1.1729310e-01   1.2391081e-01   1.5625507e-01  -2.5447867e-01   1.8381144e-01   1.1754369e-01   1.5818616e-01  -2.1119803e-02  -4.7735723e-02   2.5871124e-02  -5.2476435e-02   4.2752732e-01   6.6091022e-02
  -4.5039149e-02  -2.2717345e-01  -2.1954201e-01   1.1833219e-01  -1.2607281e-01  -2.3300181e-02  -4.2265090e-01   3.2771566e-02  -1.1413343e-02  -2.1346713e-01  -5.6732254e-02  -2.0879019e-01  -1.5099470e-01   0.0000000e+00   4.6096269e-01   1.9690274e-01  -2.5681721e-01   4.9232856e-02  -8.4542067e-02  -1.9473734e-01   5.2191971e-01   1.6475895e-01   2.8542525e-01   3.2287441e-01   4.6839349e-03   2.1928935e-01  -1.9802948e-01   4.2413420e-01   1.4429502e-02   1.6203391e-01   4.7998683e-01   9.6128081e-02   2.4328115e-01  -3.6323772e-01  -2.6335598e-01  -1.9563770e-01  -4.9520231e-02   5.2838869e-02  -7.1206308e-03  -1.7323056e-01  -5.5979936e-03   8.2371991e-02  -1.3872467e-01   3.5142759e-01  -2.5711727e-01  -2.5541854e-01   1.4295805e-01  -5.2547618e-02   3.6970632e-01  -1.1017870e-01  -3.4297184e-02   1.6015048e-01  -3.9094334e-01   5.6662034e-02   6.6920804e-01   1.9659014e-01  -9.6291408e-02   2.3095794e-02   1.4291827e-01  -1.7591373e-01  -8.0224657e-02   3.0112127e-01  -4.3733295e-02  -7.9523240e-02  -2.3269066e-02  -8.8298950e-03   8.0575864e-02   5.8196191e-02  -7.6957678e-03   2.8818861e-02  -4.2634598e-01  -2.6228249e-02  -6.7774748e-02   3.2681065e-01   2.7212014e-01   3.4354941e-02   5.8260097e-03   1.8829863e-01  -2.2051986e-01   1.9910030e-01   4.9009926e-01  -2.1892695e-01   1.3399875e-01   1.3284391e-03  -5.3787487e-02   2.1082824e-01   1.2149816e-01   5.7431439e-01  -3.2573589e-01   8.1982204e-02  -1.4778967e-01  -8.7929143e-02  -2.4512402e-01  -2.1837786e-01   1.2865171e-01  -1.9695338e-01  -2.3732296e-02  -1.3256525e-01  -1.9623383e-01  -2.8035938e-01   5.1868775e-01   2.3031930e-01   6.2993242e-01  -8.9832420e-02  -1.4995103e-01  -7.8060764e-02   1.2506231e-01  -1.8232436e-01   3.4385741e-01  -1.5027743e-01  -5.7425767e-02   2.7888499e-02   8.7657257e-02  -1.0206853e-01   4.1956680e-01  -3.1757710e-01   7.8487728e-02   1.5387851e-01   5.0182325e-01   2.0081680e-01  -1.5686474e-01  -1.3367046e-01  -2.8997016e-02   2.5021084e-01  -1.8540167e-01   5.6947844e-01   1.3713784e-01   1.8686423e-01   8.7238056e-02  -1.5059868e-01  -1.3447729e-01  -2.2856181e-01   3.0048623e-01   3.4302267e-01   7.2972816e-02   1.5845737e-01   1.2656609e-01   4.7606957e-01   4.8323241e-02  -9.6076026e-02   2.0736108e-01  -3.1193893e-01  -1.3722070e-01  -8.9736002e-02  -2.9247273e-02   5.4290553e-01  -3.3861293e-01  -2.8126588e-01  -8.7927588e-02   5.7908338e-02   8.6906516e-02   7.1450571e-01  -2.1226687e-02   1.1430803e-01  -2.9689231e-01  -1.4090852e-01  -7.8108032e-03   1.0123717e-01  -1.2991884e-01   5.5349838e-01  -1.2133745e-01   2.0567439e-02  -2.8790402e-01  -2.0787788e-02  -9.5087659e-02  -3.5257618e-01   4.9420185e-02   1.8660167e-01  -1.2948114e-01  -1.8510136e-01  -4.3513876e-01  -6.4989632e-02  -4.5313670e-02  -1.7053959e-01  -1.7913488e-01  -1.9020825e-01   1.0176461e-01
