   0.0000000e+00   2.2786585e-01   3.9285176e-01  -1.0330417e-01  -2.9608566e-01  -1.5301773e-01  -2.4707006e-01  -3.4170386e-02  -5.6613794e-02  -2.8060682e-01  -1.9472212e-01   3.2291304e-01  -2.0423346e-02  -1.0384203e-01  -3.6642941e-01   1.5261607e-01   4.0781536e-01  -3.2483389e-01  -7.8546549e-02  -2.7715251e-01  -1.9615174e-01  -1.2010520e-01  -1.0185051e-01   5.4050858e-01   8.7665620e-03  -2.7509198e-02  -2.1191552e-01  -3.0406753e-01   8.5628797e-02  -3.9701264e-02  -4.2226467e-01  -3.1736121e-01   4.8144007e-02  -3.2921675e-01  -3.1931642e-01  -3.2121628e-01  -1.7522808e-01   3.6576593e-01   1.7659300e-01  -1.3843452e-01  -7.7847430e-02   2.6098662e-01  -1.7185329e-02  -2.4726932e-01  -3.3534415e-01   4.4369368e-01  -2.7359204e-01  -2.9232521e-01  -4.7282205e-02   3.6890877e-02  -2.7501282e-01  -5.7812069e-02  -2.6106620e-01   1.1696502e-01   4.3151764e-01  -3.7551760e-01  -6.4115295e-02   2.0632961e-03  -5.1685151e-02   4.8014925e-01   4.6417363e-01  -1.9260622e-03   3.0534227e-02  -2.0953137e-02  -2.5073920e-01   5.7904929e-03   2.9956299e-02   3.9730837e-02  -3.1727175e-01   1.9943684e-01  -2.1602772e-01  -1.5675882e-01  -3.9398368e-02   7.4841117e-01   1.0466538e-01  -1.5401822e-01   4.3773431e-01  -1.9412579e-02   4.7105145e-02   1.1403477e-01  -3.7263312e-01   1.4877258e-01  -2.2166420e-01  -1.2017957e-02   1.2043157e-02  -1.8404366e-01  -3.5445296e-01   2.4106633e-01   2.1844379e-03   4.6800907e-01  -1.2117069e-01   3.5983016e-01   1.0784389e-03   7.8298593e-02   5.4600473e-01  -1.9956682e-01   2.6512698e-02  -6.7947442e-02  -1.4352890e-01  -1.8372677e-01  -5.0947904e-01   1.2163091e-02  -2.4026112e-01   1.6061862e-01  -3.9067775e-01  -1.4895065e-01   1.0812426e-01  -1.6375758e-01  -8.2688996e-03  -4.0765552e-01  -1.1839452e-01   1.8110670e-01   4.3809006e-03   3.4207958e-01  -5.5245599e-01  -1.7296640e-01   1.3726783e-01   5.2972035e-04  -4.3719884e-01   1.3657707e-02   5.1894258e-01  -8.0711503e-02   1.4819645e-01  -1.7845319e-01   4.3309850e-01   5.6377651e-01  -1.3365396e-01   8.0673407e-02  -7.0374445e-03   2.5441820e-01   1.4707477e-01  -3.9546284e-01   6.7084674e-01  -3.5781592e-01   9.3039433e-02  -3.2844262e-02   3.0599304e-01  -3.9110212e-01  -5.8334893e-02   2.5829655e-01   5.3441362e-02  -9.7688352e-02   3.3371186e-02   8.8452562e-02  -3.1517914e-01  -4.5235093e-01  -1.8349169e-01  -1.8042787e-02  -3.6509408e-01  -2.4317462e-01  -1.7537264e-01  -9.7720840e-03   4.5549473e-01   1.8711968e-02   1.5743419e-01   2.3568200e-01   4.3004685e-01   1.2887725e-02   3.4000898e-01  -4.9244954e-02   5.0790367e-03  -4.6634143e-02  -3.0593912e-01  -3.1160491e-01  -2.6223225e-02  -9.3241279e-02   1.5839258e-01  -1.8231563e-01   2.1254320e-01  -2.0761092e-01  -1.5213947e-01   4.8218675e-01   4.0983546e-02   1.4386022e-01   2.5209940e-01   3.8173881e-01   8.0433213e-02
   2.2786585e-01   0.0000000e+00   2.0595112e-01  -1.3956655e-01  -1.1672518e-01   3.3201795e-02   3.3282134e-02   4.0394822e-02   4.6600771e-01   5.3813605e-02  -1.6089764e-01   4.1503732e-01  -2.8906722e-01  -1.5571453e-01  -1.7093331e-01  -5.8525045e-02   1.3212721e-01  -1.9172841e-01  -1.8388901e-02  -1.1304406e-01  -1.3570302e-01   2.6318100e-02  -1.1593176e-01  -6.5722339e-03   1.7421757e-02  -1.2518070e-01  -7.3617319e-02  -7.2922195e-02   1.4173596e-01   2.3687753e-01  -2.6298842e-01  -1.0792544e-01   1.8441198e-02   1.4411446e-01  -6.7309827e-03  -1.9613600e-01  -4.2126869e-02  -1.0767095e-01  -1.0506978e-01   6.1186087e-02  -3.0698820e-01   1.1598830e-03   6.1204316e-01  -1.6123701e-01   7.5616843e-03   1.0628320e-01  -3.5468706e-01  -2.0950850e-02  -5.0938772e-02   1.3891241e-01  -2.0616332e-01  -1.6495100e-01   2.3172254e-01  -6.3520500e-02  -1.0019419e-01  -2.8764378e-01  -9.1202092e-03   9.8979445e-02  -9.5036874e-02   3.1976513e-01   1.1744955e-02  -4.8576495e-02   5.2427885e-01   7.3076276e-02  -8.6190030e-02   3.2918468e-02   8.0455113e-02   7.4979310e-02  -2.9132564e-01   7.1131438e-02   2.7743319e-01  -1.5216996e-01  -8.7729417e-02   2.5383833e-01  -5.0159551e-02   9.4798050e-02  -7.1896097e-02  -1.0519571e-02   2.8047022e-01  -5.2908329e-02  -1.2236111e-01   2.3799780e-02   1.0432352e-01   7.3446309e-02  -1.6141589e-01   1.1248767e-01  -1.9992953e-01  -5.4552304e-02   2.7101960e-01  -2.2734936e-02   2.9454000e-01   7.5836343e-02   1.5299073e-01   3.6522943e-01  -5.4285111e-02   8.2418505e-02  -5.2252544e-02  -8.9241914e-02  -4.6596054e-02   1.0687010e-01  -2.3131491e-01   8.1649937e-03  -8.2215498e-02   4.8142057e-01  -2.0750886e-01  -4.9099556e-02  -1.8734931e-02  -1.2893981e-01  -7.6790320e-02  -1.5939505e-01   5.8861477e-02   3.1471118e-02   7.9757556e-02  -5.1166884e-02  -1.9616453e-01   2.3855136e-01  -4.2527322e-02  -1.7339403e-01  -1.3681736e-01  -1.5957314e-01  -6.4414714e-02   1.0349237e-01   3.0667458e-01   7.7285002e-02  -9.7429915e-02   2.7462859e-01   1.8641674e-01  -6.2523365e-02   2.0667415e-01   2.1843887e-01  -1.5734136e-01   2.7100487e-02   4.5209528e-01  -2.3727660e-01   3.1327923e-01   8.6366712e-02   5.8959968e-02  -1.3607397e-01   9.2175845e-02  -1.1532177e-01  -1.5754734e-01  -4.5624194e-02  -5.2428309e-02   1.0029077e-01  -2.1034859e-01  -2.7797760e-01   1.5936581e-01   5.9240846e-02  -1.7658714e-01  -1.0866325e-01  -2.2591800e-01  -9.6703762e-02  -1.2917778e-01   7.1288976e-02   4.8127569e-01  -7.9643185e-02  -4.9886034e-02  -5.7609484e-02   2.4722994e-02  -4.4012367e-02   1.5452778e-01  -9.0565320e-02  -5.7081305e-02  -2.3995908e-01  -1.7000003e-01   2.7840790e-01   2.3511407e-01  -7.6287965e-02  -1.6549346e-01  -2.9447875e-02   1.8688888e-01  -6.3174836e-02  -2.0225747e-02   1.8653635e-01   4.8553508e-03  -1.4444387e-01   4.0058122e-02
   3.9285176e-01   2.0595112e-01   0.0000000e+00  -1.3074497e-01   3.0435378e-02   4.1316345e-01  -2.4032521e-01   7.1368501e-02  -2.7711447e-01  -2.6258387e-01  -1.7058469e-02   3.2641519e-01  -1.2200397e-02  -5.9884605e-01  -4.2663756e-01   1.5888517e-03   9.0654072e-01   1.3027984e-02   1.7080897e-01   4.4312962e-02  -1.3791593e-01   7.8026379e-02  -1.2406759e-01   7.9674981e-02  -1.3327083e-01   1.3749151e-01   9.3059932e-02  -3.9822585e-01  -2.8977079e-02  -1.1631448e-01  -4.5327348e-01  -7.1538280e-02   1.7062613e-01  -3.8755260e-01  -5.1752638e-01  -5.0438275e-02  -2.9176345e-01  -7.9026823e-02  -1.0622981e-01  -1.2100653e-02  -3.2606058e-02   1.8846206e-01   2.1033217e-01  -2.8540051e-01  -1.8096122e-01   6.0014141e-01  -1.7181046e-01  -4.1347850e-01   4.9896047e-02   4.2395336e-01  -9.2203846e-02   1.2939976e-01  -3.7958609e-01  -6.2275091e-02  -8.0422578e-02  -2.6274751e-01   3.4780076e-01   2.8734650e-01   1.0072892e-01   5.1714790e-01   5.8999418e-01   6.8104415e-02  -4.2468171e-02  -1.5838146e-01  -8.8173846e-02   2.6691645e-01   4.2768914e-01   5.7651434e-02  -1.9127527e-01   6.9975224e-01  -2.3388248e-01  -1.5579902e-02   1.6932866e-02   5.4679957e-01  -4.5723354e-02   1.7247569e-02   3.9481961e-01  -1.4633820e-01   3.7527657e-01  -3.4443225e-02  -3.2974997e-01   1.6878184e-02  -4.3654817e-01   1.2580928e-01  -1.5092165e-02  -8.9513340e-03  -6.0117691e-01  -1.7937227e-01  -4.0856471e-02  -6.5299820e-02   8.3597497e-02   7.6433119e-01   1.7035924e-02   3.2623404e-02   3.0768712e-01   1.2792938e-01  -7.8374564e-02   2.3358810e-01  -1.5405905e-01  -2.0151325e-01  -4.7159363e-01  -5.2435394e-02  -2.1408360e-01  -6.9899142e-02   1.0045585e-03  -6.8618861e-02   1.5294575e-01   1.7048412e-01  -1.7944817e-01  -1.5945375e-01  -6.0142696e-02   3.3993609e-01  -1.9504718e-02  -1.5243442e-01  -3.8774639e-01  -1.6557801e-01   3.9104149e-02  -1.2158895e-01  -1.6229059e-01  -5.5353386e-02   2.7644907e-01   1.5037807e-01   7.9401745e-02  -1.5122449e-01   3.5580262e-01   2.0398047e-01   5.9528220e-02  -2.1125827e-01   6.9626253e-02   6.9171104e-01  -1.8864299e-01  -4.2045772e-01   4.7800628e-01  -3.5089443e-01   2.3837223e-01   8.1342276e-02  -4.9981067e-02  -4.9504160e-01   1.1744024e-01  -2.1216288e-01  -4.0167840e-01  -5.5801471e-02   2.3084802e-01   5.8483993e-01  -3.2621464e-01  -3.5806882e-01  -9.9432104e-02   1.8773769e-01  -1.4248712e-01  -3.3565962e-01  -1.6848646e-01  -1.2420147e-01   3.1212275e-01   1.9119651e-01   4.4201908e-01  -2.0496520e-01   2.2102200e-01   5.9261517e-02   6.7489013e-01   6.3177833e-02   1.4673594e-01  -2.1144061e-02  -1.1247211e-01  -8.0722800e-02   2.0613706e-01  -1.6718474e-01   3.6459506e-01  -2.2812270e-01   2.1307471e-01  -2.0554405e-01   1.8734124e-01   3.3418639e-04   2.0553533e-01   7.1353136e-01  -6.0243479e-02   3.4873575e-01   2.2472468e-01
  -1.0330417e-01  -1.3956655e-01  -1.3074497e-01   0.0000000e+00  -1.0210749e-01   3.3399572e-03  -1.7066558e-01   1.4034467e-01   1.8555279e-01  -4.0889194e-01   2.4727836e-01  -3.6897389e-01   3.4257696e-01   6.8920260e-02  -9.2875854e-02   2.2868899e-01  -7.4577860e-02   3.0782487e-01   1.8050181e-01  -3.4458201e-02   2.5340265e-01   5.5814904e-01   1.6499215e-01  -1.2841505e-01   2.2685936e-01  -3.2510534e-02  -1.2160780e-01  -1.9626299e-01  -4.0673857e-02   2.0257507e-01   1.6947851e-03   4.0756192e-01   2.4033921e-01  -2.5634801e-01  -2.1019732e-01   1.2322304e-01  -1.2033365e-01   1.4989459e-01   2.9740352e-01  -3.8097011e-01   3.9516372e-01   2.0797955e-01  -7.0446581e-02   8.0811613e-02   1.4536735e-02  -4.6362601e-02   3.4074782e-01  -1.0424449e-01   8.5757073e-02  -4.3946520e-01   3.1740167e-01  -1.3666355e-01  -9.6259918e-02   2.9732376e-03   4.0593154e-03  -1.3127751e-01   2.3038118e-01   4.5091607e-01   6.1690441e-01   2.2224773e-01   3.6097163e-02  -1.3720778e-01   3.6955815e-02   2.5090481e-01   1.7417371e-01   1.4438542e-01   1.8651608e-01  -8.9362286e-03   3.7646857e-01  -1.3829962e-01  -2.8067401e-01   3.8938170e-01   3.0726626e-01   1.8848687e-02   1.7453008e-01   1.2773221e-01   3.2552065e-02   1.3152495e-01   6.8813133e-02   4.7937662e-01  -1.6610504e-01   3.6194947e-01  -9.2100522e-02   1.4568668e-01  -1.5527376e-01   1.0798769e-01  -3.8235089e-03  -1.1308809e-01   3.3347138e-02  -1.4440677e-01  -1.2917428e-01   6.8433738e-03  -3.2681532e-01   3.3449228e-01   1.3394311e-02  -2.3827059e-01   2.7316566e-01   2.9968451e-01   1.5054187e-01  -8.6430409e-02  -1.6254049e-01   1.4211937e-01   1.0980831e-01   1.5904064e-01   4.5385516e-01   4.5756402e-01  -2.5888525e-02   4.2758399e-01  -2.2801562e-01  -3.5838540e-02  -3.2667567e-01   1.4540726e-01   4.2314494e-01  -9.1325102e-02  -1.6525686e-01   1.6039557e-02  -5.3089733e-02   2.9196432e-01  -1.7606254e-01   6.4609872e-01  -3.2473205e-02  -2.1093795e-01   1.9099429e-03   2.2919802e-01  -5.1404778e-02   1.7356396e-02   1.4365975e-01   8.4308611e-02   4.5334442e-01  -2.8838063e-01   2.3194718e-01  -1.8359642e-02   2.0911643e-01   6.0721063e-02   3.8124722e-01   1.9644287e-01   3.0914497e-01  -6.5768669e-02   1.4821033e-01   1.5415495e-03  -7.7714547e-02   2.9487504e-01   4.3784594e-01  -2.4237642e-01   1.2770006e-02   2.5205124e-01  -4.0315627e-01   1.1800306e-01  -1.8237971e-01  -3.5391714e-03  -1.9949038e-01  -9.6061813e-02  -2.9660545e-02   8.5844692e-02  -4.4601397e-01  -1.4936357e-02  -1.6596031e-01   4.4557160e-01  -3.5229865e-02  -2.4985943e-01   2.9693055e-01   3.3062014e-01  -2.1496986e-01   4.5300822e-01   4.6053413e-01  -1.5808614e-01   6.5313336e-02  -1.7899239e-02  -1.2687137e-01  -2.1414448e-01  -1.2740480e-01   2.1851202e-03   2.3003640e-01  -4.4751402e-02   3.0304870e-01   1.4000910e-01   4.8372513e-01
  -2.9608566e-01  -1.1672518e-01   3.0435378e-02  -1.0210749e-01   0.0000000e+00   3.2934070e-01   1.8116598e-01  -1.1067100e-01  -2.3896276e-01   3.8904495e-01  -1.0173309e-02   4.7234662e-02   2.2610490e-01  -1.0554448e-01   2.3629294e-02  -2.8624783e-02   1.9122834e-02   1.9940271e-01   5.9525381e-02   8.9598071e-01   6.5522429e-02   5.0893508e-02   1.0489170e-01  -2.6335489e-01  -5.8996728e-02  -1.0067887e-01   7.6297208e-01  -1.9320335e-01   1.7474683e-01   7.7755177e-02  -3.2849954e-02   7.2861006e-03  -7.7075518e-02   1.0138286e-01   1.2630774e-01   6.7814211e-01   3.3797042e-01  -3.7939197e-01  -9.2222425e-02   3.9962903e-01   2.4877900e-01   6.1643056e-03   1.4385090e-01  -1.3862159e-01   4.5144016e-01  -2.9003738e-01   3.5838073e-01   2.7585909e-01   3.2358342e-01   1.4664069e-01   1.1725478e-01   6.1592277e-02   1.8806239e-01  -1.2106476e-02  -2.1045797e-01   8.6384349e-03  -5.3571662e-02   1.0938095e-01   5.0807361e-02  -3.4266866e-01  -2.2648806e-01   5.9462177e-01  -6.3921210e-02  -8.7302024e-02   3.3358908e-01   7.7406981e-02   2.4489672e-01   7.9213630e-02   2.6711047e-01  -2.3032077e-01   3.7155110e-01   2.1610002e-01   7.3964033e-02  -3.5300571e-01  -5.9147771e-03  -1.6132345e-01  -4.1489459e-01  -2.5899517e-01   3.6557069e-01   2.3968069e-01   4.9808327e-03   3.3988989e-02   1.1962337e-01  -3.2254758e-01  -1.7975359e-01  -1.5367274e-01   6.0012954e-02  -7.6434026e-02   7.1748776e-02  -2.5724886e-01   5.3773584e-01  -2.3170545e-01   3.6208597e-01  -2.3955244e-01  -3.8490368e-01   8.0729554e-01   2.0292153e-02   4.2145373e-02   2.3227873e-01   2.6255949e-01  -6.7636881e-02  -1.1233896e-01   2.0299536e-02  -2.2219587e-01   2.6310271e-01  -1.1086773e-02   5.8825902e-03   5.8916942e-02   2.5187546e-01   2.0350390e-01   8.4672310e-02   3.1682657e-02   1.4544157e-02  -3.0018863e-01  -8.5027623e-03   4.1583140e-01  -9.2451460e-02   2.1535439e-01  -1.0441835e-01   5.9533978e-02  -4.3496139e-01   7.3704719e-01   1.7735258e-01   1.4911342e-01  -3.8680344e-01  -3.5475147e-01   1.7260619e-01   4.5459537e-02  -1.7157644e-01  -7.7098986e-02   9.5613631e-02   3.1668267e-01  -4.2877224e-01  -7.5021037e-03   6.5892444e-02  -2.1077749e-01   4.0912645e-02  -2.0647951e-01  -1.5111850e-01  -2.6051454e-01  -1.7743561e-01   4.6828848e-01  -6.4487986e-03  -1.9217191e-01   5.2601860e-02   1.7462474e-01   2.0111679e-01   1.6537006e-01   3.9543267e-01   3.2418594e-02  -9.1790655e-02  -1.5762832e-01  -1.1400246e-01   7.2444134e-02   3.7802638e-01  -1.9541830e-01  -3.0498210e-01   6.2620778e-02  -1.8265520e-01   1.8743341e-01   2.0611438e-01  -2.1086506e-02   3.8303779e-01   3.1655033e-01   4.5564316e-02   4.4666284e-01   7.9869295e-02  -2.7622120e-01  -8.7446542e-02   3.4619609e-01   5.3656309e-01  -4.6583814e-01   2.3904916e-01   5.9237642e-02  -5.5745682e-02  -8.0662574e-03   4.6597375e-02
  -1.5301773e-01   3.3201795e-02   4.1316345e-01   3.3399572e-03   3.2934070e-01   0.0000000e+00   2.4299374e-02   2.1155459e-01  -1.8233520e-01   9.2114539e-02   5.8298912e-02   3.2345609e-01   1.6151498e-01  -4.1371125e-01  -8.4569627e-02  -2.5044271e-02   3.2658980e-01   2.3475691e-01   4.2888229e-01   3.0850421e-01  -3.1267393e-02   2.1681525e-01  -4.1442282e-03  -2.8844095e-01  -8.4403694e-02   3.4481934e-01   3.2434269e-01  -3.1857328e-01  -2.1191274e-02   1.2330339e-01  -2.1744992e-01   1.2427814e-01   1.1253764e-01  -2.1574045e-02  -7.4577804e-02   2.0633900e-01   8.8574146e-03  -4.4863282e-01  -1.1261935e-01   9.6355133e-02   7.4340759e-02   5.6026904e-02   1.6759904e-01  -2.3993259e-01   1.7568739e-01   4.2541281e-02   1.7386059e-01  -5.7849800e-02   1.1248899e-01   1.8170751e-01   1.9993488e-01   3.2015924e-01  -2.1332101e-01  -1.2764560e-01  -3.0671736e-01  -6.7632357e-02   6.3314455e-01   3.2159923e-01   5.0059690e-02   3.1138676e-01  -9.8109037e-03   9.0262774e-02  -1.7513608e-01  -9.3769127e-02   9.6278658e-02   2.0495260e-01   8.3613912e-01   7.6061943e-02   3.0011294e-01   2.8605088e-01  -9.6163073e-02   2.0703995e-01   2.1378424e-02   5.4821256e-02  -1.2580261e-01   3.3858833e-02  -1.2691629e-01   7.0718821e-02   2.5383418e-01  -2.2367151e-02  -1.2129209e-01  -1.5087353e-01  -1.1661241e-01   1.7296553e-01  -6.2484692e-02   4.7316600e-02  -2.8456982e-01  -2.7259060e-01  -2.0222323e-02  -3.7302215e-01   6.1708112e-02   2.0404509e-01   3.0491528e-01   7.2725276e-02  -2.9130458e-01   2.4714123e-01   6.4360944e-02   5.6370843e-01  -4.0547775e-02  -3.2937434e-02  -2.5783969e-01   1.5686848e-01  -7.0769313e-02  -1.4885810e-01   2.4114805e-01   1.3642881e-01  -2.5655119e-02   5.8908138e-01  -4.0769455e-02   2.4949840e-01   1.5367322e-01   3.9833175e-01   4.8804474e-02  -4.3941547e-01  -1.8523221e-01  -1.0495007e-01   1.3541965e-01   3.1065693e-02  -1.3715807e-01   7.5049740e-02  -2.8391316e-01   3.4664731e-01   1.3666072e-01  -3.2030399e-02  -8.6426402e-02  -6.7948545e-02   2.8521807e-01  -1.9066276e-01   5.4614498e-02   2.4712683e-01  -1.0561101e-01  -1.8943020e-02   9.1836748e-03  -1.4971992e-01   2.9833358e-01   4.7021142e-02  -7.3638867e-02  -3.4129918e-01   2.2725345e-02  -4.1255293e-01  -4.1519890e-01   1.7400370e-01   2.2142658e-01   2.5195156e-01  -1.1743308e-01  -5.5582893e-02   7.0984041e-02   8.9395304e-03   3.5202987e-01  -2.3729329e-01  -1.3039181e-01  -9.9984025e-02  -9.4693260e-02   1.3920310e-01   3.4517899e-01  -4.1566599e-01  -2.8671885e-01   6.1882973e-02   1.2461242e-01   1.0562741e-01   1.6895299e-01   2.1598654e-02   2.7412912e-02   1.2954692e-01   3.0822761e-01  -3.0008290e-02   3.6731651e-01  -2.3678125e-01  -5.7082692e-02   1.9322587e-03   3.2852509e-01  -4.3963548e-01   1.2485171e-01   7.4841784e-01  -1.2577710e-01   5.5259522e-02   3.4615296e-01
  -2.4707006e-01   3.3282134e-02  -2.4032521e-01  -1.7066558e-01   1.8116598e-01   2.4299374e-02   0.0000000e+00  -2.8428017e-01   1.8781242e-02   5.3820845e-01   1.9345038e-02   2.0426396e-01   1.8230368e-01   8.4668899e-02   3.9193692e-01   1.3532476e-02  -3.2324276e-01   1.1537762e-01  -1.9372795e-01   2.5433820e-01   2.1787166e-01  -1.2306174e-01   1.9490468e-01  -1.0386301e-01  -1.9804215e-01   7.5187271e-02   8.3938318e-02   2.9668178e-01  -1.9414382e-01   3.0330910e-01   2.8357565e-01  -1.7312183e-01  -2.2516312e-01   6.8985539e-01   6.5346960e-01   1.8456930e-01   2.3005082e-01  -2.3066896e-01  -3.1274871e-02   2.3697437e-01   2.6048925e-01  -2.3141686e-01  -7.4736495e-02   7.8416208e-02   3.9831834e-01  -3.8420273e-01  -5.4474619e-02   7.7957159e-01  -1.5019895e-01  -1.4111262e-01   8.9065852e-02   1.2652830e-01   3.9852886e-01  -1.0956185e-01  -8.5341911e-02   1.9424514e-01  -1.9309755e-01  -1.9749271e-01   1.3429116e-02  -1.8196294e-01  -4.0167025e-01   1.8768549e-01  -2.7887746e-01   2.6550903e-02   1.2445605e-01   1.5693968e-01  -2.5081341e-01  -1.6049866e-01  -2.0369190e-01  -1.2903494e-01   5.5291053e-01  -5.3016967e-02   3.2564348e-01  -2.6692222e-01  -2.3998700e-01  -8.8789777e-02  -3.7617516e-01  -1.6304185e-01  -2.4753886e-01  -9.8491938e-02   5.5425870e-01   6.5968583e-02   5.5928985e-01  -2.3972418e-01  -1.3004741e-01   2.7718709e-03   4.6356535e-01   6.7093748e-02   3.5066351e-02  -1.2408516e-01   4.8603054e-02  -3.2739868e-01   5.8491736e-01  -2.5125895e-02  -3.9759041e-01   1.0411548e-01  -7.8428508e-02  -2.3810939e-01   1.0000840e-01   7.5444680e-01   2.2845451e-01   8.6914686e-02  -9.6939493e-02  -3.9926742e-02  -1.2698294e-02  -2.2399759e-01  -1.3430853e-01  -2.7908649e-01   2.7400401e-01   3.0641491e-01   7.1076653e-01  -3.2291624e-01  -2.9879315e-01  -1.3523758e-01   3.5210588e-01  -5.2136168e-03   6.4432671e-02   3.4234045e-01   2.4951969e-02  -4.4313080e-03  -2.8148736e-01   2.2007221e-01  -8.3941672e-02   1.1177180e-01  -3.9297920e-01  -1.1687005e-01   1.9405398e-01  -3.0694940e-01  -2.1135508e-01  -1.3500751e-01   1.4958297e-01   5.1543711e-01  -3.1490547e-01   2.2503934e-01  -1.6525187e-01  -1.3370236e-01  -1.7606598e-01   4.0025298e-01  -4.2588379e-02  -6.4360538e-02   3.7791375e-02   1.3909482e-01  -1.9061090e-01  -1.4604203e-01   5.2933760e-01   2.2941338e-01   6.9357369e-01   1.0202457e-01   4.0432421e-01   3.4895449e-01  -4.4907904e-02   1.6979517e-01  -1.9342077e-01   1.0435366e-01   6.8501882e-02   3.3129434e-02  -3.3138429e-01   1.1365594e-01  -4.2038340e-01   1.7552689e-01  -6.4120496e-02   1.6635397e-02   3.8566221e-01   4.9191214e-02  -1.4091115e-01   2.9425801e-01   5.7858888e-02  -2.0036572e-01  -2.4540630e-01   2.6674757e-01   2.8873844e-01  -2.2375688e-01   4.1156816e-02  -1.9116564e-01  -2.0920512e-01  -2.9689065e-01  -1.3271345e-01
  -3.4170386e-02   4.0394822e-02   7.1368501e-02   1.4034467e-01  -1.1067100e-01   2.1155459e-01  -2.8428017e-01   0.0000000e+00  -8.0937787e-03  -2.2581328e-01   1.0654447e-01  -7.0593380e-02   4.4462316e-02  -1.2230815e-01   4.2724563e-02   1.4828423e-01   5.6159935e-02   2.4245350e-01   7.4284794e-02  -1.1549190e-01  -1.5757913e-02   1.6526704e-01   2.9023580e-02  -2.1006692e-01  -9.6959400e-02   3.9587318e-01  -1.6498057e-01   1.3473003e-02   4.5502586e-02  -1.6560631e-01   1.0262596e-01   1.6829130e-01   3.7839624e-01  -7.4970697e-02  -2.2353729e-01  -1.3530887e-01  -7.1125053e-02   2.7701217e-02   1.0503063e-01  -8.0380881e-02  -1.4255858e-02   2.3516700e-01   8.4351702e-02   3.3925828e-01  -1.2772133e-02   4.5245546e-02  -8.7685841e-02  -3.2251382e-01   1.9383194e-01   4.0664254e-02   1.8038191e-01   3.6569061e-01  -2.1329598e-01   9.2791780e-02  -8.3067945e-02   1.1810495e-01   2.0848849e-01   3.0258594e-01   2.6777821e-02   1.4220778e-01  -2.9442595e-03  -1.0448060e-01  -3.0822819e-03   5.2878657e-03   7.9286638e-02  -6.7065637e-02   3.4541335e-01   1.5932940e-01   2.5978017e-01   7.0559146e-02  -3.2961645e-01   1.4656779e-01  -4.1652903e-02   3.6034787e-02  -3.7122442e-02   7.1852664e-02   2.8307190e-02   5.1089612e-01   7.9593842e-02   7.2353664e-02   3.5730382e-02  -3.8519964e-02  -9.8906644e-02   7.6305802e-01  -5.5566114e-02   2.4046302e-02  -2.1683426e-01  -1.9079091e-01  -6.5409361e-02  -1.0492953e-01  -2.2498068e-01   2.6419812e-02  -1.0536832e-01   8.6401382e-03   4.4854286e-02  -1.5258935e-01   2.9721293e-02   1.4542221e-01   1.9038853e-02  -2.1629440e-01  -6.5380814e-02   1.4872301e-01   2.3159110e-01  -2.4003496e-02   1.5304105e-01   3.0814684e-01   1.2605596e-01   4.0815114e-01   9.3033715e-03   4.1479563e-02  -9.0597446e-02   2.3461307e-01   1.3376834e-01  -3.4328874e-02  -1.1378243e-01  -1.4546985e-01   4.1893149e-01   1.9583724e-02   5.8979710e-02  -2.5996672e-02  -3.8041750e-02  -2.0168136e-01  -2.9106402e-02  -1.0901375e-01   4.1813544e-03   8.7234929e-03   1.5266003e-01   9.8721761e-02   1.4222635e-01  -5.9461783e-02  -4.0458990e-02  -1.1032624e-01   1.3324566e-01   3.8932971e-02   2.3976949e-01   1.7199213e-01   1.7264759e-02   6.4782652e-02  -6.4058707e-04  -5.1442839e-02  -8.7634436e-02  -1.4435040e-02   1.8864150e-01   2.4872635e-02   1.8821662e-03  -2.9536673e-02  -2.8556721e-01  -1.5284058e-01  -4.7802228e-02  -7.5533198e-02  -1.1812566e-01   4.0860165e-01  -8.9394302e-02  -5.8812923e-03   5.4043061e-02  -1.5581623e-01   3.6894193e-02   7.6034846e-02   2.3286010e-02   1.3143490e-01   4.1404288e-02   9.7202972e-02  -1.3586763e-01   3.5981617e-02   1.6940101e-01  -2.3539562e-01   9.8854928e-02   1.9123896e-01   2.0526974e-02  -3.2761131e-02  -1.2541442e-01  -4.6106151e-02   8.0623797e-03   1.8331361e-01   3.2880948e-03   6.4139127e-02   2.5347086e-01
  -5.6613794e-02   4.6600771e-01  -2.7711447e-01   1.8555279e-01  -2.3896276e-01  -1.8233520e-01   1.8781242e-02  -8.0937787e-03   0.0000000e+00   8.2969841e-02   1.6212269e-01  -1.9699990e-01  -7.2287136e-02   2.9521038e-02   1.1781096e-01  -1.2819665e-01  -2.5702215e-01   9.3713584e-02   9.4589507e-02  -2.6748678e-01   3.6229234e-01   4.6089676e-01  -2.7495643e-02  -2.7153004e-01   1.6004599e-02  -1.8829621e-01  -2.3098166e-01  -1.5983032e-01   1.1411850e-01   5.4969850e-01   2.3678942e-01   1.7863755e-01   4.8899837e-02   2.0882102e-01   2.6040917e-01  -2.2567692e-01   2.5812397e-01  -8.8204406e-02  -1.7338103e-01  -1.7625472e-01  -2.3607669e-02  -1.3661450e-01   4.4479014e-01  -5.3729339e-03   1.4237570e-01  -1.5767065e-01  -1.5474495e-01   2.6358772e-01   1.5800334e-01  -2.8139975e-01   1.0833542e-01  -2.1245911e-01   5.9434764e-01  -1.4796380e-01   3.8508626e-02  -2.3264385e-01   1.5228341e-02   3.3070653e-01   7.3893490e-02   2.5580000e-01  -1.2102907e-01  -1.7206788e-01   6.1821366e-01   5.6707503e-01   3.1195346e-01  -2.1423516e-02  -5.9055687e-02   1.5474385e-01  -1.1544903e-01  -2.7451771e-01   1.3894037e-01   9.4419344e-02   4.9001133e-02  -4.1557185e-03  -1.1566005e-01   1.6144664e-01  -1.0730268e-01  -3.0028026e-02  -1.3649160e-02   1.7606033e-01  -1.4974401e-01   1.1279221e-01   4.0581390e-01  -4.3999148e-02  -3.3481448e-01   2.5554988e-01   3.8865629e-01  -4.7871532e-02   2.4875821e-01  -2.5760846e-01   1.9109731e-01  -2.0314580e-01  -2.0675409e-01   7.4882170e-01  -1.2134713e-01  -2.8560125e-01   8.1030701e-02   2.9323733e-02  -1.0358763e-01   1.5316439e-01  -9.7247268e-02   1.5164910e-01  -2.2331329e-01   8.5129105e-01   1.7791646e-01   3.0231389e-01  -2.0727149e-01  -1.7251781e-03  -9.4402959e-02   1.3595674e-01  -1.3158225e-01  -2.5070009e-01   3.2328106e-01  -2.2902525e-01  -1.1962741e-01   2.9043847e-01  -1.9532396e-01   2.7291307e-02  -1.8495707e-01   1.9003768e-01  -3.4748221e-01  -1.3937558e-01   5.2536735e-02   5.9162269e-01  -2.4225146e-01   5.0330870e-02   3.3695791e-01   1.5194427e-02   6.3524805e-01  -3.4431614e-01  -9.6779061e-02   3.7787566e-01   2.8708530e-01   3.5729387e-01   5.5568611e-01   1.7249231e-01   1.6945595e-01   1.4338104e-01   2.1324986e-01  -6.2188022e-02  -1.7741088e-01  -5.2328023e-03   1.1523835e-01  -3.3119757e-01   4.7325965e-02   1.8988471e-01  -1.1323104e-01   1.5221847e-01  -4.8952225e-02   4.6835901e-01  -3.3902288e-01  -2.7689148e-01  -2.9209711e-01   3.7588971e-02  -2.5170071e-01  -1.7235772e-02  -3.2926044e-01   1.1276884e-01  -2.2895086e-01  -4.3922665e-01   3.0964422e-01   1.3403968e-01   1.9134570e-01   1.3713290e-01   1.3271451e-01   1.1513462e-01  -2.9198220e-02  -8.1528563e-02  -4.3591213e-01   8.1412328e-02  -1.1164440e-01  -1.6841015e-01   1.0673132e-01  -1.7120150e-01  -1.1048335e-02  -3.1446466e-01   2.5304749e-01
  -2.8060682e-01   5.3813605e-02  -2.6258387e-01  -4.0889194e-01   3.8904495e-01   9.2114539e-02   5.3820845e-01  -2.2581328e-01   8.2969841e-02   0.0000000e+00  -2.1749130e-01   2.3228367e-01   1.7600020e-02   1.5002335e-01   2.1294954e-01  -2.9048690e-01  -3.3125452e-01  -1.2115196e-01  -9.7014411e-02   4.1997538e-01   1.1938103e-01  -1.9230153e-01   1.3856872e-01  -2.3393613e-01  -5.2048780e-02  -1.5680246e-01   3.2356268e-01   1.7589211e-01   1.1181108e-01   1.6184679e-01   1.7187924e-01  -1.0212020e-01  -3.1496161e-01   5.7109719e-01   5.3917182e-01   1.7284272e-01   4.7658233e-01  -4.7188059e-01  -3.1355374e-01   3.7417665e-01   7.8427213e-02  -3.2295679e-01   1.7734594e-01  -2.9669870e-02   4.3140699e-01  -4.2073483e-01  -1.1135921e-01   6.1756736e-01   1.9730028e-02   7.1403649e-02  -1.1984160e-01  -9.7231154e-02   4.2891958e-01  -8.6331942e-02  -1.6670383e-01   1.4146904e-01  -2.3363748e-01  -2.0003293e-01  -2.7343900e-01  -4.2155087e-01  -4.9559379e-01   2.4174459e-01   1.2722298e-01  -5.6657995e-02   9.8141224e-02  -1.3446643e-01  -4.2031109e-02   1.7422044e-02  -5.8014401e-02  -2.9144342e-01   5.8833723e-01  -9.9702781e-02   5.4148268e-02  -3.2128077e-01  -2.1051532e-01  -2.6792958e-02  -4.9780532e-01  -1.2410826e-01  -6.0677894e-02  -3.0733183e-02   2.9017839e-01  -1.2170531e-01   3.9355918e-01  -2.0614314e-01  -9.8026537e-02   3.4548579e-02   4.1033171e-01  -5.1736958e-02   8.9592402e-02  -2.1309110e-01   3.3854020e-01  -4.4095636e-01   4.6733277e-01  -1.4897872e-01  -4.7972415e-01   4.3262850e-01  -8.1975242e-02  -1.3777403e-01   1.8705500e-01   5.6157934e-01   2.1424907e-01   2.4789450e-03  -5.1737325e-02  -1.6935110e-02  -6.0035205e-02  -8.1324841e-02  -9.5223652e-02  -1.9406861e-01   3.8102464e-01   3.0015254e-01   3.9127542e-01  -2.9009542e-01  -1.7223672e-01  -2.2683413e-01   2.2966373e-01   2.0706459e-01  -8.3784031e-02   1.4426681e-01   4.2044768e-02  -1.9341598e-01  -4.7607441e-01   4.7469749e-01   3.8089661e-02   6.2667074e-02  -4.2044746e-01  -1.7536758e-01   1.3479555e-01  -1.5609386e-03  -1.0856858e-01  -1.9048362e-01   4.8106316e-02   5.1295859e-01  -4.0835110e-01   1.0544821e-01  -1.4651412e-01  -1.2364644e-01  -1.5396474e-01   1.8781304e-01  -6.3884761e-02  -2.1333989e-01  -4.6333360e-02   4.6885037e-03  -3.3862200e-01  -2.4767302e-01   2.3541157e-01   2.4401411e-01   5.6465874e-01  -1.0981137e-01   3.9052958e-01   3.3256371e-01   2.6858423e-02  -2.6929860e-02  -3.7650326e-01  -9.0684713e-02   2.2538520e-01  -1.6898007e-01  -3.7979930e-01  -1.1692551e-01  -4.5268201e-01   1.4754711e-01  -6.7790889e-02  -1.7029594e-01   5.0418915e-01   7.0189399e-04  -2.5265605e-01   4.9627202e-01  -1.4450173e-01  -4.0650598e-02  -3.0615259e-01   3.6298553e-01   3.2876641e-01  -3.9843244e-01  -1.1677551e-01  -1.7755383e-01  -1.7337683e-01  -1.4239308e-01  -3.2135534e-01
  -1.9472212e-01  -1.6089764e-01  -1.7058469e-02   2.4727836e-01  -1.0173309e-02   5.8298912e-02   1.9345038e-02   1.0654447e-01   1.6212269e-01  -2.1749130e-01   0.0000000e+00  -3.6173610e-01   2.2841726e-01  -8.3418518e-02   2.5928890e-01   3.0048525e-01  -2.1250526e-02   6.4276917e-01   1.7453497e-01  -3.4610241e-02   2.5715174e-01   5.5562691e-01  -1.3347715e-01  -7.1941977e-02  -3.5202011e-01   1.6949848e-01   9.1516659e-02  -2.2820998e-01  -3.2243773e-01   3.4279561e-01   3.8155897e-01  -5.7212716e-02   1.2453384e-01   7.5672397e-02   5.0102153e-02   3.8814067e-01  -1.8298294e-01  -3.8987497e-02   1.9819646e-01  -1.6607339e-01   4.3467302e-01  -4.3807944e-02  -2.8445965e-01   1.8225320e-01   2.3371026e-01  -1.7524585e-01   5.1285706e-01   2.8548332e-02   8.2758634e-02  -2.3814107e-01   6.3938169e-01   2.7271158e-01   1.1788554e-01  -2.2709695e-01   7.5845993e-02   1.4951887e-02   2.0154470e-01   3.1643953e-01   4.3117627e-01   1.6281711e-01  -1.7969492e-02   7.9544328e-03  -5.0441770e-02   5.9462049e-01   3.7548749e-01   3.0778887e-01   1.7874957e-02  -9.5099361e-02   4.6402909e-01  -6.9021197e-03  -2.0453231e-01   1.5294723e-01   3.0940655e-01  -1.4889706e-01  -2.5423995e-01  -2.7208553e-01  -7.6797804e-03  -1.4495946e-01  -3.8998472e-04  -5.4977153e-02  -5.2589669e-02   1.0388244e-02   1.9572467e-01  -1.0291665e-01  -7.9240641e-02  -2.8508241e-01   1.4410976e-01   1.4116434e-01  -2.2150867e-01  -2.5247320e-01   1.8046390e-02  -4.6515870e-02  -1.7150984e-01   3.9454001e-01  -1.6352019e-01  -1.5396158e-01   1.3847716e-02   2.1382166e-01  -9.2914703e-02  -8.1510417e-02  -1.7063446e-02   3.9847618e-01  -9.4722262e-02   2.7484743e-01   5.2252770e-01   1.7862876e-01  -3.1129382e-01   3.1328722e-01  -1.6155219e-01   4.0643727e-01   6.2985195e-02  -2.2759554e-01  -1.2370500e-01  -1.9657759e-01   1.0533727e-02  -2.1676609e-03   1.3310530e-02   3.1896491e-01  -3.0181635e-02   1.5763238e-01  -2.6440598e-01  -1.5600672e-01  -2.1292825e-01   3.6495601e-01  -2.1103947e-01  -2.1062388e-01   3.5686950e-01  -2.3827508e-01   4.1371447e-01  -9.0711728e-02   1.3261785e-01   2.4473873e-01   6.0866391e-02   4.0964946e-01   2.9956181e-01  -1.7754049e-01  -1.1514216e-01   1.5566652e-01  -1.9184652e-01  -2.8559964e-02  -6.8974002e-02  -3.1016856e-02   6.7499895e-01  -3.2367050e-02   2.2282447e-01   2.1420060e-01  -1.9515499e-01   5.9891827e-01   2.8366935e-01   2.4012244e-01  -2.3627058e-01  -1.0079397e-01   9.0626267e-03   5.8504631e-01  -2.6028274e-01   6.0203284e-02  -2.7144795e-01   4.4316339e-01  -1.1840595e-01  -2.4754249e-01   2.7584998e-01   7.4467207e-01   3.6540040e-01   5.2257576e-01   3.6199879e-01  -3.2456971e-01   3.0804046e-01  -6.4172007e-02  -1.6672410e-01   2.1609980e-01  -4.6061552e-02  -2.4681942e-01   3.4821440e-01   7.9084202e-02  -7.1275235e-02  -2.2071588e-02   4.3139321e-01
   3.2291304e-01   4.1503732e-01   3.2641519e-01  -3.6897389e-01   4.7234662e-02   3.2345609e-01   2.0426396e-01  -7.0593380e-02  -1.9699990e-01   2.3228367e-01  -3.6173610e-01   0.0000000e+00  -1.3129671e-01  -1.6833842e-01  -1.7247565e-01  -3.5501816e-02   1.9038408e-01  -2.9768742e-01  -1.1303920e-01   1.5800579e-01  -2.8316074e-01  -2.9132465e-01  -1.0324365e-01   2.3120642e-01   5.3169877e-02   6.7258392e-03   9.0810605e-02  -7.3595214e-02   1.2860177e-01  -2.8676669e-02  -3.9673870e-01  -3.3852686e-01  -9.1095047e-02   1.3837092e-01   6.8095843e-02  -4.8652275e-02  -5.5418774e-02   6.0619920e-02  -6.2887829e-02   2.6180765e-01  -1.9917043e-01   9.0483187e-02   2.6287543e-01  -2.9694166e-01  -8.3860530e-02   3.6938088e-02  -2.2746810e-01  -7.8840760e-02  -2.2481978e-01   3.1058811e-01  -3.4837731e-01   9.5211379e-03  -2.1152768e-01   1.0728201e-01   5.9931348e-03  -2.5413572e-01  -3.8514888e-02  -1.7379308e-01  -3.4311610e-01   2.3935097e-01  -3.1276410e-02   1.1983533e-01  -6.5495834e-02  -2.7060687e-01  -3.9142329e-01   8.3614789e-02   1.3517397e-01   2.0678209e-02  -2.7634370e-01   1.7968140e-01   1.6844404e-01  -1.4662900e-01  -6.6004022e-02   2.4854660e-01   3.9760227e-02  -1.0056862e-02  -5.7545851e-02  -4.9903361e-02   9.5853446e-02  -9.4627742e-02  -1.1862301e-01  -9.7378550e-02  -1.0043806e-01  -5.9548168e-02  -5.8347086e-02  -4.0627811e-02  -3.2828583e-01   4.4661955e-02   1.4051551e-01   1.8269415e-01   7.8343638e-02   6.0051387e-02   6.0992491e-01  -1.6541161e-01   4.7068483e-02   2.2455184e-01   1.2388837e-02  -1.0609160e-01   1.6094466e-01   1.1443973e-01  -2.0673778e-01   5.0268055e-02  -1.1336548e-01  -1.5936469e-01  -3.9178893e-01  -2.8657847e-01   1.4702734e-01  -2.0578333e-01   1.5787104e-01  -6.0931151e-02   3.7692400e-01   1.0325667e-01  -1.1908351e-01   1.7771062e-01  -1.4459769e-01  -1.1201291e-01   6.1040831e-02  -8.6738998e-02  -1.7733848e-01  -2.7332880e-01   1.5744250e-01   3.8245154e-01   3.7359489e-01  -3.4877652e-01   2.3472945e-02   1.9977552e-01   2.7886041e-02  -6.0501177e-02  -1.9089358e-01   3.1067696e-01   4.7495864e-02  -1.5765492e-01   1.3136541e-01  -3.7389951e-01  -2.8073831e-02   5.7356232e-04   3.4196825e-02  -3.4861504e-01  -1.0005408e-03   1.3103624e-01   1.8699316e-02  -2.6642896e-02  -1.8490027e-01   2.7391404e-01  -1.9521431e-01  -3.7462485e-01   5.5073895e-01  -1.8386391e-01   5.4447224e-02  -3.2276196e-01  -4.9326325e-02  -8.0786522e-03   6.3498950e-02  -7.9736295e-02   6.8606222e-01   1.4420985e-01   1.1570658e-01  -2.4349125e-01   2.1053407e-02   9.1038039e-02  -7.6374117e-02  -2.3354413e-01  -1.3794240e-02  -3.4243547e-01  -3.4426937e-01   1.9301026e-01   3.9087418e-01  -1.9023587e-01   1.1732431e-02   2.9846098e-02   3.5866282e-01   1.6009203e-01  -9.7911013e-02   3.6632853e-01  -2.8192978e-02   2.0999699e-01  -2.4702780e-01
  -2.0423346e-02  -2.8906722e-01  -1.2200397e-02   3.4257696e-01   2.2610490e-01   1.6151498e-01   1.8230368e-01   4.4462316e-02  -7.2287136e-02   1.7600020e-02   2.2841726e-01  -1.3129671e-01   0.0000000e+00   4.1455574e-02   1.5769796e-01   1.7153453e-01  -3.5143895e-02   4.0625845e-01   7.5738427e-02   2.6137082e-01   2.8075103e-01   2.9570520e-01   2.5353943e-01   4.0676641e-02  -8.5098703e-02   2.6002681e-02   1.3119613e-01  -1.2928407e-01   1.0700361e-01   1.9290719e-01   1.3904480e-01   2.1039746e-01   1.3985703e-01   9.9398872e-02   1.4459239e-01   3.8025139e-01  -4.6478864e-02   2.3129372e-02   1.7184127e-01  -6.4682207e-02   7.7436040e-01   1.7051276e-01  -2.8482799e-01   9.2780045e-02   3.3645171e-01  -2.3267854e-01   3.8211538e-01   1.7098002e-01   1.2963686e-01  -2.3577323e-01   4.1886191e-01   3.1281972e-02  -1.0709219e-02   1.5473717e-01   1.8795842e-01   9.3307626e-02   4.8349639e-02   2.1408104e-01   4.2329594e-01   4.6604470e-02  -1.4048354e-01   2.9755548e-01  -2.6552470e-01   8.0521535e-02   2.8598742e-01   2.4026895e-01   1.9010201e-01   3.2280050e-02   3.7110570e-01  -1.4815332e-01  -3.7806190e-02   3.8452895e-01   5.4354986e-01  -8.3289571e-02   5.2248633e-02  -1.0777283e-01  -1.6381191e-01  -7.7078042e-02  -6.2464365e-02   4.7355607e-01   9.5389373e-03   3.9994926e-01   9.1698331e-02  -3.7129793e-02   2.6127852e-02  -7.9652560e-02   9.5516420e-02   1.6256287e-01  -1.0317128e-01   1.3787253e-03  -7.8848500e-02  -1.0665977e-01   6.3948073e-02   6.3753732e-02  -7.8564953e-02   1.8078863e-02   3.5425416e-01   1.3510326e-01   1.2976509e-01   1.6978909e-01   2.1132212e-02   1.8664892e-01  -3.9917717e-02  -1.1277689e-01   3.9106901e-01   2.7635343e-01   8.6416981e-02   1.8388590e-01   1.8308003e-01   2.1416410e-01   4.0431395e-02  -5.7541738e-03   1.4217065e-01   3.5841810e-02   2.1984682e-02  -1.5063791e-01   8.5422413e-02   7.2556977e-01  -1.1411910e-01   5.1532591e-01  -1.2397648e-01   9.6653398e-02   6.4148075e-04   1.4504663e-01  -1.7650368e-01  -9.5401212e-02   2.4215289e-01  -2.8292256e-02   1.1261366e-01  -2.7015542e-01   4.0115258e-01   1.2377204e-01  -1.2657274e-01   1.7121168e-01   1.8061513e-01  -7.6107011e-02   2.7140229e-01   2.9357402e-02  -9.7996048e-02   1.2140204e-01   1.0647065e-01   5.1113141e-01   2.1499316e-01  -2.2499285e-01   2.8141979e-01   2.8022902e-01  -4.7386930e-02   1.7842365e-01   3.0240059e-01   8.2477346e-02  -4.9787749e-02  -3.7521838e-02   1.4029258e-01   9.1223388e-02  -1.8784628e-01   1.2604615e-01  -9.0538969e-02   5.8375382e-01  -1.6646978e-01  -1.3561847e-01   3.6358670e-01   1.6590790e-01   1.4797895e-01   3.6332897e-01   4.0568176e-01  -1.7906833e-01   3.8035060e-02  -1.4487899e-01   1.0817308e-01  -1.9752531e-02   8.5569860e-02  -8.5308932e-02   2.1554348e-01   1.1283816e-02   2.8197343e-02   1.8717538e-01   3.2646013e-01
  -1.0384203e-01  -1.5571453e-01  -5.9884605e-01   6.8920260e-02  -1.0554448e-01  -4.1371125e-01   8.4668899e-02  -1.2230815e-01   2.9521038e-02   1.5002335e-01  -8.3418518e-02  -1.6833842e-01   4.1455574e-02   0.0000000e+00   4.3130214e-01   1.0096952e-01  -5.9429977e-01  -7.3439774e-02  -2.1834120e-01  -1.0317814e-01   5.1578508e-02  -9.1396475e-02   2.7699842e-01   3.7193887e-01   1.6807474e-01  -1.7759822e-01  -1.2769877e-01   5.4998500e-01   5.3965139e-02  -5.5350189e-02   3.6299707e-01  -9.4654566e-02  -4.8715753e-02   2.1455305e-01   3.2081687e-01  -6.6346783e-02   5.1301735e-02   1.1833710e-01   1.7264029e-01  -9.4613237e-02   7.9697861e-02   7.6151271e-02  -2.0409060e-01   3.0240453e-01   3.8509002e-02  -4.3367799e-01   1.0188717e-01   9.3633825e-02  -4.0130822e-02  -2.4931647e-01   4.9384386e-03  -1.6930778e-01  -1.7746374e-03   2.8025652e-01   3.7593537e-01   3.8094028e-01  -4.0471822e-01  -2.9835173e-01  -1.6016892e-02  -4.0396912e-01  -4.6127678e-01   5.8738543e-02   3.4048325e-02  -4.3684616e-02  -1.3083097e-01  -2.7812382e-01  -4.2667645e-01  -1.3280338e-01   1.9407610e-01  -5.0605467e-01   9.9101040e-02  -6.8892515e-02   4.6511951e-02  -2.5653359e-01   1.3460919e-01  -1.5792654e-01  -2.8936703e-01   1.2630679e-01  -3.1763033e-01   7.5686804e-02   4.6202432e-01   1.3939000e-02   8.7028519e-02  -1.9862349e-01   3.9801566e-01  -2.0588585e-01   4.2588499e-01   5.6224276e-01   8.7823011e-02   4.1183589e-01  -1.8461623e-01  -5.3362215e-01  -7.1236321e-03  -2.5161511e-01  -2.4460077e-01  -1.3901847e-01   4.2579499e-02  -2.6764422e-01   8.5642696e-02   3.4411750e-02   5.4282421e-01   1.0319938e-01   3.4894205e-01  -1.3527581e-01  -3.2298524e-02  -5.8663073e-02   1.8156381e-01  -2.5624753e-01   4.0137024e-01   6.6975746e-02   5.4408682e-02  -6.9140384e-02  -4.3671482e-02   3.6786447e-01   4.8816124e-01  -3.4084870e-02   4.0524994e-03   5.3990723e-02   3.5525698e-01   7.2087490e-02  -4.2139857e-02  -1.8596092e-01  -6.2684980e-02  -8.0598335e-02  -2.0505619e-01   2.0599659e-01  -1.1278350e-01   2.8179497e-01  -1.2768677e-01  -5.2125326e-01   1.9431175e-01   7.8336997e-02  -3.3704655e-01   1.9962645e-01  -2.1369886e-01  -2.6095327e-01   6.0145166e-02   4.4140883e-01  -3.1144378e-01   2.8388806e-01   6.0910312e-01   5.4957095e-02  -2.6237812e-01  -3.7662313e-01   3.8289469e-01   3.0048590e-01   3.7746413e-02  -2.4582703e-01   8.2399941e-02   5.9592659e-02   5.0527742e-01   1.5125263e-01   6.7550905e-02  -2.9062862e-01  -2.7647808e-01   3.0687467e-01   4.6199769e-02  -7.2856946e-03  -4.6839233e-01   1.5320249e-01  -1.3393651e-01  -7.1242189e-02  -4.0065346e-02   1.0692435e-01  -2.2644582e-01   1.3881231e-03  -3.5187899e-01   3.9100020e-01   1.2657221e-01   1.7568464e-01  -2.2350926e-01   4.9533879e-02  -1.3144396e-01  -5.6653892e-01   1.4015242e-01   3.1928877e-03  -2.4869139e-01
