   0.0000000e+00  -1.3270215e-01  -1.2206611e-01   1.0497451e-01  -3.2679022e-02  -1.0011935e-01  -1.8482549e-01  -4.4956114e-02  -4.1198470e-03  -2.3222927e-01   5.6140194e-02  -3.1847538e-01   7.7629001e-02   4.4086316e-01  -1.5441207e-01  -1.3314447e-01  -1.5342022e-01  -9.1408942e-02   3.0999338e-02  -2.6029446e-01   2.5464366e-01   2.0973044e-01   1.2883386e-01   3.6429291e-01   1.1760687e-01   5.9873053e-02  -2.4912867e-01   3.8756216e-01   8.0047200e-02   9.3721902e-03   1.0349726e-01   1.3642785e-01  -5.2467686e-02  -3.4678505e-01  -2.7218521e-01  -7.6516606e-02   2.3240369e-01   3.3987538e-01   9.7437164e-02  -3.4926571e-01   9.5599296e-02  -8.2893208e-02  -1.8652098e-01   5.0188352e-02  -1.4012618e-01   2.2601057e-01   1.9038497e-01  -1.8284972e-01   2.3936127e-02  -2.3795509e-01   8.6905886e-04  -7.8604907e-02  -7.5655588e-02  -1.0803380e-01   3.0299084e-01   1.7590014e-02   1.0118299e-01   2.2437026e-01   1.3590060e-01  -8.7996138e-02   2.8784239e-01   2.7267112e-03  -1.8804543e-01  -3.5878833e-02   1.5493809e-01  -1.0527009e-01  -1.8721978e-01  -7.1853434e-02   1.9154840e-01  -1.3664888e-01  -1.8689278e-02  -3.3151015e-02   1.1052485e-01  -1.6247834e-01   1.0977308e-01   1.5463053e-01   2.8851522e-01   3.2638666e-01  -1.3019613e-01   1.2311894e-01   2.2934407e-01  -6.6265853e-03  -1.1253012e-01  -1.9013564e-01   7.4324856e-02   2.6674222e-01   1.8868913e-01   1.8621923e-01  -4.5230178e-02   3.3419009e-01  -1.6302216e-01  -1.0112450e-01  -2.3242782e-01  -3.4211563e-02   3.6792719e-01  -1.3595457e-01   3.9248936e-02  -8.1702020e-02   3.3380799e-02   3.2457318e-04   2.4507383e-01  -2.1087029e-01   2.8854565e-01   2.5282329e-01   2.4803530e-01   1.3635380e-01  -1.2416491e-01   8.1337676e-02   8.2141668e-02  -3.0574329e-02  -3.6829822e-01   1.5058479e-01   4.1865818e-02   6.1196357e-01   2.1417762e-01  -6.3536772e-02   8.6114883e-02   1.0244068e-01   2.0172205e-01  -8.5882998e-03   2.7392875e-01  -2.3186372e-01  -2.8529814e-01   5.6436528e-02   1.8070845e-01   2.3396446e-01   2.2308531e-02   8.6466893e-02   3.1033194e-02  -3.2733986e-02  -1.0493093e-01  -1.5599584e-01   2.9167141e-01   1.5917743e-01  -1.1425244e-01   1.6348605e-01  -2.0221666e-01   1.7642084e-01   2.7424870e-01   4.6310450e-01   4.0628960e-01   1.1840549e-01   1.2278257e-01   1.1625523e-01   6.3217614e-02   1.6470470e-01  -2.7591062e-01  -9.5541083e-02  -4.7867787e-02   3.2366375e-02  -8.6385698e-02  -1.5720624e-02   6.2216924e-02  -4.3648755e-02  -2.9287358e-01   3.0471260e-01   3.1223974e-01   9.6195877e-02  -7.8834075e-02   2.2610495e-01  -1.1577028e-01   1.3053619e-01  -2.6631750e-02   1.3595107e-01   1.3065539e-01  -3.3133287e-01  -1.8312962e-03   3.1105287e-01   2.6349321e-01  -1.4775218e-01  -7.7798374e-02   2.2424638e-01  -5.1819947e-02   3.7104269e-02   9.0693440e-02  -3.9465371e-02   3.5521125e-01
  -1.3270215e-01   0.0000000e+00   3.7739200e-01  -4.0348174e-01   2.0521382e-02  -4.6970552e-01  -3.5785424e-01  -1.7979930e-01   5.8052626e-01   2.3827033e-01  -6.0432192e-01   6.3101951e-01  -1.5652215e-01  -1.4235120e-01  -2.7648659e-01   9.3819896e-02   5.1368644e-01  -4.3353415e-01   1.4866345e-01  -2.8333610e-02   5.2289646e-02  -4.3514675e-01  -4.7780463e-01  -9.7319621e-02   8.3254317e-02  -2.4291831e-02   6.1089557e-02  -1.2893393e-01   5.6813672e-02  -3.4443917e-01   1.5882914e-01  -2.4139223e-01   1.7964358e-01   2.6257987e-01   1.2316592e-01  -5.0725539e-01  -2.0940584e-02  -3.3609583e-01   2.5769297e-01   5.6915015e-01  -2.3131720e-01   3.9488808e-02   2.8417054e-01  -1.0256084e-01  -3.3078130e-01  -2.4057622e-01  -6.6995183e-01   2.8966068e-01   1.6100586e-01   4.3447072e-01  -6.0246104e-01  -1.5390778e-01   5.6261582e-01   2.0296279e-01   9.5269763e-02  -2.8649109e-01  -2.8842688e-01  -4.4140064e-01  -1.4048174e-01  -1.3022972e-02  -3.0123423e-02   8.8020698e-02   6.8656278e-01   1.3603385e-01  -8.2295043e-02  -4.9118532e-01  -2.4491483e-01   2.7388510e-01  -5.1759000e-01  -1.1494486e-01   7.2977992e-01  -3.9708536e-01   2.1344991e-02   3.5427530e-01   2.2685343e-01  -1.4115696e-01  -8.4873885e-02  -1.4051990e-01   4.3526069e-01   2.3126169e-01  -2.8651621e-01  -8.7735740e-02   4.6343133e-01  -6.8634480e-03   7.3184892e-02  -2.7140241e-01   2.7422399e-01   6.3237712e-02   6.5316147e-01  -1.9842829e-01   4.9500922e-01   1.3103785e-01  -3.7492208e-01  -1.3800601e-01  -2.9488872e-01   7.7497623e-02   1.2290177e-02  -6.5532627e-02   3.0560422e-02  -4.6623763e-02   4.0206105e-02  -2.0614173e-01  -2.7634394e-01   1.5525372e-01  -5.3387011e-01  -2.9467484e-01   2.5092836e-01  -3.1599465e-01  -4.0948412e-03  -5.1990288e-01   3.4858858e-01  -4.5087703e-01   1.3465442e-01  -3.9808791e-02  -1.9142311e-01   6.1865501e-01  -1.4230761e-01   1.4011174e-02  -3.1918294e-02  -3.3459153e-01  -2.5945796e-01   4.1679486e-01   5.2368231e-01   1.3414633e-01  -2.7900573e-01  -1.2636527e-01  -1.3298286e-01   3.2869181e-01  -2.4926628e-01   4.6292197e-01   5.6374789e-02   5.4139364e-01   3.7980578e-01   1.5669178e-01   2.0967280e-01  -2.7137943e-01  -6.8200360e-03   2.2637691e-01  -3.9826200e-01  -9.5707435e-02  -1.3075464e-02   8.1900102e-02  -5.4791551e-01  -2.9545403e-01  -3.2347766e-02  -1.3779388e-01   4.9281798e-01  -2.5225069e-01  -6.9762900e-01   2.4436272e-01  -1.4150062e-02   2.6180347e-02   5.0275430e-02   1.8974581e-01   7.2168847e-01  -6.4603896e-03  -3.8766920e-01  -1.7489279e-01   1.2860156e-01  -2.4799769e-01   3.1634763e-01  -4.1726971e-01  -4.5302991e-02  -6.0509689e-01  -2.8608292e-01   5.2637348e-01   1.8272237e-01  -1.7478562e-01   1.2064546e-02   6.7209410e-01   2.0955597e-01  -2.6770581e-01  -3.6129808e-01  -2.4541838e-01   1.2105436e-01  -1.6151108e-01  -3.5773515e-01
  -1.2206611e-01   3.7739200e-01   0.0000000e+00  -3.0857307e-01   8.1343614e-03  -2.3648663e-02  -2.5532005e-01   8.6812099e-02  -5.7203236e-02   1.6187510e-01  -3.7493166e-01   5.7659313e-01  -2.5021288e-01  -2.0655080e-01   5.9156440e-02   1.8133593e-01   8.6359484e-01  -3.4938410e-01   1.0117910e-01   1.8807278e-01  -2.9618048e-01  -2.8130156e-01  -2.8308066e-01  -1.9104055e-01  -1.2307073e-01   1.7074550e-02   1.4878145e-01  -1.0751036e-01   1.1232407e-01  -3.2044988e-01   6.8035209e-02  -2.9703546e-01   1.5099419e-01  -2.8223546e-02   2.4171080e-01  -2.0628326e-01  -3.3561601e-01  -1.0856706e-01   1.2284914e-01   5.1870893e-01  -1.2918939e-01   3.5789097e-01  -1.1471628e-01  -8.4607054e-02  -1.4091608e-01  -2.1438326e-02  -3.0309401e-01  -3.1586382e-01  -1.9353688e-02   7.0888561e-01  -4.2655289e-01  -3.8038386e-02  -5.0502538e-02   5.1764186e-01  -1.6203170e-01   8.6793862e-02   5.7776919e-02  -2.2619818e-01  -2.2628155e-01   2.4122271e-01  -3.4847393e-03   1.0921356e-01   1.6348067e-01  -1.7407113e-01  -3.9976967e-01  -7.9687531e-02   2.0321404e-01   1.3261625e-01  -3.2539081e-01   5.1667247e-01   3.6451476e-01  -3.1767094e-01  -4.8225029e-02   6.4499060e-01   3.0807432e-01  -4.9193117e-02  -4.8960202e-02  -1.9261486e-01   1.6977677e-01  -4.5377583e-03  -1.7746156e-01  -1.5059735e-01   3.3592035e-01  -4.7625257e-02   5.2378635e-01  -2.8348144e-01  -2.4329252e-01   6.5546447e-02   2.3054674e-01  -1.8492943e-02   2.3107056e-01   5.7580314e-01   1.1722170e-01  -1.2382912e-01  -1.8851571e-01   2.4842040e-01  -3.1962827e-02  -1.6808206e-01   7.4002993e-03  -2.2422254e-01   2.3786947e-01  -2.0337090e-01  -3.2725768e-01  -1.6308433e-01  -4.4916898e-01  -2.2380083e-01   3.6423925e-01  -2.1021422e-01  -9.9165692e-02  -1.8985152e-01   5.4266621e-01  -2.3755976e-01   5.8737864e-02  -6.2236505e-02  -2.0557329e-02   1.2065422e-01  -2.4957982e-01  -1.1835357e-01   1.6763992e-01  -3.9577414e-01  -1.6260725e-01   2.1147248e-01   4.9781329e-01  -3.8362720e-01  -2.4420021e-01   6.2152819e-02  -7.3989155e-02   1.4548964e-01  -3.3057869e-01   5.6647184e-01   8.0504695e-02  -5.5139172e-02   3.0295331e-01  -9.1966598e-02   2.3714867e-01  -3.8295487e-02   1.8992569e-01   5.0478835e-02  -1.9133415e-01  -7.5090069e-02  -5.7223352e-02   2.3143303e-02  -3.8772882e-01   1.1854673e-01  -6.5688898e-02  -5.5155511e-01   3.0199735e-01  -1.0728046e-01  -2.8830147e-01  -3.3491710e-01   5.9608326e-01  -1.0185210e-01   1.7968932e-01  -8.9794254e-02   7.2992600e-01  -1.3606968e-01  -1.7160013e-01  -2.4497752e-01   3.5931357e-01  -3.2486524e-01   1.3321367e-01  -2.2500595e-01  -1.7505248e-01  -5.2873021e-01  -2.6265063e-01   2.3888886e-01  -3.4246773e-02  -1.9020685e-01   2.2866541e-01   2.6206363e-01   2.0879590e-01  -1.2620630e-01  -3.0148685e-01   1.0330785e-01   6.5262807e-02   2.1099327e-01  -3.0555381e-01
   1.0497451e-01  -4.0348174e-01  -3.0857307e-01   0.0000000e+00   1.5922784e-02   3.2482644e-01   2.1950373e-01   1.5935319e-01  -2.4034252e-01  -1.6640571e-01   1.3289848e-01  -3.3634090e-01   1.8923225e-01   1.6847380e-01   1.7675587e-01   1.3749957e-01  -4.3622300e-01   4.0403727e-01   7.8849853e-02   9.0648231e-02   4.8140595e-03   5.7405915e-01   3.6354209e-01   1.1951355e-01  -1.2835066e-01   4.0160468e-02   5.1659780e-02   3.5207503e-02   7.4968572e-02   1.8141013e-01  -1.6326460e-01   3.5290511e-01   4.8618549e-02  -1.8813822e-01  -1.7929357e-01   1.7146685e-01   1.5603353e-01   1.3852388e-01  -2.4973872e-02  -2.4937308e-01   1.8646494e-01   7.6925201e-02  -1.8282633e-01  -7.9251848e-02   1.5124193e-01  -2.7737747e-02   3.6798185e-01  -1.2590128e-01  -9.4119469e-02  -3.9090657e-01   4.6338210e-01   1.0790665e-01  -2.4912070e-01  -1.6496614e-01   5.7853361e-02  -3.4932689e-02   1.1612379e-01   4.8885297e-01   3.0944542e-01  -4.2137391e-02  -9.1406376e-03   3.4820545e-02  -2.2179024e-01  -2.0317367e-01  -5.1791765e-04   4.1384598e-02   4.5738055e-02  -1.3869775e-01   4.0393284e-01  -2.8644273e-02  -3.6404020e-01   4.7970863e-01   1.5470375e-01  -1.9799118e-01  -2.7213377e-01   1.9662087e-01   5.4355346e-02   1.5210926e-01  -8.1221634e-02   8.1933545e-02   1.4313078e-01   2.6448709e-01  -4.2533078e-01   4.3333934e-02  -1.3940503e-01   2.6562129e-01  -1.3319636e-01   7.9510156e-03  -2.9345986e-01   1.1329357e-01  -2.0595077e-01  -2.4466940e-01   9.3019799e-02   1.1762680e-01   1.4562680e-01  -8.5442054e-02   3.0107130e-01   6.7538498e-02   3.3638652e-01   1.7677586e-01  -1.4801751e-01  -2.3347640e-02   3.1352178e-01  -1.3283809e-01   4.8141181e-01   4.5790514e-01  -2.2299721e-01   3.7862360e-01  -4.9001552e-02   2.6608160e-01  -2.6990732e-01   4.3804170e-01   1.7679757e-01   1.2452314e-01   5.6310136e-02  -1.9684968e-01   1.4131504e-01   5.9919351e-02  -1.3207903e-01   5.7253763e-01   2.2669871e-01  -9.3311206e-02  -2.6076600e-01  -8.4045383e-02   1.0706384e-01   1.2869829e-01   1.6569115e-01  -1.3778199e-01   4.3093926e-01  -3.6096782e-01  -2.5105394e-02  -1.1133748e-01  -1.9327358e-01  -1.5359345e-01  -1.2310188e-01   1.9161335e-01  -1.6424519e-03  -1.4537811e-01   3.5239679e-01   9.1441360e-02   1.2569128e-01   9.1284580e-02   2.7727384e-01   8.8777181e-02   1.1582532e-01   2.5024626e-01  -1.5814118e-01  -4.6081116e-02   2.7353437e-01   1.0067657e-01  -1.1119834e-01  -1.7040045e-01  -9.6288391e-02  -1.9145334e-01  -4.5239797e-01   1.4499757e-01   2.1680793e-01   2.4621800e-01  -2.4532667e-01   2.0276325e-01  -2.0143258e-01   2.6862829e-01   8.3203352e-02   5.8543047e-01   4.7820782e-01  -1.4298404e-01  -5.4838669e-02   2.4860734e-01  -2.6960495e-02  -2.6161364e-01  -1.6505744e-01   1.5165882e-01   3.3805865e-01   4.4086863e-02  -1.6978633e-01  -2.8591836e-02   5.3033513e-01
  -3.2679022e-02   2.0521382e-02   8.1343614e-03   1.5922784e-02   0.0000000e+00  -7.2128029e-03  -1.0543413e-01   7.2250807e-02   1.2937903e-01   1.4867862e-01   2.0011139e-01   1.5888411e-01   2.7584125e-01  -2.6002798e-01  -3.1415198e-01  -4.0643953e-02  -8.2489848e-04   2.4541314e-01  -1.6885555e-02   7.3449813e-01  -1.8064532e-02  -6.6739301e-02  -3.8992399e-02  -2.5853449e-01  -1.6073290e-01   5.4223173e-02   4.4515944e-01  -3.9901345e-01   1.3355798e-01  -2.7736713e-03  -2.2517054e-01   4.0864001e-02  -5.5599885e-02   1.8738821e-01  -1.3739691e-01   5.0368928e-01   1.6522554e-01   2.3466930e-01   1.1253826e-01   1.9196390e-01   3.4445351e-01   1.3844269e-01   6.2422934e-02  -1.3952519e-01   2.7674961e-01   2.7139417e-01   1.6024109e-01   7.0323357e-02   2.6862666e-01   1.5363778e-01   2.6302932e-01  -9.1482360e-02   2.1479257e-01  -1.2983730e-01  -2.1319908e-01  -3.3644445e-01  -5.0941468e-02  -4.1114316e-02   1.0006280e-01  -1.5407105e-01   1.4409156e-01   4.2718093e-01   1.5875911e-01   1.0387333e-01   1.0674304e-01   3.0634000e-01  -4.1752845e-02   1.3064288e-02  -2.0914678e-02  -1.5400397e-01   5.4347929e-02  -5.6000911e-02   1.4415789e-01  -2.0750076e-01  -6.7956675e-02  -3.5540085e-02   1.7452842e-01  -2.5219056e-01   2.3183791e-01   1.6747232e-01  -3.9965438e-01   5.5696885e-02  -4.6941899e-02  -2.1722059e-02  -3.2037603e-01  -1.7790349e-01  -1.4485261e-01  -4.2197129e-01   1.1282389e-01  -3.9365578e-01   5.3458693e-01  -4.9329637e-02   1.6047825e-01   1.0587091e-01   1.3451227e-01   8.1081597e-01   1.6920119e-01  -5.2957133e-02   5.1538950e-01   1.3205548e-02  -4.2548436e-01  -6.0209838e-02  -3.3652600e-01  -4.2462244e-03  -4.8124031e-02  -6.6857500e-02  -7.8323905e-02  -1.0496773e-01   2.4362489e-01   1.5663650e-01   1.0429566e-01  -1.0983458e-01  -1.6207539e-01  -5.3911420e-02  -3.8195238e-01   3.8205697e-01  -1.2350033e-01   2.6590021e-01  -4.3873934e-01  -1.2279597e-02   1.1660755e-01   4.2614074e-01  -5.0889881e-02   2.5833048e-01   1.5104385e-02  -4.2735832e-01  -2.5525924e-02   1.6409456e-01  -7.7931805e-02  -1.9809506e-01   1.0240126e-01   1.1493553e-01  -1.6696792e-01  -6.3125427e-02  -1.0511434e-01   2.0399606e-03   5.7336046e-02  -3.5834608e-01  -3.0192740e-02   3.0887282e-02   4.1078602e-03  -2.3321704e-02   1.2160114e-01  -2.7024946e-01  -2.1067170e-01  -7.0073950e-02   7.5145704e-02   6.6808065e-01   1.5687373e-01  -2.4543134e-02  -2.6380079e-01  -1.2869851e-01  -1.2278412e-01   3.8158376e-01   5.1273485e-02   1.1611526e-01   2.4724773e-01   1.0721494e-01   1.2505737e-01  -1.8994136e-01  -2.9071769e-02  -1.8401504e-02   6.6181477e-01  -1.0554382e-01   6.9481282e-02   1.5390023e-01   1.6428405e-01  -1.6461851e-01  -1.7846214e-01   2.3435642e-01   2.6329467e-01   1.7731642e-01   2.6824079e-01  -1.9266712e-01  -1.8910725e-02   6.9032937e-03   1.1675901e-01
  -1.0011935e-01  -4.6970552e-01  -2.3648663e-02   3.2482644e-01  -7.2128029e-03   0.0000000e+00   4.4762630e-01   1.8095982e-01  -5.3138535e-01  -2.1081093e-01   2.8767677e-01  -1.7405332e-01  -5.3037063e-02   1.9822213e-02   2.5938366e-01   1.9226840e-01  -1.7808968e-01   4.5156177e-01   1.6629641e-01   1.7498859e-01  -3.0699111e-01   4.0267348e-01   2.3461879e-01   1.0489945e-01  -2.7642608e-01   6.3169440e-02  -4.3209863e-02  -1.1551334e-01  -1.4286826e-01   3.8478265e-01  -5.3290301e-01   1.8510120e-01  -1.6996158e-01  -4.3088485e-03   2.1542652e-01   3.7806196e-01  -1.4126582e-01  -1.0598929e-01  -7.6252073e-02  -3.6413047e-01   2.0403019e-02  -1.3534074e-02  -2.5456769e-01   2.3644502e-02   1.5523103e-01  -1.7148767e-01   5.6406823e-01  -1.4762409e-01  -3.3259861e-01  -2.3558882e-01   5.0581014e-01   1.0319666e-01  -5.1352463e-01   9.6245886e-02  -1.6596657e-01   2.8484690e-01   3.0250418e-01   2.6025624e-01  -1.6240137e-02   2.5012037e-01  -1.3045977e-01  -1.6135149e-01  -3.5438237e-01  -2.5382225e-01  -2.9385325e-01   3.8616038e-01   7.3025794e-01   2.3050341e-02   6.2134714e-01   2.9870439e-01  -6.1946651e-01   4.2488992e-01  -1.2710774e-01   4.4826366e-02  -2.3531722e-01   2.4132357e-02  -9.8249001e-02   1.7424984e-01  -1.4729591e-01  -4.1380325e-01   1.5592858e-01   1.1513087e-01  -3.9059766e-01   1.0603924e-01   2.7816545e-01  -7.0087030e-02  -4.6413720e-01  -1.2543364e-01  -3.4560631e-01   3.0083193e-01  -3.9636683e-01  -1.2468749e-01   5.5513582e-01   1.5568052e-03   2.5836625e-02   2.7152023e-03   2.1714759e-02   7.2741901e-02  -9.7393765e-02  -2.0543328e-01  -1.0751706e-01   3.5992803e-01   1.3564183e-01  -2.1199933e-01   5.0335911e-01   1.3599354e-01  -2.8807938e-02   6.4340171e-01  -1.9928689e-01   7.0069829e-01  -1.9800706e-01   5.1651156e-01   1.8263890e-02  -8.2734237e-02  -6.9103184e-02  -5.6379032e-01   3.7323769e-01  -6.7810703e-02   1.9793467e-01   4.3764781e-01   9.8505644e-02  -1.7161229e-01  -2.5679316e-01  -2.2429656e-01  -1.8307587e-01   2.4051784e-01   1.3987634e-01  -4.2368021e-01   1.2011994e-01  -1.3503612e-01  -8.8955888e-03  -5.3251870e-01  -3.4353890e-02  -4.6578014e-01  -1.6409159e-01   3.4118116e-02   1.4280754e-01  -4.7696955e-01   2.1718373e-01   5.9230548e-02  -6.7407035e-02  -1.6691805e-01   4.5556431e-01   6.8904299e-01  -2.5904531e-01  -1.7852962e-01  -4.3789560e-01   2.8884412e-03   6.8195795e-01  -3.8489069e-01   2.4800504e-01  -3.3926012e-01  -3.8847440e-02  -3.6757749e-01  -2.2646845e-01  -2.2487717e-01   2.3104095e-01   6.0640817e-02  -2.7480266e-01   1.5716237e-01  -1.8831891e-01   3.1666544e-01   2.5321710e-02   5.6538822e-01   3.0764968e-01  -2.7207368e-01  -1.6994085e-01   6.1625432e-02   1.1513559e-01  -4.4253972e-01  -1.9437567e-01   5.1161950e-02   2.6485462e-01   7.3628974e-01  -2.1254564e-01   2.7974278e-01   9.6232500e-02
  -1.8482549e-01  -3.5785424e-01  -2.5532005e-01   2.1950373e-01  -1.0543413e-01   4.4762630e-01   0.0000000e+00  -9.6980344e-02  -2.0058763e-01   2.2015232e-01   2.5097468e-01   2.2044513e-02  -1.3806799e-01   4.8379081e-02   3.9903671e-01   4.6569053e-02  -4.1272626e-01   3.2788080e-01  -1.1531023e-01   7.1807082e-02  -2.5656917e-01   2.4479823e-01   3.4759223e-01   1.8903393e-02  -1.4519640e-01  -2.0655602e-01   1.8493847e-01   1.2004083e-01  -3.0767112e-01   5.0047634e-01  -2.7738736e-01  -5.6501074e-02  -1.0535932e-01   4.3164408e-01   2.9349700e-01   3.2804247e-01  -1.2748160e-01  -2.0066860e-01  -1.9910766e-01  -2.5044510e-01  -3.4393792e-01  -9.5387077e-02   1.6865200e-01   1.9384046e-01   3.7336498e-01  -4.8100231e-02   2.6507120e-01   4.5063175e-01  -3.7423116e-01  -3.7237149e-01   3.7835230e-01  -1.3594386e-02  -1.2992415e-01  -2.8451633e-01  -1.0040225e-01   3.0326402e-01   1.1489342e-01   4.7473625e-02  -2.1653029e-01   3.4394716e-01  -2.9353252e-01   6.2829654e-02  -2.4351232e-01  -1.8439306e-01  -1.4849917e-01   5.3017917e-01   3.4156413e-01  -1.6277151e-01   2.0607994e-01   3.8248040e-01  -5.2604498e-01   2.7421460e-01  -3.6010974e-01  -1.8179870e-01  -4.9772940e-01  -9.4083961e-02  -1.2095756e-01   1.7724985e-02   5.7115266e-02  -4.4970647e-01   4.0483813e-01  -1.4060379e-01  -3.1819197e-01  -3.3262550e-02  -9.5951667e-02  -5.9799335e-02  -2.7211356e-01  -2.2136783e-02  -4.6551824e-01   1.4498555e-01  -4.6764068e-01  -3.6476415e-01   4.2995919e-01   9.4546890e-02  -9.2727291e-02  -1.4995952e-01  -1.0373167e-01   7.9172921e-02  -6.2106998e-02   2.0590540e-01  -5.9940173e-02   6.1055645e-01   1.6287261e-01  -1.1546437e-01   3.5594042e-01  -5.2903475e-02  -2.2391755e-01   1.5273747e-01   1.2237448e-01   4.8679021e-01  -1.6374001e-01   3.0086679e-01  -1.5089078e-01  -2.2817480e-01   1.7493001e-01  -5.1459269e-01   3.1952458e-01  -2.8458697e-01   1.4906615e-01   9.1013161e-02  -1.0975988e-01   1.7697496e-02  -3.1636507e-01  -2.6085659e-02  -8.1967430e-02   2.3031494e-01   4.2391756e-01  -5.7717996e-01   7.8361473e-02   2.2364537e-02  -1.9487793e-01  -1.0617631e-01  -2.6076947e-01  -1.3757348e-01   1.6638190e-02  -1.0683698e-01  -2.3278426e-01  -1.6599749e-01   1.2377040e-01  -7.0937176e-02  -8.4215781e-02  -4.3459931e-02   2.3926418e-01   2.9611119e-01   1.8477927e-01   9.7194377e-02   3.9100644e-03  -2.9508000e-02   5.6283364e-01  -3.2964094e-02   5.7946281e-02   5.5631174e-02  -2.2037264e-01  -1.8757769e-01  -2.5609955e-01  -1.4092685e-01   9.3407666e-02  -2.4012123e-01  -3.7599263e-01   2.3081273e-01  -1.9161679e-01   2.9975637e-02   8.9089735e-02   3.2886482e-01  -5.9407899e-02  -8.2987957e-02   2.0240766e-01   2.3454679e-02  -1.6524257e-01  -5.3214910e-01  -1.2615624e-01  -2.2659124e-01   4.5784848e-02   3.5996856e-01  -2.7811827e-01  -1.0957764e-01  -4.0587794e-03
  -4.4956114e-02  -1.7979930e-01   8.6812099e-02   1.5935319e-01   7.2250807e-02   1.8095982e-01  -9.6980344e-02   0.0000000e+00  -1.2384905e-01  -2.7101805e-01  -1.0538937e-02  -5.5124361e-02  -3.5898935e-02  -2.1158517e-01  -5.4715602e-02  -2.0148369e-02   4.7786915e-02   5.1082408e-02   2.8973474e-01   1.6560335e-01  -1.2045894e-01   1.4333372e-01   6.5630319e-02  -3.6184306e-02   3.0112716e-02   3.0590983e-01   9.9247585e-02  -8.5297517e-02   2.6324262e-01  -9.0693833e-02  -1.2422066e-01   2.7428303e-01   1.3316212e-01  -8.4195537e-02   1.6335250e-02   1.6421137e-01  -2.5753338e-01   1.5823103e-01  -1.2790481e-01  -5.3882355e-02   1.8683027e-01   2.2635691e-01  -2.9227565e-01   2.1789931e-01   1.1613795e-01   1.3919819e-01   2.1129982e-01  -2.3333598e-01   5.1566795e-02   3.0583499e-03   1.3599702e-01   5.0860257e-01  -1.9362236e-01   1.8783409e-02  -1.9533784e-01  -4.5108718e-02   1.8363643e-01   2.9208612e-01   8.4752960e-02  -1.0112681e-01   2.1520749e-01  -9.5537671e-02  -7.4155256e-02   1.2546310e-01  -4.0929083e-02   1.4547619e-03   2.2761702e-01  -7.6674600e-02   1.8068355e-01  -4.0267635e-03  -1.0682793e-01   1.2140003e-01   1.6632316e-02   8.1410102e-02   9.0844877e-02   2.0382765e-01  -3.9787077e-02  -2.6259494e-02  -1.3618827e-01   4.9450418e-02  -9.4089898e-02   1.5507560e-02  -5.4001803e-02   5.5889720e-01  -4.5023299e-02   5.8634309e-02  -3.2382524e-01  -2.6668485e-01  -3.7860942e-02   5.7420163e-02   3.3963229e-02   2.4177590e-01   7.4854716e-02   2.1304435e-01  -3.2023812e-02   1.4008665e-01   1.2967629e-01   3.6693791e-01   1.2039828e-01  -1.1474232e-02  -2.4591638e-01  -4.5391992e-03  -1.8561341e-02  -1.6096899e-01  -4.0087645e-02   3.9659014e-01  -2.1029441e-02   2.6665313e-01  -5.3498648e-02   4.3005922e-02   8.1480244e-02  -1.6391143e-02   3.0788012e-02   3.3959019e-02  -2.4771747e-01   5.8936356e-02  -2.6583722e-01   6.1310188e-03  -1.0417412e-01   2.0985740e-01   2.1939651e-01  -2.7166002e-02   8.4065350e-02  -1.7426707e-01   2.8168500e-01  -1.0467800e-01  -5.7722661e-02   1.5070290e-01   1.2727241e-01  -1.7805370e-01   6.6556982e-02  -1.5272268e-01  -8.9417232e-02  -2.5859878e-01  -5.1150103e-02   4.5042355e-01   1.9816392e-01  -2.4407000e-01   2.4374551e-01  -8.8344988e-02   4.2117350e-02   4.7251810e-02   7.4441586e-02   6.4378999e-02  -2.3454071e-01  -1.8879220e-01  -1.2544181e-01   1.0236299e-01   6.0945391e-02  -2.2219095e-01   1.1520328e-02   8.1074173e-02   1.8021825e-01   7.5136945e-02   5.1849725e-02   1.5223183e-01   7.7513414e-02   8.9333755e-02   2.4158045e-01   1.0380198e-01   1.7744500e-01  -5.3592529e-03  -5.3743084e-02   5.6006849e-03   9.6514423e-02   1.0231841e-01  -2.5196986e-03   9.2408527e-02   1.1066499e-01   5.8552990e-02   2.6848188e-01   7.4458034e-02   1.1780355e-01   1.8316472e-01   8.7990834e-02   9.8359095e-02   2.7901995e-01
  -4.1198470e-03   5.8052626e-01  -5.7203236e-02  -2.4034252e-01   1.2937903e-01  -5.3138535e-01  -2.0058763e-01  -1.2384905e-01   0.0000000e+00   2.7779011e-01  -2.7134030e-01   1.7842331e-01  -6.1359924e-02  -1.9923632e-01  -4.3829379e-01  -1.1423791e-01   4.8001224e-02  -1.7281757e-01   5.4631145e-02  -2.6012497e-02   1.3219680e-01  -2.2159713e-01  -3.2684761e-01  -1.6210490e-01   1.3835907e-01  -3.1624125e-02   1.5945338e-01  -4.7870413e-02   8.7651966e-02   2.3994428e-02   3.5478926e-02  -1.8806335e-01   1.3789630e-01   2.9308543e-01  -1.4424982e-01  -2.3281569e-01   1.2066315e-01  -6.0888679e-02   2.2135065e-01   2.7894914e-01  -7.8673394e-02  -1.5039744e-01   4.1785148e-01  -1.3021525e-01   6.9273197e-02   1.7998838e-01  -4.7330377e-01   5.2139813e-01   8.2510099e-02   2.5653300e-02  -2.8854959e-01  -1.6102549e-02   6.3829542e-01  -1.9129185e-01   2.3424696e-02  -3.4820073e-01  -1.5265446e-01  -2.4804719e-01   1.5157036e-01  -2.5547056e-01   9.5570693e-02   1.8253969e-01   6.0759613e-01   4.1400462e-01   3.8945821e-01  -2.7693201e-01  -5.0316504e-01   2.4039188e-01  -4.0142074e-01  -1.2837922e-01   4.8378472e-01  -4.1309765e-01   1.5050949e-01  -2.5410306e-01   1.8159491e-02  -1.4222580e-02   1.5665286e-01  -8.8629489e-02   4.6009304e-01   2.6844616e-01  -2.0231796e-01  -3.7787478e-02   2.2144509e-02   2.7458508e-02  -3.5306693e-01  -5.3201094e-02   1.8622686e-01  -1.5404230e-01   3.9465436e-01  -2.0565981e-01   4.4290371e-01  -5.8682712e-02  -4.6070030e-01   2.3238248e-01  -9.6427302e-02   5.0231285e-02  -2.2142699e-03   2.6655337e-02   2.7528665e-01   2.1997909e-01  -1.5110197e-01  -8.4960328e-02  -2.2067028e-01   4.8689148e-01  -3.5123328e-01  -1.9865816e-01  -3.0090214e-02  -3.6027153e-01   3.2953207e-01  -6.1572988e-01  -3.6082517e-02  -3.2860005e-01  -7.8834182e-02   6.8241586e-02  -8.8432305e-02   5.0533031e-01  -1.5458409e-01   1.4477223e-01  -2.7317654e-01  -2.4530336e-01   8.1683162e-02   2.4733757e-01   1.3569736e-01   6.2343795e-01   1.4710273e-01  -3.3814512e-01  -2.8970494e-02   2.1481905e-01   4.1725367e-02   1.6229450e-01  -8.5433781e-02   6.5681945e-01  -4.5074119e-02   1.5050031e-01   1.4839258e-01  -1.1287219e-01  -2.7377067e-01   1.8113771e-01  -5.9586632e-02  -2.7426340e-02   8.8849919e-02  -5.4593508e-02  -3.4047469e-01  -4.1848347e-01   1.4020473e-02   4.4753261e-03   4.1436594e-01   2.3253248e-02  -4.7296740e-01   3.9933487e-01  -3.0374338e-01   1.2503747e-03   6.9657513e-02   2.9877228e-01   1.8554364e-01   5.9034691e-02  -2.6245127e-02   4.7828809e-02   1.1747953e-01  -1.2958618e-01   2.4628228e-01  -1.9850610e-01   1.4381959e-01  -3.1918013e-01  -1.4126477e-01   4.0040801e-01   4.2443294e-01  -1.2125911e-01  -1.0909354e-01   2.5837184e-01   3.2197259e-01  -6.8710068e-02   1.5079261e-01  -4.7913119e-01   1.5248533e-01  -2.8406691e-01  -5.7431782e-02
  -2.3222927e-01   2.3827033e-01   1.6187510e-01  -1.6640571e-01   1.4867862e-01  -2.1081093e-01   2.2015232e-01  -2.7101805e-01   2.7779011e-01   0.0000000e+00  -3.5483169e-02   4.8721758e-01  -1.8382070e-01  -3.7813081e-01   7.7292937e-02   4.0888542e-02   1.0083501e-01  -1.1899873e-01  -1.0591946e-01   2.9057743e-01  -7.4003883e-02  -2.1412745e-01  -8.3872080e-02  -2.8854653e-01   6.1232699e-02  -1.4388026e-01   1.6190786e-01  -2.1821409e-01   8.1525512e-03   3.4345495e-02   1.8939079e-02  -2.7139314e-01  -1.7066413e-01   4.9019549e-01   8.0279514e-02  -1.2047839e-02   8.7903542e-02  -2.0071789e-01   9.8203514e-03   2.8157618e-01  -2.4795320e-01  -1.5039893e-01   6.2061810e-01  -1.7479578e-01   2.7317571e-01  -1.1647106e-01  -3.3234643e-01   2.7375465e-01  -2.6185806e-02   1.3310485e-01  -8.1750089e-02  -1.2367787e-01   2.6553986e-01  -1.4644529e-01  -6.6970129e-02   7.3480530e-02  -1.9531441e-01  -1.7807377e-01  -1.3064306e-01   1.5974807e-01  -3.3227980e-01   4.1660568e-01   2.9005551e-01  -1.2417391e-02   7.5903849e-02   3.2816008e-01  -1.5754702e-01   1.7590351e-01  -4.0502912e-01   1.3747257e-01   1.8625833e-01  -1.5907431e-01  -9.6883963e-02   2.1744371e-02  -1.9680799e-01  -3.3167738e-02  -2.9865499e-01  -2.6553891e-01   4.7603217e-01  -9.8310707e-02  -1.4033232e-01  -6.2442246e-02   1.8079029e-01  -1.4617819e-01  -9.1217718e-02  -1.7402339e-01  -3.1287871e-02  -8.4673524e-02   6.6613573e-02  -2.3408833e-01   1.1337120e-01  -7.2898552e-02   1.3169518e-01   6.6388301e-02  -3.5389821e-01   1.5455715e-01  -8.9814922e-02  -9.7497724e-02   8.1341805e-02   3.4206523e-01  -4.6492384e-02   7.3643687e-02  -4.5607209e-01  -5.2486264e-02  -1.4097914e-01  -2.9794987e-01   3.3903242e-02  -3.4487323e-01   3.5608032e-01  -1.4882732e-01   3.6899868e-01  -2.5801057e-01  -7.9703929e-02  -2.3182804e-01  -6.8494967e-02   1.4101439e-01  -1.5863922e-01  -1.5850164e-02  -2.8189076e-01  -3.4068536e-01  -2.4776485e-01   4.9063415e-01   1.6197144e-01   6.5713506e-02  -1.1150169e-01  -2.7139091e-01   2.4838739e-01  -1.5203627e-01  -4.2263340e-02   7.0040598e-02  -1.0986198e-01   4.3605791e-01  -6.9209887e-02   1.8078396e-01   1.8096670e-01  -1.2490520e-01  -2.4458932e-01   2.7604242e-02  -2.2425813e-01  -1.0716799e-01  -6.5131065e-02  -2.6595865e-03  -1.3903476e-01  -1.5638034e-01   2.7554907e-01  -8.5149137e-02   5.0462466e-01   6.3335065e-04  -1.5459237e-02   3.0695831e-01   5.1130149e-02  -3.4994284e-02  -2.4846106e-01   5.1788768e-02   2.3635757e-01  -1.0631266e-01  -2.4182361e-01  -2.0401035e-01  -1.6885968e-01  -3.5495758e-01   9.7558878e-02  -1.6374067e-01   2.2959400e-01  -2.9489367e-01  -1.4434787e-01   3.7677195e-01   1.4110086e-01  -2.5757397e-01  -2.7194812e-01   1.5666905e-01   1.8015612e-01  -2.0045878e-01  -1.2681645e-01  -1.9696208e-01  -5.2659104e-02  -2.9985194e-01  -1.5872137e-01
   5.6140194e-02  -6.0432192e-01  -3.7493166e-01   1.3289848e-01   2.0011139e-01   2.8767677e-01   2.5097468e-01  -1.0538937e-02  -2.7134030e-01  -3.5483169e-02   0.0000000e+00  -3.9858944e-01   1.1901762e-01  -4.9724477e-02   1.2938502e-01  -2.3544393e-01  -3.9120983e-01   5.9783868e-01  -3.6671282e-02   1.3668070e-01   1.0154225e-01   1.8506335e-01   1.4620424e-01  -7.3572731e-02  -1.7523231e-01   1.2025595e-02  -1.2644790e-01  -4.7305529e-02  -1.3104323e-01   3.7560533e-01  -9.1348030e-02   1.9733836e-01  -3.0942975e-01   2.5876869e-02  -1.1526017e-01   6.1020512e-01  -1.7545597e-02   2.4454557e-01  -1.6833896e-01  -4.9047030e-01   1.7768075e-01  -1.9664389e-01  -1.3664500e-01   2.7135564e-01   4.0466433e-01   2.1284723e-01   6.7452806e-01  -3.4164060e-02  -3.9305515e-02  -4.2682952e-01   5.9651070e-01  -1.9662284e-02  -2.5471172e-01  -2.9588749e-01  -5.8551884e-02   2.0257439e-01   2.9772344e-01   2.1002605e-01   9.9442493e-02  -2.3975485e-02   1.0341168e-01  -1.0034205e-01  -3.9236637e-01   1.3396748e-02   1.6688043e-01   5.0712255e-01   1.4753438e-01  -3.0681035e-01   4.0913514e-01  -5.4845117e-02  -4.2056677e-01   1.9753471e-01  -8.5007103e-02  -4.1473401e-01  -3.1500264e-01   8.0919834e-02   1.3557721e-01   1.0299571e-01  -2.9589226e-01  -2.2575572e-01   1.1794614e-01   2.2684415e-02  -1.9429028e-01  -1.0977348e-01  -1.7728792e-01   1.4881465e-01  -1.9503928e-01  -1.8187685e-01  -4.8969950e-01  -8.0058534e-03  -3.1359232e-01  -1.6872384e-01   3.0568608e-01   2.1160221e-01   2.6892293e-01   9.3686228e-04  -1.1017213e-01  -1.2351919e-01  -1.2630795e-01   1.1690024e-01  -1.4511527e-01   3.0319604e-01   8.8093671e-03   1.7137348e-02   4.1037934e-01   9.5392690e-02  -2.8905318e-01   1.8255014e-01   7.5318512e-02   4.6479721e-01  -2.2949778e-01   2.2368468e-01  -2.0220100e-01  -1.2120303e-01   2.4470561e-02  -3.9416058e-01   1.6694369e-01   3.8825342e-03  -4.0231226e-03   1.1298242e-01   1.0232197e-01  -2.9517983e-01  -5.6176398e-01   1.2653909e-01   1.5661256e-01  -1.3946328e-01   7.6742798e-02  -3.1961845e-01   9.1040175e-02  -3.6468814e-01  -2.0430096e-01  -2.5695190e-01  -2.0097156e-01   4.8299232e-02  -3.0800113e-01   1.6040171e-01  -1.5701702e-01  -1.0244168e-01   2.4801531e-01   7.7836782e-03  -1.6448892e-01  -7.8522554e-02   6.7482793e-01   9.9212632e-02   5.6201038e-02   2.5295768e-01  -3.2438530e-01   3.8864004e-01   5.4288036e-01  -1.1613181e-01  -1.2265204e-01   3.8721443e-02  -1.1201632e-01   1.7610546e-01  -5.2785405e-01  -7.9374868e-02   2.5839889e-01   1.0171467e-01  -1.4422536e-01   3.8086583e-02  -2.7259880e-01   4.9427620e-01   2.1625307e-01   4.4269536e-01   1.8394348e-01  -3.8836277e-01  -1.5743430e-01   1.4206080e-01  -4.2678473e-02  -3.4990941e-01  -2.7039642e-01   1.2168024e-01   3.2555460e-01   1.4299664e-01  -9.9147328e-02  -2.0377372e-02   1.4881939e-01
  -3.1847538e-01   6.3101951e-01   5.7659313e-01  -3.3634090e-01   1.5888411e-01  -1.7405332e-01   2.2044513e-02  -5.5124361e-02   1.7842331e-01   4.8721758e-01  -3.9858944e-01   0.0000000e+00  -2.5577173e-01  -3.3375606e-01   4.6738532e-02   1.3079818e-01   4.8946269e-01  -2.9202257e-01   7.9824922e-02   3.3458026e-01  -3.6613138e-01  -3.6646538e-01  -3.8248207e-01  -2.8649485e-01  -4.6006692e-02  -4.9601371e-02   2.0274373e-01  -3.2545599e-01   1.0923612e-01  -1.8894569e-01  -7.8433839e-02  -2.0992126e-01   1.2200458e-01   5.6996725e-01   4.6664999e-01  -2.0325188e-01  -2.6921378e-01  -2.8499156e-01   7.3500575e-02   5.9003520e-01  -3.4283704e-01   1.7336697e-01   3.9874026e-01  -1.4756232e-01   2.7732940e-02  -2.3393375e-01  -4.4533661e-01   1.7794639e-01   1.3293689e-01   5.1181775e-01  -3.1491951e-01  -1.1774092e-01   1.8621979e-01   1.5604577e-01  -1.7575759e-01  -8.3739395e-02  -1.9812002e-01  -3.2868971e-01  -2.7374712e-01   4.8387358e-01  -2.2126934e-01   2.9730671e-01   4.0062616e-01  -1.8770018e-01  -2.7253093e-01  -2.6235934e-02   2.8405330e-02   2.6864104e-01  -4.6300258e-01   1.5783464e-01   4.0036393e-01  -1.8511460e-01  -2.8174240e-01   5.5790597e-01  -1.6006174e-02  -3.4465767e-02  -1.6744226e-01  -3.2453859e-01   5.3086966e-01   9.9348022e-03  -3.0253589e-01  -1.8128350e-01   3.9994253e-01  -3.6806530e-03   1.3819611e-01  -3.8003700e-01  -6.5731154e-02  -1.1974451e-01   4.2570686e-01  -2.8135209e-01   4.3415663e-01   2.7807688e-01   9.4386220e-02   2.2602450e-02  -3.4208579e-01   3.3611083e-01   5.3537710e-02  -8.5553565e-02   1.1372789e-02  -4.7931040e-02  -6.9914334e-02   8.6754480e-02  -4.7047927e-01  -7.0182106e-02  -4.3824841e-01  -3.1286838e-01   2.1509915e-01  -3.0489921e-01   1.5378351e-01  -1.6938911e-01   6.6173096e-01  -3.4128029e-01   1.2771445e-01  -2.3416855e-01  -2.8464430e-01   4.4008828e-01  -2.4185118e-01  -1.4542678e-01  -9.6487237e-02  -3.7895052e-01  -3.0327921e-01   6.8600052e-01   5.6546877e-01  -2.1129629e-01  -2.9924702e-01  -9.7279735e-02   1.3146752e-01   7.5615491e-02  -1.6233658e-01   4.4605989e-01  -8.4837821e-02   3.2273038e-01   3.3772097e-01   9.3668483e-03   4.4111532e-01  -2.1405620e-01  -6.3848768e-02  -6.9426087e-02  -2.7741307e-01  -1.5740273e-01  -1.0932202e-01   7.3397740e-02  -3.1327809e-01  -1.2215277e-01  -1.0315154e-01  -3.7018512e-01   5.5226040e-01  -1.7218678e-01  -2.8693988e-01  -1.4375004e-01   1.9500723e-01  -9.6956839e-02   2.9879482e-02   6.3393167e-02   8.2405963e-01  -7.8489780e-02  -2.9586947e-01  -2.5769368e-01   6.4201225e-02  -3.9978170e-01   2.8687404e-01  -3.6759225e-01   7.9418646e-03  -5.8027831e-01  -2.7251066e-01   6.1802351e-01   2.2160314e-01  -2.0660582e-01  -6.7631976e-02   4.8491068e-01   3.4722960e-01  -2.9199798e-01  -3.4775212e-01  -4.1474752e-02   6.0991733e-02  -1.1895886e-01  -3.3831499e-01
   7.7629001e-02  -1.5652215e-01  -2.5021288e-01   1.8923225e-01   2.7584125e-01  -5.3037063e-02  -1.3806799e-01  -3.5898935e-02  -6.1359924e-02  -1.8382070e-01   1.1901762e-01  -2.5577173e-01   0.0000000e+00  -4.6164657e-02  -1.4233784e-01   3.5085828e-02  -1.5050456e-01   1.1209991e-01  -2.7632203e-02   2.1598780e-01   7.4425793e-02   5.2009369e-02   1.0710185e-01   8.1229873e-03  -1.9829648e-01   4.6698885e-02   5.3030521e-02   9.5735245e-03  -4.5531140e-02  -1.4971649e-01   2.7002507e-02   1.4785442e-01  -2.2432357e-02  -2.5215589e-01  -2.2605278e-01   2.0910901e-01   1.6909727e-01   2.6626175e-01   1.0370022e-01  -1.5178405e-02   6.1096393e-01   3.8349245e-02   9.2853150e-03  -1.0797654e-01  -1.5359408e-01   2.1527626e-01   1.3094607e-01  -1.3647677e-01   4.9324445e-02   1.4066155e-02   1.3813846e-01  -1.4459435e-01   2.5025285e-02  -1.3994691e-01   6.2431244e-02  -2.2564954e-01   6.7942486e-02   4.8952865e-02   2.1654536e-01  -1.5859061e-01   9.6711175e-02   8.2986182e-02  -7.6763823e-02   5.7582168e-02   3.8791820e-02   6.5552796e-02  -2.9601140e-02  -1.5121017e-01   1.1397415e-01  -2.8947776e-01  -8.4800581e-02   1.7482191e-01   3.2092417e-01  -3.1297841e-01  -7.5449552e-02  -1.9262902e-01   2.2717029e-01   6.9584014e-03  -2.2569850e-01   2.1768726e-01  -2.1905252e-01   3.2477158e-01  -8.2534003e-02  -3.2778255e-02  -3.0659062e-01  -2.0168765e-02   8.7722403e-02  -1.2907660e-01   1.0176211e-02  -1.3876487e-01   9.3248620e-02  -1.7112652e-01  -6.7275359e-02  -4.3629589e-02   2.7321628e-01   2.8324385e-01   1.6443475e-01   7.4030812e-03   1.7409273e-01   2.0637271e-02  -1.5841497e-01  -2.6698609e-01  -4.1921271e-02  -6.0252737e-02   1.2809889e-01   2.2732592e-02  -8.4112991e-02   6.2851042e-02  -8.1368899e-02   3.3565274e-02  -1.2529769e-01  -4.1718485e-02  -1.1946532e-01   4.9097627e-02  -1.1489759e-01   4.7388538e-02   2.2660914e-02   5.5353120e-01  -2.7241906e-01   2.2452205e-01   1.0224374e-01  -1.1792136e-01  -1.9111629e-02  -4.1884262e-05   1.7084910e-01  -2.3146461e-01  -2.5138373e-01   9.1908449e-02   7.5342730e-03  -2.6815832e-01   3.5819292e-01  -1.9345611e-01  -2.9499574e-01   3.1056695e-02  -1.9180737e-02  -1.4615262e-02   2.5309967e-01  -1.2557090e-01  -1.6224659e-01   2.1274979e-01   1.1984320e-01   3.7270188e-01  -4.2980462e-02  -3.1588241e-01   4.3933465e-03   1.4601699e-01  -1.2733369e-01   2.9522615e-01   7.6026356e-02   7.5032261e-02  -3.3794349e-01  -7.5750133e-03  -2.6460604e-01   2.2364968e-02  -2.3657951e-01   3.3162212e-01   9.2240513e-02   3.3234002e-01  -1.4273318e-02  -6.4235184e-02  -9.0040133e-02   8.5170880e-02   1.4839963e-01   1.3689822e-01   2.8149894e-01  -2.3686479e-01  -2.5580801e-01  -1.2228668e-01  -1.5737553e-01   2.6783524e-02  -1.8990603e-01   1.2911197e-01   9.4495050e-02  -2.2831298e-01  -1.7393326e-01  -2.7608445e-02   1.2190135e-01
   4.4086316e-01  -1.4235120e-01  -2.0655080e-01   1.6847380e-01  -2.6002798e-01   1.9822213e-02   4.8379081e-02  -2.1158517e-01  -1.9923632e-01  -3.7813081e-01  -4.9724477e-02  -3.3375606e-01  -4.6164657e-02   0.0000000e+00   1.4085354e-01  -4.2907739e-02  -1.7209805e-01  -4.4061454e-02  -2.8864977e-02  -3.7043627e-01   2.8433243e-01   2.9105268e-01   3.3553468e-01   5.8543826e-01   8.9337475e-02  -1.1264790e-02  -3.3297117e-01   5.2633758e-01  -4.2780167e-02   8.4043127e-02   3.3055486e-01   1.5043424e-01   9.9112766e-03  -3.0647088e-01  -1.2093120e-01  -8.9954832e-02   1.0781662e-01  -1.6500624e-02   2.3797239e-02  -3.9479196e-01   9.6622180e-03  -6.9016798e-02  -2.3314183e-01   1.7984102e-01  -1.3773492e-01  -8.7833034e-02   1.3357425e-01  -7.4097386e-02   5.1809862e-02  -3.4835767e-01  -2.5830807e-02  -2.0875614e-01  -2.0458751e-01   4.0226262e-02   3.5370591e-01   1.3161116e-01   1.0790879e-01   3.0910225e-02   1.7167198e-01   2.6324723e-02   2.1514849e-01  -1.0718637e-02  -1.5637342e-01  -9.0903846e-02  -1.0623012e-01  -1.7927754e-01  -8.4611012e-02  -1.4922774e-01   1.7078144e-01  -8.2352536e-02  -1.9594967e-01   1.0257474e-01   8.9714373e-02   1.4688102e-02   5.5616762e-02   8.8332264e-02   3.0488605e-01   2.7590149e-01  -1.3917097e-01   1.3814575e-01   5.3685042e-01   8.7640127e-02  -1.3920798e-01  -2.7208910e-02   1.7826105e-01   3.6659691e-01   3.1637316e-01   5.3772590e-01  -1.5931971e-01   3.7558511e-01  -3.1966142e-01  -5.6093831e-02  -3.6722089e-01  -1.1669790e-01   2.3376686e-01  -3.8223544e-01   2.0906672e-01  -1.0213321e-01   4.2818375e-02  -5.3338207e-02   4.1079258e-01  -5.7442876e-02   7.9633468e-01   1.1782201e-01   2.7704288e-01   6.1704190e-02  -5.7937380e-02   1.2729413e-01  -1.3983331e-01   1.1246172e-01  -4.9304149e-01   3.4509643e-01   1.0606620e-01   1.4735105e-01   4.0439923e-01  -3.0782727e-01   3.2668396e-01   6.4329548e-02   5.1229287e-01   2.4063711e-01   2.8677487e-02  -2.1537281e-01  -3.5303301e-01  -3.8399282e-02  -9.3344590e-02   7.1303219e-01   1.1769566e-01   3.0118549e-02  -1.5158822e-01   1.2163465e-01  -1.2384312e-01  -2.2770531e-01   3.9228764e-01   1.0992429e-01  -2.1974780e-01   4.5639390e-02  -1.1423529e-01   3.5339607e-01   1.5589804e-01   5.3269113e-03   1.1630578e-01   1.8415433e-02   6.0203415e-02   1.9582877e-01   1.8093146e-01   3.3849222e-01  -4.1158663e-01  -3.2649463e-01  -3.6602972e-02   2.7121670e-02  -2.8130089e-02   1.6981777e-01   5.1901137e-02  -1.5401434e-01  -2.8156209e-01   1.2824550e-01  -3.0997371e-02   2.0525330e-01  -2.2594041e-01   5.6347391e-01  -4.8167399e-02   4.0422077e-02  -8.8240835e-02   2.6373410e-01  -3.9341051e-02  -4.8992413e-01  -2.2903375e-02   2.3027059e-01   1.3958897e-01  -3.3653770e-01  -2.9209607e-01  -4.3272491e-02  -7.8016608e-02   2.3823374e-01  -1.1657491e-01  -8.1578663e-02   6.7454070e-02
