   0.0000000e+00  -6.5295503e-01   2.8240540e-01   3.1659796e-02  -4.0907470e-01  -6.1086433e-01  -5.1079885e-01   4.8656606e-01   3.1044702e-01  -4.4586771e-01  -5.9977871e-02  -4.5735980e-01  -4.1560443e-01   6.3601635e-01  -1.2614649e-01  -7.1874263e-01   4.5007542e-01   1.6237814e-02   3.4862924e-01  -6.5231370e-01  -2.5803606e-01   2.8834495e-01  -1.7153440e-01   8.1679925e-01   7.5721519e-02   4.6574460e-01  -5.5503136e-01   6.1951371e-01   1.6977492e-01  -7.8113497e-02   5.0619769e-01   1.8820700e-01  -6.6492548e-01  -5.4537371e-01  -4.3426085e-01  -4.1347409e-01  -2.6009873e-01   6.5262968e-01  -6.9231109e-01  -6.0589729e-01  -5.3925650e-01  -4.1952612e-01   4.2209533e-01   4.2126958e-01  -1.9947099e-01   7.7217889e-01  -2.9278625e-01  -3.6934964e-01  -4.1282510e-01  -4.1689739e-01  -1.6836007e-01   4.3943568e-01  -3.5417974e-01   4.6040616e-02   2.8859540e-01   1.7992461e-01   9.0242001e-02   4.9116151e-01  -3.1659237e-01  -1.9840221e-01   7.3854996e-01  -3.9257713e-01   2.9850091e-01   4.6957381e-01   3.9260549e-01  -2.6240226e-01  -6.6792707e-01   5.6989030e-02  -8.8375744e-02  -2.0053691e-01  -3.9319490e-01   1.4604728e-01  -4.2579895e-01   6.6703594e-01   4.1810748e-02   4.7065177e-01   6.5794932e-01   3.9212526e-01  -4.3893912e-01  -4.9818469e-01  -2.1963317e-02  -4.7165034e-01  -1.1267433e-01   5.3469651e-01   7.4359143e-01   3.0507753e-01  -4.6611928e-02   6.6524290e-01   3.2491327e-01   7.6446680e-01  -1.1571871e-01   7.0634700e-01  -5.9701483e-01   4.9446639e-01   5.5257085e-01  -4.0472376e-01  -4.5676250e-01   4.0239509e-01  -3.7572996e-01  -2.8161183e-01   7.0681798e-01   3.3626195e-01   1.8465323e-02   3.4522346e-01  -3.7013871e-02   3.2413431e-01  -4.1543306e-01   3.8955207e-01  -3.3510018e-01  -5.7599989e-01  -5.0693662e-01  -2.3024466e-01   2.7486929e-01   9.1980261e-01   4.1467908e-01  -3.3887582e-01   1.7470229e-01  -4.6353814e-01  -3.4062362e-02  -2.3771566e-01   7.0634483e-01  -2.9022508e-01  -3.2442648e-01   1.8475275e-01   7.5752901e-01   4.2839797e-01  -4.4254915e-02  -1.9516700e-01   5.2001079e-01  -3.1820845e-01  -4.9089132e-01  -2.5105148e-01   8.0542435e-01   2.1146635e-01   5.1871820e-01   4.7479065e-01  -6.1658442e-01  -4.3128921e-01   3.8861780e-01   7.1834784e-01   8.9919132e-01  -7.4060681e-02   3.0300154e-01  -1.1991168e-01  -2.7089334e-01   2.2602769e-01  -3.7286118e-01   3.7689898e-02  -5.5125493e-01   2.5004617e-01   8.1771315e-01   3.5471629e-01   7.8240264e-01   4.5557603e-01  -4.3946302e-01   8.5879183e-01   7.2057280e-01  -3.1615008e-01   6.6892269e-01  -2.5899115e-01  -2.5513338e-02   4.3180119e-01   1.2247362e-01  -3.6512501e-02   2.3167368e-01  -4.7584639e-01  -3.6932510e-01   1.9947497e-01   7.4080563e-01  -3.1033757e-01  -1.6623400e-01  -2.2327768e-01   2.7258844e-01  -2.4783829e-01   6.2248946e-02  -2.4313056e-01   5.5683569e-01
  -6.5295503e-01   0.0000000e+00  -5.5800044e-02   8.9146778e-02   8.0586774e-02   4.9237517e-01   3.9109163e-01  -2.9486180e-01  -2.9170829e-01   1.7907550e-01  -1.5951563e-01   3.4911707e-01   3.6080535e-02  -2.7482882e-01   5.3724997e-02   5.6348657e-01  -1.7540746e-01  -1.1923588e-01  -1.3117998e-01   3.3654294e-01   3.7832902e-01  -1.1129527e-01   1.2608448e-01  -6.2175391e-01  -1.2209853e-03  -2.7336002e-01   3.7499831e-01  -4.1628898e-01  -1.4531608e-01   2.6979981e-01  -3.8278006e-01  -1.7578568e-01   5.4573813e-01   4.2390830e-01   3.8114678e-01   9.7040845e-02   3.2143241e-01  -3.5501443e-01   4.9481627e-01   4.8016328e-01   2.2238957e-01   2.2711593e-01  -3.0834910e-01  -2.9946250e-01   2.8782591e-02  -4.5287450e-01   1.2660012e-01   4.9574982e-01   3.3076180e-01   3.1845530e-01   1.0808335e-01  -3.2878247e-01   3.7368168e-01   1.0264814e-01  -1.4918885e-01  -1.0432405e-01   2.3693646e-01  -3.8287690e-01   2.8607549e-01   1.9553172e-01  -4.4859163e-01   2.8779623e-01  -2.4031247e-01  -2.7689378e-01  -3.7799347e-01  -3.3990617e-02   5.5999517e-01  -1.4767034e-01   1.3291129e-01   2.5513002e-01   6.1270028e-01  -1.9558378e-01   3.3107994e-01  -3.4428863e-01  -7.2696774e-02  -2.3537633e-01  -3.1409927e-01  -2.5419505e-01   2.3899905e-01   2.6757893e-01   2.5977477e-01   3.7051165e-01   3.4771935e-01  -3.5145872e-01  -3.3301653e-01  -1.4770835e-01   9.1963123e-02  -4.8786142e-01  -2.5218687e-01  -5.9988162e-01   9.6594088e-03  -4.5279825e-01   4.6929049e-01  -4.3638974e-01  -3.9642002e-01   4.5606257e-02   2.0022971e-01  -2.2240679e-01   5.3823263e-02   6.2553573e-02  -3.5424420e-01  -2.8257676e-01   2.1020715e-01  -3.5425511e-02   3.8586061e-02  -1.5134571e-01   3.7585720e-01  -2.7500122e-01   1.3654997e-01   4.9905794e-01   3.7749930e-01   3.2719151e-01  -1.4264440e-01  -5.8504932e-01  -1.5662734e-01   2.3820409e-01  -1.0315761e-01   2.3102539e-01   2.3476120e-01   2.6369599e-01  -4.9761478e-01   9.7149986e-02   2.9432959e-01  -5.2801695e-02  -4.2983233e-01  -2.5448769e-01  -9.8078505e-02   1.6699336e-01  -3.5409848e-01   3.8843502e-01   2.4104758e-01   1.2432971e-01  -4.7403368e-01  -4.9684281e-02  -4.7052652e-01  -2.6152072e-01   3.7959943e-01   4.6795956e-01  -2.2032341e-01  -4.8922955e-01  -5.9417320e-01  -7.7518398e-02  -2.2152462e-01   1.7403396e-01   1.0614550e-01  -4.6740557e-02   3.5796466e-01  -2.2369538e-01   3.7423053e-01  -2.3051235e-01  -5.4604241e-01  -1.3836146e-01  -5.4304407e-01  -4.9727930e-01   3.7193792e-01  -6.3681947e-01  -4.3366605e-01   1.7489252e-01  -4.2247183e-01   3.6746544e-01  -1.3305844e-01  -3.0198407e-01  -2.7968327e-01   1.6163828e-01  -1.6538454e-01   3.3982683e-01   1.8809265e-01  -2.6151718e-01  -5.1688471e-01   3.1167685e-01   3.6665755e-02  -2.3584514e-02  -2.9218834e-01   3.0675557e-01   3.3915073e-02   1.2015772e-01  -4.0046249e-01
   2.8240540e-01  -5.5800044e-02   0.0000000e+00  -1.3284019e-01  -2.6133171e-01  -5.5627151e-02  -3.9116703e-01   4.0237968e-01   1.6785743e-01  -4.2580129e-01  -3.8824496e-01   3.0862411e-01  -2.7871457e-01   8.0611028e-02  -2.1174592e-01  -3.2053014e-01   9.0076291e-01  -4.7809552e-01   4.2143402e-01  -2.9068126e-01  -3.9853034e-01  -3.0744252e-02  -8.8432890e-02   3.3563708e-01   1.4237966e-01   4.5710066e-01  -1.8581148e-01   2.7393718e-01  -7.0642638e-02  -4.2101094e-01   1.9923345e-01   7.6259608e-02  -1.6094061e-01  -1.0401531e-01   3.4163313e-02  -4.5730183e-01  -4.0853362e-01   4.9812758e-01  -3.4105179e-01   7.9903141e-02  -4.6218849e-01   3.1606073e-02   2.6949641e-01   1.6946818e-01  -6.5277245e-01   5.7442357e-01  -5.3182136e-01  -2.3169138e-01  -4.1262812e-01   3.5357419e-01  -4.6172941e-01   4.7568604e-01  -3.9199214e-02   5.5277936e-01   1.2433622e-01   2.2175319e-01   5.6459865e-01   1.7608870e-01  -3.5676830e-01   1.9150763e-01   5.5747220e-01  -2.6867241e-01   2.1694541e-01   2.6807715e-01  -1.5367324e-02  -4.5712234e-01  -1.0908366e-01   8.6614600e-02  -9.2140411e-02   6.3295584e-01   2.5110699e-01  -2.3887794e-01  -3.0749388e-01   3.9604905e-01   2.6106856e-01   4.4903366e-01   5.9749709e-01   2.6199251e-01  -1.9920009e-01  -2.2209025e-01  -2.3142104e-02  -3.2070104e-01   4.2018766e-02   4.1459423e-01   3.2543614e-01   3.9223702e-01  -5.3882414e-02   2.5772341e-01   3.8004050e-01   1.7637973e-01  -1.6350602e-02   6.9949057e-01   1.9639636e-01   6.7819334e-02   4.0152008e-01  -8.2749142e-02  -3.1248455e-01   5.0685339e-01  -3.0966460e-01  -4.4887741e-01   4.7940891e-01   6.5411811e-02   2.9646714e-02  -3.7627151e-02  -4.1728534e-01   2.3106355e-01   1.9444545e-01   3.5461216e-01  -5.3684093e-01  -4.2301198e-01   9.9699056e-02  -2.7537152e-01   3.7367116e-02   3.2889611e-01   2.5491033e-01  -9.9455349e-02   1.6378474e-01  -2.1827832e-01   4.1704202e-01  -3.4693615e-01   3.2989091e-01  -2.5506757e-01   4.8521802e-02  -2.0458713e-01   5.7708993e-01   3.5809273e-01  -3.9112758e-01   3.1705825e-01   1.6525238e-01   5.2801433e-01  -2.4106943e-01  -5.3431074e-01   3.7454003e-01  -4.2327502e-02   2.4565910e-01   3.9931013e-01  -2.8941887e-01  -5.9414649e-02   4.4088823e-01   2.8094162e-01   2.5836367e-01   3.2226063e-02   9.0449924e-02   5.1896622e-01  -3.6009522e-01   7.2924413e-02   3.1294552e-01  -4.6362934e-01  -4.1167329e-01  -3.9447695e-01   5.0925555e-01   1.7965751e-01   5.2297918e-01   7.7182133e-02   4.3492397e-01   2.6871469e-01   3.8179478e-01  -4.1900089e-01   6.1545889e-01  -2.2166740e-01  -9.2811625e-02   2.8518698e-01  -5.0032761e-01  -3.1410227e-01   9.1934603e-02  -2.6967146e-01  -1.9150557e-01   4.3726180e-02   4.2346948e-01  -1.1946315e-01  -3.8772735e-02  -1.6775002e-01  -3.4424854e-01   2.3033267e-01   3.1868971e-01  -4.4715428e-02   3.1204964e-01
   3.1659796e-02   8.9146778e-02  -1.3284019e-01   0.0000000e+00  -2.4753122e-01  -1.1749069e-01  -1.1940009e-01   1.4977957e-01  -9.6574658e-02  -1.0569591e-01   2.8783462e-01  -3.7839795e-01  -1.4290835e-01   1.4704126e-01  -3.0443484e-02  -3.9831610e-02  -4.4806138e-02   3.9856349e-01   1.1640663e-01  -1.2951187e-01   3.2570263e-01   5.6188601e-01   1.1722641e-01   8.4640173e-02   6.6948993e-03   2.0965757e-01  -2.0220936e-01   1.0747408e-01  -1.6487511e-01   1.5157774e-01   7.3336798e-03   4.9237425e-01  -6.1485483e-02  -2.9946619e-01  -2.7344728e-01  -6.2167551e-02  -4.7128068e-02  -4.5286703e-02  -9.1751444e-02  -2.8377710e-01  -3.4228306e-02   1.8352474e-02  -9.2786038e-02   2.3869944e-01   1.3946096e-01   5.1872312e-02   1.7975266e-01  -1.5769215e-01   1.4287425e-01  -3.1423478e-01   4.0502427e-01   1.6647057e-01  -3.5794900e-01  -4.4828212e-02   3.1706925e-02   1.3867060e-01   1.8329549e-01   4.8449487e-01   3.9703999e-01  -3.3859639e-01   8.8045356e-02   4.7920901e-03   7.9086290e-02   5.9653027e-02   8.2492785e-02   1.2560912e-02  -1.6873365e-01  -1.7026346e-01   3.7383990e-01  -2.5473338e-01  -1.9298954e-01   4.6708584e-01   4.7260752e-02   2.1685625e-01  -2.9884725e-02   2.2057599e-01   7.2851785e-02   2.8661417e-01  -3.8222530e-01   4.5342814e-02   2.9003764e-01   1.0211564e-02   8.8499473e-02   2.0193022e-01   2.0113064e-01   1.3139725e-01  -3.8644077e-01   2.4189683e-02  -1.7747863e-01   5.5907165e-02  -3.7930564e-01   5.4277914e-02  -3.3034671e-01   3.1021000e-01  -9.6390292e-02  -3.5211729e-01   2.4776902e-02   5.1947705e-04  -4.7675581e-02   2.1510404e-02   1.6694495e-01   2.3867789e-02   3.0124117e-01   3.3501258e-01   5.8589583e-01   5.4268870e-01  -1.3093789e-01   2.7756829e-01   1.0405080e-01  -1.0120098e-01  -2.5190059e-01   4.2152065e-01   6.4219814e-01  -4.9305210e-03   9.1637222e-02  -3.3472299e-01   3.7317296e-01  -2.6647446e-02  -7.3518863e-02   5.5281502e-01   1.1149457e-02  -3.6392077e-01  -2.4414088e-01  -4.8385825e-02   8.5725377e-02  -5.6576043e-02   3.1710351e-01  -2.0601192e-01   5.0130641e-01  -2.0257324e-01  -1.9309529e-01  -1.3754699e-01   1.8329657e-01   3.6347382e-02   2.5747186e-01   1.7436189e-01  -7.0655321e-02  -1.4126910e-01   1.3264171e-01  -3.4921401e-03   1.3115914e-01  -1.0397517e-01   3.2271470e-01  -2.9349980e-01   5.3346748e-02   2.5760686e-01  -4.0538504e-01   5.6212515e-02   4.1859553e-02   7.5221324e-02   9.5809035e-02   1.4497535e-01   1.2749239e-01   4.1323708e-02  -3.5448131e-01   4.2732588e-02   3.8953562e-02   2.2093995e-01   1.0621146e-01   2.9423283e-01   2.3738196e-01   1.5023405e-01   1.5855097e-01   5.9261677e-01   5.9362017e-01  -2.9469676e-01  -1.5579761e-01   5.1085421e-02   1.1961384e-01  -2.7623595e-01  -3.3669916e-01  -3.7368286e-01   5.1709000e-01  -2.2916711e-01  -1.6521487e-01   1.1088261e-01   4.6937466e-01
  -4.0907470e-01   8.0586774e-02  -2.6133171e-01  -2.4753122e-01   0.0000000e+00   3.3760128e-01   1.9818488e-01  -3.4068703e-01   9.8384271e-02   3.0853993e-01  -1.5136542e-01   2.7763163e-01   4.0267097e-01  -2.6278571e-01  -7.4811223e-02   4.2398241e-01  -3.2639716e-01  -1.7278676e-01  -2.5137740e-01   7.2393488e-01  -1.5921372e-01  -3.7488206e-01  -1.8821736e-01  -3.5179741e-01  -1.4251072e-02  -3.7258820e-01   6.4597700e-01  -5.4808171e-01   6.8851032e-02   2.1082531e-01  -1.9648891e-01  -2.4439770e-01   3.2244916e-01   2.1797565e-01   3.4289058e-01   6.2076782e-01   2.5675471e-01  -3.0266450e-01   4.5557459e-01   4.2744055e-01   4.7783948e-01   1.9799431e-01  -1.5316148e-02  -3.2628574e-01   3.2254094e-01  -4.4685945e-01   1.8284747e-01   2.7129725e-01   2.1218327e-01   1.5061338e-01  -1.3123073e-01  -3.6183606e-01   3.9820782e-01  -2.0068386e-01  -1.0064680e-01  -4.0153935e-01  -3.0039205e-01  -4.1733024e-01   1.0433046e-01   2.4802351e-01  -4.3636569e-01   2.4696448e-01  -4.4543149e-02  -2.0567218e-01   9.5167086e-02   3.3602502e-01   5.5618810e-01  -1.1587476e-01  -6.7701036e-02  -5.8431774e-03   1.3725408e-01  -1.5218724e-01   3.7062280e-01  -5.3089402e-01   9.1740696e-02  -3.2693369e-01  -4.7581731e-01  -3.5632095e-01   7.3718294e-01   3.9274671e-01  -4.0665013e-01   4.3063288e-01  -3.1131250e-01  -3.7721787e-01  -4.5941641e-01  -3.1868472e-01   2.8809220e-01  -3.3764954e-01   4.7595982e-02  -3.1537888e-01   6.1797925e-01  -4.1705589e-01   2.6607536e-01  -1.2124756e-01  -2.9053762e-01   7.2009105e-01   4.2693942e-01  -1.8165968e-01   5.5998218e-01   1.7536914e-01  -4.7121730e-01  -1.1701528e-01  -3.1838228e-01  -3.3864449e-01  -2.9593432e-01  -2.6439462e-01   3.1350305e-01  -2.1409415e-01   1.3825592e-01   4.6558755e-01   1.0564193e-01  -1.5005300e-01  -1.5266597e-01  -4.0743870e-01  -5.4597522e-01   5.2626780e-01  -3.1406515e-01   4.9793566e-01  -3.2619026e-01   3.1627016e-02  -4.1865856e-01   6.6871452e-01   1.3696065e-01   1.5590490e-01  -4.6508456e-01  -2.5071156e-01   2.0773501e-01   4.3605087e-02  -4.0308981e-01   5.7138097e-02   3.0132549e-01   2.7135620e-01  -4.7269793e-01  -2.1409020e-01  -3.5073928e-01  -3.2321221e-01   4.2189664e-01   1.1466486e-01  -3.6307346e-01  -3.9730082e-01  -4.0152366e-01   5.8368828e-02  -4.2473074e-01  -1.6407859e-01   1.3297887e-02  -3.3377943e-01   4.9817952e-02   2.3001561e-01   2.5005704e-01  -5.1409846e-02  -4.5101910e-01  -3.1728566e-01  -4.6049452e-01  -1.6815887e-01   3.5624571e-01  -3.0437688e-01  -4.9832820e-01   2.6615433e-01  -3.4880054e-01  -2.5655075e-01   1.5500134e-01  -3.1079316e-01  -1.2173409e-02  -3.7873081e-01  -2.7243749e-01   3.5529474e-01   1.2373005e-01  -2.5694866e-01  -4.8208996e-01   4.0183974e-01   5.2410541e-01   4.3648344e-02  -1.1373749e-01   2.1363610e-01  -2.4708426e-02   8.5825603e-02  -3.6247328e-01
  -6.1086433e-01   4.9237517e-01  -5.5627151e-02  -1.1749069e-01   3.3760128e-01   0.0000000e+00   7.1422428e-01  -4.3927379e-01  -3.6265772e-01   4.1705157e-01   8.3956433e-02   4.0425991e-01   3.0153197e-01  -4.7345242e-01   1.4645067e-01   7.2272074e-01  -1.8097835e-01   5.3249813e-02  -1.5615465e-01   6.7831095e-01   1.6868812e-01  -3.3197506e-01   2.4292860e-01  -4.5933852e-01  -1.0729272e-01  -2.8431950e-01   7.5139816e-01  -4.7846123e-01  -8.9792234e-02   1.2910693e-01  -5.4097313e-01  -2.9943362e-01   6.3168184e-01   4.6509450e-01   4.3763935e-01   5.5582100e-01   8.8396237e-02  -3.0421542e-01   6.7709744e-01   7.2387670e-01   4.1767266e-01   4.0926404e-01  -4.4729444e-01  -5.5167040e-01   1.5777725e-01  -5.0884845e-01   4.0338369e-01   3.5295661e-01   1.5868811e-01   4.8694618e-01   2.5950556e-01  -3.4040209e-01   2.1055965e-01   1.7004443e-01  -1.6784934e-01  -2.2873183e-01   1.8430938e-01  -5.4464632e-01   2.5034346e-01   2.7083400e-01  -4.6973415e-01   3.6863030e-01  -2.6358214e-01  -4.7398554e-01  -4.8619494e-01   5.2004333e-01   8.4209851e-01  -1.0526635e-01   1.3198704e-01   4.9951853e-01   2.6576473e-01  -1.4291061e-01   5.0036876e-01  -4.2087672e-01  -1.7542879e-01  -5.4581619e-01  -4.4944431e-01  -3.9520935e-01   2.7236297e-01   4.2750574e-01  -3.3859123e-02   5.5105599e-01  -5.6848740e-02  -3.6083238e-01  -4.0089961e-01  -4.7501055e-01  -7.0826193e-02  -5.7519239e-01  -3.2222969e-01  -3.9058599e-01   8.8370885e-02  -4.6921401e-01   6.3772950e-01  -4.2879585e-01  -3.8072371e-01   4.4105959e-01   4.5341240e-01  -2.1774347e-01   4.7931740e-01   4.1143428e-01  -5.3422451e-01  -2.7121235e-01  -2.6765935e-01  -3.7582007e-01  -6.2902392e-03  -2.9040290e-01   4.7954070e-01  -1.9195684e-01   3.9692850e-01   6.1285116e-01   6.0028850e-01   1.9688163e-01  -2.9933783e-01  -4.8478957e-01  -1.8118704e-01   3.4669128e-02  -2.2172402e-01   4.0858526e-01   7.0645435e-02   1.9785285e-01  -5.6715410e-01   1.5843339e-01   2.9797846e-01  -3.1554936e-01  -5.1867397e-01  -1.5822114e-01   2.3681282e-02   1.1082401e-01  -5.7670558e-01   5.4140816e-01   4.0333333e-01   1.8847199e-01  -5.9382170e-01  -2.7174565e-01  -4.7691330e-01  -4.7863751e-01   4.8629872e-01   4.9936662e-01  -4.1416301e-01  -5.8261836e-01  -5.8353088e-01  -6.2421809e-02  -2.9444775e-01   2.6893076e-01   2.5576132e-01  -4.9197114e-01   4.2217447e-01   6.6546970e-02   6.8796601e-01  -2.8540158e-01  -5.5989311e-01  -4.6298464e-01  -5.5779158e-01  -4.8572179e-01   4.3967051e-01  -4.7504353e-01  -4.3342805e-01   4.0272233e-01  -4.3032087e-01   1.5668386e-01  -1.0099517e-01  -3.7489580e-01  -6.0696156e-03  -1.3020832e-01  -1.7268448e-01   3.2107469e-01   4.0996807e-01  -2.9605098e-01  -5.3247063e-01   2.5759374e-01   8.4448110e-02  -2.8713053e-02  -2.8139600e-01   4.4976578e-01  -5.9281736e-02   2.7158844e-01  -4.8976069e-01
  -5.1079885e-01   3.9109163e-01  -3.9116703e-01  -1.1940009e-01   1.9818488e-01   7.1422428e-01   0.0000000e+00  -6.1981823e-01  -3.1940273e-01   6.3174501e-01   2.4748657e-01   2.2692572e-01   3.2097646e-01  -3.2243095e-01   3.8313548e-01   6.9062599e-01  -4.7037889e-01   3.0738554e-01  -2.5982232e-01   4.8689280e-01   2.7264904e-01  -3.1215554e-01   3.4075234e-01  -4.5713206e-01  -1.2224087e-01  -4.9332023e-01   5.8162145e-01  -4.8040716e-01  -1.5100211e-01   3.4992834e-01  -4.6138540e-01  -3.8009828e-01   5.8779880e-01   5.9523699e-01   3.7747925e-01   5.3605361e-01   2.0951583e-01  -3.8321814e-01   6.3140608e-01   4.7028432e-01   4.4805876e-01   3.1062302e-01  -4.5974048e-01  -5.9359693e-01   4.5342854e-01  -5.9312561e-01   5.1249100e-01   5.1706419e-01   1.8315945e-01   1.8396488e-01   4.3098280e-01  -5.3173552e-01   2.2111534e-01   1.5375872e-02  -1.5556061e-01  -2.1697300e-01  -5.3515025e-02  -5.7188879e-01   3.3677557e-01   1.6962838e-01  -5.8927380e-01   3.6086665e-01  -3.0595553e-01  -5.3320332e-01  -3.9449158e-01   5.9829259e-01   5.7237606e-01   4.9552135e-02   5.5294090e-02   1.8904499e-01   3.9166761e-02   9.3958657e-03   4.4785153e-01  -5.2493324e-01  -3.5523765e-01  -6.6173947e-01  -5.8451263e-01  -4.4680954e-01   2.1133689e-01   3.3258978e-01   6.0765375e-02   5.3418971e-01  -5.9360764e-02  -6.0496520e-01  -4.3140500e-01  -5.2977166e-01  -8.0149185e-03  -4.8679688e-01  -4.1245641e-01  -3.2188419e-01   2.2044805e-02  -6.1851533e-01   4.0220219e-01  -4.0635130e-01  -4.5163169e-01   1.2934300e-01   3.8132133e-01  -4.6794710e-01   4.6768953e-01   7.3400698e-01  -6.3684578e-01  -2.6697912e-01  -2.2587292e-01  -2.7545010e-01   1.6187103e-01  -4.3397963e-01   3.0413894e-01  -4.2641912e-01   5.8082184e-01   5.8934098e-01   5.2395131e-01   2.4184338e-01  -2.5742246e-01  -3.9951805e-01  -1.5842594e-01  -1.0155632e-01  -3.5394280e-01   3.6099200e-01  -1.1471085e-01   2.5416362e-01  -5.2471371e-01   1.6622781e-01   2.9310913e-01  -7.0114533e-02  -6.0244261e-01  -2.7925823e-01   1.9524663e-01  -1.7469311e-02  -6.3830269e-01   2.3150616e-01   4.2242528e-01   5.5023596e-01  -5.8869063e-01  -3.0130804e-02  -4.6772684e-01  -5.8730902e-01   4.1125658e-01   5.1294819e-01  -5.8090464e-01  -5.0385609e-01  -4.6688431e-01  -1.4114461e-01  -2.8731149e-01   2.7745887e-02   5.6225496e-01  -3.8978523e-01   4.1553380e-01   1.9987171e-01   6.9480180e-01   6.5143952e-02  -6.2772610e-01  -4.6087699e-01  -5.7890214e-01  -3.8734051e-01   6.9747380e-02  -4.0613119e-01  -4.4589062e-01   4.8374353e-01  -5.6851229e-01   2.8081442e-01  -1.1039893e-01  -4.3752389e-01   2.0824496e-01   1.5644833e-02  -2.7079551e-01   3.8805572e-01   4.9664075e-01  -3.0572960e-01  -5.0418042e-01   1.8647286e-01   2.2949764e-03   6.9593707e-02  -8.9203924e-02   1.6127492e-01  -1.1120268e-01   1.8953046e-01  -5.6943164e-01
   4.8656606e-01  -2.9486180e-01   4.0237968e-01   1.4977957e-01  -3.4068703e-01  -4.3927379e-01  -6.1981823e-01   0.0000000e+00   3.6130393e-01  -4.0424210e-01  -1.6051885e-01  -1.4378117e-01  -6.7765363e-01   3.1402623e-01  -2.9677637e-01  -6.6945315e-01   5.4659664e-01  -1.2914054e-01   4.2897107e-01  -5.1381838e-01  -2.6479764e-01   4.1076761e-01  -2.8579342e-01   4.7472926e-01   1.6561150e-01   8.1077127e-01  -4.3972389e-01   6.8868589e-01  -8.1688476e-02  -1.3706190e-01   6.0479444e-01   4.3600893e-01  -5.8829682e-01  -3.2573598e-01  -2.0257040e-01  -5.5429032e-01  -3.4842879e-01   5.1698743e-01  -6.7197353e-01  -4.4425087e-01  -7.2179078e-01  -3.8690327e-01   4.2198466e-01   7.6389286e-01  -4.1947542e-01   6.9327803e-01  -5.0625660e-01  -1.8839973e-01  -3.2924973e-01  -3.1810906e-01  -3.6149937e-01   7.9376966e-01  -8.3915245e-02  -4.2597424e-02  -9.0598254e-02   4.8522307e-01   2.2454220e-01   6.4188238e-01  -4.7843512e-01  -6.1662391e-02   6.7474279e-01  -4.7973239e-01   2.0309768e-01   7.4955245e-01   4.7012253e-01  -4.5090966e-01  -4.3443222e-01   4.9410394e-02   2.0639463e-01  -6.9190544e-02  -4.8529922e-02  -6.4669425e-02  -5.0046053e-01   4.8544863e-01   1.9879096e-01   8.3879631e-01   6.9345283e-01   4.8703809e-01  -2.3952354e-01  -4.4286529e-01   1.8991067e-01  -6.2152720e-01   2.5596601e-01   7.4187416e-01   4.1735842e-01   6.7316016e-01   1.1513808e-01   3.2126925e-01   3.2184552e-01   4.2248238e-01  -6.2891594e-02   6.6394957e-01  -2.9806170e-01   4.0408351e-01   4.5595072e-01  -3.0502165e-01  -6.0710212e-01   6.2952387e-01  -5.0077176e-01  -5.1776745e-01   6.7992538e-01   4.3947389e-01   3.8382257e-01   2.6104894e-01  -1.3652195e-01   5.3474095e-01  -4.0103343e-01   7.1973495e-01  -6.3654093e-01  -4.5055165e-01  -2.6811816e-01  -2.7194334e-01   2.2944209e-01   4.3491338e-01   2.3345749e-01  -1.0688508e-01   5.3328230e-01  -6.2275393e-01   2.3115887e-01  -2.5146227e-01   4.8930289e-01  -2.8449281e-01  -2.8456107e-01   2.2441292e-01   6.8901381e-01   2.1085473e-01  -2.2274579e-01  -2.0141263e-01   5.4800856e-01  -1.7795778e-01  -5.9681691e-01  -4.3002279e-01   5.4187060e-01   1.5581134e-01   4.6809843e-01   8.6312029e-01  -5.8411980e-01  -1.7359749e-01   7.9387753e-01   5.0815647e-01   4.5983372e-01  -1.8316012e-01   3.8862618e-01  -5.5663338e-02  -3.5380650e-01   5.4169536e-01  -2.4848519e-01  -1.4461064e-01  -6.0722497e-01   4.5251230e-02   6.1140552e-01   7.4185085e-01   5.9298848e-01   4.2027005e-01  -1.3499953e-01   4.3321367e-01   4.9239773e-01  -5.8796280e-01   5.6750067e-01  -6.7525642e-02  -2.3723900e-02   6.0363882e-01  -1.1657239e-01   3.9157429e-03   4.4992270e-01  -2.7645594e-01  -3.5136833e-01   4.7600198e-01   5.0861328e-01  -6.8333733e-02  -2.6056764e-02  -2.9492537e-01   1.2511349e-01  -2.6190601e-01   3.0224424e-01  -2.9107201e-01   6.9461828e-01
   3.1044702e-01  -2.9170829e-01   1.6785743e-01  -9.6574658e-02   9.8384271e-02  -3.6265772e-01  -3.1940273e-01   3.6130393e-01   0.0000000e+00  -2.2867104e-02  -3.6689785e-01   1.3929228e-01  -2.2092634e-01   4.4368840e-01  -1.8125757e-01  -4.1934790e-01   2.0028583e-01  -3.3654767e-01   2.3862091e-01  -2.6822489e-01  -3.6252812e-01   1.6117240e-01  -3.2636953e-01   2.4605440e-01   1.1767774e-01   2.8604576e-01  -1.7444892e-01   2.0680508e-01   2.5418731e-02   1.4064081e-01   3.7791251e-01   7.3536577e-02  -4.4796808e-01  -1.0935508e-01   1.5007304e-01  -3.2858295e-01  -1.5638955e-01   1.4749798e-01  -4.0857612e-01  -1.7334512e-01  -3.1275331e-01  -4.0096757e-01   7.2649892e-01   2.6799609e-01  -4.2403522e-02   2.4637959e-01  -5.4282199e-01   3.1548116e-02  -1.5053224e-01  -2.7130895e-01  -3.9802181e-01   2.6662722e-01   2.8474375e-01  -1.1333534e-01   1.1626676e-01  -1.2464435e-01  -1.6266754e-01   2.8014178e-01  -2.8007303e-01   2.8379670e-01   3.0060993e-01  -1.0999408e-01   5.8902627e-01   4.3572766e-01   4.8702130e-01  -2.0204470e-01  -2.9483030e-01  -1.7850600e-01  -2.3114573e-01  -1.0331999e-01   5.1623684e-02  -2.1518912e-01  -1.2451984e-01   1.3904104e-01   2.2415447e-01   4.0789943e-01   2.0816457e-01   9.3508510e-02   2.1897875e-01  -1.5732626e-01  -2.0575185e-01  -2.1604683e-01  -2.0338596e-01   2.8714439e-01   1.9569453e-01   2.4048704e-01   5.1081096e-01   2.6446556e-01   5.8941712e-01   1.9175913e-01   3.7790429e-01   2.9290549e-01  -2.4145381e-01   5.3910999e-01   1.1491573e-01  -8.6759098e-02  -3.8594145e-01   2.6362982e-01  -1.1171760e-01  -1.8475014e-01   3.0498006e-01   2.5632076e-01  -4.9400217e-02   3.9679013e-01  -3.5409721e-01   1.7653758e-01  -1.4399322e-01   2.6965128e-01  -3.7658646e-01  -3.5802489e-01  -3.4400719e-01  -4.2773563e-01   1.3925800e-01   2.5295467e-01   9.2173042e-02   2.0963011e-01   8.3547384e-02  -1.7656155e-01  -1.1045446e-01  -2.0220809e-01   1.3046417e-01   2.9702844e-01   1.3548597e-01   3.8105421e-01   2.3607278e-01   3.2343666e-01  -3.1500904e-02  -1.0276586e-02   3.0972284e-01  -1.9971555e-01  -2.9681530e-01  -1.4936013e-01   3.0401607e-01   1.6753457e-01   5.1216685e-01   3.5743130e-01  -2.9109356e-01  -7.8256815e-02   2.5961680e-01   1.2650969e-01   3.4711089e-01  -1.0497322e-01  -8.3343669e-02  -2.2365555e-01  -1.1528828e-01   1.1756577e-01  -3.1911185e-02  -9.8835323e-02  -4.9634585e-01   5.6550140e-02   3.7038596e-01   2.3182477e-01   2.1826047e-01   3.3255688e-01   8.4390396e-02   2.0892513e-01   6.8719174e-02  -2.9584895e-01   2.5174866e-01  -3.9863732e-01  -1.7508571e-02   2.8611892e-01  -1.3595349e-01  -3.5521942e-01   1.0660958e-01   1.1193628e-02  -4.3665557e-01   6.2047880e-02   1.9524890e-01   1.1900827e-03   3.1932655e-01  -2.9594039e-01  -2.2239570e-02  -2.2121720e-01   1.7161189e-01  -2.1440311e-01   3.3796647e-01
  -4.4586771e-01   1.7907550e-01  -4.2580129e-01  -1.0569591e-01   3.0853993e-01   4.1705157e-01   6.3174501e-01  -4.0424210e-01  -2.2867104e-02   0.0000000e+00   1.2625225e-01   3.5874948e-01   2.6271763e-01  -2.6951076e-01   1.2504341e-01   4.5400567e-01  -5.1671763e-01   1.9089283e-01  -1.8936588e-01   3.8013109e-01   1.2873410e-01  -3.7931509e-01   2.1857624e-02  -4.2142201e-01  -1.1871242e-01  -3.4649007e-01   4.3882454e-01  -4.3431170e-01   5.2894347e-02   2.5609165e-01  -2.1853452e-01  -2.8447965e-01   3.8295305e-01   6.1588851e-01   3.2485756e-01   3.9071852e-01   2.4267884e-01  -4.3816243e-01   4.3501885e-01   3.2311585e-01   3.6551398e-01   2.2437762e-01  -1.4406005e-01  -4.0833129e-01   5.7143147e-01  -5.6391925e-01   2.4038696e-01   5.0554350e-01   2.3837442e-01  -1.3729651e-02   2.8658869e-01  -3.5775876e-01   4.2953588e-01  -1.9277556e-01  -1.7837709e-01  -1.9434220e-01  -1.8268256e-01  -4.2164186e-01   1.9990935e-01   2.2446204e-01  -5.6117503e-01   4.4789613e-01  -1.0351857e-01  -2.0063861e-01  -1.2019856e-01   5.5818140e-01   3.1256280e-01  -1.5076074e-04  -2.0699914e-01  -5.3166741e-02   7.7427717e-02  -8.5464176e-02   4.0549697e-01  -5.8044169e-01  -2.6975408e-01  -5.0974835e-01  -5.7564948e-01  -3.8727439e-01   5.3168386e-01   2.0282622e-01  -2.4569530e-01   3.4231434e-01  -7.0648148e-02  -4.0351211e-01  -4.8309876e-01  -4.1987754e-01   1.6372756e-01  -5.3338463e-01  -1.5124918e-01  -3.5163924e-01   3.0867056e-01  -5.9240188e-01   3.2606211e-01  -2.2970846e-01  -4.5029971e-01   2.1175944e-01   2.0405786e-01  -3.0726845e-01   4.2905312e-01   6.6511008e-01  -6.0941837e-01  -4.3218821e-02  -3.8150513e-01  -2.4856616e-01   1.6720064e-02  -3.1512390e-01   2.4766945e-02  -2.5925206e-01   3.8917871e-01   4.7766809e-01   3.7138345e-01  -8.3774485e-02  -2.6050586e-01  -4.0815453e-01  -4.1596878e-01   2.1475684e-01  -3.4348817e-01   3.3990655e-01  -2.9883451e-01   9.7596893e-02  -4.7209077e-01   4.4672315e-01   2.7122639e-01   1.8315363e-01  -5.7308169e-01  -4.2063668e-01   1.8367400e-01  -1.6158052e-01  -4.2354926e-01  -2.0468528e-02   3.9019025e-01   6.4568498e-01  -5.1053610e-01   8.8398382e-02  -2.8113470e-01  -4.6222242e-01   2.6543074e-01   3.6704954e-01  -3.9081517e-01  -4.6548225e-01  -3.9786918e-01  -3.9829745e-03  -2.5223221e-01  -1.5804135e-01   5.0688780e-01  -3.2651110e-01   2.6529354e-01   1.9792942e-01   4.3365827e-01   2.4590787e-01  -5.6581821e-01  -3.7999733e-01  -5.4488894e-01  -1.0197302e-01   1.2672790e-01  -3.9334536e-01  -4.9466437e-01   2.8441720e-01  -5.1560647e-01  -1.2472317e-01   1.0446052e-01  -1.7714869e-01   2.4337906e-01  -1.3336207e-01  -1.5915387e-01   5.2570820e-01   4.6112573e-01  -2.2559287e-01  -4.5464504e-01   3.1742507e-01   2.9755477e-01   1.9711975e-02  -7.9356235e-02  -8.1534944e-02  -1.9211268e-01   9.4068774e-02  -4.0742075e-01
  -5.9977871e-02  -1.5951563e-01  -3.8824496e-01   2.8783462e-01  -1.5136542e-01   8.3956433e-02   2.4748657e-01  -1.6051885e-01  -3.6689785e-01   1.2625225e-01   0.0000000e+00  -3.8371674e-01   1.0749815e-01  -1.5653659e-01   3.2224220e-01   7.9815738e-02  -2.6747449e-01   7.6376540e-01  -5.4905330e-02  -1.7107338e-02   2.4749338e-01   2.0738672e-01   2.6407501e-01  -3.5142175e-02  -1.6914252e-01  -5.8989072e-02  -7.7488132e-02   1.1266579e-01   1.6911469e-03   2.4542849e-01   2.8234474e-02   1.6953519e-01  -2.8441586e-02  -8.5301521e-02  -3.0298904e-01   3.6637230e-01  -4.9110498e-02  -1.9693596e-01   8.8883609e-02  -2.3933493e-01   2.2171332e-01  -1.4201607e-01  -3.2671730e-01   1.3832103e-02   2.9438826e-01  -1.7086265e-01   6.5232725e-01   1.8222056e-02  -1.6329273e-02  -2.3600232e-01   6.5781223e-01  -3.3811329e-02  -2.8755602e-01  -1.8402390e-01  -2.3047402e-03   2.6465352e-01  -1.5948223e-01   1.0383117e-01   3.1361072e-01  -3.1886930e-01  -1.6852482e-01  -6.9570909e-04  -1.4862521e-01  -8.8214451e-03   7.8346781e-02   5.2653130e-01  -9.5945697e-02   2.5049586e-02   3.7160980e-01  -2.9416925e-01  -3.4927679e-01   5.4201926e-01   1.4035201e-01   9.1215698e-03  -3.4299932e-01  -2.4098292e-01  -1.9616002e-01   1.1529558e-01  -2.8674542e-01  -2.2234753e-02   2.9896449e-01   1.5170261e-01   1.2826169e-01   1.2323065e-02   1.1594009e-02  -1.4796773e-01  -3.4135351e-01  -1.2167905e-01  -2.5685088e-01   4.3451874e-02  -2.8522225e-01  -2.4821844e-01  -1.1466736e-01  -1.3049215e-01  -1.7093116e-01  -1.8649511e-01   1.8447585e-01  -1.7013396e-01   2.7030979e-01   3.3754669e-01  -1.7975912e-01   2.3219787e-01   6.1614108e-02   3.6782557e-02   6.5009248e-01   1.0174655e-01  -1.9096789e-01   2.0544159e-02   3.7766083e-01   2.2929779e-01   1.6013552e-01   3.6772437e-01   1.1630221e-01  -1.1408327e-01   3.2067109e-02  -3.1802623e-01   1.7259995e-01   4.9809178e-02  -2.3032634e-01   2.1673337e-01  -5.5027799e-02  -2.7978462e-01  -2.8555600e-01   6.9649072e-02  -1.8245289e-01  -1.4113465e-01   4.9964014e-01  -2.0562746e-01   1.0179594e-01  -2.5400755e-01   2.1586230e-01   3.1987152e-01  -7.1260845e-02   9.9478483e-02   1.2994206e-04  -1.6134803e-01  -2.8661742e-02  -1.1928172e-02  -9.3243030e-02  -8.4474160e-02  -4.8763318e-02  -1.2449232e-02   4.7628476e-01  -2.7455686e-01   2.8927797e-01   1.8172795e-01  -2.0270242e-01   6.2690976e-01   4.2085992e-01   1.6888101e-01  -8.2198584e-02  -4.9256669e-02  -5.9096566e-02   2.8949742e-01  -4.4526766e-01   1.8302846e-02  -4.6539111e-02   4.2640900e-01  -2.0448807e-01   3.2312578e-01   1.6147851e-01   2.0600008e-01   5.9910603e-01   5.0846402e-01   1.3949082e-01  -1.2262253e-01   4.7474980e-01   5.4131215e-02   4.2533459e-02  -1.3480048e-01  -2.8289135e-01  -4.5159949e-02   5.3228444e-01  -2.8125871e-01  -2.3551648e-01   1.0538528e-01   2.5025530e-02
  -4.5735980e-01   3.4911707e-01   3.0862411e-01  -3.7839795e-01   2.7763163e-01   4.0425991e-01   2.2692572e-01  -1.4378117e-01   1.3929228e-01   3.5874948e-01  -3.8371674e-01   0.0000000e+00   2.0392679e-01  -2.8114825e-01  -6.5812394e-02   3.1570485e-01   1.0410526e-01  -4.3520104e-01   4.2709730e-02   3.9321473e-01  -3.2760463e-01  -5.0966747e-01  -2.8133918e-01  -4.1142847e-01   2.3014912e-03  -1.6590619e-01   4.0298485e-01  -4.2582168e-01  -4.2014469e-02  -1.2024971e-01  -1.7241290e-01  -2.2413013e-01   3.3258279e-01   5.7510973e-01   5.9219437e-01   5.8002503e-02  -5.0325855e-02  -2.3635595e-01   3.0199437e-01   5.7202285e-01   1.5441717e-01   2.2472566e-01   1.5494273e-01  -3.3502839e-01  -1.1062138e-01  -2.9463105e-01  -2.1563306e-01   3.0013913e-01  -9.1507454e-02   4.2241136e-01  -3.4288699e-01  -1.4657050e-01   6.3323128e-01   1.8362089e-01  -2.0563097e-01  -2.3229434e-01   6.2436564e-02  -4.1668343e-01  -2.7640983e-02   6.9801816e-01  -3.1836423e-01   2.1226424e-01   1.4494638e-01  -5.6695550e-02  -2.3126207e-01   3.6558823e-02   3.9599893e-01  -3.3294006e-02  -4.0812299e-01   5.9442212e-01   6.0367323e-01  -5.8602695e-01   2.7017473e-01  -3.5554769e-01   1.8738819e-01  -2.0323113e-01  -2.6904473e-01  -3.8988060e-01   5.4800369e-01   2.7083407e-01  -3.9138265e-01   2.1425176e-01  -1.4354040e-01  -2.6325293e-01  -3.6353237e-01  -1.2662749e-01   3.5185532e-01  -3.6066632e-01   2.1354187e-01  -3.8396293e-01   4.1658496e-01  -1.9395688e-01   6.9978963e-01  -2.9672122e-01  -2.4774343e-01   4.2681059e-01   5.1297676e-02   4.9049065e-02   2.3207969e-01  -4.6430042e-02  -3.1748394e-01  -6.2926224e-02  -2.6265475e-01  -3.5651225e-01  -5.2269058e-01  -2.2223048e-01   3.8821394e-01  -2.0686388e-01  -1.8045694e-01   1.9616000e-01   4.6061114e-01  -3.0432308e-01  -4.0803176e-01  -3.9166555e-01  -3.5031439e-01   4.1197194e-01  -3.0575874e-01   3.7316006e-01   8.7213503e-02  -2.7933827e-01  -3.9921045e-01   4.3982701e-01   4.3805202e-01  -8.7619757e-02  -2.8135362e-01  -5.9769964e-02  -2.3665774e-01   2.8112805e-01  -4.1154740e-01   5.4101172e-01   2.8516267e-01   4.7856315e-02  -3.4328331e-01  -7.5110125e-02  -2.0762829e-01  -1.6949126e-01   3.2941901e-01   3.8400057e-01  -9.3855216e-02  -3.8336841e-01  -4.1642269e-01  -9.8079619e-03  -3.4158676e-01   3.2474900e-01   6.5726622e-02  -2.7719393e-01   6.7188677e-01  -2.4357877e-01   8.6012363e-02  -3.9901511e-01  -2.9260747e-01  -1.9370962e-01  -3.6300952e-01  -2.0050598e-01   8.0142493e-01  -4.1490899e-01  -4.2145497e-01  -1.9913356e-02  -2.3647522e-01  -3.0136474e-01  -1.0044383e-01  -1.2717769e-01  -3.0561294e-01  -5.2268033e-01  -2.9679397e-01   4.7095499e-01   1.9578299e-01  -2.8469338e-01  -4.5087281e-01   3.9367773e-01   5.8520041e-01   5.5982090e-02  -6.0607992e-01   2.7685242e-01   1.6219594e-01   9.0248585e-03  -3.7177329e-01
  -4.1560443e-01   3.6080535e-02  -2.7871457e-01  -1.4290835e-01   4.0267097e-01   3.0153197e-01   3.2097646e-01  -6.7765363e-01  -2.2092634e-01   2.6271763e-01   1.0749815e-01   2.0392679e-01   0.0000000e+00  -3.2206213e-01   8.1792497e-02   5.5962012e-01  -3.8098768e-01   3.2003532e-02  -3.6737290e-01   5.8005505e-01   2.6253891e-02  -3.9598261e-01   1.3776081e-01  -4.0418435e-01  -2.1864825e-01  -5.8760247e-01   3.4587503e-01  -5.6055727e-01   1.0553693e-01  -8.5054549e-02  -5.9429042e-01  -3.0539567e-01   4.5899607e-01   8.5900945e-02   1.9339049e-01   5.2489169e-01   1.3298220e-01  -5.0827490e-01   5.6306688e-01   4.1701657e-01   7.7852115e-01   4.2929726e-01  -2.8565009e-01  -5.8589123e-01   2.4221106e-01  -6.1333524e-01   3.2353861e-01  -7.2054785e-02   2.1807419e-01   4.1887849e-01   2.0939651e-01  -6.0381084e-01   7.4517298e-04   9.6147299e-02   6.5615089e-02  -4.4456811e-01  -3.1562983e-01  -4.6298394e-01   3.1701071e-01   7.0062264e-02  -5.5811750e-01   3.4165391e-01  -7.5776835e-02  -6.5295762e-01  -3.4751158e-01   3.3917747e-01   3.3123505e-01  -7.8625985e-02  -2.8569089e-01   1.3681147e-01  -1.2331381e-01  -3.5595454e-02   4.0960866e-01  -4.0075323e-01   9.3928218e-03  -7.0783617e-01  -6.1729009e-01  -4.1507785e-01   2.1538758e-01   4.7480583e-01  -2.7476458e-01   4.3669593e-01  -3.9721848e-01  -4.6086438e-01  -3.9852474e-01  -6.3503446e-01  -1.9811264e-01  -1.4387394e-01  -1.1501683e-01  -3.6620116e-01   2.2487215e-02  -4.9140780e-01   2.6549363e-01  -1.5970532e-01  -4.1131416e-01   4.4371813e-01   6.2193030e-01  -4.9042228e-01   4.4014459e-01   2.6089917e-01  -5.7234952e-01  -3.8945737e-01  -4.7812289e-01  -3.7635536e-01   4.1735289e-03  -4.4058523e-01   3.6365279e-01  -5.9273498e-01   4.0497451e-01   2.0851651e-01   1.4354893e-01   1.1318217e-01  -1.1555158e-01  -3.9840975e-01  -2.3361818e-01   9.1795631e-02  -4.1370154e-01   7.1068579e-01  -2.9970744e-01   2.2658657e-01  -4.3321663e-01   2.8723543e-01   2.5228067e-01  -3.4070552e-01  -5.9689712e-01  -1.9526361e-01   9.6263018e-02   2.3653991e-01  -3.7999402e-01   1.8950136e-01   5.9892356e-01   1.6467070e-01  -4.4526959e-01  -3.0003546e-01  -3.7136873e-01  -7.0505288e-01   5.4951197e-01   4.0861467e-02  -6.6416170e-01  -4.6448249e-01  -4.2936439e-01   4.3433951e-01  -3.7200368e-01   9.9826483e-02   1.4101253e-01  -5.9914461e-01   7.5826443e-02  -2.7579995e-02   4.0690803e-01  -1.8614169e-01  -4.7774057e-01  -6.3243332e-01  -4.5395857e-01  -4.5411831e-01   2.8644779e-01  -3.9352489e-01  -4.9932558e-01   4.9903113e-01  -3.6523669e-01  -8.9327836e-02   1.7678730e-01  -5.1545772e-01   5.2539925e-02  -1.9455718e-01  -3.0151827e-01   6.7663860e-02   2.8967580e-01  -2.9011130e-01  -4.3290196e-01  -4.4690438e-02   1.7004580e-02   3.3951983e-01  -1.7954103e-01   2.4627745e-01  -2.8976573e-01   2.9616744e-01  -4.9711698e-01
   6.3601635e-01  -2.7482882e-01   8.0611028e-02   1.4704126e-01  -2.6278571e-01  -4.7345242e-01  -3.2243095e-01   3.1402623e-01   4.4368840e-01  -2.6951076e-01  -1.5653659e-01  -2.8114825e-01  -3.2206213e-01   0.0000000e+00   3.5829183e-02  -5.0445662e-01   1.8063482e-01   9.1057993e-03   2.2423650e-01  -5.3524015e-01  -1.2275623e-01   2.7982795e-01  -1.8156391e-01   5.3056416e-01   1.7917402e-01   1.9216589e-01  -4.3925671e-01   4.1992529e-01   1.4095550e-01   2.8042034e-01   3.8651819e-01   1.0767158e-01  -4.6255305e-01  -3.7140298e-01  -1.9344723e-01  -3.3162364e-01  -7.3132119e-02   2.9705561e-01  -5.1872031e-01  -4.4946682e-01  -3.8878946e-01  -3.0497630e-01   4.9709990e-01   2.9855570e-01  -3.9946889e-02   4.0548979e-01  -2.8267749e-01  -9.0396559e-02  -2.0603420e-01  -4.1949544e-01  -1.1364248e-01   2.3914128e-01  -1.2369009e-01  -9.4332761e-02   2.2552708e-01   2.5651839e-02  -7.6048572e-02   3.4124188e-01  -1.8302821e-01   2.0151185e-02   4.5163995e-01  -2.0274046e-01   4.7637028e-01   2.9540211e-01   4.2618363e-01  -2.3105405e-01  -5.3004706e-01  -1.6629882e-01  -1.4751965e-01  -2.3552638e-01  -2.2425850e-01   6.6474382e-02  -3.0508597e-01   4.8682821e-01   8.2903702e-02   3.6388769e-01   3.3414817e-01   1.9375991e-01  -3.0944449e-01  -3.0896639e-01  -3.0365723e-02  -3.8770301e-01  -1.2122232e-01   2.7432002e-01   5.8415994e-01   1.6828734e-01   2.4668811e-01   5.5148553e-01   2.8118271e-01   4.4722026e-01  -6.5492609e-02   3.9831791e-01  -5.8290053e-01   5.1493774e-01   1.9315880e-01  -4.0613407e-01  -3.9163745e-01   1.2752017e-01  -2.6176002e-01  -2.2458118e-01   5.5079945e-01   2.0976281e-01   5.2059558e-02   5.9605380e-01  -5.0761098e-02   2.7279779e-01  -2.2525363e-01   1.7354313e-01  -2.7813454e-01  -3.4667798e-01  -4.6877974e-01  -1.5648010e-01   3.0116822e-01   5.1351974e-01   3.5451955e-01  -2.1064801e-01   1.3282302e-01  -3.4145740e-01  -8.2717723e-02  -7.8645550e-02   4.3587649e-01  -1.3297653e-01   1.2322591e-02   3.0031524e-01   4.4628413e-01   5.3078369e-01   2.5855546e-02  -1.6611013e-01   4.1842939e-01  -3.1856982e-01  -5.0470825e-01  -2.3649552e-01   6.7130136e-01   3.1465105e-01   5.2687087e-01   3.1900734e-01  -4.4897658e-01  -2.0208752e-01   1.9126919e-01   3.6756115e-01   6.7873717e-01  -8.8332111e-02   1.5078242e-01  -2.5704129e-01  -4.2865788e-02   2.4207446e-01  -3.1332649e-01   2.5852334e-02  -4.7044582e-01   1.9640339e-01   5.7771364e-01   3.2565768e-01   4.6298926e-01   2.2340070e-01  -3.5637264e-01   4.8808517e-01   3.7556839e-01  -2.4980946e-01   3.7153294e-01  -2.2067875e-01  -4.8698570e-03   2.3800658e-01   1.3458734e-01   2.1841357e-02   1.4401115e-01  -3.9965081e-01  -3.1480044e-01   1.8238850e-01   4.7388442e-01  -2.9927074e-01  -1.4313585e-01  -2.9424779e-01   2.1577942e-01  -3.4495580e-01   1.3560050e-02  -2.1542798e-01   3.9536286e-01
