   0.0000000e+00  -1.6694993e-01  -2.4894227e-01   1.5991827e-01  -3.7821412e-02   1.7466491e-01  -1.5817698e-01   2.1407737e-01  -2.4130910e-01   1.3329954e-01   1.1710680e-01  -2.1693970e-01   9.8557828e-02   5.2419625e-01  -9.0541832e-02  -6.6480841e-02  -2.4596542e-02   8.9965120e-03   7.5912821e-02  -8.0598915e-03   1.0092125e-01   1.7977425e-01   7.8357658e-02   5.2290752e-01  -3.0371140e-02   4.2084717e-01  -5.7795282e-02   1.8577771e-01  -6.8776514e-02   1.9526030e-01  -9.8146530e-02   1.0789061e-01  -1.2858636e-01  -2.1425491e-01  -3.0849282e-01   2.6257610e-01   4.7530007e-02  -9.4500698e-03   4.9110360e-02  -2.8724909e-01   3.1073701e-01  -5.7848847e-02  -1.6799454e-01   1.3411549e-01  -2.5967215e-01   4.2721161e-01   1.4111655e-01  -1.6894985e-01   1.1737310e-01  -2.7415518e-01   1.6317145e-02   2.7514387e-01  -2.9307022e-01   4.4256487e-02   7.3995671e-02   1.1694500e-01   1.3878759e-01   2.0023693e-01   3.3456363e-01  -1.7035460e-01   7.6783311e-02  -9.1430588e-02  -1.1646412e-01  -1.1089727e-01  -1.6952666e-01  -4.7826914e-02   7.7368433e-02   3.2591313e-02   1.6047942e-01   8.8564598e-02  -2.8984887e-01   1.4686153e-01   2.1043790e-01   3.8416309e-01   1.1849547e-01  -2.0016250e-02   1.3781334e-01   7.5761560e-02  -2.0833046e-01   4.2996363e-02   1.2264594e-01   2.1340753e-01  -1.0174120e-01   3.4356837e-01   2.6474421e-01  -1.0370344e-02  -2.3557461e-02   3.0595797e-01   3.9794547e-02   7.5501502e-01  -9.4393986e-02   1.2496316e-01  -2.2709770e-01  -6.3838696e-02  -7.2873389e-02  -5.9105056e-02   7.6998965e-02   1.2888170e-01   1.3310327e-02   1.3271865e-02   1.0086189e-02   7.4513018e-02   1.2196498e-01  -1.0529400e-01   8.2768141e-02   1.8091700e-01   2.9471554e-02   2.9805070e-01   1.8744057e-02  -1.4988703e-01  -2.2108482e-01   1.5961214e-01  -3.2169087e-02   7.4037445e-01  -1.6085667e-01  -3.2935731e-01   8.0648638e-02   3.1310912e-01  -2.9669023e-03   2.3313049e-01   3.4507350e-01  -1.2348778e-01  -2.0739826e-01  -2.6958472e-01   4.4942071e-01   2.7830027e-01  -1.4562971e-01   1.4268470e-01   1.4378973e-01   1.0038592e-02   6.7730208e-02   3.2186721e-02   3.3258707e-01  -3.8486367e-02   1.2798809e-01  -4.7595435e-04  -1.6107743e-02  -1.6873134e-01   1.5446226e-01   5.5988121e-01   3.2956613e-01  -1.4142131e-01   8.9415850e-02  -8.6326038e-02  -1.8841844e-01  -2.4038995e-02  -3.8045165e-01  -1.3496654e-01   2.0458324e-02  -3.9156436e-02   2.5943398e-01   1.7051041e-01   3.0027562e-01  -1.2146491e-01  -3.1400972e-01   5.6930512e-01   2.0424500e-01   3.2531462e-01   1.4775058e-01   6.4962682e-02  -1.5392719e-01   1.3687967e-01   2.3878651e-01   4.7330938e-02   2.6148274e-01  -2.6437035e-01  -1.5164541e-01   9.6667509e-02   2.6233156e-01  -1.3795406e-01  -2.8671753e-01  -3.7311778e-02  -9.8250245e-02  -7.2138814e-02  -1.2448193e-01  -1.2485003e-01   2.7051941e-01
  -1.6694993e-01   0.0000000e+00  -1.3661488e-01   2.7572143e-01  -6.4009561e-02   3.8195136e-01   5.5542384e-01   1.0231998e-01   3.1504787e-01  -3.4204742e-01   2.6244708e-01   6.5557374e-01  -2.3368809e-01   2.6692657e-02  -9.8542948e-02  -3.9071940e-02  -1.8079440e-01   3.1653756e-01  -1.5727118e-01  -3.1218646e-01   9.8739555e-02   2.5673748e-01  -2.3906970e-01  -1.2730202e-01   2.2383981e-02   3.1993591e-02  -2.8185872e-01   8.9217318e-02  -1.2856233e-01   4.6497279e-01   1.2052277e-01   2.5526512e-01  -2.2143970e-01   1.6332845e-01  -7.7562400e-02  -2.0780692e-01  -2.0855157e-01  -3.4938369e-01  -2.0583960e-02  -2.5104596e-01  -2.9281516e-01  -2.8108954e-01   3.5284309e-01   1.5210990e-01   3.4966739e-01  -1.4055770e-02  -2.3676918e-02   6.0848667e-01  -3.6890566e-01  -2.2133404e-01   2.2328213e-01  -1.1465677e-02   3.0832014e-01  -3.8607387e-01  -1.4933688e-01   2.7985878e-01   1.1324784e-01   1.7153365e-01   1.0492009e-01   3.8097245e-01  -2.3976844e-01  -9.3683263e-02   2.0584298e-01   3.6878791e-01   4.0037830e-01   2.9146683e-01   2.2679861e-01  -1.4057654e-01   1.3129556e-01   1.1914990e-01   5.3553791e-02   2.7460052e-01  -1.0788853e-01   1.1555785e-01  -3.5271402e-01   8.2563170e-02  -2.8129149e-01   9.5588791e-02   4.8429968e-02  -1.4886842e-01   7.7812758e-02   8.1847213e-02  -3.4497325e-02  -5.9059143e-02   1.4198551e-01  -1.6781647e-02  -5.3186627e-02  -2.3342546e-02  -3.0337691e-01  -1.4720004e-01  -1.2246944e-01  -3.9499731e-01  -2.7395192e-01   3.8366961e-01  -3.0617636e-01  -4.0012789e-01  -3.7442813e-02   1.0716638e-01   1.7870494e-02   2.7865463e-01  -6.2951291e-02   3.5635436e-01   4.2671911e-01   6.2094721e-01   2.9025743e-01   1.8245208e-01  -2.8272746e-01   3.1924927e-01  -3.9551524e-01   8.3645291e-02  -6.8402631e-02   4.4170759e-01   3.1737364e-01  -2.5845128e-01  -1.7939881e-01   1.3772326e-01   1.1231199e-01  -1.7602559e-01  -1.8819241e-02   2.4299302e-01   8.6769008e-02  -1.6943147e-01   8.8762068e-03   2.1344543e-01  -6.9076198e-02   1.8795507e-01   5.0950851e-01  -2.5449639e-01   7.6082777e-02   2.8273686e-01  -8.4103719e-02  -2.3465895e-01   1.5220344e-01   2.0810818e-02   2.9218960e-01  -2.4772027e-02  -2.4441111e-01   3.8791896e-02   2.1551373e-02  -2.7531399e-01   4.1703053e-02  -8.2326140e-02   3.0972535e-01   1.9846954e-01   3.1523626e-02  -3.2185577e-02  -3.5474079e-02   2.2381558e-01   1.7982339e-01  -2.1187849e-01   1.1492180e-01  -2.2450126e-02  -1.9662325e-01   1.8864005e-01  -8.9274472e-02  -9.2542544e-02   3.6109839e-02  -9.4312500e-02  -4.3173891e-01   3.4768422e-01   9.9596590e-02   3.4840810e-01  -2.6331387e-01   2.8977396e-01   1.6904631e-01   1.2895317e-02   2.8099441e-01   5.8303841e-02  -1.4350948e-01  -2.3677030e-01  -1.5146049e-01  -1.7547024e-01   2.5090404e-01   2.5650940e-01  -1.8616833e-01  -1.1112853e-01   8.2380647e-02
  -2.4894227e-01  -1.3661488e-01   0.0000000e+00  -3.1185646e-01   4.0049178e-01  -3.0964437e-01  -3.5772020e-01  -7.6128424e-02   2.7179999e-01  -2.3664300e-01  -4.2909295e-01   2.3500258e-02   1.1219828e-01  -2.2331437e-01  -2.1478104e-03   1.2357612e-01   8.6046803e-01  -3.9389621e-01  -6.1198887e-02   4.3185003e-01  -3.1433309e-01  -2.4064544e-01  -2.1168952e-01  -3.9678085e-01   1.8465278e-01  -1.1293706e-01   1.9906558e-01  -3.3015418e-01   6.7155780e-02  -3.2550577e-01  -1.5768857e-01  -3.5101379e-01   3.0379820e-01  -1.5945639e-02   2.3269191e-01  -7.6534514e-02  -1.7080691e-01   2.7623424e-01   1.8658144e-01   4.1015838e-01   1.0406107e-01   2.2518741e-01   2.9087048e-01  -1.7522380e-01   6.8971639e-03  -1.4178346e-01  -6.0757896e-02  -3.3829401e-01   1.6100006e-01   7.1343187e-01  -4.3954881e-01  -1.7945190e-01   1.8575399e-01   4.3473308e-01   6.5727144e-02  -2.8490827e-01  -1.3622089e-01  -3.1095215e-01  -2.5378574e-01  -1.6153355e-01   5.0455678e-01   2.1797601e-01   4.5026515e-01  -6.9159578e-02  -5.7786750e-02  -4.6251866e-01   9.9665200e-02   6.0977222e-02  -3.9715533e-02  -1.0212519e-01   2.5091112e-01  -3.4172470e-01   3.3483099e-02   3.2919750e-02   1.6606217e-01  -5.1399700e-02   3.9509040e-01   4.2297926e-02   2.3518787e-01   3.8634901e-02  -3.1342473e-01  -5.4800009e-02   1.0118959e-01  -1.0637839e-01   1.7142680e-01  -1.2606142e-01   7.1261091e-02  -2.1870273e-01   2.2320402e-01  -3.0274322e-01   4.2155156e-01   6.2698176e-01   5.1734972e-01  -1.9096313e-01   3.4908497e-01   5.7046716e-01  -1.7680926e-02  -1.9284921e-01   1.1251551e-01  -4.7613417e-01   4.6414516e-01  -4.0844609e-01  -2.7163158e-01  -2.1567499e-01  -4.9209820e-01  -2.5144817e-01   5.2876166e-01  -2.5944971e-01   1.2576290e-01   1.0350319e-01   2.6701618e-01  -3.2442825e-01  -2.5903242e-02  -3.1991683e-02   2.3387313e-02   1.8926967e-01  -1.5474930e-01  -5.7083142e-03   4.5009316e-03  -3.0811836e-01  -2.6976632e-01   5.6655043e-01   3.9454675e-01  -1.8763748e-01  -3.2877210e-01  -3.1166793e-01  -2.5011027e-01   3.2744216e-01  -3.4143468e-01   1.8260028e-01   1.7840554e-01  -3.8834770e-01  -1.4924535e-01  -3.6820919e-01  -1.8271846e-01   8.9289396e-02   2.6927414e-01  -1.7075224e-01  -1.8144095e-01  -8.7820193e-02  -1.8587373e-01   1.6041763e-01  -4.0351975e-01   4.0597577e-02   1.8372414e-02  -1.4712524e-01   4.1309130e-01  -6.2407724e-02  -1.2803011e-01  -8.6639197e-02  -2.0189533e-02  -8.5196704e-02  -3.8352208e-02   3.8473784e-02   5.9742134e-01  -2.3546433e-01  -2.5024172e-01  -1.4264716e-01   5.4053789e-01  -3.3281227e-01   8.8002467e-02  -2.3666418e-01  -3.8437119e-01  -3.6496859e-01  -2.8278715e-01   7.1620948e-02  -1.2294725e-01   1.4070111e-02  -1.3486495e-01   4.1489298e-01   2.5536110e-01  -1.0173888e-01  -1.1838864e-01   7.8674894e-02   1.1287665e-01   3.4692282e-01  -1.9465542e-01
   1.5991827e-01   2.7572143e-01  -3.1185646e-01   0.0000000e+00  -3.2295536e-01   4.2324985e-01   1.1834173e-01   3.6449192e-01  -2.9245500e-01  -5.1238427e-02   5.9521020e-01   1.3594704e-01  -6.7455687e-02   1.3335355e-01   6.3606325e-02  -1.2955638e-01  -2.7055332e-01   6.6842052e-01   1.8096686e-01  -3.3778494e-01   5.0017356e-01   7.8406572e-01  -3.6383741e-02   3.3676811e-01   1.5301618e-01   2.0919045e-01  -3.2892647e-01   1.4984529e-01  -6.9033727e-02   7.3900795e-01   3.0740688e-01   8.0286817e-01  -1.0330132e-01  -3.4141267e-01  -4.5700610e-01   1.4282219e-01  -1.0156052e-01  -3.1089477e-01  -1.2401090e-01  -4.7122063e-01  -7.3606916e-03   2.4305749e-02  -3.0230284e-01   1.7465739e-01  -5.2693617e-02   9.9442651e-02   3.1718356e-01   3.4303932e-01  -1.4881899e-01  -5.3333802e-01   6.5791665e-01   4.0348043e-01  -2.9055383e-01  -3.4544038e-02   4.5103603e-02   3.6572058e-01   1.9558589e-01   7.8556512e-01   6.0754512e-01   1.6245017e-01  -1.4781066e-01   7.6909840e-03  -3.0853578e-01   2.7210278e-01  -5.7468640e-02   1.4364135e-01   1.4380883e-01   9.6706503e-02   3.8218879e-01   1.1658165e-01  -4.9604789e-01   7.3713586e-01  -6.9832949e-02   3.6709107e-01   1.2865172e-01   4.9738478e-01  -1.6036359e-01  -8.8739249e-02  -4.0291989e-01   3.1263148e-01   2.4408014e-01   1.5775818e-03  -8.6110133e-02   9.6470077e-02   1.9623087e-01   3.9878767e-01  -1.4150162e-01   2.8694302e-01  -2.6867250e-01   2.0498558e-01  -4.6038299e-01  -1.7313935e-01  -4.7259821e-01   6.5634604e-02  -3.5997963e-01  -4.2331382e-01   3.2610411e-01   1.4544060e-01   1.4503065e-01   2.9080145e-01  -2.7274099e-01   4.6297734e-01   6.6995305e-01   3.2255789e-01   7.0531432e-01   8.1678974e-01  -2.7837559e-02   4.4446395e-01  -2.0094837e-01  -3.0712467e-01  -2.8576544e-01   7.2133171e-01   6.9132649e-01  -4.9074713e-03  -1.9914852e-01  -4.3549411e-01   1.2742472e-01   1.1564363e-02  -4.4022945e-03   7.3090464e-01   2.9629193e-01  -4.6890218e-01  -2.2796273e-01   1.0715034e-01   2.3212944e-01   3.3747529e-01   4.1593979e-01   3.2120769e-02   7.5224296e-01  -6.6335567e-03  -1.9993746e-01   1.0550910e-01   5.2921369e-01   1.8636688e-01   4.3619550e-01   2.7169889e-01   1.4674610e-01  -5.8630972e-03   4.1752559e-01  -1.7866297e-02   4.6222165e-01  -2.4893000e-01   5.5010670e-01   2.0790176e-02   1.0502297e-01   4.1620818e-01  -4.5992093e-01  -1.7545596e-01   4.0558434e-03   3.0718747e-02   1.7455348e-01   2.4878685e-01   2.3428188e-01   3.8356043e-02  -5.2588186e-01   1.0626974e-01   2.9100076e-01   4.1790255e-01  -1.2729487e-01   5.1098327e-01  -3.2297899e-02   4.4924528e-01   2.0281440e-01   7.6096297e-01   7.8528814e-01  -3.0468900e-01  -2.1176871e-01   1.4939195e-01   2.2291090e-01  -4.9511143e-01  -4.7636167e-01  -3.0111859e-01   5.5890768e-01   1.1234049e-01  -5.0286897e-02  -4.7375683e-02   7.0325051e-01
  -3.7821412e-02  -6.4009561e-02   4.0049178e-01  -3.2295536e-01   0.0000000e+00  -2.2362630e-01  -2.1654820e-01  -1.7252659e-01   2.9659639e-01  -1.0104752e-01  -3.4210935e-01  -1.0052575e-01   1.7829518e-01  -1.7440083e-01  -1.4798626e-01   4.8880208e-02   5.4521690e-01  -2.7643171e-01  -3.1854967e-02   6.1297020e-01  -2.6339819e-01  -2.7574657e-01  -1.2790926e-01  -3.0333220e-01  -2.7575947e-02  -8.7785589e-03   3.3685501e-01  -3.3948526e-01   2.5833770e-02  -3.3034655e-01  -1.5935973e-01  -3.3836129e-01   1.0135100e-01   8.0560697e-02   1.5300081e-01   2.5505763e-01   2.2310890e-01   4.4736634e-02   2.8100629e-01   3.5855430e-01   2.6815717e-01   3.0557607e-02   3.5358799e-01  -2.1337677e-01   3.3839030e-01  -3.5230549e-02  -6.4118224e-02  -2.6185318e-01   4.8086358e-01   4.5299884e-01  -2.7158689e-01   1.6297304e-02   4.1084435e-01   4.5194987e-02  -2.0992526e-01  -3.5807831e-01  -1.6782686e-01  -1.9134453e-01   2.2791161e-02   5.4746219e-03   3.4031592e-01   3.2237363e-01   5.9399498e-01  -1.4229427e-01   3.3886696e-01   1.9671336e-02   2.3607177e-01   5.3442611e-02  -2.1295010e-02  -1.4787930e-01   3.7749817e-01  -2.2199862e-01   2.8474161e-01  -1.9685650e-01  -2.0707194e-01  -2.6439953e-02   1.2500389e-01   6.6099907e-02   7.6607456e-01   5.9096538e-02  -4.4888161e-01   2.1797804e-01   1.8260686e-01  -5.3207223e-02  -2.1109061e-01  -4.1280263e-02   1.2056658e-01  -4.0800741e-01   2.1100638e-01  -1.5336080e-01   8.2759918e-01   2.7126225e-01   5.1484138e-01   7.5474546e-03   1.8616471e-01   7.1085703e-01   3.3947683e-02  -5.4140715e-02   5.1699375e-01  -1.6581839e-01   8.2791694e-02  -1.7683452e-01  -3.6839618e-01  -1.0638836e-01  -3.3325819e-01  -2.3890062e-01   2.3898347e-01  -1.2435038e-01   2.6749529e-01   4.5024410e-01   2.4890211e-02  -3.1276755e-01  -1.6804228e-01  -6.4817064e-02  -3.3328704e-01   5.2925075e-01  -1.5282562e-01   1.6321132e-01  -3.1361146e-01  -2.1465107e-01  -3.9709709e-01   7.6199639e-01   3.0921055e-01   1.0314553e-01  -2.1703336e-01  -3.7459636e-01  -1.6702821e-01   6.5239458e-02  -2.9819679e-01   4.8714531e-02   3.7615222e-01  -1.6669173e-01  -2.7630425e-01  -2.5476621e-01  -2.9076842e-02   5.7848679e-02   1.2046561e-01  -3.2897709e-01  -7.0134475e-02   6.1715380e-02  -2.4441842e-01   1.4779501e-01  -2.8303764e-01  -2.1989585e-01  -1.5387006e-01  -3.9248522e-01   9.3255785e-02   3.5244986e-01   2.4594818e-01   2.1104441e-02  -1.9937507e-01  -3.1637324e-01  -1.6772927e-01   3.9216019e-01   4.0788950e-01  -1.4904779e-01  -2.7695997e-01   9.8159119e-02   3.1956712e-01  -4.0713738e-01   1.7442984e-01  -1.6311823e-01   6.5879369e-02  -4.0564022e-01  -1.6334642e-01   2.1896922e-01   3.5407835e-01   4.2593705e-02  -9.0123545e-02   5.1575618e-01   3.7640149e-01  -2.3571451e-01  -2.3699472e-02  -4.8012602e-03   4.9845851e-02   1.0667930e-01  -1.7085749e-01
   1.7466491e-01   3.8195136e-01  -3.0964437e-01   4.2324985e-01  -2.2362630e-01   0.0000000e+00   3.5990572e-01   2.0989094e-01  -2.1687656e-01  -2.1431468e-01   5.3589931e-01   2.3283213e-01   7.3192052e-02   2.5071990e-02  -1.8421136e-01   3.2559165e-01  -2.0414747e-01   5.1356038e-01   3.0309935e-02  -1.1320291e-01   5.4976669e-01   3.3072675e-01   1.1399919e-01   1.7229151e-01  -8.2640805e-02   3.4952482e-01   6.0417650e-02   4.6510621e-01  -1.3136677e-01   5.3985606e-01  -5.2231966e-02   4.3885282e-01   5.8157439e-03  -2.0666832e-01  -4.0317261e-01   3.1703230e-01  -1.8036032e-01  -3.5484794e-01   2.1600822e-01  -3.4846109e-01  -4.2965141e-03   7.1102747e-02  -1.8192929e-01   2.5718400e-01  -1.0832750e-01   7.5105743e-02   5.2228160e-01   2.8224620e-01  -2.4490005e-01  -2.8020050e-01   4.5832475e-01   2.3050637e-01  -3.7913717e-01  -8.0868687e-02   3.3293963e-02   6.7840122e-01   3.0419973e-01   3.5154509e-01   3.1167509e-01  -1.0089584e-01  -2.6694851e-01  -2.2428899e-01  -2.1603515e-01  -5.8824661e-02  -9.7490523e-02   2.9494970e-01   5.7343386e-01   5.6572487e-02   6.5213339e-01   2.8390518e-01  -5.4088200e-01   5.1200171e-01  -3.7897130e-02   3.4971563e-01  -1.6246716e-01  -2.9504809e-03  -2.9575025e-01   4.9072280e-02  -3.7199326e-01  -7.1721212e-02   3.5477401e-01   1.0736900e-01  -2.8102991e-01   1.0806723e-01   1.3598413e-01   6.4914974e-02  -3.1437965e-01   2.7427532e-01  -1.2276668e-01   1.6839424e-01  -3.8413141e-01  -2.6558995e-01  -4.1674274e-01   1.0207109e-01  -4.3702807e-01  -2.9163774e-01   6.8519116e-02   3.8721569e-02  -9.3895652e-02   3.4641252e-01  -3.3889997e-01   5.5272404e-01   5.8558544e-01   6.8488790e-02   6.1002460e-01   3.8117976e-01  -1.3097643e-01   5.5266779e-01  -4.6028768e-01   1.3132383e-02  -1.8425476e-01   6.7116831e-01   3.1469181e-01  -6.1494939e-03  -4.5128700e-02  -4.1020446e-01   3.5632850e-01   1.2206868e-01   7.1909237e-02   5.4285596e-01   1.8052394e-01  -3.5858447e-01  -2.0253847e-01  -1.4548024e-01   9.8500534e-02   4.1560908e-01   3.2571205e-01  -5.9541898e-02   3.6979669e-01   2.2241847e-01  -5.5156139e-02  -1.5457644e-01   3.8146110e-01  -6.1641481e-03   3.4220110e-01  -4.5752185e-02  -1.0260950e-01  -7.3651135e-02   1.9813546e-01  -7.0766237e-02   1.5689859e-01  -1.4200608e-01   5.9800995e-01   3.6677982e-01  -7.1411031e-02   1.2334689e-01  -3.8008895e-01  -2.4871261e-02   2.9073494e-01  -2.5537971e-01   2.4631663e-01   1.7900781e-01   8.4059483e-02  -5.7454546e-02  -3.1268724e-01  -1.3898002e-02   1.1552562e-01   1.7460611e-01  -1.6703962e-01   5.0342621e-01   1.1295666e-01   4.8965072e-01   8.2088666e-02   5.1738277e-01   3.7447766e-01  -2.6565149e-01  -2.8996355e-02   2.1625899e-02   9.4354355e-02  -6.1433097e-01  -5.0055290e-01  -1.2099269e-01   2.7513068e-01   4.7916278e-01  -8.8420077e-02  -1.1291727e-01   2.2855688e-01
  -1.5817698e-01   5.5542384e-01  -3.5772020e-01   1.1834173e-01  -2.1654820e-01   3.5990572e-01   0.0000000e+00  -3.9610860e-02   1.0554895e-01   2.1074517e-02   2.2151802e-01   6.4092754e-01  -1.4449169e-02  -1.3961975e-01   6.6484024e-02  -3.9996809e-02  -4.0094874e-01   2.3518193e-01  -1.3271475e-01  -2.2976391e-01   2.4857282e-01   5.1393543e-02   2.0457409e-01  -1.5634839e-01  -7.6161558e-02  -3.1163992e-02  -1.7191021e-01   2.9582729e-01  -4.3993865e-02   3.2081945e-01  -1.9213795e-01   1.3732366e-01  -3.8098047e-01   5.1093153e-01   8.1898124e-02  -1.4091030e-01  -1.6434837e-01  -4.2529462e-01  -2.2590851e-02  -2.6816961e-01  -1.6423340e-01  -3.8170424e-01   3.1675910e-01   5.6005974e-02   4.0992627e-01   2.8643432e-02  -1.7273213e-01   6.7845826e-01  -3.1646826e-01  -3.4130182e-01   3.2985157e-01   3.7815028e-02   1.0168382e-01  -4.5147595e-01   6.9974223e-02   3.4389163e-01  -4.2287566e-02  -2.9494953e-02   5.1123253e-02   3.0579444e-01  -4.3435308e-01  -6.1084578e-02  -6.0837595e-02   7.5642488e-02   2.0745677e-01   5.7832672e-01   9.1454102e-02  -2.5602176e-01  -1.8204056e-03   2.7086467e-01  -2.2495482e-02   2.0865971e-01   2.6530061e-04   4.4252632e-02  -4.5482129e-01  -7.7280676e-03  -3.8497968e-01   5.7457513e-02  -3.8971288e-02  -2.1568118e-01   3.5933106e-01   7.4668258e-02  -6.0593491e-03  -2.7434068e-02  -8.2428608e-02  -7.4796740e-03  -5.9431540e-02  -6.8992261e-02  -3.2993316e-01  -1.6820388e-01  -2.4039640e-01  -4.7466611e-01  -1.1502816e-01   3.8575686e-01  -3.9952920e-01  -3.8603337e-01  -4.8062006e-02   2.7740052e-02   3.9589031e-03   6.1843356e-01  -3.1458176e-01   3.4427437e-01   2.7205344e-01   2.9600542e-01   3.7442026e-01  -1.9495906e-03  -3.6874547e-01   2.3530171e-01  -1.4556621e-01   2.1596457e-01   2.1971935e-01   2.7062382e-01   9.0409606e-02  -3.1106915e-01   7.7082675e-02  -8.1885804e-02   7.1132492e-02  -7.5032643e-02   4.7051775e-04   2.0157904e-01  -3.0721590e-03  -2.3539931e-01  -4.9424238e-02   2.0741204e-01  -3.5877824e-03   1.7751446e-01   5.7016293e-01  -3.7674354e-01  -5.6525608e-02   2.7223223e-01   3.6314698e-02  -9.7117259e-03  -8.5253293e-02   1.6366487e-01   3.2246662e-01  -9.9058997e-02  -4.4380389e-01   1.1659872e-01   2.6651917e-02  -3.2497904e-01  -7.1347750e-02   7.6597524e-02   2.5250732e-01   2.1356929e-01   1.1325468e-01  -1.1833717e-01   1.3744092e-01   1.4885625e-01   3.7692766e-01  -2.7037064e-01   1.5248438e-01   5.1536304e-03  -1.6033645e-01   6.5599089e-02  -1.0531220e-01  -1.0723936e-01   2.0477557e-02  -3.9120032e-02  -5.0292715e-01   3.5123370e-01   9.5482912e-02   1.8951371e-01  -4.1258300e-02   2.3396767e-01  -6.7154942e-02   2.1036525e-01   4.3440051e-01   1.0878402e-01   1.0706803e-03  -3.8569987e-01  -1.0654213e-01  -1.8362603e-01   6.2010517e-02   2.5259258e-01   2.3027499e-02  -4.6364694e-01  -8.1707946e-02
   2.1407737e-01   1.0231998e-01  -7.6128424e-02   3.6449192e-01  -1.7252659e-01   2.0989094e-01  -3.9610860e-02   0.0000000e+00  -2.9786230e-02  -2.4232874e-01   3.8390037e-01  -4.2731287e-02  -1.6290318e-01   3.1060446e-02   3.6720551e-02  -4.7200140e-02  -4.5341152e-02   2.4746803e-01   8.1666326e-02  -2.6772772e-01   1.1815017e-01   4.2301246e-01  -1.0966637e-01   1.0550935e-01  -7.5709249e-03   4.0434803e-01  -3.5957253e-01   1.9550091e-01  -4.7871856e-02   3.6538412e-01   9.3994367e-02   5.1985093e-01  -1.0707463e-01  -2.7567478e-01  -3.0513907e-01  -1.2989995e-01  -8.3691553e-02   1.2662556e-01  -5.0008639e-02  -3.2234045e-01  -8.3136864e-02  -7.6482758e-02  -2.0805344e-01   3.5377710e-01  -2.9476732e-01   2.7701268e-01   4.3561227e-02   7.7737575e-02  -3.5008740e-01  -2.7020739e-01   1.4618292e-01   5.4816139e-01  -1.7576635e-01  -1.7128075e-01   2.2816078e-02   2.8757400e-01   2.1654672e-01   3.5993582e-01   3.2383625e-01  -5.8394650e-02   1.8651867e-01  -2.6801015e-01  -9.7168059e-02   2.4026261e-01  -2.2848224e-01  -5.2027323e-02   9.0680373e-02  -9.6656113e-02   1.9890780e-01   7.5693280e-02  -3.2919866e-01   1.3196030e-01  -2.4281331e-01   2.7413925e-01  -1.1939648e-02   4.6444336e-01   1.7849594e-01   1.8279925e-01  -3.4062131e-01   7.8302454e-02   2.8401342e-01  -1.2069180e-01  -1.2659671e-01   5.2381767e-01   1.9715521e-01   3.9432841e-01  -2.2940861e-01   1.3045639e-01  -2.1141011e-01   2.3643572e-01  -2.0756417e-01   2.3010524e-02  -2.9387727e-01   1.9331151e-03   8.3382389e-02  -2.3129019e-01  -1.3919247e-01   1.9910328e-01  -1.5409726e-01  -1.2559900e-01  -1.3473504e-01   2.7342546e-01   4.6877931e-01   3.9860248e-02   2.7996045e-01   5.1010490e-01  -8.3997019e-02   4.5743111e-01  -3.7636061e-01  -1.6342098e-01  -2.4181691e-01   4.1298197e-01   1.3353508e-01   3.3752301e-01  -1.7986168e-01  -2.3607240e-01   3.1321809e-01  -8.0512930e-02   7.3315570e-03   3.1617965e-01   2.4689606e-01  -2.6062107e-01  -2.3621964e-01  -8.6546869e-02   1.8660460e-01   1.2333160e-01   1.0138851e-01  -1.6056964e-01   2.7534766e-01  -7.9359722e-02  -2.3176071e-01  -4.4957310e-02   4.7713770e-01  -2.9327264e-02   2.1782535e-02   6.5773447e-01  -8.2230915e-02   1.0596097e-02   5.7596914e-01   3.5989044e-01   2.0205939e-01  -1.3384706e-01   4.6332155e-01   5.6430442e-02  -5.4812854e-02   3.0918312e-01  -2.6863851e-01  -6.5964276e-02  -1.1187487e-01  -1.1487779e-01   2.3246847e-01   4.2299373e-01  -4.5132341e-02   2.0006806e-02  -3.4053489e-01   2.6724415e-01   3.5633089e-01   1.9570797e-01   4.9234548e-04   4.0023678e-01  -1.7600892e-01   5.7021919e-01  -1.5303881e-02   3.8184904e-01   4.9712629e-01  -2.4143847e-01  -2.2120353e-01   1.2974516e-01   4.6822937e-02  -2.3899296e-01  -3.1297900e-01  -7.0042237e-02  -3.6926660e-03   1.0160819e-01  -1.3954053e-01  -5.1730654e-02   4.1967711e-01
  -2.4130910e-01   3.1504787e-01   2.7179999e-01  -2.9245500e-01   2.9659639e-01  -2.1687656e-01   1.0554895e-01  -2.9786230e-02   0.0000000e+00  -8.8378887e-02  -1.6328514e-01   3.3581128e-01  -6.1706085e-03  -2.5509708e-01   2.3658269e-02  -1.5517656e-01   3.3194120e-01  -2.1325999e-01  -1.9019757e-01   1.5682822e-01  -4.4513322e-01  -2.7299921e-01  -2.3659009e-01  -2.5243343e-01   1.3327360e-01  -9.7392817e-02  -2.2155704e-02  -2.7820326e-01   2.4750647e-02  -1.8216200e-01  -9.0496178e-02  -2.3144355e-01  -4.7980732e-02   3.6319166e-01   5.5941828e-01  -2.7656329e-01  -5.2299887e-02   1.0741591e-02  -1.7594627e-02   2.5832015e-01  -1.3862374e-01  -1.1115205e-01   5.9575119e-01  -1.8561175e-01   4.5240456e-01   4.6449727e-02  -2.5640225e-01  -1.9481751e-02  -7.5072093e-02   2.2285210e-01  -1.7336690e-01  -1.2192212e-01   7.1484145e-01  -1.8656282e-01  -2.5339887e-01  -3.2551338e-01  -1.3318563e-01  -2.3349560e-01  -1.2361396e-01   5.1324998e-01   1.1047827e-01   2.4853385e-01   4.8728966e-01   1.7418229e-01   5.8473478e-01   8.3658211e-02  -1.3320625e-02   1.3918312e-01  -1.0570755e-01  -2.7259866e-02   5.1073304e-01  -2.9674142e-01   4.2124471e-02  -1.8024874e-01  -3.4954350e-01  -1.9548836e-02   1.9419885e-02   1.1046632e-01   3.8495806e-01  -5.4849679e-02  -2.7804037e-01   7.1300072e-02  -2.8434486e-02  -1.4627886e-01  -2.3413417e-01  -5.6971560e-02   1.9666660e-01  -4.0726346e-01   1.9441503e-01  -1.7659807e-01   3.4284013e-01  -4.5312709e-02   3.1100397e-01   4.8655767e-01   1.2187846e-01   1.4126955e-01  -8.6759315e-02  -1.1373944e-01   1.6543640e-01  -1.0988728e-01   1.3858347e-01  -1.3672229e-01  -2.9770333e-01   4.7372543e-01  -2.4587083e-01  -1.4671937e-01  -1.7515808e-02  -2.6788543e-02   3.8646827e-02  -2.1280470e-02   1.6181825e-01  -2.1878679e-01  -1.3052807e-01  -1.4637581e-01  -1.3611313e-01   4.9982124e-01  -1.8707991e-02  -3.7309542e-02  -2.4140346e-01  -2.5504884e-01  -2.4830520e-01   3.5683423e-01   3.1872132e-01   3.5299581e-01  -2.4178576e-01  -2.2175009e-01   7.7344685e-02  -9.1018392e-02  -3.6947358e-01   2.0925509e-01   1.1522507e-01  -1.7947421e-01  -3.0652409e-01  -1.3456859e-01  -7.6859293e-03   2.4719053e-02  -1.4406125e-01   6.2935865e-02  -1.3784352e-01  -1.0374468e-01  -1.9364834e-01   1.0114025e-01  -6.0186887e-02  -2.2098419e-01   4.5220422e-02  -3.1658182e-01   3.9504613e-01   1.8119116e-01  -2.4121199e-02  -7.1125515e-02  -2.4192289e-01  -3.0727022e-01  -2.1137271e-01   3.6425740e-01   3.5046437e-01  -1.2830957e-01  -1.4506407e-01  -7.1674517e-02  -8.3083992e-02  -2.9330025e-01   2.3507101e-01  -1.4509087e-02  -3.2208010e-01  -3.2541527e-01  -1.5634835e-01   4.5255574e-01   3.9726636e-01   4.7507339e-03  -2.7249117e-01   2.6834036e-01   4.9726418e-01  -1.7640129e-01   5.0387623e-02  -2.3146184e-01   1.8933228e-01  -3.5958844e-04  -1.9495888e-01
   1.3329954e-01  -3.4204742e-01  -2.3664300e-01  -5.1238427e-02  -1.0104752e-01  -2.1431468e-01   2.1074517e-02  -2.4232874e-01  -8.8378887e-02   0.0000000e+00  -8.9293737e-02  -1.4857913e-01   1.5918387e-01   5.9260332e-02   1.6535161e-01  -3.1959842e-02  -2.6872940e-01  -1.6040776e-01  -2.5067174e-02   1.8519938e-01   1.0778079e-01  -1.4838241e-01   3.9341162e-01   1.5860945e-01  -1.3620618e-01  -1.7506027e-01   4.6368629e-02  -5.1518794e-03   1.3691333e-01  -1.1344470e-01   1.1427617e-01  -1.0039357e-01  -1.4896297e-01   3.5392241e-01   3.0958896e-01   1.4121465e-01   3.2893189e-01  -1.0891630e-01   3.3084584e-02   2.0101907e-01   1.4959197e-01  -1.3604967e-01  -5.2081780e-02  -1.2823721e-01   9.0099408e-02  -9.9485671e-02  -5.1911188e-02  -4.1970441e-02   1.6926112e-01  -1.4701001e-01   6.3393159e-02  -1.1927263e-01  -2.1774950e-02  -2.4563428e-02  -3.9397993e-03  -1.1876860e-01  -3.0050545e-01  -5.9581021e-02   1.0357045e-01   1.8035128e-03  -3.0535426e-01   7.1900746e-02  -1.8192524e-01  -1.8839405e-01  -6.5455054e-02   1.9768241e-01  -2.1102920e-01   1.4018043e-01  -1.3971235e-01  -2.6773402e-02   6.0663673e-02  -6.4984228e-02   2.0267856e-01  -8.6446496e-02  -1.2927493e-02  -9.5594567e-02  -2.5564860e-01  -1.8621160e-01   6.7856916e-02  -1.7103431e-01   9.1661325e-02   1.9542876e-01   1.9179626e-01  -1.1326129e-01  -3.5160256e-01  -4.9096906e-02   2.5545786e-01  -8.4325636e-02   2.9375466e-02   9.1400539e-02  -6.5454084e-02  -1.9585849e-01   1.5561644e-01   1.3399329e-03  -9.7889104e-02   1.0913729e-02   1.1076660e-01  -1.1251947e-01  -7.1175975e-02   3.0454423e-01  -1.3485032e-02  -4.8293367e-02  -1.9285239e-01  -7.9525497e-02  -4.9682007e-03  -1.1143393e-01  -1.3909832e-01  -2.4326633e-01   4.3640111e-01  -5.2196223e-02   3.3405473e-01  -1.6441053e-01  -1.3727297e-01   5.6011504e-02   1.7574149e-01  -5.8617666e-02  -1.0571072e-01   1.6441705e-01   3.9184867e-02  -4.8265258e-02  -1.2716282e-01  -6.2095477e-02  -1.8840060e-02   1.3406827e-01  -3.4749771e-02  -6.0503794e-02  -4.1246933e-02  -1.7039173e-01   1.3024645e-02  -8.0291813e-02   1.8777432e-01   3.6755208e-01  -2.7445159e-01   2.9953283e-01   3.7771828e-02  -1.9786810e-01  -2.2852181e-01   2.1520048e-01  -6.7935294e-02   1.8466718e-02   4.1938009e-02  -4.3921467e-02  -1.3229640e-01  -2.8587931e-01   1.5214398e-01   4.3868626e-02   1.5299005e-01  -1.1811581e-01   3.5421740e-02   3.6959909e-01  -2.4063151e-01  -1.0198887e-01   2.0834867e-02  -2.1647060e-01  -3.3507995e-02   6.4080051e-02  -1.6824980e-01   1.0826106e-01  -1.1524957e-01  -1.6031226e-01   1.8971693e-01  -2.4106666e-01   4.4139028e-01  -5.0683213e-02  -9.9277553e-02   3.1755930e-01   5.8564523e-02   2.5453127e-02   2.5920310e-02   1.3713453e-01   2.8838601e-01  -5.1392090e-02  -2.7430514e-02  -3.4641985e-01   1.0343315e-01  -2.6322959e-01  -1.5781177e-01
   1.1710680e-01   2.6244708e-01  -4.2909295e-01   5.9521020e-01  -3.4210935e-01   5.3589931e-01   2.2151802e-01   3.8390037e-01  -1.6328514e-01  -8.9293737e-02   0.0000000e+00   2.2290802e-01  -5.2181525e-02  -5.0702956e-02   4.6146100e-02   2.6106278e-02  -3.2662168e-01   7.5320882e-01   1.0959480e-01  -4.3064818e-01   2.9828948e-01   5.7799868e-01  -6.8342917e-02   2.7078349e-01   4.1599103e-02   1.8603176e-01  -2.4658318e-01   1.1497915e-01  -2.0694475e-01   6.5992469e-01   1.5609618e-01   7.0511142e-01  -2.4753968e-01  -2.0271233e-01  -4.0048023e-01   2.4285742e-01  -4.6629161e-02  -4.3647627e-01  -4.0742579e-02  -3.3665260e-01  -3.8512776e-02  -1.4975327e-01  -3.3460598e-01   2.7402172e-01  -3.6297970e-02   1.7290995e-01   4.9679529e-01   2.7675052e-01  -2.8185135e-01  -3.7762423e-01   7.3439295e-01   2.0947402e-01  -2.8377345e-01  -2.5869991e-01  -6.9320377e-03   4.7872111e-01   1.5813461e-01   5.5525988e-01   5.2916538e-01   1.5058817e-01  -3.8332393e-01  -5.6348732e-02  -3.0643842e-01   4.1984053e-01   2.9566728e-02   3.1015727e-01   1.3702220e-01  -5.8689453e-02   4.4627116e-01   2.5501139e-01  -4.9125028e-01   5.7279071e-01  -5.5520795e-03   1.8725883e-01  -8.2425107e-02   3.4067840e-01  -3.7538844e-01  -6.4977741e-02  -4.0728462e-01   1.5915520e-01   1.5464129e-01  -2.6214468e-02  -1.2660712e-01   4.2679980e-02   1.9644788e-02   3.9982025e-01  -2.5039603e-01   2.4183678e-01  -1.4511209e-01   8.9566075e-02  -4.4623816e-01  -4.2144397e-01  -5.4938211e-01   1.5401214e-01  -5.1930658e-01  -4.0275217e-01   7.8347157e-02   3.6598152e-02  -3.2615802e-02   2.3407458e-01  -2.9675217e-01   6.0873649e-01   5.4660490e-01   2.8827774e-01   7.3666679e-01   5.6768366e-01  -2.7431204e-01   4.9293854e-01  -3.4242599e-01  -2.3229897e-01  -3.0509765e-01   7.1715386e-01   2.8496986e-01   5.3131825e-03  -2.0076471e-01  -3.4962316e-01   2.5752277e-01   2.4759461e-02  -7.2371220e-02   6.3936184e-01   2.9806509e-01  -5.1591814e-01  -4.2702092e-01   4.0792849e-02   1.2544546e-01   2.4618648e-01   3.5988543e-01  -1.7122198e-01   5.9357925e-01   1.5717124e-01  -1.6879552e-01   2.0455165e-01   3.8583262e-01   1.6194571e-01   2.5637504e-01   2.8514230e-01  -2.8814632e-02  -2.5418519e-02   4.8113958e-01  -4.0304174e-02   2.9268168e-01  -1.4058962e-01   8.1091997e-01   1.3731392e-01   1.5549664e-02   2.5519924e-01  -4.7294024e-01   7.9620562e-02   1.0083220e-01  -1.5269145e-01   1.2159642e-01   1.0089159e-01   5.4611746e-02   3.0145176e-01  -3.4464463e-01  -1.4698613e-03   2.1773886e-01   3.8030050e-01  -3.6527069e-01   4.4912890e-01  -4.0701861e-02   6.5761647e-01   2.1652150e-01   7.3236932e-01   5.3241608e-01  -2.9707595e-01   4.0837256e-02   1.2565486e-01   9.6494258e-02  -5.3578964e-01  -5.0993133e-01  -2.0569932e-01   4.3438444e-01   1.3775443e-01  -9.2763206e-03  -2.4837947e-01   4.2480367e-01
  -2.1693970e-01   6.5557374e-01   2.3500258e-02   1.3594704e-01  -1.0052575e-01   2.3283213e-01   6.4092754e-01  -4.2731287e-02   3.3581128e-01  -1.4857913e-01   2.2290802e-01   0.0000000e+00  -4.1603753e-04  -2.8613673e-02   8.9281715e-02  -4.7263993e-02  -5.0207259e-02   2.8463537e-01  -8.5710872e-02  -1.4082041e-01   1.8114135e-02   1.0054058e-01  -2.4618502e-01  -1.5546158e-01   1.3521837e-01  -6.6888931e-02  -2.0230988e-01  -1.1680346e-02  -9.3401087e-02   3.1914663e-01  -1.1844721e-01   1.0896290e-01  -1.8953612e-01   4.5232877e-01   1.7322288e-01  -8.1991588e-02  -3.2014416e-01  -4.9195603e-01  -3.2437392e-02  -2.1054747e-01  -1.0842383e-01  -2.5937346e-01   5.4279608e-01   2.9932011e-03   6.0319541e-01   7.8346400e-02  -9.5062777e-04   4.2013410e-01  -2.4306791e-01  -8.5298772e-02   3.3216717e-01   2.0826158e-02   2.8857758e-01  -4.1192194e-01  -8.5298263e-03   1.5115866e-01   6.8389023e-02   5.1417867e-05   8.0766538e-02   5.1850773e-01  -2.6158087e-01   1.6628848e-01   1.0871782e-01   3.0370249e-01   3.6226246e-01   3.6330450e-01   8.2933463e-02  -9.6342986e-02   3.5735136e-02   2.0864919e-01   4.1538618e-04   2.0229443e-01   2.6606352e-02   1.0929587e-01  -3.4875763e-01  -6.4698949e-02  -2.9321321e-01   9.0945876e-02   7.1092408e-03  -1.1415730e-01   8.1443577e-03   1.1896153e-01  -4.9311777e-02  -1.3544421e-01   1.3954871e-01  -9.3715384e-02  -2.1554387e-01  -6.9685155e-02  -2.2845523e-01  -2.0507425e-01  -1.9227294e-01  -2.7588352e-01  -5.5569982e-02   6.0314867e-01  -3.3506968e-01  -2.5458498e-01   1.2420794e-01  -3.2886938e-03   1.4487130e-01   2.7289886e-01  -1.1110256e-01   4.3722720e-01   1.6731268e-01   5.1261910e-01   2.0036389e-01   1.0179119e-02  -2.6652066e-01   1.7714266e-01  -2.7328042e-01  -4.8053307e-02   1.2720794e-01   2.5352859e-01   2.5067887e-01  -3.3739859e-01  -9.2048377e-02  -2.7409709e-02  -3.7099856e-02  -5.3496288e-02  -1.3412317e-01   1.9499046e-01   3.3586735e-02  -4.8460720e-02   2.9471261e-01   2.3319791e-01  -8.0301619e-02   2.4585135e-01   5.2275664e-01  -2.6173752e-01  -3.3327001e-02   3.7515692e-01   6.6655919e-02  -1.4119912e-01  -2.5312177e-02  -3.2178423e-03   4.0308801e-01  -1.0912052e-01  -1.9417542e-01  -1.1212667e-01  -1.7709238e-02  -3.3387286e-01  -5.2386647e-02   9.1062320e-02   1.8857241e-01   2.2675908e-01   1.9118103e-01  -2.8755578e-01   8.8458124e-02   1.1539055e-01   2.5802749e-01  -3.0178496e-01   1.1767144e-01  -1.2132815e-01  -1.5171341e-01   2.4383936e-01   1.0327789e-01  -1.4753909e-01   5.5500598e-02   3.7228134e-02  -2.6426462e-01   2.5964936e-01   2.2069889e-01   1.6082814e-01  -2.2577182e-01   1.2865521e-01  -1.5565699e-02   2.0044683e-01   5.3632435e-01   2.0252328e-02   3.9145545e-02  -3.1310521e-01  -3.4435041e-02  -2.2222057e-01   1.9405291e-01   3.3517315e-01   1.5320678e-01  -2.5085089e-01  -4.0504063e-02
   9.8557828e-02  -2.3368809e-01   1.1219828e-01  -6.7455687e-02   1.7829518e-01   7.3192052e-02  -1.4449169e-02  -1.6290318e-01  -6.1706085e-03   1.5918387e-01  -5.2181525e-02  -4.1603753e-04   0.0000000e+00  -1.5680427e-01   1.0923443e-01   3.1955217e-01   2.1675353e-01   5.4407657e-02   1.0282150e-01   3.2074553e-01   1.1037151e-01  -1.9966239e-01   2.4829827e-01  -1.2184581e-01   2.1496359e-01  -6.1017198e-02   3.7694033e-01  -8.3551171e-02  -5.7146829e-02  -9.4115641e-02  -4.7365402e-02  -7.0122378e-02   2.1829490e-01   1.6025426e-01   1.9699403e-01   3.4786872e-01   4.8396968e-02  -9.2623388e-02   5.4323329e-01   2.0745513e-01   7.3414899e-01   1.3456519e-01   7.3722890e-02  -2.5767649e-01   1.4207411e-01  -9.8162176e-02   2.3704487e-01  -2.3475478e-01   3.4353043e-01   2.0259326e-01   1.4605531e-01   2.0036527e-02  -1.3365372e-02   1.6318825e-01   1.0894270e-01  -1.4085193e-01  -2.8444586e-01  -8.5404330e-02   1.3765004e-01  -1.4947959e-01  -9.9910925e-02   3.4948036e-01   6.1728653e-02  -1.9591258e-01   6.3115699e-02   6.4745625e-02   1.9264189e-01  -4.0920787e-02   1.0610603e-01   2.4128157e-01  -1.0897438e-01  -3.5988020e-02   6.0527235e-01   6.7225595e-04   3.6534938e-02  -1.1277997e-01  -9.6982547e-02  -1.3619142e-01   1.0647731e-01   2.0522934e-01  -8.1321105e-02   3.2441226e-01  -1.7672220e-01  -2.3901857e-01  -1.1773042e-01  -2.9427725e-02   9.5401333e-02  -1.0713463e-01   4.3130066e-02  -2.6423978e-02   3.1306560e-02   3.2206952e-02   1.8630954e-01  -3.1441199e-02  -1.0045043e-01   2.4374185e-01   3.2305837e-01  -2.3935495e-01   3.8596560e-01   1.2585845e-01  -5.3826050e-02  -9.7551882e-02  -1.3067151e-01  -5.2109061e-02   4.7477535e-02  -1.1492859e-01   2.1535221e-01  -1.6222026e-01   3.7071047e-01  -1.1366307e-01   9.2039761e-02  -1.2418800e-01  -1.0443596e-01   4.3640828e-02   7.6867770e-02  -1.2612931e-01  -2.3960431e-01   5.7972061e-01  -1.7755707e-01  -2.4314860e-02  -3.7344215e-01   1.3594171e-01  -2.1424544e-02   1.4270195e-01  -1.5938934e-01  -8.0134550e-02   1.4838162e-01   2.3199700e-01  -7.7892835e-02   1.8424883e-01   7.0564210e-01   1.8362306e-01  -3.4360865e-01   3.1217792e-02   1.6892223e-01  -1.2524636e-01   9.3287631e-02  -1.8606895e-01  -6.4441620e-02  -2.6347080e-01  -2.2373215e-01   4.9613958e-01  -1.3399611e-01  -1.2857448e-01   2.2401738e-01  -7.8572735e-02   1.1818496e-01  -1.1554202e-01   2.0321642e-01   1.1822119e-01  -6.6504177e-02  -2.2216648e-01   5.2064620e-02  -7.4514510e-03   1.6179895e-01  -2.3441894e-01  -2.9785032e-01   2.8177833e-01   8.6187742e-02  -1.4773519e-01   8.7830277e-02  -1.1462398e-01   6.2957519e-02  -4.6996140e-02  -2.1606702e-01   1.8934776e-01   1.6515065e-01  -1.5347199e-01   1.4080751e-01  -6.4126793e-02   1.8650977e-01  -3.7868264e-01   9.6833989e-03  -3.4415663e-02   2.5114494e-02  -1.6580567e-01  -1.3237561e-01
   5.2419625e-01   2.6692657e-02  -2.2331437e-01   1.3335355e-01  -1.7440083e-01   2.5071990e-02  -1.3961975e-01   3.1060446e-02  -2.5509708e-01   5.9260332e-02  -5.0702956e-02  -2.8613673e-02  -1.5680427e-01   0.0000000e+00  -3.9425529e-02  -9.4811884e-02  -1.6671603e-01  -3.9653765e-02   7.9472938e-02  -1.0038079e-01   1.8818787e-01   9.3512072e-02   9.1242533e-02   3.7947155e-01   7.5689100e-02   1.0929926e-01  -1.0303052e-01   1.8324108e-02   2.5453497e-02   8.5478943e-02   1.4803674e-01  -2.6436465e-02  -1.5330594e-01  -1.7520883e-01  -2.6313812e-01   1.9944340e-01   1.4383192e-02   6.8078512e-02  -3.3593857e-02  -2.4389330e-01   1.1886898e-01  -2.4228958e-01  -1.6453365e-01   1.7210930e-01  -2.6612565e-01   2.6324428e-01   1.1005065e-01  -1.1002784e-02   8.4421128e-02  -3.1523381e-01  -1.1293956e-02   5.4555262e-02  -1.8865762e-01   2.4798461e-02   8.8215295e-02   4.1105611e-02   1.4917504e-01   8.4124623e-02   1.0068951e-01  -1.9441481e-01   1.3413781e-01  -5.1251928e-02  -8.8181295e-02   1.2037899e-01  -1.9672278e-01  -1.3181685e-01  -8.3470739e-02   1.0577432e-01  -7.4910604e-02  -7.2149810e-02  -1.2206905e-01   2.1916982e-01   1.5473274e-01   2.9001817e-01   1.5356905e-01  -1.2202583e-01   7.9503295e-02  -2.7820992e-02  -1.9642232e-01   5.7170468e-02   9.6089089e-02   1.9692966e-01   1.6220300e-01   1.2242046e-01   3.0908589e-01  -1.5977099e-01   1.2199443e-01   1.5916958e-01   1.4887152e-01   5.5039925e-01  -2.1230378e-01   1.2973447e-01  -2.0996009e-01  -8.8543362e-02   3.9947671e-02  -2.2632198e-01   1.3356306e-01   1.2285809e-01  -8.7787324e-03  -1.0122593e-02   1.2783171e-01   5.7449160e-02   5.4828016e-02   5.0309318e-02   4.5014682e-04   1.0012475e-01  -4.9311100e-02  -8.9355658e-03   5.3175056e-02  -6.8566729e-02  -1.4430442e-01   2.9251179e-02   1.5132448e-01   4.1572487e-01  -5.2655122e-02  -2.9238255e-01  -1.0217187e-01   1.8994469e-01   1.9064408e-01   5.3318745e-02   2.7132455e-01  -2.1129732e-01  -4.2013211e-02  -2.3567106e-01   3.3113873e-01   4.9695831e-01  -9.3132202e-02   1.4102217e-01   1.8793286e-01  -6.9587300e-02  -7.8301964e-02   1.4260800e-01   2.9356103e-01   8.7495870e-02   1.2004234e-02  -1.4840368e-01   1.2020553e-01   3.2786672e-02   2.3961935e-03   3.9594454e-01   2.9998968e-01  -2.0162299e-01  -1.5025677e-01  -4.6037709e-02  -8.4941997e-02   1.2136015e-01  -2.3352203e-01  -2.0326283e-01   7.9170554e-03   2.2167092e-01   5.0099139e-02   1.2599302e-01   1.2598583e-01  -1.2692667e-01  -2.6474168e-01   4.3727260e-01   1.5646117e-01   8.1407188e-02   2.0477511e-01   1.4280179e-02  -3.6803712e-02  -9.7930398e-02   2.1293962e-01  -1.3829578e-02   1.0134940e-01  -3.4515861e-01  -2.1358435e-01   1.2775906e-01   4.1791408e-03  -1.5731865e-02  -2.3375348e-01   7.0014022e-02  -2.2542985e-03  -3.4042781e-02  -4.5293518e-02   7.6450869e-02   1.2170382e-01
