   0.0000000e+00  -3.9481088e-01   9.7275710e-03   9.4657301e-03  -2.8381181e-01  -5.2978621e-01  -4.2126672e-01   5.1563457e-02   2.1561422e-01  -4.2475478e-01  -3.1708076e-01  -3.8876427e-01  -4.7239579e-02   2.1662217e-01  -2.5547135e-01  -4.1740115e-01   7.7028056e-02  -3.3733031e-01  -9.6698457e-02  -2.9613880e-01  -2.8524493e-01   1.7680296e-01  -3.2896373e-01   7.2658035e-01   1.5020423e-01  -8.5316654e-03  -4.0240865e-01   3.2528292e-01  -1.6655832e-01  -1.0787677e-01  -2.3331078e-01  -1.6622891e-01  -9.1808637e-02  -3.9756812e-01  -3.1321106e-01  -2.8278751e-01  -1.4677803e-01   5.0888380e-01  -4.5516146e-01  -3.1028605e-01  -2.4937452e-01  -3.8924679e-02  -2.1050331e-01   6.2609959e-02  -3.9557402e-01   5.9687588e-01  -3.0324856e-01  -5.0476887e-01  -4.4209764e-01  -6.1835683e-03  -2.9628816e-01  -5.3300755e-02  -4.5167408e-01   4.5232747e-02   3.1072216e-01  -1.2761475e-01   7.0818314e-02   8.8658972e-02  -3.5907111e-01  -3.8719939e-01   3.3051983e-01  -4.2607366e-01   6.6013781e-02   1.3760364e-02  -3.1548009e-01  -3.4199798e-01  -5.6163095e-01  -1.0536633e-01  -2.4540933e-01   2.5327325e-01  -4.8998737e-01  -5.2169264e-02  -4.2531264e-01   4.4653482e-01   1.3660762e-01   1.5174931e-01   4.3651860e-01  -3.6886002e-02  -4.5997779e-01   4.5611004e-02  -2.8003817e-02  -4.8742415e-01  -4.9312608e-01   1.8951821e-01  -9.9956710e-02   1.2205591e-01  -4.1572823e-01   5.6251346e-01  -1.2253265e-01   7.4472877e-01  -5.9619791e-02   3.8411683e-01  -5.1847377e-01  -4.4255862e-02   4.5156652e-01  -2.3846805e-01  -7.4672913e-02  -1.8424933e-01  -8.4196966e-02  -1.5670950e-01   2.1323397e-01  -3.2805638e-01  -5.1517815e-02  -1.9879049e-01  -2.9661302e-01  -1.2462747e-02   2.1426637e-01  -3.3259018e-01  -2.0924207e-01  -5.0545220e-01  -4.6823740e-01  -1.1220410e-01   6.7459960e-02   7.4051272e-01   3.8506903e-01   2.0703120e-02  -8.2472708e-02  -3.6293945e-01  -3.8373133e-02  -7.1923274e-02   6.5638228e-01  -1.5234250e-01  -6.6831686e-02  -1.4434838e-01   6.7243363e-01   6.1060065e-01  -4.1393078e-01   1.3909864e-01   5.5904013e-02  -1.2410496e-01  -3.8734561e-01  -4.3430500e-01   1.1026663e-01  -4.0789188e-01  -1.0187542e-02   7.0246483e-02   3.8526602e-03  -1.0871647e-01  -1.4794794e-02   7.0219054e-01   5.8000161e-01   1.3080621e-01  -2.1053032e-01  -2.0897354e-01  -3.0862386e-01  -2.5999793e-01  -3.6898405e-01  -1.8027743e-01  -4.5661228e-01  -2.8570449e-01   4.2523520e-01  -7.7532802e-02   4.6792777e-01  -2.5510144e-01  -1.9903239e-01   4.7675354e-01   4.6090135e-01  -3.1699156e-01   3.9846540e-01   2.0067959e-02  -1.6115672e-01  -4.2758302e-02  -1.5366419e-01   4.1316031e-02  -2.4846394e-02  -4.1372805e-01  -4.1936074e-01   2.1032108e-01   5.4467042e-01  -3.0899936e-01  -4.2018442e-01   6.1850815e-01  -7.1477539e-02  -6.4091700e-02  -4.7859289e-04   1.8508542e-01   1.0570683e-01
  -3.9481088e-01   0.0000000e+00   2.2397236e-01  -1.6199312e-01  -5.2997619e-02   2.5829176e-02  -3.5620790e-02   2.2076826e-01   3.0232164e-01   1.6889934e-01  -2.3397798e-01   6.0408451e-01  -2.0737744e-01  -2.8222086e-01   5.3853152e-02  -5.9328981e-02   2.8823194e-01  -2.7050652e-01   4.7925136e-02  -9.3079051e-02  -3.2183263e-01   1.2514686e-01  -2.1360637e-01  -2.2594333e-01   4.9076235e-03   2.9768628e-01   1.6391418e-01   1.5863430e-01   5.8706297e-02  -9.7141824e-02   3.2784303e-01   1.2500028e-01  -2.5316018e-02   3.7268640e-01   4.0834727e-01  -2.8589603e-01   2.3627385e-01  -1.6636823e-01  -1.0921935e-02   2.0045454e-01  -2.0295504e-01  -4.9962040e-02   3.8381699e-01   2.6779242e-01  -2.1771174e-01  -1.2101361e-01  -3.9562320e-01   1.1119332e-01  -1.3963836e-01   1.2072698e-01  -3.2281247e-01   3.6491187e-01   5.0507779e-01   2.8281899e-01  -4.0050640e-02   3.7090399e-01  -1.5173819e-01   1.3413313e-01  -1.2527750e-03   3.5060083e-01   5.4469940e-02   9.4160015e-03   5.0756921e-01   2.0759854e-01   2.9787880e-01  -3.0837734e-01   1.4253649e-01   8.4414880e-02  -1.7402957e-01  -1.9147614e-01   4.9253964e-01  -3.3456819e-01   8.2933120e-03  -2.6697145e-01   1.3035317e-01   2.3391220e-01  -4.6908891e-02   2.9924453e-01   3.6192812e-01  -8.1606441e-02  -1.8008925e-02   1.6175853e-03  -1.6177528e-03   1.7894808e-01   3.4121270e-01   2.2123885e-01   4.4937822e-01  -1.0516416e-01   4.6066238e-01  -3.5234301e-01   2.8469432e-01   8.8330474e-02   3.3637593e-01   3.5577481e-01  -2.0170649e-01  -9.8046654e-02  -1.0386216e-01   1.9461415e-01  -7.4401082e-02  -9.6759277e-02  -1.9803372e-01   8.0029936e-02   1.9024657e-01   6.6757629e-01  -2.8438676e-01   1.5937205e-01   2.3826399e-01   1.3239711e-01  -2.3666665e-02   1.7620022e-01  -8.3225690e-02  -3.7435750e-01  -1.3920318e-01  -2.4892751e-01  -2.9618138e-01   4.3779700e-01   2.9344560e-01  -1.1124671e-01  -2.3523071e-02  -2.6017013e-01  -1.6076856e-01   1.5251925e-01   3.9797284e-01   3.7621696e-01  -1.5388657e-01  -1.0546270e-01   8.8715656e-02   7.2280599e-02   2.0026398e-01   1.3884613e-01  -4.0631896e-02   1.3768148e-01   6.7584806e-01   2.2988342e-01   3.0617627e-01   2.2452559e-01   6.3694844e-02   1.2991201e-01   2.6710429e-01  -3.3830159e-01  -3.4182699e-01  -5.7445633e-02  -3.6626245e-02   4.4686803e-02   1.0670245e-01   2.0247644e-01   3.3074340e-01  -1.3684963e-01  -2.2903181e-01  -7.9107439e-02  -2.3050807e-01   4.8216308e-02   4.3260497e-02   3.4293558e-01   5.9745580e-01  -2.5905630e-01  -1.3420464e-01  -5.2554291e-02   6.5000897e-02   1.7961192e-01  -1.7426499e-02   1.7741676e-01  -2.2789161e-01  -3.6875570e-01  -8.6183783e-02   4.2277117e-01  -1.8729663e-01  -1.0445571e-01  -1.0130753e-01   6.0785868e-01   5.7519219e-01  -2.7258302e-01  -2.3069257e-01   6.6518937e-02   1.1748335e-01  -1.8078269e-01   8.6345712e-02
   9.7275710e-03   2.2397236e-01   0.0000000e+00  -1.0742946e-01   1.0081220e-01   2.9241897e-01  -5.4187125e-02   1.0579540e-02   1.2619768e-01   2.6088344e-02  -2.3470434e-01   4.4968188e-01   9.9058083e-02  -1.5212164e-01  -3.7453186e-01  -1.4553378e-01   8.6243253e-01  -1.0927835e-01   5.9117296e-03   2.6537101e-01  -3.1483121e-01   8.2904969e-02  -3.7952858e-01  -6.9811662e-02  -8.3271521e-02   5.9871553e-02   3.3545078e-01  -7.1522094e-02  -1.7773004e-01  -5.6589030e-02  -1.3252174e-01  -1.2134826e-01  -6.7618069e-02   1.1937634e-01   2.0200407e-01  -5.4469065e-02  -1.0884176e-01   3.2855244e-02  -1.6943350e-01   5.3599237e-01  -2.6624145e-02  -1.3233343e-02   4.5278067e-01   1.3817675e-01  -2.4357278e-01   2.7822668e-01  -8.3754185e-02  -2.4948586e-01  -2.9514051e-01   7.1868584e-01  -2.0440313e-01   1.4197240e-02  -3.2407252e-01   2.5990484e-01   8.3335140e-02   3.4901729e-02   9.4277927e-02  -1.3828098e-01  -1.7717656e-02   4.4864322e-01   3.6163387e-01   6.0703720e-02   3.0280024e-01  -2.1426364e-01  -3.9129296e-01  -4.9150901e-02   1.7835825e-01   8.2136560e-02  -9.9677642e-02   5.5478929e-01  -1.6764775e-01  -2.5861900e-01   1.7043269e-02   3.8351566e-02   4.9492971e-02  -3.2603380e-02   1.5478603e-01   2.2185100e-01  -8.1820367e-03  -9.7011304e-02  -3.1234374e-01  -3.7225902e-02  -3.9572248e-02   3.9956729e-02   2.9505668e-01  -8.3132106e-02  -2.8956375e-01   2.5464968e-02   1.7694832e-02  -1.1344540e-01  -3.8534222e-02   2.8660175e-01   3.2559640e-01   2.3608988e-01   2.8446702e-02   3.3263584e-01   1.8507169e-01   4.2680167e-03   2.1664247e-02  -2.5973828e-01  -1.6128162e-01  -2.1949295e-01  -1.5143706e-02   2.0825152e-01  -3.4645171e-01  -1.3025188e-01   2.7673731e-01   3.7874202e-02  -1.3980779e-01  -1.6327241e-01  -2.1005659e-01  -2.6226856e-01  -2.0089263e-01   4.0290303e-02  -2.5116368e-01  -2.4974864e-01   1.6937601e-02  -7.9557149e-02   1.0120676e-01  -1.8061883e-01   1.1323990e-01   3.6940674e-01   3.2896355e-01  -1.3345160e-01   1.6734544e-01   3.6330702e-02  -5.7118050e-02   1.3868014e-01  -3.7709620e-02   5.5754144e-01  -1.1522565e-01  -3.7927367e-01   4.4595933e-01  -3.2165889e-01   2.0423546e-01  -6.7661898e-02   1.3374064e-01  -1.5024984e-01  -5.6119817e-02  -3.4593033e-02  -1.0971443e-01   7.5995158e-02  -2.1718427e-01   2.2742431e-01   1.0514143e-02  -3.5179344e-02   1.3934651e-01  -8.8141875e-02   2.2398879e-02  -3.3511025e-01  -1.6876225e-01  -1.6348855e-01   6.4413351e-02  -2.0148650e-01   6.8967881e-01  -1.0808989e-01   1.8196805e-01  -5.5966111e-02   4.3720879e-01  -2.1590958e-01  -8.8492000e-02   1.6938227e-01  -9.2969680e-02  -1.1715013e-01  -1.0683200e-01   2.0557207e-01  -1.6676352e-01  -6.1409401e-02   1.5244744e-01   1.6826071e-01   3.1438417e-01   5.0593269e-02  -6.3152228e-02   2.7066057e-01   1.4257805e-01   1.8374149e-02  -1.2635150e-02
   9.4657301e-03  -1.6199312e-01  -1.0742946e-01   0.0000000e+00  -4.6852730e-02   2.2243913e-01  -2.7853729e-02   3.2627695e-02  -2.2757885e-01  -3.6516851e-02   2.3332161e-01  -7.2075238e-02  -1.6163905e-01   2.7572038e-01   7.4675234e-02   3.3591130e-01  -1.8096293e-01   2.4212239e-01  -6.1547076e-02   1.9735035e-01   2.9446330e-01   2.1808576e-01   8.2055630e-02  -4.0844899e-02   8.2023050e-02   9.1344637e-02  -2.1749146e-02   2.8631403e-03   5.1978804e-01   1.5564394e-01   7.2147276e-02   3.9628067e-01   2.1019489e-01  -7.3321035e-02   2.7114551e-02   2.8419694e-02  -1.7653767e-01   3.6293527e-02   4.0035345e-01   2.0167359e-02   1.2550218e-01   4.4346210e-01  -1.1456232e-01   1.3312107e-01   1.5373981e-01  -1.9541571e-01   2.8431593e-01   4.9165977e-02   1.7333076e-01  -1.2344643e-01   3.2342898e-01  -1.4357172e-02  -1.0158153e-01   1.6496444e-01  -1.4365143e-03   1.3618207e-01  -3.8908385e-02   2.8320871e-01   3.5163391e-01   4.5064570e-02  -5.9293623e-02   7.9164602e-02  -1.0983305e-01  -1.4380426e-01   1.4441241e-03   9.8129626e-02   1.7922088e-01   5.1204055e-01   2.5554126e-01  -2.8967248e-01  -1.8588233e-01   6.0791640e-01  -1.7786065e-02   1.4186855e-01   1.2573478e-02   1.6834139e-02  -5.9064204e-02   5.1325584e-02  -1.1914238e-01   2.9697777e-01  -6.6765481e-02   2.1142666e-01   1.9334008e-01   6.8550250e-02   9.3446320e-02  -2.6833397e-02  -4.4914508e-02   1.1601101e-02  -2.2144872e-01   9.1165220e-02  -1.5171791e-01  -6.6225550e-02   3.8432622e-02   1.3351625e-02   6.9805676e-02  -5.5346929e-02   2.5453261e-01  -8.8746045e-02   8.5818709e-02  -1.0322035e-01   7.6084566e-02   1.2511147e-01   2.7443060e-01  -1.0677814e-01   3.6475948e-01   2.9845544e-01   9.6916011e-02   5.1203178e-02  -1.1153821e-01   4.5842256e-02   3.3332709e-01   3.9602869e-01   5.5653938e-01  -4.1726559e-02  -1.8018793e-01  -1.7746609e-01  -7.1619319e-02   1.7619104e-01   1.8701039e-02   7.3899406e-01  -1.2169883e-03   6.8780277e-03   1.0989732e-02   2.2055009e-02  -1.1079661e-01   7.9401220e-02   2.3827500e-02   4.5274038e-02   1.9928734e-01  -2.3804775e-01   2.4936306e-01  -2.0986562e-01  -1.1709923e-01  -1.5130893e-01   1.2752878e-01  -1.6508450e-03   3.4861828e-01   7.8909074e-02   4.5261409e-02   1.0083978e-02   1.1618994e-01  -4.3458403e-01  -3.9746026e-02  -7.2545329e-02   6.8088716e-02   1.9256169e-01  -1.7120631e-01  -5.6809856e-02   1.7400531e-01  -6.5747278e-02  -4.0729694e-03   1.4985266e-01   1.5309524e-02  -2.4259112e-02  -2.0293546e-01   4.7387460e-02   1.5250957e-02   2.0072510e-01  -9.5514775e-02   5.1030889e-03   5.4084153e-01   5.1259598e-02  -1.5274283e-01   3.8494595e-01   4.8114467e-01  -1.5092053e-01   2.2172627e-01   3.6248955e-02  -5.5862917e-02  -1.5189689e-01  -1.2147161e-01  -4.2927821e-02   2.2552830e-01  -1.0972479e-01   1.4231223e-01   2.4506322e-01   2.6871270e-01
  -2.8381181e-01  -5.2997619e-02   1.0081220e-01  -4.6852730e-02   0.0000000e+00   2.2603867e-01   3.0653908e-01  -3.9116930e-01  -3.0465666e-01   1.2629326e-01   2.4056638e-01   9.2086526e-02   2.6309758e-01   5.8273907e-02  -2.6294551e-01   3.4309316e-01   1.0098161e-01   3.0330005e-01  -2.8089766e-01   8.2518976e-01   2.2484534e-01  -3.3309658e-01  -1.0028547e-01  -3.9314547e-01  -8.9108996e-02  -2.5518284e-01   4.1482932e-01  -4.3206924e-01   1.3204130e-02   1.7292052e-01  -2.8641062e-01  -7.7692494e-02   2.0005448e-01   5.8968696e-02  -2.5610318e-02   7.6974241e-01   2.0112613e-01  -3.9607453e-01   3.1307993e-01   3.3793370e-01   3.6265541e-01   7.5659339e-02  -1.3908397e-01  -2.5387028e-01   2.3540190e-01  -2.8604064e-01   5.5535901e-01   2.8101281e-01   4.0303708e-01   1.8518664e-01   3.7089224e-01  -3.2452036e-01  -1.2352575e-01  -1.0625828e-02  -1.4884902e-01  -2.1598942e-01  -8.3057458e-02  -3.8940830e-01   2.2905152e-01   1.8123313e-01  -2.8831479e-01   4.5733138e-01  -9.8678864e-02  -3.1800506e-01  -2.8618514e-02   4.9266651e-01   1.6392951e-01   1.2795897e-01   2.4077383e-01   1.1407168e-01  -6.0217196e-02   1.8567813e-01   3.6458787e-01  -2.4833721e-01  -8.1992864e-02  -4.3551886e-01  -3.5793643e-01  -2.3389374e-01   3.2717035e-01   1.2085988e-01  -2.6369058e-01   3.0689423e-01   1.3081088e-01  -2.9749347e-01  -2.6170030e-01  -4.1032738e-01  -6.7993177e-02  -3.6694116e-01   5.9429580e-02  -3.5474322e-01   3.9946622e-01  -2.8549845e-01   2.4824074e-01  -2.1050964e-01  -3.5626158e-01   7.6869004e-01   3.2358187e-01  -2.3729346e-01   5.1885334e-01   1.2026463e-01  -2.1623483e-01  -1.3290505e-01  -2.1298818e-01  -2.1361082e-01   2.2680835e-01  -2.5870248e-01   4.8984884e-02  -2.6826580e-03   2.6368029e-01   4.2903322e-01   6.3490351e-02   2.1992360e-01   1.4930810e-01  -3.8517814e-01  -3.4876613e-01  -1.8770322e-01  -2.4831332e-01   3.6709247e-01  -1.9950532e-01   2.1697337e-01  -3.6504786e-01   5.1462739e-01  -4.5558087e-02  -2.6929668e-01  -2.7768300e-01  -3.0225521e-01   1.1976662e-01  -2.7920047e-02  -3.1965478e-01   2.2349565e-01   9.1202773e-02   5.6431797e-02  -1.3889247e-01   1.2099233e-02  -4.2237970e-01  -3.6905646e-01   1.5029857e-01  -2.8434060e-01  -3.8457762e-01  -3.4645519e-01  -2.6874078e-01  -6.0624405e-02  -1.2386762e-01  -6.3712650e-04  -1.2661226e-01  -1.0014141e-01  -6.8639124e-02   5.1235167e-01   4.3132563e-01   1.5156890e-01  -5.1723055e-01  -1.2461918e-01  -4.1118461e-01  -1.7103306e-01   1.1755611e-01  -3.6052431e-01  -2.1425897e-01   2.6509128e-01  -4.5429773e-02  -3.5785233e-01   6.5162453e-02  -1.9352296e-01   5.5504327e-01   1.0129212e-01   8.3019825e-02   1.8367887e-01   3.4416383e-01  -2.0416809e-01  -3.1508757e-01   1.2135772e-01   3.3901096e-02  -3.6151865e-01   3.6580758e-01  -7.9509713e-03  -2.2219892e-01   1.7529982e-02  -2.1275152e-01
  -5.2978621e-01   2.5829176e-02   2.9241897e-01   2.2243913e-01   2.2603867e-01   0.0000000e+00   5.7819162e-01  -1.8721683e-01  -4.3110771e-01   2.6373118e-01   1.2178737e-01   2.2280400e-01   1.2568007e-01  -1.5658201e-01  -1.0232436e-02   5.9263233e-01   1.9277018e-01   3.1027743e-01   3.3668030e-02   4.0928149e-01   2.9218730e-01  -1.7164548e-01   2.1008205e-01  -5.5625220e-01  -2.1707779e-01  -1.2901080e-01   6.2711178e-01  -4.7578940e-01   2.6758953e-01   2.0851254e-01  -2.3962477e-01   1.2457469e-01   3.5742991e-01   3.5052140e-01   3.1510802e-01   3.2130592e-01   1.0892878e-02  -4.1384769e-01   5.5221037e-01   5.8545753e-01   3.6186689e-01   3.5643577e-01   1.3954193e-01  -3.2635756e-01   3.2849766e-01  -4.4799901e-01   4.9098571e-01   4.4401164e-01   3.8812890e-01   3.7903522e-01   4.1647424e-01  -2.3058690e-01   1.8939011e-03   4.3979453e-03  -2.2762557e-01  -1.7613749e-01   1.8808583e-01  -2.0118164e-01   3.7584066e-01   5.0263912e-01  -2.1373355e-01   4.2520489e-01  -2.3443824e-01  -4.5337886e-01  -9.9984939e-02   3.5603499e-01   8.1155528e-01   1.5430996e-01   3.2560646e-01   1.1853357e-01   1.1267617e-01   2.5590926e-01   3.0703351e-01  -6.8695096e-02  -2.9361680e-01  -3.8730121e-01  -4.1331194e-01  -1.3114543e-01   3.7345852e-01   3.3393858e-02  -3.3704893e-01   3.5305661e-01   4.1195603e-01  -2.3901081e-01   1.2230296e-01  -3.7056052e-01  -4.8582501e-02  -4.8880467e-01  -2.0188692e-01  -4.6382745e-01  -2.1294379e-01  -3.4632875e-01   4.1253986e-01  -1.2522816e-01  -3.4645994e-01   3.9761907e-01   3.3707671e-01   2.3166584e-02   7.4273387e-02   1.5886181e-01  -4.6590393e-01   1.9781452e-01  -1.1921209e-01   2.8002060e-02   3.6624469e-01  -1.5965899e-01  -7.7137884e-02   2.8738125e-01   1.3638003e-01   3.9520392e-01   4.0669664e-01   3.5900459e-01   1.2772911e-02  -5.6554282e-01  -4.7394815e-01  -4.6762241e-01  -1.7707127e-01   3.1823513e-01   1.3794646e-03   3.5361634e-01  -4.5508508e-01   1.2335384e-01   6.6661329e-02  -3.0403856e-01  -5.1437266e-01  -3.6610723e-01   3.9237057e-01  -3.6042711e-02  -2.2757652e-01   3.6851552e-01   3.7754078e-01   9.9019759e-02  -2.1860799e-01   3.7586568e-02  -1.2506852e-01  -2.9534019e-01   1.5487469e-01  -3.1069920e-01  -1.6582721e-01  -4.3816619e-01  -4.0827325e-01  -2.1710610e-01   7.6204703e-02   2.7937352e-01   1.1367821e-01  -1.6743464e-01   2.3106175e-01   1.6804324e-01   6.0083405e-01   5.3186466e-02  -4.1126601e-01  -3.5661217e-01  -4.8295458e-01  -2.2111992e-01   2.2454017e-01  -3.3101731e-01  -2.8605881e-01   3.2938045e-01  -1.9990697e-01  -3.7023808e-01   1.9802574e-01  -2.2647262e-01   9.2832067e-02   6.2912300e-02   2.1370698e-01   1.7375718e-01   4.6542321e-01  -3.1102425e-01  -4.2534451e-01   5.3294386e-02   2.6172350e-01  -3.1111206e-01   6.3304677e-02   3.4657161e-01   3.5533757e-02  -7.6984590e-02  -1.8776582e-01
  -4.2126672e-01  -3.5620790e-02  -5.4187125e-02  -2.7853729e-02   3.0653908e-01   5.7819162e-01   0.0000000e+00  -3.9161571e-01  -5.7335700e-01   4.1822985e-01   2.1938611e-01   2.7844356e-01   2.6129805e-01  -9.6150741e-02   1.4207167e-01   5.1966272e-01  -7.9527234e-02   4.9649709e-01  -2.4120696e-01   4.2976518e-01   4.4989781e-01  -5.0926350e-01   4.2104513e-01  -4.7186055e-01  -1.7928269e-01  -4.0831386e-01   5.4774864e-01  -5.9363882e-01   1.3500414e-01   1.4446506e-01  -1.8181908e-01  -1.8531263e-01   5.8721684e-02   5.3833516e-01   2.2837391e-01   5.8534414e-01   3.6229503e-01  -4.6125620e-01   4.1031051e-01   4.4037468e-01   5.4693251e-01  -9.5928148e-04  -7.7344780e-02  -5.6978560e-01   5.6361380e-01  -6.0473496e-01   4.4082835e-01   7.7175129e-01   5.0703834e-01   1.1384007e-01   6.4257657e-01  -4.1116932e-01   3.2027903e-01  -3.4198075e-01  -3.6558134e-01  -4.0451214e-01  -2.8795660e-01  -3.7989441e-01   3.5400228e-01   4.2733780e-01  -6.1248662e-01   4.3837056e-01  -4.9730474e-01  -3.5962534e-01   1.3570732e-01   5.9424673e-01   5.3250409e-01   3.7152802e-03   1.1560796e-01   1.1257589e-01   5.2294267e-01   2.3409387e-01   3.8874670e-01  -2.7161296e-01  -4.2185428e-01  -5.3108307e-01  -6.3919052e-01  -4.0915500e-01   4.4892043e-01  -1.6437227e-01  -2.0986442e-01   4.6395248e-01   3.9642165e-01  -5.2823540e-01  -1.3248166e-01  -4.7450502e-01   2.6453799e-01  -6.1682133e-01  -3.9200385e-02  -4.4524424e-01  -2.5899777e-01  -6.9172334e-01   4.2926317e-01  -3.2558214e-01  -4.9765820e-01   3.6325180e-01   1.1939059e-01  -2.0276120e-01   1.8800260e-01   6.3425701e-01  -4.1729648e-01   2.2501512e-01  -3.7863420e-01  -2.4556598e-01   3.8952281e-01  -3.8761198e-01  -3.9694928e-01   1.5440662e-02   3.7777826e-01   6.2005257e-01   3.9859205e-01   3.8077287e-01   6.8794853e-02  -5.5999746e-01  -3.7397874e-01  -2.6360492e-01  -2.5071988e-01   4.2335222e-01  -2.1708997e-01   1.9461937e-01  -6.3305407e-01   5.9550671e-02  -1.0100676e-01  -3.7327788e-01  -5.5626328e-01  -4.3567249e-01   5.9330499e-01  -2.2423348e-01  -4.9332470e-01   4.2111357e-01   3.4375948e-01   5.8839197e-01  -3.5374243e-01   4.5627916e-01  -4.2747530e-01  -4.3036886e-01  -1.1897635e-01  -1.8300274e-01  -3.6599532e-01  -4.6991852e-01  -3.7235911e-01   5.5238541e-03  -1.1409860e-03   1.5408301e-01   2.5183192e-01  -9.1377633e-02   4.7546865e-01   3.8315327e-01   6.9574827e-01   5.7129898e-01  -4.7962112e-01  -3.1722400e-01  -7.5725677e-01  -1.9256186e-01   5.2298894e-02  -3.3913942e-01  -5.0090728e-01   4.9877519e-01  -5.3980674e-01  -4.6179360e-01   1.6244421e-01  -3.7388238e-01   4.0918374e-01   1.3410376e-01  -1.6433019e-01   2.7812128e-01   4.9444861e-01  -5.3445309e-01  -6.8953751e-01   1.0811304e-01   1.6453350e-01  -3.3174435e-01   2.3752300e-01  -6.3774832e-02  -3.3837693e-01  -1.4114220e-01  -4.6905613e-01
   5.1563457e-02   2.2076826e-01   1.0579540e-02   3.2627695e-02  -3.9116930e-01  -1.8721683e-01  -3.9161571e-01   0.0000000e+00   4.3456511e-01  -1.9499666e-01  -1.2838564e-01   4.0270879e-03  -2.3330216e-01  -1.1454788e-01   2.3215230e-01  -1.6933282e-01  -1.0764174e-01  -2.6083746e-01   4.2198469e-01  -4.3786474e-01  -4.0019520e-01   6.0102942e-01  -1.4843399e-01   8.8508955e-02   1.3016893e-01   7.4784346e-01  -1.8788394e-01   6.8270807e-01   9.8690237e-02  -4.0254643e-01   3.2488413e-01   8.6778500e-02   3.2518144e-03   5.3871254e-02  -3.1255094e-02  -5.5711551e-01  -1.9165893e-01   2.3791667e-01  -9.8353688e-02  -2.0837450e-01  -2.6616566e-01   5.2538776e-02   2.1563636e-01   7.0387968e-01  -3.0416023e-01   3.3001609e-01  -5.1184732e-01  -3.9503049e-01  -1.9063571e-01  -2.9459745e-01  -3.5703655e-01   8.6349795e-01   7.1040857e-02   2.1971815e-01   1.1521011e-01   6.6004035e-01   1.0026582e-01   4.1589854e-01  -1.0393755e-01  -2.2477418e-01   4.1365095e-01  -1.6025799e-01   2.2295043e-01   5.0308199e-01   6.4711746e-02  -5.0620629e-01  -1.2093735e-01  -4.9850781e-02  -9.0002045e-02  -1.5475045e-01  -3.4465826e-02  -2.1063660e-01  -3.4198119e-01  -6.3010155e-04   1.9121238e-01   6.9528830e-01   4.9319614e-01   6.8528943e-01   1.1387325e-01   3.4011471e-02   3.5286652e-01  -1.9378373e-01  -1.8113342e-01   7.8976841e-01   2.3689310e-01   6.2724922e-01  -2.8670640e-02   1.8735214e-01   1.2886030e-01   5.6353129e-02   1.0816690e-01   3.6011396e-01  -1.3158014e-01   3.8180202e-01   3.4178371e-01  -3.6637733e-01  -2.1901683e-01   5.7486008e-01  -1.6735892e-01  -1.8512159e-01   2.7189918e-01   2.1228139e-01   5.3947206e-01   2.5622737e-01  -2.5667242e-01   4.1481392e-01   1.3909143e-01   4.2990376e-01  -1.4139455e-01  -2.5897536e-01   1.0919877e-01  -3.5882639e-01  -2.1588655e-01   2.8457238e-01   2.1813282e-01   3.5771502e-01   6.1143017e-01  -1.1915380e-01   1.0748773e-01  -2.6050623e-01   2.6969327e-01  -3.1948148e-01  -1.1395343e-01   3.5966958e-01   2.4918210e-01   1.7661517e-01  -1.5912606e-01   2.3672819e-03   5.4156709e-01  -3.6904588e-01   2.0158851e-01  -1.8987275e-01   3.0877212e-01  -1.6093842e-01   5.4156065e-01   8.6498280e-01  -1.1065707e-01   3.0485709e-01   7.0340337e-01   1.2525782e-01  -2.8787626e-02  -6.5079994e-02   3.1435596e-01  -1.8076542e-01  -8.4335312e-03   3.6420909e-01   7.4176000e-02  -3.8387983e-01  -4.7996154e-01  -3.2082637e-01   4.0332283e-01   3.7203456e-01   4.1924347e-01   2.4322953e-01  -2.5338244e-02  -1.2501237e-02   3.6222966e-01  -2.9317432e-01   2.7674717e-02   5.7722042e-01   8.4220439e-03   5.5310264e-01  -5.4488839e-01  -1.4321388e-01   1.1983994e-01  -1.1731288e-01  -3.9108470e-01   4.1046379e-01   3.0747453e-01   5.3500264e-02   1.4646154e-01   4.3054849e-03  -3.1618226e-01  -9.0554772e-02   2.5298324e-01  -1.0751625e-03   5.2289882e-01
   2.1561422e-01   3.0232164e-01   1.2619768e-01  -2.2757885e-01  -3.0465666e-01  -4.3110771e-01  -5.7335700e-01   4.3456511e-01   0.0000000e+00  -5.6652989e-02  -2.8265732e-01  -5.0637894e-02  -2.6166064e-01  -9.2858634e-02  -3.5961104e-02  -6.1702909e-01   1.5586380e-01  -4.3006722e-01   3.5530126e-01  -3.5553304e-01  -4.3590156e-01   6.1244496e-01  -1.7138329e-01   2.0469400e-01   1.5980822e-01   4.0681710e-01  -4.1368482e-01   4.9144478e-01  -1.4262597e-02  -9.8371727e-02   1.5230788e-01   7.8820873e-02  -3.8662579e-01  -2.5446999e-01   5.6212202e-02  -4.0029024e-01  -1.1627603e-01   2.0617002e-01  -5.5264209e-01  -3.7746672e-01  -4.3466299e-01  -4.1120861e-01   3.7194316e-01   4.8633342e-01  -2.6588203e-01   4.3527408e-01  -4.9317206e-01  -5.0503735e-01  -3.7264874e-01  -9.4566050e-02  -4.8128550e-01   5.2123727e-01  -1.2148955e-01   2.3590427e-01   8.2446679e-02   3.1145297e-01   1.5897573e-01   4.0556823e-01  -4.7154760e-01  -1.4624191e-01   5.3673266e-01  -2.6932695e-01   7.0761384e-01   3.4175736e-01   1.7923617e-01  -4.3731259e-01  -4.0264340e-01   3.1991311e-02  -1.1561793e-01  -1.1907559e-01  -2.0520676e-01  -2.7167189e-01  -2.4232456e-01   1.6116158e-01   1.6125554e-01   5.9309985e-01   5.6124607e-01   4.5695412e-01  -2.3824012e-01   1.2896479e-01   1.7183355e-01  -3.3719654e-01  -3.9610385e-01   5.1393106e-01   3.9989645e-02   4.9083068e-01   1.0017186e-01   4.3436319e-01   3.0557345e-01   2.1057954e-01   2.6570922e-01   6.1515371e-01  -3.2861000e-01   6.5520794e-01   3.0127285e-01  -3.9033170e-01  -7.5056606e-02   3.6127366e-01  -1.3515633e-02  -1.9567895e-01   1.8556216e-01  -1.3326187e-01   3.6215408e-01   5.3851044e-01  -2.8186331e-01   3.1022029e-01   2.6916726e-01   1.9881480e-01  -2.1246158e-01  -4.9370952e-01  -3.0737150e-01  -3.7818893e-01   5.2899293e-02   4.6256895e-01   2.7792408e-01   3.8807203e-01   3.3320324e-01  -3.2961896e-01   5.9148781e-02  -3.2253607e-01   4.3849933e-01   4.8568193e-02   2.7326987e-01   5.4316374e-01   3.8247780e-01   2.8177565e-01  -2.2284917e-01   2.8064263e-01   6.7932156e-01  -3.0770395e-01  -3.6392258e-01  -2.3826003e-01   4.3891834e-01  -1.9602052e-01   5.5841623e-01   4.9374722e-01  -4.5850145e-02   1.9873271e-01   3.8569078e-01   2.3384306e-01   6.3306704e-02   4.0930663e-02   5.5208691e-02  -1.3234498e-01   1.0365071e-01   1.9879431e-01  -1.3831640e-01  -3.6719014e-01  -5.5266630e-01  -2.7120852e-01   2.7535351e-01   2.2014701e-01   5.3187772e-01   2.6957371e-01   1.0625611e-01   6.9789556e-02   3.9306430e-01  -4.0680320e-01   4.2255545e-01   4.6931360e-01  -8.5583517e-02   3.5770432e-01  -2.3300377e-01  -3.3149552e-02  -3.0403778e-02  -1.0548290e-01  -4.1414569e-01   2.7550532e-01   5.2720707e-01   1.5061845e-02  -3.4341251e-02   5.1318567e-02  -4.4385165e-02   3.3815620e-02   3.1229618e-01  -4.5450477e-02   4.8806445e-01
  -4.2475478e-01   1.6889934e-01   2.6088344e-02  -3.6516851e-02   1.2629326e-01   2.6373118e-01   4.1822985e-01  -1.9499666e-01  -5.6652989e-02   0.0000000e+00   1.0384118e-01   3.9972494e-01   9.0810417e-02  -2.9996201e-01   1.5361732e-01   1.6942660e-01   6.3847856e-02   1.9834035e-01  -8.1324319e-02   2.6347890e-01   1.4577298e-01  -5.4544981e-02   3.6392033e-01  -3.7167331e-01   1.0351032e-01  -1.4255377e-01   3.0450525e-01  -4.3158356e-01   7.2786402e-02   2.1198103e-01   5.6496148e-03   2.9951529e-02  -1.5017056e-01   4.5211852e-01   3.2199113e-01   3.3277476e-01   2.3160400e-01  -3.8314270e-01   1.5844690e-01   2.9942892e-01   1.8471100e-01  -1.0646573e-01   2.5391716e-01  -1.9667449e-01   3.8246519e-01  -4.7342199e-01   1.9068274e-01   3.5076181e-01   1.0763140e-01   1.8801479e-01   1.6923839e-01  -1.1685174e-01   2.2705350e-01  -1.4670458e-01  -2.3978028e-01  -1.8965919e-01  -2.1069024e-01   5.6988336e-02   1.3881505e-01   4.1447138e-01  -3.1080471e-01   2.2686313e-01   4.8381912e-02  -1.8207638e-01   2.7829718e-01   4.2506413e-01   2.7747955e-01   1.0388415e-01   1.0289572e-01  -1.6984448e-01   3.1628739e-01   1.7021909e-01   3.1449996e-01  -2.0420367e-01  -1.7690076e-02  -2.0888828e-01  -4.1877522e-01  -6.3234622e-02   2.2750932e-01   1.4767654e-03  -1.9272456e-01   3.0026081e-01   2.6694164e-01  -2.0800669e-01  -1.0865746e-01  -2.6301430e-01   3.4157256e-01  -3.7893136e-01   5.0236495e-02  -5.1030480e-01  -3.2337708e-02  -2.9264354e-01   3.7661922e-01   2.2221313e-01  -3.6856083e-01   1.7787698e-01   1.9344599e-01  -4.8126658e-02   1.3768458e-01   3.7887999e-01  -4.8807045e-01   1.6884870e-01  -2.6456044e-01   4.4378797e-02   1.8779771e-01  -2.7049858e-02  -9.2569419e-02   7.8756077e-02   2.4063142e-01   2.9700029e-01   2.3357035e-01   2.1492399e-01   1.8638195e-01  -4.9953758e-01  -3.4082569e-01  -3.3729310e-02  -1.0184965e-01   2.2883393e-01  -1.1685343e-01   1.8779929e-01  -5.1540367e-01   2.9757472e-01   2.0046909e-01   2.5919933e-02  -4.9921930e-01  -1.3689208e-01   2.4906061e-01   6.7955602e-02  -2.2375809e-02   1.4362928e-01  -1.3277253e-02   4.1161333e-01  -1.5808570e-02   3.6230763e-01  -1.1919624e-02  -2.0958435e-01   5.2218673e-02  -1.0170982e-02  -2.0881247e-01  -5.2129855e-01  -4.4718742e-01  -1.8067401e-01  -1.0755798e-01   2.2651443e-01   2.9331226e-01   1.5767808e-03   4.7394366e-01   9.2592582e-02   3.5932959e-01   3.6005408e-01  -4.9220599e-01  -2.4085532e-01  -5.1269596e-01   1.0353448e-01   1.8994967e-01  -3.1105354e-01  -3.5986869e-01   2.9534172e-01  -1.8760049e-01  -2.3551450e-01   1.5547149e-01  -2.7779396e-02   3.1579976e-01   3.4390154e-02   6.7578022e-02   3.3235264e-01   2.8558799e-01  -2.7555356e-01  -4.6272823e-01   1.7902894e-01   2.8392540e-01  -3.5389585e-01   2.1414443e-01  -9.7768236e-02   6.8327405e-02  -7.4032802e-02   4.1607691e-03
  -3.1708076e-01  -2.3397798e-01  -2.3470434e-01   2.3332161e-01   2.4056638e-01   1.2178737e-01   2.1938611e-01  -1.2838564e-01  -2.8265732e-01   1.0384118e-01   0.0000000e+00  -1.1983243e-01   1.4332414e-01   5.3250854e-02   3.4909904e-01   1.4313556e-01  -1.9649466e-01   7.3852070e-01  -1.0346705e-01   2.1585974e-01   4.6664091e-01  -1.8494386e-01   4.6454793e-01  -3.4396150e-01   2.0937303e-01  -2.1205349e-01  -1.0871510e-01  -2.2206931e-01  -7.4885686e-04   1.4864802e-01   2.3080536e-01   1.7065503e-01  -4.4587389e-02  -8.0003937e-02  -3.3863483e-03   4.1364225e-01   2.3569910e-02  -3.3207183e-01   1.6660478e-01  -1.4123331e-01   1.8911908e-01  -2.7889981e-02  -9.4307404e-02   5.3125969e-02   3.8482065e-01  -3.0128845e-01   6.3058536e-01   2.7844036e-01   3.1186036e-01  -2.1680006e-01   4.5023720e-01  -7.0664841e-02   2.9811248e-02  -1.0554237e-01  -1.8335704e-01   1.0875273e-01  -1.5589518e-01  -3.9190223e-02   3.5776893e-01   2.1231775e-02  -3.4987917e-01   3.4995049e-01  -1.8958599e-01   6.1955844e-02   6.7880852e-02   2.0869772e-01   8.9458908e-02   1.8443406e-01   4.3659429e-01  -1.2471541e-01   7.2987710e-02   4.5252936e-01   2.9085710e-01  -2.4282588e-01   6.1742230e-02  -1.8105476e-01  -3.0082011e-01  -9.9722411e-02  -8.0743382e-02   3.2575567e-01   1.5737111e-01   3.1618723e-01   3.9627367e-01  -2.9257049e-01  -2.5339779e-01  -1.5877911e-01   6.3811603e-02  -3.0393034e-01  -1.9584297e-01  -3.3567530e-01  -1.7235091e-01  -3.5058400e-01  -7.8733441e-03  -1.1413849e-01  -3.1260029e-01   2.4986503e-02   2.5973884e-01  -5.5787565e-02   4.4648085e-01   2.1561744e-01   1.1679521e-01   3.0420475e-01   6.3007456e-02  -1.7637997e-01   4.6319414e-01   4.0001867e-03  -1.2290305e-01   1.4415696e-01   7.6202914e-02   1.3343319e-01   4.1705420e-01   4.0950842e-01   2.1903422e-01  -2.8718788e-01  -1.6041528e-01  -2.2067026e-01  -2.6122738e-02   2.3162239e-01   1.3447884e-01   3.4386313e-01  -3.3095643e-01  -2.6098248e-02  -9.4083041e-02  -6.1636327e-02  -2.8897457e-01  -1.9555830e-01   2.0952291e-01  -1.0531051e-01   2.3816740e-02  -3.4313852e-02   1.9810689e-01   3.3296581e-01  -2.8923509e-01   1.6848383e-01  -2.3518903e-01  -1.2605593e-01   2.3765599e-01   1.4797058e-01  -6.3238204e-02  -3.2463817e-01  -2.3063119e-01  -9.0498308e-02   2.8328615e-01   9.2407309e-02   3.0921573e-01   3.4194274e-01  -1.4947404e-02   1.9309405e-01   2.1712729e-01   2.9574339e-01  -2.0056887e-01   1.7096718e-01  -2.7750360e-01   1.7859449e-01  -1.7384978e-01  -2.9052305e-01  -2.9972950e-01   3.0081431e-01  -2.8160946e-01   1.6650116e-02   2.3988419e-01   2.5205307e-01   3.0289324e-01   6.0811015e-01   2.0801593e-02  -1.4629491e-01   5.9805421e-01   2.9137330e-02  -2.4982496e-01  -1.6197700e-01  -3.2876482e-01  -3.6461459e-01   4.8001989e-01  -6.1117085e-03  -1.6969409e-02   3.3165630e-01  -1.8032230e-01
  -3.8876427e-01   6.0408451e-01   4.4968188e-01  -7.2075238e-02   9.2086526e-02   2.2280400e-01   2.7844356e-01   4.0270879e-03  -5.0637894e-02   3.9972494e-01  -1.1983243e-01   0.0000000e+00  -1.2653371e-01  -3.1835788e-01  -2.3362269e-03   1.2489704e-01   4.0866217e-01  -2.9238236e-03   4.5719284e-03   2.3263407e-01  -1.4944482e-01   5.0370032e-03  -4.2748932e-02  -3.4031244e-01  -1.3399054e-02   5.1966207e-02   3.6884205e-01  -1.8995745e-01   6.7916101e-02   3.6236101e-02   7.0448790e-02  -4.3677185e-03  -1.3551800e-01   5.6189753e-01   4.6322913e-01   1.7105448e-02   2.4820487e-01  -2.6991525e-01   8.2437066e-02   4.1577225e-01   4.3522013e-02  -8.5977471e-02   4.3833642e-01   5.3279924e-02   6.1203321e-02  -3.0942255e-01  -1.1319828e-01   2.9079316e-01  -6.5030061e-02   4.3132549e-01  -3.8689612e-02   7.6193245e-02   3.2582418e-01   1.0159084e-01  -1.4770408e-01   1.5641164e-01  -2.7436723e-01   2.0638874e-02   2.1516349e-01   7.1863853e-01  -9.3604138e-02   1.5002182e-01   2.1850295e-01  -1.1960336e-01   2.1321883e-01   1.0337293e-01   3.6250978e-01   1.5317899e-01  -1.6685452e-02  -1.1449274e-01   4.2025928e-01  -1.8870712e-01   1.5054636e-01  -1.3961476e-01  -1.3382352e-01  -2.7607362e-02  -2.5846593e-01   1.6878147e-01   3.3981984e-01  -1.6265884e-01  -3.1267550e-01   2.3667084e-01   1.6459961e-01  -9.1328036e-02   3.1175499e-01  -3.4517781e-02   2.2279482e-01  -3.6410460e-01   1.5613870e-01  -4.6194150e-01   5.2443931e-03  -1.2024844e-01   7.0260210e-01   2.5373987e-01  -3.2045186e-01   1.9443728e-01  -5.4214259e-02   8.9026365e-02   1.0173091e-01   1.0850723e-01  -4.0734291e-01   5.1435339e-02  -7.3653358e-02   3.1262849e-01  -1.3861014e-01  -3.3689894e-03   1.4734118e-01   1.6472080e-01   1.2294737e-01   2.8955551e-01   1.0829909e-01  -4.4468386e-02   9.5733757e-03  -3.9978293e-01  -5.0910923e-01   8.4985876e-02   1.4003374e-01   2.4908355e-02  -1.1960150e-01  -6.2340663e-02  -4.0665417e-01   4.3027521e-01   4.2632833e-01   7.8429694e-02  -3.7501057e-01  -1.8833166e-01   3.8880041e-01  -2.3811614e-03  -2.8805258e-02   2.7332053e-01  -1.0867564e-02   2.2908015e-01   4.1281181e-01   2.6915312e-01   1.2731876e-01   3.0244963e-02  -3.1201962e-02  -1.0286817e-02   3.6140420e-02  -4.6941202e-01  -3.7227769e-01  -2.9956045e-03  -1.1455582e-01   2.0177965e-01   3.6575812e-01   1.7080904e-01   6.7504173e-01  -6.6194284e-02   2.0524732e-01   6.8971576e-02  -4.2187656e-01  -1.9100210e-01  -3.5824441e-01   1.3438941e-01   6.1987002e-01  -2.7629995e-01  -2.4005604e-01   2.8799281e-01  -1.8090510e-02  -1.9098037e-01   3.2031621e-02   1.3614182e-01  -7.5763125e-02  -1.2100161e-01  -6.9712827e-02   6.9857730e-01   3.4050298e-02  -2.7323109e-01  -3.7527157e-01   5.3468555e-01   7.0164862e-01  -3.8184042e-01   4.6027305e-02   1.2646492e-02  -7.4755978e-02  -1.2981567e-01   8.9630488e-03
  -4.7239579e-02  -2.0737744e-01   9.9058083e-02  -1.6163905e-01   2.6309758e-01   1.2568007e-01   2.6129805e-01  -2.3330216e-01  -2.6166064e-01   9.0810417e-02   1.4332414e-01  -1.2653371e-01   0.0000000e+00   1.3711188e-01  -8.9867638e-02   1.0508015e-01   1.6244133e-01   2.6920098e-01  -3.2706126e-01   2.8420402e-01   1.7303763e-01  -3.1068669e-01   3.5902422e-02  -4.3069970e-02  -1.3684495e-01  -1.4445777e-01   2.0731474e-02  -2.9975425e-01  -2.6577854e-01  -7.9918469e-02   1.8757818e-02  -2.7612515e-01  -3.9411442e-02  -6.1081814e-02  -2.2009579e-01   3.4924995e-01  -1.0816512e-01   2.9212828e-02   5.5886993e-02   1.6889807e-01   5.4016925e-01  -3.1125415e-02  -1.5601114e-01  -2.8357157e-01   1.6817241e-01   1.6606651e-02   2.3780526e-01   6.4443923e-02   1.5380602e-01   1.8629912e-01   3.2636960e-01  -2.1331529e-01  -1.6632591e-01  -2.8820920e-01  -5.8218347e-02  -2.0596348e-01  -5.3212306e-02  -3.7776245e-01   7.3267290e-02   1.4562622e-02  -8.0465835e-02   1.8030193e-01  -2.1802661e-01  -2.5915722e-01  -2.9808501e-01   1.7051702e-01   7.7194408e-02  -1.5042408e-01   8.5130740e-03   1.8493185e-01   3.3715221e-02   8.4987912e-02   3.2613355e-01  -1.2716859e-01  -4.4820834e-03  -2.9247139e-01  -1.3713488e-01  -2.2992537e-01   4.9123042e-02  -1.9308753e-02   4.3739604e-02   2.9526146e-01   9.3072294e-02  -2.4694386e-01  -4.5049487e-02  -3.8296758e-01  -7.9491583e-02  -2.0722131e-01  -2.1165791e-01  -1.1270574e-01  -1.2623115e-01  -1.5365886e-01  -2.3687905e-02  -3.2983906e-01  -7.4914175e-02   2.6755799e-01   1.3462641e-01  -3.0437677e-01   7.8999432e-02   1.6618042e-01  -7.8795186e-02  -3.2815585e-02  -1.5050484e-01  -1.9173764e-01   2.3667732e-02  -4.0164320e-01  -1.0437423e-01  -2.2266225e-01   6.4850898e-02   7.3288972e-02   8.4080154e-02   6.7227303e-03  -1.2070347e-01  -1.7474784e-01  -9.5911657e-02  -2.1894299e-01  -1.7296452e-01   4.3714132e-01   4.0658925e-02  -1.0380154e-01  -1.0315447e-01   7.5204840e-02  -2.1420525e-01  -2.8065930e-01   1.1575352e-02  -6.0473044e-02   9.6938121e-02  -1.0121414e-01  -3.7578340e-01   1.9716499e-01   2.4424939e-01   1.5048340e-01  -1.3401975e-01  -7.6638908e-02  -2.8417915e-01  -3.1869237e-01  -9.3046077e-03  -3.6026624e-02  -3.0307022e-01  -8.0945112e-02  -1.3073399e-01   5.4663696e-01  -6.5720051e-02   1.7103532e-01  -1.9344584e-02  -2.1517447e-01  -2.5035064e-02   8.7698914e-02   2.2326719e-01   9.8632412e-02  -1.7348666e-01  -3.4048687e-02  -2.7489730e-01  -3.8237708e-01   7.0472211e-02  -8.4270757e-02  -1.5218505e-01   8.5671706e-02  -4.9134433e-02  -1.5615937e-01  -4.7836860e-02  -1.6048494e-01   1.5386834e-01   5.9051992e-02  -3.3020319e-01  -1.7693190e-01   1.2805037e-01  -1.5386631e-01  -1.6345802e-01  -9.2201071e-02  -1.5786270e-01   1.2531290e-01   6.6407098e-02   1.6710532e-01   3.7059012e-02  -1.6147212e-01  -4.4458961e-01
   2.1662217e-01  -2.8222086e-01  -1.5212164e-01   2.7572038e-01   5.8273907e-02  -1.5658201e-01  -9.6150741e-02  -1.1454788e-01  -9.2858634e-02  -2.9996201e-01   5.3250854e-02  -3.1835788e-01   1.3711188e-01   0.0000000e+00  -6.8839647e-02   1.4407936e-01  -1.8725966e-01   4.9454063e-02  -3.2659175e-01   1.9197366e-02   2.9777729e-01   6.2953363e-04  -5.6390108e-02   2.0039567e-01   4.0822367e-02  -2.8958216e-02  -3.3630888e-01   1.4379396e-01   9.2219526e-02   2.0850060e-01   1.3609824e-01  -3.0095515e-02   1.4535549e-01  -3.9043490e-01  -2.7654172e-01   4.5159957e-02  -1.9502833e-01   1.4947608e-01   1.2570424e-01  -2.5371614e-01   8.6985473e-02   1.3522428e-01  -3.4005728e-01   8.6720086e-02   8.4404811e-03  -3.0339299e-02   1.2798723e-01  -3.8703777e-04   9.6813980e-02  -1.1995611e-01   1.3304295e-01  -1.1558028e-01  -1.8407005e-01  -7.7810264e-02   2.5730672e-01  -5.8454214e-03   8.7092081e-02  -7.8124494e-02  -1.8334014e-02  -2.2639008e-01   2.0956568e-03  -1.2655567e-02  -1.0259829e-01  -3.8504706e-03   5.0843098e-03  -4.6781260e-03  -1.3222726e-01  -1.7425433e-02   6.6193983e-02  -9.0661183e-02  -2.7354753e-01   1.3805563e-01  -9.6753791e-03   3.5110566e-01   9.9501074e-02   1.6793243e-02   3.7220997e-02   3.0204021e-03  -2.3588682e-01   6.6050277e-02   1.4316909e-01   1.0404106e-01   9.7849871e-03   4.1570379e-02   2.1730212e-01   8.1655155e-03  -2.0445534e-02   2.1942989e-01   2.8337308e-03   3.0934506e-01   4.0700672e-02   4.2500988e-02  -2.0275494e-01  -1.8007222e-01   1.6665276e-01  -1.4486345e-01   8.1473757e-03  -3.2572284e-01  -2.4220437e-02  -1.2273446e-01   4.7381405e-01  -1.6971904e-01   2.4983490e-01  -1.5068043e-01   1.5841526e-02  -4.3727888e-02  -5.2149005e-02  -3.1503749e-01  -1.4762811e-01  -6.9820336e-02   6.5747088e-02   2.5122956e-02   2.5049170e-01   2.2958498e-01   2.7676733e-01   2.8170616e-02  -1.7239716e-01   7.3430021e-02   9.8501675e-02   2.1203938e-01  -2.3683019e-03  -3.3891821e-02  -5.9522992e-02   9.0067443e-02   9.7763353e-02   5.8076292e-02  -3.8652721e-02   7.5105892e-02  -8.4756704e-02  -2.2102341e-01   9.7013894e-02  -5.6484560e-02  -1.0891641e-01  -8.3122767e-02  -9.9732338e-02  -5.9771904e-02  -1.9262762e-02   2.5657885e-01  -2.9996360e-02   1.7326440e-01   2.5218645e-01   9.7933548e-02  -2.6227429e-01  -3.2778925e-02  -3.1243522e-02  -1.2981154e-02  -2.7707933e-01   3.1263998e-03   2.7690700e-02  -9.3501449e-02   3.4399601e-01   3.2505548e-01   6.2137375e-02  -5.4875340e-02  -2.8597524e-01   9.8277447e-02  -4.9973140e-02   6.9694349e-03  -4.2525104e-02   5.3945612e-02   2.6342274e-02  -6.1375049e-02  -9.7100073e-02   1.8351922e-01  -5.2892729e-02  -1.8495114e-01   4.2705372e-02   8.6142898e-03   3.6671969e-02  -1.9243982e-01  -2.2283382e-01   1.6748480e-03   1.5500393e-01   9.3542298e-03  -1.9321776e-02  -2.2360702e-02  -5.5365755e-02
