   0.0000000e+00  -3.8133943e-02  -2.2038128e-02  -3.8994204e-02  -3.7186697e-02  -2.0947573e-01  -2.0990338e-01   3.2768336e-01  -6.8627950e-02  -2.8759990e-02  -6.4378170e-03   5.6812184e-02   2.4191872e-02  -1.2429139e-02  -1.9013402e-01  -2.6895407e-01  -3.3421052e-03   8.5764671e-03   2.7960416e-01  -1.0198955e-01  -1.3519647e-01   1.6639942e-01  -1.4673925e-01   2.2240609e-01  -1.4166220e-01   1.9519114e-01  -3.3705151e-01  -1.4959088e-01  -8.0775026e-02   6.9671675e-02  -1.2418890e-01   1.7197354e-01  -1.9883927e-01  -2.2478333e-01  -2.7703522e-01  -1.9760428e-01  -4.7857453e-02   3.5497768e-01  -1.6107141e-01  -2.7612444e-02   1.1564418e-01  -1.4847123e-01  -7.4066917e-02  -2.5575490e-04  -1.9123174e-01   3.7574103e-01  -6.7452524e-02  -8.5277436e-02  -2.7004857e-01  -8.4823098e-02   8.3295895e-02   3.5032243e-01  -9.7803026e-02   3.4358083e-02   8.5728647e-02   1.5359141e-01   5.1432937e-02   1.4954705e-01   1.2687993e-01   6.5404451e-02   2.5223340e-01  -1.8797436e-01   1.0188079e-02   6.9738552e-02  -6.1378301e-02   8.8158177e-02  -1.6622453e-01  -6.2917892e-02  -4.0648978e-02   1.0904893e-01   2.2431956e-02   1.8599629e-02   3.2308404e-02   2.5278522e-01   2.4273890e-01   1.8356431e-01   3.2278274e-01  -1.7171423e-01  -6.6548887e-02  -5.3909010e-02  -9.8340344e-02  -6.4611539e-02  -3.5275758e-02   1.3662133e-01   2.3970282e-01   7.8646710e-02  -1.6861686e-01  -5.7748629e-03   6.2983575e-02   1.4219805e-01  -2.4827024e-02   1.3792991e-01  -1.2720325e-01  -1.0978504e-01   2.3852125e-01  -4.2103342e-02  -8.3337361e-02   2.3978951e-01  -4.2433451e-02  -2.9356019e-01   1.5368705e-01  -2.4630730e-02  -1.6154210e-01  -6.3557496e-02   9.8180710e-02  -2.5947686e-02   6.4244287e-02   2.9589693e-03  -2.0882286e-01  -4.8473987e-02  -1.6078053e-01   5.6850405e-02  -9.9229369e-02   6.8649933e-01  -6.6661768e-02  -7.7803656e-03   1.6295474e-01  -7.5326003e-02   1.0282783e-01   1.3993108e-02   1.4411246e-01  -6.4411249e-02   1.8820145e-03  -2.9822413e-02   2.5994780e-01   1.8201192e-01  -2.0624682e-01   5.5704811e-02   1.5459911e-01   1.3755332e-01  -1.1473995e-01  -2.2195542e-01   5.8105151e-01  -1.0491088e-01   8.4290129e-03   1.2462968e-01   1.1436988e-02  -1.4022588e-02   1.9124665e-01   5.5866101e-01   3.6497318e-01  -1.5091372e-01   1.8952816e-02   1.2520612e-01  -2.4904602e-01   1.1229541e-02  -1.5328652e-01   1.2439290e-01   1.4997251e-01  -2.0516165e-01  -5.6092896e-02  -1.2010538e-01   5.2965460e-02   4.1717817e-03   5.2067264e-02   4.9536647e-01   3.9397995e-01   1.1478250e-01   1.6514072e-01   9.2792154e-02   9.4946140e-02   1.1419499e-02   8.1041086e-02   4.3714405e-02   6.5227866e-02  -2.0313350e-01  -9.5970096e-02   2.7483971e-02   3.3591098e-01   4.5182071e-02  -1.1531051e-01   4.2564733e-01  -1.3378150e-01   3.0193764e-03   1.0171785e-01   7.8329545e-02   9.8176442e-02
  -3.8133943e-02   0.0000000e+00   4.7420243e-01  -1.0560683e-01   5.4485764e-01   4.3900954e-02  -4.2142940e-01  -2.1148489e-01   4.5317825e-01  -7.3170172e-02  -5.2672145e-01   7.2204079e-01  -1.8147395e-01   7.5118460e-04  -5.2527656e-01  -2.3620213e-01   6.0490718e-01  -6.2828649e-01  -3.1796446e-02   4.5129967e-01  -4.2286308e-01  -3.9752152e-02  -3.4845742e-01   9.6104195e-02   1.7479254e-01  -8.3169394e-02   2.1528489e-01  -4.2799347e-01   2.3622069e-01   2.5495948e-01  -4.9167678e-01  -2.1451354e-01   2.4607643e-01  -3.9262389e-01  -1.6464045e-01  -9.7257302e-02  -3.1282066e-01  -2.8100828e-01  -1.5688347e-02   5.6135609e-01  -2.9200817e-01   2.1805643e-01   5.6322523e-01   1.6601901e-02   3.9964159e-02  -5.0335120e-01  -4.9520872e-01   3.4926680e-01   4.6788181e-01   3.7432098e-01  -6.1459187e-01  -3.3347293e-01  -5.9304419e-01   3.5082018e-01   2.3642600e-01  -4.4748193e-01  -1.2309269e-01  -7.9074712e-02  -3.0704430e-01  -4.1418638e-01  -1.6424111e-02   3.2631060e-01   6.7439399e-01  -4.8466874e-01   3.3178006e-02  -1.6854705e-02   4.7377064e-01   3.7832034e-01  -2.1559376e-01  -2.2440347e-01   4.9571337e-01  -2.6635100e-01  -2.7082199e-01   4.0548516e-01   1.4993546e-01  -3.0208071e-01   5.4471604e-02  -1.5821773e-01   6.6459522e-01   2.7784497e-01  -5.3065499e-01  -3.2171713e-01  -3.7938263e-02   7.3085538e-02   2.6627190e-01  -3.3310390e-01   1.2823136e-01   2.2721480e-01   5.0510080e-01   6.9741003e-02   6.9170531e-01   1.8603918e-01   4.2873633e-01   5.0872464e-01  -4.8532532e-01   6.0327061e-01   5.6207542e-02  -2.8178108e-01   2.7103721e-01  -3.2102775e-01  -1.4470107e-02  -6.3654107e-01  -1.3602427e-01   1.9874760e-01  -4.1692476e-01  -2.0383541e-01   3.2026739e-01  -1.2830885e-01   1.2288614e-01   1.2946206e-01  -1.6440748e-01  -1.5530297e-01   2.1743242e-01  -5.2450138e-02  -5.4315497e-01   4.6442866e-01  -9.9138957e-03  -1.2161719e-01   3.9532952e-01  -6.9761212e-02  -4.0451769e-02   6.2112117e-01   5.8859573e-01  -1.8412995e-01  -2.2029729e-01  -8.6102653e-02   1.3527515e-01   3.1579953e-01   1.2514854e-01   3.8078783e-01  -5.1828824e-02   4.3053538e-01   3.4389529e-02  -4.1487156e-01   4.4773922e-01  -3.3278102e-01   7.6630751e-02  -3.9052762e-01  -2.6679743e-01  -8.9190713e-02  -1.0259142e-01   1.4824904e-01  -3.6191908e-01   1.8096366e-01  -5.7234377e-01  -4.4731007e-01   3.4407261e-01   5.4509907e-01   7.8018074e-02  -3.1601776e-01  -3.9494122e-01  -4.6317002e-01   3.6171298e-02  -1.0262980e-01   7.0996862e-01  -4.8880736e-02  -9.4258522e-02  -3.1754997e-01   1.5994822e-01  -3.7517536e-01   3.5374930e-01  -2.6872581e-01  -3.1869118e-01  -3.5303017e-01  -1.3054023e-01   5.1047199e-01   3.8472316e-01  -6.8764869e-02  -2.7488043e-02   8.6235206e-02   6.6624034e-01  -1.3304720e-01  -2.8997357e-01   6.0424639e-01   1.5435854e-02   8.9627988e-02  -2.1993983e-01
  -2.2038128e-02   4.7420243e-01   0.0000000e+00  -3.3362771e-01   6.8155506e-01   4.1141330e-01  -1.2246555e-01  -4.4960134e-02   3.2628826e-01   4.4169311e-01  -6.0008897e-01   2.9407079e-01   2.2615647e-01  -3.3409933e-01  -5.8843412e-01   1.3992426e-02   8.4711554e-01  -6.8649507e-01  -5.2188056e-02   6.8699828e-01  -6.2173247e-01  -1.3157785e-01  -5.0373360e-01  -1.5781976e-01  -1.3279197e-01   6.2170006e-02   5.2006064e-01  -4.4977300e-01   9.2393441e-02  -1.2504003e-01  -5.0006169e-01  -4.1955791e-01   2.7553632e-01   6.7467598e-02  -2.3312390e-01   3.9562376e-01  -3.4133261e-01  -1.8065394e-01   1.4838707e-02   8.4510738e-01  -2.0714097e-01   3.9375532e-01   7.6783153e-01  -2.7673413e-01  -3.0125619e-01  -5.0294136e-01  -5.4092676e-01   2.9083164e-01   3.5984551e-02   6.7965517e-01  -5.6892837e-01  -3.2938968e-01  -1.3725420e-01   4.0464535e-01  -1.4196305e-01  -4.3740066e-01  -1.4279563e-01  -1.4829809e-01  -4.6124993e-01  -4.3088727e-01   3.1902015e-01   3.4808463e-01   5.9428270e-01  -6.9384037e-01  -4.4622295e-01   2.2281775e-01   6.4617033e-01   2.2170027e-01  -4.6700182e-01   3.3195993e-02   6.6723488e-01  -4.2194704e-01  -1.0534304e-01   3.1013172e-01   2.2547296e-01  -4.5481406e-01   3.2993098e-01  -9.4073575e-02   5.3396976e-01  -7.5800413e-02  -3.4573404e-01  -1.2818981e-01  -4.3128389e-02  -2.4323760e-01   2.2470342e-03  -5.2550990e-01  -2.5131816e-01  -1.8983167e-01   3.1860829e-01  -1.1736937e-01   4.2323102e-01   6.0095479e-01   6.8964573e-01   3.2890286e-01  -2.0615179e-01   6.8497608e-01   1.6877095e-03  -2.9621598e-02   3.1196961e-01  -1.6570529e-01   1.8630848e-01  -4.7218191e-01  -4.3679606e-01  -2.9137523e-01  -5.6967643e-01  -6.7723719e-02   4.6393981e-01  -1.3205583e-01  -4.9498276e-02   2.0434929e-01   1.9810319e-01  -2.7359531e-01  -3.4022453e-02  -6.8521314e-02  -1.3080618e-01   3.0420574e-01  -6.7089735e-02   2.1858575e-01   5.1029919e-01  -3.0917090e-01  -2.2003904e-01   6.6555129e-01   4.8139508e-01  -6.2856184e-01  -3.6358594e-01  -2.8701566e-01  -3.2009937e-01   3.3773683e-01   8.6468538e-02   8.0177320e-01   2.4753850e-01   1.6676187e-01   1.2683157e-01  -3.7994864e-01   2.9630311e-01  -4.2176122e-01   3.2745295e-02   2.2224752e-02  -4.6272622e-01  -2.1591435e-01  -1.5603745e-01   3.6122330e-01  -6.1197475e-01   2.0245207e-01  -4.8355317e-01  -7.2649427e-01   6.2003964e-01   3.2704936e-01   2.4238571e-01  -1.4951439e-01  -1.5724634e-01  -4.6585029e-01  -1.2064046e-01  -4.5398520e-01   8.5387915e-01  -1.4477838e-01  -2.0071530e-01  -4.0225187e-01   3.5920715e-01  -3.8806215e-01   2.2363534e-01  -5.1888008e-01   1.1257356e-01  -6.2436418e-01   6.4852775e-02   3.5957362e-01   2.7986931e-01  -3.1432947e-01  -6.9198289e-02   3.8313597e-01   4.8824305e-01  -2.2667461e-01  -5.0454640e-01   6.1497085e-01  -1.1494347e-02   2.2456493e-01  -1.2219982e-01
  -3.8994204e-02  -1.0560683e-01  -3.3362771e-01   0.0000000e+00  -4.4389213e-01   2.1751580e-02  -1.1126351e-01  -1.4996753e-01  -3.9023419e-01  -4.9111308e-01   3.7557760e-01   2.8536679e-02  -1.8024941e-01   2.3562445e-01   4.1413086e-01   1.7381975e-01  -4.2509719e-01   3.8234526e-01   4.0254189e-02  -4.4331286e-01   2.7296051e-01   5.0634718e-01   5.5687475e-01   9.7873191e-02   7.2372845e-02  -7.2555277e-02  -2.2476972e-01   3.5009899e-01  -2.7986687e-01   3.4935497e-01   2.3802371e-01   5.2692823e-01  -2.5149972e-01  -3.6997984e-01   3.0845724e-01  -4.6193141e-01  -6.7301270e-02  -2.1798960e-01  -3.9880474e-02  -3.8217340e-01  -1.0029888e-01  -6.5510693e-02  -5.1348185e-01   1.9426104e-01   2.2063987e-01   8.8657398e-02   2.7664868e-01  -4.5657946e-01   1.8504884e-01  -5.1707253e-01   3.6258865e-01   1.8025507e-01  -3.2633421e-01  -1.7717964e-01   2.4911608e-01   3.4203626e-01  -5.4555561e-02   5.4208248e-01   3.4570747e-01   4.3922799e-01  -2.7224895e-01  -8.6012774e-02  -4.1044075e-01   2.8738957e-01   7.6267697e-02  -1.9764937e-01  -1.8592929e-01  -1.2158755e-01   6.7609102e-01   1.9442303e-01  -6.0029658e-01   6.6592516e-01  -2.3889598e-01  -1.0711998e-01  -1.2495810e-01   6.0136842e-01  -3.3443768e-01   1.3635094e-01  -3.6058019e-01   1.9022758e-01   2.2936808e-01   2.2129500e-03  -2.6383256e-02   4.7029550e-01   6.7358369e-02   5.7731360e-01   3.0019758e-01   5.3062970e-02  -2.7487614e-01   3.8870224e-02  -2.4107428e-01  -4.7397702e-01  -4.9821125e-01  -1.0615987e-01  -1.6391101e-01  -3.2952263e-01   2.4021484e-01  -1.7323481e-01  -1.1600881e-01  -1.0703814e-01   3.0192398e-02   1.7863453e-01   6.8654200e-01   6.3018491e-01   6.9545921e-01   4.8807090e-01  -3.6839188e-01   5.5468770e-01  -8.9319111e-02  -2.1617402e-01  -3.1971302e-01   7.5562416e-01   4.4992498e-01   6.1270779e-02  -2.4556887e-01  -3.2269512e-01   3.5053259e-01  -3.0427661e-01  -1.1683196e-01   7.6489665e-01   8.4255891e-02  -3.4545639e-01  -2.2108769e-01   1.7508873e-01   2.0135468e-01   6.4336683e-01   2.9622549e-01  -2.3219732e-01   3.7944890e-01  -3.1762536e-01  -1.6834789e-01   6.2590977e-02  -1.8971547e-01   7.8461397e-02   2.8935378e-01   3.6985341e-01   2.7673242e-02  -8.9064336e-02   4.6770266e-01  -3.4672341e-03  -1.1817408e-01  -1.8250067e-01   4.4840357e-01   1.5318694e-01   1.7906170e-01   5.2084357e-01  -6.3402648e-01  -1.0689601e-01   1.5322563e-01  -6.6585846e-02  -2.5606118e-01   8.8857113e-02  -2.4805203e-01   2.2815631e-01  -3.9305384e-01   5.9248950e-02   1.2610191e-01   2.7521332e-01  -3.2495355e-01   4.5396560e-01  -1.9085256e-01   3.9653441e-01  -2.5959854e-01   7.0430593e-01   2.1375578e-01  -2.5908856e-01  -2.2119518e-01   1.3894870e-01   1.3751923e-02  -5.9840493e-01  -2.3946315e-01  -6.4540828e-02   3.0452995e-01  -2.6406929e-01   3.3833663e-02  -2.6028771e-01   2.0073612e-01
  -3.7186697e-02   5.4485764e-01   6.8155506e-01  -4.4389213e-01   0.0000000e+00   3.9366550e-02  -2.8797573e-01  -1.4844711e-01   5.4362910e-01   2.9994448e-01  -7.2220382e-01   3.5878039e-01   2.9195215e-01  -3.7433924e-01  -7.4006922e-01  -1.6204905e-01   7.6311768e-01  -7.2912604e-01  -1.1212184e-01   9.2845692e-01  -6.2034471e-01  -2.3871866e-01  -5.7920732e-01  -2.6038749e-01  -9.4266916e-04  -1.3149917e-02   4.7420238e-01  -7.6235690e-01   1.7661117e-01  -1.3727436e-01  -6.6501273e-01  -4.2017474e-01   2.3454997e-01  -5.7975504e-02  -4.0258720e-01   5.7690328e-01  -1.6038449e-01  -3.3306037e-02   4.2823952e-03   8.4528977e-01  -4.2698966e-02   2.5720917e-01   8.3260310e-01  -2.6237596e-01  -5.3742501e-02  -4.2029279e-01  -5.3255254e-01   3.4677665e-01   3.4473839e-01   6.9772616e-01  -6.3778496e-01  -3.8553663e-01  -2.6190424e-01   4.9092314e-01  -1.8336131e-01  -6.5110365e-01  -1.2175986e-01  -2.9186927e-01  -4.3617793e-01  -4.3794191e-01   2.5522063e-01   4.9952848e-01   7.8446607e-01  -6.6461452e-01  -9.0768033e-02   2.9487240e-01   4.8596706e-01   4.0027053e-01  -6.0667690e-01  -4.8798609e-01   7.4531052e-01  -4.6851252e-01  -1.9409620e-02   2.1409928e-01   2.9585607e-01  -4.9833936e-01   2.6432554e-01  -3.9385778e-02   8.2061685e-01   1.6746127e-01  -7.1952298e-01  -2.6828623e-01  -1.7140886e-01  -4.3661461e-01  -1.2257705e-01  -5.7397642e-01  -3.7210473e-01  -8.4833130e-02   5.3177406e-01  -1.6065501e-02   7.4422513e-01   4.5358780e-01   7.8268459e-01   4.2970676e-01  -7.8404266e-02   8.6082114e-01   2.2137874e-01  -1.0205701e-01   6.2026397e-01  -1.1851593e-01  -2.9230434e-01  -6.3995304e-01  -6.3385594e-01  -3.5514079e-01  -7.0337235e-01  -2.8424925e-01   4.5028526e-01  -3.1464832e-01   2.2652960e-01   2.1726584e-01   1.5667342e-01  -4.5864825e-01   6.7598988e-02  -1.3496952e-01  -3.7483944e-01   6.9086349e-01  -1.8644680e-01   2.2120321e-01   8.1904958e-02  -4.0133684e-01  -2.2033310e-01   8.7563454e-01   5.5144234e-01  -3.5467288e-01  -3.9208873e-01  -5.6658346e-01  -2.0306885e-01   5.0777089e-01  -2.6314492e-04   4.0474089e-01   3.0504047e-01   2.3444821e-01   5.4387235e-02  -5.6166084e-01   1.7958516e-01  -4.2563787e-01   2.6953795e-01  -4.0763586e-01  -4.6220688e-01  -1.5993212e-01  -5.8267492e-03   3.8964539e-01  -5.5040234e-01  -2.1206146e-01  -6.1570806e-01  -7.3027656e-01   6.9527761e-01   4.7222761e-01   2.3260221e-01  -2.1425337e-01  -4.3423381e-01  -6.1306011e-01  -1.1764978e-01  -4.5577052e-01   7.9349740e-01  -2.5451195e-01  -2.1322380e-01  -3.9959378e-01   4.0164910e-01  -6.5565030e-01   3.8709058e-01  -5.6000540e-01   1.0097763e-01  -7.1564705e-01  -9.5826502e-02   6.7937263e-01   3.6527060e-01  -3.1425819e-01  -1.5472506e-01   5.0329185e-01   7.4576036e-01  -7.8138034e-02  -3.0837439e-01   4.4277468e-01  -1.1035984e-02   2.5912962e-01  -7.9572964e-02
  -2.0947573e-01   4.3900954e-02   4.1141330e-01   2.1751580e-02   3.9366550e-02   0.0000000e+00   2.4617623e-01   1.2275289e-03  -2.6750963e-01   2.3143031e-01  -9.1993654e-02   1.1808582e-01  -8.0479631e-03  -1.8733052e-01   1.9858311e-03   2.6542544e-01   2.9120639e-01  -1.0839918e-01   6.1932613e-04   1.3000542e-01  -9.9450624e-02  -1.4137723e-03   6.3437464e-02  -6.9587644e-02  -1.3860988e-01   1.5365937e-01   2.6798606e-01   1.7066579e-01   3.3994725e-02  -9.6083677e-03  -8.1321789e-03  -2.0707859e-01   7.9547497e-02   2.5408867e-01   1.8264829e-01   1.5813197e-01  -1.7589634e-01  -1.6763962e-01   5.6252322e-02   2.0472015e-01  -1.8465103e-01   2.4450823e-01   2.1174441e-01  -8.3806715e-03  -2.9154138e-01  -1.2521285e-01  -7.2027558e-03   9.2848160e-02  -2.2745880e-01   1.8061171e-01  -8.1740969e-02  -5.9984243e-02   3.4820175e-02   7.4889724e-02  -1.2239719e-01   1.1890033e-01   5.4672059e-02   5.4033369e-03  -2.7409748e-01  -1.2280529e-01   2.1556169e-01   8.8259945e-03   1.4530591e-02  -2.0953650e-01  -5.4048774e-01   7.0558288e-03   5.9319107e-01  -1.6749594e-01   8.9803726e-02   3.5392012e-01   3.5440365e-02  -6.1548698e-02  -1.8277525e-01   1.5145069e-01  -1.1711623e-01  -1.8854461e-01   1.4921550e-01  -1.0937508e-01  -1.5102929e-01  -3.3927587e-01   2.6075971e-01  -2.4545548e-02   2.6552593e-01  -2.2296395e-02   1.3916567e-01  -1.0948290e-01   1.4832202e-01  -1.8702592e-01  -8.3106627e-02  -6.2921086e-02  -2.1052979e-01   2.5307367e-01   1.9836135e-01  -8.8656568e-02  -1.0692646e-01   1.0393976e-01  -1.2820135e-01  -9.0597818e-03  -1.2974100e-01  -6.8200725e-02   2.4989454e-01   1.9357388e-01   9.5928718e-02  -2.0310105e-01  -2.0592146e-02   3.0131916e-02   1.2214321e-01   2.1421287e-01  -6.8645646e-02   2.9184449e-01   4.5561971e-01   4.9076947e-04  -1.7398588e-01  -2.0390818e-01   1.5127391e-01  -2.3803380e-01  -4.9961195e-02  -1.7635372e-02   4.3739681e-01   5.6446686e-02  -1.2929036e-01   5.4502077e-02   7.2678420e-02  -4.7500014e-01  -2.7060989e-02   1.7814194e-02  -1.4823373e-01  -1.4035047e-02  -2.8444008e-02   4.0911382e-01   4.0075964e-03  -1.5804388e-01  -1.6509416e-01  -9.3573114e-02   1.7530961e-01  -1.3422350e-01  -2.0703516e-01   1.8197371e-01  -2.1872263e-01  -1.8631684e-01  -2.2956444e-01   1.7412594e-01  -2.0312536e-01   5.5544254e-01  -4.5178738e-02  -1.5322942e-01   1.1320317e-01  -1.7864630e-01   1.8446187e-01  -9.7850373e-02   2.0906821e-01   6.3148008e-02  -1.5591855e-01  -1.8816925e-01   2.1556368e-01  -1.0424972e-02  -2.7514779e-01  -2.2463005e-01   5.5976703e-02   4.6176420e-03  -2.6580033e-02  -1.2293931e-01   1.0222029e-01  -8.4642078e-02   3.1243988e-02  -1.3909110e-01  -1.6688951e-02  -2.4324557e-02  -4.6078136e-02   6.6950602e-02  -1.2336666e-01  -9.5816947e-02  -2.8962004e-01   5.1539783e-01  -3.6061478e-02   9.2913812e-02   8.2043391e-02
  -2.0990338e-01  -4.2142940e-01  -1.2246555e-01  -1.1126351e-01  -2.8797573e-01   2.4617623e-01   0.0000000e+00   2.4277764e-02  -1.5298486e-01   3.4614587e-01   2.5420427e-01  -3.2969679e-01  -1.9359650e-02   3.2981143e-02   5.5778233e-01   2.6513567e-01  -3.7234276e-01   3.4957136e-01  -2.1797485e-01  -2.2545969e-01   4.0940438e-01  -3.1642087e-01   4.7778655e-01  -2.2174778e-01  -1.6381104e-02  -8.5939815e-02   2.2041396e-01   3.8168472e-01  -1.6171014e-01   1.8390867e-01   3.5410019e-01  -2.0111811e-01  -2.2784107e-01   7.6006201e-01   7.0690275e-01   3.2456269e-01   4.5274696e-01  -1.2240761e-01  -1.4401329e-01  -3.1733408e-01  -2.1665853e-02  -2.3981136e-01  -2.4581776e-01  -1.8127256e-01   1.3052555e-01   2.8193547e-01   2.5052579e-01   2.9832780e-01  -3.3993343e-01  -3.1640502e-01   3.2684515e-01  -1.8666136e-01   5.3616474e-01  -4.0687998e-01  -1.3504499e-01   1.7532469e-01   2.6816287e-02  -2.6356904e-01  -1.1228193e-01   2.2878404e-01  -3.2012013e-01  -1.1395605e-01  -2.6656261e-01   2.1834366e-01  -8.4657622e-02   2.3241980e-01   2.2179394e-02  -1.4525409e-01  -1.1886000e-01   4.2972135e-01  -2.9257917e-01   5.3961643e-02  -6.3513956e-02  -4.2883963e-01  -2.9386467e-01  -2.4640253e-01  -2.5451499e-01  -1.8281953e-01  -4.3671356e-01  -4.8915776e-01   6.6371532e-01   2.2950581e-01   8.1271810e-02  -1.7830952e-01  -1.5788264e-01  -7.0311060e-02   2.1641670e-01  -1.2338178e-01  -2.6082955e-01  -9.6936098e-02  -5.3085590e-01  -2.4318229e-01  -1.2253788e-01  -7.2522796e-02   2.3407178e-02  -3.8418172e-01  -1.3900824e-01  -7.3876350e-03  -3.0324932e-01   5.7544571e-01   1.3870713e-01   5.5023511e-01   5.3844614e-02  -2.4811746e-01   2.0154918e-01  -1.3500524e-01  -3.6994387e-01  -1.9644129e-01   1.8732208e-01   1.1924541e-01   3.8236033e-01  -1.8211184e-01  -1.6951936e-01  -2.7945131e-01   5.9155820e-01  -4.7234537e-01  -1.5420442e-01   1.0255351e-01  -1.4457439e-01  -1.5501609e-01  -3.4022633e-02  -4.2174267e-01  -3.7027777e-01   6.1340565e-03   2.7315154e-01  -5.7750516e-02   2.2158140e-01  -4.3113528e-01  -3.2727524e-01  -9.6210693e-02   5.1225097e-03  -5.8660531e-03  -1.3339808e-01   4.8743967e-01  -2.6368210e-01  -2.0035925e-01  -4.2512916e-01   5.4220432e-01  -2.4683878e-01  -1.6593044e-01  -1.7065103e-02  -1.1794877e-01  -3.1740674e-02   8.5463938e-03   6.8103330e-01   1.1657084e-01   4.8118469e-02  -4.2000344e-01   3.4607988e-02   3.7765399e-01   3.6996394e-01   4.0338236e-01  -1.9707458e-01  -3.3236243e-02  -3.8453957e-01  -1.3532695e-01  -1.2823650e-01  -3.6012128e-02  -4.0582394e-01   9.2000961e-02  -2.2525501e-01  -4.8412303e-02   2.5100270e-01   8.2232535e-02  -2.4756773e-01  -3.5069715e-01  -7.9695029e-03  -1.7846426e-02  -1.9831090e-01   1.7954389e-02  -4.6220173e-01  -2.1685951e-01   2.3933608e-01  -2.2286828e-01  -2.1287479e-03  -1.9077551e-01  -1.7244770e-01
   3.2768336e-01  -2.1148489e-01  -4.4960134e-02  -1.4996753e-01  -1.4844711e-01   1.2275289e-03   2.4277764e-02   0.0000000e+00  -1.0924773e-01   1.1165401e-01   4.0949080e-02  -2.1553875e-01  -7.9016570e-03   1.1190261e-01   1.0849424e-01  -8.5169311e-02  -1.0047170e-03   2.2443895e-02   2.5099342e-01  -1.1082732e-01   7.4667690e-02   5.9148968e-02  -1.4331554e-01   4.8256417e-01  -7.3429022e-02   5.2839511e-01  -8.4096533e-02   1.2154595e-01  -6.1377506e-02   3.2557367e-02   2.0120384e-01  -1.8365111e-02  -3.9838471e-02   3.6529782e-02  -1.8110331e-01  -1.2047595e-01   3.5600884e-02   2.0202694e-01   6.8269347e-02  -2.5964606e-02   2.9875672e-01  -1.9033668e-01  -4.8326195e-02   4.0534819e-01  -3.6563988e-01   2.7134992e-01   4.9209360e-02  -3.2724620e-02  -3.1892418e-01   5.2820814e-02   1.4043711e-01   5.2684829e-01   1.7459966e-01  -1.0153069e-01   1.6234874e-02   2.3920304e-01   3.5945071e-01  -9.3253775e-02   1.7850514e-01   6.2857521e-02   2.1849643e-01  -3.2400902e-01  -1.4956938e-01   2.9081119e-01  -2.3171120e-01   5.6194681e-03  -4.7194843e-02  -1.2695948e-01  -7.2179997e-02   1.1826001e-01   4.0943345e-02  -1.9383229e-01   9.6915718e-02   1.3334654e-01   3.3972318e-02   9.1904387e-02   7.7359632e-02   8.4875363e-02  -1.5714214e-01  -1.2765487e-01   2.0410621e-01  -5.8227345e-03   2.0216511e-01   1.7983509e-01   7.9863772e-02  -2.6463720e-02  -1.5941840e-01  -2.4762425e-02  -4.7160980e-02   2.8199395e-01  -2.1452915e-01   2.0187129e-01  -4.6481350e-02  -2.9725845e-01   1.3211013e-01  -1.7554451e-01  -6.2917854e-02   4.9026350e-01  -2.0237683e-01  -1.2655690e-01   2.5639212e-01   2.2428175e-01  -5.3869984e-02  -1.1472521e-01  -6.5731488e-02   9.3179915e-02   7.4459103e-02   9.6219160e-02  -2.4514183e-01   4.5276445e-03  -4.4820089e-02  -1.5227950e-01  -3.3940751e-01   3.0942397e-01   2.4015465e-01  -1.1613753e-01   1.9899160e-01   2.9156042e-02   8.0987393e-02  -1.1084352e-01   1.9660817e-01  -1.5318609e-01  -1.0932748e-01  -1.4130822e-01   8.9049154e-02   3.6353439e-02  -3.8470296e-01  -6.7560710e-04  -6.3516059e-03   1.1118296e-01  -6.2590157e-02  -3.9993822e-01   4.5034207e-01   9.7190386e-02  -2.3462675e-01   1.4558144e-01  -7.1437291e-02   2.3491223e-01   5.3553878e-02   2.5044925e-01   2.3097863e-01   5.3273218e-02   3.9599879e-02  -2.5946025e-02   2.4630688e-03   1.3654266e-02  -8.8033632e-02  -4.7268736e-02  -8.0652955e-02  -8.6754959e-02   1.6592559e-01   2.5464996e-01   2.4781143e-01  -1.1538216e-02  -1.0573059e-01   2.5276568e-01   2.7107725e-01   1.8786070e-01   1.4108780e-01   1.8898373e-01  -4.8393581e-02   9.0125756e-02   1.3473816e-01  -8.8950450e-02   4.6305521e-02  -2.5109239e-01  -2.2741476e-01   2.4110121e-01   1.7354842e-01   2.1289180e-01  -2.4742810e-01   2.5261950e-01  -1.9438069e-01  -9.3034620e-02  -6.5845195e-03   2.1954620e-01   7.8592716e-02
  -6.8627950e-02   4.5317825e-01   3.2628826e-01  -3.9023419e-01   5.4362910e-01  -2.6750963e-01  -1.5298486e-01  -1.0924773e-01   0.0000000e+00   1.5905627e-01  -4.8365563e-01   2.5980739e-01  -3.5709694e-02  -2.1763839e-01  -5.2177765e-01  -3.4798154e-01   4.2128472e-01  -4.5375308e-01  -5.1669975e-02   4.5127136e-01  -2.9193110e-01  -3.4399150e-01  -5.1792312e-01  -1.2852438e-01   1.8864824e-01  -6.0675336e-02   4.0050782e-01  -5.7847885e-01   2.6327534e-01   3.9118162e-02  -4.2285550e-01  -3.2071283e-01   3.9608621e-02  -2.1655324e-02  -2.0229162e-01   2.3060447e-01   3.0336464e-02  -4.3599135e-02  -1.1016219e-01   4.9466405e-01  -4.8707474e-02  -1.1221438e-03   6.0794593e-01  -2.2215428e-01   1.1240738e-01  -2.9580883e-01  -4.8219702e-01   5.3745592e-01   2.7539615e-01   4.5772254e-01  -4.2302061e-01  -2.8989785e-01  -2.2073253e-02   9.9876583e-02  -1.2094762e-02  -6.3338487e-01  -1.2517808e-01  -3.6735905e-01  -2.7484238e-01  -3.1581500e-01  -4.8129454e-02   3.8322343e-01   6.8361451e-01  -3.3737480e-01   3.7357260e-01   3.5309898e-02   1.6128147e-01   2.8131541e-01  -4.5295621e-01  -4.6445118e-01   6.4365157e-01  -4.2607405e-01  -4.1469094e-03   1.2982967e-01   1.4934076e-01  -4.3382273e-01   7.0638905e-02  -1.0775138e-02   6.6660811e-01   1.1949523e-01  -5.8786771e-01  -1.8459441e-01  -2.9112013e-01  -4.5673076e-01  -2.1739467e-01  -5.3625329e-01  -2.2687806e-01   1.6581032e-01   5.7804378e-01  -1.5010803e-02   6.2254039e-01   1.1100199e-01   4.5782440e-01   6.2405161e-01  -6.6576389e-02   4.0823564e-01   2.2746381e-02   4.7302111e-02   1.8796530e-01   6.7032739e-02  -2.3493886e-01  -6.0934150e-01  -5.0949075e-01  -2.4362138e-01  -5.7755082e-01  -3.4654524e-01   1.6809323e-01  -3.4617620e-01   2.3700081e-01  -9.5774299e-02  -1.6421034e-01  -4.6772023e-01   5.9742211e-02  -1.4240775e-01  -2.2047838e-01   5.7814536e-01  -1.7882628e-01   1.7470361e-01  -5.4932350e-02  -4.0330296e-01  -1.0791490e-01   5.3607027e-01   5.7591207e-01   3.6883588e-02  -2.0978927e-01  -5.3844068e-01  -2.8860872e-02   2.0419727e-01  -2.0257901e-02   1.5389690e-01   2.1008957e-02   3.3214668e-01   7.9951465e-02  -1.4513535e-01   2.6763463e-01  -3.9342836e-01   1.1203008e-01  -1.3519986e-01  -3.8755055e-01  -1.6027321e-01  -2.0308538e-01   1.0977827e-01  -3.7564620e-01  -3.8167799e-01  -3.4380143e-01  -4.7031150e-01   6.3207922e-01   1.8132631e-01  -2.2969739e-01   9.6384454e-02  -2.6199118e-01  -4.0766937e-01   2.6532635e-03  -1.1512248e-01   5.3532278e-01  -1.6267283e-01  -2.5029725e-01  -2.5557308e-01   5.0720356e-02  -6.2743951e-01   2.9291759e-01  -2.9053318e-01  -1.6341781e-01  -5.1869340e-01  -1.2272825e-01   5.1939779e-01   2.4367493e-01  -1.5733713e-01  -2.1650830e-01   4.0425984e-01   6.1132686e-01  -1.6292564e-01  -1.0431430e-01   1.0942803e-01  -3.2489335e-02   3.8720781e-02  -1.6901043e-01
  -2.8759990e-02  -7.3170172e-02   4.4169311e-01  -4.9111308e-01   2.9994448e-01   2.3143031e-01   3.4614587e-01   1.1165401e-01   1.5905627e-01   0.0000000e+00  -2.6199377e-01  -2.8750596e-01   3.5195568e-01  -6.4599410e-02  -1.9314302e-01   9.4874343e-02   3.0290159e-01  -2.7582292e-01  -1.6004367e-01   3.3261419e-01  -1.2414618e-01  -3.2309248e-01  -2.5034507e-01  -2.3535534e-01   2.5511162e-03  -6.5023237e-02   2.7234774e-01  -1.2806333e-01   5.9122781e-02  -1.3182131e-01   6.7656777e-03  -5.8399393e-01   9.4114194e-02   5.9362165e-01   7.3566100e-02   4.9116036e-01   1.3724170e-01   3.2018555e-02  -6.6042556e-02   2.9753264e-01   2.4884874e-02  -2.2314081e-02   3.9133096e-01  -1.3769093e-01  -3.4047516e-01  -1.1309422e-01  -2.8740723e-01   3.7857622e-01  -2.9856234e-01   3.4992301e-01  -1.4158772e-01  -3.4057561e-01   4.3876094e-01  -9.0623767e-02  -3.1315606e-01  -2.0045116e-01   4.6973406e-02  -3.3290523e-01  -3.6624167e-01  -2.1019149e-01   2.5049932e-01   1.9311878e-01   2.1282703e-01  -2.3153019e-01  -3.5799249e-01   3.4405513e-01   2.0723253e-01  -9.4872793e-02  -5.5084938e-01   1.3904954e-01   4.2485802e-01  -4.7816843e-01   1.1215123e-01  -1.3976903e-02  -1.1877700e-01  -4.9455805e-01   1.6492443e-01  -1.0137680e-01   1.1616670e-01  -4.7637729e-01   5.2721128e-02   2.4804714e-02   9.1229179e-02  -4.6385879e-01  -1.9278174e-01  -5.6267846e-01  -9.4529928e-02  -1.7181001e-01  -2.3471805e-02  -1.3927798e-01  -6.1771087e-02   3.0236001e-01   4.4652512e-01   3.0291279e-02   1.1485555e-01   1.6682189e-01  -2.0120486e-01  -1.2136138e-02  -4.2032254e-02   2.2394512e-01   1.9880198e-01   1.7488524e-02  -4.0365631e-01  -4.5160579e-01  -5.0653579e-01  -2.8354655e-01   1.3996673e-01  -4.2719130e-01   7.0046048e-02   2.7825559e-01   3.8259031e-01  -5.0847678e-01  -3.9674947e-01  -1.6451283e-01   4.5058580e-01   2.0474155e-02  -2.5597887e-01   2.7708921e-01   9.3301488e-02  -5.6280013e-01  -2.0271049e-01   1.6385291e-01   4.2468826e-02  -3.6890518e-01  -1.0413203e-01  -4.1136011e-01  -2.6620023e-01  -7.4084484e-02  -2.3065964e-01   3.5674301e-01   1.3417827e-01   5.3451544e-03   1.9259068e-01   1.1675208e-01  -1.0140668e-01  -3.7652487e-01  -3.0767645e-01   3.8211498e-01  -5.0906847e-01  -4.8807081e-02  -8.0639985e-02   1.7630136e-01  -4.2726866e-01  -3.3308887e-02   5.9443832e-02  -4.6408871e-01   4.8971431e-01  -1.0896689e-01   4.5711457e-02   2.2000746e-01   2.1190900e-01   5.8450947e-02  -6.1872887e-02  -2.7911716e-01   2.7023977e-01  -1.9686654e-01  -1.7127157e-01  -2.0281798e-01   9.9135163e-02  -2.9100567e-01  -3.6372947e-02  -3.2510453e-01   2.9035736e-01  -5.5029718e-01  -1.8376243e-01   5.8732127e-02   1.2392076e-01  -1.6612372e-01  -8.3978047e-02   4.2795470e-01   2.8480620e-02  -1.3419418e-01  -3.8797047e-01   1.7339951e-01  -2.2099467e-01   1.0265913e-01  -8.7225388e-02
  -6.4378170e-03  -5.2672145e-01  -6.0008897e-01   3.7557760e-01  -7.2220382e-01  -9.1993654e-02   2.5420427e-01   4.0949080e-02  -4.8365563e-01  -2.6199377e-01   0.0000000e+00  -2.3011506e-01  -1.0568061e-01   2.0768615e-01   6.4480794e-01   1.5750385e-01  -7.2655220e-01   8.9848455e-01   1.2522672e-01  -7.2509070e-01   5.0221971e-01   1.6898076e-02   4.6443651e-01   4.3948327e-02  -2.2248767e-01   4.2224605e-02  -4.0751396e-01   5.3917672e-01  -6.2306784e-02   1.8437055e-01   5.2900137e-01   4.0236148e-01  -4.3731149e-01   1.0328724e-02   2.9849890e-01  -2.3798209e-01   1.0959011e-01  -9.3640107e-03   7.2488624e-02  -7.8028103e-01   2.6471237e-01  -4.6399643e-01  -7.6246371e-01   2.4613532e-01   1.5650091e-01   4.4923476e-01   8.3738935e-01  -2.7786346e-01  -3.2105282e-01  -6.6274827e-01   7.9117131e-01   4.2144734e-01   2.0823692e-01  -5.2168202e-01   1.5525223e-01   7.1654928e-01   1.9780722e-01   1.7262843e-01   5.4555765e-01   4.1970279e-01  -3.3102872e-01  -4.6074181e-01  -6.9270478e-01   7.4142652e-01   1.4397226e-01  -1.2346734e-01  -2.9151189e-01  -2.1182582e-01   6.8915464e-01   3.0805158e-01  -6.5999603e-01   4.2096836e-01   2.0970430e-01  -2.6169266e-01  -2.4006705e-01   4.6444628e-01  -3.1295214e-01   1.4589242e-01  -6.8460421e-01  -1.3644044e-01   5.4282859e-01   3.5508717e-01   2.7712884e-01   1.6721496e-01   6.4068662e-02   5.2407341e-01   2.2688498e-01  -8.9521403e-03  -5.6032333e-01   7.4129889e-02  -6.6456004e-01  -4.7280117e-01  -6.8010753e-01  -3.2960122e-01   1.0600504e-01  -7.1486044e-01  -1.9666357e-01   7.2818941e-02  -3.9899615e-01  -4.2436060e-02   8.5847989e-02   6.4134596e-01   3.8067664e-01   2.3063821e-01   6.7386517e-01   2.1296116e-01  -5.3217511e-01   3.8306957e-01  -2.3044671e-01   6.4651796e-02  -5.8674301e-02   2.8612277e-01  -1.1507029e-01  -5.3481578e-02   2.4692837e-01  -6.8725695e-01   4.7838810e-02  -1.1632108e-02  -1.7416063e-01   3.4786643e-01   1.9018991e-01  -7.3243789e-01  -5.1199733e-01   4.8382428e-01   3.6348397e-01   2.7185856e-01   2.5777647e-01  -3.9851953e-01  -1.4559528e-01  -3.3906750e-01  -7.1218807e-02  -1.5639100e-01  -2.0584482e-01   5.9699180e-01  -2.0939425e-01   4.1356734e-01  -2.3876517e-01   2.6630380e-01   4.7552199e-01   1.3831034e-01   1.3414840e-01  -2.2081101e-01   7.0568883e-01   7.1340116e-02   5.3646951e-01   7.2613172e-01  -6.6520124e-01  -9.8454319e-02   3.3715095e-02   5.5464298e-02   3.3006875e-01   5.4020208e-01   1.2977626e-01   7.0240735e-01  -7.0299719e-01   1.8965383e-01   1.8543903e-01   5.4433683e-01  -4.3701984e-01   5.6278506e-01  -2.6135251e-01   6.6297359e-01   2.0784390e-01   6.6550505e-01   2.5002329e-02  -6.8034299e-01  -1.4017741e-01   2.2384376e-01   6.3230500e-02  -3.2854425e-01  -7.1803829e-01   8.4379939e-02   4.9806137e-01  -4.1239070e-01  -1.3042087e-01  -3.8531679e-01   3.6715472e-02
   5.6812184e-02   7.2204079e-01   2.9407079e-01   2.8536679e-02   3.5878039e-01   1.1808582e-01  -3.2969679e-01  -2.1553875e-01   2.5980739e-01  -2.8750596e-01  -2.3011506e-01   0.0000000e+00  -1.7051613e-01  -1.6040738e-01  -3.4524566e-01  -2.2670262e-01   3.7879129e-01  -3.0210183e-01   1.1674018e-01   3.2933070e-01  -3.6451572e-01   2.3174545e-02  -1.6378291e-01   1.9183820e-02   1.0206078e-02   4.4136558e-02   3.4871962e-02  -4.0402023e-01   2.4103700e-01   2.5178477e-01  -5.4521882e-01  -2.7772331e-02   2.9936692e-02  -4.9294624e-01  -7.4280111e-02  -1.3664650e-01  -3.4977081e-01  -3.4589033e-01  -1.0566800e-01   3.4384637e-01  -1.8119803e-01   1.6353471e-01   3.3445813e-01   7.1768288e-02   2.6620848e-01  -2.8685210e-01  -1.6368285e-01   1.7110837e-01   3.5241007e-01   1.2731390e-01  -3.7253495e-01  -1.2350857e-01  -6.8733070e-01   2.6254945e-01   1.8868315e-01  -1.5283530e-01  -1.1892831e-01   5.4392191e-02  -1.3919307e-01  -1.4318642e-01  -1.1179883e-01   2.6655231e-01   4.7904964e-01  -2.5234169e-01   1.1676856e-01   6.2147405e-02   4.3632979e-01   3.4292554e-01   8.9980191e-03  -2.3195169e-01   1.9996924e-01   5.5349966e-04  -2.7409461e-01   2.6874246e-01   1.8441494e-02  -1.5366244e-01  -2.6390170e-02  -1.1777383e-01   4.4347011e-01   1.6586925e-01  -4.0828112e-01  -2.4057933e-01  -4.2834415e-02   8.2720723e-02   2.4852447e-01  -1.2262381e-01   1.3929742e-02   1.9847103e-01   3.8681188e-01   6.2419498e-02   5.1239547e-01   7.7678559e-02   2.2874563e-01   4.8518513e-01  -4.6062685e-01   4.6040397e-01   9.1261561e-02  -1.1754250e-01   3.1958037e-01  -4.3691961e-01  -2.0320393e-01  -3.3600698e-01  -6.8784046e-02   1.7192439e-01  -9.7103793e-02  -1.2841975e-01   1.6391908e-01   7.5726227e-02   1.4512832e-01   1.3591773e-01  -6.0548088e-02   2.2656485e-02   2.3717674e-01   3.6224858e-02  -6.6053854e-01   2.7232866e-01   6.7510048e-02  -2.3459448e-02   3.2016302e-01   1.3401778e-01   1.4474311e-01   4.6706029e-01   4.9084151e-01   4.2596430e-02  -1.2356525e-01  -5.7385367e-02   2.5627716e-01   1.9716836e-01   1.5452474e-01   2.4559976e-01  -1.6471659e-01   2.5314098e-01  -1.3611056e-01  -3.9158653e-01   4.4110152e-01  -1.3925747e-01   7.9341685e-03  -4.7716174e-01  -7.7477174e-02  -7.3595025e-02   3.1226534e-02   1.4247567e-01  -6.6422444e-02   2.3982785e-01  -4.9498749e-01  -2.0823718e-01   1.4638022e-01   5.6526353e-01   2.4771800e-01  -4.8740282e-01  -4.2854315e-01  -3.9143176e-01   2.0294280e-03   1.4367670e-01   4.9618793e-01   7.6087539e-02  -6.1729726e-02  -1.1115809e-01   9.1551649e-02  -1.8215832e-01   2.8625658e-01  -2.2644365e-02  -1.2460013e-01  -6.5659260e-02  -3.3456209e-02   3.2086833e-01   4.2734126e-01  -1.0114338e-01   1.5162218e-01  -6.2595999e-02   4.7956350e-01  -7.7218179e-03   2.6773253e-02   5.0879678e-01   1.5452471e-01   5.8000640e-02  -2.9905663e-04
   2.4191872e-02  -1.8147395e-01   2.2615647e-01  -1.8024941e-01   2.9195215e-01  -8.0479631e-03  -1.9359650e-02  -7.9016570e-03  -3.5709694e-02   3.5195568e-01  -1.0568061e-01  -1.7051613e-01   0.0000000e+00  -1.0020952e-01  -2.2816015e-01   6.2378611e-02   1.7430044e-01  -9.5305856e-02   5.7292706e-02   3.2864386e-01  -2.1383664e-01   4.2229125e-02  -1.7942780e-01  -6.8339709e-02  -1.3706550e-01   3.1047507e-02   8.7209296e-02  -2.1230506e-01   4.5403520e-02  -1.5422228e-01  -2.1878128e-01  -2.3566012e-01   5.7663580e-02   1.4105344e-01  -3.0132568e-01   4.2254054e-01   4.6626531e-02   1.9116588e-01   1.6985277e-01   2.5861302e-01   5.6958627e-01  -1.3651871e-02   1.4441004e-01  -2.0827711e-01  -1.5269609e-01  -4.4805236e-02   4.1722690e-02  -6.2087529e-02   1.2916700e-02   2.3975076e-01  -1.2850342e-02  -7.1408828e-02   1.3029682e-01  -4.6723290e-03  -2.5048500e-01  -1.0412793e-02   5.2810693e-02  -1.7919004e-02  -4.1333466e-02   4.1469336e-02   2.6637993e-01   1.8726446e-01   1.2212608e-01  -9.0819068e-02  -2.2688923e-01   3.5918865e-01   9.1406678e-02   1.0928868e-01  -2.3084674e-01  -1.0199686e-01   2.1134348e-01  -1.6256177e-01   4.2097528e-01  -2.9011163e-02   4.4719064e-02  -1.8151842e-01   1.7855958e-01   3.9354295e-02   1.0427693e-01  -8.1728489e-02  -1.0940431e-01   2.4139328e-01   4.1726491e-03  -3.5048211e-01  -1.0062334e-01  -2.2501658e-01  -2.7970427e-01  -1.4631603e-01   8.3895451e-02   1.0952227e-01   4.1498643e-02   2.4131906e-01   1.8347244e-01  -6.9537200e-02   1.7733476e-01   2.5910913e-01   2.3562839e-01   1.5252131e-02   3.5017510e-01   2.7086058e-02  -1.4286033e-01  -6.4797663e-03  -3.6389897e-01  -2.3208467e-01  -2.4347140e-01  -2.3812145e-02   7.7906603e-02  -1.6430489e-01   6.4370241e-02   1.5070075e-01   2.1821162e-01  -1.7668378e-01  -2.0104626e-02   7.7892190e-02   1.5329348e-02   7.7894156e-02  -1.5883369e-01   5.4228185e-01  -1.5832809e-01  -2.9150292e-01  -1.5630796e-01   1.7687653e-01   2.8160239e-02  -1.7379537e-01  -1.0171476e-01  -2.1829178e-01  -2.7611427e-01   3.6491876e-02   6.6740370e-02   9.8057726e-02   4.9955777e-01  -1.2857861e-01   1.0647937e-01  -1.2212378e-01   9.8954482e-02  -1.2536370e-01   5.2616887e-02  -6.1764888e-02  -1.4706028e-01  -3.7045177e-02   1.4579287e-01   4.1010594e-01  -1.1326816e-01  -2.3353480e-01  -1.0632550e-01  -2.1475401e-01   1.2090891e-01   1.7929425e-01   1.6132933e-01   5.9065453e-02  -2.4346024e-02  -2.2804169e-01  -9.1555241e-03  -1.1125730e-01   1.1242122e-01  -2.0758402e-01  -4.1475663e-02   1.3123859e-01   2.8021891e-01  -1.8327741e-01   1.5641371e-01  -1.8400240e-01   3.8368981e-01  -2.3445077e-01   8.4924462e-02   2.3496411e-02   6.8985161e-03  -6.5719223e-02  -7.6925929e-02   1.8460810e-01   7.2520090e-03   2.4739005e-02  -2.9717021e-02  -3.2811985e-02  -2.8847631e-02   1.8085855e-01   1.5886324e-01
  -1.2429139e-02   7.5118460e-04  -3.3409933e-01   2.3562445e-01  -3.7433924e-01  -1.8733052e-01   3.2981143e-02   1.1190261e-01  -2.1763839e-01  -6.4599410e-02   2.0768615e-01  -1.6040738e-01  -1.0020952e-01   0.0000000e+00   4.0365698e-01   3.4565366e-02  -3.5896775e-01   1.9556162e-01   1.0132913e-01  -4.4964474e-01   3.8265082e-01   9.3007965e-02   2.7727558e-01   4.1367955e-01   2.5670388e-01  -1.2048032e-01  -2.3045491e-01   4.7332780e-01  -3.7274504e-02   2.2116080e-01   4.8811366e-01   1.1268385e-01   1.8712947e-02  -8.1787063e-02   2.5087657e-01  -4.3143460e-01   1.1304301e-01  -3.6181259e-02   6.2222474e-02  -4.1305866e-01  -1.2220729e-03  -2.6362974e-01  -3.8559849e-01   2.3450718e-01  -3.7047797e-02   1.2098051e-01   2.9801070e-02  -7.1702386e-02   2.2270500e-02  -3.5625876e-01   2.1144706e-01   9.1450247e-03   3.9938582e-02  -1.6293618e-01   3.5436476e-01   2.6640808e-01   1.5920188e-01   1.4271417e-02   1.5261021e-01   8.2791233e-02  -2.5867933e-01  -2.3082590e-01  -2.8205306e-01   3.6521192e-01   4.9827140e-02  -1.4490368e-01  -3.0211942e-01  -1.9522664e-01   1.4045943e-01   3.2929899e-01  -3.1296149e-01   1.2800917e-01  -4.6529722e-02  -1.5009931e-02  -2.0434124e-01   1.2532092e-01  -2.7610292e-01   1.5909906e-01  -2.5878711e-01   4.1870626e-02   3.1648535e-01   5.7607835e-02   2.4171774e-01   4.8635494e-01   3.4122393e-01   1.4172727e-01   5.2941964e-01   2.8919924e-01  -2.1732894e-01   2.9768529e-01  -2.1324195e-01  -3.1115562e-01  -3.8529030e-01  -1.1464092e-01  -1.6771678e-01  -3.4800538e-01  -1.1029021e-01  -3.7410861e-02  -2.6285285e-01   1.4879179e-02   4.0010735e-01   1.6523458e-01   4.0248870e-01   4.8869675e-01   1.8148749e-01   6.5342458e-02  -2.3698892e-01  -7.1443779e-02  -1.0413730e-01  -8.0032122e-02  -2.3225501e-01   5.1792100e-02   2.3000783e-02   9.7370666e-02   1.7700659e-01  -2.5728754e-01   1.5573071e-01  -2.3190808e-01   1.0699679e-01   1.4343690e-01   2.1190726e-01  -3.8721271e-01  -2.4992768e-01   1.7648329e-01   3.4131333e-01   4.1385175e-01   1.2905980e-01  -2.8164576e-01  -1.0821032e-01  -1.7412442e-01  -3.0385227e-02  -5.9054909e-02   2.3110588e-01   4.0996007e-01  -4.6070734e-02   8.1607886e-02  -2.5424539e-01   2.5448190e-01   1.1133390e-01   1.1638359e-01   2.1596811e-01  -7.5033225e-02   1.8406828e-01   1.5028200e-01   2.5175496e-01   2.3806085e-01  -4.0646223e-01  -1.6078257e-01  -1.9471771e-01   8.4985370e-02   2.5847180e-01   4.4697020e-01   1.8856348e-01   2.3324353e-01  -3.5211194e-01  -3.0902196e-02   2.6145161e-01   1.2676392e-01  -1.7832244e-01   3.1704932e-01  -1.4205720e-01   2.0866402e-01  -1.3915168e-01   2.2209019e-01  -1.0977015e-01  -2.4378741e-01  -4.7130060e-02   3.9651717e-01   5.1801721e-02  -2.5032334e-01  -2.6893443e-01  -7.4800147e-03   5.2143510e-02  -1.7519459e-01  -1.7239624e-01  -2.4439138e-01  -2.1444369e-01
