   0.0000000e+00  -1.1397118e-01   1.5217936e-01  -1.6614068e-01  -2.8504124e-01  -7.2007748e-02  -6.0994282e-02  -4.1902271e-01  -3.5717142e-01   1.5826297e-02  -2.2683150e-01  -1.8825571e-01  -2.4532210e-01   5.1162463e-01  -1.3006320e-01  -2.8083174e-01   7.6272456e-02  -3.6615955e-02  -7.7024787e-02  -2.3115679e-01  -1.6210888e-01   6.1434620e-02  -1.3773697e-01   7.4415974e-01  -1.7944910e-01  -1.8080952e-01  -2.4142389e-01   6.0472835e-01  -1.0054717e-01  -1.6999151e-01  -5.5177475e-02  -2.1310035e-01  -1.7720475e-01  -1.1047833e-01  -1.8615941e-01  -2.8686861e-01  -5.8393410e-02   4.5190471e-01  -3.5358279e-01  -2.4452592e-01  -3.4311599e-01   2.2754308e-02  -1.7800047e-01  -1.9349063e-01  -2.1132872e-01   5.6550324e-01  -3.8587418e-01  -1.5938029e-01  -2.6842568e-01  -4.3772591e-02  -1.0791838e-01  -4.7054605e-01  -2.8101549e-01   1.8770042e-01   3.6565586e-01  -4.6886539e-02   1.2920502e-03  -1.0929342e-01  -3.0549079e-01  -1.7353502e-01   3.1090849e-01  -1.3646066e-01  -2.4311577e-01  -8.5348224e-02  -2.6591233e-01  -1.2738783e-01  -1.0839768e-01  -2.8320475e-01  -4.0113139e-01   5.0143924e-01  -2.5251277e-01  -2.9681467e-01  -1.7568728e-01   7.9449106e-01  -2.8574659e-01  -3.1482962e-01   3.9451503e-01  -4.2064551e-01  -1.9123747e-01  -3.4777230e-01  -1.6146185e-01  -2.8032940e-01  -3.7776309e-02  -1.2244969e-01   4.2513933e-01  -2.2089273e-01  -2.0636657e-01   4.9091179e-01  -2.3375794e-01   8.5882070e-01  -2.3895878e-01   3.3844696e-01  -2.1874885e-01  -3.8886770e-01   5.0381372e-01  -1.7110186e-01  -3.5117858e-01  -3.5798982e-01  -3.1849715e-01  -1.8918132e-01   3.2223435e-01  -2.2363066e-02  -9.2975153e-02  -3.8454597e-01  -2.4305997e-01  -3.1139617e-01  -3.8294916e-02  -5.4659805e-01  -7.4128406e-02  -8.6404042e-02  -1.0543454e-01   8.1720311e-02  -2.4449737e-01   8.9972609e-01   4.4565836e-01  -2.2193662e-01  -3.9712630e-01  -4.1730954e-01   3.6684909e-01  -1.6013412e-01   6.8011287e-01  -2.2780700e-01  -3.2035299e-01  -2.6942783e-01   5.1850796e-01   5.1130090e-01  -1.5506788e-01  -2.8319072e-01  -2.4256682e-01   1.6133126e-01  -3.7889769e-01  -3.3378449e-01   3.1302058e-01  -2.9038504e-01  -2.5992314e-01  -3.0024710e-01  -2.9230986e-01   1.6694796e-01  -2.2470216e-01   4.3295988e-01   7.5680720e-01   1.6276149e-01  -3.1285857e-01   3.5223348e-01  -7.0069077e-02  -1.9402866e-01  -1.9708216e-01  -1.1383197e-01  -1.9081616e-01  -1.4500792e-01   7.5187911e-01  -1.5825647e-01   5.1309521e-01  -5.8964487e-02  -2.4641647e-01   6.1634955e-01   5.6426731e-01  -2.4168726e-01   3.5984205e-01  -1.1665678e-01  -1.5824696e-01  -1.7174177e-01  -4.4914800e-02  -2.0734176e-01  -1.2792371e-02  -1.3185523e-01  -2.0350625e-01   6.8858915e-01   6.0297120e-01  -2.7240135e-01  -1.9159494e-01   4.3876300e-01  -3.1632738e-01   1.1940097e-01  -5.5989539e-02  -2.0853265e-01  -1.7329580e-01
  -1.1397118e-01   0.0000000e+00   5.6237432e-01  -2.4000163e-01   5.8730217e-01  -5.3958617e-02   4.7384663e-01  -7.5662921e-02   3.0735035e-01  -1.1149675e-02  -5.1813217e-01   8.5678121e-01  -3.4625075e-02  -1.5668683e-01  -1.7695316e-01   2.6973752e-02   4.1398674e-01  -4.7614076e-01   1.5260355e-01   5.6697388e-01  -5.3956071e-01  -1.8694761e-01  -4.4150873e-01  -2.1282719e-02   4.6679713e-01  -2.6577170e-01   2.2954438e-01  -3.6107741e-01   1.4321262e-01  -4.2338117e-01  -4.4131493e-01  -2.7613843e-01   1.7617637e-01   6.0291358e-01   3.6296900e-01   1.9836251e-01  -9.5596497e-02  -2.3158897e-01  -9.0451834e-02   5.1875458e-01  -1.3158425e-01   1.8095270e-01   6.8768915e-01  -4.3573051e-01   4.7018303e-01  -7.7969004e-02  -3.4543769e-03   2.4097225e-01   1.6680082e-01   5.7170222e-01  -2.4724572e-01  -1.7616386e-01   3.3769588e-01   4.2191221e-01   1.1951022e-01  -4.1849078e-01   1.6861334e-01  -3.0672390e-01  -3.2095580e-01   1.8986712e-01  -9.0007390e-02   5.5032109e-01   6.1839860e-01  -4.1282232e-01   1.7067895e-01  -5.7336221e-02   2.3602891e-01   3.2360423e-01   2.6573391e-02   5.6058151e-02   7.5726215e-01  -2.9573931e-01   1.1365882e-02  -1.8000068e-01   2.9326622e-01  -1.8023779e-01  -1.2973924e-01  -8.6147266e-02   7.5358604e-01   3.5658711e-01  -2.6908070e-01   3.8036397e-02  -2.9644219e-01  -2.9407493e-01   3.3970038e-01  -1.9430064e-01  -2.0251899e-01  -6.1805084e-02   5.8224082e-01  -1.2908966e-01   6.5174086e-01   1.4081000e-01   7.5330666e-01  -1.6854240e-01  -2.1843674e-01   6.5921052e-01   3.4219438e-01  -9.5332706e-02   3.3509549e-01  -1.7902677e-01  -3.5025662e-01  -3.1453671e-01  -3.6862407e-01   2.0426314e-01  -2.9833960e-01  -1.6894939e-01   4.4826409e-01  -9.0049452e-02   2.9715824e-01   2.0230601e-01  -2.1144416e-01  -2.5548750e-01  -2.0754887e-01  -1.2979918e-01  -3.7307198e-01   6.0783701e-01  -2.0516864e-01  -1.3442147e-02  -3.5567267e-01  -2.5878899e-01  -1.5728698e-01   7.1711318e-01   6.2374295e-01   5.2547152e-02  -2.1467970e-01  -1.6724869e-01   3.6583648e-01   3.0402653e-01  -2.3551840e-01  -2.4289251e-02   6.4791566e-02   1.1193959e-01   8.3116090e-02  -3.8425343e-01   3.5689998e-01  -3.9676449e-01   2.4958570e-01  -3.3192616e-01  -3.8825029e-01  -1.3757568e-01  -2.5598820e-02  -1.5532555e-03  -2.8900095e-01  -2.0517163e-01  -1.0268632e-01  -4.4654150e-01   6.8937474e-01  -2.2770067e-01  -2.9493058e-02  -3.2841960e-01  -1.9738542e-01  -5.0229245e-01   9.7929276e-02   4.7547622e-02   6.6027936e-01  -1.0264190e-01  -1.1027618e-01  -2.1188543e-01   1.5786980e-02  -4.2251533e-01   4.2095211e-02  -4.1910352e-01  -3.5467593e-01  -4.5022405e-01  -1.6975096e-01   6.9188659e-01  -2.4647685e-01  -1.1740798e-01   1.9251167e-03   5.8187035e-01   6.5776987e-01  -2.0925446e-01  -2.5609250e-01   2.1038580e-01  -7.2432404e-02   1.7756062e-01  -1.6177531e-01
   1.5217936e-01   5.6237432e-01   0.0000000e+00  -1.2684883e-01   4.2622168e-01   2.2260339e-01   2.7967061e-01  -1.2904183e-01  -7.4813581e-02   3.4152864e-02  -3.6340762e-01   5.8709447e-01  -8.9173272e-02  -7.0699476e-02  -1.9272176e-01   9.9197934e-02   8.0037318e-01  -3.0042976e-01   6.7516058e-02   4.5730396e-01  -4.0383349e-01   1.8262844e-01  -2.4676690e-01   1.4910669e-01   2.8867841e-01  -1.7500936e-01   1.7790352e-01  -1.3650297e-01  -1.0642579e-01  -4.2042565e-01  -4.5182054e-01  -1.4647697e-01   7.5513113e-02   2.1062182e-01  -1.7264876e-02   1.4290741e-01  -1.3204219e-01  -1.8747768e-01  -2.4295065e-01   2.0929492e-01  -2.5546849e-01   3.0158574e-01   3.7703761e-01  -3.3784334e-01   1.7434127e-01   4.6587932e-01   6.9204562e-02  -1.7473350e-01   1.4697560e-01   5.6434847e-01  -1.6221353e-01  -2.2368870e-01  -1.0905723e-02   4.8452483e-01   1.7686747e-01  -2.5622013e-01   4.2454763e-01  -8.1937728e-02  -2.1985327e-01   1.5359601e-01   4.4444920e-01   3.5197101e-01   3.3879076e-01  -4.2684028e-01  -1.7569803e-01  -1.3421522e-01   3.2060941e-01   1.8775816e-01  -1.0723855e-01   6.0540177e-01   2.5840159e-01  -2.0628980e-01   8.9105837e-02   2.1540898e-01   1.2241765e-01  -5.1761413e-02   3.1125185e-01  -2.3480790e-01   3.9953721e-01   2.1252966e-01  -2.1521634e-01  -3.2005239e-03  -2.2163896e-01  -8.2342092e-02   4.1791943e-01  -6.6568757e-02  -4.2950674e-01   1.1847218e-01   3.1738928e-01   4.3303940e-02   3.9299826e-01   7.3185644e-01   4.1131045e-01  -3.7576203e-01   1.0539181e-01   5.2360333e-01   2.6675607e-01  -1.6735563e-01   2.7888344e-01  -2.1746664e-01  -2.7627836e-01  -1.1825067e-01  -2.2162583e-01  -3.5577363e-02  -2.4748187e-01  -9.9937336e-02   4.5174783e-01  -2.3098737e-01   1.6911857e-01   1.4338238e-01  -1.0817020e-01   6.8222371e-02  -9.7981282e-02   5.6915988e-02  -1.8470591e-01   2.4876545e-01  -1.0970594e-01  -1.4806671e-01  -1.3104679e-01  -6.5979904e-02   1.1949452e-01   3.9036512e-01   3.6963190e-01  -1.9272439e-01   1.8539120e-01   2.0958651e-02   2.7640812e-01   1.4829067e-01  -5.7865994e-02   2.5524679e-01  -1.7027960e-01  -2.3176178e-01   2.8165742e-01  -4.8886174e-01   2.7949577e-01  -3.0353889e-01   1.8714132e-01  -4.0793733e-01  -1.6863766e-01  -2.2195975e-01   2.1073309e-01   5.3049940e-02  -3.6062085e-01   1.7034060e-01  -1.0188235e-01  -4.7883344e-01   4.0420057e-01  -2.6720007e-02  -4.1182234e-03  -4.2633762e-01   1.6022969e-01  -4.3425982e-01   3.7318880e-01  -3.2837423e-02   3.9694054e-01  -1.2682297e-01   3.1523475e-01  -5.6460221e-02   5.9472026e-01  -2.9763679e-01  -1.4916442e-01  -3.3295890e-01  -2.7372607e-01  -2.9063922e-01   4.7476376e-02   2.9090683e-01  -3.4238263e-01   1.2462797e-01   4.3480547e-01   1.9010935e-01   3.0697674e-01   1.1279098e-03  -2.7874835e-01   3.2253253e-01  -1.9310167e-01   8.6025738e-02  -7.1431054e-02
  -1.6614068e-01  -2.4000163e-01  -1.2684883e-01   0.0000000e+00  -2.0096655e-01  -2.7966084e-02  -1.4751140e-01   1.4198933e-01   2.8116349e-03  -8.2390359e-02   3.9845459e-01  -2.6129953e-01  -2.3660785e-04  -4.5346404e-02   1.7026209e-01   4.7274803e-01  -7.3295998e-02   5.7416497e-01   2.0685961e-02  -2.0449685e-01   2.2260682e-01   5.0688216e-01   3.0233703e-01  -7.2229424e-02   1.1568631e-02   1.6520906e-01  -2.9618156e-01  -3.7367760e-02   1.7088318e-01   3.1916822e-01   2.8265584e-01   6.4214621e-01   3.8678926e-01  -1.9973774e-01  -2.7435460e-01  -7.7523908e-02  -3.0518434e-02  -1.5699521e-01   2.6303508e-01  -1.9925186e-01   2.7181347e-01   2.4589609e-01  -1.7665859e-01   2.5633480e-01   2.4561798e-01   1.2446401e-02   7.0723533e-02  -3.8206096e-03   1.6511039e-01  -1.7582669e-01   5.4761036e-01   1.7884834e-02   2.5506726e-02  -1.7544331e-01  -2.5599978e-02   3.0714095e-01  -6.1932967e-02   6.2229981e-01   5.4882725e-01   1.4110079e-01   2.3121770e-01  -6.8221155e-02  -1.3226204e-01   2.9473508e-01   2.0074758e-01  -9.1690213e-02   5.3753948e-03   2.5843384e-01   1.3859925e-01   2.6761597e-02  -3.0220043e-01   6.0408666e-01   4.1608158e-01  -8.5681704e-02  -2.5075169e-02   4.9358141e-01   1.1783404e-01   3.4476649e-01  -1.9104639e-01   6.3443895e-02   7.2262930e-02   2.2429525e-01   1.7881848e-01   8.9889103e-02  -2.4644711e-01   3.9427266e-01   1.2963818e-01  -1.7400553e-02  -2.3344162e-01  -7.8127510e-02  -2.1953897e-01   4.4958891e-02  -2.5345013e-01   3.6742236e-01   5.5972737e-02  -2.1292149e-01   2.6783703e-01  -1.7188025e-01   9.9155220e-02   1.9534481e-01  -3.4163691e-02   1.8896754e-01   3.0568548e-01   5.5085311e-02   6.1593678e-01   7.0005594e-01  -9.1626985e-02   1.3650237e-01   1.0237143e-01  -2.2230208e-01   1.4119483e-01   4.4055448e-01   5.4117497e-01  -1.6901142e-01   5.6247952e-02  -1.1896236e-01   1.2810681e-01   2.0548371e-01  -4.7665500e-02   7.2366396e-01  -9.2412194e-02  -2.7403159e-01  -1.7168592e-01   2.9250386e-01   8.0137489e-02  -7.7896793e-02   1.8309848e-01  -1.3769036e-02   5.9732668e-01  -6.3600189e-02   2.5365515e-01   2.8114961e-01  -5.8449785e-02   1.5634096e-01   3.3335703e-01   4.0775807e-01  -2.1404759e-01  -4.8404144e-02   3.7672940e-01  -5.0621356e-02  -3.9723089e-02  -2.6921254e-02   4.7005638e-01  -3.9819356e-03   2.1320060e-01   3.8643186e-01  -1.7007695e-01   2.6105436e-02  -4.0228555e-02   1.0161280e-01  -6.6643762e-03   1.5368428e-01   2.6668798e-02   7.5248174e-02  -4.1275538e-01  -7.1154714e-02   5.5161940e-02   3.7374798e-01   7.4554296e-02   1.6547356e-01   3.3961728e-01   4.5535839e-01  -3.5032610e-02   6.2090511e-01   6.7095076e-01  -1.2906985e-01   3.5822602e-01  -1.5688481e-01   9.4999854e-02  -1.5352356e-01  -2.7439159e-01  -1.7790660e-01   4.8629542e-01  -3.2606209e-01   2.8222010e-01  -8.7901100e-02   6.0883532e-01
  -2.8504124e-01   5.8730217e-01   4.2622168e-01  -2.0096655e-01   0.0000000e+00   1.6093483e-01   4.2442174e-01   1.3332888e-01   1.1901346e-01  -9.7191999e-02  -3.4498952e-01   6.0919524e-01   1.2026086e-01  -3.3260890e-01  -3.8613223e-01   9.8929069e-02   3.1027149e-01  -4.5477021e-01   1.7938760e-01   9.0396323e-01  -4.2826843e-01  -2.6719086e-01  -3.9279749e-01  -1.9189388e-01   3.8463971e-01  -4.5622116e-02   5.1271233e-01  -4.4502907e-01   1.5828556e-01  -4.2970028e-01  -5.2472160e-01  -2.3986411e-01   2.0083494e-01   3.1026102e-01   2.0516467e-01   6.1688368e-01   1.0439219e-01  -2.5632597e-01  -8.5805478e-02   5.1989668e-01  -3.5712073e-02   2.8761230e-01   6.0200783e-01  -3.6264281e-01   4.1517060e-01  -9.1937862e-02   4.1056572e-01   1.0397734e-01   4.2459891e-01   4.8551690e-01  -3.3374450e-01   1.0613280e-01   5.3077721e-02   1.4376399e-01  -1.4433229e-01  -3.6971840e-01   3.1457908e-01  -3.1924757e-01  -1.0673994e-01  -7.7884543e-03  -6.6557724e-02   6.3036391e-01   5.7585400e-01  -4.4447410e-01  -7.0140904e-02   1.3078420e-01   3.3241469e-01   3.7298904e-01   3.2746459e-01  -1.5569818e-01   5.6191368e-01  -1.5380781e-01  -1.9658829e-02  -3.4384834e-01   2.9465125e-01  -4.7445166e-02  -9.4685122e-02  -2.4623797e-02   7.5041241e-01   4.4772979e-01  -2.2612957e-01  -7.8859118e-02  -4.5113084e-01  -1.2570037e-01   3.6132184e-02  -6.1085349e-02  -4.2181631e-01  -2.8306510e-01   5.8065309e-01  -2.6199178e-01   8.5678992e-01   1.0032781e-01   6.4299230e-01  -1.7425899e-02  -1.5644256e-01   8.8753098e-01   3.7180708e-01   6.7020525e-02   5.7455431e-01  -1.9119069e-01  -5.2188793e-01  -3.6143411e-01  -2.9103043e-01   5.0189122e-03  -2.9872912e-01  -1.5165133e-01   3.4336800e-01   1.4880056e-01   3.9754383e-01   3.0019959e-01  -3.9078802e-01  -3.1549396e-01  -2.0529956e-01  -3.4335697e-01  -5.5523886e-01   7.1897215e-01  -7.1866919e-02   3.6891046e-02  -5.3956216e-01  -2.5983517e-01  -2.3284646e-01   8.0502775e-01   5.9010396e-01  -1.5599476e-01  -1.5317556e-01  -2.0815439e-01   2.2580800e-01   3.2470999e-01  -2.2169327e-01  -3.9131236e-01   2.7722623e-02   1.8248619e-01  -4.1735537e-03  -4.0924197e-01   3.2915509e-01  -1.2941592e-01   1.9749853e-01  -5.8998728e-01  -1.3864833e-01  -3.1167349e-01  -1.5294374e-01   5.7229874e-02  -2.1092099e-01  -3.6998709e-01  -4.4251322e-01  -4.3141991e-01   5.5681486e-01   3.4361360e-02   1.7890262e-01  -5.0651693e-01  -4.0565818e-01  -4.0582811e-01  -1.4131161e-01   7.7563623e-03   5.3511598e-01  -2.3179742e-01  -1.5964667e-01  -2.0099611e-02   9.2330574e-03  -2.7343079e-01   9.4519337e-02  -3.5048679e-01  -2.5345476e-01  -4.3049034e-01  -2.1706666e-01   6.7462591e-01  -1.9663737e-01  -2.4820240e-01  -2.0214489e-01   5.7794487e-01   7.3769755e-01  -4.6829003e-02  -6.9455871e-02   1.6884405e-01  -1.0577113e-01   2.4044799e-01  -1.7819597e-01
  -7.2007748e-02  -5.3958617e-02   2.2260339e-01  -2.7966084e-02   1.6093483e-01   0.0000000e+00   3.1645382e-01  -1.5889882e-02  -2.6570781e-01   1.3836840e-01   5.2420738e-02   7.8325748e-02  -2.6755909e-02  -1.4679698e-01   4.3328919e-02  -7.6036505e-02   2.4483393e-01  -1.3931063e-02   6.9531383e-02   1.9531207e-01   2.1635547e-01   1.7472407e-01   2.1974119e-01  -2.0263988e-01  -1.3083188e-01  -8.7723845e-02   4.1980740e-01  -1.5139556e-01  -7.0766593e-02  -7.3772929e-02  -2.3514664e-01  -1.0193218e-01  -2.7507300e-01   4.3269160e-02   1.0591830e-01   4.2296913e-01   5.1960394e-02  -2.5351427e-01  -2.4670558e-01   1.8901654e-01  -2.3348899e-01  -8.8440470e-02   9.0224218e-02  -2.0643504e-02  -1.4461725e-01   1.7975436e-01   3.8731278e-01   1.3121753e-01   2.0151062e-01  -5.0809557e-03   1.3208433e-01   2.4449407e-02  -2.5600168e-01  -5.7777981e-02  -2.4386444e-01   1.1997028e-02   5.4171819e-01   1.0098487e-01  -9.5077675e-02   1.9134376e-01   7.3853401e-02   1.3710126e-01  -1.2581594e-01  -2.6765278e-01  -3.3682682e-01   3.1746564e-01   6.1224303e-01  -1.3403126e-01   1.6074407e-01   2.1033795e-01  -4.5001962e-02   1.6980611e-01  -1.3423519e-01   4.5581972e-02  -1.7594847e-01   6.1033789e-03  -7.8335389e-02  -6.2412854e-02  -2.4458412e-02  -4.0878136e-02   2.7049707e-01  -5.3979776e-02   9.9364030e-02   2.3987654e-01   1.5428855e-01  -7.8067212e-02  -8.7635376e-02  -2.1248848e-01  -1.7693081e-01  -1.0706327e-01   1.7275260e-01   1.5986355e-01   2.2468881e-02  -1.3093592e-01  -1.1896352e-01   5.7887906e-02  -1.4602443e-02   9.4452061e-03  -5.6563586e-02   2.5224494e-02  -1.2183649e-01   7.9068468e-02   2.8653904e-02  -2.9620688e-01   2.3809012e-02  -1.0160300e-01  -8.9985310e-02  -2.6153634e-02   1.1060551e-01   4.3992210e-01   1.7879470e-01   2.6155459e-01   7.4122476e-02  -5.2330908e-02  -9.3823063e-02  -1.8586744e-01  -6.7112475e-02  -8.3933035e-02   2.0021588e-02   6.2629519e-02  -9.6153857e-02  -9.2574322e-02  -1.3083019e-01  -2.9133127e-01  -6.3622649e-02   7.4190959e-02  -1.2675156e-02  -7.9916590e-02   1.2849049e-01   1.1236104e-01  -1.7340604e-01  -6.1094661e-03   2.7026117e-01  -3.2190702e-01   1.5244225e-01  -7.1934559e-02  -1.0124996e-01  -1.3606613e-01  -7.0550430e-02  -3.2435885e-01  -2.9052107e-01  -1.8301892e-02  -6.6993752e-02   2.8918638e-01  -4.1792922e-02  -2.0897316e-01   1.5053304e-01   4.2764235e-01   5.9612426e-01  -2.5022628e-01   3.3088754e-02   5.8109768e-02  -5.0133514e-02  -1.2983247e-02   4.3665170e-02  -2.1335356e-01  -4.9877470e-02  -9.0940422e-02   1.7995989e-01   1.5407873e-01  -4.5373366e-02  -1.8677532e-01   1.6157117e-01   9.9232546e-03  -1.1920754e-01  -1.2142145e-01  -6.8997832e-02  -6.3086260e-02  -2.1144231e-02   8.2987784e-02   4.4329365e-02  -1.3236506e-01   3.0777167e-02   4.9662079e-01  -2.8668628e-01  -1.1272118e-01  -1.4933623e-01
  -6.0994282e-02   4.7384663e-01   2.7967061e-01  -1.4751140e-01   4.2442174e-01   3.1645382e-01   0.0000000e+00  -1.5317533e-01   1.9220594e-01   4.7231235e-02  -3.1359987e-01   5.8574348e-01   5.0782292e-02  -4.0778183e-01  -1.0405810e-01  -1.7937620e-02   4.5745956e-02  -3.2433320e-01   4.4888973e-02   5.2169439e-01  -2.1288901e-01  -2.5864415e-01  -1.4471815e-02  -9.4456968e-02   2.0197274e-01  -4.0747199e-01   5.4740672e-01  -2.3773502e-01   1.6449720e-01  -2.8442348e-01  -5.3270852e-01  -3.4909084e-01   2.1666550e-02   6.6605443e-01   3.8842285e-01   5.5657197e-01   2.7283498e-01  -4.1310824e-01  -2.1111064e-01   3.7489663e-01  -1.2601969e-01   8.7876975e-02   6.7033130e-01  -4.0015215e-01   4.7527548e-01   4.1100407e-02   3.1511185e-01   5.1079943e-01   2.1948930e-01   1.3182234e-01  -1.2305669e-01  -9.0669049e-02   1.0852370e-01   5.1323103e-02  -2.6457463e-01  -3.4104895e-01   8.3361104e-02  -2.4975282e-01  -1.7616137e-01   1.0264229e-02  -1.0712374e-01   6.1854575e-01   2.4583642e-01  -4.5627023e-01  -7.5152843e-02   4.6834034e-01   2.4554197e-01   1.2855599e-01   1.3424901e-01   6.9022041e-02   6.2079877e-01  -6.6540556e-02  -1.0883229e-01  -1.9597612e-01  -5.2764267e-02  -2.2843921e-01  -1.3610294e-01  -8.4694604e-03   4.3825604e-01   7.7048206e-02   1.5119646e-01   4.0002651e-02  -3.2192818e-01  -1.6246361e-01  -5.0227082e-02  -2.5102355e-01  -2.9807916e-01  -2.8809399e-01   1.4315607e-01  -1.4437307e-01   5.5993505e-01  -3.1479344e-02   4.8740780e-01  -2.0484342e-02  -1.9091230e-01   3.8175873e-01   1.8427749e-01  -1.4001919e-01   3.4184585e-01   1.6731114e-01  -4.2526424e-01  -2.6936036e-01  -2.5976550e-01  -1.0639179e-01  -1.3172954e-01  -2.4659490e-01  -4.3121640e-02  -1.9075066e-02   6.5751335e-01   4.1702711e-01  -5.7533025e-02  -1.1787380e-01  -2.0841303e-01  -1.0041379e-01  -3.0043859e-01   2.9324384e-01  -1.1556653e-01   1.3253094e-01  -3.9541501e-01  -2.1016860e-01  -1.1575505e-01   4.0506494e-01   2.2797319e-01  -9.2609199e-02  -1.2260546e-01  -2.2376937e-01   3.5826798e-01   6.3804918e-03  -2.0872020e-01  -1.9042323e-01   1.3081525e-02   2.0589062e-01   4.1013961e-02  -4.1886188e-01   1.9850056e-01  -2.7218168e-01  -1.8350111e-01  -3.0630961e-01  -3.0755697e-01  -2.0401817e-01  -1.3500810e-01  -2.2433161e-02  -1.6604881e-01  -1.6577062e-01  -6.6544253e-02  -4.1166812e-01   6.6821564e-01   1.1388329e-01   3.5350554e-01  -2.2092085e-01  -2.3518913e-01  -3.1463417e-01  -8.0536413e-02   7.9659429e-02   3.2744347e-01  -1.6580290e-01  -1.0741252e-01  -1.1238609e-01  -1.1161187e-01  -8.2782534e-03   1.0312088e-01  -3.7878507e-01  -1.1243558e-01  -2.9479585e-01  -2.7928943e-01   4.9340952e-01  -3.9590208e-02  -1.7967750e-01  -1.4008741e-01   3.4282696e-01   6.4599969e-01  -1.4157143e-01  -5.6509625e-02   1.9851335e-01  -1.5725289e-01   3.1497493e-02  -3.0417580e-01
  -4.1902271e-01  -7.5662921e-02  -1.2904183e-01   1.4198933e-01   1.3332888e-01  -1.5889882e-02  -1.5317533e-01   0.0000000e+00   1.6549546e-01  -2.1664233e-01   2.5417498e-01   1.0436658e-03   1.5752569e-01  -1.9997568e-01   3.2280402e-02   2.5607173e-01  -1.1115837e-01  -5.7174325e-04   2.4039258e-01   3.9115412e-02  -4.5939991e-02   1.4551742e-01   9.3970227e-02  -2.7808534e-01   1.1274979e-01   4.5682436e-01  -1.2063970e-01  -8.4067472e-02   1.6519215e-01   1.3904015e-01   7.3322951e-02   3.2865091e-01   1.3640185e-01  -1.1941521e-01  -6.3529877e-02   1.8738360e-02  -2.4477066e-01  -2.1536229e-01   3.2351690e-01  -8.0067815e-02   2.3445991e-01  -2.0571038e-03  -8.9222013e-03   4.1105195e-01   9.8623910e-02  -2.8122344e-01   1.0841385e-01  -2.1686403e-01   1.8409497e-01  -1.3055553e-02   4.3328044e-02   4.5620189e-01  -1.4925656e-02  -2.1782865e-01  -1.0806392e-01   3.1082878e-01   1.6475148e-01   2.0341817e-01   3.0206149e-01   1.9511411e-01  -8.1397428e-02  -1.6092158e-02   2.0878344e-01   2.6520279e-01   1.3779884e-01  -7.2468504e-02   1.5521485e-02   2.4157215e-01   3.5883585e-01  -2.3890505e-01  -8.6559687e-02   1.4215404e-01   1.9510660e-01  -2.6983320e-01   8.7339633e-02   3.3255159e-01  -8.1743076e-02   4.0112607e-01   1.0138273e-01   2.8523784e-01  -1.3973497e-02   6.5491449e-02  -1.6334483e-01   4.4078824e-01  -2.4394065e-01   2.6355612e-01  -1.1864266e-01  -7.7670652e-02   2.1975651e-01  -3.6439659e-01   1.6581108e-02  -1.1949385e-01   8.7138637e-02   2.8768919e-01  -2.1583488e-01   1.0810349e-01   1.4940079e-01   4.6845938e-01   2.3968682e-01   1.9759806e-03  -2.0909672e-01   2.4729800e-01   2.3745161e-01   2.3517149e-01   2.4774355e-01   2.5789644e-01   3.8931400e-02   5.0114809e-01  -1.4636772e-02  -2.8287042e-01  -7.4242093e-02   1.3002893e-01   2.5120506e-01  -3.7903111e-01  -2.5087971e-01   2.0120097e-01   3.2423044e-01   1.0116714e-01  -1.4790976e-01   1.6543770e-01  -2.5696749e-01   1.3644903e-01   2.2976410e-01   1.9445397e-01  -2.2668613e-01  -1.7526885e-01   1.1847977e-01   5.6669639e-02   2.9968295e-01  -2.8220742e-01   3.2046026e-01   1.9330022e-01  -1.2553255e-02   9.3818179e-02   1.6175041e-01   5.5874505e-01   3.2883796e-02  -8.1441933e-02   3.9654333e-01  -1.7638600e-01  -1.7365831e-01  -7.9760694e-02   2.5807692e-01  -1.1398615e-01   5.0186469e-03   2.3293435e-01  -3.3282837e-02   1.6132647e-02  -9.2712503e-02  -5.6158690e-02  -3.9409845e-01   2.4095418e-01  -1.9509116e-01   1.9777171e-01   1.4040541e-03  -2.5735531e-01  -1.7443196e-01   2.4521800e-01  -8.9438014e-02   4.4776445e-02   8.5778244e-02   4.3515033e-01  -2.7127964e-01   2.2174753e-01   1.3103492e-01   1.6279542e-01   2.8357280e-01  -8.2522138e-02  -1.5026464e-01  -1.4802409e-01   3.5875228e-02  -2.3713961e-01   1.2277166e-01  -1.3248879e-01   1.4825645e-02  -1.1707908e-01   1.9085514e-01
  -3.5717142e-01   3.0735035e-01  -7.4813581e-02   2.8116349e-03   1.1901346e-01  -2.6570781e-01   1.9220594e-01   1.6549546e-01   0.0000000e+00  -1.5954464e-01   1.6340588e-01   2.4309936e-01   2.7940366e-01  -4.2862163e-01   3.4983394e-02   9.5182454e-02  -1.2320247e-01   1.0251440e-02   1.0755137e-01   9.2706152e-02  -7.8756363e-02  -1.6135003e-01  -9.6985653e-02  -2.4442287e-01   1.3286006e-01   1.5066572e-01   1.2725163e-01  -3.5457115e-01   1.6535134e-01   3.3922262e-01  -1.8700927e-02   1.3651966e-01   2.1988964e-01   3.5985800e-01   2.3675031e-01   2.4535605e-01   2.2514256e-01  -3.0440732e-01   2.3231890e-01   2.1119764e-02   3.7353130e-01  -6.7768208e-02   3.2411319e-01  -1.2243982e-01   3.1698115e-01  -2.0945403e-01   1.5636266e-01   2.9270797e-01   1.4463888e-01  -1.1891601e-01   1.6678416e-01   2.3714268e-01   5.8839988e-01  -1.9098367e-02  -3.4008594e-01  -1.5452313e-01  -2.6798573e-01  -6.6498775e-02   1.9969085e-01   2.6519207e-01  -1.1895050e-01   2.6011776e-01   5.9937267e-01   2.4516762e-01   5.0346479e-01   2.9539580e-01  -2.7014462e-01   3.0155222e-01   2.7730607e-01  -1.7833565e-01   4.3640882e-01   1.9440735e-01   3.0393706e-01  -5.2010925e-01   1.4545421e-01   2.4851643e-03  -7.8001766e-02   2.0186418e-01   2.2947672e-01   1.3774214e-01  -1.4308070e-01   2.4806459e-01  -1.7474092e-01  -1.2690673e-01  -5.1537255e-01  -3.3454550e-03   3.8101425e-02  -3.5093536e-01   3.5322128e-01  -3.3262982e-01   2.0576636e-01  -2.0324479e-01   9.2242208e-02   5.6602150e-01  -1.8281053e-01   5.6210923e-03   1.2187008e-01   1.7250769e-01   4.2178926e-01  -2.8880537e-02  -4.3593340e-01   4.5051034e-02  -3.3248195e-01   7.4271637e-01   1.4707121e-01   2.4204991e-01  -7.2406435e-02   3.5301482e-01   7.1389463e-02   6.4015650e-02  -1.9937079e-01  -2.5974758e-01   2.3772990e-01  -4.1087125e-01  -3.2996500e-01   4.3991031e-01   1.5482514e-01   3.9565049e-01  -4.4714131e-01   3.8386480e-03  -2.3929969e-01   1.9121603e-01   2.7576643e-01   6.1857167e-01  -1.7777264e-01  -3.1022838e-01   2.9272666e-01   1.9274780e-01   1.5798924e-01  -1.1252180e-01   3.7997340e-01   4.3099654e-01  -4.9738979e-01   3.6781011e-01   3.5210208e-01   9.6908286e-02   1.2567583e-01  -1.6628528e-01  -5.4784797e-02  -2.9393744e-01  -2.4860252e-01  -6.4597108e-02   5.5977859e-02  -5.4879566e-01  -4.6602920e-02   1.8120138e-01   9.5086148e-03   8.8280376e-02  -6.0251113e-03   2.2015527e-01  -4.5935886e-01  -2.3451331e-01  -1.3341967e-01   3.6798170e-01   6.8762366e-02  -4.2898537e-01  -1.3941870e-01   1.7038833e-01  -1.8438235e-01  -1.2878127e-01   2.4610441e-01   1.2353350e-01   4.3599601e-02   7.2716337e-02   3.2622259e-02   2.6003428e-01   3.1653142e-01  -3.6207319e-01  -2.4655261e-01   1.2409005e-01   2.9472387e-01  -1.9665928e-01   4.3519396e-01  -3.1362880e-01  -2.0980442e-01   2.5208352e-02   1.9872020e-01
   1.5826297e-02  -1.1149675e-02   3.4152864e-02  -8.2390359e-02  -9.7191999e-02   1.3836840e-01   4.7231235e-02  -2.1664233e-01  -1.5954464e-01   0.0000000e+00   1.2913445e-01  -1.0776654e-01   1.7460090e-01   2.8719136e-01   3.0807553e-01  -9.6662144e-03   2.8657066e-01   8.9396865e-02  -1.9134947e-02  -6.6430843e-02   2.1550360e-01   1.7320040e-02   3.9854465e-01   6.3711817e-02  -2.9990332e-01  -2.8432181e-01  -1.0822095e-01   1.4023203e-01  -1.9566771e-01   6.1452239e-02   2.4794015e-01  -2.0596423e-01  -1.5379206e-01   1.9578238e-01   1.3495270e-01   7.9593078e-03   1.6378749e-01   5.2559348e-02   2.4982758e-02  -5.9355284e-04   7.4154638e-02  -1.0966095e-01  -1.9074157e-01  -4.1028258e-02  -1.8688421e-01   1.0822609e-01  -9.6581868e-02   1.8855466e-01  -1.5863164e-01  -1.0267220e-01   1.0759519e-01  -3.9127889e-02   1.9416950e-01   1.6442422e-01   1.5558635e-01   9.1017862e-02   1.0600383e-01  -2.8805543e-02   1.3849338e-02  -1.5524256e-01   1.2409353e-01  -1.3341422e-01  -2.8108025e-01   1.6433335e-01  -1.0536860e-01   2.8817617e-01  -3.5696669e-03  -2.4631239e-01  -2.7103121e-01   2.0974788e-01  -3.0957665e-03  -7.1271107e-02   3.4872194e-02   5.7656035e-03  -1.0993407e-01  -3.0518900e-03   8.9766714e-02  -2.8833941e-01  -1.2043944e-01  -2.9201436e-01   4.4948556e-01   1.3607537e-01   3.7986338e-01  -5.1351755e-04   1.7713198e-01   1.4428294e-01   2.6032148e-01   5.6975613e-02  -1.8967087e-01   2.3040170e-02  -1.1501549e-01   1.1865684e-01  -5.9139289e-02  -1.4870881e-01   1.4302015e-01  -1.2459070e-01  -1.8547854e-01  -9.7454908e-02  -2.3278291e-01   4.1909024e-01   2.7931905e-01   1.8539643e-01   1.0676964e-01  -1.0646481e-01  -1.5343033e-01  -1.0622683e-01   8.0795349e-02  -3.0515918e-01  -2.8043376e-02   1.8881537e-01   3.9536030e-01   6.8797087e-03  -2.1879369e-01   9.2367355e-02   3.3662183e-01  -3.0411491e-01  -2.5826803e-02   3.4196616e-02   2.6704750e-01  -2.0573543e-02   1.6531488e-01  -1.6293478e-01  -3.2599078e-01  -6.5305562e-02   1.1845663e-01   3.4385999e-02  -4.4999603e-02  -1.5317217e-01  -1.9431835e-01   3.5843534e-01  -4.4403148e-02   1.4415607e-01   2.8621629e-01   2.5176029e-01  -2.5964681e-01  -8.7145798e-02  -8.9701253e-02   3.3545980e-01  -6.8755556e-02   1.2815212e-02  -3.7241796e-02   8.8611233e-02  -1.5808071e-01   3.2354096e-01   4.4366454e-01   5.4436779e-02  -4.4868595e-02   1.9811101e-01   3.3115257e-01   2.0791049e-01   2.1458696e-01   2.2306693e-01   1.3026374e-01   6.6485159e-02  -4.6927393e-02   8.9845516e-03   1.5089420e-01   8.0654935e-02   2.4119013e-02   2.7617417e-01  -1.2821976e-01  -1.1346887e-01   5.0656346e-01  -1.1527808e-01  -1.4393028e-01  -2.0193988e-01  -9.9481357e-02   7.8633872e-03   1.3562710e-01   1.3598514e-01  -1.1761789e-01   1.8218829e-01  -1.7242725e-01   2.3763633e-01  -2.1073744e-01  -1.9272980e-02  -7.6464987e-02
  -2.2683150e-01  -5.1813217e-01  -3.6340762e-01   3.9845459e-01  -3.4498952e-01   5.2420738e-02  -3.1359987e-01   2.5417498e-01   1.6340588e-01   1.2913445e-01   0.0000000e+00  -5.3241780e-01   1.1586302e-01   1.4740966e-02   3.4687927e-01   2.0750484e-01  -2.6364453e-01   6.8072940e-01  -1.9058270e-01  -4.2208711e-01   5.9445069e-01   3.6707346e-01   5.2772785e-01  -1.9135781e-01  -3.0774743e-01   2.8976599e-01  -3.7174576e-01   4.1414753e-02   9.3949681e-02   6.9822521e-01   5.1007250e-01   4.5840641e-01   1.7752878e-02  -2.6860175e-01  -1.9111483e-01   2.1080655e-02   1.9964174e-03  -2.2201236e-01   2.8838561e-01  -5.2883287e-01   3.9470456e-01  -1.6171813e-01  -4.2085464e-01   5.6134658e-01  -1.7363321e-01  -3.6026997e-02   1.3787150e-01   1.5870327e-01  -1.4384480e-02  -6.2259570e-01   6.4315025e-01   2.0129424e-01   5.2383925e-02  -1.8750166e-01  -1.5089307e-01   6.0100572e-01  -9.6272032e-02   5.3618492e-01   5.8834826e-01   2.0733754e-01   1.7856649e-01  -2.3682390e-01  -1.5109702e-01   6.9887119e-01   9.2721313e-02   2.5633808e-01  -1.9947123e-01   9.1291353e-03   1.5592875e-01   2.3638601e-03  -5.1300758e-01   6.2374087e-01   3.3482295e-01  -1.8238570e-01  -2.7317288e-01   5.1298599e-01   1.0269930e-01   4.1127991e-01  -4.9435024e-01  -1.5949033e-01   1.7246210e-01   1.9036669e-01   4.5133910e-01   2.1136426e-01  -4.6512757e-01   4.9385733e-01   3.2929520e-01  -7.7972774e-02  -2.9062994e-01  -1.9715047e-01  -4.2711861e-01  -2.5261536e-02  -4.9305453e-01   4.8670998e-01   6.6369103e-02  -5.7031016e-01   2.0183080e-02   9.7702884e-02  -7.3834617e-02   1.1189406e-01   1.4666059e-01   5.3558444e-01   3.5227884e-01   2.8985818e-01   5.5623100e-01   4.9557049e-01  -3.1254620e-01   3.5662394e-01  -3.0489109e-01  -8.0213576e-02   3.7217445e-01   4.1584738e-01   4.9583217e-01  -2.7951605e-01   1.7920234e-01  -3.2151457e-01   3.7571617e-01   1.9321756e-01   9.6646896e-02   5.0601001e-01  -5.8708022e-02  -5.8419649e-01  -3.5820631e-01   3.8484282e-01   1.4649814e-02  -7.8399960e-02  -3.6078132e-02  -1.9903895e-01   5.0824749e-01   2.1031082e-02   2.2074826e-01   4.9191676e-01  -1.3101916e-01   5.3722152e-01   4.9887171e-02   5.6455346e-01  -1.8581662e-01   2.2796627e-01   4.6808609e-01  -1.9697267e-01  -1.4891513e-01  -2.0400160e-01   5.4030201e-01  -3.8259606e-04   2.8822129e-01   6.4611331e-01  -5.5676578e-01   3.7750961e-01   2.6320211e-01   3.0597325e-01  -4.6978254e-02   4.1253008e-01   6.0408843e-02   4.3724536e-01  -6.2767409e-01  -3.3278010e-01   1.0820410e-01   4.5017252e-01   5.4420443e-02   3.2321353e-01   2.9147359e-01   7.2700866e-01   3.7628213e-01   7.1680601e-01   3.8325358e-01  -5.2024080e-01   6.8915734e-01  -1.5670518e-01   6.5990801e-02  -3.4270153e-01  -4.6064821e-01  -1.2653111e-01   5.8312990e-01  -3.4860619e-01  -1.1344444e-01  -4.5928356e-02   4.9658791e-01
  -1.8825571e-01   8.5678121e-01   5.8709447e-01  -2.6129953e-01   6.0919524e-01   7.8325748e-02   5.8574348e-01   1.0436658e-03   2.4309936e-01  -1.0776654e-01  -5.3241780e-01   0.0000000e+00  -8.0886074e-05  -3.3208829e-01  -2.6522957e-01   7.8001222e-02   3.7006806e-01  -5.1539500e-01   1.7656046e-01   6.5883001e-01  -4.9902665e-01  -2.1143187e-01  -4.5428943e-01  -1.5127368e-01   5.0378667e-01  -2.7256085e-01   4.0130379e-01  -4.4687126e-01   1.3140131e-01  -4.3376063e-01  -5.6419951e-01  -2.6062851e-01   1.3145775e-01   5.3658840e-01   4.3819456e-01   3.1203263e-01  -6.3481818e-02  -3.4756628e-01  -2.1639023e-02   5.2954432e-01  -1.6814742e-01   1.7912257e-01   7.9109440e-01  -4.0343007e-01   4.3517916e-01  -1.1965115e-01   1.8702404e-01   1.0000560e-01   2.0352510e-01   5.9245012e-01  -3.0135387e-01  -1.2034234e-01   1.6282589e-01   3.5483892e-01  -4.9999727e-02  -4.3978759e-01   2.8146053e-01  -2.9885884e-01  -3.2956955e-01   3.3203270e-01  -1.6918883e-01   5.4394636e-01   5.8827001e-01  -5.2620504e-01   2.4740212e-03   9.2406714e-02   2.4360478e-01   3.3387569e-01   1.0438998e-01  -1.9657175e-02   7.0677461e-01  -2.5641444e-01  -9.8598408e-02  -2.3766806e-01   3.1302083e-01  -1.9251255e-01  -2.4834328e-01  -1.2915114e-01   7.7247224e-01   4.3767438e-01  -2.8929114e-01   7.2771153e-02  -4.3182583e-01  -2.3686709e-01   2.3645266e-01  -2.5158351e-01  -3.2610340e-01  -1.8344072e-01   5.8168956e-01  -2.3008504e-01   7.3614553e-01   1.0963835e-01   7.8548016e-01  -8.1517894e-02  -3.4748086e-01   7.0695632e-01   4.0204554e-01  -6.3002158e-02   4.1354554e-01  -2.4354352e-01  -4.9241190e-01  -3.2476583e-01  -4.2988381e-01   2.1512315e-01  -2.6416609e-01  -2.0791855e-01   3.6183867e-01   1.7950383e-02   3.8077735e-01   2.3339319e-01  -2.5113692e-01  -2.2911129e-01  -1.6351082e-01  -1.9325687e-01  -5.1718122e-01   5.6294751e-01  -1.5680722e-01  -9.9610533e-03  -4.2462452e-01  -2.4903109e-01  -2.5832752e-01   7.5893866e-01   7.3582947e-01  -8.8808950e-02  -3.2329189e-01  -1.6190354e-01   3.3429891e-01   3.3144776e-01  -2.3081952e-01  -9.2616189e-02   1.4270026e-01   1.6152244e-02  -1.0441146e-02  -5.0140611e-01   4.1361958e-01  -3.6076830e-01   2.6002318e-01  -4.9000386e-01  -3.8429746e-01  -1.9825860e-01  -1.4894134e-01   5.5434333e-02  -3.0342109e-01  -1.8947090e-01  -1.7258643e-01  -5.1211580e-01   7.5647744e-01  -8.3483585e-02   7.1937045e-02  -4.4204974e-01  -3.0538487e-01  -5.3931634e-01  -4.0849196e-02  -6.9710383e-02   7.3705945e-01  -1.6420207e-01  -2.2164187e-01  -2.0411574e-01  -2.1978183e-02  -4.5918856e-01   6.1080294e-02  -4.5165228e-01  -4.2995017e-01  -4.3299023e-01  -2.0760626e-01   7.1032535e-01  -2.8885622e-01  -1.8762454e-01  -1.2129377e-01   4.8811134e-01   7.6253920e-01  -2.5354188e-01  -2.4875588e-01   2.6937992e-01   4.9337039e-03   1.7035222e-01  -2.0762365e-01
  -2.4532210e-01  -3.4625075e-02  -8.9173272e-02  -2.3660785e-04   1.2026086e-01  -2.6755909e-02   5.0782292e-02   1.5752569e-01   2.7940366e-01   1.7460090e-01   1.1586302e-01  -8.0886074e-05   0.0000000e+00  -1.4274600e-01   1.1520001e-01   3.5350449e-01   1.0038202e-01   1.0183550e-01  -1.1912737e-01   1.3867688e-01   5.5368045e-02  -4.3944636e-02   1.6296842e-01  -7.7418226e-02  -1.2510411e-02   2.8036374e-02   1.5232804e-01  -1.6633787e-01  -1.6809287e-01   1.3953240e-01   7.1911385e-02   1.1600306e-01   2.2185466e-01   8.5554621e-02   1.7260843e-01   3.0402326e-01   3.3907650e-01  -8.7082739e-02   3.8792996e-01   2.2024999e-02   6.7336931e-01   3.0733788e-02   8.5829351e-02   1.9552904e-02   8.9387172e-02  -3.3892138e-02   2.5254898e-01   1.6624256e-02   1.3376280e-01  -4.5757886e-02   1.7459394e-01   4.1629793e-01   1.5412046e-01  -6.9492533e-02  -2.3152290e-01   1.1078370e-02  -2.4885246e-02   1.0158531e-01   4.1593343e-01   8.6498468e-02   9.2380211e-02   1.0221082e-01   3.4237196e-02   2.4554112e-01   2.3697805e-01   3.1620982e-01  -2.4163553e-01   1.8636812e-01   1.3259943e-01  -1.3684117e-01   1.3876129e-01   1.7026306e-01   4.1611357e-01  -3.3794934e-01   1.0701675e-01   7.0751710e-02   1.3505321e-01   1.4662955e-02   8.6031748e-02   9.4740784e-02   7.3575253e-02   3.9104374e-01  -5.9632803e-02   1.2995032e-04  -3.0207944e-01   1.8320640e-01   7.5531389e-02  -1.7470084e-01   1.1268347e-01  -1.3366445e-01   1.0457693e-01  -2.3380823e-03  -5.6253916e-02   2.8347421e-01  -3.8743599e-02   8.6192622e-02  -7.2278088e-02   5.6784400e-02   3.1652648e-01   1.7020188e-01  -2.3265727e-01   2.1697550e-01  -1.3708533e-01   2.4772923e-01   1.6429009e-01   1.6871537e-01  -9.1399551e-02   1.3183549e-01   6.6250346e-02  -4.7438883e-02  -3.7663836e-02  -1.2545859e-01  -7.3878395e-03  -2.1959020e-01  -1.9653506e-01   1.8291386e-01   9.0973672e-02   5.1530901e-01  -2.5404873e-01  -3.1417116e-02  -1.7356548e-02   9.9687740e-02   8.2310288e-02   3.2086542e-01   2.2989927e-02  -1.1602373e-01   3.1767740e-01   9.0680366e-02   1.1327843e-01  -1.0164384e-01   5.5298339e-01   2.8115896e-01  -2.1310605e-01   2.5727705e-01   1.3683651e-01   2.3254119e-01  -1.3234459e-02  -2.3653469e-03   1.8666189e-01  -2.0885674e-01  -2.0164324e-01   3.8567711e-01   8.8019299e-02  -2.8927787e-01   1.0248628e-01   1.6550176e-01  -1.8624046e-01   2.0210233e-01   1.2777112e-01   1.4245148e-01  -2.2634311e-01  -1.6769676e-02  -6.0979130e-02   1.2668392e-01  -8.5993129e-02  -2.5781733e-01   3.1082434e-03   4.2483649e-01   3.7460595e-03   1.3043328e-01   8.1429591e-03   1.7060767e-01   8.1820629e-02   1.0966725e-01   3.4243863e-02   9.7435993e-02   2.4662338e-01  -2.1303907e-01  -1.8037958e-01  -1.5344458e-02   2.0753508e-01   7.0782225e-02   2.1099756e-01  -1.6645849e-01  -3.1738845e-01  -2.5400250e-02   9.9887607e-02
   5.1162463e-01  -1.5668683e-01  -7.0699476e-02  -4.5346404e-02  -3.3260890e-01  -1.4679698e-01  -4.0778183e-01  -1.9997568e-01  -4.2862163e-01   2.8719136e-01   1.4740966e-02  -3.3208829e-01  -1.4274600e-01   0.0000000e+00   2.0629115e-01  -1.4050768e-01   4.1895952e-02   1.2809953e-01  -1.6349792e-02  -3.9238680e-01   5.5471774e-02   1.6110453e-01   1.3020574e-01   4.9485117e-01  -2.1024975e-01   6.1508185e-02  -5.5667721e-01   6.3690285e-01  -8.8441555e-02   7.9194266e-03   4.3124360e-01  -6.9074587e-02  -9.3658072e-02  -1.7923861e-01  -1.7813662e-01  -5.1728905e-01  -2.9430397e-01   4.1572492e-01  -8.1807416e-02  -1.6926592e-01  -1.3521410e-01  -6.4985714e-02  -3.9604117e-01   2.1631120e-01  -3.2625667e-01   5.1257908e-02  -5.2875410e-01  -2.6541795e-01  -4.1589706e-01  -5.1974835e-02   6.1197930e-02  -1.9656252e-01  -1.6750903e-01   2.2201474e-01   7.5245146e-01   3.4668269e-01   8.5668762e-02   7.2568093e-02   1.7487608e-02  -1.5664032e-01   3.8564975e-02  -3.6448466e-01  -3.0556267e-01   2.6194701e-01  -1.4185469e-01  -2.8544623e-01  -1.0647167e-01  -3.4122603e-01  -3.9945589e-01   2.4783008e-01  -4.0719065e-01  -2.5927255e-01  -6.2880064e-02   6.5582908e-01  -8.0112075e-02  -1.1276032e-01   8.6560023e-02  -2.9699375e-01  -2.6057889e-01  -2.4126530e-01   1.4429706e-01  -1.5163957e-01   3.1308283e-01   4.2536242e-02   5.2950134e-01   5.0431537e-02   3.6611643e-01   7.0420506e-01  -2.9450464e-01   5.4263822e-01  -4.1330072e-01   7.5750401e-02  -2.0765408e-01  -3.5023885e-01   1.6133592e-01  -1.9966175e-01  -1.9253974e-01  -1.0498467e-01  -5.0978763e-01   2.3850666e-02   6.5542634e-01   2.9702719e-01   3.6640903e-01  -2.5952466e-01  -1.4903809e-01  -1.6650968e-01   2.0460910e-01  -4.1539879e-01  -2.5148684e-01  -3.7030417e-01   2.6219850e-01   2.4319971e-01  -1.3259906e-01   5.5613329e-01   6.1656806e-01  -3.9324292e-01  -1.1358160e-01  -3.8517537e-01   6.2396702e-01   4.3571002e-02   3.4467689e-01  -2.6196076e-01  -3.7109751e-01  -1.1753128e-01   1.4124066e-01   5.8308103e-01  -2.0857068e-01  -1.3438146e-01  -1.9839838e-01   2.4091968e-01  -2.0315862e-01  -2.5147044e-01   5.3444372e-01   6.0368050e-02  -3.2128990e-01  -1.7465834e-01  -8.7239704e-02   5.8229192e-01   7.7891853e-02   4.7161589e-01   5.6511282e-01  -8.8711115e-03  -7.7576168e-02   4.9891223e-01   3.1827998e-01   1.7289587e-01  -2.4056711e-01  -2.1874981e-01  -2.2459896e-01   3.4285150e-03   6.3106058e-01   3.6318380e-01   3.7054864e-01  -6.8051550e-02  -2.4584165e-01   4.3609220e-01   1.9080730e-01   3.6472531e-02   1.6782840e-02   1.5433235e-01  -4.4181721e-02   1.0735279e-01   1.2012719e-02   6.5076891e-02   9.0827937e-03  -2.5694905e-01  -9.0288205e-02   6.2627076e-01   3.7799467e-01  -2.4249208e-01  -3.3744526e-01   1.3929822e-01  -3.7350444e-01   2.3639816e-02  -5.5389145e-02  -1.2407383e-01  -4.6725037e-02
