   0.0000000e+00  -1.8869104e-01   2.2071863e-02   2.8905831e-01   1.3026724e-02  -1.9594687e-04  -3.1948502e-01   4.1059711e-01  -7.9420106e-02  -8.4291546e-02  -2.6584095e-01  -2.2630392e-01   6.4090971e-02   4.9973678e-01  -3.9478649e-01  -1.0957376e-01  -7.1167232e-02  -1.6473352e-01   2.3886231e-01  -1.2457996e-01  -3.7935670e-01   1.7979799e-01  -2.6629699e-01   5.8164486e-01   1.2659080e-01   1.8595795e-01   1.5325915e-01   4.8144240e-01   1.6047643e-01  -3.3691412e-01  -3.5773402e-01   3.1593751e-01   9.3751603e-02  -4.1014161e-01  -1.3210712e-01  -1.8998045e-01  -1.0570568e-01   2.0174311e-01  -1.4598162e-02   4.6718677e-02   1.1639008e-01   4.7850979e-02  -7.9610421e-02  -2.5837140e-01  -2.2446410e-01   3.6655449e-01  -5.9281238e-02  -4.9170680e-01  -1.6701366e-01  -1.0085939e-01  -9.6148208e-02   2.8287276e-01  -1.6586754e-01  -7.0654623e-02   2.3610453e-01  -2.8571403e-01   1.6102976e-01   2.8272862e-01   2.7642627e-01  -3.1817172e-01   2.6089870e-01  -7.1734565e-02   2.0682791e-01   1.9298839e-02  -6.9937260e-02  -1.0980331e-01  -6.3474772e-02   8.2829978e-02   2.3732922e-01   1.7391984e-01  -4.9290604e-01   2.3276493e-01  -1.6471971e-01   2.9250006e-01  -8.6569166e-02   2.4300824e-01   3.6312066e-01   1.5160416e-01  -2.8347434e-02   9.5275190e-02   2.0127519e-01  -2.1398572e-01  -3.5242878e-01   3.0654596e-01   1.7702264e-01   2.5588199e-01  -3.0417872e-01   4.8639993e-01  -2.5283533e-02   6.8383318e-01   2.8284518e-02   2.9586027e-01  -3.6184756e-01   4.8849493e-02   2.6755120e-01   1.5808372e-02   1.4418434e-01   3.6861196e-01   1.1954762e-01  -3.0287416e-01   1.7733280e-01  -3.1096771e-01  -1.1862681e-01  -1.8677367e-01   1.4115742e-01   2.8071478e-01  -7.3143434e-02   3.9460819e-01  -5.0282121e-02  -2.9247909e-01  -3.9527280e-01  -1.3850264e-01   9.1247574e-02   7.3335513e-01   3.4219667e-01  -3.1620170e-02   1.1843208e-01  -6.2607428e-02  -2.4569639e-01   3.2446886e-01   6.6279056e-01  -3.4474525e-02  -1.4518890e-01  -7.5168912e-02   4.5857821e-01   4.5314362e-01  -2.4665732e-01  -8.0089814e-02   2.8272048e-01  -5.0914520e-02  -2.0437143e-01  -3.9410144e-01   2.9149929e-01  -2.7495112e-01   1.6873246e-01   3.1840578e-01  -9.8242135e-02   3.1423833e-01   3.0315687e-01   4.9165751e-01   6.7305315e-01   6.4850339e-02  -4.8859199e-02  -2.5336908e-01  -2.9347631e-01  -2.2050431e-01  -3.1212880e-01   9.1319128e-03  -1.5410557e-01  -3.9728851e-01   4.7138687e-01   6.8116045e-02   5.2603559e-01   5.1257608e-02  -6.5353312e-02   4.0507390e-01   5.2536604e-01   2.8617933e-01   3.7904518e-01   1.4838313e-01  -3.4461066e-02   1.2574841e-01  -2.3462201e-01   1.4114569e-01   3.4492172e-01  -1.5976358e-01  -1.6066521e-01   6.4797895e-02   6.9244624e-01  -2.6011784e-01  -7.1985159e-02   1.8802326e-01   6.8420598e-02  -4.1909593e-02  -1.3077715e-01   1.1901542e-01   3.8008121e-01
  -1.8869104e-01   0.0000000e+00   2.6596669e-01  -2.7182162e-01   2.3237030e-01  -1.2415912e-01  -3.3642601e-01  -1.9697988e-01   7.3959414e-02  -5.8617988e-02  -3.2640574e-01   6.7574228e-01  -6.3365521e-02  -2.0284858e-01  -2.3098274e-01   1.9212030e-01   4.9412942e-01  -1.6284063e-01  -4.0025510e-02   2.5238275e-01  -1.4019225e-01  -5.9467106e-01  -3.8086153e-01  -5.1280306e-01  -4.9002001e-02  -1.5088348e-01   1.0220736e-02  -2.3402204e-01   2.8691017e-01   1.8849696e-01   8.4416899e-02  -4.1004595e-01   4.0719835e-01   1.3733348e-01  -2.3687348e-01  -1.3491950e-01   1.4139126e-01   3.1315457e-02   3.5967792e-01   2.6128158e-01   8.0603807e-02   1.3341498e-01   2.4612481e-01   3.7717254e-02   9.8404718e-02   5.5360112e-02  -3.4536616e-01   2.7949976e-01   3.4158693e-01   5.1426259e-01  -4.2872069e-01  -2.2790292e-01   5.4970719e-01   2.4061701e-01   7.9280572e-02  -2.4607406e-01  -8.6211511e-02  -5.3476930e-01   1.4088750e-02   2.6154769e-01   9.6291843e-02   1.4619850e-01   4.9045100e-01   2.9194064e-01   2.4777314e-01  -4.5986473e-01  -1.1444341e-01   5.3230450e-02  -5.2841417e-01  -1.1414788e-02   4.1954129e-01  -4.5426093e-01   3.0223300e-01  -1.3984010e-01   2.6266443e-01  -2.5775671e-01   9.3323599e-04  -3.2146978e-01   3.5299754e-01   1.7366403e-01  -4.7388880e-01   2.4624658e-01   6.7493321e-01   5.2499056e-02   3.0324252e-01  -2.3826458e-01  -8.9525820e-02  -1.9561722e-01   4.1995234e-01  -2.6474575e-01   4.1729169e-01   1.5446301e-02   4.7008811e-01  -4.0511993e-02   3.0747352e-02   5.0933545e-01  -2.1634357e-01  -4.0781476e-01  -7.4292725e-02  -1.9758361e-01  -1.7578716e-01  -1.6711568e-01  -4.5567616e-01   5.5561422e-01  -6.5476213e-01  -3.6327737e-01   3.8027990e-01  -4.5051266e-01  -1.6047250e-01   3.1455270e-04   6.4724525e-01  -5.3858863e-01  -1.4392027e-01  -1.9494258e-01  -4.5704334e-01   5.9931465e-01  -4.4056766e-01   1.8258716e-01   2.8913145e-02  -2.8398784e-01  -3.0610372e-01   2.4137777e-01   6.7120650e-01  -6.9830736e-02  -1.3737827e-01   1.1631394e-02  -2.9452928e-01   3.8955789e-01  -4.6351107e-01   4.1845010e-01   1.4516491e-01   3.5387076e-02   3.7180330e-01   2.6361331e-02  -9.2021874e-02  -2.1491989e-01   1.4071664e-01  -1.8881125e-01  -3.2121785e-01  -1.0094119e-01  -1.6898791e-01  -1.5382986e-01  -5.8595665e-01   1.8454326e-03  -3.9603945e-01  -2.5858883e-01   3.4431269e-01  -2.0792273e-01  -3.8815545e-01   1.3936584e-02  -2.5781449e-01  -1.4616652e-01   5.9897577e-02   1.0199485e-01   6.0431948e-01  -2.0439101e-01  -3.0000596e-01  -9.7568801e-02   2.4001931e-01  -6.1751789e-01  -1.7516519e-01  -2.3023184e-01   1.4000625e-01  -4.9125374e-01  -2.8974290e-01   5.3253271e-01  -2.0381865e-01  -2.7437621e-01  -2.8692298e-01   5.4925693e-01   3.3968100e-01  -1.5978996e-01  -4.3799939e-01   1.3925797e-01  -1.0919235e-01   2.0163165e-01  -3.8606246e-01
   2.2071863e-02   2.6596669e-01   0.0000000e+00   1.6906708e-02   1.8981135e-01   3.4694136e-01  -1.3122853e-01  -2.8392475e-02   2.0386693e-02   6.2970548e-02  -1.7627104e-01   3.8119484e-01   9.0628837e-02  -1.1554074e-01  -2.7238741e-01   2.8172453e-01   8.3277075e-01   7.9078155e-02   8.3039738e-02   1.8884163e-01  -2.4289721e-01  -1.7467377e-01  -1.2083354e-01  -5.2732597e-02   2.7528290e-02   5.8020949e-02   5.1014362e-01  -1.0868975e-01   7.4044359e-02  -5.2598926e-02  -4.4472262e-01   4.1085729e-02   3.5634278e-01  -1.5641697e-01  -2.9083699e-01   1.4900809e-01  -3.3070904e-01  -3.4733716e-02   2.1640909e-01   7.1647481e-01   1.4829095e-01   2.5371506e-01   1.4231963e-01  -2.5962422e-01  -2.7044334e-01   4.4790615e-01   1.9437750e-01  -1.9987870e-01  -2.5852732e-01   6.3240006e-01   8.1002506e-02  -1.3081748e-02  -1.8389798e-01   1.2792833e-01   3.4253979e-02  -3.1550290e-01   3.7507620e-02  -7.3466568e-02   8.5859142e-02   2.8199992e-01   3.3384014e-01   1.5548432e-01   1.8016772e-01  -2.7401649e-01  -4.1621265e-01  -8.0788497e-02   3.0855340e-01   9.4672443e-02  -5.2463411e-02   8.2428701e-01   1.4011110e-01  -1.4754999e-01  -7.3536982e-02  -1.9811080e-02  -2.3091449e-02   5.0526739e-02   3.5512808e-01  -9.0007620e-02   1.3035189e-01  -1.6275645e-01  -1.8099281e-01  -1.0835837e-01  -8.5019624e-02   1.4665327e-01   1.4753133e-01   7.5878079e-02  -2.5990072e-01  -1.0767573e-01   2.0160058e-01   6.2489428e-02   2.3804296e-01   5.6505436e-01   2.2546944e-01   6.6090407e-02   6.0767251e-02   1.1493029e-01   7.4510546e-02  -2.4947028e-02   4.5310309e-02  -2.1525034e-01   1.8066574e-01  -1.8258476e-01  -2.4532143e-01   6.1800527e-03  -2.1459383e-01   1.0977183e-01   9.9833981e-02  -5.5881233e-03   2.8667403e-02  -4.1867554e-03   2.1025911e-02  -1.0831029e-01  -3.3763027e-02   1.7076507e-01  -7.9352305e-02   6.7212236e-02  -2.3576135e-01   1.2276039e-01   2.8474387e-01  -9.8187461e-02   1.0713301e-01   8.3528768e-02   1.6822547e-01  -2.7894920e-01   2.9201339e-01   2.3706562e-02  -2.1032520e-01  -1.2231127e-01   6.9970294e-02   8.2836616e-01   9.4093322e-02  -4.1972982e-01   6.3660211e-02  -4.0267582e-01   1.0720521e-01   3.2597396e-02  -1.7420486e-01  -1.8797279e-01   6.2179750e-02   1.3204732e-01   1.5207866e-01   5.0451576e-02  -1.3903353e-01   4.7530088e-01  -2.6240953e-01  -2.6513186e-01   3.1458241e-01   1.8113537e-01   7.3391254e-02  -4.1606443e-01   2.1377880e-01  -2.4566261e-01   2.8574901e-01  -1.3839708e-01   6.6695754e-01  -4.9494955e-03   2.3800933e-01   6.9094382e-02   4.3334942e-01  -1.2611111e-01   7.8837753e-02  -7.4126245e-02   1.2032796e-01  -2.5655702e-01   2.0578935e-01   2.9324794e-02  -2.0969116e-02   2.2284140e-02   1.2943768e-01  -1.0923962e-01   2.0182346e-01  -2.7861750e-01  -2.1565023e-01   3.6419240e-01  -5.8547261e-02   8.8423348e-02   3.0943186e-02
   2.8905831e-01  -2.7182162e-01   1.6906708e-02   0.0000000e+00  -4.0670920e-02   9.4378523e-02   1.2174466e-01   3.0086446e-01   8.7344187e-02  -7.1057491e-02   9.9993234e-02  -2.9756009e-01   3.0911457e-02   2.1441573e-01  -2.0084861e-02  -3.4331213e-02  -1.2596209e-01   6.3039230e-02   1.4550907e-01  -1.0644322e-01   2.7753850e-03   3.4683263e-01   3.2763771e-02   3.9163434e-01  -1.1914277e-01   2.1893695e-01   1.3145997e-01   3.0272329e-01  -1.1029164e-01  -3.8174576e-01  -9.5900539e-02   5.1049598e-01   4.4057862e-02  -1.8884976e-01   2.9244505e-02  -5.4949500e-02  -1.8351214e-01   1.0260985e-01  -3.2481794e-02   6.4903206e-03   1.5131048e-01   1.7292902e-01  -1.6733929e-01  -2.3141511e-01  -6.1128939e-02   1.2275427e-01   1.7030791e-01  -2.8416741e-01  -9.1379814e-02  -2.1079189e-01   2.6681039e-01   2.6485407e-01  -3.1233031e-01  -3.2032313e-01   1.1905716e-01  -1.0785356e-01   9.6430620e-02   5.4680156e-01   4.9299226e-01  -2.1903069e-01   2.0266749e-01   1.0114279e-02   8.6108466e-02  -3.3037981e-02  -1.5069782e-01   2.1079094e-02   9.4483633e-02   2.7070763e-01   5.2658830e-01   1.4901267e-01  -2.4143347e-01   4.4743518e-01  -3.8665088e-02   9.2061271e-02  -1.9463725e-01   3.9434309e-01   1.1684303e-01   1.4217413e-01  -1.7423295e-01   9.1856727e-02   2.8778199e-01   3.2593339e-02  -3.4333816e-01   2.7346433e-01  -1.5136732e-01   3.9047289e-01  -1.7773007e-01   2.6074119e-01   9.6175835e-02   3.9654816e-01  -1.1144139e-01   2.2658997e-01  -3.6570637e-01   5.8743656e-02   6.8902630e-02  -1.5949386e-01   1.0967486e-01   3.6437616e-01   2.9936857e-01   7.0758238e-02   1.2258936e-01  -1.5247432e-01   1.7848529e-01  -2.1469620e-01   4.3083160e-01   6.3952594e-01  -2.2239125e-01   3.8051884e-01   8.2422554e-02  -2.0428667e-01  -3.6536781e-01   2.1740238e-02   2.8959268e-01   2.8642647e-01   3.0125327e-01  -1.7436388e-01   1.1796905e-01   1.7254338e-01  -2.1870409e-01   6.7024145e-01   3.1682882e-01  -1.4646462e-01  -2.7428191e-01   4.0111814e-03   1.8410165e-01   1.7950782e-01   1.4553442e-02  -1.9597695e-01   6.1958492e-01  -8.4687721e-02  -1.0204966e-01  -3.2014611e-02   1.1476399e-01   9.5268971e-03   2.8756164e-01   2.9546043e-01  -9.3986614e-02   1.6777363e-01   3.5756067e-01   2.2414368e-01   1.6846223e-01  -8.2681452e-03   2.3082836e-01  -9.4104126e-02   1.0404061e-01   2.2830433e-01  -1.0141272e-01   4.7040381e-02  -3.5420939e-02  -3.1386025e-01   2.8948359e-01   1.6794570e-01   5.6022202e-02  -1.7741472e-01  -2.0424576e-01   1.4379371e-01   3.3407458e-01   4.4826368e-01   2.9575278e-01   2.6779906e-01   3.0304229e-02   2.8152199e-01  -1.3918514e-01   5.4069449e-01   3.8086926e-01  -2.6110656e-01  -1.4885238e-01   1.8481831e-01   4.0301887e-01  -3.1464874e-01  -2.4108853e-01  -7.1817375e-02   1.6112140e-01  -3.2938660e-02  -5.7695238e-02  -5.6370913e-03   5.1016942e-01
   1.3026724e-02   2.3237030e-01   1.8981135e-01  -4.0670920e-02   0.0000000e+00   1.0267968e-01  -2.0400560e-01  -2.0713357e-02   1.0736798e-01   1.7736671e-01  -4.5046347e-02   2.2770497e-01   4.0262358e-01  -1.5313380e-01  -1.6555201e-01  -6.9668517e-02   2.1282297e-01   2.6194134e-01   3.1837620e-02   7.0937756e-01  -3.5136704e-01  -1.9982576e-01  -3.4874791e-02  -6.8679161e-02   5.1692066e-02   1.6445421e-02   2.3632203e-01  -1.2998936e-02   4.9651093e-03   1.9357334e-01  -2.3726780e-01  -1.0512880e-01  -8.8228486e-02   2.6191587e-02  -2.8262755e-01   5.6082609e-01  -1.8934322e-02  -3.7814965e-03  -8.0585796e-02   3.2698915e-01   1.9075283e-01  -2.1036605e-02   5.1048860e-01  -1.8705166e-01   2.1958053e-01   1.2888708e-02   3.8030108e-02  -1.9902826e-01   3.3435478e-01   1.7755574e-01  -5.9675268e-03   5.1315853e-02   3.1137915e-01  -8.9366804e-02  -3.5668021e-02  -2.6020281e-01   8.2140453e-02  -1.9148991e-01  -1.1089013e-01   1.9014809e-01  -7.8231298e-02   5.0580474e-01   4.6661437e-01   9.4786953e-02   3.0066079e-01   2.2710962e-01   7.7094095e-02   1.6401692e-01  -1.2090338e-01   1.1659596e-01  -2.9851254e-01   1.0123387e-01   9.5879039e-02  -3.1017428e-01   1.2806786e-01  -2.1086607e-01  -1.4043132e-01   1.0156246e-01   7.4121918e-01  -1.6622981e-01  -1.3521468e-01   5.2851746e-02   9.9427891e-02   5.0324201e-02  -2.2521940e-01  -2.4810173e-01  -3.4758023e-01   5.8527899e-03   3.1240524e-01  -7.2351237e-02   8.4744103e-01  -6.3221015e-02   2.4153527e-01   3.0077960e-01  -1.6561298e-01   6.9259544e-01  -1.0184583e-01  -1.0473864e-01   3.1317271e-01   7.1099348e-02  -3.6845115e-01   1.3067394e-01  -3.2986582e-01   8.4184247e-02  -2.6762075e-01  -9.9908536e-02  -9.4159311e-02  -1.0584213e-01   4.2776592e-01   8.5487434e-03   1.5979625e-01  -1.1097882e-01   1.0052473e-01  -5.5984844e-02  -3.7166632e-01   6.0966147e-01  -1.3086197e-01   2.4730560e-01  -6.3748301e-02  -1.4117121e-01  -8.3340082e-02   8.7225572e-01   3.1313148e-01   9.4975472e-02  -2.8820275e-02   7.7286461e-02   1.5426940e-01   6.8712216e-02  -2.3299954e-01   2.1058565e-01   2.3512685e-01   1.1484363e-01  -5.4413970e-02  -2.1272137e-01   1.6126562e-01  -2.5638182e-02  -1.0678405e-01  -2.1026128e-01  -3.0072673e-02  -1.8325520e-01  -9.6966082e-02   3.7638978e-01  -1.6160223e-01  -1.3935991e-01  -2.5701566e-01  -4.5614817e-01  -1.1653138e-01   4.8024758e-01   6.9379640e-02  -2.5894438e-01  -9.1272652e-02  -1.8155644e-01  -3.6081042e-02   3.3260293e-01   4.7972672e-01  -1.4233078e-01  -5.4912071e-02  -1.8420466e-01   1.6721827e-02  -1.5975715e-01   1.5995934e-01   4.0989432e-02   4.4382453e-01  -1.2664531e-01   1.0677718e-01   3.7205843e-01   8.8866840e-02  -6.0315604e-02  -1.3013586e-01   4.0796229e-01   6.8314941e-01  -3.1421266e-01   1.9601678e-01   1.4410266e-01   6.9638853e-02   1.7093227e-01  -4.8022423e-02
  -1.9594687e-04  -1.2415912e-01   3.4694136e-01   9.4378523e-02   1.0267968e-01   0.0000000e+00   1.8133340e-01  -1.1991041e-01   9.0286702e-02   6.0040328e-03   3.3268624e-02   1.2346430e-02   2.5939747e-01  -1.5037325e-01  -3.6166606e-02   4.5184805e-01   1.7901745e-01   2.9112069e-01  -7.3301730e-02   2.1334133e-01   1.5306118e-01   1.0436099e-01   2.5464964e-01  -1.7255717e-02  -7.4416923e-02   1.2145743e-02   5.8371393e-01  -1.6656204e-01   1.0916569e-01   2.1886657e-01  -3.8758039e-01   5.1966139e-02   3.6844817e-02  -5.8828236e-02   4.3816131e-02   3.5211065e-01  -1.9328120e-01  -5.2044795e-02   2.2983506e-01   6.3932427e-01   1.5365634e-01   5.5874536e-02   5.9922364e-02  -2.3458600e-01  -1.2841264e-01  -5.3405335e-02   3.9730274e-01  -1.1121600e-02  -2.8779808e-01   1.7875670e-01   3.8612689e-01  -1.3677054e-01  -3.8820836e-01  -1.5178921e-01  -1.2034799e-01   2.0564746e-03   3.4108154e-01   1.2648456e-01   1.1394748e-01   3.8994629e-01  -8.9505594e-02   2.3292405e-01  -1.8079323e-01  -5.5474210e-01  -3.2833608e-01   1.8288859e-01   7.7546469e-01   1.3871973e-01   3.3049069e-01   4.2414137e-01  -7.1079270e-02   6.6511618e-03   7.8570632e-02  -1.0353341e-01  -2.0131584e-01  -1.3812908e-01   3.6262964e-02   1.8605560e-01  -2.4251177e-02   1.3978891e-02  -7.1543491e-02   2.0771057e-01  -3.0288635e-01  -5.5543709e-02  -1.7527991e-01  -1.4259479e-01   8.2446966e-02  -2.6874467e-01  -7.8886611e-02   5.0685263e-02   8.9438500e-03   1.9607073e-01   1.9807626e-01   1.0373615e-01  -1.5952888e-01   2.1931980e-02   3.5534031e-01   1.0273879e-01  -3.6623744e-03   4.7970418e-02  -3.1788958e-03   5.6913336e-02   8.3300939e-02  -2.6531741e-02   3.4319202e-01   1.7050113e-01  -1.9401961e-01   2.8678111e-01   2.9372394e-02   3.3277097e-01  -8.0273383e-02   3.8864257e-01  -1.9027688e-01  -2.9083612e-02  -6.5045716e-02  -1.5873480e-01   2.7082393e-01   1.5513236e-01   2.8297654e-01   1.6549558e-01  -2.3255552e-02   5.6833543e-02  -1.5678738e-01  -1.3312837e-01  -2.6826646e-02  -3.1291531e-01   1.1034765e-01  -6.6981682e-02   1.3200633e-01   3.1788210e-01   2.0614190e-01  -6.6981354e-02  -2.8907577e-01  -3.1259600e-01  -1.1697766e-01  -2.9662804e-01   3.1588371e-02  -2.0562379e-01  -1.7741110e-01   5.2656787e-02   8.0796648e-02   1.3852612e-01   1.3277984e-01   4.0851939e-01   9.0078493e-02   1.9155788e-02   1.4163920e-01   1.6776394e-01   4.0662152e-01  -1.6292987e-01  -6.9613011e-02  -3.4063793e-01  -1.6404460e-01  -1.3481038e-01   3.4436847e-01  -7.3407253e-02   2.6059470e-02   2.6151929e-01  -1.0603407e-02   8.4514264e-02   1.2636691e-01   1.7071328e-02  -4.5317666e-03   3.8796374e-01   1.1505883e-01  -1.0752375e-01   1.7539259e-01   3.1349828e-01  -9.2762297e-02  -3.2416277e-02   1.0275187e-02  -1.9124923e-01   7.2318607e-02   6.5410422e-01   2.1455223e-02  -8.8145616e-02   2.2105532e-02
  -3.1948502e-01  -3.3642601e-01  -1.3122853e-01   1.2174466e-01  -2.0400560e-01   1.8133340e-01   0.0000000e+00  -2.1879241e-01   2.3108824e-02   1.9683672e-01   2.9810026e-01  -8.0056808e-02   2.0559206e-01  -3.0531805e-02   7.1508662e-01   1.7541875e-01  -2.9275788e-01   9.3055685e-02  -2.8194842e-01  -1.3239870e-01   4.3385959e-01   1.1100578e-01   6.3939538e-01  -1.2890130e-01  -1.7412597e-01  -7.5016983e-02  -1.8144420e-02  -7.7217138e-02  -2.3822920e-01   1.3932565e-01   2.3308467e-01  -3.0156192e-02  -1.7934867e-01   4.3597932e-01   4.2370043e-01   7.1044962e-02   7.0794248e-02  -1.7412474e-01  -5.7999967e-02  -1.0472367e-01   9.5486250e-02  -1.8640915e-01  -6.0565561e-02   1.2264159e-01   9.8538248e-02  -2.9051211e-01   2.5806041e-01   4.4253550e-01  -3.2254554e-01  -3.0579180e-01   3.2972646e-01  -1.1749765e-01  -1.5278061e-01  -2.3826415e-01  -2.5466702e-02   5.4130245e-01  -1.0082733e-02   9.3550949e-02  -8.6851598e-02   2.4349771e-01  -2.4952419e-01  -5.6432024e-02  -5.3377171e-01  -4.1509482e-01  -1.9239847e-01   2.5749904e-01   1.5442799e-01  -2.4803205e-01   1.7903251e-01  -4.1273340e-02   2.9343441e-01  -1.1868863e-01   8.0315443e-02  -7.9008059e-02  -3.1833132e-01  -2.6079821e-02  -2.5808720e-01   1.6500320e-01  -2.8356640e-01  -2.4112583e-01   4.1722545e-01   2.5616768e-01  -1.2422146e-01  -1.6114155e-01  -2.1545481e-01  -1.1823614e-01   3.2768124e-01  -1.1491477e-01  -2.8022814e-01  -1.5535475e-01  -3.6740210e-01  -1.2522509e-01   1.4182051e-01   4.8127587e-02  -3.1867690e-01  -3.6381241e-01   3.6656994e-03  -4.7356415e-02  -2.4481773e-01   5.2478428e-01   1.7371324e-01   3.4206762e-01   5.4183222e-01  -1.3301292e-01   2.7658208e-01   1.2780294e-02  -2.6811021e-01   6.4063294e-02   5.5920692e-02   2.1539335e-01   9.9237769e-02   5.2640879e-01  -2.1099010e-01  -2.0356197e-01   2.7113045e-01  -3.5543416e-01   2.3178731e-01   1.3777956e-01   2.1610775e-01  -2.5895179e-02  -2.0921441e-01  -2.3997244e-01  -3.3265264e-01  -1.3084196e-01  -2.0052958e-01  -2.6762400e-01   3.1839375e-01  -3.0771676e-01   7.7735964e-02  -1.5089415e-01   2.0202549e-01   3.1393867e-01  -3.7988890e-01   8.2442398e-02  -2.7907278e-01  -1.4218962e-01  -2.0076748e-01   1.7125853e-01  -1.0589659e-01  -1.8263280e-01  -1.8419340e-01  -4.6319416e-02   2.9902699e-01   1.7287571e-01   5.9112314e-01   3.8077983e-01   4.5010466e-01  -1.1505265e-01   3.2363892e-01   3.9978033e-01  -1.0348403e-01   2.4291931e-01  -3.9457012e-01  -1.6939504e-01  -1.9507276e-01  -1.9551676e-01  -5.2497418e-02   3.5916701e-02  -3.2859493e-01   5.1287840e-01  -3.5667178e-02  -1.1077990e-01   3.7254869e-02   3.4871903e-01  -1.2230074e-02  -1.3687621e-01   4.4452131e-01   1.4121276e-01  -2.4914410e-01   7.3658748e-02  -1.5550394e-01  -2.7151830e-01  -1.2540577e-01  -4.2205484e-02  -7.6719277e-03  -3.1330713e-01  -1.1208869e-01
   4.1059711e-01  -1.9697988e-01  -2.8392475e-02   3.0086446e-01  -2.0713357e-02  -1.1991041e-01  -2.1879241e-01   0.0000000e+00   5.1395365e-02  -2.0800249e-01  -8.3671232e-02  -2.6015271e-01  -1.1898501e-01   3.2063875e-01  -1.8640339e-01  -1.6341183e-01  -9.7048698e-03  -5.9828194e-02   3.1503318e-01  -1.1207983e-01  -3.7376341e-01   1.5906266e-01  -3.3009494e-01   4.0856106e-01  -9.0204573e-02   5.2688691e-01   9.7478816e-02   5.2721193e-01  -4.0606793e-02  -3.0293633e-01  -1.1657608e-01   5.0629680e-01  -3.6779301e-02  -2.8027797e-01  -1.8316567e-01  -1.9458562e-01  -8.1695170e-02   1.5024864e-01  -1.3094264e-02  -3.8524049e-02   3.6167483e-02   3.5159189e-02  -2.3677842e-03  -6.2919244e-02  -2.1082640e-01   4.0584147e-01  -5.9014801e-02  -3.7652532e-01  -1.4867948e-01  -1.7850191e-01  -4.3764861e-02   7.9049384e-01  -4.2558616e-02  -4.1563508e-01  -1.4363005e-01  -1.8586451e-01   1.8618738e-01   5.0306940e-01   3.1042730e-01  -3.0051213e-01   4.0087791e-01  -1.5680389e-01   1.6927775e-01   3.6955053e-01   1.4446248e-02  -1.6302653e-01  -1.4760797e-01   5.8075592e-02   3.4604330e-01   1.4577583e-01  -2.9274280e-01   2.3529853e-01  -5.5081981e-02   2.9770718e-02  -2.3708206e-01   5.5159305e-01   3.2692208e-01   1.5160501e-01   5.6640732e-02  -8.3228264e-02   3.1536511e-01  -1.3279788e-01  -2.5183805e-01   6.9005241e-01  -1.1650465e-01   5.9928154e-01  -2.8054721e-01   4.0619191e-01   1.0215909e-01   4.4456050e-01  -1.1184908e-02   2.5629057e-01  -4.3978622e-01   3.9482926e-03   2.4910844e-01  -1.8658252e-01  -4.3272731e-02   4.7918231e-01   7.2696426e-02  -1.5221642e-01   2.3006749e-02  -1.5927072e-01  -3.7621627e-02  -2.5056249e-01   2.2302780e-01   5.3385852e-01  -2.9428337e-01   5.6434664e-01  -9.7240464e-02  -4.2843656e-01  -3.1386229e-01  -1.8928551e-01   2.4417745e-01   3.4676366e-01   2.1921454e-01  -1.5107605e-02   1.5938925e-01   1.6721443e-02  -2.7606820e-01   3.0716954e-01   4.1234787e-01  -1.3372227e-01  -2.0657488e-01   8.9472179e-02   3.9365021e-01   3.6386176e-01  -1.4318053e-01  -2.5542950e-01   4.3499596e-01  -9.7879230e-02  -5.5935093e-02  -2.0069947e-01   2.6153045e-01  -5.4854258e-02   3.3943568e-01   6.5281893e-01  -1.6072479e-01   4.2646545e-01   6.5656146e-01   2.9309496e-01   2.4729497e-01   2.9266918e-02   2.0719909e-01  -2.0989187e-01  -1.0285829e-01  -9.5094475e-02  -2.6829771e-01   1.2724160e-01  -1.6877503e-01  -2.9553040e-01   2.8498543e-01   3.3638059e-01   6.4019987e-02   8.1307102e-02  -7.5454782e-02   2.2241752e-01   4.3601876e-01   2.7231221e-01   2.6488924e-01   2.6269446e-01  -1.0444601e-01   3.6750317e-01  -6.8911653e-02   8.9205617e-02   4.5840785e-01  -1.4863638e-01  -1.2962835e-01   3.7921960e-01   3.2761004e-01  -2.2224429e-01  -7.7090494e-02  -2.7030106e-02   7.3715537e-02   2.1693876e-02  -2.1557086e-01  -1.4453509e-02   5.1770464e-01
  -7.9420106e-02   7.3959414e-02   2.0386693e-02   8.7344187e-02   1.0736798e-01   9.0286702e-02   2.3108824e-02   5.1395365e-02   0.0000000e+00   1.9162862e-01   2.4132828e-01  -3.9373999e-02   1.6851640e-02   6.2055269e-02   5.7203452e-02  -5.9512777e-02  -3.7928018e-02   3.4661556e-01   1.0388456e-01   1.9289811e-01   9.7297934e-03   1.2539708e-01   1.7655291e-01  -1.5594426e-01   1.1258173e-01   5.1810166e-02   2.0285958e-01   2.0177251e-02  -1.9235500e-01   2.3525129e-01   1.2719179e-01  -5.5209692e-03  -1.4471595e-01   2.3133398e-01   1.1505155e-01   3.0040311e-01   1.8738476e-02  -1.5921281e-01  -1.2011083e-01   1.2674968e-01   2.0155720e-02  -1.0657065e-01   3.5700286e-01   1.7022173e-01   2.2051408e-01   4.5254237e-02   2.0038812e-02   1.1236092e-01   4.2202290e-02  -1.6002833e-01   3.2709849e-01   1.7464479e-01   2.2211340e-01  -1.4163377e-01  -1.0669829e-02  -7.2563248e-02   1.9878458e-01   3.8224386e-02  -2.3552309e-01   3.8976309e-01  -7.2960246e-02   1.7417428e-01   7.1106087e-02   1.6615675e-01   3.3764350e-01   3.0131863e-01   1.1037765e-01  -1.6358374e-02   4.8804503e-02   1.4837401e-01  -1.8986035e-02   1.3830682e-01   1.2338666e-01  -4.1710305e-02  -1.0025442e-01  -1.5342186e-01  -1.5575189e-01   2.1589157e-02   1.7490923e-01  -3.1038136e-01   7.4932924e-02   1.3330201e-01   1.5241819e-02   5.9975648e-02   3.1747796e-02  -1.4355015e-01   1.5236972e-02  -2.0761120e-01   6.0272017e-02  -1.0770948e-02   7.8133905e-02  -1.0023883e-01  -1.0122125e-01   5.3168720e-01  -2.7239765e-01  -1.1437152e-01  -6.7688219e-02   1.3400810e-01   1.5592880e-01   5.5511589e-02  -5.3362230e-02   4.1571801e-01   5.6368579e-04   3.3562197e-01   1.0717957e-02   3.2794446e-02  -7.9226585e-02   5.9745579e-02   2.6648173e-01   7.5170391e-02  -7.2043067e-02   1.2629000e-01   1.7695430e-01  -1.0261894e-01  -1.2071874e-01   1.2149109e-01   3.1722377e-02   1.8087471e-01  -2.6221213e-02  -9.2321387e-02  -1.4902366e-01   6.2391020e-02   8.5101906e-02   3.6935053e-01  -1.8896558e-02  -3.3818155e-03   3.7336366e-01  -1.8355290e-01   9.0153951e-02   1.1099065e-01   4.0584080e-02   1.5477362e-01   6.9603536e-02   2.1329503e-01   3.5569197e-01  -1.6748540e-02  -2.6942983e-01  -3.1182106e-02  -1.8323474e-02  -2.0269805e-01  -1.0589526e-01  -2.6146776e-02   1.8049124e-01   5.7100682e-03   1.0849480e-01  -1.9890859e-01  -3.1980417e-04   2.8994331e-01   2.1505941e-01   1.9100396e-02   1.0901777e-01   4.1347198e-02  -2.6686605e-01   2.9540433e-01   9.8841331e-02  -1.2579072e-01  -7.3784265e-02  -5.6654654e-02  -1.8117051e-01   3.4728812e-02   1.2823980e-01   1.5514159e-01   3.6461103e-01  -5.5024244e-02   1.2026160e-01   1.6603221e-01   1.4207204e-01   1.5079909e-01  -1.3052998e-01   3.9606139e-02   1.4814695e-01  -2.8419611e-01   1.3816589e-01   1.2852278e-01  -9.7246502e-03  -2.8474572e-01   1.6074150e-01
  -8.4291546e-02  -5.8617988e-02   6.2970548e-02  -7.1057491e-02   1.7736671e-01   6.0040328e-03   1.9683672e-01  -2.0800249e-01   1.9162862e-01   0.0000000e+00   1.6658561e-01   1.7524777e-01   3.0626249e-03  -3.0864624e-01   9.8626363e-02  -4.5618855e-02  -1.1907455e-01   2.4944931e-01  -3.8817401e-02   1.1201376e-01  -1.7707849e-02  -1.0583396e-01   3.5909450e-01   1.9815524e-02  -1.0773832e-01  -1.9837878e-03  -1.6345262e-02  -3.1832769e-03  -6.9397666e-02   1.5052807e-01  -1.4855815e-01  -7.5883115e-02  -1.1417838e-01   3.4452809e-01  -1.5329536e-01   2.2489523e-01   1.6895060e-02  -5.5782645e-02  -2.0996560e-01  -4.5659350e-02   6.8208203e-02  -2.5434872e-02   3.3721275e-01   2.6134349e-02   3.5750693e-01   1.0503099e-01   2.7398946e-02  -4.2839312e-02  -1.2522213e-01  -1.6640098e-01   2.2108594e-01  -4.4568043e-02   1.5800838e-01  -1.5698528e-01  -9.5780482e-02   1.0807533e-01   8.0598282e-02  -1.5896269e-01  -2.0915391e-01   2.3545634e-01  -9.7003586e-03   3.0789962e-01   2.8649645e-02  -1.6595354e-01   2.2433326e-04   4.9557396e-01  -1.1886437e-01  -3.5043445e-02  -9.3916033e-02   1.3753890e-01  -1.0701113e-01   5.2426572e-02  -9.1157525e-03  -1.6689423e-01  -1.2070438e-01  -1.2421989e-01   3.7447795e-03   1.1972701e-01   1.8723275e-01  -2.2829576e-01  -4.7336285e-03   1.3766188e-01   4.0943230e-02  -7.0885516e-02  -1.9169228e-01  -2.2934587e-01  -3.3280101e-01  -9.7856538e-02  -1.5590825e-01  -4.1526990e-02   1.8019459e-01   9.3124131e-02   1.1464609e-01   2.3278999e-01  -5.5004217e-02   9.2714821e-02  -5.5670199e-02  -3.8979153e-03   5.2984289e-02   5.3114235e-01  -2.5615086e-01   1.1790377e-01  -1.2732310e-01  -1.1816722e-01   1.9529879e-02  -6.5245908e-03  -2.4847183e-01  -9.5479115e-02   4.2540057e-01   7.1468710e-02   1.5121019e-01   8.5661284e-02  -1.5613362e-01   9.1969738e-02  -1.7931470e-01   1.7323383e-01   6.2705935e-02   9.2742391e-02   4.7267000e-02  -1.3077391e-01   2.4783580e-02   2.6398718e-01   1.2906047e-01  -1.8532098e-02   1.3867930e-01  -1.6526861e-02   1.1893486e-01  -2.4269762e-01   3.6149083e-02  -4.8502601e-03   1.0127140e-01   3.0504678e-01  -1.0975503e-01  -6.2933690e-02   6.4956372e-02  -8.0064841e-02  -1.3930045e-01  -1.9126138e-01  -8.4602643e-02  -1.2170428e-01   1.1142612e-01  -5.2130708e-02  -5.2046805e-03   2.8014094e-02   1.9475417e-02  -2.2383535e-01   6.0610367e-02   1.5257075e-01   2.7152146e-01   2.6707171e-01   3.9977999e-02  -1.3883668e-01  -3.9704551e-02   5.4625909e-02   1.3237109e-02  -2.1784419e-02   1.4357945e-01  -7.8173908e-02  -6.6570529e-02   7.5392171e-02   1.1053671e-01   6.1862752e-06   3.1768862e-01  -5.4879263e-02   1.0756208e-01   2.5666131e-01   4.7530638e-01  -3.9350693e-02   2.9995152e-02   9.6148967e-02   3.3128232e-01  -1.7293157e-01   1.0043917e-01   7.1599073e-02   1.1420374e-02  -8.1056342e-02  -7.4102664e-02
  -2.6584095e-01  -3.2640574e-01  -1.7627104e-01   9.9993234e-02  -4.5046347e-02   3.3268624e-02   2.9810026e-01  -8.3671232e-02   2.4132828e-01   1.6658561e-01   0.0000000e+00  -3.4255722e-01   2.2196974e-01  -1.0560592e-01   3.4841474e-01   1.2180482e-01  -2.2703766e-01   5.7128387e-01  -2.4285406e-01   1.8622022e-02   4.7187929e-01   1.8023246e-01   4.7772908e-01  -1.7014250e-01  -6.3294433e-02  -7.8112391e-02   8.6242753e-02  -2.1776191e-01  -1.8539741e-01   5.6961030e-02   3.3171871e-01   6.2250170e-02  -7.5934340e-02   2.8137957e-01   1.0559389e-01   4.3033200e-01   9.9872360e-02  -2.1746399e-01  -1.7046316e-02  -2.1157783e-02   2.4483762e-02  -9.2955826e-02  -3.1460159e-02   3.6409348e-01   9.9760209e-02  -3.2995441e-01   5.2669853e-01   8.6819423e-02   9.4275280e-02  -2.0244935e-01   5.8923004e-01  -1.3698767e-01  -6.8489360e-02  -7.8384146e-02  -2.0101498e-02   2.2122096e-01   6.4808711e-02   1.6717717e-01  -5.9691030e-02   1.1069475e-01  -2.4835114e-01   1.8148557e-01  -3.5334488e-01  -1.6896620e-01   6.5935115e-02   4.7749630e-01   1.1633007e-01  -9.1588249e-03   3.7008274e-01  -5.2476257e-02   1.5084325e-01   2.0424748e-01   1.8720454e-01  -5.1016814e-02  -2.0448922e-01  -6.2349394e-02  -3.0214901e-01   2.4380056e-02  -8.5910538e-03  -1.5920458e-01  -7.7361995e-04   1.7238188e-01  -1.2957749e-01  -3.0000776e-01  -2.0433290e-01  -9.2657304e-02   1.4665981e-01  -2.4760929e-01  -2.3220128e-01  -2.7140270e-01  -1.5475675e-01  -3.1615066e-01  -2.0244591e-01   2.7855602e-01  -2.8925787e-01  -3.5411435e-01   1.0437590e-03   4.1071767e-02   1.3677430e-01   1.3270954e-01  -3.1204359e-02   4.7536991e-01   2.1884280e-01  -3.3621468e-04   3.3173659e-01  -1.5937946e-02  -1.4650699e-01   6.0596938e-02   3.0098354e-01   2.2349765e-01  -2.0145723e-01   3.7983587e-01   2.1346604e-02  -3.8097667e-01   5.0183415e-02  -1.5643071e-01   1.6878197e-01   2.3261506e-01  -7.9588186e-02  -2.2915851e-02  -3.3916509e-01  -6.4643438e-02  -3.4347520e-01   3.2229993e-01  -3.1823819e-01  -4.5500483e-01   4.9438594e-01  -1.6896696e-01   9.8315942e-02  -1.4844402e-01   1.9433200e-01   4.4432087e-01  -4.3807904e-01   4.3993807e-01  -6.9254871e-02  -2.2324455e-01  -1.0513845e-01  -8.6679510e-02  -1.5094257e-01  -4.3208044e-01  -3.3378341e-01   2.8796606e-02   6.1253050e-01  -9.4748396e-02   5.3398290e-01   3.3260730e-01  -1.2845424e-01   3.5415626e-01   4.4900679e-01   2.7627465e-01  -8.3546648e-02  -4.0835564e-02  -3.0878684e-01   2.3248260e-01  -2.8549864e-01  -3.0172801e-01  -1.6149722e-01   2.5301940e-02  -2.1511763e-01   5.3508156e-02   1.4070256e-01   3.0538966e-01   2.7788262e-01   2.8886718e-01  -2.5853070e-02  -1.2287101e-01   5.1286045e-01  -1.7994453e-01  -2.5925042e-01  -7.8808885e-02  -7.9796492e-02  -1.6768016e-01   3.0187000e-01  -2.3699131e-01   7.9988546e-02  -8.3044711e-02   3.4725552e-02
  -2.2630392e-01   6.7574228e-01   3.8119484e-01  -2.9756009e-01   2.2770497e-01   1.2346430e-02  -8.0056808e-02  -2.6015271e-01  -3.9373999e-02   1.7524777e-01  -3.4255722e-01   0.0000000e+00   5.9904782e-02  -3.0317699e-01  -5.1187812e-02   2.7397625e-01   4.3491180e-01  -1.9547712e-01  -1.1759412e-01   2.7672638e-01  -1.7741057e-01  -4.4654186e-01  -1.5236425e-01  -4.1822749e-01  -1.0104068e-01  -1.2068403e-01  -1.0157489e-01  -3.0993191e-01   1.0659422e-01   2.1309751e-01  -1.1616879e-01  -3.4684824e-01   2.8101877e-01   3.3908131e-01  -1.4732026e-01   4.8309004e-03  -9.5773497e-02   4.1950404e-02   2.3480528e-01   2.4119386e-01   4.6377943e-02   2.6018195e-01   2.4988858e-01  -9.3047599e-02   8.7989552e-02   1.3448877e-02  -2.9750439e-01   2.3583959e-01   3.3132695e-03   3.8344649e-01  -2.6723658e-01  -1.9354458e-01   3.2180085e-01   1.7801581e-01   1.2608609e-01  -5.9117534e-02   2.0265183e-02  -4.6692842e-01  -1.3114604e-01   4.7634609e-01   5.2815746e-02   2.7046499e-01   2.4037530e-01  -1.7973265e-02  -4.2814685e-02  -3.2614959e-01  -4.0168037e-02  -1.6623975e-01  -5.0416147e-01   1.5458964e-01   2.8458986e-01  -4.8000546e-01   1.4620670e-01  -7.8354636e-02   1.5916515e-01  -2.0166129e-01   2.7401015e-02  -2.0792969e-01   2.2754440e-01   1.2945230e-02  -3.6803001e-01   2.4752209e-01   4.9993728e-01  -1.1935481e-02   2.0940307e-01  -2.0991629e-01  -9.7782334e-02  -2.2938576e-01   2.0705592e-01  -3.0887266e-01   2.5907709e-01   1.4417137e-01   6.3170328e-01  -1.1196515e-01   9.7505054e-03   4.4536601e-01  -1.3854553e-01  -3.0994014e-01  -1.4129986e-01   6.9149520e-02  -1.9244441e-01  -5.5547772e-02  -2.8891155e-01   2.7576160e-01  -5.1568699e-01  -2.9350359e-01   3.4756719e-01  -3.6522471e-01  -1.3830218e-01   3.7240775e-02   6.9541110e-01  -2.1865852e-01  -1.4846816e-01  -1.9690043e-01  -4.8967593e-01   3.8872565e-01  -2.4329838e-01   9.3155259e-02   1.7653826e-01  -3.1945658e-01  -2.8261550e-01   2.3695576e-01   5.2000613e-01  -1.8791976e-01  -7.2791616e-02   1.6575830e-02  -2.7948221e-01   1.0374073e-01  -3.5393444e-01   4.1753683e-01   2.3933425e-01   1.3534721e-02   2.1319818e-01  -1.8598228e-01  -1.5159002e-01  -2.0298097e-01   7.1776802e-02  -3.1780470e-01  -2.2802642e-01  -1.3590115e-01  -1.1614303e-01  -1.1274306e-01  -4.5745685e-01   1.7790371e-01  -2.9246905e-01  -2.6762031e-01   5.1658998e-01  -2.9336461e-01  -2.1466129e-01   6.8504859e-03  -9.9555046e-02  -2.8601231e-01   6.0623930e-02  -9.2275249e-02   5.7618516e-01  -1.5350944e-01  -1.8655237e-01  -1.5127355e-01   8.2039688e-02  -4.0003753e-01  -7.5251608e-02  -3.2769694e-01  -1.7228998e-02  -4.5519815e-01  -1.6924212e-01   4.6593777e-01  -1.5084809e-02  -9.2864381e-02  -2.5107334e-01   3.8985748e-01   3.4022446e-01  -2.9222205e-01  -4.2402182e-01   2.2010204e-01  -6.2886941e-02   1.0822502e-01  -3.5201177e-01
   6.4090971e-02  -6.3365521e-02   9.0628837e-02   3.0911457e-02   4.0262358e-01   2.5939747e-01   2.0559206e-01  -1.1898501e-01   1.6851640e-02   3.0626249e-03   2.2196974e-01   5.9904782e-02   0.0000000e+00  -1.2267826e-01   8.3018786e-02   1.9756228e-01   2.7438858e-02   2.8589844e-01  -6.1124008e-02   3.1290065e-01   3.7924333e-02   1.0802680e-01   2.9845510e-01  -4.4799191e-02   4.0424727e-02  -7.7820274e-03   1.4622020e-01  -1.0330159e-01  -3.3688784e-02   1.3042459e-01  -1.5292732e-01   1.3309349e-03   1.6565591e-01  -6.5857894e-02  -8.0267327e-03   5.0738490e-01  -2.0278039e-02   5.2306931e-02   5.8942458e-02   2.7964006e-01   4.9705710e-01   9.3472326e-02   7.0023058e-02  -2.1325807e-01  -1.1295317e-01  -1.5255589e-01   2.6351679e-01  -8.2393925e-02  -4.0436394e-02  -2.4626933e-02   3.1768045e-01  -1.9343632e-01  -1.8078431e-01  -8.0948701e-02   8.9477831e-02   6.0168936e-03   2.1943988e-01  -3.6371771e-02   5.2382417e-02   1.2129777e-01  -2.1488944e-01   3.1327005e-01  -2.3574124e-03  -3.5449934e-01  -6.3597117e-02   2.9391988e-01   2.6267348e-01  -8.7387919e-02   1.4744805e-01   1.6893001e-01  -1.0448949e-01  -4.1332769e-02   2.2767412e-01  -1.7112086e-01   1.5429152e-02  -9.5829036e-02  -1.5786435e-01   1.4645624e-01   1.9876434e-01   2.9293049e-02  -3.2825004e-03   2.6035642e-01  -2.4159851e-01  -1.4277612e-01  -2.3151238e-01  -1.9390417e-01  -5.6257875e-02  -1.1962058e-01  -6.5445205e-02  -6.3687655e-02   2.8382885e-01  -1.2848570e-01   2.3584159e-02   1.9570392e-01  -1.3450390e-01   8.3657833e-02   1.6577458e-01   1.2718382e-01   1.8865028e-01   3.9208815e-02  -3.1595592e-03   8.3601304e-02   6.4702231e-02   1.8054670e-02   3.3541822e-02  -5.7120675e-02  -7.1232850e-02   1.9328135e-01   2.8041458e-01   5.4539733e-02  -1.4817895e-01   3.4223922e-01   8.4779988e-02  -5.7459896e-02  -6.6557302e-02   1.0053290e-01   1.7744596e-01   4.0919711e-01  -2.0314796e-02  -1.2858320e-01  -1.3280173e-01   3.7087813e-01  -1.0014787e-01   9.4764981e-02  -6.3477345e-02  -3.0493555e-01   2.8008258e-01  -4.1912873e-02  -1.4632124e-01   1.4688156e-01   4.2462269e-01   6.7956664e-02  -3.7832041e-01  -1.5571082e-01  -1.4653100e-01  -2.2477033e-01  -9.5995584e-02  -1.0657061e-01  -1.6219101e-01  -1.1120748e-01  -3.9876669e-02   5.5350246e-01   1.7353265e-01  -7.4107045e-02   1.6100155e-01  -4.0505492e-02  -1.6620440e-02   3.0232327e-01   3.1215340e-01  -1.0640362e-01  -9.7622075e-02  -1.8429968e-01  -1.0335296e-01   2.3429135e-01   2.3676502e-01  -9.6948728e-02  -4.3474491e-03   8.1874931e-02  -1.7244204e-01   4.0739122e-02   2.3894387e-01   1.9320328e-02   1.1842480e-01   1.5031398e-01   4.6336122e-02   3.0603382e-03   1.6920807e-01   6.7151339e-02  -1.8266285e-01   4.0224827e-02   2.3957045e-01  -2.0712182e-01   1.2786136e-01   8.7804775e-02   1.9302223e-01   7.8746371e-02  -1.2940103e-02
   4.9973678e-01  -2.0284858e-01  -1.1554074e-01   2.1441573e-01  -1.5313380e-01  -1.5037325e-01  -3.0531805e-02   3.2063875e-01   6.2055269e-02  -3.0864624e-01  -1.0560592e-01  -3.0317699e-01  -1.2267826e-01   0.0000000e+00   6.5795405e-02   1.0922950e-02  -1.6044544e-01  -2.6347821e-01   1.7012564e-01  -9.7671863e-02  -2.3698190e-02   2.4933574e-01  -1.5079882e-01   2.3900750e-01   1.7308134e-01   1.5654022e-01  -7.2100797e-03   4.5929347e-01   9.5370342e-03  -3.6168305e-01   1.9024855e-01   2.1820880e-01   9.3139458e-02  -1.8156799e-01   3.2600091e-01  -2.7485118e-01   3.2636348e-02  -8.0178259e-02   2.8488427e-02  -1.5254861e-01  -1.4401303e-01  -7.7921630e-02  -2.1699968e-01   1.4009541e-01  -1.7872323e-01   1.0121448e-01  -1.4014838e-02  -1.6518959e-01   6.7976031e-02  -1.1088204e-01  -1.5388226e-01   2.8657649e-01  -9.8378713e-02   1.6571434e-02   4.2120952e-01  -7.6833239e-03  -7.0324928e-02   3.2292579e-01   1.1202898e-01  -1.8203648e-01   1.4790644e-01  -1.2935395e-01   1.6471620e-02   1.4603132e-01  -2.6727789e-02  -2.8914760e-01   5.7290345e-03   1.2206571e-01   1.1588507e-01  -4.5438004e-02  -1.2614484e-01   2.3491699e-01  -8.2173417e-02   4.3654985e-01   1.8067362e-03   1.2724766e-01   3.8539321e-02   7.0107094e-02  -1.6566615e-01   1.0339319e-01   4.9567985e-01  -1.4013109e-01  -1.9794683e-01   2.0337021e-01   3.3891799e-01   1.1126128e-01   3.3764681e-01   6.1931105e-01  -3.3485990e-02   2.8020024e-01  -1.5638672e-01   1.0745113e-01  -3.3495607e-01  -5.0673878e-02   7.2147976e-02  -7.7926476e-02  -1.9055532e-02   1.5594670e-01   1.2406474e-01  -3.4878788e-01   4.5817441e-01   4.9002849e-02   2.7587376e-01   2.7478186e-03   5.9835723e-02   1.6094807e-01   8.5608059e-02   1.1766622e-01  -1.6959951e-01  -2.8355051e-01  -2.6648891e-01  -5.7040238e-04   3.8615489e-02   2.2996747e-01   5.1783744e-01  -1.6954606e-01   1.4849688e-02  -5.3658401e-02  -1.3724178e-01   2.0239041e-01   2.4220473e-01  -2.5146721e-01  -3.7069067e-02  -1.4310437e-02   1.2617944e-01   5.3821804e-01  -3.6506198e-02   3.5103543e-02   1.6499603e-01  -1.4604556e-01  -6.4454090e-02  -2.0132832e-01   3.6508445e-01   7.9099421e-02   2.0164127e-01   1.8503176e-01  -4.4648562e-02   5.6220176e-01   1.0803596e-01   1.7120528e-01   2.1765837e-01  -8.5657636e-02   6.3231195e-02  -9.2599559e-02   6.2840281e-02   1.3375846e-01  -6.9903796e-02  -1.6728692e-01  -2.8624916e-01  -1.3831081e-01   2.2375983e-01   5.2512955e-01   3.3054655e-01  -7.3632468e-02  -2.1515980e-01   4.3908759e-02   1.5430474e-01   7.2557816e-02   1.6028219e-01   2.8432277e-01  -3.5413815e-02  -2.6558681e-02  -1.8491430e-01   1.0363052e-01   3.2209998e-01  -1.1688203e-01  -2.0690277e-01   1.1809573e-01   3.4284398e-01  -2.4983422e-01  -2.7143645e-01   3.3192145e-03   4.0615361e-02  -2.2179309e-01  -2.1991730e-02  -9.7351488e-03   3.0814485e-01
