   0.0000000e+00   1.5350847e-01   1.4879911e-01   3.8524399e-01   1.7932502e-01   8.7010662e-02  -3.6745226e-01  -1.7410790e-01   3.8343394e-01   8.0301816e-02  -3.0357968e-01  -1.3167527e-02   2.9842017e-01   5.2116623e-01  -3.9117469e-01   5.3160182e-02   1.9496496e-01   1.7419384e-01   1.9505245e-01   3.0964651e-01  -6.6139043e-02   4.1401842e-01  -5.6187468e-02   6.9499749e-01  -3.2546618e-01   1.4490135e-01  -9.7363980e-02  -1.2385020e-01  -1.0468539e-01  -3.9195695e-01  -2.8077189e-01   2.8535521e-01  -4.4776422e-01  -3.2773385e-01  -1.4156546e-01   1.4760380e-01   2.9159481e-02   1.5595186e-01  -1.7063625e-01  -1.3315889e-01   1.6487203e-01   4.7784759e-02   3.7655841e-01  -2.7226096e-01  -1.2830102e-01   2.5325684e-01   2.1341679e-01  -2.2300171e-01   2.0611960e-01  -2.8366641e-01   2.0473715e-01  -1.3374156e-03  -3.2320255e-01   3.5327328e-01   3.2206161e-01  -3.1015402e-01   3.3212251e-01   5.6196699e-01   9.8377442e-02  -1.8859838e-01   9.9189678e-02   1.2506862e-01   4.3866439e-01  -1.5864762e-01   6.2331485e-02   6.3721054e-02   1.1523792e-01   5.2233199e-01   2.2648195e-02  -6.2582532e-02  -1.9799409e-01   3.7108417e-01   1.1757793e-01   1.9258294e-01   3.3129519e-01   1.5491837e-01  -2.2782045e-01  -1.6629807e-01   1.3757545e-01   3.8997113e-01   5.1657472e-02   3.1968916e-01  -1.0972571e-01  -8.1160970e-02   6.7628222e-02   3.3315729e-02   2.4710675e-02   3.8153752e-01   3.5819377e-01   4.2068733e-01   1.3880837e-01   3.0203888e-01  -1.9829412e-01   1.1315141e-01   7.5654894e-02   1.6039829e-01   1.7289968e-01   3.5636165e-01   6.1848061e-02   1.5546951e-01   7.1724820e-02  -4.5075751e-01  -1.5389718e-01   1.6779026e-01   2.0520643e-01   5.6054010e-01   2.1368825e-01   8.2151943e-02   3.5898303e-01  -8.1689914e-02  -2.0902859e-01   8.7477873e-02   4.5685861e-01   6.9212522e-01  -3.5574019e-01   7.4422298e-02   3.7396634e-02   7.6524081e-02  -2.8946371e-01   3.0830486e-01   4.8020539e-01   1.7606316e-01   1.6944652e-01   7.6303403e-02   4.4775547e-01   3.7034288e-01  -2.3876228e-01   2.7226877e-01   6.2203998e-01  -3.1346088e-02  -4.6432745e-01  -3.1491539e-01   5.2750616e-01  -3.0342306e-01   2.3389890e-01  -3.4022598e-03   5.0847773e-01  -2.5951581e-01  -1.0557430e-01   2.9799251e-01   5.5094604e-01   2.2885025e-01  -1.9797649e-01  -1.3414935e-01  -2.9768419e-01  -1.1713560e-01  -1.9016137e-01   9.7383149e-02  -1.8249830e-01   1.2656713e-01  -1.7427554e-01   3.1441640e-03  -1.1852503e-01  -1.1564468e-01  -6.3940046e-02   6.0940665e-01   3.2206752e-01   1.9325238e-01  -8.8721620e-02   7.5040483e-02   1.6790171e-01  -2.3860974e-01   1.2728515e-01   2.9837867e-01   4.3017172e-01  -6.5045296e-02  -3.7473296e-01   1.5648342e-02   4.0115677e-01  -2.1529862e-01  -3.3878688e-01   1.5103058e-01   1.9968781e-01  -1.1904656e-01   8.5709892e-02  -2.4044481e-01   4.5332871e-01
   1.5350847e-01   0.0000000e+00   6.1960291e-01  -1.6255410e-01   3.4271326e-01  -2.9682718e-01  -3.9731325e-01   2.2415637e-02   4.1213624e-01   6.3966820e-02  -2.7917993e-01   7.1241466e-01  -9.6601114e-02  -1.5789896e-01  -4.5077126e-01   1.6579022e-02   6.6548698e-01  -5.0513079e-01   2.9081703e-01   4.8233286e-01  -1.2863642e-01  -3.7331332e-01  -2.4215389e-01   4.8154167e-02   3.2177297e-02   5.3498646e-02  -1.3293985e-01  -5.0899048e-01   1.9175857e-01  -1.4025804e-01  -4.0226489e-02  -2.6298397e-01  -1.1407535e-01  -1.3259491e-01  -1.7462134e-01  -5.3104621e-02  -1.0264989e-01   1.9946979e-01  -6.5151894e-02   4.9656014e-01  -2.4493940e-01   2.4174923e-01   4.0505143e-01  -1.0151577e-01  -2.0073911e-01  -3.0420999e-02  -3.3866322e-01   1.2213375e-01   2.7412803e-01   4.5444235e-01  -4.2872914e-01   1.2790014e-02  -1.1726122e-02   1.3534438e-01  -1.5304431e-02  -9.0426996e-02   2.4257615e-01  -1.4681592e-01  -2.3796195e-01  -2.0913784e-02   1.5828054e-01  -4.4414312e-02   6.1928789e-01   4.0582824e-02  -9.4208534e-02  -3.0322296e-02   1.7804743e-02   4.4534805e-02  -4.1046251e-01  -8.9504702e-02   5.2521206e-01  -3.5630069e-01  -4.7547118e-02   5.0200830e-02   2.0981024e-01  -6.4404534e-02   1.6173977e-02  -3.1402699e-01   7.1243003e-01   7.9166587e-02  -4.1266677e-01   1.3765940e-01   3.4795933e-01   7.3320738e-02   4.5360299e-02  -6.8736507e-02  -3.5074027e-01  -1.7333361e-01   1.5765928e-01   1.6432261e-01   6.7745685e-01   4.8523566e-01  -2.7029836e-01   1.6923297e-01   5.9872465e-02   6.6112907e-01  -1.6085036e-02   2.4094009e-01   3.8808741e-02   2.0191083e-01   1.9338168e-02  -1.8060212e-01  -5.5110160e-01   4.7312046e-01  -7.0068091e-01   1.8037930e-01   1.6173792e-01  -2.2010075e-01  -1.6234060e-01  -6.8022848e-01   3.8215098e-01  -5.2870018e-01  -1.5269913e-01  -2.5294140e-02  -1.8430012e-01   4.9671372e-01  -4.2089494e-01  -3.3671496e-02  -5.2357927e-02  -3.6610437e-01  -2.6107010e-01   7.0507928e-01   7.0016115e-01  -6.0466828e-02  -3.3636478e-02  -2.0040148e-01  -2.9994540e-01   2.4394625e-01   1.2700983e-01   4.0801222e-01  -8.7168438e-02   4.2009731e-02   3.2861875e-01  -1.8604888e-01  -7.3205859e-02   4.8994209e-02   2.3293826e-01  -4.2137482e-01  -8.2957996e-02   9.2783087e-02  -5.6486565e-03   4.6159605e-02  -2.1815129e-01  -2.7706445e-01  -3.7634545e-01  -5.0515257e-01   4.2813326e-01  -3.5733721e-01  -6.3754359e-01   2.4318026e-02  -1.2841736e-01  -4.6159356e-02  -1.3301948e-01  -7.4665883e-02   5.5387803e-01   1.4303419e-01  -3.9303856e-02  -2.7397703e-01   2.0335683e-01  -5.1819881e-01  -3.3277431e-02  -4.3094314e-02  -2.3764481e-01  -3.5422205e-01   1.2505042e-01   1.6923567e-01   2.3401403e-01  -1.5232486e-01  -2.7291136e-02  -1.4807558e-01   9.7154991e-02   4.7560331e-02  -3.8816376e-01  -1.6216532e-01   1.6975230e-01   2.1674160e-02   1.3034964e-01
   1.4879911e-01   6.1960291e-01   0.0000000e+00   2.2582953e-01   3.3909995e-01   1.9539465e-01  -4.2828800e-01  -3.8951896e-02   2.2336233e-01  -5.9192378e-02  -4.2845745e-01   7.2526413e-01   1.3235449e-01  -1.0740418e-01  -2.9220700e-01   2.6427577e-01   8.3959533e-01  -3.1217501e-01   2.1397266e-01   5.3662677e-01  -4.7879377e-01  -2.8517963e-02  -1.7470883e-01  -5.3313447e-03   5.5060568e-02   1.2568600e-01   1.8498978e-01  -2.7720320e-01   8.7644926e-02   2.7482340e-02  -3.9764897e-01  -2.1961330e-01  -1.3102137e-01  -1.0270123e-01   1.7494527e-02   2.2886212e-01  -3.5143853e-01   8.6948334e-02   1.7884749e-02   5.9694811e-01  -1.0529861e-01   4.5061535e-01   3.1521750e-01  -1.1079122e-02  -2.9686597e-01  -1.9980909e-01  -4.9480827e-02  -3.4463809e-01  -3.2007383e-02   3.5052382e-01  -1.6364833e-01  -2.4955025e-02  -3.8702948e-01   5.4754931e-01   1.1295586e-01   2.0162674e-01   3.1681961e-01   1.2543420e-01  -2.4944083e-01   1.2889133e-01   3.7735196e-02   2.6413621e-01   5.1200885e-01  -3.9963513e-01  -4.9404737e-01  -1.7909816e-01   4.8379908e-01   2.5101342e-01  -2.1189536e-01   4.2658552e-01   2.8677386e-01  -4.6815973e-02  -4.3622988e-02   2.3571575e-01   4.9545364e-01  -4.7848135e-02  -1.7198822e-01  -1.2543114e-01   5.2667821e-01   1.9312660e-01  -2.6560304e-01   3.3116617e-01   2.3277653e-01   1.8763996e-02   2.0998215e-01  -8.0341270e-02  -1.1728959e-01  -9.8511582e-02   1.2246627e-01   7.9806063e-02   4.7041017e-01   5.5062972e-01   7.9955764e-02   1.2950651e-01   6.9949651e-02   6.1736842e-01   1.7757464e-01   1.9851225e-01   1.5535011e-01  -7.8246555e-02   2.1261974e-01  -1.9337952e-01  -2.3669189e-01   3.5340002e-01  -4.0565151e-01   2.6146808e-01   4.8905137e-01  -9.1309004e-02  -5.4174347e-02  -4.0957516e-01   4.8742638e-01  -2.0510626e-01   1.5581287e-01  -6.1290732e-02   9.5688005e-02   2.0844632e-01  -1.0580592e-01   1.2131311e-01   2.8820621e-01  -3.4992839e-02  -1.3838656e-01   6.1549396e-01   6.7500260e-01  -3.5012263e-01  -1.1010851e-01  -1.0549035e-01  -3.0388800e-01   5.2336328e-01   3.0001673e-01   6.2172372e-01  -1.6956201e-01  -3.7909229e-01   2.3767795e-01  -3.8839297e-01  -7.6734168e-03  -1.0542831e-01   3.8884412e-01  -3.3671871e-01  -1.0548554e-01  -8.4567516e-02  -1.2966221e-01   2.9010064e-02  -1.0284706e-01   1.9766365e-01  -2.4131318e-01  -3.6052187e-01   5.1460299e-01  -4.3086080e-01  -4.6049513e-01  -3.2831591e-01   2.6534347e-01  -2.2708646e-01  -1.9166485e-01  -2.1482822e-01   8.5167567e-01   3.2023364e-02  -2.1796335e-01  -1.6808774e-01   8.1078934e-02  -3.5537661e-01   1.7634058e-01  -7.5672450e-02  -2.6230475e-01  -7.9347030e-02   2.8385792e-01   7.0708221e-02  -6.8944603e-02  -1.8435426e-01   1.5568088e-02  -1.4572303e-01  -2.2994102e-02  -2.1938546e-02  -2.0036201e-01   3.1078460e-01   1.2729225e-01   3.7484556e-02   2.9846146e-01
   3.8524399e-01  -1.6255410e-01   2.2582953e-01   0.0000000e+00   1.8280582e-01   4.1793578e-01  -1.8166659e-01  -4.2698826e-02   3.1134987e-01   2.0997972e-01  -3.7831915e-01  -7.6015999e-03   5.1542370e-01   1.3231289e-01  -8.4428106e-02   3.0703692e-01   8.6003034e-02   3.8967371e-01   1.6014515e-01   2.9944517e-01  -4.9135705e-02   4.9868874e-01   1.2418826e-01   3.0284420e-01  -2.1706876e-01   3.6828823e-01   2.4687616e-01   4.5172136e-02  -3.4787943e-01  -1.4137241e-01  -2.5430704e-01   3.1825093e-01  -3.1020713e-01  -1.3780207e-01   1.5213048e-01   3.4594182e-01   1.8485942e-01   6.7386023e-02   8.0527541e-02  -2.8800749e-02   3.1397455e-01   1.9013679e-01   3.9380143e-01   2.7241634e-02   8.7487631e-02  -1.7040166e-01   2.7184849e-01  -3.9940263e-01   2.2891492e-01  -3.8131891e-01   5.6739942e-01   4.6867567e-02  -2.3082321e-01   5.3964075e-01   3.1036098e-01   7.0091582e-02   3.8072024e-01   6.5704553e-01   2.3561237e-01  -6.6635298e-02   1.8370448e-02   4.1118300e-01   3.3478974e-01  -2.1523779e-01   1.1055504e-01  -2.1101571e-01   4.8577028e-01   6.1207190e-01   4.6812064e-02  -2.7511528e-02  -2.7372989e-01   5.6648817e-01   2.6494690e-01   4.1948251e-02   3.7600187e-01  -6.2213135e-02  -3.1442793e-01   6.9438585e-02   8.4989286e-02   4.9146564e-01  -3.8959564e-02   4.8291059e-01  -7.2076527e-02  -4.8515801e-02   1.0935374e-01  -9.1391357e-02   1.5922302e-01   3.5411425e-01   2.7210188e-01  -6.6184230e-03   3.4501538e-02   1.3835818e-01  -1.5301348e-01  -1.4995096e-03   1.4173398e-01  -3.3538265e-02   3.6676404e-01   3.3297878e-01  -3.6992475e-03   2.8213332e-01  -1.6346080e-02  -6.0325763e-02   9.4901440e-03  -4.8321020e-02   4.3852287e-01   5.7555593e-01   3.7197440e-01   2.1821433e-01   3.6495087e-01  -8.6472487e-02  -1.2280601e-01   2.4024621e-01   6.9775933e-01  -1.0689312e-02  -7.2607060e-02  -1.8752195e-01   2.9271491e-01   3.5954210e-02  -2.6222288e-01   6.7767215e-01   2.0535728e-01   7.5556432e-02  -6.1672561e-02   1.1729338e-01  -1.0646645e-01   1.5111369e-01   1.2303194e-01   3.9177284e-01   6.7595598e-01  -2.6181148e-01  -4.2394699e-01  -1.2379100e-01   1.5374984e-01  -1.7828011e-01   3.8602425e-01  -3.5455825e-01   5.9383243e-01  -1.5684565e-01  -1.9598313e-01   7.2350118e-02   1.2989150e-01   2.3487724e-01   2.5424970e-02  -1.1023867e-03   1.1157506e-01   2.4606922e-01  -2.5802944e-01  -4.8252045e-02  -1.6983949e-01   1.9798616e-01   7.8123875e-02  -3.6914076e-01  -2.5598972e-01  -2.0182753e-01  -5.4417699e-02   2.8628152e-01  -3.0011178e-02   2.7898319e-01  -2.3398271e-01   4.7958542e-02   4.9181469e-01  -1.3652063e-01   1.4615570e-01   5.5315131e-01   6.5848187e-01  -3.0933810e-01  -4.1575333e-01  -1.4138893e-01   1.8878478e-01  -1.7961696e-01  -6.9723085e-02   5.8851845e-02   4.0652844e-01  -2.9257312e-03  -3.6185075e-01  -4.1390093e-02   5.9854286e-01
   1.7932502e-01   3.4271326e-01   3.3909995e-01   1.8280582e-01   0.0000000e+00   2.2441209e-01  -4.9893056e-01   3.1234131e-02   1.4219917e-01  -6.2349454e-02  -1.8101200e-01   2.8879723e-01   2.2592060e-01   6.1987115e-02  -5.0106903e-01   1.7171752e-01   2.7213062e-01   9.4680163e-02  -4.3244609e-03   8.4155379e-01  -3.9956308e-01  -3.4795098e-02  -4.2379761e-01   2.9010447e-01  -1.3594010e-01   1.3124339e-01   3.6041900e-01  -2.2420837e-03   1.3130295e-01   7.0703833e-02  -4.1560155e-01   1.9702232e-01  -2.6235565e-01  -4.8875194e-01  -2.6384573e-01   7.0347819e-01   1.3969712e-01   3.4984344e-02   8.4904107e-02   2.0568218e-01   2.8367998e-01   2.7686604e-01   1.9301577e-01  -4.3984987e-02   3.6750142e-01  -6.3991544e-02   3.5046837e-01  -3.4561939e-01   2.9869949e-01  -5.8765098e-02   1.6561518e-01   1.1912951e-01  -2.9049835e-01   3.2685092e-01  -7.9805990e-02  -3.1757374e-01   2.2162682e-01   1.0897785e-01   4.5660171e-02   3.1825657e-02   2.2197963e-02   5.7184194e-01   4.6569407e-01  -1.9681566e-01   1.4722035e-01  -1.0879379e-01   3.6857299e-01   3.7783375e-01   2.2882487e-02  -8.5062903e-02  -2.9392532e-01   2.6610355e-01   2.6203709e-01   1.4881958e-01   1.8667808e-01  -1.6704281e-01  -2.4069088e-01  -1.1710248e-02   5.4962459e-01   2.9657442e-01  -1.1504762e-01   4.2067134e-01  -2.2152847e-01   1.7942553e-02  -3.0645999e-01  -2.9455379e-01  -2.4453802e-01   3.8120522e-02   3.6706518e-01   1.0531946e-02   5.1768285e-01   2.5851677e-01   1.8458803e-01   8.9426910e-02   1.8367607e-02   4.7345683e-01   3.3325178e-01   5.8494115e-02   5.0675164e-01  -2.8968129e-02  -2.6307708e-01  -1.4246549e-01  -2.8078128e-01   1.0021010e-01   1.6383873e-02   2.9275822e-01   1.4375149e-01   9.0830752e-02   2.4089941e-01  -2.8977918e-01  -7.7374381e-02  -5.8420733e-02   3.4493937e-01   1.2507394e-01  -5.1237675e-01   6.4889830e-01   2.5206011e-02   2.4931431e-01   3.1361475e-03   1.1223868e-01   1.0102409e-01   5.7351490e-01   3.8124505e-01   1.3328165e-01   3.5304293e-03   1.9709496e-01   5.8406234e-03   3.3055735e-01   2.4628483e-01   6.5463936e-02  -1.2651854e-03   6.6802367e-02   2.1518665e-01  -5.3039751e-01   2.6094893e-01  -3.4006087e-02   2.1083729e-01  -4.6127768e-01  -1.3124246e-01  -1.3378862e-01   5.6309707e-02   7.5953864e-02  -9.7744015e-02   2.6519011e-02  -5.3333568e-01  -3.5668328e-01  -1.8487999e-01   2.0846915e-01  -1.5601686e-01  -1.8346094e-01  -2.5938679e-01  -9.2455491e-02  -1.3104114e-01   1.2007241e-01   4.1760203e-01   1.3560566e-01  -3.1967718e-02   1.1381102e-01   4.8201319e-02  -1.5776053e-01   2.9061721e-01  -2.7628105e-02   5.6136243e-02   1.7640122e-01   2.7902978e-01   4.2136524e-01  -6.5994767e-02   7.2610892e-02   2.5853655e-01   6.6572457e-02  -3.3474184e-02  -1.7475424e-01   2.8120426e-01   1.7766063e-01  -3.0784602e-02  -8.4780434e-02   2.9575167e-01
   8.7010662e-02  -2.9682718e-01   1.9539465e-01   4.1793578e-01   2.2441209e-01   0.0000000e+00  -4.0460938e-02  -3.6667966e-02  -1.9195261e-02  -2.2825082e-01  -1.5425506e-01  -7.8724662e-03   3.8453890e-01   2.8289958e-01  -2.3229000e-03   3.0094782e-01   9.4439570e-03   3.2911155e-01  -5.6547720e-02   1.8870438e-01  -3.6602665e-01   5.3670680e-01  -7.4620268e-02   1.1021759e-01  -3.2598162e-02   2.7660597e-01   5.0201385e-01   3.9054049e-01  -1.8903540e-02   3.2836235e-01  -4.7095161e-01   2.8306273e-01  -7.6431840e-02  -2.3302105e-01   9.4585814e-02   4.7154573e-01  -6.2016195e-02  -2.5702430e-01   4.4636521e-02   4.9542624e-02   1.6321039e-01   1.6915258e-01   9.5985995e-02   4.5808780e-02   7.6573075e-02  -4.4405067e-02   4.2865326e-01  -4.4280483e-01  -2.1414085e-01  -3.8444872e-01   4.0722227e-01  -1.5999894e-02  -3.2500601e-01   3.2799381e-01   7.5508355e-02   4.6424908e-02   3.3051772e-01   3.9069729e-01  -1.0052010e-03   2.7704922e-01  -2.7673381e-01   3.3270560e-01   7.6720192e-02  -2.8628595e-01  -9.7495584e-02  -1.3460094e-01   7.3758627e-01   3.3095128e-01   3.6341438e-01   4.6705175e-01  -4.9243717e-01   4.7567615e-01   3.9165485e-02   1.2898390e-01   2.3116016e-01   6.4490694e-02  -3.8996942e-01   3.3184325e-01  -2.4241571e-01   1.5348327e-01   2.0719434e-01   3.7183961e-01  -2.2797217e-01   1.4832705e-01  -5.7969943e-02   6.6421307e-02   2.1949699e-01   7.9147285e-02   2.0376481e-01  -3.2887187e-02  -2.4393134e-01  -1.3529446e-01   3.7490954e-01   5.2707060e-02  -1.9651545e-01  -1.8257015e-01   2.5666340e-01   1.6056093e-01   1.6541822e-01  -2.3389223e-01  -3.7982340e-03  -4.6619201e-02   2.8487738e-01   3.0889624e-02   5.4836858e-01   2.3907666e-01   2.8988933e-01   4.8167547e-01   2.6467299e-01   2.5183890e-01  -2.7541273e-01   5.8920771e-01   4.5200918e-01   4.7891574e-02   4.8591123e-02  -1.7666139e-01   5.6587834e-01   1.1669080e-01   2.1178401e-01   4.4534291e-01   1.4143480e-01  -1.7555203e-01  -1.2179254e-01  -3.1077758e-02   2.3876190e-02   3.2763250e-01   1.2434352e-01   2.6241853e-01   3.0791245e-01   1.7408072e-01  -1.8186527e-01  -3.5235890e-01   1.0680538e-01  -3.7983568e-01   2.8804905e-01  -1.9047397e-01   2.0609032e-01  -2.5790041e-03  -3.0820167e-02  -3.8338174e-01   6.1837086e-02  -3.4860049e-02   1.5177124e-01   4.9285967e-01   3.8194862e-02   9.2952140e-02  -2.1021385e-01   1.8780447e-01   3.0483541e-01  -2.7420052e-01   8.7986825e-02  -1.9561322e-01  -1.6772119e-01  -6.7709908e-02   2.3271046e-01   2.6666664e-02  -2.7976211e-01   1.7932786e-01  -2.5537992e-01   3.4587011e-01   3.3839981e-01  -6.9636982e-02   1.0280329e-01   3.7065464e-01   3.3037375e-01  -5.9582627e-03  -3.2421244e-01   4.9666718e-02   1.0384250e-01  -2.7794706e-02  -1.4495492e-01  -2.9017145e-01   4.1258175e-01   5.4787455e-01  -7.6584770e-02  -2.4529348e-01   3.3568668e-01
  -3.6745226e-01  -3.9731325e-01  -4.2828800e-01  -1.8166659e-01  -4.9893056e-01  -4.0460938e-02   0.0000000e+00  -7.0998422e-02  -2.4773451e-01   3.8432401e-01   5.3598648e-01  -1.6310879e-01  -2.8785682e-01  -2.0568251e-01   4.7676777e-01  -5.8941917e-02  -4.6254327e-01   6.1931737e-02  -2.0040674e-01  -4.3093992e-01   3.8188048e-01  -1.2900847e-02   5.0465380e-01  -2.8099028e-01  -5.0369233e-02  -1.9066878e-01  -1.1056207e-01   6.4527347e-02  -1.6179829e-01   9.3225131e-02   3.8749671e-01  -1.6448580e-01   1.2615336e-01   6.7328601e-01   2.3575943e-01  -1.2569870e-01   8.5590193e-02  -3.2500385e-01  -3.2479357e-02  -1.1001218e-01  -2.1500820e-01  -4.4447772e-01  -2.3344910e-01  -1.0333992e-01   5.6923600e-02  -1.0875225e-01   4.1375433e-02   4.4092278e-01  -3.2255198e-01  -1.9833459e-01   2.8340845e-02  -1.1972344e-01   3.4053255e-01  -3.8240848e-01  -1.6177078e-01   4.1367524e-01  -1.6067558e-01  -2.2330199e-01  -8.4922887e-02   1.2036075e-01  -2.2515527e-01  -2.0627056e-01  -5.2842874e-01   5.0899582e-02  -2.3361951e-03   4.4195487e-01  -2.1981843e-01  -3.2655331e-01   1.4671661e-01   2.0942722e-01   3.9824420e-03  -9.5608446e-02  -5.2724438e-02  -1.3959607e-01  -3.8049229e-01   9.0708519e-02  -3.6889758e-02   2.2194654e-02  -4.4125093e-01  -4.8838895e-01   2.3593747e-01  -9.2585549e-02   2.3727203e-02  -6.7008766e-02  -2.5713058e-02   3.6670598e-01   1.6618619e-01   5.0589934e-02  -4.1262159e-01  -4.5746758e-02  -3.6815301e-01  -6.5896067e-01   2.4822209e-01   4.8425055e-03  -3.1230122e-01  -5.0565622e-01  -4.1640449e-01  -2.2036329e-01  -4.1878058e-02   1.4816975e-01  -1.7699151e-02   2.2182282e-01   2.3629026e-01  -2.2286728e-01   1.7965668e-01  -3.1277104e-01  -2.7483032e-01  -1.5895649e-01  -1.6169278e-02   2.9386974e-01   1.2374157e-01   2.4759232e-01  -1.8703321e-01  -2.2366061e-01   3.8768536e-01  -4.8960894e-01   1.0225736e-01   4.9887494e-02  -5.8320245e-02  -9.6577914e-02  -2.1308110e-01  -4.8078197e-01  -4.1861719e-01   1.0372582e-02  -5.3143903e-02  -6.2789403e-02   2.7435559e-01  -4.5927390e-01  -3.0030779e-01  -9.7150200e-02   2.5060515e-01   2.5652233e-01  -2.7241894e-01   4.3757451e-01  -2.0996641e-01   1.9971366e-02  -4.1591107e-01   2.6202480e-01   3.3537613e-02  -1.6913911e-01  -1.4899016e-01  -1.9534666e-01   3.5368334e-01  -2.2073465e-03   7.0765268e-01   3.0792639e-01   2.6048932e-01  -7.8731264e-03   5.3086027e-01   1.8081494e-01   7.8028117e-02   1.1429703e-01   1.0475022e-01   1.1901266e-02  -3.4563110e-01  -3.2477068e-01  -1.5231413e-01  -1.2253567e-01  -2.8266509e-01   4.4830053e-01  -1.9408335e-01   1.6266049e-01   1.2283055e-01  -7.7625785e-02  -4.3078751e-01  -1.1109668e-01   3.3208245e-01  -6.8213382e-02  -2.6064405e-01   1.7253020e-01   2.5596814e-01  -2.8874435e-01   5.0098421e-02  -5.8393421e-02   3.7190760e-02  -1.1384416e-02  -2.9857436e-01
  -1.7410790e-01   2.2415637e-02  -3.8951896e-02  -4.2698826e-02   3.1234131e-02  -3.6667966e-02  -7.0998422e-02   0.0000000e+00  -8.2672106e-02   2.8758658e-02   1.9043162e-01  -8.2883714e-02  -2.0239475e-01  -2.0683155e-01   6.7486525e-02   6.3982956e-02   2.4536346e-01  -1.6716215e-01   1.2768358e-01   2.5836270e-02   1.2983194e-01  -2.9637199e-01  -8.0462622e-02  -2.1720181e-01   3.4451895e-01   3.9243714e-01   1.1857335e-01  -2.6303991e-01  -1.0860879e-01  -1.1292047e-01   2.1989474e-01  -8.5280639e-02   3.6711730e-01   1.0567042e-01  -2.8514252e-01  -1.3414672e-01   4.1744484e-02   2.0196526e-01   1.2194966e-01   3.3926518e-01  -1.1783311e-01   3.0653947e-01   3.0471570e-02   1.8789099e-01   9.1664277e-02   1.6997444e-01  -3.4919339e-01   1.3617818e-01   2.0508544e-01   4.4914259e-01  -5.5118670e-02   7.1283198e-01   3.6312555e-01  -2.0863761e-01  -3.7569589e-02   5.8138517e-02   1.4161825e-01   4.4060753e-02   2.3389565e-01  -1.5165358e-01   3.7163358e-01  -2.7632526e-02   2.4538416e-03   4.5892396e-01   4.6908293e-02   6.3343565e-02   1.0300054e-01  -2.0977631e-01  -4.0383899e-01  -1.6180326e-01   1.6885102e-01  -1.7719421e-01   6.1246826e-02  -1.2971920e-01  -1.4047209e-01  -1.5395303e-01   3.7997219e-01  -2.6095847e-01   7.8446642e-02   1.3927351e-01  -9.0754885e-02  -8.3515399e-02   8.2524169e-02   6.1414191e-01  -1.5723887e-01  -1.6572695e-01  -3.1897599e-01  -2.7656794e-01  -1.2117018e-01   1.2120806e-01   1.1323556e-01   2.9494704e-01  -1.7877816e-01  -6.4757335e-02   1.7169793e-01   1.8938913e-01  -8.0413492e-02   2.1474587e-01  -1.2480638e-01   1.4229741e-01  -1.1114801e-01   2.8584492e-01  -2.4587586e-01  -1.3245077e-01  -1.8457586e-01   1.3987227e-01  -1.1089764e-01   7.8318366e-02  -1.7209034e-01  -3.3007017e-01   4.3595128e-02  -3.7183700e-01  -1.3093977e-01  -5.5495301e-02  -1.5934619e-01   9.2659689e-02  -1.9135525e-01   9.3975085e-03  -1.8083640e-01   7.1431761e-03   7.2754472e-02   1.8595297e-01  -3.0185164e-02  -8.4726884e-03   5.8836881e-02  -3.7159838e-01  -1.3437068e-02   8.0259611e-02  -3.8795628e-02  -1.3159770e-01   1.1891501e-01   3.5646425e-01  -1.3928197e-01   2.5900304e-01  -6.6772089e-03   2.3491795e-01  -6.7214591e-02  -6.4153440e-02   3.7967453e-01   7.4357188e-02  -6.5581898e-03  -9.9201691e-02   2.8811362e-01  -2.9119205e-01   3.2480740e-03  -7.3069012e-02  -1.0715374e-01  -4.4791314e-02  -2.1021257e-01   6.4730644e-02  -1.6270562e-01   2.2769147e-01   2.9238080e-01   2.1161189e-01   4.8001715e-02   2.7460009e-02   1.2777071e-01  -2.7001873e-02   5.0205208e-01  -2.6607176e-01   1.0817538e-01   3.8089338e-01  -1.0277399e-01  -1.6409890e-01   1.2283989e-01  -6.6325406e-02   1.3195097e-01  -4.5416198e-02  -1.4572960e-02  -5.6651603e-02   2.5672073e-01   2.2712024e-01  -1.0576902e-01  -1.4640787e-01  -8.6499962e-02   4.5943321e-01   7.6794478e-02
   3.8343394e-01   4.1213624e-01   2.2336233e-01   3.1134987e-01   1.4219917e-01  -1.9195261e-02  -2.4773451e-01  -8.2672106e-02   0.0000000e+00   2.3989307e-01  -3.1836328e-01   2.3835727e-01   1.0576402e-01   1.3667373e-01  -2.6237218e-01  -5.6973879e-02   2.6187298e-01   5.3729473e-02   3.1866961e-01   2.5624328e-01   1.0723102e-01   5.5514627e-02  -1.3821090e-01   4.0345047e-01  -1.8368744e-01   1.4284126e-01   9.4849131e-03  -3.0365552e-01  -1.1724878e-01  -8.7245749e-02   4.2745387e-02   6.9576097e-02  -2.9129001e-01  -7.8878599e-02   1.4022849e-01  -7.1951946e-02   1.1149714e-01   6.9111819e-02  -1.7295571e-01   1.9291030e-01  -6.1349705e-02   1.0407627e-02   6.8828401e-01  -1.1315689e-01   1.2084707e-01  -1.0103608e-01  -2.0739086e-01   1.2486382e-01   2.9657110e-01  -1.5670572e-01   8.9841260e-02  -2.6244387e-02   1.8373587e-01   1.8192699e-01   9.9367566e-02  -1.7196027e-01   2.9443399e-01   2.3721120e-01  -3.5060427e-02   5.4082698e-02  -1.7304271e-02   4.5782351e-02   6.4398599e-01   3.4981226e-01   3.3347980e-01  -8.3733488e-02   1.0506444e-01   4.3985013e-01  -3.5401012e-01  -9.7120333e-02   1.5661830e-01   1.4521790e-01   1.2550388e-01  -1.7679010e-02   1.9132245e-01  -1.5087463e-01  -2.9990850e-01  -2.6948913e-01   1.8929036e-01   2.4482560e-01  -2.1386832e-01   2.4691953e-01   2.0810974e-01   1.6032158e-02  -5.2981417e-02  -1.4074847e-01   1.2728188e-01   7.5274650e-02   3.6149388e-01  -3.8244086e-03   3.0110725e-01   1.1457144e-01  -4.8685687e-01   4.7572327e-01  -4.9167920e-03   1.0604868e-01   1.7596355e-01   3.3084434e-01  -9.0446715e-02   4.3455416e-01   9.8178440e-03   2.0907084e-04  -4.5127348e-01   6.0447855e-01  -8.4264849e-02   3.2296493e-01   1.9671979e-01  -7.4935315e-02   1.0177379e-01  -4.3543826e-01  -9.0832920e-02  -2.2205162e-01   3.9228923e-01   6.9200864e-02  -2.2396457e-01   2.3849315e-01  -2.7703531e-01  -1.3148058e-01  -3.5586688e-01   1.0358236e-01   6.7194542e-02   1.2823410e-01   2.1699978e-01   3.9782516e-01   2.6868334e-02   6.5684936e-02   3.5516299e-02   2.5352973e-01   3.4569128e-01   8.5945191e-02  -4.9388902e-01   1.5969936e-02   3.1128200e-01   2.7372909e-03   4.4365936e-01  -1.3044167e-01   3.7894406e-01  -1.8559983e-01  -2.0771350e-01   1.8177726e-02   1.5484200e-01   1.2362378e-01  -1.9262831e-01  -3.2087584e-01  -1.2825865e-01  -1.1529061e-01  -6.4582517e-02  -4.1310645e-03  -4.0603195e-01   3.7576926e-01  -2.0768631e-01  -5.8546769e-02  -2.5660967e-01  -4.0661638e-03   6.5080815e-02   3.4270509e-01  -4.4840008e-02  -1.0502680e-01  -1.7357631e-01  -1.6187277e-01   3.0343231e-01  -2.4653101e-02   1.2819746e-01   4.1280171e-02   3.8786739e-01  -3.3921078e-02  -3.7975236e-02  -7.3122152e-02  -2.9052038e-02  -2.7007215e-01   1.0515757e-01   5.8423991e-02   1.2230179e-01  -3.4569145e-01  -3.7773274e-02  -2.1269713e-01   3.2060293e-01
   8.0301816e-02   6.3966820e-02  -5.9192378e-02   2.0997972e-01  -6.2349454e-02  -2.2825082e-01   3.8432401e-01   2.8758658e-02   2.3989307e-01   0.0000000e+00   2.1812802e-01   2.1648183e-02  -2.4943906e-02  -2.1584836e-01  -1.3208501e-01  -1.1785042e-01  -6.6855196e-02   6.6846428e-02   5.2973558e-02   1.5026289e-01   4.5859922e-01  -3.9619988e-03   4.6853382e-01   1.4196012e-01  -1.9240191e-01   1.2306293e-01  -1.4173148e-01  -3.3353344e-01  -2.6147348e-01  -3.6454715e-01   2.1598566e-01  -1.9045579e-01  -2.6582443e-01   4.4979115e-01   1.1206283e-02   6.8682117e-02   2.7799194e-01   4.1155164e-02  -1.5870374e-01   1.7009129e-01  -1.1007371e-02  -3.1601826e-01   2.0945003e-01  -2.8501320e-01   8.4852486e-02  -5.8698365e-02  -9.6096843e-02   3.4093967e-01   2.0193345e-01  -1.3055656e-01   1.5958470e-01   8.0815588e-03   2.9398884e-01  -5.7571724e-02  -3.0894221e-02   2.1689698e-01   1.0704777e-01   1.7519647e-01  -1.2567763e-01  -3.2175159e-01  -3.7482739e-03   2.6884349e-02   5.3184371e-02   7.9664899e-02   1.9416207e-01   5.6225272e-01  -9.8895769e-02   3.1305403e-02  -2.9931875e-01  -6.7107555e-02   1.9524414e-01   9.9749067e-02   1.5617090e-01   5.7834150e-02  -4.1227808e-02  -1.8355199e-01  -1.6723137e-01  -3.2248380e-01   8.5443997e-02  -5.9120275e-02  -1.1436976e-01   2.5755621e-01   1.5697110e-01  -5.2662588e-02  -9.6983460e-02   2.8380767e-02  -9.8828298e-02   1.5253385e-01  -1.0266413e-01   9.1292511e-02   1.1469626e-01  -1.0417589e-01  -2.2699023e-01   1.2356896e-01  -8.4459329e-02   1.0394457e-01  -3.1256666e-01   5.4890363e-02   1.1202076e-01   7.0390399e-01  -4.7546057e-02  -8.9316288e-02  -3.6020392e-01  -1.2104859e-01  -5.9296568e-03   1.7641259e-01  -8.4526718e-02  -2.9576823e-01   1.8011092e-01  -2.3609543e-01   2.6632688e-01  -2.1910512e-01   1.9499110e-01   1.0700201e-03  -6.1785362e-02  -2.2167808e-01  -1.2910930e-01   1.0772354e-01  -3.9312279e-01   7.3868578e-02  -4.8994016e-03   1.6496095e-01  -2.9135238e-02   6.7426260e-02   7.8451844e-02  -9.7104697e-02   1.0766084e-02  -6.4153884e-02   2.7669065e-01  -2.0219228e-01  -1.5546495e-01   3.3254190e-01   6.7164776e-02   1.6239507e-01  -2.3388629e-02  -7.2194124e-02  -4.6047573e-02  -2.2988999e-01  -1.3162156e-01   1.7572606e-01   9.3491555e-03   1.1406936e-01   1.2376490e-01  -4.3496074e-01   3.4466394e-01   1.4680389e-02   2.1289437e-01  -1.2817819e-01  -1.1606362e-01   5.9668716e-01  -1.2408597e-01  -1.1572282e-01   1.9094877e-02  -7.6389607e-02  -2.1045116e-01   5.8647760e-02   3.9735137e-02  -1.7996078e-01  -1.6162151e-01   4.3634632e-02   1.6220055e-01   4.2217804e-02   3.9536775e-01   6.3481681e-02   8.3938318e-02  -2.9193782e-01   2.7429363e-01  -1.9471386e-01  -3.1335208e-02   3.6915145e-02   1.8214674e-01  -4.5802767e-02   1.7262825e-01  -4.4263880e-01  -2.1320928e-01   9.4728797e-02   1.7333652e-01
  -3.0357968e-01  -2.7917993e-01  -4.2845745e-01  -3.7831915e-01  -1.8101200e-01  -1.5425506e-01   5.3598648e-01   1.9043162e-01  -3.1836328e-01   2.1812802e-01   0.0000000e+00  -3.2651639e-01  -2.4786109e-01  -2.7087558e-01   2.5078234e-01   3.3905065e-02  -2.8167550e-01   1.9110674e-01  -1.6790685e-01  -2.5092764e-01   2.8199746e-01  -2.2296789e-01   2.5812809e-01  -2.2867786e-01   3.9146948e-03  -1.2874380e-01  -3.3125493e-02  -1.1301544e-01   4.5822099e-02  -9.5846542e-02   4.5129613e-01  -4.1764115e-02   9.2596627e-02   5.1555002e-01  -3.0138303e-01   8.5767766e-02   4.7348280e-03  -1.3436056e-02   1.7521533e-01  -9.8095527e-03   1.3637879e-01  -2.9094958e-01  -4.1833768e-01  -1.2873543e-01   1.3419115e-01   5.5378565e-02   2.1738984e-01   4.8909951e-01  -2.3261058e-01   2.6976096e-02   1.2926803e-01   6.9750060e-02   3.9372135e-01  -5.3831489e-01  -3.5925658e-01   1.8554592e-01  -1.9492755e-01  -2.2415588e-01   1.8991167e-01  -9.2192814e-02   9.5855316e-02  -1.9283946e-01  -4.4408467e-01   2.0056123e-01   3.9037980e-02   4.9154525e-01  -3.1458672e-01  -4.5073367e-01   2.7356104e-01  -2.4152703e-02  -3.5701405e-02  -5.7224038e-02   1.6108924e-01  -1.2180058e-01  -5.3001086e-01   3.5862243e-02   2.3337709e-01  -1.2282517e-01  -3.5700963e-01  -4.0942589e-01   1.0794053e-01  -3.0780515e-02   5.9260042e-02   1.1292523e-01  -3.5145289e-01   1.3757214e-01  -3.1537749e-01  -3.2614721e-02  -2.6772595e-01   8.2520263e-02  -2.0400278e-01  -3.4476072e-01   2.1201096e-01  -1.3055262e-01  -8.5504568e-02  -1.7919895e-01  -4.5701522e-01  -2.7589193e-01   2.6995216e-01   9.8412346e-02  -1.2675207e-01   1.2313643e-01   2.8643758e-02  -3.5842205e-01   1.3828111e-01  -1.9310692e-01  -3.5080897e-01   6.4172363e-02  -1.0603169e-01   2.2513163e-01   6.7438259e-02   6.2705187e-02  -3.1909892e-01  -8.9632265e-02  -2.0107927e-02  -3.2240290e-02  -5.0780852e-02   3.0265902e-01  -3.4491573e-02  -2.2130748e-01  -1.0726821e-01  -2.6167304e-01  -3.1558493e-01  -4.3121173e-03   6.2761739e-02  -1.5421504e-01   7.2204474e-02  -4.4138839e-01  -3.4840709e-01  -1.5470097e-01   4.6479756e-01   4.8394918e-01  -3.1310667e-01   3.7188506e-01  -2.1044737e-01   2.3795890e-01  -6.0899473e-01   3.8345364e-02   2.0045101e-01  -4.2548962e-03   3.7347929e-02  -2.4483600e-01   5.0605303e-01  -1.6196193e-01   3.0660592e-01  -8.4557041e-03   8.6521130e-02   3.2981743e-01   4.3784699e-01   1.5685565e-01  -1.6319899e-01   2.9729287e-01   2.7562439e-01   4.5623012e-01  -2.5484328e-01  -2.3294216e-01   4.9669946e-02   1.2129882e-01   2.8643282e-02   2.0166484e-01  -2.9239028e-01   5.0705858e-01   3.5257310e-01  -4.1313055e-02  -3.6658233e-01   6.1814321e-02   4.0847791e-01  -4.0883414e-02  -9.2449326e-02   4.7593975e-01   6.0519102e-02  -1.9307954e-01   9.3507578e-02  -2.0725334e-02  -3.0814188e-02   7.0768719e-02  -2.7326505e-01
  -1.3167527e-02   7.1241466e-01   7.2526413e-01  -7.6015999e-03   2.8879723e-01  -7.8724662e-03  -1.6310879e-01  -8.2883714e-02   2.3835727e-01   2.1648183e-02  -3.2651639e-01   0.0000000e+00  -8.2024254e-02  -1.5576554e-01  -2.3565582e-01   8.7260436e-02   5.6149966e-01  -3.3185730e-01   2.1202458e-01   4.8147199e-01  -3.8357524e-01  -2.5271620e-01  -2.6034093e-01  -1.3579925e-01   1.2654738e-01  -2.2660936e-02   1.6826524e-02  -3.8320976e-01   6.6580793e-02   4.3803973e-02  -2.5865453e-01  -1.3720720e-01  -5.4408467e-02  -1.0090216e-01   1.1054079e-01   1.0693730e-01  -2.9861800e-01  -7.8882855e-02  -1.3187482e-01   4.5523247e-01  -2.1865554e-01   2.3395250e-01   3.0378037e-01  -1.3501410e-01  -6.5911280e-02  -1.8845348e-01  -1.5467438e-01  -6.2914089e-02  -5.7344373e-02   2.6411810e-01  -2.6279015e-01  -1.0799143e-01  -1.9469547e-01   2.2535239e-01  -2.0113268e-02   1.0303292e-01   2.1346840e-01  -9.7545883e-02  -1.8147463e-01   4.2235619e-01  -5.4264947e-02   6.6422013e-02   3.9568791e-01  -2.1183048e-01  -3.1620670e-01  -6.0231414e-02   2.4483940e-01   2.9491787e-02  -2.5461411e-01   2.7120272e-01   3.0836291e-01  -2.4053721e-01  -8.2630324e-02   2.1578905e-01   2.8807905e-01   3.4076055e-02  -1.6367057e-01  -1.8557314e-01   5.7956407e-01  -2.6053145e-02  -2.4500142e-01   2.1553764e-01   2.2495045e-01   4.4302981e-02   6.9590311e-02   7.1709631e-02  -2.2536671e-01  -7.1083220e-02  -3.4996632e-02   2.6223806e-02   4.7393142e-01   2.8324414e-01   2.5802689e-02   3.7110995e-01  -1.5469090e-01   4.8393657e-01  -3.5732127e-02   1.4096150e-01   1.6171540e-01   3.9000269e-02   3.1147007e-03   6.0767048e-02  -3.1582586e-01   4.1846168e-01  -4.7652770e-01   2.0265872e-01   2.1815746e-01  -2.6357927e-01  -1.5506151e-01  -4.8030898e-01   4.7270264e-01  -2.7628499e-01  -9.4465490e-02  -1.5965030e-01   3.5258272e-02   3.0631436e-01  -2.9966693e-01   8.8427191e-02   1.0959474e-01  -1.4579658e-01  -2.3585518e-01   5.5091001e-01   6.6799239e-01  -2.1229728e-01  -1.0389623e-01  -1.1406307e-01  -1.2375593e-02   2.3967918e-01   1.6757026e-01   5.6151634e-01  -2.4754704e-02  -1.6491405e-01   2.5344531e-01  -3.3815528e-01  -6.7367842e-02   3.2485528e-02   1.8821401e-01  -3.4457289e-01  -1.2929075e-02  -1.5022621e-01  -1.1380136e-01  -9.1413880e-02  -1.5474738e-01  -2.1942947e-02  -2.1363262e-01  -3.4413721e-01   5.6440823e-01  -3.6886804e-01  -3.9952054e-01  -2.3636008e-01   6.5532800e-02  -5.9861831e-02  -8.3700173e-02  -1.7152380e-01   6.6940308e-01  -5.7218211e-02  -1.9460633e-01  -1.9534998e-01   1.1159400e-02  -3.5317781e-01   5.3034311e-02  -1.2075754e-01  -2.7596820e-01  -1.6614667e-01   1.6743432e-01   3.2088658e-01   1.8756206e-01  -1.7864149e-01  -1.5667125e-01  -1.6390969e-01   2.6662304e-01  -1.8565130e-01  -2.6596752e-01   1.2641644e-01   3.4326013e-01   2.2376065e-03   1.8850246e-01
   2.9842017e-01  -9.6601114e-02   1.3235449e-01   5.1542370e-01   2.2592060e-01   3.8453890e-01  -2.8785682e-01  -2.0239475e-01   1.0576402e-01  -2.4943906e-02  -2.4786109e-01  -8.2024254e-02   0.0000000e+00   1.9602922e-01  -9.0016436e-02   3.9282207e-01   1.4501232e-02   2.0739460e-01  -2.1534134e-02   2.4170659e-01  -1.7740405e-01   4.8182202e-01   5.0814172e-02   3.5564010e-01  -1.4188298e-01   1.1059481e-01   1.9995675e-01   1.6140588e-01   1.2038747e-01  -1.2806504e-01  -3.2098575e-01   3.6663535e-01  -2.1179074e-01  -2.0425123e-01   5.2099344e-02   3.0721574e-01  -7.9139405e-03   2.8097995e-02   1.9264466e-01  -9.5212453e-02   5.2179979e-01   2.3291418e-01   1.7137668e-01  -8.7701265e-02  -6.2833841e-02  -3.2744582e-02   3.7557226e-01  -3.9674919e-01   1.3643108e-01  -3.4251402e-01   4.9798985e-01  -1.1810954e-01  -4.0624452e-01   4.1011899e-01   1.5364608e-01  -2.4482237e-01   1.2711653e-01   4.8743197e-01   1.0409919e-01  -7.9065335e-02  -3.6419578e-02   4.0469902e-01   2.4353552e-01  -3.4840030e-01  -8.0102175e-02  -1.5141797e-01   3.1814833e-01   4.7468972e-01   2.7118685e-01  -1.5333383e-02  -3.1335742e-01   4.9725496e-01   2.6849460e-01   9.8009360e-02   3.4589419e-01   8.8110769e-02  -3.2059847e-01  -1.8367500e-02   3.3853475e-02   3.6524789e-01  -6.8635779e-02   4.3311744e-01  -1.4516193e-01  -1.9448560e-01  -3.2381208e-02  -4.9148829e-02  -9.4961298e-02   2.1339858e-01   2.2633989e-01   5.8898810e-02  -1.8884995e-02   1.1991104e-01   2.3604221e-03  -1.4716888e-01   9.4572765e-02   9.5431290e-02   4.7821884e-01   1.2375840e-01   1.4447892e-01   2.2501976e-03   5.2806436e-02  -3.1499877e-01   9.5076043e-02  -1.3033737e-01   3.6897962e-01   3.5687231e-01   3.5488503e-01   3.4152018e-01   3.4549727e-01  -3.3827059e-02  -1.7503739e-01   2.9851296e-01   4.4927565e-01   9.3137230e-02  -1.6387406e-01  -2.2504468e-02   1.9511184e-01   3.4937862e-01   3.7535259e-02   4.0927906e-01   1.6007336e-01   5.3567291e-02   2.7889183e-02  -3.7329095e-02  -1.2230373e-02   2.7231957e-01  -1.8014820e-01   2.4735713e-01   4.5820554e-01  -1.4224391e-01  -9.7834366e-02  -2.9553978e-01   1.8313049e-01  -2.1590595e-01   3.9203945e-01  -1.5246914e-01   4.3701128e-01  -1.7464309e-01  -2.2852521e-01   4.5247634e-02   1.2298396e-01   4.2455642e-01  -9.9831925e-02   7.5930604e-02  -3.0267063e-02   1.5282152e-01  -2.5779540e-01   8.3791292e-03  -1.1247899e-01  -3.8907388e-02  -5.5793462e-02  -2.7056919e-01  -2.6081081e-01  -4.6498261e-02  -9.5236669e-03   1.9573491e-01   6.3043811e-02   3.7852254e-01  -1.8578457e-01   7.4878369e-02   2.2853213e-01  -1.3734545e-01   6.4354571e-02   4.6732601e-01   3.7236053e-01  -1.1682240e-01  -2.5873393e-01  -1.3010234e-01   2.2892152e-01  -1.0467714e-01  -2.3351431e-01  -8.6122612e-03   1.9581297e-01   6.3075315e-02  -1.4955199e-01  -1.5615701e-01   3.7943296e-01
   5.2116623e-01  -1.5789896e-01  -1.0740418e-01   1.3231289e-01   6.1987115e-02   2.8289958e-01  -2.0568251e-01  -2.0683155e-01   1.3667373e-01  -2.1584836e-01  -2.7087558e-01  -1.5576554e-01   1.9602922e-01   0.0000000e+00  -1.4007401e-01  -1.9108289e-02  -6.3701423e-02   2.0942740e-01   6.5872559e-02   9.9890405e-02  -1.6385130e-01   4.9786505e-01  -2.0927881e-01   5.2983148e-01  -5.8042711e-02   2.0762834e-02   1.1043836e-02   3.0855699e-01   7.0992918e-03  -8.3699959e-03  -2.8598875e-01   4.3721210e-01  -2.8712162e-01  -3.4654234e-01   5.8079337e-02   1.0717311e-01   8.9064725e-02  -1.2170218e-01  -2.4762651e-01  -3.9175948e-01   1.1780038e-01  -1.3533395e-02   1.8175076e-01   2.3837615e-02   8.4517643e-02   1.6766385e-01   2.7872881e-01  -2.6217295e-01  -5.1244832e-02  -4.3061011e-01   2.2090251e-01  -6.1294720e-02  -3.0548588e-01   1.5563079e-01   3.2333284e-01  -3.0773521e-01   1.2596836e-01   3.3122346e-01   3.1305775e-03   1.8840372e-01  -1.8691257e-01   7.2230756e-02   1.4365264e-01  -8.1821087e-02   1.0635950e-01  -9.2153531e-02   1.4122957e-01   4.0464438e-01   3.2208318e-01  -1.1757395e-02  -4.3170472e-01   4.0048983e-01  -3.1026473e-02   1.3267504e-01   1.6175930e-01   2.6061566e-01  -3.4346306e-01   2.4435299e-01  -1.1981758e-01   2.0158898e-01   4.1236860e-01   2.3746369e-01  -2.5465957e-01   5.2341095e-04   4.3493009e-02   7.3579079e-02   3.1864927e-01   2.8095636e-01   2.0860678e-01   2.1780379e-01  -3.1413021e-01  -2.3517536e-02  -1.2583077e-02   1.3115063e-01  -1.9299821e-01  -2.1252928e-01   2.6341214e-01   1.4683093e-01   8.3527342e-02  -1.4195474e-01   3.8189424e-02  -1.8234274e-01   2.0280748e-01   1.9713277e-01   3.6478047e-01   2.3405008e-01   1.5645471e-01   3.1815316e-01   3.4502989e-01   1.9359215e-01  -3.8953295e-01   4.2524463e-01   3.4274573e-01   3.8578249e-01  -2.6508588e-01  -5.2857367e-02   2.6942091e-01  -1.0801667e-02  -1.7759724e-02   2.2324663e-01   4.1966093e-01  -2.0279746e-01  -9.5353407e-02   1.9668460e-01   3.8450853e-01   6.9996520e-01   1.2133999e-02   6.9194684e-02   3.3004884e-01  -3.7145997e-02  -2.9860412e-01  -3.9850547e-01   4.6413652e-01  -2.9952747e-01   3.3408656e-01   1.1515730e-01   2.8622531e-01   1.6546351e-01   7.8734371e-02  -1.2684473e-01   4.4926211e-01   1.8738932e-01  -2.6893324e-01   1.4869113e-01  -2.5948948e-01   7.5681210e-02  -4.4828716e-01   1.8368616e-01   1.7230198e-01  -9.7374484e-02  -2.2881190e-01   1.8446621e-01  -8.6390478e-02  -1.0357274e-01  -1.2375493e-01   4.1548692e-01   1.2108357e-01   1.8268176e-01  -1.5330516e-01   3.1389369e-01   6.7844291e-02  -2.6834054e-01   3.0461023e-02   3.2324818e-01   2.2813593e-01   5.0588847e-02  -3.2912038e-01   2.7822323e-01   4.0560408e-01  -2.0532147e-01  -3.8210564e-01  -4.5891738e-02   3.1859373e-01   1.6145784e-01   1.8563401e-01  -2.3932057e-01   2.4120332e-01
