   0.0000000e+00   4.0221454e-02  -9.9715188e-02  -2.2478689e-02   9.6091284e-02  -1.4301706e-01  -4.4231456e-01   5.1636855e-02  -6.8674192e-02   1.2540347e-01  -1.1139005e-01  -1.1886690e-01   1.4713165e-01   6.0657974e-01  -3.2276523e-01  -1.9573639e-01   1.4771059e-03  -1.8253147e-01  -7.9902243e-02  -1.8096133e-01  -1.6745381e-01  -2.3422843e-02  -3.3233496e-01   5.6623143e-01  -1.3977294e-01   1.2742110e-01  -5.3819775e-02   1.9535062e-01   1.8159757e-01  -2.8657685e-01   2.1395652e-02   4.0522026e-02  -3.1333090e-02  -4.3357091e-02  -4.4601928e-01  -1.4935879e-01  -2.8578140e-02   3.6035278e-01  -2.3578379e-01   4.0245637e-02   1.5771236e-01  -1.1310706e-01  -4.1977094e-02   1.3814380e-01  -3.1452829e-01   4.1755290e-01  -5.0417730e-02  -1.0177881e-01   6.9974252e-03   4.2936121e-02  -2.2764471e-01   2.3805561e-02   2.7978522e-01   7.7995233e-02   8.4675387e-02  -2.0382376e-01   1.3994414e-01   4.8385692e-02   1.4374829e-01  -2.9453633e-01   1.4876328e-01  -1.0975644e-01   1.1835327e-01   1.0475087e-01   1.4388411e-01   4.6107097e-02  -1.2207645e-01   9.9389063e-02   3.6919396e-02  -1.5589233e-01  -2.7585695e-01  -1.2000375e-01   1.9549613e-01   3.9519953e-01   3.3345598e-01  -2.1137573e-02   2.8922877e-01   5.3232518e-02  -1.3703365e-02   3.1210212e-01  -1.6257293e-01   1.4492778e-01  -1.7968340e-01   2.4227282e-01   3.8070688e-01  -7.6232275e-02  -2.9290324e-01   4.1468700e-04   1.5413656e-01   7.4021911e-01   3.9110515e-01   7.8467777e-02  -2.8255555e-01   1.1545187e-01   2.9985578e-01   2.5382518e-01   2.2990831e-01   9.4597407e-02  -9.4605487e-03  -2.2939502e-01  -4.2037569e-02  -3.2112295e-01  -2.9570766e-01  -2.5456642e-01  -9.9395358e-02   1.2550325e-01  -1.4065075e-01   1.2872438e-01  -9.9484825e-02   2.3144574e-01  -3.6857186e-01  -2.1849991e-01  -7.6286006e-02   8.3993216e-01  -9.2250219e-02   2.0915003e-01   4.8150872e-02   2.2553063e-01  -3.1131829e-01   1.9943246e-01   3.1672894e-01   3.1084171e-01   6.0116156e-02  -1.1603510e-01   5.2260828e-01   1.2895451e-01  -4.5129031e-01   6.7509049e-02   2.2448550e-01  -7.3522823e-02  -4.4840110e-02  -1.8215220e-01   5.4084210e-01   1.9077410e-01   1.8605294e-01   1.3624414e-02   2.1566639e-01  -2.3345974e-01  -7.7910747e-02   4.8588244e-01   3.2980524e-01  -8.4839993e-02  -1.5361824e-01  -2.7782523e-01  -3.8373224e-01  -1.7831700e-01  -4.8951596e-01  -4.6353233e-02  -2.3361248e-01  -1.8230859e-01   1.2862369e-01  -1.8284779e-01   6.1413898e-02   1.8739765e-01   1.3095407e-01   4.8275282e-01   2.9892626e-01   7.7837437e-02  -7.8398771e-02  -2.1772082e-01  -4.4886530e-02  -5.3416693e-02   1.2625276e-01  -2.2426835e-01   9.4611681e-02   8.2118608e-02  -3.1722644e-01   2.1261328e-01   1.5685617e-01  -2.8142620e-02   2.4093983e-01  -6.1098479e-02  -1.7040584e-01  -1.8604293e-01   3.9645847e-01  -1.8610684e-01   1.3311887e-01
   4.0221454e-02   0.0000000e+00   3.9118682e-01  -1.0182445e-01   1.1365594e-01  -6.0163852e-01  -3.7911775e-01  -1.0375747e-01   7.5984228e-01   3.6571349e-01  -6.0676154e-01   4.6760236e-01  -1.6666841e-01  -2.3668151e-01   4.8761143e-03   2.2096919e-02   4.8448368e-01  -6.1230477e-01  -1.1435361e-01  -1.3936816e-01  -5.6817640e-01  -2.0050054e-01  -6.2629245e-01   1.8346244e-02   2.1461917e-01   1.9735315e-01   1.7041857e-02   4.2638467e-02   1.2046117e-01   2.3176924e-01   3.7786797e-01  -2.0971021e-01   3.1084900e-01   4.2612981e-01   2.8679282e-01  -6.4442871e-01  -2.1057494e-01   3.4045235e-01   2.4040489e-01   4.5737712e-01  -1.6039028e-01   1.4999207e-01   6.1628158e-01  -8.3204824e-02   8.5996778e-02   2.0936910e-02  -6.5081618e-01   4.4626600e-01  -3.0626075e-01   5.3738112e-01  -6.1640376e-01  -2.9655256e-02   6.6290765e-01   2.4507839e-01  -2.8930641e-01  -3.3175967e-01  -1.3787895e-01  -1.8333252e-01  -4.7439721e-02   4.6551453e-01   1.1504869e-01  -2.1794590e-01   7.6245826e-01   3.2451138e-01   6.2123916e-01   2.1957702e-01  -3.7431479e-01   2.3685502e-01  -3.8913660e-01   2.0514628e-01   4.6579307e-01  -4.7584203e-01  -2.6645430e-02  -8.0170634e-02   2.2588243e-01   4.6723396e-02   1.1280304e-01  -1.4889260e-01   3.6094225e-01   1.4836036e-01  -2.8192886e-01  -4.7419326e-02  -2.6445321e-01  -9.6687983e-03  -1.6013733e-01  -1.1014414e-01  -2.5829431e-01  -1.6420667e-01   6.5903783e-01  -2.3550535e-02   5.4915697e-01   2.0433885e-01  -1.7079076e-01   5.1093151e-01   2.4039324e-01   3.4712453e-02  -2.9823843e-02  -1.7021584e-01  -2.6904809e-01  -6.8908919e-01   8.3321198e-02  -3.1071504e-01  -3.1291728e-01   1.9040110e-01  -3.6119443e-01   1.0158378e-01   1.7619151e-01  -1.1801678e-01  -3.9693788e-01   2.7379659e-01  -5.4982516e-01  -3.9998541e-01   1.8670999e-01  -1.0612839e-01  -3.0241728e-01   5.9593805e-01  -1.4166159e-01  -4.4317799e-02   2.3834234e-02  -6.6213029e-02  -2.8003148e-02   4.8720229e-01   6.1224880e-01   2.1192265e-01   3.6995400e-02   2.1688321e-01  -1.4068958e-01   3.2107533e-01  -6.2083218e-02   5.3305700e-01   6.4432494e-02  -3.4577424e-01   4.1439043e-01   3.9191973e-01   4.3928748e-01   3.1131862e-02   2.2421687e-01   1.7774651e-02  -1.3182774e-01   2.1487979e-01  -9.7563872e-02   1.5957256e-02  -4.1548889e-01  -1.8275819e-01  -2.5291874e-01  -1.8759171e-01  -1.6724174e-01  -5.4292157e-01  -6.1897027e-01  -3.9988107e-01  -2.6691549e-01   4.6237727e-03   1.1151052e-01   5.6755189e-02   6.8928474e-01   8.8622740e-02  -1.1953720e-01  -1.9372889e-01   2.2930524e-01  -3.2157818e-01   4.0656598e-01  -3.5484294e-01  -5.6096881e-01  -3.2501515e-01   9.6503795e-02   6.3283553e-01  -3.4339739e-01   1.1088314e-02   2.1366808e-01   3.9112713e-02   6.5167561e-01   7.7775089e-02  -3.0468415e-01  -3.9723552e-01   3.1213311e-01   1.6788706e-02  -4.4502600e-02
  -9.9715188e-02   3.9118682e-01   0.0000000e+00  -2.1618453e-01  -1.3382731e-01  -1.7246361e-01  -2.3106106e-01  -1.0833962e-01   1.5645541e-01   4.8190980e-01  -4.0698097e-01   7.8308507e-01   7.9749001e-02  -1.1381164e-01   1.0926976e-01   2.9436129e-01   8.8749835e-01  -4.9796853e-01  -3.7885347e-02  -4.3242052e-02  -6.4312418e-01  -4.1827740e-01  -5.0361467e-01  -7.0749236e-02   3.7502001e-01   7.5638232e-02   1.7000683e-01   1.5559841e-01   1.5723109e-01  -2.4718539e-01   1.7339459e-02  -3.3540892e-01   4.3407104e-01   1.6014005e-01   1.6315767e-01  -3.0890406e-01  -5.6543250e-01   1.1908502e-01   3.1490410e-01   5.3606149e-01  -1.2121577e-01   5.0086661e-01   4.5941439e-01  -2.2734788e-01  -2.3532089e-01  -5.7942676e-02  -3.7991529e-01   4.8120679e-04  -3.3610281e-01   7.3927768e-01  -4.9354305e-01  -1.5369859e-01   3.2399217e-01   5.0221171e-01   7.6446418e-02   1.0333340e-02  -1.4579898e-01  -3.0061589e-01  -1.4355602e-01   4.6975207e-01   3.7290698e-01  -1.5407008e-01   5.3662398e-01  -6.7321869e-03  -6.2221753e-02  -9.5351246e-02  -1.7132650e-01   1.5113434e-01  -3.0308674e-01   6.8529026e-01   5.0574538e-01  -4.1194697e-01  -7.6183929e-02   6.1704135e-02   2.7553026e-01  -2.1493672e-01   2.6344344e-01  -1.3415865e-01   1.0007697e-01   1.4248010e-01  -1.7811070e-01  -7.0221473e-02   8.4440290e-03  -3.0980495e-01   5.2277167e-02  -9.0604887e-02  -5.0547832e-02  -7.0299455e-02   3.1848505e-01  -1.9853748e-01   1.6000940e-01   6.1345882e-01   1.3164781e-01  -4.1712351e-02   6.0443077e-02   6.2100935e-02  -1.6151491e-02  -3.1015394e-01  -8.6403870e-02  -5.5509709e-01   4.2097444e-01  -4.0216519e-01  -4.3855839e-01   2.8337611e-02  -6.1019747e-01  -1.9380859e-01   5.8261646e-01  -2.3992164e-01  -3.3507993e-01   2.6415512e-01  -7.9696003e-02  -4.2381588e-01   1.4933519e-01  -1.5674812e-01   2.2388470e-01  -3.3331340e-02  -2.0257702e-01  -9.0767005e-02   5.9462930e-01  -1.6960417e-01   5.3771191e-02   2.3859982e-01   6.8569086e-01  -3.8150310e-01  -2.2162506e-01   2.7362588e-01  -3.9209091e-01   3.6650061e-01  -2.9004951e-01   8.6141760e-01   1.4140397e-01  -3.6447190e-01   5.1355372e-02   1.9724957e-01   4.1203938e-01  -1.4153912e-01   2.0626755e-01   8.7356573e-02  -2.4485724e-01  -6.1592207e-02  -7.5667029e-02   2.0544534e-01  -4.5717807e-01   4.9751015e-01  -2.2445597e-01  -4.7530112e-01   2.0659094e-01  -4.3195049e-01  -2.3494553e-01  -6.6884952e-01  -1.7359011e-02  -1.3613559e-01   2.9013548e-01  -3.3118128e-01   6.6839344e-01  -5.5151780e-02  -1.6359571e-01  -1.8175434e-01   5.8218661e-01  -3.9090312e-01   1.3048502e-01  -3.7172733e-01  -3.9607107e-01  -5.3883758e-01  -1.3470269e-01   9.7690618e-02  -2.8368929e-01  -1.1309890e-01   2.5685397e-01  -3.1343952e-01   2.2044345e-01   3.5374305e-01  -4.5323672e-01   1.1419305e-01   1.6722143e-01   6.0038860e-02  -4.1221337e-01
  -2.2478689e-02  -1.0182445e-01  -2.1618453e-01   0.0000000e+00   1.1586430e-01   1.7099871e-01  -1.3845433e-01   3.6990600e-01  -4.0412663e-02  -2.6442121e-01   3.5765341e-01  -3.9997475e-01  -4.1831898e-02  -2.3195008e-02  -2.6396671e-01   2.8178477e-01  -1.1898174e-01   3.0102489e-01   6.3464042e-03   1.2998205e-01   1.6921052e-01   5.0600251e-01   1.6067363e-02   1.7965839e-02  -2.3020780e-01   2.8068920e-01   8.2171773e-02   6.8637687e-02  -1.2655363e-01   4.4111898e-02  -3.9214070e-02   6.8695670e-01   1.4861160e-01  -3.8866469e-01  -2.4155949e-01   1.1725429e-01  -8.1657200e-02  -4.5564052e-02   8.9939092e-02  -2.0905078e-01   2.2833314e-01  -6.2996817e-02  -2.7549284e-01   1.8282670e-01   1.0288035e-02   3.3517195e-01   2.6530407e-01  -1.7013798e-01   1.3303391e-01  -2.5535617e-01   2.6165131e-01   3.3029418e-01  -1.3552601e-01  -1.6464863e-01   6.6888221e-02   1.7983613e-01   1.3527630e-01   7.2523769e-01   4.9575967e-01  -2.5633004e-01   1.4818259e-01   7.5247499e-02  -1.1812993e-01   9.3607552e-02   7.1972088e-02   4.1723908e-02   4.4887239e-02  -6.0343031e-02   4.3173017e-01  -1.6315532e-01  -4.2487869e-01   5.3268432e-01   2.2823499e-01  -4.9213369e-02  -6.1002096e-02   3.2670634e-01   5.1536978e-03   2.3165123e-01  -2.1209053e-01   1.4028399e-01   3.2834793e-01   1.3678218e-01  -1.8615806e-01   3.3832066e-01  -8.9703011e-02   3.8320112e-01  -1.8387402e-01  -7.3919916e-02  -1.9639801e-02   1.5870163e-01   1.9658224e-02  -1.3742210e-01  -4.4845692e-01   1.2019352e-01   4.7556165e-03  -5.9832206e-03   1.6225922e-01   3.5935122e-01   2.5873228e-01   6.0354501e-02  -3.9337468e-01   2.6916133e-02   1.4483892e-01   1.9035835e-01   5.1900694e-01   6.5577618e-01  -2.6615507e-01   4.7084765e-01   7.2001282e-02  -2.5188384e-01  -2.0513605e-01   4.5295948e-01   5.5219226e-01   2.3694577e-02  -1.9521451e-01  -1.6256781e-01   4.0785684e-01   1.1817712e-01  -3.8917145e-01   5.1091149e-01   1.3796483e-02  -3.2882730e-02  -3.2466897e-01   3.7145654e-02   1.7881978e-01   1.3787192e-01   8.9126766e-02  -3.1765325e-02   5.6385472e-01  -2.6331706e-01   1.5250007e-01  -8.3618428e-02   2.2473575e-02  -1.1537225e-01   1.0608982e-01   3.8551280e-01  -2.8675963e-02  -8.8515364e-02   4.2185564e-01   6.4651881e-03  -1.8124245e-01  -5.4218008e-03   4.1370977e-01  -3.9188735e-01  -4.7616765e-02   1.4630715e-01  -3.4698643e-01  -6.3415013e-02  -9.7204688e-02   7.8222651e-02  -2.1930796e-02   1.1314918e-01   1.4237048e-01   1.5807968e-01  -2.7175016e-01  -1.9369795e-01   1.9883337e-01   3.0689692e-01   6.3240334e-02   2.9021466e-01   1.9925198e-01   4.4765694e-01   6.2487079e-02   5.8874034e-01   5.8913258e-01  -2.2971458e-01  -4.2769089e-02   5.0213210e-02  -2.7346887e-01  -1.0055686e-01  -1.0257306e-01  -3.2342202e-01   4.5254283e-01  -1.8649625e-01  -1.6460584e-01   1.6741728e-01   5.0325162e-01
   9.6091284e-02   1.1365594e-01  -1.3382731e-01   1.1586430e-01   0.0000000e+00   2.9973468e-02  -1.3125413e-01   4.8131624e-02   1.4345092e-01  -6.1692060e-02  -5.3274895e-02  -1.3812194e-01  -1.7635521e-02  -4.2356756e-02  -1.9693033e-01  -1.8662703e-02  -1.4201210e-02   1.5796529e-01  -7.5177913e-02   6.8147339e-01   5.3129606e-02   6.6121948e-03  -5.4880504e-02   1.0826228e-01  -1.0552669e-01   1.4266949e-01   9.3634577e-02  -2.5715920e-01   2.6231826e-02   1.4439340e-01   9.4373146e-03  -9.5751583e-03   1.2112256e-01  -4.6017463e-02  -5.7965497e-02   4.6050755e-01   1.8990440e-01   1.6035888e-01  -2.6131206e-02   4.9696276e-04   2.7258323e-01  -5.9661078e-02  -9.9323330e-02   9.2730646e-02   1.6795817e-01   1.4214494e-01   2.8324706e-01   6.9618318e-02   4.4370461e-01  -4.8314002e-02   5.5518455e-02   8.6088822e-02   1.5986870e-01   2.2958717e-01   1.4156040e-03  -1.6753216e-01   3.1665309e-02   1.2278165e-01   9.5170427e-02  -2.1538808e-01   1.6593983e-01   4.3516026e-01   1.9625988e-01   5.2182736e-03   3.0485873e-01   3.0125324e-01   2.3092370e-01   2.5692076e-01   3.1518678e-02  -3.9575338e-01  -1.1828628e-01   1.3905444e-01   3.7145443e-01   9.2765598e-03   1.9791588e-01  -4.5821352e-02   2.0301817e-01  -5.8531721e-02   5.0267907e-01   2.9588739e-01  -1.4022230e-02   3.0026139e-01   2.4681299e-02   4.7314063e-02  -1.2222827e-01  -8.9715564e-02  -1.8397984e-01  -1.0957107e-01   2.1502078e-01   2.3361359e-01   5.2055810e-01   1.5216750e-01  -6.5420529e-02   1.5127311e-01   2.0156847e-01   6.2252516e-01   3.9232670e-01  -7.1678986e-02   5.9134895e-01   9.5719312e-03  -3.1030150e-01  -1.0774358e-01  -7.4026161e-02  -1.8561116e-01   6.0757346e-02   2.1056135e-01   8.9403423e-02   9.1674147e-02   2.6172185e-01   4.3901341e-01  -5.7645819e-02   6.9025417e-02   2.0429376e-01   1.6363528e-01  -4.3368913e-01   4.6620202e-01   9.4706595e-02   2.7586529e-01  -3.1118511e-01   2.6662260e-01   1.7136064e-02   6.7700286e-01  -3.6864000e-03   1.4727013e-01   2.3242737e-01   2.6723959e-02   6.2940535e-02   2.0568480e-01   8.8764792e-02  -1.9802237e-01   5.3143149e-02   2.0584316e-01   1.2951492e-01  -2.6672672e-02  -2.3121612e-02  -3.3989959e-02   2.6559875e-01  -2.1635978e-01   1.5022545e-01   9.3479829e-02  -3.0341892e-02  -9.1942452e-03  -1.2566385e-01  -3.1436863e-01  -1.0547684e-01   6.3623174e-02  -2.8536742e-01   2.4857508e-01   5.1840919e-02   1.9888643e-01  -1.5108926e-01  -2.1831711e-01   5.6683702e-02   4.2882980e-01   4.7634006e-02   9.2257819e-02  -9.2267532e-02   1.2841790e-01   6.3060472e-02   8.8814064e-02   2.1034988e-01  -1.2658198e-01   2.1440796e-01   6.2356250e-02   1.6418222e-01   1.4414596e-01   3.8016811e-02  -3.9512226e-02   4.6371444e-02   3.5934049e-01   2.0488437e-01  -3.8939576e-01   3.1061818e-01  -1.9650002e-02   2.5411693e-01   3.8100932e-02   3.3418508e-01
  -1.4301706e-01  -6.0163852e-01  -1.7246361e-01   1.7099871e-01   2.9973468e-02   0.0000000e+00   3.0514026e-01  -5.4338551e-02  -4.4615378e-01  -3.1055793e-01   6.4292606e-01  -4.0087944e-01   3.2521812e-01   2.8857080e-02  -1.8776935e-01  -4.1202997e-02  -2.5944874e-01   5.7184677e-01   1.7419081e-01   2.6306777e-01   3.6204451e-01   4.3389688e-01   4.3110905e-01  -2.2985448e-01  -9.6732487e-02  -9.1727362e-02   2.7004595e-01  -1.4770395e-01   3.9324201e-02   8.2797819e-03  -4.0795002e-01   1.9038759e-01  -9.4077677e-02  -4.9278587e-01  -4.7391915e-02   6.4608637e-01  -6.2279753e-02  -4.3188070e-01  -1.0165569e-01  -1.9214707e-01   1.7256058e-01   5.6288313e-02  -4.8291904e-01   8.4657474e-02   1.4906279e-02  -1.8913856e-01   6.9486724e-01  -3.3979108e-01   3.7673928e-01  -4.0803585e-01   6.3115758e-01   1.1562922e-02  -5.9895054e-01  -3.5120227e-02   2.0114203e-01   5.0219956e-01   2.2484999e-01   2.6388242e-01  -5.3871383e-02  -3.2290614e-01  -1.8505959e-01   2.5979711e-01  -5.0867762e-01  -3.6705992e-01  -4.7439657e-01  -1.6175252e-01   6.1585187e-01   3.7593503e-02   6.3836802e-01  -6.5880154e-02  -3.5968744e-01   5.3224456e-01  -4.8005739e-02   1.1473959e-03  -5.7187739e-02  -2.8206929e-02  -1.8365231e-01   1.4234353e-01  -2.7793133e-01   4.3322046e-02   4.0083687e-01   1.1441469e-02   2.5664040e-01  -5.4382491e-02  -1.3806683e-01   1.4626006e-01   3.2868953e-01   8.4067641e-02  -5.1652227e-01  -1.6033521e-01  -5.2116241e-01  -3.8699288e-02  -7.0765923e-03  -2.7811214e-01  -3.5467034e-01  -5.3944218e-02   2.3307851e-01   2.6016626e-01   3.7544385e-01   5.6337065e-01  -2.0713465e-01   1.5823987e-01   1.5063962e-01   7.6865490e-02   3.9513091e-01   1.4557329e-01   4.1914010e-02   4.2974406e-01   4.3667953e-01  -2.6063886e-01   3.8519524e-01   6.3582726e-01   5.1235321e-02  -1.9067848e-01   1.6498315e-01  -5.5616341e-01   3.5187884e-01   3.9735859e-02   3.9258628e-02   3.3524307e-01  -1.4900357e-01  -4.0133891e-01  -4.8571182e-01  -3.0271336e-01  -2.3476413e-01   7.9105969e-03   1.0130204e-01  -1.7867551e-01   1.4837762e-01  -3.8222491e-01  -7.4730036e-02   1.9380505e-01  -3.4300882e-01  -4.5028731e-01  -2.8658686e-01  -1.0332483e-01  -2.2251738e-02   6.0188385e-02   1.1940544e-01  -2.2418461e-01  -1.2899425e-01   1.0738054e-01   4.8452097e-01   3.2371382e-01   5.8067425e-02   4.6462518e-02   4.7313433e-02   5.5117940e-01   6.3961324e-01   3.6112081e-01   8.2270123e-02  -5.9635403e-02  -3.0076168e-01  -1.5918257e-01  -4.4637369e-01  -3.0993431e-01  -2.6814705e-01   2.4918712e-01  -2.2700507e-01   2.9285618e-01  -9.8398319e-02   5.1308788e-01   3.6423024e-01   3.0086808e-01   1.3644994e-01  -5.2627708e-01   2.8126895e-01   5.1129970e-02  -2.0158139e-01  -8.1012347e-02  -5.9785539e-01  -2.8418691e-01   3.6512986e-01   6.9997967e-01  -1.8505999e-01  -7.2272707e-02   2.5121094e-01
  -4.4231456e-01  -3.7911775e-01  -2.3106106e-01  -1.3845433e-01  -1.3125413e-01   3.0514026e-01   0.0000000e+00  -2.5075000e-01  -7.0228939e-02  -3.8199038e-02   1.9460389e-01  -5.3447818e-02  -1.7442455e-01  -2.4874847e-01   5.3187369e-01  -4.8337099e-02  -4.0850708e-01   3.4749758e-01  -4.1890343e-02   2.1114013e-01   3.8359591e-01  -8.2246172e-02   7.1046891e-01  -2.9307089e-01  -3.3503433e-02  -4.2517626e-01   8.8030998e-02  -1.9800115e-01  -1.4294345e-01   2.2379377e-01  -2.5127279e-02  -2.3577628e-01  -3.1181085e-01   3.1257629e-01   4.9996958e-01   3.1626658e-01   2.2865012e-01  -2.9233460e-01  -2.0466963e-01  -1.2016572e-01  -5.2412165e-02   3.6140384e-02  -1.6039501e-02  -8.7796568e-02   3.8871061e-01  -4.0623512e-01   1.5529383e-01   2.9515722e-01  -2.2198503e-02  -3.3291282e-01   4.6763999e-01  -2.1857617e-01  -3.0229929e-01  -3.0583899e-01  -1.0457844e-03   6.6230370e-02  -9.1154746e-02  -1.7590399e-01  -1.0223806e-01   2.1981972e-01  -3.1753663e-01   3.0086070e-01  -4.2407025e-01  -1.6867979e-01  -2.5149524e-01   1.7409322e-02   2.6236920e-01  -8.3586722e-02  -5.7209308e-02  -9.1018812e-02   8.3643180e-02   1.9973200e-01  -1.1437366e-01  -2.6139828e-01  -4.2360681e-01  -1.2763911e-01  -2.9966618e-01  -4.9536535e-02   1.1343127e-01  -3.7903418e-01   1.9337233e-01  -8.5609307e-02   3.1661551e-01  -2.5349431e-01  -2.5882602e-01  -1.3175816e-01   3.2247614e-01  -1.1294785e-01  -5.5069110e-01  -3.5497984e-01  -5.7726473e-01  -2.5929924e-01   6.5416180e-01  -6.8093952e-02  -2.6660458e-01  -2.0546993e-01  -1.4720570e-01  -1.8208655e-01  -4.3880214e-03   5.7118395e-01  -3.1559844e-02   4.3085205e-01   4.3075940e-01  -2.0714464e-01   1.1172081e-01  -3.6616371e-01  -1.0088391e-01  -2.4116872e-01   3.4307913e-01  -2.2303480e-01   7.8526512e-01   1.7292495e-01  -1.7873727e-01  -3.9109090e-01   1.7014976e-01  -1.8851601e-01  -7.6394593e-02  -7.6695006e-02   1.3120699e-01  -2.2812743e-01  -2.1812077e-01  -4.4537911e-01  -3.1510118e-01   1.2737378e-01  -2.6139846e-01  -3.9363450e-01   5.5873031e-01  -3.7881303e-01  -3.5573168e-01  -2.8491811e-01   5.9781238e-02   5.6165740e-01  -4.6573563e-01  -2.4280598e-01  -3.8465584e-01  -2.9692940e-01  -2.6309896e-01   6.4456835e-02  -9.9081385e-02  -3.0113785e-01   2.6361458e-02  -8.5937482e-02   9.8428976e-02   2.0325699e-01   5.9611176e-01   2.8731542e-01   7.3226096e-01   3.9801812e-01   5.6049410e-01   3.7735781e-01   4.5553479e-02   9.5122889e-02  -1.2938526e-01  -3.9122947e-02  -2.8981923e-01  -2.2372743e-01  -2.7263399e-01   8.1034281e-03  -2.8385276e-01   3.2125346e-01   6.2261926e-02   1.9150048e-03   9.9238163e-02   1.3111136e-01  -1.4954563e-01  -1.1663789e-02   6.6788209e-01  -5.0516538e-02  -1.5715625e-01   2.3928269e-01  -2.2537518e-01  -1.8830676e-01   1.4145372e-01   1.9272310e-01  -3.3917384e-01   5.4479744e-02  -1.8303878e-01
   5.1636855e-02  -1.0375747e-01  -1.0833962e-01   3.6990600e-01   4.8131624e-02  -5.4338551e-02  -2.5075000e-01   0.0000000e+00  -1.5170001e-01  -2.3601757e-01   1.3451133e-01  -2.6657877e-01  -8.3598744e-02   6.2492277e-02  -1.6009893e-01   6.2711416e-02  -6.3320480e-02   3.4331485e-02   2.4346998e-01  -1.6362785e-01   1.0634426e-01   1.1167677e-01  -6.5850348e-02   9.0278025e-02  -1.1442052e-01   4.8123705e-01  -9.8699648e-02   1.0474322e-01  -4.3138972e-02  -1.3846247e-01   1.5523641e-01   4.5102313e-01   1.1914415e-01  -1.9052826e-01  -4.1243606e-01  -8.7967553e-02   7.3831283e-02   5.7744414e-02   2.9644889e-03  -1.8970357e-01   1.0786355e-01  -1.2965343e-01  -1.7400989e-01   3.0642763e-01  -1.1982799e-01   2.6556677e-01  -2.2467072e-02  -1.6428436e-01   5.4681030e-02  -2.9458762e-02  -4.8367929e-02   5.9997420e-01   7.6611925e-02  -2.2497494e-01   1.4870540e-01  -4.5798495e-02   2.8853882e-01   3.0831697e-01   2.8245650e-01  -2.3646912e-01   2.2059357e-01  -1.0265564e-01  -1.0005817e-01   3.5763546e-01   4.1998000e-02  -1.8804237e-01   1.1171925e-01  -2.7378533e-01   1.3183489e-01  -1.6511122e-02  -2.3487471e-01   9.7615785e-02  -4.4604350e-02   9.8617217e-03  -4.9847440e-02   2.8762128e-01   2.4479205e-01   2.5213463e-01  -1.7128778e-01   5.5640367e-02   2.5993803e-01  -6.0531548e-02  -6.7821576e-02   5.7124836e-01  -2.9255906e-02   3.2700481e-01  -2.6451986e-01  -1.1243122e-01   4.4327532e-02   1.6771511e-01  -6.3989016e-03  -1.5037227e-01  -3.2894294e-01   3.8332160e-02   6.7182345e-02   7.6240324e-02  -9.8666172e-02   3.6432121e-01  -4.8656456e-02  -1.1523391e-01  -1.6691245e-01   6.7862434e-02   1.6802398e-01   1.5562391e-01   2.3211307e-01   3.6123689e-01  -3.0847243e-01   2.2454997e-01   2.0603921e-03  -1.0627642e-01  -1.7566683e-01   1.4198230e-02   8.8059395e-02   1.5677135e-01  -2.1970980e-01  -5.6912824e-02   9.2201727e-02  -5.0026450e-02  -1.1659796e-01   9.0951187e-02   2.4609889e-01  -2.5650356e-02  -1.6510217e-01   7.6805532e-02   6.9484820e-02   7.9927683e-02  -1.7509912e-01  -2.1397656e-02   2.7276652e-01  -9.7083658e-02   4.1180648e-02  -8.9237211e-02   2.5028118e-01   1.4628654e-01   1.3957583e-01   6.3963020e-01  -9.8914623e-02   1.3120431e-01   5.3533930e-01   3.9534495e-02   2.6697093e-02   1.9758838e-03   1.4537597e-01  -3.2839740e-01  -1.1902038e-01   1.3238800e-01  -3.6037740e-01  -2.0874544e-01  -3.0596394e-01   7.2957694e-04  -3.1290081e-02   2.8700598e-01   1.9947392e-01   1.3520556e-01  -2.1562937e-01   1.0176238e-01   4.1086532e-01   1.3924872e-01   8.4525353e-02   1.6704315e-01  -1.2400701e-01   2.5063658e-01  -7.5574604e-02   2.8908409e-01   1.9439905e-01  -1.4199262e-01  -2.5933679e-01   2.0124393e-01  -1.6194570e-01  -3.7892684e-02  -1.1528316e-01   3.3852410e-03   1.3077871e-01  -2.4689198e-01  -1.0462041e-01   1.7556624e-01   1.8187928e-01
  -6.8674192e-02   7.5984228e-01   1.5645541e-01  -4.0412663e-02   1.4345092e-01  -4.4615378e-01  -7.0228939e-02  -1.5170001e-01   0.0000000e+00   3.1616914e-01  -4.4501559e-01   3.2554675e-01  -1.8936068e-01  -3.5382081e-01   1.2932962e-01   1.3256664e-01   2.5280970e-01  -2.6398074e-01  -1.9078774e-01  -7.0067302e-02  -4.4084541e-01  -1.2685091e-01  -3.5616360e-01  -3.1719641e-02   2.1759020e-01   9.3393725e-02   2.9085411e-01  -1.4575388e-01   1.5418263e-01   5.7001870e-01   3.0357438e-01  -1.8269214e-01   2.4605683e-01   5.0592581e-01   3.5514845e-01  -4.2047912e-01  -1.6334767e-01   2.2569021e-01   2.1236034e-01   2.8187891e-01  -9.5711161e-02   1.6263098e-01   7.2458201e-01  -3.8644514e-02   3.7372005e-01  -1.9085994e-01  -5.1411535e-01   6.4453466e-01  -2.0043248e-01   2.9026345e-01  -2.4455374e-01  -2.7553106e-02   5.5170918e-01   5.8400100e-02  -2.7689310e-01  -4.1431620e-01  -3.1679647e-01  -1.1730330e-01   3.6272239e-02   5.6659578e-01   2.2498354e-02   6.1548156e-02   6.3773081e-01   2.7680758e-01   6.9243462e-01   4.3866470e-01  -3.1308648e-01   3.1975324e-01  -3.0968887e-01  -6.0470904e-03   2.9212305e-01  -1.0731992e-01  -3.1654411e-02  -1.4981287e-01   8.5398169e-02  -5.9467428e-02  -6.4896280e-02  -1.5782107e-01   4.3857954e-01   1.3299583e-01  -3.1669845e-01  -7.7454817e-02  -2.4684049e-01  -1.0681330e-01  -3.0332892e-01  -1.4567446e-01  -2.8622133e-01  -3.1182902e-01   3.6300036e-01  -1.4684480e-01   4.1631362e-01   1.3326778e-01  -9.8533838e-02   6.9668134e-01   1.9132645e-01  -1.1533256e-01   3.9400678e-02  -2.7124416e-01  -1.4409642e-01  -3.7987522e-01  -1.3841284e-01   7.3843425e-02  -2.2457889e-01   2.7920223e-01  -1.5734135e-01  -3.3536078e-02   6.1829902e-02  -7.5634250e-02  -2.3335291e-01   9.0768532e-02  -3.6288663e-01  -2.7845186e-01   2.8671991e-01  -1.9253290e-01  -4.2019876e-01   5.8688180e-01  -1.1904597e-01  -3.2109625e-02  -1.6860655e-01   1.2116165e-02  -4.9996923e-02   3.6769870e-01   4.7981083e-01   3.2190774e-01  -2.6981648e-02  -8.4273262e-02   1.0886281e-01   1.0904354e-01  -1.1831153e-01   2.6605551e-01   1.7817713e-01  -1.0446622e-01   2.3749803e-01   2.4365197e-01   3.4884405e-01  -6.7868939e-02   2.1033015e-01  -1.5265804e-01  -1.1254664e-01   1.8717294e-01  -9.4239168e-03  -2.1406052e-02  -2.2551636e-01  -2.5900095e-01  -5.4882177e-02  -2.4041099e-01  -1.2999647e-01  -3.8382938e-01  -4.2489913e-01  -2.1720637e-01  -3.2564545e-01  -7.8674906e-03   1.7525548e-01   1.5143200e-01   5.4509534e-01  -7.0683829e-02  -1.7275949e-01  -7.3997472e-02   1.1121538e-01  -3.2255913e-01   6.2976788e-01  -2.7583425e-01  -4.0630334e-01  -1.7380435e-01   1.6802536e-01   6.1486008e-01   1.2730023e-02  -2.0706721e-01   2.4946442e-01  -2.8374104e-02   6.3523005e-01  -7.2028281e-02   4.9461886e-03  -3.8245951e-01   1.7917190e-01  -1.7609834e-02  -4.7182688e-02
   1.2540347e-01   3.6571349e-01   4.8190980e-01  -2.6442121e-01  -6.1692060e-02  -3.1055793e-01  -3.8199038e-02  -2.3601757e-01   3.1616914e-01   0.0000000e+00  -5.3393710e-01   5.6489242e-01   1.0212346e-01  -9.8335548e-02   2.8317933e-01  -6.3442813e-02   4.2315142e-01  -4.0432353e-01  -1.4344334e-01   3.4863938e-02  -5.4618907e-01  -3.5585694e-01  -2.9506125e-01  -4.5398569e-02   1.5038884e-01  -7.0454435e-03   5.0962011e-02  -1.9945408e-02   1.5081774e-01  -2.6881888e-02  -2.5503506e-02  -4.5251371e-01   6.9430812e-02   4.4827822e-01   1.8855309e-01  -3.3421766e-01  -1.0040066e-01   2.6967238e-01   1.2501253e-02   4.4330495e-01  -1.2808214e-01   2.4166579e-01   4.8751615e-01  -3.3574399e-01   2.3833305e-01  -1.7649270e-02  -4.5385315e-01   1.2009886e-01  -1.7487201e-01   5.0713503e-01  -3.0145454e-01  -2.0875500e-01   3.4458483e-01   2.5209845e-01  -1.5096005e-01  -1.2866252e-01  -1.6095325e-01  -3.1541218e-01  -1.5478716e-02   4.3078467e-01   8.7322117e-02   2.0714367e-01   4.7897603e-01  -6.5480834e-03   1.1238966e-01   2.4152158e-01  -1.9585312e-01   1.3647749e-01  -5.1266572e-01   2.3548019e-01   2.8346837e-01  -4.0822829e-01   6.7973975e-02  -1.2719655e-01   2.4653544e-01  -2.0833981e-01   5.8563118e-02  -2.4439059e-01   4.7186129e-01   7.7410168e-02  -2.9934351e-01   8.8417175e-02  -2.4161486e-01  -3.5487896e-01  -3.3883609e-02  -2.3547718e-01  -1.0448018e-01  -3.2743688e-01   2.3924673e-01  -8.9183558e-03   2.2912353e-01   2.7604540e-01   2.4626364e-01   1.2567497e-01   1.9700349e-01   8.0290729e-02   4.6546835e-02  -3.5920225e-01  -1.1553714e-01  -3.0316290e-01   2.2075976e-01  -1.5720417e-01  -4.8110655e-01  -8.4750230e-02  -4.6285278e-01  -2.4067241e-01   2.6031648e-01  -3.7482705e-01   3.1262131e-02   2.6472556e-01  -3.4305261e-02  -4.2379497e-01   7.9654062e-03   3.3846657e-02   1.6744119e-02   2.5339738e-01  -1.9149266e-01   9.6795852e-02   2.3048028e-01  -1.3957199e-01  -1.7003454e-01   3.3643936e-01   5.1563530e-01  -8.4068669e-02   1.2977683e-02  -8.9214072e-02  -3.2460849e-02   1.7663656e-01  -2.5530692e-01   5.0511256e-01   3.9447641e-02   6.0583398e-03   1.7023119e-01   1.8658873e-01   2.2896721e-01  -2.6658572e-01   1.3363422e-01  -2.5372598e-01  -2.2721510e-01   8.3739247e-02   3.7395473e-02   1.2640514e-01  -4.4298462e-01   2.8600148e-01   6.1096844e-02  -4.5035856e-01   1.0521582e-01  -4.0780216e-01  -1.2601077e-01  -3.9457504e-01  -2.1049722e-01  -3.5446465e-01   3.5318646e-02  -2.4766350e-01   6.0565787e-01   9.8874529e-02  -2.7457938e-01  -1.0526990e-02   1.8169385e-01  -3.9147469e-01   3.0269514e-01  -4.4207983e-01  -2.7307208e-01  -5.3757455e-01  -1.7157178e-01   4.3962990e-01  -4.0452424e-02  -1.6703756e-01   1.6854157e-01  -1.7496060e-01   3.9820817e-01   9.2798283e-02  -3.6177456e-01   4.2186859e-04   1.8130038e-01  -1.2350696e-01  -2.1910978e-01
  -1.1139005e-01  -6.0676154e-01  -4.0698097e-01   3.5765341e-01  -5.3274895e-02   6.4292606e-01   1.9460389e-01   1.3451133e-01  -4.4501559e-01  -5.3393710e-01   0.0000000e+00  -5.9887324e-01   2.0237667e-01   5.3253650e-02  -2.2819685e-01  -3.1802854e-02  -4.6836488e-01   8.0141607e-01   4.3008798e-02   8.7750941e-02   5.4244656e-01   5.0586046e-01   4.9376831e-01  -1.2680012e-01  -3.0326940e-01  -3.9087933e-02  -2.1793178e-02  -8.7199983e-02  -1.4157735e-01   6.7519042e-02  -3.0623853e-01   5.0977065e-01  -2.2900350e-01  -5.0319528e-01  -2.4545148e-01   5.9558255e-01   9.0469581e-02  -4.0138094e-01  -1.9229847e-01  -4.9696325e-01   3.0227175e-01  -1.4939956e-01  -6.2275475e-01   2.7037133e-01  -5.4322780e-02  -3.4931771e-02   7.3630162e-01  -3.8893423e-01   3.1460631e-01  -6.1269492e-01   7.7229200e-01   2.3108228e-01  -5.9508455e-01  -3.4846692e-01   9.3090680e-02   4.6675171e-01   2.1869382e-01   4.2210567e-01   1.5362072e-01  -3.9321246e-01  -1.6738172e-01   8.6222717e-02  -6.4153929e-01  -2.0150191e-01  -3.0331998e-01  -1.0223415e-01   2.6120411e-01  -1.3741001e-01   6.9631558e-01  -1.6878737e-01  -5.4607433e-01   6.3902289e-01   4.3998099e-02   1.0761071e-01  -2.5169741e-01   1.6330988e-01  -2.3898410e-01   3.6165441e-01  -4.2409479e-01  -2.0768536e-02   3.7843493e-01   8.0180988e-02   3.3083697e-01   1.9705475e-01  -3.5293322e-02   3.2626297e-01   1.0187593e-01   7.9793640e-02  -5.3040462e-01  -4.8737378e-02  -5.0850360e-01  -2.8826585e-01  -1.6946252e-01  -2.2790220e-01  -3.4452799e-01  -1.9978380e-01   7.4469295e-02   3.9489188e-01   3.4845707e-01   5.4958174e-01  -3.3761521e-01   4.0573980e-01   2.5510186e-01   1.7739912e-02   6.7388476e-01   3.3926361e-01  -3.1317810e-01   4.5317806e-01   2.6794741e-01  -3.8044971e-01   3.5796471e-01   6.2924289e-01   6.3431921e-02  -1.1317741e-01   3.2797589e-02  -5.6244272e-01   4.5069044e-01   7.0970922e-02  -1.9629531e-01   3.7664953e-01  -2.4677169e-02  -4.9200412e-01  -6.4501451e-01  -1.2472272e-01  -5.5923380e-02  -3.9290792e-02   5.4474172e-02  -3.2423667e-01   3.9438897e-01  -5.9156928e-01  -9.5778377e-02   2.0126672e-01  -2.3934012e-01  -4.3740535e-01  -3.1817957e-01   1.4351990e-01  -2.1798572e-01  -2.7793892e-02   3.3978351e-01  -2.3812584e-01  -8.5288946e-02  -5.5673999e-02   8.0049569e-01  -2.4186608e-02   4.0826778e-02   2.6168976e-01  -1.0897681e-01   5.2250530e-01   5.1092832e-01   3.5074119e-01   2.1511498e-01   2.6388777e-02  -1.7523198e-01   5.9531788e-02  -6.9226122e-01  -1.8410075e-01   8.6433709e-03   3.3478170e-01  -3.3930789e-01   2.8884509e-01  -1.9675280e-01   7.3210346e-01   4.0149057e-01   6.6090641e-01   2.0888876e-01  -6.0190950e-01   3.4845570e-01   2.8874853e-02  -3.6040273e-01  -6.1708590e-03  -5.7314264e-01  -2.4664068e-01   5.2964789e-01   3.4910097e-01  -2.1762133e-01  -4.0381044e-02   3.4968967e-01
  -1.1886690e-01   4.6760236e-01   7.8308507e-01  -3.9997475e-01  -1.3812194e-01  -4.0087944e-01  -5.3447818e-02  -2.6657877e-01   3.2554675e-01   5.6489242e-01  -5.9887324e-01   0.0000000e+00  -2.3679255e-02  -1.5586546e-01   4.1304805e-01   2.4981832e-01   7.0423481e-01  -6.0343399e-01  -7.3624489e-02  -4.1541026e-02  -5.9793434e-01  -5.9987599e-01  -3.8735133e-01  -3.4355518e-02   3.9011576e-01  -7.5491344e-02   3.4407964e-02   9.4906633e-02   1.6582772e-01  -1.6494394e-01   1.7501635e-01  -5.8097957e-01   3.0079700e-01   4.8974849e-01   4.0147014e-01  -4.2025514e-01  -4.2926405e-01   1.5809638e-01   2.8734218e-01   4.7220683e-01  -1.5856136e-01   4.0287942e-01   6.7015359e-01  -4.0836439e-01  -9.6175087e-02  -1.9767146e-01  -5.5440774e-01   2.2317451e-01  -4.3029437e-01   6.9797080e-01  -5.3938858e-01  -3.3085166e-01   4.8108490e-01   4.5354572e-01   5.4677168e-02  -1.9149742e-01  -2.7128341e-01  -5.0024573e-01  -1.4880342e-01   7.0807725e-01   1.5018501e-01  -1.9028052e-01   6.2325762e-01   2.5408413e-02   1.3632211e-04   2.3164588e-04  -2.6129819e-01   2.2986357e-01  -5.5501619e-01   4.8798287e-01   6.5989759e-01  -5.2973230e-01   8.2584567e-03  -3.1492649e-02   2.5739061e-01  -2.1227465e-01   1.1742517e-01  -3.3783291e-01   3.1942716e-01   7.1577633e-02  -4.0505589e-01   1.5238511e-02  -2.9284869e-03  -3.6585584e-01   3.2671994e-02  -2.3329588e-01  -6.6726935e-02  -5.9969711e-02   3.8341039e-01  -2.9592902e-01   1.8271492e-01   4.8722018e-01   3.7961460e-01   3.3311140e-02   9.3589295e-02   4.0403331e-02  -3.9609232e-02  -3.9545921e-01  -2.4852213e-01  -5.5010818e-01   4.3464659e-01  -2.7381274e-01  -3.4704816e-01  -1.1243827e-02  -7.7418281e-01  -4.2768530e-01   5.6662592e-01  -4.4455677e-01  -3.8627560e-01   3.4925826e-01  -5.4841586e-03  -6.1329733e-01   5.5345166e-02  -2.1618500e-01   1.6071685e-01   1.8156407e-01  -4.0635591e-01   6.0806763e-03   5.9608380e-01  -3.7647677e-01   7.3153376e-02   3.2073180e-01   8.2438595e-01  -1.4659987e-01  -2.6520924e-01   1.7592130e-01  -1.9817936e-01   2.8808896e-01  -5.0775640e-01   8.3691981e-01   3.0208783e-01  -1.7250288e-01   6.1549103e-02   3.6343597e-01   4.0240608e-01  -1.8675444e-01   2.1554360e-01   3.4487028e-02  -3.3117408e-01  -2.0379154e-02   6.0501923e-02   1.4764993e-01  -6.5012615e-01   4.6794215e-01   2.8147617e-02  -3.9974451e-01   3.8827829e-01  -4.5193773e-01  -1.7663367e-01  -6.1779886e-01  -1.4125122e-01  -6.6306518e-02   3.3322307e-01  -3.2748987e-01   7.2179513e-01  -6.7154636e-02  -1.7349446e-01  -2.6645784e-01   4.7810078e-01  -4.6012972e-01   2.7811809e-01  -5.8313778e-01  -4.7137728e-01  -7.0692036e-01  -2.6118491e-01   3.5744323e-01  -1.7942966e-01  -9.8134428e-02   3.6487771e-01  -1.5694340e-01   3.7633087e-01   4.1709174e-01  -5.9846549e-01  -5.8993404e-03   1.9675968e-01   1.4681437e-01  -5.2564503e-01
   1.4713165e-01  -1.6666841e-01   7.9749001e-02  -4.1831898e-02  -1.7635521e-02   3.2521812e-01  -1.7442455e-01  -8.3598744e-02  -1.8936068e-01   1.0212346e-01   2.0237667e-01  -2.3679255e-02   0.0000000e+00   2.8379362e-01  -3.2554930e-01  -3.4868858e-02   8.9984095e-02   1.3795197e-01   3.6909365e-02   1.2042719e-01  -1.2325164e-01   2.1762301e-01  -1.3165147e-01  -8.0053536e-02   5.3284321e-02  -1.1013578e-01   9.9642967e-02  -9.9547204e-02   6.4320394e-02  -1.2774289e-01  -5.3094422e-01   2.2888444e-02   8.1738510e-02  -3.4048390e-01  -2.4196605e-01   2.8793982e-01  -1.0328669e-01  -6.2227450e-02   5.5771136e-02   1.5388967e-01   4.4793294e-01   5.7471700e-02  -9.4317711e-02  -1.2804782e-01  -1.9331427e-01   1.0080375e-01   3.6472883e-01  -4.3460263e-01  -4.5136227e-02  -3.0784866e-02   2.1798548e-01   7.5895792e-03  -2.6391912e-01   1.1095321e-01   7.1338410e-02   1.9909283e-01   2.9673900e-02   1.0522981e-01   2.2005903e-01  -1.4673130e-01  -6.9047440e-02   7.7207162e-02   1.4635196e-02  -3.9632509e-01  -2.7895664e-01  -1.0049707e-01   1.1474859e-01   1.4068877e-01   3.0005490e-01   2.3262703e-02  -2.7818710e-01   8.9635417e-02   1.9843490e-01   1.4262021e-01   2.0974057e-01   6.3009020e-02  -2.9544290e-02   1.3044390e-01  -1.4530692e-01   3.9867503e-01  -1.6084623e-02   2.5801277e-01  -1.7845820e-01  -1.5732729e-01   9.0020707e-02   1.0493198e-01   7.1263824e-02   1.4213952e-01  -9.4014202e-02  -2.9606529e-02  -7.5650556e-02   1.3692784e-01  -2.5385108e-01  -7.2422456e-02  -2.7516481e-02   9.8356284e-02   3.9577823e-01   1.0518218e-01   3.1357970e-01  -4.9764166e-02  -7.2488284e-02  -1.6883239e-01  -2.1842613e-01   1.7099734e-01   4.0338073e-02   1.1772249e-01   1.6322325e-01   1.9142004e-01   3.2759836e-02  -1.4710950e-01  -9.8005894e-02   1.9619857e-01   3.5415021e-02   8.9007869e-02   1.6686540e-02  -3.2993106e-01   1.7190931e-01   5.2454624e-01  -5.3798881e-02   2.5832988e-01  -4.5065932e-02  -1.6177301e-03  -1.2027590e-02  -3.5300171e-01  -9.1742612e-02   7.6265815e-02  -2.4289357e-01   1.2318014e-01   1.7142931e-01   2.1542714e-03   1.4623937e-01  -2.2598340e-01   4.3299345e-02  -3.5788567e-01   1.0640161e-01  -6.7688314e-02   1.5795276e-01  -2.0676158e-01   5.4067542e-02  -1.0773873e-02  -8.5339175e-02   3.6748116e-01   1.6951163e-01   1.7861493e-01  -1.5611905e-01  -1.5983575e-01  -2.0922535e-01  -1.2330036e-02   1.0604581e-01  -1.2740210e-01  -1.0094783e-01  -2.5955799e-01  -1.6424989e-01  -3.5669398e-01   1.2910624e-02  -7.1894381e-02  -1.2731935e-01   4.1881924e-01  -9.0502353e-02  -4.3841761e-02   2.8366624e-02   2.1427243e-01   9.3586952e-02  -9.6850425e-02   5.6738147e-02  -2.9583151e-01  -2.6428011e-02   2.8513027e-02  -2.2984409e-02  -4.3107211e-01  -2.4750762e-01   8.0300368e-02   4.3114571e-02   3.5415076e-01   2.4273695e-01  -2.7890203e-01   2.0173430e-01
   6.0657974e-01  -2.3668151e-01  -1.1381164e-01  -2.3195008e-02  -4.2356756e-02   2.8857080e-02  -2.4874847e-01   6.2492277e-02  -3.5382081e-01  -9.8335548e-02   5.3253650e-02  -1.5586546e-01   2.8379362e-01   0.0000000e+00  -2.3697152e-01  -6.3730300e-03  -3.0993572e-02  -5.5900480e-02   1.3639246e-02  -1.8818038e-01   1.7863240e-02   6.1139826e-02  -1.0236104e-01   5.5390134e-01   3.6621577e-02  -6.0040614e-02  -1.0472548e-02   3.6460302e-01   2.2559909e-01  -4.8884764e-01  -1.0819796e-01   6.3132481e-02   6.4855303e-02  -1.8689118e-01  -3.1876106e-01  -2.4417956e-03   3.9444167e-02   5.7900220e-02  -1.5120616e-01   3.0619269e-02   2.4880656e-01   8.4165545e-03  -1.6494640e-01   6.8054983e-02  -4.8410026e-01   2.2862609e-01   9.9808791e-02  -2.4876501e-01  -7.8779515e-02   5.0114862e-02  -4.3858044e-02   2.1686889e-02   3.9900596e-03   6.0636953e-02   2.9215539e-01   5.6857528e-02  -6.8830465e-03   6.4375693e-02   1.8470912e-01  -3.3652158e-01   1.3723671e-01  -1.8271890e-01  -7.7382770e-02  -1.7267717e-01  -3.1413182e-01  -2.9354731e-01   2.3345328e-03   7.7693034e-02   1.5516339e-01  -4.9589671e-02  -1.7926123e-01  -4.6515862e-02   8.1119362e-02   5.0507869e-01   1.0579496e-01  -1.0839744e-01   2.2795164e-01   2.4834458e-02  -2.9779896e-01   3.7586566e-01   6.0110569e-02  -2.7634364e-03   2.5161411e-02   1.1085476e-01   5.3546579e-01  -4.1783637e-02   1.5369168e-01   4.1576190e-01  -3.4397090e-02   5.0752714e-01   3.7202011e-05   9.8549450e-02  -1.9364857e-01  -1.3347097e-01   9.9629433e-02   1.7307608e-01   2.5508065e-01   1.0192139e-01   1.9593307e-02  -1.1245991e-01   2.3606969e-01  -2.9786319e-01  -1.9834194e-02  -1.3652609e-01  -8.2165042e-02   3.5413947e-02  -6.7464926e-02   1.2118033e-01  -1.6567533e-01   4.9489508e-02  -9.4419174e-02  -3.4544376e-02  -3.2375513e-02   5.1934385e-01   2.2118819e-01  -1.4113150e-01   7.3513477e-03   1.1513490e-01  -2.2465683e-02   1.1691284e-01   3.9176410e-01   1.1115915e-02  -6.7541153e-02  -2.6738253e-01   1.7189939e-01   3.9297925e-01  -4.0275740e-01  -1.6945035e-02   1.9880799e-01  -8.3279882e-02   1.4601230e-02  -2.0744133e-01   3.6880567e-01   7.4027648e-02   1.9870714e-01  -7.1778755e-02   1.8299428e-01   3.9639853e-02  -3.8825251e-02   1.8797730e-01   3.9514653e-01  -1.3638188e-02  -4.2790658e-02   3.0852720e-03  -1.6859670e-01  -1.7190896e-01  -2.0614065e-01   5.2428123e-02  -4.3569738e-02  -6.3582411e-02   3.3799685e-01   4.0232214e-02   1.6597310e-01  -6.5402360e-02  -4.5738155e-02   2.1883076e-01   3.5003167e-01   2.1678988e-01   3.4505374e-02   4.8120196e-02  -1.2318679e-01   4.1256494e-02   1.2232178e-01  -1.8520205e-01   3.9375466e-02  -2.6203759e-01  -2.1832712e-01   1.9128827e-01   1.8997967e-01  -3.6477292e-02  -1.5950881e-01   9.1845403e-03  -1.4660208e-01   2.7595071e-02   2.5425262e-01  -1.2462006e-01   4.6364901e-02
