   0.0000000e+00  -1.0204091e-01   1.0894872e-01   1.2843251e-01  -2.8333445e-01  -2.5415917e-01  -2.7974466e-01   2.3576326e-01  -3.1750938e-01  -5.4069662e-02  -1.7540172e-01  -1.7810740e-01  -1.8229605e-01  -7.5372877e-02  -3.8166418e-01  -2.2872497e-01   1.1167909e-03  -1.1490726e-01   1.3792972e-01  -2.1750517e-01  -2.7446637e-01   1.4938108e-01  -3.7174373e-02   4.4688304e-01  -1.1335326e-01   3.0475902e-01  -1.5280467e-01   1.4435087e-01  -1.1386448e-01   2.2162604e-01  -2.3226043e-01  -1.7160913e-02   1.4869907e-01  -3.1298610e-01  -3.9679497e-01  -3.1403479e-01   5.3542462e-02   4.7287427e-01  -2.5204105e-01  -1.2860589e-01  -3.1460856e-01   2.4878391e-02  -6.4964850e-03   1.7320804e-01  -3.1702725e-01   5.5194260e-01  -3.2905634e-01  -3.6659635e-01  -1.7573781e-01  -9.0654328e-02  -1.2858136e-01   2.6863846e-01  -3.4671570e-01   4.8477635e-02  -1.0305835e-01   1.7704669e-01   4.2915431e-02   1.0280292e-01  -2.3359527e-01   7.7795595e-02   2.2493579e-01  -2.1668226e-01  -8.4591933e-02  -2.4118698e-02  -4.2270707e-01  -1.0065097e-01  -2.0362538e-01  -2.3008636e-01  -4.5035634e-02   3.8201758e-01  -2.6982535e-01  -7.8497425e-02  -2.9973031e-01   5.3691706e-01  -5.3904442e-02   2.0572725e-01   4.2269009e-01   3.4414059e-01  -2.6267153e-01  -1.7693439e-01   2.7927992e-01  -2.1087404e-01  -2.0924601e-01   3.1821048e-01  -2.3102879e-03   1.7905615e-01  -2.3341791e-01   3.4622021e-01  -8.7395332e-02   8.0608337e-01  -2.4156545e-01   3.6522841e-01  -2.3819332e-01   9.9973153e-02   4.8766776e-01  -2.2353106e-02  -2.6521509e-01   1.1129458e-01  -2.8813237e-01  -2.6052078e-02  -2.0724707e-01  -2.7175728e-01   1.2874800e-01  -1.3065143e-02  -2.2704543e-01   1.3805168e-01   8.2081055e-02   5.1169046e-02  -4.4547120e-02  -1.4025210e-01  -1.5745822e-01  -6.6773055e-03   1.2182531e-01   6.7746687e-01   9.9340491e-02  -1.6437334e-01   4.1917191e-01  -2.2992024e-01   1.9434107e-01  -2.0653816e-01   5.5792488e-01  -2.6156523e-01   1.1813436e-01  -2.4819774e-01   6.1102769e-01   2.1151730e-01  -3.5137941e-01   4.7813739e-02  -1.0837790e-01  -3.3088752e-02  -2.2069432e-01  -2.5578735e-01   1.7513407e-01   7.5274479e-02   1.8215633e-01   3.7191791e-01  -2.4454890e-01   8.2210619e-02   3.2258995e-01   5.8190766e-01   3.4830754e-01  -2.1776341e-01  -8.1008151e-02   4.5325577e-02  -2.0914882e-01  -9.2693438e-02  -2.6085800e-01  -1.7826884e-01  -1.3926851e-01  -1.0249474e-01   4.7019507e-02   2.4083183e-01   4.9359931e-01  -3.2434889e-01  -2.6464923e-01   3.6170926e-01   5.9015616e-01  -3.6435830e-01   1.5265656e-01   1.5552657e-01   7.9520540e-02   8.0122317e-02  -1.6597028e-01  -2.1568722e-01  -7.8417411e-02  -4.8131193e-02   7.2942960e-02   1.3989897e-01   4.1483502e-01  -1.6021835e-01  -1.1465814e-01   3.8842302e-01  -2.2455616e-01  -2.2678507e-01  -2.0005802e-01  -2.2895029e-02  -1.3459884e-02
  -1.0204091e-01   0.0000000e+00   3.6196131e-03  -2.5472704e-01   9.3690097e-02  -3.8652159e-01  -1.4711614e-01   3.8557303e-02   7.3845139e-01  -1.1065340e-02  -3.8022155e-01   6.1511339e-01  -4.6765701e-01   4.6581331e-01  -9.4487414e-02  -3.6145310e-01   3.3273971e-01  -3.4592645e-01   2.9737044e-03  -8.0158049e-02  -3.1211143e-01   2.9882941e-04  -4.2832604e-01  -1.5369094e-01  -1.7670305e-02   8.5580063e-02   2.6298298e-01  -2.7432110e-01   4.4589403e-01   2.3497590e-01   1.8034968e-01  -4.1515555e-01  -8.8977243e-02  -1.6369091e-02   4.4743619e-01  -1.5164303e-01  -2.0967478e-01  -2.7971608e-01  -2.2200309e-01  -7.0503837e-02  -3.2706786e-01  -1.0101059e-01   5.4175389e-01   3.1972106e-01  -1.3301140e-01  -1.4371333e-01  -4.1176111e-01   2.5625179e-01  -8.2749134e-02   3.6951697e-01  -4.1571193e-01  -5.4722287e-02   4.6189826e-01   1.8336522e-01  -1.0702577e-01  -2.0542057e-01   3.7866827e-03  -2.1132935e-01  -2.4336655e-01   5.4382786e-01  -9.5962794e-02  -3.6990883e-01   7.6717188e-01   1.3845087e-01   2.4518073e-01  -3.2023801e-01  -1.4880947e-01   2.3529189e-01  -2.9849670e-01  -1.6879065e-01   6.1449369e-01  -4.8719793e-01  -1.3338134e-01  -1.8940593e-02   1.3649463e-01  -4.0841874e-02  -2.5274723e-01   1.4383962e-01   6.9817908e-01   1.2583089e-01  -2.5006939e-01  -2.0046462e-01   3.8551654e-01  -2.3008231e-02   1.7654195e-01  -2.3873375e-01   4.2406616e-01   8.4412212e-02   5.7495895e-01  -9.4692347e-02   4.3645351e-01  -2.2975433e-01   1.1585993e-01   4.8947898e-01  -1.9996836e-01  -9.7926215e-02  -2.4989048e-01  -1.9183687e-02  -2.2270364e-02  -2.2006461e-01   2.2691760e-01   2.0877053e-02  -2.5974405e-01   7.9095542e-01  -4.3578385e-01  -6.4630739e-02   2.7666777e-01  -1.2731740e-01  -2.7276396e-01  -1.1540796e-01  -9.6994970e-02  -2.4649681e-01   1.8830414e-01  -3.1121015e-01  -2.5214253e-01   6.2099059e-01   5.7707693e-03  -1.7418940e-01   4.6162066e-02  -3.7441079e-01  -2.7764747e-01   3.4582419e-01   2.8582519e-01   5.0724498e-01  -1.6594722e-01   4.2388300e-01  -4.1377744e-02   2.0496409e-01   1.6240437e-01   2.5982714e-01  -1.4387493e-01  -1.9296072e-02   4.6809205e-01   5.2281993e-02   4.7568627e-01   1.9082315e-02  -1.8219220e-01   2.2539299e-02  -8.3067810e-02  -2.9925782e-01  -2.6243369e-01  -3.5962266e-01  -3.9696068e-01  -1.7906647e-01  -1.1990761e-02   8.6879098e-02   2.0450855e-01  -1.6823536e-02  -3.9750743e-01   1.8508931e-01  -4.1680787e-02  -3.1261433e-02  -1.6212286e-01   3.6676026e-01   1.8810218e-01  -2.0051927e-01  -3.6699020e-01  -2.7960384e-01  -1.2786321e-01  -2.7599335e-01   2.2945927e-01   1.0081197e-01  -1.1870123e-02  -2.0686826e-01  -3.6092829e-01   3.1467748e-01   4.2641860e-01  -1.3269729e-01  -3.4525074e-01   4.5452376e-01   5.6868853e-01  -2.4344012e-01  -2.0487326e-01  -2.7013542e-01   1.0345246e-01   3.6259577e-02  -1.6998672e-01
   1.0894872e-01   3.6196131e-03   0.0000000e+00  -6.8470366e-02   1.0266163e-01   9.7536842e-02  -5.0185720e-01   2.3937998e-01   1.1726177e-02   1.8932459e-01  -3.3038299e-01   1.2610407e-01   1.4375878e-01  -1.4650047e-01  -2.5395167e-01   2.0570417e-01   8.3016924e-01  -3.7206753e-01   1.9576368e-01   2.1932124e-01  -2.4641204e-01  -1.2529411e-01  -1.6589534e-01   7.4741046e-02   7.5858877e-02   1.0456548e-01   3.9552825e-01   7.8934717e-02  -1.9076605e-01  -2.8361647e-01  -2.6233965e-01  -2.1289593e-01   3.3494798e-01  -3.5969176e-01  -1.6252457e-01   2.1486288e-02  -1.5126789e-02   9.1884133e-02   1.7772054e-01   5.2895555e-01   8.2277513e-02   3.4670915e-01   3.2238515e-02  -2.0769977e-01  -3.6643530e-01   3.3766092e-01  -7.1684698e-02  -3.8898182e-01  -4.0424553e-02   4.8871250e-01  -2.4825467e-01   2.0283411e-01  -2.7640691e-01   2.8535097e-01  -1.0389403e-01  -3.0645185e-01   9.2780260e-02  -1.1689299e-02  -1.7811023e-01   4.4749336e-03   5.1205752e-01   1.0448690e-01   2.6637295e-02   1.3754849e-01  -5.7702472e-01  -2.6341284e-01   3.1479839e-01   1.4324820e-01  -3.6955842e-02   6.7971757e-01  -1.0497131e-01  -1.5087046e-01  -9.3677037e-02   1.0477750e-01  -2.8745910e-02   2.9458238e-02   2.9743876e-01   1.4680901e-03  -1.3828929e-01   5.0248324e-02   5.9792190e-02  -1.0353941e-01  -2.9524245e-01   1.6214195e-01   1.8030069e-01  -1.3127249e-02  -2.4442613e-01   8.1971906e-02  -6.0942468e-02   5.5851878e-02   2.4538970e-01   5.5856752e-01   1.2160555e-01   1.6488635e-02   1.5841448e-01   3.5527964e-01  -1.9352026e-02   1.7952134e-01   8.3346588e-03  -3.7559545e-01   3.3990429e-01  -1.6618574e-01  -2.2858020e-01  -9.0401992e-02  -3.2811264e-01  -1.0250437e-01   2.5433789e-01   9.9962161e-02  -3.7436961e-02  -2.1893046e-01  -9.1254600e-02  -1.1723056e-01  -2.3240456e-02  -3.1511804e-02   3.4912824e-01  -6.0000484e-02  -1.7298533e-02  -6.1828981e-02   1.7923230e-01  -1.5302281e-01   1.6759538e-01   1.7613216e-01   1.0372669e-01  -4.1369907e-01   1.2648696e-01  -7.7238839e-02  -3.3736771e-01   2.3176120e-02  -2.5161585e-01   7.3437269e-01   1.1581045e-01  -5.5458063e-01   2.8383501e-02  -1.7759771e-01  -5.3096012e-02   1.5159400e-01  -2.6915167e-02  -1.6038574e-01   1.6668736e-01   1.1436831e-02  -3.3166697e-02   1.5231571e-01  -8.3843109e-02   2.5754260e-01  -3.5845165e-01  -2.4352960e-01   1.6102743e-01  -1.1359069e-01  -5.6044565e-02  -4.8561242e-01   1.4213278e-01  -1.5092632e-01   2.2307294e-01  -4.0912658e-01   5.0215180e-01   6.7568167e-02   1.9335602e-01  -4.2275093e-02   6.4358724e-01  -1.7612424e-01  -2.7209625e-02  -8.6533936e-02   7.5048761e-02  -3.1580978e-01   1.0546236e-01   6.6414803e-02  -1.2628556e-01   1.0288880e-01   2.6251232e-01  -2.1261902e-01   1.4121562e-02   7.6809319e-02  -2.3395110e-01   2.1924836e-01  -1.4103720e-01   1.5138330e-01   6.1429436e-02
   1.2843251e-01  -2.5472704e-01  -6.8470366e-02   0.0000000e+00  -1.6891871e-01   2.9346912e-01  -4.5499313e-02   2.0429400e-01  -3.5640381e-01  -1.0226839e-02   2.5977997e-01  -2.7507456e-01   2.2275540e-01  -1.6555889e-01   1.0578658e-01   1.2723210e-01  -1.9389635e-01   3.5038998e-01   3.8714251e-02  -2.2485094e-02   1.2302906e-01   5.2886364e-01   2.3697568e-01  -7.2440724e-02   6.8199168e-03   9.8869620e-02  -8.0913874e-02   1.0357461e-01  -6.8522475e-02   4.0510751e-01   4.8316483e-02   5.4604716e-01   1.2223459e-01  -1.2548231e-01  -2.5584724e-01   6.9376559e-02   9.4891096e-02  -1.5134563e-01   4.1494707e-02  -9.2272670e-02   1.4373982e-01   8.4132319e-02  -2.6161505e-01   1.2613840e-01   1.6202785e-01   2.4279097e-02   2.2801344e-01  -9.8649330e-02   5.9207395e-02  -1.3843805e-01   2.8650565e-01   1.8901948e-01  -2.3154572e-01  -1.4118221e-01   2.4118872e-02   2.0442284e-01   2.2505897e-01   4.9024732e-01   5.2786466e-01   1.6709573e-02  -8.9045161e-02   1.0047591e-01  -2.4377881e-01   5.5583261e-02  -1.2108712e-01   1.2335563e-01   2.0243280e-01  -2.2008738e-01   3.9746689e-01   1.0179958e-01  -3.3616768e-01   4.4207643e-01  -2.2473274e-02   1.0349668e-01   1.3292524e-01   1.7680306e-01  -5.2449284e-02   2.5774355e-01  -1.8342989e-01   1.5608878e-01   1.4454847e-01   1.9085379e-01  -2.1505497e-01   2.2107920e-01  -8.6986650e-02   2.1849440e-01  -2.2736016e-01   4.0259085e-02  -1.8372014e-01  -5.3138713e-02  -1.0306588e-01  -3.9669051e-02  -2.5139408e-01   2.4223912e-02  -1.8464995e-02  -1.3003652e-01   2.6676094e-01   2.1859166e-01   1.4589197e-01   1.0671738e-01  -1.7505037e-01   5.4327042e-02   3.1869327e-01  -5.6041689e-02   2.7008226e-01   4.2263240e-01  -1.4436228e-02   3.3604272e-01   3.4752063e-02  -2.9888493e-02  -1.3533045e-01   4.7965963e-01   2.2707240e-01   1.5965229e-02   1.5141461e-02  -3.3728265e-01   2.2979740e-01   1.5748873e-01   1.4800889e-01   4.7965327e-01  -5.5273067e-03  -8.3381078e-02  -1.6553373e-01  -8.5926757e-02  -3.6289629e-02  -6.7131206e-02   2.9496101e-01  -3.3454695e-02   3.5250934e-01  -1.1160653e-01   5.5723840e-02  -1.2228977e-02   3.8943371e-02   1.3836706e-01   4.0684608e-02   8.1197304e-02   5.3688989e-02   7.4129311e-02   8.8269367e-02   1.2110567e-01   1.6030592e-01  -1.3864459e-01   3.4449773e-01   2.7593292e-01   2.3501761e-01   1.4469060e-01  -2.4720954e-01  -6.6314897e-03   1.3865174e-01  -1.1073169e-01   6.2199655e-02   1.3543852e-01   8.0463332e-03  -8.9783236e-02  -9.9379977e-02  -3.0114026e-02   2.4395187e-02   2.9520846e-01  -1.0576817e-01   2.6544190e-01   1.7612332e-01   1.4565837e-02  -7.8334556e-02   3.1546549e-01   4.3934708e-01  -1.0182339e-01   1.5577275e-02   2.5796694e-01   1.3297642e-01  -3.3851196e-01  -1.9588009e-01  -1.3144399e-01   2.2528172e-01   1.4143326e-01   3.8218839e-02   1.1981614e-01   5.8896519e-01
  -2.8333445e-01   9.3690097e-02   1.0266163e-01  -1.6891871e-01   0.0000000e+00   2.7473235e-01   4.1603623e-02  -2.3715202e-01   2.1686964e-01   1.9847210e-01  -2.2303288e-02   3.3808210e-01   3.8045757e-01  -3.6699131e-01  -1.8407720e-01   1.8079054e-01   9.1524246e-02  -1.6970119e-01  -1.2970649e-01   8.5504546e-01   5.4023497e-02  -4.4847198e-01  -2.4188281e-01  -1.6662522e-01   6.8318291e-02  -2.9690752e-01   5.0947822e-01  -1.7336708e-01   3.8572904e-01  -3.9591957e-01  -3.5378309e-01  -1.8816066e-01   4.1387868e-02   7.0138604e-02   2.5693958e-01   6.6142104e-01  -8.9933612e-02  -3.3980820e-01   2.8552868e-01   4.2540589e-01   4.0757145e-01   2.5688169e-01   1.3481334e-01  -3.8646468e-01   3.3959533e-01  -4.1120594e-01   4.5674212e-01  -1.3091784e-02   3.2321716e-01   1.7717822e-01  -1.9336822e-01  -2.0125306e-01  -7.7197040e-02  -1.3939544e-02  -3.8836423e-01  -3.0054386e-01  -1.0836951e-01  -2.6587909e-01   4.7234904e-02   5.4253750e-02  -1.0500335e-01   4.0808087e-01   1.1555828e-01  -2.5219743e-01   7.2391929e-03   5.9371055e-02   2.2941459e-01   1.3882845e-01  -1.5558271e-01  -3.1803614e-01  -4.2433323e-02   8.3287227e-02   1.9213178e-01  -2.4738774e-01  -5.5099835e-03  -2.5767427e-01  -3.2780101e-01  -1.3234068e-01   4.8875958e-01   3.3794114e-01  -2.8294382e-01   1.3470415e-01  -2.6287715e-01  -2.7505176e-01  -2.3652411e-01  -3.7735565e-01  -2.5154597e-01  -2.6168993e-01   1.8762737e-01  -2.7409411e-01   5.8659986e-01  -2.5910096e-01   4.1446797e-01   1.5508148e-02  -3.5919893e-01   7.9008650e-01   4.6634084e-01  -2.8662718e-01   6.2696777e-01  -9.6855266e-02  -1.9674362e-01  -6.0485735e-02  -2.0775736e-01  -9.2444123e-02   3.3172924e-03  -2.9467190e-01   5.2188949e-02  -2.6668451e-01   1.9362919e-02  -3.8637281e-02   8.6323853e-02  -2.0514698e-01   2.4995781e-01  -3.3935848e-01  -1.9372077e-01   4.3908278e-01  -1.5944969e-01   3.7982480e-01  -6.8795969e-02   2.0002346e-01  -2.6361253e-01   7.7237964e-01   7.2058857e-02  -1.7872267e-01  -3.9473857e-01  -1.2710383e-01   9.6433026e-02   1.2658049e-01  -1.5713075e-01   4.8142413e-02   3.2948776e-02  -1.1496172e-02   5.5702443e-02  -4.3650910e-01  -5.6285147e-02  -1.4015473e-01   4.1501145e-01  -3.8911482e-01  -1.3263098e-01  -3.6604639e-01  -1.9900372e-01   2.6578203e-01  -1.4946383e-01  -1.0914953e-01  -2.1606385e-01  -3.9222880e-01   2.9550390e-01   2.9134675e-01   1.3937922e-01  -3.5956535e-01  -3.0837827e-01  -3.3573236e-01  -3.0721064e-01   1.4592211e-02   5.7838612e-01  -2.7288915e-01  -3.1285772e-01   3.6710448e-01   6.5508421e-02  -1.5581137e-01   3.4648970e-01  -1.4616144e-01  -6.4468615e-02   8.7192669e-02  -5.3805714e-02   4.2171039e-01   2.0369736e-01  -1.6650875e-01  -2.7279140e-01   6.6320887e-02   4.1039381e-01  -2.8442285e-01   1.5817090e-01   2.3479001e-01  -5.0237122e-03   1.6711836e-01  -1.6728974e-01
  -2.5415917e-01  -3.8652159e-01   9.7536842e-02   2.9346912e-01   2.7473235e-01   0.0000000e+00   2.9080911e-01  -3.8500933e-01  -2.6019337e-01   2.6140887e-01   3.5009618e-01  -9.4678223e-02   5.1158285e-01  -3.2043398e-01   2.8315583e-01   3.8478562e-01   8.6684649e-03   3.6518117e-01  -1.4522502e-01   4.1061498e-01   3.6597421e-01  -1.6526401e-01   4.4037773e-01  -1.9865877e-01   5.3931686e-02  -5.0366587e-01   1.7244824e-01   3.5726256e-01  -3.3169861e-01  -2.3231007e-01  -2.5607887e-01   3.0783659e-01   1.2627497e-01   1.3973393e-01  -1.4626237e-01   4.3369382e-01   9.9299867e-02  -3.3771988e-01   2.9161993e-01   4.7471878e-01   5.5269582e-01   3.0907779e-01  -4.9278626e-01  -3.2995987e-01   3.4501730e-01  -3.9570951e-01   5.5552872e-01   1.2273604e-02   1.0020960e-01   5.1446060e-02   4.6486276e-01  -3.3778894e-01  -1.6342921e-01  -4.3505518e-02  -1.4036406e-01   1.7069342e-01   2.1242777e-01  -6.0429627e-02   3.8734151e-01  -4.0937631e-01  -3.1642776e-01   4.5247574e-01  -3.8541540e-01  -3.4042432e-01   5.7350144e-02   4.1650199e-01   7.0385568e-01   7.8007098e-03   3.6171814e-01   1.2028951e-01  -2.8353143e-01   4.4726920e-01   3.7905277e-01   8.8989246e-02  -1.6890352e-01  -4.4390938e-01  -3.3546636e-01  -2.1463166e-01  -2.7562772e-01   9.9139345e-02   8.5053994e-02   2.9408056e-01  -2.6571938e-01  -3.3636394e-01  -1.9983598e-02  -7.4342881e-02  -2.4926104e-01  -1.3332635e-01  -3.2445482e-01  -3.2458275e-01  -8.6457487e-02  -2.3785994e-01   7.3167475e-02  -3.8302198e-01  -3.8827213e-01   2.9575753e-01   4.4838032e-01   4.5799888e-02   3.9095241e-01   2.7059227e-01  -7.8236041e-03   1.5995047e-01   3.1140884e-02  -3.8964663e-01   5.2380780e-01  -3.1371149e-01  -1.4748261e-01   1.4022308e-01   2.0518374e-01   2.5121927e-01   8.5099565e-02   4.9200822e-01   1.4682732e-02  -2.0777649e-01   3.3103333e-01  -1.8055564e-01  -1.8185980e-01   3.1402703e-01   1.4692831e-01   6.6183109e-01  -2.4034886e-01   8.0345270e-03  -1.5636468e-01  -3.1471984e-01  -3.9322372e-01  -1.0460941e-01   3.0923362e-01  -2.4928099e-01  -2.3830481e-01   1.2607218e-01   9.8826208e-02   9.2173030e-02   6.7707725e-02  -3.1646376e-01  -4.0318923e-01  -4.5430218e-01   3.6526667e-01  -1.2247741e-01  -3.5729499e-01  -2.1181900e-01  -7.9308289e-02   2.2637305e-01   3.7311559e-01   5.3865684e-01   1.9481570e-01  -3.4246101e-01   1.3136736e-01   1.8289225e-02   4.5752817e-01  -3.2014015e-01   1.0109798e-01  -3.3635913e-01  -1.9427177e-01  -2.1025201e-01   3.9645051e-01  -2.2172287e-01  -2.4452971e-01   5.8429912e-01  -9.3431648e-02   3.2115199e-01  -2.1777373e-01  -2.5815464e-01   2.1118609e-01   1.3421421e-01   3.2800546e-01  -8.0366806e-02  -3.0497817e-01   1.8893710e-01   3.4656929e-02  -2.1085850e-01  -2.6054138e-01  -2.6257893e-01   2.7268090e-01   8.1740053e-01  -1.6224599e-01   7.5998323e-02   2.0827813e-01
  -2.7974466e-01  -1.4711614e-01  -5.0185720e-01  -4.5499313e-02   4.1603623e-02   2.9080911e-01   0.0000000e+00  -4.1273623e-01  -8.4692717e-02   1.6849845e-01   3.0779252e-01   1.3165887e-01  -6.4233049e-02   2.4380442e-02   4.5727871e-01   5.6499304e-02  -4.2964233e-01   3.6155995e-01  -2.5552162e-01   1.7858129e-02   3.6079356e-01  -2.6505808e-01   4.4580809e-01  -2.7354386e-01  -2.1641426e-01  -3.4696707e-01  -1.1703755e-01   2.5417196e-01  -6.2365878e-02  -1.8891057e-01   2.1794832e-01   2.3854939e-01  -2.2472732e-01   6.9565150e-01   2.1452204e-01   2.3095797e-01   1.2082255e-01  -2.1391308e-01   3.5420584e-02   3.3797652e-02   8.4863292e-02  -1.3184501e-01  -1.7663734e-01  -1.6648672e-01   4.6407372e-01  -4.8164563e-01   2.2304174e-01   5.2745997e-01   3.9990884e-02  -2.7294466e-01   4.3028436e-01  -3.4674030e-01   3.2731864e-01  -3.2784087e-01  -1.2623891e-02   2.2976604e-01  -1.2305951e-01  -1.2763397e-01   1.2584921e-01  -2.8449000e-01  -5.6682284e-01   1.8449607e-01  -2.1108072e-01  -2.3916681e-01   4.6216091e-01   5.6138992e-01  -6.0375408e-02  -2.3184530e-01  -9.8429237e-02  -3.6538431e-01   2.9162406e-01   2.5648109e-01   2.1364887e-01  -1.7913434e-01  -2.4728320e-01  -2.2457933e-01  -4.1672796e-01  -1.9214587e-01  -9.0208258e-02  -1.2173126e-01   2.4331051e-01   2.6281320e-02   2.5488024e-01  -2.9953449e-01  -9.9506965e-02   7.0138962e-02   3.2166584e-01  -2.5036052e-01  -6.1648736e-02  -2.6150602e-01  -2.5171369e-01  -5.4705817e-01   2.4159691e-01  -2.2270358e-01  -3.4405592e-01  -1.0516877e-01   7.5197996e-02  -2.9413759e-01   9.3807082e-02   5.9691085e-01   1.6253761e-02   4.0946168e-01   9.0153890e-02  -2.0921057e-01   4.9185273e-01  -2.5653662e-01  -3.5800988e-01  -2.3209512e-01   2.3899694e-01   4.3215034e-01   4.1859014e-01   9.3184170e-02  -7.8732896e-02  -1.5125052e-01   1.1347857e-01  -3.3104927e-02  -1.5127172e-01   9.8271465e-03  -1.7053225e-01   2.5896323e-01  -3.4289845e-01  -1.8952020e-01  -1.1816059e-01   3.7467457e-02  -2.7344947e-01   2.1533692e-02   4.4159858e-01  -1.9631796e-01  -1.0490716e-01  -3.1189409e-01  -1.2807556e-02   6.6710313e-01  -9.0969184e-02  -2.8558864e-02  -2.2604101e-01  -2.9560090e-01   1.1540972e-01   1.4566081e-01  -1.5591442e-01  -1.8575487e-01  -6.9443580e-02  -1.2240131e-01   1.1049100e-01  -4.1171868e-02   4.3003402e-01  -4.0657436e-02   3.4048281e-01   1.3007911e-01   4.0434935e-01   3.2747632e-01   2.5093095e-02   3.0120454e-02  -3.4868617e-01   2.0595909e-01   2.7514140e-02  -2.0772734e-01  -3.1989619e-01   1.7379773e-01  -5.6138775e-01   1.7598861e-01  -1.9733321e-01  -1.5838094e-01   1.6993195e-01   2.4839232e-01  -1.3986501e-01  -5.1062326e-02  -2.7944158e-02  -2.0177486e-01  -3.1969075e-01   3.0238722e-01  -1.2731389e-01  -1.3591921e-01   2.7515711e-01   1.2344921e-01  -3.9730784e-02  -3.6137481e-02  -2.9962032e-01
   2.3576326e-01   3.8557303e-02   2.3937998e-01   2.0429400e-01  -2.3715202e-01  -3.8500933e-01  -4.1273623e-01   0.0000000e+00  -1.2492731e-01  -6.1382196e-02  -1.8082176e-01  -1.1082463e-01  -1.0850865e-01  -1.3737773e-01  -1.8023693e-01  -9.7434554e-02   1.6146054e-01  -2.9142928e-01   5.2257513e-01  -3.0692669e-01  -2.5851792e-01   4.3028141e-01  -1.3526900e-01   6.8539004e-02  -1.0364133e-01   7.4381383e-01   4.0199018e-02  -3.2318326e-01   1.6996751e-01   3.6828740e-01   1.1330192e-01  -9.1379280e-03   1.1806548e-01  -3.0865731e-01  -1.3905328e-01  -3.9970570e-01  -2.1872194e-01   1.9911960e-01  -2.3909194e-01  -3.3559128e-01  -4.4027936e-01  -1.4360577e-01   3.2098277e-01   3.1744386e-01  -3.6068400e-01   6.4767117e-01  -3.5307569e-01  -2.9923138e-01   7.0867896e-03   2.8463205e-02  -2.7352213e-01   8.7692264e-01  -2.0167984e-01  -3.9651411e-02   1.1392986e-01  -3.0769853e-02   2.6336862e-01   4.8989806e-01  -1.9912087e-01   3.7177016e-01   4.8641880e-01  -2.4697145e-01   1.8272154e-01   5.8134504e-01  -4.2003959e-01  -1.9801236e-01  -3.8991765e-02  -9.1398688e-03   1.7858385e-01   2.4554842e-01  -1.4918268e-01  -6.2422665e-02  -4.2397100e-01  -9.0749703e-03   1.3616815e-01   7.3349803e-01   3.7623510e-01   3.9773299e-01  -4.0508338e-03  -2.1117491e-01   1.5854933e-01  -1.0593164e-01  -9.6318794e-02   7.6865324e-01  -1.8990135e-01   5.6168716e-01  -1.0286463e-01   2.6764678e-02   1.1295442e-01   1.6454735e-01   5.4689708e-02   4.8847499e-01  -5.2074994e-02   4.1610828e-01   3.6294764e-01  -2.7240597e-02  -1.8230091e-01   6.6208160e-01  -3.2890842e-01  -1.2242089e-01  -2.0106343e-01  -2.7920662e-02   2.2740562e-01   1.8247347e-01  -2.7096787e-01   5.8944167e-01   3.5362860e-02   6.1407722e-01  -2.7219150e-01  -2.7151259e-01  -3.1520545e-02  -5.8996882e-02  -2.0167682e-03   8.6588095e-02  -2.4417262e-01  -1.0301592e-01   4.2669900e-01  -1.8261157e-01  -1.0904823e-01  -3.1394128e-01   1.7236709e-01   1.1641476e-02   2.2344691e-01   6.7874473e-02   4.2696854e-01  -5.7839807e-02  -1.6456246e-01   9.4388775e-02   3.0715935e-01  -2.2351616e-03  -3.0862565e-03  -2.7803936e-01  -1.5747943e-01   1.2536734e-01   4.3468844e-01   7.9488256e-01  -3.0509301e-01   6.8121144e-03   7.3945023e-01   2.7154871e-01   1.4813940e-01  -2.1157359e-01   2.1786092e-01  -2.2177871e-01  -3.4008381e-02   4.0135140e-01  -1.5333834e-01  -1.0957781e-01  -1.1418281e-01   1.5150566e-02  -8.2303464e-02   3.6568995e-01   2.4808299e-01  -3.3184590e-02  -3.2410768e-01   1.6170566e-01   2.0849335e-01  -3.7401692e-01   3.7410169e-01  -5.5432248e-04   2.4923666e-01   4.7984158e-01  -2.8951344e-01  -4.5101508e-02   2.1537262e-01   7.8106407e-02   3.2082682e-01   8.9505618e-02   7.8965776e-02  -1.4752204e-01   1.2042875e-01   6.3580235e-02  -8.3945284e-02  -3.2165022e-01   9.7191603e-02  -4.6188975e-02   3.5726630e-01
  -3.1750938e-01   7.3845139e-01   1.1726177e-02  -3.5640381e-01   2.1686964e-01  -2.6019337e-01  -8.4692717e-02  -1.2492731e-01   0.0000000e+00  -4.0771557e-02  -3.4093310e-01   4.3373125e-01  -2.8462340e-01   4.1118277e-01  -2.0588283e-02  -3.1195760e-01   2.5409193e-01  -4.2951452e-01  -7.1911705e-02   3.5066046e-02  -2.3748894e-01  -2.0275464e-01  -4.9403409e-01  -2.1906318e-01   1.8375353e-02  -1.0171139e-01   3.3021897e-01  -2.1940576e-01   4.6657152e-01  -6.1923092e-02   1.5093709e-01  -4.0351119e-01  -1.8685035e-01  -1.1055028e-02   6.1468429e-01  -5.9617778e-02  -2.0724367e-01  -3.0042344e-01  -1.5096701e-01   5.8260547e-02  -2.3938883e-01  -2.1208166e-01   4.8560360e-01   3.5629301e-02  -3.2096904e-02  -2.3219327e-01  -3.1804996e-01   2.9014114e-01  -1.5643145e-02   3.6325286e-01  -3.9355031e-01  -2.0138918e-01   4.4532756e-01   2.2916985e-01  -7.9642970e-03  -2.9296352e-01  -1.7103930e-01  -3.8191960e-01  -2.4737757e-01   3.2326983e-01  -1.1338143e-01  -1.6552738e-01   7.9278157e-01   3.1207481e-02   2.7611349e-01  -3.3163116e-01  -9.9310581e-02   4.1523567e-01  -3.2438107e-01  -2.5507741e-01   6.0991994e-01  -4.3927321e-01  -9.1820946e-02  -2.8336897e-01   2.1627603e-01  -1.4990084e-01  -2.7022616e-01  -4.0648842e-02   6.8250347e-01   1.8106113e-01  -3.2503857e-01  -2.2163074e-01   3.1417853e-01  -1.5989164e-01   1.9077395e-01  -2.9815919e-01   5.1708931e-01  -1.4426669e-01   6.0429415e-01  -2.6624313e-01   5.2754125e-01  -2.7222653e-01   1.8462319e-01   3.3423068e-01  -2.6658941e-01   4.6709580e-03  -1.4968894e-01  -9.1608156e-02   1.2235408e-01  -1.8493718e-01   2.8611343e-01  -4.1761496e-02  -3.3519706e-01   5.9282156e-01  -3.6751605e-01  -1.8316658e-01   2.7569972e-01  -2.1000650e-01  -7.8451313e-02  -1.6438793e-01  -6.4802129e-02  -3.6243172e-01   2.2679737e-01  -2.7315293e-01  -1.4038924e-01   6.4067721e-01  -1.4277537e-01  -1.0172193e-01  -1.4233631e-01  -3.5248903e-01  -3.4124197e-01   4.4751401e-01   3.1771288e-01   3.9962605e-01  -2.3635588e-01   1.5692407e-01  -5.3150951e-02   2.3667500e-01   1.3058933e-01   1.5375384e-01  -1.3802271e-01   4.1238120e-02   1.9988806e-01  -1.7541862e-01   2.9291335e-01  -1.5244022e-01  -6.0616304e-02  -1.1436061e-01  -2.1425379e-01  -3.1254016e-01  -2.8652519e-01  -1.1990680e-01  -3.9535621e-01  -3.2080460e-01  -1.6541058e-01  -5.3948462e-02   3.2714850e-01  -2.9550266e-02  -4.3307070e-01   1.2266642e-01  -7.2781844e-02  -2.0827729e-01  -3.0994791e-01   2.7204526e-01   2.0177875e-01  -2.0761717e-01  -3.8325744e-01  -2.3743717e-01  -1.1317939e-01  -3.7879800e-01   2.4699499e-01  -6.7823930e-02  -2.5482489e-02  -1.9137300e-01  -4.5122336e-01   3.2775407e-01   2.1594474e-01  -2.8320824e-01  -3.9180292e-01   4.0285066e-01   5.4317591e-01  -2.1973100e-01  -9.0001875e-02  -2.6338571e-01   1.8282581e-01  -4.4558236e-02  -2.8723492e-01
  -5.4069662e-02  -1.1065340e-02   1.8932459e-01  -1.0226839e-02   1.9847210e-01   2.6140887e-01   1.6849845e-01  -6.1382196e-02  -4.0771557e-02   0.0000000e+00  -1.6059231e-02   3.0532181e-01   1.4363254e-01  -1.2342535e-01   2.3117115e-01   8.7877113e-02   2.1765876e-01   1.1157237e-02   1.0573679e-01   2.6091022e-01  -1.6218495e-02  -2.1285316e-01   2.3411950e-01  -1.0718394e-01  -1.8612579e-01  -9.0457409e-02   2.8860174e-01   1.2542172e-01  -2.8917157e-02  -2.3854812e-01  -8.9757843e-02   9.0816567e-02  -8.0277722e-02   4.0948700e-01   2.0581403e-01   3.2236014e-01   5.5431988e-02  -3.2006072e-01  -7.6568474e-03   3.9704610e-01   1.8288227e-01   4.3052427e-02   1.8026624e-02  -1.7353420e-01   3.7361311e-01  -2.7088983e-01   9.0942827e-02  -5.1796109e-02   1.3609370e-01   6.1794078e-02   2.9455919e-01  -1.8239385e-02   8.4669258e-03  -6.9709832e-02  -1.3254542e-01  -1.6523230e-01   1.2841353e-01  -6.1378497e-02  -4.9729307e-02  -1.8439821e-02  -2.6983958e-01   3.4042218e-01  -5.6865238e-03   6.8423073e-02   1.2708536e-02   5.5565855e-01   9.5467528e-02  -9.0406074e-03  -3.7384040e-02  -3.6169845e-02   1.2378040e-02   8.9026686e-02   8.8247008e-02  -1.2987895e-01  -2.0118168e-01  -1.7494056e-01  -3.2191664e-01  -1.6643104e-02   3.8343863e-03  -6.8657279e-02   1.8653078e-01   2.2523832e-01  -1.5738897e-01  -3.3679846e-02  -2.2956569e-01   8.7051988e-02  -3.8845935e-02   2.5722267e-02  -2.6698666e-03  -1.6099372e-01   1.4836958e-01  -2.0085676e-01   2.3409155e-01   7.1552141e-02  -3.9878637e-01   3.0704507e-01   1.8532785e-01   1.7599581e-02   2.1035852e-01   4.0203773e-01  -3.8922723e-03   2.2735010e-01  -1.6869131e-01  -4.4394449e-02   1.5421497e-01  -1.3651103e-01  -1.1261655e-01   8.0368574e-02   2.7242408e-01  -6.7765397e-02   2.2847176e-01   1.7631801e-04  -9.0312052e-02  -2.3443706e-01   1.5275565e-01   6.0929378e-02   7.2263329e-03   1.0184753e-01  -1.8766651e-01   1.0853056e-01  -2.8470755e-01   1.9300884e-01  -3.9444936e-02  -8.1349677e-02  -3.0545081e-01  -6.9594925e-02   1.8911045e-01  -2.0337746e-01  -1.8569263e-01   1.0270815e-01   3.4915920e-02   2.4303142e-01  -1.5462789e-01  -1.6690358e-01   2.0889058e-02  -7.4570064e-02   4.2127544e-02  -1.7061148e-01   1.3016209e-02  -8.9196499e-02   3.6487303e-02  -9.4719473e-02   3.6395591e-02  -5.5245983e-03   5.0889146e-02  -2.5029528e-01   2.9743955e-01   1.1382840e-01   2.7672771e-01  -5.0858924e-02  -1.2277442e-01  -1.3191741e-01  -2.2969462e-01   1.4408803e-02   2.8713201e-01  -9.8689541e-02  -3.2647711e-01   1.9127494e-01  -1.3972251e-01   2.0685689e-02  -1.1934737e-01  -9.9304331e-02   3.7439388e-01  -8.2282879e-02  -4.0485935e-02   2.4834747e-01   2.2243424e-01  -1.8612836e-01  -2.0703488e-01  -4.8210017e-03   1.9726430e-01  -2.7204246e-01   1.5387597e-01   2.0902953e-01  -2.8135844e-01  -4.1079982e-02  -1.1264209e-01
  -1.7540172e-01  -3.8022155e-01  -3.3038299e-01   2.5977997e-01  -2.2303288e-02   3.5009618e-01   3.0779252e-01  -1.8082176e-01  -3.4093310e-01  -1.6059231e-02   0.0000000e+00  -2.6952106e-01   2.7846567e-01  -1.9440237e-01   2.2255793e-01   1.5540168e-01  -3.7464152e-01   7.3427454e-01  -1.3816507e-01  -6.0775718e-02   5.5582035e-01   9.4877120e-02   3.5446185e-01  -4.6979456e-02  -3.7498952e-02  -2.1530850e-01  -1.6811495e-01   6.2918925e-02  -2.0288384e-01   4.3108402e-02   2.1593301e-01   4.9784486e-01  -1.3495432e-01   7.0368551e-02  -2.5732908e-01   2.7670789e-01   1.5305837e-01  -4.0318448e-02   1.0576767e-01  -1.1686572e-01   2.7188390e-01  -8.9841863e-02  -3.3480311e-01   2.0473570e-01   3.1619927e-01  -2.5732208e-01   6.1463027e-01   3.6097125e-01   2.1808537e-01  -3.1814382e-01   5.4946001e-01  -1.0010383e-01  -1.4288012e-01  -1.4012752e-01  -1.0301049e-01   4.4905325e-01  -9.8609836e-03   1.1203112e-01   4.2806991e-01  -3.5656108e-01  -2.6814007e-01   1.6142436e-01  -3.7086176e-01   1.2365944e-01   2.5798314e-01   3.5901803e-01   2.4444278e-01  -1.7176057e-01   5.4064884e-01  -1.6707648e-01  -1.1433582e-01   4.1116275e-01   2.2288582e-01  -4.7900411e-02  -1.5155127e-02  -4.1536857e-02  -1.7729825e-01  -8.7416654e-02  -2.9248060e-01   5.2958912e-02   1.1863456e-01   2.3227672e-01   2.0768043e-01  -1.1707653e-01  -1.0710505e-01   1.7492839e-01  -2.1575847e-01  -1.2143820e-01  -2.9991585e-01  -1.6255926e-01  -2.5010479e-01  -2.6067575e-01  -8.7960853e-02  -2.4838540e-01  -9.9257597e-02  -1.2654966e-01   2.1258847e-01  -3.7218796e-02   2.1809465e-01   1.8118017e-01  -4.6688130e-02   4.6314519e-01   2.5027053e-01  -3.1309143e-01   6.4665416e-01   1.8154211e-01  -1.3662506e-01   1.1798475e-01   1.6360936e-02   4.2827814e-01   2.9345877e-02   3.5126969e-01  -3.5081152e-03  -1.4015210e-02  -7.2644909e-03  -4.6517463e-01   2.0890157e-02   1.5018628e-01  -6.4510868e-02   4.5880324e-01  -7.8231631e-02  -2.3429656e-01  -3.4592373e-01   7.6679948e-02  -1.9134392e-01  -6.8998126e-02   4.2234120e-01  -6.5651728e-02   6.8500511e-02  -2.0802120e-01   3.0297890e-01   3.4010861e-01  -1.5129060e-01   2.8175902e-01  -2.5732858e-01  -1.6975933e-01   1.7742608e-01   2.0820231e-01  -9.4262754e-02   4.0404530e-02   5.9437456e-02   1.1339066e-01   5.9446414e-01   1.4713254e-01   3.9502932e-01   2.4925231e-01  -2.1433401e-01   2.7105416e-01   3.8057527e-01   3.5520060e-02   5.9306262e-02   1.9374116e-01  -1.1935007e-01   3.7757539e-01  -1.2963273e-01  -8.2332590e-03  -7.7535187e-02   3.7348932e-01  -2.7478296e-01   2.3106772e-01  -1.0621998e-01   2.8541658e-01   2.4914504e-01   6.5270029e-01   2.0895065e-01  -3.5765650e-01  -2.9598568e-02   8.9936028e-02  -1.2343851e-02  -6.0893523e-02  -3.7562205e-01  -4.6733502e-02   5.7711656e-01   1.6140121e-01   4.9832121e-02  -6.0928506e-02   1.5575097e-01
  -1.7810740e-01   6.1511339e-01   1.2610407e-01  -2.7507456e-01   3.3808210e-01  -9.4678223e-02   1.3165887e-01  -1.1082463e-01   4.3373125e-01   3.0532181e-01  -2.6952106e-01   0.0000000e+00  -1.8461202e-01   1.6783541e-01  -5.2578579e-02  -1.6667647e-01   2.4850594e-01  -2.6912995e-01   6.0824145e-02   2.1236402e-01  -1.2912434e-01  -2.2287412e-01  -2.0714598e-01  -2.0622266e-01  -3.9106846e-02  -9.6336485e-02   1.8268716e-01  -1.0184984e-01   3.3988687e-01  -4.6593269e-02  -2.7174820e-02  -3.7657328e-01  -3.1705595e-02   2.5713105e-01   4.8346334e-01   1.2544422e-01  -9.3554656e-02  -3.6660646e-01  -1.3994770e-01   1.1687289e-01  -7.6763613e-02   5.3641946e-02   4.1451407e-01  -9.0910582e-03   3.4215143e-03  -2.9512367e-01  -9.7215861e-02   2.4214464e-01   9.3149542e-02   2.4857308e-01  -2.8115207e-01  -1.4435817e-01   1.9742450e-01   1.0042251e-03  -2.6342008e-01  -2.7802756e-01   6.7135968e-02  -2.1732874e-01  -2.6619247e-01   5.1324515e-01  -1.2283827e-01  -1.2419444e-01   3.4815231e-01  -6.5076174e-02   1.4652738e-01   1.6833855e-03  -1.5232076e-02  -2.3873716e-02  -3.4631851e-01  -7.9560440e-02   4.1888181e-01  -3.2138907e-01  -4.5522638e-02   1.7328565e-02   6.8449223e-02  -1.6554844e-01  -3.5906897e-01  -1.0887749e-01   5.5004904e-01   1.5577295e-01  -1.9721855e-01  -8.3711070e-02   1.2104320e-01  -2.0497078e-01  -1.7489262e-02  -3.0270375e-01   1.2756357e-01  -3.5002222e-02   3.3506617e-01  -1.7182711e-01   3.2177994e-01  -2.3410159e-01   3.1935632e-01   3.8181472e-01  -3.7138943e-01   1.7191860e-01   3.7531757e-02  -1.7654773e-01   8.2562376e-02  -4.2331330e-02   7.8522912e-02   2.8034711e-01  -2.4886694e-01   4.8188928e-01  -2.4846381e-01  -2.6734414e-01  -4.0182138e-02  -2.7369791e-01  -4.2270070e-02  -4.3683499e-02   1.0265661e-01  -1.8106228e-01   1.3118171e-01  -4.5758155e-01  -1.9453800e-01   4.2349522e-01  -1.8262990e-01  -1.5130927e-02   1.2317436e-01  -1.9004115e-01  -3.8205952e-01   4.6584466e-01   1.1148012e-01   1.5922696e-01  -3.7039986e-01   5.1921224e-01   9.7706336e-02   5.9826993e-03  -8.1636557e-02   2.9435687e-01  -1.3377052e-01   9.5430034e-02   3.6124183e-01  -2.2998215e-02   2.2514320e-01  -1.9058621e-02   7.7885968e-02  -2.5625515e-02  -2.0783483e-02  -3.9886432e-01  -2.4551650e-01  -1.7207253e-01  -2.5949789e-01  -3.5032916e-03   6.9664736e-02  -1.8511025e-01   3.9736671e-01   1.3442498e-01  -7.6405720e-02   6.6474464e-03  -9.6628153e-02  -8.6125273e-02  -2.6078790e-01   1.9055806e-01   4.6652685e-01  -2.2077329e-01  -4.2556426e-01  -4.1055017e-02  -6.0003212e-02  -2.2395330e-01   1.7012230e-01   3.1301237e-02   1.1024082e-01  -1.5123928e-01  -2.8961199e-01   3.0756911e-01   3.7410246e-01  -2.5470567e-01  -3.9332815e-01   3.3268628e-01   4.8277379e-01  -3.2500427e-01  -1.7726076e-01   3.7783111e-02  -3.9065193e-02  -3.2587698e-02  -3.0383170e-01
  -1.8229605e-01  -4.6765701e-01   1.4375878e-01   2.2275540e-01   3.8045757e-01   5.1158285e-01  -6.4233049e-02  -1.0850865e-01  -2.8462340e-01   1.4363254e-01   2.7846567e-01  -1.8461202e-01   0.0000000e+00  -4.6003176e-01  -2.6272277e-02   5.8767321e-01  -4.9352016e-02   2.0067116e-01  -8.5225804e-02   5.4626918e-01   2.0776488e-01  -1.0015750e-01   8.8759512e-02  -4.8172085e-02   2.1752942e-01  -2.5681032e-01   1.1957835e-01  -3.2968722e-03  -3.1473440e-02  -2.8329972e-01  -3.1209700e-01   1.2188291e-01   2.6819351e-01  -2.1154809e-02  -1.0471032e-01   4.8170428e-01   2.1319508e-02  -8.0896391e-02   4.8846064e-01   3.0011541e-01   6.8664855e-01   3.3480964e-01  -3.7964994e-01  -3.6834206e-01   2.2051308e-01  -1.6060756e-01   5.4072049e-01  -2.0310887e-01   1.3127155e-01  -1.4934538e-01   2.0149633e-01  -9.8837122e-02  -2.7254364e-01  -1.5794472e-01  -1.5518494e-01  -1.9756932e-01   7.2904293e-02   2.3833846e-02   3.7626695e-01  -2.7527574e-01   8.1862747e-03   4.5869553e-01  -3.6020652e-01  -1.5383871e-01  -2.0762596e-01   1.9357235e-01   3.4130020e-01  -6.5478925e-03   1.9579619e-01  -1.7991530e-03  -4.1418888e-01   5.0311567e-01   5.3803576e-01  -1.9485735e-01   1.3460705e-01  -2.3371806e-01  -3.6790920e-02  -1.0369611e-01  -1.7267999e-01   1.9655236e-01  -1.2867521e-01   5.1553544e-01  -4.4471592e-01  -2.0572554e-01  -1.9385733e-01  -1.3585690e-01  -3.9087414e-01  -2.2411880e-01  -2.9944909e-01  -1.9877652e-01   3.1118181e-02  -5.6605755e-04   6.8136417e-02  -3.1806631e-01  -1.1699802e-01   3.5266558e-01   5.9107620e-01  -1.8146731e-02   4.4432804e-01  -3.8361320e-02  -1.7509322e-01  -7.1312186e-02  -4.6001809e-02  -3.9088448e-01   3.2181999e-01  -1.0283692e-01  -7.8947069e-02   8.5396438e-02   1.5555341e-01  -1.7868314e-02  -1.2333062e-02   1.8833538e-01   6.2745371e-02  -8.4430160e-02   6.7629479e-02  -2.0232960e-01  -2.7042272e-01   7.2504816e-01  -4.4918065e-02   5.0020749e-01  -1.6212355e-02   1.8697691e-01  -2.3931681e-01  -3.6548500e-01  -2.0801318e-01  -3.7603842e-01   1.4293139e-01  -4.2377585e-02  -4.1570885e-02  -4.7534134e-02   3.5389589e-01  -1.3106099e-01  -1.9010988e-01  -2.5820773e-01  -3.3578123e-01  -1.9777019e-01   5.9512925e-01  -2.1437653e-01  -1.4987866e-01  -6.6502119e-02   5.7190884e-02   5.4413118e-01   2.5013187e-01   1.5221635e-01  -7.1254989e-02  -2.3629898e-01  -5.4191955e-03   8.8000903e-02   2.6413556e-01  -4.6693133e-01  -1.1573952e-01  -2.9508481e-01  -9.9454635e-02  -1.7470673e-01   2.7857851e-01  -1.0893675e-02   2.0764075e-03   6.0158009e-01   1.2858448e-01  -5.5556940e-02   2.4574053e-02  -9.9723986e-02  -3.5677534e-02   1.9094860e-01   3.3049427e-01   4.1263023e-02  -1.8355619e-01   1.2907631e-01   1.2475936e-01  -3.4579738e-01  -1.3583057e-01  -1.4964440e-01   2.5174015e-01   4.2714463e-01  -4.6923607e-05   1.9327958e-01   3.0199498e-01
  -7.5372877e-02   4.6581331e-01  -1.4650047e-01  -1.6555889e-01  -3.6699131e-01  -3.2043398e-01   2.4380442e-02  -1.3737773e-01   4.1118277e-01  -1.2342535e-01  -1.9440237e-01   1.6783541e-01  -4.6003176e-01   0.0000000e+00   1.8480125e-01  -2.9954452e-01   1.3938525e-01   9.3369753e-04  -7.2594206e-02  -4.0398055e-01  -8.9637448e-02   1.1202540e-01  -6.3692595e-02  -2.5616662e-02   6.6260480e-02   3.2086078e-02  -2.2096540e-01   2.4152588e-02   7.8390222e-02   1.2042810e-01   4.8846905e-01  -2.4290325e-01  -2.0155112e-01   4.1519422e-02   1.6103483e-01  -3.1015585e-01   9.4513690e-02  -1.0292870e-01  -2.0545071e-01  -1.8957967e-01  -3.2351501e-01  -1.7431088e-01   2.6166731e-02   2.1094116e-01  -1.4083403e-01  -1.3705345e-01  -4.3547166e-01   3.1344420e-01  -2.2472274e-01   4.7667238e-02  -1.1433558e-01  -1.5009352e-01   4.2589830e-01   3.1659996e-01   4.5395776e-01   5.4851829e-02  -1.1094413e-01  -2.7788491e-01  -2.1634340e-01   5.9618022e-02  -2.0385088e-01  -3.0737152e-01   2.6445128e-01   1.0321569e-02   4.1728564e-01  -1.2788484e-01  -1.6177897e-01   1.4658503e-01  -2.5260497e-01  -6.1173600e-02   5.2643656e-01  -3.0423699e-01  -8.3678420e-02   9.7718746e-02   1.0001694e-01  -1.9772630e-01  -1.6300995e-01  -5.3200436e-02   9.8562847e-02  -1.2170680e-01  -3.4135470e-02  -6.6151814e-02   5.5789930e-01  -9.1272818e-02   5.7970769e-01  -1.6720551e-01   6.4395708e-01   3.7804327e-01   1.9424745e-01  -6.6904065e-02  -1.0292381e-01  -2.2127991e-01  -5.9556805e-02   1.7517846e-02  -1.1141347e-01  -4.7037287e-01  -4.2142193e-01  -1.3156290e-01  -1.9374366e-01  -9.7116497e-02   5.2714772e-01   9.1303548e-02  -1.7237574e-01   3.7580118e-01  -2.1396539e-01  -1.4059910e-01   3.3352995e-01  -1.6282644e-01  -1.7412165e-01   7.8757753e-02   2.1419023e-02  -1.0053304e-01  -2.7742227e-02  -7.3633316e-02   1.1773941e-01   1.2798453e-01  -3.0409208e-02  -3.0227314e-01   5.9074008e-03  -3.0654324e-01  -1.9933990e-01  -2.2454756e-01   4.6515908e-02   3.6878047e-01  -9.4530250e-02   4.0457497e-01  -8.4531841e-04   1.7742734e-01   4.8122830e-02   1.7677743e-01  -1.5737145e-01   1.4526023e-01   3.3509686e-01   3.6927979e-01   8.3691217e-02  -2.1307412e-01  -3.0725307e-01   3.8039685e-01  -2.8919223e-01  -8.4822794e-03   4.2706915e-02  -2.6666448e-01  -3.0644118e-01  -5.8913880e-02   6.7698563e-02   1.4702879e-01   4.7546963e-02  -1.2890562e-01  -3.1180055e-01   4.9437282e-01   3.8283746e-01   1.1892471e-01  -1.8942603e-03   1.7901070e-01  -1.4023679e-01  -1.3915616e-03  -1.7155363e-01  -2.9126232e-01  -2.4586137e-01  -3.3496137e-02  -1.7307313e-01  -1.2795564e-01   1.8918618e-01  -1.9097699e-01  -3.3429431e-01  -1.3785565e-01  -1.3364039e-01  -1.1850817e-01  -5.3477681e-03   4.3503371e-01  -8.8234146e-03  -7.5300607e-03  -1.3105137e-01  -2.7244991e-01   1.3529066e-02   6.6305577e-02  -1.5309335e-01
