   0.0000000e+00  -8.3427680e-02  -1.1099233e-01   2.5963755e-01  -8.8028589e-02  -2.7710340e-02   4.8513880e-02   3.1882453e-01   1.1893587e-02   2.2299809e-02   1.1218750e-01  -2.6769548e-01   2.9686239e-02   5.6865556e-01  -5.6023260e-02   1.1369067e-01  -1.2065905e-01   1.7195733e-01   2.6366039e-01  -1.7831036e-01  -1.6668552e-01   3.3243991e-01  -2.3139570e-01   6.3525708e-01   7.9405730e-02   2.7464827e-01  -7.7818899e-02   2.7273247e-01  -4.9922292e-02   2.3769983e-01  -1.5546286e-01   3.0640705e-01  -1.5196447e-01  -1.1510483e-01  -2.2253962e-02   2.9635561e-02  -2.6598988e-01   3.4847900e-01   2.9006757e-01  -3.9451441e-01   9.2768799e-02  -1.0224308e-01  -6.8164194e-02   1.5011507e-01  -1.2638963e-01   5.3688166e-01   2.0537103e-01  -8.0287678e-03  -2.1028802e-01  -2.8929574e-01   1.7442973e-01   4.1958248e-01  -1.6614737e-01  -4.0852254e-01   3.3749411e-01   1.1963430e-01   1.1028782e-02   3.7975792e-01   1.7274476e-01   3.5132117e-01   2.2395142e-01  -9.1411009e-03  -3.4618076e-02  -3.7508838e-02  -8.2648850e-02   8.6937550e-02  -1.1859028e-01  -2.2382662e-01   1.6429212e-01   1.8400827e-01  -2.0171058e-01  -3.2459748e-02   2.5511776e-01   2.2945570e-01   7.4186743e-02   3.7075075e-01   5.5098227e-01   3.0761032e-01  -2.7699375e-01   4.1648735e-02   1.5309701e-01   2.9149316e-01  -2.7615235e-01   3.0285500e-01  -6.6885936e-02   2.7775547e-01  -3.2377305e-01   4.3440212e-01  -2.5370322e-02   6.6918314e-01  -1.6229625e-01  -5.9241614e-02  -2.1132548e-01   3.0244929e-01   4.5234708e-01   1.8716918e-02   1.6479183e-01   1.9946931e-01  -5.7846184e-04  -2.6742042e-01  -2.7673145e-01  -2.6074660e-02   2.5199400e-01   1.8521999e-01   2.0780716e-01   1.0379036e-01  -1.1770824e-01   2.9627335e-01  -3.1884266e-01  -2.7509625e-02  -1.5090727e-01   4.4383612e-01   1.5960003e-01   7.7885249e-01  -9.9762664e-02  -1.8419735e-01   1.3001400e-01   2.6936444e-01  -1.9798425e-01   2.0869968e-01   6.7721577e-01  -2.0376670e-01  -1.4390671e-01   3.7300869e-02   5.1074676e-01   4.6066304e-01   5.4815125e-02  -2.4477237e-02   4.0326165e-01  -2.4191600e-01   2.1635514e-01  -2.0080013e-01   5.6830761e-01  -1.3933334e-01   2.3102787e-01   3.3157904e-01  -7.6630029e-02  -1.6634992e-01   4.0622265e-01   5.4942024e-01   6.4349640e-01  -1.4234818e-01   2.3993536e-01  -3.3341668e-01  -6.9630364e-02   1.4504474e-01  -2.7127687e-01   4.6808826e-02   1.5061037e-01  -1.9361038e-01   7.5106666e-02   2.3424659e-01   3.5301215e-01  -1.0695844e-01  -2.2945057e-01   4.6829542e-01   7.1316530e-01   2.8181368e-01   1.6840725e-01   2.8880005e-01   2.0704444e-01   1.9292314e-01  -1.4932777e-01   1.9782072e-01   3.1324310e-01  -2.6519397e-01  -2.4818973e-02   2.5627975e-01   4.7383528e-01  -3.3596886e-01  -1.8095676e-01   2.9636561e-01   1.9145047e-01  -1.3708848e-01   5.4363516e-02  -1.6353742e-01   3.1805665e-01
  -8.3427680e-02   0.0000000e+00   4.8051561e-01   1.9201136e-01   1.6986986e-01  -1.9911506e-04  -5.7832370e-02  -3.0762604e-02   5.1642187e-01  -1.3682914e-01   9.7271406e-02   5.6885195e-01  -1.4517559e-01   3.5339470e-02  -6.7679115e-02   9.5327172e-02   5.0187581e-01  -7.1895692e-02   8.7080387e-02   1.5037479e-01  -3.4394989e-01   3.5377357e-02  -2.5346584e-01  -3.9144476e-01   1.2304764e-01   2.0787553e-01   1.1863980e-01  -5.4649581e-02   2.8753003e-02   2.0796234e-01  -3.5890691e-02   9.1621277e-02  -9.8732991e-02  -1.0028686e-01  -7.9104376e-02   3.0826889e-02  -4.4870062e-01  -2.6091206e-01   3.1075200e-01   5.4242345e-02  -4.3411413e-02  -9.1078377e-03   5.0776645e-01   1.9435564e-01  -2.5488498e-02   2.6340787e-02  -2.9634354e-02   2.3929848e-01  -5.7946718e-03   1.5525762e-01  -8.8051726e-02  -8.9726759e-02   3.4992814e-01   3.6701209e-01  -4.7865691e-02  -3.1420949e-02   1.2678128e-01   1.7909785e-01   3.3551394e-03   2.4101397e-01   2.5948321e-01   2.9035536e-01   5.7765293e-01   2.6978734e-01   4.1941994e-02  -2.9040236e-01   1.7981901e-01  -5.9363798e-02  -2.8489092e-02   9.4814281e-02   4.8969691e-01   1.0999206e-01   3.1499112e-01   2.3965695e-01   1.8961668e-01   1.5841182e-01  -1.4608471e-01   1.8491225e-01   3.8175806e-01   1.1104894e-01   2.9725407e-02   2.3653970e-01   2.4772780e-01  -8.2502410e-02   3.0963200e-01   5.6225883e-02  -1.5376122e-01  -2.8678042e-01   6.1830511e-01  -3.1278772e-01   2.7998982e-01   1.5059314e-01   1.8660694e-01   1.7186851e-01  -1.5679871e-01   3.1939684e-02   7.3907294e-02  -3.2736563e-03   2.2187054e-02  -3.0526534e-01   1.6582611e-01   1.5017850e-01  -9.6493826e-02   9.5064362e-02   6.6360563e-02   1.4791874e-01   3.4179621e-01   5.9707491e-02  -2.7850671e-01  -1.3827787e-01   9.5184493e-02   9.1832957e-03   1.6847365e-01  -2.4775325e-01   1.7934394e-01   3.0397348e-01   1.2527415e-02   3.8776675e-01   3.2695994e-01   3.0139066e-02  -1.4961130e-01   9.0437297e-02   4.9753245e-01   3.4717414e-01  -3.3355758e-01  -2.9267506e-02  -6.5570612e-02   1.5289195e-01   1.1710970e-01   5.1592134e-01  -9.2127126e-02  -2.7808200e-01   2.4330979e-01  -1.1813509e-01   3.6401987e-01   1.8085223e-01   2.9568247e-02   1.0560271e-01   1.1651759e-01  -1.6215228e-01   1.1856422e-01  -1.1595661e-01   1.0476182e-01   2.3550947e-01  -4.9428283e-02   1.1092564e-02   3.9932559e-01   1.9303578e-01  -2.0728882e-01  -2.0288297e-01   2.9099384e-01  -3.4003471e-02   1.2730894e-01   2.9697621e-01   4.9666364e-01  -3.2550813e-01  -6.2446351e-02   2.6050652e-03   1.6322755e-01  -1.1364346e-03   2.7802060e-01   1.9945037e-01   1.8686086e-02   4.9014777e-02   1.6149741e-01   2.0241425e-01   2.7374848e-01  -2.0683053e-01   8.6417283e-02   1.1881443e-02   8.7279991e-02  -3.1740084e-01   2.1091097e-01   1.9867466e-01   1.6690105e-01   9.3999048e-02   3.0134417e-01
  -1.1099233e-01   4.8051561e-01   0.0000000e+00   8.2512337e-04   3.5760898e-01   6.2323166e-02  -4.4165708e-01  -2.4253494e-02  -1.3374987e-02  -2.1598533e-01  -1.8796406e-01   5.9354459e-01  -9.2463627e-02  -3.2861909e-02  -4.0392754e-01  -2.9204148e-02   8.6834458e-01  -2.5319713e-01   1.3204881e-01   3.4742617e-01  -2.2372600e-01  -2.1783684e-01  -3.6415124e-01  -3.0638460e-01   1.9237964e-01   7.7060065e-02   2.8274982e-01  -1.8545490e-01   2.6412555e-02  -2.3634955e-01  -7.4166275e-03  -1.4342947e-01  -6.4849443e-02  -2.6192230e-01  -1.8431349e-01  -4.1209826e-02  -2.6422059e-01  -1.1782182e-01   1.0386408e-01   4.3621265e-01   1.7523109e-02   6.7215135e-02   1.7693188e-01   1.2106741e-01  -3.7218359e-01   4.8205800e-02  -1.1553571e-01  -2.6046192e-01  -7.3006487e-02   5.1574027e-01  -3.7357935e-01  -9.6856035e-02   2.6217118e-01   4.6306307e-01  -1.0779105e-02  -2.4259254e-01   2.8557753e-01  -2.5001409e-01  -1.2705062e-01   4.3100226e-02   2.6934893e-01   2.0634136e-01   5.4173176e-01   1.0942379e-01  -2.5108007e-01  -2.8863502e-01   3.6555482e-01   1.1220560e-01  -1.3375686e-01   2.2364177e-01   3.0345801e-01  -2.5728697e-02   1.4161779e-01   2.7192035e-01   2.7871119e-01  -3.3263717e-02  -5.3668777e-02   4.1783210e-02   2.4796656e-01   1.1332125e-01  -2.9688073e-01  -2.0018282e-02   3.8026455e-01  -4.5524201e-02   5.5413571e-01  -1.5021218e-01  -1.9321154e-01  -2.0433259e-01   5.3273063e-01  -1.7251791e-01   5.0865844e-01   5.2177484e-01   4.7217444e-01  -9.0186625e-02  -4.5867985e-02   5.4949322e-02  -4.0491210e-03   3.6414079e-02  -4.5929735e-02  -5.3777751e-01   3.5875055e-01  -8.2955150e-02  -1.8099409e-01   5.9412603e-02  -3.1750280e-01  -9.9658144e-02   5.4855590e-01   1.7766515e-04  -3.3808043e-01   7.4720104e-02  -2.0242845e-02  -2.3745782e-01   2.4433674e-03  -1.2106850e-01   9.3592587e-02   3.3359031e-01  -5.0323132e-02   2.0032834e-01   5.6234492e-01  -2.5039852e-01  -1.5061859e-01   1.7282915e-01   4.8991882e-01  -7.2727714e-03  -1.8700860e-01  -1.6014362e-01  -2.9211477e-01   3.6538677e-01  -1.1903604e-01   7.1793054e-01  -8.4566891e-02  -4.8336112e-01   4.0898211e-02  -7.1449987e-02   2.0836782e-01   1.5927131e-02   2.1033840e-02   1.0982672e-01  -3.7264595e-02  -1.3637991e-01   3.2411237e-02  -1.1840125e-03  -9.2823084e-02   4.3285196e-01  -3.9327978e-01  -2.2168905e-01   3.5572944e-01   1.2331157e-01  -2.5902590e-01  -4.3573016e-01   4.6517640e-01  -2.1144720e-01   1.6223081e-02  -2.3481305e-02   7.6239064e-01  -1.5976276e-01  -1.2794437e-01  -1.5717120e-01   3.4003571e-01  -3.5186220e-01   2.0667520e-01   8.5752338e-02   1.7592692e-02  -1.8556156e-01  -1.0582312e-01   3.7809846e-01   2.9283381e-02   2.9839937e-02  -5.4299458e-02   2.7969376e-01   6.1319634e-02  -8.5106723e-02  -1.4134239e-02   3.5981079e-01   1.0150651e-01   1.5257431e-01  -1.0679204e-01
   2.5963755e-01   1.9201136e-01   8.2512337e-04   0.0000000e+00  -1.2279733e-01   2.6665257e-01   2.1711755e-01   1.2122112e-01   2.3135891e-01  -1.0285187e-01   3.4834466e-01  -1.0101765e-01  -5.9199546e-02   4.5352011e-01   2.2329631e-01   4.1209325e-01  -1.6807256e-02   6.2203487e-01   8.2456340e-02  -1.0736680e-01   1.3759062e-02   5.3181476e-01  -7.4497024e-02  -1.1760138e-01   4.3543500e-02   1.6683226e-01  -4.7717575e-03   2.0236650e-01  -9.8520282e-02   5.7563299e-01  -1.5095872e-02   6.5123464e-01   1.3800334e-03  -7.0783907e-02   2.5129878e-01   2.8563237e-01   3.8703636e-02  -2.1558995e-01   3.3418885e-01  -3.4749665e-01   2.3460822e-01   1.4709924e-01  -3.9203263e-02   3.3673747e-01   2.0695588e-01   3.4419122e-01   4.9258648e-01   2.9649417e-02  -3.3611186e-02  -2.7100551e-01   4.7083069e-01   9.9919359e-02  -1.9162094e-01  -4.8208596e-03   2.1601165e-01   2.2860112e-01   1.4708461e-01   5.0182503e-01   5.7627929e-01   4.4895797e-01   3.3685422e-01   2.0987825e-01   5.7792371e-02  -1.1106308e-01   1.7291313e-01   3.0258703e-02   3.4688125e-01   1.1229121e-01   4.8165867e-01   2.2432972e-01  -1.2366499e-01   4.9894245e-01   3.4759772e-01   2.4554800e-01  -5.7694649e-03   1.7352040e-01   1.9861958e-01   3.5482051e-01  -2.8961415e-01   2.7808426e-01   2.6709174e-01   1.5685271e-01  -1.8776034e-01   1.3013993e-01   6.8543099e-02   1.2211457e-01  -8.8293989e-02   1.7186752e-01   6.7552325e-02   2.3579428e-02  -3.1405956e-01   1.3700556e-01  -2.3473552e-01   4.3958836e-01   8.6014680e-02  -1.9892407e-01   3.2982300e-01   2.1868807e-01   3.5921403e-01  -5.2856231e-02  -1.0954494e-02   1.1322288e-01   4.0348850e-01   4.3995690e-01   4.7107384e-01   6.9271349e-01   1.9798371e-02   5.7497578e-01  -7.8411358e-02   7.1618343e-02  -2.2032531e-02   5.5629252e-01   7.6016475e-01   1.7083320e-01   4.6677739e-02  -2.5210133e-01   1.1501584e-01   3.8922678e-01  -6.3994970e-02   6.2696826e-01   3.2155614e-01  -2.5708660e-01  -1.1043096e-01   3.6865087e-01   5.8517121e-02   4.0034894e-01   3.2178618e-01  -8.4227434e-02   6.4086994e-01  -2.2786599e-02   2.0147309e-01   2.7345621e-03   4.5368931e-01   6.8681483e-03   3.1260303e-01   1.4059283e-01  -5.5826108e-02   7.7508858e-02   2.6335543e-01  -1.5350224e-01   4.6744662e-01  -2.7949769e-01   4.2022944e-01  -1.9108177e-01   1.4541398e-01   4.4781510e-01  -1.7788567e-01   8.9891257e-02   1.9908880e-01  -1.4774044e-01   4.1653761e-02   2.0902290e-01   5.4382606e-01   6.4658013e-02  -2.1346960e-01  -2.4175572e-01   4.2901894e-01   5.2750232e-01   1.4681686e-01   3.7968167e-01   4.5556557e-01   3.2212872e-01  -1.4266003e-01   6.8805670e-01   6.4078209e-01  -2.2874478e-01   7.8436231e-02  -9.5131525e-02   4.6891190e-01  -2.8924384e-01  -7.5048952e-02  -2.2478245e-01   5.7885552e-01   4.8016331e-02   1.1224406e-01   5.5122373e-02   6.6718561e-01
  -8.8028589e-02   1.6986986e-01   3.5760898e-01  -1.2279733e-01   0.0000000e+00  -7.5946260e-02  -3.9445180e-01  -8.7046926e-02   1.0369988e-01  -1.3988328e-01  -8.5430334e-02   2.1872270e-01   2.9742608e-01   1.5836466e-01  -3.2801005e-01  -1.2795717e-01   4.3021324e-01  -7.9910536e-02  -4.7417583e-02   7.9192812e-01  -8.0905363e-02  -6.2192493e-02  -2.5459619e-01  -6.9516354e-02   9.5565884e-02   1.1805072e-01   3.4361898e-01  -3.1982478e-01   4.1610898e-03  -1.4608251e-01  -1.5695495e-01  -2.2598612e-01   7.3201821e-02  -2.9450078e-01  -7.8744582e-02   4.9407851e-01   2.4631034e-02   1.7658131e-01   1.4325181e-01   6.1862593e-02   2.3644328e-01   1.7772790e-01   2.4087080e-01   1.7008718e-01   9.2824946e-02   3.2137412e-02   1.8202818e-01  -2.4473426e-01   4.1678474e-01   3.4982517e-01  -3.3673938e-02  -7.1849919e-02  -1.7278731e-01   3.6655772e-01   9.0710849e-02  -2.0979640e-01   9.3941316e-02  -1.6767767e-01  -2.0143311e-02   5.1943837e-02   1.3124548e-01   5.5741419e-01   2.4566685e-01  -4.7989379e-02   1.6042841e-01   1.3795175e-01   2.7321421e-01   1.8334090e-01   7.1270980e-03   4.1756903e-02   1.3560136e-01   1.0622918e-01   1.1040693e-01   3.1421740e-02   2.1664443e-01  -2.0418408e-01   7.8471620e-02   1.1493644e-03   4.6941818e-01   8.2628806e-02  -4.1037078e-01  -8.2844494e-04   1.5037040e-01  -9.5373287e-03   2.1756181e-01  -1.3940127e-01  -2.3935723e-01  -1.5533110e-02   3.9010633e-01  -8.7005206e-03   4.9877203e-01   2.8693479e-01   3.2006546e-01   1.4197746e-02   3.4047877e-02   3.0267009e-01   1.8085323e-01  -1.7813021e-01   3.0106505e-01  -4.2007984e-01   1.6830971e-01  -2.4014092e-01  -1.3528918e-01  -2.3493670e-02  -2.5476139e-01  -1.3127705e-01   3.4503642e-01   1.1246178e-01  -1.6329480e-01   2.6010782e-01  -1.6876278e-01  -1.2837935e-01  -4.1051797e-02  -2.2591261e-02  -2.4271731e-01   2.8018387e-01  -1.1160013e-01   1.9673506e-01   2.1400393e-01  -1.1051669e-01  -1.2569869e-02   5.5822275e-01   2.0803187e-01  -4.4838233e-02  -1.0065338e-01  -3.0386101e-02   1.0315402e-01   1.3391616e-01  -1.4846703e-01   2.8898866e-01   4.1206710e-02  -3.3585404e-01  -3.0488964e-02  -1.3363752e-01   1.2047993e-01  -1.1577956e-01   3.0777956e-02  -6.8927918e-02  -1.5847601e-01   6.9822675e-02  -1.3433707e-02   1.4935062e-01  -2.1850806e-01   2.1650720e-02  -3.8123312e-01  -2.5932818e-01  -4.0576717e-02   5.0627995e-01   6.0615436e-02  -3.5074742e-01   2.7750882e-02  -1.4399792e-01   8.5247313e-02   3.8481136e-03   2.5147063e-01   9.2490444e-02  -7.7670634e-02  -8.9766058e-02   2.0845902e-01  -3.1172656e-01   2.3017129e-02  -4.6392765e-03  -4.6419070e-02  -1.0026906e-01  -3.1432613e-02   1.1115981e-01   3.9451625e-02   1.7983380e-01  -5.9059106e-02   2.9620639e-01   3.7530624e-01   1.5642423e-01   1.0591635e-01   1.9644570e-01   1.6641242e-01   9.6415759e-02  -1.1900586e-01
  -2.7710340e-02  -1.9911506e-04   6.2323166e-02   2.6665257e-01  -7.5946260e-02   0.0000000e+00   5.1785685e-01  -1.0580919e-01  -3.1841367e-01   1.7494645e-01   1.1756082e-01   9.3004350e-02   1.0245965e-01   1.6144453e-01   2.3620456e-01   2.1480356e-01  -1.1191192e-01   3.1745623e-01  -5.3311505e-02  -6.5885212e-03   2.1280600e-02   1.7567497e-01   2.3232811e-01  -2.3496590e-01  -1.5149979e-01   6.9607599e-02   2.4512968e-01   2.9116545e-01   4.6361217e-02   1.4103616e-01   9.8566765e-02   3.1928193e-01  -2.3824600e-01   2.3866316e-01   4.8887024e-01   3.6497670e-01   1.0335010e-01  -3.2592127e-01   5.0170204e-02   1.6077125e-02   2.1218316e-01  -1.4512514e-01  -1.7325612e-01   1.6152113e-01   1.7302293e-01   1.9989906e-03   3.4595988e-01   3.7469625e-02  -2.1535848e-01  -1.9721761e-01   3.1837779e-01  -5.7479636e-02  -2.3208996e-01   1.7573927e-02   2.3244233e-02   3.1770803e-01   3.3132007e-01   2.2742282e-01   7.8686016e-02   2.3014727e-01   1.0174670e-01  -6.1712594e-02  -3.1970068e-01  -2.1062770e-01  -1.4719802e-01   4.0338273e-01   5.2372292e-01   1.6321132e-02   3.8804705e-01   4.0588372e-01  -2.2442531e-01   2.6535954e-01   9.4405903e-02   4.3124218e-01  -1.7703588e-01   7.8964472e-03  -5.2233670e-02   5.5438999e-02  -3.1895222e-01  -1.5079159e-01   3.2246416e-01   1.2426768e-01   1.5962320e-01  -2.4022689e-01   2.5244102e-01  -1.0005741e-02   5.0790011e-02   1.4439788e-01  -1.5801854e-01  -1.5380446e-01  -4.4946534e-01   7.1734165e-02   2.9774529e-01   1.1821895e-01  -1.5426888e-01  -9.6493022e-02   5.5016130e-03  -3.7667629e-03   9.3987894e-02   1.9043310e-01   1.8646419e-01   3.1364705e-01   2.3910113e-01   8.7165128e-02   2.7898767e-01   1.8766269e-01  -5.7060954e-02   4.2118940e-01   6.1870227e-02   3.6079473e-01   5.0835144e-01   3.5150568e-01   1.8648684e-01  -4.7397485e-02   2.9720894e-01  -3.9861620e-01   6.9553937e-02   3.0120903e-01   2.8745263e-01   3.3669142e-01  -1.3919766e-02  -6.1665677e-02  -1.9103292e-01  -5.9826078e-02  -1.6629597e-01   2.2945352e-01   4.2511324e-01  -1.8680304e-01   8.4494656e-02   1.3339864e-01   1.3446926e-02   1.0724491e-01   1.6105453e-02  -3.4898077e-02  -2.4089103e-02  -7.4158144e-02  -2.2173426e-01   8.5167065e-02   2.2536819e-02  -1.2457541e-01   3.0968218e-02  -2.1900608e-01   2.0265576e-01   4.1745137e-01   2.2672646e-01   1.7122221e-01   3.1356406e-02  -9.2467544e-02   4.8676906e-01  -5.6384414e-02   2.5617250e-01  -2.6757884e-03  -4.8288311e-02  -1.9497436e-01  -4.9667143e-02  -2.0548805e-01   4.0486406e-02   1.6112171e-01  -5.9556619e-02   2.3397012e-01   1.9064846e-01  -1.3067173e-01  -3.8821524e-02   2.6916434e-01   2.6318184e-01  -1.1660076e-01   2.0986549e-01  -4.1144143e-02   2.0413282e-01   1.1580144e-01   7.3431661e-02  -1.7449150e-01   4.2081798e-02   5.9303103e-01   2.4108646e-03  -6.7527632e-02   1.5810725e-01
   4.8513880e-02  -5.7832370e-02  -4.4165708e-01   2.1711755e-01  -3.9445180e-01   5.1785685e-01   0.0000000e+00  -8.7689940e-02  -1.0038152e-02   4.2062197e-01   2.2598158e-01  -1.1891171e-03   5.0515530e-02   6.1350781e-02   6.6482563e-01   1.1719165e-01  -6.0060456e-01   3.6072365e-01  -2.0211621e-01  -3.0138699e-01   8.2677642e-02   2.2047164e-01   4.8429141e-01  -6.7924129e-02  -3.0343042e-01  -1.1642693e-01  -8.9781618e-02   4.0126839e-01  -9.4819721e-02   3.2441869e-01   5.4760903e-02   4.0228040e-01  -2.7703565e-01   5.9475355e-01   5.1217411e-01   2.5029437e-01   8.1085680e-02  -2.8304494e-01  -6.1563864e-02  -3.9813703e-01   5.8118504e-02  -2.8905857e-01  -2.1041783e-02  -1.5758856e-01   4.4111257e-01   7.0494896e-02   1.9525489e-01   3.6597285e-01  -1.6140712e-01  -5.8133342e-01   5.6552975e-01  -4.5259392e-02  -1.9181281e-01  -2.1229436e-01  -7.6271593e-02   3.0667662e-01   9.9831207e-02   4.1857042e-01   2.1240167e-01   3.1059416e-01  -2.9186336e-02  -1.5409940e-01  -4.8659003e-01  -9.6341951e-02   8.5845785e-02   4.1691350e-01  -6.0957571e-02  -1.5095527e-01   2.4086440e-01   3.3273074e-01  -2.0435578e-01   7.6804718e-02   4.6865287e-04   1.6701265e-01  -1.9920994e-01   1.7327602e-01  -1.0566942e-03   1.0129983e-01  -2.9935676e-01  -2.8185656e-01   5.1915805e-01   1.4655024e-01  -1.4580108e-01  -2.9804994e-01  -1.9971803e-01   1.5249115e-01   2.4200682e-01   1.1713244e-01  -4.3395853e-01  -7.8481446e-02  -6.1914516e-01  -3.1318060e-01  -5.2402564e-02   2.5154676e-01  -6.3610905e-02  -1.1523145e-01   1.6650711e-02  -1.4482901e-01   5.5476136e-02   6.4509640e-01  -2.4093858e-01   4.1132185e-01   1.6072595e-01   1.0558384e-01   5.0255598e-01   2.3126795e-01  -4.0543321e-01   1.3617770e-01   3.3051171e-01   9.5807729e-02   4.1986788e-01   4.0260585e-01   6.8978350e-02  -4.8386505e-02   2.6121903e-01  -4.8222580e-01   1.2061121e-01   2.4271151e-01  -2.8161223e-01   4.8111665e-01   5.7926871e-02  -1.8649187e-01  -3.2634884e-01  -2.4207509e-02   5.3702922e-02   2.8924380e-01   5.3790469e-01  -4.3314124e-01   1.3312820e-01  -2.7421442e-01   9.5166022e-03   5.1353219e-01   8.9129796e-02  -6.4525427e-02  -6.6363945e-02   4.1936197e-02  -3.0434030e-01  -1.1131290e-01   1.6721018e-01  -1.3726849e-01   2.8647070e-02  -2.0159766e-01   3.3163891e-01  -3.2474343e-02   5.9309681e-01   1.6501245e-01   5.3004801e-02  -2.5476947e-01   5.1131253e-01   3.2753842e-01  -3.5478231e-02   2.5262139e-02  -1.7873457e-02   1.6705442e-02  -5.3248731e-01  -2.0524197e-01   1.0944850e-01   3.1069864e-01  -3.0412389e-01   4.5257954e-01   9.9085612e-02  -1.6718092e-01  -9.0690358e-02   2.2299958e-01   2.9791701e-01  -2.2121415e-01   3.7673375e-01  -2.5338479e-01   1.8032723e-01  -1.7939960e-01   1.6559458e-01  -2.6250539e-01  -3.8767734e-02  -1.8006656e-02   1.9164642e-02  -2.6388995e-01   2.6848106e-01
   3.1882453e-01  -3.0762604e-02  -2.4253494e-02   1.2122112e-01  -8.7046926e-02  -1.0580919e-01  -8.7689940e-02   0.0000000e+00   1.1160663e-01  -7.6329163e-02   5.2239321e-02  -1.4990119e-01  -3.3711016e-02   3.2454552e-02   8.8788835e-02   2.0308031e-02   6.7074626e-03  -8.6572356e-02   2.0614919e-01  -1.8215641e-01   3.2019926e-02  -4.1558245e-02  -1.5031401e-02   6.8259689e-02   1.5924283e-01   2.4572860e-01  -1.7466853e-01   1.9246981e-01  -1.4451801e-02  -9.3038910e-02   1.3401765e-01   1.3327358e-01  -6.7404247e-02  -4.1010718e-04  -3.4544285e-01  -1.6058904e-01  -5.0611905e-02   2.0608383e-01   1.2339249e-01   1.7996950e-02  -1.5095001e-01  -1.9935236e-01   5.9577609e-02  -8.2947649e-02  -1.9469541e-01   1.9912871e-01  -7.5012089e-02   1.8280117e-01  -2.5469424e-02  -1.2197135e-01  -7.4412843e-02   7.1924835e-01   2.0996531e-01  -1.1335027e-01   1.5406010e-01  -4.6652900e-02  -3.4071002e-01   1.5690371e-01   3.3880501e-02   4.9304607e-02   1.7792257e-01  -1.3678615e-01   1.4862986e-01   3.8811364e-01  -5.2139770e-02  -2.8160665e-01   6.0047412e-02  -3.7436289e-01  -1.9325453e-01  -7.0198398e-02  -6.6881973e-02  -1.8979293e-01   1.5523166e-01  -1.8574324e-02   1.8860501e-01   5.4343947e-01   1.5686376e-01  -6.5762750e-02  -1.0550210e-01   1.9116976e-01   5.0885747e-02   1.0840700e-01  -2.9899043e-02   5.5901831e-01  -1.5887242e-01   5.2185126e-01  -1.2647019e-01   2.8519788e-03   1.3800225e-01   1.9447722e-01   1.4331265e-02   6.5612145e-04  -1.6358793e-01   9.7746628e-02   1.6884829e-01   2.8149155e-01  -5.9549445e-02  -2.9095146e-02  -2.5452588e-01  -5.8216042e-02  -2.5786991e-01   2.2428379e-01   1.1475907e-01  -6.7603548e-02  -7.0825681e-02   3.7759513e-02  -1.8477492e-02  -4.1158212e-02  -3.3086379e-02  -1.9286946e-01   2.4471202e-02  -7.9734652e-02   3.7752418e-02   1.6733804e-01  -4.1206218e-02   8.3278933e-03   3.1829284e-02   1.5407344e-01  -2.5614644e-01  -1.4466738e-01   1.3196420e-01  -1.1557896e-01   6.5843009e-02   1.7376827e-01   2.5368534e-01  -1.5672948e-01  -1.3135306e-01   2.4072853e-01   3.2784121e-01  -2.5345871e-01   6.3647026e-02  -2.3207508e-02   1.8923891e-01   1.0349169e-01   9.7260338e-02   6.4949630e-01   5.7275676e-02   1.9249364e-02   6.2447981e-01   1.6064920e-01   7.2758058e-02  -7.9969794e-02   1.1363737e-01  -2.6994187e-01   7.7346006e-02   2.5217036e-01  -8.4304915e-02  -1.7490626e-01  -3.0852812e-01   6.8637704e-02   3.1855373e-02   3.0174114e-01   7.1572229e-02   1.4448968e-01   1.8895411e-02   2.2344818e-01   1.1102761e-01   9.1927798e-02   1.3961680e-01   1.4138347e-01   1.6773809e-01   1.4570246e-01  -1.3841314e-01  -9.6737554e-02   8.3692789e-02  -1.1660373e-01  -4.7879523e-02   4.9813825e-02   1.7603459e-01  -9.6635757e-02  -2.2069562e-01  -7.9535727e-02   7.8163132e-02  -1.7784913e-01   1.6398543e-01   4.1547082e-02   1.9029759e-01
   1.1893587e-02   5.1642187e-01  -1.3374987e-02   2.3135891e-01   1.0369988e-01  -3.1841367e-01  -1.0038152e-02   1.1160663e-01   0.0000000e+00  -1.0532853e-01   2.7430064e-01   1.7638321e-01  -5.7254448e-02   4.4587967e-02   2.3478682e-02   5.2720593e-02   7.8938530e-02   9.1582116e-02   1.3957058e-01   8.1467849e-02  -8.9965232e-02   2.0639972e-01  -2.3885846e-01  -1.6925692e-01   5.5929399e-02  -2.3405312e-02   3.1776272e-02  -1.6560349e-01   5.5119017e-02   3.3767316e-01  -3.3417297e-02   6.3704833e-02   8.0970957e-02  -9.2548421e-02  -5.0880494e-02   1.3379494e-01  -2.3702193e-01  -1.0786697e-01   2.7018886e-01  -1.7540926e-01   1.7737643e-02   1.4105804e-01   6.4115191e-01  -1.9669946e-02   2.7774069e-01   1.9479131e-01   7.7949584e-02   3.8685005e-01   2.5092385e-01  -1.6349950e-01   6.1957381e-02  -2.7567000e-02   2.2975769e-01   1.1343312e-01  -6.3468196e-02  -2.5167419e-01  -2.4904593e-01   2.8195189e-01   2.6186926e-01   3.7372767e-01   1.6157537e-01   3.9356991e-01   5.5574445e-01   2.8358351e-01   5.1018373e-01  -2.4736012e-01  -1.6606957e-01  -9.0626353e-03   1.2978279e-02  -7.3196574e-02   3.6430177e-01   1.2335254e-01   2.7603629e-01  -2.1878988e-01   9.9108550e-02   1.0550900e-01   3.4827385e-03   2.5971435e-01   3.4116210e-01   1.9790495e-01  -9.4328961e-02   1.4604966e-01  -2.0780297e-01   8.7126146e-03  -1.8714105e-01   6.9074166e-02  -6.0834479e-03  -1.5074080e-01   4.7461848e-01  -2.0045564e-01   1.6718342e-01  -3.4029077e-02  -2.4037505e-01   4.9074979e-01   4.3039363e-02   1.4277554e-01   1.6613270e-01   8.3689391e-02   1.3844076e-01  -1.0312091e-01  -2.1532335e-01  -4.1675662e-02  -5.1611214e-02   2.9873445e-01   1.5037150e-01   2.4308554e-01   9.4250836e-02   9.4569330e-02  -2.1493346e-01  -3.2774540e-01  -3.1933872e-01   9.9437933e-02   2.6463248e-01  -1.7316119e-01  -1.2812890e-01   2.7862164e-01   1.1040206e-01   2.3873530e-01  -2.1135313e-01   1.1430982e-01  -3.2424709e-02   6.5701761e-02   3.1712097e-01   5.4664950e-01  -8.4453908e-02   1.1821786e-01   1.2728045e-01   3.9669914e-02   2.8847337e-01   5.9215164e-02   9.8804819e-02  -3.3501027e-02   2.5126904e-01  -6.1177016e-02   4.7363699e-01   1.8132901e-01   4.7754266e-02  -4.2472845e-02   1.7766672e-01  -2.6023826e-01   7.1417401e-02   3.2320850e-02   1.5742205e-01  -3.3276880e-01  -7.7192237e-02   1.8221115e-01   9.1126424e-02   3.3129697e-01  -2.4443642e-01   7.8648663e-02  -2.3306903e-01   4.0121583e-02   3.6416147e-01   4.6117997e-01   3.4039202e-02  -2.5619232e-01   4.1434434e-02   1.8117462e-01   1.7460202e-01   5.1999328e-02   3.2278225e-01   4.8534258e-01  -3.1713395e-02   2.7458970e-01   2.0747026e-01   1.1440720e-02   1.9673641e-01  -1.2807449e-01   1.2798230e-01  -2.5403967e-01   1.0339826e-01  -1.9244811e-01   4.2615327e-01  -3.3104154e-01   1.6839024e-01   1.2308531e-01   4.3727494e-01
   2.2299809e-02  -1.3682914e-01  -2.1598533e-01  -1.0285187e-01  -1.3988328e-01   1.7494645e-01   4.2062197e-01  -7.6329163e-02  -1.0532853e-01   0.0000000e+00   6.3197748e-02   1.6892787e-01   8.7516117e-02  -6.1625362e-02   1.8947188e-01  -8.4727285e-02  -2.3065326e-01   8.3305571e-02  -2.3487395e-02  -5.9984051e-02   1.8519919e-01  -1.5249870e-02   3.3363789e-01   4.7939719e-02  -2.0475613e-01   8.3005431e-02  -8.1115200e-02   3.2410023e-01  -9.8408919e-02  -1.2767420e-01   1.5123073e-01   1.4280179e-01  -1.4487926e-01   7.6025947e-01   8.7753547e-02   2.0388753e-01  -5.5461831e-02   2.7850585e-02  -6.7793649e-02  -2.1502127e-01   1.4239283e-01  -5.1226190e-02   5.8069753e-02  -7.4709466e-02   1.7977502e-01  -2.4336992e-02  -1.0735565e-01   2.2283434e-01  -2.0173629e-01  -2.1656265e-01   2.5077622e-01  -6.5180631e-02   2.2333155e-01  -1.4985551e-01   5.3165300e-02  -2.1093972e-02   1.9387783e-01   1.4959560e-01   6.0550503e-02   2.7261254e-03   6.5145133e-02  -2.0422852e-01  -2.4670691e-01   8.2034174e-02  -1.0082320e-01   4.7369864e-01  -1.9667293e-03  -2.2761421e-01  -3.1500824e-02   7.2032267e-03   1.2185993e-01  -8.4118297e-02   1.3339120e-01   1.1725007e-02   1.6936442e-03   5.7260589e-03   1.7547288e-02   1.9228671e-01  -1.8509987e-01  -1.9443639e-01   1.9621969e-01   1.0275587e-01   2.1338465e-01  -2.0646585e-01   2.8156728e-02   7.0876615e-02   8.8815313e-02   2.8012895e-01  -3.1544884e-01  -6.2289810e-03  -1.8607007e-01  -9.1481765e-02   3.6415414e-01   1.9428156e-01  -1.7652563e-02  -9.9986699e-02   4.4608187e-03   9.7554062e-03  -2.4371618e-02   4.4191894e-01   1.4034540e-01   1.7245919e-01  -4.0565503e-02   1.5420869e-02   1.3302944e-01  -9.9384174e-02  -1.2035790e-01  -2.0101826e-02   2.8005137e-01   2.6558352e-01   3.8317457e-01  -3.0389310e-02  -1.6599224e-01   5.4498806e-02   3.4005851e-01  -1.2522359e-01   1.4701365e-01   2.8594788e-01  -1.6039262e-03   1.6279131e-01   3.2114299e-02  -6.6088871e-02   3.8202782e-02  -2.3722164e-01   7.9453583e-02   5.7815741e-02   1.8488416e-01  -3.5886300e-01   5.6439814e-02  -1.3393955e-01  -1.0716783e-01   4.4285819e-01   9.4950513e-02   1.3232328e-01   5.5337331e-02  -2.3450477e-02  -2.3694272e-01   1.4385730e-01  -2.0044089e-02   1.2853176e-01  -1.8094161e-02  -2.5055771e-01   2.0476418e-01  -1.1801014e-01   3.3209093e-01  -2.0678671e-01   4.2190105e-01  -7.8071501e-02   4.1944308e-01   2.0558821e-01   1.3781031e-01  -4.7648425e-03  -4.2786144e-02   2.7199068e-02  -2.4845071e-01   5.4957580e-02   1.9029892e-02   2.0854584e-01  -1.2911338e-01   4.6030091e-02   1.2886159e-02  -4.0653938e-02   3.8890289e-01  -3.3439295e-02   1.0812886e-01   2.8039011e-01   2.4206445e-01   1.1743803e-01  -3.0803933e-02   2.6772256e-01   3.5807711e-01  -8.7649060e-02  -6.0978128e-02  -1.2516743e-01  -1.1056300e-02  -1.7013103e-01  -3.2750398e-02
   1.1218750e-01   9.7271406e-02  -1.8796406e-01   3.4834466e-01  -8.5430334e-02   1.1756082e-01   2.2598158e-01   5.2239321e-02   2.7430064e-01   6.3197748e-02   0.0000000e+00  -2.0841291e-01  -5.5925569e-02   1.7854169e-01   3.5572843e-01   7.6494570e-02  -2.3005499e-01   6.1397863e-01  -1.8158908e-01  -2.2214249e-01   2.4062951e-01   2.1846490e-01   6.1248354e-02  -1.9578163e-01  -1.1820283e-01  -7.1694989e-02   1.4489801e-02   2.2388362e-01  -5.2046688e-02   4.0541635e-01   3.1809327e-01   2.8780242e-01  -2.6787686e-01   1.8793713e-02   3.7416982e-01   3.7532682e-01   1.4732906e-01  -1.8643032e-01  -1.9760421e-02  -2.7990860e-01   9.6898091e-02  -1.4282338e-01   6.4146803e-02   2.0001343e-01   2.9716606e-01   3.8842978e-01   5.6124819e-01   3.8325105e-01   1.0740305e-01  -4.3916114e-01   4.8304670e-01  -6.4538278e-02  -4.2671699e-02  -1.9535096e-01   1.0980283e-01   1.8861302e-01  -5.8443808e-02   4.1708350e-01   2.6545872e-01   3.1267793e-01   2.9587643e-01   1.3973515e-01  -1.1305716e-01   3.1714870e-01   4.0768845e-01   1.9247198e-01   2.3866080e-02  -4.9402909e-02   3.8138132e-01   1.4033470e-01  -1.4156083e-01   2.8468601e-01   8.8663755e-02   7.4344382e-02  -3.6260909e-01   5.2640415e-02   1.2759627e-01   6.8086111e-02  -6.1562917e-02  -1.5788074e-01   1.6974833e-01   1.1574144e-02  -1.3621061e-01  -2.3065936e-01   1.0983389e-02   7.8164563e-02   1.8015012e-01   3.2532235e-02  -1.0508466e-01  -3.2494106e-02  -3.6891303e-01   5.5505131e-02  -1.9719223e-01   3.5991417e-01   5.9516659e-02  -1.5220318e-01   4.6747438e-02   4.5097483e-02   1.7844813e-01   9.7049725e-02   3.9154604e-02   3.0243971e-01   2.1268499e-01   3.8421030e-01   3.8777513e-01   2.7222549e-01  -1.9854262e-01   2.4542401e-01   2.1607930e-02   1.3864270e-01   8.5821223e-02   2.9144792e-01   2.1069123e-01   1.1087902e-01   1.9188758e-02  -1.6021886e-01  -8.2047752e-02   1.3350136e-01  -4.2970649e-02   3.5253580e-01   1.5716704e-01  -2.1053355e-01  -3.2915806e-01   4.0029414e-01   1.0977333e-01   1.6519639e-01   4.0301808e-01  -4.0323204e-01   2.2678670e-01  -8.9934991e-02  -3.4819277e-02   3.5837667e-01   1.7519112e-01   3.4336633e-01   3.7906498e-02   9.5288078e-02  -3.3509197e-01   1.6119790e-01   1.8760075e-01  -4.3283698e-02   2.0206847e-01  -2.8255600e-01   3.0250203e-01  -9.0287024e-02   2.0533103e-01   2.2463949e-01  -2.3016076e-01   3.0432180e-01   3.0094729e-01   2.7891536e-01   1.7046047e-02   7.1630582e-03   3.0314107e-01   5.2101481e-01  -3.1471653e-01  -2.1357110e-01   1.7856315e-01   3.6124229e-01   4.0150932e-02   1.0819584e-01   1.7558557e-01   4.4822950e-01   1.7743007e-01   4.8817231e-01   2.5758878e-01  -2.2932428e-01   4.2738346e-01  -2.2524517e-01   2.8313236e-01  -1.4321620e-01  -6.6623287e-02  -2.0983106e-01   4.7227202e-01  -5.7107797e-02  -3.1472856e-01  -1.9892997e-01   3.0638863e-01
  -2.6769548e-01   5.6885195e-01   5.9354459e-01  -1.0101765e-01   2.1872270e-01   9.3004350e-02  -1.1891171e-03  -1.4990119e-01   1.7638321e-01   1.6892787e-01  -2.0841291e-01   0.0000000e+00  -6.1000524e-02  -1.3057412e-01  -8.8537551e-02  -5.1879908e-02   5.0932850e-01  -2.2749103e-01   7.0755835e-02   3.8555147e-01  -1.3970191e-01  -3.0378515e-02  -1.1059526e-01  -3.1683025e-01   6.7323371e-02   1.3511257e-01   3.4182378e-01  -1.5772779e-01  -2.1632571e-02  -1.1173149e-01  -5.6507839e-02  -1.1265194e-01  -1.1515186e-01   1.6544209e-01  -1.2471530e-02   2.7973991e-02  -2.5160176e-01  -2.5918600e-01   1.5412712e-01   2.6654555e-01  -1.0781987e-02  -5.0202843e-02   4.1907978e-01   4.6588876e-02   1.6482812e-02  -2.6120173e-01  -2.1756394e-01   2.1141014e-02  -1.1293139e-01   2.7095380e-01  -2.0232130e-01  -2.0588273e-01   4.4865302e-01   4.0844511e-01  -1.3428447e-01  -2.6733994e-01   2.1645655e-01  -5.8273995e-02  -1.4351814e-01   1.7583133e-01  -5.2719248e-03   2.3434431e-01   4.8006909e-01   1.3436601e-01  -2.0125063e-01  -9.7916936e-02   1.8515515e-01   8.9666189e-02  -9.6558683e-02   7.1315523e-02   5.9231221e-01  -7.6256708e-02   1.9363491e-01   1.9235117e-01   3.2276665e-01  -1.4592271e-02  -3.2972827e-01   2.0731579e-01   4.0964985e-01  -9.7672267e-03  -1.9634112e-01   1.3626221e-01   3.6593674e-01  -1.5377263e-01   3.0298418e-01  -8.1860932e-02   2.8160206e-02  -2.1599565e-01   4.3652547e-01  -3.6406431e-01   4.2823567e-01   7.1265721e-02   6.5161233e-01   3.5633875e-02  -3.0228299e-01   3.2652510e-02  -1.1510101e-02  -2.6132067e-02  -6.1841882e-02  -1.0321304e-01   2.2205143e-01   5.7764303e-02  -1.6029589e-01   1.1244268e-01  -1.2905433e-01  -3.4572464e-02   4.0591604e-01   5.7262905e-02  -1.4947646e-01   6.6673687e-02   1.3007588e-01  -1.5280293e-01  -6.3730307e-02  -3.9196061e-01   1.5273479e-01   3.2561701e-01   1.4230742e-01   3.6328327e-01   3.1510773e-01  -1.4149322e-01  -3.2977842e-01   3.2732424e-01   6.2812643e-01   1.5801044e-02  -4.5545760e-01  -9.8251147e-02  -1.3197988e-01   1.6289405e-01  -1.4536926e-02   6.3240861e-01  -7.7185413e-02  -1.9075119e-01   7.0327695e-02  -2.0831678e-01   2.8761262e-01  -4.0561712e-03  -9.8976201e-03   1.6023618e-01  -8.0677651e-02  -2.3002394e-01  -9.7047977e-02   4.1245008e-03   7.2393493e-02   2.5570009e-01  -5.7367328e-02  -2.3112150e-01   7.2731218e-01  -3.1170582e-02  -6.1180850e-02  -1.2261452e-01   2.5570153e-01  -2.1068735e-01  -9.9580213e-02  -5.1494211e-02   5.5379686e-01  -3.2091042e-01  -2.7829970e-01  -1.4147081e-01  -7.3805619e-02  -2.4525037e-01   7.2209437e-02  -7.9294521e-02   5.6018284e-02  -1.3977374e-01  -2.5134767e-02   6.1427750e-01   2.3154060e-01  -7.5623827e-02  -1.6051236e-01   3.2229002e-01   4.6442809e-01  -2.7372661e-01  -9.2033331e-02   1.9103012e-01   3.0073814e-01   8.5526739e-02   3.1915605e-02
   2.9686239e-02  -1.4517559e-01  -9.2463627e-02  -5.9199546e-02   2.9742608e-01   1.0245965e-01   5.0515530e-02  -3.3711016e-02  -5.7254448e-02   8.7516117e-02  -5.5925569e-02  -6.1000524e-02   0.0000000e+00   1.9593548e-01   6.4135389e-02  -2.1979157e-02  -1.6358996e-01   7.7260653e-02  -1.4497931e-01   4.1084830e-01  -8.1595557e-03   1.4233099e-02   1.2379638e-01   8.2792754e-02   5.6670029e-02   3.9087847e-02   1.3928807e-01  -1.0920585e-01  -5.8302689e-03   3.1860529e-02  -1.5486839e-01  -1.3902555e-01   1.9706557e-02   1.3968851e-02   1.9391479e-01   3.1654899e-01   5.8247164e-02   1.1068779e-01   6.4165300e-02  -7.8466360e-02   6.8208544e-01   1.5497876e-01   6.7240120e-02   4.3752112e-02   3.5424112e-01   1.6370742e-01   1.9211683e-01  -1.3218787e-01   1.2541101e-01   2.0272141e-03   1.5756717e-01   6.6273093e-02  -2.1974181e-01  -5.3800185e-02   1.4037338e-01   6.1253345e-02  -2.7543870e-02  -5.7620333e-02   1.5812683e-01   1.2763033e-01   1.1908588e-01   3.3098071e-01  -8.8547198e-02  -1.8387565e-01   1.7521886e-01   4.0693625e-01  -2.3003912e-03   2.1765997e-01   1.8228862e-01   2.2871105e-01  -1.3496426e-01   2.0767734e-01   2.1297944e-01  -2.5735085e-02  -6.1187580e-02  -2.8718283e-01   1.3462835e-01  -7.2066569e-02   2.0100713e-01   8.5157845e-02  -4.6733411e-02   1.9020546e-01  -1.0777078e-01  -7.7999250e-02  -5.2554163e-02  -1.6186701e-01  -2.0067213e-03   1.5261998e-01  -8.8861401e-02   1.4389917e-01   4.8797403e-02   2.4729564e-02   1.4806731e-01   4.4759820e-02   3.4347493e-02  -8.1847992e-02   3.3236200e-01  -1.8595926e-01   3.9735496e-01  -1.3803023e-02  -1.5517469e-02   5.9837319e-02  -7.8714908e-02  -7.3020539e-02   1.0223330e-01  -1.1153605e-01  -1.9717822e-01   8.6316590e-02   3.0770218e-02   1.1408416e-01  -5.3422088e-02   2.0028211e-01   2.6678785e-02   1.6984226e-01  -7.0099547e-02  -5.9299370e-02  -5.7547817e-03   3.5276786e-01   2.5847110e-02   1.5206883e-01  -8.4680698e-02   3.1964743e-01  -1.4897327e-01  -5.5134421e-02   1.7285924e-01   1.7446224e-01   3.1192264e-01  -5.0588307e-02  -1.3033077e-01  -6.9480500e-02   2.8200831e-01  -3.0861936e-02  -9.6558442e-02  -5.9145617e-02  -3.5622228e-02  -2.3456066e-01   1.3506504e-01  -2.8646691e-02  -1.9238317e-01  -1.0455741e-02  -1.6738864e-01   1.1042486e-01  -8.9004585e-02   1.4720713e-01   6.2353057e-02  -1.6772113e-01  -1.2935995e-01   1.5071662e-01   4.2619355e-01  -4.1751612e-02   6.4017215e-03  -6.9841128e-02  -6.5006704e-02  -1.5759122e-01  -6.1521938e-02   8.0733486e-02  -1.4399235e-01   7.3193791e-02  -1.5424012e-02  -2.8936531e-02  -2.3207762e-02  -1.2362685e-01   5.5043166e-02   6.9245330e-02  -6.6188195e-02   8.0170579e-02   1.0044245e-01   2.2292092e-01  -1.5573017e-01  -9.8613699e-02   3.5185582e-01   9.1250508e-02   7.0160614e-02   1.7888861e-01   3.0331772e-02   4.8198102e-02  -2.0332793e-01
   5.6865556e-01   3.5339470e-02  -3.2861909e-02   4.5352011e-01   1.5836466e-01   1.6144453e-01   6.1350781e-02   3.2454552e-02   4.4587967e-02  -6.1625362e-02   1.7854169e-01  -1.3057412e-01   1.9593548e-01   0.0000000e+00   4.4704368e-02   2.0018928e-01  -3.2241225e-02   3.2878566e-01   6.9943632e-02   9.8759150e-02  -1.5916836e-01   5.3554472e-01  -6.7031344e-02   2.7972622e-01   2.0243563e-01   2.8219529e-01  -4.3458705e-03   1.6887723e-01  -9.6454943e-02   5.3700921e-01  -1.3064304e-01   3.1009471e-01  -3.6023684e-02  -2.3416019e-01   3.3073022e-01   2.9034962e-01  -3.2466444e-02   1.9743509e-01   2.9761534e-01  -4.8661498e-01   2.7887871e-01   3.7333605e-02   3.5749618e-03   4.6802110e-01   7.0807157e-02   3.8443977e-01   4.9328335e-01  -1.5257123e-01  -1.9892062e-03  -1.8100059e-01   2.7059783e-01   1.1566279e-01  -3.6601453e-01  -1.2142244e-01   6.0847346e-01   3.5948740e-01   1.3423180e-01   3.6636866e-01   3.1258946e-01   4.0660034e-01   2.4637652e-01   2.4512715e-01  -2.3746999e-02  -2.1654767e-01   2.8438090e-02   2.4317543e-01   1.6865933e-01   1.7582100e-01   4.5979706e-01   1.2205143e-01  -1.5878497e-01   2.6178612e-01   2.9177037e-01   3.9164954e-01   1.4606578e-01   1.1065571e-02   4.0919703e-01   3.1271148e-01  -1.6989080e-01   1.4586028e-01   3.3942376e-01   2.5301938e-01  -1.0907345e-01   1.5731420e-01   1.7215982e-01   1.5296634e-02  -5.4661254e-02   5.8618442e-01   6.0447795e-02   3.9591640e-01  -1.3866409e-01   1.1665476e-01  -1.6717324e-01   4.0649637e-01   2.8449383e-01  -7.5185886e-02   3.7328032e-01   1.4999854e-01   3.8080776e-01  -2.3316164e-01   1.1306277e-01   4.3857001e-02   5.9814968e-01   3.7895925e-01   2.8681274e-01   3.0469893e-01  -1.7986765e-02   4.6110495e-01  -2.4207701e-01   1.6709351e-01  -1.0021667e-01   6.4996746e-01   4.3041576e-01   5.0492963e-01   4.3335185e-02  -2.4243747e-01  -4.3843085e-03   3.3039913e-01   3.3330919e-02   4.7530693e-01   5.2214030e-01  -2.2487927e-02  -1.6714357e-01   1.5376088e-02   2.7500417e-01   7.1664839e-01   2.5519731e-01  -3.3430576e-02   2.8873074e-01  -9.5750307e-02   3.0048685e-01  -2.6365039e-01   6.1969537e-01  -5.6307901e-02   3.5027102e-01  -3.4067698e-02  -1.1548398e-02   5.4915285e-02   1.3978639e-01   2.7627393e-01   4.9039221e-01  -5.6999293e-02   8.5735878e-02  -1.3817970e-01   2.5702405e-02   3.7232728e-01  -3.1402734e-01   1.6953655e-01   3.3600282e-01  -2.1775615e-01   1.2385340e-01   4.0445166e-01   4.1454578e-01  -2.3045879e-01  -2.3384990e-01   1.4635386e-01   5.5487407e-01   3.2740969e-01   1.3732473e-01   4.3830086e-01   2.4767248e-01   6.0081210e-02  -1.4974527e-01   3.4768325e-01   4.1124493e-01  -3.5370149e-01  -8.8896976e-02   1.4345037e-01   5.0616093e-01  -2.2671265e-01  -4.5664478e-03   1.2493702e-01   2.6670026e-01   9.7058015e-02   1.4224973e-01  -1.2617656e-01   4.1549592e-01
