   0.0000000e+00  -1.3083570e-01  -2.7887751e-02   1.3694526e-01  -5.4355619e-02   1.0407009e-02  -7.6628751e-02   1.1379778e-01   1.1838724e-01  -1.0490598e-01   1.2234845e-01  -1.2849620e-02   6.2241186e-02   1.7565891e-01  -5.3247384e-02  -1.2785082e-01  -1.1282466e-01   2.1746636e-01   6.0149290e-02  -4.9134734e-02  -1.8846857e-02  -1.9121087e-03  -8.8930715e-02   3.8226549e-01  -9.7123787e-03   2.6208891e-01   2.3861443e-02   1.2526495e-01   1.0580322e-01  -4.6076494e-03  -4.4342778e-02   1.5313523e-01   4.4518769e-03  -1.0854482e-01  -1.5232525e-01  -5.7182176e-02  -1.7542840e-01   3.2605564e-01   1.1221423e-01  -1.8773470e-01   2.3676790e-01   8.1093335e-02  -5.8151498e-02  -5.4272200e-02   4.6145260e-02   4.9781185e-01   1.2454482e-01  -7.6347499e-02   7.1821472e-02  -7.8512718e-02   8.2717779e-02   2.4239851e-01   3.6357492e-02   5.9768942e-02   1.8850552e-01  -1.0629560e-01   1.9603296e-01   1.6756843e-01   2.4763708e-01   5.2327142e-02   2.1989624e-01   3.6750675e-02  -7.0485104e-03   4.8923714e-02   1.9920751e-01  -7.2335280e-02   3.2844258e-02   2.5988810e-01   1.1847094e-01   1.7566557e-02  -2.6711781e-01   1.4433397e-01   1.8547785e-01   2.6620186e-01   2.2203629e-01   2.1212532e-01   3.4400210e-01   2.2899559e-01  -2.8311962e-02   2.5859327e-01   2.1822785e-01   2.3546571e-01  -1.8159532e-01   1.6055481e-01  -2.3194464e-01   9.2090154e-02  -1.3494718e-01   3.0377113e-01   1.5532789e-01   5.8999731e-01   8.8186450e-02   9.0821737e-02  -1.6845222e-01   2.0977235e-01   2.3312054e-01  -5.7599910e-02   5.2470497e-02   1.7130269e-01   1.6115159e-01  -9.1312377e-02  -4.0947807e-03   5.4159152e-02   3.1559965e-01   2.1836805e-01   1.6372124e-01   7.9316420e-02  -1.0417635e-01   1.2278220e-01  -4.2698624e-02  -8.3084054e-02  -1.9079430e-01   1.1591646e-01   2.5585025e-01   6.8707954e-01  -3.7198972e-02  -3.8153896e-02   2.9158425e-01   2.0115212e-01  -9.8923733e-02   1.3538144e-01   1.4034846e-01  -4.8113659e-02  -4.4565649e-02   1.7291615e-01   5.4098125e-01   2.8512334e-01   3.7089442e-02   1.5996961e-02  -1.3305621e-02  -1.4555784e-01   3.2343245e-03  -2.1869034e-01   3.0836075e-01  -1.2519508e-01   1.6906648e-02   2.2708186e-01   8.6983655e-02  -9.3319199e-02   1.6498388e-01   3.9710739e-01   4.0180709e-01  -1.0535021e-01   1.8994932e-01  -2.1995997e-02  -4.9029869e-02  -3.8574247e-02  -1.8656965e-01   1.1492121e-01  -5.6351689e-02  -1.0892668e-01  -2.7222631e-02   1.6717608e-01   3.9849470e-01  -1.8995554e-01  -6.5944583e-02   2.8777937e-01   2.8133376e-01   1.2374214e-01   1.2825010e-01   3.1580032e-01   1.9203802e-01   1.7240031e-01  -2.0346856e-01  -7.2376445e-02   1.2280446e-01   5.0186375e-03  -1.5381330e-01  -2.2895197e-02   2.9408309e-01  -3.0859910e-01   5.8391064e-03  -2.0939300e-01   1.6977502e-01   5.3626190e-02   1.9488690e-01   1.6634987e-01  -1.1565675e-01
  -1.3083570e-01   0.0000000e+00   4.9853411e-01  -2.4242941e-01   4.8611818e-01   5.3696329e-02  -1.9892516e-02  -4.3977871e-01   2.1367967e-01   4.1061440e-01  -3.4991268e-01   4.0871400e-01  -1.4898128e-01  -1.9321687e-01  -1.1348761e-01  -1.1021216e-01   4.6966106e-01  -1.6188628e-01   2.3582392e-03   3.6432274e-01  -9.2450983e-02   4.4453269e-02  -1.6227825e-01  -3.7551367e-02   1.4254660e-01  -2.4504571e-01   3.8132981e-01  -3.4513758e-01   1.2891552e-01  -3.3061696e-02  -3.3068933e-01  -3.8997257e-01  -1.8017904e-01   3.2774081e-01   8.2812350e-02  -6.4528084e-02  -3.0640211e-03  -2.6406717e-02  -3.4990380e-02   6.4110875e-01  -4.5808312e-02  -1.9469361e-01   2.1353602e-01  -3.9579189e-02   1.9944456e-01  -1.6284374e-01  -2.3422266e-01   3.0637900e-01  -6.7488053e-02   3.9977123e-01  -3.0494603e-01  -3.1460099e-01   5.5060372e-01   2.3004019e-01   5.4198279e-02  -1.0418498e-01  -1.8215954e-02  -3.5035438e-01  -2.2158974e-01  -3.7439098e-01  -2.2726742e-01  -1.1839266e-01   3.8177316e-01  -1.6802859e-01   9.0820689e-02   1.5962047e-01   4.9079445e-02  -1.4028941e-02  -5.1295970e-01   9.2824239e-02   4.6830434e-01  -3.9550288e-01   9.5223108e-02  -9.5100641e-02   1.8464522e-01  -1.3707417e-01  -2.0838609e-02  -2.3624572e-01   3.0070517e-01  -2.2430472e-01  -2.6682740e-01   1.3205178e-01   3.4415887e-01  -2.8265124e-01   1.0942369e-01  -2.6601297e-01   1.1552571e-01  -1.2163128e-01   5.4525077e-01  -1.6895260e-02   4.2326445e-01  -4.4865894e-02   2.1908187e-01  -2.6411444e-03  -7.8140061e-02   3.5874776e-01  -1.5539220e-01   8.0891744e-02  -1.4988115e-01   1.5593927e-01   1.2039096e-01  -1.6980529e-01  -1.9042112e-01  -1.0565572e-01  -4.2506658e-01  -1.4958485e-01   2.4609675e-01  -2.5709906e-01   1.4959694e-01  -9.5721964e-02   2.5790260e-01  -2.9148448e-01  -1.1981590e-01  -3.0453147e-01  -5.5881993e-02   5.7040212e-01   6.3676032e-02   8.8390044e-02   1.8310652e-02  -5.7254774e-01   6.5792771e-02   3.1940607e-01   4.1507459e-01   5.6418841e-02  -2.0629395e-01   1.5248787e-02  -1.9784534e-01   1.6463830e-01  -5.4067493e-02   3.4703469e-01   1.3933768e-01  -5.0965535e-02   2.8254776e-01  -1.0448998e-01  -4.7724786e-02  -1.6112324e-01  -2.5857301e-01  -1.5726716e-01  -2.1089280e-01  -9.3559188e-02   1.0397188e-01  -3.7346659e-02  -2.3285072e-01  -3.5074860e-02  -6.1181060e-02  -1.1112526e-01   4.5310834e-01  -1.1643915e-01   3.7248482e-02   3.4723970e-01  -9.5651925e-02  -3.0709198e-01  -3.6793201e-02   2.8505477e-01   6.8121906e-01  -1.5467943e-01  -1.4135273e-01  -2.0152477e-01  -3.2115731e-01  -2.6159897e-01   1.6389153e-01  -3.1938499e-01   2.8380810e-01  -3.2077652e-01  -1.1550154e-01   3.4788816e-01   2.5871081e-01  -1.6550748e-01   1.8892590e-01   3.9914451e-01   3.6615660e-01  -1.9028405e-01  -4.0377574e-01  -2.5697183e-01  -5.4483775e-04  -3.2769621e-02   1.4993989e-01
  -2.7887751e-02   4.9853411e-01   0.0000000e+00  -1.8285418e-01   1.7551610e-01   3.1731060e-01   7.5589170e-02  -1.3901646e-01   2.4360498e-01   3.4501484e-01  -4.2486120e-01   7.1203455e-01  -5.4421121e-02  -2.6210345e-01  -8.9675892e-02   7.4037878e-02   7.3950857e-01  -3.8348991e-01   1.6230652e-01   2.2699933e-01  -4.2637050e-01  -8.7579684e-02  -2.5076994e-01   2.0407307e-02   8.5702389e-02   6.1801226e-02   4.8940378e-01  -1.7255898e-01  -1.2678152e-01  -1.3227558e-01  -4.5955285e-01  -3.1175264e-01  -1.1130364e-02   3.1705169e-01   4.7388292e-02  -1.9133550e-01  -2.5816963e-01  -4.3471714e-02  -1.1916168e-01   6.2769772e-01  -9.9861387e-02   8.0073816e-02   3.6804533e-01  -2.0615123e-01  -1.5240500e-03   1.0351681e-01  -2.7052558e-01   6.6316439e-02  -3.5538581e-01   5.3229538e-01  -2.5699806e-01   2.5984195e-03   2.4380664e-01   3.2168525e-01   5.7052781e-02  -3.9135691e-02   1.0033972e-01  -3.4211440e-01  -3.0559621e-01  -1.0114887e-01  -3.2855010e-02  -5.6295377e-02   3.7237938e-01  -3.5663623e-01  -2.7006046e-01   1.0864826e-01   1.3216843e-01  -1.1183330e-01  -3.8992294e-01   6.0692480e-01   2.1449802e-01  -2.7987419e-01  -9.3655996e-02   2.5034392e-01   1.2011558e-01  -2.6091888e-01   1.6123474e-01  -7.6209209e-02   1.2068716e-01  -2.1328652e-01  -1.1239584e-01  -5.0980543e-04   3.2814451e-02   2.0656948e-02   1.8329779e-01  -4.1706984e-01  -2.3246812e-01  -7.6151391e-02   2.7462812e-01   8.2319684e-03   2.0155545e-01   3.4015497e-01   4.0127169e-01   1.7818864e-03   1.2939506e-02   3.1895019e-01  -1.7966195e-01   1.1573074e-01  -1.4130495e-01  -8.1279721e-02   2.7296672e-01  -1.0297501e-01  -1.4282884e-01  -5.9671365e-02  -4.5225222e-01  -1.3353468e-01   2.5890168e-01   2.1489193e-02   1.1135620e-01  -1.7908514e-01   3.9100745e-01  -2.2997207e-01  -8.8461244e-02  -1.5386281e-01   6.4554273e-02   1.6993561e-01   2.0088014e-01   1.7672131e-01   2.9143862e-01  -3.7866006e-01   2.0627461e-02   3.7296621e-01   4.8316743e-01  -2.1743122e-01  -5.2839317e-03   1.5752255e-01  -3.8440700e-01   6.5378517e-02  -2.1950296e-02   7.1634024e-01   2.8898171e-02  -4.4646535e-01   1.5688284e-01  -3.6050436e-01   1.4837091e-01  -2.3201846e-01  -1.6842494e-01  -1.5270292e-01  -2.8849780e-01   2.8855760e-02   8.1799881e-02  -1.5300217e-02  -1.6414087e-01   2.9536601e-01  -2.1946324e-01  -5.2672231e-01   5.2557315e-01  -2.0616897e-01   1.7497621e-01  -6.7205822e-02   1.6371433e-01  -6.8621996e-02   1.9956275e-01  -4.2961246e-02   7.8414675e-01  -1.9332247e-01  -4.0476445e-02  -1.0603396e-01  -6.3172917e-02  -1.0927218e-01   1.7374981e-01  -3.9843040e-01   1.3274147e-02  -3.1028121e-01   6.2338633e-02   1.5236024e-01   7.3231313e-02   6.2097568e-02   1.3779198e-01   1.8678771e-01   3.5064481e-01  -7.4322466e-02  -3.7399780e-01   1.2503696e-01  -9.4310222e-02   4.4515398e-03   8.7498438e-02
   1.3694526e-01  -2.4242941e-01  -1.8285418e-01   0.0000000e+00  -1.7480417e-01   1.8105052e-01   7.9898792e-02   3.1332017e-01   9.8358370e-02  -1.2377826e-01   2.6126743e-01  -2.4168284e-01   2.0517996e-01  -5.6263651e-02   1.7702242e-01   1.0244864e-01  -3.5310450e-01   2.7270975e-01   2.6065149e-01  -1.2144528e-01   7.0308044e-02   2.0530731e-01   6.7722517e-02  -9.9924991e-02   2.1709314e-01   3.6788569e-01   4.5492420e-02   1.1171530e-01   1.3546772e-01   1.4143559e-01   2.1530238e-01   4.6946673e-01   2.5919630e-01  -1.3520865e-01  -1.0836695e-01   1.8483357e-01   9.0501604e-02  -1.5752526e-01   1.5742651e-01  -2.3212954e-01   1.6955632e-01   2.9317939e-01  -8.9854762e-02   1.9028682e-03  -7.1825498e-02   1.8002824e-01   4.0398475e-01  -6.1487549e-02   3.2761106e-02  -3.4782094e-01   3.6591925e-01   3.4930927e-01  -1.5048521e-01  -9.8286614e-02   4.8895081e-02   1.8531533e-01   2.6393131e-01   4.0697757e-01   4.6367868e-01   1.9527274e-01   1.2569542e-02   1.3806433e-01  -2.7159899e-01   2.4302624e-01   4.5900788e-02  -8.0814124e-02   2.4037021e-01  -3.1876764e-01   3.9012562e-01  -2.0573251e-01  -1.5428761e-01   5.9382924e-01   9.8700479e-02  -1.1002657e-02  -8.2780910e-02   2.6357163e-01  -5.4279866e-02   1.7796660e-01  -1.7227823e-01   1.8935360e-01   2.2350677e-01   1.7932007e-01  -1.2159458e-01   4.0787519e-01  -2.0481657e-01   2.8857211e-01  -1.3000847e-01  -4.3504141e-02  -1.7172138e-01   3.5073258e-02  -1.7751653e-01  -2.2585085e-01  -2.4377371e-01   9.4838727e-02  -8.0896774e-02  -1.9285566e-01   3.0537939e-01   1.5608524e-01  -3.9267817e-02  -1.9541669e-01   3.3103211e-02   2.1357573e-01   1.3992231e-01   3.6341618e-01   4.5409184e-01   5.5595395e-01  -2.0664045e-01   5.4480396e-01  -8.2377410e-03   2.1221279e-01  -1.2907706e-01   4.1883994e-01   3.8869072e-01   4.9279213e-02   6.0660733e-02  -1.9134888e-01   3.6204472e-01   2.0283790e-01  -6.7649541e-02   4.9127895e-01  -1.7376181e-01  -8.1710035e-02  -1.5421059e-01   1.1060344e-01   8.8735629e-02   1.5746793e-02   9.3063227e-02  -8.1427184e-02   3.2807538e-01  -1.9847468e-01  -7.4174016e-03  -4.4462428e-02   7.5189905e-02   1.5382189e-01   1.7028781e-01   3.2068183e-01  -1.8118188e-02   4.2234861e-02   2.9442422e-01   2.7023826e-02   1.0079708e-02  -2.4792579e-02   4.4187152e-01  -1.3587264e-02  -4.5432633e-02   1.4296913e-01  -1.9901604e-01   1.5921756e-01   6.3667212e-02  -1.8760517e-01   3.1333283e-02   2.5947565e-01   2.4258384e-02  -2.5549382e-01  -3.4210649e-01  -8.9597487e-03   8.1410238e-02   3.6353666e-01  -1.2428439e-01   3.5879807e-01   6.0942995e-02   2.6112075e-01  -1.6849249e-01   4.6476360e-01   4.7302039e-01  -2.0497660e-01  -2.7447556e-01   2.0806120e-01  -2.0098916e-01  -2.1040210e-01  -2.6321355e-01  -2.0043601e-01   3.7226955e-01   2.9906994e-01   1.7765164e-01  -4.1558045e-02   1.0955655e-01
  -5.4355619e-02   4.8611818e-01   1.7551610e-01  -1.7480417e-01   0.0000000e+00  -3.8834869e-02  -3.6061237e-01  -1.4757186e-01  -7.1011305e-02   1.5827757e-01  -9.9425345e-02   1.8514977e-01   1.9833874e-01  -7.3656655e-02  -3.6619097e-03  -2.2027111e-01   3.0917635e-01   8.2134138e-02   6.3069950e-02   5.7405520e-01  -1.3984783e-01  -2.6917873e-01  -3.9320689e-01  -9.3119446e-02   1.2436837e-01  -2.0945132e-01   1.7328354e-01  -3.6373936e-01   2.8710325e-01  -1.2105393e-01  -1.6371658e-01  -3.2609753e-01  -1.8212357e-01   2.8807723e-01   3.9173653e-02   3.4390716e-01   1.1719239e-02   2.1710112e-01  -1.7306103e-04   1.2222468e-01   1.4462145e-01  -1.1543301e-01   2.0556922e-01  -8.9691088e-02   5.3633412e-01  -1.4688697e-02   1.9864592e-01   1.8314828e-02   3.0361734e-01   3.1804356e-01  -1.4062195e-01  -2.3484417e-01   4.6808934e-01   1.0085222e-01  -5.0802989e-02  -2.5732410e-01  -3.6033542e-02  -3.5156081e-01  -8.7837510e-02  -8.5471715e-02   9.7485484e-03   4.5069504e-01   4.3283860e-01  -1.0506535e-01   2.1662346e-01   4.3789760e-01   6.4754179e-02   1.3203295e-01  -2.0000107e-01  -2.2467342e-01  -3.8061216e-02  -5.2034279e-02   2.5879838e-01  -5.6941181e-02   1.7764980e-01  -9.2196451e-02   4.3019269e-02  -1.6048159e-01   5.6935813e-01  -5.6807153e-03  -3.3724376e-01   1.2150167e-01   1.8106646e-01  -2.4100767e-01  -8.0063068e-02  -1.1716446e-01   5.7381750e-02  -1.2219927e-01   3.7278835e-01   4.7990942e-03   7.4498788e-01   1.1149228e-01   3.1470048e-01   2.1434042e-01   1.7180283e-01   5.7183195e-01   6.8699741e-03  -7.3828175e-02   3.0612140e-01  -2.2380576e-01  -1.5276427e-01  -1.4348995e-01  -1.5543341e-01  -3.0497657e-01  -3.1553116e-01  -1.9831040e-01   2.0515287e-02  -1.6510553e-01   2.3289872e-01   7.4534958e-02   3.4820296e-02  -3.3741679e-01  -4.9847859e-02  -1.2989835e-01  -3.8524100e-01   7.2337104e-01  -1.0878125e-01   2.4254638e-01  -4.6820691e-02  -2.8811294e-01  -2.1695873e-01   7.0481181e-01   3.5151448e-01   9.6511373e-02  -1.2383842e-02  -2.6252563e-02   8.1045147e-02   2.4476410e-01  -1.7558355e-01   1.4715111e-02   2.5703189e-01  -1.0186819e-01   1.5467986e-01  -1.9909972e-01   7.8800481e-02  -8.1686858e-02  -4.8387342e-02  -1.6845317e-01  -9.7923353e-02  -1.3942447e-02  -2.5831044e-02   4.0382950e-02  -1.5697176e-01  -1.2379583e-01  -2.4411502e-01  -1.0283529e-01  -6.9820991e-02   3.4420375e-01   1.8699210e-01  -1.7469012e-02  -1.9649174e-01  -1.6290309e-01  -1.3053502e-01   2.8334868e-01   4.1309595e-01   1.8273794e-02  -2.2118006e-01  -1.7518963e-01  -1.0244688e-01  -1.7490535e-01   3.4437033e-01  -1.7981608e-01   3.0919671e-01  -1.9388620e-01  -2.1118869e-01   4.8665209e-01   2.6749695e-01  -3.0955179e-02  -1.3273692e-01   3.3646014e-01   5.7114339e-01  -1.5741401e-01   4.5894205e-02  -2.0658002e-01   1.7749406e-01   1.2382224e-01  -1.5834621e-01
   1.0407009e-02   5.3696329e-02   3.1731060e-01   1.8105052e-01  -3.8834869e-02   0.0000000e+00   5.9473444e-01  -2.1539437e-01  -4.9520373e-02   3.5058039e-01  -1.1179960e-01   2.4465202e-01  -1.8777531e-01   3.2139055e-02   3.9836296e-01   1.8358469e-01  -2.3121018e-02  -7.5897639e-02  -7.6984427e-02   2.9412625e-01  -1.6847119e-01   4.9225094e-02   8.7143267e-02  -3.0721827e-01   8.1166697e-03  -1.8062039e-02   4.1044260e-01   2.1455045e-02  -2.0553228e-01   1.8765905e-01  -2.1930693e-01  -1.4514904e-02  -2.7502774e-01   3.9939327e-01   3.9014401e-01   1.5187619e-01  -9.9604006e-02  -2.7611138e-01  -1.6081698e-01   1.5719507e-01  -1.4226831e-01  -6.1277877e-02   4.8486669e-01  -2.4044350e-01  -2.0308446e-03  -1.9146027e-01   2.1482820e-01   4.3709319e-01  -1.6148456e-01  -1.2830018e-01   2.6913170e-01  -8.4685395e-03  -2.3724901e-01  -3.8340847e-02  -2.9196441e-02   3.5566904e-01   1.5661960e-01   1.3504805e-01  -1.1423616e-01   1.8913022e-02  -1.0388976e-01   5.0403728e-02  -4.6663655e-02  -4.3490152e-02  -3.2166240e-01   4.8490428e-01   7.0397187e-01  -9.3068564e-02   1.7178743e-01   2.9174929e-01  -4.4266900e-02   1.7663237e-01  -2.3599834e-01   1.0874284e-01  -8.5734042e-02  -1.1084404e-01   3.5235497e-02  -1.3644751e-01   1.3668312e-01  -3.3699129e-01   1.0032992e-01   7.8906164e-02  -5.6914541e-02   9.7815203e-02   2.3948513e-01  -1.4477555e-01  -7.2702179e-02  -3.1437546e-01  -1.4182204e-01  -3.1402714e-01  -7.4384393e-02  -9.1251442e-02   2.5673103e-01   1.6038754e-02  -1.7139168e-01  -7.9168921e-02   1.2792113e-01   2.3563325e-02   2.9579479e-02   4.3144586e-03   1.2966371e-01   5.2890080e-01   7.1819776e-02   2.5477440e-02   2.7386256e-01   2.8781187e-02   3.0816125e-02   3.9118765e-01   5.5110337e-02   4.2617049e-01   1.6887194e-01   3.7442813e-01   1.1599005e-02  -1.4039399e-01   1.8207094e-01  -3.6196369e-01   1.9831211e-01   2.7928179e-02   2.2339820e-01   5.9165822e-02  -3.0108331e-01   3.0941770e-01  -1.3089497e-01  -1.9917445e-01  -2.4673858e-01  -8.8062588e-02   1.9873020e-02  -2.2636809e-01  -3.5644774e-02   2.8064140e-01  -2.4002512e-01  -7.4917642e-02  -1.4549402e-01  -3.5953171e-01   3.6493423e-01  -2.4175559e-02  -2.4059428e-01  -3.2271353e-02   9.2450573e-02  -2.2325494e-01  -7.0281098e-02  -1.2561036e-01   3.4041072e-01   4.5306583e-01   2.0111102e-01  -2.7378755e-01   3.5741796e-01  -9.9995492e-03   4.5029202e-01  -3.4495656e-01  -8.1798851e-02  -7.1316543e-02  -1.2821300e-01  -2.4653693e-01   2.3203188e-01  -4.1324565e-01   2.3763818e-02  -4.1465207e-02  -2.4081967e-01  -3.1426149e-02   1.5666769e-01  -1.0749555e-01   1.0285146e-01   4.8772397e-02   5.9724130e-02   1.1044897e-01   3.3332275e-01   2.2018168e-01  -3.4745066e-02   1.8274965e-01   2.0496366e-02  -3.6492132e-01  -2.1333115e-02   5.1551854e-01  -6.5012544e-02  -2.2501162e-01  -1.1979043e-01
  -7.6628751e-02  -1.9892516e-02   7.5589170e-02   7.9898792e-02  -3.6061237e-01   5.9473444e-01   0.0000000e+00  -2.3910856e-01  -5.5796483e-02   4.0133028e-01  -1.4370455e-01   5.2792901e-02  -3.6139699e-01  -3.6308334e-02   3.6995036e-01   1.1072267e-01  -2.6737922e-01  -1.7133378e-01  -2.8438865e-02   7.2867607e-02   5.3641244e-02   1.4663704e-01   6.4828565e-01  -1.4667442e-01  -5.7905862e-02  -1.7342523e-01   2.0798480e-01   2.6224152e-01  -3.3247995e-01   1.7682112e-01  -1.3849991e-01  -3.2187024e-02  -2.7151341e-01   2.3143814e-01   2.8775231e-01  -1.0828854e-01   1.4426192e-01  -2.8339787e-01  -1.6294466e-01   1.3816025e-01  -1.1293125e-01  -1.6298255e-01   3.1200450e-01  -1.4522650e-01  -2.6392242e-01  -2.7021231e-01  -2.0905564e-01   5.0525304e-01  -3.2710421e-01  -2.7444247e-01   1.3443174e-01  -1.1338480e-01  -3.3787712e-01  -1.7864340e-01   1.9164921e-02   4.5630633e-01   5.2642704e-02   1.2309945e-01  -1.0075910e-01  -3.0565299e-01  -2.7912691e-01  -2.8054812e-01  -2.0144074e-01  -3.9540478e-02  -3.4362709e-01   1.4661077e-01   1.9964345e-01  -1.5071237e-01  -2.4747392e-02   2.5230140e-01   1.6912937e-01  -2.4627352e-02  -3.0642638e-01  -1.1232902e-01  -1.3229104e-01  -1.4023722e-01  -8.4776870e-02  -5.0062490e-02  -1.1072420e-01  -2.6526042e-01   3.7697145e-01  -4.3230835e-02  -6.9284608e-02  -5.2117764e-02   9.4420301e-02  -4.0419685e-02  -9.3445182e-02  -2.3262959e-01  -2.8408812e-01  -2.9208738e-01  -3.7079260e-01  -3.4916025e-01   4.3090969e-02  -2.7061755e-01  -2.4105182e-01  -3.5685576e-01   6.4716410e-02   3.9106700e-02  -2.5678672e-01   4.9995120e-01   1.4739378e-01   4.6445629e-01   6.8990903e-02  -4.5856204e-03   2.7454173e-01   1.3858620e-02  -1.0546959e-01   1.3023857e-01   7.1832673e-02   2.1741647e-01   2.9730996e-01   2.9137786e-01  -2.1364713e-01  -1.7315875e-01   5.4469974e-01  -4.5563544e-01   9.3906047e-02  -2.7858726e-02   5.9388259e-03  -4.5754618e-02  -1.9788277e-01  -1.2921888e-01  -2.9933693e-01  -1.6512226e-01  -2.5429023e-01  -3.2924259e-02   1.0036597e-01  -2.6813643e-01  -8.0157816e-02   1.0299452e-01  -1.9490184e-01   3.2294535e-01  -3.0338943e-01  -6.5128950e-02  -6.8709834e-03  -1.2863794e-01  -2.7783692e-02   1.0223324e-01  -4.4183374e-02  -2.2906873e-01  -1.1248979e-01  -1.1539140e-01   1.1972018e-01   2.3798888e-01   7.1886591e-01   7.5294518e-02   5.8140934e-01  -2.7507134e-01   2.1318227e-01   5.5685293e-02   8.7166328e-02  -1.1022182e-01  -2.1421754e-01  -2.7965077e-01  -1.4204194e-02  -2.1459651e-01   5.1572910e-02  -1.1913465e-02  -3.7611700e-01   1.9562147e-02  -6.4367080e-02  -1.6051761e-01   1.2929741e-02   9.0610232e-02  -3.4475901e-02   9.8730215e-03   3.0792068e-01  -2.5119638e-02  -3.8172046e-02  -2.9470063e-02  -2.1471911e-01  -2.2742627e-01  -2.1022016e-01   1.8116492e-01  -4.7109011e-02  -3.0376222e-01  -1.0945930e-03
   1.1379778e-01  -4.3977871e-01  -1.3901646e-01   3.1332017e-01  -1.4757186e-01  -2.1539437e-01  -2.3910856e-01   0.0000000e+00   2.5676134e-01  -4.4743648e-01   3.9790185e-01  -2.3348477e-01   2.4739467e-01   7.1305055e-03  -6.8045771e-02  -7.0652820e-02  -1.5311118e-01   3.0492189e-01   3.2403258e-01  -4.0265887e-01  -8.0473664e-02  -4.3509435e-02  -1.2567367e-01   2.2998860e-01  -1.3318246e-01   5.3151186e-01  -2.4221763e-01   3.6881641e-02   4.5341252e-02  -1.3619847e-01   2.2240369e-01   3.8960925e-01   1.6872054e-01  -2.6673821e-01  -1.5499688e-01   2.1091074e-01  -4.6081674e-02  -2.9382482e-02   3.4402613e-02  -3.8749973e-01   1.3094211e-01   1.5941237e-01  -1.3713906e-01   2.1182890e-01  -5.2699698e-02   3.2139994e-01   1.8675371e-01  -3.7944051e-01   1.5471811e-01  -1.9871871e-01   2.6050244e-01   6.3105065e-01   4.3080686e-02  -1.1112794e-01  -5.0620958e-02   3.3979356e-02   3.1966762e-02   2.3608858e-01   3.9524474e-01   4.7720856e-01   2.3814067e-02   5.3711914e-02   6.3125844e-02   2.9793082e-01   2.6446041e-01  -2.3468574e-01  -8.9165998e-02  -1.5611258e-01   3.9978922e-01  -1.0530555e-01  -2.0772172e-01   1.7740049e-01   2.2089572e-01   1.4517881e-02  -7.2295441e-02   1.4659876e-01   8.1584190e-03   2.3417572e-01  -1.0417748e-01   2.9271314e-01  -2.0608647e-02   2.6932687e-02  -9.4549663e-02   6.7021332e-01  -1.5493803e-01   1.3749217e-01  -1.1683603e-01   1.9844172e-01  -5.1964340e-02   5.0229772e-02  -1.1169200e-01   9.7715615e-02  -2.5277121e-01   2.4711781e-01  -4.2881311e-02  -1.4175405e-01   5.6584122e-02   1.2011717e-01   5.6943178e-02  -2.5789131e-01  -2.0466334e-01   2.4632728e-01  -9.9866944e-02   4.3292957e-01   1.2183124e-01   2.1318499e-01  -2.2655707e-01   4.2320149e-01   1.8675661e-03   9.1877144e-02  -1.3586395e-01   8.9093462e-02   3.1901997e-01   2.0747928e-01  -9.6805601e-02  -1.1288555e-01   7.6193635e-02   1.1849960e-01   5.6509677e-02   5.4971469e-01  -1.4103914e-01  -3.2872679e-01  -1.8477032e-01   1.3673100e-01   2.7682206e-01   1.4133077e-01   7.4733194e-04  -1.3275326e-01   3.3101773e-01  -2.2232782e-01  -5.3199612e-02  -6.6804781e-02   1.1282015e-01   1.5799071e-01   1.0852381e-01   2.5338276e-01  -5.9217395e-02  -3.2924216e-02   2.4656797e-01  -2.9860030e-02   3.5363378e-02  -8.9520969e-02   2.0502765e-01  -6.5718258e-02  -2.9797972e-01  -8.2375878e-02  -3.6227128e-01   3.0302800e-01   2.7580981e-02  -1.0884403e-01   3.0940092e-02   2.5201313e-01   9.0514004e-02  -2.1401366e-02  -4.1931956e-01  -3.5462876e-02  -5.4010565e-02   3.8592027e-01   2.1422962e-01   5.1776136e-02  -7.6445134e-02   3.2478410e-01  -2.1716300e-01   3.0287303e-01   3.4401181e-01  -3.5402698e-01  -3.9264677e-01   2.1733333e-01  -1.1278072e-01  -2.2331731e-01  -2.2954105e-01   1.6635394e-01   4.4327416e-01   1.4923378e-01  -1.4149132e-02  -6.9900372e-02   1.2548047e-02
   1.1838724e-01   2.1367967e-01   2.4360498e-01   9.8358370e-02  -7.1011305e-02  -4.9520373e-02  -5.5796483e-02   2.5676134e-01   0.0000000e+00  -8.2891222e-02   1.3389509e-01   1.0269811e-01  -1.9919868e-01  -6.3819760e-02   1.7972068e-01  -2.4425672e-01   3.1277299e-02   2.5025354e-01   2.3342221e-02  -1.8202545e-01  -4.9008648e-02  -2.5290631e-02  -1.5600995e-01   1.9291174e-01   6.7861439e-02   2.1387415e-01   2.5021188e-01  -2.4584379e-02  -2.9943520e-02   7.0554792e-02   6.6068558e-02  -7.7210666e-02  -4.6708051e-02   9.6351418e-02   1.3026826e-01  -2.5759486e-01  -1.1183656e-01  -1.6430532e-01  -9.6746273e-02   1.9159125e-01  -1.5562630e-01  -1.7526219e-01   1.6978696e-01   2.3875901e-01   2.2521361e-02   1.7048240e-01  -2.3418724e-01   2.5530236e-01  -1.5242125e-02  -2.1445547e-01  -5.3705725e-02   1.7965842e-01   4.1971108e-01  -1.2347055e-01  -7.6137609e-02  -1.1737590e-01   1.9403333e-01  -1.4404227e-01   4.9558182e-02   1.7333740e-01  -2.8413148e-01  -2.4009412e-01   3.7428299e-01   4.7783762e-01   4.7078006e-01  -7.8958231e-02  -1.2297818e-01   1.7722760e-02  -4.4179703e-02   1.7461550e-01   2.9325417e-01  -1.9702250e-01  -7.8795975e-02  -1.3371521e-01   3.6558404e-02  -1.8329442e-01  -1.3530667e-01   1.3534758e-01   5.6144258e-02  -6.3241137e-02   4.6826657e-02  -2.0942343e-01   6.0213417e-03   1.3035916e-01  -1.7168814e-01  -2.2919351e-01   2.1319100e-01  -5.8642901e-03   2.4735516e-01   1.0645646e-01   7.7373266e-02  -2.0389732e-01  -3.2158723e-01   3.6570598e-01  -1.9049058e-01  -1.6048171e-01  -1.5097826e-01   1.9442864e-01  -8.7083035e-02  -2.5006136e-02   8.8799590e-02   1.8237511e-01   9.0454750e-02   5.0324499e-01  -2.6127608e-01  -3.1825323e-02  -1.9031434e-01   1.1621865e-01  -1.1585176e-02  -1.0316556e-01  -9.7157638e-02  -1.4311067e-01   3.2444541e-01  -2.5401026e-02   1.7472062e-02   8.0248489e-02   2.4239250e-01  -1.2160327e-01  -7.7373338e-02  -3.3593089e-02  -1.1073432e-01  -2.2950827e-01   6.9312157e-02   5.7817686e-01   4.9639059e-02   1.5255857e-01  -2.7605763e-02  -3.1673904e-01   2.0819205e-01   1.5731313e-01   6.0720421e-04  -4.9815818e-02   1.7417127e-01   7.1967680e-02   3.0023146e-01  -7.5070486e-02  -3.1789084e-01   1.4075138e-01  -1.7834109e-01  -8.4668877e-02   1.2077620e-01  -1.0334953e-01  -8.2567109e-02  -1.4210526e-01  -1.3582440e-01   3.7514277e-02   1.2838830e-01   1.1743312e-01  -1.2576041e-01   2.8534333e-01  -6.6978181e-02   1.0490896e-01  -1.1139787e-01   2.0825214e-01   9.6220192e-02  -4.5359392e-04  -2.2178236e-01   2.0357193e-02  -1.7267741e-01   4.0425522e-02   1.5484933e-01   1.2322324e-01  -1.7529166e-01   2.4205457e-02  -1.3121758e-02  -3.7325171e-02  -2.5772547e-01  -1.8223977e-02   1.3058612e-02  -1.7327212e-01  -3.2879235e-02  -1.3602426e-01   2.0414982e-01  -4.3594965e-02   7.5940369e-02  -2.0387586e-01   3.1972149e-02
  -1.0490598e-01   4.1061440e-01   3.4501484e-01  -1.2377826e-01   1.5827757e-01   3.5058039e-01   4.0133028e-01  -4.4743648e-01  -8.2891222e-02   0.0000000e+00  -4.1829868e-01   2.3180397e-01  -1.6932023e-01  -2.3757506e-01  -3.1161344e-03   4.3546781e-02   1.5062300e-01  -3.0565397e-01  -1.2061197e-01   4.3331233e-01   3.0460099e-02  -6.4881742e-02   3.8793775e-01  -1.2092718e-01   1.5038211e-02  -3.5990087e-01   4.0337207e-01  -2.3544710e-01  -7.3485584e-02  -1.4784766e-01  -3.5150982e-01  -3.4945015e-01  -1.8123624e-01   4.1721059e-01   4.6346220e-02   5.7326501e-02   1.3427562e-01  -4.0306285e-02  -1.5274132e-01   4.6654330e-01  -1.2281911e-01  -8.4379249e-02   3.6681495e-01  -3.1525304e-01   5.7486023e-02  -1.7658931e-01  -1.8774046e-01   3.8210500e-01  -2.0845132e-01   1.4567940e-01  -1.5683735e-01  -3.0367175e-01   5.4353885e-02   1.9766200e-02   3.3944896e-02  -1.2590197e-02  -6.5672727e-02  -1.4242514e-01  -2.6899356e-01  -4.4382062e-01  -1.5843722e-01  -3.4614850e-03   1.4423555e-01  -3.3869890e-01  -3.7973113e-01   3.0956631e-01   1.4159714e-01  -1.7493874e-01  -3.4273400e-01   1.4895082e-01   2.9055758e-01  -1.4467986e-01  -1.5712074e-01  -1.1258380e-01   1.2595916e-02  -2.2062086e-01  -5.0087556e-02  -1.4029057e-01   1.7688723e-01  -2.6889696e-01  -5.8854572e-02   1.2237187e-01   6.2404030e-02  -2.2753499e-01  -4.6782517e-02  -1.4743853e-01  -1.1462388e-01  -3.3861966e-01  -8.1093254e-03  -3.6032458e-02   1.5616943e-01  -1.7928382e-01   2.5281533e-01  -2.0305733e-01  -7.6033583e-02   7.0654269e-02  -1.0380607e-01  -5.6985181e-03  -1.9400010e-01   4.9448162e-01   9.4309568e-02   7.4149617e-02  -2.7599447e-02  -4.2046908e-01  -1.4046781e-01  -1.4985498e-01  -9.0350979e-03  -2.0613598e-01   3.7985146e-01  -6.4796425e-04   2.9535613e-01  -9.7469609e-02  -3.3391638e-01  -1.8203441e-01   8.6032537e-02   9.9938917e-02  -5.2336974e-03   2.4591018e-02  -1.8834403e-02  -4.2242495e-01   1.1770211e-02   3.4372934e-01   1.2545828e-01  -2.1466417e-01  -1.4889879e-01  -1.6812799e-01  -5.0587012e-02  -8.6116037e-02  -1.3475299e-01   2.2405369e-01  -6.2286958e-02   1.7366718e-01  -2.4142991e-01  -2.0837307e-01  -2.6433198e-02  -1.8833955e-01   1.8941007e-02  -4.4501107e-02  -1.5794846e-01  -1.3072889e-01  -2.5415369e-02  -1.3940487e-01  -1.2544112e-01  -4.3597727e-02   4.1626370e-01  -2.4270655e-02   5.8657254e-01  -2.5431773e-01   3.9536838e-01   1.0406412e-01  -7.9515862e-02  -1.1562234e-01  -1.7983069e-01  -1.5676624e-01   3.6513437e-01  -9.8256769e-02   6.7255469e-02  -1.2904987e-01  -3.4661813e-01  -7.8059606e-02  -1.8122856e-02  -4.3533749e-01   1.9033144e-01  -1.7836899e-01  -2.2737791e-01   4.0576120e-01   2.6264578e-01  -1.8082405e-01  -5.3904576e-02   1.3010224e-01   2.7170321e-01  -1.8668017e-02  -3.1633699e-01  -1.0800183e-01  -7.5160943e-02  -1.7226734e-01  -4.8300935e-02
   1.2234845e-01  -3.4991268e-01  -4.2486120e-01   2.6126743e-01  -9.9425345e-02  -1.1179960e-01  -1.4370455e-01   3.9790185e-01   1.3389509e-01  -4.1829868e-01   0.0000000e+00  -4.2254754e-01   1.1911493e-01   2.0055046e-01   1.2817120e-01  -1.9746151e-01  -2.7686994e-01   6.9930467e-01  -1.3322009e-01  -3.3305670e-01   4.7032900e-01  -6.4713253e-03  -3.7243554e-03   6.0154710e-02  -2.4592324e-01   3.8733916e-01  -6.5149721e-02   4.8645960e-02   8.0038244e-02   2.5206295e-01   4.7839616e-01   5.2499330e-01   5.9296017e-02  -3.3048687e-01  -3.9632402e-02   3.3145528e-01  -5.6719120e-04  -5.3343187e-02   1.7657019e-01  -4.1353300e-01   4.0592565e-01  -2.9416809e-02  -1.8353195e-01   5.6248035e-01   4.3754894e-02   1.6394116e-01   5.1588378e-01   5.8664259e-02   4.4460533e-01  -3.4475297e-01   6.1019452e-01   4.3212227e-01   1.1649622e-02  -2.4070620e-01   2.9230457e-02   1.9932664e-02  -3.2552682e-02   3.6803391e-01   5.5529454e-01   4.4391365e-01   7.2081560e-02   9.6046537e-02  -1.3883096e-01   5.8465234e-01   4.8759746e-01   1.3414717e-01   3.8518884e-02   1.3670812e-01   6.8081870e-01  -2.6223689e-01  -6.5559459e-02   3.0939700e-01   4.3963317e-01  -1.1933645e-01  -1.6616159e-01   4.7780196e-01   1.3935814e-01   3.4184297e-01  -1.6261931e-01   8.0783321e-02   1.4519204e-01   1.5068514e-01   1.0058959e-01   1.6518373e-01  -2.4433776e-01   3.7213629e-01   1.0953984e-01   2.7945181e-01  -1.8088225e-02   2.6591901e-01  -8.5353475e-02  -1.0907246e-01  -3.8640057e-01   3.4484528e-01   6.3939408e-02  -1.5848624e-01   6.0172720e-02   1.7815767e-01   1.6869683e-01  -3.2950790e-01  -6.0400958e-02   2.6010658e-01   2.7426266e-01   4.6122360e-01   3.9819262e-01   2.6416404e-01  -2.4751274e-01   4.0635292e-01  -2.0014522e-01   3.9650010e-01  -3.7110323e-01   3.1254725e-01   3.0564122e-01   1.4829622e-01  -1.8571260e-01  -7.1835933e-02   1.3536582e-01   1.9807136e-01  -1.3229790e-01   4.8450622e-01  -6.0741810e-02  -4.0725720e-01  -4.1407054e-01   4.9575254e-01   2.3038012e-01   8.0593543e-02   2.5088404e-01  -2.4762509e-01   1.5782958e-01  -2.1628607e-01  -1.6030678e-01   2.4334613e-01   5.5003218e-02   3.9772976e-01   1.3655162e-01   4.7371960e-01  -2.1450965e-01   2.4414967e-01   4.8053627e-01   2.4146787e-02   1.7293675e-01  -9.0265523e-02   5.4093404e-01  -1.1707914e-01  -1.6885641e-01   4.2076667e-01  -5.7907040e-01   6.1938471e-01   1.3522911e-01  -9.3140451e-02  -1.6617947e-01   2.4691033e-01  -7.3644503e-02   3.6577833e-01  -4.6385350e-01   1.6058293e-01   4.7635387e-02   4.4888731e-01   1.5760065e-01   2.0049149e-01  -5.6754803e-02   6.7564244e-01   2.4682530e-02   3.1604132e-01   1.4397044e-01  -3.3937221e-01  -1.5236561e-01   1.2057059e-01  -1.4533807e-02  -6.8874492e-02  -3.2849600e-01  -2.7447772e-01   5.6313922e-01  -4.2160652e-02   6.1063825e-02  -1.1651225e-01  -3.4890765e-02
  -1.2849620e-02   4.0871400e-01   7.1203455e-01  -2.4168284e-01   1.8514977e-01   2.4465202e-01   5.2792901e-02  -2.3348477e-01   1.0269811e-01   2.3180397e-01  -4.2254754e-01   0.0000000e+00  -1.0416126e-02  -1.6859249e-01   1.1561063e-01   7.3335777e-02   4.4642084e-01  -4.3720030e-01   1.7945465e-01   1.7535823e-01  -4.9360850e-01  -1.0821666e-01  -3.6817850e-01  -1.7492463e-02  -1.1339992e-03   7.6266261e-02   2.4165314e-01  -8.5764157e-02  -6.2596556e-02  -1.9746037e-01  -3.7763345e-01  -3.4859230e-01  -1.1082115e-01   5.0124440e-01   1.9407078e-01  -3.0007355e-01  -1.2931224e-01  -1.2165367e-01  -1.8838016e-01   4.0562245e-01  -1.2425419e-01  -6.1170295e-02   3.6934201e-01  -2.3639515e-01   1.2370022e-01  -5.8064082e-02  -3.0588962e-01   5.8668845e-04  -3.1738423e-01   4.3639137e-01  -3.5561357e-01   4.5335307e-02   2.2798158e-01   2.5688545e-01   1.9515915e-01   6.4169107e-02   1.9864457e-01  -3.2092639e-01  -2.6226998e-01  -3.5721113e-02  -1.6116777e-01  -1.1108672e-02   3.3243578e-01  -3.0919909e-01  -2.1096668e-01   9.3853971e-02   1.3669438e-02   1.3748118e-02  -3.6710174e-01   4.0437050e-01   1.5058590e-04  -3.8232823e-01  -1.4135261e-01   4.2465512e-01   2.3228756e-01  -2.8136671e-01  -1.2098607e-02  -8.8769838e-03   2.3343177e-01  -5.2884217e-02  -8.7918921e-02   1.1463357e-02   1.8517097e-05  -1.0383173e-02   1.6980458e-01  -4.2801282e-01  -1.5404061e-01   7.2889075e-03   3.4743293e-01  -8.5197890e-03   2.3125036e-01   2.2809815e-01   5.2863347e-01  -5.1777840e-02  -1.0424883e-01   2.7940017e-01  -2.2915509e-01   1.2094853e-01  -5.6727779e-02  -1.4689757e-01   2.3351027e-01  -1.6822079e-02  -5.2034914e-02  -1.1596980e-01  -4.6649436e-01  -2.3886607e-01   1.6384800e-01   1.4144644e-02  -3.2547222e-03  -1.0735110e-01   4.0829329e-01  -2.5239629e-01  -1.4752365e-01  -1.7025458e-01   5.9023261e-02   1.7997272e-01   2.0038303e-01   1.3421788e-01   2.0598844e-01  -3.5751629e-01  -8.7948106e-02   4.0321887e-01   5.0258236e-01  -2.5686268e-01  -8.1509766e-02   2.3545680e-01  -3.1853129e-01   1.2418021e-01  -9.6934799e-02   5.1581277e-01   6.5555331e-02  -2.9738476e-01   2.6141269e-01  -3.9531307e-01   1.2798776e-01  -1.7824626e-01  -7.9827565e-02  -1.3833192e-01  -2.6951345e-01  -2.2419243e-01   3.6379690e-02  -7.0764189e-02  -2.0713755e-01   3.2303665e-01  -1.5866021e-01  -4.6062238e-01   4.9226426e-01  -1.9978341e-01   3.8034185e-02  -4.8226140e-02   1.0552757e-01  -9.2249731e-02   1.6121861e-01   2.1654339e-02   7.1258801e-01  -2.5322228e-01  -1.9722941e-01  -1.3674946e-01  -1.5376048e-01  -1.6832576e-01   2.1904555e-01  -4.3399316e-01  -7.6942790e-02  -3.5140807e-01  -5.3067802e-02   3.6503315e-01   1.5641334e-01   1.7322933e-02   2.0921266e-01   1.9115622e-01   4.8850883e-01  -1.8483919e-01  -4.1730992e-01   9.5691831e-02  -1.4670853e-01   2.2180832e-02   9.1024783e-02
   6.2241186e-02  -1.4898128e-01  -5.4421121e-02   2.0517996e-01   1.9833874e-01  -1.8777531e-01  -3.6139699e-01   2.4739467e-01  -1.9919868e-01  -1.6932023e-01   1.1911493e-01  -1.0416126e-02   0.0000000e+00  -1.1688111e-01  -2.7437708e-01   4.2856588e-02   1.0054538e-01   4.3254231e-02   2.2628466e-01   1.8115851e-01  -1.1108583e-01  -3.7555360e-02  -2.2757931e-01   4.7636528e-02  -3.5285787e-02   1.6889941e-01  -2.4140100e-01  -1.3030467e-01   1.6268113e-01  -1.4843174e-01   8.0073977e-03   2.3896758e-01   3.2458933e-01  -1.7794643e-01  -4.0270624e-01   3.8849104e-01   1.2274576e-01   2.9467564e-02   1.2657081e-01  -2.3084238e-01   4.3469426e-01   4.0277592e-01  -2.3309837e-01   5.8620143e-02   8.8322980e-02   2.5885662e-01   3.9993280e-01  -4.3930246e-01   2.3963789e-01   1.7361781e-01   1.6220496e-01   1.8083735e-01  -4.6985874e-02   3.0435798e-01   1.3157336e-01   3.5582192e-02  -4.1020248e-02   6.6413049e-02   3.1556174e-01   9.3188520e-02   3.0686022e-01   2.8088775e-01  -6.2747670e-02  -1.4153439e-01  -9.5707800e-02  -1.1145461e-01   2.0356116e-02  -1.8555217e-01   2.3095235e-01  -2.1489039e-01  -2.6121318e-01   2.0281194e-01   2.3233751e-01   1.6795446e-01  -5.5124353e-03   7.5667840e-02   8.3662277e-02  -3.9962136e-02  -3.4191323e-02   3.2411212e-01  -1.7660917e-01   1.6804343e-01   1.4213285e-01   1.2065230e-01   8.9461668e-02   9.5060344e-02  -1.8156870e-01   2.0043237e-03  -2.1888304e-02   8.7910881e-02   1.0397643e-01   3.6271780e-01   3.1143199e-01  -2.6120349e-02   7.7411644e-02   2.9932213e-01   9.9436362e-02   6.9382143e-02   9.9467585e-02  -2.1715389e-01  -5.2035787e-02  -1.0651525e-01  -1.6896998e-01  -5.9678819e-03   1.4277831e-01   6.9695283e-02   1.0551878e-01   2.1213811e-01   2.6552789e-01   1.4360179e-01   5.3627183e-02  -1.2158819e-02   2.2422989e-01   7.2368763e-02  -1.9629863e-01   2.1199966e-01  -1.0042793e-01   4.3755747e-01   1.7700446e-01   2.9298275e-01  -7.4626640e-02   1.8637419e-01   2.4539574e-01  -1.5086486e-01   2.3093205e-01   4.8061724e-02  -1.7373430e-02   3.2864219e-01   1.8309618e-01  -1.7857447e-01   3.0945919e-01  -1.1531665e-01   1.4673337e-01  -1.4124728e-02  -2.1341535e-02   1.3712017e-01   1.8664510e-01  -1.3760775e-01   1.0280124e-01   5.5863333e-02   1.4619576e-01   3.8230945e-01   2.0411147e-01   1.2499688e-01  -2.5671655e-01  -1.5964751e-01  -2.8932167e-01   1.8044547e-01   3.1929437e-02  -1.6069469e-01   1.5812570e-01   2.1435536e-02   2.6748340e-01   6.4269784e-02  -1.2736649e-01   6.7647501e-03  -7.1488652e-02   3.7917347e-01   2.3284554e-01   5.8296376e-02  -1.1835959e-01   8.5259584e-02   9.6842978e-02   2.4194256e-01   2.4637619e-01  -1.7183729e-02  -6.6440380e-02   8.0690528e-02   1.5024229e-02   9.5855424e-02   7.1901269e-02   1.1143308e-01   1.8544039e-01   2.2771115e-02  -7.5412387e-02   2.5331564e-01   1.6457869e-01
   1.7565891e-01  -1.9321687e-01  -2.6210345e-01  -5.6263651e-02  -7.3656655e-02   3.2139055e-02  -3.6308334e-02   7.1305055e-03  -6.3819760e-02  -2.3757506e-01   2.0055046e-01  -1.6859249e-01  -1.1688111e-01   0.0000000e+00   5.6046284e-02   1.6029370e-02  -2.0923201e-01   2.2979636e-01  -1.6231464e-01  -1.2382629e-01   2.7170134e-01   1.4341891e-02   1.0788498e-02   1.3418896e-01   3.3616402e-02   5.5109652e-02   1.9827529e-02   4.6377411e-01  -7.5220186e-02   4.5873616e-02   3.3586169e-01   1.9656254e-01  -1.3274464e-01  -2.0139898e-01   7.9029809e-02  -3.9753525e-02   9.7035211e-02   1.9571487e-02   2.1253262e-01  -3.1562882e-01   4.7720671e-02  -1.9234843e-01  -2.8228266e-01   1.0525371e-01  -7.7748662e-02  -8.0691844e-02   6.1137203e-02   1.9703482e-01   2.8705423e-01  -2.5127435e-01   1.3795384e-01   1.1290345e-01  -1.3245367e-01   5.0481519e-02   1.6728937e-01   9.6889047e-02   4.2377719e-02   2.5959694e-01   2.3765594e-01  -1.9482593e-02   9.6680513e-02   3.4202728e-02  -2.1902822e-01   2.4948129e-01   1.5942197e-01  -1.0473744e-01   2.1728094e-01   1.5515527e-01   2.5532462e-01  -1.2614292e-01  -1.2775036e-01   1.4208033e-01   2.6020796e-01   1.0309867e-01  -1.2769524e-01   1.4969681e-01   2.0361080e-01   7.4867510e-02  -8.7318946e-02  -4.7140254e-02   4.0930499e-01   1.3407048e-01  -1.2069651e-04   6.7802634e-02   6.3776068e-02   1.8614962e-01   3.5767004e-01   2.3702443e-01  -9.5618107e-02   1.8902317e-01  -3.0438578e-02  -7.6736676e-02  -1.5157122e-01   1.6320070e-02   6.6845780e-02  -2.3045408e-01   1.1436195e-01   6.0978817e-02   1.3231203e-01  -1.9623796e-01   2.0213278e-01   7.1288960e-02   5.1410348e-01   1.7983055e-01   2.0560988e-01   2.3314658e-01   1.7155974e-01  -2.1848373e-02  -1.9910761e-01   1.1830717e-01  -2.5705072e-01   2.2214725e-01   8.9001707e-02   1.4956044e-01   1.0845947e-01  -1.4788818e-01   1.2531663e-01   4.4629045e-02   9.0581595e-02   2.8053503e-01   1.1764972e-02  -1.3007938e-01  -1.4376531e-01   1.3310060e-01   1.0019189e-01   3.5672219e-01   1.7449419e-01  -1.2494709e-01  -5.5223625e-02  -1.2783927e-01  -6.5324507e-02   1.2760365e-01   1.5911277e-01   1.9790242e-01  -1.0729519e-01   9.4780472e-02  -2.5802318e-02   4.0867715e-01   9.4430371e-02  -1.5169204e-02   1.6092289e-01  -3.8591625e-01   2.5909724e-02   1.4086858e-01  -7.9067170e-03   3.3692338e-01  -3.3851745e-01   1.0498134e-02  -1.1732126e-01  -1.6698448e-01   2.2738031e-02   3.4650567e-01   1.2254223e-01   5.8606825e-02  -1.9091404e-01   2.1974460e-01   1.2542620e-01   1.5937763e-01   7.5398864e-02   3.2290438e-01   9.3046463e-02   1.5449974e-01  -7.0084527e-02   8.0232045e-02  -8.2154361e-02  -2.9893436e-02   2.4064885e-02   2.0549795e-01   2.7451140e-01   4.1171190e-02  -1.9004800e-01  -2.1986770e-01   1.2182057e-01   1.9127568e-01  -7.4498661e-02  -4.7128615e-02  -1.7744192e-01
