   0.0000000e+00  -4.3505509e-01   1.0115619e-01   7.2404707e-03  -1.6306733e-01  -4.9914428e-02  -4.5015707e-01   2.2247718e-01  -3.8203282e-02  -3.2721967e-01  -2.8145849e-01  -4.2799254e-01   7.6609180e-02   3.6794747e-03   7.9804876e-02  -2.3009006e-01  -1.3893529e-01  -2.2993684e-03   1.6220471e-02  -4.6432721e-02   1.1460178e-01   1.9856692e-01   6.6692983e-02   7.3019092e-01   1.1090191e-01   1.5035056e-01  -7.2418850e-02   2.6066280e-01  -1.9402615e-01   5.2472894e-02  -1.2659118e-01   2.6885929e-02  -1.2345525e-01  -4.5682515e-01  -1.8190359e-02  -1.8945387e-01  -1.7975246e-01   6.3509036e-01  -3.8581875e-01  -3.6578829e-01  -1.5204593e-01   1.7090414e-01  -6.0103960e-02  -2.5895390e-01  -2.7710873e-01   5.1112744e-01  -3.3626747e-03  -4.2556039e-01   8.6258755e-02  -2.1773752e-01  -1.0038042e-01   1.4365369e-01  -5.5309922e-01   1.6399109e-01   1.6557360e-01  -1.6765576e-01   9.6829286e-02   1.2061094e-01  -9.4694898e-02   3.2277199e-01   4.7218319e-01  -1.4109683e-01  -1.1874287e-01  -2.3653712e-01  -1.6681231e-01  -9.5624384e-02  -7.9242346e-02   1.1375128e-01  -8.9242993e-02   2.6242404e-01  -5.0905752e-01   9.0730270e-02  -2.7486170e-01  -1.4531766e-01   8.3700279e-02   5.5776446e-02   6.2746472e-01  -4.4977472e-02  -3.1725658e-01   8.0241967e-02   1.2197279e-01  -1.6720573e-01  -5.0212581e-01   5.2377400e-02  -3.6574433e-02  -3.7083778e-02  -2.0910401e-02   5.0356233e-01  -1.5839854e-01   7.3283196e-01  -1.6276973e-01   4.2299663e-01  -1.5998285e-01   1.3877940e-01   5.4777341e-01   1.1837448e-01   8.9554123e-02   9.2516681e-02   6.6432675e-02  -8.1691403e-02  -1.3586563e-02  -3.2072862e-01   1.4204187e-01   2.0765337e-01   3.8138480e-02   4.6789558e-02  -2.6937408e-02  -1.9889194e-02  -6.5342355e-02  -1.7658485e-01  -3.4826477e-01   1.0710030e-01   3.4797400e-01   7.2832828e-01   1.2717306e-01  -1.7768986e-01  -4.1421638e-02  -1.3636134e-01  -4.6966144e-02   5.9279220e-02   6.5914924e-01  -1.5839823e-01  -1.9808163e-01  -2.4638109e-01   6.5539514e-01   1.9325752e-01  -2.9792649e-01   3.6524282e-02   2.3054852e-01  -5.7994085e-03  -1.2795624e-01  -4.7028877e-01   2.5012646e-01  -4.5350923e-01   1.4839582e-01   8.9871937e-02   1.2758352e-01  -1.0752047e-01   1.0052760e-02   6.7173012e-01   6.1203036e-01  -3.6264938e-02  -1.6742699e-01   4.1938783e-02  -9.6646853e-02  -3.0912361e-02  -4.2035965e-01  -1.2366038e-01   3.1899923e-02  -2.9098039e-01   4.6235425e-01   2.0411959e-01   5.5394126e-01  -9.6373920e-02  -2.8101921e-01   6.2464520e-01   5.4818852e-01  -4.6903970e-02   2.4566794e-01   1.9767813e-01   8.7170037e-02  -9.7131304e-02  -3.3584547e-01   8.2091033e-02   1.3067431e-01  -1.6970217e-01  -1.5384953e-01  -5.6804859e-02   5.3936207e-01  -2.1926623e-01  -2.2539578e-01   6.1582207e-01   2.4838651e-01   8.4903027e-02   8.4832544e-03  -8.2316601e-02   8.3425474e-02
  -4.3505509e-01   0.0000000e+00   1.9720861e-01  -1.5115463e-01   4.8051155e-01   1.3093355e-01   1.9174377e-01  -3.3854807e-01   7.9031040e-03   4.5995571e-01  -4.2333897e-02   7.1962114e-01  -2.1113370e-03  -2.0746731e-01  -1.5358498e-01   2.3664616e-01   5.3377459e-01  -2.4048037e-01  -1.4501621e-01   2.7131227e-01  -4.4118886e-01  -3.3002862e-01  -3.9488852e-01  -3.4027225e-01  -8.1459147e-02  -2.0278173e-01   2.0442860e-01  -1.2847973e-01   3.5801683e-02  -3.6040588e-02   1.4630326e-01  -3.9440635e-01  -5.8946112e-02   3.7492561e-01   1.9864621e-02   3.9581809e-01   1.1469790e-01  -3.5570548e-01   2.7046625e-01   5.6308880e-01  -2.7582498e-02  -1.5908494e-01   2.6201778e-01  -6.8764520e-02   3.0883484e-01  -3.4705655e-01  -1.5960565e-01   3.9443869e-01   2.2985007e-01   5.9578376e-01  -1.7475363e-01  -1.6063310e-01   5.3222082e-01  -8.9884803e-03  -3.1386972e-01   5.3251896e-02  -1.5079298e-01  -4.2958468e-01  -1.5955387e-01  -2.9003120e-01  -4.9709774e-01   2.4820184e-01   2.6009475e-01   6.0501917e-02   3.6061089e-01   3.8912293e-01   5.1483989e-02  -3.5005918e-02  -2.4836402e-01  -4.5461205e-02   3.9602338e-01  -3.9277258e-01   1.2243287e-01   4.0999271e-01  -2.0862015e-01  -3.4329999e-01  -4.5235772e-01  -2.2421051e-01   6.4186328e-01  -1.6261393e-01  -2.7807644e-01   1.5542505e-01   2.6896640e-01  -1.9872523e-01   1.1358442e-01  -3.1683168e-01  -2.1073146e-01  -2.4007292e-01   4.2076195e-01  -3.2991045e-01   6.6582604e-01  -4.3949241e-01   2.3613265e-01  -2.9478073e-01  -3.7625845e-01   1.8406335e-01  -5.7950705e-02  -3.4649061e-01  -7.0048161e-02  -1.4567865e-01  -2.8275225e-01   2.1616250e-01  -4.0941154e-01  -3.0537544e-01  -3.5228423e-01  -2.8636198e-01   2.3055265e-01  -3.0802943e-01   2.8857820e-01   2.3036651e-01   1.6321981e-01  -4.0414032e-01  -1.4124069e-01  -4.2837546e-01  -1.7897760e-01   5.5445328e-01  -2.2035014e-01   8.3665249e-02   9.7153693e-02  -2.8765546e-01  -4.2762496e-01   5.0662183e-01   5.3214788e-01  -5.8501355e-02  -3.8444033e-01  -2.5531979e-01   6.0411037e-02  -3.7514406e-02  -5.3322078e-01   1.5440807e-01  -6.3840008e-02   4.4198634e-01   2.1820967e-01   1.3132902e-01  -2.3336057e-01  -3.7120867e-01  -1.5013371e-01  -3.6569025e-02  -3.2209839e-01  -4.2592062e-01  -3.4813551e-01  -9.0889953e-02  -2.1317558e-01   1.2143233e-01  -3.3842731e-01  -3.4392580e-01   3.4106171e-01   4.8773391e-01   2.8239247e-02   2.3650647e-01  -2.4547110e-01  -4.5959656e-01  -3.4604458e-01   4.2319640e-01   7.3080044e-01  -3.1576706e-01  -3.8371853e-01  -1.5665805e-01  -1.1136777e-01  -1.9367638e-01  -2.8930140e-02  -2.4517752e-01   3.7276946e-01  -4.6309539e-01  -4.3151705e-01   4.8591606e-01   2.7766002e-01  -2.2003299e-01  -2.9885843e-01   4.3520076e-01   5.1155949e-01  -3.7614666e-01  -5.1038890e-01   1.4176167e-01  -2.8846392e-02  -2.0548107e-02  -2.3191431e-01
   1.0115619e-01   1.9720861e-01   0.0000000e+00   1.1867223e-01   3.4431981e-01   6.0249016e-01   9.3829292e-03  -9.6773579e-03   6.1647236e-02  -2.4790072e-01  -3.4498553e-01   1.2335384e-01   1.9253002e-01  -7.0418144e-02  -2.1289834e-01  -2.9239044e-02   8.1779078e-01  -1.1138170e-01   7.7148514e-02   5.0409308e-01  -6.6267612e-02   8.3737552e-02   1.4249312e-01   2.0287154e-01   3.8515867e-02  -5.3474583e-02   6.3389289e-01   9.1923394e-02   6.6522319e-02   4.7022825e-02   6.8193919e-02  -1.8213487e-01  -1.2020214e-01  -3.7375317e-01  -2.5913420e-01   2.9754973e-01  -3.2040527e-01   1.1412406e-01  -1.3791984e-01   4.5284891e-01  -1.1142735e-01   2.3698535e-01  -7.7072961e-02  -4.4374738e-01  -3.1584001e-01   3.0434705e-01   1.5406579e-01   2.1177971e-01   1.5322840e-01   5.0245073e-01  -1.8078836e-01  -1.3665944e-02  -3.8068131e-01   9.2660752e-02  -7.2109226e-02  -1.4860388e-01   1.8091768e-01  -5.2291344e-02  -9.7791572e-02  -1.5564467e-01   2.1233597e-01   2.2727222e-01   2.2944484e-01  -3.5496492e-01  -1.6783782e-01   9.7814559e-02   3.6500577e-01  -2.4362134e-02   1.2766779e-02   5.7917793e-01  -6.8051503e-02   1.7236713e-02  -2.9065775e-01  -5.9554521e-02  -1.3010015e-01  -4.4595158e-03   2.0387786e-01  -2.0771371e-01  -3.2892424e-02  -1.5538881e-01   1.1160697e-02  -1.1475569e-01  -4.1989831e-01  -1.8762000e-02  -6.5307905e-03  -1.5534757e-01  -3.4094959e-01   1.2137851e-01   2.1719487e-01   1.6730224e-01   2.6955476e-01   2.9718923e-01   2.2125131e-01  -1.7697439e-01  -3.9898304e-02   6.0663767e-01   2.9763477e-01  -2.7335003e-02   3.9992684e-01  -2.7151244e-01  -7.6554383e-02  -3.9244389e-01   1.6627083e-01  -1.0132416e-02  -1.2979394e-01  -6.1182006e-02   3.0135316e-02  -2.2730293e-02  -2.0277125e-01  -3.2564438e-02  -2.4447306e-01  -8.9020635e-02   2.0479841e-01   1.3714610e-01  -3.3051917e-02   1.4177840e-01  -1.3449587e-01  -1.4891641e-01   7.2167111e-02   1.5995282e-01   1.5225271e-01   2.3050885e-01   1.5674926e-02  -3.1454452e-01   1.7134102e-01  -2.4483622e-02  -2.1243984e-01  -3.9922367e-02  -1.0294932e-01   2.7753301e-01   2.1965982e-02  -3.4015329e-01  -3.7158500e-02  -4.1081841e-01  -7.0181790e-02  -1.0839848e-01  -1.1578707e-01  -9.8131969e-02  -1.4519909e-01   1.3744812e-01   2.0921498e-01   1.8964565e-02  -3.2689333e-01   2.1636580e-01  -2.1589356e-01  -1.2291668e-01   1.1436607e-01   2.4297428e-01   3.2220518e-01  -4.1852163e-01   2.2428298e-01   2.6909977e-02   2.8209085e-01   7.1874787e-02   5.3513757e-01   2.7398848e-01   8.1630597e-02  -1.3684611e-01   2.1398591e-01   7.6926293e-02   1.7888955e-01  -2.4070278e-01  -1.2796736e-01  -3.7618209e-02  -1.4346534e-01   1.0634109e-01  -1.5903467e-01  -5.6920439e-02   1.4515174e-01   1.8228941e-01  -3.2311088e-02   5.3867140e-02  -7.1151675e-02   4.1742528e-01  -4.2845881e-03   1.1246393e-01  -1.8695698e-02
   7.2404707e-03  -1.5115463e-01   1.1867223e-01   0.0000000e+00   6.3867741e-03   3.8775150e-01  -6.7491102e-02   6.1365082e-02   1.1850781e-01  -3.1835292e-01   7.3395474e-02  -2.1970778e-01   2.0720577e-01   1.4113974e-01  -4.2589258e-02   1.6841220e-01   1.3933792e-01   6.0624849e-01   8.9287505e-02   1.3435314e-01   3.1740349e-01   6.7708023e-01   2.5860933e-01   3.7636053e-02   1.4424536e-02   7.7829514e-03   1.5012501e-01  -9.6040723e-02   1.5434000e-02   3.1727443e-01   1.7977199e-01   4.6682571e-01  -8.7247709e-03  -3.2890157e-01  -1.6474536e-01   7.7233387e-02   8.1070954e-02  -1.5237945e-01   2.0301378e-01   6.9311603e-03   3.9340688e-01  -6.0510326e-02  -2.5284881e-01   1.4031126e-02  -2.4483650e-01   4.4607411e-02   4.7453764e-01   8.3300967e-02   1.6293474e-01  -2.8760490e-02   3.7427703e-01  -1.2195136e-02  -2.3889100e-01  -9.2525970e-02   9.9887868e-02  -1.3712292e-01   2.3094208e-01   4.7687108e-01   5.9268284e-01   1.9467175e-01   4.1044126e-02   2.0587442e-01  -1.2317537e-01  -8.3777193e-02   3.3871729e-02  -1.1115709e-01   4.4672532e-01   2.0929343e-01   6.7045460e-01  -9.3579441e-02  -1.7664490e-01   6.1959962e-01   1.3329588e-01  -2.7217965e-01   1.1989335e-01   2.0475598e-01  -2.4611525e-02   2.7007950e-01  -2.7717639e-01   4.5514902e-01   9.4283731e-02   1.9357772e-01  -2.1793385e-01  -2.7645853e-02  -1.3866842e-01   9.3198514e-02   6.4628433e-02   1.1536816e-01  -1.4362814e-01  -2.6619953e-03  -1.9588640e-01   5.8216042e-02  -1.2782131e-01   2.5195460e-01  -1.9840141e-01   2.0623572e-01   3.8953597e-01   3.2690884e-01   3.6075634e-01  -2.9758348e-01   1.3271305e-01  -3.2757519e-01   3.1737545e-01   3.3392424e-01   4.6276826e-01   5.2996547e-01  -7.6565867e-02   4.5450009e-01  -1.5740348e-01   6.3396377e-02  -3.2213120e-01   3.8180685e-01   2.8141519e-01   2.4778778e-02  -9.7491321e-02  -2.6441263e-01   2.6013676e-02   2.5221748e-01  -4.3934855e-02   7.0203485e-01  -3.6808354e-02  -2.3307264e-01  -2.1787902e-01   2.6191755e-01  -1.6393415e-02   1.9097477e-01  -7.3584134e-02   2.5347827e-02   5.3168601e-01  -1.1086386e-01   1.7366789e-01  -2.0501059e-01   2.8844705e-02  -1.5767204e-01   1.1975847e-01   6.6172286e-02   1.7638621e-01  -4.4722536e-02   3.0121761e-02   7.6461671e-03   2.4265154e-01   2.5159146e-01   2.2728669e-01  -5.7889376e-02  -3.3799232e-02   3.3016668e-01  -3.0206834e-01   6.7468410e-02   1.9687054e-01  -6.7742710e-02  -2.1047178e-02  -6.3915804e-03   5.1486085e-02  -3.5653218e-01  -1.0056299e-01   7.3983854e-02   1.1991408e-02   4.8988349e-01  -1.1951093e-01  -8.1814360e-03   3.9510635e-02   2.9023363e-01  -8.8614377e-02   6.6599387e-01   5.2882103e-01  -3.0823398e-01  -4.1715186e-01   2.9625685e-01   7.1179110e-02  -9.1593358e-02  -3.6907849e-01  -1.1020830e-01   4.6140723e-01   1.3827029e-01   1.9490209e-02  -1.7809674e-01   6.0694083e-01
  -1.6306733e-01   4.8051155e-01   3.4431981e-01   6.3867741e-03   0.0000000e+00   2.2066515e-01  -9.6676227e-04  -2.7080151e-01  -8.7249084e-02   2.0510592e-01  -7.8592957e-02   2.7665943e-01   1.4689848e-01  -3.7379928e-01  -1.4863565e-01   1.9856262e-01   5.3377759e-01  -1.6672428e-02  -3.8649488e-02   8.3329044e-01  -3.1782221e-01  -3.1935140e-01  -1.0415768e-01  -1.4131264e-01   7.3880366e-02  -2.1067024e-02   5.2964564e-01  -7.0677309e-02   6.5625053e-02  -2.1876197e-01   9.8053012e-03  -2.6800609e-01  -3.3828069e-02   7.0541190e-02  -4.7219609e-02   8.3421544e-01   1.6469653e-01  -2.4061520e-01   2.3790987e-01   5.8640117e-01   1.6773751e-01   2.2663566e-02  -2.6619380e-02  -3.7229539e-01   1.0912074e-01  -2.4092611e-01   5.5164327e-02   5.1262578e-02   5.8334963e-01   6.9783296e-01   3.2939618e-02  -9.0138627e-02   2.2592270e-01   2.5992482e-02  -1.9532367e-01  -2.1274980e-01  -9.4844425e-02  -2.8685350e-01   4.3427676e-02  -3.3938674e-01  -2.5901774e-01   6.9581199e-01   2.8985608e-01  -2.6841058e-01   3.2666632e-01   4.2842342e-01  -4.1197906e-02   2.1382101e-01  -2.1995487e-01  -1.0967433e-01   9.9691368e-02  -2.6928626e-01   9.3947934e-02   7.4448015e-02  -1.1664941e-01  -2.2748562e-01  -2.7432395e-01  -3.4024732e-01   6.5525184e-01   1.1677250e-01  -1.4613940e-01   2.7904686e-01   5.2255116e-02  -4.8749672e-02  -2.2412157e-01  -1.7616350e-01  -4.9904489e-01  -1.6099365e-01   4.2320830e-01  -2.2121672e-01   7.0340695e-01  -1.6847101e-01   4.0727523e-01  -1.5989084e-01  -2.4126816e-01   7.4842206e-01   3.3259511e-01  -2.0920252e-01   5.1299797e-01  -7.4558680e-02  -3.5504350e-01  -6.9288773e-02  -4.5455677e-01  -3.7616334e-01  -3.3314381e-01  -2.7004922e-01   1.2274751e-01  -1.6994074e-01   2.3263157e-01   5.5622403e-02   1.4380419e-02  -2.8720468e-01   1.2184032e-01  -3.0872238e-01  -2.4386356e-01   7.4084665e-01  -2.8887385e-01   1.9030006e-01  -2.1299442e-01  -2.2747196e-02  -1.9289874e-01   8.1908215e-01   2.7378399e-01  -2.1890710e-01  -1.7964214e-01  -3.2657437e-01  -7.3945467e-02   8.5635368e-02  -4.5214054e-01  -1.4547954e-01   2.0440914e-01   3.7450277e-01  -1.1749412e-01  -1.5340446e-01  -2.7260574e-01  -3.5283769e-01   5.2733485e-02  -1.7421195e-01  -1.8599288e-01  -2.9183231e-01  -2.2423088e-01   4.7982551e-02  -3.4612781e-01  -1.0740562e-01  -2.3950045e-01  -2.4055157e-01   1.2854839e-01   4.8850246e-01   2.5291707e-01   4.1109404e-02  -2.9302771e-01  -4.1615502e-01  -1.7689716e-01   4.7724591e-01   5.6109425e-01  -2.3597073e-01  -1.8551410e-01   5.6152742e-02   2.1730475e-02  -1.1105013e-01   4.3305645e-02  -2.4495334e-01   4.1669044e-01  -2.6540709e-01  -1.8818589e-01   5.6653359e-01   2.6728799e-01  -1.9636778e-01  -1.9215683e-01   6.5841515e-01   5.2031465e-01  -2.1925032e-01  -2.3402155e-01   1.8430974e-01   3.3379920e-02   1.0785345e-01  -7.3168123e-02
  -4.9914428e-02   1.3093355e-01   6.0249016e-01   3.8775150e-01   2.2066515e-01   0.0000000e+00   1.1683737e-01   1.3430726e-01  -2.6105888e-02  -2.4328911e-01  -7.8323412e-02   1.8723731e-02   2.4836975e-01  -5.5316701e-02  -1.8664266e-01   1.5910984e-01   5.8934461e-01   2.4241097e-01   3.6562135e-01   4.2637492e-01   6.5846603e-02   3.2544381e-01   2.4029352e-01   2.7046331e-02  -5.3081556e-03   1.5773013e-01   5.3781889e-01   1.0844553e-01   7.0967114e-02   1.2210832e-01   8.8755545e-02   1.9179426e-01   6.6501664e-02  -3.4095639e-01  -3.4524659e-01   2.8450669e-01  -1.9477203e-01  -1.5183143e-01   1.2611106e-01   4.1692508e-01   1.0190836e-01  -3.0258114e-02  -3.8183808e-01  -2.8635395e-01  -3.4518489e-01  -5.5298481e-03   4.2026590e-01   3.0286302e-01   9.7975466e-02   2.6069116e-01   7.6539989e-02   1.1676632e-01  -3.2403478e-01  -2.3983451e-02  -1.7124886e-01  -1.3082815e-01   5.4482721e-01   1.6106461e-01   1.8989917e-01  -1.0428766e-01  -1.1304452e-02   2.7713598e-01  -8.5684117e-02  -1.9041655e-01  -8.0550440e-02   1.7141224e-02   7.5411196e-01   9.2256828e-02   3.8122675e-01   1.9720927e-01  -1.0462845e-01   2.5451726e-01  -8.2854582e-02  -1.7371960e-01  -1.3619335e-01   1.3929191e-01  -5.4473785e-02   9.5617693e-02  -1.5452000e-01  -1.7383683e-02   1.6659838e-01  -1.6674863e-02  -2.7141425e-01   2.1528293e-01  -2.9870604e-02   5.7063824e-02  -2.8988647e-01   1.4154829e-02  -9.1727313e-03   1.8455629e-02   8.0606629e-02  -4.1930264e-02   1.3689152e-01  -1.9356317e-01  -3.1804901e-01   5.0696036e-01   1.9819564e-01   3.9471660e-01   4.2617865e-01  -3.6585779e-01  -7.4945540e-02  -3.7905822e-01   1.8383586e-01   2.3778410e-01   2.0750005e-01   1.8941785e-01   2.0243831e-04   3.7164458e-01  -2.1476191e-01   1.0114674e-01  -2.2678111e-01   2.5915700e-01  -9.5183250e-03  -1.4324286e-01  -1.0781398e-01  -4.7722712e-02  -1.2240406e-01   4.0668084e-02   1.2556770e-01   3.7749171e-01  -1.3905157e-01   9.0693833e-03  -1.5414486e-01  -2.9478296e-02  -6.6321209e-02   3.0552989e-02  -1.7460880e-01  -1.2582406e-01   9.8037030e-03   1.0177355e-01   2.0731812e-01  -1.9784088e-01  -5.1001669e-02  -2.5597839e-01  -1.8490524e-01   8.0323998e-02  -1.7228471e-01  -8.6301843e-02   3.0649423e-02  -9.0516188e-02   1.3404649e-01   4.5431858e-02  -9.2657666e-02   1.8047054e-01  -1.3925994e-01  -4.2225593e-03   4.0199695e-02   2.1463298e-01   3.6274565e-01  -3.9604436e-01   3.0810979e-02   4.2461703e-02  -1.3179462e-01  -1.1118073e-01   4.0111918e-01   8.6541141e-02  -1.6463641e-01   8.9859156e-02  -1.2339036e-01   5.5162986e-02   6.3817188e-02  -5.1497315e-03  -1.5506799e-01   2.1135847e-01   2.1101228e-01  -1.0954233e-01  -1.4051822e-01   2.4561208e-01  -1.2757356e-01   1.2001677e-01  -1.5606356e-01  -1.7383716e-01   6.8289428e-02   5.3630041e-01   6.0615426e-03  -1.2775188e-01   2.2150517e-01
  -4.5015707e-01   1.9174377e-01   9.3829292e-03  -6.7491102e-02  -9.6676227e-04   1.1683737e-01   0.0000000e+00  -8.3612371e-02   1.4976426e-01   3.7530539e-01   2.5107254e-01   4.7191039e-01  -3.0051100e-01   1.7010273e-01   1.5732137e-01   4.2666861e-02   9.1723918e-02   2.2473143e-02   2.0184867e-02   2.7875472e-03   8.6880478e-02  -1.2551559e-01   1.9063947e-01  -4.0937575e-01  -2.4603551e-01  -2.0938025e-01   1.1986504e-01  -1.4527790e-01   8.1733237e-02   3.2028878e-02   2.1681214e-01  -1.8165695e-02  -7.9802628e-02   4.8912259e-01   1.8684169e-01   1.1959778e-01   1.0540006e-01  -4.1405661e-01   2.9829631e-02   3.6586415e-01  -3.4510134e-02  -2.4713466e-01   1.6001376e-01   2.5831215e-01   3.5820902e-01  -4.9750369e-01   1.3255751e-02   5.3618675e-01  -1.9449048e-01   6.0999097e-02   2.0215220e-01  -1.1026838e-01   3.9725021e-01  -5.6401525e-02  -5.4202914e-02   2.9885285e-01  -2.1264793e-01  -1.4108858e-01   4.9793514e-02  -1.0493604e-01  -4.1021142e-01   8.6814335e-02   1.6476663e-01   2.3833344e-01   5.1129665e-02   2.1041571e-01   3.9239673e-02  -4.6514673e-02  -5.8408179e-02  -4.9408958e-02   5.6341028e-01   4.2772409e-03   1.2500707e-01  -4.8060700e-02  -1.3704106e-01   2.2790745e-02  -3.9768561e-01  -2.8444791e-01   2.0538591e-01  -1.8987002e-01   2.6687840e-01   5.4473776e-02   4.3035410e-01  -5.0887700e-03   2.3369763e-03   1.4694629e-01   1.7256261e-01  -2.4572239e-01   5.8916287e-02  -4.3494935e-01   4.1826742e-02  -3.3094377e-01   2.7595446e-01   9.0671468e-02  -4.7606047e-01  -5.8946387e-02  -6.9102068e-02  -1.2059109e-01  -3.3278889e-02   4.4763016e-01   1.8810118e-01   4.1345680e-01   5.1602006e-02  -5.5858418e-02   5.1361469e-02  -1.0642218e-01  -1.9435222e-01  -1.1269728e-01   7.1171776e-02   1.3859887e-01   4.6958837e-01   5.8281633e-02  -2.5524999e-01  -5.3875117e-01   2.6993377e-01   5.6931365e-02   2.5482476e-01  -2.3380042e-02  -1.0737089e-03  -2.2001245e-02  -5.1038598e-01  -7.9540984e-03   1.3996494e-01   3.1376418e-01  -5.5557275e-01   1.5313521e-01   4.2457974e-01  -2.9312763e-01  -9.5249246e-02  -1.7841954e-02   1.2954768e-01   3.3413314e-01  -2.6666580e-01   4.2473484e-01  -1.5751474e-02  -2.0974737e-02  -1.4131528e-01   3.6113331e-01   7.4929926e-03  -4.4643578e-01  -2.8348064e-01  -1.9041269e-01   8.8955616e-02  -2.5090815e-02   5.0257675e-01   1.0107230e-01   7.4343632e-01   9.6317874e-02  -6.1719107e-02   2.8381247e-01  -2.0881764e-01   1.4417296e-01  -3.4543061e-01   6.9289935e-02   1.8781413e-01  -2.8359914e-01  -5.1907817e-01   8.7470994e-02  -3.6986019e-01   5.4140627e-02   3.7059712e-01   6.4063284e-02   2.7515581e-01   3.8798936e-02  -1.4185212e-01   1.2808360e-01   3.2493039e-01  -1.1171896e-01  -5.0707810e-01   3.1697681e-02   1.8897198e-01  -4.3114082e-01  -3.1734676e-02  -2.4258523e-01  -7.3263033e-02  -3.4109828e-02  -4.4956636e-02
   2.2247718e-01  -3.3854807e-01  -9.6773579e-03   6.1365082e-02  -2.7080151e-01   1.3430726e-01  -8.3612371e-02   0.0000000e+00   2.5445789e-01  -3.1774514e-01  -8.6877976e-02  -4.5839822e-01   3.7045687e-02   1.4896666e-01   5.0941603e-01  -4.5612450e-01  -1.9102703e-01   1.2313392e-01   5.1049625e-01  -2.6200570e-01  -2.1254344e-02   3.0121453e-01   2.9484487e-02   2.6913367e-01   5.0562004e-02   6.3285945e-01  -4.1360332e-02   2.9429072e-01   1.9499759e-01  -3.3039829e-02   3.2224172e-01   4.7019186e-01  -2.0584862e-01  -1.7651912e-01   6.4883881e-02  -3.0326336e-01  -2.3499312e-01   1.3437058e-01  -3.2199232e-01  -3.2285802e-01  -1.3983625e-01  -1.6428923e-02  -8.8486648e-02   1.8059411e-01  -2.6834589e-01   6.8446714e-02  -4.0803492e-02  -2.6673268e-01  -1.5858721e-01  -2.3614905e-01   5.5616371e-02   7.3809120e-01  -3.0761562e-01   9.0351537e-02   6.6708267e-02   9.7824929e-02   3.2532015e-01   4.6550091e-01   3.0025705e-02   4.7598608e-01   1.7022001e-01  -1.4322111e-01  -9.8025216e-02   1.9165332e-01  -2.0273200e-01  -2.5275089e-01   2.8246299e-01  -1.7645792e-02   1.7811989e-01  -6.4719819e-02  -2.7155146e-01   3.2276539e-01  -2.2141567e-01   1.6623809e-03   1.0909228e-01   6.0903665e-01   3.3997359e-01   2.3444001e-01  -3.2131708e-01  -1.2747506e-02   4.4519087e-01  -2.5324978e-01  -2.0189879e-01   6.4187205e-01   6.2201576e-02   6.2783876e-01   6.5862646e-02   2.9860348e-01  -1.3029917e-01   1.6867188e-01  -2.2240425e-01   2.6438156e-01  -2.0829986e-01   2.5770795e-01   3.9524960e-02  -1.0139596e-01  -6.0742365e-02   5.4620143e-01  -4.6166251e-02  -1.5714483e-01   6.0239946e-02  -5.6570232e-02   2.6305777e-01   4.7428753e-01   4.6195368e-01   4.1211078e-01  -1.6823957e-01   3.8209185e-01  -2.8911426e-01  -1.5545636e-01  -1.6219401e-01   4.1256902e-01  -1.0700210e-01   1.1715325e-01   7.9368621e-02  -1.5542414e-01   3.8555488e-01  -2.1143202e-01  -2.2701722e-02   2.6591647e-01   7.2371340e-02  -3.8687883e-01  -2.6995929e-01  -1.8110230e-03   1.3535970e-01   1.6376032e-01  -1.0446596e-01  -8.2258370e-02   4.3350715e-01  -2.0705475e-01  -9.9120876e-02  -3.6667882e-01   2.7500096e-01  -4.3259324e-02   3.2129817e-01   7.8970221e-01   1.1876534e-02   2.2669780e-01   6.5414948e-01   1.0904956e-01   3.2155144e-01   2.9760873e-02   2.4800796e-01  -1.0414008e-01   3.6685712e-01   3.5196572e-01  -2.5295909e-01  -2.9783281e-01  -6.5396787e-02  -3.3038408e-01   2.4553838e-01   6.2377174e-01   7.3069740e-02  -2.7480408e-01  -3.8568184e-01   1.6388107e-01   7.3441849e-02  -6.2087125e-02  -4.0038132e-02   5.9117635e-01   5.9629945e-02   7.8534747e-02  -2.9952577e-01   1.7863169e-01   3.8333146e-01  -2.1663485e-01  -1.7290304e-01   2.1932462e-01   1.7964961e-01  -2.6067543e-01  -3.1807900e-01   5.0728225e-02   1.8885819e-01   9.8369222e-03   2.4141970e-01  -2.3087902e-01   2.8015855e-01
  -3.8203282e-02   7.9031040e-03   6.1647236e-02   1.1850781e-01  -8.7249084e-02  -2.6105888e-02   1.4976426e-01   2.5445789e-01   0.0000000e+00   3.7156979e-02   2.8042071e-02   4.5280901e-03  -1.4618837e-01  -2.1762636e-02   3.7589907e-01  -3.2488451e-01  -9.4091290e-02   1.1796965e-01   1.6667863e-01  -1.9286651e-01   4.0490463e-02   2.5890528e-01  -7.0020313e-02   9.5985552e-02  -2.6450108e-01   1.0140684e-01   1.7172644e-03   3.9123494e-02   1.2693073e-01   3.8742709e-01   5.3568172e-01   1.1130614e-01  -3.2942020e-01   2.3060101e-03   3.1454714e-01  -1.2756734e-01  -2.8035274e-01  -2.3743195e-03  -3.1164519e-01  -2.2266334e-01  -1.8668079e-01  -1.3995292e-01   3.2473220e-01  -1.2196246e-01   1.9774286e-01   8.3095314e-02   9.8173934e-02   1.0630031e-01  -1.3832683e-01  -1.1458727e-01   1.5687130e-01   2.2891629e-01  -3.6191393e-02  -1.7797972e-01  -1.0995942e-01  -9.6782533e-02   5.4206804e-02   3.7762800e-01   1.2598174e-01   4.5246077e-01   3.1985237e-02   1.1057421e-01   5.6781922e-01   2.8055412e-01   1.8452411e-01   1.3444545e-01   3.6545657e-02   7.8452536e-02   9.1640877e-02  -8.8756943e-02  -8.7260880e-02   2.8767001e-01  -2.0431872e-01   2.3676344e-01  -1.1009760e-01   3.1336350e-01   1.2225391e-01  -8.5085102e-02  -7.0459537e-02  -2.6177763e-01   1.6977413e-01  -1.9340915e-01  -7.0435148e-02   1.9570553e-01  -2.4234272e-01   2.5214766e-01   3.7360870e-01   1.0536372e-01   1.3004954e-01  -1.9392519e-02  -8.2583232e-02   2.9753052e-02  -8.1391152e-02   4.8083036e-01   5.2993763e-02  -1.5954266e-01   7.2112615e-02   1.8526441e-01   5.2286785e-02   8.8676153e-03  -1.4645875e-01   6.3931552e-02   6.1474513e-02   5.9176069e-01   3.1566695e-01   3.3751820e-01  -1.4756420e-01   1.5039101e-01  -2.2251416e-01   6.9999366e-02  -1.6575418e-01   1.7373674e-01   2.1963644e-01  -1.5666233e-02  -1.4163653e-01   7.0489029e-02   2.1036809e-02  -2.6546616e-01  -1.0381671e-01   2.5568981e-01   1.0840087e-01  -1.9865094e-01   3.6244971e-02   1.2953614e-01   9.9788456e-02   1.0463599e-02   1.5982041e-01  -2.4136695e-01   3.5973444e-01  -1.4231361e-01  -3.4583879e-01  -9.0919372e-02   2.3703202e-01   6.2856547e-02   4.9466496e-01   3.4244705e-01  -7.1339007e-02  -3.7264586e-02   3.1597840e-01  -7.0712298e-02   5.8383290e-02  -2.6690206e-01   1.3755325e-01  -6.9090227e-02   3.0361036e-01  -3.4196300e-03  -9.6018061e-02   1.0601982e-01  -7.5095222e-03   8.1740033e-02  -1.0410306e-01   1.8564711e-01   9.6990942e-02  -1.2375686e-02  -8.7467959e-02   2.8489557e-02   9.9774866e-02   6.2299618e-02  -2.2046241e-01   2.7816532e-01   2.3607179e-01   2.1039387e-01   1.9108675e-02   9.0794241e-02   1.7352111e-01  -1.1732001e-01  -3.4035960e-02  -2.7173260e-02   1.2023559e-01  -1.5478694e-01  -1.0378872e-01  -1.4184870e-02   2.6489869e-01   1.1539078e-01   9.6936961e-02  -2.7817894e-01   4.1626773e-01
  -3.2721967e-01   4.5995571e-01  -2.4790072e-01  -3.1835292e-01   2.0510592e-01  -2.4328911e-01   3.7530539e-01  -3.1774514e-01   3.7156979e-02   0.0000000e+00   4.4019231e-01   6.2823461e-01  -3.0095755e-01  -1.5602079e-01   1.3462898e-01   2.4678608e-01   2.3224947e-02  -1.2926997e-01  -1.3339409e-01   3.5217526e-02  -7.5863645e-02  -4.5474472e-01  -1.2112362e-02  -4.4558886e-01  -1.9353481e-01  -2.6044429e-01  -6.3498486e-02  -4.2092427e-01  -3.0172175e-02  -1.0451339e-01   1.2979436e-01  -2.6024335e-01   3.1558762e-02   8.0369426e-01   2.5064386e-01   2.2266876e-01   4.0433717e-01  -3.8597350e-01   3.0153162e-01   2.9938923e-01  -1.6574144e-02  -1.6584354e-01   3.4672093e-01   1.3802186e-01   6.4274640e-01  -4.2160528e-01  -1.8930427e-01   2.6316908e-01   4.5045433e-02   1.9222391e-01   1.1975725e-01  -2.5440271e-01   6.9286828e-01  -2.7374375e-02  -2.1768656e-01   9.7168019e-02  -3.9287322e-01  -3.6730841e-01  -8.1884190e-02  -2.0560449e-01  -4.8977106e-01   1.0325972e-01   1.1467244e-01   3.1122564e-01   3.2745538e-01   5.1187347e-01  -3.1583838e-01   1.9075457e-01  -3.7179195e-01  -2.6301960e-01   4.2406645e-01  -2.8144861e-01   2.6783594e-01   7.4304860e-02  -1.9158575e-01  -1.9647570e-01  -4.8884167e-01  -3.1999177e-01   5.9212990e-01  -1.0478619e-01  -3.1489046e-01   3.5616117e-01   5.9252497e-01  -2.1925034e-01  -5.4982138e-02  -1.3746334e-01   8.8584036e-02  -3.6847359e-01   2.8282222e-01  -4.5361398e-01   2.8884992e-01  -4.8487098e-01   3.7663351e-01  -1.0724551e-01  -3.3701613e-01  -1.8926081e-01  -1.9252572e-01  -3.7394358e-01  -5.7639129e-02   4.8129816e-01  -1.7751587e-01   6.4347765e-01  -3.5887864e-01  -4.4943104e-01  -2.9622394e-01  -2.9220052e-01   1.5320328e-01  -3.7014113e-01   4.6515712e-01   2.1103894e-01   5.8425109e-01  -3.0676675e-01  -2.3428395e-01  -3.6226606e-01  -1.5263630e-01   4.2607501e-01  -1.2607830e-01   1.2304566e-01  -1.4387497e-01  -4.0395007e-01  -4.2304032e-01   3.3900226e-01   4.5099607e-01   1.3066129e-01  -4.5613865e-01  -2.5593271e-01   5.3415412e-01  -5.4523005e-02  -4.2023766e-01  -4.1924418e-02   6.3392219e-02   7.0096432e-01  -2.0523709e-01   4.9546006e-01  -1.8068467e-01  -2.5902151e-01  -6.7257511e-02   8.8770843e-02  -1.5899631e-01  -3.5346164e-01  -2.8061910e-01  -3.6634290e-01   2.8830864e-02  -1.2252565e-01   2.1603848e-01  -9.9418861e-02   5.3667293e-01   2.6417699e-01   7.7806923e-04   5.6030455e-01  -3.5825384e-01  -2.7813453e-01  -3.3123493e-01   3.8658571e-01   3.2603163e-01  -4.1875422e-01  -4.3271553e-01  -4.4346802e-02  -1.4286825e-01  -2.5515060e-01   8.0301842e-02  -2.1266175e-02   5.7192100e-01  -3.6169443e-01  -3.1014159e-01   4.1307797e-01   6.0394859e-01  -2.5837700e-01  -3.0734281e-01   2.2861027e-01   5.4140913e-01  -3.4785072e-01  -2.7261042e-01  -2.4083642e-01  -1.4412092e-01   3.4278373e-02  -2.7924089e-01
  -2.8145849e-01  -4.2333897e-02  -3.4498553e-01   7.3395474e-02  -7.8592957e-02  -7.8323412e-02   2.5107254e-01  -8.6877976e-02   2.8042071e-02   4.4019231e-01   0.0000000e+00   2.6907388e-01   5.0495119e-02  -1.4826310e-01   2.1320396e-01   2.4169028e-01  -2.5938128e-01   3.7524930e-01   4.2318833e-02   6.2476576e-02   2.3399727e-01  -1.6563065e-01   2.6289742e-01  -3.5487453e-01  -2.5570416e-01  -2.2016690e-01   5.4268671e-02  -5.0038096e-01  -2.5734462e-03   1.9918898e-01   2.3805197e-01   9.1664616e-02   1.3338789e-01   5.5701916e-01   2.9355010e-01   1.7879157e-01   3.4105234e-01  -4.9934029e-01   2.8938514e-01   8.9766869e-02   3.6311373e-01  -1.9238085e-01   2.7845895e-01   2.6818504e-01   5.7934093e-01  -4.2901988e-01   4.7548668e-01   1.6202301e-01   3.5339553e-02  -1.5248817e-01   5.4477706e-01  -1.7932097e-01   4.5233237e-01  -1.7479708e-01  -2.1605592e-01  -1.3092178e-02  -2.0940446e-01  -1.3046961e-01   2.9698518e-01  -8.6504935e-02  -3.8871609e-01   1.3350925e-01  -1.0755101e-02   5.6883427e-01   3.6713599e-01   2.9629351e-01  -9.8130931e-02   7.4251646e-02   1.4125242e-01  -4.8313415e-01   1.8452149e-01   1.9583323e-01   4.3838276e-01  -1.3307198e-01  -1.8836068e-01   4.6516805e-02  -5.4719262e-01   1.2838143e-03   1.1508101e-01   1.8061976e-01  -3.6711727e-01   3.0924989e-01   4.5215144e-01   4.1892981e-03  -3.2168303e-01  -2.1563823e-02   3.9619808e-01  -3.3355109e-01  -1.0922728e-02  -4.4302696e-01  -2.3174233e-01  -4.6558763e-01   3.7694468e-01   1.6805088e-01  -4.8280299e-01  -1.7499257e-01  -3.3981659e-02   4.1616364e-02   1.5247012e-01   3.0265495e-01  -1.5797418e-01   6.3063548e-01  -3.1872922e-01  -7.4866557e-02   3.4175399e-02   5.0389093e-02  -1.4337937e-01   9.9573927e-02   2.1279159e-01   3.6269645e-01   4.2686118e-01  -1.4395166e-01  -1.1686925e-01  -3.4991416e-01  -2.9497352e-01   2.5205636e-02  -2.8180706e-02   3.6876405e-01  -3.4968116e-01   2.1549715e-02  -4.3636752e-01  -5.9909042e-02  -7.6770979e-02   4.3753749e-01  -4.3210278e-01  -1.7025071e-01   6.5905661e-01  -1.5133343e-01  -1.7330332e-02  -3.3357626e-01   2.6466109e-01   5.0497199e-01  -2.3511986e-01   6.3988295e-01  -6.2874290e-02   2.9894404e-02  -3.5538754e-02   1.0676360e-01   5.1111450e-02  -3.9028561e-01  -2.3442662e-01  -7.2421789e-02   6.2849081e-01  -3.2501676e-01   3.3353835e-01   1.0808774e-01   3.2822756e-01   2.6129892e-01   3.0060468e-01   3.6781400e-01  -5.2335055e-01  -1.7889099e-01  -4.8293869e-01   8.3497780e-02  -9.1824060e-02  -2.4604979e-01  -4.5739445e-01   3.1793240e-01  -2.5012124e-01  -3.9915272e-01   7.9482704e-02   6.7082334e-01   3.6108453e-01   1.5761225e-01  -4.2300205e-02   1.2432453e-01   3.7227212e-01   2.4388322e-02  -4.4168477e-01   3.8887570e-02   2.1076125e-01  -4.2419837e-01   9.2448821e-02  -2.7774796e-01  -2.1082198e-01  -1.1071310e-02  -2.5050662e-02
  -4.2799254e-01   7.1962114e-01   1.2335384e-01  -2.1970778e-01   2.7665943e-01   1.8723731e-02   4.7191039e-01  -4.5839822e-01   4.5280901e-03   6.2823461e-01   2.6907388e-01   0.0000000e+00  -7.7981673e-02  -1.5805914e-01  -1.2714075e-02   3.0351283e-01   3.6063651e-01  -2.7133684e-01  -1.7876469e-01   2.2019337e-01  -3.3894322e-01  -4.4537787e-01  -2.1651947e-01  -4.2503099e-01  -1.6548952e-01  -3.4337333e-01   1.0063644e-01  -3.7842540e-01  -4.0130808e-02  -1.1075911e-01   1.1485569e-01  -3.4122468e-01   4.3587034e-02   6.1082133e-01   2.9956191e-01   3.1321572e-01   1.3972736e-01  -5.0202342e-01   2.5507764e-01   5.0721159e-01   2.8141932e-03  -1.0238607e-01   4.7711275e-01  -2.3725350e-02   5.9474507e-01  -4.4066125e-01  -7.2698455e-02   3.8526213e-01   2.1132101e-02   3.9919632e-01  -3.6201275e-02  -2.9833706e-01   5.7851156e-01  -2.0754743e-02  -1.6810244e-01   2.3042318e-01  -2.5290004e-01  -4.3503759e-01  -1.8919029e-01  -1.9737089e-01  -5.5342129e-01   1.5464641e-01   2.9246640e-01   1.6629026e-01   2.6922812e-01   4.6529630e-01  -1.2103296e-01   1.7854240e-02  -3.2203132e-01  -2.4813401e-02   4.2806275e-01  -2.8091701e-01   1.9930487e-01   3.5006523e-01  -2.1840435e-01  -2.8735739e-01  -5.5281250e-01  -4.1422333e-01   5.8303294e-01  -1.1373562e-01  -3.5327112e-01   1.9917090e-01   4.1686700e-01  -2.9385244e-01   1.1982779e-01  -2.9927447e-01  -5.1365851e-02  -3.2919823e-01   4.2804129e-01  -4.6497731e-01   3.4461276e-01  -4.6054367e-01   4.9792544e-01  -1.4613351e-01  -5.3370464e-01   7.5532540e-02  -1.0746763e-01  -4.7943614e-01  -1.6297670e-02   2.1200275e-01  -2.1403724e-01   5.4958986e-01  -4.1313080e-01  -3.7810020e-01  -3.6681319e-01  -2.9277836e-01   2.1508442e-01  -4.3232242e-01   2.5334107e-01   2.3065163e-01   5.4154699e-01  -3.4252277e-01  -1.3659681e-01  -4.8796267e-01  -1.0997847e-01   4.4312075e-01  -2.3364413e-01   1.2269527e-01   4.8846782e-02  -2.8584036e-01  -5.3938141e-01   4.0674913e-01   5.5155140e-01  -3.1666663e-02  -5.3254738e-01  -1.1114455e-01   3.7037051e-01  -7.9604428e-02  -4.7343802e-01   1.3515836e-01   7.5362256e-02   4.8191357e-01  -6.9650439e-02   2.3267311e-01  -1.1333070e-01  -3.7441101e-01  -1.0992141e-01  -1.1024346e-01  -2.7860641e-01  -4.9854797e-01  -3.8504293e-01  -1.0829943e-01  -1.2242561e-01   1.0984586e-01  -5.5928027e-02  -2.9752788e-01   6.2382004e-01   3.8281286e-01   8.7493524e-02   2.8507117e-01  -2.4634224e-01  -4.7207802e-01  -3.4686668e-01   5.1111378e-01   6.3181613e-01  -3.8236566e-01  -5.6931554e-01  -2.9342965e-02  -1.4668393e-01  -3.0015020e-01   2.1416133e-01  -1.2081346e-01   3.6739096e-01  -4.1699681e-01  -3.9254777e-01   6.0051001e-01   5.1721583e-01  -2.9124384e-01  -3.9650703e-01   3.6897223e-01   6.4476664e-01  -5.1945644e-01  -4.2258985e-01  -1.0998787e-01  -1.5865826e-01   1.0692119e-01  -3.1255817e-01
   7.6609180e-02  -2.1113370e-03   1.9253002e-01   2.0720577e-01   1.4689848e-01   2.4836975e-01  -3.0051100e-01   3.7045687e-02  -1.4618837e-01  -3.0095755e-01   5.0495119e-02  -7.7981673e-02   0.0000000e+00  -7.0845117e-02  -5.5487371e-02   1.7240403e-01   1.4163437e-01   3.3757090e-02   1.0540809e-01   3.8832806e-01  -1.5272511e-01   8.3842842e-02  -6.7452036e-02   1.0777465e-01  -1.0185683e-02  -8.6735276e-04   2.8087645e-01  -1.1513578e-02   6.1849215e-02   6.5856154e-02   4.6958532e-02  -2.6933628e-02   1.4223619e-02  -2.4793329e-01  -5.1242522e-02   2.2250452e-01  -8.7752382e-02  -7.8792311e-02   1.3743449e-01   1.0484356e-01   4.9583333e-01   2.0228792e-02  -8.1306309e-02  -1.1436416e-01  -1.9016455e-01  -2.7158879e-02   3.1090993e-01  -1.3814409e-01   1.8342460e-01   5.6564546e-02  -2.9021860e-02   1.6800794e-02  -2.1705557e-01   2.0685927e-02  -1.4262697e-01  -1.4202022e-01   1.0267953e-01  -6.4597018e-02   1.3875453e-01   2.8941756e-03  -1.2456246e-01   1.8753687e-01  -1.4412392e-03  -8.8799738e-02   4.0547675e-02  -6.1508267e-03   2.4671715e-01   1.3223859e-02   1.9154689e-01  -4.4787565e-02  -2.5203786e-01   1.1778149e-01   2.2937071e-01   4.1372595e-02   5.6495098e-02  -1.6442771e-01  -1.2404743e-01   1.1040520e-01  -9.4942213e-02   1.6089067e-01  -1.8296809e-01   2.8779450e-01  -2.5228126e-01   6.9843906e-02  -1.0450767e-01  -2.0296078e-01  -3.0747881e-02   1.2766280e-01   7.5332964e-02   1.2020655e-01  -9.5389009e-02  -1.5475220e-01   7.9370199e-02  -3.3287553e-02  -1.1692285e-01   3.3775689e-01   2.7391258e-01   1.4224849e-01   3.1567440e-01  -2.5826755e-01  -1.5282917e-01  -1.7936587e-01  -1.7101262e-01   1.0006194e-01  -8.0390887e-02   4.9995028e-02  -3.3108416e-02   1.4803739e-01  -6.3284244e-02   9.4593591e-02  -1.1566115e-01  -1.2225515e-01   1.8309474e-01   2.9057600e-02  -1.2646869e-01  -8.6632576e-02  -1.4657989e-01   5.1983527e-01  -6.5087565e-02   1.2172753e-01  -1.0190332e-01  -9.1596921e-03  -8.5946927e-02  -2.1643434e-01   4.4253759e-02  -6.5957893e-02  -2.3170786e-01   2.7388965e-02  -4.2164212e-02  -1.5886945e-01   2.7202747e-01  -2.0193879e-01   1.4022083e-01  -1.5121649e-01  -1.0342721e-01  -5.3213397e-02   9.8467582e-02  -4.2117345e-02  -1.5554189e-01   2.5461914e-02   8.0804657e-02   4.4536947e-01   3.2638705e-02  -9.2466705e-02  -2.6526492e-01  -1.0312215e-03  -1.1064619e-01   1.6917627e-01   2.9851941e-01  -2.5007812e-01   2.7525813e-02  -1.8760040e-01  -1.1124459e-02  -2.8721006e-02   2.1966998e-03   3.7125816e-02  -2.9140616e-02   2.4910339e-01  -1.4217453e-01  -1.7550945e-01   6.2764344e-02   1.6508525e-01  -1.9908423e-01   5.6605323e-02   7.1719001e-02   5.7745985e-02  -1.8727485e-01   1.2658379e-01  -6.9884211e-02   1.5489621e-01   6.1630356e-02  -2.8890937e-02  -4.1987607e-02   1.3380570e-01   1.7086863e-01  -6.6032282e-02  -1.9160164e-03
   3.6794747e-03  -2.0746731e-01  -7.0418144e-02   1.4113974e-01  -3.7379928e-01  -5.5316701e-02   1.7010273e-01   1.4896666e-01  -2.1762636e-02  -1.5602079e-01  -1.4826310e-01  -1.5805914e-01  -7.0845117e-02   0.0000000e+00   2.8379780e-01  -2.1729382e-01  -1.6802484e-01   8.6333987e-02   1.1361144e-01  -3.6941731e-01   2.4160036e-01   3.0466402e-01   2.0395673e-02   1.4560619e-01   6.1030163e-03  -1.3487090e-01  -1.8658667e-01   1.4876886e-01  -1.0258264e-02   6.9590770e-02   1.2774638e-01   1.1585958e-01   5.6375512e-02  -1.5761698e-01   1.1939432e-01  -3.4756560e-01  -5.6797327e-04   4.6864321e-02  -1.6336605e-01  -1.5915748e-01   2.4288127e-02  -5.1439824e-02   2.3938241e-02   4.6641757e-01  -1.5988690e-01  -2.4767165e-02  -1.8165712e-01  -1.0789626e-01  -2.6000465e-01  -1.6728750e-01  -6.3683033e-03   1.7522353e-02  -2.8353996e-01  -7.0681321e-02   4.5807290e-01   3.8154550e-01   3.4620229e-02   6.0246776e-02   4.0227574e-02   3.3703053e-01   8.5162986e-02  -1.9934828e-01  -2.2057794e-02  -8.8707710e-02  -4.5521980e-01  -3.2537469e-01   6.6930622e-02  -2.8997882e-02   1.7187049e-01   2.2006725e-01   1.5576080e-01   7.5626984e-02  -1.8992696e-01  -1.9997441e-01   1.8521724e-01   1.9438794e-01   1.4628579e-01   1.3316707e-01  -2.2287568e-01  -9.0815727e-02   3.3615913e-01  -1.2946475e-01  -8.0013430e-02   9.4141912e-03   3.8292921e-01   1.9489365e-01   3.0854949e-01   3.7211457e-01  -1.7885316e-01   9.5678012e-02  -2.2343385e-01   1.3204683e-01  -4.1853476e-01   2.1043746e-01   9.0851783e-03  -2.1757882e-01   1.4577356e-01   8.1804492e-02  -1.9001012e-01  -1.3633466e-01   7.8094140e-01  -7.4330657e-02   5.0786261e-01   1.4061068e-01   1.3364132e-01  -9.9712056e-03  -5.4240792e-02   1.0412474e-01  -2.2816745e-01  -3.4064839e-01  -2.2893961e-02   2.4706892e-01  -5.5269220e-02   5.9352912e-02   6.8313229e-01  -2.0720097e-01   3.6688570e-01  -1.1057612e-01   3.7294183e-01   1.8169336e-01  -1.4479221e-02  -3.0774063e-01  -1.1153855e-01   9.1313818e-02  -3.3829276e-02   6.6956197e-01   3.8369233e-02  -1.8938222e-01   1.9649310e-01   2.3582753e-01  -3.0156569e-02  -2.4792437e-01   9.3780120e-02  -8.1834856e-02   2.6080670e-01   1.1501199e-01   1.2706547e-01   6.4685428e-01   1.1943827e-01   7.3263381e-03   2.9138633e-01   2.6038260e-02   1.2305210e-01   2.7442818e-01   2.3937604e-01   5.5378894e-01  -1.0313367e-01  -4.6825228e-01  -2.3359196e-01  -1.9318884e-01   3.9504614e-01   4.2248067e-01   9.4120389e-02  -2.7189214e-01  -2.0942577e-01   1.3343971e-01  -5.2659924e-02   5.0586142e-02   3.6888312e-02   1.1820575e-01   1.8022300e-01   2.6682993e-02  -3.2790095e-01   3.0421005e-01   2.9495244e-02  -1.5588908e-01  -1.8343954e-01   2.3879499e-01  -9.4759879e-02  -4.2706701e-01  -2.3575936e-01   5.8927348e-02   2.2822184e-01  -5.4465769e-02   1.1080591e-01   1.0589834e-02   9.8725618e-03
