   0.0000000e+00  -3.1094272e-01  -2.4504390e-02   2.7132937e-02  -2.9380748e-01  -1.2756967e-02  -1.1292092e-02   5.1842484e-02  -1.3225894e-01  -2.6754980e-01  -2.8266254e-01  -2.3771653e-01  -1.2826193e-01   4.5276571e-02  -2.6157068e-01  -3.6459376e-01  -1.0634770e-01  -3.1912948e-01   1.6175779e-01  -3.0478733e-01  -1.2718529e-01   2.3842089e-01  -1.0653767e-01   5.3949651e-01   3.5169622e-02   3.3059036e-01  -1.0298920e-01   2.3709048e-01   3.4050733e-03  -2.2068108e-01  -1.4740267e-01   5.3775648e-04  -5.7319201e-02  -1.8973051e-01  -2.4045593e-01  -4.1960776e-01   5.1947217e-02   4.4039983e-01  -5.1256665e-01  -7.6086462e-02  -3.5671009e-01   1.8016469e-01  -2.3837610e-01  -7.2592072e-02  -4.6454938e-01   5.1245987e-01  -3.0750996e-01   8.3739423e-03  -2.3489462e-01  -9.3879004e-02  -2.6109804e-01   4.0339329e-01  -1.0931460e-01   2.5337421e-01   9.9681447e-02  -5.6193936e-02   8.6018815e-02   4.0026246e-01  -2.8377493e-01   7.6118501e-02   2.2053965e-01  -4.3745233e-01  -1.3960775e-01  -3.6582043e-01  -1.0759159e-01  -1.9373470e-01  -3.6492028e-02  -2.5083789e-01   2.4697428e-02   1.3374047e-02  -2.1262084e-02  -1.4626012e-01  -3.2904139e-01   1.4804510e-01   1.1859653e-01   2.6805983e-01   1.5572582e-01   1.4402538e-01  -3.9726500e-01  -3.2445525e-01   2.3848938e-01  -3.0792165e-01  -1.0284411e-02   2.8375635e-01   1.2589268e-02   7.3063257e-02  -1.8323986e-01   1.9997465e-01  -1.8230801e-01   5.1905525e-01  -3.0417541e-01   2.0627851e-01  -1.6116581e-01  -2.3026454e-01   4.2539195e-01  -2.0485793e-01  -8.1677832e-02   3.3095333e-01  -3.1599555e-01  -2.2332362e-01   4.7292331e-02  -3.2091956e-01   1.8904184e-01  -5.8957693e-02  -1.1094929e-01   9.1778500e-02   1.6444059e-01   2.0993876e-01  -2.1542246e-02  -1.3292031e-01  -1.8073597e-01   1.2199459e-01  -7.4813122e-04   7.0083001e-01   1.4039903e-01  -3.0077357e-01   1.7600391e-01  -3.2355974e-01   2.1171948e-01  -8.7443967e-02   4.5715469e-01  -3.4062023e-01  -7.8726607e-02  -3.9955141e-01   5.6941157e-01   2.0050156e-01  -3.2931845e-01   8.0350000e-02   1.0004032e-01  -2.0854521e-02  -3.3961792e-01  -3.8002458e-01  -2.3750777e-02  -6.6445449e-04   1.2907982e-01   2.3954784e-01  -1.0177574e-01   1.9027722e-01   3.2664773e-01   6.5748804e-01   2.3934632e-01   2.4653847e-01   8.2553567e-02   3.5122965e-01  -2.1931566e-01  -3.4983506e-01  -1.2740598e-01  -1.8651063e-01  -1.0549423e-01   9.6286782e-02   2.5530406e-01   2.6893834e-01   4.3173212e-01  -4.3346490e-01  -1.6264757e-01   7.4273175e-01   4.6138589e-01  -3.8727493e-01   1.2737792e-01   2.5097698e-01  -1.7392033e-01  -1.0905793e-01  -2.4264151e-01  -1.4079854e-01   1.8924979e-01  -2.1876541e-01  -2.7016113e-01   3.2485299e-01   2.1458364e-01   4.2397562e-02  -3.6717616e-01   4.1773520e-01  -3.7140747e-01  -3.8931339e-02  -6.6870964e-02  -2.5669139e-02   4.6928022e-02
  -3.1094272e-01   0.0000000e+00  -7.2541021e-02  -3.0084155e-01   2.2281049e-01  -1.1673117e-01   8.3067975e-02  -2.3254961e-01   6.2468601e-01   2.2694671e-01  -1.7986588e-01   7.1843959e-01   7.3724187e-02  -9.6850941e-02  -3.2027287e-02   2.8873003e-01   2.4121947e-02   5.8478503e-03  -3.8832179e-02   1.6159437e-01   6.5053628e-02  -1.9453885e-01  -1.1739523e-02  -1.9974945e-01   7.6634067e-02  -8.0989777e-02   2.2522985e-01  -3.4843944e-01   1.5379318e-01   3.4355321e-01  -2.0141221e-01  -1.4655077e-01   1.3992323e-01   3.0222534e-01   6.3398455e-01   1.3826965e-01   3.0722597e-02  -3.0653046e-01   6.4752686e-02  -2.4993000e-01   8.6868434e-02  -1.8449327e-01   5.6034058e-01  -2.5203913e-01   4.9466090e-01  -1.1680559e-01  -1.7125797e-02   5.1851439e-02  -1.9083622e-01  -9.7032219e-02  -4.8603079e-02  -1.7120389e-01   1.4467071e-01  -3.0242968e-01   2.6816654e-02  -3.1911200e-01  -1.3585196e-01  -1.5350578e-01   2.0628050e-01   4.4601187e-01  -2.6385454e-01   1.9657137e-02   4.6042773e-01   2.8318341e-01   1.6351257e-01   2.9551424e-01  -2.2086938e-01   3.6993670e-02  -2.0405730e-01   7.6709704e-03   3.7483572e-01   2.9819145e-02   3.0774157e-01  -1.6069923e-01  -8.4295134e-02  -1.9107466e-01  -1.7404710e-01  -1.5881667e-01   4.5652040e-01   9.1454802e-02  -2.3965600e-01   2.9679138e-01   2.4552400e-01  -2.1579021e-01  -1.6519198e-01  -2.6033558e-01   4.5608883e-01  -1.0825063e-01   2.7169552e-01  -2.0361788e-01   4.2664290e-01  -3.9120579e-01  -1.2508623e-02   4.2687133e-01  -3.3846282e-01   4.2162209e-02  -1.4283140e-01  -2.7290449e-01  -1.0067818e-01   1.4502984e-01  -2.4331342e-01   2.9067383e-01  -1.6165935e-01   2.7911426e-01   2.0344047e-01  -1.6293669e-01  -1.0334975e-01  -2.2463589e-01  -3.4817225e-01  -1.7653651e-01   2.8713805e-01  -2.2750052e-01  -2.4464533e-01  -2.2386557e-01  -3.6146807e-01   4.5150218e-01  -1.2308749e-01   1.0397717e-01  -3.0629954e-01  -1.4917528e-01  -1.2469804e-01   3.8575855e-01   3.3103795e-01   1.9237500e-01  -1.0095945e-01  -4.0539104e-02   8.3904186e-02  -2.1262219e-01  -2.7500890e-01  -3.4896674e-02   2.7501897e-01   1.3496795e-01   4.6701329e-01  -3.7779785e-01  -1.0527303e-01  -2.5993552e-01  -1.1206764e-01  -1.9401428e-01  -2.2058698e-01  -2.8127701e-01   6.2472744e-02  -1.5569154e-01  -2.1936507e-01  -2.5878618e-01  -3.0123548e-02   4.2666805e-01   4.2357039e-02   1.1300125e-01  -8.0141348e-03  -1.3003629e-01  -4.0017507e-01  -1.2795186e-01  -3.0230442e-01   3.6475297e-01   3.3864608e-01  -3.0408390e-01  -2.2904532e-01   1.3295340e-01  -3.8120536e-01  -2.0718880e-01   2.7027112e-01  -1.4849579e-01   3.6831482e-01   1.1666969e-01  -1.5265904e-02   5.4485414e-01   3.6712336e-01  -3.3593772e-01  -2.3052323e-01   2.2044750e-01   6.0182109e-01  -2.9809682e-01   1.6908888e-01   9.2009966e-03   1.8902730e-01  -1.6825362e-01  -6.2853728e-02
  -2.4504390e-02  -7.2541021e-02   0.0000000e+00  -2.3583610e-01   3.7165017e-01   2.2126768e-01  -4.2073958e-01   7.0496592e-02  -2.4349445e-01   4.8634527e-02  -4.9083971e-02   1.9877117e-01   9.4279201e-02  -4.4374762e-01  -1.3535265e-01   1.5964284e-01   8.6311374e-01  -4.6243188e-02   4.3135480e-02   4.3571089e-01  -5.2283909e-01  -1.4926397e-01  -4.1362723e-01  -2.1168555e-01  -1.8011884e-01   4.4198613e-02   9.8184207e-02  -8.6986749e-02   9.8029968e-02  -5.2970486e-01  -2.6444211e-01  -2.2701622e-01   7.3189939e-02  -1.2133461e-01  -7.9024807e-02  -5.2870908e-02  -1.9003936e-01   6.9995137e-02   1.6667078e-01   5.7057885e-01   1.4938658e-01   3.6852904e-01   1.8952964e-02  -1.5731256e-01  -2.7571872e-01   1.4310328e-01   4.0964153e-02  -6.3872235e-01  -3.7200815e-02   8.7074550e-01  -6.2715631e-02   1.1397673e-01  -1.9133045e-01   4.2867022e-01  -9.6508283e-02   9.0023801e-02   1.1377373e-01  -1.5766468e-01   8.8260044e-03   1.7384731e-01   5.3541310e-01   3.7141714e-02   2.5849070e-02  -3.5940750e-01  -5.7406405e-01  -2.0135187e-01   2.2733924e-01  -4.2450267e-02   4.4795663e-02   6.2130402e-01  -4.1883806e-02  -4.1334580e-01   1.7136427e-01   6.5150621e-01   1.7198194e-01  -2.1996980e-01   3.5638485e-01   4.2204382e-02   1.8572734e-01   1.1546298e-01  -2.2873527e-01   2.2628548e-01  -6.5584532e-02   6.3169236e-02   4.8579790e-01  -2.7112790e-01  -1.3594555e-01  -2.7134523e-01   1.7613663e-01   4.7684067e-02   6.5160110e-02   6.3856373e-01   5.3418520e-01  -3.6136494e-01   6.9179832e-02   4.9687069e-01   1.6820706e-01   2.0422318e-01   4.0667988e-02  -2.8025141e-01  -2.8618173e-01  -4.7275444e-02  -4.8967073e-01  -2.9354119e-01  -5.7043632e-01  -2.9250938e-01   1.7875933e-01   1.4999890e-01  -2.7722406e-01  -1.2200134e-01   2.6550726e-01  -1.5770865e-01  -1.4059206e-02  -7.4826478e-02  -1.6695822e-01   2.0097720e-01  -1.3127434e-01   2.7946445e-01   2.3495634e-01  -1.2684826e-01  -2.1511250e-01   3.3494732e-01   4.5491146e-01  -2.8524447e-01  -1.7907433e-01   2.4920903e-01  -3.3735915e-01  -4.8727886e-02   3.0718687e-02   6.0342956e-01   1.6670389e-02  -2.7851503e-01   2.6100264e-01  -4.1569716e-01  -2.1187953e-01  -6.1758117e-03   2.4119990e-01  -3.4120704e-01   9.0493675e-02  -8.0329983e-03  -1.2267032e-01  -6.3385468e-02   7.7500664e-02   4.9065245e-01  -1.4331725e-01  -4.4825688e-01   1.3716489e-01  -2.5680671e-01  -6.5894062e-02  -2.5708406e-01   2.6356967e-01  -3.2387183e-01   4.6106369e-01  -1.3359294e-01   7.5815295e-01  -1.3824642e-01  -1.1764599e-01   2.1445956e-01   4.9245778e-01  -2.3724832e-01   7.0312562e-04   1.1806742e-01  -2.5990936e-01  -5.1398171e-01   5.6901366e-02   1.9659529e-01  -1.5071304e-02  -8.7506247e-02   2.5952608e-01  -3.6544701e-01   1.1181418e-01   1.9751084e-02  -2.8064895e-01   3.6839407e-01  -8.6712853e-03   1.7652540e-01   8.7770794e-02
   2.7132937e-02  -3.0084155e-01  -2.3583610e-01   0.0000000e+00   5.1705046e-03   3.0920524e-01   1.1619337e-01   2.2677296e-01  -1.3413815e-01  -1.0253044e-01   1.4304180e-01  -5.0760712e-01   1.3089382e-01   1.5057834e-01  -1.6551100e-02   1.5593515e-02  -1.7851749e-01   3.2127847e-01   7.3883486e-02  -3.0040634e-02  -4.2214494e-02   5.2093782e-01   1.4505904e-01   5.4367106e-02   1.4935441e-01  -1.5097787e-01   1.0934782e-01   2.3883870e-01   1.0638701e-01   1.9553624e-01  -1.3924972e-01   4.2239887e-01   1.1640658e-01  -2.0672489e-01  -2.3908015e-01   1.7267047e-01   9.5967364e-02  -1.6369063e-01   1.8683078e-01  -1.7132980e-01   9.6447293e-02   2.7696346e-01  -2.2251095e-01   2.5621357e-01   2.2881260e-02  -2.2105449e-01   3.3472996e-01   1.2125774e-03   4.3279621e-01  -2.3126864e-01   3.2828777e-01  -1.4502972e-01   3.9543966e-04   1.0427932e-01  -6.2411785e-02   1.1441409e-01   1.6789337e-02   1.8595806e-01   1.7052110e-01  -3.1563773e-02  -3.6687348e-02   2.6844903e-01  -2.3822608e-01  -2.5393876e-01   4.4362010e-03  -5.4594193e-04   3.6026722e-01   2.9540806e-01   3.5419798e-01  -3.2814572e-01  -3.3937223e-01   5.6204448e-01  -5.1252384e-02  -1.7179245e-01   1.3209992e-01   1.4406838e-02  -1.7058246e-01   4.2559001e-02  -1.7063669e-01   2.2066506e-01   2.6029464e-01  -1.2032972e-02  -2.2887540e-01   2.2389136e-01  -2.3180287e-02  -4.2330219e-02  -2.7743810e-01   2.3440346e-01  -2.3844584e-01  -1.1230881e-01  -1.4779900e-01   4.7533455e-02  -2.4493143e-02   9.6494273e-02  -3.6553393e-03   4.1248017e-02   3.3956802e-01   5.6898983e-02   2.3096864e-01  -8.9087361e-03  -1.5675665e-01  -1.9133829e-01   3.3865164e-01   1.1093074e-01   3.5852834e-01   6.0270656e-01   8.0335482e-02   3.2133975e-01   2.7318298e-01   2.9151548e-01  -3.6801815e-01   5.0243138e-01   4.0659834e-01  -1.3028412e-01   1.3191515e-01  -3.8039610e-01  -1.1364309e-02   4.1715627e-02   1.2642664e-01   7.0759562e-01  -1.0903425e-01  -1.5273666e-01  -3.5650295e-01   5.5828397e-03  -1.7738312e-01   7.1627905e-02   1.0880911e-01   1.0276316e-01   5.0896158e-01  -2.2318185e-01  -2.2254334e-01  -1.2886459e-01  -2.6445624e-01   2.0128159e-01   4.6536162e-01  -5.5321797e-02   2.6482805e-01   2.6730060e-01  -3.0933670e-02  -1.0649837e-01  -8.7294482e-03   8.8088870e-02   2.0645966e-01  -1.9044306e-02  -1.3857775e-01  -2.7033986e-01  -2.4544409e-01   6.3164427e-02   2.5265231e-01  -3.8031901e-02  -8.3503730e-02   2.8627158e-01  -9.3180758e-02  -2.2404414e-01  -3.5051389e-01  -7.0904615e-02  -1.1839343e-01   8.2898151e-02   7.4132037e-02   4.0979349e-01   1.7236340e-01   1.1621650e-01  -7.2185958e-02   2.9720742e-01   2.6633274e-01  -4.7081854e-01  -4.4448743e-02   2.9766388e-01   1.1620688e-01  -1.5616473e-02  -4.0716163e-01  -1.2101530e-01   1.2964125e-01   7.4900260e-02  -1.6847447e-01   6.4009421e-02   3.3939541e-01
  -2.9380748e-01   2.2281049e-01   3.7165017e-01   5.1705046e-03   0.0000000e+00   1.9394400e-01  -3.3104697e-01   1.0701419e-02   1.6158462e-01   2.0251615e-01  -9.6737350e-02   2.7085643e-01   6.7514431e-02  -3.9433243e-01  -3.1156749e-01  -1.6283480e-02   3.7502316e-01  -1.0436564e-02  -3.4922786e-02   7.7671490e-01  -3.8819430e-01  -9.4854799e-02  -2.7977827e-01  -1.5965205e-01  -2.2442938e-01  -2.3962061e-01   1.2823254e-01  -2.5149767e-01   5.3200769e-02  -2.3488989e-01  -4.2776445e-01  -1.7400588e-01  -2.4921073e-02  -5.5701517e-02   1.3094947e-01   4.9127576e-01   2.2379872e-02  -5.3328584e-02   2.3233140e-01   2.8410321e-01   3.4336160e-01   1.5200473e-01   2.0621751e-01  -2.0886875e-01   8.7050634e-02  -2.2875599e-01   2.5315504e-01  -4.9888466e-01   2.2384091e-01   4.2610859e-01   5.9322511e-02  -2.8229350e-01   6.4929973e-02   1.2658041e-01  -1.2996998e-01  -2.4485940e-01   8.9965894e-02  -2.5825587e-01   8.4129531e-02   8.4992359e-02   1.6178762e-01   2.9299654e-01   6.1055627e-03  -2.7271095e-01  -2.1744385e-01   1.4408411e-01   2.6665988e-01   1.6257722e-01  -8.8240099e-02   7.9478806e-02  -4.9038209e-02   7.9921685e-02   1.6157460e-01   9.1063890e-03   1.8717655e-01  -2.8756277e-01   1.4555045e-01  -6.4770308e-02   6.3264950e-01   2.7297737e-01  -3.7181667e-01   1.9631735e-01  -7.9011901e-02  -7.8674174e-02  -1.6473719e-02  -3.2323827e-01  -7.6291946e-02  -1.9300040e-01   2.5570339e-01  -1.4569997e-01   6.3364388e-01   2.5603277e-01   4.2054750e-01  -7.8365952e-02   1.3259898e-02   7.2019550e-01   2.1733741e-01  -6.1258821e-02   4.1315265e-01  -2.1684708e-01  -4.8150059e-01  -6.4395848e-02  -2.7309264e-01  -1.7347682e-01  -2.8759338e-01  -1.5579676e-01  -6.6995241e-02   4.8564648e-02  -1.9346726e-01   7.2723292e-02   1.4502068e-01  -1.8117913e-01   1.2210909e-01  -2.8911070e-01  -3.5142709e-01   4.8374480e-01  -1.9005297e-01   3.6892788e-01  -7.9757684e-02   1.1123354e-01  -2.8615910e-01   6.7987607e-01   4.0820073e-01   7.0306452e-03  -2.8254227e-01  -1.2660943e-01  -1.9584778e-01   6.4963567e-02   4.7413327e-02   3.4333919e-02  -9.3782235e-02  -1.3494678e-01   2.2607524e-01  -3.9291580e-01  -3.0514971e-01  -1.8529387e-01   2.9181920e-01  -4.2567461e-01  -2.7045862e-01  -1.8160920e-01  -2.2638802e-01  -1.5804794e-01  -2.4038221e-02  -9.4359341e-02  -2.5975897e-01  -2.5305781e-01  -1.7045901e-01   6.3335773e-02   1.1249392e-01  -2.4869584e-01  -3.3836068e-01  -2.3098291e-01   3.0045357e-02   5.1098401e-02   5.6159032e-01  -2.8767873e-01  -2.2212258e-01   2.2873270e-01   1.1456958e-01  -3.3643363e-01   1.5024135e-01   9.8438998e-02   1.3667863e-01  -2.3598867e-01   4.9110877e-02   3.6831514e-01   1.3093704e-01  -1.6099325e-01  -4.1842778e-02   1.6100675e-02   3.9799036e-01  -9.2540852e-02   1.0068416e-01   1.9926566e-01  -3.3717126e-02   2.4491024e-01   7.4098081e-02
  -1.2756967e-02  -1.1673117e-01   2.2126768e-01   3.0920524e-01   1.9394400e-01   0.0000000e+00   2.9490067e-01  -3.2005018e-02  -4.6696611e-02   4.1480885e-01   9.3225473e-02  -3.5191391e-02   9.9085380e-02   2.3835556e-02  -1.1719649e-01   4.0089722e-01   2.4930429e-01   2.5244220e-01  -1.7828599e-01   3.4961581e-02  -3.1515583e-01  -3.0846424e-02   3.2556063e-01  -1.2260216e-01   7.4942403e-02  -9.3708486e-03   4.3661942e-01  -1.4611787e-02   1.5733958e-01   2.1311290e-01  -5.0551323e-01   1.5079195e-01   1.6007096e-01   9.2478476e-02  -2.0384943e-01   3.7945386e-01  -7.9651146e-02  -2.3408260e-01   1.7714011e-01   4.7659845e-02  -1.3108099e-01   2.4739663e-01   2.1643978e-01   5.6958380e-02   1.9489041e-01   5.3633215e-02   5.8732832e-01  -2.3213317e-01   2.6252716e-01   7.1425923e-02   4.3991930e-01  -5.5832870e-02   3.6105030e-01   7.3026937e-02   4.2673735e-02   2.3131868e-01   1.1691489e-01  -2.3675152e-01   3.4465020e-02   2.9906023e-01  -4.5585102e-02   2.6121096e-01  -3.1003434e-01  -4.5771154e-01  -5.0767076e-01   5.6045868e-01   8.4178052e-01   3.4597222e-03   1.3611395e-01   4.6106833e-01  -4.6196912e-01   3.5118279e-01  -2.0486642e-02   8.3861375e-02  -2.2437238e-01  -2.0736024e-01  -2.8318385e-01  -1.2494409e-01  -2.9026859e-03  -1.7492129e-01   1.2637288e-02   9.1911833e-02  -4.2059129e-01   1.0495802e-01   3.5621775e-01  -7.5879585e-02  -5.7274388e-01   1.7744111e-01  -3.1934889e-01  -6.2702350e-02  -4.5522035e-02  -2.7375248e-03   5.9971430e-01  -1.1009837e-01  -2.2726438e-01   3.3308486e-01   6.3364405e-02  -1.8818013e-01   2.1312935e-01  -1.7845847e-01  -4.6200189e-01   2.8255063e-01   8.8825041e-02  -3.1789309e-01   8.3164962e-02  -2.2386719e-03  -3.5548214e-02  -4.5964477e-02  -3.2854819e-01   4.9940791e-01  -4.3005949e-02   3.3653565e-01   9.3844854e-03  -8.6285479e-02   5.0865139e-02  -5.1337115e-01  -2.7428426e-01  -9.1174745e-02   4.7471880e-01   1.7864940e-01  -3.3878458e-01   2.4624406e-01  -2.0051109e-01  -3.6104279e-01  -2.8917147e-01   3.0552543e-01   2.9134707e-01  -2.2316165e-01  -5.6543162e-02   5.8618118e-01   1.0909898e-01  -2.0407881e-01  -1.8474948e-01  -4.2956198e-02   1.9591810e-01  -2.1920650e-01  -1.1444419e-01   9.1851270e-02  -1.4913600e-01  -2.8336070e-01  -1.5968161e-01   6.4028546e-02  -1.7805784e-01   5.5304697e-01   8.8421550e-03  -4.2165269e-01  -1.4866610e-01   3.5280820e-01   8.0482392e-01  -5.4968699e-01   1.7975547e-01  -9.8679805e-02  -3.7458385e-02  -3.1141187e-01   2.7812126e-01  -1.9566871e-01  -3.1741548e-01  -6.2898542e-02  -2.8848130e-02   1.6116459e-01   1.8411235e-01  -2.4080147e-01   1.5695711e-01  -1.5789362e-01  -1.0553855e-01  -4.5374913e-01   2.1798708e-01  -5.3942643e-02   1.2975617e-01  -2.1956978e-01   1.4376939e-01  -3.3678778e-01  -6.9672096e-02   7.8004318e-01  -1.3752346e-01  -2.2104916e-01  -8.2249445e-02
  -1.1292092e-02   8.3067975e-02  -4.2073958e-01   1.1619337e-01  -3.3104697e-01   2.9490067e-01   0.0000000e+00  -1.3169977e-01   1.4917532e-01   2.8596487e-01  -1.2400381e-02   1.7231433e-01   1.2569853e-01   4.2781678e-01   2.5836195e-01   8.7130788e-02  -4.0138849e-01  -5.8862383e-02  -2.5964721e-01  -4.3255065e-01   1.8036725e-01  -2.5069490e-01   7.6982079e-01  -3.8763890e-02  -3.3969837e-02   1.8824505e-02   1.8493861e-01   1.1443383e-01   6.6575736e-02   4.0051585e-01   6.5764704e-02  -1.1149707e-01  -8.4814656e-03   5.5020334e-01   2.6972255e-01   6.7304226e-02  -1.2634947e-01  -3.1623108e-01  -3.2987652e-01  -2.3799055e-01  -3.4440163e-01  -1.4628925e-01   9.2245802e-02   1.7643355e-01   2.8826916e-01  -1.1773505e-01  -3.1446351e-02   6.2789262e-01  -1.9570160e-01  -4.4192221e-01   2.6576983e-02  -8.0260091e-02   4.7535076e-01  -3.1517932e-01   4.7416409e-02   3.4071124e-01  -1.4780382e-01  -1.0359738e-01  -1.8184295e-01   6.2964937e-02  -3.7690409e-01   2.8282004e-02  -1.6595400e-01   1.3588361e-01   5.2158050e-02   4.8108556e-01   1.1829337e-01  -1.1798577e-01  -1.4122623e-01   1.0320934e-01  -8.6405761e-03   3.3886540e-01  -1.2673604e-01  -2.2595372e-01  -3.2146663e-01   1.4476478e-01  -4.7269696e-01  -7.9728090e-02  -2.3618657e-01  -3.3088258e-01   4.0253916e-01  -1.0336009e-01  -6.6237611e-02  -1.0426311e-02   3.2214814e-02   3.0257991e-01  -6.1593323e-02   4.0489733e-01  -3.5575659e-01  -2.0940331e-01  -2.7782530e-01  -4.3623125e-01   1.1218627e-01   1.4819096e-02  -2.9826814e-01  -3.5196838e-01  -2.0289226e-01  -3.3506689e-01  -2.1241749e-01   3.0139298e-01   5.2701900e-02   4.2461090e-01   4.3945100e-01  -4.6723449e-02   2.9297359e-01  -2.8898161e-03  -1.5687870e-01  -3.2319798e-01  -1.2920169e-02   2.6104684e-01   1.8209477e-01   3.3345404e-02  -1.5515921e-02  -1.0592968e-01   4.5502731e-01  -4.4099309e-01  -5.2501909e-02  -2.5205478e-01   1.8599672e-01  -1.7493913e-02  -1.1289549e-01  -2.5485663e-01  -4.7733892e-01  -1.2830045e-01  -1.4128143e-01   1.1713179e-01   3.1095670e-01  -1.0291861e-01  -1.6531569e-01   4.6022753e-02   4.6935715e-02   2.0658543e-01  -2.0600758e-01   3.0490063e-01   1.4719219e-01   1.0631371e-01  -3.0372049e-01   4.6048695e-01  -2.4222745e-02  -1.5212138e-01  -3.5227823e-02   8.5706509e-02  -3.5587905e-01   1.6825846e-01   3.4010982e-01   1.2585098e-01   4.0822821e-01   1.4269951e-01   4.3572011e-01  -9.9673920e-02   1.5066644e-01   3.0870135e-01  -3.1686820e-01  -1.1752380e-01  -2.0303310e-01  -1.0071390e-01  -1.4581914e-01  -2.9168424e-01  -3.9416728e-01   4.7197668e-01   7.6794344e-02  -2.8660723e-01   2.0857706e-01   1.4624233e-01  -3.6256720e-01  -3.1561826e-01   1.9811943e-01   3.2773804e-02  -1.7553705e-01   2.0703191e-01   6.2390470e-02  -2.9623634e-01   7.3099246e-02   8.8037830e-02   1.3632815e-01  -2.1735273e-01  -4.0196459e-01
   5.1842484e-02  -2.3254961e-01   7.0496592e-02   2.2677296e-01   1.0701419e-02  -3.2005018e-02  -1.3169977e-01   0.0000000e+00  -2.8950384e-01  -1.2626399e-01   1.5319398e-01  -3.0807924e-01  -9.1621585e-02  -1.5853092e-02   4.1423441e-02   1.1480448e-01   9.8606037e-02  -1.8580685e-02   1.8797792e-01  -7.7116812e-04  -2.0053643e-01   1.4167387e-01  -2.6581902e-01   8.2525688e-02  -4.6704373e-02  -6.1789345e-02   1.2965975e-02   3.8939069e-01  -3.5524783e-02  -2.9236193e-01  -3.4985429e-02  -5.2010085e-02   2.0275979e-01  -2.2800849e-02  -1.3046637e-01  -1.8161406e-01  -1.8717092e-01   2.2754154e-01  -1.1843026e-02  -9.8721895e-02  -6.8248686e-02   1.4061738e-01  -1.8838269e-01   4.4715930e-01  -1.5742286e-01   6.8815636e-02  -1.2354833e-01  -1.5292299e-01   2.5982756e-01   1.8884106e-01  -1.2998496e-01   2.4647521e-01  -1.0460799e-01   1.3050023e-01  -6.7989495e-02   2.0349071e-01   2.0321046e-01   2.1566188e-01   1.2939605e-01  -1.4782152e-01   3.3696066e-01  -1.7343207e-01  -1.8364553e-03   1.5489515e-02  -1.1866162e-02  -2.5509579e-01  -8.2919851e-02   3.9401054e-02   3.2015265e-01  -1.1912135e-01  -4.2830489e-02  -9.9003208e-02   1.5071127e-02  -2.1267362e-02   1.2442942e-01   2.3328119e-01   2.5719626e-01   3.2892585e-01  -1.5463370e-01   2.3671560e-01   2.3233506e-01   1.2837953e-01   1.4982838e-01   6.1795381e-01  -2.2042341e-02   1.7154278e-01   2.7056606e-03  -1.5100587e-01   3.2778886e-02   9.4845286e-02  -2.4759162e-02   2.9008457e-01   5.8828035e-02  -9.8957885e-02   3.2553027e-01   1.6496143e-01  -1.6995654e-02   3.0881042e-01   7.5894436e-02  -1.6537913e-01   1.0916342e-01  -1.5437401e-01   1.1619438e-01   4.1095033e-02  -1.9983279e-01   1.7354209e-02   4.6218221e-02   5.5667116e-01   8.8056308e-02   5.0167551e-02   2.4468945e-02   1.9246217e-02   1.2341434e-01   9.5039000e-02   4.5980842e-02   5.0193633e-02   2.3824085e-01   8.3063780e-03   5.3825114e-02   2.9634691e-02   2.9667935e-01  -7.6051016e-02   9.0836748e-02  -9.3796657e-02   1.4013557e-01  -3.6481460e-02  -2.4712137e-01  -6.6889257e-02   2.6163200e-01  -7.0024704e-02  -1.1069919e-01  -1.3457028e-01   2.5397583e-02  -1.4194326e-01  -5.1026615e-02   5.0492757e-01   1.3652100e-01   3.7101666e-01   5.1472764e-01   2.0509860e-01   2.6365197e-01   1.3816248e-03   3.5005681e-01  -9.5980396e-02  -3.6249349e-01  -2.0305573e-01  -3.6457118e-02  -2.3830738e-01  -1.6309510e-01   1.0543129e-01  -1.0135681e-01   3.7165706e-01   1.3661639e-01  -3.0648634e-02  -3.5052748e-02   2.1066873e-01   3.3933587e-01   6.4603786e-02   3.3182158e-01   2.7661121e-01  -7.5405062e-02   4.1270242e-01  -2.6784121e-01  -1.1707036e-02   1.4075372e-02  -1.6614953e-01  -8.6941397e-02   4.8287096e-01   5.8633141e-02   4.1104360e-02  -2.3210427e-01   2.4642426e-01  -8.0108374e-02   2.3864340e-02  -9.5724584e-02   1.1645003e-02   2.1027608e-02
  -1.3225894e-01   6.2468601e-01  -2.4349445e-01  -1.3413815e-01   1.6158462e-01  -4.6696611e-02   1.4917532e-01  -2.8950384e-01   0.0000000e+00   2.0037215e-01  -4.5989628e-02   3.8126986e-01   1.1883256e-01  -2.4368841e-02  -1.1626745e-01   5.6088465e-02  -2.1099347e-01  -6.5026832e-02  -3.3183592e-02   8.9109941e-02   1.0865944e-01  -4.8645625e-02   1.0468800e-01  -6.4687585e-02  -1.0590529e-01   2.5934344e-02   1.6792122e-01  -2.9534452e-01   7.9683121e-03   2.7560671e-01  -2.0182616e-01  -6.8317558e-02  -1.1323377e-01   2.1290902e-01   5.2845463e-01   8.9610101e-02   4.7621309e-02  -2.4555358e-01  -1.1503383e-01  -2.8200577e-01   7.0019051e-02  -1.3913329e-01   5.4031727e-01  -1.9276410e-01   4.4046209e-01  -8.6053867e-02   8.8562986e-02   9.0489921e-03  -2.0319316e-01  -2.6927754e-01   2.6071952e-02  -1.8622454e-01   1.2505952e-01  -3.0167833e-01   3.7189215e-02  -2.4519946e-01  -1.2384619e-01  -8.9667919e-02   7.7888355e-02   3.6770236e-01  -3.3693436e-01   7.5936917e-02   3.8504334e-01   1.7893275e-01   2.3530821e-01   3.3193043e-01  -1.8468508e-01   1.3823034e-01  -7.4386808e-02  -1.2125530e-03   1.2074607e-01   2.1546284e-01   1.2286803e-01  -4.0151774e-01  -1.3659727e-01  -2.7551483e-01  -2.0552975e-01  -6.9214005e-02   2.9741895e-01  -6.6068464e-02  -2.1649618e-01   1.2666572e-01   1.4921565e-01  -1.1179686e-01  -3.9344203e-01  -3.3119441e-01   3.6070513e-01   3.2516175e-02   1.8693558e-01  -1.9197858e-01   2.6089321e-01  -3.5856008e-01   2.0549618e-02   4.9768608e-01  -2.4961594e-01  -4.6947699e-02   4.5786780e-02  -9.5565850e-02  -5.2351260e-02   1.1597148e-01  -1.4872474e-01   2.0440641e-01  -1.4978702e-01   4.3456128e-01   2.6160076e-01  -7.7730037e-02  -9.4431105e-02  -2.0669245e-01  -2.0013314e-01  -6.9778504e-02   1.0710415e-01  -1.0595667e-01   3.5583355e-02  -2.0408352e-01  -2.9853154e-01   1.5115071e-01  -1.2509120e-01   1.2035304e-02  -3.2100697e-01  -9.8314734e-02  -6.4014055e-03   1.8543767e-01   1.3764213e-01   1.1531215e-01  -3.5097063e-02  -1.2753507e-01   1.0461483e-01  -9.0675533e-02  -9.5572095e-02  -9.2540786e-02   2.7457790e-02   7.6790144e-03   2.4977600e-01  -2.6620674e-01   1.2934410e-01  -3.5343448e-01  -1.0609858e-01  -1.2759049e-01  -3.6036532e-01  -2.5220719e-01   1.5585486e-01  -2.5267379e-02  -1.7031612e-01  -1.7622075e-01  -7.7611783e-02   3.2445964e-01  -8.9759367e-02   2.2222281e-01   6.2679028e-02  -1.5076304e-01  -3.8201145e-01  -1.7196370e-01  -2.4847699e-01   2.5576128e-01   1.0061674e-01  -1.5127453e-01  -9.4633779e-02   1.2402061e-02  -3.9657395e-01  -1.1878132e-01   2.2774908e-01  -1.1535330e-01   3.5757077e-01   9.9973623e-02  -6.9426118e-02   3.0494725e-01   3.7009041e-01  -2.1206714e-01  -1.1503442e-01   2.3074007e-01   3.7775864e-01  -1.7666313e-01   3.4544043e-01   7.6591546e-03   4.6632428e-02  -1.4008544e-01  -5.5991544e-02
  -2.6754980e-01   2.2694671e-01   4.8634527e-02  -1.0253044e-01   2.0251615e-01   4.1480885e-01   2.8596487e-01  -1.2626399e-01   2.0037215e-01   0.0000000e+00   2.0281410e-01   3.4636153e-01   5.7602906e-02  -1.4716131e-01  -5.8809265e-03   1.7244079e-01   4.4352586e-02   1.3832945e-01  -1.3416374e-01   1.6993844e-01   5.5087620e-02  -1.1772534e-01   4.0214415e-01  -1.9299189e-01  -1.6362497e-01  -1.0631997e-01   9.7689003e-02  -3.3788177e-01  -8.5071188e-02   8.1518744e-02  -1.6641062e-01  -3.6136933e-02  -1.2681043e-01   5.0477280e-01   1.1506671e-01   6.0059990e-01  -1.9370003e-01   2.9529344e-02   6.7783717e-02  -2.9132223e-02   9.6426080e-02  -1.1688882e-01   3.2452879e-01  -7.0459531e-02   4.3680321e-01   3.9437609e-03   4.1729155e-01  -1.3934404e-01   8.3028028e-02  -1.0630533e-01   3.1646699e-01  -1.5444234e-01   3.3423680e-01  -3.7710263e-01   5.3414797e-02   1.2108743e-01  -2.1030078e-03  -1.8699970e-01  -1.0835704e-01   8.8856619e-02  -9.0476110e-02   2.4443934e-01  -3.0744283e-01  -4.2087807e-03  -2.8090298e-01   7.9355241e-01   2.2526206e-01  -1.1120111e-01  -2.7414039e-01   3.8929252e-01  -2.3228159e-01   2.4185688e-01  -5.8490914e-02  -1.7286263e-01  -4.6405342e-01  -2.5471979e-01   2.5821944e-02  -1.2786689e-01   2.3416447e-01  -2.6245624e-01  -2.3529537e-01  -3.5662462e-02  -1.8560676e-01  -6.4597337e-02  -2.7798422e-02  -1.4886119e-01  -2.9745205e-01  -5.0277666e-02  -3.3659952e-01  -2.3001453e-01   1.4081929e-01  -2.0324523e-01   4.3499456e-01   8.7041626e-02   7.0974607e-03   2.7484985e-01  -1.7076043e-01  -2.0892754e-01   1.9147167e-01   3.2709807e-01  -3.1805485e-01   5.2889525e-01  -1.6434928e-01  -1.9231065e-01   1.3605080e-01  -1.4138606e-01  -4.3252982e-01  -2.4725205e-01  -3.3520839e-01   5.3962154e-02   2.0891788e-01  -1.9269072e-02  -2.1145461e-01  -1.4442646e-01  -2.0891192e-01  -1.1366993e-01  -2.0509554e-01   5.0225660e-02   2.7132324e-02  -1.6839881e-02  -3.1387709e-01   2.8492037e-01  -1.1073631e-01   5.0332734e-02  -1.6922217e-01  -1.5808984e-01   1.4928133e-01  -2.9363298e-01  -6.4711506e-02   3.2078226e-01   1.5872044e-01   1.6673197e-01  -3.1274067e-01  -7.8532579e-02  -1.2106975e-01  -1.8951409e-01  -2.5982829e-01  -1.2542974e-01  -2.6031875e-01  -1.4081566e-01  -1.0197078e-01   6.7387721e-02  -2.5402340e-01   1.4561738e-01   3.3738003e-02   5.6599053e-03   1.7140458e-01   3.6062283e-01   5.7990238e-01  -2.0064955e-01  -9.2583188e-02  -2.6205164e-01  -2.2687135e-01   1.4179704e-01   2.2055451e-01  -1.6582695e-01  -1.5338452e-01   4.3361095e-02  -2.8611046e-01  -1.0102942e-01   3.3470326e-02  -1.4850720e-01   6.0589053e-01  -1.2663262e-01  -7.2036698e-02  -9.6640425e-02   3.3799962e-01  -1.7790964e-01  -3.4283464e-01  -1.8499880e-01   5.0576098e-01  -4.3283848e-02   3.3150554e-04   2.4674690e-01  -1.4505194e-01  -2.2796916e-01  -8.4545774e-02
  -2.8266254e-01  -1.7986588e-01  -4.9083971e-02   1.4304180e-01  -9.6737350e-02   9.3225473e-02  -1.2400381e-02   1.5319398e-01  -4.5989628e-02   2.0281410e-01   0.0000000e+00  -3.1346050e-01  -1.1055689e-01  -1.5348982e-01   3.2500064e-01   2.3391647e-01  -7.7067391e-02   4.1305779e-01   8.1684673e-02  -4.7148851e-02   8.1319312e-02   1.3148951e-01   1.5432046e-01  -9.6246844e-02  -1.5315612e-01  -1.7712723e-01   3.1633138e-02  -1.6504691e-01   2.6435119e-02   1.8015185e-02   1.5081427e-01   3.0638446e-01  -8.4729450e-02   1.2012459e-02  -2.8210683e-02   2.1373477e-01  -2.9502235e-01   7.6299996e-02   3.9112441e-01  -1.2798702e-01   1.4067294e-01   1.2532806e-01   7.1061367e-02   2.3543437e-01   1.5404442e-01  -1.0835832e-01   5.6766446e-01  -1.4143642e-01   2.3990466e-01  -1.3667094e-01   5.8357526e-01  -3.2659507e-01  -1.8666463e-01  -2.3028290e-02  -2.2661520e-01   2.1331656e-01  -6.5907253e-03  -9.9886492e-02   2.0778191e-01  -1.0651367e-01   5.0593286e-02   1.8243487e-01   7.2401568e-02   1.9592904e-01  -1.0191165e-01   2.4719722e-02   1.1187601e-01   4.1351641e-01   5.3111940e-01   2.2795513e-02  -4.2431016e-01   3.4866720e-01   5.6653998e-02  -2.4163241e-01  -2.4926565e-02  -2.2541489e-01   2.0839227e-01   1.8021313e-01  -1.1253809e-02   2.7523530e-01  -1.4676660e-01   1.9815549e-01  -2.9532914e-01   1.3170813e-01  -1.2870117e-01  -1.6979772e-01  -8.0532133e-02  -1.9295873e-01   1.9058612e-02  -1.7670899e-01  -2.7575075e-01   1.9349800e-01   7.9988237e-02   2.1718437e-01   1.9157091e-01  -4.7681048e-02   3.5687427e-01   1.2736808e-01   2.5042923e-01   5.3527495e-02   5.3305344e-02   3.0287641e-01  -2.6863512e-01   1.3789300e-01   3.1352058e-01   1.4841297e-01  -1.5836282e-01   2.1196774e-01   2.7057134e-02   2.4271745e-01  -2.4911224e-02   2.2622642e-01   3.2379615e-01  -1.8262860e-01  -1.3369001e-01  -1.7553397e-01  -8.4404748e-02   2.1389189e-01  -4.9339943e-03   3.2374172e-01  -2.6667444e-01  -1.2105137e-01  -1.4834679e-01   2.7139733e-01  -1.7726348e-01  -1.0611470e-01   1.3424946e-01  -3.9494505e-02   4.3268599e-01   3.7034810e-02  -1.3305272e-01   3.4753176e-01  -2.8553926e-01   9.3937449e-02   2.4433938e-01  -1.2244907e-01   2.3113627e-01   8.1809598e-02  -3.3802816e-02  -5.8498763e-02   8.3076862e-02  -1.4748960e-01   5.2221774e-01   4.2415797e-02   5.7827161e-02   7.3538860e-02   6.2831532e-03   2.4858101e-01   1.6557027e-01   4.3353821e-03   2.6953267e-02  -2.6842196e-01  -2.1458634e-01   3.5103703e-01  -1.4753922e-01  -1.6024031e-01  -2.5170911e-02   2.9538100e-01   1.4178675e-01  -1.3434578e-02   2.1346058e-01   5.0564048e-01   1.4666653e-01   2.5860156e-01   1.7020732e-01  -3.2974981e-01   2.7297673e-01   8.0774194e-02  -8.7946058e-03  -3.4870056e-01  -1.5054686e-01   1.2693407e-01   4.2670971e-01   3.5678220e-02  -1.2524584e-01   9.2754306e-03   1.9323296e-01
  -2.3771653e-01   7.1843959e-01   1.9877117e-01  -5.0760712e-01   2.7085643e-01  -3.5191391e-02   1.7231433e-01  -3.0807924e-01   3.8126986e-01   3.4636153e-01  -3.1346050e-01   0.0000000e+00   7.0178767e-02  -9.0284512e-02   2.7143630e-03   1.4831576e-01   1.5735022e-01  -2.1249192e-01  -1.6637678e-01   2.4907821e-01  -1.8713616e-01  -3.7359951e-01  -3.2198142e-02  -1.7072990e-01  -4.2185631e-02  -3.0018397e-02   8.2765411e-02  -3.4232216e-01   1.8909232e-01   2.7697756e-02  -2.2694506e-01  -4.5960355e-01   4.2530639e-02   5.6194833e-01   6.6851599e-01   1.9739628e-01  -5.9195615e-02  -1.9488317e-01  -9.4165554e-02   2.3278298e-02   6.8755781e-04  -1.1932765e-01   5.0604339e-01  -3.3121995e-01   4.3462711e-01  -1.9729097e-01  -1.2964512e-01  -1.2862538e-02  -3.3877913e-01   1.3914752e-01  -1.8564127e-01  -8.0967286e-02   2.5827909e-01  -1.9517809e-01  -1.5726381e-03  -2.2091227e-01  -1.6380719e-01  -2.5535217e-01  -7.7117236e-02   3.7363415e-01  -9.1166083e-02   7.0005862e-02   2.0576847e-01   1.3795201e-01  -5.0472462e-02   3.4955020e-01  -1.3762272e-01  -1.3325443e-01  -3.8232242e-01   2.3267236e-01   4.1383498e-01  -1.6853259e-01   2.1791914e-01   1.3292281e-01  -9.0037650e-02  -1.6094059e-01  -1.4757930e-01  -1.6246630e-01   4.7736881e-01  -1.5242917e-01  -2.7755533e-01   2.2467072e-01   2.8245305e-01  -3.2398729e-01   8.2762698e-02  -1.7233985e-01   3.1224684e-01  -1.2654902e-01   1.6104824e-01  -1.6488669e-01   3.8504036e-01  -1.9347530e-01   3.1859307e-01   1.9705207e-01  -3.1604120e-01   1.1723988e-01  -1.8781037e-01  -3.5047451e-01  -1.4732967e-01   1.9362838e-01  -2.6770652e-01   4.1270593e-01  -2.0700752e-01  -8.6879728e-02  -1.4644057e-01  -4.7448736e-01  -1.2856630e-01  -3.3796105e-01  -4.5735384e-01  -2.1164099e-01   5.6691904e-01  -3.4949944e-01  -2.7365718e-01  -1.7028923e-01  -2.4433329e-01   4.5309011e-01  -1.6433670e-01   9.9360798e-02  -1.2582635e-01  -3.1097622e-01  -2.2623761e-01   4.4263259e-01   3.9669135e-01  -3.5560366e-02  -1.8571175e-01   1.0884961e-01  -1.2449634e-02  -2.1629081e-01  -3.4762357e-01   1.1126642e-01   2.2473209e-01   1.3592885e-01   3.8490403e-01  -4.0683452e-01  -2.2649915e-01  -1.4586583e-01  -7.6112297e-02  -2.4311009e-01  -2.0823529e-01  -1.9174731e-01  -3.2710702e-02  -2.0761758e-01  -3.9131140e-01  -1.4209771e-02   3.8230903e-02   1.8663010e-01   3.6776815e-01  -4.7657714e-02   6.7898451e-02  -1.8240713e-01  -1.3432236e-01  -1.7520390e-01  -9.0812017e-02   2.4378675e-01   5.0034067e-01  -2.8930272e-01  -2.5826087e-01   8.2455081e-04  -2.2651637e-01  -2.6398759e-01   2.4021484e-01  -2.7869397e-01   1.9419528e-01  -2.0257267e-01  -1.5279613e-01   6.2958774e-01   3.9002920e-01  -3.3419135e-01  -1.4448201e-01   1.9152682e-01   7.4371630e-01  -2.6447708e-01  -4.8838085e-03   1.4031783e-02   2.9984181e-01  -9.3645766e-02  -2.0215639e-01
  -1.2826193e-01   7.3724187e-02   9.4279201e-02   1.3089382e-01   6.7514431e-02   9.9085380e-02   1.2569853e-01  -9.1621585e-02   1.1883256e-01   5.7602906e-02  -1.1055689e-01   7.0178767e-02   0.0000000e+00  -8.8577856e-02  -9.3370411e-02  -7.1787213e-02   5.1905612e-02   4.1356957e-02  -1.9876543e-01   2.0888766e-01   6.1725687e-02  -2.9885310e-03   1.3612957e-01  -2.2584532e-01   2.7409898e-02  -8.0682362e-02   2.3241996e-02   1.7380571e-02   5.9098683e-03   4.0454989e-02  -4.2100151e-02   6.3542464e-02  -8.3288072e-02  -6.3633465e-02  -7.1966042e-03   7.6032053e-02   4.2845766e-02  -3.0202970e-01   3.0359715e-02   1.1476627e-01   4.5432235e-01  -3.0295865e-02   5.1347477e-02   3.1588549e-02   9.4419236e-02  -1.1386267e-01   6.1974775e-02  -7.0747617e-02  -1.9456861e-01   1.2820952e-01  -4.9434640e-02  -1.2590450e-02   4.9135213e-02   1.8908261e-02  -1.0209400e-01   7.9517524e-03  -1.2081492e-01   4.3022133e-02   5.5662133e-02   1.6733167e-01  -1.4202538e-01   1.3726098e-01  -6.8076464e-02  -1.4315065e-01  -5.7174301e-02   7.3827722e-02   3.2960331e-02  -1.0969219e-01  -2.7394050e-02   4.5294197e-02  -7.2256656e-02   7.6970898e-02   1.9788614e-02   7.8505311e-02   4.8499708e-02   1.4712724e-01  -2.7041473e-01  -1.1452131e-02   7.8562760e-02   4.6471276e-02   1.0379668e-01  -1.3422909e-01  -3.7316554e-02  -8.1803170e-02  -4.4374371e-02   1.3644330e-01   9.7096475e-02   6.4845721e-02  -1.5748388e-01  -2.6592186e-01   5.9290545e-02  -6.9771227e-02   4.0562622e-02  -6.2190375e-03  -3.0271071e-01   7.6036758e-02   9.0701794e-02  -5.8133794e-02   1.1171929e-01   1.1915031e-01  -1.1289475e-01  -2.4805807e-02   7.5200837e-03   2.0968676e-01   9.6390754e-02   1.5849016e-02  -9.1947476e-02  -1.5141091e-02   2.9992060e-02  -1.1355626e-02   3.5369339e-03   1.5399976e-02  -4.3895379e-02  -2.3155385e-01   3.6701385e-02  -6.9324796e-02   1.3649864e-01   1.9200338e-01  -8.7367425e-02   5.0422410e-02  -1.9201043e-01   1.2136005e-01  -2.7884534e-02  -1.7737497e-02  -1.4527106e-01   5.8182483e-02   4.2183835e-03   9.0905460e-02   3.4698919e-02   3.0405929e-02   2.5718314e-01  -9.8857516e-02   3.3264501e-02  -2.8216818e-03   1.3819118e-01   1.1051082e-01  -2.8080486e-02  -1.5031470e-01   3.7658853e-02  -3.2561433e-01   1.2709250e-01   4.9055738e-01  -1.0231212e-01  -1.0531160e-01   9.6328101e-02   8.1723791e-02  -3.1677906e-02  -3.8247850e-02   2.3864393e-02  -1.2328523e-01  -1.0412708e-01   2.7848125e-02  -9.6800743e-02  -2.1936432e-01   1.2217261e-01  -2.1670122e-01  -2.5601036e-01   1.9660541e-01  -1.9477577e-01   1.4901021e-01   8.3106378e-02   5.2127878e-02  -1.6822622e-02   7.9182958e-02  -1.0657395e-02   1.9073269e-02  -5.6583411e-02  -7.1733653e-02  -2.2796543e-01  -5.1847903e-02   9.6851509e-02  -4.2092052e-01   6.3653957e-02   3.7764017e-02   2.6419627e-01  -6.5346236e-02  -2.5257921e-02
   4.5276571e-02  -9.6850941e-02  -4.4374762e-01   1.5057834e-01  -3.9433243e-01   2.3835556e-02   4.2781678e-01  -1.5853092e-02  -2.4368841e-02  -1.4716131e-01  -1.5348982e-01  -9.0284512e-02  -8.8577856e-02   0.0000000e+00   2.5154430e-01   2.8184671e-02  -4.0890094e-01  -5.7677034e-02  -1.4176987e-01  -5.0026575e-01   1.7960617e-01   4.5693583e-02   2.0182659e-01   2.6895399e-02   1.1837082e-01   9.1793057e-02  -4.9620909e-02   2.8732470e-01  -1.8056171e-01   4.9380089e-01   1.6796548e-01  -8.5883328e-02   2.4377262e-01   8.2084011e-02   8.4149083e-02  -2.6373023e-01   6.0337461e-02  -1.5738988e-01  -2.0122378e-01  -3.6520357e-01  -3.6116439e-01   9.9653258e-02  -1.0440475e-03   3.2152962e-01   1.8104302e-01  -2.4579416e-01  -1.9862057e-01   5.7430410e-01   6.2677780e-03  -3.8746747e-01  -9.5961018e-02  -7.0483992e-02   2.5432418e-01  -1.0297448e-01   2.0458026e-01   3.2864423e-01  -1.6689618e-01  -1.0997905e-01  -2.7222224e-01   2.8564208e-02  -1.3213753e-01  -1.2532432e-01   9.8052496e-03   2.9411200e-01   3.9067263e-01   4.9915036e-02  -9.6208051e-03  -1.8742811e-01  -1.3648027e-02  -2.3244642e-01  -5.6217039e-03   1.3842206e-01  -1.1490701e-01  -6.5611827e-02  -1.1007338e-01   1.4344616e-01  -2.4398628e-01   7.3160401e-03  -2.5146278e-01  -2.8868605e-01   3.9423418e-01  -1.4663377e-01   6.2069182e-02  -1.2189809e-01   2.0568686e-01   2.4382527e-01   6.7195710e-02   3.7579195e-01  -1.6805892e-01   6.8473710e-02  -1.9913033e-01  -2.5943986e-01  -1.7509737e-01   3.2027902e-02  -1.8067969e-01  -4.6515557e-01  -2.7762526e-01  -2.1351272e-01  -2.3852251e-01   1.3952937e-01   3.9359481e-01   2.4281149e-01   5.2223488e-01   4.7147374e-02   1.9779876e-01   1.1007751e-01  -4.6714184e-02  -1.5453402e-01   1.3402871e-01   1.4501557e-01   1.1490720e-02   2.2166442e-01  -6.0856149e-02  -4.6178212e-02   5.4203747e-01  -2.7994191e-01   7.0040222e-02  -3.6912059e-01   3.0290082e-01   8.2634115e-02  -5.2798940e-02  -2.9300138e-01  -3.3279551e-01   3.9158911e-02  -1.8822909e-01   2.5885667e-01   3.2023538e-01  -7.5263324e-02  -1.2454089e-01  -9.2113661e-02  -9.8068311e-03   4.9064692e-02   1.2053482e-01   4.1532048e-01   1.3692277e-01   4.2974429e-02  -2.5015713e-01   5.5192654e-01  -1.1377852e-01  -1.7692675e-01  -3.2560581e-02  -9.9639987e-02  -1.4699972e-01   3.6143262e-02   1.8146560e-01   3.0386874e-01  -8.0603575e-04  -1.0833374e-01   6.4976972e-02   1.0742710e-01   2.0812290e-01   3.5234316e-01  -1.1897440e-01  -3.9838122e-02  -4.4019407e-01  -3.5149558e-02   1.0681407e-01  -2.3669908e-01  -3.4617568e-02   2.9006482e-01  -1.2533427e-01  -1.9313838e-01  -1.2285069e-01   2.4902895e-01  -3.2264517e-01  -2.0854672e-01   5.7667833e-02   5.1623118e-02   5.3185103e-02   2.6026801e-01  -1.1716822e-01  -1.4129296e-01   8.1525663e-02  -1.0563795e-01   1.0949680e-01  -1.8235341e-01  -1.1310979e-01
