   0.0000000e+00  -1.5922535e-01   1.7356687e-01   3.6877032e-01   3.4695437e-02   4.1233190e-02  -2.5803568e-01   9.0530583e-02  -1.1187852e-01  -2.7482945e-01  -1.8650858e-01  -1.3393450e-01  -5.2900338e-02   2.1033956e-01  -2.7342027e-01  -3.3987349e-01   1.9533990e-01  -1.3445405e-01   4.1822026e-01   1.7451303e-02  -4.0297369e-02   5.1216697e-01  -1.0153839e-01   6.0125290e-01   1.3876253e-01   2.5940020e-01  -1.3516194e-01   5.6540451e-02   6.1064964e-02   2.0181943e-01  -1.6574568e-01   2.9917560e-01  -1.7842519e-01  -3.2570214e-01  -3.2296162e-01   4.3390320e-02  -5.5000955e-02   1.8233253e-01  -3.7488127e-01  -1.2625393e-01  -5.5470529e-02  -2.0393184e-01   9.1840144e-02   4.3513044e-02   5.5548167e-02   6.2888703e-01  -2.0414966e-02  -1.3459326e-01   1.1176354e-01  -3.2845932e-01  -1.1561158e-01   2.0378442e-01  -1.3069232e-01   4.5586301e-02   5.3527294e-02  -7.2952271e-02   1.9988473e-01   4.3242030e-01  -2.2143233e-01  -2.7544785e-02   1.7316739e-01  -2.7980815e-02  -2.1058846e-02  -3.1800951e-01  -9.8453955e-02  -4.3862086e-02   1.6905708e-01   2.5047714e-02  -3.1243754e-02   2.4079851e-01  -1.9088048e-01   4.1293175e-01  -2.7367907e-01   6.1770808e-01   1.0679497e-01   3.7871886e-01   2.7717219e-01  -6.0705901e-02  -3.5513415e-01   3.5667281e-02   1.7782378e-01  -3.0548214e-01  -1.0215461e-01   3.5072478e-01   1.5516751e-01   2.8471927e-01  -7.0525596e-02   4.1757810e-01  -7.1706209e-04   6.3854725e-01  -7.9002556e-02   1.2224596e-01  -1.8499930e-01  -1.5052763e-01   1.5554592e-01   7.3736037e-02   2.9298328e-01   1.5800223e-01  -3.4870788e-02  -3.6031846e-01   6.5388980e-02  -4.4307792e-01   2.0248832e-01  -1.4078097e-01   4.3657929e-01   3.9141892e-01  -4.1554586e-03   1.4235471e-01  -1.3166403e-01   1.6403024e-01  -1.6704618e-01   1.5660220e-01   3.3299525e-01   6.3682440e-01   3.9169379e-02  -3.7834796e-01  -1.9616527e-01  -1.2518042e-01  -5.7527892e-02   2.5981703e-01   3.9905432e-01  -9.0217453e-02   1.1841444e-01  -1.6806420e-01   6.5984584e-01   6.1148755e-01  -1.1800873e-01   1.5277347e-01   4.9693905e-01   8.1464944e-03  -4.7518934e-01  -3.6792084e-01   5.1482587e-01  -1.0816784e-01   3.1038426e-01   1.9123170e-01  -2.5601970e-02   1.9126339e-01   2.1378831e-01   6.1203223e-01   1.6296454e-01  -1.5291175e-01  -7.8177232e-02  -3.7291432e-01  -3.0278588e-01   4.7332992e-02  -2.1380505e-01  -8.1182240e-02  -7.2652630e-02  -7.1942288e-02   3.6974683e-01   4.3078971e-01   3.6771050e-01  -3.2208392e-01  -1.2552996e-01   6.2314633e-01   4.7039312e-01  -1.6074322e-01   7.9265381e-02   1.9349559e-01   3.0141438e-01  -1.5100101e-01   3.4544479e-02   2.6422714e-01   3.2568664e-01  -2.6185704e-01  -2.3393119e-01   1.3123068e-01   9.2633180e-02  -1.6359128e-01  -3.1678203e-01  -9.4853431e-02   3.0095456e-01   6.2166260e-02   9.4975775e-02  -1.9171000e-01   4.1282663e-01
  -1.5922535e-01   0.0000000e+00   1.8221278e-01  -1.8516086e-01   1.6795996e-01  -4.3582407e-01   3.3404429e-01  -1.1186580e-01   7.4155047e-01   4.8535280e-01  -2.2538458e-01   4.9531191e-01  -2.4587227e-01  -3.7451945e-01  -2.2829529e-01  -2.4973357e-01   1.1882807e-01  -1.8714877e-01  -2.6995873e-01  -2.0436443e-01  -5.1078964e-01  -3.9968283e-01  -3.1164025e-01  -1.7216928e-01  -2.3007050e-01  -1.6532021e-01   2.1924748e-01  -3.9428653e-01   4.5681835e-02  -4.9062736e-01  -4.6805902e-02  -2.5625810e-01  -1.1164844e-01   3.3439112e-01   3.8004154e-01  -1.3068677e-01   4.8354732e-01   2.6640388e-01  -1.5059857e-01   4.3065195e-01  -3.1688372e-01  -1.7220959e-01   5.7185962e-01  -2.6907501e-01   6.6497988e-02  -1.9594769e-02  -5.3626361e-01   3.9136442e-01  -4.5795378e-02   1.6091550e-01  -2.4287294e-01  -6.6000253e-02   6.2502072e-01   9.1388609e-03  -3.6018869e-01  -5.0440900e-01  -3.9426437e-01  -2.5229665e-01  -3.2262618e-01   1.9576968e-01   2.5774890e-01   1.9109403e-01   7.3013668e-01   2.2460284e-01   3.4687204e-01  -3.4556341e-01  -5.4244347e-01   2.2985617e-03  -4.8571234e-01   1.1000309e-01   7.8761899e-01  -1.9188700e-01  -1.7512593e-01  -4.1980228e-01   1.9412284e-02   6.3781523e-02   1.8473605e-01  -5.1364228e-01   5.7862055e-01  -1.0075320e-01  -3.3410543e-01  -2.2569872e-01   4.2881083e-01  -1.7511055e-01  -3.7504303e-01   5.2585469e-02   3.3974794e-01  -2.9894574e-01   5.7964557e-01  -1.8758803e-01   4.0843374e-01   1.2419020e-01   3.8643182e-01   4.1492239e-01   3.2131236e-01  -1.1120443e-02  -1.9306972e-01  -4.9072831e-01  -5.5932135e-02   3.3150920e-01  -1.8666406e-01   2.0918483e-01  -5.9968957e-01   4.6942119e-01  -2.4947051e-01  -2.5974889e-01   1.0753052e-01  -5.8952050e-01   2.3267090e-01  -4.5935386e-03   3.6142438e-01  -5.2651565e-01  -1.2195006e-01  -1.8819060e-01  -2.3700332e-01   7.5454845e-01  -4.5639335e-01  -2.1275892e-01  -3.2345809e-01  -2.7502480e-01  -3.6582637e-01   5.5826055e-02   3.0216023e-01   4.4047032e-01  -2.6002163e-01  -1.9835890e-01  -5.2756343e-01   2.9846177e-01   1.1711410e-01   4.9532446e-01  -2.1879623e-01   3.1655277e-01   4.0448030e-01   5.5271986e-02   2.2975202e-01   1.2872661e-01  -1.3781673e-01  -1.7225928e-01  -8.1124442e-02   3.6960175e-02   1.1677885e-01  -9.1646429e-02  -3.2871866e-01   1.6126072e-02  -1.5773962e-01  -2.2974291e-01   1.9848952e-01   3.8740385e-01  -2.1916534e-01   2.8717093e-01  -3.8243975e-01  -5.3102425e-01  -2.3238281e-01   2.4682724e-01   5.7939056e-01  -4.6821235e-02  -2.4071965e-01  -2.2684487e-01   1.1884629e-01  -5.2719265e-01  -5.5879322e-03  -3.0291575e-01  -1.1120672e-02  -2.4119587e-01  -3.8058397e-01   5.8990653e-01   3.6468613e-01  -9.0391210e-02  -2.8104085e-01   7.2299046e-01   5.9829941e-01   7.9230877e-02  -1.1121361e-01  -2.2654841e-01   4.5925773e-02  -9.7438245e-02  -2.9006636e-01
   1.7356687e-01   1.8221278e-01   0.0000000e+00  -2.7517271e-01   3.4114002e-01   2.1799494e-01  -1.4515039e-01  -1.5040067e-01  -8.3019731e-02  -1.9156781e-01  -6.4314900e-01   6.1109611e-01   1.4630613e-01  -2.6280901e-01  -5.5148398e-01   6.9795896e-02   8.7727350e-01  -4.6168136e-01   1.5583006e-01   3.5932028e-01  -3.0690942e-01  -1.7227140e-01  -1.8918616e-01  -9.5479004e-03   5.4364004e-03   1.0632555e-01   1.5920398e-01  -3.2851633e-01  -3.4038160e-02  -2.6856641e-01  -5.1180905e-01  -1.5994323e-01   1.2386502e-01  -2.5064185e-01  -1.0808586e-01  -1.4885996e-01  -1.0449772e-01   2.8173068e-01   9.0545657e-02   3.4567501e-01  -9.6324380e-03   3.3383612e-01   9.3344889e-02  -1.7171612e-01  -1.6299077e-01   1.7049081e-01  -4.6336426e-01  -3.3304645e-01  -3.3422921e-02   4.8642198e-01  -5.6644572e-01  -5.6569407e-02  -1.1050920e-01   4.1786800e-01   1.3161359e-01  -2.7190736e-01  -1.1357100e-01  -1.1394159e-01  -3.2287731e-01   2.3527950e-01   3.3150447e-01  -1.1913712e-01   2.0022267e-01  -4.3094683e-01  -2.9011402e-01  -3.8095088e-01   1.7713714e-01  -9.8235050e-02  -2.3948413e-01   7.0207857e-01   2.2673565e-01  -2.9544942e-01  -1.2464500e-01   1.7032671e-01   4.4002258e-01   1.7289078e-01   1.6168508e-01  -2.3910944e-01   4.5658492e-02  -6.6135494e-02  -2.2337872e-01  -1.4650369e-01   1.7030314e-01  -1.0750363e-01   1.4596168e-01   3.0369095e-02  -3.3682632e-01  -4.6214161e-02   1.1061051e-01   1.2411407e-01   2.9676335e-01   5.9539910e-01   5.4925307e-01  -8.5846121e-02   2.6755523e-01   3.9275523e-01  -8.9348979e-02   7.4599418e-02  -2.0998427e-02  -2.2370206e-01   1.1423092e-01  -2.6397356e-01  -3.1723633e-01  -3.1753755e-02  -1.5418546e-01  -8.3810304e-02   4.4300420e-01   1.0074410e-02  -8.1581729e-02   3.8953918e-02   3.7762229e-01  -3.9305533e-01  -1.9130084e-01   9.2232659e-02   8.0800134e-03  -2.5842817e-02  -3.6835662e-01  -2.9190515e-02   1.1392780e-01  -3.0608704e-01  -1.8872232e-01   3.1615848e-01   5.8423674e-01  -2.0060396e-01   1.4042805e-01   4.8432375e-03  -3.2565553e-01   3.7881395e-01  -1.4617641e-02   6.6624223e-01   1.1696185e-02  -2.8296643e-01   8.4646345e-02  -2.7687784e-01   2.3293329e-01  -2.6151803e-02   3.4774536e-02  -2.3200416e-01  -1.6217194e-01   9.3123349e-02  -1.0256541e-01   2.1476026e-01  -3.5898225e-01   2.1872586e-01  -4.2448260e-01  -5.4273322e-01   3.6486450e-01  -3.8704968e-01  -3.8727767e-01  -3.5434797e-01   1.2628835e-02  -2.5877716e-01   2.5823666e-01  -3.7957344e-01   5.7404325e-01   2.0847982e-01  -1.1517839e-01  -3.0957133e-01   6.5326613e-01  -3.3828879e-01   1.3177418e-02  -4.7288785e-01  -2.4941185e-01  -4.3534365e-01  -1.8169660e-01   1.8336306e-01  -5.9990094e-02  -6.8065790e-02   2.4098326e-01   3.0992799e-01   1.6917039e-01   5.4944262e-02  -2.5647199e-01   2.8810305e-01   1.4040939e-01   8.9810004e-02  -1.2152206e-01
   3.6877032e-01  -1.8516086e-01  -2.7517271e-01   0.0000000e+00  -2.2629566e-02   6.3140364e-02  -2.3700046e-01   3.4601331e-01   7.0781714e-02  -1.8359516e-01   3.5099121e-01  -2.5809930e-01  -2.1947798e-01   2.6860834e-01   1.2679655e-02  -1.2202745e-01  -2.1516306e-01   2.3369421e-01   1.1777461e-01  -2.6282127e-01  -5.6838406e-02   5.0134093e-01  -2.1610702e-01   1.8293919e-01   1.4512304e-01   1.3032758e-01  -2.0193654e-01   8.4654236e-02   4.3183335e-01   3.6226314e-01   8.0820049e-02   4.1080042e-01  -6.8296733e-02  -2.7847255e-02  -2.6902761e-01   7.5805240e-02   2.0074007e-02  -4.0826926e-02  -2.1335553e-01  -3.5252668e-01  -8.4181476e-02  -2.7578373e-01   3.0310504e-01   2.6581416e-01   5.1020666e-01   2.4949229e-01   3.9240242e-01   2.5036778e-02   2.8829445e-01  -5.4326381e-01   3.3442557e-01   2.0778190e-01  -3.4065110e-02   2.0764998e-01  -5.8388514e-02   9.0175972e-02   2.5839438e-01   4.3283969e-01   1.2964460e-01   5.5433984e-02   2.4896271e-01   3.2079129e-01  -5.0124714e-03   7.2817552e-02   2.5106525e-01   1.9222427e-01   2.0407229e-01   4.9077075e-01   4.0877824e-01  -2.3592266e-01  -3.1029959e-01   8.5799748e-01  -1.1362957e-01   1.6271887e-01   5.3996625e-02   1.1443562e-01   4.0015130e-01   1.5741608e-01  -1.4062695e-01   4.0733517e-01   2.7265612e-01  -2.3872561e-01  -8.9626149e-02   3.8206939e-01   4.1853608e-02   1.8464194e-01   8.7196533e-02   4.3516405e-01   1.8417799e-01   5.3776695e-02  -1.3334427e-01   5.1311326e-02  -2.5955260e-01   1.3357199e-01  -2.2717544e-02  -2.2624519e-01   6.6318523e-01  -4.0334530e-02   3.5029236e-01  -2.6665324e-01  -1.4255414e-01  -1.9862920e-01   2.1676735e-01  -4.9929263e-02   4.8896201e-01   5.5349202e-01   1.6766754e-01   2.1670505e-01  -3.1561129e-02   1.4249635e-01  -2.4360445e-01   4.3635083e-01   6.8533163e-01   1.8599540e-01  -2.2357640e-01  -1.4981671e-01   9.9114652e-02  -1.7807495e-01  -4.3561530e-02   6.4715793e-01   4.1515608e-01  -1.2528515e-01   3.9462537e-02   1.6864204e-01   1.4571910e-01   2.1769270e-01   1.3586314e-01   1.7171390e-01   5.3470113e-01  -3.0905252e-01  -5.1039231e-01  -2.2131537e-01   1.8966351e-01  -7.5471666e-02   2.9371667e-01   1.8327213e-01   2.4753552e-01  -4.5639707e-02   2.8895204e-01   1.2688760e-01   3.3729457e-01  -3.9363642e-01   1.7291089e-01  -1.1154474e-01  -2.2439836e-02   1.9167294e-01  -4.3065246e-01   3.1158807e-02   2.0689042e-01   8.0156554e-02   2.8160888e-02   2.6141114e-01   1.8073718e-01   7.0134066e-02  -2.9071653e-01   1.2047822e-01   4.8263254e-01   1.6836151e-01  -5.0758576e-02   3.6469682e-01   4.7840209e-01   4.5056777e-02   1.6836696e-02   7.1011464e-01   5.6175757e-01  -1.6955772e-01  -4.7905304e-02   3.0094036e-01  -6.3241250e-02  -5.2041380e-02  -2.4270836e-01  -3.8855891e-01   8.2191391e-01   1.6917340e-01   3.8480274e-01  -4.1382196e-01   6.0810453e-01
   3.4695437e-02   1.6795996e-01   3.4114002e-01  -2.2629566e-02   0.0000000e+00   3.2645007e-02  -9.5663147e-02   6.1509626e-03   1.8261448e-01  -1.3994644e-02  -1.6702244e-01   2.2096225e-01   2.5768340e-01  -2.9011667e-01  -4.2614275e-01  -2.1005205e-01   4.4620493e-01  -4.8471199e-02  -6.7529765e-03   4.8074749e-01  -1.8553650e-01  -1.9085576e-01  -1.6872338e-01   1.0535405e-01  -2.3968637e-01  -1.3794033e-02   1.7707064e-01  -1.9561966e-01  -7.8548511e-02  -2.7136753e-01  -3.2616912e-01  -8.2862765e-03  -2.8445301e-02  -3.0114157e-01  -3.3183997e-01   3.7379040e-01   2.5890335e-01   1.1293583e-01  -1.6634585e-01   5.5229731e-02   1.6556761e-02   7.7291488e-02   1.0870028e-01   1.5333217e-01   4.1972593e-03   2.2776695e-01  -8.0959196e-02  -9.1292766e-02   3.4084291e-01   1.1910744e-01  -2.5061711e-01  -3.7542065e-02   3.2109632e-01   1.9986252e-01   1.0630271e-02  -1.1877526e-01  -2.9167670e-01  -1.6846248e-01  -2.0993545e-01  -7.6221190e-02   3.8724717e-01   2.2566242e-01   1.4265331e-01  -3.0939287e-01   1.0826564e-02  -4.4502516e-03   2.7408412e-02  -1.1490025e-01  -1.6813988e-01   4.4917292e-02   3.6628603e-02   1.3726113e-03  -1.9388449e-01   1.6915840e-02   2.5258572e-01   6.6538124e-02   2.8483226e-01  -1.0045839e-01   2.7658877e-01  -5.8754041e-02  -1.5391327e-01  -2.8323985e-01   2.9186918e-01   9.4891493e-02  -6.9985215e-02  -5.6039090e-03  -3.1862475e-01   9.9258264e-02   1.3537589e-01   8.9413627e-02   6.5160164e-01   3.3606868e-01   4.1364116e-01  -1.6105403e-02   1.5514840e-01   5.8641204e-01  -3.0058006e-02  -8.6653943e-02   2.2763380e-01   8.2232289e-02  -8.2074369e-02  -2.7483233e-01  -2.6315931e-01  -1.7963640e-01  -4.7149539e-02   3.8049117e-02   2.8232446e-01  -6.4285543e-02   2.1352901e-01   5.6051141e-01   1.6731546e-01  -3.4498563e-01  -5.0356547e-02   1.3855196e-02  -2.1340731e-01   1.1314062e-01  -2.5112332e-01   1.2593147e-02  -1.2484602e-01  -1.1223502e-01  -3.2586452e-02   5.2766828e-01   2.6376133e-01  -1.5188252e-02   1.1203319e-01  -3.0366405e-02  -2.6553204e-01   3.1961809e-01   8.4038042e-02   1.1962020e-01  -2.6021524e-01   7.5389942e-02   1.6396993e-01  -1.6169057e-01   1.0561280e-01  -1.8335360e-02   1.1818712e-01  -3.1790206e-01  -1.3134843e-01   5.5804669e-02   4.0461334e-02  -7.1297213e-02  -1.3065964e-01  -1.0084673e-02  -3.5962696e-01  -2.9053819e-01  -5.8150208e-02   1.6509713e-01   7.5989902e-02  -5.9185008e-02  -1.1136197e-01  -1.9069592e-01   7.6692263e-02  -8.0367028e-02   2.4607489e-01   1.5559371e-01   1.5464029e-01   2.7640803e-02   4.3340209e-01  -1.9360196e-01   4.7948724e-02  -1.3760468e-01   2.8418214e-01  -8.5733293e-02  -1.1762890e-01   1.7412625e-01   9.1706843e-02  -8.0698117e-02   6.9857942e-02   3.2575472e-01   3.4560783e-01   1.1313059e-01   1.2454773e-02   1.3597804e-01  -1.6590716e-02   7.3741998e-02  -1.6758079e-02
   4.1233190e-02  -4.3582407e-01   2.1799494e-01   6.3140364e-02   3.2645007e-02   0.0000000e+00   3.3998645e-02  -1.2176022e-01  -3.6696741e-01  -4.2665415e-01  -1.6045606e-01   1.6956583e-01   2.6587970e-01  -9.7116860e-02  -2.6881740e-02   1.6825859e-01   2.0595378e-01  -5.3977228e-02   1.8586617e-02   4.0820529e-01   1.6829417e-01   4.3406326e-02  -7.0580663e-02  -1.0799076e-01   2.0895077e-01  -1.5216037e-02   2.0580167e-01   1.1885131e-01  -4.3224763e-02   2.7036844e-01  -4.6800528e-01  -3.6771110e-02   2.7506611e-02  -1.0296444e-01  -1.6590729e-01   6.9956074e-02  -3.8723118e-01  -4.0499154e-01   2.9655308e-02   2.0574593e-02   1.8032819e-01   1.4351009e-01  -3.2005935e-01  -4.1978392e-03   1.7809372e-01  -1.0244440e-01   2.5808175e-01  -1.9189689e-01  -1.1496676e-01  -1.1142822e-02   4.3933111e-03  -2.3812037e-01  -2.5335965e-01   1.4280953e-01   2.6600068e-02   3.5295256e-01   2.9254169e-01  -3.6935833e-02   9.4177128e-02   3.5156226e-01  -1.2913510e-01  -1.6037253e-01  -5.5168668e-01  -5.8516875e-01  -3.9918286e-01   4.1518635e-01   7.0298295e-01  -1.6133296e-02   2.5709194e-01   2.1391354e-01  -2.8574095e-01   1.0946496e-01  -9.0328740e-02   2.0717795e-01  -3.6833357e-04  -1.3431325e-01  -2.9446833e-01   2.5927042e-01  -3.4231259e-01  -7.7890492e-02   8.4955238e-03   6.1501814e-02  -2.3118364e-01  -1.1617432e-01   4.9650356e-01  -2.7360945e-01  -4.1531706e-01   3.0019818e-02  -2.8624296e-01   7.0647166e-02  -6.7065388e-02  -2.3581743e-02   1.0252299e-01   1.8655866e-02  -4.6468127e-01   1.9798912e-01   1.9894333e-01   2.4272930e-01   1.2019063e-01  -3.0777129e-01  -1.2465769e-02  -1.3669719e-01   1.9109418e-01  -3.7403585e-01   9.0661462e-02   2.7993672e-02   6.5986559e-02   4.2893898e-01  -3.0480750e-01   2.0734409e-01   1.2212519e-01   3.0778949e-01   5.2241719e-02   1.3173778e-01   4.0160051e-02  -5.3327225e-01   7.4275517e-02   1.4400414e-01   2.9353836e-01   9.7345990e-02   3.1460260e-02   3.6114535e-01   1.0044124e-01  -3.3104794e-01  -3.5523897e-02   2.0596009e-02   5.0207783e-01  -1.5211813e-01  -1.2429916e-01  -4.5764058e-02   4.2654532e-02  -4.4487394e-01  -3.9031051e-01  -4.9661962e-01  -9.1943484e-02  -2.9745565e-01   5.1527475e-02  -2.1270808e-01  -2.5360642e-01  -2.4454818e-01  -1.3552603e-01   1.9353132e-01   1.3854665e-01   3.1377148e-01  -1.7567676e-03  -4.3560792e-02   2.8333931e-01  -2.2932080e-01   1.5106416e-01  -2.3202329e-01   2.4600856e-01  -3.7261007e-02   2.8846523e-02  -4.7333573e-01   5.9568064e-02  -1.6789355e-01   8.1908638e-03   1.4997455e-01   1.0737011e-01   2.5742374e-01   3.3119841e-02  -1.9486258e-01  -5.6029023e-02   6.9689138e-02  -3.0622096e-02  -2.1863834e-01  -1.2724240e-01   1.0595478e-01   1.1405745e-01  -3.7946337e-01  -1.7738878e-01  -3.4361931e-01   3.9002448e-02   6.2542805e-01   4.4025457e-02  -3.1408351e-02  -7.0691857e-02
  -2.5803568e-01   3.3404429e-01  -1.4515039e-01  -2.3700046e-01  -9.5663147e-02   3.3998645e-02   0.0000000e+00  -2.1532387e-01   3.2958949e-01   5.0229302e-01   9.5529722e-02   1.6654263e-01   8.7675039e-02  -3.7558536e-01   2.7791072e-01   1.5881520e-01  -2.4862993e-01   5.8788513e-02  -4.2660296e-01   1.0460634e-01  -5.3212568e-02  -4.6614424e-01   2.6887906e-01  -3.0699326e-01  -1.5009132e-01  -4.3864094e-01   5.0577160e-01   4.2731832e-02  -6.7715482e-03  -3.3600348e-01   6.5679017e-02  -3.3814557e-01   1.0266592e-02   7.3879268e-01   5.0686758e-01   8.0169053e-02   1.3195739e-01  -1.0125255e-01   1.2083552e-01   2.7325074e-01   1.0047560e-01   2.2174474e-02   1.6197027e-01  -6.0424022e-02   2.6515229e-02  -2.9523428e-01  -7.0156431e-02   4.9969624e-01  -1.2238072e-01   2.0875084e-02   2.2366932e-01  -3.1246048e-01   4.1544183e-01  -4.2655170e-02  -3.5885006e-01   1.8193888e-01  -2.9698110e-01  -4.7119013e-01  -5.7392772e-02   1.0524944e-01  -1.1038681e-01   3.4784757e-01  -1.2083433e-04   1.5175819e-01  -8.0197386e-04   2.2575142e-01  -2.0793674e-01   3.1889043e-02  -1.8215692e-01   1.2399109e-01   3.8492309e-01  -2.0587003e-01   9.0295788e-02  -5.0219082e-01  -2.0862845e-01  -3.3465194e-01  -1.5389996e-01  -2.4174828e-01   3.7302857e-01  -5.5813005e-02   8.6177308e-02   1.8756015e-01   1.8848715e-01  -3.3249763e-01  -4.2653491e-01  -3.4117610e-01  -9.8744067e-04  -3.9622853e-01   1.4705491e-01  -2.2721061e-01  -5.1007457e-02  -2.2992282e-01   2.1146842e-01   4.1579146e-01  -1.0498410e-01  -1.0080633e-02  -7.8669355e-02  -4.1069338e-01   1.8495318e-01   5.7237289e-01  -2.9510762e-01   4.7768281e-01  -3.0757036e-01   8.0847165e-02  -3.5894174e-01  -4.4998935e-01  -4.1283635e-02  -4.0852068e-01   5.2525811e-01   9.7365328e-02   5.1382487e-01  -2.7728711e-01  -2.2280551e-01  -1.9040703e-01  -8.9388456e-02   2.3852765e-01  -2.1048914e-01   1.1096479e-01  -2.4647021e-01  -1.8792537e-01  -2.1050815e-01   1.4222139e-01  -1.0028997e-01   9.8838071e-02  -3.5742359e-01  -2.7139551e-01  -1.7995073e-02  -1.5742823e-02  -3.1301223e-01   1.7271959e-01   1.4460050e-01   5.7263891e-01  -9.5224807e-02   9.0148378e-02  -2.2876383e-01  -2.5602888e-01   1.7649754e-02  -6.2241512e-02  -3.0619532e-01  -1.7628986e-01   1.4555849e-01  -1.7703314e-01  -1.1141889e-01   1.3336661e-01   4.5351129e-01  -1.9012278e-02   3.2868585e-01   2.0137748e-01   3.8346590e-01   2.6563032e-01  -3.5893774e-01  -2.9432045e-01  -2.9699178e-01   2.2299156e-01   1.3812357e-01  -3.7011386e-01  -3.1682998e-01   8.3042296e-02  -1.3763724e-01  -1.0529319e-01  -1.0386962e-01  -1.5071774e-01   1.6803066e-02  -2.5377264e-01  -4.2443407e-01   3.5069402e-01   5.4265157e-01  -3.0276353e-01  -2.7994453e-01  -2.5659103e-02   3.2515656e-01  -2.6284467e-02  -6.5211064e-02  -2.1470811e-01  -1.5180075e-01  -5.1217796e-02  -3.8669259e-01
   9.0530583e-02  -1.1186580e-01  -1.5040067e-01   3.4601331e-01   6.1509626e-03  -1.2176022e-01  -2.1532387e-01   0.0000000e+00   1.2738289e-02  -1.8597634e-01   2.3791910e-01  -2.9316521e-01  -1.3447185e-01  -4.7743995e-02   5.0056196e-02   9.1377017e-02  -8.4166504e-02   2.5665753e-01  -1.4751609e-03  -2.9334273e-01  -7.5494054e-02   3.3292309e-01  -1.1644590e-01   1.5631931e-02   1.3623477e-02   5.5347596e-01  -8.8094911e-02  -9.5507908e-03   1.5982890e-01   4.6064863e-02   9.4127820e-02   4.9572888e-01   1.4577015e-01  -4.7744186e-02  -4.4448076e-01  -1.1983458e-01  -1.2939925e-01   6.8750164e-02   5.1477198e-03  -2.6985016e-01  -9.6296635e-02   2.0018178e-01   2.4193382e-03   3.2648750e-01  -1.6641019e-05   1.0039968e-01   1.9814223e-01   1.5577397e-02   1.5472729e-01  -1.0560527e-01   2.6811314e-01   6.1012440e-01   6.0405027e-02   8.1256784e-02  -1.5044150e-01   6.0327817e-02   1.8397652e-01   3.4671954e-01   2.5782497e-01  -2.3834758e-01   1.9632138e-01   7.4397543e-02   4.6232689e-02   2.3143617e-01   1.2787251e-01   2.4013277e-03   2.8441072e-02   3.3234639e-01   3.6641285e-01  -2.7891270e-01  -2.3073060e-01   2.5196199e-01  -7.6834838e-02  -3.2620485e-02  -1.1681448e-01   1.9388756e-01   2.5357761e-01   3.4776774e-01  -8.9675761e-02   2.9828729e-01   2.3190666e-01  -5.7235915e-02   4.5817738e-02   5.9379917e-01  -3.6748829e-01   3.5672258e-01   4.1190688e-02   9.5997081e-02   3.8974746e-02  -6.4982688e-02  -6.8686522e-02   2.7420962e-01  -1.0075588e-01  -1.2207632e-01   1.0040565e-01  -2.0773497e-01   1.6206812e-01   1.6312630e-01   2.3111084e-01  -7.2401019e-02  -3.0852795e-01   1.3954849e-01   2.1757479e-01   1.3692316e-01   1.3509414e-01   3.2926260e-01   1.9880804e-01   2.6355767e-01  -1.2788543e-01   2.1990355e-01  -1.6015686e-01   2.0719272e-01   3.9975606e-01  -9.5057473e-02  -3.1092035e-01   3.4371190e-03   3.0590802e-01  -1.6819710e-01  -1.1231016e-01   4.2646991e-01   4.1814260e-01  -2.4444805e-01  -9.2647448e-02  -5.5011218e-03   1.7451067e-01   9.1647052e-02  -1.3513560e-01   5.2553401e-02   2.4936276e-01  -2.2833087e-01  -1.0792976e-01   2.4364429e-02   1.9422163e-01  -5.8281293e-02   1.0763360e-01   5.4151582e-01   2.1995174e-01  -5.1742090e-02   7.1502072e-01   1.1424463e-01   2.2876955e-02  -2.6335941e-01   2.9082437e-01  -3.0715836e-01  -3.6403572e-02   1.1553972e-01  -4.9465753e-01   8.7079589e-02   1.1528309e-01  -5.5584388e-02  -2.0420579e-01   2.9846090e-01   2.3054048e-01   1.1290651e-01  -1.9373714e-01  -7.4576703e-03   3.0733836e-01   2.2287298e-01   1.5988693e-01   1.5943035e-01   2.1525908e-01   2.6938933e-01   4.4619483e-02   2.0455333e-01   6.3354048e-01  -1.1112483e-01   7.6860975e-02  -8.0363999e-03   7.3224119e-02   1.1146445e-01  -1.2660860e-01  -1.8346766e-01   3.3050838e-01  -1.5061498e-01  -8.2579826e-02   2.1273542e-01   4.9579585e-01
  -1.1187852e-01   7.4155047e-01  -8.3019731e-02   7.0781714e-02   1.8261448e-01  -3.6696741e-01   3.2958949e-01   1.2738289e-02   0.0000000e+00   5.1335398e-01   1.2281222e-01   2.1252841e-01  -2.1767571e-01  -3.4624314e-01  -1.1716799e-01  -2.4176628e-01  -7.4679103e-02   4.9317098e-02  -2.9127214e-01  -2.5459625e-01  -3.5228831e-01  -3.0376397e-01  -3.4818329e-01  -1.2784539e-01  -2.1620936e-01  -8.6267962e-02   1.8589138e-01  -2.2353439e-01   2.2021710e-01  -3.3266214e-01   8.0488095e-02  -7.9155834e-02  -1.5402958e-01   3.2803796e-01   3.3001313e-01   5.4772562e-02   4.6775624e-01   9.5157293e-02  -2.0388720e-01   1.7362801e-01  -1.7591452e-01  -2.5653420e-01   6.0938082e-01  -6.3478355e-02   2.3622885e-01  -3.4481099e-02  -2.1682458e-01   5.4603313e-01   1.0432686e-01  -1.2343663e-01   4.7687222e-03   7.1130893e-02   6.5895611e-01   1.7316736e-02  -4.7011311e-01  -3.2887508e-01  -2.6769828e-01  -1.4317579e-01  -1.8653665e-01   1.3723501e-01   2.7054134e-01   3.1997403e-01   6.0839033e-01   3.1034779e-01   5.2727174e-01  -1.2529905e-01  -4.2054959e-01   2.1224844e-01  -2.5699232e-01  -1.2793024e-01   5.6072259e-01   1.0646242e-01  -5.5174629e-02  -4.2752957e-01   3.4687490e-02   9.2839797e-02   2.4307844e-01  -3.8865916e-01   5.1004350e-01   3.8656396e-02  -1.0572900e-01  -1.6299735e-01   4.2923118e-01   3.0044911e-02  -4.0518150e-01   1.0628241e-01   3.9120404e-01  -1.9556032e-02   5.3852014e-01  -2.6922019e-01   3.6589082e-01   1.1791713e-01   1.9472258e-01   5.0515406e-01   1.4974403e-01  -1.4778605e-01  -6.2123918e-02  -4.6686348e-01   6.9202670e-02   3.0982758e-01  -1.9422171e-01   1.4215055e-01  -5.7942048e-01   5.7136788e-01  -1.1030162e-01  -7.8079673e-02   2.0667257e-01  -4.2423004e-01   2.9694780e-01   1.8384479e-01   2.3469911e-01  -4.6608589e-01   7.2926156e-02  -2.4262158e-01  -2.3424978e-01   5.8840315e-01  -4.1923542e-01  -9.2134777e-02  -2.8505099e-01  -7.1827217e-02  -1.2989578e-01   4.4021480e-02   8.1213205e-02   6.0388311e-01  -2.3423584e-01  -1.2455843e-01  -4.3872508e-01   3.2136215e-01   3.1388465e-01   1.7270343e-01  -2.7441079e-01   3.9822884e-01   3.8616565e-01   1.0611010e-01   3.4997417e-01   2.1439648e-01   7.5857743e-02  -1.2779679e-01   3.5081540e-02   4.2269211e-02   1.6037155e-01  -2.5755370e-01  -1.3215624e-01  -2.7967540e-02  -9.8901744e-02  -4.4764613e-02   4.3597084e-03   4.9915672e-01   2.2686143e-02   4.2135897e-01  -3.7156995e-01  -4.0981024e-01  -1.6461061e-01   4.1324937e-01   2.7165935e-01  -1.2154336e-01  -1.2653078e-01  -1.0830945e-01   1.3671207e-01  -4.3649919e-01   2.5089563e-01  -1.3465654e-01   2.2993634e-01   8.6534445e-02  -1.7416134e-01   4.0636624e-01   4.3113159e-01   2.3013704e-02  -2.9168171e-01   4.9406596e-01   4.4240294e-01  -2.3099125e-02   2.2257391e-01  -1.7319257e-01   2.0454249e-01  -2.2106648e-01  -6.9142228e-02
  -2.7482945e-01   4.8535280e-01  -1.9156781e-01  -1.8359516e-01  -1.3994644e-02  -4.2665415e-01   5.0229302e-01  -1.8597634e-01   5.1335398e-01   0.0000000e+00   3.2423708e-01   3.4756837e-02  -7.2122491e-02  -1.2025459e-01   6.5288347e-02  -1.8887179e-01  -1.9383436e-01   2.0633582e-01  -2.3460710e-01  -1.2758233e-01   6.5726771e-02  -3.8380477e-01   2.1935087e-01  -2.0549316e-01  -4.5111635e-02  -2.9350353e-01   9.7425582e-02  -1.0113903e-01   9.6052127e-02  -2.5770510e-01   4.1779047e-01  -2.3808368e-01  -1.8511661e-01   4.5090552e-01   4.2794870e-01   1.3857447e-01   5.7961726e-01   9.7360594e-02  -4.5069553e-02   2.2190162e-01  -2.6350287e-02  -2.7528617e-01   2.2339572e-01   4.1817383e-02  -5.7868417e-02  -1.0651935e-01  -1.6525553e-01   5.2746167e-01   1.5131245e-01  -5.0736720e-02   1.8108147e-01  -1.2642179e-01   4.8160027e-01  -9.8531068e-02  -1.5066805e-01  -1.6050891e-01  -3.4355528e-01  -2.5666568e-01  -9.3695290e-02  -4.2592376e-02   4.8523254e-02   2.2813655e-01   2.7616756e-01   4.7980580e-01   3.6671212e-01   1.9618376e-04  -4.5169943e-01  -5.2836718e-02  -3.7412768e-01   8.4694377e-03   5.0953313e-01  -1.9208353e-01   8.8927192e-02  -4.4333044e-01  -4.8229508e-02  -2.8456682e-03   1.1727667e-02  -3.5611322e-01   2.8219118e-01  -7.3351331e-02  -1.5767260e-01  -3.8659726e-02   4.5000745e-01  -9.8641349e-02  -3.8084100e-01  -7.4774154e-02   4.2072669e-01  -1.8859012e-01   2.7051803e-01  -2.4306767e-01  -3.0817222e-02  -2.0971146e-01   1.6467214e-01   1.9378773e-01   1.1077346e-01  -4.7646159e-02  -1.8705391e-01  -5.2570315e-01  -5.6677257e-02   5.6290652e-01   5.1035848e-02   3.1361567e-01  -4.1474820e-01   3.0320252e-01  -2.1313114e-01  -3.1262462e-01  -1.4717427e-01  -5.7096978e-01   6.1508646e-01   3.7323274e-02   2.7916206e-01  -3.9156983e-01  -1.6994599e-01  -2.1089570e-01   2.7113657e-02   4.0573009e-01  -2.4894230e-01   3.5854437e-03  -1.9229893e-01  -2.5343007e-01  -1.8579585e-01  -1.1730729e-01  -1.7873929e-01   4.5673656e-01  -2.6458364e-01  -2.2983013e-01  -2.1923644e-01   7.3609872e-02  -4.8420219e-02   1.9043852e-01  -4.3927312e-02   5.8413140e-01   1.0396533e-01   5.5532206e-01  -8.9137686e-02   1.2880079e-02  -7.7748447e-02   1.7954138e-01  -2.1483103e-01  -7.0781068e-02   5.5756699e-02  -2.2360470e-01  -1.3956541e-01  -7.2395239e-02   1.8233570e-01   1.5144483e-01   1.4686449e-01   4.3141216e-01   1.9201954e-01   4.2844937e-01  -3.4489251e-01  -2.9373666e-01  -2.8101520e-01   5.5411262e-01   5.6614567e-02  -1.4932779e-01  -2.0838506e-01  -8.7402021e-02  -1.2059746e-01  -3.4446438e-01  -1.6269070e-01   1.2603119e-01   3.1107015e-01  -9.1811491e-02  -3.7559484e-01   1.9073880e-01   4.2446313e-01  -2.0245798e-01  -2.3245452e-01   2.1695314e-01   1.6655258e-01   1.9906243e-01  -7.6844323e-02  -3.8008538e-01   2.6983381e-02  -1.1975452e-01  -2.4130350e-01
  -1.8650858e-01  -2.2538458e-01  -6.4314900e-01   3.5099121e-01  -1.6702244e-01  -1.6045606e-01   9.5529722e-02   2.3791910e-01   1.2281222e-01   3.2423708e-01   0.0000000e+00  -4.7464788e-01  -7.3780278e-02   8.1746754e-02   4.8387017e-01   2.1281469e-02  -5.4559413e-01   6.6942399e-01  -6.1453927e-02  -3.2641958e-01   3.0243359e-01   6.7165955e-02   2.4866333e-01  -1.7767808e-01  -1.0946182e-01  -5.8368933e-02  -1.7560678e-01   2.4097813e-01   1.5535716e-01   3.0483074e-01   6.0522280e-01   1.5752726e-01  -7.9234588e-02   2.6254972e-01   4.1578816e-02   2.7223396e-01   1.5175953e-01  -2.0145117e-01  -4.1363401e-02  -3.2775192e-01   6.8654771e-02  -2.3885113e-01  -5.8806499e-02   4.9614814e-01   2.5061509e-01  -1.5517878e-01   6.3061742e-01   3.0917757e-01   2.2951174e-01  -4.3202547e-01   6.9028621e-01   1.1253021e-02   1.6830933e-01  -1.5863651e-01  -1.2590935e-01   4.4816815e-01   2.1988080e-01   6.4129443e-02   3.4571423e-01  -1.5779685e-01  -1.1333185e-01   2.6149415e-01  -1.6916956e-01   6.3039033e-01   4.5110545e-01   4.3332533e-01  -2.9352971e-02   2.0329184e-01   3.5239322e-01  -4.3356167e-01  -2.5898884e-01   3.3165802e-01   1.4821303e-01  -1.7948419e-01  -2.1706342e-01  -3.5523025e-02  -6.7762448e-03   3.4037244e-01  -8.5312427e-02   1.4213562e-01   2.4375653e-01   1.8001705e-02   2.3159628e-02   1.1499299e-01  -1.9982257e-01   4.6652914e-02   2.7667595e-01   5.0586918e-02  -1.2778263e-01  -2.1928052e-01  -2.2861144e-01  -2.8944585e-01  -3.7726131e-01   7.9336634e-02  -1.6851380e-01  -3.6216177e-01   2.2670244e-01  -5.2698618e-02   1.9130599e-01   2.1261481e-01   7.2785442e-02   2.2800099e-01   1.2964649e-01   1.4131331e-01   2.5804866e-01   4.3940790e-02  -2.2720713e-01   1.1133456e-01   2.1240273e-01   8.5999663e-02  -2.6383557e-01   2.5846037e-01   2.4943919e-01  -1.6860424e-01  -1.1420212e-02  -4.5672679e-02   3.1666659e-01   5.0684854e-02   1.3313855e-02   2.5066913e-01   6.9914489e-02  -2.2862081e-01  -4.6529095e-01   3.8543785e-01  -1.3630635e-01  -6.8975690e-02   2.5494225e-01  -1.8592093e-01   4.6670090e-02  -3.8063936e-01  -1.0549069e-01   3.6398547e-01  -1.3125585e-01   4.4448342e-01  -1.6193106e-01   1.0197368e-01   1.1562466e-01   1.9413890e-01   1.3719964e-01  -2.1409051e-01   1.0193199e-01  -3.0531794e-01   5.5323307e-01  -1.3114049e-01   4.7818115e-01   4.4202201e-01  -3.3315003e-01   3.4822967e-01   5.5993275e-01   1.9485317e-01  -1.0822721e-01   2.0290887e-01  -1.7293239e-01   6.5498251e-01  -4.7811757e-01  -2.8013276e-01   8.0492578e-02   3.7410656e-01  -3.9339282e-01   2.3527008e-01   9.3427001e-02   6.6554294e-01   3.7842789e-01   4.8900037e-01   2.5041446e-01  -2.1322650e-01   1.9420365e-01   6.6742118e-02  -1.8445542e-01  -2.8112379e-01  -2.5263568e-01  -1.3778274e-01   3.9355603e-01  -1.0236480e-01   1.4399806e-01  -1.3740589e-01   2.6653152e-01
  -1.3393450e-01   4.9531191e-01   6.1109611e-01  -2.5809930e-01   2.2096225e-01   1.6956583e-01   1.6654263e-01  -2.9316521e-01   2.1252841e-01   3.4756837e-02  -4.7464788e-01   0.0000000e+00  -9.8944051e-02  -3.5765579e-01  -3.3588522e-01   9.6487899e-02   4.3972523e-01  -4.6617696e-01  -4.6991160e-02   2.7113183e-01  -4.8861974e-01  -4.9303612e-01  -4.1252567e-01  -3.7637006e-01  -3.8726771e-02  -2.2268663e-01   2.1770307e-01  -4.7689983e-01   1.1054851e-01  -3.5330194e-01  -3.9254523e-01  -4.5280395e-01   3.3781526e-02   2.7541089e-01   3.2544795e-01  -1.8820748e-01   4.7759512e-02   1.6178085e-01   9.9187697e-02   3.9555816e-01  -1.7852426e-01   1.0647143e-01   3.7444845e-01  -2.5604056e-01   1.8365928e-01  -1.5192196e-01  -4.6748589e-01   2.9080611e-02  -1.5373675e-01   3.8059870e-01  -4.7495981e-01  -3.1138248e-01   1.3266885e-01   4.6146310e-01  -8.5453059e-02  -2.9056817e-01  -2.1251959e-01  -5.0160895e-01  -3.5700089e-01   5.9763280e-01   2.9007722e-01   9.9559707e-02   3.9905837e-01  -1.6018057e-01  -6.2209933e-02  -2.5446461e-01  -1.1072542e-01   8.3334104e-02  -3.0687216e-01   4.4810305e-01   4.4705212e-01  -2.3417153e-01  -1.7661913e-01  -2.3545107e-01   3.6138467e-01  -1.2540121e-01   9.8532366e-02  -4.2267593e-01   4.2759499e-01   4.8353389e-03  -3.9675852e-01  -1.1869427e-01   2.7351789e-01  -3.9419287e-01   6.8680557e-02  -2.4159755e-01  -5.8070879e-02  -3.4541235e-01   2.8242275e-01  -1.7914978e-01   3.6768475e-01   3.5606501e-01   6.6217774e-01   3.7048461e-01   1.9210717e-01   2.0700738e-01  -3.9445668e-02  -2.4182699e-01   6.2378352e-02  -7.9006532e-02  -3.4915334e-02   8.6063719e-02  -4.9159996e-01   2.1910257e-01  -3.7736151e-01  -3.3169954e-01   4.1815434e-01  -2.9120918e-01  -1.4680252e-02  -7.7737683e-02   6.5154390e-01  -4.4392165e-01  -1.8346873e-01  -9.8243017e-02  -1.5186889e-01   3.0289135e-01  -5.0762637e-01  -1.4692571e-01  -2.6907579e-02  -3.8616458e-01  -4.8511355e-01   4.5925660e-01   6.8687760e-01   8.6814687e-02  -2.8073278e-01  -3.1275675e-01  -3.2577824e-01   4.1750018e-01  -1.7489262e-01   5.5642340e-01  -7.2287716e-02  -1.0189452e-01  -9.4567672e-03  -2.9108775e-01   2.5178976e-01  -2.2250954e-01   8.7877312e-02  -3.6076709e-01  -4.2572340e-01  -1.8728402e-01   5.5819898e-03   1.2216617e-02  -3.7780129e-01   3.0686383e-01  -2.2477824e-01  -5.1205286e-01   4.5952872e-01  -2.0504561e-01  -2.9084396e-01  -1.4321684e-01  -2.5665294e-01  -5.5457889e-01  -6.4338448e-02  -1.2378695e-01   6.5016036e-01  -1.5935988e-01  -3.2684413e-01  -2.5822191e-01   3.5557351e-01  -5.0664146e-01   4.2104095e-02  -5.1037602e-01  -3.1625540e-01  -3.9979505e-01  -5.0336100e-01   5.5571698e-01   2.8645209e-01  -5.3731574e-02  -2.1526839e-02   4.9811738e-01   6.2185827e-01  -5.7180034e-02  -1.2133798e-01   2.1350827e-01   1.8610035e-01  -1.2007997e-01  -4.5390352e-01
  -5.2900338e-02  -2.4587227e-01   1.4630613e-01  -2.1947798e-01   2.5768340e-01   2.6587970e-01   8.7675039e-02  -1.3447185e-01  -2.1767571e-01  -7.2122491e-02  -7.3780278e-02  -9.8944051e-02   0.0000000e+00  -1.3999951e-01   8.9169837e-02   1.8908463e-01   1.4773439e-01   8.6767822e-02   6.2849293e-02   5.4352720e-01   2.8317122e-01  -7.8092140e-02   3.6715649e-01   4.5576416e-02   8.2027673e-02  -9.5754255e-02   1.4589263e-01   7.6120013e-02  -3.6735261e-01  -4.2911787e-02  -9.5467708e-02  -1.3755541e-01   8.2808776e-02  -1.2889704e-01  -8.9605070e-02   2.8854554e-01   4.5314959e-02  -1.5587931e-02   1.8457211e-01   5.8576655e-02   7.1490158e-01   2.3997187e-01  -2.6159821e-01  -1.5838810e-01  -6.9943500e-02  -1.7795708e-01  -3.3635355e-02  -2.0609448e-01   1.2003982e-01  -2.6540283e-02  -3.6322770e-02  -2.1141901e-01  -1.1833391e-01  -3.5223952e-03   1.6877028e-01   1.8138680e-01   2.5442852e-02  -9.2198354e-02   5.1998278e-02  -9.9343475e-02  -1.8408042e-02   1.0223126e-01  -3.1806277e-01  -3.1128923e-01  -1.3415327e-01   7.3680717e-02   3.2463278e-01  -4.0052286e-01  -6.8067811e-02   1.1264986e-01  -9.1917714e-02  -1.1468396e-01   2.3960738e-01   1.5678087e-01   7.6498171e-02  -1.1543669e-01  -6.5916755e-02  -7.8471854e-03  -1.0513397e-01   5.4900051e-02  -1.5485450e-01   3.0520398e-01  -7.8262193e-02   4.1023495e-02   7.8686681e-02  -2.8373091e-01  -3.4969203e-01  -4.5715031e-02  -1.8908745e-01   1.6977836e-01   1.3442135e-01  -4.4568727e-02   9.2115686e-02  -2.3373418e-01  -8.7553363e-02   4.6710780e-01  -3.6137722e-02   1.3557992e-01   2.3504776e-01   1.4362681e-01   1.1675076e-01  -4.1386779e-02  -8.6082736e-02  -4.3135191e-01   1.2865665e-02   1.7159632e-02  -8.3182945e-02   1.6428235e-01   1.0832731e-01   1.2439135e-02   1.7010419e-02  -8.3979198e-02  -1.4185417e-01  -2.0506843e-02   1.5279595e-01  -1.8430966e-01  -1.1829323e-02   7.1504720e-01  -2.6702582e-02  -7.5302473e-02  -1.5984769e-01   3.2452195e-01  -4.1754820e-02  -1.3864562e-01   2.0415519e-02  -1.0625224e-01   2.7463448e-01   3.2922309e-02  -1.2432845e-01   1.6802980e-03   3.3669185e-01   1.0606314e-01  -3.7536418e-01   5.4221411e-02  -1.9657912e-01  -2.4007931e-01   8.8932279e-02  -9.8279482e-02  -3.0644006e-01  -1.7950953e-01  -4.1795523e-01   2.1257265e-01  -2.3867813e-02  -7.5329675e-02   1.2800502e-01  -2.0424699e-02   2.9478749e-01  -6.4088170e-02  -4.7257907e-02  -2.7207418e-03   1.9383255e-01  -8.2254675e-02  -9.6568077e-02  -1.2898720e-01  -7.1526287e-02  -4.6626963e-02  -2.0239247e-01   1.3010812e-01   1.2619807e-01   1.6830817e-02  -2.6222235e-02  -1.3766825e-01   7.5487827e-02  -1.0978295e-01  -1.3851087e-01  -7.9372183e-02  -1.0731048e-01  -5.7859811e-02  -1.3257061e-02  -2.0489019e-01  -5.3686789e-02  -2.7845496e-02  -2.2572711e-01   1.4559260e-01  -1.9724915e-01   2.7135729e-01   2.5916929e-02
   2.1033956e-01  -3.7451945e-01  -2.6280901e-01   2.6860834e-01  -2.9011667e-01  -9.7116860e-02  -3.7558536e-01  -4.7743995e-02  -3.4624314e-01  -1.2025459e-01   8.1746754e-02  -3.5765579e-01  -1.3999951e-01   0.0000000e+00   1.4886018e-01  -1.8831425e-03  -1.7352236e-01  -2.9038481e-02   2.9423841e-01  -2.1083466e-01   3.6275728e-01   4.0882352e-01   1.9382685e-01   1.3072634e-01   2.6465355e-01   4.0659787e-02  -4.2522432e-01   2.6738974e-01   1.3710234e-01   3.8292822e-01   4.0396505e-01   9.3611368e-02   7.8410793e-02  -1.5256834e-01  -1.9040100e-01  -7.8446767e-02  -1.2487488e-01  -1.0095570e-02   9.2275575e-02  -3.3241314e-01   9.6099584e-03  -1.6133621e-01  -1.5225978e-01   2.2219791e-01  -5.9744779e-02   9.7630230e-02   1.6403788e-01  -1.0995395e-01   8.0080644e-02  -1.5323871e-01   5.8742335e-02   4.9012489e-02  -3.1182974e-01  -3.5718845e-02   6.1179010e-01   2.4977658e-02   1.7355800e-01   3.0049500e-01   1.3914162e-01  -1.8408144e-01   1.3214639e-02  -1.3696029e-01  -1.6349474e-01   1.4898724e-01  -1.0995113e-01  -1.0194695e-01   1.0856746e-01   9.9790825e-02   2.6541248e-01  -1.7269553e-01  -2.6280377e-01   1.6648424e-01  -3.1098734e-02   2.1829906e-01   4.5917565e-02   8.0379699e-02   6.5011132e-02   1.9510945e-01  -3.1456396e-01   1.7017179e-01   1.3970312e-01  -2.5843783e-02  -4.9791203e-02   7.8962237e-02   4.3956103e-01   1.5555072e-01   2.9437351e-01   2.5377892e-01  -1.6791982e-01   1.1065041e-01  -4.7891871e-01  -1.4354563e-01  -3.5975243e-01  -3.3439993e-01  -4.7466038e-02  -2.9205049e-01   1.2554876e-01   1.2784720e-01  -1.3507068e-01  -1.8769468e-01   3.4021776e-01  -1.7388403e-01   5.8099868e-01  -1.3546576e-01   1.3775454e-01   1.6111502e-01   6.8788001e-03   1.4469889e-01  -9.1088338e-02  -2.3500754e-01  -2.8926462e-01   3.8013171e-01   2.1711367e-01   7.4208547e-02   1.7705368e-01  -2.7805626e-01   2.3005114e-01  -2.3356270e-01   3.6141580e-01   1.5805125e-01   2.8163253e-01  -4.1176574e-01  -1.9080307e-01  -1.7656207e-01   3.1841649e-02   9.2438566e-02   1.9383706e-01  -1.2279405e-01   5.3287478e-03  -2.4970606e-01   3.2157500e-02  -1.7724659e-01   4.1967763e-03   2.3221196e-01  -1.5166855e-01   4.2161912e-02  -1.5165239e-01   4.3803864e-01   1.2198569e-01   6.6408062e-02   7.3111069e-02   2.8509564e-02   1.1481479e-01  -7.5767113e-02  -1.0772637e-02   2.6367932e-01  -2.0210522e-01  -3.1421891e-01  -1.3689701e-01   4.6431433e-02   1.4302594e-01   5.5335637e-01   6.8949863e-02  -5.4085227e-02  -4.6161794e-01   1.6847369e-01   2.0434020e-01   6.1240073e-02  -1.6851589e-01   3.7883321e-01  -1.3008453e-01   1.7356064e-01  -1.5374310e-01   1.9691647e-01   2.3301446e-01  -3.1837252e-01  -2.3570513e-01   1.9330830e-01   1.4450955e-01  -1.6048466e-01  -4.2726662e-01   7.5084553e-02   1.2478408e-01  -1.2449010e-01   1.3503390e-01  -8.0562575e-02   1.7564025e-01
