   0.0000000e+00  -4.3173401e-01  -1.3399719e-01   1.5176497e-01  -1.7671950e-01   1.3042212e-01  -1.7660763e-01   2.2755654e-01  -2.7010774e-01   1.1658746e-02   2.3591878e-01  -4.0853629e-01   2.3770837e-01   3.8501223e-02   3.3711047e-02   1.0707325e-01  -1.4324755e-01  -5.7028042e-02   2.6851157e-01  -7.1346011e-02  -2.1083657e-01   1.7144762e-01   2.4214756e-01   2.7320758e-01   2.3469506e-01   2.4839951e-01  -1.5502908e-01   1.9922226e-01  -4.0814110e-02   5.8604595e-02  -1.9101296e-01   1.5803802e-01   3.6004923e-02  -2.6116873e-01  -3.2826863e-01   8.4942006e-03  -1.8294453e-01   1.3331158e-01   2.4423212e-01  -2.4839370e-01  -2.0867927e-02   1.8313565e-01  -7.8021533e-02   1.0347708e-01  -2.5523190e-01   9.7303611e-02  -3.0273835e-02  -2.7457696e-01   1.7808822e-03  -2.1958700e-01  -2.9828118e-02   2.2944815e-01  -3.5442000e-01   9.3943240e-02   4.5265962e-03   1.5656742e-01   2.8689941e-01   2.4750942e-01   1.1509068e-01  -7.0861292e-02   5.9842620e-02   7.0035066e-02   2.0809223e-02   2.1300415e-03  -2.5558477e-01  -1.4188298e-01   1.4008464e-01  -2.5619840e-02   1.2771698e-01   2.0982724e-02  -3.6742453e-01   1.6755338e-01  -2.2853260e-01   2.6992660e-01   1.3498395e-01   1.6723815e-02   1.1355749e-01   1.7285653e-01  -2.5023153e-01   2.7018778e-01   2.5766111e-01  -2.7825610e-02  -2.9541535e-01   2.9534321e-01  -9.9562345e-02   2.8793324e-01  -4.1077794e-01   1.9794605e-01   9.8387124e-02   3.9724804e-01  -7.7106189e-02   1.2102987e-01  -2.2132406e-01  -1.0989877e-01   2.3519482e-01  -5.6274832e-02   3.4708996e-01   2.3139510e-01  -4.3211487e-02  -1.6270968e-01  -1.5148984e-01  -1.4814212e-03   1.2642317e-01   5.4047174e-02   1.0143262e-01   1.0178637e-01  -9.0023853e-02   3.4881182e-01   3.5041844e-02  -3.6256135e-02  -2.6032454e-01   3.2845465e-01   1.0182445e-01   4.7060749e-01   8.0438933e-02  -4.8055255e-01   1.7251748e-01  -1.3951856e-01  -2.0886669e-02   2.7179834e-01   4.5941660e-01  -1.6174360e-01  -2.2988946e-01  -3.8524123e-01   2.0034093e-01   1.7848233e-01  -2.9415790e-01   1.4469895e-01   1.0163777e-01  -1.3701742e-01   1.5689260e-02  -2.5498039e-01   1.7613959e-01  -1.1433436e-01  -4.0233078e-02   1.4765976e-01   2.0688438e-01   1.2253821e-02   2.4325609e-01   3.7152654e-01   2.9995645e-01   8.4917468e-03   2.6804130e-01   5.1565126e-03  -4.1068525e-02  -2.8197548e-01  -2.9629282e-01  -1.9128485e-01   3.7542980e-02  -3.9316423e-01   1.1857721e-01   7.5516642e-02   3.4303003e-01   1.5282554e-01  -3.2389725e-01   3.0868103e-01   3.2033404e-01   4.9193047e-02   1.8058137e-01   2.8028123e-01  -1.5932310e-02   2.2528294e-01  -2.2652498e-01   3.6315170e-02   2.2253692e-01  -4.0825423e-01  -2.8692690e-04   2.2813878e-01   2.7152210e-01  -3.3483805e-01  -3.3953221e-01   1.7625701e-01  -1.0299539e-01  -5.3725736e-02  -3.2159972e-02   1.6094462e-01   1.2431595e-01
  -4.3173401e-01   0.0000000e+00   5.2085990e-01   6.5653117e-02   5.0273910e-01  -3.6188401e-01  -3.1778673e-01  -4.8853247e-01   5.1008301e-01  -2.5833801e-02  -5.2666308e-01   6.0806798e-01  -2.4648311e-01   1.1949150e-01  -3.5972919e-01  -3.9036127e-01   5.6425468e-01  -8.5565504e-02  -2.8412306e-01   2.7813255e-01  -7.8189560e-02  -4.6579331e-02  -6.2502371e-01  -1.3051016e-01   1.1921743e-02  -5.4886575e-01   2.5373282e-01  -4.8305088e-01   5.6497728e-02  -1.7777186e-01  -7.3716631e-03  -4.9500904e-01   7.1689442e-02   9.2019502e-02   2.0178566e-01   1.0654684e-01   2.0955947e-01  -2.0423998e-01  -3.7284411e-01   3.1848505e-01   3.0293629e-02   5.5636090e-02   2.3200624e-01  -2.1747045e-01   3.8352876e-01   8.5287729e-02   7.3161764e-03   1.2481432e-01  -4.5788906e-03   3.0378069e-01  -1.9981677e-01  -4.6669929e-01   3.6828684e-01   3.0085622e-01   2.0334271e-01  -1.8359440e-01  -3.1725520e-01  -6.0391574e-02  -2.4176356e-01   1.4354951e-02   3.8748822e-01  -3.0164556e-01   5.0582492e-01  -1.0118815e-01   4.8819724e-01   1.1084445e-01  -2.9945318e-01   3.8939711e-01  -2.1259831e-01  -1.5092272e-02   6.1012845e-01  -1.7614693e-01   1.1502826e-01  -3.1058171e-01   2.1007526e-01   3.3063847e-02  -1.6496579e-02   1.1815933e-01   5.3223170e-01  -1.4804204e-01  -5.9212127e-01  -7.7565716e-02   2.7553311e-01  -5.5620524e-01   4.4030542e-01  -4.3562764e-01   6.6277101e-01  -3.6770417e-01   2.5624607e-01  -4.7132638e-01   3.5526195e-01   8.7160533e-02   4.5603429e-01   1.9796396e-01  -1.1022202e-01   3.8476834e-01   4.3326567e-02  -2.7002086e-01   2.8321806e-01  -1.4921543e-01   1.0172459e-01  -3.5341287e-01  -3.8966010e-01  -8.9146837e-02  -2.0158685e-01  -8.9423169e-02   4.1211736e-01  -3.3525882e-01  -3.4227393e-01  -9.8344405e-02   1.7000210e-01  -5.1854726e-01   2.4978670e-01  -3.5541169e-01  -2.4555011e-01   6.0606121e-01  -1.1901821e-01   1.0352831e-01   3.8533893e-02  -6.6740947e-02  -4.1746045e-01   4.3890683e-01   3.8615203e-01   4.4434343e-01  -2.0534549e-01   1.4403264e-02   1.8739095e-01   5.7127721e-02   7.8317413e-02   3.1108359e-01  -3.2673605e-01  -3.3730235e-02   3.9900704e-02  -1.9775190e-01   2.6503896e-01  -3.3094754e-01  -1.2667494e-01  -1.7959914e-01  -4.3887094e-01  -2.9413911e-01  -1.0338247e-01  -6.6609878e-02  -3.3498149e-01   4.6456714e-03  -2.9862837e-01   2.0962898e-01   3.5780812e-01   3.2487964e-01  -2.9964291e-01   1.8692491e-01  -1.4522046e-01  -3.8033647e-01  -1.1448756e-01  -1.8332373e-01   6.1880640e-01  -1.9958255e-01  -1.5798420e-01  -1.4565541e-01   7.8051114e-02  -6.2448442e-01   3.2559515e-01  -2.4215917e-01   2.8214872e-01   6.1190227e-02  -1.9852686e-02   3.7435734e-01  -1.9972132e-01  -3.1749151e-01  -1.1326646e-01   5.7487312e-01   3.6492220e-01  -1.7925809e-01   4.1782745e-01   2.0131166e-01  -7.0775691e-02   1.5623313e-01   5.1378449e-02
  -1.3399719e-01   5.2085990e-01   0.0000000e+00  -1.8873374e-01   4.3350622e-01   4.0934133e-03  -3.7660166e-01  -2.5842597e-01   9.5788587e-02   3.4390321e-01  -4.2828965e-01   5.2648007e-01  -1.7242431e-01  -2.3065352e-01  -1.2732490e-01  -2.5283999e-01   8.8254191e-01  -4.2592743e-01  -8.0526685e-02   4.6828081e-01  -3.6998482e-01  -1.6619649e-01  -4.0368662e-01  -1.3040166e-01   6.0412196e-02  -2.3422700e-01   1.8038894e-01  -1.8630377e-01  -8.5277231e-03  -4.3115552e-01  -3.2239447e-02  -4.8819770e-01   6.7256862e-02   9.9150639e-02  -7.6105874e-02  -6.9575396e-02  -1.4702439e-01  -1.8250301e-01  -2.4967330e-01   5.8386369e-01  -1.9978679e-01   2.3706467e-01   1.3696293e-01  -2.5815500e-01   1.2510216e-01   2.8054086e-01  -9.8986052e-02   6.8284379e-02  -1.2414974e-01   6.7099172e-01  -3.8134669e-01  -1.9340244e-01  -4.6447006e-02   5.9765505e-01   4.0218656e-02  -3.1508170e-01  -4.2874006e-02  -2.1349875e-01  -4.6709237e-01  -2.6693661e-01   6.1617784e-01  -2.4634409e-01   4.5700612e-01  -3.0977266e-01   1.5256909e-01   1.7268778e-02   1.6770910e-01   2.2513109e-01  -1.0539621e-01   4.8638410e-01   4.3055047e-01  -3.5581516e-01  -1.9197236e-01   9.4864735e-02   4.9935117e-01   3.2290223e-02   1.6081810e-01  -8.6457537e-02   3.2362774e-01  -6.4388483e-02  -3.8622137e-01  -1.4582042e-01   3.5985491e-02  -3.0908023e-01   5.4471169e-01  -3.2969494e-01   2.3066908e-01  -3.2996458e-01   1.3295809e-01  -1.5296803e-01   4.3101375e-01   5.1445684e-01   6.9049710e-01  -2.1882813e-01  -2.4811853e-01   3.5880734e-01   1.0093705e-01  -1.2351957e-01   2.9234672e-01  -3.4675376e-01   2.4647119e-01  -5.9015787e-01  -2.0433698e-01  -4.0369527e-01  -3.9791176e-01  -1.2965630e-01   4.9971550e-01  -2.1673546e-01  -2.1725532e-01  -2.3105277e-01   2.4739454e-01  -4.1013918e-01  -1.9678350e-02  -3.9767821e-02   1.5095698e-02   1.7298711e-01  -1.6530401e-02  -2.7591830e-02   1.2348155e-01  -1.2226438e-01  -2.9135200e-01   4.8143992e-01   2.8274701e-01   8.1398237e-02  -1.2041510e-01  -2.9264316e-02   5.5719633e-02   3.6634840e-01  -1.1130457e-01   5.7122605e-01  -3.0263028e-01  -3.4746255e-01   1.9099079e-01  -2.8075041e-01  -5.2769319e-03  -1.0575483e-01   2.3415041e-02  -3.0872608e-02  -1.3459974e-01  -2.3902231e-01  -1.8636941e-01  -1.1711275e-01  -3.0654921e-01   2.4179240e-01  -2.6400756e-01  -2.8078608e-01   5.0811372e-01   1.5068765e-02  -2.4734139e-01  -3.6521724e-01   2.7459611e-01  -1.2137333e-01  -5.9743443e-02  -2.7651931e-01   7.2002621e-01  -7.4429266e-02  -1.8744042e-01  -2.6843930e-01   5.2060103e-01  -2.7181123e-01   1.5642641e-01  -2.0169948e-01   1.1580772e-01  -2.8057947e-01  -1.8836521e-01   2.4738214e-01  -3.3537228e-01  -2.0321084e-01  -1.4415910e-01   4.7165612e-01   1.8516882e-01  -2.9802929e-01  -1.0833699e-02   4.4566070e-01  -2.7218972e-01   3.0878617e-01  -1.6990303e-01
   1.5176497e-01   6.5653117e-02  -1.8873374e-01   0.0000000e+00  -1.4432016e-01  -4.6888401e-02  -2.0791745e-01  -6.8798825e-02   1.5882781e-01  -2.3604716e-01   1.3750766e-02  -2.9477999e-01   2.2284823e-02   3.7343901e-01  -3.6372408e-02   2.5948036e-01  -9.7893064e-02   4.9090397e-01  -2.9837960e-01  -3.3072662e-01  -4.3854754e-02   1.4949191e-01  -3.7030489e-02   2.7359989e-02   1.7390194e-01  -4.5734479e-02   2.9098892e-01  -7.5618438e-02   3.0560365e-03   3.0504848e-01  -1.4032209e-01   3.7132477e-01   1.6279538e-01  -2.0641500e-01   8.2019312e-02   1.8699245e-01   1.2904415e-02   1.6804300e-02   1.9669799e-01  -1.9961878e-01  -1.9845990e-02   3.3338299e-01   4.9317865e-02   4.1977331e-01   9.3714951e-02  -2.7000495e-01   1.6239513e-01  -3.2246617e-01   2.1469144e-01  -3.7822613e-01   3.4367338e-01  -1.0044280e-01  -1.1991429e-02   1.0701447e-01  -1.2760773e-01   5.7859578e-01  -8.3449155e-02   4.5047302e-01   1.4424623e-01   1.4037476e-01   1.8053962e-01   1.2685740e-01   1.5692825e-01   6.2502256e-02   7.1568157e-02  -1.0562634e-01  -1.8398479e-01   2.6918072e-01   3.2305596e-01  -2.2720222e-01  -2.8803934e-01   4.4067921e-01   2.6390031e-02   1.3355467e-02   8.8829082e-02  -2.3819753e-01  -1.2395749e-01   3.0578657e-01  -1.5264730e-01   1.3307243e-01   1.5801484e-01   1.4072663e-01  -3.0525202e-02  -7.9602334e-02  -1.4352912e-02   1.4938875e-02  -1.4746078e-01  -7.6239441e-02   1.2531680e-01  -2.1312468e-01  -2.4608916e-01   3.8281769e-02  -2.8828419e-01   4.7027606e-01   1.4953663e-01   3.0463265e-02   4.4473787e-01  -5.6233591e-02  -2.3819428e-02  -6.3954234e-02  -2.0833342e-01   3.6368675e-01   1.8038469e-02   4.4554705e-01   3.7298080e-01   4.3978105e-01   2.3511663e-01   4.1011572e-01  -4.0560687e-03   2.2496140e-02   3.7981542e-04   2.8847097e-01   7.2695712e-01  -1.4115459e-01  -1.0914217e-01  -2.0227179e-01   4.2794140e-01   9.7650685e-02  -5.3580409e-02   7.2444550e-01   2.3677870e-01  -1.7071006e-01   7.5414546e-02  -1.4797757e-01  -2.6097549e-01   2.1626839e-01  -1.5802955e-01  -1.3125103e-02   5.7222995e-01  -5.2315184e-02  -2.0217056e-01  -1.0683260e-01   3.5389198e-01  -7.5585521e-02   1.9262323e-01  -1.9427695e-01   3.4742446e-01  -5.0271858e-02  -2.2674270e-01   5.3067954e-02  -6.8925397e-03   1.4496621e-01   3.6564778e-01   1.1892470e-01  -3.6492221e-02   1.0080577e-03  -3.1575985e-01  -2.6249806e-02   4.9916470e-02   8.5822094e-02  -1.2006806e-01  -7.6849616e-03   2.9165657e-01  -2.3460053e-01  -2.4284233e-01   2.0268809e-02   3.8859799e-01   1.0755666e-01  -6.4534528e-02  -1.1903265e-01   4.2518561e-01   2.4469624e-01  -9.8853462e-02   3.7368195e-01   5.1979649e-01  -2.4958428e-01  -3.1848621e-02   1.6824607e-01   2.9177609e-01  -2.8860142e-01  -1.2439928e-01   2.5351055e-01   4.8169963e-01  -7.2443595e-02   3.4166088e-01   1.4398519e-01   5.1088856e-01
  -1.7671950e-01   5.0273910e-01   4.3350622e-01  -1.4432016e-01   0.0000000e+00  -4.3293232e-01  -3.3039342e-01  -2.1620942e-01   3.8860970e-01  -4.5944245e-02  -3.9960862e-01   4.4093020e-01   3.1184322e-02  -4.4400910e-01  -5.2658435e-01  -3.3776642e-01   4.5373041e-01  -2.5589844e-01  -2.1952178e-02   6.2788970e-01  -3.6716045e-01  -2.1483300e-01  -6.1582269e-01   1.2371382e-01   4.7444620e-02  -2.5491376e-01   2.9454103e-01  -5.7202342e-01   1.2724186e-01  -5.6193350e-01  -3.0134289e-01  -4.5978083e-01   2.1409613e-03   4.3283895e-02  -1.0566560e-01   4.8674932e-01   6.2549290e-02   9.9001968e-02  -2.1691593e-01   3.2955299e-01   6.3746465e-02   4.4026961e-02   2.1866809e-01  -5.4451154e-01   4.9056480e-01   2.6657786e-01   1.4796578e-01  -1.3342852e-01  -1.5711317e-02   4.0793648e-01  -3.0369553e-01  -1.9006427e-01   1.2377654e-01   2.8393101e-01  -7.4683516e-02  -3.7169018e-01  -1.9639529e-01  -1.8794878e-01  -1.8484730e-01  -2.0671581e-01   3.2231654e-01  -2.3905703e-01   5.4870418e-01  -2.7121677e-01   6.3091092e-01   1.5835108e-01  -3.1005237e-01   4.5484565e-01  -1.4106298e-01  -1.5835253e-01   4.8695698e-01  -2.8101320e-01  -3.8180625e-02  -4.8014078e-01   3.0395466e-01   9.3140298e-02   1.8611601e-01  -1.2667171e-02   7.4724905e-01  -4.1899938e-02  -6.7483762e-01  -2.9873448e-01  -7.7324070e-02  -3.0889957e-01  -8.4876379e-03  -3.3391623e-01   4.2563153e-01  -4.9032361e-01   3.2299294e-01  -6.9104238e-02   8.0371904e-01   1.7529892e-01   5.8973873e-01  -2.1708448e-01   1.4627473e-01   7.5517504e-01   1.1403987e-01  -1.6002556e-01   6.7690145e-01  -1.4465157e-01  -1.8592206e-01  -5.7815719e-01  -4.9750498e-01  -3.1498980e-01  -2.5876528e-01  -1.5309176e-01   2.1620150e-01  -1.6930113e-01  -4.2323294e-01  -1.9506363e-01  -2.3027082e-02  -4.9935907e-01   4.4533099e-02  -3.7819043e-02  -4.4423187e-01   6.6485416e-01  -6.5293641e-02   1.6328664e-01  -3.7260009e-01  -2.4182991e-01  -8.9916669e-02   8.9015588e-01   2.9577261e-01   1.8931945e-01   9.4293154e-02  -1.3655298e-01   4.8982242e-02  -6.5779042e-04  -5.3188233e-02  -7.4207690e-02  -2.1676142e-01  -2.2344640e-02  -3.9609476e-01  -4.1456105e-01   4.3420027e-02  -1.7956013e-01  -1.3817722e-01  -5.8923484e-01  -1.9295562e-01   1.2467218e-01  -2.9826608e-02   5.7245491e-02  -1.5797078e-01  -4.2518865e-01  -5.5013597e-01  -1.9936031e-01   2.4777725e-01   5.4362741e-01  -1.5961846e-01  -4.9253423e-02  -4.1560108e-01  -5.9308754e-01   2.5406792e-03   1.3717269e-02   5.3189485e-01  -5.2337387e-02  -6.2414202e-02  -7.4945422e-02   2.4534553e-01  -5.7544781e-01   3.6213094e-01  -6.7322717e-02   3.4157904e-02   2.7248237e-02   1.1172852e-02   3.3170953e-01  -2.5096494e-01  -3.3744706e-01  -5.3574740e-02   6.1101719e-01   6.2646216e-01  -1.8437308e-02   4.1445899e-01  -1.2966876e-01  -1.3577721e-01   2.8925228e-02   1.6065486e-03
   1.3042212e-01  -3.6188401e-01   4.0934133e-03  -4.6888401e-02  -4.3293232e-01   0.0000000e+00   2.7296670e-01   1.7685363e-01  -3.0868358e-01   2.9774760e-01   4.7348860e-01  -1.0297443e-01   9.1082565e-02  -9.5623544e-02   2.4796235e-01   2.4877837e-01  -4.1054070e-02  -1.7538401e-02   1.4963230e-01  -3.2871343e-02   3.0149929e-02   1.5073156e-01   5.4281978e-01   1.0515115e-02  -1.2202658e-01   2.9960103e-01  -5.7375776e-02   3.4749930e-01  -1.8457704e-01   2.7305795e-01  -1.0279882e-01   2.1647092e-01   3.6733396e-02  -1.3724234e-01  -1.7044285e-01   5.7589494e-02  -1.5971616e-01  -1.1622545e-01   2.2603779e-01   2.9479766e-02   2.6603876e-03  -1.6405910e-01  -2.6803367e-01   6.2292561e-02  -3.9195900e-01   1.9983581e-01   1.8698732e-01  -1.3968065e-01  -1.6313776e-01   1.0285951e-01   1.9659272e-01   1.9499813e-01  -4.4232027e-01  -5.6863624e-02  -8.4733977e-02   2.6052427e-02   5.1604664e-01   1.4984093e-01  -1.6499440e-02   1.6528417e-01  -1.9445232e-02  -3.0626759e-03  -2.7572881e-01  -7.7513106e-02  -4.0020225e-01   1.0889266e-01   7.2057057e-01  -1.8276606e-01   2.5714152e-01   5.1800120e-01  -4.3154381e-01   2.7354758e-01  -1.2293550e-01   6.2650941e-01  -1.4465335e-01   2.7281714e-02   2.1554874e-01  -1.8468915e-01  -2.4909359e-01   7.8134479e-02   3.2156814e-01   2.2756586e-01  -2.1437247e-01   2.3642551e-01   1.3031519e-02   3.0473446e-01  -5.1157957e-01   1.3854168e-01  -1.6703811e-01   2.2412056e-01  -2.8624985e-01   2.4030349e-01  -2.0546512e-01   1.1351980e-02  -1.7226193e-01  -1.2500543e-01  -3.6674212e-02   3.5198773e-01  -2.1518679e-01  -1.7813629e-01  -1.9596180e-02   2.7579195e-01   2.3957710e-01   3.9256769e-02   2.5548143e-01   3.3562473e-02  -2.0377574e-01   3.3030511e-01   2.0603828e-01   1.9476984e-01  -3.1966553e-03   4.0513347e-01  -1.9583506e-01   1.7525349e-01   2.3168016e-01  -4.3764592e-01  -1.7087883e-01  -9.2569933e-02   2.1514116e-01   1.1569052e-01   1.0658609e-01  -4.2466501e-01  -2.3558800e-01  -2.9283092e-01   5.5850831e-02   1.5582709e-01  -6.8311609e-02   1.9258616e-01  -1.5269542e-01   2.4900671e-01   1.9175922e-01  -1.3091065e-01   2.0146913e-01   8.4281642e-02  -5.1068521e-02   2.6181686e-01  -7.6582245e-02   2.1950993e-01   3.3095339e-01  -1.2575546e-01  -1.0841103e-02  -1.5722702e-01   9.1378812e-02   4.8458601e-01   3.1389272e-01  -2.2453727e-01  -1.0967686e-01  -2.1815569e-01   4.0088048e-01  -3.6637882e-01   4.6660329e-01   1.2995228e-01   8.6474241e-02  -9.9651315e-02  -5.5466654e-02   8.2002155e-02   9.3329566e-02   1.0138792e-01   4.2399079e-02   4.5261466e-01  -2.1852536e-01   9.8576288e-02   7.5274160e-02  -5.3715111e-02  -5.0765098e-02  -3.7083340e-01   1.2659418e-01   2.5302987e-01   2.0307429e-02  -3.6505558e-01  -2.4616601e-01  -2.3736033e-01  -2.1544709e-01   5.1782640e-01  -2.7557900e-01  -9.9369905e-02   1.9843839e-02
  -1.7660763e-01  -3.1778673e-01  -3.7660166e-01  -2.0791745e-01  -3.3039342e-01   2.7296670e-01   0.0000000e+00   9.0535693e-02  -1.1638329e-01   1.1906287e-01   2.1957718e-01  -4.7034415e-02   1.0840920e-02   1.0792554e-02   4.2594050e-01   3.7908849e-01  -4.1910274e-01   1.1639949e-01   6.7465354e-03  -2.0188263e-01   3.9687448e-01  -1.4032123e-01   5.0997071e-01  -1.1471866e-01  -7.8510278e-02   2.5290799e-01   1.3857483e-03   4.1166104e-01  -3.7664440e-02   2.8737512e-01   2.0930535e-01   1.2872654e-01  -3.2347325e-02   2.3760386e-01   4.6107820e-01   1.1642080e-01   4.7817062e-02   5.6886811e-02   2.1616036e-01  -9.8154302e-02   1.8509989e-01  -2.5583440e-01  -1.6693145e-01   2.3978736e-01  -9.6743328e-02  -2.5658762e-01   6.2138572e-02   3.2804475e-01  -1.6600809e-01  -1.2423171e-01   2.8925254e-01   1.2339886e-01   9.1222110e-02  -2.1964859e-01  -1.1583084e-01   1.2229869e-01  -2.4135944e-02  -2.4761689e-01   3.0714095e-01   1.9315557e-01  -4.3046667e-01   9.9484867e-02  -3.6828468e-01   6.8020149e-02  -2.9126075e-01   2.8924327e-01   1.6270848e-01  -3.2359064e-01   2.7984470e-02   1.2423778e-01  -1.8857356e-01   9.0084417e-02   2.6855216e-01   1.5400727e-01  -2.0310703e-01   5.4925130e-02  -1.6597846e-01  -1.8765102e-01  -1.9422343e-01   1.1262672e-02   4.8106370e-01   2.9740010e-01   1.2562480e-01   2.7899521e-01  -2.0802408e-01   2.1452705e-01  -1.2001454e-01   2.5706501e-01  -2.2954577e-01  -7.3208681e-02  -3.5067021e-01  -4.7029548e-02  -1.6876716e-01   1.2275378e-02  -6.7402784e-02  -1.7209314e-01  -3.5641210e-01   2.3649893e-02  -3.8239369e-01   4.3265414e-01   9.0358482e-02   3.8730050e-01   2.7810626e-01   1.4753794e-01   1.1450845e-02  -3.0234155e-01  -2.2300828e-01   4.4199546e-02   2.2589073e-01   3.1573265e-01   3.1001313e-01   1.7997607e-01  -1.9373429e-01  -2.0748677e-01   2.5246780e-01  -8.5515533e-02  -1.0475955e-01   1.1108414e-01   1.5271435e-01  -1.6169119e-01   1.6643088e-02  -2.9734612e-01  -1.1153548e-02  -1.0185861e-01  -2.0369867e-01  -8.6136551e-02   2.1627063e-01  -5.6384906e-02  -2.7327032e-01  -1.0299628e-01   5.0439896e-01   3.5117748e-01  -1.6864155e-01   4.0866139e-01  -7.4529524e-02   1.7387261e-01   7.9664751e-02   2.9928662e-01   9.2029016e-02   2.3722891e-02   1.0498231e-01  -9.7618956e-02  -1.1480417e-01   9.8184804e-02   4.0281643e-01   1.4448833e-01   9.6890379e-02  -5.2986798e-02   4.7051185e-01   1.2493337e-01   1.8231900e-01   3.2799734e-01  -5.6658227e-02   1.0679620e-01  -2.4269608e-01   7.3129282e-02   9.0323973e-02   1.5004171e-01  -2.1765648e-01   4.5122254e-01  -2.7810584e-01  -1.5441168e-01   4.0281947e-02  -1.2345372e-01  -2.7160727e-01  -3.6639894e-02   3.6783093e-01   2.0042734e-01   5.4893427e-02  -2.2236230e-01  -9.6438040e-03   7.2509281e-02  -1.5747754e-01  -7.7030972e-04   1.4659759e-01  -2.1471506e-01  -3.4333821e-01
   2.2755654e-01  -4.8853247e-01  -2.5842597e-01  -6.8798825e-02  -2.1620942e-01   1.7685363e-01   9.0535693e-02   0.0000000e+00  -3.2726335e-01  -6.7473304e-02   3.2329318e-01  -2.5823524e-01   1.7210266e-01  -1.3301200e-01   1.7415685e-01   3.4252154e-01  -2.1342090e-01  -1.5748002e-01   2.4751558e-01  -2.1594318e-01  -9.5643111e-02   8.1397273e-02   2.1165806e-01  -1.7636594e-01  -4.3896839e-02   3.5438957e-01  -1.5047635e-01   2.6459052e-01  -2.2810766e-01  -9.0001043e-02  -8.4476165e-02   3.1472866e-01   4.0852491e-02  -5.0670278e-02  -3.4160391e-02  -1.5554614e-01  -2.7382067e-01   3.5205896e-02   3.5307250e-01  -6.9823918e-02  -2.0793685e-02  -2.6495385e-02   3.4391154e-02   1.0372726e-01  -3.5484687e-01   1.6960800e-02  -1.9084727e-01  -1.9042993e-01  -4.1790038e-02   6.2432404e-02   2.9130033e-03   4.1507328e-01  -1.4835239e-01  -9.3596947e-02   6.0754142e-02  -9.2738521e-02   2.6280228e-01   6.9086893e-02   2.5879252e-01   2.0801504e-01  -2.9190838e-01   7.4933336e-02  -2.3422990e-01   3.8309822e-01  -3.0624058e-01   1.8942176e-02   9.9131725e-02  -4.2209614e-01  -8.2809714e-02   1.1042970e-01  -2.9743167e-01   1.4495666e-01  -3.5876932e-02  -6.3110035e-03  -1.1488878e-01   2.5149104e-01   9.5523981e-02  -1.2811953e-01  -2.9021354e-01   2.7724226e-01   2.5415928e-01  -2.8784458e-02  -1.5409886e-01   5.5242102e-01  -2.7166059e-01   3.4345627e-01  -3.1025793e-01   1.3444010e-01  -1.4016591e-01   3.1366664e-01  -5.7646001e-02   1.2637851e-01  -1.4710420e-01  -7.3532675e-02  -1.8424223e-01  -1.4362030e-01  -6.1014308e-02   2.7424620e-01  -1.8529608e-01  -4.0060972e-02   1.1941800e-02   3.1740123e-01   3.0414736e-01   2.8276586e-01   7.6702913e-02   1.0401841e-04  -5.7936300e-02   1.6585673e-01   6.7541342e-02   1.0213558e-01  -1.1133279e-01   2.8256913e-01  -2.8199208e-02   2.5103546e-01   2.2413858e-01  -2.7652188e-01  -8.7131024e-02  -1.4704300e-01  -2.5802797e-02  -4.8215169e-02   3.1106285e-01  -2.0875331e-01  -1.6226599e-03  -3.6107863e-01   1.4071538e-01   4.5991487e-03  -1.4315413e-01   2.3019864e-01  -1.6921688e-01  -1.6539793e-01   3.7778615e-01  -1.9833245e-01  -7.2774072e-02  -9.6413315e-02   4.1220270e-03   7.0147500e-01   2.5351804e-01   7.4882884e-02   6.3620820e-01   2.8757030e-02   3.3658529e-02   1.6475834e-01   1.1167693e-01   7.2673206e-02   4.7286393e-02  -2.9624747e-01  -2.1661682e-01   1.1974725e-02   1.6150670e-01  -2.0876637e-01   6.1630606e-02   2.6465277e-01   1.9791792e-01   1.9061549e-01  -2.7991706e-01  -1.8437142e-01  -4.7780917e-02   7.6626905e-02   1.2052146e-01   3.7829857e-01  -2.4144282e-01   2.4232789e-01  -3.1508931e-01  -1.2048336e-01  -4.5122176e-02  -1.9187382e-01   2.1941313e-01   2.0013656e-01   2.6683442e-01  -2.2512295e-01  -1.4946557e-01  -6.3560891e-02  -3.1681790e-01  -4.1258678e-02   1.4124483e-01   8.4103189e-02  -7.2518166e-02
  -2.7010774e-01   5.1008301e-01   9.5788587e-02   1.5882781e-01   3.8860970e-01  -3.0868358e-01  -1.1638329e-01  -3.2726335e-01   0.0000000e+00  -2.6543206e-01  -2.2864529e-01   2.9365612e-01  -9.9348524e-02   1.0413533e-02  -3.8338032e-01  -2.3813604e-01   4.0703688e-02  -2.8512469e-02  -1.4697647e-01   1.8975623e-01  -1.1168476e-01   1.9084544e-02  -3.9509512e-01   1.2061626e-01   7.8498596e-03  -3.1485783e-01   2.5044402e-01  -4.5103100e-01   2.5647844e-01  -3.8295313e-02  -1.4658740e-01  -2.1628692e-01  -8.1565398e-02  -1.4039733e-01   2.1042978e-01   8.9874802e-02   1.4369120e-01  -1.5519144e-01  -2.0113476e-01   6.0545004e-03   7.5728559e-02  -4.7057279e-02   3.2795369e-01  -1.4156965e-01   3.8408110e-01   4.0025031e-02   1.4108907e-01  -9.2014144e-02  -2.9295422e-02   7.7562571e-04  -1.1469704e-01  -2.7402546e-01   1.4037128e-01   3.2385466e-02   1.5644369e-02  -3.5619167e-02  -2.5977602e-01   1.2611792e-01  -1.0957131e-02   1.6840372e-01   3.3378044e-02  -1.2637851e-01   3.5455206e-01  -8.4794189e-02   4.7710006e-01   2.5683416e-01  -3.8310876e-01   5.3608973e-01   1.0662905e-02  -3.0672389e-01   1.7009418e-01  -3.6191218e-03  -2.8783676e-02  -3.6839853e-01   8.4205581e-02   1.3490040e-01  -1.2635775e-01   1.4594219e-01   5.2774466e-01  -1.4085408e-01  -4.1198442e-01  -4.8237577e-02   4.1751045e-02  -2.5740385e-01  -1.1022789e-01  -1.5912590e-01   2.6227887e-01  -2.5540064e-01   4.0366622e-01  -2.2300818e-01   2.1811580e-01  -1.0045123e-01   9.5349777e-02   2.7006029e-01  -4.1817045e-02   3.4465759e-01   6.9514381e-02  -7.7144264e-02   2.6583328e-01  -5.5908304e-02  -2.0455302e-01  -1.6886072e-01  -2.5183993e-01   1.2964939e-01  -4.1752456e-02   6.7133830e-03   9.0228493e-03  -8.1971057e-02  -2.2198353e-01  -3.3041956e-02  -6.0670514e-02  -2.4949499e-01   3.0059935e-01  -1.8696436e-01  -4.6143823e-01   5.3076315e-01  -5.1102622e-02   2.0161084e-02  -6.7206194e-02  -1.1185856e-01  -1.9047746e-01   3.2340953e-01   3.7835064e-01   2.7970797e-01  -1.0422586e-01  -1.1996747e-01   1.4789138e-01  -2.3564130e-01   2.8341867e-01  -3.8090133e-02  -2.2554073e-01  -8.9477217e-03  -1.8004878e-01  -2.2068061e-01   3.8411694e-01  -2.8296636e-01  -1.5058494e-01  -2.5378013e-01  -2.8546150e-01  -8.9264935e-02  -5.5379634e-02   3.6237717e-02  -1.0572454e-01  -3.0679819e-01  -1.9438663e-01   1.8363828e-01  -3.9904566e-02   4.8693055e-01  -2.5173354e-02   2.9772610e-01  -4.5319314e-01  -3.6249154e-01  -1.6159258e-01  -2.9506862e-02   2.6334709e-01  -6.8077771e-02  -2.5854428e-02   3.1989924e-02  -1.9799656e-01  -4.0820864e-01   4.3731652e-01  -4.2807826e-02   9.8927473e-02   3.3381818e-01   7.1151187e-02   3.6734748e-01  -4.5483702e-02  -1.4828395e-01  -9.6020160e-02   9.5327822e-02   5.1708563e-01  -5.2473137e-02   4.8417359e-01  -3.9313457e-02  -1.8808619e-02  -1.9321361e-01   1.0153888e-01
   1.1658746e-02  -2.5833801e-02   3.4390321e-01  -2.3604716e-01  -4.5944245e-02   2.9774760e-01   1.1906287e-01  -6.7473304e-02  -2.6543206e-01   0.0000000e+00  -1.4511729e-01   2.0990510e-01  -5.0086761e-02  -1.7925975e-01   2.6410489e-01   6.3681755e-02   4.1204801e-01  -3.2567194e-01  -2.1154134e-02   1.8157407e-01  -5.9202398e-02  -1.9873462e-01   2.5213115e-01  -1.0057232e-01  -8.4971410e-03   2.0281469e-02   1.8927688e-01   2.2558226e-01  -1.0618133e-01  -1.8060996e-01   1.7649599e-02  -2.4804718e-01  -3.0769433e-02   4.0858880e-01  -4.7516022e-03   1.9717596e-02  -2.4605797e-02  -2.0387890e-01   2.9256449e-02   5.5047128e-01  -7.0025207e-04  -8.3362107e-02   6.9762807e-03  -2.0468927e-01  -9.4660105e-02   2.4776731e-01  -6.9673010e-02   3.0921266e-02  -1.8922026e-01   5.1265530e-01   5.6968115e-02  -1.0864445e-01  -9.8746572e-02   7.8599350e-02  -6.4226857e-02  -2.0651318e-01  -3.0773556e-02  -3.1011317e-01  -2.7552898e-01  -2.4029956e-01   1.4164982e-01   4.0252575e-02  -5.1108168e-02  -1.2231367e-01  -3.2001687e-01   2.5107379e-01   3.2477350e-01  -1.0025130e-01  -4.6307583e-02   6.1912130e-01   9.5655694e-02  -1.9269309e-01  -7.1598702e-02   2.3450142e-01   2.0457269e-02  -4.4778402e-02   1.0648646e-01  -3.0259894e-01  -1.4486758e-02   3.4272410e-02   3.1323710e-02   2.8296425e-01  -1.1887628e-01  -5.8673525e-02   1.4732465e-01  -1.7790774e-01  -6.0445704e-02   8.4209275e-02  -1.7648733e-01   4.2807423e-02   8.2691890e-02   3.4392718e-01   3.1998918e-01  -2.5688815e-01  -1.4697528e-01   3.5423772e-02  -9.7388980e-02  -9.4437854e-02  -1.0542897e-01   2.0815871e-01   1.4283943e-01  -2.0606493e-01  -1.9966436e-01  -1.8067032e-01  -2.8076949e-01  -2.6883064e-01   7.1575459e-02  -1.4593735e-01   3.2620321e-01  -1.1485041e-01   3.1818204e-01  -8.9825310e-02  -3.0450860e-01  -8.5908874e-04   3.8242748e-01  -8.5255515e-02  -1.5635735e-01  -3.3779650e-03   7.8726172e-02  -1.0726441e-01  -9.8302910e-02   3.2560518e-02  -3.9218251e-02  -1.4703795e-01  -1.2739072e-01   3.7341856e-02   1.5226018e-02   1.5749073e-01  -3.8192248e-01   5.3598582e-01   2.1633065e-01   7.4355974e-02  -2.2911103e-02  -2.5554261e-02  -2.4820383e-01   5.1598868e-03   1.0901505e-01   7.4669127e-02   5.2014795e-02  -1.0806988e-01  -3.2760803e-04  -2.1746737e-01  -2.3155381e-01   2.0575908e-01   1.5133956e-01  -2.6589306e-01   5.2862034e-01  -1.3775450e-01   1.4709708e-01  -1.9123583e-01   4.2178737e-01   3.6245669e-02  -1.2611392e-02  -2.7899690e-01   4.5231288e-01   1.0965929e-01  -4.4341591e-02  -1.2362601e-01   3.9021511e-01   4.0890234e-02  -1.1881205e-01  -4.1182205e-01   2.6268069e-01  -4.3400092e-01  -2.9058250e-01   1.2925181e-01   3.2215644e-02  -1.2542026e-01   3.7751262e-02   7.1198684e-02   1.7887743e-02  -1.5617587e-01  -3.1990531e-01   2.5752615e-01  -8.2044762e-02   4.6632177e-02  -3.0853742e-01
   2.3591878e-01  -5.2666308e-01  -4.2828965e-01   1.3750766e-02  -3.9960862e-01   4.7348860e-01   2.1957718e-01   3.2329318e-01  -2.2864529e-01  -1.4511729e-01   0.0000000e+00  -3.5801726e-01   8.0240551e-02  -2.7927924e-02   1.0576186e-01   1.5738552e-01  -4.6654923e-01   2.0710554e-01   3.1709394e-01  -6.3358915e-02   1.4870432e-01   3.2326356e-01   4.0306479e-01   1.4381144e-01  -2.3861940e-01   5.1416841e-01  -2.8714934e-01   2.6404627e-01  -2.3426666e-01   2.4891262e-01  -6.1944674e-02   5.2355859e-01  -1.9491980e-01  -3.2245358e-01  -2.9570903e-01   7.9808612e-02  -1.5437728e-01   2.1435179e-01   2.1359627e-01  -4.3719765e-01   1.0088421e-01  -2.2422480e-01  -3.3684660e-01   1.1771529e-01  -3.4787336e-01   8.7130325e-02   4.4117569e-01  -1.9080183e-01  -2.7707886e-02  -2.6018520e-01   2.9976086e-01   4.7831935e-01  -4.1277188e-01  -4.2506628e-01  -1.6739772e-01   4.8148226e-02   5.1768365e-01   2.3364516e-01   2.8796871e-01   3.1093724e-01  -1.9083134e-01   1.0300510e-01  -4.5294364e-01   1.9965272e-01  -1.7653193e-01  -8.0403286e-02   5.0046554e-01  -2.7716969e-01   3.8598198e-01   4.1437887e-02  -5.7627858e-01   5.1328039e-01  -1.5994578e-01   2.9795348e-01  -3.1603316e-01   2.8082322e-02   1.9998901e-01  -8.5827248e-02  -2.5849226e-01   6.1607859e-03   3.5505292e-01   4.2693680e-02  -2.5136797e-01   4.7399814e-01  -3.2018253e-01   5.0898428e-01  -5.2290344e-01   2.2544732e-02  -2.3872475e-01   2.6358083e-01  -3.0337302e-01  -1.9458994e-01  -5.4691856e-01   1.5995452e-01   1.5101910e-01  -2.3678724e-01   2.4673720e-02   4.4925393e-01  -8.4563581e-02  -1.1427952e-01  -1.8015253e-01   4.4240460e-01   4.0411634e-01   1.6264473e-01   6.0399642e-01   2.0994176e-01  -5.2782652e-01   4.7248108e-01   1.3523692e-01   3.5863348e-01  -3.7693272e-01   4.8510926e-01  -1.5886930e-01   2.8743903e-01   4.4161782e-02  -4.4019658e-01   4.3589730e-03  -1.0365779e-01   5.2497260e-02   1.7529031e-01   1.4597224e-01  -4.5438248e-01  -2.3654066e-01  -1.6605843e-01   2.5993933e-01   3.3617516e-01  -1.8971365e-01  -1.3295905e-01   1.1540560e-01  -2.6426430e-01   7.5812987e-02  -4.0681185e-02  -8.6211790e-03   1.6573993e-01   3.4331367e-02   3.8402310e-01  -2.4927640e-01   8.5633787e-02   3.8624275e-01   5.6535001e-02   8.0799177e-02  -1.1627441e-01   4.9742236e-01   6.8565199e-02   3.0982074e-01  -1.8052103e-02  -5.5273702e-01  -4.2888740e-02   3.3828727e-01  -1.2637221e-01  -2.3845964e-02   1.3369106e-01  -1.5856549e-01   2.7502336e-01  -5.0942594e-01  -1.7667746e-02   4.6220500e-02   2.1443063e-01  -1.9096048e-01   5.0463706e-01  -1.7389270e-01   4.9204409e-01  -1.1642582e-01   4.1229881e-01   1.2180785e-01  -3.9170826e-01   2.8386095e-01   3.2322053e-01  -1.2528041e-01  -4.8611292e-01  -2.5633543e-01  -1.2641589e-01  -4.1659495e-02  -7.1969174e-03  -2.4821785e-01  -3.0643843e-01   1.3886619e-01
  -4.0853629e-01   6.0806798e-01   5.2648007e-01  -2.9477999e-01   4.4093020e-01  -1.0297443e-01  -4.7034415e-02  -2.5823524e-01   2.9365612e-01   2.0990510e-01  -3.5801726e-01   0.0000000e+00  -1.7036015e-01  -1.6432691e-01  -2.8699302e-01  -2.5432093e-01   4.7542932e-01  -2.9564738e-01  -5.4642105e-02   4.8459451e-01  -1.1349523e-01   7.8316881e-02  -3.0430355e-01  -1.0446808e-01  -1.3582918e-01  -2.6961209e-01   1.5769920e-01  -3.3490934e-01   3.0093221e-02  -2.2695654e-01  -1.5219888e-01  -4.2032784e-01  -8.9092177e-02   9.3962541e-02   2.6046621e-01   1.2419606e-01  -2.5042955e-02  -1.4627196e-01  -3.5680833e-01   3.7510945e-01   8.4087319e-02  -1.7566979e-01   2.0994173e-01  -4.4653257e-01   3.3643213e-01   3.4529136e-01   4.6318029e-02   2.3423517e-03  -2.7566709e-01   4.7035637e-01  -1.3039985e-01  -1.2218015e-01   3.3875724e-02   1.4942687e-01   1.8839730e-01  -4.3155325e-01  -5.5744637e-02  -4.2458390e-02  -2.2007487e-01   2.5598861e-01   1.2665933e-01  -3.1555971e-01   2.5593340e-01  -2.6744252e-01   2.8173573e-01   3.8386992e-01  -8.2399530e-02   1.0786498e-01  -3.5353593e-01   2.9470441e-01   3.4488614e-01  -6.5116829e-02  -1.2984891e-01  -1.6387442e-01   1.3548196e-01   1.5482263e-01   1.3888630e-01  -1.3100658e-01   5.5123406e-01  -1.6633774e-01  -5.6797592e-01  -1.8750934e-02  -5.2007724e-02  -2.9481220e-01   2.0762483e-01  -2.4006306e-01   3.4263073e-01  -3.7090009e-01   6.9534928e-02  -2.4304007e-01   3.8638850e-01   1.6276088e-01   4.8660989e-01   1.5788191e-01  -1.9832327e-01   3.3879034e-01  -8.5711479e-02  -1.0056024e-01   2.6598517e-01  -5.6754148e-02  -4.5902786e-02  -2.7480884e-01  -2.9967341e-01  -3.6060876e-02  -1.0493458e-01  -1.6723670e-01   9.1329465e-02  -3.5992065e-01  -1.3517454e-01  -1.8356960e-01   1.0779519e-01  -3.6528606e-01  -1.0232027e-01  -1.7076080e-01  -2.1547858e-01   4.4499301e-01  -1.1072362e-01  -2.8223080e-02  -4.3764766e-02  -2.4485788e-01  -3.6964490e-01   4.3620483e-01   3.5032595e-01   3.5660716e-01   1.2758066e-01   4.2136540e-02   3.2882518e-01   6.7072887e-02  -1.8363966e-01   3.1844313e-01  -5.3083049e-02  -1.2616593e-01  -1.8480493e-01  -2.6243097e-01   2.7855453e-01  -6.0061541e-02  -1.7216257e-01  -2.7373116e-01  -1.6877201e-01  -3.8774883e-01   2.3118669e-02  -1.3463577e-01  -3.0505604e-01   7.5603442e-02  -1.0800585e-02  -4.8366030e-02   3.9689741e-01   2.4644055e-01  -8.8818425e-02  -4.8199539e-03  -4.8169992e-03  -3.9986559e-01  -1.5027644e-01  -2.1544946e-01   6.0935650e-01  -2.4746257e-01  -2.7485239e-01  -1.5504018e-01   8.2036392e-02  -4.3679001e-01   1.0484282e-01  -2.2080817e-01   2.0130386e-01  -1.1858024e-01  -1.1210435e-02   4.7968551e-01   4.3314859e-02  -2.3383210e-01  -1.3944496e-01   3.4281380e-01   5.1452457e-01  -4.0774442e-01   1.3579176e-01   2.9443331e-01  -2.7889671e-01  -7.8653843e-02  -4.3955392e-02
   2.3770837e-01  -2.4648311e-01  -1.7242431e-01   2.2284823e-02   3.1184322e-02   9.1082565e-02   1.0840920e-02   1.7210266e-01  -9.9348524e-02  -5.0086761e-02   8.0240551e-02  -1.7036015e-01   0.0000000e+00  -1.7523262e-01   8.0309929e-04   2.1576853e-01  -1.0705284e-01   6.3765435e-02   8.9102142e-02   1.1391379e-01  -1.2091512e-01   1.3352828e-01   9.3508210e-02  -2.2650371e-02   1.2061225e-01   1.3186638e-01   1.3432592e-01  -8.1982395e-02   7.2589552e-02  -4.2448902e-02  -1.9781369e-01   1.5543100e-01  -9.9511225e-02  -2.0265580e-01  -1.2201778e-01   2.8870720e-01  -3.6659062e-01   1.5853400e-01   1.6904108e-01  -1.5773105e-01   1.9579452e-01   9.2505033e-02  -5.7198885e-02  -1.3149045e-01  -8.4154034e-02   1.8202815e-01   2.2549380e-01  -2.6654241e-01  -1.6741136e-01  -1.6657123e-01   9.3310077e-02   1.2512142e-01  -2.7128528e-01  -1.3341327e-02  -1.1381654e-01   2.8771280e-02   1.3118502e-01   1.1554979e-01   2.7094249e-02   1.2446839e-01  -1.5026145e-01   7.9330792e-02   1.1515096e-01  -6.9304456e-02  -1.2437424e-01   2.0207337e-02  -1.3228543e-01  -1.0007981e-01   1.0182169e-01   3.5796448e-02  -2.5510688e-01   9.3871765e-02  -5.7554533e-02  -1.8845890e-01   1.5754894e-01   7.1501439e-02   1.5517688e-01   4.2535758e-02  -3.6525497e-02   1.6212951e-01  -1.1240016e-02   9.1153430e-02  -2.8362750e-01   1.7850404e-01  -2.7009730e-01   2.1560213e-01  -2.5328552e-01  -1.0420834e-01   5.1435660e-02   1.2791612e-01   8.1112492e-02  -1.4778888e-02  -1.4910712e-01   3.1841637e-02   8.3308889e-02   2.0777885e-01   2.1366194e-02   2.4054104e-01   8.9448234e-02  -7.3669285e-02  -1.8372568e-01   1.3763505e-01  -2.2082940e-02   1.0635843e-01   1.3966305e-01  -2.5249783e-02  -6.7448426e-02   2.8728494e-01   6.1494624e-02   1.3971600e-02  -7.8902172e-02   2.2884115e-01   3.1981756e-02   1.5129775e-01  -2.0149328e-01  -2.2456602e-01   2.3605000e-02   1.8789534e-01  -3.6606423e-01   3.5445622e-02   3.2721696e-01   5.3559523e-02  -7.9217132e-02  -1.3350939e-01   2.2304852e-01   9.5437343e-02  -1.7871391e-01   7.8028862e-02  -1.8579320e-02  -2.2080471e-01   1.8201127e-01  -1.3281355e-01  -1.9710907e-01  -2.2219346e-01   7.8706194e-02   4.1233524e-02   1.2887413e-01  -2.0467342e-01   1.7885579e-01   1.7762380e-01   3.5190416e-02   3.5100899e-01   1.9173861e-01  -2.0837134e-01   4.4993250e-04  -2.4497809e-01  -2.1522084e-01   3.5239716e-05   7.2595968e-02  -3.0897114e-01  -1.7371758e-01  -1.8282551e-01   2.5095101e-01  -3.7166725e-02  -1.8860946e-01   4.4117896e-02   2.2332076e-01   5.1936486e-02  -2.6683954e-02  -3.0445189e-02   3.5380421e-04   5.5596213e-02  -2.2989289e-01   6.4032612e-02   1.3507151e-01  -2.2423139e-01  -5.7448976e-02  -5.9939969e-02   2.3649123e-01  -2.3555454e-01  -3.1134768e-02   1.3993910e-01  -6.7574728e-02  -1.1585028e-01   5.6057462e-02   1.2405734e-01   8.5478315e-02
   3.8501223e-02   1.1949150e-01  -2.3065352e-01   3.7343901e-01  -4.4400910e-01  -9.5623544e-02   1.0792554e-02  -1.3301200e-01   1.0413533e-02  -1.7925975e-01  -2.7927924e-02  -1.6432691e-01  -1.7523262e-01   0.0000000e+00   1.8986003e-01   6.6932427e-02  -1.0889784e-01   3.3399351e-01  -3.5551830e-01  -4.7772142e-01   1.3542037e-01   1.6792483e-01   7.1182379e-02  -1.6856165e-01   3.2791684e-02  -1.2741946e-01  -1.5433998e-01   1.7071339e-01   7.4109951e-02   4.2925551e-01   3.9832633e-01   1.8612230e-01   8.7482400e-03  -2.2197602e-02   1.4239097e-01  -3.3845005e-01   1.9304338e-01  -1.8097620e-01   1.3242654e-01  -1.6268059e-01   6.8358610e-02   2.6367453e-02   1.1421904e-02   3.7285249e-01  -9.3179715e-02  -3.1820516e-01  -1.8410547e-01   1.5750624e-01   2.1508224e-01  -3.0977331e-01   2.6567671e-01  -1.6537381e-01   1.9362686e-01  -1.7247139e-01   2.4043732e-01   3.0215219e-01  -8.7561900e-02   3.2091347e-01   1.9479579e-01   7.5247959e-02   2.5822547e-03   1.5636372e-01  -1.3355531e-01   2.9358484e-01  -2.1176088e-01  -2.5660279e-01  -1.0470335e-01  -9.8998256e-02  -9.2613456e-02  -2.2281217e-01  -5.0656334e-02   2.0339932e-01   3.3521020e-01   5.7408497e-02  -1.3870564e-01  -2.4046348e-01  -1.8157306e-01   1.9401057e-01  -2.9152723e-01   6.4492108e-02   2.5164373e-01   3.1721323e-01   2.4202487e-01  -1.6248270e-01   2.4133190e-01   3.1874365e-02   1.4383329e-01   2.1914606e-01  -1.7918701e-01  -1.9070628e-01  -5.2503908e-01  -1.9728152e-01  -2.6758569e-01   3.6672998e-01  -1.2740533e-02  -4.8059886e-01   1.1641162e-01  -1.8900507e-01  -3.4702354e-01   3.3711565e-02   2.0263211e-01   2.7869425e-01   2.2589876e-01   3.8650113e-01   1.4575605e-01   2.1376921e-01   4.4159965e-02  -4.2762250e-02   1.9008410e-02  -2.8528630e-02  -9.4864140e-02   2.3285670e-01   2.5646899e-01  -1.4743047e-01   1.3377539e-01  -1.9451592e-01   6.8244870e-02   1.6704209e-01   2.0133864e-01   2.3360336e-01  -5.0909814e-02  -4.1324426e-01  -1.2973710e-01   1.3280410e-01  -1.5956794e-01   1.1240596e-01   2.9996773e-02  -5.7504238e-02   3.1755203e-01   3.0747191e-02   4.3778492e-02   1.2475042e-01   4.8309857e-01   2.5743925e-01   7.7373312e-02  -8.6462123e-02   1.7603547e-01   3.8745848e-01  -9.7433942e-02  -1.5029831e-01   8.0417946e-02  -1.2871060e-02   3.7499685e-02   1.0055356e-01   2.2027940e-01   4.6658715e-01  -1.0939017e-01  -3.6966632e-01  -1.9771506e-01   2.8637278e-01   3.9722207e-02   3.0856005e-01  -4.5755813e-03  -4.1401357e-02  -2.1956353e-01  -1.5855574e-01   2.0770211e-01   6.4079428e-02  -2.1901085e-01   1.4830896e-01  -5.3810123e-02  -5.8033088e-02  -2.9834325e-02   6.9158610e-02   1.9821509e-01   3.9692960e-02   8.0768331e-02   1.9971909e-01   8.2658364e-02  -1.6213352e-01  -3.4394528e-01   4.2989405e-02   1.5515199e-02  -5.9559660e-02   2.5548573e-01   9.2859505e-02   1.9342540e-01
