   0.0000000e+00  -3.6369382e-01  -1.2294345e-01  -7.2746794e-02  -1.7184761e-01  -3.3371452e-01  -2.8927817e-01   3.8510805e-01  -1.0772748e-01  -2.5230795e-01   2.4129477e-01  -1.9149859e-01  -1.5007207e-01   1.8946271e-01  -2.2568601e-01  -5.0673869e-01   2.2580986e-01  -4.7982012e-02   1.8889126e-01  -2.2144593e-01  -2.5776203e-01   5.1316437e-02  -2.6725942e-01   8.2606488e-01   1.0373537e-01   4.7428716e-01  -3.5710529e-01   4.8204284e-01   1.5324511e-01  -1.6971240e-01   4.1303723e-02   2.3724066e-01  -2.3080834e-01  -3.0367505e-01  -7.4311195e-02  -2.4944303e-01  -2.5843133e-02   6.9370183e-01  -4.8538105e-01  -4.1490095e-01  -2.9812807e-02  -2.8817475e-01   1.2384249e-01   2.3094926e-01  -3.1110574e-01   7.8734669e-01  -1.5071649e-01  -4.3107384e-01  -8.8273963e-02  -6.9222376e-02  -2.9972794e-01   3.9957605e-01  -2.6585067e-01   1.1544290e-01   3.8070087e-01   5.6034747e-02   1.8645013e-02   3.9967791e-01  -1.3139278e-01   4.4178405e-01   7.3343629e-01  -3.2647370e-01  -1.6242794e-01  -2.1418711e-02   2.0736312e-01  -3.0395203e-01  -4.6565025e-02   6.9827379e-03   2.1010410e-01  -1.4755101e-01  -2.4947346e-01   3.9754883e-02  -3.2697191e-01  -8.4802548e-02   1.0874594e-01   4.2498676e-01   7.4611594e-01   2.1448148e-01  -1.3801604e-01   1.4896556e-02   1.5689755e-01  -5.1332242e-01  -4.1311575e-01   3.7416014e-01   4.7389730e-01   3.8506444e-01  -2.4719153e-01   4.2235227e-01  -2.1301449e-02   7.9091852e-01   1.1806637e-02   3.9650952e-01  -1.7282596e-01   2.4721178e-01   5.7025277e-01   6.2802083e-02  -2.5751514e-01   3.5269166e-01  -9.8819775e-02  -4.1447541e-01   5.2259131e-01  -2.8106752e-01  -8.3186341e-02   2.1078799e-01   1.2866010e-01   4.1685148e-01  -1.3379837e-01   2.9126692e-01  -1.5793860e-01  -2.8716453e-01  -1.2631535e-01  -7.4813715e-02   1.6255210e-02   8.8918915e-01   2.2622882e-01  -3.2041524e-01   3.4034476e-01  -1.4394064e-01   2.4837087e-02  -3.0749371e-02   8.1072667e-01  -1.0731756e-01  -1.4951944e-01   1.5586228e-01   8.1877425e-01  -4.9668064e-02  -6.2776770e-02   1.4342723e-01   4.4236543e-01  -2.3283350e-01  -5.3477982e-01  -4.7139461e-01   2.8547710e-01  -2.7960672e-01   3.9476457e-01   4.4604700e-01   1.5023771e-01  -4.3115809e-01   4.6329818e-01   6.9130988e-01   7.9341831e-01  -1.5096927e-01   3.3676795e-01  -4.1733612e-01  -1.6971531e-01  -4.9570633e-02  -2.9538071e-01   1.4065649e-02  -8.5055192e-02  -3.3215964e-01   3.3464239e-01   2.0305916e-01   3.7651185e-01   1.2108518e-01  -3.5400542e-01   8.0347194e-01   7.1581432e-01  -7.3233129e-02   5.1432977e-01   4.4902846e-01  -1.2826848e-01   4.3641367e-01  -1.0827646e-01   5.4019633e-02   3.2396677e-01  -2.5983693e-01  -1.0345832e-01   3.7843477e-01   5.2982218e-01  -3.0924037e-01  -1.1619071e-01   6.2644157e-01  -1.5090141e-01  -3.7750721e-01   1.5489827e-01  -3.0212542e-01   2.3180001e-01
  -3.6369382e-01   0.0000000e+00   2.1911248e-01  -1.6062090e-01   4.6995652e-01   1.1296687e-01  -1.6576414e-01  -1.9655151e-01   4.7413783e-01   2.2511845e-01  -4.0819249e-01   2.0163456e-01   1.0643464e-01  -3.1459067e-01   3.1224737e-01   2.7175438e-01   2.0479979e-01  -2.8614615e-01  -2.1385109e-01   3.3745281e-01  -1.0828258e-01  -2.1195427e-01  -1.6701545e-01  -3.9496349e-01  -1.7634820e-01  -2.8847334e-01   3.9034596e-01  -4.5233938e-01  -2.9838926e-01   2.2087012e-01  -2.7597668e-01  -3.7547045e-01   2.6107723e-01   2.8154135e-01   4.9010771e-01   4.0956023e-02   1.7911308e-02  -3.5210321e-01   3.0376294e-01   3.6136669e-01   1.4259270e-02   2.0551971e-01   2.3776024e-01  -2.3690654e-01   5.0771946e-02  -4.0095196e-01  -2.3747257e-01   3.3463810e-01   1.0715176e-01   3.0721407e-01  -3.4305833e-02  -2.5859963e-01   5.3793480e-01   6.5005986e-02  -2.9564794e-01  -3.2933106e-01   1.0097873e-02  -3.4447264e-01  -4.3412124e-02  -3.6663920e-01  -2.9792054e-01   1.8329472e-01   5.0329846e-01   3.2075381e-01  -2.6069475e-02   3.5273235e-01  -2.2440488e-02  -2.9969759e-03  -2.8159804e-01   6.7647318e-02   1.9587409e-01  -2.2662626e-01   2.5499062e-01   1.6460493e-01  -2.0066521e-01  -4.2760542e-01  -4.1434515e-01  -1.7993240e-01   4.3186656e-01  -4.8277383e-03  -3.2904114e-01   3.7318236e-01   2.6940983e-01  -3.0983139e-01  -3.6107580e-01  -2.6565852e-01  -1.5562192e-02  -3.9015620e-01   4.2770683e-01  -3.8400956e-01   3.8362218e-01  -3.3376225e-02   4.1817103e-01  -1.2546666e-01  -3.3754251e-01   2.3871745e-01  -1.7717815e-02  -2.7018780e-01  -2.3405726e-02   2.4448231e-01  -4.8341862e-01   1.5970156e-01  -4.0790004e-01  -3.5996175e-02  -2.1287091e-01  -4.0784299e-01   4.0932586e-01  -3.5750513e-01  -1.2191711e-01   1.6083428e-01   8.5458054e-02  -1.9765031e-01  -4.9092068e-02  -4.1091507e-01  -5.6788644e-01   4.8734475e-01  -2.9022574e-01   2.0040159e-01  -1.3872534e-01  -2.1597758e-01  -3.9922584e-01   4.4688382e-01   3.1309989e-01  -6.7889071e-02  -3.6681742e-01   1.9677822e-03   1.2629681e-01   5.9867419e-02  -3.7504732e-01   4.0178069e-01   4.9187032e-01   7.1861260e-02   1.2219109e-01  -1.0749353e-01  -2.9811992e-01  -3.8205598e-01  -1.1885937e-01  -5.1800235e-02  -2.9182071e-01  -4.3875907e-01  -3.4781847e-01   2.2885098e-01  -3.1087875e-01   3.1033667e-01  -2.6812145e-01  -3.1480098e-01   6.0974831e-02   2.0367429e-01   1.3127892e-01   1.5338307e-02  -4.4715116e-01  -3.1596312e-01  -3.0767223e-02   1.6471090e-01   5.8080822e-01  -3.4869890e-01  -3.3158434e-01   8.0689013e-02  -5.0382922e-02  -4.1872935e-01   3.3672885e-02  -3.2885588e-01   3.5388301e-02  -2.6716807e-01  -3.3831560e-01   3.4059599e-01   3.0637420e-01  -2.5811075e-01  -2.1656209e-01   6.3562097e-01   3.1929558e-01  -1.8665366e-01  -1.1947834e-01   3.1757988e-01  -2.1341146e-01   2.6244919e-01  -1.9795568e-01
  -1.2294345e-01   2.1911248e-01   0.0000000e+00   8.2571215e-03   2.8539572e-01   4.9660548e-01  -1.3263158e-02  -2.7490699e-01   2.4851569e-01   4.1248276e-01  -3.5747061e-01   6.8310281e-01   1.4693817e-01  -7.8182652e-02   1.0946748e-01   1.7463871e-01   7.4941824e-01  -1.0479780e-01   1.1820633e-01   4.9726324e-01  -4.1873974e-01   2.2368739e-01  -3.2300078e-01  -1.5768002e-01   1.6475543e-01  -1.0094128e-01   2.7889408e-01  -2.3492558e-01   2.5354689e-01  -1.0358482e-01  -4.3160308e-01  -3.9227596e-01  -1.5300436e-01  -4.5815169e-03  -7.1146939e-02   1.1223517e-01  -1.5108213e-01  -2.4330520e-01   1.2180717e-01   3.0067074e-01  -1.3738870e-01  -8.2551007e-02   2.9799159e-02  -2.9190153e-01  -1.5894376e-01  -1.0100913e-01  -1.2925960e-03  -3.2191075e-01   6.7767818e-02   1.1868758e-01  -2.3188943e-01  -3.6625391e-01  -1.2333734e-01   2.0822788e-01  -1.9327006e-01  -4.6374877e-02   2.6933434e-01   8.1758466e-02  -4.3619986e-01   1.6090364e-02   1.0496757e-01   1.5797607e-01  -1.2149375e-01  -5.2144532e-01  -4.1802453e-01   7.3689936e-02   3.9950718e-01   1.7865440e-01   5.8341116e-02   8.0335415e-01  -2.3808037e-01  -4.7968104e-02  -2.1904801e-01   6.9315406e-01  -4.1528170e-03  -3.1309234e-01  -9.6500469e-02   1.0337621e-01   5.3316959e-02   6.3709957e-02  -2.7943214e-02  -1.6811152e-01  -5.3887402e-02  -1.4478135e-01  -5.0787953e-02  -2.3596855e-01  -4.7433538e-01  -8.1035047e-02   1.0592107e-01  -7.3747038e-02  -9.9962081e-02   3.8780563e-01   6.5688582e-01   8.1682332e-02  -2.6304921e-01   5.6275780e-01   1.2500256e-01   4.4145156e-03   1.8505558e-01   1.0909659e-01  -7.9758135e-02  -1.3204433e-01  -2.4201377e-01  -2.3070386e-01  -2.4217779e-01   1.3802748e-01   2.5980971e-01   8.1305511e-03  -6.4370163e-02   2.1576969e-01   2.8265801e-01  -2.2608166e-02   1.8103196e-01  -6.1389976e-02  -4.5542088e-03  -1.9098111e-01  -7.8374952e-02   7.8061946e-02   3.1001533e-01  -4.7246187e-02  -2.3981685e-01   4.5144648e-01   4.6123416e-01  -4.2219271e-01  -9.7712540e-02   3.3414978e-01  -2.9537742e-01   1.8163748e-01   1.1301770e-01   8.4139935e-01  -2.0120216e-02  -4.2025221e-01   3.2415444e-01  -4.8385738e-01   1.5474454e-02  -4.2381658e-01  -6.8333429e-02   9.2580975e-02  -3.3516881e-01  -1.5262610e-01  -2.3069245e-01  -2.4706250e-03  -2.0169717e-01   7.6967561e-01  -2.5836097e-01  -6.0450577e-01   3.0146844e-01  -5.2074810e-02   1.8743117e-01  -2.0685738e-01   2.8223903e-01  -3.0722274e-01   8.4434001e-03  -3.7035374e-01   5.8958359e-01  -2.0420330e-01  -7.4023838e-02  -2.7940212e-01  -1.0616448e-01  -2.6474854e-01   9.0633999e-02  -1.7200523e-01  -7.5789369e-02  -8.8343429e-02   7.3382501e-02  -1.4938098e-01  -1.6920138e-02  -2.1073806e-01  -1.1499879e-01   2.8209584e-01   8.7873195e-03  -2.3027241e-01   2.9490233e-02   5.6801018e-01   1.0458214e-01  -2.4111523e-01   1.7558840e-01
  -7.2746794e-02  -1.6062090e-01   8.2571215e-03   0.0000000e+00  -1.9967249e-01   3.5894601e-01  -8.1708339e-02   2.1753433e-02   1.1801408e-01  -2.5424795e-01   2.2655566e-01   2.6600688e-01  -8.4837936e-02   3.1164153e-01  -1.1008201e-01   1.0356063e-01  -6.8724544e-02   3.1619062e-01   5.1135969e-01  -1.7199151e-01   2.2103274e-02   5.7301231e-01   3.9503119e-02   3.6735695e-02   1.7770418e-01   2.6604578e-01   1.7150920e-01   3.1886912e-02   1.0459651e-01   2.3324783e-01  -1.6114881e-01   3.2607572e-01   1.2707482e-01  -1.0110176e-01  -3.5923501e-01  -1.9287251e-01  -1.4625292e-02  -6.6234257e-03   1.8320861e-01   1.4774645e-02   1.7953441e-02   3.1907905e-02  -1.9470002e-01   1.8613528e-01   5.4280082e-02  -2.5107477e-02   1.1911304e-01  -7.6069555e-02   2.5128378e-01   6.9870040e-03   1.4334943e-01   1.3057984e-01  -1.5286464e-01   5.5556134e-02   2.1750520e-01   4.6051352e-01   4.2904406e-01   5.1112402e-01   1.1627531e-01   3.4034265e-01   1.1746601e-01   1.6507465e-01   2.6304858e-02  -1.1540601e-01  -9.7436194e-02  -3.1739370e-01   4.5046407e-01   2.9056895e-01   5.1721097e-01  -4.7296736e-02  -2.7347626e-01   3.8075768e-01  -4.5964171e-02   1.2629414e-01   1.3120289e-01   1.0483001e-01   2.7522359e-02   1.8244367e-01  -3.1519284e-01   9.3529328e-02   2.6930825e-01  -4.5230557e-02   1.0168091e-01   1.5498224e-01  -4.1490618e-02  -2.2195563e-01   6.2106952e-02   2.2791239e-01  -3.4429835e-01  -1.9999920e-02  -3.5603600e-01   9.4077891e-02  -1.8871994e-01   4.5749011e-01   1.6343630e-02  -1.8176368e-01   9.3758227e-02   4.4807349e-01   1.7037343e-01   8.6428343e-02  -8.7863723e-02   2.5071913e-02   2.0412739e-01   1.5713590e-01   3.2228764e-01   4.1953191e-01   8.9705178e-03   3.5884280e-01   6.4127545e-02   7.3256749e-02   4.0081764e-02   4.0572032e-01   3.9150086e-01  -1.0148923e-01   5.9642711e-02  -3.3081596e-01   3.6987257e-01  -1.4678175e-01  -8.1008157e-02   6.9454652e-01  -1.4801492e-01  -2.2007351e-01   2.0766099e-01  -1.9215565e-01  -7.4263323e-02   2.9939986e-01  -1.5446248e-01   5.5959889e-02   4.4805400e-01  -8.2876809e-02   2.6542392e-02  -7.6382456e-02   3.2839113e-01  -1.7409654e-01   4.9335274e-01  -1.6759388e-01   2.1849380e-01   7.0773636e-02  -9.1059828e-02   2.1920317e-02  -1.4686708e-02  -2.4835806e-01   2.5558406e-01   2.6184866e-02   5.9613840e-02   2.7953234e-02  -2.5513888e-01  -3.0365983e-01  -3.0448490e-01  -6.1599952e-02  -3.0564822e-02   5.5550033e-02  -9.2119448e-02  -1.8796375e-01   1.5372535e-03   6.9577078e-03  -2.0150885e-02   9.6219278e-02   2.9592168e-02   5.5514797e-03   3.0300851e-01   1.3071358e-01  -1.7468877e-01   3.2276222e-01   3.9925303e-01  -9.2133687e-02   1.7346812e-01  -6.2135917e-03   2.4837046e-01  -1.0969549e-01  -3.1594029e-01  -4.0183216e-02   2.6831652e-01   1.1379519e-01   2.9747146e-01   1.0453201e-01   5.8651001e-01
  -1.7184761e-01   4.6995652e-01   2.8539572e-01  -1.9967249e-01   0.0000000e+00   7.4836487e-02  -3.5802809e-01  -2.5295670e-01   6.6156978e-02   1.3357546e-01  -2.4991102e-01   2.0029243e-01   1.8299136e-01  -3.4571201e-01  -6.4202936e-02   1.4328905e-01   3.5226333e-01  -7.4575877e-02   1.3087284e-02   8.1738792e-01  -3.1980676e-01  -1.7322221e-01  -3.5098631e-01  -2.4445215e-01  -3.7442730e-02  -1.2475711e-01   4.5460420e-01  -2.0870880e-01  -1.2689886e-02  -1.1583975e-01  -4.1186803e-01  -3.6216568e-01  -4.9455952e-02  -5.0659138e-02   2.1411338e-01   4.9957195e-01   1.9147049e-02  -2.4840295e-02   1.8323795e-01   2.1861891e-01   1.8620072e-01  -2.5488026e-02   1.0171000e-01  -2.9085297e-01  -9.5424634e-02  -1.2913858e-01   2.2348502e-02  -2.1627295e-02   2.5012302e-01   7.3629881e-02  -1.9413003e-01  -2.5001510e-01   2.8249312e-01   1.2189472e-02  -3.5474275e-01  -3.6000890e-01   6.8908643e-03  -1.8491289e-01   3.8475076e-02  -1.8020428e-01  -6.4002813e-02   2.3599620e-01   1.3675930e-01  -1.1539594e-01   6.7263564e-04   2.7028642e-01   3.6838637e-02   1.3851933e-01  -1.9811062e-01   1.0743649e-01  -3.0708649e-02  -2.0801399e-01   2.2167691e-01   2.8086739e-01  -1.4974330e-02  -3.2844212e-01  -7.0976203e-02  -2.3099633e-01   8.2785168e-01   9.9589830e-02  -3.8743729e-01   1.9963703e-01   2.7105898e-03  -3.3480994e-01  -3.8410820e-01  -2.1340520e-01  -3.5000539e-01  -2.8354004e-01   1.5566898e-01  -1.6010718e-01   6.9438443e-01  -7.0971284e-02   4.9011477e-01  -4.6507988e-02  -7.4866459e-02   7.8012418e-01   1.6322735e-01  -2.7447837e-01   3.5756464e-01   3.4590101e-02  -3.8142652e-01  -2.5594825e-01  -4.9614883e-01  -3.0047954e-01  -3.5334159e-01  -1.3635798e-01   7.3471775e-02  -1.6182789e-01  -6.0313192e-02  -1.1905017e-02  -1.2109557e-01  -2.9245882e-01  -2.5658149e-02  -2.3088450e-01  -4.1620309e-01   5.2491725e-01  -2.3835589e-01   3.1472220e-01  -1.2461559e-01  -1.4249738e-01  -3.2023457e-01   8.3972203e-01   1.7483644e-01  -1.7936210e-02  -9.8579621e-02  -9.4603686e-02  -4.6948549e-03   4.4679204e-02  -2.0418662e-01   4.0764008e-01   2.4991090e-01  -3.5411160e-02  -4.5373941e-02  -3.6065331e-01  -2.4345855e-01  -2.6703075e-01  -8.1077190e-02  -3.4042995e-01  -2.3065372e-01  -3.0361001e-01  -3.0723448e-01   1.5312587e-01  -3.1117365e-01   2.0368403e-01  -4.3202440e-01  -4.8437305e-01  -1.3090786e-03   4.1551841e-01   2.0298857e-01  -5.4724618e-02  -3.3017465e-01  -4.1814976e-01  -1.3203264e-01   2.3254239e-01   4.7565389e-01  -2.0789013e-01  -2.1223963e-01   1.7669785e-01  -1.0709540e-01  -3.2928968e-01   2.4865745e-02  -2.2934250e-01   2.3989540e-02  -2.7996262e-01  -5.8144896e-02   2.4381385e-01   2.4503880e-01  -1.8045441e-01  -2.6270491e-01   5.2341691e-01   4.2650958e-01  -2.4712417e-01  -6.2520296e-02   2.8730399e-01  -7.9104106e-02  -4.2418701e-02  -5.8159843e-02
  -3.3371452e-01   1.1296687e-01   4.9660548e-01   3.5894601e-01   7.4836487e-02   0.0000000e+00   2.0969128e-01  -3.1331802e-01   1.4551549e-02   1.5849111e-01  -1.3474207e-01   6.8800197e-01  -1.3784333e-01  -3.8720565e-02   2.1726668e-01   4.5716093e-01   6.7628853e-02   1.7485010e-01   2.5822916e-01   2.6882052e-01  -2.2941910e-02   4.2598232e-01   1.9045460e-01  -3.6178604e-01   6.3875417e-02  -2.9774212e-02   5.3115099e-01  -2.8983450e-01   1.3918087e-02   3.6381888e-01  -5.4037702e-01  -8.4728061e-02   1.0635859e-01   2.1064435e-01  -2.1053485e-01   2.4553518e-01  -1.1885906e-01  -3.7340944e-01   3.1478391e-01   4.3903075e-01  -2.0415700e-01   5.8813442e-02  -1.6988775e-01  -2.6961351e-01   1.5572328e-01  -3.5820158e-01   3.4321132e-01  -4.6824711e-02   4.7095566e-02   6.7598474e-02   1.7739490e-01  -3.3891674e-01  -1.4235631e-01   1.3542587e-02  -3.0008784e-01   2.6305734e-01   5.9873463e-01   6.6786498e-02  -1.6629645e-01   2.7811070e-02  -2.7642693e-01   2.3148821e-01   1.4904467e-02  -3.0099638e-01  -4.2784281e-01   1.2997925e-01   7.9548190e-01   2.9127857e-01   2.5351042e-01   5.7177039e-01  -4.4603182e-01   2.9067214e-01  -2.0972762e-01   4.4517105e-01  -1.2796107e-01  -4.1108580e-01  -2.9935144e-01   1.2784183e-01  -1.5955294e-01  -4.5452414e-02   5.4941047e-02  -4.4838951e-02   1.8785119e-01  -1.0860388e-01  -2.4123561e-01  -4.6435447e-01  -2.3845270e-01  -1.0355527e-01  -6.3886080e-02  -2.8864369e-01  -2.6405451e-01  -5.5081285e-04   4.2913098e-01   1.0703877e-01  -3.1217574e-01   1.0277089e-01   1.9174696e-01   1.7269576e-01   3.0132895e-01   2.3358811e-01  -3.3320878e-01   2.1679561e-01  -9.0558144e-02  -1.5101289e-01  -1.2573261e-01  -1.2374927e-02   2.5389836e-01   1.2946486e-01  -1.4528687e-01   4.7418951e-01   4.3616013e-01   3.0296215e-01   2.7312908e-01  -3.5312388e-01  -1.4042952e-01  -2.3325522e-01  -5.5057417e-02  -2.1553663e-01   2.1771988e-01   3.0844619e-01  -4.2958536e-01   1.5608382e-01   5.2662958e-01  -5.5650862e-01  -3.7750662e-01   4.4462206e-01  -2.0285160e-01  -5.0792485e-02   1.9997198e-02   3.4889645e-01   8.8630737e-02  -7.2861586e-02   3.0692414e-01  -3.5114793e-01   3.3121409e-02  -4.7956900e-01  -1.2858818e-01   1.2798944e-01  -3.6512737e-01  -3.3640557e-01  -3.5053540e-01  -2.1110247e-01   5.8996469e-02   6.5557892e-01  -1.3742639e-01  -4.4194268e-01   7.7490956e-02  -9.6109740e-02   3.2073455e-01  -2.3022779e-01  -2.6660747e-02  -2.7246941e-01  -1.5273639e-01  -3.6123817e-01   4.1709455e-01  -3.6161412e-01  -2.8797038e-01  -1.9797226e-01  -1.9237834e-01  -3.2638337e-01   3.0355108e-01  -1.3551689e-01  -9.0481839e-02   2.0808589e-01   5.2539102e-02  -2.9616191e-02   1.8337066e-01  -2.8380217e-01  -1.3298960e-02   2.2324209e-01  -2.4512309e-02  -3.3326016e-01   2.5192258e-01   8.1951913e-01   5.2268042e-02   6.1289965e-02   2.6246639e-01
  -2.8927817e-01  -1.6576414e-01  -1.3263158e-02  -8.1708339e-02  -3.5802809e-01   2.0969128e-01   0.0000000e+00  -8.3485733e-02  -9.5502017e-02   1.3751492e-01  -2.0606009e-01  -5.7443684e-03   1.2486132e-02   8.8257799e-02   2.7510439e-01   2.2904892e-01  -3.4913309e-01  -3.2820666e-02  -2.7489755e-01  -1.3241375e-01   3.8827151e-01  -7.2617793e-02   6.4065580e-01  -2.4568194e-01  -1.9853305e-01  -2.4682327e-01  -4.9943118e-02   3.0724481e-02   4.7677303e-02   8.9797093e-02   2.6228460e-01   4.6146555e-02   9.2196553e-02   3.2880369e-01  -2.0964540e-01   8.6546575e-02  -7.0568289e-02  -3.3455426e-01  -1.1881182e-02   9.7808052e-02  -1.4109779e-02   1.1959553e-01  -1.6336287e-01  -1.3376193e-01   2.1765457e-01  -3.3778054e-01   1.2536721e-01   2.6359023e-01  -3.3204233e-01  -1.6615133e-01   2.9134134e-01  -1.8160654e-01  -1.3002675e-01  -1.4290640e-01  -1.3380506e-01   8.6752622e-02  -9.1951513e-02  -1.4677803e-01  -6.7718098e-02  -3.3210405e-01  -3.9772559e-01  -9.7542217e-03  -2.0271508e-02  -1.2641466e-02  -2.3387856e-01   1.9623664e-01  -4.3183097e-02  -1.0812734e-01  -2.0737966e-01   2.5768571e-01   6.8225896e-02   5.6644982e-02  -3.8293497e-02  -2.3510139e-01  -2.2438934e-01   2.7971034e-02  -3.5363275e-01  -8.3909107e-02  -3.0537456e-01  -1.9435301e-01   3.7040403e-01   8.5777608e-02  -1.6713625e-02   5.5585642e-02  -1.8271960e-01   8.7600477e-02   1.3696931e-01   9.7648418e-03  -3.7254428e-02  -2.5657254e-01  -4.4112444e-01  -2.7300663e-01  -6.9131090e-02  -2.8904305e-01  -3.4125631e-01  -3.9994922e-01  -1.0821751e-01  -2.0700746e-01   1.8966330e-02   2.5321535e-01   3.6863196e-02   3.8954255e-01   4.7290665e-01  -2.1530149e-01   2.2060576e-01  -1.8558811e-01  -1.5545039e-01  -9.0226200e-02  -7.1568281e-02   1.6945035e-01   1.7569424e-01   3.9196474e-01  -1.3522408e-01  -3.2169875e-01   3.5050698e-01  -1.5055762e-01  -2.1430583e-01  -1.3552609e-01   2.1868238e-01  -4.8258550e-02  -2.5261755e-01  -3.6890391e-01  -6.9808328e-02   1.5644287e-02  -3.3466170e-01   1.9828328e-01   1.4392293e-01  -2.4246472e-01  -3.2736753e-01  -1.0674633e-01   2.1353208e-01   2.5119889e-01  -2.2115098e-01   4.0498179e-01  -2.8489297e-01   4.0600854e-02  -2.6016413e-01   5.8328052e-01  -2.8142847e-02  -2.4310615e-01  -2.2098670e-01   7.1425680e-02  -1.8557292e-01   1.4696776e-01   6.0417697e-01   2.8349151e-01   4.6318895e-01  -1.4623078e-01   1.6888624e-01   1.0043662e-01   2.1312523e-01   2.7691622e-01  -2.7203539e-01  -2.6350330e-01  -1.4837025e-01  -2.9477080e-01  -3.2524796e-01  -2.5814665e-01  -2.9614507e-01   2.8055955e-01  -6.2227175e-03  -3.1706994e-01   4.1599684e-02   1.5900423e-02  -2.8267261e-01  -1.0261101e-01  -1.8477859e-01  -2.9417255e-02  -2.5026892e-01  -2.2917181e-01  -1.7356976e-02  -4.3445082e-01   1.0576097e-01   7.9186244e-02  -1.8375386e-01   1.2729394e-01  -3.1592582e-01
   3.8510805e-01  -1.9655151e-01  -2.7490699e-01   2.1753433e-02  -2.5295670e-01  -3.1331802e-01  -8.3485733e-02   0.0000000e+00   1.9685016e-01  -2.5093047e-01   2.3357893e-01  -2.9381614e-01  -5.5467437e-02  -2.2285392e-02   8.1447205e-04  -3.6423288e-01  -8.2851538e-02  -1.6974606e-01   6.4122494e-02  -4.3774349e-01  -3.6108956e-01  -5.8236238e-02  -2.2819135e-01   3.0168422e-01  -9.6439757e-04   4.4224418e-01  -3.9502147e-01   4.1033300e-01   9.7642650e-02  -1.2716573e-01   2.6457497e-01   1.0511631e-01  -9.3393638e-02  -2.9969006e-02  -1.9099653e-02  -4.8540568e-01  -4.3260925e-02   2.1300179e-01  -4.2269317e-01  -2.6148212e-01  -6.7226191e-02  -1.0186141e-01   4.0243216e-02   5.9771104e-01  -3.1688133e-01   3.5835074e-01  -3.1581554e-01  -7.6580135e-02  -1.5559472e-01   4.5578314e-02  -2.4402946e-01   7.8924256e-01   1.0243604e-01   1.2492686e-01   2.0856794e-01   1.9278479e-01  -5.2150513e-03   2.9162274e-01   1.8894181e-02   2.4639110e-01   3.1569156e-01  -2.1739980e-01   1.1774177e-02   2.9830618e-01  -1.7606674e-02  -3.0780662e-01  -5.5573749e-03  -7.2276799e-02   2.6371066e-01  -2.6922448e-01   6.7073874e-02  -1.3657017e-02  -1.3344434e-01  -1.0467994e-01   1.7310150e-02   5.4418714e-01   2.9289123e-01   4.5235057e-01  -2.2526776e-01   1.1766730e-01   3.3541673e-01  -2.5050987e-01  -8.7605506e-02   7.5847424e-01   4.4236797e-01   4.2668317e-01  -8.6977676e-02   1.6334953e-01   5.8762258e-02   2.3641224e-01  -8.1462293e-02   8.3564648e-02  -9.4072376e-02   2.2895208e-01   1.7208791e-01  -1.5774400e-01  -6.4129443e-02   4.4918139e-01  -1.0393532e-01  -3.9293146e-01   4.7090893e-01   4.4864073e-02  -8.3381379e-03   7.7721019e-02   8.6483222e-02   2.3221002e-01  -4.9319774e-02   5.0814226e-01  -1.4471234e-01  -2.4541970e-01   2.0780371e-01  -1.5377798e-01   6.4599765e-02   4.2229580e-01   2.4897061e-01  -1.6308402e-01   3.2050889e-01  -1.2673122e-01  -4.4293896e-02   1.6297741e-02   3.8492306e-01  -2.2976977e-01  -1.8497461e-01  -7.8256054e-02   3.3491285e-01  -2.1068454e-01  -1.7304502e-01   7.1896101e-02   3.1415502e-01  -2.9098768e-01  -2.8094023e-01  -1.9911774e-01   9.8083886e-02  -6.3905317e-02   2.8272944e-01   5.7930588e-01   1.0488472e-01  -1.6631952e-01   6.0664937e-01   2.7391730e-01   4.1248475e-01   2.8296563e-02   8.7042917e-02  -2.6676222e-01  -1.8176216e-02   6.5291832e-02  -1.7098216e-02  -1.7553472e-01  -2.2298294e-01  -2.8557251e-01   2.3587570e-01   6.2689964e-01   2.6239438e-01   5.2763211e-02  -2.2078306e-01   2.1594745e-01   3.2497004e-01  -5.3541434e-02   2.2095315e-01   5.0315742e-01  -9.1051324e-02   3.3259966e-01  -1.3982400e-01  -3.3980225e-02   1.9934847e-01  -2.0955900e-01  -1.1624835e-01   5.3854679e-01   3.1039850e-01  -1.7243927e-01  -1.7803569e-01   2.6255021e-01  -1.6293337e-01  -4.0599212e-01   7.4884092e-03  -9.0195815e-02   1.6017110e-01
  -1.0772748e-01   4.7413783e-01   2.4851569e-01   1.1801408e-01   6.6156978e-02   1.4551549e-02  -9.5502017e-02   1.9685016e-01   0.0000000e+00   1.7468339e-02  -1.1908429e-01   1.3374541e-01  -3.5483785e-02  -4.2003821e-02   4.6264884e-01   1.3439758e-01   1.4582645e-01  -2.3742087e-01   2.9925012e-02   2.8118015e-02  -2.8575813e-01  -2.6139930e-02  -2.7780493e-01  -1.2255217e-01  -9.1120690e-02   2.2113496e-02   7.3339393e-02  -8.7994925e-02  -6.9465849e-02   2.1550580e-01   4.8461978e-02  -1.5733508e-01   1.1306276e-01   1.5524349e-01   3.0269217e-01  -2.1006264e-01  -8.4929106e-02  -1.8674092e-01   1.5166013e-01   1.5586808e-01  -1.3644855e-01   2.2104399e-03   3.3455343e-01   1.2950662e-01   5.4842865e-02  -1.5111410e-01  -1.6834564e-01  -7.8217798e-03   3.7964054e-02   2.7746841e-01  -1.1708217e-01   6.0923185e-02   2.3522395e-01   1.1340388e-01   1.5582031e-01   7.1880964e-03   1.8139273e-01   4.4032815e-02  -1.8314501e-01  -8.0980081e-02   3.1130884e-02   2.3987390e-01   4.8668718e-01   3.2408658e-01   1.6771423e-02   2.5962849e-02   4.1038778e-02   1.5313955e-01   5.9371599e-02   1.8844392e-01   6.3100063e-02   4.8658619e-02   4.3910518e-02   2.7347923e-01  -9.5504920e-02  -6.1954240e-02  -1.5890668e-01   1.6852744e-01   2.9655618e-02   1.3881537e-01   1.7473611e-01   5.1040024e-02   5.4615200e-02   1.6009712e-01  -1.4425321e-02  -1.2591408e-02  -2.1262215e-02  -8.6773399e-02   2.0121401e-01  -1.5049269e-01  -3.9910851e-02   1.0903863e-01   2.2123670e-01   2.2384497e-01  -2.4004551e-01  -3.6497685e-03   5.1830765e-03   7.8288206e-02  -3.6956768e-02  -4.0888399e-02  -4.3624800e-02   2.6936240e-01  -1.2867200e-01   1.9503240e-01  -2.4385313e-02  -4.4258091e-02   1.1369538e-01  -1.3064376e-02  -1.1718959e-01   5.6450648e-02   1.9302124e-01  -2.7528167e-02   2.7595378e-01  -1.1173186e-01  -9.9424872e-02  -2.2382389e-03   8.0975247e-03  -2.4327714e-02  -5.5305257e-02   7.4718110e-02  -2.2333142e-01   1.1992628e-01   4.0445627e-01  -1.6513213e-01  -1.5979167e-01   1.7337477e-01  -8.3402668e-03   7.0943813e-02   4.1838802e-02   2.3942634e-01   1.2663274e-01  -1.7816923e-01   2.0273199e-01  -8.9264359e-02   6.0649669e-02  -1.1787739e-01   5.7128110e-02   3.0280514e-01  -1.1265938e-02  -7.4389385e-02  -3.8524180e-02  -6.8134935e-03  -1.1756105e-01   2.4226003e-01  -1.0847681e-01  -2.5600444e-01   1.2062008e-01  -5.7369570e-02   3.1229930e-02  -1.2788111e-01  -8.1795661e-02   1.6522864e-01  -8.5962056e-02   3.0650351e-02   3.6917956e-01  -1.2574068e-01  -1.7410971e-01  -6.7951974e-02  -4.7615309e-02  -1.0642318e-01   1.4941480e-01  -9.1933345e-02  -1.4846703e-01  -2.2007052e-01  -1.8677641e-02  -1.3870848e-01   1.3527342e-01   2.5380284e-01  -1.4739785e-02   1.1438090e-01  -4.7893612e-02  -1.2041211e-01   6.3670934e-02   1.2924754e-01   4.7943488e-02   7.5112327e-02   7.0428188e-02
  -2.5230795e-01   2.2511845e-01   4.1248276e-01  -2.5424795e-01   1.3357546e-01   1.5849111e-01   1.3751492e-01  -2.5093047e-01   1.7468339e-02   0.0000000e+00  -5.3200674e-01   1.3637476e-01   1.5252173e-01  -4.7917109e-01   1.5164943e-01   4.5203251e-02   3.1388713e-01  -3.6530521e-01  -2.2723502e-01   3.6768891e-01  -1.2285516e-01  -3.1214452e-01  -1.6157574e-02  -3.8909326e-01  -1.4249584e-01  -4.1364755e-01   1.8706499e-01  -4.1941342e-01  -2.9043806e-02  -2.6411561e-01  -2.6635554e-01  -3.4265785e-01  -1.1577440e-02   5.9008070e-01   4.0629523e-01   1.1023350e-01   1.2169809e-01  -3.0285160e-01   1.9675641e-02   3.4163966e-01   7.8352826e-04   6.0236190e-02   1.1142880e-01  -4.1245457e-01  -2.5853735e-03  -1.7826602e-01  -2.6266776e-01   2.1269088e-01  -2.0926133e-01   2.6147270e-01  -1.5310861e-01  -3.7368054e-01   2.8672997e-01  -2.3446448e-01  -4.0095898e-01  -4.3059372e-01  -1.9918484e-01  -4.0630043e-01  -1.3515936e-01  -3.9918321e-01  -1.6466912e-01   8.1175648e-02   1.9607550e-01  -2.8619811e-01  -2.8320180e-01   5.9761895e-01  -1.2798291e-01  -1.9925963e-02  -4.3191508e-01   3.4122124e-01   1.7513715e-01  -4.1634295e-01   4.7013099e-02   3.4902116e-02  -2.8423576e-01  -3.2476315e-01  -1.8743208e-01  -2.8639651e-01   2.0616550e-01  -2.1692902e-01  -4.7164288e-01   1.8040762e-01   4.0299297e-02  -4.0333149e-01  -1.7632521e-01  -1.2524298e-01  -1.8295092e-01  -4.4601963e-01   1.8717032e-01  -4.5653620e-01   1.1328562e-01   6.2003285e-02   5.9463728e-01  -2.3084109e-01  -1.0902154e-01   2.9906098e-01  -1.2486209e-01  -2.8725332e-01  -1.4759997e-01   4.0746606e-01  -3.2038305e-01   3.3234509e-02  -3.0684183e-01  -4.4655856e-01  -1.6395557e-01  -2.5440218e-01  -6.2566275e-02  -4.3548854e-01  -6.0412058e-02   5.1987734e-02   3.0719930e-01  -4.1406149e-01  -2.0176511e-01  -3.0293556e-01  -3.2717407e-01   2.0908267e-01  -3.8284938e-01   1.6988863e-01  -8.7394965e-02  -4.0678768e-01  -2.7575151e-01   3.6366783e-01   1.4934910e-01  -5.4566330e-02  -3.2102525e-01  -2.5322098e-01   1.7851168e-01  -1.3475752e-01  -2.7513412e-01   4.2902396e-01   2.0335589e-01   7.0689293e-02  -3.7952108e-01   1.9547291e-02  -3.2823485e-01  -2.9797033e-01  -2.6894186e-01  -6.5459138e-02  -2.7178564e-01  -2.5585761e-01  -3.5781414e-01   2.8975508e-01  -4.1061269e-01   2.9676960e-01  -8.4809864e-02  -2.4560007e-01   6.0594632e-01   1.8032404e-01   1.9487143e-01   2.4769790e-01  -4.3235454e-02  -3.6065280e-01  -2.2729607e-01  -7.7771411e-02   4.3716838e-01  -2.8867949e-01  -3.1071175e-01  -4.6376204e-02  -6.9295589e-02  -3.7475556e-01  -5.6296045e-02  -3.1948561e-01   3.6460949e-01  -3.0625606e-01  -3.7910262e-01   3.8668352e-01   8.5768212e-02  -2.7305786e-01  -3.2411809e-01   4.0621348e-01   4.3419736e-01  -1.6341061e-01  -2.2954290e-01   2.2656357e-01  -1.9715287e-01   3.6772293e-02  -2.7563051e-01
   2.4129477e-01  -4.0819249e-01  -3.5747061e-01   2.2655566e-01  -2.4991102e-01  -1.3474207e-01  -2.0606009e-01   2.3357893e-01  -1.1908429e-01  -5.3200674e-01   0.0000000e+00  -1.6773069e-01  -6.1482318e-02   1.6727446e-01  -1.7073141e-01  -8.7629771e-02  -2.2970066e-01   5.6792306e-01   2.4872724e-01  -3.4208289e-01   5.6229833e-02   2.9630780e-01  -1.8808946e-02   2.2295071e-01   2.6107907e-01   3.8483531e-01  -3.6006108e-01   2.1399120e-01   2.5630578e-02   5.1456033e-02   2.8929969e-01   2.9378648e-01  -1.4914460e-01  -3.7756514e-01  -3.2486016e-01  -5.3151477e-02  -5.8752408e-02   2.9131671e-01   7.7727849e-02  -3.0682949e-01   8.3206938e-02  -1.9979106e-01  -1.9825988e-01   5.9167488e-01   1.2325608e-01   2.7547398e-01   3.1956448e-01  -1.4325686e-01   2.7652763e-02  -3.2986692e-01   1.9332091e-01   3.9551690e-01  -2.8531182e-01  -6.8598156e-02   3.0026449e-01   5.5488920e-01   1.0987826e-01   3.4975053e-01   1.5511723e-01   4.7127881e-01   2.3832331e-01   1.6592036e-02  -3.3513011e-01   1.6496663e-01   4.1829018e-01  -4.5559243e-01   1.2097282e-01   1.3303853e-01   5.7324522e-01  -3.5671263e-01  -5.6570494e-02   4.1164102e-01   5.5113853e-02  -9.3767501e-02   1.0950845e-01   2.8983729e-01   3.1094396e-01   2.4968668e-01  -3.9139485e-01   2.5216887e-01   2.2916588e-01  -1.4740987e-01   8.7234877e-02   2.2657440e-01   3.5111677e-01   1.3312355e-01   1.0366396e-01   1.5799316e-01  -4.1607164e-01   2.7677990e-01  -2.3609916e-01  -2.3614644e-02  -5.6577273e-01   2.7982550e-01   1.9902261e-01  -2.5154034e-01   2.1438522e-02   3.3523139e-01   1.1124020e-01  -2.9767922e-01   2.0812355e-01   2.2895559e-01   1.7743836e-01   4.4429615e-01   3.0546149e-01   2.7516673e-01  -1.7567675e-01   3.8695378e-01   7.5932878e-02  -5.2932191e-02  -5.6962465e-03   1.7403773e-01   2.7868951e-01   3.7072649e-01   2.0949615e-01  -3.9348202e-01   3.7085519e-01   1.2984728e-02  -2.2162551e-01   3.0445430e-01   3.1873626e-01  -4.4667505e-01  -2.1559534e-01   3.3333086e-02   3.4801941e-01  -6.8991457e-02  -2.4848085e-01   1.5712386e-02   3.6373973e-01  -3.6181820e-01  -2.9408034e-01   4.6224493e-02   1.5852941e-02   1.0844368e-01   3.1014483e-01   2.0173568e-01   2.4074541e-01  -1.0047579e-01   2.1480174e-01   3.2304470e-01   2.7566192e-01  -3.8351417e-01   6.5110082e-01  -3.7081669e-01   7.3658913e-03   3.7392302e-01  -3.8589132e-01  -1.2281681e-01  -8.6578966e-02  -3.8830170e-02   1.0337157e-01   1.5359184e-01   6.6438600e-02   1.4503258e-01  -3.7018994e-01   2.7125343e-01   3.9457803e-01   1.6083294e-01   6.9250504e-02   1.1653217e-01   1.0164550e-01   6.3481964e-01  -3.9171467e-03   4.5521621e-01   3.6204513e-01  -4.2956379e-01   4.6425427e-04   1.8812402e-01   2.6238900e-01  -4.1520260e-01  -5.5390735e-01   2.9639044e-01   3.5855345e-01  -2.8890748e-01   2.7171848e-01  -1.7967203e-01   2.7143229e-01
  -1.9149859e-01   2.0163456e-01   6.8310281e-01   2.6600688e-01   2.0029243e-01   6.8800197e-01  -5.7443684e-03  -2.9381614e-01   1.3374541e-01   1.3637476e-01  -1.6773069e-01   0.0000000e+00   6.9871756e-02   2.6181282e-02   1.3467855e-01   2.0564741e-01   3.2604413e-01   2.4176717e-01   1.5253367e-01   4.2918807e-01  -1.9779978e-01   5.7564880e-01  -1.8069437e-02  -1.5126557e-01   2.3124242e-01   2.8962126e-02   3.0391458e-01  -9.3364536e-02   3.0350843e-01   2.5056577e-01  -5.7450159e-01  -2.8393639e-01  -2.8485671e-01  -4.9034811e-02  -1.5598859e-01   2.3045373e-01  -5.4735418e-02  -2.4504827e-01   1.7619585e-01   3.3034210e-02  -6.6120600e-02  -1.7091271e-01  -4.5960756e-02  -1.5498410e-01   1.0801477e-01  -2.1217668e-01   2.7307951e-01  -2.6304755e-01   2.2650695e-01  -2.3356741e-01   3.4970678e-02  -2.9907820e-01  -3.2488123e-01   5.2683506e-02  -2.0153896e-01   2.5422994e-01   5.6498505e-01   2.2410919e-01  -2.9259138e-01   3.0641747e-01  -1.5014678e-02   3.2362489e-01  -1.7566818e-01  -3.8396099e-01  -2.1362543e-01   6.7371644e-02   6.5893063e-01   1.8513039e-01   3.1925624e-01   5.6441509e-01  -5.4897236e-01   3.4785787e-01  -2.0163393e-01   7.6636388e-01  -6.0302344e-02  -3.4930643e-01  -8.1295572e-02   2.8174625e-01  -4.2683989e-02   1.0198017e-01   1.3744309e-01  -1.7785694e-01  -6.7719974e-02  -5.6427809e-02  -1.5704422e-01  -2.9598079e-01  -3.4043118e-01  -1.6811897e-02  -7.4181283e-02  -6.2911127e-02  -1.8865994e-01   1.0372112e-01   4.2822898e-01   2.5342335e-01  -3.2420472e-01   2.7997032e-01   2.7635973e-01   1.2515985e-01   3.7668423e-01   3.2954405e-01  -2.2463510e-01   1.2184460e-01  -2.1611683e-01   4.9237061e-02   8.3909666e-02   2.6920706e-01   1.7350735e-01   2.1935242e-01  -9.7802988e-04   3.6188688e-01   2.1103606e-01   3.0851802e-01   3.2058425e-01  -1.3259317e-01  -1.0836245e-01  -2.6343101e-01   1.3069508e-01   1.0491131e-01   2.9085865e-01   2.2416692e-01  -2.6225746e-01   2.7737896e-01   4.6957450e-01  -4.5378964e-01  -1.1144630e-01   6.1044385e-01  -2.9818197e-01   1.1720200e-02   2.1444790e-01   4.5591860e-01  -1.0543127e-01  -2.4351841e-01   5.1527460e-01  -5.9294343e-01   1.1892865e-01  -4.7149570e-01  -1.1507594e-01   6.7508073e-03  -2.5382961e-01  -2.7169770e-01  -2.9671974e-01  -1.8723623e-01   8.1815649e-02   6.9615867e-01  -2.2457192e-01  -5.6001973e-01   8.0329107e-03  -1.5130846e-01   2.2322670e-01  -2.8274711e-01   5.5107015e-02  -3.3701824e-01  -5.8311532e-02  -3.8415679e-01   2.9358647e-01  -2.6697299e-01  -5.3770751e-02  -1.6993946e-01  -2.8831299e-01  -2.5923364e-01   1.8753983e-01  -2.5532450e-02  -2.1777190e-01   3.5012015e-01   2.1985845e-01  -9.5064693e-02   1.7251244e-01  -1.3860175e-01  -1.0064761e-01   1.4487421e-01   1.7600146e-02  -2.0687031e-01   4.1783623e-01   6.7523409e-01   1.5251786e-01  -2.6483640e-01   3.3813226e-01
  -1.5007207e-01   1.0643464e-01   1.4693817e-01  -8.4837936e-02   1.8299136e-01  -1.3784333e-01   1.2486132e-02  -5.5467437e-02  -3.5483785e-02   1.5252173e-01  -6.1482318e-02   6.9871756e-02   0.0000000e+00  -1.7404952e-01  -1.8105387e-01   5.2889745e-02   1.7201466e-01   5.0062235e-02  -1.4081450e-01   2.7314499e-01  -1.9676552e-01  -3.1224442e-02  -1.3226785e-01  -1.2070577e-01   8.7043309e-02  -4.5220828e-02  -7.4118027e-03  -1.1330458e-01   1.6308451e-01  -2.3043308e-01  -7.1291716e-02  -2.1759730e-01  -1.6285108e-01  -9.7700579e-02   1.3003587e-02   2.5262401e-01   8.4972131e-02  -9.4926971e-02   1.7273397e-01  -5.4838991e-02   6.7599853e-01   6.4505139e-02  -1.4801812e-01  -4.8716264e-02  -2.2131268e-02  -2.9521169e-02  -3.3762378e-02  -1.0358254e-02   9.0912174e-04  -1.8876773e-01  -6.9493534e-02  -8.5305924e-02   1.9561982e-02  -5.1636230e-02  -2.8414231e-01  -1.2855930e-01  -1.0700531e-01  -3.9424960e-02   1.0137409e-01  -4.2367091e-02  -7.3539602e-02   1.0985227e-01  -1.5231226e-01  -1.1928396e-01   5.0416976e-02   1.2943956e-02  -1.8986510e-01  -1.1937024e-01  -1.0249414e-01   5.2251300e-02   5.4369670e-02  -1.4077619e-01   4.0167569e-01   3.7645211e-02  -2.6019653e-02  -1.0261458e-02  -1.0526774e-01  -1.4264989e-02   1.2340507e-01   2.0223423e-01  -1.6826777e-01   3.5881377e-01  -9.4066599e-02  -8.0156959e-03  -1.2602513e-01   1.6530909e-02  -2.1017012e-02  -2.1702241e-01  -1.0864318e-01  -1.7042200e-01   3.9357734e-02   3.1788236e-02   7.3630609e-02  -1.3058508e-01  -9.4138163e-02   2.6642770e-01   2.9081141e-01  -1.0637439e-01   1.9483948e-01   3.7524247e-02  -1.5324544e-01  -2.9435763e-02  -2.1039028e-01  -7.2357679e-02   9.5709559e-02   8.5196381e-02  -1.5374150e-01   5.3434728e-02   2.4917017e-02  -1.6284434e-01  -8.7892602e-02  -8.9888137e-02  -1.2805361e-01  -1.2440153e-01  -1.2945322e-01   4.7378114e-02  -1.4291817e-02   6.0931905e-01  -4.6558846e-02  -1.8881922e-01  -2.8962201e-02   1.2680926e-01  -1.9476529e-01   1.6883758e-02   6.1453579e-02  -1.0982185e-01  -1.2872393e-01   8.6877925e-02  -2.2278962e-02   1.6641105e-01   2.7933010e-01  -3.7084331e-03  -1.8282284e-01  -3.9201455e-02  -1.9435857e-01  -8.7698715e-03   2.4043972e-02  -1.3919552e-01  -4.9457291e-02  -2.0669931e-01  -3.0888319e-01   4.0518942e-01  -1.1718730e-01   4.9380813e-02  -1.2499496e-01  -9.4954064e-02   1.1784690e-01   6.6383874e-02  -9.7725146e-02   9.8351386e-02   1.6205540e-02  -1.9592298e-01  -5.7309478e-02  -2.3638871e-03   2.8304363e-02  -2.0719060e-01  -2.1327578e-02   2.7968363e-01  -1.6838695e-01  -1.0776674e-01  -9.5186280e-02  -2.5717978e-02   1.3975167e-01  -1.3798008e-02   6.6412352e-03   1.2382143e-02  -1.6278466e-01  -7.4219488e-02  -1.8611766e-01   4.5240120e-02   4.9562813e-02  -1.6187644e-01   3.1813206e-02  -3.8660345e-02   1.7884142e-02  -1.1292593e-02  -8.3467780e-02
   1.8946271e-01  -3.1459067e-01  -7.8182652e-02   3.1164153e-01  -3.4571201e-01  -3.8720565e-02   8.8257799e-02  -2.2285392e-02  -4.2003821e-02  -4.7917109e-01   1.6727446e-01   2.6181282e-02  -1.7404952e-01   0.0000000e+00  -1.7698675e-01  -7.4285694e-03  -1.3918247e-03   2.4678455e-01   1.7434065e-01  -2.8207810e-01   2.2812550e-01   3.4229026e-01   5.0728006e-02   4.1884674e-01   1.9000267e-01   2.5245928e-01  -2.4003880e-01   4.0717590e-01   1.5654104e-01   9.6950296e-02   1.5270056e-01   2.4971824e-01   3.5530451e-02  -3.0995282e-01  -4.0794824e-01  -1.3315161e-01  -2.6658865e-02   2.3644716e-01   1.5961318e-03  -2.8719611e-01  -2.5605771e-02  -8.7282316e-02  -1.0969573e-01   1.1800880e-01  -7.6656326e-02   1.6066948e-01   1.6995963e-01  -1.0140557e-01   2.0075297e-01  -1.0420306e-01  -3.1387965e-02   9.6151381e-02  -3.7643595e-01   2.2968160e-01   5.6053981e-01   3.4933975e-01   5.3069905e-02   4.2504026e-01  -2.2095535e-01   2.6461894e-01   2.5796829e-01  -3.2521096e-02  -3.0381152e-01  -1.0367136e-01  -3.6533913e-03  -4.5393405e-01   1.2767072e-01   2.2301856e-01   3.5360362e-01  -9.7140932e-02  -1.6318022e-01   3.2508909e-01  -2.2341145e-01   4.7924315e-02   2.0236748e-01   2.9846010e-01   2.1030862e-01   1.9800979e-01  -4.1094715e-01   7.2728724e-02   4.6549422e-01  -2.8805903e-01   5.5317029e-02   2.4271897e-01   2.9644015e-01   7.0857300e-02   2.7814920e-01   6.8939498e-01  -2.5428001e-01   4.7946802e-01  -3.9430348e-01   1.9526701e-01  -3.7245926e-01   2.4038242e-01   8.0755943e-02  -3.5788288e-01   5.3158957e-03   1.6448745e-01   8.8553665e-02  -3.6914739e-02   4.3300508e-01  -1.5566737e-01   6.3551115e-01   2.7738610e-01   1.7164423e-01   3.1177078e-01   1.0216283e-01   1.9762570e-01   1.8653457e-01  -4.3686971e-03  -1.3043981e-01   3.8258548e-01   2.4461933e-01   2.0699900e-01   5.2218928e-01  -3.8709342e-01   3.0699619e-01  -1.9494385e-01   2.5744290e-01   3.7581509e-01   1.8246379e-01  -4.5793297e-01   4.3032204e-02   1.7462643e-03   1.6446563e-01   4.7438845e-01  -1.9540893e-01   1.1713785e-01   3.3527789e-01  -2.2438474e-01  -3.0346799e-01  -2.0223466e-01   4.2629357e-01   1.0191713e-01   3.5840985e-01   1.5598200e-01   2.5961767e-01   3.3345678e-01   7.8865477e-02   2.1865240e-01   2.6489096e-01  -4.4137470e-01   2.4075289e-01  -1.4607628e-01   2.8780922e-01   3.0694183e-01  -2.2739370e-01  -3.3182064e-01  -3.5099758e-01   1.8765636e-02   3.0671134e-01   3.8456248e-01   1.4539969e-01  -1.0643875e-01  -3.4727203e-01   2.5130259e-01   1.9480641e-01  -1.3123726e-01   8.1839837e-02   3.9793286e-01   1.8851152e-01   1.6857799e-01  -2.1375816e-01   1.9706795e-01   3.3889727e-01  -3.0787010e-01  -2.1998014e-02   1.7254453e-01   3.9551326e-01  -3.2530842e-01  -3.5603038e-01   6.0893027e-02   2.2043950e-01  -1.5793656e-01   2.3285911e-01  -4.9849281e-02   2.9071837e-01
