   0.0000000e+00  -1.8012228e-02   4.8773308e-02   2.1234815e-01   3.4706963e-02  -2.1326254e-01  -5.3532813e-01  -8.9210056e-02  -4.5423301e-02   6.7050806e-02  -2.8329759e-01  -2.7164989e-01  -2.4320167e-02   5.0281785e-02  -5.2938580e-01  -1.9326035e-01   1.1024022e-01  -7.2742595e-02   1.0324420e-01   2.2390690e-02  -1.5307761e-01   2.3193688e-01  -1.7788796e-01   5.4520809e-01   1.2906079e-01  -6.7750419e-02  -1.5464370e-01  -9.7441000e-02   2.9774855e-02  -3.6955082e-02  -3.7057337e-01   3.5529345e-01  -1.6480911e-01  -3.7341895e-01  -3.9478182e-01  -1.5688979e-01   1.4138409e-02   3.6341379e-01  -2.0392641e-01  -8.9513899e-02  -1.8689410e-01   6.4664477e-02  -3.0148274e-01  -1.3386642e-01  -3.6162082e-01   2.9588980e-01  -1.6289180e-01  -5.3294230e-01  -2.2417631e-01  -8.8958134e-02  -4.4613430e-02   6.4516518e-02  -1.6893786e-01   1.9025446e-01   3.5375155e-01  -6.1969503e-02   1.3601264e-02   3.2139178e-01   1.3391863e-01  -3.3675477e-01   8.7200463e-02  -1.3879342e-01   5.9128315e-02  -1.4375737e-01  -1.3498518e-01  -2.0328047e-01  -1.3567803e-01   1.2667336e-01   8.4174024e-02  -1.0571555e-03  -2.0904605e-01   1.1733596e-01  -1.0243011e-01   6.0186836e-01   1.3369700e-01   3.6779837e-01   2.8603889e-01   3.6930003e-01  -8.5721062e-03  -1.6057946e-01  -2.6367565e-01  -2.0538575e-01  -3.5656206e-01   1.0283293e-01   6.6990645e-02   1.8113294e-01  -2.5452463e-01   6.5166289e-01   3.0661600e-02   6.7861413e-01   1.1650436e-01   1.7886878e-01  -3.3653788e-01   3.6068373e-03   3.1760215e-01   1.1235820e-01  -3.4362999e-02   4.3796262e-02  -2.2978929e-02  -1.7702653e-01   7.1903741e-02  -2.6451202e-01  -4.3122591e-02   9.1474002e-02   3.5151879e-02   2.6762372e-01  -1.9651967e-03  -1.9204696e-02  -8.8836974e-02   4.0283700e-02  -4.2448757e-01   1.7861650e-01   1.3290847e-01   7.7277083e-01   1.3843659e-01  -1.2136990e-03   3.0772869e-01  -1.0043545e-01  -9.5544061e-02   2.0051828e-01   4.3234560e-01   3.2893875e-02  -1.5884152e-01  -3.7917716e-01   5.8692226e-01   3.4487756e-01  -2.5551576e-01   3.0727155e-01   3.6568369e-01  -1.2681325e-01  -3.8898443e-01  -4.1650308e-01   2.6756824e-01  -3.9904358e-01  -1.8201407e-01  -4.1113354e-02   9.9598808e-03  -1.5246355e-01   1.2129359e-02   5.1933522e-01   6.0909936e-01  -9.7312558e-02   1.2023571e-01  -1.7817456e-01  -4.4004012e-01  -1.6993309e-01  -3.2238851e-01   9.9563628e-02  -2.0660379e-01  -1.0405399e-01   4.6150346e-01  -6.3529712e-02   2.4946685e-01  -1.5288353e-01  -1.2622839e-01   3.4444482e-01   2.8779666e-01   1.2306910e-01   1.6464428e-01  -4.6594834e-02   8.7788555e-02   1.3588253e-02  -3.9594915e-02   9.5628825e-02   4.1241975e-01  -1.1261925e-01  -3.3823369e-01   1.1508049e-01   5.8099983e-01  -1.0415069e-02  -9.9008098e-02  -4.1955075e-02   1.3007129e-01  -1.3304810e-01  -1.3883301e-02   5.7724182e-02   2.9382905e-01
  -1.8012228e-02   0.0000000e+00   3.2660749e-01  -2.3566514e-01   5.3767093e-01  -1.3433346e-01   5.8374915e-02  -1.2410120e-01   6.4412087e-01  -2.6516819e-01  -4.3355975e-01   6.1304369e-01  -4.6293870e-02  -3.4088233e-01  -4.0649043e-01  -9.5836818e-02   4.0908008e-01  -3.5725036e-01   1.8064467e-01   2.5186864e-01  -4.4890218e-01  -3.8748473e-01  -5.8028042e-01  -2.9379928e-01   1.5597204e-01  -1.4324366e-01   3.3139935e-01  -4.2844053e-01  -4.4191641e-02  -3.2239649e-01  -2.3353592e-02  -5.3902574e-01  -9.6575025e-02  -1.7256319e-01  -3.1591488e-01   3.3668604e-01   1.2172557e-01  -5.3311809e-02   2.3493864e-01   3.3813115e-01   5.8592260e-02  -1.5503058e-01   5.5649714e-01  -4.1928269e-01   2.2934004e-01   1.6929565e-01  -1.3920342e-01   2.8648052e-01   2.0646494e-01   3.3671454e-01  -3.9706908e-01  -2.0451715e-01   4.2249423e-01   1.3378565e-01  -2.9623362e-01  -3.3004347e-01  -2.4388882e-01  -2.4410531e-01  -2.1501737e-01   5.4067264e-02   6.1094690e-02   4.8305417e-03   5.8068960e-01   1.4569442e-01   4.0751917e-01  -2.0575767e-01  -1.0988274e-02   1.1902956e-01  -4.0922627e-01  -2.3866414e-02   2.9346348e-01  -2.5056290e-01   4.2171458e-01   6.7525838e-02   6.1120832e-03  -1.2256292e-01   4.9060934e-02  -3.5467251e-01   7.0888916e-01   1.2910242e-01  -4.3770118e-01   2.6452459e-01   1.7427407e-01  -1.7278692e-01   3.8482920e-01  -3.2302452e-01   1.1978548e-01  -2.0343303e-01   5.8148449e-01  -1.8124947e-01   4.0297898e-01   1.3881480e-01   4.1587029e-01   4.1640796e-01   1.3991152e-01   3.0444904e-01  -4.0393069e-02   2.3029740e-01   2.2975070e-01  -5.0224965e-03  -8.4925777e-02  -1.8539122e-01  -5.5212511e-01   1.9917242e-01  -6.1426018e-01  -2.7934803e-01   1.3472102e-01  -2.6736453e-02  -3.7321587e-01  -1.7847778e-01   5.0445557e-02  -5.9851226e-01   3.1179096e-02  -1.8480774e-01  -2.9296872e-01   7.1950980e-01  -1.0549938e-01   1.5964124e-01  -3.0170115e-01  -7.4731197e-02  -1.4284169e-01   4.5123466e-01   4.9784264e-01  -7.7184388e-02  -2.1815029e-01  -3.8593657e-01  -3.7900141e-01   4.2322140e-02  -1.9098072e-01   2.4683417e-01   5.8316202e-02   3.3384964e-01   6.9940474e-01  -2.4507726e-01   4.0906984e-01   5.0786187e-02  -2.3723837e-02  -3.7427663e-01  -8.9760340e-02  -1.9434730e-01  -3.8175642e-02  -3.9268876e-02  -2.8798858e-01  -2.9848712e-01  -4.6156287e-01  -4.3785678e-01   2.2219755e-01   1.8558012e-01  -7.6681036e-02   2.0526040e-01  -1.5213956e-01  -5.5890682e-01  -1.1994955e-01   5.3740977e-01   5.7543681e-01  -3.9472812e-01  -2.1160971e-01  -1.6074253e-01   5.1930199e-02  -6.3839432e-01   1.5585724e-01  -1.4205206e-01   3.3589095e-01  -4.6640382e-01  -4.7671029e-02   5.6801422e-01   3.7931663e-01  -2.3058986e-01   1.2136079e-02   4.8275342e-01   4.8918596e-01   4.8814716e-02   1.3432137e-01   5.5064482e-02  -1.0663336e-01  -4.4819171e-02  -1.0850255e-01
   4.8773308e-02   3.2660749e-01   0.0000000e+00  -1.3864951e-01   5.7346897e-01  -1.7007856e-02  -4.1841163e-01  -2.7848955e-01  -8.1623924e-02  -3.6699874e-02  -6.5331609e-01   2.8921848e-01   4.1177009e-01  -3.6753417e-01  -4.3486668e-01   1.8972544e-01   8.3741659e-01  -4.6868404e-01   1.3702877e-01   4.6629357e-01  -6.0653366e-01  -1.5228232e-01  -6.5584860e-01  -1.3919061e-01   7.5194041e-02  -1.3630089e-01   3.8614481e-01  -1.1167913e-01   1.5680060e-01  -5.5225276e-01  -2.7867159e-01  -2.7870832e-01   9.0168601e-02  -3.7695923e-01  -2.7516879e-01   2.3054310e-02  -3.7964933e-01   3.6503797e-01   1.9766214e-01   6.6239945e-01  -1.3375096e-02   1.8551149e-01  -3.8672606e-02  -3.1954271e-01  -3.3558753e-01   4.9769981e-01  -3.6375092e-01  -3.6023678e-01   3.6585109e-02   6.7407430e-01  -5.6916873e-01  -1.1925865e-01  -2.0319924e-01   5.7266364e-01  -1.0252563e-01  -2.4966547e-01  -2.2239114e-01  -5.0139902e-02  -1.8960603e-01  -4.7895189e-01   6.8440924e-01   8.6422505e-02   5.3770500e-01  -3.4340459e-01  -2.4323464e-01  -5.0914986e-01  -7.9007933e-02   1.1733831e-01  -4.5556704e-01   4.1586590e-01   1.5280520e-01  -2.2576095e-01   1.7069598e-02   3.1988321e-01   3.0279187e-01  -1.2432353e-01   3.7574529e-01  -2.9465835e-01   3.5052494e-01   2.5373068e-01  -2.8184659e-01   1.3912648e-01  -4.7359224e-02  -1.9296472e-01   7.8623586e-01  -7.5375016e-02  -1.1811996e-01  -5.3165623e-02   2.6115304e-01   8.5493204e-02   4.9195561e-01   6.5487275e-01   2.8635535e-01  -1.5776719e-01   5.0384691e-01   6.7826354e-01   2.4253706e-01  -2.8615415e-02   8.9584360e-02  -1.0760535e-01   3.5047754e-01  -6.3882186e-01  -3.6598140e-01  -3.0682169e-01  -6.4355582e-01  -1.0737359e-01   5.9929322e-01  -3.5207221e-01  -3.4503668e-01  -5.7060413e-01   1.4883093e-01  -4.5654872e-01  -2.9149943e-02   1.0373902e-01   3.0398132e-01   3.4725508e-01  -5.2551614e-02   6.8987902e-03   1.1555871e-01  -9.6230429e-02   1.0697942e-01   5.5305125e-01   4.6337599e-01  -3.8308798e-01  -4.7341215e-02  -8.5799299e-02  -3.6676241e-01   4.4258113e-01  -6.7922288e-02   5.5374587e-01   8.5544151e-02  -4.0046250e-01   4.2579515e-01  -4.1611385e-01   2.9286169e-01  -1.5186675e-01   2.5947934e-01  -3.0059927e-01  -2.0609785e-01   7.0515734e-02   1.5082323e-01   4.1518807e-01  -5.5427782e-01   6.4345606e-02  -4.4732624e-01  -4.9412716e-01   4.3327072e-01  -1.9985042e-01  -5.4270581e-01   8.0651034e-03   1.1664581e-01  -3.6926778e-01   5.5096598e-02  -1.9827760e-01   6.4729574e-01  -1.3535376e-01  -2.2954013e-02  -1.8790181e-01   7.3704322e-01  -3.1008870e-01   7.1445583e-02  -4.9135871e-01  -2.9628284e-01  -5.9903749e-01   1.4567313e-01   3.7270150e-01  -1.1557390e-01   1.2822401e-02   9.8436321e-02   4.2798407e-01   4.9315168e-01  -2.0006919e-02  -1.5995598e-01   1.3941802e-01   6.6048541e-02  -2.0960772e-02  -3.0653148e-02
   2.1234815e-01  -2.3566514e-01  -1.3864951e-01   0.0000000e+00  -1.6926956e-02   3.2873416e-01  -1.0406423e-01  -2.1855155e-01  -2.0543299e-01  -1.2972716e-01   4.0488340e-04  -4.9311191e-02   1.0733972e-01   4.3193629e-01   6.5427701e-03   1.1266344e-01  -1.8322003e-01   2.7895783e-01  -1.2694803e-02   5.3411002e-02   2.6693454e-01   7.5244908e-01   1.4007982e-01  -8.0797067e-02   2.1397801e-01  -1.1007729e-01   5.7490592e-02  -1.9849704e-02  -1.2028295e-01   5.2642457e-01  -1.4709529e-01   5.4574324e-01   1.0247963e-01  -2.6866966e-01  -8.0759150e-02  -4.7995756e-02   1.2031691e-01  -8.0001449e-02   2.3132587e-01  -2.4618586e-01   1.9281368e-01   9.1982966e-02  -2.7631566e-01  -5.1457375e-02  -1.0706753e-02   3.7616636e-02   1.8896156e-01  -2.5561638e-01   2.1591768e-01  -3.8567270e-01   2.1054332e-01  -2.1029909e-01  -3.6355190e-01   8.2065626e-02   2.2341733e-01   1.0593441e-01   2.2793137e-01   6.0034261e-01   4.7809546e-01   6.6217031e-02  -2.4021804e-01   1.7957178e-01   6.0732064e-02  -3.3817992e-01  -1.0209146e-01  -2.8484861e-02   3.7942861e-01   3.3409258e-01   3.1377905e-01   4.0614954e-02  -2.7720530e-01   6.7326941e-01  -1.1992766e-02   3.2088248e-01   2.5565544e-01   3.5904101e-01  -1.5444143e-01   2.7349555e-01  -2.2872483e-01   3.7322390e-01   2.7541587e-02   4.7782216e-02  -2.1237663e-01  -9.2818972e-02  -9.0130453e-02   1.9854780e-01   5.1977108e-02   2.3154157e-01  -1.2088670e-01   2.9787408e-01  -1.2815971e-01  -2.4424669e-01  -1.8615462e-01   8.6709079e-02  -6.3392089e-02  -1.3252937e-01   3.1881193e-01  -9.6471160e-02   3.3478657e-01  -1.2514491e-01  -3.2865773e-02  -9.8426361e-02   3.6510849e-01   2.6783361e-01   4.1705387e-01   6.0470867e-01   1.2621906e-01   2.6054079e-01   9.5951991e-02   1.2741688e-01  -3.5867769e-01   5.8213678e-01   6.1045789e-01   2.0740121e-01  -4.2310496e-03  -1.8860268e-01   2.7663400e-01  -1.0216149e-01   9.7167058e-02   5.7225539e-01  -1.1488331e-01  -1.9543527e-01  -2.1703665e-01   1.3862386e-01   3.7136030e-01   4.5435166e-01   4.6145922e-01   3.3051542e-01   6.8356271e-01  -1.0983176e-01  -4.9005185e-01  -3.2492681e-01   6.6102521e-02  -4.3057742e-02   2.2159420e-01  -4.1021196e-01   2.5534406e-02   8.2453581e-02  -8.9920300e-02   1.8202628e-01  -2.1345958e-02  -3.2817407e-01   4.9695570e-02   1.3998806e-01   1.8429591e-01   2.9714708e-01  -2.7730894e-01   6.9489647e-03  -4.5233980e-03  -9.2955874e-02   2.8501497e-01   9.7997379e-02  -1.7466180e-01  -2.0580304e-01  -2.6183636e-01  -1.4553538e-01  -2.4162358e-01   3.9245062e-01  -1.0060186e-01   2.7633552e-01   1.5272603e-02  -1.4594740e-01  -1.4242802e-01   4.2862610e-01   6.3641807e-01  -2.2594002e-01  -2.9896302e-01   2.3133200e-01  -8.6731807e-02  -2.4729410e-01  -1.9894976e-01  -4.3576004e-01   4.6903182e-01   7.4272010e-02  -2.0974475e-02   3.3177936e-01   6.4549394e-01
   3.4706963e-02   5.3767093e-01   5.7346897e-01  -1.6926956e-02   0.0000000e+00  -6.6269767e-02  -2.9883280e-01  -9.1994919e-02   1.0958960e-01  -1.7993523e-01  -6.2278863e-01   3.3300347e-01   3.4703096e-01  -5.3844986e-01  -6.2507613e-01   1.7400758e-02   6.2710710e-01  -2.7033211e-01   2.7233359e-01   7.5306948e-01  -5.2743405e-01  -2.1049314e-01  -5.4927503e-01  -2.5478840e-01   1.0233585e-01  -1.1388265e-01   7.2665587e-01  -4.7373656e-01   4.2982519e-02  -4.9275283e-01  -4.0558100e-01  -3.2791689e-01  -1.0899060e-01  -4.6129110e-01  -4.1164372e-01   5.4823569e-01   7.0559194e-02   1.5211925e-01   2.2019942e-01   5.7902678e-01   2.6009047e-01  -4.4340637e-02   3.0444900e-01  -5.1299162e-01   6.4950456e-02   3.4087300e-01   2.0013264e-03  -1.5107139e-01   3.2351582e-01   5.1386823e-01  -4.5268307e-01  -1.3593086e-01   1.6629711e-01   3.5754675e-01  -3.5933374e-01  -5.1233190e-01  -1.9949236e-01  -2.3010537e-02  -1.7028665e-01  -2.2276436e-01   4.1090205e-01   2.5187704e-01   5.7376016e-01  -2.8888634e-01   4.7991721e-02  -2.8600160e-01   5.0124783e-02   2.1950052e-01  -2.5615707e-01   9.9557377e-03   1.5376234e-01  -7.8389324e-02   2.6531338e-01   2.3127353e-01   2.1621023e-01  -1.3172786e-01   1.7929063e-01  -3.5806658e-01   7.0785230e-01   2.3361576e-01  -5.7250381e-01   5.9176428e-02  -2.7673697e-02  -1.5741069e-01   4.4189521e-01  -7.3090011e-02  -8.7830202e-02  -1.4248089e-01   3.5525175e-01   1.5216127e-02   7.4726078e-01   3.5578481e-01   3.3752255e-01   1.8405953e-01   3.0718978e-01   8.1282586e-01   2.9659470e-01  -2.1232185e-02   3.3639933e-01   1.0539178e-02  -2.1612132e-01  -3.8688393e-01  -4.8263675e-01  -1.3737109e-01  -4.5064037e-01  -1.1738170e-01   3.0259389e-01  -1.4102520e-01  -1.9701702e-01  -3.6063084e-01  -1.2121205e-01  -5.4390998e-01   1.9294916e-01  -1.9725259e-02  -2.5425195e-01   7.2393767e-01  -1.0456342e-02   2.2969801e-01  -3.8297552e-01   2.4374605e-02  -8.2255185e-02   7.5863562e-01   5.0965790e-01  -3.3947325e-01  -5.4439170e-02  -2.9305899e-01  -4.2959909e-01   4.4770300e-01  -3.6048535e-03   2.0198527e-01  -1.4871580e-02  -7.4281163e-02   5.7272818e-01  -5.9079379e-01   3.3392123e-01  -2.5066520e-01   2.1805488e-01  -5.5227657e-01  -2.3127321e-01  -4.2643976e-02   5.9231865e-03   2.6102027e-01  -4.7219802e-01  -4.0325645e-01  -5.2722135e-01  -5.1016049e-01   1.5696224e-01   2.3725216e-01  -2.5265606e-01   1.5272820e-01  -3.8010863e-02  -5.4059761e-01  -1.0067156e-01  -2.9074741e-04   5.3118663e-01  -3.5665143e-01  -2.2276673e-01  -1.4343538e-01   4.1512581e-01  -5.6571430e-01   1.8947352e-01  -4.4965289e-01   1.1261555e-01  -4.1543007e-01   1.9768618e-01   6.1480413e-01  -1.9923991e-02  -1.2173446e-01  -4.2612793e-02   6.4295586e-01   6.4922541e-01  -1.1393102e-01   1.0591959e-01  -2.4597795e-02   2.8864720e-02   1.0997698e-02   8.0789919e-02
  -2.1326254e-01  -1.3433346e-01  -1.7007856e-02   3.2873416e-01  -6.6269767e-02   0.0000000e+00   4.3614730e-01  -1.3991929e-01  -1.8432417e-02   2.2524378e-02   1.1501166e-01   2.6527324e-01   5.3490574e-02   3.4821311e-01   2.2968811e-01   4.8465780e-01  -2.4681209e-02   2.7827774e-01   1.2227502e-01  -1.5895000e-01   2.0757718e-01   3.1388321e-01   2.0165883e-01  -3.2142729e-01  -1.8441037e-01   2.4830755e-01   2.8346321e-01   1.3718135e-01   2.9770826e-01   4.1812672e-01  -1.3069527e-02   1.2090264e-01   1.8418860e-01   1.2882595e-01   1.5740470e-02   3.8554033e-02   5.0139188e-02  -2.6641759e-01   4.7450099e-01   1.5946269e-02   7.2117429e-02   1.2718766e-01  -1.4556168e-01   2.2618007e-01   1.4921472e-01  -7.3068196e-02   2.9572633e-01   2.3791447e-01   3.3626613e-01   5.0584075e-02   2.6223823e-01  -6.1582792e-03  -9.7952803e-02   1.5524614e-01   8.2475472e-02   4.2719735e-01   4.8154374e-01   3.9253917e-01   3.5213561e-01   3.3161743e-01  -1.2064119e-01   1.9071827e-02  -3.2057933e-02  -1.9762708e-01  -1.7387296e-01   3.4338058e-01   7.8966347e-01   1.7793681e-01   2.7626663e-01   3.0475923e-01  -2.8784904e-01   3.0149050e-01  -1.1304094e-01  -4.1320144e-02  -2.4341345e-02  -8.4908707e-02  -2.3990046e-01  -3.5554532e-02  -2.8193044e-01   1.3360179e-01   3.0268676e-01   2.7392634e-03   4.1531053e-02   7.7731119e-02  -5.5844252e-02  -1.9320899e-01  -1.2639856e-01   8.3743655e-03  -7.0114378e-02  -1.2115399e-01  -3.3656641e-01  -3.7459573e-02   3.3714241e-01   3.5539941e-02  -2.0642438e-01  -2.3684545e-01   1.8145763e-01   1.3917666e-01  -1.4107036e-01  -2.9542865e-01  -5.0669098e-02   4.2272323e-02   2.5099872e-01   2.6155078e-02   2.4990588e-01   1.2324465e-01   1.7954454e-01   2.7450540e-01  -1.3695743e-01   3.5269706e-01   1.1066362e-01   2.9451812e-01   2.8354105e-01  -2.1193108e-01   6.4537879e-02  -3.3802279e-01   3.2826954e-01  -3.7906034e-01   3.9442004e-01   3.5512110e-01  -3.3038338e-01  -1.0336459e-01  -1.8435498e-01   9.1284468e-02  -1.6499592e-01   2.0670628e-01   4.6663225e-01  -2.7335686e-02   1.6410989e-01   2.8504393e-01  -3.5884584e-02  -1.0455928e-01  -1.4518267e-01   1.9203700e-01   3.3343573e-01  -2.8211865e-01   7.3695583e-02   1.5131051e-01  -1.7733756e-01  -5.6938030e-02  -1.2200462e-01  -7.0752564e-02  -9.7882209e-02   5.4799967e-01   2.1153099e-01   3.0210562e-02  -3.0020456e-02   1.1673378e-01   3.5409065e-01  -2.6283348e-01   3.0088047e-02   2.5613588e-02  -5.4959419e-02  -3.4016417e-02   2.6706995e-01  -2.4581305e-01  -2.3550207e-01   3.2785987e-01   1.0545042e-03   2.5370731e-01   1.3734734e-02  -1.7520726e-01  -6.8796128e-03   1.4649910e-01   2.9202441e-01  -3.9797037e-01   1.4736781e-01   3.7074351e-01  -2.2695037e-01  -5.1921176e-02  -3.0882490e-01  -2.9344254e-01   1.1964765e-01   7.4200456e-01   3.1707826e-02   1.4251139e-01   1.8795887e-01
  -5.3532813e-01   5.8374915e-02  -4.1841163e-01  -1.0406423e-01  -2.9883280e-01   4.3614730e-01   0.0000000e+00   4.5915420e-02   2.0676193e-01   8.3372211e-02   4.6289851e-01   3.3548613e-01  -3.6229674e-01   2.0720611e-01   6.1050071e-01   2.0433153e-01  -4.2931150e-01   3.7062816e-01  -4.8687310e-02  -3.2081443e-01   3.2192596e-01  -1.0144828e-01   4.7301332e-01  -3.4347557e-01  -2.7628022e-01  -7.6564191e-03  -1.3703787e-02   8.0074865e-02  -1.0574136e-01   3.9691174e-01   2.6812067e-01  -2.0717748e-01   7.9144770e-02   6.4371759e-01   3.5719638e-01   1.5550527e-01   2.7923030e-01  -3.3283291e-01   2.1811245e-01  -2.3561818e-01   8.6987821e-03  -1.2849306e-02   3.7762850e-01   1.8694277e-01   4.7886486e-01  -3.2874875e-01   3.4792131e-01   7.6062255e-01   1.7995501e-01  -2.2300234e-01   4.2275246e-01  -6.3326143e-02   2.8048602e-01  -3.9610329e-01  -1.1693311e-01   3.2085224e-01   3.1475429e-02  -1.3648123e-01  -3.0934226e-02   6.9829668e-01  -4.1416973e-01  -8.0078596e-03  -2.4678661e-01   1.6961963e-01   1.8225219e-01   6.7405425e-01   3.5689059e-01  -1.0492436e-01   5.5154082e-02  -1.8457950e-02   2.3923722e-02   1.2052980e-02   9.7422254e-02  -5.5124655e-01  -2.2208049e-01  -1.5493054e-01  -3.4378939e-01  -2.3709175e-01  -1.9123587e-01  -1.4072551e-01   4.7011907e-01   1.5452342e-01   4.0441206e-01   1.8156758e-02  -3.2633074e-01  -2.2029862e-01   1.5182871e-01  -2.4446567e-01  -1.0552945e-01  -5.1494614e-01  -4.4052232e-01  -3.6740709e-01   3.8536181e-01   2.3437650e-01  -3.5075920e-01  -5.8671990e-01  -3.1126914e-01   6.9576681e-03  -7.7086295e-02   6.1038903e-02  -2.3764735e-01   4.2843562e-01   1.4817554e-01   8.4144383e-02   2.7550859e-01  -1.8941214e-01  -2.3573756e-01   8.1049743e-02   8.2724287e-02   4.3956513e-01   4.2669555e-01   5.8702275e-02  -8.4393986e-02  -6.2787392e-01  -2.0151919e-01  -2.5089800e-01  -6.3990001e-02  -1.2447365e-01   8.1769242e-02  -1.0435718e-01  -4.2010230e-01  -2.6456967e-01  -2.2431459e-01   3.3225130e-01  -4.2799863e-01  -1.4496126e-01   4.2710250e-01  -4.2646746e-01  -1.6862558e-01  -5.1390567e-02   8.3954968e-02   5.0656266e-01  -3.4205702e-01   4.8603081e-01   1.0711458e-01  -8.0658515e-03  -3.0714026e-01   1.0062854e-01   9.1527806e-02  -4.1124582e-01  -3.7444818e-01  -3.4249368e-01   1.4141897e-01   3.1085407e-01   4.9987902e-01   2.3730443e-01   2.2446667e-01   6.5653779e-02   6.0543049e-01  -5.1474194e-02  -3.9441289e-01  -4.3110186e-03  -3.0199143e-01   3.1415238e-01   5.0302354e-02  -2.1605830e-01  -2.4205900e-01  -2.1787097e-02  -4.6002253e-01   2.1985919e-01  -1.9903933e-01   1.7563488e-01   3.5501514e-01   1.5446377e-01  -2.9670542e-01  -2.2477516e-01   5.6759674e-01  -9.3308665e-02  -3.8584881e-01  -8.3174407e-02  -2.5254049e-01  -5.3782452e-02   6.3068644e-02   2.9388521e-01  -7.3507748e-02  -5.0189846e-02  -1.7451455e-01
  -8.9210056e-02  -1.2410120e-01  -2.7848955e-01  -2.1855155e-01  -9.1994919e-02  -1.3991929e-01   4.5915420e-02   0.0000000e+00  -7.5962399e-02  -4.2188251e-02   2.3126872e-01  -1.3404599e-02   5.3450206e-02  -9.6111226e-02   1.7060083e-02  -5.8667503e-02  -2.2603249e-01   2.6777162e-01  -1.8985521e-02  -1.0421357e-02   5.7194039e-02  -2.0646190e-01   2.8320169e-01   9.7847128e-02  -1.0751082e-01   6.0547829e-01  -6.1297963e-02  -1.3470420e-01   2.3735601e-02   2.3357656e-02  -7.4730664e-02   1.2520801e-01  -9.8940218e-02   9.5726866e-02  -4.9684397e-02   1.1635946e-01   1.0670158e-01  -2.7447478e-01  -5.6525056e-02  -1.4491754e-01   1.9379529e-01  -2.4965886e-01  -3.2930895e-02   1.6332653e-01   3.8942642e-01  -2.5028907e-01   1.7619673e-01  -3.7163318e-03   1.1929401e-01  -9.5981700e-02   3.5761921e-01   6.1466843e-01   1.9402378e-01  -8.8415131e-02  -3.1659630e-02   6.6086679e-02   1.8319365e-01  -1.4236592e-01  -3.4425698e-02   2.1782189e-01  -1.1538294e-01   5.4622228e-02  -1.7016865e-01   2.0562475e-01   6.1968112e-02   2.5718654e-01  -1.3277782e-01  -1.5395995e-01   3.3011988e-01  -4.5814645e-01  -1.2694397e-01   8.6135923e-02  -4.8006617e-04  -1.9029667e-01  -2.1709665e-01  -1.7170325e-01  -1.9508606e-01   1.1269757e-02   2.1569279e-02  -1.5262385e-01  -1.3851578e-01  -2.7633491e-01   7.8338677e-02   7.2713655e-01  -2.4390619e-01  -1.9021362e-01   3.6560114e-02  -1.2774168e-01  -2.8630578e-01  -1.1450714e-01   1.0092421e-01  -4.8430670e-02  -9.7215663e-02  -2.6258215e-03  -2.5648635e-01  -6.6971044e-02   2.0036386e-02   1.0825888e-01  -1.6541351e-02  -1.1532701e-01  -2.5250126e-01   5.8071645e-01  -7.9282858e-02   9.8136063e-02   3.0133702e-01  -5.6210716e-02  -2.3767288e-01   3.2930913e-01   1.9940795e-01   2.5769591e-01  -9.9497853e-02  -5.4033604e-02  -9.7015451e-02  -1.6748091e-03  -2.0390474e-01   3.1539649e-02  -6.4416305e-02   8.7464259e-02  -1.8370257e-01  -1.0615052e-02   4.4431268e-02  -3.5443603e-02  -1.2053441e-01   4.3656604e-02  -6.4413539e-02  -2.5170587e-01   7.4322159e-02  -8.2262564e-02  -8.3007106e-02  -3.7200263e-01   1.1948990e-01   1.3754653e-01  -1.2255742e-01  -3.4319386e-02  -2.0369900e-01   1.8125785e-01   5.9510460e-02  -1.2525176e-01  -6.6753642e-02  -9.2909106e-02   4.1229667e-02  -5.1495654e-03   3.5410497e-01  -1.7620572e-01   3.9584660e-02  -8.5906544e-02  -2.2657806e-01   2.0839677e-01   3.6603310e-01  -1.2554179e-01  -1.9520272e-02   2.4478310e-01   2.5610992e-02  -1.6654551e-02  -1.6574606e-01  -8.2392215e-02   1.3685810e-01   4.3336480e-02  -1.6832385e-01  -1.5311789e-01   8.6715116e-02   3.6929606e-01  -3.0505494e-02   2.2389483e-01  -1.1476161e-01   6.9728206e-02   3.4716416e-02   3.0754059e-02  -6.0389006e-02   1.1504242e-01   1.7372884e-01   1.8403458e-02   3.5752360e-02  -1.1807275e-01   7.2902757e-03  -9.8063747e-02  -1.3102430e-01
  -4.5423301e-02   6.4412087e-01  -8.1623924e-02  -2.0543299e-01   1.0958960e-01  -1.8432417e-02   2.0676193e-01  -7.5962399e-02   0.0000000e+00  -1.4899089e-01  -1.4191831e-01   3.2926743e-01  -2.3327149e-01  -8.1510451e-02  -9.2209333e-02  -1.1079548e-01   8.6180327e-02  -1.5055329e-01   2.5730623e-02  -1.5461109e-01  -7.2285722e-02  -2.3328961e-01  -2.8480732e-01  -2.8990542e-01  -1.1878977e-01   2.7749807e-02   4.7401038e-02  -2.4368533e-01   1.4855487e-01  -5.7689248e-02   2.0415514e-01  -4.1274934e-01   5.8782251e-02   6.6245642e-02  -1.3185543e-01   1.7298055e-01   2.6070392e-01  -2.6649463e-01   1.7004121e-01   1.0340974e-01   1.2483073e-02   3.0112515e-02   5.0376614e-01  -2.6880282e-02   3.3354457e-01  -1.8671119e-01  -1.1399921e-01   4.4381518e-01   1.2236390e-01   1.2689195e-01  -1.4222122e-01  -2.8755813e-02   5.1342420e-01   2.5756930e-02  -1.0922134e-01  -9.7231784e-03  -7.1815383e-03  -1.1632751e-01  -5.9811240e-02   2.7306192e-01  -1.4369191e-01  -5.8405153e-02   2.1504936e-01   4.8471714e-01   5.2992085e-01   5.5289084e-03   6.9155216e-02   2.3484599e-01  -1.1450096e-01  -1.1532782e-01   1.1062011e-01  -1.1937699e-01   3.6918002e-01  -1.3678509e-01  -9.9379917e-02  -7.6239674e-02  -1.1429314e-01  -1.7468978e-02   4.5602854e-01   3.4545176e-02  -1.6175924e-01   1.7996169e-01   2.3434742e-01  -7.3036014e-02  -3.9621169e-02  -3.2702569e-01   8.5206324e-02  -2.4401318e-01   3.7692041e-01  -3.1112478e-01   2.7175304e-02  -9.8149345e-03   2.3776883e-01   5.1758783e-01  -6.3261183e-02  -8.3303053e-02  -5.7061235e-02   2.2644498e-01   3.4049880e-02   6.2941138e-02  -1.8256587e-01   2.0641272e-01  -2.5604507e-01   3.3789272e-01  -3.2028157e-01  -2.6867459e-01   7.2706582e-04   8.4791651e-02  -2.0578231e-01   6.9902605e-02   7.9779343e-02  -3.2203717e-01   8.5376118e-02  -2.1663670e-01  -3.7582519e-01   4.0411160e-01   3.0262714e-02  -3.6977901e-02  -1.9876754e-01   4.0835493e-02  -1.8407627e-01   1.4085224e-01   2.1950730e-01   1.6659072e-01  -2.7224696e-01  -2.8560122e-01  -1.9572063e-01  -1.3727803e-01  -2.5930643e-01   1.0274755e-02   1.6083703e-01   4.9434671e-01   3.2357482e-01   4.7618739e-02   2.4702224e-01   1.4218496e-01  -8.3794037e-02  -1.2273394e-01   1.3289331e-02  -1.4403306e-01   8.3234405e-02  -2.0452077e-01  -3.5531536e-02  -2.3602418e-01  -1.9501384e-01  -1.3909898e-01  -4.8755544e-02   9.0260916e-02   1.3232763e-01   2.8664809e-01  -3.2290034e-01  -2.2966125e-01   2.7771211e-02   7.0851434e-01   3.1280977e-01  -2.4345357e-01  -7.3772137e-02  -6.1256368e-02  -1.5497141e-01  -3.3932999e-01   3.3685973e-01   1.7766490e-01   3.5628459e-01  -1.5992923e-01  -1.0648970e-01   2.9905221e-01   4.0173719e-01  -2.8951379e-01   1.3771543e-01   1.4438894e-01   1.0751188e-01   8.2594464e-02   1.8378970e-01   1.1277069e-02  -1.9612050e-01   2.0844535e-01  -1.2647984e-01
   6.7050806e-02  -2.6516819e-01  -3.6699874e-02  -1.2972716e-01  -1.7993523e-01   2.2524378e-02   8.3372211e-02  -4.2188251e-02  -1.4899089e-01   0.0000000e+00   2.6668536e-02  -2.4941800e-01  -1.1853453e-01  -1.0921872e-01   1.3953908e-01  -1.2214564e-01  -8.7124085e-02  -1.2838010e-01  -1.5533405e-01  -8.8917331e-04   1.5517568e-01  -1.3225159e-01   1.7823856e-01   1.3730886e-01  -1.2317068e-01  -3.9657639e-02  -9.4164011e-02   1.0634298e-01   2.8499006e-02  -6.9826747e-02   7.9718582e-02  -6.4044163e-02  -1.6261431e-01   3.3464231e-01   1.7275399e-01  -9.9493154e-02   9.3515238e-02   5.2652011e-02  -2.6460400e-01   6.3149226e-02  -7.0609133e-02   4.0324293e-02  -1.0911151e-01   3.9785597e-02  -3.5802843e-01  -2.8847870e-02  -7.9243556e-02  -2.9326525e-02  -2.6404632e-01  -3.2691078e-02  -8.2422850e-02   1.1558340e-01  -6.8155755e-03   5.3628423e-02  -1.3132124e-01   3.1463843e-02  -1.4485762e-01   5.8657773e-02  -2.5273949e-01   4.5313599e-02   2.4821681e-02  -1.0839771e-01  -1.9638563e-01  -8.9812979e-03  -2.2774656e-01   2.5274543e-01  -4.0258315e-02  -9.3169771e-02   1.3377288e-02  -1.8064030e-02   1.9115740e-01  -2.7900403e-01  -2.0899180e-01  -9.9812092e-02   7.4653588e-02  -5.0935467e-03  -1.3697317e-01   2.1226501e-02  -2.1936183e-01  -3.2453749e-01   1.6668600e-01  -9.1258045e-02   1.5063943e-01   5.2069516e-02   4.7737342e-02  -2.0911352e-02   1.8631635e-02   9.5211595e-02  -1.0994847e-01   9.0078466e-02  -1.2905566e-02  -1.9014547e-02   3.0913324e-02  -1.4908932e-01   6.2108078e-03  -3.2661006e-02  -1.7227275e-01   1.2464998e-02  -3.1627605e-01   2.7674125e-01   1.2806375e-02  -3.0196282e-02  -5.4719098e-02  -9.7688452e-02  -3.3112740e-02  -1.4172524e-01   1.9717070e-02  -1.3399759e-01   3.6735226e-01  -5.0601117e-02   3.0668688e-01  -7.3304098e-02  -1.2677846e-01  -3.5459169e-02   3.0179505e-01  -2.4926028e-01  -4.3058618e-02  -2.0994882e-02  -1.0034753e-01  -1.4946377e-01  -1.6259474e-02   1.0859116e-01  -8.1719561e-02  -1.0217562e-01  -2.3805271e-03  -3.3496867e-02  -1.3874891e-01   4.4347034e-02  -1.3698731e-01  -1.2293752e-01   4.4721232e-02  -2.1146201e-02  -2.3739838e-01   1.7757233e-01  -2.4028255e-01   5.9968644e-02   5.3294751e-02   5.6720021e-02   1.5360005e-01  -2.0398069e-02   1.5806357e-01   1.6671628e-02   7.3656447e-02  -1.1265414e-02   1.6885611e-01   5.0370038e-02   2.5745183e-01  -1.1576196e-02  -4.3518360e-02   2.8717920e-03   1.0431009e-01   3.8398168e-02   1.2055819e-02  -5.0864709e-02  -6.9258121e-02   2.0641854e-01   1.5145724e-01  -1.7049003e-01   3.9388742e-02   8.1397008e-02  -1.2210298e-01   1.3177650e-01   9.5707994e-02  -1.2263516e-01  -3.8463555e-02  -2.0851725e-01   5.4786651e-02   4.2378107e-02   5.0145808e-02   4.8917529e-02  -8.7553250e-02  -3.4546672e-02  -2.6536375e-01  -1.3846395e-01  -3.6728740e-02  -3.0424718e-02  -2.7509258e-02
  -2.8329759e-01  -4.3355975e-01  -6.5331609e-01   4.0488340e-04  -6.2278863e-01   1.1501166e-01   4.6289851e-01   2.3126872e-01  -1.4191831e-01   2.6668536e-02   0.0000000e+00  -2.7669920e-01  -2.8187036e-01   2.4798621e-01   6.0744638e-01   1.6012469e-01  -6.8581648e-01   5.9064599e-01  -2.4493977e-01  -4.4530938e-01   6.0012582e-01   1.1126138e-01   7.6054383e-01   3.9624796e-02  -1.1081397e-01   1.8122912e-01  -3.3846837e-01   2.0583900e-01  -1.3880976e-01   5.0649114e-01   3.8956940e-01   2.3829318e-01   2.0939073e-02   4.7161471e-01   2.6978415e-01   3.5586862e-02   2.1240177e-01  -3.1028770e-01  -3.1667775e-03  -6.0666526e-01   3.6278067e-02  -1.1853863e-01  -1.0449013e-01   4.3676701e-01   2.2711940e-01  -3.5158504e-01   5.6714729e-01   3.6384244e-01  -6.6079204e-02  -5.5279715e-01   6.4990886e-01   1.8544240e-01   6.4798252e-02  -5.5179184e-01   1.1426681e-01   3.8565630e-01   1.2752732e-01  -1.1545943e-01   1.0250185e-01   3.0644507e-01  -4.9602890e-01  -5.0524137e-02  -5.1827837e-01   2.9700608e-01   1.2764595e-01   5.9486982e-01   4.3152741e-02  -2.3227214e-01   5.0083185e-01  -2.3300820e-01  -7.1002551e-02   1.2953084e-01   1.9648880e-02  -5.4284294e-01  -1.5610039e-01   5.1044797e-02  -3.0447845e-01   2.1870936e-01  -4.6808502e-01  -1.9717043e-01   4.9597233e-01   6.8425352e-02   1.9139918e-01   1.4902439e-01  -5.8888654e-01   2.0721075e-01   2.1558493e-01  -1.8591023e-02  -3.1091069e-01  -2.8982857e-01  -5.3098148e-01  -5.6655383e-01  -1.8143002e-01  -1.5323149e-01  -4.4885033e-01  -6.8064134e-01  -3.4130633e-01   2.1435551e-03  -5.1317026e-02   7.9482402e-02  -2.3374309e-01   5.2613020e-01   4.0177096e-01   2.0751991e-01   6.2346135e-01   1.0190347e-01  -4.6143378e-01   3.5579661e-01   2.9900381e-01   5.4895422e-01   6.0601032e-02   4.1260945e-01  -1.4531988e-01  -3.2820900e-01  -1.8866824e-01  -4.5730217e-01  -8.4903874e-02  -9.1238366e-02   4.7192184e-02  -1.9414335e-01  -9.5876077e-02  -5.0104521e-01  -4.9581160e-01   5.1462216e-01  -7.5661943e-02  -5.9044041e-02   4.5409420e-01  -4.2872855e-01   4.0757131e-02  -3.8739891e-01   8.7305297e-02   3.9994411e-01  -5.7534205e-01   5.5405774e-01  -3.5186388e-01   1.9568948e-01  -3.7560828e-01   4.1028259e-01   2.8805064e-01  -1.8894684e-01  -2.5216108e-01  -2.2675368e-01   5.5851481e-01   1.8920484e-01   6.3725794e-01   5.0679774e-01  -2.2045350e-01   1.1524652e-01   5.5529124e-01  -4.7688678e-02  -2.1166975e-01   4.3926153e-01  -2.2313719e-01   1.9291961e-01  -5.6730238e-01   7.1312250e-03  -4.3248085e-02   9.8076948e-02  -5.5407595e-01   4.4842279e-01  -2.8971760e-01   5.7722356e-01   1.1776895e-01   5.7527443e-01  -1.9292454e-01  -4.7408995e-01   2.1717270e-01  -3.2789226e-02  -4.1328232e-01  -3.1952941e-01  -4.7150728e-01   3.9047995e-02   1.1266678e-01  -6.6981283e-02  -5.9195168e-02  -4.9758461e-02  -4.2129371e-02
  -2.7164989e-01   6.1304369e-01   2.8921848e-01  -4.9311191e-02   3.3300347e-01   2.6527324e-01   3.3548613e-01  -1.3404599e-02   3.2926743e-01  -2.4941800e-01  -2.7669920e-01   0.0000000e+00   7.6367106e-02  -1.3143035e-01  -7.0014181e-02   6.3905214e-02   2.8588335e-01  -1.4535092e-01  -7.4774091e-05   1.4380759e-01  -2.9726799e-01  -1.6036221e-01  -3.5513919e-01  -2.5216881e-01   1.3668184e-01  -5.6039687e-02   3.8493401e-01  -2.7848213e-01   6.8705450e-02  -6.0960007e-03  -1.5235341e-01  -3.1973430e-01  -3.6522476e-04  -8.4998773e-02  -2.2675403e-01   2.2430667e-01   2.8480476e-02  -2.4500503e-01   3.2851804e-01   2.1710438e-01   8.5251977e-02  -1.4002460e-01   3.0909112e-01  -4.0530605e-01   3.9144403e-01   1.4823425e-01   1.0176969e-02   2.1822193e-01   2.2468597e-01   2.5151742e-01  -2.1619444e-01  -1.1222623e-01   1.3693962e-01   8.6464995e-02  -2.1357747e-01  -1.9998108e-01  -9.8881242e-02  -6.5366819e-02  -5.3327509e-03   3.2490132e-01  -6.8232093e-02  -7.4898509e-02   5.3761744e-01  -8.8087968e-02   2.1732280e-01   3.5463942e-02   2.3061240e-01   7.5893699e-02  -3.3471365e-01   2.2499819e-01   9.0368554e-03   1.3010698e-02   1.0128034e-01   2.5360026e-02  -1.0993466e-01  -2.7119652e-01  -1.9482640e-01  -5.0414297e-01   3.8785353e-01   1.8480088e-01  -2.3309285e-01   2.7109216e-01   2.2245696e-02  -8.3538534e-02   3.5757170e-01  -3.5265023e-01  -3.0859993e-02  -2.3872724e-01   2.6477054e-01  -2.4035656e-01   1.1179124e-01   8.4543178e-02   6.5664760e-01   3.9194604e-01  -1.1612781e-01   7.7279169e-02   2.6992455e-02   1.6782590e-01   1.8879100e-01  -2.3434845e-01  -9.5975463e-02  -3.2288948e-02  -3.4654697e-01   2.1606070e-01  -3.0285491e-01  -7.0006737e-02   2.2492777e-01   3.9287963e-02  -4.6263105e-01   3.8849300e-02   8.6913843e-02  -3.7246629e-01   1.8471807e-01  -2.7215608e-01  -2.4183696e-01   3.4482268e-01  -1.6296575e-01  -1.7316260e-01  -5.0508158e-02   7.5289478e-02  -2.8537286e-01   2.5615460e-01   2.5878899e-01  -8.6982455e-03  -2.5711400e-01  -1.7774659e-01   1.0631211e-01  -9.6738827e-02  -4.8722043e-03   4.7990779e-01  -6.1762858e-02   7.1422254e-02   4.5614044e-01  -1.1884040e-01   6.4140313e-01  -1.3827078e-01  -8.9782555e-02  -2.7423387e-01  -2.5733418e-01  -2.0430404e-01  -1.2731964e-01  -6.5960675e-04  -2.9721078e-01   7.1104050e-02  -8.0696022e-02  -4.1144117e-01   2.4696833e-01   2.0275886e-01   1.6956330e-01   3.1093275e-02  -1.1592641e-01  -4.8377106e-01  -1.3449143e-01   2.1425560e-01   5.8809750e-01  -3.8606295e-01  -3.3402335e-01  -3.2010378e-02   3.7335545e-02  -3.9037782e-01   9.5214153e-03  -2.5255213e-01   1.6567172e-01  -2.4248085e-01  -2.3285705e-02   2.4847043e-01   4.0803437e-01  -5.4539694e-02  -1.7830588e-01   2.8092765e-01   3.8976652e-01  -1.0792951e-01   2.0510508e-01   3.7788984e-01  -3.7874919e-02  -8.6735800e-02  -9.0185524e-02
  -2.4320167e-02  -4.6293870e-02   4.1177009e-01   1.0733972e-01   3.4703096e-01   5.3490574e-02  -3.6229674e-01   5.3450206e-02  -2.3327149e-01  -1.1853453e-01  -2.8187036e-01   7.6367106e-02   0.0000000e+00  -2.2088283e-01  -2.7659610e-01   5.6570511e-02   3.3590764e-01  -1.4266582e-01   2.9501676e-02   3.8091830e-01  -2.6676797e-01   7.7863467e-02  -2.1265204e-01  -3.2264393e-02   2.9322880e-02   8.8202232e-02   4.0144852e-01  -1.3599363e-01   8.2276013e-02  -2.2751620e-01  -3.3501422e-01   6.6516511e-03  -9.8484739e-02  -4.3898136e-01  -1.0165494e-01   4.8608608e-02  -8.7992114e-02   1.7178148e-01   6.3359084e-02   3.3598109e-01   4.0933906e-01  -5.0065248e-03  -2.5229000e-01  -1.8978840e-01  -4.4281407e-02   2.2607560e-01  -7.3192095e-02  -3.5690250e-01   1.2563132e-01   2.2892992e-01  -2.0386207e-01   4.2530434e-02  -1.9941972e-01   2.4916991e-01  -5.7003240e-02  -2.1198624e-01   9.4298777e-02   1.5190381e-01  -6.2327299e-03  -1.4800625e-01   3.0796092e-01   1.3271195e-01   3.6214804e-01  -2.7659134e-01  -1.9551804e-01  -3.4414395e-01   1.1082059e-01   1.0233363e-01  -1.0431017e-01   1.7922060e-01  -8.3975052e-02   4.1418585e-02   1.2047425e-02   1.5797416e-01   3.5430662e-01  -1.2360369e-01  -4.7132965e-02  -1.0499414e-01   7.2260611e-02   3.1466271e-01  -2.8477124e-01  -1.1236344e-01  -1.5045996e-01   2.2940792e-02   2.1442604e-01   5.6444379e-02  -1.8618975e-02   7.8820861e-04   1.2210947e-02   6.9223984e-02   3.1182578e-01   2.5576739e-01  -4.3235460e-02  -3.1696720e-03   1.5403466e-01   4.8474602e-01   3.8148666e-01  -1.3156253e-01   4.8951500e-02  -8.0729179e-02  -5.8511051e-02  -2.2979441e-01  -2.0032333e-01  -1.0494040e-01  -1.4894153e-01   5.4081884e-02   2.8553308e-01  -8.2395398e-02  -2.6697603e-02  -3.6074527e-01  -1.3973007e-01  -1.4221119e-01   2.2695848e-01   1.1635502e-01  -7.3867104e-03   1.5426094e-01   1.1028059e-01   1.9332910e-01  -1.0481290e-01   1.8157537e-01  -1.2126100e-02   1.4099685e-01   2.6391623e-01  -1.1188901e-01  -1.0489330e-02  -1.2709191e-02  -5.9537963e-02   3.0030825e-01   1.5244577e-01   1.8357609e-01   4.9934647e-02  -3.0557550e-01   2.4767528e-01  -2.8364435e-01   2.3573909e-01  -2.6219633e-01   1.9757666e-01  -2.3833344e-01  -2.3703849e-01  -1.6965514e-02   6.8760781e-03   3.6226010e-01  -1.8962863e-01  -1.3013731e-01  -2.0827717e-01  -2.5545371e-01  -6.0514749e-02  -1.1848766e-01  -3.6070934e-01   7.7068424e-02   1.5817105e-01  -1.4495432e-01  -3.4873141e-02  -2.0973787e-01   1.5847470e-01  -1.0532327e-01  -1.6451048e-01   1.3201624e-01   3.7699699e-01  -1.7378328e-01   1.2895998e-01  -2.6117952e-01  -3.3895279e-01  -1.6310384e-01   2.9805939e-01   2.2452087e-01  -1.9593616e-01   1.2587920e-01  -4.5372240e-02   1.6988074e-01   2.1648908e-01  -7.5688024e-02   2.0506938e-02  -5.0836134e-02   5.7111261e-02   1.4159083e-03   1.8384306e-01
   5.0281785e-02  -3.4088233e-01  -3.6753417e-01   4.3193629e-01  -5.3844986e-01   3.4821311e-01   2.0720611e-01  -9.6111226e-02  -8.1510451e-02  -1.0921872e-01   2.4798621e-01  -1.3143035e-01  -2.2088283e-01   0.0000000e+00   3.2085397e-01   6.8655435e-02  -3.4237742e-01   1.9799068e-01  -1.0303354e-01  -5.6203380e-01   2.9482943e-01   5.4304331e-01   3.0688860e-01   3.6388189e-02   3.3552560e-02   1.9160813e-02  -4.4110417e-01   3.1507899e-01  -6.8927912e-02   6.1316722e-01   2.5490079e-01   3.9519443e-01   3.4763166e-01   3.5975192e-02   2.2121504e-01  -4.7307191e-01  -2.2011657e-01  -1.2822652e-01   7.2025641e-02  -3.3743244e-01  -2.5927840e-01   2.1042051e-01  -3.3160092e-01   3.7972720e-01   3.4432285e-02  -2.7409299e-01   1.0525574e-03   8.6732022e-02   3.8747845e-02  -3.2735919e-01   2.6851782e-01  -8.9015247e-02  -2.6622804e-01  -8.0506204e-02   4.8083028e-01   4.0435438e-01   3.0566531e-01   2.5518077e-01   3.2418332e-01   2.3078382e-01  -2.6663660e-01  -7.2870972e-02  -3.3726783e-01   1.1900807e-01  -1.1522662e-01   3.7554653e-02   2.8236964e-01  -2.4072008e-02   3.1027813e-01   1.0297133e-01  -2.5938600e-01   3.4660846e-01  -2.5189041e-01   4.1256013e-02  -1.4638351e-01   2.0017032e-01  -7.5585096e-03   2.1567743e-01  -5.7291879e-01  -1.2988842e-02   4.4289025e-01  -4.7046392e-03  -9.3959750e-02   5.0610651e-02  -2.2689066e-01  -1.1187882e-01   1.6964754e-01   1.9523650e-01  -1.4425195e-01   1.3882733e-01  -5.2730296e-01  -2.0736940e-01  -2.4759381e-01  -8.3973161e-02  -1.5221947e-01  -5.8488476e-01   5.8585957e-02  -7.9275443e-02  -1.6377118e-01  -2.6117350e-01   2.7796004e-01   2.1132646e-01   5.6557742e-01   3.4474099e-01   4.3498796e-01   2.1606452e-01  -6.6429928e-02   9.3763247e-02   3.0390030e-02   2.2418619e-01  -1.0181205e-01   6.4597618e-01   5.9758584e-02   1.9221581e-01   1.8979127e-01  -5.1410974e-01   2.1439268e-01  -3.4084497e-01   4.9606027e-01   2.3890633e-01   8.7512910e-02  -6.0312074e-01  -3.6118979e-01   2.6969757e-01   2.1348712e-01   5.0002805e-01   5.3658625e-01  -1.6088087e-01   2.0638515e-01  -1.3011080e-02  -8.7661605e-02  -1.8668024e-01  -2.8942112e-01   2.9912703e-01   1.7801606e-02  -1.1443851e-01   8.4043858e-02   4.6538566e-01  -1.0823215e-01   2.0381398e-01  -3.2496383e-02  -3.0855328e-01   2.0613981e-01   4.3376838e-01   3.5225698e-01   4.1951094e-01  -2.7823454e-01  -2.5750431e-01   8.7063109e-02  -2.9276169e-01   1.8086226e-01   4.3381955e-01   1.9426824e-01  -1.6647329e-01  -2.5776419e-01   1.4278189e-01   1.1144742e-01   1.8760221e-01  -2.0392855e-01   4.7224789e-01  -6.2588377e-02   1.4139687e-01  -3.1384654e-01   3.9680999e-01   1.4059778e-01  -5.7244553e-01  -2.4707388e-01   2.5914027e-01   4.8506677e-02  -5.1321121e-01  -6.1353152e-01  -8.3769759e-02  -7.3021468e-03   3.2435224e-01   5.3671785e-02   1.8701697e-01   1.3097611e-01
