   0.0000000e+00  -1.9799842e-01   6.2583667e-02   9.5649217e-02  -4.5040038e-01  -2.3402185e-01  -4.6217941e-01   3.0980860e-01   1.1514647e-01  -3.5699824e-01  -3.7296776e-01  -2.6037301e-01  -3.9512720e-01   4.9139611e-01  -4.9106666e-01  -5.2124920e-01   1.5446450e-01  -5.5307213e-01   4.1718437e-01  -3.5055519e-01  -2.2249280e-01  -2.0658552e-02  -3.4409353e-01   9.2468599e-01  -5.0166432e-02   4.6069551e-01  -3.8585683e-01   3.2526244e-01   1.0709527e-01  -1.0071337e-01  -4.1946733e-01   1.1317884e-01  -2.2044246e-01  -5.6557874e-01  -1.8186263e-01  -5.5892139e-01  -3.9982594e-01   5.1939909e-01  -5.6661564e-01  -3.1301916e-01  -4.1797834e-01  -5.7928868e-02   1.4341543e-01   1.8996471e-01  -5.2774084e-01   7.7969674e-01  -4.6981309e-01  -4.9270936e-01  -3.1035785e-01  -2.7637168e-01  -3.7027180e-01   3.7624223e-01  -5.5069611e-01  -1.0063047e-01   5.7105266e-01   1.5992846e-02   4.4628378e-01   1.4362614e-01  -3.8778720e-01  -8.5245662e-02   1.4214194e-01  -3.0578275e-01   2.2116942e-01  -3.6116667e-01  -2.7339223e-01  -2.8821531e-01  -1.4853846e-01   5.7591002e-02  -2.6804076e-01   4.1254560e-01  -4.2988344e-01  -1.5494494e-01  -5.2617127e-01   6.8096191e-01   9.8710481e-02   2.3895227e-01   1.0677572e-01   2.7150103e-01  -6.7818849e-01  -3.4749611e-01   1.5964308e-01  -5.6295653e-01  -2.8078829e-01   4.2846042e-01   6.4669219e-01   1.1108038e-01  -5.2968579e-01   8.2207832e-01  -1.1388794e-01   8.1946164e-01  -3.7171801e-01   4.1431103e-01  -5.4018515e-01   3.1088364e-01   1.3495512e-01  -6.6100829e-02  -2.2341267e-01   3.4385581e-01  -4.4672449e-01  -5.0632874e-01   3.8601369e-01  -5.7533811e-01   2.9159597e-03   2.0269396e-02  -2.1456331e-01   1.9038163e-01   5.0959675e-02   2.1750386e-01  -3.5106918e-01  -5.2424780e-01  -4.8292205e-01   1.3603554e-02   2.2790444e-01   9.3227012e-01   2.6116183e-01  -3.7536074e-01   1.1594887e-01  -5.2490927e-01   4.0689876e-01  -9.0930031e-02   7.2803740e-01  -3.7549046e-01   3.5085888e-02  -3.3677878e-01   8.4669563e-01   1.1353381e-01  -3.8715120e-01  -1.1448774e-01   2.6865856e-01  -6.8234937e-02  -3.6790934e-01  -6.2080279e-01   6.9443373e-01  -4.3041674e-01   3.7714241e-01   1.7301612e-01  -4.2837726e-01  -1.9658148e-02   1.3701486e-01   8.7385329e-01   8.5379240e-01  -1.9522565e-01  -1.0305640e-01   3.5445098e-01  -4.3093357e-01  -3.7853709e-01  -2.3836038e-01  -3.7802355e-01  -5.0940484e-01  -1.5025629e-01   5.6687369e-01   3.1909511e-01   4.6639283e-01  -3.0678859e-01   1.4307468e-01   9.1389844e-01   7.5579887e-01  -4.6809324e-01   3.9869337e-01   3.7781737e-01   1.4125905e-01  -5.2526923e-03  -3.8209790e-01  -3.2131857e-01   3.1968447e-01  -4.9501835e-01  -3.3919040e-01   1.6884532e-01   5.9072942e-01  -4.8069627e-01  -3.4095599e-01   3.8300237e-01  -2.4329114e-01  -1.8737104e-01   1.7257102e-01  -3.5201861e-01   1.6265756e-01
  -1.9799842e-01   0.0000000e+00   4.3040884e-01  -2.6238557e-01   3.9694120e-01  -1.4719804e-01  -5.8460702e-02  -1.7004856e-02   5.9645381e-01   2.1049944e-02  -4.1836865e-01   1.5122912e-01   5.0512743e-02  -4.1230832e-01   4.8306652e-02  -9.8956527e-02   3.4263352e-01  -8.8996742e-02  -2.6622709e-02   3.0669065e-01  -3.8252981e-01  -2.3957524e-01  -3.4904876e-01  -2.3977157e-01  -4.6744550e-02   8.9403753e-02  -1.0929183e-01  -2.3131899e-01  -1.1172157e-01   1.3022017e-01   4.7908864e-02  -2.1315121e-01  -1.0356896e-02   1.6678218e-01   3.1906727e-01  -2.8412482e-02   5.3148421e-02   1.1044793e-01  -7.2878065e-02   7.5432448e-03   8.2733664e-02   1.6712565e-02   3.0372895e-01  -1.6893174e-01   1.4161826e-01  -1.5532131e-02  -2.9757219e-01   9.3199903e-02  -4.4973266e-02   1.1809875e-01  -2.6968588e-01  -8.1535150e-03   4.0671327e-01   3.9062775e-01  -2.6863935e-02  -2.4711510e-01  -2.6718934e-02  -7.7027331e-02  -6.5410554e-02   2.2834582e-01   2.8659848e-01   2.9281055e-01   4.0576284e-01   1.8635583e-01   4.5513523e-01   4.8840307e-01   1.1230195e-01   3.3668111e-01  -3.0408253e-01  -5.9329703e-02   4.3444182e-01  -2.4028170e-01   2.8876092e-01   3.7118985e-02   1.9867448e-01  -2.9006144e-01   1.5667408e-01   1.0002299e-01   3.0941360e-01   7.8356062e-03  -3.9207108e-01   5.5610783e-02  -3.7903444e-02  -1.0231543e-01  -1.0214133e-01  -2.8908723e-01   1.5784557e-01  -9.8346950e-02   4.5822977e-01  -2.7879736e-01   4.8373241e-01   2.2312938e-01   2.8957569e-01   2.5088137e-01   1.5815936e-01   3.9355807e-01   1.6307206e-01   9.5495812e-02   1.6070763e-01  -7.9950516e-02  -2.7313198e-01  -1.6855257e-01  -5.4201662e-01  -5.8684067e-02  -2.1175152e-01   7.8870028e-02   3.6796866e-01   5.2931514e-02  -8.2516374e-02   8.3489161e-02   6.6149756e-02  -4.7179232e-01  -1.0663363e-01  -1.9049100e-01  -3.7057319e-01   5.9150985e-01   2.8239293e-02   2.3923457e-01  -2.2542450e-01  -1.9714691e-01  -1.3670100e-01   2.4246366e-01   3.8915213e-01   1.4307257e-01  -7.7956419e-02  -3.0456617e-01  -4.1208218e-01   2.8076373e-01  -1.3295529e-01  -1.8659915e-02   6.4492946e-03   1.4978776e-01   1.8845598e-01  -2.4427275e-01   6.6958711e-03  -2.3603781e-01   2.6178881e-01  -2.2482853e-01  -1.5450719e-01  -1.3276853e-01  -1.5799445e-01  -2.4427658e-01  -3.6599885e-01  -1.3122719e-01  -1.7433185e-01  -2.7565354e-01   3.5615813e-01   5.6509672e-01   1.9714470e-01   3.4064424e-02  -1.5610634e-02  -2.9444855e-01   1.1611245e-02   3.6964022e-02   4.7393996e-01  -2.1036734e-01  -7.8982254e-02  -8.1554098e-02   2.3695053e-01  -3.4484838e-01   3.5966582e-01  -3.6638147e-01   1.4010571e-01  -2.5017226e-01  -1.9605453e-02   4.6336453e-01  -7.9038061e-02  -1.4309970e-01  -2.7032029e-02   4.9470767e-01   5.9947833e-01  -3.0027850e-02  -1.0714252e-01  -3.7986749e-02   1.4271102e-01   1.0527690e-02  -7.4696962e-02
   6.2583667e-02   4.3040884e-01   0.0000000e+00  -1.6081348e-03   2.7473247e-01   9.5790139e-02  -2.1226257e-01   1.8483915e-01   2.4565737e-01   9.5043526e-03  -5.3379067e-01   1.8651740e-01  -1.9233150e-02  -3.3794096e-01  -5.4658198e-02  -1.7686066e-01   8.5208200e-01  -3.7345240e-01   1.4307889e-01   3.1801364e-01  -3.4200287e-01  -2.6891621e-01  -4.5786040e-01  -3.0041098e-03   6.9233120e-02   1.5265052e-01  -2.0615686e-02  -1.6726834e-02  -1.0402342e-01  -3.0197064e-01  -1.3130117e-01  -7.3159457e-02  -8.9754919e-02  -6.3962380e-02   8.1882511e-02  -1.4240829e-01  -3.5943377e-01   2.4068539e-01  -1.9072998e-01   2.2825077e-01   2.7275903e-02   9.4953614e-02   2.4529682e-01  -1.8295070e-02  -6.4772274e-02   2.6377019e-01  -3.4890803e-01  -2.8487130e-01  -4.1905276e-02   3.3869870e-01  -4.4183801e-01   1.9887288e-01  -2.9232529e-01   5.2203051e-01   9.2596717e-02  -1.1543863e-01   7.6810663e-03   6.6565820e-03  -2.3075573e-01  -1.7243569e-01   4.6413393e-01   9.2223469e-02   2.7205497e-01  -2.1638507e-01  -1.6844851e-01   3.4743875e-01   3.4429675e-01   2.8482647e-01  -2.0049022e-01   4.6393492e-01   3.2331488e-01  -2.2556228e-01   9.2714477e-02   3.8660535e-01   1.5177290e-01   2.5622554e-02   2.0258064e-01   3.1810061e-01  -1.3082256e-01   1.7186289e-02  -1.6871323e-01  -6.5426784e-02  -7.0088887e-02   6.0845264e-03   2.3473142e-01   2.0001150e-02  -4.4119778e-01   1.3797511e-01   4.8420137e-01  -5.4970851e-02   9.0992391e-02   6.1405031e-01   1.8055514e-01   1.8045342e-01   1.4153473e-01   5.0685810e-01   2.3715481e-01   2.6130778e-01   9.7560817e-03  -3.7208832e-01   5.5312426e-02  -3.7389591e-01  -3.7410118e-01  -2.3909146e-01  -2.5476335e-01   2.7256894e-01   6.7152375e-01   2.0630417e-01  -2.5697206e-01  -7.4138592e-02   4.5764895e-02  -4.2554379e-01   1.7624613e-01   9.2599008e-02   1.0246303e-02   1.2762322e-01   1.8763168e-01  -5.5950309e-03   1.9116025e-02  -1.1369583e-01   1.4252018e-01   1.2706402e-01   4.0843338e-01  -2.0194627e-01   1.6048411e-01  -1.9864649e-01  -5.0762065e-01   1.9444582e-01   1.1644864e-01   4.2978410e-01   8.1574760e-02  -2.8308216e-01   2.3151153e-01  -3.1946327e-01   1.2576112e-01   4.7623547e-02   2.1309080e-02  -1.5822616e-01   5.3909869e-02   7.8184602e-02   8.4147812e-02  -6.6548530e-02  -3.2547086e-01   2.6628506e-01  -2.8202086e-01  -4.0008010e-01   4.7092804e-01   3.9046911e-02  -1.6502336e-02  -2.0441648e-01   2.8402619e-01  -1.3340306e-01   3.3740733e-01  -4.3311964e-01   7.0077299e-01   1.0330469e-01   1.4402790e-01  -2.5432680e-01   4.9350376e-01  -4.3868076e-03   2.8420228e-01  -2.1280044e-01   1.3542383e-01  -3.5454292e-01   6.5866811e-02  -1.3190160e-02  -2.5849891e-01  -2.4040675e-01   2.7976769e-01   1.2011359e-01   4.3130679e-01   1.0118881e-02  -3.6069762e-01   1.8870886e-01   2.4323906e-01  -7.3062278e-03   1.7980751e-02
   9.5649217e-02  -2.6238557e-01  -1.6081348e-03   0.0000000e+00  -4.2532106e-01   1.2744875e-01  -9.8815307e-02   3.9925019e-01  -1.2538961e-02  -2.6555666e-01   9.7155008e-02   6.8648242e-02  -3.0194523e-01   1.3703797e-01   6.7347468e-02   7.6722256e-04   1.0117477e-01   1.1274358e-02   4.1329980e-01  -2.7780402e-01  -1.0673790e-01   2.5284200e-01  -7.4568914e-02   6.5049124e-02   2.2077661e-01   4.4392417e-01   7.6064213e-02   2.1129405e-01   2.6443558e-01  -1.2755411e-02   2.7353695e-01   6.7484195e-01   1.1154848e-01  -5.7684448e-02   4.5218882e-02  -3.0669536e-01  -2.1343985e-01  -4.1405701e-02  -1.9702197e-02  -1.4623330e-01  -4.8900273e-02   1.8991476e-01   1.8191605e-01   4.9725166e-01   7.2613234e-03   2.6959048e-01  -1.8931599e-01  -3.4536407e-01  -1.0413558e-01  -3.1728453e-01   7.5290285e-02   5.0900890e-01  -2.0967940e-01   2.7836758e-01   5.4128250e-02   3.8377259e-01   1.6131246e-01   6.1501180e-01  -9.9182691e-02   2.8942360e-01   3.1535944e-01   2.8864519e-02   2.7841840e-01   2.3721367e-01  -8.3146054e-02  -2.6054814e-01   2.8401344e-01   4.3179508e-01   1.3368091e-01  -1.0016865e-01  -3.7634524e-01   3.9034568e-01   3.6570682e-02   1.2432678e-01   8.2665394e-02   6.0998046e-01   1.1423219e-01   4.2631164e-01  -3.2426269e-01   1.3366607e-01   3.0053651e-01  -1.2130533e-01   1.7981002e-01   4.2582642e-01  -3.0594405e-02   5.8724930e-01  -2.9631923e-02   5.5471109e-02  -3.1856449e-02  -7.6307583e-02  -4.0995017e-01   3.7313717e-01  -1.8138950e-01   3.7148943e-01  -3.0332112e-01  -3.5600050e-01   4.5937474e-02   4.6590016e-01  -1.4219814e-02  -1.2966879e-01   1.2385437e-01   2.1352863e-02   3.2246681e-01   2.2244074e-01   4.4299625e-01   5.4883658e-01   1.9803350e-02   5.4748330e-01  -3.8277533e-02  -3.2689090e-01  -1.0752133e-02   4.7373435e-01   5.0850682e-01   4.1939287e-02   1.6928872e-01  -2.7007472e-01   4.4280142e-01  -2.4080394e-01  -6.8572794e-02   5.0624523e-01   2.3862420e-01  -5.0053845e-01   6.9344400e-02   1.5467469e-01   2.0637209e-01   1.4214001e-01   3.4499459e-02  -3.9246518e-02   6.9728144e-01  -2.2493122e-01   1.1136215e-01  -1.9235897e-01  -2.2745917e-02   9.2229120e-02   4.3259504e-01   5.8979291e-01   1.4042819e-01   8.3897643e-02   6.2668708e-01   1.7534350e-01   9.8170370e-02   1.1252670e-02   3.0617669e-01  -2.0486144e-01   1.7243836e-01   2.4183205e-01  -1.1609614e-01  -3.5140818e-01  -2.3789907e-01  -4.8865245e-02   1.2495985e-01   3.0701245e-01   3.9873660e-01  -4.5977060e-02  -2.7170158e-01   1.5853933e-01   2.3022739e-01  -1.2195043e-01   2.7196557e-01   4.9156663e-01   2.8313561e-01   4.4849955e-01  -2.7527513e-01   1.7346210e-01   6.4373258e-01  -1.5283369e-01  -5.1600747e-02  -2.0305791e-01   3.4417490e-01  -2.4758526e-01  -1.4980419e-01   2.9813655e-01   2.2427650e-01  -2.4240381e-01   4.0266098e-01   2.3506275e-02   6.3142107e-01
  -4.5040038e-01   3.9694120e-01   2.7473247e-01  -4.2532106e-01   0.0000000e+00   2.4214361e-01   2.3538610e-01  -4.4049065e-01   1.7643535e-02   3.4084558e-01   4.1127879e-02   1.0325390e-01   4.5821819e-01  -4.6766048e-01   9.8119250e-02   3.2671668e-01   1.0922741e-01   3.1719294e-01  -3.9464328e-01   8.1056410e-01   1.3801181e-01  -1.2139636e-01   4.4211671e-02  -4.2759232e-01  -1.0612317e-01  -4.3743690e-01   3.0112409e-01  -4.5695577e-01  -2.6975738e-01   7.0646051e-02  -8.9980985e-02  -3.5427136e-01   3.0778258e-02   2.5696061e-01   1.1717835e-01   6.4149808e-01   3.2355287e-01  -2.1891077e-01   3.6749767e-01   2.6668209e-01   4.6564913e-01   8.3702812e-03   2.5556373e-02  -5.0865041e-01   4.6401041e-01  -4.9060050e-01   4.1610891e-01   2.4258025e-01   2.5689462e-01   2.3955068e-01   1.6996035e-01  -4.1332993e-01   2.4876745e-01   2.5131288e-02  -2.2126292e-01  -2.8465432e-01  -2.1186605e-01  -2.9342811e-01   3.0512107e-01  -1.8054351e-01  -1.4092053e-01   4.2557423e-01  -1.4016264e-01  -7.4055774e-02   2.3722584e-01   4.7506875e-01   1.5600184e-01  -3.5017282e-02   1.7570946e-01   1.8262026e-02   4.4908199e-01   5.1493338e-03   4.3968651e-01  -4.1219142e-01   1.0222579e-01  -4.6936253e-01  -1.6013632e-01  -2.6903954e-01   6.6851685e-01   3.5397986e-01  -4.4781607e-01   3.9475232e-01  -1.8816358e-01  -6.1835448e-01  -3.6642924e-01  -3.6811741e-01   9.0172340e-02  -3.8155304e-01   1.9774093e-01  -3.8007939e-01   6.6284470e-01  -2.6745812e-01   3.6592973e-01  -2.1113568e-01   6.8962760e-02   6.2020172e-01   3.5195065e-01  -3.0195423e-01   5.3473558e-01   1.5813900e-01  -5.0755494e-01   1.1627681e-01  -3.6270656e-01  -2.6711495e-01   2.9444420e-03  -1.4528944e-01   7.8756112e-02  -1.9655564e-01   3.8049961e-01   4.7703161e-01   8.7544281e-02  -3.4021302e-01  -1.2777067e-01  -4.0324547e-01  -4.0984129e-01   3.9288361e-01  -1.1588451e-01   5.5167489e-01  -3.6631228e-01  -8.4778993e-02  -5.2626422e-01   7.4379879e-01   7.0686622e-02   2.9174687e-02  -4.9025449e-01  -3.8104541e-01   2.0605278e-02   2.8724953e-01  -4.3413590e-01   2.9753460e-01   1.8496424e-01   4.2237864e-01  -3.3084127e-01  -4.0333731e-02  -2.5130542e-01  -3.9010105e-01   4.0809498e-01  -3.5456495e-01  -3.4699735e-01  -5.1635050e-01  -3.7280091e-01   6.0416948e-03  -9.5657966e-02   2.1256154e-02  -1.1862818e-02  -9.0704071e-02   1.8209555e-01   5.2493458e-01   4.3895938e-01  -3.4864645e-02  -3.6445268e-01  -6.1183239e-01  -5.0526949e-01   1.8973370e-01   3.1838616e-01  -5.1295317e-01  -5.3175234e-01   2.3203526e-01  -2.9319885e-01  -5.5223171e-01   2.4838811e-02  -1.9757083e-01   4.0538441e-01   1.0332494e-01  -4.2450977e-01   3.9764538e-01   2.7543397e-01  -9.9007854e-02  -4.7799629e-01   3.5922084e-01   4.8782474e-01  -4.5628263e-01   8.3907936e-02   3.9821408e-01  -2.3667781e-01   7.0402328e-02  -3.0731152e-01
  -2.3402185e-01  -1.4719804e-01   9.5790139e-02   1.2744875e-01   2.4214361e-01   0.0000000e+00   3.8872582e-01  -1.5386481e-01  -1.9074691e-01   2.5513091e-01   1.8336633e-01   5.1341939e-01   2.0634457e-01  -1.8970827e-01   2.3308776e-01   2.8539427e-01  -2.2780783e-02   1.8208263e-01   3.9594821e-02   2.8429195e-01   2.6850072e-01   1.0416270e-01   1.9705011e-01  -2.5179055e-01  -5.0847729e-02  -1.0000454e-01   6.1204813e-01  -2.2225380e-01   1.5702334e-02   1.4614469e-01  -8.9135624e-02  -6.1007378e-02  -7.3272636e-02   2.7257735e-01   2.3105428e-01   3.1214089e-01   1.9203086e-01  -2.4775206e-01   2.1021886e-01   4.9308449e-01   3.1686739e-01   3.0712226e-02   1.9271640e-01  -1.6892295e-01   3.3196645e-01  -3.1250027e-01   2.8958161e-01   4.7487834e-02   3.7709712e-01  -2.5029673e-02   3.3591799e-01  -3.3152302e-02  -1.3752191e-01   1.3837923e-01  -1.9248625e-01   2.2069616e-01   3.3035482e-02   8.8584771e-02   1.1939357e-01   1.3173699e-01  -8.8477037e-02   3.9021513e-01  -2.5236693e-02  -1.1832322e-01  -4.7741825e-02   4.0830789e-02   6.7088552e-01   8.2062691e-02   4.1296183e-01   1.9170494e-01   1.8114230e-02   2.9738144e-01   2.6528603e-01  -1.4105625e-01  -1.0802951e-01  -3.2748551e-03  -2.8718209e-01  -6.0492761e-02   1.8467082e-01   3.4013968e-01   1.5817616e-02   1.6313589e-01   6.0957391e-02  -2.8819482e-01  -3.1410507e-01   1.2696817e-01   1.8416840e-01  -1.6067313e-01   6.4252815e-02  -2.4857211e-01  -1.2733544e-01  -1.6215531e-01   1.7929338e-01   2.7017080e-02  -2.6163668e-01   8.2417489e-02   2.7825342e-01   5.8509452e-02   1.4893075e-01   1.6270882e-01  -2.8226028e-01   2.8275301e-01   7.9773544e-02   4.2605038e-03   2.3419256e-01   3.1924790e-02   1.9853729e-02   3.3503118e-01   3.7299261e-01   8.8429344e-02   3.7716546e-01   1.3828347e-01   2.8387874e-01  -2.8957143e-01  -8.7837931e-02  -2.0413974e-01   2.5587918e-01   2.1957913e-01  -2.7115467e-01   2.7141070e-01  -2.7981599e-01   1.3143851e-01   2.3942867e-02   2.8044711e-02  -3.1535686e-01   3.5871414e-02   1.4828898e-01  -1.0225072e-01   9.5606113e-02   3.4658081e-01   2.2753992e-01   1.0504006e-01  -2.6236731e-01   1.3069769e-01   6.3853867e-02   1.3335217e-02   1.4796299e-01  -1.3685615e-01   8.9759698e-02  -2.8138448e-01  -1.9642464e-01   1.5217219e-02   1.3037779e-01  -5.8378956e-03   2.1093170e-01   1.3193266e-01   2.2674695e-01  -2.0367104e-01   1.3653108e-01   7.6149567e-02  -2.6262568e-01  -3.4253901e-01  -1.5494846e-01  -1.4776425e-01  -9.5759269e-03  -1.7506832e-01  -3.3229419e-01   2.6827710e-01  -2.5224179e-01  -1.2408284e-01   1.8205685e-01   1.8461036e-01   1.6093744e-01   2.1349644e-01   3.0734624e-02   8.0112956e-03   1.9796180e-01  -3.1311376e-01  -1.5660902e-01  -5.2788288e-02  -1.4583062e-03  -1.0993983e-01   2.1772732e-01   4.0614765e-01   1.3919721e-01  -1.4487834e-01   1.1407174e-01
  -4.6217941e-01  -5.8460702e-02  -2.1226257e-01  -9.8815307e-02   2.3538610e-01   3.8872582e-01   0.0000000e+00  -3.0469832e-01  -2.6353168e-01   5.7006235e-01   3.7408159e-01   5.4427668e-01   3.2666605e-01  -2.8719541e-01   6.6326283e-01   4.7055761e-01  -4.1058070e-01   4.7419780e-01  -3.0983590e-01   2.8585210e-01   2.5906821e-01  -7.5256943e-03   4.7405985e-01  -4.7481938e-01  -5.7083236e-02  -5.0748338e-01   4.1125979e-01  -3.5657358e-01  -1.1616997e-01   1.8471701e-01   2.1309660e-01  -2.1884937e-01   6.4829170e-02   8.0193198e-01   6.1211885e-01   5.0656892e-01   3.8020260e-01  -4.4726840e-01   4.0904429e-01   2.5027757e-01   3.5616127e-01   3.2274528e-02  -2.0077682e-01  -3.7188773e-01   5.3993398e-01  -5.8114211e-01   4.1829811e-01   5.5435797e-01   2.3488830e-01  -6.4835793e-02   4.7555716e-01  -3.8765637e-01   3.8500182e-01  -2.7661788e-01  -5.3552643e-01  -1.9098950e-01  -2.6301178e-01  -1.9388680e-01   2.6224084e-01   2.9447803e-01  -4.5992744e-01   2.7997461e-01  -3.2450896e-01   1.0563342e-01   9.7373873e-02   1.9410394e-01   1.1631184e-01  -1.8666635e-01   1.9924272e-01   6.1969261e-02   3.3109352e-01   2.6630150e-01   3.4007580e-01  -5.5766413e-01  -1.1867997e-01  -1.7618974e-01  -3.8416271e-01  -3.9462835e-01   5.8253592e-01   2.1327278e-01   3.5182051e-02   5.0632803e-01   4.6911136e-02  -3.8087088e-01  -4.4912483e-01  -9.0402093e-02   4.6886096e-01  -4.7037559e-01   3.0100418e-02  -3.6043125e-01  -6.6489822e-02  -5.0304852e-01   6.1190660e-01  -2.0734516e-01  -1.8342103e-01  -2.3446724e-01   2.0146246e-01  -3.6116089e-01   2.5135105e-01   6.9632490e-01  -2.9127421e-01   6.6368096e-01   6.2634781e-02   8.6906399e-02   1.2925864e-01  -2.0449299e-01  -3.3324742e-01  -2.4810104e-01   2.8429925e-01   1.3485419e-01   5.1251585e-01   3.8545621e-02  -1.0065229e-01  -4.1205441e-01  -1.8095608e-01   2.7377512e-02  -2.0340452e-01   3.7186038e-01  -3.7193555e-01   1.0893241e-01  -5.8849185e-01   6.4372104e-02  -7.2948806e-02   1.1314751e-01  -5.7214603e-01   7.9765806e-02   4.9409999e-01  -1.1603525e-01  -2.3314391e-01   1.6680694e-01   4.4462035e-01   5.5530457e-01  -5.9040462e-01   3.7150159e-01  -3.0828953e-01  -1.3840016e-01   5.5650066e-02   7.8095089e-02  -1.6826243e-01  -5.2949614e-01  -5.1991688e-01   6.5008209e-02   2.2731006e-01  -6.9166240e-02   6.7677410e-01   3.5542517e-01   4.8041393e-01  -5.4385957e-02   3.1584545e-01   3.2767289e-01  -5.3033635e-01  -2.2189692e-01  -4.7111423e-01   8.8942521e-02  -1.5773135e-01  -4.5803926e-01  -5.9602353e-01   4.1597470e-01  -5.5132410e-01  -2.1333427e-01  -1.4377051e-01   6.0003132e-02   1.7697027e-01   2.7008508e-01  -3.2193814e-01   3.2592905e-01   2.6837154e-01  -3.4831409e-01  -4.9397248e-01   1.2873323e-01   1.9019221e-02  -3.0650849e-01   1.6406841e-01   1.9011950e-01  -2.8876853e-01   7.9035759e-02  -1.5557349e-01
   3.0980860e-01  -1.7004856e-02   1.8483915e-01   3.9925019e-01  -4.4049065e-01  -1.5386481e-01  -3.0469832e-01   0.0000000e+00   3.6160810e-01  -2.3256397e-01  -3.1609719e-01  -2.9630714e-01  -2.4319014e-01  -9.4927635e-02  -2.3784300e-02  -3.1595137e-01   3.5911524e-01  -4.3914081e-01   7.2547447e-01  -3.3736318e-01  -4.0492118e-01  -1.5796363e-01  -3.5073682e-01   2.0860320e-01   1.4995553e-01   7.5136308e-01  -1.7930084e-01   2.2175700e-01  -3.1704337e-02  -3.4061976e-01   1.8821879e-01   3.3135992e-01  -1.9742084e-04  -2.2019045e-01   1.0264892e-01  -5.4455685e-01  -4.6027610e-01   2.6315865e-01  -2.9680199e-01  -1.3004399e-01  -1.5470515e-01   6.8472623e-02   2.5180540e-01   6.2867146e-01  -1.8460741e-01   6.1108843e-01  -5.2085977e-01  -3.1968458e-01  -1.3919637e-01  -2.5653638e-01  -4.4035346e-01   8.6622796e-01  -1.9168713e-01   2.1902467e-01   1.3774525e-01   1.4781340e-01   3.5021436e-01   3.4433504e-01  -3.4551149e-01   2.6428083e-01   4.7071830e-01  -1.5090266e-01   4.0127989e-01   2.5547201e-01   3.4197526e-02  -1.0729575e-01   2.7703452e-01   4.3791783e-01  -5.4052292e-02  -3.4416742e-02  -1.7037180e-01  -1.1298176e-01  -5.7421922e-02   2.6677666e-01  -7.6642053e-02   5.5717987e-01   2.7024094e-01   6.9767948e-01  -4.9846504e-01  -2.3123803e-01   2.2358307e-01  -2.8184278e-01   4.9599763e-02   7.0237541e-01   1.3652869e-01   5.4144593e-01  -3.2227772e-01   2.9275444e-01   5.4301891e-02   1.4024747e-01  -2.3867601e-01   5.8058407e-01  -8.7681686e-03   4.9488734e-01  -4.4642449e-02  -2.1056870e-02   2.5035078e-04   7.7255231e-01  -2.2783148e-01  -3.0358806e-01   3.6679550e-01  -3.0994657e-01   1.3787651e-02  -3.1456576e-02  -4.0660218e-02   3.2958665e-01   1.6028521e-01   6.1138277e-01  -2.2152517e-01  -3.8385975e-01  -1.7907170e-01  -1.2921484e-01   2.3572372e-01   3.0659602e-01   2.1991780e-01  -1.5693531e-02   5.5374113e-01  -1.6481433e-01  -7.7136509e-03   4.9040940e-03   4.8523389e-01  -4.2147292e-01   3.3299241e-01  -2.7881770e-02   4.9385824e-01  -1.0551159e-01  -3.8986397e-01  -2.0717098e-01   5.8825898e-01  -3.0427286e-01   4.8798932e-02  -3.6332339e-01   2.2067713e-01  -3.0360003e-01   4.3972046e-01   6.8343451e-01  -2.3603835e-01  -6.4775194e-02   6.7974471e-01   4.6922607e-01   2.9503367e-01  -7.8620097e-03   1.1442206e-02  -2.2516555e-01  -1.3313539e-01  -7.5020212e-02   2.3856937e-02  -1.4958478e-01  -2.2214677e-01   1.2904465e-02   3.2556936e-01   4.5892986e-01   5.9754718e-01  -1.0916912e-01  -4.2764456e-02   3.7975134e-01   4.4539951e-01  -3.5262877e-01   5.7827092e-01   5.9856829e-01   2.2957785e-01   2.2017453e-01  -2.3881955e-01  -2.6969122e-01   4.8048213e-01  -1.3837586e-01  -4.4055443e-01  -1.1990959e-01   4.9571927e-01  -1.3471861e-01   1.2330059e-01   3.6409785e-01  -1.0651090e-01  -4.2126508e-01   3.2657825e-01  -5.9324701e-02   4.1443560e-01
   1.1514647e-01   5.9645381e-01   2.4565737e-01  -1.2538961e-02   1.7643535e-02  -1.9074691e-01  -2.6353168e-01   3.6160810e-01   0.0000000e+00  -1.3282021e-01  -4.1831858e-01  -2.3435415e-01  -1.1870219e-01  -2.4209655e-01   2.2595833e-02  -4.2106514e-01   3.3882748e-01  -1.4894084e-01   3.7041321e-01  -6.1411992e-02  -3.4715576e-01   3.0925155e-03  -2.9760925e-01   1.1099704e-01  -1.3215464e-01   4.2004667e-01  -1.5879979e-01   9.5170075e-03  -8.3070589e-02   2.0798868e-01   1.0550368e-01   6.3059365e-02  -2.1500987e-01  -1.5326723e-01   2.6098268e-01  -2.8593850e-01  -8.3972515e-04   1.7470373e-01  -3.5187099e-01  -9.7785377e-02   5.2636037e-02  -6.8928933e-02   4.8325763e-01   1.9107284e-01   2.7204600e-03   3.7966769e-01  -4.5836474e-01  -1.3691279e-01  -6.9532444e-02  -2.1615554e-01  -2.8795156e-01   4.2785281e-01   3.1470519e-01   3.6183041e-01   1.2756495e-01   8.2358696e-04   1.0027908e-01   2.8971910e-01  -1.3041803e-01   3.9971194e-01   4.5193348e-01   2.1406908e-01   7.1587110e-01   4.2601753e-01   5.8553946e-01   7.1992880e-02   2.5057337e-01   5.7800035e-01  -1.6812600e-01  -1.8369955e-01   5.3351640e-02  -4.2625091e-02   1.2479330e-01   1.4340572e-01   8.9032757e-02   7.4020324e-02   1.7659350e-01   4.6587189e-01  -7.2497550e-02  -6.3520356e-02  -1.2996135e-01  -1.8933346e-01  -9.6611609e-02   2.6155830e-01  -6.3915849e-02   1.0023037e-01   7.9608197e-02   2.4941393e-01   3.4126280e-01  -9.5854964e-03   2.4006712e-01   4.0587733e-01   1.3943347e-02   6.0923531e-01  -4.0507717e-02   2.0056837e-01   4.5235471e-02   4.5560498e-01   1.1072962e-01  -1.9509042e-01  -8.4837687e-02  -2.1026210e-01  -4.1178165e-01   1.8016042e-01   2.6425322e-02   3.0625901e-01   2.9702566e-01   4.5245891e-01  -2.5276287e-02  -2.5607982e-01  -1.4611571e-01  -2.7468806e-01   2.7736218e-01   9.5176413e-02  -1.8358488e-01   3.9324638e-01   3.4929549e-01   1.1223148e-01  -2.3966243e-01   4.0456305e-02   2.8836093e-01  -1.4691468e-01   4.6556425e-01   2.8302285e-01   3.4745991e-01  -1.3628864e-01  -3.9455111e-01   3.5854809e-02   3.3888118e-01  -3.2520665e-01  -8.8145520e-02  -1.0176765e-01   3.1825658e-01  -3.2165775e-01   4.6282967e-01   2.1374380e-01   1.8623830e-02  -2.8440136e-01   2.7496824e-01   2.6108115e-01   2.0358498e-01  -3.9841216e-01  -2.3175015e-01  -2.9407890e-01  -1.9238920e-01  -2.3251766e-01   1.0474809e-01   3.4430955e-01  -1.3097806e-01   2.4479181e-01   1.3512593e-01  -2.0024940e-02   3.6496356e-01   7.0021111e-02   1.7319638e-01   1.6282354e-01   2.9808906e-01  -1.4370145e-01   5.0572103e-01   7.1266632e-02   5.1368655e-01  -2.3907966e-02   5.4128129e-03  -1.6554113e-01   3.3894121e-01   1.1262653e-01  -2.2317062e-01  -2.5664952e-01   3.5470721e-01   1.6876562e-01   3.2095276e-01   9.9098431e-02   1.9415412e-01  -4.2881377e-01   2.9420602e-01  -3.3231419e-01   3.2670291e-01
  -3.5699824e-01   2.1049944e-02   9.5043526e-03  -2.6555666e-01   3.4084558e-01   2.5513091e-01   5.7006235e-01  -2.3256397e-01  -1.3282021e-01   0.0000000e+00   2.5728948e-01   2.8859107e-01   3.0201841e-01  -3.3873653e-01   3.0534197e-01   2.5437125e-01  -1.5825017e-01   2.8204412e-01  -3.0727444e-01   4.1457729e-01   2.5114810e-01  -3.6057729e-02   4.6659168e-01  -3.6578713e-01  -1.8032306e-01  -4.5250269e-01   3.1450525e-01  -3.8889423e-01  -3.6918285e-01  -5.9429539e-02  -5.7797180e-03  -4.1448376e-01  -7.8102420e-02   5.8937688e-01   3.9624176e-01   5.7336198e-01   3.3984416e-01  -3.8837942e-01   2.8983363e-01   2.4600265e-01   3.7147723e-01  -1.4855421e-02  -1.6602878e-01  -3.8101989e-01   4.0265003e-01  -5.0018575e-01   3.9721226e-01   4.9068144e-01   2.0573654e-01   2.6597970e-02   2.6311336e-01  -3.0597374e-01   2.6676957e-01  -6.3945184e-02  -3.0077255e-01  -3.0552621e-01  -2.6760166e-01  -3.0440106e-01   3.3148719e-01   7.7189254e-02  -3.5232475e-01   1.9298509e-01  -3.4272971e-01  -2.4820161e-02   3.5834731e-02   4.0526438e-01   5.7959906e-02  -1.8135255e-01   9.4691179e-02   5.4330772e-03   4.0421672e-01   6.8495086e-02   3.5881101e-01  -4.6328876e-01  -2.5302907e-01  -2.4406574e-01  -3.3847785e-01  -2.9492950e-01   4.2656571e-01   1.6093126e-01  -2.2367755e-01   4.7025230e-01  -1.3511919e-01  -3.8241222e-01  -4.4088829e-01  -2.2347997e-01   2.0123509e-01  -3.2214541e-01   3.9857932e-02  -2.2965561e-01   1.3107911e-01  -4.4289170e-01   5.9873861e-01  -2.4958347e-01  -1.0210176e-01   9.8351249e-02   2.1292807e-01  -2.4147412e-01   2.1186099e-01   6.9013650e-01  -3.2122090e-01   3.0260580e-01  -1.3970500e-01  -2.8645140e-01  -2.5269598e-02  -1.8167646e-01  -9.9525768e-02  -2.6568073e-01   3.8293627e-01   2.5615776e-01   4.6728259e-01  -3.2128220e-01  -1.8965565e-01  -3.0943502e-01  -2.7478591e-01   1.5606362e-01  -1.7497282e-01   4.0911464e-01  -3.4915362e-01  -6.4302998e-02  -3.9377599e-01   3.2251602e-01  -1.1795376e-01  -4.9788148e-02  -4.8339752e-01  -3.0741096e-02   2.4699334e-01  -1.2241724e-01  -2.5236203e-01   1.4733309e-01   2.3359343e-01   4.8668445e-01  -4.5019529e-01   2.0381050e-01  -2.6862701e-01  -2.1234039e-01   3.6547127e-02  -1.8672113e-01  -3.1645444e-01  -4.2185444e-01  -3.5981872e-01  -4.8262233e-02   1.0068892e-02  -1.6940853e-01   3.4094795e-01   1.0948472e-01   3.9302628e-01   1.4076728e-01   4.0096163e-01   2.4140886e-01  -4.0490943e-01  -2.6469147e-01  -2.7309450e-01   6.7628565e-02  -3.1299334e-02  -3.5539771e-01  -4.3814722e-01   3.2329438e-01  -3.9546657e-01  -3.7826008e-01  -1.4853193e-01  -4.0970094e-02   4.0591677e-01   1.7989223e-01  -4.6186491e-01   3.4886095e-01   1.5435231e-01  -9.8569616e-02  -2.6981342e-01   2.7634168e-01   1.3861399e-01  -3.7923420e-01   6.4119624e-02   1.6055031e-01  -4.4786402e-01  -1.7273006e-02  -3.4303906e-01
  -3.7296776e-01  -4.1836865e-01  -5.3379067e-01   9.7155008e-02   4.1127879e-02   1.8336633e-01   3.7408159e-01  -3.1609719e-01  -4.1831858e-01   2.5728948e-01   0.0000000e+00   7.7816369e-02   2.6491328e-01   7.0503012e-02   2.4819395e-01   2.7389389e-01  -6.0461578e-01   6.5140148e-01  -3.8214430e-01   3.6252629e-02   6.1441902e-01   4.8639405e-01   6.8207617e-01  -3.3064437e-01   1.2070698e-01  -4.2925768e-01   2.8157881e-01  -1.7842554e-01   7.1918183e-02   3.8056443e-01   1.5102135e-02   2.3319972e-01  -7.4375494e-02   2.0689740e-01  -1.5868085e-02   5.5789565e-01   3.7059937e-01  -6.1093866e-01   3.0950060e-01  -2.1495096e-03   1.9524679e-01  -1.8685325e-01  -1.2615286e-01  -5.8385654e-02   3.1645367e-01  -5.3415440e-01   8.4323413e-01   2.0368640e-01   1.2236337e-01  -8.3595715e-02   8.0818940e-01  -3.6396145e-01   9.0271232e-02  -3.2576141e-01  -2.3556506e-01   1.5431837e-01  -1.6926414e-01   5.5651870e-02   5.9720076e-01   6.2179512e-02  -5.0606757e-01   8.3852523e-02  -4.1613278e-01   2.4366513e-01  -4.5252160e-02  -7.4813725e-02  -1.3627473e-01  -2.9425153e-01   5.9234780e-01  -2.4740764e-01  -1.5915352e-01   5.0659584e-01   1.1323186e-01  -4.4713559e-01  -8.0383580e-02   8.1900497e-02  -3.9197495e-01  -3.8082531e-01   3.5024829e-01   2.2119081e-01   6.0155127e-02   2.7571701e-01   6.7306105e-02  -1.8488587e-01  -3.7999845e-01   1.3538104e-01   2.8149078e-01  -3.6510661e-01  -1.3657809e-01  -2.6922218e-01   4.9801341e-02  -6.7076130e-01   1.0611661e-02  -2.6845217e-01  -4.1067468e-01  -3.5510698e-01   1.4936288e-01  -4.1750306e-01   3.5778426e-01   4.9020045e-01  -3.0383996e-01   6.0237017e-01   3.3314380e-01   2.4773857e-01   5.8287644e-01  -3.0043783e-02  -5.2634471e-01  -2.2700035e-01   5.4195019e-01   3.1352934e-01   1.3725687e-01   5.3031751e-01   3.3343800e-02  -3.8308992e-01  -1.5220840e-01  -1.5174061e-01  -1.0930378e-01   1.2176640e-01  -2.1057947e-01   3.6775634e-01  -3.2085755e-01   1.6665760e-01  -2.0622304e-01   8.7625152e-02  -4.8096573e-01   4.4648774e-02   5.6626755e-01  -8.7569729e-02  -6.3658322e-03  -7.8447119e-02   9.1202330e-02   4.1974539e-01  -5.0165160e-01   3.5056999e-01  -8.3208018e-02   5.3879650e-02   1.7810733e-01  -2.2270093e-03  -1.6124209e-03  -4.6404760e-01  -3.4018927e-01   1.6532899e-01   6.2084083e-01  -1.8146710e-01   4.3594107e-01   4.1101842e-01  -3.4812171e-01   3.2682072e-03   3.8793448e-01  -1.3438161e-01  -4.2020666e-01  -1.1900897e-01  -3.7116680e-01   5.3622483e-01  -5.5505401e-01  -3.7621336e-01  -5.1232940e-01   5.1809546e-01  -6.0810852e-01  -1.5675615e-01  -2.6460472e-01   5.6414483e-01   8.0763745e-02   7.6463482e-01  -1.5121923e-01   8.9281516e-02   6.0122187e-01   1.0393686e-01  -3.0360459e-01  -2.4207292e-01  -1.7056355e-01  -5.1028536e-01   5.7489523e-01   1.4194105e-01  -3.0536904e-01  -5.0542702e-03   5.4676586e-02
  -2.6037301e-01   1.5122912e-01   1.8651740e-01   6.8648242e-02   1.0325390e-01   5.1341939e-01   5.4427668e-01  -2.9630714e-01  -2.3435415e-01   2.8859107e-01   7.7816369e-02   0.0000000e+00   2.0499053e-01  -1.7257875e-01   3.4703432e-01   3.0129786e-01  -7.4134986e-02   1.0934975e-01  -2.0557413e-01   2.5730923e-01  -7.3072540e-03  -8.0048228e-02   8.2014519e-02  -2.8254399e-01   1.3607919e-01  -2.2579586e-01   3.9004593e-01  -3.1338328e-01   7.7047243e-02   7.3357932e-02  -6.7135602e-02  -1.0101101e-01   2.1795963e-02   5.8433174e-01   3.8059862e-01   2.0861874e-01   3.5549694e-02  -1.7726540e-01   1.8342817e-01   3.3848463e-01   2.1738945e-01   1.4467846e-01   3.8830553e-03  -2.4004682e-01   2.3585032e-01  -3.4227452e-01   1.4365931e-01   1.3338735e-01  -3.9800476e-02   1.2812599e-01   1.9341518e-01  -2.4851864e-01  -2.5820665e-02   1.0023096e-01  -3.5310137e-01  -6.0660207e-02  -1.8908764e-01  -9.9219238e-02   8.6435130e-02   2.8235062e-01  -1.4751642e-01   1.8376852e-01  -4.1210761e-02  -1.7102167e-01  -2.1233050e-01   2.3787653e-01   2.1932704e-01  -1.0799396e-02   8.5537783e-02   3.3557009e-01   1.7821173e-01   1.1476314e-01   1.9413711e-01  -1.4347157e-03   1.7982023e-02  -1.3224541e-01  -1.7994752e-01  -1.8958117e-01   2.8086494e-01   1.9205622e-01  -6.4099428e-02   2.8262358e-01   6.0070323e-02  -2.2672548e-01  -2.0614971e-01  -8.7174734e-02   2.3880241e-01  -2.6616114e-01   2.2034908e-01  -2.8728552e-01  -1.8760137e-01  -1.0601915e-01   4.0949863e-01  -1.3220124e-02  -5.9508144e-02  -5.9408677e-02   1.7138307e-01  -2.0430445e-01   1.8196683e-02   2.6614964e-01  -2.8401376e-01   2.9876006e-01  -9.5661696e-03   7.0715543e-02   3.9031260e-02  -2.4701745e-02   5.3230699e-03  -2.3098920e-02  -3.8453490e-03   4.7234901e-02   5.6778446e-01   2.4803965e-02  -3.4935693e-02  -2.8667815e-01  -1.5607788e-01  -2.7613267e-02  -1.0243964e-01   1.3545113e-01  -2.2416971e-01   7.3161036e-02  -3.4012772e-01   2.6262437e-02   1.3660268e-01  -9.7814846e-02  -3.7620730e-01   7.3729141e-02   1.1191440e-01  -5.3311886e-02  -5.1868317e-02   3.3551092e-01   2.6546592e-01   1.3906482e-01  -1.8077731e-01   1.6086813e-01  -2.0577728e-01  -1.4453272e-01   1.0651233e-01  -3.4642641e-02  -1.1702595e-01  -3.2988876e-01  -3.4778381e-01   2.7894321e-02   1.6038127e-01   1.2805609e-01   3.1115349e-01   3.8703576e-02   5.4087694e-01  -2.2270987e-01   2.6946385e-01  -3.0980785e-02  -2.1250364e-01  -2.5810382e-01  -1.9882108e-01  -2.2572428e-01   2.0277003e-01  -2.0999398e-01  -3.7006400e-01   2.9799443e-01  -2.8077561e-01  -2.0142793e-01   4.9541616e-02   2.5818169e-02  -3.1926237e-02   9.4107795e-02  -4.6026831e-02   2.4597165e-01   1.6215261e-01  -2.5188173e-01  -2.3413382e-01   8.8852964e-02   1.1684884e-01  -9.4278848e-02  -9.6610583e-02   2.5741286e-01   7.3604461e-02   1.9342044e-01   5.8458627e-03
  -3.9512720e-01   5.0512743e-02  -1.9233150e-02  -3.0194523e-01   4.5821819e-01   2.0634457e-01   3.2666605e-01  -2.4319014e-01  -1.1870219e-01   3.0201841e-01   2.6491328e-01   2.0499053e-01   0.0000000e+00  -3.6461068e-01   2.0775692e-01   5.0555855e-01  -1.1713427e-01   3.3157981e-01  -2.4098317e-01   5.5829879e-01   1.2724847e-01  -1.0108783e-01   1.0514026e-01  -3.8723577e-01   4.9556523e-03  -3.7433634e-01   3.6143812e-01  -4.0211241e-01  -1.3565847e-01  -6.5490660e-02  -1.3078354e-01  -1.8745276e-01   2.5140012e-01   2.9885236e-01   6.1217764e-02   4.8046208e-01   1.5776210e-01  -3.0278709e-01   5.2713786e-01   3.1272470e-01   7.0745825e-01   9.8879391e-02  -7.2044452e-02  -3.7807919e-01   4.4358204e-01  -4.9722358e-01   4.4483838e-01   2.6307773e-01   2.6252734e-01   1.6505886e-01   2.5824157e-01  -2.8871579e-01   1.5494115e-01  -1.3770370e-01  -3.2826405e-01  -2.4270398e-01  -1.0044727e-01  -3.1830531e-01   4.8964009e-01   5.3896270e-05  -3.3117966e-01   2.8464119e-01  -3.0365769e-01  -1.3034374e-01   8.5678248e-02   1.8928058e-01  -2.2183619e-02  -1.4495181e-01   3.7686954e-01  -5.8337841e-02   3.9024376e-01   1.3753896e-01   4.0149118e-01  -3.8395101e-01   1.0314378e-01  -3.5078989e-01  -3.0295237e-01  -2.8870343e-01   3.5730136e-01   4.4642402e-01  -3.4061552e-01   5.3488589e-01  -2.7786536e-01  -3.4867415e-01  -3.7307487e-01  -2.3462769e-01   1.3571155e-01  -3.8564819e-01  -7.5597975e-03  -3.0382699e-01   2.3612645e-01  -4.0747204e-01   2.9962374e-01  -2.8044696e-01  -1.5325285e-01   3.3134383e-01   4.7153506e-01  -2.5921914e-01   3.7388635e-01   2.9146316e-01  -4.2020175e-01   1.9563949e-01  -2.1898604e-01  -1.8542783e-01   1.5986946e-01  -2.2835572e-01   4.3384855e-03  -1.7383049e-01   3.3897460e-01   2.5525210e-01   1.2744976e-01  -2.1154201e-01  -2.3374807e-01  -3.7167921e-01  -3.6046611e-01   2.3287237e-01  -5.3967628e-02   6.7466883e-01  -4.2429044e-01   4.9237448e-02  -4.8933729e-01   3.9391868e-01   6.7623318e-03  -1.4422050e-01  -4.6080143e-01  -2.6823510e-01   1.8063867e-01   1.2705814e-01  -3.2149190e-01   9.6952382e-02   3.8337652e-01   2.7052057e-01  -3.5086748e-01  -4.4724924e-02  -2.6373185e-01  -1.8382143e-01   2.3308956e-01  -3.1850673e-01  -1.9108941e-01  -4.7888389e-01  -3.7995147e-01   3.8480656e-01   2.4796018e-01  -1.5314863e-01   6.2506170e-02  -1.2623633e-01   1.5999874e-01   1.7894869e-01   4.1866175e-01  -2.7907745e-02  -3.6393763e-01  -4.1960031e-01  -4.1338877e-01   1.0069318e-01   2.3866272e-02  -4.4276218e-01  -5.7017067e-01   5.3680979e-01  -3.6396896e-01  -4.5551485e-01  -8.4414412e-02   1.1452326e-01   2.7937278e-01   2.2446073e-01  -2.8940168e-01   2.4571827e-01   2.8148271e-01  -6.1497503e-02  -4.7958587e-01   1.5879811e-01   3.1814475e-01  -3.5522600e-01   4.1413145e-02   1.3824624e-01  -2.4648741e-01   2.1713273e-01  -2.2613113e-01
   4.9139611e-01  -4.1230832e-01  -3.3794096e-01   1.3703797e-01  -4.6766048e-01  -1.8970827e-01  -2.8719541e-01  -9.4927635e-02  -2.4209655e-01  -3.3873653e-01   7.0503012e-02  -1.7257875e-01  -3.6461068e-01   0.0000000e+00  -4.9519400e-01  -3.2853521e-01  -2.3165806e-01  -1.5901819e-01   5.8715281e-02  -5.0591666e-01   2.9666412e-01   4.1048981e-01   6.9228512e-02   4.8619622e-01  -1.6398636e-01   7.7457967e-02  -3.5891926e-01   4.9583924e-01   1.7443508e-01   2.1948429e-01  -2.3434694e-01   1.6190272e-01  -1.6223007e-01  -4.7575655e-01  -3.3727564e-01  -3.3686605e-01  -1.1901980e-01   1.2419083e-01  -3.5786294e-01  -3.6129157e-01  -4.2912211e-01  -1.8969704e-01  -2.4533758e-01   2.4843630e-01  -4.8199162e-01   2.8631450e-01  -1.0404124e-01  -1.7850025e-01  -4.8332152e-02  -1.9922537e-01   7.7481675e-02  -7.8766899e-02  -3.6777203e-01  -2.3886614e-01   4.6385824e-01   3.1439952e-01   2.0866615e-01   2.0152690e-01  -1.5882142e-01  -2.6967648e-01  -1.5337222e-01  -3.1191713e-01  -1.0882773e-01  -2.6072947e-01  -3.2866680e-01  -5.1535320e-01  -2.8995839e-01  -3.0073869e-01  -5.7869716e-02   6.5856566e-02  -4.8121836e-01  -3.8227702e-02  -5.0261963e-01   3.8387164e-01   8.3482208e-03   1.7129368e-01  -1.0695369e-01   2.2747645e-02  -4.4535653e-01  -3.4555215e-01   3.9974772e-01  -3.8283612e-01   9.4615607e-03   1.9375627e-01   4.8481096e-01  -6.3310716e-03   4.9874805e-02   3.4043132e-01  -3.6382843e-01   5.2964075e-01  -3.6630009e-01  -9.0369624e-02  -6.1000728e-01  -1.4098102e-01  -7.6003032e-02  -3.8831063e-01  -3.6758444e-01  -7.2230017e-02  -4.5305684e-01  -1.8042933e-01   3.9607939e-01  -1.4225178e-01   4.7771029e-01   2.9109740e-01  -1.7159248e-02   2.8431813e-02  -1.9971614e-01  -1.1909168e-01  -2.3687398e-01  -2.2208431e-01  -3.3829531e-01   5.1517195e-01   3.8986386e-03   4.5850145e-01   4.3437836e-01  -4.9180736e-01  -6.1471327e-02  -4.9159416e-01   5.8055842e-01   3.7629641e-02   4.1151249e-01  -3.8912469e-01  -4.0528925e-01   3.8948996e-02   3.7105828e-01   5.0464017e-01   1.4863646e-01  -9.6701723e-02   3.3463229e-02  -2.3442696e-02  -4.6188355e-01  -4.0844672e-01   4.8927545e-01   4.0094176e-02   1.2511454e-01  -1.8672762e-02  -2.5119778e-01   4.0151220e-01  -5.9799469e-02   4.2118216e-01   4.2149385e-01  -1.3234223e-01   1.3583036e-01   1.9661631e-01  -2.5877443e-01   1.1761257e-01  -4.1648898e-01  -3.3146691e-01  -4.2081857e-01  -1.2415806e-01   3.6927374e-01   4.2944487e-01   4.3112859e-02  -1.7462149e-01  -3.1863446e-01   4.5782888e-01   3.6386996e-01  -2.2799271e-01  -8.4299064e-02   2.1200080e-01  -2.2665931e-01   1.1516102e-01  -3.5262275e-01   1.0210705e-01   1.0608045e-01  -5.3235538e-01  -1.6820462e-01   3.6941753e-01   2.1057072e-01  -4.3688223e-01  -6.3582230e-01   1.2888778e-01  -5.9003944e-02  -1.0094119e-01   1.3699903e-01  -2.4996860e-01   7.2763295e-02
