   0.0000000e+00  -2.7088434e-01  -1.4649045e-01   2.3756801e-01  -1.9046206e-01  -5.6850339e-02  -2.2750289e-01   2.3531657e-01  -2.7317863e-01  -2.5568489e-01  -4.0182635e-02  -3.3359717e-01   1.2838213e-04   4.8303591e-01   1.3732128e-01  -1.1281057e-01  -1.8311244e-01   3.9160369e-02   1.1033340e-01  -1.8033102e-01  -1.1460488e-01   2.2176882e-01   5.1469655e-02   6.7956041e-01  -4.1498130e-02   1.5644815e-01  -8.1834117e-02   4.1446194e-01   3.7413675e-02   2.8365503e-01  -7.0452960e-02   3.1081859e-01  -4.1552407e-02  -3.9161018e-01  -8.3495105e-02  -2.2118744e-01  -1.2011569e-01  -1.9657033e-02  -1.0272890e-01  -1.8273189e-01   4.1946464e-02  -3.0766836e-02  -3.3677862e-01   1.5295712e-01  -2.5149801e-01   4.2009944e-01   3.2237739e-02  -1.8944883e-02  -2.5663993e-02  -2.7770797e-01   7.7871638e-02   2.3430967e-01  -2.5905224e-01  -2.4858605e-03   1.8108971e-01   1.9964290e-01   1.5442289e-01   1.7488782e-01   7.6257653e-02   1.1759962e-01  -1.5312325e-01  -1.0551014e-01  -3.0900248e-01  -2.4099084e-01  -1.4911658e-01  -9.4875489e-03  -2.7848839e-04   1.3564954e-01   7.1961427e-02   8.7841747e-02  -3.5036510e-01   1.5526007e-01  -7.6483312e-02   6.3061095e-01  -6.9617216e-02   1.7436662e-01   7.6932378e-02   1.2140443e-01  -2.1286163e-01  -3.0833022e-02   2.5507877e-01  -1.2761328e-01  -2.6088841e-01   7.5005397e-02   7.1988898e-02   1.6125267e-01  -2.9137455e-02   6.6931999e-01  -3.6757277e-01   7.8121024e-01  -2.0354802e-01  -1.4474381e-02  -2.8191914e-01  -1.0561809e-01   2.7684740e-01  -1.2019294e-01   3.0794893e-02   1.7249593e-01  -6.2587796e-02  -2.6364319e-01   2.4907820e-01  -1.5100401e-01   2.3689260e-01   4.8395126e-02   2.1757069e-01   1.3839797e-01  -1.1952934e-01   2.9829431e-01  -6.6500003e-02   7.2837146e-03  -3.7359419e-01   2.9456994e-01   1.7550258e-02   7.2321240e-01   4.5181895e-01  -2.2088447e-01   3.1494456e-01  -1.8890958e-02   1.5611689e-01   2.3466352e-01   5.0104568e-01  -1.7838326e-01  -1.2680209e-01  -1.5864823e-01   4.6873213e-01   6.1973267e-01  -4.9619321e-02  -1.7125685e-01   7.7284826e-02  -1.4701190e-01  -1.7004569e-01  -3.6356452e-01   3.0370534e-01  -9.1905957e-02  -2.0055264e-01   9.9199107e-02  -9.6498638e-02   2.7075637e-01   1.5635535e-01   5.8501357e-01   7.1821440e-01  -1.0802952e-01   1.1336906e-01   9.6314109e-03  -2.1960269e-01   2.8701675e-02  -3.1310683e-01  -2.5179130e-02   4.6177696e-03  -2.3323599e-01   6.4397620e-01   1.7701979e-01   5.5278373e-01  -2.1086267e-01  -2.8182160e-01   6.0644517e-01   4.0888936e-01   5.0019195e-03  -1.1318251e-01   2.9414600e-01  -2.1274748e-02   1.4491320e-01  -5.1953417e-02   2.0309006e-01   2.1488694e-01  -2.6043624e-01  -2.4556558e-01   1.0126544e-02   5.1995279e-01  -2.2765100e-01  -1.8781934e-01  -4.3009830e-02  -1.6927484e-02  -2.3341440e-01  -2.4141167e-02  -3.8544170e-01   1.5975474e-01
  -2.7088434e-01   0.0000000e+00   1.1698916e-01  -4.9424938e-01   7.1232080e-01  -9.2180546e-02  -1.0702110e-01  -3.2857776e-01   5.7009574e-01   1.5262135e-01  -3.8259947e-01   6.7239491e-01  -9.0592627e-02  -5.6545761e-01  -5.8486837e-01  -2.2764935e-01   1.7463833e-01  -3.7971537e-01   1.6381324e-01   3.7290231e-01  -1.5108602e-01  -3.7777117e-01  -6.6003458e-01  -3.4389706e-01   4.7418294e-02  -2.3982816e-02   1.4578985e-02  -5.2568757e-01   1.4694774e-01  -4.8566735e-01  -1.9081710e-01  -3.9374133e-01  -1.9835030e-01   3.1861943e-01   3.8067328e-01   4.4265479e-01   4.9634275e-01   5.4876702e-02  -4.5675803e-02   1.8240074e-01   3.0158506e-02  -1.4454287e-01   6.0026206e-01  -3.8166535e-01   5.6093574e-01  -7.4648811e-02  -3.6622619e-01  -4.2810524e-01  -2.3258147e-01   1.0523500e-01  -4.2527980e-01  -2.3221849e-01   2.0438763e-01  -1.8754384e-01  -2.8264303e-01  -4.1782384e-01  -2.5259517e-01  -2.6213164e-01  -2.1435489e-01   1.5442676e-01  -2.4111450e-03   8.9220132e-02   8.2587183e-01   3.2444858e-01   4.0023398e-01  -1.6812952e-01  -1.4860388e-01   1.4042025e-01  -5.8915988e-01  -1.2743643e-01   5.1222063e-01  -4.9067936e-01   1.8396877e-01  -3.8971498e-01  -6.1638743e-03  -2.5169819e-01  -1.7502802e-02  -3.6976420e-01   7.1852253e-01  -7.5319050e-02  -6.5965240e-01   1.4819999e-01   3.2181002e-01  -9.2710998e-02  -1.9610970e-01  -3.4949269e-01  -1.5987289e-01  -4.6406583e-01   6.3734485e-01  -3.1308435e-01   6.8338540e-01  -7.1259201e-02   3.5182317e-01   3.4756703e-01  -1.7332901e-01   2.6129659e-01  -1.0809211e-01  -1.3963264e-01   2.5422317e-01  -1.9442959e-02  -4.0078619e-01   2.4095016e-02  -4.9962284e-01   4.8426736e-02  -4.8155361e-01  -2.7862898e-01  -7.0500567e-02  -2.2338167e-01  -1.6325956e-01  -2.1432065e-01   2.9441630e-01  -4.6770644e-01  -5.3632703e-02  -3.1762305e-01  -6.5748906e-01   8.0110161e-01  -5.0166908e-01   1.2460606e-01  -4.3360828e-01  -4.9321834e-01  -3.4045178e-01   6.3389721e-01   5.2288007e-01   3.1153475e-01  -1.4417242e-01  -1.2580733e-01  -2.0447548e-01  -4.3489878e-02  -3.1057237e-01   1.6764420e-01   9.5830319e-02   3.7548808e-01   5.8741089e-01  -5.1091542e-01   5.6142281e-01  -2.0544349e-01  -8.3352964e-02  -5.7428150e-01  -2.8982976e-01  -2.5811949e-01  -2.6592887e-01  -5.7976204e-02  -4.0060814e-01  -4.2454534e-01   1.1558605e-01  -4.9641592e-01   6.5426308e-02   6.6278599e-02  -3.4472366e-01   1.9749085e-01  -4.4778938e-01  -2.2539070e-01  -2.8547197e-01   5.7356046e-01   5.6791419e-01  -3.0311068e-01  -3.0691600e-01  -9.1971557e-02  -5.8068310e-02  -5.7280636e-01   1.3764929e-01  -3.2451230e-01   3.3937874e-02  -5.0474150e-01  -1.5967146e-01   6.5017288e-01   4.7953563e-01  -1.1267183e-01  -2.6477179e-01   5.8741780e-01   6.8567494e-01   3.8854818e-02  -5.8351728e-02   1.2759627e-01  -9.1876730e-03   8.7615548e-02  -1.4502226e-01
  -1.4649045e-01   1.1698916e-01   0.0000000e+00  -1.0390397e-01   2.7650618e-01   4.4451134e-01  -2.3189735e-02  -2.6256816e-01  -9.0238400e-02   4.9811940e-01  -3.9709415e-01   5.5230847e-01   1.8753758e-01  -1.4666985e-01  -3.5261980e-01   4.9029069e-01   9.4107193e-01  -2.6690011e-01   4.3949214e-02   5.5666015e-01  -3.9096199e-01  -2.2879613e-01  -2.5888085e-01  -3.2251635e-01  -1.5153608e-01  -2.4668031e-01   4.7513400e-01  -4.6767887e-01  -5.3521620e-02  -2.2196014e-01  -2.5461031e-01  -4.3758821e-01   4.6912874e-01   2.2589046e-01   3.7985267e-02   2.8554602e-01  -2.8312243e-01   3.1573725e-01   4.4238039e-01   6.6140484e-01   2.2226670e-01   6.3186887e-01   1.4062285e-01  -1.0129366e-01  -1.0843985e-01   2.1344713e-01  -1.8426566e-01  -3.3975264e-01   5.1734690e-02   8.3268341e-01  -2.6212420e-01  -2.5717487e-01  -1.2273134e-01   5.5160267e-01   1.0342472e-01  -7.4547174e-02  -1.4772076e-01  -2.9664855e-01  -6.6132024e-02   3.4518391e-01   6.5232288e-01   6.8258773e-02   1.0503419e-01  -1.5195999e-01  -4.6699233e-01  -2.3803242e-01   3.0005017e-01   5.3528676e-02  -1.2120510e-01   7.8216394e-01   3.4956524e-01  -3.6286109e-01   5.6828983e-02   3.1442648e-02   1.2809263e-01  -3.9860668e-01   4.0521812e-01  -9.8596286e-02   1.6672949e-01   2.8178483e-01  -3.7338440e-01   9.0075932e-02  -9.8171264e-03  -1.1057285e-01   4.8557669e-01  -4.7636869e-01  -1.5900331e-01  -1.8830048e-01   2.9920342e-01  -3.5090096e-01  -3.2477816e-02   6.2865776e-01   4.8837048e-01  -2.9455175e-01   2.5259837e-02   5.2242386e-01   2.3787674e-01  -4.3208776e-01   2.0273595e-01  -1.2857787e-01   6.6052298e-02   9.1491182e-02  -3.9608397e-01  -2.3536710e-01  -6.0721387e-01  -3.3462438e-01   5.7494041e-01  -5.0571502e-01   6.7682437e-02  -6.5206452e-02   3.8591110e-01  -2.7511428e-01   2.9044855e-02  -2.9890353e-01  -1.7503474e-01  -6.4302000e-02  -2.4891196e-01   5.4978918e-02   2.4597055e-01  -1.6438157e-01  -6.9330090e-02   3.3151595e-01   3.9816092e-01  -4.7073396e-01  -2.8503731e-01  -4.3134328e-02  -5.0211670e-01   4.0594032e-01  -2.5819342e-01   8.8756854e-01   4.1331588e-01  -8.4984099e-02   2.7922753e-01  -3.4829438e-01   1.1860418e-01  -3.1704404e-01   3.5798820e-01  -1.7088622e-01  -3.8014116e-01   4.0697083e-02  -2.4987257e-01  -3.0537900e-03  -3.8744562e-01   4.5542538e-01  -4.0543487e-01  -5.1409673e-01   6.3343282e-01  -3.8245972e-01  -8.1022882e-02  -2.1798925e-01  -1.8211531e-01  -2.9338493e-01   9.5746517e-02  -3.1657941e-01   7.8779253e-01  -1.1817020e-01   6.0591644e-02  -8.0524109e-02   6.3646239e-01  -4.6507217e-01  -6.8012572e-02  -4.2444176e-01  -1.1654838e-01  -5.4169941e-01  -9.6014222e-02   2.4193767e-01  -1.1663362e-01  -6.4585700e-02   2.7107260e-02   2.2632182e-01  -7.1392198e-02   3.9697122e-01  -4.2891011e-01   6.7817502e-01   2.3089693e-02   4.1844027e-01   5.4252434e-02
   2.3756801e-01  -4.9424938e-01  -1.0390397e-01   0.0000000e+00  -3.8790351e-01   1.2876899e-01  -5.0761689e-02   4.1096209e-01  -2.7245104e-01  -9.8826088e-02  -4.5900595e-02  -5.0391546e-01   4.6730267e-02   4.5998215e-01   4.0401841e-01  -5.7459507e-02  -1.2411599e-01   2.2573677e-01   5.1257756e-02  -2.0996613e-01   1.1560102e-01   7.0689530e-01   4.5148353e-01   2.0067451e-01  -1.1162358e-01   1.9146420e-01   2.6206624e-02   4.1191193e-01  -3.0435582e-01   6.6660852e-01   9.9021055e-02   6.1382415e-01   3.6778154e-02  -1.8785754e-01  -9.2339786e-02  -3.3902520e-01  -1.6766233e-01  -1.5832301e-01  -2.1442464e-01  -6.6941865e-02  -4.0544758e-02   9.1390099e-04  -4.1123006e-01   6.1433957e-02  -2.0446185e-01   3.1744420e-02   3.4054829e-02   2.2400833e-01   2.7746220e-01  -2.1012410e-01   3.7745154e-01   2.1279404e-01  -1.8241281e-01   1.9493828e-02   9.6184399e-02   2.5127558e-01   2.4429198e-01   6.0401659e-01   1.5915585e-01   2.3833740e-01  -1.0118324e-01   3.0346260e-01  -4.3669412e-01  -3.2457349e-01  -1.3089354e-01  -2.5268987e-02   1.6076452e-01   1.7216165e-01   3.4844149e-01  -2.2658753e-02  -3.5215660e-01   5.9915408e-01  -3.7474255e-01   2.4102293e-01  -3.4694670e-02   2.9074038e-01  -1.1684312e-01   2.5832515e-01  -4.8644204e-01   1.8990854e-01   4.5588380e-01  -3.0871506e-01  -3.3845029e-01   2.7381574e-01   5.4713147e-02   3.4846555e-01   3.1268932e-01   2.6787787e-01  -3.0926256e-01   3.5828566e-01  -5.0535094e-01  -1.2599416e-01  -3.2188016e-01  -7.2288339e-02   4.3344277e-02  -7.9426259e-02   1.8769930e-01   3.2197913e-01  -7.9966824e-02   2.5729959e-01   1.4975181e-01   8.0034074e-03   4.1558084e-01   3.2718087e-01   5.2825360e-01   6.2304497e-01   5.9993355e-02   3.5015066e-01   3.2459607e-01  -6.6767196e-02  -2.6247435e-01   7.2592587e-01   6.1471344e-01   3.8032454e-01   3.7037546e-01  -5.2354004e-01   4.3151646e-01  -2.7316036e-01   1.2367609e-01   7.5289160e-01   2.3799969e-01  -3.9302009e-01  -1.6308513e-01  -2.1753942e-01   2.4390147e-01   1.1561427e-01   1.5582798e-01  -8.7548599e-02   6.8439317e-01  -1.7015377e-01  -3.2903870e-01  -2.4104278e-01  -1.5924586e-01   2.7851502e-01  -1.5015092e-01   3.1888519e-01   8.6565984e-02   4.0393745e-01   3.0823185e-01   3.4987519e-01   3.5561054e-01  -4.2379164e-02   1.6023260e-01   1.8687417e-01  -6.9710946e-02   2.7427757e-01  -1.7337964e-01  -3.2254667e-01  -8.7858658e-04  -1.5689135e-02   3.0948776e-01   1.3911385e-01   7.8523128e-02  -4.9111188e-01  -3.6026337e-01   1.7361462e-01   1.9502093e-01   9.5545729e-03  -1.2814581e-01   4.4492289e-01  -1.1721173e-01   1.1214155e-01  -3.2238022e-01   4.5082144e-01   5.6892903e-01  -3.9738120e-01  -4.6295099e-01   1.1661567e-01   1.4711092e-01  -4.9587137e-01  -5.2260189e-01  -1.4112455e-01   2.2320129e-01  -2.5408710e-01   5.7774887e-02  -2.7578715e-01   6.2620290e-01
  -1.9046206e-01   7.1232080e-01   2.7650618e-01  -3.8790351e-01   0.0000000e+00  -7.0556238e-02  -2.6533098e-01  -4.3717898e-01   4.4769648e-01   2.3782328e-01  -3.3609808e-01   6.7138737e-01   1.8920095e-01  -4.7327277e-01  -6.6044360e-01   2.7552824e-02   3.6040013e-01  -4.7396137e-01   2.6260270e-01   7.5112548e-01  -2.6120773e-01  -3.2793518e-01  -6.5890835e-01  -3.3152175e-01   1.6598351e-01  -9.4390290e-02   2.0535520e-01  -5.8691209e-01   1.0163101e-01  -5.5455004e-01  -3.4159096e-01  -5.2319430e-01   3.6210859e-02   2.6548247e-01   3.1778589e-01   7.2181883e-01   3.0569445e-01   2.6906658e-01   2.2692300e-01   2.1622255e-01   3.6609815e-01   1.2170793e-01   5.6146203e-01  -3.9043082e-01   5.3848699e-01  -2.7472498e-02  -2.3278341e-01  -5.8504906e-01   3.0239831e-02   2.4301932e-01  -5.1263470e-01  -3.0777819e-01  -3.8509125e-02   8.1035415e-02  -2.3671149e-01  -4.6210263e-01  -3.3698413e-01  -2.7042310e-01  -2.1784492e-01   1.0419030e-01   2.0403482e-01   2.9629215e-01   7.0277551e-01   1.2829665e-01   2.4267067e-01  -2.3744637e-01  -6.9469478e-02   2.4510595e-01  -4.9901400e-01  -1.1903738e-01   3.7436399e-01  -5.4364071e-01   3.2247818e-01  -2.9849561e-01   2.6422175e-01  -3.9652995e-01   2.2574804e-01  -2.4353666e-01   8.6928673e-01   2.3524453e-01  -7.2887187e-01   2.4470484e-01   7.3195863e-02  -6.4049845e-02  -1.4528610e-01  -5.2929158e-01  -3.1106532e-01  -4.2234042e-01   6.6199199e-01  -3.2251114e-01   8.4629654e-01   1.5360041e-01   5.3851669e-01   2.5581880e-01   7.1899408e-03   6.4230265e-01   1.7394854e-01  -2.0106574e-01   5.6275427e-01  -8.4550320e-02  -5.0247849e-01  -1.4232437e-01  -5.6270035e-01  -1.3318138e-01  -6.2795411e-01  -3.1409471e-01   1.9550218e-01  -2.9918805e-01   7.1828922e-02  -2.2126196e-01   2.5093339e-01  -5.3458455e-01  -1.4099246e-02  -3.1520131e-01  -7.0065031e-01   7.5788275e-01  -4.3718153e-01   3.4935259e-01  -4.0528505e-01  -4.8659141e-01  -3.0387524e-01   9.0560636e-01   6.6955923e-01   1.2786947e-01  -1.2237239e-01  -7.2175227e-02  -2.9265785e-01   2.3710036e-01  -3.1585037e-01   2.0139446e-01   2.6382432e-01   3.9651272e-01   5.4941481e-01  -6.0804148e-01   5.9668771e-01  -3.6094992e-01   2.0293693e-01  -6.8944557e-01  -4.2278246e-01  -1.1476821e-01  -2.1666464e-01   1.0982296e-01  -4.4284351e-01  -4.5530060e-01  -9.8478184e-02  -6.1355059e-01   2.5715723e-02   5.6372302e-03  -3.4294626e-01   7.0589917e-02  -4.5689904e-01  -2.6360335e-01  -1.3765108e-01   4.0267579e-01   6.5179107e-01  -2.0422137e-01  -2.3568636e-01  -2.1556810e-02   1.8057756e-01  -6.3787647e-01   4.9561524e-02  -2.8617826e-01   7.6647892e-02  -6.3252624e-01  -1.6409821e-01   7.5334118e-01   3.8262812e-01  -1.7873593e-01  -2.1933833e-01   6.4754431e-01   6.9574511e-01   2.9400652e-01  -3.2859911e-03   1.2298807e-01   8.0458757e-02   2.0891336e-01  -5.8103462e-02
  -5.6850339e-02  -9.2180546e-02   4.4451134e-01   1.2876899e-01  -7.0556238e-02   0.0000000e+00   9.3137809e-02  -1.8111008e-01  -1.9620867e-01   1.8416484e-01  -2.8275378e-01   2.9675463e-01   1.6979803e-01   8.2468009e-02  -2.0926001e-01   2.6249881e-01   3.4284269e-01  -7.0001474e-02   3.1587485e-02   2.7926385e-01  -3.7836349e-01   2.3933530e-02   1.5743149e-02  -1.4249448e-01  -1.0917700e-01  -1.4909257e-01   5.2303318e-01  -1.0771205e-01  -1.1103078e-01   3.5604680e-01  -4.9285565e-01  -3.5414789e-02   1.3615826e-01  -5.1405159e-02   1.2062242e-01   1.0629713e-01  -3.1038304e-01  -2.2302936e-01   8.8939760e-02   4.7235580e-01   9.5881221e-03   7.1591765e-02  -2.7635158e-02   6.4018576e-02  -1.3439537e-01  -1.5105596e-01   8.7449287e-02  -2.1793712e-01   1.5227207e-01   3.3279423e-01   4.8861204e-02  -9.2174801e-02  -2.7347956e-01   1.1243522e-01  -4.1224838e-02   2.3268651e-01   9.6413223e-03  -9.1891786e-02  -1.7126643e-01   1.7852983e-01  -6.8678744e-04   1.2161294e-01  -1.1457490e-01  -4.3460446e-01  -5.0304352e-01   1.5108044e-01   7.6952400e-01   1.5512264e-01   2.0236699e-01   5.5246153e-01  -4.0590775e-02   2.1397118e-01  -1.7181961e-01   8.4129881e-03  -9.9206999e-02  -2.0135069e-01  -2.1793716e-01   1.6067007e-01  -1.0778954e-01  -1.3077375e-03   1.1169002e-01  -1.7073115e-01  -2.3306146e-01  -2.7806008e-02   2.3641716e-01  -1.2922199e-01   1.9207929e-01  -6.7233379e-02  -1.7291141e-01  -2.3277827e-01  -1.5736590e-01  -4.2631130e-02   3.1935660e-01  -2.2028969e-01  -3.7774484e-01   3.6547842e-01   1.0253536e-01  -4.2797851e-02   1.3390604e-01  -1.3385203e-01  -1.2207443e-01  -2.1334054e-01  -1.3621099e-01   7.2751906e-02  -6.4476166e-02  -6.4855502e-02   8.1767477e-02  -3.2490389e-02  -1.3093700e-02   3.4006187e-01   2.2866172e-01   3.4014712e-01   2.5655443e-01  -1.5776298e-01  -8.2079425e-02  -2.8036914e-01   2.0421068e-01  -1.1179543e-01   3.1562907e-01   2.4035048e-01  -1.6366773e-01   1.1408923e-01   4.6337358e-02  -4.2320396e-01  -1.7681399e-01   2.2215133e-01  -2.1637699e-01  -2.3103344e-02  -5.1083129e-02   4.5513652e-01  -2.1813401e-03  -3.2822036e-01   5.7298790e-02  -4.9986263e-03  -7.7332639e-02  -9.3753541e-02   4.2714921e-02   6.9712188e-02  -1.3528860e-01   8.4763537e-02  -2.0427724e-01   1.6351037e-01  -1.5003503e-01   5.8713929e-01  -3.3827639e-01  -2.2702093e-01   3.7020610e-01  -1.2775897e-01   4.6490935e-01  -4.5496180e-01  -2.4841888e-01   8.8216657e-03  -1.3204261e-01  -3.0946701e-01   2.7996708e-01  -1.2451023e-01  -1.4658312e-01  -2.7367697e-01   5.5650168e-02  -8.3872058e-02   1.1649615e-01  -2.6329136e-01  -2.5385672e-01  -5.8506083e-02   1.5234411e-01   1.2705574e-02   1.3919579e-03   1.4385809e-01  -1.3873014e-01  -1.2835101e-01  -6.9374080e-02  -2.0205906e-01   1.7671666e-02   5.7597879e-01   1.0861569e-01   3.2333947e-03   1.3344857e-01
  -2.2750289e-01  -1.0702110e-01  -2.3189735e-02  -5.0761689e-02  -2.6533098e-01   9.3137809e-02   0.0000000e+00  -1.8557820e-01  -1.5053019e-01   4.3468749e-01   1.9238884e-01   8.7144467e-03  -1.1275612e-01  -8.4771138e-02   3.4226065e-01   1.4694780e-01  -9.3876874e-02   3.6194937e-01  -2.7040000e-01  -1.3294610e-01   3.1020544e-01  -2.2544715e-01   4.3272402e-01  -2.6771469e-01  -1.3841436e-01  -2.3820720e-01   3.1269901e-01  -3.6288976e-02   3.5045562e-02   2.9898329e-02   1.3269571e-01  -5.5306118e-02  -1.8728056e-01   6.2070659e-01  -2.0136471e-01   4.1411655e-02   2.0988249e-01  -1.2333350e-01   3.3821992e-02   3.8693813e-01  -1.5404786e-01  -1.5648440e-01   7.9880576e-02  -1.0855910e-01   1.6055766e-01  -3.0847309e-01   6.2802709e-02   4.8250776e-01  -1.1627650e-01   2.4803468e-02   4.0969370e-01  -3.5143038e-01   3.8855532e-01  -2.6210947e-01  -9.4396193e-02   1.1462942e-01  -2.6940454e-01  -2.2879978e-01   1.3426498e-01  -1.7738098e-01  -1.8116454e-01   1.9088801e-02  -1.5930597e-01  -1.4916029e-01   2.0407635e-02   3.5220001e-01  -5.1542245e-02   2.2343525e-02  -5.0377151e-02   1.1965477e-01   3.5719892e-01   1.0632604e-01   9.4044501e-02  -3.7062813e-01  -2.7269858e-01  -1.4156460e-02  -2.1812201e-01  -9.0748052e-02  -2.1873559e-01  -1.0635035e-01   3.7000655e-01   3.1250145e-01   1.0054790e-01  -3.2814020e-01  -2.0990123e-01   8.9501591e-02  -3.8288190e-02  -2.4727269e-01  -3.1694139e-01  -3.1148619e-01  -1.9020494e-01  -2.5052085e-01   7.1560518e-02  -1.9157423e-01  -2.2270343e-01  -2.9460729e-01  -3.7586965e-01  -3.3650384e-01  -2.0003482e-01   6.3604768e-01   5.4516624e-02   4.9041734e-01  -5.2617758e-02  -8.8042445e-02   1.7422843e-01  -7.8685094e-02  -2.1703105e-01  -2.9175890e-01   1.5534081e-01  -2.1803371e-03   3.5697723e-01  -7.6230203e-02  -2.0682371e-01  -3.6007457e-01   7.2836678e-02  -1.7081025e-01   5.4374435e-02   9.3661428e-02  -1.7620341e-01  -1.0588106e-01  -3.6245682e-01  -2.5962853e-01  -1.9238445e-01   6.9467546e-02  -4.9490861e-01  -3.1558062e-01   1.8617012e-01  -1.2497327e-01  -1.0639601e-01   6.6037475e-02   1.1538614e-02   4.5604060e-01  -3.8355006e-01   1.2525808e-01  -5.9383253e-02  -1.6898388e-01  -2.7315400e-01   1.7179243e-01  -1.0478183e-01  -2.4117051e-01  -2.1390766e-01   9.5228807e-03   1.2780749e-01   7.8544501e-02   4.2505513e-01   2.2793125e-01   5.4397935e-01   1.0209096e-01   2.6150662e-01   3.1998670e-01  -2.1316513e-01  -4.6605045e-02  -3.8823480e-01   3.1708079e-03  -1.0129297e-01  -1.4869084e-01  -2.7888001e-01  -2.4257627e-02  -2.3270914e-01   8.3189058e-02  -2.5467883e-01  -1.1869139e-02   1.4284248e-01   1.2601941e-01  -2.6607451e-01  -3.2823599e-02   1.9032069e-01  -6.0425510e-02  -2.4433943e-01  -2.6140896e-01  -5.2173922e-02  -1.1579469e-01  -4.5354893e-02  -1.1186371e-01  -1.8743250e-01  -1.8545249e-01  -2.5377232e-01
   2.3531657e-01  -3.2857776e-01  -2.6256816e-01   4.1096209e-01  -4.3717898e-01  -1.8111008e-01  -1.8557820e-01   0.0000000e+00  -3.9700319e-02  -2.4550459e-01   2.5578855e-01  -5.4745806e-01  -1.3159749e-01   1.2230139e-01   2.5306401e-01  -2.5316185e-01  -3.0155769e-01   4.1365727e-01   2.7720965e-01  -4.0833392e-01   1.8738275e-01   4.7699646e-01   1.4402179e-01   4.2975429e-01  -2.3452271e-01   4.5294821e-01  -2.5078753e-01   3.7815026e-01  -1.8434149e-01   2.4858523e-01   2.6237739e-01   5.1286841e-01  -8.5104638e-02  -1.8322920e-01  -2.7340974e-01  -3.3928449e-01  -2.4111739e-02  -2.6292136e-01  -3.7055560e-01  -3.1593869e-01  -2.0923095e-01  -6.1156370e-02  -3.4825406e-01   2.2573539e-01  -2.3089074e-01   2.1293059e-01   1.9522264e-01   1.0050257e-01  -1.2682870e-01  -3.3038438e-01   4.5514887e-01   6.9866571e-01   7.9696231e-03  -1.7071252e-01   1.1335586e-02   1.8951990e-01   3.2769540e-01   5.9076512e-01   3.1327528e-01   7.2786963e-02  -1.2559349e-01  -1.6353413e-01  -3.5560305e-01   1.6164198e-01   1.0918764e-01   1.5580949e-01  -4.1539181e-02  -1.9416794e-01   2.9495109e-01  -1.3221654e-01  -3.4261919e-01   2.9068517e-01  -2.2250137e-01   1.4039735e-01  -4.5182584e-02   4.9605737e-01  -1.2108723e-01   1.6745991e-01  -3.7333311e-01  -1.1927542e-01   2.5051243e-01  -3.0988228e-01  -1.6209800e-02   4.5291427e-01  -1.3761187e-01   5.9615756e-01  -5.1609945e-02   2.6516276e-01  -2.6265747e-01   4.4799218e-01  -3.5047087e-01  -7.0315204e-02  -3.3220508e-01   1.3758664e-01   1.1548384e-01  -2.4055487e-01   1.0176171e-02   4.8017718e-01  -3.0650576e-01   3.0962041e-02   9.2146423e-02   1.5563419e-01   4.2567343e-01   2.1756560e-01   5.3810157e-01   4.5177004e-01  -1.4683698e-01   5.0975811e-01  -5.0917900e-02   9.5592925e-02  -2.9729156e-01   3.8376189e-01   1.7000715e-01   3.8728048e-01   3.5375362e-01  -2.9659130e-01   2.2980856e-01  -3.2377919e-01   5.4454031e-02   3.1519771e-01   3.4070699e-01  -3.6773341e-01  -3.0682826e-01   1.2874982e-01   4.2846938e-01   1.3876154e-01   1.0099765e-01  -1.3719763e-01   5.7432904e-01  -3.2993746e-01  -2.5535089e-01  -1.1853531e-01  -9.1338358e-02   2.8704614e-01  -2.2172803e-01   6.5751926e-01  -2.9903153e-03   2.0975105e-01   7.0668117e-01  -1.0365858e-02   3.2543863e-01  -1.1278003e-01   4.5820656e-01  -7.3683453e-02  -1.4740586e-02   3.5268184e-01  -3.7156199e-01   8.7864023e-02   1.4561688e-01   6.8280506e-02   4.2599704e-01   2.2897985e-01   2.0081221e-01  -1.1454178e-01  -4.5120338e-01   1.9402378e-01   4.1374563e-01   5.7933713e-02  -1.2960042e-01   4.1175263e-01  -2.2852788e-02   5.2029574e-01   2.2957045e-02   5.3937784e-01   3.6236897e-01  -4.5652057e-01  -2.1243340e-01   1.7832597e-01   3.6007869e-01  -2.4353443e-01  -3.4384047e-01  -2.7931181e-01   6.5966324e-02  -3.5662344e-01  -4.7407594e-02  -2.0870311e-01   2.9030701e-01
  -2.7317863e-01   5.7009574e-01  -9.0238400e-02  -2.7245104e-01   4.4769648e-01  -1.9620867e-01  -1.5053019e-01  -3.9700319e-02   0.0000000e+00   1.0318600e-01  -1.9064895e-02   2.5518192e-01   2.0308675e-02  -5.5341409e-01  -3.4150964e-01  -3.0928332e-01  -6.0413168e-02  -1.4369151e-01   1.4282774e-01   2.2592884e-01  -9.8362658e-02  -1.3043015e-01  -4.3672809e-01  -1.7795990e-01   4.1162487e-02  -1.6480218e-02  -8.9318432e-02  -3.3414996e-01   5.2642959e-02  -4.3638518e-01  -1.0120973e-01  -1.0259352e-01  -2.7719444e-01   1.9260462e-01   3.3188833e-01   2.9847617e-01   3.2382658e-01  -1.3020999e-01  -2.3372372e-01  -1.8035556e-02   6.8559038e-02  -1.2328678e-01   3.8933374e-01  -2.2439289e-01   3.4785319e-01  -1.0189655e-01  -1.8691845e-02  -2.6865554e-01  -3.0428344e-01  -1.0587055e-01  -8.8825291e-02   6.2587842e-02   2.2459143e-02  -2.6495716e-01  -3.0473637e-01  -2.3170565e-01  -1.5642069e-01   4.7680851e-02   7.3682374e-02   1.8821926e-02  -1.3333574e-01   9.5093974e-02   7.0980053e-01   4.8342975e-01   4.5009453e-01   1.3769224e-01  -2.3763773e-01   7.2483448e-02  -3.0896911e-01  -2.6384468e-01   2.0211902e-01  -2.0521710e-01   1.3212535e-01  -2.9992636e-01   6.3101434e-02   9.8315551e-02  -1.7134387e-01  -1.5031159e-01   4.1126513e-01  -6.8190700e-03  -4.1155242e-01   1.7216213e-02   1.2514528e-01   1.2935242e-01  -4.0540814e-01   2.7293508e-03  -1.8091276e-01  -4.0927140e-01   3.9584922e-01  -1.6976494e-01   4.9579536e-01  -1.6489293e-01   6.7013344e-02   7.2671400e-01  -2.1758064e-01   1.8192833e-01  -2.0271232e-02   9.8665796e-02   2.2436438e-01  -1.4023314e-01  -4.2287439e-01  -2.0269487e-02  -2.2947529e-01   2.4977861e-01  -1.3463925e-01  -5.4442268e-02  -1.7060614e-01   8.9929863e-02  -1.0876472e-01  -5.9658101e-02  -4.4992816e-02  -2.8211070e-01   1.9231944e-01  -2.1667517e-01  -4.3013890e-01   5.1349537e-01  -1.8819302e-01   9.4782715e-02  -3.9235864e-01  -2.9252656e-01  -1.4883022e-01   3.8075253e-01   2.8382016e-01   4.2295584e-01   6.0824706e-02  -1.1633194e-01  -6.8405922e-02   6.0676721e-02   6.5929777e-02  -1.0395033e-01   3.2519671e-02   2.5899927e-01   1.7891320e-01  -2.2774923e-01   5.7845778e-01   1.1287875e-01  -6.4466085e-02  -5.0541579e-01   5.4600124e-02  -3.8563670e-01  -2.2283997e-01  -1.0605835e-01  -6.8760939e-02  -3.7595629e-01   6.6269893e-02  -2.2146830e-01  -2.3478651e-01   2.6103085e-01  -1.2878035e-01   9.6132874e-02  -2.2688032e-01  -3.1503996e-02  -1.8076734e-01   5.2547732e-01   1.9258842e-01  -3.6928648e-01  -1.5931332e-01   2.6701596e-02  -1.4769340e-01  -2.3441847e-01   1.5429822e-01   9.0897130e-02   1.5079219e-01  -1.4005014e-01   2.0537036e-03   2.6516593e-01   3.2195345e-01  -4.1237419e-03  -9.1969277e-02   2.8260274e-01   4.4479637e-01  -1.8088254e-01   2.0520173e-01  -9.8998366e-02  -4.1972947e-02   1.3193072e-02  -5.8239475e-02
  -2.5568489e-01   1.5262135e-01   4.9811940e-01  -9.8826088e-02   2.3782328e-01   1.8416484e-01   4.3468749e-01  -2.4550459e-01   1.0318600e-01   0.0000000e+00  -8.0210012e-02   4.5482235e-01   2.4026013e-01  -3.2615611e-01  -1.6860636e-01   2.8706236e-01   4.4063178e-01   5.9828377e-02  -2.9839326e-02   4.8564266e-01  -4.6435509e-02  -2.1343718e-01  -9.3254747e-02  -3.6790485e-01  -9.5197693e-02  -2.0923627e-01   3.3763765e-01  -4.8540147e-01   1.2825425e-02  -2.5338935e-01  -1.4203918e-01  -3.7557483e-01   3.2389444e-02   6.9807059e-01  -3.8837820e-02   4.2085615e-01   2.1806954e-01   1.3427494e-01   2.4695475e-01   5.4194473e-01   2.3638946e-01   2.3346324e-01   2.5052261e-01  -2.2873109e-01   2.4830663e-01  -6.2681617e-03  -7.0881291e-02  -8.1960658e-02  -1.4991132e-01   4.0708246e-01   1.5628544e-01  -3.3880417e-01   1.5423068e-01   1.1614219e-01  -1.8294243e-01   7.7704828e-03  -4.3256611e-01  -1.9738645e-01   1.3134095e-01   2.5258719e-01   2.1029722e-01   7.3711260e-02   1.0442863e-01  -1.3063031e-01  -1.3960993e-01   1.8384346e-01  -3.5326236e-02   3.5101506e-02  -3.2636271e-01   3.3400859e-01   4.1234629e-01  -2.8711376e-01   1.9676058e-01  -3.2473426e-01   6.3542182e-02  -2.8400853e-01   7.9043574e-02  -2.1543837e-01   4.6459873e-02   1.3865520e-01  -2.2990024e-01   3.7043280e-01   1.3816774e-01  -2.1861241e-01   1.0596021e-03  -3.6376685e-01  -2.5677285e-01  -3.9995180e-01   1.0411607e-01  -3.5605829e-01  -1.0254656e-02   1.2793258e-01   5.7977200e-01  -3.1083714e-02  -1.0305464e-01   3.7046718e-01   6.3800846e-02  -3.6964039e-01   1.0824820e-01   3.9392353e-01  -1.6438471e-01   3.8824426e-01  -3.7136416e-01  -6.5644213e-02  -3.1303232e-01  -2.5012308e-01   1.8984357e-01  -3.9671676e-01   2.8797541e-01  -1.0483221e-01   5.8685609e-01  -2.7852390e-01  -4.7288751e-02  -4.0384361e-01  -2.7657309e-01  -2.6968558e-02  -1.4814918e-01   2.2953694e-01  -1.8913832e-01  -1.9445846e-01  -2.7070781e-01   1.9274035e-01   2.4088102e-01  -1.9151647e-01  -3.8522706e-01  -2.4403340e-01  -2.5397749e-01   3.0060191e-01  -1.4059227e-01   4.5591562e-01   2.7624607e-01   3.9281589e-01   3.5034429e-02  -2.6333337e-01   1.9185566e-01  -2.6379460e-01   1.3705282e-01  -2.9593918e-01  -3.1306650e-01  -2.0160319e-01  -3.2897482e-01   3.5037636e-02  -1.6493424e-01   2.6235025e-02   1.4162783e-02  -3.2296656e-01   6.2705944e-01  -7.9185169e-02   1.8217230e-01   2.2697139e-01  -3.2404981e-01  -2.0100765e-01  -2.2216895e-01  -1.3497968e-01   4.1955525e-01  -2.4216357e-01  -1.7890135e-01   1.1181818e-01   1.4650962e-01  -3.6912284e-01  -1.0447292e-01  -2.5220818e-01   1.7740729e-01  -3.1439854e-01  -2.0331723e-01   2.0895130e-01   8.7892161e-02  -2.8308116e-01  -1.6657153e-01   1.9609491e-01   2.2217259e-02   1.7651420e-01  -2.2327244e-01   1.6846854e-01  -1.8432792e-01   1.7990116e-01  -1.1906664e-01
  -4.0182635e-02  -3.8259947e-01  -3.9709415e-01  -4.5900595e-02  -3.3609808e-01  -2.8275378e-01   1.9238884e-01   2.5578855e-01  -1.9064895e-02  -8.0210012e-02   0.0000000e+00  -4.0904254e-01  -1.4307798e-01   3.1963354e-02   5.2853659e-01   1.2955982e-01  -4.0534028e-01   7.0790080e-01  -2.6985083e-01  -2.8581140e-01   4.8682610e-01  -3.7677617e-03   4.7952810e-01   1.6272329e-01   2.4186568e-02  -1.2002889e-01  -1.3710482e-01   1.7070414e-01  -2.7944080e-02   2.7550507e-02   4.5398321e-01   2.6851872e-01   2.5327214e-02  -2.3732430e-02  -1.8345002e-01   9.0754636e-02   8.6966239e-02  -1.3630089e-01   1.2463619e-01  -3.4397610e-01   2.7983582e-02  -7.1063967e-02  -3.4032239e-01   4.3566305e-01   3.5555271e-04  -3.6058444e-02   7.5931964e-01   4.4261148e-01   7.6036328e-02  -2.7615336e-01   5.5001939e-01   1.6628867e-01   2.2655980e-01  -1.8250854e-01   7.0764922e-02   4.0522180e-01  -1.0806900e-01  -1.1931615e-02   5.7533158e-01  -3.2098339e-01  -1.7565153e-01  -3.2716402e-01  -3.6818418e-01   2.3180961e-01   2.6405894e-01   4.7819452e-01  -2.3317667e-01  -1.9630672e-01   4.2486961e-01  -2.0591396e-01  -1.8023384e-01   1.8704583e-01   2.0046918e-01  -7.4081141e-02  -9.3503194e-02   2.9291323e-01  -6.2126860e-02   1.7838372e-01  -3.0955255e-01  -3.0260149e-03   2.5220278e-01   2.2324319e-01   1.4759822e-01  -1.8526551e-01  -1.9938139e-01   2.8639392e-01  -2.1083703e-02   8.0363146e-02  -3.5195022e-01  -1.4720393e-02  -1.2303299e-01  -1.5344965e-01  -2.5399526e-01   5.2954364e-02  -2.7815964e-02  -2.6862184e-01  -1.1694214e-01  -1.6306853e-02  -1.2539212e-02   6.1707917e-02   1.6137635e-01   2.8847290e-01   1.5314162e-01  -4.9016386e-02   4.6334192e-01   1.1750409e-01  -1.7249061e-01   2.5208366e-01   1.1758349e-02   3.3051554e-01  -1.3932438e-01  -3.8490810e-02  -2.1622374e-01  -1.0362543e-01   3.0447618e-01  -2.3677058e-01   2.2687160e-01   2.0474363e-01   9.5288160e-02  -9.3338386e-02   1.4497373e-01  -3.4370337e-01  -3.9174517e-01   4.8849544e-01  -5.3164889e-02  -1.0125469e-01   5.8397050e-01  -1.6136818e-01   1.7352306e-02  -3.5879618e-01   1.2364426e-01   1.7433180e-01  -4.4068099e-01   5.0851001e-01  -3.9781241e-01   7.6443993e-02  -2.0736571e-01   2.3707363e-01   1.8900422e-01  -3.1100134e-01   7.1888862e-02  -3.8308993e-02   7.1215947e-01  -2.5429441e-02   3.6211601e-01   6.1831863e-01  -1.8617946e-01   5.7549355e-01   3.7739306e-01   3.9226259e-02   7.7798216e-02  -1.7747261e-02   3.5333199e-02   1.8189282e-01  -4.9924369e-01   8.3663563e-02   3.6799898e-02   3.9990758e-01  -1.2624060e-01   2.7533732e-01  -7.1504648e-02   6.6954624e-01   5.2115843e-01   4.9842352e-01  -2.0974947e-01  -4.1942837e-01   6.8406287e-02  -2.4006262e-02  -5.1382267e-02  -1.2675682e-01  -1.1720802e-01  -1.2025830e-01   2.7521361e-01  -2.6742318e-01  -3.2019922e-01   2.6405665e-03  -3.0241686e-01
  -3.3359717e-01   6.7239491e-01   5.5230847e-01  -5.0391546e-01   6.7138737e-01   2.9675463e-01   8.7144467e-03  -5.4745806e-01   2.5518192e-01   4.5482235e-01  -4.0904254e-01   0.0000000e+00   1.4029124e-01  -4.8794020e-01  -6.4950135e-01   2.0904441e-01   5.6339424e-01  -4.5653513e-01   7.6308209e-02   7.0072019e-01  -3.9808350e-01  -4.5982642e-01  -6.0364672e-01  -4.7947419e-01   4.2655304e-03  -3.2433567e-01   2.3264313e-01  -7.1458507e-01   1.2003449e-01  -4.3092328e-01  -4.5715688e-01  -6.2584717e-01   8.2962883e-02   4.1592596e-01   3.6750128e-01   5.3930151e-01   1.6451307e-01   2.0353958e-01   3.4147440e-01   4.5369285e-01   2.7699191e-01   2.1540041e-01   6.7900554e-01  -4.0593334e-01   4.1921801e-01  -9.5388916e-02  -2.8268589e-01  -5.8530970e-01  -1.2447277e-01   4.7953022e-01  -4.6817177e-01  -4.4741700e-01  -4.8386046e-02   1.9696044e-01  -1.6713697e-01  -3.1406619e-01  -3.5205696e-01  -4.7528187e-01  -2.1909781e-01   2.8055231e-01   2.7309698e-01   9.9331763e-02   6.1272210e-01  -5.4799693e-02  -9.7960312e-02  -1.6952233e-01   8.7938452e-02   1.5867731e-01  -4.7855183e-01   2.4844430e-01   4.6616438e-01  -5.5121033e-01   3.1904408e-01  -3.1639112e-01   1.6926539e-01  -4.9236299e-01   1.5405619e-01  -3.8801127e-01   6.4540995e-01   1.6663461e-01  -6.8447389e-01   3.0734294e-01   1.1012820e-01  -2.8678576e-01   6.4077719e-02  -6.3789348e-01  -2.8933539e-01  -4.5703286e-01   5.0209662e-01  -4.8765841e-01   4.9636436e-01   1.9129765e-01   7.1457344e-01   3.3663912e-02  -2.2299496e-01   5.2023788e-01   1.0444183e-01  -4.0079340e-01   3.5077630e-01  -5.8091585e-02  -4.5019639e-01   5.9651728e-02  -6.8876740e-01  -1.5834666e-01  -7.2963828e-01  -4.4227948e-01   2.1317369e-01  -5.2209492e-01  -1.0968602e-01  -1.5468671e-01   5.8395130e-01  -4.8920062e-01  -9.4384952e-02  -4.7964713e-01  -6.9763903e-01   5.1766613e-01  -4.8139367e-01   2.6062448e-01  -2.3778159e-01  -4.3340773e-01  -4.6431474e-01   7.2651346e-01   6.3947989e-01  -1.4053175e-01  -4.1906239e-01  -4.2484358e-02  -3.9835490e-01   2.4257540e-01  -4.7000811e-01   5.2533752e-01   3.4678205e-01   2.7498667e-01   4.7879834e-01  -5.4409636e-01   4.8704611e-01  -4.6200302e-01   1.6699899e-01  -6.3290264e-01  -5.6234095e-01  -2.0219175e-01  -4.4509337e-01   1.4366129e-01  -5.1165103e-01  -7.1524171e-02  -7.5018137e-02  -6.9591170e-01   5.3298347e-01  -1.4073563e-01  -1.4810627e-01  -3.6258959e-02  -5.9659067e-01  -3.1331778e-01  -2.1826732e-01   2.2245386e-01   8.0165065e-01  -2.9070988e-01  -3.8742687e-01  -2.4188434e-02   2.5450941e-01  -7.3335113e-01   9.9909655e-02  -4.9254858e-01   1.8800331e-02  -6.9351445e-01  -2.9212579e-01   7.5043960e-01   4.6603628e-01  -2.1789083e-01  -2.8814124e-01   4.9659562e-01   5.6188506e-01   2.4981930e-01  -2.0853453e-01   4.7911740e-01   2.2252232e-02   3.3722430e-01  -1.8439493e-01
   1.2838213e-04  -9.0592627e-02   1.8753758e-01   4.6730267e-02   1.8920095e-01   1.6979803e-01  -1.1275612e-01  -1.3159749e-01   2.0308675e-02   2.4026013e-01  -1.4307798e-01   1.4029124e-01   0.0000000e+00  -1.5188798e-01  -2.2107123e-01   1.3831511e-01   1.6693436e-01  -2.1622951e-01   8.1476350e-02   4.4841085e-01  -3.1456220e-01   1.1493036e-01  -6.5330591e-02  -9.9060672e-02   2.1132008e-01   1.3594913e-02   2.1296126e-01  -1.0997010e-01   5.2575236e-02  -4.1449050e-02  -4.0998919e-01  -1.1345179e-01  -8.3237342e-02   8.8187560e-03  -1.5191185e-01   1.0748038e-01  -1.4195628e-01   3.6937684e-02   1.8604000e-01   1.9861182e-01   6.6060882e-01   7.9016335e-02   5.1686008e-02  -2.7116758e-01  -3.7033681e-02  -4.4204411e-02   3.7937047e-02  -3.5832861e-01  -4.5103272e-02   1.7931047e-01   3.4316392e-02   3.4812071e-03  -3.6830560e-01   9.1497975e-02  -3.0056108e-01  -1.0577867e-01  -7.3786421e-02   7.3625735e-02   1.5549131e-02   2.1083717e-01  -4.4123376e-03   3.2261310e-01   3.0395439e-02  -2.3455230e-01  -2.5845177e-01   4.2279464e-02  -7.7302803e-02  -1.4077278e-02   1.8627671e-03   9.8932298e-02  -1.1267950e-01   7.0840039e-02   3.0530645e-01  -1.1429007e-01   3.9651220e-01  -3.0364121e-01  -3.5509218e-02  -1.5232577e-01   4.8562709e-02   2.1206104e-01  -8.2659375e-02   2.6832982e-01  -2.3878216e-01  -3.3297456e-02  -1.7577338e-01  -2.1843811e-01  -2.5316061e-01  -2.1670114e-01   7.7122270e-02   3.8934184e-02   3.8807436e-02   4.9049838e-02   2.3430835e-01   2.0185030e-02  -5.2584179e-02   4.8778317e-01   4.2435205e-01  -4.0768956e-02   2.1371745e-01   7.7363993e-03  -3.9389931e-01  -1.4453436e-01  -1.1153636e-01   3.6337502e-02  -1.0710425e-01  -1.2302219e-01   7.4748338e-03  -4.2982574e-02   2.7289578e-01  -3.1938775e-02  -3.3138801e-02   7.3534028e-02   1.4363125e-01  -7.9041748e-02  -1.7384698e-01  -5.7255155e-02  -1.7212321e-03   5.2763993e-01  -2.1462406e-01   1.1736811e-01  -1.0685635e-01   2.8107009e-01   8.5508960e-02  -2.7388654e-01   3.8615952e-02  -8.9435787e-03  -2.6627057e-01   2.1325796e-01   2.8850140e-03   1.0960318e-01   4.0271040e-01  -1.0689211e-01  -4.5882760e-02  -2.9450857e-01   1.9602892e-01  -1.2665552e-01   3.6461893e-01  -3.8013536e-01  -1.3283092e-01   1.0160939e-01  -3.6333457e-03   4.5380677e-01   1.2174306e-02  -8.9926440e-02  -2.0432029e-01  -3.7447897e-01   6.9664935e-03  -1.6627560e-01   1.2602673e-01  -9.3316588e-02  -1.2427025e-01  -1.3473251e-01  -7.1516445e-02  -1.0878842e-01   1.5575867e-01   7.0730904e-03   1.3878025e-02   1.9241703e-01   4.5096329e-02  -2.2411725e-01   2.2866532e-01  -5.8463561e-02  -2.0432527e-01  -1.1642959e-01   1.0119040e-01   1.4086483e-01   9.2630217e-03  -8.7907269e-02   3.6319786e-03  -1.2542687e-01  -1.1656083e-04   7.1700672e-02   6.8048881e-02  -3.6358463e-02   1.4355735e-01   1.3880434e-01   5.1388061e-02
   4.8303591e-01  -5.6545761e-01  -1.4666985e-01   4.5998215e-01  -4.7327277e-01   8.2468009e-02  -8.4771138e-02   1.2230139e-01  -5.5341409e-01  -3.2615611e-01   3.1963354e-02  -4.8794020e-01  -1.5188798e-01   0.0000000e+00   5.1777653e-01   1.4031102e-01  -1.5644961e-01   1.1665182e-01  -1.3923178e-01  -4.1130579e-01   2.4394180e-02   3.2215266e-01   5.0056053e-01   2.8020145e-01  -5.9649750e-02   4.3328836e-02  -1.4140524e-01   4.8518947e-01  -2.5204043e-01   5.7414987e-01   2.4953298e-01   3.4964156e-01   2.6923635e-01  -4.9078253e-01  -8.0554631e-02  -4.4960596e-01  -2.8035866e-01   9.5452749e-02  -9.9766506e-03  -2.2452249e-01  -1.4895322e-01   8.3402942e-02  -5.3367007e-01   4.0309357e-01  -4.7094175e-01   1.8991387e-01   2.4734893e-02   4.2160197e-01   3.6576232e-01  -9.8929427e-02   9.4015800e-02   1.0700601e-01  -1.1360375e-01   2.5280285e-01   5.6181313e-01   3.8086248e-01   2.4412823e-01   1.7256264e-01  -9.4176890e-02  -1.0636173e-01   8.3313876e-03  -1.6742604e-01  -6.4431678e-01  -3.2195908e-01  -3.3594410e-01  -1.7089844e-01   2.3578885e-01   3.1531259e-02   3.6884856e-01   6.7031304e-02  -4.3005552e-01   2.9918238e-01  -2.3197232e-01   6.0485391e-01  -9.9909854e-02   1.3835572e-01   1.4991721e-01   2.7745511e-01  -4.6026183e-01   8.5990743e-03   5.3653766e-01  -1.7043374e-01  -2.3513901e-01   6.9845503e-02   4.9044675e-01   1.6089771e-01   5.3128695e-01   7.5993362e-01  -4.7777586e-01   4.0597295e-01  -4.8453411e-01   4.7639233e-02  -3.4056881e-01  -3.6522355e-01   3.3085899e-01  -3.3390441e-01   7.8504693e-03   1.2591579e-01  -2.1542559e-01  -1.2130733e-01   5.8408519e-01  -9.9008088e-02   4.4663667e-01  -4.1328038e-03   2.5393315e-01   2.7647892e-01   1.4613122e-01   1.2223398e-01   3.8468359e-02   6.8878790e-02  -2.2740633e-01   4.7136973e-01   4.1896700e-02   5.7903729e-01   5.9681317e-01  -5.7291333e-01   3.4723111e-01  -1.9369127e-01   4.7227309e-01   3.9201711e-01   3.3433606e-01  -4.7666327e-01  -2.7669747e-01  -3.5434464e-01   1.8842537e-01   2.2062082e-01   1.3266145e-01  -1.0079466e-01   1.3429864e-01  -1.1893062e-01  -2.8345678e-01  -4.2840100e-01  -1.6899601e-01   3.4842469e-01  -5.2479146e-01   4.9629989e-02  -1.3445953e-02   7.1412211e-01   1.5052935e-02   4.1132859e-01   4.7373410e-01  -2.7867988e-01   6.8065045e-02   3.7892840e-01  -1.7449807e-01   4.2048828e-01  -1.0796298e-01  -2.5883803e-01  -2.0539032e-02  -3.1258756e-01   4.7774660e-01   2.3307701e-01   3.4780810e-01  -4.9631385e-01  -3.7203560e-01   3.1027523e-01   2.3276924e-01  -5.3607350e-02   3.0565617e-02   4.7138733e-01  -1.9165336e-01  -1.8785422e-02  -1.9182042e-01   2.4647217e-01   7.3996241e-02  -4.0242626e-01  -5.1499987e-01   5.5847091e-02   2.8349029e-01  -2.8192734e-01  -4.9845932e-01   6.6875072e-02  -1.2392510e-01  -2.1943131e-02  -1.0207369e-01  -2.3715975e-01   2.3154286e-01
