   0.0000000e+00   3.2748175e-02  -2.6857179e-01  -2.4648017e-01  -7.6944398e-02  -1.8055809e-02  -3.2384176e-01  -2.4256360e-01  -3.4463246e-02  -3.8691498e-01  -1.1285734e-01  -3.2993441e-01  -2.9609081e-01   5.4068132e-01  -4.0375176e-01  -4.3592215e-01  -3.1946166e-01   4.4001593e-02  -6.1285701e-02  -1.8997054e-01  -1.6969763e-01   9.9403897e-02  -3.0374253e-01   7.6656828e-01   8.4427339e-02  -9.9055976e-02  -2.7117670e-01   1.2349070e-01   1.0233779e-01  -1.5260170e-01  -4.3188036e-01  -1.2534630e-01  -1.2762840e-01  -3.5833889e-01  -1.5509638e-01  -2.1411996e-01  -2.2672115e-01   4.6650192e-01  -3.6575731e-01  -3.9723826e-01  -3.3305890e-01  -4.8062939e-03  -1.3269458e-01  -1.3927361e-01  -1.8945914e-01   6.7257537e-01   7.3699218e-02  -3.8877030e-01  -2.5336625e-02  -2.7213768e-01   3.6057206e-02  -1.3748097e-01  -2.3866074e-01  -2.1950333e-01   1.9475577e-01  -1.5828117e-01   1.4149902e-01   5.6133993e-02  -2.3704308e-01   1.2644076e-01   4.0811060e-01  -2.2942179e-01  -1.7084409e-01  -2.1336260e-01   6.6370386e-02  -1.4089672e-01  -2.9367236e-01  -1.7997125e-01  -1.8949418e-01   4.2217354e-02  -2.8200899e-01  -1.7085315e-01  -4.4700608e-01   2.7049927e-01  -1.5819585e-01  -8.1726461e-02   3.9819125e-01  -1.5141991e-01  -1.0898356e-01  -2.8513571e-01  -7.0033508e-02  -4.9300557e-01  -2.6223887e-01  -1.5857405e-01   1.2896714e-01  -1.5291483e-01  -8.1236432e-02   5.4529654e-01  -1.1029513e-01   7.8896719e-01  -7.0924198e-02   3.2510617e-01  -1.6008755e-01  -2.6220841e-02   5.0851685e-01  -1.9408241e-01  -4.1466208e-02  -4.1339186e-02  -2.7235071e-01  -3.2717904e-01  -1.3756089e-01  -4.0967786e-01  -1.5494643e-01   1.6222571e-01   1.0196322e-02  -6.9435779e-02  -2.1436779e-01  -1.4248269e-01  -1.5480468e-01  -7.0183545e-02  -5.0651694e-01   9.5579287e-02  -1.3789685e-01   8.3390918e-01  -2.9942725e-01  -2.8178425e-01  -8.2261977e-02  -2.4224913e-01  -1.2052566e-02  -1.3681028e-01   4.8431382e-01  -1.2124513e-01  -2.4104407e-01  -1.6382708e-01   7.3926392e-01   4.0067779e-01  -9.0727476e-02  -2.1773321e-01  -4.1121652e-02  -5.5317244e-02  -2.4949986e-01  -2.6629149e-01   5.3634646e-01  -2.9942200e-01  -1.4476546e-01  -1.5494606e-01  -3.7114697e-01  -3.3742468e-01  -1.8016973e-02   5.8670181e-01   6.3761306e-01  -7.3545772e-02  -3.6271009e-02   3.8933791e-02  -4.0115677e-01  -2.1957013e-01  -4.6963984e-01   3.9976378e-02   1.4239544e-02  -2.1789174e-01   1.0756032e-01  -1.2214053e-01   4.3107603e-01  -2.0671341e-01   6.3748392e-02   6.7671068e-01   6.9732722e-01  -2.1414277e-01   3.4760229e-01  -3.2833354e-02  -1.5634810e-01  -2.2389881e-01  -6.0913054e-03  -1.5895474e-01  -5.2769416e-02  -3.9974989e-01  -2.4484054e-01   1.7557410e-01   5.6857462e-01  -1.7071962e-01  -2.1317734e-01   5.6368068e-01  -1.6920287e-01   1.2638946e-01   2.3364236e-02  -1.9515756e-01  -1.2831711e-01
   3.2748175e-02   0.0000000e+00   6.1288337e-02  -1.9683846e-01  -1.0219706e-01  -2.0804145e-01  -2.2045687e-01  -8.3187309e-02   2.1156022e-01  -2.6959530e-01  -3.3081177e-01   4.8354956e-01  -6.2557184e-02   9.5383835e-02  -3.4273036e-01  -2.6625605e-01   1.7586390e-01  -2.8265857e-01  -1.9901270e-02  -1.7289987e-01   2.5241754e-02  -1.8024826e-01  -2.2570624e-01   3.8837021e-02   2.6230262e-01  -1.6338983e-01  -1.9446383e-01  -2.3602700e-01  -2.9534463e-02   4.5832864e-01  -1.7360862e-02  -2.3892232e-01   8.2076832e-02  -2.2570907e-01   6.0860400e-02  -2.6971588e-01  -1.5209141e-01  -1.0591245e-01  -8.4680205e-02  -1.2171821e-01  -1.5533883e-01  -1.0067216e-01   1.7170330e-01   8.3261926e-02  -1.0092014e-01  -7.9427825e-02  -2.0925256e-01   9.5399883e-02  -3.2998490e-02  -6.2675109e-02  -3.7968375e-01  -1.5111357e-01   4.7685312e-01  -7.3519397e-02   3.0352127e-01  -3.1449700e-01  -2.5361058e-01  -2.1296867e-01  -2.3164670e-01  -8.1155712e-03  -7.1396060e-02  -1.2673022e-01   4.1714645e-01   3.5916505e-01   3.4736206e-01   2.8316257e-02   8.9658503e-02  -1.9429736e-01  -2.8724697e-01  -2.1048135e-01   5.5699331e-01  -2.6266926e-01   2.3067916e-02   1.0975970e-01   1.6931073e-01  -2.9988974e-02  -1.2659358e-01   2.4299188e-02   2.5660098e-01  -1.3786182e-01  -3.3828487e-01  -1.2642197e-01   2.5254718e-01  -1.1667424e-01   3.0667294e-01  -1.7996231e-01  -1.0310153e-01   6.9611616e-02   5.7292794e-01   5.7034719e-02   5.1351875e-01  -1.5834154e-01  -9.7819649e-02   1.7885374e-01  -6.8561582e-02  -1.6527517e-01  -8.8977355e-02  -1.5930891e-01  -1.0749133e-01   4.8156025e-02   1.6555392e-01  -1.5530800e-01  -1.3966932e-01   4.0348293e-01  -1.3881735e-02  -1.6095134e-01   1.0698310e-01  -2.1686553e-01  -3.0648076e-01   6.3477727e-02   1.1791216e-01  -1.3843778e-01  -2.1895303e-01  -2.6092892e-02  -2.0938816e-01   2.7111384e-01  -1.7268324e-01  -1.5720629e-02   4.1647188e-01  -2.6623314e-01  -1.0768670e-01   1.3563919e-01   1.8894913e-02   4.1825149e-01  -1.0721370e-02   7.2717484e-02  -6.7062679e-02  -4.8313222e-02  -3.0073606e-01   2.3020431e-01   1.8556629e-03   1.4265461e-02   1.7286778e-01   5.7002914e-03   7.2885699e-02  -9.2125636e-02  -8.2687091e-02   1.4152548e-01  -9.7018518e-02  -8.3764115e-02   6.5312724e-03  -1.2988976e-02  -2.1351000e-01   1.5898494e-01  -7.9057927e-02  -2.1369297e-01   7.6839243e-02   2.5588575e-01  -1.2471446e-01   4.3072211e-01   9.5309465e-02  -1.2520743e-01  -7.5104940e-02   3.9682448e-01   4.2645610e-01  -3.1955555e-02  -3.6386361e-02  -2.4459502e-01  -1.0852807e-01  -2.7778888e-01   1.1622372e-01  -2.3642195e-01   3.1392621e-01  -2.0733905e-01  -2.1357755e-01  -4.6102928e-02   1.2539525e-01  -1.0616808e-01  -7.8008874e-03   3.5549489e-01  -1.5268277e-01  -7.6772795e-02  -4.4701785e-02   1.2177758e-01   1.5796196e-01   3.9999595e-03  -2.7735650e-01
  -2.6857179e-01   6.1288337e-02   0.0000000e+00   1.7244085e-01   6.9164779e-02  -4.0255707e-02  -2.2492966e-01   2.5617818e-01   9.3557654e-02  -2.1904056e-02  -3.4308184e-01   3.9024950e-01  -5.5157761e-03  -5.3217103e-02  -9.2005188e-02   5.3780993e-02   8.5212915e-01  -2.0138628e-01  -1.0478596e-02   6.2758733e-02  -3.7502092e-01  -8.1498944e-02  -2.4284954e-01  -2.0791347e-01   2.2789520e-02   1.4859476e-01   2.0345004e-01   8.0195002e-03  -1.3865931e-01  -3.9639770e-01  -6.5375452e-02   1.6726501e-01   1.7524393e-01  -2.5893768e-01  -2.9635689e-02  -1.5604465e-01  -1.4218801e-01  -2.2325884e-01   1.2496422e-01   4.8475261e-01  -1.1967283e-01   2.9950606e-01   3.7536970e-02   2.5492648e-01  -1.3437543e-01  -1.8933322e-01  -3.0430314e-01  -9.0972843e-02  -7.1850377e-02   6.5860041e-01  -2.2164239e-01   1.9093894e-01  -2.7551489e-01   5.9093206e-01   1.4128362e-01   2.0328421e-01  -1.6610106e-01  -1.8829280e-02  -1.7105186e-01  -2.9499163e-02   1.8506070e-02  -1.7496614e-02   3.3644886e-01  -6.5998930e-02  -3.5098646e-01   1.0366012e-01   9.0654663e-02   3.0205357e-01   3.8901336e-03   4.3498542e-01  -6.4745343e-02  -3.7475587e-02   1.4927886e-02   2.0238534e-01   4.9049851e-01   1.8227150e-01  -2.3895502e-01  -6.9217637e-02   1.4920652e-01   4.6652267e-02  -6.0578574e-03  -1.3716551e-02   1.3157473e-01   1.5685118e-01   2.9721047e-01   1.2752637e-01  -1.2239143e-01  -1.0935876e-01   2.3675706e-01  -3.8946461e-01  -1.1291444e-01   3.6392886e-01   9.1437294e-02   5.4401170e-02  -2.9359704e-01   2.7938264e-01   1.7314290e-01  -6.4891782e-02   5.7832734e-02  -2.6527974e-01   3.5822925e-01   5.1136676e-02  -9.8374489e-02   7.3821590e-02   4.5347758e-02   2.2112456e-01   5.5871801e-01   1.1747630e-01   2.8644798e-02   1.0506057e-01   2.0529172e-01  -2.1500674e-01   1.9276738e-01  -2.9745545e-01   2.3572487e-01  -2.8573794e-01   2.7813789e-02  -1.6383249e-01   3.6792546e-01   1.3753048e-02  -3.0861475e-02   9.6113048e-02   1.5826057e-01  -1.5174845e-01  -2.4281152e-01   1.9075851e-01  -1.5089116e-01   1.5347117e-01   2.4229193e-01   5.5196513e-01   1.3209555e-02  -3.7076357e-01   6.1493427e-02   6.2572654e-03   3.6481160e-01   1.4300869e-01   4.2700736e-01   2.1617455e-01   9.9341687e-02  -9.6902166e-02  -2.6143205e-03  -5.9888743e-02  -2.2720346e-01   4.5535163e-01  -9.1498668e-02   2.0558434e-02   7.0409996e-02  -2.7441334e-01  -2.4004182e-01  -2.5687060e-01   4.1250955e-01   7.6710402e-02   1.1185855e-01  -2.4138650e-01   5.6924885e-01  -1.8910310e-01  -1.2363663e-01  -1.9324501e-01   2.1839337e-01   1.1751497e-01   4.5683329e-01  -5.5825809e-02  -1.7336260e-01  -1.9819377e-01   1.3094395e-01  -1.8753567e-01  -5.8317823e-02  -6.7820750e-02  -4.4586580e-02   2.0845801e-01  -1.3784789e-01  -1.7420260e-01  -9.8705072e-02   1.4170954e-01   8.0473740e-02   8.2085054e-02   1.5495113e-01
  -2.4648017e-01  -1.9683846e-01   1.7244085e-01   0.0000000e+00  -6.5308381e-02   3.3233703e-01   9.4432792e-02   1.4231897e-01  -6.4143245e-02  -3.6305091e-03   1.7482922e-02  -1.1808444e-02   1.9150803e-01  -2.9158091e-02   2.0899727e-01   2.3999211e-01   1.6894605e-01   3.0159044e-01   9.5507856e-02   6.4785280e-02   9.7596378e-02   2.5338483e-01   1.5530156e-01  -2.5114907e-01   5.2008445e-03   8.9908927e-02   4.0511696e-01   1.3344534e-01   4.0710009e-02  -1.0180518e-01   5.9858301e-02   3.9591405e-01   2.1759784e-01   6.2927276e-02   2.3872116e-01   2.8696276e-02   3.0606464e-01  -3.1369026e-01   2.1906844e-01   2.6185402e-01   2.3267756e-01   2.1797929e-01  -5.0711617e-02  -3.0932661e-02   1.3804295e-01  -3.2091064e-01   7.1409589e-02  -4.4934344e-03   1.3187995e-01   5.0572012e-02   3.4418271e-01   1.6425721e-01  -1.5342465e-01   2.6312168e-01  -6.0006442e-03   2.0072312e-01  -3.5532446e-04   3.2658111e-01   3.3783571e-01   2.0730754e-01  -1.7087687e-01   1.3751800e-01  -7.5420783e-02  -1.7133870e-01  -2.5168890e-01  -1.2896071e-01   2.8868103e-01   2.4949994e-01   4.4334561e-01   6.0270240e-02  -1.1835007e-01   4.2475830e-01   1.8951278e-01   1.0743818e-01  -5.0520779e-02  -2.5574867e-02  -3.1079784e-01   1.0240224e-01  -2.3505689e-01   2.9528311e-01   2.8582108e-02   2.4845061e-01   5.0997967e-02   4.7508866e-02   8.4652896e-02   1.0579902e-01   2.3872102e-02  -2.1899793e-01  -1.4384872e-01  -2.3983994e-01  -3.1481647e-01  -5.0289966e-02   9.3424939e-02  -6.8996532e-02  -3.3773035e-01   1.6207748e-01   4.1483594e-01   7.4236666e-02   2.3485171e-01   9.2060362e-02  -5.1964560e-03   2.0658336e-01   1.2234367e-01  -1.1228992e-01   1.9411448e-01   4.5337960e-01   1.9900843e-01   3.5019523e-01   1.8630886e-01   2.0248638e-01   9.8825084e-02   2.6385426e-01   5.9286511e-01  -3.3259005e-01  -6.9366726e-02  -2.8803726e-02   1.8946557e-01   1.1650863e-01   4.6479069e-02   6.4473981e-01  -1.6363666e-01  -8.9522135e-02  -2.5959240e-02  -9.1331620e-02  -3.9349630e-01   1.0026691e-01   8.5187185e-02   9.3995295e-02   2.6727448e-01   5.2970608e-02   7.6654796e-02   4.0379584e-02   3.6266025e-02   9.5296077e-02   2.1265314e-01   1.1600529e-01   3.1104339e-01   2.1433975e-02   8.8666082e-03  -2.9359151e-01   9.3237216e-03   2.8806436e-02  -8.7669144e-03   1.3695123e-01   1.0864850e-01   7.9440063e-02  -2.8448678e-02  -2.2699918e-01   3.4505950e-02   5.5018226e-03  -3.6433277e-02  -3.3414457e-02  -6.7396880e-02  -2.7963809e-01  -6.0605874e-02  -3.1909537e-01  -2.4668089e-01   2.9264530e-01  -8.7508355e-02   3.7349626e-02   2.1815102e-02   6.4186261e-03  -1.7590329e-01   1.9557874e-01   4.2260326e-01   9.3139723e-02  -1.0593003e-01   1.6350245e-01  -1.4223705e-01  -1.5768439e-01  -6.2212066e-02  -3.9879269e-01   1.4234817e-01   1.7686411e-01  -1.4532566e-01   1.2543106e-01   5.1367437e-01
  -7.6944398e-02  -1.0219706e-01   6.9164779e-02  -6.5308381e-02   0.0000000e+00   9.3018518e-02  -2.3301657e-02  -4.3719626e-02  -3.9612840e-02   9.1022307e-02   1.6277786e-01   1.3639892e-01   5.0948229e-01  -2.3353657e-01  -1.4394164e-01   3.9239222e-02   1.0224401e-02   1.1054944e-01  -2.6986304e-01   8.4172223e-01  -2.9017398e-01  -1.3261222e-01   4.4853232e-02  -1.5869870e-01   2.2452303e-01  -1.0532393e-01   1.9100989e-01  -3.0858594e-01  -1.3380341e-01  -1.7854943e-02  -2.7040234e-01  -8.5959576e-02  -2.0669440e-01   3.3254148e-02  -6.6705884e-02   7.5002737e-01   2.8641012e-01   7.4036372e-02  -3.4761756e-02   2.6221452e-01   4.9554189e-01  -2.4864499e-01   1.6818246e-01  -2.3483672e-01   1.7498938e-01  -1.8290604e-01   4.3026460e-01  -8.2197706e-02   4.8939746e-01   1.7634778e-01   6.9065803e-02  -8.3363460e-02  -4.0938089e-02  -9.2395848e-03  -1.7245081e-01  -9.1937705e-02  -9.0214805e-02  -2.8361575e-01   2.6482647e-01  -2.4357166e-01  -6.9325760e-02   3.9428236e-01   6.6612432e-02  -2.7065805e-01   1.7764148e-01   2.9370586e-01   9.6483946e-02  -9.9327871e-02   2.0681639e-01  -1.6995707e-01   1.8505386e-02   8.0000374e-02   2.3095927e-01  -1.5683593e-01   1.4491579e-01  -2.1994540e-01  -8.0802813e-03   7.1701594e-02   3.7248590e-01   2.3792764e-01  -2.5074425e-01   2.5633673e-01  -2.4424790e-01  -1.2954156e-01  -2.9536302e-01  -2.3443790e-01  -1.5590253e-01  -2.3987954e-01   1.1633718e-02  -2.3153167e-02   3.0386862e-01  -3.2332471e-01   4.3068639e-01  -1.3412607e-01   8.5891626e-02   7.1643174e-01   1.6290160e-01  -2.1246928e-01   5.4158210e-01   3.8852286e-02  -3.6876161e-01  -1.8795480e-01  -2.8052907e-01  -7.7795222e-02   1.4404017e-01  -2.0148748e-01  -3.0261798e-02  -8.8027290e-02   4.4236602e-01   1.7207933e-01   1.4879440e-02  -1.4832589e-01  -9.1663883e-02  -3.2909576e-02  -3.8287238e-01   2.7838321e-01  -1.0749528e-01   4.4909571e-01  -1.7354111e-01  -5.0008873e-02  -3.4599441e-01   7.0273736e-01   1.3288157e-01  -7.8646475e-02  -9.8387053e-02  -3.0056272e-01   3.0078201e-01   2.0075592e-01  -2.6015709e-01  -2.1503063e-01   1.4160893e-01  -3.7777125e-03  -2.7237951e-01  -3.6225340e-01  -1.0732689e-01  -2.1651127e-01   1.8658207e-01  -3.6071927e-01  -2.2118230e-01  -1.2358206e-01  -2.3099588e-01   2.0863770e-01   2.0151539e-02  -2.8961445e-02  -1.7926902e-01  -2.1385546e-01   1.2729706e-01   4.3500327e-01   3.3545838e-01  -1.9036252e-01  -3.6704504e-01  -2.3973557e-01  -3.7918381e-01  -4.7493026e-02   1.8565675e-01  -2.3733112e-01  -2.4264560e-01   2.9842636e-01  -3.2687293e-01  -2.4986211e-01  -4.7265126e-02  -1.9041911e-01   1.6449406e-01  -2.0802709e-01  -1.8744380e-01   2.3022512e-01   1.3983446e-01  -1.8364970e-01  -3.0419412e-01   3.0822758e-01   4.1006927e-01  -9.9643098e-02   1.6093269e-01  -3.9163409e-02  -6.2884488e-02  -1.8469946e-01   2.0616149e-02
  -1.8055809e-02  -2.0804145e-01  -4.0255707e-02   3.3233703e-01   9.3018518e-02   0.0000000e+00   3.2093293e-01  -2.3849641e-01  -2.7254465e-01  -9.0032752e-02   4.3261674e-01  -1.2807560e-02   2.0992814e-01  -1.0873261e-01   2.2267615e-01   1.4707774e-01  -8.1280766e-02   5.5562280e-01   1.1448037e-01   1.6866702e-01   4.3695497e-01   5.3681972e-01   5.3053735e-01  -2.4274302e-01   3.0511751e-01  -2.4463129e-01   1.8998011e-01   3.6121223e-01  -8.8938260e-02   6.2732365e-02  -2.4447882e-01   3.0561918e-01  -1.9531650e-01   1.9057508e-01   4.3223806e-01   2.9363436e-01   4.5656029e-01  -1.1877422e-01   8.4166944e-02   1.8033427e-01   2.5855613e-01  -1.6958258e-01  -2.2999485e-01  -1.5688006e-01   1.8750224e-01  -1.2303838e-01   5.8600095e-01  -1.2522518e-01   4.7840373e-01  -2.8622944e-01   5.9409515e-01  -1.0924087e-01  -3.2146463e-01  -1.1750109e-01  -9.0162514e-02   4.7398334e-01   3.3537330e-01   2.3085227e-01   2.9839036e-01   3.5843139e-01  -9.8535918e-02   2.8067209e-01  -5.3792201e-01  -5.2491860e-01  -1.8467004e-01   6.4706065e-04   6.3278078e-01  -3.1415612e-01   6.4413753e-01   2.3920974e-01  -4.0520843e-01   4.8392782e-01   6.1824503e-02   5.2887183e-01  -2.1750734e-02  -3.2453141e-01  -8.8588523e-02   2.1998936e-01  -3.2980163e-01   2.8538717e-01   8.4988811e-02   1.4338988e-01  -1.7181730e-01  -3.2042183e-01   2.8818620e-01   5.7468513e-02  -2.5727368e-02  -9.0697000e-02  -5.0236680e-01   1.7748608e-02  -4.0394818e-01  -6.0536769e-02   4.3312365e-01  -3.6153859e-01  -9.9665848e-02   8.5246744e-02   2.7370511e-01   2.2677317e-01   3.7968965e-01   2.1988785e-01  -4.2335986e-01   2.7087546e-01   1.8321249e-01   1.9562244e-03   3.5302750e-01   2.0140839e-01  -6.3128937e-02   1.2825073e-01   5.2560787e-01   5.5886532e-01  -2.6058017e-01   7.0701566e-01   1.3295224e-01   3.4949949e-02  -2.1709005e-01  -1.8007335e-01   3.8602618e-01   1.4699019e-01   4.7056784e-02   4.6342354e-01  -2.8751887e-02  -1.7875828e-01  -2.0843660e-01  -1.6857689e-01  -5.9974952e-02   1.1106169e-01   4.6925493e-01   4.3791888e-02  -4.9035842e-02  -1.4243100e-01  -8.6937892e-02   1.3983142e-01   3.4766583e-02  -1.8186719e-02  -2.4234804e-01  -1.6030815e-01   4.8907658e-02  -3.0615140e-01  -2.3114326e-01  -2.3463250e-02   1.4652573e-02   2.0327705e-01   4.3471352e-01   4.2513832e-01   2.6855841e-01  -7.1691034e-03  -7.8848038e-02   1.5334297e-01   6.1136544e-01  -1.1400546e-01   1.4621481e-01  -3.1114289e-01  -9.5565656e-02  -3.3174967e-01  -2.6333274e-01  -1.2721283e-02  -4.7478828e-02   3.6300364e-01  -3.2000617e-01  -4.6574327e-02  -4.0021876e-01   1.6022260e-01  -1.9911619e-01   2.2492894e-01   1.2615942e-01   5.5288894e-02  -1.0465471e-02   5.0245708e-02  -1.4735828e-01  -4.2786936e-01   2.3329790e-02  -1.3981935e-01   4.3778009e-03   6.8148833e-01   4.0035161e-03  -2.3982640e-01   2.0798079e-01
  -3.2384176e-01  -2.2045687e-01  -2.2492966e-01   9.4432792e-02  -2.3301657e-02   3.2093293e-01   0.0000000e+00  -2.6173859e-01  -4.0878163e-01   4.9690974e-01   3.6855867e-01   1.6532638e-01   3.8139224e-01  -3.2403602e-01   7.9147089e-01   4.2583559e-01  -2.9136725e-01   1.4856064e-01  -1.0101697e-01   1.1006595e-01   4.8518785e-01   1.5893468e-01   7.0800098e-01  -2.5970176e-01   1.7514672e-03  -2.8405503e-01   2.0099970e-01   1.6822270e-01  -1.1265578e-02   1.7856929e-01   1.7361669e-01  -5.7434228e-02   1.1267391e-01   8.3049128e-01   3.9690455e-01   3.5513334e-01   7.1589372e-02  -1.9837401e-01   2.1904484e-01   3.7117961e-01   4.1379059e-01  -1.3592675e-01   1.2411294e-01  -2.6814236e-01   2.0397589e-01  -3.8384260e-01   2.3704874e-01   5.1916513e-01   1.6093665e-01  -2.1881443e-01   2.9403246e-01  -3.1311926e-01   1.3540656e-01  -2.2996217e-01  -3.4603401e-01   4.5343671e-01  -4.4166840e-02  -1.3566133e-01   2.8221273e-01  -4.6005595e-02  -4.7228990e-01   2.8956950e-01  -3.9953684e-01  -1.0880949e-01  -1.7280337e-01   1.8232729e-01   2.5743108e-01  -8.5218008e-02   1.4064436e-01   3.8398700e-01   5.8260710e-02   3.8421353e-01   2.5188331e-01  -1.8291460e-01  -1.0076699e-01  -2.7568297e-01  -2.7450248e-01  -9.9930918e-02  -3.1340242e-01   3.2366533e-01   3.9475489e-01   2.8310641e-01   9.3769371e-02  -3.0828933e-01  -3.0264058e-01   4.5037728e-02  -2.1835039e-02  -1.8020890e-01  -3.1903835e-01  -3.3286110e-01  -1.9560939e-01  -4.0797465e-01   1.8835268e-01  -2.5778890e-01  -1.8829951e-01  -4.2229898e-02   1.5414534e-01  -7.0297395e-02   2.9757384e-01   5.4078937e-01  -2.6777052e-01   3.9576240e-01   2.4997492e-01  -3.2072632e-01  -7.5573957e-02  -2.2397144e-01  -1.7982233e-01  -2.4005026e-01   2.0933164e-01  -1.0238394e-02   4.0880798e-01   4.2215066e-01  -6.0692640e-02  -2.0117319e-01   4.0439279e-01   7.2689690e-03   4.3610703e-02   2.9425233e-01  -2.0292405e-01   2.1805118e-01  -4.1216138e-01  -1.9499651e-01  -1.7944760e-02  -7.4041932e-02  -3.5167831e-01  -3.0520740e-01   2.4002787e-01   1.2320259e-01  -2.6382276e-01   6.4994185e-02   1.6439514e-01   5.3904757e-01  -3.4016907e-01   2.3034753e-01  -2.3970667e-01  -1.9087783e-01   1.7320648e-01   9.2589567e-02  -2.9518379e-01  -1.8587152e-01  -3.9027792e-01   1.8024127e-01   1.5405110e-01   1.0060149e-01   5.7100245e-01   9.4336250e-02   6.2586869e-01   9.4262943e-02   3.6892411e-01   1.4808401e-01  -4.4951319e-02  -1.1733736e-01  -4.8230100e-01   3.6189340e-02  -3.9049983e-01  -2.0135338e-01  -4.2565264e-01   4.0013686e-01  -5.2281477e-01  -1.3603962e-02  -3.1027276e-01   8.4035543e-02   1.3349023e-02   1.2615321e-01  -3.1479415e-01   4.7643961e-01   2.7736392e-01  -2.7795924e-01  -5.6724511e-01  -3.4183123e-01   3.2753462e-01  -2.3505282e-01  -5.4857854e-02  -1.0056139e-02   1.0481966e-01  -5.0102166e-02  -1.5786681e-01
  -2.4256360e-01  -8.3187309e-02   2.5617818e-01   1.4231897e-01  -4.3719626e-02  -2.3849641e-01  -2.6173859e-01   0.0000000e+00   5.2344034e-01   7.7242697e-02  -1.7783349e-01  -1.2190173e-01  -4.6788397e-03   9.0825985e-02  -4.4506772e-02   1.4502567e-01   2.4531547e-01  -2.5060363e-01   3.6459408e-01   2.8106626e-02  -1.8707090e-01  -6.3840100e-02  -1.8750106e-01  -1.9221909e-01  -2.1970603e-01   7.3369058e-01   1.6229582e-01   1.5161414e-01   7.8071715e-02  -3.2709424e-02   2.6773020e-01   7.7701946e-02  -9.4862890e-02  -1.3524557e-01  -2.4217525e-01  -1.5944734e-01  -9.4828159e-02  -4.9606046e-01   2.4053020e-01   5.3427053e-02  -8.9767682e-02  -8.6161191e-02  -1.9490927e-01   6.3078278e-01  -2.0245405e-01  -2.2874796e-01  -4.2190932e-01  -4.8350752e-02  -3.0357144e-01   2.2206874e-01  -3.5913193e-01   8.1727694e-01  -2.0182051e-02   1.5853282e-01   1.0192434e-01  -1.0892372e-01   2.5250748e-01   3.2073356e-01   7.6258174e-03   1.7574051e-01  -2.4561476e-01  -1.6633752e-01   1.6505807e-01   3.0760872e-01   2.8737306e-02   2.6837175e-02   2.1913219e-02   1.7734290e-01   8.1504796e-02  -1.5730552e-01  -6.0677795e-02  -1.4673336e-01   3.3209441e-01  -7.5506043e-02   1.0131244e-01   7.3658802e-01  -2.5759225e-01   2.8743710e-01   2.8435340e-01  -2.1608292e-01   2.4749124e-01   3.4036580e-01   1.1368874e-01   8.5543208e-01  -7.9929873e-02   5.7267910e-01   3.0401445e-01  -7.1768679e-02   1.7336100e-01  -2.4908044e-01   1.2275705e-01  -7.4421814e-03  -1.4155210e-01   2.2044771e-01  -5.1382990e-01   2.1139546e-01  -2.6979474e-01   4.3784045e-01  -8.2433232e-02  -1.4560957e-01   1.9952607e-01   2.2917051e-01   2.8204103e-01   1.9271793e-01  -9.2782465e-02   4.0374990e-01  -2.0829878e-02   5.8306106e-01  -2.6420526e-01  -1.2287226e-01   1.1968613e-01  -3.2955762e-01   1.6325369e-01  -5.3048318e-01   1.1501483e-01   4.8698431e-02   3.7619537e-01  -8.6513932e-02  -8.6524770e-02  -1.5646766e-01   9.1550821e-03   1.4400519e-01   2.1338897e-01   7.2932878e-02  -2.0528972e-01   1.3039117e-01  -6.0317327e-02  -1.3883910e-01   5.2010856e-01  -2.1363609e-01   3.0391153e-01  -2.4360684e-01   1.5063162e-01   1.3733036e-01   2.5577332e-01   8.3404054e-01   1.4870182e-01   2.8228475e-01   6.9114812e-01  -3.3629684e-01  -6.0211742e-02   5.5538726e-02   1.3304290e-01  -3.8283753e-01   1.0487821e-01   4.0687531e-01  -3.7639860e-02  -1.6915769e-01  -2.9857378e-01  -1.2508422e-01   2.4479335e-02   7.3378420e-01   7.6675026e-02   9.6939963e-02  -1.5262423e-01  -4.5448030e-01  -1.9973916e-01  -2.6701853e-01   1.0441742e-02   5.1142601e-01   1.1265682e-01   3.7192507e-01  -1.3199304e-01   2.9456701e-01   3.5453689e-01   1.1766637e-01  -6.9339951e-02   2.4501810e-01   1.1205030e-02   2.7443312e-01   9.1387963e-02  -3.4630412e-01   3.0119546e-01  -2.4255930e-01  -1.3729812e-01   5.9029136e-02   4.4899734e-01
  -3.4463246e-02   2.1156022e-01   9.3557654e-02  -6.4143245e-02  -3.9612840e-02  -2.7254465e-01  -4.0878163e-01   5.2344034e-01   0.0000000e+00  -5.5756324e-02  -2.0650154e-01  -1.5103658e-01  -1.2955184e-01   9.5581352e-02  -3.2607674e-01  -2.9916876e-01   1.8348101e-01  -1.1215436e-01   2.1088430e-01   2.4087457e-02  -2.6786981e-01   2.9926940e-02  -3.3705609e-01  -6.6627858e-02  -1.3031296e-01   5.3053292e-01  -9.7732016e-02  -7.9258108e-02   7.3684624e-02   1.6755374e-01   7.6704652e-02   2.0928086e-01  -1.5879846e-01  -3.7954993e-01  -1.9317668e-01  -2.1356789e-01  -1.9116286e-01  -2.2909206e-01  -2.0571658e-01  -1.8202481e-01  -2.9359386e-01  -1.0709830e-01   1.4786693e-01   4.6284815e-01   2.0813613e-02  -4.3960389e-02  -3.4357322e-01  -1.3058489e-01  -2.0622485e-01   1.1449194e-02  -2.2933514e-01   5.7831222e-01   5.4136044e-02   1.0702605e-01   1.0648450e-01  -3.2252146e-01   9.5452771e-02   3.7430807e-01  -1.6863425e-01   3.3829785e-01  -2.9140624e-02  -2.0661754e-01   2.7702197e-01   3.2971828e-01   2.8408495e-01   6.7045738e-02  -1.4264485e-01  -3.0404906e-02  -2.9082243e-02  -2.9655883e-01   6.8491211e-03  -1.0156428e-01  -1.0397938e-02  -8.1938361e-02   2.9217407e-02   4.8715568e-01  -1.7057208e-01   7.0575072e-02   2.2690823e-01  -2.6812676e-01   2.4980395e-02   5.3106251e-02   7.3074192e-02   5.4658210e-01   2.2430777e-02   3.2550233e-01   2.4562601e-01   7.8249976e-03   2.7011213e-01  -2.6481662e-02   2.3714500e-01   2.0161619e-02  -3.3654056e-01   5.9310771e-01  -2.5028981e-01   8.1604136e-02  -3.0684930e-01   2.0193533e-01  -1.6758336e-01  -1.5403684e-01   1.6814185e-01   3.5827828e-02   4.2880440e-02   6.2268027e-01   2.7046817e-01   3.1382187e-01  -3.9369750e-02   4.6552740e-01  -1.5351370e-01  -1.9114062e-01  -1.6365838e-01  -2.6588070e-01   1.5189930e-01  -2.2848697e-01  -1.8335088e-01   5.6978958e-03   2.1197550e-01  -1.4363904e-01  -1.2019130e-01  -1.2592890e-01   9.1247943e-02   4.4018601e-02   1.0852545e-01   1.9255416e-01   3.0447393e-02   2.1531760e-01   2.4538360e-02  -1.1927605e-01   4.9069799e-01  -1.6864231e-01  -6.6832101e-02  -2.2479176e-01   1.2437613e-01  -6.6482553e-03   5.4777979e-01   4.9391546e-01  -7.8168459e-02   1.2231268e-01   5.5019129e-01  -1.2975053e-01   6.0301039e-02   7.4463646e-02   6.0322410e-02  -4.3237731e-01  -6.2281629e-02   1.3978912e-01  -2.9971419e-01  -2.5088709e-02  -2.6830689e-01   4.7332673e-02  -1.5637452e-01   3.7696176e-01   1.5064671e-01   1.3199833e-01  -4.2164785e-02  -1.8153513e-01  -2.0261032e-02  -3.3971565e-01   8.2791601e-02   3.5544278e-01   2.2804975e-01   2.0650673e-01   5.3305339e-02   2.0107002e-01   3.5438757e-01  -1.1195916e-01  -1.7784130e-01   1.3533252e-01   1.9842671e-01   1.1603786e-01  -6.3025404e-03  -2.0508784e-01   3.2929233e-01  -3.1907432e-01  -4.9684141e-02  -1.1612140e-01   3.6857603e-01
  -3.8691498e-01  -2.6959530e-01  -2.1904056e-02  -3.6305091e-03   9.1022307e-02  -9.0032752e-02   4.9690974e-01   7.7242697e-02  -5.5756324e-02   0.0000000e+00   2.4175726e-01  -8.2865965e-02   3.5752036e-01  -3.4925292e-01   5.1250465e-01   2.1117579e-01  -6.9731999e-02  -1.8089398e-02  -3.5617921e-02   2.1997391e-01   1.1737186e-01  -7.5673994e-02   3.0323635e-01  -2.4102587e-01  -7.0073054e-02  -4.8561959e-02   3.2770419e-02  -1.0643687e-01   6.3156382e-03  -8.6096451e-02   2.1627436e-01  -1.6750150e-01   4.6863713e-02   6.0810045e-01  -1.9322198e-01   2.8642371e-01   5.9921123e-02  -1.3267305e-01   1.1959523e-01   4.5386075e-01   3.2214592e-01  -1.4205277e-01  -4.3087060e-03  -1.9265039e-02   6.6243942e-02  -3.9793035e-01   1.6588280e-02   4.0233889e-01  -6.0387243e-03   9.3949628e-02   2.0320753e-02  -7.3446243e-02   1.7026451e-01  -6.1848073e-02  -4.1182670e-01   1.5788283e-01  -1.2737781e-01  -1.6024891e-01   1.2647266e-01  -2.9890873e-01  -3.7612153e-01   2.9196097e-02  -1.7620348e-01   1.0949008e-02  -1.4367756e-01   3.3052147e-01   4.1174957e-02  -3.9126763e-02   3.1491938e-02   2.0720268e-01   1.8253687e-01   1.2558486e-01   3.1400969e-01  -4.9305624e-01   9.3915010e-02   2.6155977e-02  -2.7734082e-01  -8.7721846e-02  -2.1211929e-01   1.8204222e-01   2.7689303e-01   3.2113449e-01   2.1838943e-01  -5.1223246e-02  -4.8262743e-01   1.5931668e-01  -3.2119204e-02  -2.3227540e-01  -1.0517770e-01  -3.3779497e-01  -2.8341446e-02  -3.4362750e-01   1.3940285e-01  -1.7317973e-01  -1.7426019e-01   2.7832414e-01  -1.8130034e-01  -1.3418851e-01   1.2837303e-01   2.3806299e-01  -1.6313984e-01   4.6568120e-02   7.1927887e-02  -1.3702133e-01  -8.9704139e-02  -9.0395752e-02  -6.2776557e-02  -1.9284862e-01   1.4170667e-01   2.7286937e-02   4.7710729e-01  -1.0633356e-01  -7.5471475e-02  -3.1577109e-01   2.7872878e-01   5.6257848e-02   8.4499279e-02   2.5831014e-01  -1.3904379e-01  -7.4659392e-02  -3.5446429e-01  -1.3609397e-01   2.6678992e-01  -9.3145825e-02  -3.3373505e-01  -4.2843739e-01  -5.5129196e-02   2.8139314e-01  -1.7533930e-02   7.4865277e-02   1.3556890e-01   1.9605223e-01  -4.0054127e-01   1.8145968e-01  -2.3160333e-02   7.7940222e-02   2.8352272e-01   6.8000863e-02  -4.0366002e-02  -1.7493832e-01  -4.7554491e-01   1.6955563e-01  -3.3859116e-02  -1.5366607e-01   2.4077153e-01   1.4270192e-01   5.4634189e-01   1.0312254e-01   4.7011911e-02  -2.5491351e-02  -1.8260744e-01   8.5816192e-02  -4.4644534e-01   7.2337974e-02  -2.3775097e-01  -2.7926419e-01  -3.9830741e-01   1.3632093e-01  -3.4777157e-01   7.7152958e-02  -4.0174028e-02   9.4426179e-02   1.5540522e-01   4.3928617e-02  -2.4781682e-01   5.6255925e-01   1.7221254e-01  -3.1386796e-01  -4.8390702e-01   5.3927643e-02   5.8024874e-01  -1.9805066e-01   9.9314245e-02  -3.8014480e-01   8.1479313e-02  -9.5092660e-02  -5.6447975e-02
  -1.1285734e-01  -3.3081177e-01  -3.4308184e-01   1.7482922e-02   1.6277786e-01   4.3261674e-01   3.6855867e-01  -1.7783349e-01  -2.0650154e-01   2.4175726e-01   0.0000000e+00  -2.6084267e-01   2.7575661e-01  -2.5425570e-01   3.0728359e-01   2.6132208e-01  -2.9352498e-01   5.3709138e-01   5.1898197e-02   1.2399757e-01   3.7362692e-01   1.3704360e-01   5.0576669e-01  -2.9287474e-01   2.2831642e-01  -5.4670478e-02   3.0360512e-01   2.0201041e-02  -1.5620824e-01   2.7437523e-01   1.3728531e-01   3.9475034e-02   1.4755382e-02   4.4620752e-01   2.6308739e-01   4.9332772e-01   2.5391342e-01   5.7239493e-02   1.1529399e-01   1.8100107e-02   4.4833936e-01  -1.3173710e-01  -8.0659920e-03  -7.0716421e-02   4.3230233e-01  -1.8807903e-01   5.4835152e-01   2.5349241e-01   3.6446881e-01  -2.6757420e-01   5.2994759e-01  -1.1464615e-01   9.3911624e-02  -2.5285191e-01  -2.7916409e-01   3.6429231e-01   3.0523064e-01  -8.4475510e-02   3.9752389e-01  -7.4973170e-02  -5.4770236e-02   1.8695123e-01  -4.9999658e-01   4.5996884e-02   1.9532379e-01   1.7896749e-01   3.5797158e-01  -1.7737724e-01   5.7742539e-01   5.8955320e-02  -1.6620157e-01   3.8704445e-01   2.3226917e-01  -1.0935944e-01  -1.7258307e-01  -3.5556740e-01   5.9730752e-03   1.1145348e-01  -2.7120419e-01   3.1776195e-01  -1.6035896e-03   2.5001206e-01   1.3124364e-01  -1.5568903e-01  -1.8652614e-01  -1.2528451e-01   3.4184686e-02  -2.5669210e-01  -4.5381258e-01  -4.5783804e-02  -2.4001518e-01  -2.2219187e-01   2.5406799e-01  -2.2946113e-01   7.0467007e-02   2.2708186e-02   2.1410334e-02   1.1101873e-01   3.5196743e-01   2.8481518e-01  -3.5150395e-01   3.4430985e-01   2.9826767e-02  -1.9465055e-01   2.8797866e-01  -1.0525561e-01  -2.1951998e-01   7.3559725e-02   3.8931656e-01   2.9287273e-01  -3.1989230e-02   2.2083618e-01  -3.7066839e-02  -3.7113098e-03  -1.2939714e-01   1.0444085e-01   1.1285994e-01   3.2740496e-01  -6.2683223e-02   2.4452170e-01  -1.6421591e-01  -1.3088558e-01  -2.2460147e-01   7.5273037e-02  -1.5270744e-01  -3.2500587e-01   4.5188710e-01   3.7917559e-02  -2.2867371e-01  -1.4806381e-01  -8.1465545e-02   4.7229460e-01  -4.1871529e-01   2.1663151e-01  -2.6798566e-01  -1.9170665e-01   5.4558866e-02  -9.2379624e-02  -2.8528542e-01  -9.2524736e-03  -2.6523176e-01   1.9838488e-01   4.5497898e-01   5.1087358e-02   2.3593848e-01   1.0073209e-01   2.2796868e-02   4.2061429e-01   5.4772402e-01   7.2989785e-02  -2.6646672e-01  -1.9316269e-01  -2.8867268e-01   2.9458072e-01  -3.8188258e-01  -1.3522528e-01  -1.8640318e-01   4.7968860e-01  -2.9907440e-01  -1.6231557e-01  -3.5149641e-01   4.5351980e-01   2.4414146e-01   3.1654409e-01  -1.5674802e-01   1.7398942e-01   2.8163131e-01  -7.3288089e-02  -2.6920622e-01  -2.8572217e-01   1.8266539e-01  -1.6610802e-01   2.8606722e-01   1.9184910e-01  -7.2702517e-02  -5.1103543e-02   2.0969732e-02
  -3.2993441e-01   4.8354956e-01   3.9024950e-01  -1.1808444e-02   1.3639892e-01  -1.2807560e-02   1.6532638e-01  -1.2190173e-01  -1.5103658e-01  -8.2865965e-02  -2.6084267e-01   0.0000000e+00   1.5215401e-01  -4.0178319e-01  -1.0764740e-01   7.7953421e-02   3.1550750e-01  -2.1791201e-01  -9.9738666e-02   1.3261610e-01  -1.6485982e-01  -2.2355634e-01  -7.7520686e-03  -2.7812411e-01   8.9825759e-02  -1.9594282e-01   8.8907679e-02  -3.3578573e-01  -7.3108376e-02   2.1791522e-01  -1.7533197e-01  -1.4696574e-01   7.9622510e-02   1.3155908e-01   2.1380146e-01   1.4660286e-01  -1.0869377e-01  -2.3729823e-01   2.0048596e-01   2.0732796e-01   1.4244657e-01  -4.5425012e-02   4.3410102e-01  -1.5505319e-01   8.9644361e-02  -4.2641684e-01  -8.7384752e-02   8.4616954e-02  -8.0407538e-02   2.4095199e-01  -2.3075132e-01  -1.7069689e-01   3.1611689e-01   1.6295626e-01  -3.2019238e-02   7.4098074e-02  -3.1550452e-01  -3.3584853e-01  -3.0072220e-02  -6.8211544e-02  -2.6753705e-01   1.5318601e-01   3.5890228e-01   1.0237012e-01   6.9021521e-02   2.0581680e-01   1.8911415e-01   6.4036232e-02  -1.5863703e-01   4.0384696e-02   3.8404764e-01  -7.6524309e-02   1.7469270e-01   1.3449727e-01   2.6556620e-01  -1.9067143e-01  -2.9509210e-01  -7.3524364e-02   3.8101898e-01   7.3366291e-02  -3.1948352e-01   1.1440386e-01   1.9695803e-01  -1.6516556e-01   9.4020839e-02  -2.5203533e-01  -3.2794063e-01  -3.0052203e-01   4.1937371e-01  -3.4770763e-01   3.4922842e-01  -1.6006269e-01   3.0134438e-01   7.8648460e-02  -2.4727380e-01   1.0464158e-02   1.1506915e-01  -2.1112835e-01   2.0120299e-01   3.4293242e-01  -8.4058752e-03   1.5904599e-01  -2.7347633e-01  -4.1487199e-02   4.7329414e-02  -1.5577894e-01   2.7886166e-01  -2.8779682e-01  -8.0150746e-02   2.2901766e-02   5.3310547e-01  -1.2624207e-01  -7.3004469e-02  -2.6811627e-01   1.7905083e-02   2.0776518e-01  -2.2699915e-01   2.1240567e-01   2.0010945e-01  -5.3467618e-02  -2.7670196e-01   3.4944827e-01   1.0460690e-01   2.5882706e-02  -3.7605939e-01  -1.9592214e-01   2.2772781e-01   1.0269038e-01  -2.8912527e-01   1.8985742e-01   2.9169470e-01   1.6180246e-01  -2.6405130e-01  -2.2037145e-01   2.0859384e-01  -1.6327959e-01   2.2204481e-01   1.0265168e-02  -2.9720204e-01  -2.2867279e-01  -3.0920426e-01   9.2429859e-03  -2.0704903e-01   3.5866648e-01   9.2116334e-02  -2.5595576e-01   5.5059344e-01   6.8218345e-02   1.0703577e-01   1.0940764e-01   2.0453708e-01  -3.0525741e-01  -2.6822204e-01   1.8041900e-01   4.4097282e-01  -2.7623710e-01  -3.7786707e-01   4.5455002e-02  -2.6476322e-01  -3.7257618e-01   1.4330421e-01  -2.4467438e-01  -2.0000007e-02  -1.9093642e-01  -2.3231144e-01   2.4565488e-01   4.9409241e-01  -2.5229641e-01  -3.4499989e-01   3.1998337e-01   1.0680167e-01  -2.0365437e-01  -1.2964117e-02   1.3727042e-01  -2.2763938e-02   1.6044367e-01  -1.9806113e-01
  -2.9609081e-01  -6.2557184e-02  -5.5157761e-03   1.9150803e-01   5.0948229e-01   2.0992814e-01   3.8139224e-01  -4.6788397e-03  -1.2955184e-01   3.5752036e-01   2.7575661e-01   1.5215401e-01   0.0000000e+00  -2.7579202e-01   2.1709697e-01   4.2010685e-01  -5.6588010e-02   2.3835954e-01  -1.0649349e-01   5.4141688e-01   1.3156463e-01   4.0968969e-02   4.5312292e-01  -3.9602939e-01   2.4278743e-01  -1.6906831e-01   3.8938620e-01  -2.5581544e-01  -2.7277154e-02   1.4487933e-01  -1.2060772e-01  -5.4594904e-02   6.9957895e-02   4.2477584e-01   1.3786690e-01   5.6631616e-01   2.5660696e-01  -2.2996265e-01   3.7762268e-01   4.1177595e-01   7.3203125e-01  -8.0245321e-02   1.5364937e-01  -8.1587944e-02   2.8596982e-01  -5.0215076e-01   3.1971438e-01   1.3255100e-01   4.0351906e-01   9.3435472e-03   2.6571986e-01  -1.3431603e-01   1.3642529e-01  -7.8309665e-02  -1.2538927e-01   8.2311860e-02  -2.0976096e-01  -1.5721782e-01   4.9994787e-01  -1.6951183e-01  -3.6918344e-01   3.6989798e-01  -8.8063599e-02  -1.1313986e-01   1.4515431e-01   4.0582675e-01   2.0577309e-01  -2.7978548e-02   2.8364682e-01   1.0637967e-01   4.7887674e-02   1.9982820e-01   5.8644714e-01  -1.6890840e-01  -7.6931398e-02  -2.3450961e-01  -2.9853928e-01   5.7313929e-02   9.3909889e-02   5.1236475e-01  -1.3867976e-01   5.8900951e-01  -8.5296101e-02  -1.4809667e-01  -2.5034502e-01  -9.2179913e-02  -5.6909875e-02  -2.8336236e-01  -1.0167168e-01  -2.3306636e-01   1.0243287e-01  -4.7695709e-01   3.8095185e-01  -1.6875566e-01  -2.0681786e-01   4.3325019e-01   2.3474960e-01  -1.0248719e-01   5.5760518e-01   4.1575118e-01  -3.7285701e-01   1.2779282e-01  -5.9969745e-02  -1.0186753e-01   1.7832953e-01  -6.1537159e-02   7.4935384e-02  -9.2708328e-02   3.6984402e-01   1.5953750e-01   2.2819023e-01   5.1363688e-02   6.4697810e-02  -2.4152046e-01  -1.4016615e-01   2.4549900e-01   6.3103073e-02   7.8554608e-01  -1.1705344e-01   2.2417622e-01  -5.0370720e-01   3.4608255e-01   6.5224437e-02   7.5847992e-02  -3.9261327e-01  -3.4414997e-01   3.2291311e-01   3.9014329e-01  -1.5877932e-01  -8.0680670e-02   4.0666278e-01   1.9545447e-01  -3.3442147e-01  -2.0564817e-02  -1.0203422e-01  -1.1809915e-01   4.2564653e-01  -2.2121627e-01  -3.1525409e-01  -2.5563044e-01  -4.2927581e-01   5.7593264e-01   8.0890010e-02   8.4037963e-03   2.4649271e-01   5.9193670e-02   3.4451923e-01   3.7783557e-01   4.2023445e-01   5.6182746e-02  -2.7012352e-01  -2.6172118e-01  -4.3704129e-01   2.0169583e-02  -9.5960199e-02  -4.0149252e-01  -3.6353289e-01   5.3730530e-01  -5.0443695e-01  -3.1074845e-01  -1.9499312e-01   6.3786262e-02   2.1100996e-01   9.3327321e-02  -2.1944388e-01   4.5806651e-01   2.2802571e-01  -3.3417687e-01  -4.6249601e-01   1.1495166e-01   4.6307791e-01  -3.2469515e-01   1.8105672e-01  -4.8238563e-02  -1.2625651e-01  -1.9656346e-02  -1.8842753e-02
   5.4068132e-01   9.5383835e-02  -5.3217103e-02  -2.9158091e-02  -2.3353657e-01  -1.0873261e-01  -3.2403602e-01   9.0825985e-02   9.5581352e-02  -3.4925292e-01  -2.5425570e-01  -4.0178319e-01  -2.7579202e-01   0.0000000e+00  -2.0037348e-01  -3.1843373e-01  -5.7233150e-02  -2.4438397e-02   1.1949520e-01  -3.1194838e-01  -1.0026051e-01   2.8474814e-01  -1.6001483e-01   5.6251584e-01  -8.5671136e-02   1.0535157e-01  -1.9505949e-01   4.0392250e-01   1.8774151e-01  -2.0233320e-01  -9.6363751e-02   1.2672516e-01   1.6819607e-02  -3.7554692e-01  -1.8244104e-02  -3.8040701e-01  -2.0663152e-01   1.6487397e-01  -2.6775630e-01  -2.8512266e-01  -3.6793871e-01   9.9625817e-02  -3.0767177e-01   2.3308918e-01  -1.7959147e-01   5.0744923e-01  -1.1822290e-01  -2.9244021e-01  -4.0681001e-02  -2.1953401e-01  -8.9741186e-02   1.0028615e-01  -3.6089656e-01   3.9273252e-02   4.6135899e-01  -2.2812208e-01   1.3995367e-01   2.2099857e-01  -2.4358829e-01   1.4999510e-01   2.7079519e-01  -1.1782348e-01  -7.4774596e-02  -2.9711806e-02   3.9819481e-02  -3.0637166e-01  -3.0179986e-01   4.0959284e-02  -1.6307465e-01   1.2583374e-01  -3.3732590e-01  -1.5706285e-01  -3.4674578e-01   2.0549510e-01  -5.6483697e-02   3.0294688e-01   1.9032511e-01  -7.2028214e-02  -9.9936649e-02  -2.3982601e-01   2.7238846e-01  -4.1037249e-01  -1.9720788e-01   5.0065180e-02   3.7436276e-01   1.9038272e-01   4.3084955e-01   7.0273424e-01  -1.0073710e-01   4.4702743e-01  -1.4804929e-01   3.2978053e-01  -4.1079813e-01   1.0990617e-01   1.6392286e-01  -2.4115225e-01   2.1198103e-02   3.7595127e-02  -1.9801504e-01  -3.9793973e-01   2.2268140e-01  -2.3934414e-01   3.3146309e-01   2.7589285e-01  -1.0338818e-01   2.7282005e-01  -3.9819746e-02   1.0732961e-01  -1.9093957e-01  -1.4861776e-01  -4.9484297e-01   1.1165860e-01   6.6819603e-02   3.5904307e-01   4.0939609e-02  -4.0956873e-01  -3.2451866e-02  -4.2911395e-01   1.3233939e-01  -3.1468038e-02   4.2398719e-01  -2.5472066e-01  -1.7611668e-01   1.0842927e-01   4.8389521e-01   6.0285672e-01  -3.0311262e-01  -2.4780825e-01   2.7684111e-01   8.8973994e-02  -2.5874792e-01  -4.1801232e-01   7.6264407e-01   2.5845083e-02  -1.4316190e-01   1.9201479e-01  -2.4520442e-01   9.5801247e-02   3.2908470e-01   2.3557735e-01   6.1924498e-01  -1.1196572e-01  -6.3450962e-02  -9.9234217e-02  -2.0589734e-01   1.4880154e-01  -5.4181275e-01  -1.6920181e-01  -3.1341185e-01  -8.1959255e-02   2.2000056e-01   3.1668753e-01   5.3588277e-01  -1.9000351e-01  -7.5780374e-02   3.5739678e-01   4.7930343e-01  -3.6377047e-01   3.2940496e-01   3.2036711e-01   9.1568677e-02  -4.4717168e-02  -1.2796239e-01   1.9965758e-02   2.1515045e-01  -4.8468418e-01  -3.8628386e-01   3.0481414e-01   5.1574895e-01  -2.5552891e-01  -3.8760815e-01   2.5479571e-01  -1.6506977e-01   2.2406223e-02   1.4489801e-01  -1.7193210e-01   1.6201540e-01
