   0.0000000e+00   2.3326415e-01  -7.5580597e-02  -4.1870498e-01  -1.2130561e-01  -4.6750013e-01  -5.6890639e-01   1.5689912e-02   2.9966097e-01  -1.5772407e-01  -4.3450774e-01   4.9308725e-02   6.8101743e-02   2.3604043e-01  -2.7191261e-01  -5.2794323e-01   1.2075418e-01  -5.2640121e-01   9.3427508e-02  -2.4047281e-01  -4.3447671e-01  -1.2522842e-01  -4.4263563e-01   6.5466648e-01   1.0817978e-01   3.9528193e-01  -2.4648298e-01   3.2011378e-01   3.8766768e-01  -3.8439407e-01  -3.7344236e-02  -3.1971955e-01  -3.0721723e-01  -2.9448065e-01  -6.1872095e-02  -5.0671792e-01  -3.5511553e-01   1.7150622e-01  -5.1442598e-01   4.3007040e-02  -2.6838816e-01  -2.6177576e-01   1.3008850e-01  -4.0705108e-02  -3.7400173e-01   7.7078806e-01  -5.4615082e-01  -2.8678246e-01  -2.7779167e-01   1.4748609e-01  -5.9845877e-01   1.0010727e-01   6.7273186e-02   2.5602870e-01   1.3712475e-02  -2.4915465e-02  -1.5919751e-01   1.8884267e-03  -3.5881514e-01   1.0948124e-01   1.7695704e-01   1.5739175e-02   1.3263116e-01  -1.2457617e-01   1.3136656e-02  -4.9994849e-01  -4.3750907e-01  -8.1466518e-03  -4.2127720e-01   5.5836895e-01  -4.1250278e-02  -4.1210622e-01  -4.0585362e-01   7.3383676e-01   3.2937775e-01   3.2583082e-02   1.8698661e-01  -3.4380353e-02  -6.6779720e-02  -2.6175513e-01   1.9323717e-03  -3.8069547e-01   3.9587021e-02   3.7709570e-01   4.3592943e-01   8.6244318e-02  -1.9536989e-01   5.4106367e-01   3.6853191e-01   8.0661151e-01  -1.1192157e-01   3.4935060e-01  -3.6955338e-01   3.0810682e-01   2.4671589e-01  -1.9862166e-01   1.5457524e-02   1.8994691e-01  -3.7851513e-01  -3.9945230e-01   2.8969710e-01  -3.8945344e-01   1.3746982e-01   2.2076407e-01  -5.3492901e-01  -2.6869938e-01   2.0726540e-01  -1.9987069e-02  -1.9296319e-01  -4.1863789e-01  -1.6759220e-01  -3.3321141e-01  -2.0731906e-01   7.8249601e-01   1.0893181e-01   7.4414297e-02   1.1145413e-01  -3.2949694e-01   2.7170302e-01  -4.7159815e-01   4.8523191e-01  -1.3822007e-01   1.7708966e-01  -1.2522029e-01   7.4034728e-01   2.8312332e-01  -3.9188516e-01   1.3172918e-01  -9.6414033e-02  -1.0283516e-03  -4.8208058e-01  -1.9699674e-01   7.1246139e-01  -2.3977178e-01   2.6305565e-01   9.3887914e-02   2.7591627e-02  -2.5787357e-02   2.1432636e-01   6.6750269e-01   5.4967053e-01  -6.7582200e-02  -3.6471640e-01   2.2454997e-01  -3.7675023e-01  -2.8220831e-01  -1.4028159e-01  -3.3666874e-01  -3.9874961e-01  -4.6513423e-02   3.9801782e-01   3.3725787e-01   3.5845164e-01  -5.9821819e-02   1.5503865e-01   6.1314349e-01   4.0793740e-01  -3.5255404e-01   4.4178120e-01  -4.8284115e-02   1.5494351e-01  -2.3727587e-01  -2.0871421e-01  -5.2105794e-01  -1.9975336e-01  -8.7975595e-02  -4.1947760e-01   2.3791513e-01   5.0349427e-01  -2.4128880e-01  -3.4187908e-02   6.2707670e-02  -3.4784214e-01   6.4226250e-02   2.2677389e-01  -2.1733841e-01  -1.3263694e-01
   2.3326415e-01   0.0000000e+00  -1.8035145e-01  -3.0671613e-01   4.9351073e-01  -2.3390556e-01  -1.7549930e-01  -1.4358521e-01   6.8661093e-01  -2.0489739e-01  -2.7919931e-01   4.2429038e-01  -3.0278475e-02  -2.2831468e-01  -2.9075094e-01  -3.0938524e-01   1.3884438e-01  -2.7449204e-01  -6.0281411e-02   4.0041006e-01  -3.5239149e-01  -1.9339900e-01  -4.9274406e-01   1.0985553e-01   7.3487853e-02   2.6071450e-01   3.0221418e-01  -4.9132181e-02   2.0541389e-01  -2.4151375e-01  -5.9136565e-02  -2.9102833e-01  -1.7062475e-02  -1.6145479e-01   1.7719918e-01  -7.6303160e-02  -1.4394503e-01   2.3631843e-01  -1.9648669e-01   3.7848871e-01  -2.3499171e-01  -6.0889885e-02   6.8648218e-01  -2.6159602e-01   2.1475779e-01   2.1701408e-01  -3.5224612e-01  -1.0611944e-02   1.8231861e-01   1.8581203e-01  -3.0459275e-01   8.1140117e-02   2.6972924e-01   2.4485593e-01   1.0822759e-01  -2.5504859e-01  -4.5113207e-02   8.1861259e-03  -2.2672395e-01   2.9282837e-01   1.3261494e-01   9.4542022e-02   6.3138850e-01   3.3273888e-01   5.8678438e-01  -3.0985426e-01  -6.9672665e-02   1.9203856e-01  -4.3455412e-01  -6.4035861e-02   4.4302553e-01  -1.4822285e-01  -1.3155621e-01   2.1692002e-01   2.8356409e-01  -1.0945242e-01   1.2026220e-01  -2.8239346e-01   6.8950267e-01  -7.8818069e-02  -3.9999163e-01  -2.8809498e-01   1.5485752e-01  -1.3727021e-01   1.7605860e-01  -1.1142739e-01   1.0840014e-01   1.0056413e-01   6.9450024e-01   2.2132551e-01   6.1139969e-01   1.0696894e-01  -2.0511570e-01   5.7060464e-01   2.4489600e-01   1.2810459e-01  -9.1771089e-02   7.1040145e-02   1.3582518e-01  -2.8411471e-01  -3.2867796e-02  -8.7675849e-02  -2.3896383e-01   3.3710074e-01  -3.1378259e-01  -1.2014486e-01   2.1294128e-01  -7.2085408e-03  -2.6170112e-01  -4.8053802e-01  -2.7461505e-01  -3.9804163e-01  -4.6358931e-02   5.6470110e-02  -3.1028976e-01   5.5539139e-01  -2.8223666e-01  -1.6806575e-01  -1.8406078e-01  -2.2717578e-01   8.6679651e-03   4.9857349e-01   4.2599045e-01   3.1276474e-01   2.5184380e-01  -2.7672910e-01  -3.8333760e-02   2.4958466e-01  -3.9979125e-02  -2.2575828e-01  -2.3209171e-01   4.2135380e-02   2.2344672e-01  -1.0336414e-01   3.7053771e-01  -5.3191649e-02  -9.7095879e-03  -2.8654884e-01  -4.7581322e-02   2.3545768e-01   1.9076654e-01   1.5509701e-01  -1.4374412e-01  -2.1865059e-01  -4.2701217e-01  -2.5613741e-01   3.0879632e-01   1.6486305e-02  -3.8910047e-01  -5.4998840e-02  -8.2784512e-02  -1.7571874e-01  -3.9271896e-04   2.4387427e-01   2.9378746e-01   9.8415022e-02   3.0339019e-02  -3.4989304e-01   2.3932921e-01  -4.7347897e-01   3.4147391e-01  -1.9496469e-01  -1.5425624e-01  -2.4785967e-01   3.3296849e-02   4.6836600e-01  -3.7318835e-02   1.5294369e-01   4.2121538e-02  -2.6436205e-02   4.8040550e-01  -5.7364770e-02   3.8109730e-02  -8.0088211e-02  -1.2317687e-01  -9.7537134e-02   2.9887904e-03
  -7.5580597e-02  -1.8035145e-01   0.0000000e+00   1.2676578e-01   1.7110558e-01   5.0576141e-01   3.7645716e-01  -2.3032002e-01  -3.7563555e-01  -6.5398101e-02  -2.2217899e-01  -1.0713679e-01   4.8220774e-02   1.2399402e-01  -2.0198670e-01   3.4005699e-01   8.3138864e-01   8.2898221e-02  -1.8529357e-01   1.9113935e-01   1.9916976e-01  -7.6735199e-02   4.8033580e-01   1.8855619e-02   3.2301649e-03  -1.8188424e-01   3.6240681e-01   2.8899873e-02  -1.1310086e-01  -2.6057501e-02  -4.1612649e-01   6.6341635e-02   3.9613839e-01  -3.8770491e-02  -2.9572018e-02   2.2691621e-01  -4.8579764e-02   4.6082296e-02   2.9217445e-01   4.2393505e-01   1.6209707e-01   4.1689544e-01  -2.4980170e-01  -1.5724133e-01  -9.6552291e-02  -1.8358368e-01   2.6387222e-01  -4.4580075e-02   1.5152548e-02   4.3879496e-01   2.1506634e-01  -2.4448320e-01  -3.6146172e-01   4.3933777e-02   2.7542911e-01  -1.0015246e-01   1.6093788e-01  -2.7531074e-01   1.4748604e-01  -4.3549362e-01  -1.4671674e-01  -2.5014794e-01  -2.7454249e-02  -4.1238440e-01  -3.5628008e-01   3.4796544e-01   4.7173223e-01  -6.5614745e-02   5.0642698e-02   3.5129955e-01   1.1469389e-01  -7.5224616e-02  -8.3645891e-02  -1.6600260e-01  -2.4575100e-01  -2.7262899e-01  -1.9758798e-02   9.0277735e-02  -1.6577692e-01   1.3390175e-01   2.0007139e-01   8.6615100e-02  -1.5465617e-01  -1.4370900e-01   1.9048719e-01  -2.4410757e-01   2.2169657e-01  -2.8171381e-02   4.4781744e-02   1.3451011e-02  -6.5876512e-03  -3.3730238e-02   4.3005581e-01  -3.0611363e-01  -1.1371080e-01   4.7022027e-01  -5.2285046e-02  -1.1118926e-01   1.7684893e-01   9.8311898e-02   2.7004654e-01  -2.7811448e-01  -1.9736760e-01  -4.3188472e-01   1.0064493e-01  -1.1526894e-01   1.8111794e-01  -1.3378357e-01  -1.4334640e-01   4.3407802e-01   1.1273643e-01  -1.6924954e-02   1.8628462e-02   6.3168957e-02   2.8445797e-01  -2.0129055e-01  -6.6014565e-02   1.0804445e-01   3.7295976e-01  -1.8884320e-02  -2.2737622e-02   1.1157568e-01  -7.6217308e-02  -3.3871243e-01  -1.0738673e-01   1.9278455e-02  -6.7220102e-03   1.1715029e-01  -2.4151684e-01   8.1003580e-01   1.0440235e-01  -2.5964033e-01  -2.3887203e-01  -2.2361083e-01  -1.7514878e-01  -3.6793159e-01  -3.7347067e-01   1.3749942e-01  -3.2125920e-01  -4.1858986e-02   1.5615358e-03   1.0230211e-01  -1.6173161e-01   2.6386343e-01  -8.0139707e-02  -1.8283041e-01   5.8465409e-02   3.7025018e-02   4.3440965e-01  -3.1633209e-01   1.2586055e-01  -1.6897517e-01  -1.2995692e-01  -4.4106751e-01   3.6934645e-01  -6.3003293e-03  -1.1864492e-01   2.2203752e-01  -9.7011912e-02   1.1967243e-01  -4.0831043e-01  -1.9875675e-01   3.3012926e-02  -9.0911991e-02  -2.2977766e-01  -7.5578461e-02   4.0156904e-02  -5.0330929e-01   2.9904097e-03   2.1726057e-01  -1.0098328e-01   1.5934128e-01  -2.7197142e-01   3.1913148e-01  -8.9982536e-02  -7.3437714e-02  -2.5969488e-01
  -4.1870498e-01  -3.0671613e-01   1.2676578e-01   0.0000000e+00  -3.8649559e-02   5.4871063e-01   2.5071183e-01   3.8141566e-01  -3.6128933e-01   5.5017532e-02   2.7412452e-01  -3.3327075e-01   1.8750096e-01  -8.5331235e-03   1.3010248e-01   4.7553899e-01  -1.1244824e-01   4.3286088e-01   3.7651385e-01  -4.9231472e-02   3.2028444e-01   4.8338768e-01   3.2915535e-01  -4.5514595e-01  -5.1143018e-02  -1.2273011e-01   8.2409877e-02  -3.0559549e-01  -3.5786734e-01   4.9256720e-01  -1.0086099e-02   6.9341202e-01   3.1812484e-01   3.7554464e-02  -9.7982932e-02   3.3415557e-01   3.0626499e-01  -1.7899447e-01   4.6132310e-01  -2.7195912e-01   4.5761633e-01   3.7973911e-01  -3.3598303e-01   1.6866968e-02   1.6038972e-01  -3.7219173e-01   4.1255549e-01  -4.2490047e-02   1.0449046e-01  -3.4947283e-01   4.6248458e-01   1.2550740e-01  -1.1181568e-01  -1.0786722e-01   5.4097526e-02   2.0271464e-02   3.8600603e-01   3.7702622e-01   5.4444373e-01  -2.0021169e-02   1.9243978e-01  -1.8627425e-02  -2.6448022e-01  -5.3336628e-02  -1.0219719e-01   2.2980254e-01   4.7623173e-01   2.6923010e-01   5.9377187e-01  -3.7448539e-01  -2.1383790e-01   5.8371005e-01   4.4725326e-01  -3.5756460e-01  -9.8992381e-02   3.4821529e-01   8.2756003e-02   3.6970037e-01  -2.3016376e-01   3.9968006e-01  -9.1887926e-02   4.8013459e-01  -1.9026593e-01   7.4597751e-02  -3.5728772e-01   2.9438125e-01   2.1979115e-01  -3.5660223e-01  -3.6914364e-01  -5.0475282e-01  -2.4523878e-01   7.4216018e-02   8.6380511e-02  -3.1347431e-01   1.4914846e-02   9.2070625e-02   3.4025301e-01   3.6026034e-01   3.3711657e-01   2.4756355e-01  -3.1040478e-01   1.9767157e-01   8.2918723e-02  -8.8668822e-02   6.4742801e-01   7.0120132e-01  -9.7165980e-02   5.1287679e-01   8.1782853e-02   3.3400707e-01   8.1669056e-03   4.9349513e-01   4.9597743e-01  -5.3661529e-01  -2.6285193e-01  -3.1668453e-01  -4.2564637e-02   4.1499769e-01  -3.6602822e-01   7.7074853e-01  -6.0817576e-02  -1.7560982e-01  -2.7859210e-01   9.1985897e-02  -3.9009043e-01   7.0296915e-03   1.9850861e-01  -2.1419572e-01   5.6609050e-01  -7.4040270e-02   4.8809985e-01   7.8485067e-02  -2.5944732e-01   1.2430783e-01  -5.4336332e-02   2.8718740e-01   7.0036643e-02  -1.5525168e-01   2.2770837e-01  -2.6257804e-01  -1.2556637e-01   3.5673324e-02   3.5692376e-01  -3.4067714e-01   3.0490226e-01   4.1927893e-01  -3.0364808e-01   1.2706291e-01   2.5231347e-01   1.0120817e-01  -3.7918575e-01  -1.7126837e-01   1.7162764e-02  -1.3145178e-01  -4.3333552e-01  -4.6332830e-01   8.9605894e-02   5.6390000e-01  -1.8657181e-02   1.7587166e-01   7.8325396e-02   1.7991168e-01   1.3312207e-01   6.5723222e-01   5.4358214e-01  -2.0289150e-01   2.5234399e-01  -2.3801024e-01   5.3596359e-02   1.2287220e-02  -3.5316183e-01  -2.9313531e-01   2.5654358e-01  -1.6243380e-01  -1.7965954e-02   9.8813632e-02   5.6326858e-01
  -1.2130561e-01   4.9351073e-01   1.7110558e-01  -3.8649559e-02   0.0000000e+00   1.9962758e-01   3.1139960e-01  -2.0616335e-01   1.4058555e-01   4.0970403e-02  -1.2661265e-02   1.3105335e-01   1.3590119e-01  -3.8946078e-01  -3.9626463e-01   2.3986782e-01   2.6629764e-01   7.0453376e-02  -1.0376141e-01   8.3145114e-01  -5.4724822e-02  -3.8606844e-01   5.5730040e-02  -2.1229594e-01   4.7694915e-02  -1.0671172e-01   7.5710261e-01  -3.1083280e-01  -1.3717013e-01  -2.3704977e-01  -3.1710449e-01  -2.1444647e-01   3.6145603e-01   8.0106322e-02  -7.1155351e-03   5.9718980e-01   1.3823954e-01  -1.0615283e-02   2.6617578e-01   5.5418330e-01   9.9774247e-02   4.1233446e-01   4.5087241e-01  -4.4397016e-01   5.0092902e-01  -1.8892350e-01   2.5657963e-01   1.2559608e-01   5.2862388e-01   3.4939813e-01   1.1917441e-01  -1.7891145e-01   8.5337317e-02   1.1386588e-01   3.7261200e-02  -3.4782714e-01   6.5800184e-02  -3.1427350e-01   3.6812079e-02  -1.8650900e-01  -1.2986749e-01   1.3120085e-01   3.5086143e-01   7.5391918e-02   4.2243317e-01   2.8725401e-01   3.8430384e-01   2.2480018e-02  -1.4127468e-01  -2.5465601e-01   5.7452754e-01  -4.9632599e-02   7.4482299e-02  -1.4970567e-01   5.8586801e-02  -2.6283197e-01  -9.6932699e-02  -2.0848759e-01   7.5297019e-01   2.1004980e-01  -3.9864825e-01   1.4087019e-01  -3.1415232e-02  -2.5939394e-01   2.4178092e-02  -2.7529632e-01   4.4021044e-02  -1.8835811e-01   3.1551928e-01  -7.3296854e-02   7.0807179e-01  -1.6251001e-01   2.3327273e-01   7.9202577e-03  -4.7777531e-02   7.1260558e-01  -5.0210616e-04  -7.5518889e-02   5.6550152e-01   1.3699250e-01  -2.2963193e-01  -5.0211722e-02  -4.5473204e-01  -1.5663472e-01  -1.5092754e-01  -2.0791677e-01   2.8208525e-01  -1.4329420e-01   2.1808880e-03   1.2491241e-02  -1.8727928e-01  -3.4212053e-01   6.4224124e-02  -1.5232073e-01  -4.7457598e-01   4.8725153e-01  -4.1340961e-01   2.1235723e-01  -3.5851197e-01  -9.2339935e-02  -2.1071156e-01   7.9893389e-01   3.5429584e-01   1.0241231e-01  -1.4784644e-01  -4.0224641e-01   2.0170558e-02   3.2367611e-01  -2.8250389e-01   1.2426618e-01   9.7364611e-02   3.1628825e-01  -2.1723097e-01  -1.9930959e-01  -5.3065727e-02  -2.5423675e-01   3.3688807e-03  -4.2604762e-01  -2.8682133e-01  -1.6330859e-01  -5.3428345e-02  -2.3610692e-02  -9.9427547e-02  -3.9908308e-01  -2.5755574e-01  -3.7685368e-01   3.4041517e-01   4.5307479e-01   1.5708266e-01  -7.8055672e-02  -2.8150876e-01  -4.6907321e-01  -1.3110932e-01   3.2596719e-01   2.1058961e-01  -2.2204765e-01  -2.2932408e-01   1.4193254e-02  -4.3256244e-02  -4.0086435e-01  -8.5949851e-02  -1.5378460e-01   1.2375809e-01  -1.8845021e-02  -1.1354637e-01   6.3969018e-01   3.6883391e-01  -2.3648954e-01  -5.0943866e-02   2.7468657e-01   6.2646491e-01  -1.3370213e-01   1.5897043e-01  -1.2475387e-01  -1.9502364e-01   1.7232432e-01  -1.3431339e-01
  -4.6750013e-01  -2.3390556e-01   5.0576141e-01   5.4871063e-01   1.9962758e-01   0.0000000e+00   5.2949691e-01  -2.6851506e-02  -4.7079232e-01  -2.0297657e-01   2.4832166e-01  -2.3872226e-01   6.7107539e-02   2.6926270e-02  -2.6956151e-02   5.8666448e-01   2.4798119e-01   4.5035571e-01   1.3707029e-01   2.2459653e-01   3.1987074e-01   2.3785665e-01   5.8351823e-01  -4.2111307e-01  -1.3826627e-01  -3.8926899e-01   4.6812657e-01  -4.3170749e-01  -3.6571124e-01   4.5568663e-01  -5.2811395e-01   4.1920714e-01   3.7182218e-01  -1.3369190e-01  -2.4682210e-01   5.4582849e-01   1.1219465e-01  -1.0597250e-01   5.2482819e-01   1.1596848e-02   3.2166498e-01   4.8688782e-01  -2.2132682e-01  -3.8434198e-02   1.8385687e-01  -4.5264047e-01   6.9446073e-01  -7.7391853e-02   2.3191554e-01  -4.6887116e-02   5.7772246e-01  -2.3156398e-01  -4.5989737e-01  -3.2414888e-02   1.0321123e-01   9.5546355e-02   5.5599607e-01  -7.5166372e-02   3.7314735e-01  -3.0839940e-01  -7.3336466e-02   9.4410254e-03  -2.7991708e-01  -4.1912016e-01  -2.4605186e-01   4.9501140e-01   8.3915493e-01   1.4718378e-01   6.3233103e-01  -2.1317612e-01  -1.6386243e-01   4.6377588e-01   1.9856164e-01  -5.3515393e-01  -2.1598383e-01  -1.0039434e-01  -9.7667038e-02   3.0959497e-01  -1.1338768e-01   3.3909943e-01  -5.6644089e-02   3.2438946e-01  -4.0386045e-01  -1.7979553e-01  -1.3617667e-01  -1.5246587e-01   5.4722946e-02  -3.0642990e-01  -2.4217093e-01  -4.2051243e-01  -2.0757046e-02  -2.4561142e-01   3.5923644e-01  -4.5373187e-01  -9.3788657e-02   2.8195979e-01   9.6956315e-02   1.0910419e-01   4.4925105e-01   2.4824802e-01  -2.3425111e-01   5.7053681e-02  -1.0034958e-01  -3.7891161e-01   6.2217816e-01   2.8258460e-01   5.7271996e-03   3.3731674e-01  -3.4998167e-02   6.5365948e-01  -2.8564222e-02   4.7101969e-01   3.4297120e-01  -3.3977152e-01  -2.2133488e-01  -2.6964168e-01  -3.6932996e-02   3.2012059e-01  -7.6069847e-02   4.8147567e-01  -2.4817336e-01   1.0518699e-01  -2.3281681e-01  -1.7362925e-01  -4.2663817e-01   4.0935470e-02   2.7007644e-01  -4.0891545e-02   9.6188419e-02   3.9123116e-01   2.6918401e-01  -1.4038576e-01  -4.0404566e-01  -2.8242374e-01  -3.2892185e-01  -2.3156533e-01  -1.6844389e-01  -2.4785521e-01  -2.6519631e-01  -3.1737753e-01  -2.2246460e-01   1.2151724e-01   2.8757140e-01   2.9098918e-02   4.8945559e-02   1.0507720e-01  -1.5196741e-01   2.8741095e-01   5.8897068e-01  -3.8542857e-01  -2.5469087e-01  -3.6876951e-01  -2.1341846e-01  -2.6266630e-01  -3.8093659e-02  -3.6734688e-01  -1.4698454e-01   4.2163642e-01  -2.2544450e-01   1.9323586e-01  -2.0285125e-01   4.9748124e-02   6.8517237e-03   5.6016460e-01   2.1067730e-01  -1.2580867e-01   1.7659847e-01  -4.8580130e-01  -5.6444111e-02   1.4341535e-01  -1.5126662e-01  -2.1676518e-02   1.8018333e-01   3.0048440e-01  -2.5102938e-01   8.4978806e-03   1.8494548e-01
  -5.6890639e-01  -1.7549930e-01   3.7645716e-01   2.5071183e-01   3.1139960e-01   5.2949691e-01   0.0000000e+00  -8.2687372e-02  -4.1272087e-01   2.7984268e-01   4.0252434e-01   3.1610778e-02   2.3411005e-01  -3.9380493e-01   5.3696235e-02   5.9987765e-01   8.9607954e-02   5.7205556e-01  -2.7105893e-01   4.6106965e-01   2.3507801e-01  -1.6424891e-01   5.2472082e-01  -4.7653488e-01  -1.3712433e-01  -5.0692526e-01   4.7634791e-01  -3.0971092e-01  -3.0429549e-01   1.2383454e-01  -1.7600812e-01   7.8329321e-02   4.0675933e-01   4.1910998e-01   1.7204181e-01   6.9957673e-01   1.8187842e-01  -4.5802115e-02   5.7106473e-01   1.7028305e-01   3.7897667e-01   4.0607114e-01   1.2765443e-03  -1.7957092e-01   5.7496119e-01  -6.8337691e-01   5.6750907e-01   3.9351131e-01   2.9575318e-01  -1.1733617e-02   7.0280280e-01  -4.0793963e-01  -2.0861314e-01  -7.4184874e-02   1.1385116e-01  -7.3505798e-02   5.7865649e-02  -3.7219196e-01   2.9950714e-01  -3.2069168e-01  -2.5439891e-01   2.9352625e-01  -2.6832353e-01  -5.4040319e-02   2.2716748e-02   7.2704037e-01   4.9001783e-01  -4.8860059e-03   1.9416888e-01  -3.2558192e-01   1.2374142e-01   2.5474132e-01   3.2380732e-01  -7.3771305e-01  -1.9249492e-01  -2.0633146e-01  -2.0132484e-01  -3.1220459e-02   6.8780470e-02   3.6100026e-01   6.5558866e-02   4.8554371e-01  -9.8542948e-02  -3.6982507e-01  -2.2839366e-01  -2.7392035e-01   2.4646680e-01  -5.2519707e-01  -2.1549691e-01  -5.1843400e-01   5.8857521e-02  -4.1122024e-01   6.1320666e-01  -2.8823715e-01  -1.7229741e-01   5.0692856e-01   8.5957364e-02  -3.7965079e-01   5.5299708e-01   6.5694390e-01  -1.1551483e-01   2.5867003e-01  -2.9287311e-01  -4.1741465e-01   3.0620053e-01   2.6279304e-02   8.4282714e-03  -2.2819052e-01   4.6109213e-01   4.8480867e-01   2.4237625e-01  -1.0805927e-02   1.6819061e-01  -3.8489771e-01  -2.3392304e-02  -2.0130085e-01  -2.2901891e-01   4.6342314e-01  -9.3247856e-02   2.3676948e-01  -4.5837775e-01   3.0619531e-01  -1.1188764e-01  -1.1100844e-01  -6.5951751e-01  -4.2652102e-01   3.5902708e-01  -2.2190516e-02  -2.3224911e-01   3.5786829e-01   3.3765408e-01   2.9707844e-01  -6.9033444e-01   5.5002667e-02  -3.7795160e-01  -2.9030116e-01  -1.6214891e-02  -4.6682558e-02  -3.9994925e-01  -5.4143159e-01  -3.6207809e-01  -3.0396130e-02   9.2639481e-02  -8.2617740e-02   3.9846867e-01  -5.6755663e-02   2.5291085e-01   3.5940827e-01   5.1866292e-01   5.5050261e-03  -3.3127565e-01  -4.4174614e-01  -4.0631544e-01   1.5917433e-02   3.3731562e-02  -4.7638232e-01  -4.6958958e-01   3.2313767e-01  -4.1423793e-01  -1.1634327e-02  -1.4920980e-01  -2.5413624e-02   2.5825362e-01   2.9340802e-01  -1.2470154e-01   1.6484653e-01   6.0832782e-01  -3.6930294e-01  -3.5132988e-01   3.0755479e-01   1.4324516e-01  -4.4594001e-02   3.3448456e-01   4.3895138e-02  -3.2981861e-01   1.2907954e-01  -1.2377127e-01
   1.5689912e-02  -1.4358521e-01  -2.3032002e-01   3.8141566e-01  -2.0616335e-01  -2.6851506e-02  -8.2687372e-02   0.0000000e+00  -2.0359368e-01   7.0435853e-02   5.0218665e-02  -1.3666379e-01   2.3566317e-02   3.9970028e-02   6.3549786e-02  -6.5598254e-03  -3.1121168e-01  -2.3743189e-02   4.5965968e-01  -1.7157067e-01  -1.8936970e-01   4.7159196e-01  -2.7223049e-01  -3.2410316e-01  -1.0850259e-01   2.2801909e-01  -2.1688180e-01  -1.0676335e-01  -1.8485533e-01   1.7681248e-01   2.1121951e-01   2.9245673e-01  -2.5436245e-02   5.5633725e-02  -7.1708031e-02  -7.6438733e-02  -1.0026093e-01  -1.7065716e-01  -7.9359165e-02  -2.6248305e-01   4.1822568e-02   3.7609391e-02  -1.7429415e-01   1.4872121e-02  -7.4495527e-02   9.0024273e-02  -1.0416332e-01  -1.0466669e-01  -2.7844757e-01  -3.1659175e-01  -5.2010481e-02   4.6519261e-01   1.5841707e-01  -2.4725194e-01  -2.4019096e-01  -1.5105949e-01   1.8614418e-01   4.7969055e-01   9.0230653e-02   2.5560059e-01   2.8431492e-01   1.0885222e-01  -2.5422300e-01   1.8945143e-01  -4.6885771e-02  -2.1327940e-01  -6.7290538e-02   1.8632317e-02   3.2449912e-01  -2.6897599e-01  -1.4258796e-01   2.0922590e-01   5.9109585e-02  -2.0150473e-02   5.2628739e-02   5.4890146e-01   1.9359885e-01   2.3454538e-01  -1.8042652e-01  -5.2733625e-02  -7.4620589e-02  -6.9530908e-02  -7.1211988e-02   6.3649765e-01  -3.0805682e-01   5.3574177e-01  -4.0989399e-02  -3.4084905e-01  -2.6822644e-01  -2.1772277e-01  -3.0694777e-01   1.8404766e-01  -2.5189205e-01  -3.8997749e-02   1.6041385e-01  -1.2650934e-01   2.1847670e-01   4.0992678e-01  -4.1662008e-02  -1.6844334e-01  -2.1832793e-01   1.8148370e-01   4.6641817e-01   1.2011180e-01   1.5630429e-01   5.2685171e-01  -1.7785171e-01   4.6858367e-01  -1.3644274e-01  -1.7852896e-01  -1.0916723e-01   3.4841573e-01   8.1769413e-02  -1.4833100e-01  -2.0453410e-01  -1.5723654e-01   2.1385271e-02   1.0369530e-02  -3.0573182e-01   3.9192890e-01   1.1949929e-01  -2.4084754e-01  -1.0188057e-01  -2.9283802e-02  -1.4901862e-02   1.7151965e-01  -1.9773844e-01  -1.5678500e-01   4.8598562e-01  -3.4999119e-01   7.7607549e-02   1.0774120e-01   8.1104885e-02   1.3504112e-02   5.1367502e-02   6.6750774e-01   1.6876433e-01  -6.8984369e-02   6.0454681e-01  -6.7902754e-03  -7.5118919e-02  -2.5180598e-01   2.1709007e-01  -3.8131158e-01   4.2944905e-02   2.4293881e-01  -1.1338956e-01  -8.2291007e-02  -1.5795269e-01   1.5043969e-01  -3.3646125e-01   3.8501473e-01   2.3673462e-02   3.3968848e-02  -4.0475751e-01  -3.3589944e-01   2.0530450e-01   1.4809096e-02   1.5231015e-01   1.4161002e-01   1.8828206e-01   2.1605775e-01  -1.3802325e-01   2.0158484e-01   4.6104366e-01  -1.0347859e-01   1.1640153e-01   1.6790685e-01   6.2511686e-02  -2.1504657e-01  -1.7466227e-01  -3.3245702e-01  -5.0765192e-02  -3.9816783e-01   1.5906429e-01   7.7945069e-02   5.1839230e-01
   2.9966097e-01   6.8661093e-01  -3.7563555e-01  -3.6128933e-01   1.4058555e-01  -4.7079232e-01  -4.1272087e-01  -2.0359368e-01   0.0000000e+00  -2.1361889e-01  -2.4267359e-01   3.6716201e-01  -1.0877307e-01  -4.2731582e-02  -2.2014524e-03  -5.3966764e-01  -8.5620749e-02  -3.5252669e-01   4.1777958e-03   1.7109132e-02  -3.5178279e-01  -6.2865041e-02  -4.7886332e-01   3.6067680e-01   2.2023493e-01   4.4673669e-01  -9.1690929e-02   1.6450075e-01   4.2189844e-01  -1.3563045e-01   1.0500778e-01  -1.7108552e-01  -2.8705895e-01  -1.6918792e-01   2.2731843e-02  -3.7028292e-01  -2.9400463e-01   3.7938433e-01  -4.7881649e-01   1.7337371e-02  -3.5248288e-01  -2.9904392e-01   5.1688511e-01   6.5359884e-02  -4.0655921e-03   4.5825495e-01  -4.7416112e-01  -1.9506708e-01   3.1759648e-02   3.9507504e-03  -4.0406714e-01   2.4128640e-01   2.2747416e-01   1.7544751e-01  -6.3915563e-03   4.4416768e-02  -1.3526859e-01   1.9695147e-01  -3.4908973e-01   5.1903162e-01   3.1734851e-01   5.4038645e-02   5.1278400e-01   3.2403231e-01   3.9187633e-01  -3.9161920e-01  -3.8094402e-01   1.8440490e-01  -4.3924943e-01   1.5645740e-01   6.0924842e-02  -8.9834180e-02  -2.4912007e-01   4.2253729e-01   2.5959402e-01  -1.1566857e-02   2.8088125e-01  -2.5618720e-01   3.8591002e-01  -1.7722587e-01  -1.1181837e-01  -3.7574183e-01   1.1475236e-02  -5.1886231e-02   1.3121771e-01   3.7730822e-02  -1.6844525e-01   3.3884011e-01   5.8371877e-01   3.6878754e-01   4.1712328e-01   3.2016523e-01  -4.2118442e-01   7.7565652e-01   3.5063093e-01  -2.8455854e-01  -2.8082269e-02   1.0223118e-01  -4.1795775e-02  -2.4915526e-01  -4.6760025e-02  -6.5302430e-02  -3.9038435e-02   6.0385096e-01  -3.2236581e-01  -6.7129510e-02   6.7057962e-02   3.1250728e-03  -8.6826209e-02  -5.6206696e-01  -3.4530291e-01  -2.7882281e-01  -5.5425773e-02   1.5548188e-01  -1.0031423e-01   4.0309968e-01   7.4766257e-02  -2.8269778e-01  -5.8569339e-02  -2.3568342e-01   2.8139223e-01   1.3748728e-01   3.1026461e-01   3.7116231e-01   4.8975051e-01  -7.8999950e-02  -1.1293825e-01   3.9526195e-02   1.1200077e-01  -4.0702243e-01  -3.7666834e-01  -1.5383995e-01   4.6076952e-01  -3.0475596e-02   5.5405053e-01   7.9047926e-02   2.7068466e-02  -1.6227244e-01   1.1217786e-01   4.7829966e-01   3.4720290e-01   7.6340214e-02  -1.2369072e-01  -4.0001115e-02  -2.8913936e-01  -7.7292995e-02  -2.3118243e-02  -1.3874870e-01  -4.4508371e-01  -7.3821889e-02   2.1000364e-01   8.2069220e-02   2.7280759e-01   1.7585150e-01   1.0277606e-01   3.6884720e-01   3.0990817e-01  -3.7999919e-01   4.3973906e-01  -2.5074044e-01   4.4697847e-01  -4.9169944e-02  -2.2866050e-01  -2.5173539e-01   1.2111284e-01   1.9810004e-01  -2.5628826e-01   4.0258508e-01   2.1308935e-01  -2.7990763e-01   2.3266882e-01   6.3397488e-02   3.7712317e-02  -1.4289150e-01  -1.1887236e-02  -1.8492655e-01   4.4734632e-02
  -1.5772407e-01  -2.0489739e-01  -6.5398101e-02   5.5017532e-02   4.0970403e-02  -2.0297657e-01   2.7984268e-01   7.0435853e-02  -2.1361889e-01   0.0000000e+00   2.4564179e-02  -2.0917085e-01   2.6429165e-01  -3.0223528e-01   5.4160127e-02   1.6179318e-01  -1.9043476e-01   1.1723463e-01  -1.3680483e-01   8.9859582e-02   7.1255886e-03  -3.1684440e-01   6.9778289e-02  -1.9762702e-01  -1.3767549e-01  -1.9762635e-01  -3.7413374e-02   9.7029914e-02  -1.8757972e-01  -3.9411152e-01   2.4488915e-01  -2.4245924e-01   1.1066661e-01   7.3289217e-01   3.9719540e-01   1.2313493e-01   3.5089711e-01  -1.7113827e-01   1.9290347e-01   1.2212053e-01   1.4296541e-01  -3.4613183e-02   1.4441629e-01  -2.5223751e-01   2.3737181e-01  -3.5997848e-01  -7.6707035e-02   3.0537342e-01  -1.3487957e-01  -9.5299641e-03   5.5227637e-02  -1.1903467e-01   2.4217567e-01  -1.1763066e-01  -4.8285377e-02  -4.5067152e-02  -2.3048558e-01  -2.8070522e-01   8.1639696e-03  -2.5785598e-01  -3.0657908e-01   4.5391911e-02  -1.1685417e-01   1.6156813e-01   1.1106632e-01   3.5020141e-01  -1.2893730e-01  -1.9843316e-01  -1.7529978e-01  -2.2797462e-01   3.5576067e-01  -3.1877831e-01   1.3903999e-01  -2.4048704e-01  -2.2224395e-02   3.5005917e-02  -2.8144792e-01  -1.2620760e-01   9.4821581e-02   4.8944741e-02   3.6924980e-02   2.6089853e-01   3.4438237e-01  -1.0794519e-01  -1.1522155e-01  -1.0762892e-02   2.4498303e-01  -1.7297370e-01  -1.4592847e-01  -2.3857308e-01  -1.0374959e-01  -2.5363020e-01   3.0345439e-01  -9.7536831e-02  -2.4941521e-01   2.9329825e-01   2.5213109e-02  -3.3809233e-01  -5.2032901e-02   4.0996076e-01   7.2607273e-02   1.9665851e-01  -2.5272651e-01  -3.0566891e-01  -1.5124716e-01  -1.6281236e-01  -8.0265943e-02  -3.5960860e-01   5.7117679e-01  -2.7333367e-02   5.0111723e-01  -3.0590561e-01  -2.7364200e-01  -1.9009069e-01   1.4588157e-01   4.7851982e-03  -2.2252779e-01   1.7633657e-01  -2.4392999e-01  -8.7486274e-02  -3.3710703e-01   1.3898818e-01  -7.7954839e-03  -9.5729870e-02  -4.1537250e-01  -2.5040865e-01  -5.1958585e-02  -6.0263541e-02  -1.6573987e-01  -3.6766544e-02   1.6843576e-01   4.1573100e-01  -3.4224895e-01   2.7438957e-01  -1.9393028e-01  -3.9822557e-03   2.0680753e-01   9.4207514e-02  -7.2122820e-02  -4.4849015e-01  -2.5765697e-01  -3.5385035e-01  -8.0983990e-02  -2.9742915e-01   3.9780166e-01  -1.7493754e-01   4.5530395e-01  -6.4989753e-02  -1.8975531e-02   6.0406167e-01  -1.6338102e-01  -2.0998269e-01  -1.8525543e-01  -2.7649925e-04  -2.4941538e-01  -3.4364792e-01  -3.7204480e-01   7.7848758e-02  -3.6111324e-01  -2.5941107e-01  -7.5679794e-02  -1.8332303e-01   4.1492090e-01  -1.8204417e-01  -2.3408214e-01   1.5922641e-01   3.5493239e-01  -8.4352390e-02  -2.0298602e-01   2.8670176e-01   1.7085692e-01  -8.2256575e-02  -3.7592045e-02  -3.5804371e-01   9.4722998e-02   1.9014827e-01  -2.2705341e-01
  -4.3450774e-01  -2.7919931e-01  -2.2217899e-01   2.7412452e-01  -1.2661265e-02   2.4832166e-01   4.0252434e-01   5.0218665e-02  -2.4267359e-01   2.4564179e-02   0.0000000e+00  -4.7707462e-02   1.4423942e-01  -2.6485670e-01   3.5835128e-01   5.0679704e-01  -3.3127592e-01   5.5905239e-01   6.8793066e-02   7.0048490e-02   2.9317278e-01   8.9179142e-02   3.7143954e-01  -4.5435184e-01   1.6719293e-02  -3.4819119e-01   8.0893060e-02  -3.0396224e-01  -2.7867976e-01   3.8598898e-01   1.6177598e-01   2.5617487e-01   1.5802281e-01   1.5029131e-01  -1.2269193e-01   5.2443142e-01   2.1203285e-01  -9.0767328e-02   4.0252594e-01  -2.6532153e-01   4.3494935e-01   2.4182687e-01  -3.1699072e-01   2.5978173e-01   3.2254332e-01  -4.4714759e-01   6.2809753e-01   3.1079985e-01   2.8186846e-01  -2.3416711e-01   6.4070237e-01  -1.7004195e-01  -7.0454846e-02  -1.3518511e-01  -1.2211842e-01   2.0248520e-01   8.1362613e-02  -3.7431071e-02   3.9404617e-01  -7.1046480e-03   2.3113688e-02   2.3697167e-01  -3.0699123e-01   1.2666799e-01  -1.3623754e-01   2.3465615e-01   1.4889883e-01   1.8783977e-01   5.3607735e-01  -3.7335349e-01  -1.7585774e-01   3.8814125e-01   4.6655217e-01  -4.0265705e-01  -5.6780088e-02   1.1272774e-01  -1.3475490e-01   1.5192199e-01  -1.6411544e-01   3.0646657e-01  -3.3707210e-03   4.4617186e-01  -8.8381450e-02  -2.8915515e-01  -3.2702375e-01  -1.8882863e-02  -1.3667428e-01  -4.1211382e-01  -3.4610326e-01  -3.7112473e-01  -2.4667573e-01  -1.6586959e-01   1.2632173e-01  -3.0749033e-01  -5.1329045e-02   4.4111789e-02   1.1069009e-01  -6.5650237e-02   2.9755089e-01   4.2713984e-01  -2.9102472e-01   4.5404963e-01  -9.7257518e-02  -4.9830023e-03   4.9039318e-01   2.2775006e-01  -1.3405712e-01   1.0558683e-01   3.6578895e-01   3.1339591e-01  -1.1806421e-03   2.3337470e-01   2.0065931e-01  -3.9009674e-01  -1.2265738e-01  -1.9135966e-01   5.4007709e-02   3.7257875e-01  -2.3798152e-01   3.6813494e-01  -2.2717698e-01  -1.4691840e-01  -3.5092265e-01   8.9061221e-02  -4.2107613e-01  -1.6154137e-01   3.4023866e-01  -2.1781013e-01   4.9986562e-02  -1.4188198e-01   4.1022397e-01   3.5397767e-01  -3.4030869e-01   3.2174474e-01  -3.1032827e-01   4.5758265e-02   1.7973465e-01  -5.8869252e-02  -8.0795929e-02  -3.2327439e-01  -2.6749800e-01  -8.5694270e-02   5.9183204e-01  -1.4416581e-01   5.4698864e-01   3.5835931e-01  -2.0034818e-01   2.9328082e-01   2.9007061e-01   7.8747168e-02  -1.6982995e-01  -2.4855270e-01  -8.2773653e-02   3.9314384e-01  -2.8481973e-01  -3.0546813e-01  -1.3692812e-01   3.9789200e-01  -1.5825596e-01   9.6724836e-02  -7.3849616e-03   5.0054213e-01   2.2067254e-01   5.2384800e-01   2.2897247e-01  -9.5678841e-02   4.0863287e-01  -1.0216924e-02  -2.1123082e-01   8.7540372e-02  -1.6259821e-01  -1.4322690e-01   5.2704085e-01  -9.1329530e-02  -1.5804088e-01   1.5686822e-01   1.8017933e-01
   4.9308725e-02   4.2429038e-01  -1.0713679e-01  -3.3327075e-01   1.3105335e-01  -2.3872226e-01   3.1610778e-02  -1.3666379e-01   3.6716201e-01  -2.0917085e-01  -4.7707462e-02   0.0000000e+00  -3.1746922e-03  -3.5450305e-02   9.9566297e-02  -1.6430741e-01   3.8609446e-02  -6.6332333e-02  -1.6644163e-01   1.8850408e-01  -2.8176106e-01  -4.6317744e-02  -3.3546093e-01   1.3450609e-01   1.7325847e-01   4.5956599e-02   1.1173848e-03  -2.3164144e-02   2.4586562e-01   1.9816883e-02   8.6350251e-02  -1.6393094e-01  -1.1175498e-01  -5.7370992e-02   3.3559749e-01  -7.6292158e-02  -2.7654226e-01   1.8915030e-01  -1.3888475e-01   1.8070251e-01  -7.1925794e-02  -8.8407247e-02   3.4830032e-01   1.5600691e-02   1.4575823e-01  -3.3225177e-03  -1.7553201e-01  -7.2348523e-02   8.3615152e-02   1.6897104e-01  -6.1498696e-02  -2.3693095e-02  -9.2871276e-03   2.2067566e-01   2.0284219e-01  -5.4682407e-02  -1.1445104e-01  -6.2337425e-02  -4.9526039e-02   4.3196368e-01  -2.3031307e-02   2.2666145e-01   3.4196422e-01   1.3424581e-01   1.0769149e-01  -1.9275476e-01  -2.4067121e-01   5.0097009e-02  -2.6079023e-01  -3.5153909e-02   5.1880163e-02   8.5246176e-03  -1.2281740e-01   7.7502399e-02   3.0261634e-01  -1.4812914e-01  -4.6110605e-02  -1.2337917e-01   2.5428910e-01  -8.9968073e-02  -1.3388565e-01  -1.6669315e-01  -3.9840032e-02  -1.5446110e-01   2.0559488e-01  -1.6602169e-01  -1.5242747e-02  -5.6631499e-03   3.1713902e-01   1.3076128e-01   2.4346914e-01  -7.1659737e-02   5.4778388e-02   5.2578687e-01   8.7802685e-02   1.1868511e-02   1.0528590e-01  -1.3912279e-01   2.5979435e-02  -1.6725714e-01   5.0976089e-02   1.6570284e-01  -1.0891009e-01   3.1905016e-01  -1.8938839e-01  -1.2211344e-01   1.7568026e-01  -1.1545246e-01  -4.1162551e-02  -3.5530803e-01  -7.5313413e-02  -1.8192500e-01  -2.1512026e-02   6.7831785e-02   5.0262353e-02   8.8112935e-02  -7.5671925e-02  -2.2752321e-04   7.6990891e-03  -1.5351332e-01   4.5764484e-03   2.4779722e-01   3.9612922e-01   2.4956297e-01   8.3696676e-02  -7.6394092e-02   2.3308427e-01   2.1786565e-01  -1.5577605e-01  -1.3081337e-01  -1.5454121e-01  -3.4423387e-02   2.4216162e-02   6.0904375e-02   4.3345834e-01  -1.1318496e-01   1.4800865e-01  -7.2665562e-02  -1.1029163e-01   1.8071164e-01   5.5812195e-02   7.3293048e-02  -8.0921151e-02   5.2424283e-02  -8.9602860e-02  -7.0653552e-02   3.6238465e-01  -1.5630226e-01  -1.9300509e-01  -9.7192620e-02   1.4492686e-01  -5.0087610e-02  -7.1717909e-02   4.9125406e-02   3.5390092e-01   1.6178306e-01  -5.9509329e-02  -1.3711629e-01  -1.0928686e-02  -2.5829160e-01   2.8307754e-01   2.2860141e-03  -2.7172484e-01  -2.1827804e-01  -5.1351034e-02   2.7492052e-01   7.7373865e-02   1.7139698e-01  -4.2818924e-02  -1.3394894e-01   2.6353777e-01  -5.3075674e-02   3.5022550e-02   4.9825316e-03  -5.3687536e-02  -1.9516807e-02   4.3245795e-04
   6.8101743e-02  -3.0278475e-02   4.8220774e-02   1.8750096e-01   1.3590119e-01   6.7107539e-02   2.3411005e-01   2.3566317e-02  -1.0877307e-01   2.6429165e-01   1.4423942e-01  -3.1746922e-03   0.0000000e+00  -1.0606356e-01  -2.9047346e-02   2.5071308e-01  -5.7336941e-02   9.9513912e-02   5.8286412e-02   1.3541660e-01  -2.6074149e-01  -6.8982397e-02   4.8553784e-02  -1.6722504e-01   4.6686295e-02  -2.6406104e-02   1.9896192e-01  -1.4788782e-01   1.9641751e-02  -1.0744945e-01  -8.1051707e-02  -2.0692773e-01   1.9984512e-01   1.3732279e-01   1.9807967e-01   2.0894134e-01  -7.0975667e-02  -1.5641836e-01   2.9419274e-01   5.7558795e-02   4.9023539e-01   1.9323280e-01   5.5712224e-02  -1.5429079e-01   3.2365585e-01  -1.4294664e-01   6.4551099e-02  -4.4786774e-03   1.2778637e-01  -5.9495700e-02   1.6955401e-01  -1.0962917e-01  -9.1707578e-02   1.5469128e-01   3.6914777e-02  -1.5288542e-01   4.1669808e-02  -1.4127767e-01   6.1506343e-02   9.7248966e-03   3.0426727e-02   5.1399131e-01  -1.1252163e-03  -4.0397659e-02   1.1816037e-01   1.1192391e-01   1.6826705e-01   1.7564158e-01   2.4042411e-02  -4.7740669e-02   8.2083058e-02   7.0934476e-02   2.9274441e-01  -1.4833890e-01   2.0210516e-01  -1.2022017e-01  -7.1744167e-02   2.4989274e-02   3.9441476e-03   2.4381598e-01  -1.8223284e-01   4.3083206e-01  -1.3554773e-01   1.0946308e-01  -1.0574651e-01  -1.2892735e-01   5.7629615e-02  -1.5844632e-01   5.8868479e-02  -5.6609326e-02  -1.7045349e-01  -6.8455971e-02   2.7324722e-02  -9.1685604e-03  -4.0033922e-02   3.0972193e-01   5.3470769e-01   2.3965911e-02   2.9941646e-01   3.0946590e-01   3.5094936e-03   9.9785478e-02  -2.6188109e-01  -7.6249267e-02  -1.2652264e-01  -3.3479787e-02   1.2291059e-01   4.7408390e-02   3.8979496e-01  -1.0993198e-01  -1.1980630e-01  -1.2355041e-01   3.4708135e-01   7.7242373e-02  -9.5005177e-02  -1.5954362e-01  -1.9070980e-01   5.0636278e-01  -1.4493952e-01   9.6016003e-02  -4.3946823e-02   7.0656854e-02   1.4233460e-02  -1.7104310e-01  -2.1701782e-01  -1.3571650e-01  -4.5513265e-02   1.7216643e-01   4.2442344e-02   2.5759169e-02   3.2505478e-01   1.8993454e-01  -1.0284206e-01  -6.2976099e-02   4.4050600e-02  -4.5661328e-02   2.8174126e-01  -1.0497797e-01  -8.6063307e-02  -1.7362022e-02  -3.9961888e-02   2.1185035e-01   3.7807986e-02  -1.7475113e-01   2.0577242e-01  -1.6004263e-01   2.5497064e-02  -8.2458565e-02  -2.6430193e-02   9.5289003e-02  -1.9294648e-01  -2.2922885e-01  -5.2721973e-02   1.5810611e-01  -1.8161825e-01  -2.3313308e-01  -8.9137979e-02   1.9415677e-01  -6.0358509e-02  -2.8941457e-01   7.7178181e-02  -2.7529070e-02   5.4034551e-02   6.2331568e-02   9.5312192e-02   1.1416547e-01   2.2422623e-01  -1.6849093e-01   7.0061635e-02  -1.2671070e-01   3.3710332e-02  -1.9342730e-01   2.5512432e-01  -6.4021228e-02  -1.4726510e-02   1.6024002e-01   1.9372356e-01
   2.3604043e-01  -2.2831468e-01   1.2399402e-01  -8.5331235e-03  -3.8946078e-01   2.6926270e-02  -3.9380493e-01   3.9970028e-02  -4.2731582e-02  -3.0223528e-01  -2.6485670e-01  -3.5450305e-02  -1.0606356e-01   0.0000000e+00   1.5080121e-01  -2.9914551e-01   1.5032659e-01  -1.5990797e-01   1.3400099e-01  -4.1709859e-01   1.2226805e-02   3.6977269e-01  -1.4246900e-02   3.1576426e-01   1.4096049e-01   7.8508394e-02  -3.9818052e-01   3.7793346e-01   6.2837704e-02   2.2969607e-01  -1.1770700e-01   1.9922350e-01  -1.2926218e-01  -4.2375695e-01  -6.3926926e-02  -3.8120377e-01  -2.2097513e-01   1.8436474e-02  -3.6256918e-01  -2.2553018e-01  -2.1238596e-01  -1.7481228e-01  -2.4652925e-01   3.3404646e-01  -4.0757786e-01   2.9169482e-01  -1.3447640e-01  -3.5846323e-01  -2.1576495e-01  -6.2025298e-02  -1.6113768e-01   5.3982454e-02  -3.5992017e-01   1.9371959e-01   2.1890904e-01   3.1079504e-01   3.4131471e-03   1.9131094e-01  -1.8512501e-01   1.0208450e-01   9.0127605e-03  -4.3150955e-02  -8.3746837e-02  -4.2410855e-01  -3.9828140e-01  -3.0380892e-01  -6.5884932e-02  -8.1515143e-03   1.0571927e-01   4.0534018e-01  -4.2068013e-01   3.1982323e-02  -3.4084735e-01   3.8985585e-01   3.2853397e-02   3.1122418e-02   7.7579234e-03   2.4107313e-01  -4.1713772e-01  -1.6437834e-01   4.1931697e-01  -3.4186728e-01  -1.9512588e-01   4.0167266e-01   3.8877004e-01   7.3382907e-02   2.0419538e-02   4.0803259e-01  -6.5131503e-02   2.6068421e-01  -3.3091519e-01   9.3765966e-02  -1.5936458e-01  -3.6192784e-02   4.4284177e-02  -3.5849955e-01   1.1790703e-01   9.9335286e-02  -2.3474835e-01  -2.5290222e-01   3.2192338e-01  -3.1664936e-01   4.3778676e-01   7.4917426e-02   1.0703930e-01   7.5267524e-02   1.9463265e-01   8.8158798e-02  -2.8757325e-01  -3.6548686e-02  -7.6191141e-02   3.3926646e-01   9.6950163e-02   2.8854504e-01   4.0681407e-01  -2.9549276e-01   3.2051766e-01  -1.4303752e-01   4.2764959e-01   4.1943881e-02   2.4141066e-01  -3.6677406e-01  -7.4349428e-02  -1.4429923e-01   3.0308051e-01   8.0860693e-01  -5.2235740e-02  -8.8657784e-02   1.5254688e-01   4.0919469e-02  -3.6894437e-01  -4.3795358e-01   3.8245225e-01  -2.1344028e-01   1.5984559e-01   2.5263419e-02  -1.6779472e-01   3.9443641e-01   1.2489219e-01   4.2461011e-01   2.9835090e-01   1.4268715e-01  -8.0512231e-02   4.7624694e-01  -1.2239586e-01   1.9905463e-01  -2.4697458e-01  -4.9391577e-01  -1.6883189e-01  -2.8056627e-01   5.1245597e-01   5.0684427e-01   1.7326556e-01  -3.9838556e-01   1.2431152e-02   3.8035345e-01   2.3477770e-01  -1.5007239e-01   1.6450046e-01   4.6004253e-01  -4.4641518e-02  -1.1552017e-02  -4.9605970e-01   1.4729823e-02   4.4750042e-03  -4.6329488e-01  -4.5917931e-01   1.7270288e-01   2.3801152e-01  -2.1468396e-01  -5.0825277e-01   1.2543162e-03  -2.8210735e-01   2.6301857e-01   1.8443516e-01  -8.4799727e-02   6.5586076e-02
