   0.0000000e+00  -1.8417995e-02   1.5295515e-03   3.5691138e-01  -2.9248264e-01   2.4415012e-02  -2.0457847e-01   8.1707968e-02   3.0285634e-01  -3.0743563e-01  -8.9841073e-02  -3.6957838e-01  -3.1863272e-02   3.1329191e-01  -3.1832335e-01  -2.3214662e-01  -1.0331380e-01   2.1715613e-01   1.2378443e-01  -2.6423887e-01  -1.3120703e-01   2.6009114e-01  -2.7378975e-01   7.0457957e-01   3.4653442e-02   1.7901934e-01  -8.7126036e-02   8.3172283e-02  -2.1226301e-01   1.2759760e-01  -3.0557078e-01   4.2493879e-01  -1.6633429e-01  -3.5543905e-01  -3.1982180e-01  -2.4306686e-01  -4.7087314e-02   2.0814759e-02  -2.6804888e-01  -2.7660838e-01  -1.0168068e-01  -1.6239542e-01  -1.8321995e-02  -5.7453537e-02  -1.1944244e-01   3.9002737e-01  -3.9581531e-02  -1.2412881e-01  -6.9238695e-02  -1.9109905e-01   2.0808014e-01   3.9421303e-02  -2.0274331e-01  -1.3045788e-01  -8.7841278e-02  -6.2305614e-02   3.3486539e-01   3.3151044e-01   2.6182082e-01  -1.9826070e-01   2.5596618e-01  -9.9564868e-02   2.0480227e-01  -1.4271584e-01  -1.2656151e-01  -2.8400584e-01  -1.3629199e-01   5.0169531e-02   3.7302116e-01   2.6732238e-01  -2.3176207e-01   1.8364363e-01  -6.5432864e-04   3.4229538e-01  -1.6028059e-01   2.4065534e-01   3.4033173e-01   2.8164967e-01  -1.2224527e-01   1.4975666e-02   1.3318955e-01  -1.5214586e-01  -3.1159045e-01   2.4746896e-01   4.5422766e-01   2.7257589e-01  -3.7795156e-02   2.8676006e-01  -1.7788363e-01   6.9323306e-01  -2.1361895e-01   1.5033561e-01  -5.4993607e-01   1.7995981e-01   4.6518987e-01  -3.0695377e-01   4.5263562e-02   3.8914224e-01   3.1137376e-03  -1.9790365e-01   2.0651653e-01  -3.0461175e-01   3.4524403e-02   6.1245598e-02   1.9243161e-01   5.1549908e-01  -3.9387835e-01   4.2002637e-01  -3.4481530e-01  -3.1607516e-01  -4.5243673e-01   1.4096147e-01   3.2679728e-01   7.4821862e-01   4.2116156e-02  -1.4120190e-01   1.9071225e-01  -1.6345017e-01   1.7321945e-02   2.1451232e-01   5.6596731e-01  -3.2651146e-01  -2.3898494e-01  -2.1534604e-01   6.4952601e-01   1.8806794e-01  -3.4974607e-01  -8.2482091e-02   4.5588921e-01  -2.2353080e-01  -9.4534383e-02  -2.7474371e-01   1.0744625e-01  -4.2992890e-01   4.1581170e-01   1.0219170e-01  -8.4033493e-02   1.7798084e-01   2.6167435e-01   7.8863945e-01   6.9364051e-01  -1.0064975e-01   2.6928085e-01  -1.2944228e-01  -4.4868820e-01   7.3059589e-02  -3.4762402e-01  -7.4717859e-02  -1.6499225e-01  -1.5591353e-01   4.2721443e-01   2.1300919e-01   5.3905126e-01  -1.0916343e-01  -3.4493930e-01   6.7011517e-01   7.6874134e-01   1.1135410e-01   1.0378713e-02  -3.2480407e-02  -1.0647344e-01   1.8552274e-01  -3.0340073e-01   1.9278178e-01   4.3749072e-01  -2.8451706e-01  -1.9318862e-01   1.7507928e-01   4.8413816e-01  -3.1324958e-01  -3.0995217e-01   1.9423583e-01   2.0424775e-01  -1.5266185e-01  -1.2498266e-01  -1.6937990e-02   4.6167894e-01
  -1.8417995e-02   0.0000000e+00   2.6330174e-01  -2.6167412e-01   3.3272985e-01  -4.8919161e-01  -1.8599075e-01  -1.1431614e-02   1.3453797e-02   8.5513228e-02  -4.8981313e-01   4.6228326e-01  -9.4282597e-02  -4.1227911e-01  -7.1432906e-02  -3.8040800e-02   4.0695303e-01  -5.0261674e-01   2.7076083e-01   2.9925034e-01  -4.7361811e-01  -5.3394003e-01  -3.1437374e-01   1.7812491e-02   2.1750610e-01   4.8046377e-02  -4.4167971e-01  -5.9194562e-01   1.2733939e-01  -1.5046248e-01   1.8991896e-01  -1.3543045e-01   1.1308122e-01   6.3565821e-02   1.7806550e-01   3.4434635e-03  -5.0351485e-02   2.0990094e-01  -2.6613012e-02   5.1117738e-01  -2.4330349e-01   8.1622243e-02   1.4509123e-01  -2.8521988e-01  -9.3804656e-02   1.8319663e-01  -4.4058290e-01   2.0121254e-01  -1.6338300e-01   4.1701113e-01  -4.5420636e-01  -7.3002883e-02   6.3911624e-01   1.4258381e-01  -1.1900062e-01  -3.9134000e-01  -2.6523016e-01  -3.4326748e-01  -1.5740765e-01   2.9764888e-02  -6.4594531e-02   5.9120075e-02  -1.6443067e-01   4.3241980e-01   1.8607613e-01  -3.2302888e-01  -1.5523655e-01  -5.0147918e-02  -2.9031164e-01  -8.3142494e-02   4.5998977e-01  -5.4934742e-01   1.3878246e-01  -1.7635397e-01   1.4806543e-01  -5.4191154e-02  -1.0685289e-01  -2.6455276e-02   3.0338357e-01  -2.8144173e-03  -5.5254247e-01   1.6347677e-01   4.4623126e-02  -1.0417047e-01  -1.6402322e-01  -1.4930715e-01   1.2215788e-01  -5.0550191e-01   3.1926504e-01   8.0542113e-02   3.4218083e-01   1.5168408e-02   1.6044150e-01  -1.0638752e-01  -1.1861989e-02   4.2324884e-01   1.9638927e-02   2.2506412e-02  -2.6887769e-01  -5.1264611e-01  -3.4996710e-01  -1.6118527e-01  -4.4109318e-01   6.3121185e-01  -5.8820152e-01  -2.1198647e-01   2.2411471e-01  -2.7764765e-01   2.2189808e-02  -4.9883620e-01   4.2711689e-01  -6.3596840e-01  -3.4969191e-01  -5.8596838e-02  -5.8724336e-01   6.2632474e-01  -9.0526614e-02  -6.4338196e-02  -4.7116063e-01  -3.2555748e-01  -1.1795969e-01   3.3847999e-01   4.0706020e-01   4.6361528e-01   3.6805033e-02   1.9629328e-01  -2.0108469e-01  -8.9097887e-02  -1.5875087e-01   1.0463854e-01  -1.1753331e-01   2.6749655e-01   5.4273371e-01   5.3920901e-02  -1.3573643e-01   3.1913856e-02   2.0012812e-01  -3.3120952e-01  -2.5203573e-01  -1.4134592e-01  -1.7301232e-01   1.7036523e-01  -4.8728544e-01  -4.1626248e-01  -1.8946295e-01  -4.8318246e-02  -4.0222378e-02   1.3748813e-01  -4.6092644e-01  -1.8891767e-01  -3.3124678e-01  -4.9511879e-02   8.8237753e-02   9.0704509e-02   5.1543429e-01  -3.4751244e-02  -2.3641868e-01  -1.5143240e-01   4.2368876e-03  -5.4193866e-01   1.1473028e-01  -7.6001962e-02  -4.3672750e-01  -4.4157749e-01  -2.3374363e-01   4.8599579e-01  -1.4621835e-02  -1.6449683e-01   9.1880257e-02   5.3390604e-01   5.3847505e-01  -6.8905525e-03  -4.7606795e-01  -2.7092059e-01   1.9166570e-01   1.3247266e-01  -2.4802617e-01
   1.5295515e-03   2.6330174e-01   0.0000000e+00  -3.1423908e-01   1.0830615e-01  -6.9711800e-03   1.0424819e-01  -1.9269100e-01  -1.5592920e-01   3.9971102e-01  -2.1419097e-01   5.8220430e-01   1.8185123e-01  -7.5291791e-02   3.1713210e-01   3.5431133e-02   8.0777493e-01  -3.3481618e-01  -5.3395334e-02   3.8780326e-01  -4.6511815e-01  -3.8534550e-01  -2.6997514e-01  -2.3777709e-02   1.6656607e-01  -3.2514169e-02   1.2017777e-02  -3.4796961e-01   1.6841790e-02  -1.5239476e-01  -2.0721094e-01  -3.0442211e-01   1.2737163e-01   1.9272713e-01   5.6323479e-01   1.6856562e-01  -1.8021494e-01  -1.1725935e-01  -2.7209482e-01   3.4815452e-01   9.6697031e-02   3.5601337e-01   1.2945397e-01  -3.4069791e-01   9.6830201e-02   1.8152978e-01  -1.7130921e-01  -8.6332570e-02   1.6833655e-01   5.9854932e-01  -3.6616527e-01  -1.8511237e-01  -1.9284245e-01   1.5426270e-01   1.0817429e-01  -5.5974867e-03  -1.8239534e-01  -4.8019605e-01  -2.3629485e-01   5.7495972e-01   1.5292474e-01   3.6298410e-01  -9.8095878e-02  -3.3729892e-02  -1.5688309e-01   1.3210488e-01   7.2378643e-03   7.4500614e-02  -2.1969843e-01   4.8601632e-01   1.7602381e-01  -4.0710009e-01   2.2774216e-01   7.4617058e-02   6.3351873e-02  -2.1705874e-01   5.0012377e-02  -1.4438202e-01   2.6191099e-01  -2.8106847e-02  -4.0078945e-01   9.2020205e-02  -2.4668619e-01  -2.4024301e-01  -1.6955203e-02  -3.0196558e-01  -2.5786888e-01  -4.4547416e-02   2.2828021e-01  -9.9899203e-03   1.4858256e-01   4.4263706e-01   2.3513377e-01   4.9516312e-03  -1.5845509e-01   3.3987906e-01   5.1618334e-02  -2.0895144e-01   6.6623697e-02  -4.6131367e-01   9.4323438e-02   3.2042428e-02  -1.9085467e-01   4.0792907e-01  -6.2834400e-01  -2.9907245e-01   2.1413450e-01  -2.4840107e-01  -2.1910138e-02  -2.0857518e-01   1.9819072e-01  -4.1316222e-01  -3.0411249e-01  -1.5062677e-01  -2.3216375e-01   4.7662450e-02  -2.4508985e-01   2.2911401e-01  -3.7197339e-02  -3.6993347e-01  -2.7121808e-01   2.8280050e-01   5.0834326e-01  -2.0473958e-02  -1.2344760e-01   3.7224864e-01   9.8648074e-02  -1.1771544e-04  -3.5381919e-01   7.2950906e-01   1.2633236e-01  -1.0800308e-01   4.8406171e-01  -2.8745724e-01  -2.4533698e-01  -2.1178732e-01   1.1578293e-01  -2.8734445e-01  -3.6477329e-01  -4.7571122e-02   1.4245919e-01   1.6467968e-01  -2.8899216e-01   1.8163625e-01   1.7237552e-01  -2.3718334e-01   2.9510420e-01   1.2591992e-02  -1.6262988e-02  -5.4635480e-01   7.4194166e-02  -2.0452136e-02   1.3319767e-01  -4.4914953e-02   6.9785901e-01  -2.2664248e-01  -2.6391687e-01   4.2065595e-02   2.8797612e-01  -3.1512197e-01   1.1333627e-01  -2.7253807e-01  -2.2022359e-01  -4.0640669e-01  -3.9566324e-01   3.9108357e-01   1.8529479e-01  -2.3764550e-01   8.6086381e-02  -1.4235014e-01   2.9008799e-01  -2.1715023e-01  -4.1371757e-01   2.3564162e-01   2.0425738e-01  -1.2286408e-02  -3.0677047e-01
   3.5691138e-01  -2.6167412e-01  -3.1423908e-01   0.0000000e+00  -1.2616935e-01   1.9426863e-01  -1.8805453e-01   1.6174412e-01   4.9224813e-01  -3.2051547e-01   1.8750157e-01  -2.7944979e-01   2.7933511e-01   3.7392680e-01  -4.0635376e-01  -1.6072664e-01  -2.5316277e-01   3.7751274e-01   1.8271755e-01  -1.1767928e-01   2.0082605e-01   4.7340773e-01  -1.4566635e-01   2.4217839e-01   3.6854430e-02   1.6480926e-01   2.3855244e-01   2.9311956e-01   2.6364228e-02   4.0055026e-02  -1.4695580e-01   6.5153031e-01   6.4326662e-02  -3.8676268e-01  -4.5016526e-01   9.9429125e-03  -7.9642923e-02   3.8873592e-02  -6.7832778e-02  -1.3947013e-01   2.8608561e-01  -9.0668036e-02  -2.5439063e-01   4.4608566e-02  -6.1280126e-02   1.1678574e-01   2.5755272e-01  -8.9864577e-02   1.8184548e-02  -2.3439921e-01   4.7143889e-01   1.6694435e-01  -2.4383359e-01  -4.2227705e-02   2.0944909e-01   1.2074073e-02   3.6360315e-01   6.2300367e-01   4.3898860e-01  -4.2021676e-01   1.9685495e-01   1.7113555e-02   4.4222311e-01  -8.9122725e-02  -2.0774214e-01  -1.9724529e-01   5.7630740e-02   3.6166471e-01   4.1427480e-01  -8.1099762e-02  -1.2177695e-01   4.5885617e-01  -6.3577626e-02   5.7830592e-02  -1.8696882e-02   4.0018611e-01   1.2786311e-01   1.1134074e-01  -1.8382532e-01   3.8687661e-01   3.9438306e-01  -1.9067053e-01   4.8190072e-02   3.4487120e-01   1.8939609e-01   4.6622309e-01   1.7492068e-02   2.8566773e-01  -1.2025638e-02   2.2872871e-01  -1.3535839e-01   1.0901753e-01  -4.0097046e-01   2.9476396e-01   3.2886891e-01  -1.8736636e-01   2.9736036e-01   2.4527829e-01   2.7502083e-01   2.2372257e-02   1.5227435e-01  -2.0628539e-01   2.2146416e-01  -2.0605219e-01   4.6400737e-01   6.2083574e-01  -1.3903349e-01   4.1877734e-01   3.0179812e-02  -1.2357932e-01  -1.8507559e-01   3.1758494e-01   7.3168702e-01   2.6491597e-01   1.7221188e-01  -1.2267260e-01   1.5435314e-01   1.1017297e-01   1.1196980e-01   6.4699492e-01   3.2536523e-01  -2.5188707e-01  -3.6501612e-01  -2.4194242e-01   3.8763589e-01  -9.6656687e-03  -9.2741601e-02   8.6454122e-02   6.5081223e-01  -3.1610958e-01   1.5858816e-01  -3.3580746e-01  -1.7322054e-01  -2.6948482e-01   5.6072468e-01   4.1580514e-01   6.1321035e-02   2.8088693e-01   5.4363004e-01   2.9802300e-01   3.2242298e-01  -4.6175564e-04   2.7867772e-01  -4.9189592e-02  -2.2850890e-01   2.9709129e-01  -1.4844248e-01  -1.3267638e-01  -1.8060049e-01  -7.6955823e-02   1.4557680e-01   1.8073714e-01   1.4099480e-01   6.6687407e-02  -3.7771346e-01   2.9724178e-01   3.4297036e-01   3.3636231e-01   4.9441046e-02   2.6948316e-01   1.6799335e-01   2.7029477e-01   3.4977263e-04   3.3571708e-01   6.7941691e-01  -3.5094176e-01  -1.4728065e-01   3.5937980e-01   3.9233546e-02  -4.6774305e-02  -4.0657685e-01  -1.0110845e-01   3.3236241e-01  -1.1216567e-01  -2.4279620e-01   7.8713800e-02   6.6657080e-01
  -2.9248264e-01   3.3272985e-01   1.0830615e-01  -1.2616935e-01   0.0000000e+00  -2.2914048e-01  -3.0372117e-01   6.0327740e-02  -1.9514234e-01   2.4228793e-01   6.5110648e-02   5.5356742e-02   3.5493287e-01  -4.0798219e-01   1.5412407e-01   7.1752549e-02   3.8391878e-01  -2.5671214e-01   4.4248136e-02   7.9330893e-01  -4.4133850e-01  -5.6083622e-01  -4.6620197e-01  -6.5906992e-02   1.4153952e-01   1.6048895e-02   2.1670279e-01  -3.9896122e-01   1.1376485e-01  -6.0037489e-02  -1.4624278e-02  -1.4596363e-01   9.3622003e-02   4.6283283e-02   3.3178033e-01   6.8041650e-01  -3.3459339e-01   2.7014584e-01   5.5349920e-02   3.5523825e-01   3.0571289e-01   4.2101301e-02   2.7376100e-01  -1.2384054e-01   1.8808718e-01   1.9083180e-01   2.8736224e-01  -1.9469311e-01   4.5660271e-01   3.8430867e-01  -2.4694515e-01   1.2621269e-01   4.4156270e-01   5.0686065e-02  -9.0309103e-02  -2.4942048e-01  -2.0829958e-01  -4.8550793e-01   6.2264946e-02   1.6513563e-01  -1.3072575e-01   6.6416711e-01  -9.9473930e-02   3.0956384e-01   2.5115281e-01   3.1239589e-01   1.7970939e-01   2.1189888e-01  -2.8270798e-01  -4.0141167e-01  -1.3768263e-01  -3.8867184e-01   1.7976923e-01  -4.1969113e-01   3.1390076e-01  -7.2793196e-02   1.0069733e-02  -1.5668689e-01   8.1123958e-01   1.1067350e-01  -5.3762418e-01   1.6442248e-01  -6.2682276e-02  -2.5841915e-03  -5.8720915e-01  -8.8329775e-02  -1.6735661e-01  -3.7659421e-01   3.1947477e-01  -9.5003114e-02   8.1546673e-01  -8.8448068e-02   3.9219403e-01   1.0598320e-01  -3.6269740e-02   8.5201249e-01   9.5451099e-02  -1.7615214e-01   4.4085792e-01  -4.3185338e-01  -5.3170546e-01  -1.2281902e-01  -3.9165488e-01   2.2128578e-01  -5.3053575e-01  -2.3710327e-01   2.7531324e-01  -1.5970975e-01  -4.6885361e-02  -1.9451139e-01   2.4496902e-01  -4.9740767e-01  -3.7297494e-01  -1.9468626e-01  -5.8272365e-01   6.9642459e-01  -2.8732994e-02   3.5236814e-01  -4.1295889e-01  -2.4913518e-01  -2.3175960e-01   8.4015528e-01   5.8406262e-01   4.7230710e-01  -1.1383283e-01  -9.5917279e-02   3.1988376e-01   1.1473773e-01  -3.1886052e-01   7.5046892e-03   1.7707734e-01   4.0210361e-01   1.7642074e-01  -2.5127873e-02  -2.8658567e-01  -1.3696835e-02   3.8200678e-01  -5.6762102e-01  -2.2386408e-01  -2.0809212e-01  -1.4000016e-01   1.7803139e-01  -3.8586994e-01  -4.4389105e-01   1.1414969e-01   1.0721127e-01  -4.0233802e-01   6.0879862e-01  -2.3205463e-01  -3.6667067e-01  -6.0877825e-01  -1.1643170e-01  -1.5564950e-01   6.5024277e-01   4.3549270e-01  -1.2905666e-01  -3.6514599e-01   1.7422896e-01  -7.5668272e-02  -3.6724922e-01   3.0940836e-01   1.6726031e-01   2.8186759e-01  -2.1072682e-01  -2.9630819e-01   6.9286293e-01   3.5586783e-01  -2.1954404e-01  -1.0711752e-01   4.4467087e-01   7.1276782e-01  -2.3218644e-01  -2.0049793e-01  -2.1443826e-01   2.6373557e-01   2.3282254e-01  -3.6036437e-01
   2.4415012e-02  -4.8919161e-01  -6.9711800e-03   1.9426863e-01  -2.2914048e-01   0.0000000e+00   4.1603680e-01  -8.3545542e-03  -1.2009567e-01   1.0291037e-01   4.3985222e-01  -7.9565404e-02   9.9011593e-02   4.4426388e-01   1.8310804e-01   1.8995050e-01  -1.5069069e-01   3.7451318e-01   5.7198386e-02  -3.0204701e-01   3.3366968e-01   4.5757771e-01   2.4402438e-01  -1.3108598e-01  -6.6048694e-02   1.4104030e-02   6.9321647e-01   3.9784185e-01  -2.5871562e-02   2.6508693e-01  -2.5996256e-01  -1.7113337e-01   1.5039022e-01   2.2692493e-01   1.4166542e-01  -2.5512460e-02  -1.0112757e-01  -2.0252618e-01  -5.0273793e-03   6.1511950e-02   1.0334725e-01   6.0764219e-02   7.2072280e-02   2.1180448e-01   2.2554655e-01  -3.5336125e-01   1.7570120e-01   1.0930776e-01   1.3765583e-01  -8.5959391e-02   2.3699157e-01  -6.4328772e-02  -2.6344746e-01  -9.0977678e-02  -6.7911172e-02   6.6933925e-01   4.6531532e-01   1.0313703e-01   7.5126531e-02   2.3269377e-01  -3.2534379e-02   2.1907648e-02  -9.5350249e-02  -4.0861138e-01  -4.4970603e-02   3.6652429e-01   5.8975917e-01   7.4398692e-02   2.3243528e-01   8.9716612e-02  -3.0996372e-01   3.4907098e-01  -9.8710652e-02   3.2541244e-01  -2.1388619e-01  -5.9731905e-02  -2.7727249e-01   2.0409171e-01  -2.9265614e-01  -1.3011797e-01   4.4429327e-01  -4.2921567e-01   4.1241454e-02   5.5946688e-02   2.0535177e-01  -1.5192990e-01  -6.9780809e-02   3.6347571e-01  -2.0860810e-01  -1.3350883e-01  -3.0117602e-01  -3.1074846e-02   1.3113519e-01   5.0666534e-02  -9.7307347e-02  -3.0320805e-01  -7.2146635e-02   1.8409487e-01   2.2782384e-01   3.2005267e-01   3.5399120e-01   3.4298959e-01   4.3632291e-01  -2.4652450e-01   2.1399544e-01   5.2152685e-02  -2.9104505e-01   1.9611727e-01  -1.2635731e-01   5.5104734e-01  -2.1873935e-01   5.5418110e-01   1.8532414e-01  -2.3732771e-02   4.4841750e-01  -5.8994219e-01   9.5485001e-02   2.2001420e-02   5.9779299e-01   2.3808878e-01  -2.2352137e-01  -2.2842912e-01  -2.3914604e-01  -2.9618555e-01  -1.8179596e-01  -2.1101879e-02   6.6119845e-02  -3.7212978e-01  -7.0692187e-02   1.8243001e-01   1.7541216e-01  -2.1238514e-01  -3.2366080e-01  -7.4107623e-02   4.2157389e-02  -6.0409437e-02  -2.8308303e-01   4.4313195e-01   4.9672806e-02   1.0280180e-01   1.6615826e-01  -2.2602666e-01   4.5612605e-01   6.5393482e-01   1.1047716e-01  -6.5186404e-02   1.1635836e-01  -1.5685729e-01   6.3416841e-01   1.7205278e-01   3.3951035e-01  -1.3023307e-01  -2.4853062e-01  -3.0687755e-02  -2.9265712e-03  -1.0242272e-01  -3.9677896e-02   8.8099606e-02  -4.4554155e-02   2.1075650e-01  -4.4078529e-02   3.2469970e-02   9.7012773e-02   2.9400776e-01   1.3970316e-01  -4.0015040e-01   1.0382799e-01   2.6097253e-01   1.0447434e-01  -4.0219432e-01  -3.5068667e-01  -3.1946950e-01   2.8012489e-01   6.1640583e-01  -1.7068893e-01  -3.3036000e-01   2.7971813e-02
  -2.0457847e-01  -1.8599075e-01   1.0424819e-01  -1.8805453e-01  -3.0372117e-01   4.1603680e-01   0.0000000e+00  -2.4906551e-01  -1.7130020e-01   4.5719257e-01   2.2032294e-01   3.1875411e-01  -1.7124407e-01   7.8157690e-02   6.1945604e-01  -9.6873709e-02  -1.8220394e-01   2.5447159e-01   1.4704967e-02  -2.6453086e-01   3.0340583e-01   3.0051475e-01   6.5221975e-01  -3.7143310e-01   1.3453667e-01  -2.1967697e-01   8.3756294e-02  -4.2409904e-02  -2.7679902e-02   5.2354801e-01   5.0328688e-02  -4.1436747e-01  -2.0067080e-01   6.4495906e-01   3.5861898e-01   1.3498616e-01  -2.2447977e-02  -5.1343203e-01  -1.0973815e-01   1.0794927e-02  -5.1540912e-02  -2.2125167e-01   4.6865991e-01   9.8334046e-03   5.4644515e-01  -3.1825516e-01  -4.5805920e-02   4.4945656e-01   9.9026902e-02  -2.5590329e-01   2.8132520e-01  -3.3330349e-01   3.6094844e-02  -1.5117647e-01  -2.0781692e-01   4.3387349e-01  -1.3196743e-01  -1.4352407e-01  -1.5020184e-01   5.7191419e-01  -1.4458037e-01  -3.9278610e-02  -5.4098154e-02  -8.7121552e-02   2.6597113e-01   3.8828615e-01   2.8851288e-01   1.6026664e-01  -1.3473327e-01   2.6038306e-01  -8.8544110e-03   2.3657186e-01  -2.8342977e-01   1.8046054e-01  -2.9008686e-01  -1.6919205e-01  -4.4398394e-01  -8.4163872e-03  -3.2631941e-01  -2.1263949e-01   1.5100635e-01  -1.4259244e-01   4.1862696e-02  -3.3860345e-01   2.0619369e-01  -1.9560009e-01   1.6498254e-01  -1.0448754e-01  -6.4354382e-02  -3.0893508e-01  -3.5823221e-01  -2.8779230e-01   2.3693621e-01   5.3047270e-02  -4.1850868e-01  -3.6461348e-01  -9.9252922e-02  -2.0686956e-01   3.3549633e-02   4.8644127e-01   2.1411967e-01   6.2650618e-01   2.8633233e-01   1.4082973e-01   2.2876002e-01  -2.2029421e-01  -3.2356951e-01  -2.9875044e-01  -4.1159557e-02   2.9706108e-01   2.7716989e-02   4.1187673e-01  -1.1919401e-02  -1.9399358e-01   1.7355912e-01  -5.8474266e-01  -1.2166987e-01  -1.1818166e-01   2.7885347e-01  -1.3588886e-01  -3.7566413e-01  -2.9329040e-01  -8.3649540e-02  -5.5786087e-02  -4.0194653e-01  -2.5338167e-02   3.8607890e-01  -2.0770636e-01  -2.8138327e-01   2.8184131e-01   2.8534209e-02   2.5651372e-01  -3.0247357e-01   1.6581247e-01  -1.0790529e-01  -2.7135619e-01  -2.7189612e-01   4.9439619e-01  -2.1335524e-01  -1.6286185e-01  -7.3767351e-02  -1.8279028e-01   2.0481640e-01   5.3161795e-01   5.7612338e-01  -4.1008265e-02   4.5984905e-01  -1.4385281e-01   6.0401280e-01   4.2962906e-01   3.4721347e-01  -2.6926845e-01  -3.6716849e-01  -1.4838243e-01   1.2374586e-01  -4.2040918e-01  -1.1558534e-01  -1.5155384e-01  -4.1207276e-01  -4.4173351e-02   1.0521942e-01  -2.4763856e-01  -7.0325353e-02   3.2289664e-01  -2.0289564e-01  -2.7976563e-01   4.1893314e-01   1.6070963e-02  -1.7742874e-01  -4.3813178e-01  -6.6076812e-02  -3.4476381e-01   2.6177116e-01   4.5754405e-01   1.7292961e-01  -2.8322292e-01  -2.0866555e-01
   8.1707968e-02  -1.1431614e-02  -1.9269100e-01   1.6174412e-01   6.0327740e-02  -8.3545542e-03  -2.4906551e-01   0.0000000e+00  -1.2041228e-01  -2.7557234e-01  -5.1481603e-02  -1.6754543e-01  -1.2083361e-01   1.8477307e-02  -7.8213408e-02  -4.0078750e-02  -2.9833231e-02   3.1995680e-03   3.5525054e-01  -6.2819761e-02  -6.7647837e-02  -6.4647018e-02   6.6320875e-02  -1.3082257e-01   9.4493931e-02   1.8096770e-01   1.8987980e-02   1.3563892e-01   9.0843616e-02  -1.8902618e-01   1.5095037e-01  -1.0469205e-02   1.9396330e-01  -6.4955832e-02  -1.5028683e-01  -1.3623132e-01   5.6564585e-02   1.5050410e-02  -5.0964784e-02  -6.8237456e-02   6.2453679e-02   2.1355568e-01  -1.3171600e-01   3.3205266e-01  -2.5158269e-01  -1.1964795e-01  -1.6411465e-01  -1.1158338e-01  -1.4161369e-01   8.3319147e-02  -1.5692593e-01   4.9875214e-01   1.2558756e-01  -1.0319360e-01   4.1997634e-02   2.0632250e-01   3.3359919e-01  -6.1369753e-02   2.1818032e-01  -2.2607712e-01   1.3757276e-01   1.9093858e-03   2.7896776e-02   6.3428917e-02   3.6978267e-02  -1.8885025e-01   2.1782824e-01  -2.0663741e-01  -1.0440416e-01  -3.6975456e-01  -9.5140255e-02  -3.1630981e-01  -2.4268410e-01  -7.1797318e-02   4.7638506e-02   2.9062936e-01   6.7505829e-02   3.2256790e-01   1.4309769e-01   1.3819097e-01   8.9296622e-02  -3.5449604e-01   2.2099049e-01   5.8497431e-01   1.5894746e-01   1.4655666e-01  -1.4733600e-02   8.5167976e-03  -9.1290158e-02   6.8834592e-03   2.6759686e-01   2.9246108e-01   5.3813572e-02  -3.8452998e-02   1.4918060e-01   1.2721131e-01   9.7398373e-02   2.0786425e-01  -3.0178572e-02   5.9919894e-03  -3.4392905e-01   2.4097787e-01   2.6717827e-01  -4.4274780e-02  -2.1249694e-02   2.6149322e-01  -3.5786036e-02   1.5466710e-01   1.2700517e-01  -6.1000671e-02   2.1630407e-02  -1.7294805e-01   5.1356438e-02   7.3053563e-02  -5.9679860e-02   2.3794541e-01   3.0963802e-01  -1.1535552e-03   7.9350334e-02  -1.9217243e-01  -1.4068173e-01   1.8791406e-01  -1.3450815e-01   1.2455324e-01   1.4911014e-01   3.8555656e-02   4.7246719e-02  -1.6444765e-01  -2.9142991e-02  -2.8151914e-01   1.7617794e-01   2.8526443e-03   1.5720173e-01   1.4185297e-01  -1.3542751e-01   5.6680766e-01   1.0404169e-01   1.1416959e-02   3.6616739e-01   3.4455570e-02  -5.6303412e-02  -2.1823024e-01  -2.5628169e-01  -5.8976520e-02  -2.4047444e-03   2.3768267e-01  -1.6811308e-01  -9.4862634e-02  -1.9044818e-01   2.1222520e-02   7.8021576e-02   4.8454890e-01   2.0470050e-01   4.5978175e-02  -1.8413219e-01   1.4963699e-02   1.8536665e-02   1.9114548e-01   3.4053263e-01   1.7589398e-01  -1.3542988e-01   4.2841138e-02  -7.1686627e-02  -8.3849406e-02  -3.5136568e-03   1.0361462e-01  -1.9661588e-01   1.0820111e-01   2.4294045e-01   2.4170393e-01   8.2757915e-03  -1.6403918e-01  -1.5469379e-01  -1.7756655e-01  -1.1309249e-01   9.0872027e-02   6.3518981e-02
   3.0285634e-01   1.3453797e-02  -1.5592920e-01   4.9224813e-01  -1.9514234e-01  -1.2009567e-01  -1.7130020e-01  -1.2041228e-01   0.0000000e+00  -2.0620548e-01  -8.2566736e-02  -1.9120753e-01   9.1682633e-02   1.7264158e-01  -4.2582450e-01  -1.3213149e-01  -1.3747322e-01   6.1383359e-02  -6.0803571e-02  -1.4174579e-01  -5.4538567e-02   2.3430189e-01  -1.5752038e-01   3.2760750e-01  -7.1346912e-02   1.1434295e-01  -1.2449459e-01   5.0074441e-02  -7.3736146e-02   1.0021111e-01  -1.9555043e-02   4.6289716e-01  -7.8534754e-02  -2.5010769e-01  -3.3026497e-01  -1.0458730e-01  -1.3084483e-01   1.4366198e-01  -3.1028565e-02  -1.3335046e-01   5.0237408e-03  -9.3656216e-02  -6.2928764e-02  -1.2983172e-01  -1.3577306e-01   3.2779999e-01   4.9434058e-02  -6.1237442e-02  -5.7681985e-02  -1.9315953e-01   2.2188717e-01   5.7812830e-02  -5.5892194e-02   2.2842775e-02   1.6914989e-01  -2.2624521e-01   3.8239945e-02   4.6705356e-01   4.2448664e-02  -3.0826911e-01   2.8006533e-01  -1.5411781e-01   5.8536609e-01   1.0577573e-01  -1.4441148e-01  -3.6646833e-01  -2.9826241e-01   2.6467581e-01   1.7693195e-01   1.5275136e-01   4.1388808e-02   2.8829659e-01   3.1520892e-02  -2.3367927e-02   2.9597096e-02   1.2436638e-01   1.4027391e-01  -1.9355083e-01  -1.8639647e-01  -2.0907758e-02   1.2806796e-01   7.5801238e-02  -1.1320684e-01   9.9579548e-02   1.1356788e-01   2.1638566e-01   1.7828597e-01   1.3039136e-01   2.7269384e-01   3.8815148e-01  -8.0691963e-02   1.2083796e-01  -4.2326439e-01   4.1370967e-01   3.7568514e-01  -1.7607381e-01   1.3543752e-02   1.5687124e-01  -1.2742326e-03  -6.4707091e-02   1.1694513e-01  -2.9568505e-01  -6.1048180e-02   2.0202303e-01   2.2308327e-01   4.0514305e-01  -4.2929403e-02   1.5970987e-01  -3.1144837e-02  -3.1146052e-01  -9.0830851e-02   1.1488814e-01   5.1361291e-01   3.1592707e-01   4.3909585e-04  -6.5729440e-02  -4.6586788e-03   1.0998964e-01  -1.6214485e-01   4.9881577e-01   3.2725594e-01  -2.9992375e-01  -1.2495964e-01  -1.8715414e-02   3.5500595e-01   1.0419773e-01  -2.1654426e-01   3.0101630e-01   5.4855209e-01  -2.1585638e-01   1.0848104e-02  -3.3620014e-01  -6.3017202e-02  -1.2950466e-01   6.1851949e-01   1.0172382e-01  -7.9921767e-02   1.0509205e-01   1.7084578e-01   3.5709653e-01   2.0605308e-01   1.4671406e-01   5.0158572e-02  -2.4148881e-01  -3.5750723e-01   2.5718241e-01  -1.6207281e-01  -1.0665543e-01  -3.3144995e-01  -7.2576942e-02   1.5213777e-01   7.5313376e-02   1.6932267e-01  -5.5422345e-02  -2.3307194e-01   4.0663548e-01   2.6312538e-01  -1.2144296e-01   2.3932413e-02   2.7173372e-02  -5.6082597e-03   6.5144155e-02  -1.1972556e-01   1.1455495e-01   5.5261255e-01  -2.2967572e-01  -1.4641274e-01   1.7621605e-01  -9.5124470e-02  -1.2093048e-01  -2.5318645e-01   7.7839671e-02   1.8108257e-01  -2.0440112e-01  -8.3995129e-02  -2.2685452e-02   5.9140961e-01
  -3.0743563e-01   8.5513228e-02   3.9971102e-01  -3.2051547e-01   2.4228793e-01   1.0291037e-01   4.5719257e-01  -2.7557234e-01  -2.0620548e-01   0.0000000e+00   1.3169214e-01   4.9453082e-01   3.5616076e-02  -2.6447586e-01   5.3711649e-01  -5.5621092e-02   2.7648243e-01  -8.5033242e-02  -1.2221231e-01   3.2892629e-01  -2.0212807e-01  -1.7045603e-01   1.0072390e-01  -2.4651958e-01   2.0435209e-01  -1.4574302e-01   1.5077043e-01  -3.7592134e-01   1.3194192e-01   1.5604129e-01  -1.2357221e-01  -3.6702260e-01  -1.2305997e-01   7.0069267e-01   5.7408104e-01   5.3687412e-01  -2.2826097e-01  -2.5352438e-01  -1.7322125e-01   3.0475999e-01   1.9392758e-02   4.8874837e-04   4.3605801e-01  -2.0578708e-01   5.5972410e-01  -8.1444499e-02   3.7994986e-02   8.3573298e-02   2.2069385e-01   1.9602619e-01   1.2258708e-02  -2.5604440e-01   8.3024411e-02  -5.5980090e-02  -1.8635586e-01   1.2443566e-01  -2.7662429e-01  -4.1030637e-01  -1.1026778e-01   6.6807703e-01  -1.1626106e-01   3.8206844e-01  -1.2357181e-01   3.1156759e-02   1.8821092e-01   5.9355578e-01   1.9046691e-01   1.7284900e-01  -3.0315539e-01   9.2732983e-02  -1.5817545e-02  -1.7377294e-01  -1.1632429e-01  -5.4576847e-02  -8.9586811e-02  -2.1903251e-01  -2.2760188e-01  -1.0752645e-01   1.9789008e-01  -1.7410329e-01  -3.4053294e-01   1.2869848e-01  -4.7720768e-02  -3.9112036e-01  -2.5887647e-01  -2.8175130e-01  -1.7815309e-01  -2.2243143e-01   1.0508798e-01  -2.0897189e-01   1.2500569e-01  -8.3372427e-02   4.9928041e-01  -5.6536157e-03  -3.6333796e-01   2.5819308e-01  -7.4242226e-02  -3.8162297e-01   2.3435538e-01  -3.7726530e-02  -1.4166144e-01   2.6465392e-01  -1.1539824e-01   2.0545661e-01  -2.7325018e-01  -3.3590889e-01  -6.8674068e-02  -3.1345566e-01  -7.2613285e-02   1.3862154e-01   2.9540920e-01  -1.1662075e-01  -3.7222991e-01  -3.0017570e-01  -2.6434604e-01  -4.2255383e-02  -2.7821859e-01   1.6470719e-02  -3.4391882e-02  -2.8509722e-01  -3.6528711e-01   2.9613035e-01   4.5958171e-01   7.7015805e-02  -3.2330357e-01   2.1522020e-02   5.1055042e-01  -8.9097955e-02  -3.7596158e-01   3.5792853e-01   3.9183772e-02   3.3079563e-01   5.0031642e-03  -1.9439672e-03  -2.3541043e-01  -3.4379768e-01  -4.5576271e-02  -1.9891414e-01  -3.3836106e-01  -2.5719216e-01  -1.1479886e-01  -6.3412360e-02  -1.4528049e-01   1.1877238e-01   4.5659762e-01  -1.4936142e-01   2.3097401e-01   1.8753833e-01   4.0310858e-01  -6.0016928e-02  -6.4208286e-02  -2.2505763e-01  -2.1064931e-01  -4.5575875e-02   4.7817651e-01  -4.0170197e-01  -3.9104953e-01   2.4066584e-02  -2.2636835e-01  -3.2418107e-01   2.3993654e-01  -2.7481855e-01   1.6744357e-01  -1.4873824e-01  -3.2299071e-01   2.9244460e-01   5.9406088e-01  -2.4292049e-01  -2.3721783e-01  -1.3922658e-01   4.3374419e-01  -3.5307712e-01  -4.3532398e-02   1.8267393e-01   2.2941304e-01  -3.1509999e-02  -2.9244572e-01
  -8.9841073e-02  -4.8981313e-01  -2.1419097e-01   1.8750157e-01   6.5110648e-02   4.3985222e-01   2.2032294e-01  -5.1481603e-02  -8.2566736e-02   1.3169214e-01   0.0000000e+00  -2.6268584e-01   4.3011392e-01   1.1268932e-01   2.7970179e-01  -9.9789318e-02  -2.1334276e-01   6.5596469e-01   1.2975761e-01  -1.2937275e-01   4.1878885e-01   2.5172931e-01   8.3609503e-02  -7.2571463e-02  -8.7885690e-02  -1.8670219e-02   5.1446960e-01   1.7346987e-01  -2.3649454e-03   4.0445949e-01   6.0413285e-02   4.1300143e-02  -5.5403871e-02   5.1754782e-02   1.1016323e-01   3.5928010e-01   6.4581130e-03  -1.8302730e-01   5.0501780e-02  -6.3063701e-02   4.7006954e-01  -1.7551988e-01   1.0265387e-01   2.5683467e-01   3.7396222e-01  -3.3556619e-02   6.5526078e-01  -9.0892388e-02   3.8411843e-01  -2.1206738e-01   5.5769643e-01   9.7523150e-02  -7.6630270e-02  -2.0400421e-01   9.3079929e-02   3.4781392e-01  -8.2565577e-03   7.7888361e-02   4.1987445e-01   1.3732212e-01   1.8156480e-01   2.2560262e-01  -1.0269934e-01   4.8732239e-02   2.6576657e-01   4.2754530e-01   4.6513510e-01   1.3973255e-01   4.3890483e-01  -6.8892732e-02  -3.0944630e-01   4.1884240e-01   6.6039049e-03  -3.5503997e-03  -2.1375055e-01  -1.5657321e-02   6.6206662e-02   4.9509371e-02  -4.7967563e-02   1.0973656e-01   1.4646562e-01  -2.1889735e-01   2.3796472e-01   4.0153682e-02  -5.3861973e-02   8.5434828e-02  -1.0195924e-02   3.5731405e-02  -1.1168482e-01  -1.2913729e-01  -5.5933563e-02  -1.0904318e-01   6.1504562e-02   1.3561880e-01   1.1050642e-02  -1.7812470e-01   2.5539243e-02   2.6082008e-02   5.1674667e-01   3.4162208e-01   2.5516484e-02   2.2496072e-01   1.3031256e-01  -2.5049204e-01   3.5341068e-01   6.0409398e-02  -1.5319079e-01   1.2396861e-01   1.6444745e-02   4.1444111e-01  -1.1337462e-01   3.4792541e-01   9.5884881e-02  -3.1151108e-02   1.7549051e-01  -3.1137193e-01   1.4958500e-01   1.9183000e-01   1.2221892e-01   1.5786702e-01   3.5073549e-02  -8.7744678e-02  -1.8433209e-02  -4.7560331e-03  -7.1537924e-02  -1.6954032e-01   3.5401197e-01   1.2107780e-02  -7.1102924e-03  -6.6920056e-02   2.9354759e-01   1.7848412e-01  -2.9255164e-01   2.1229679e-01   2.1466871e-02   8.2881056e-03  -1.8238116e-01   1.6955356e-01   5.4350902e-02   5.9394324e-02  -9.8095714e-03  -2.4748126e-01   4.3449435e-01   1.5175646e-01   2.0100292e-01   1.5393136e-01  -9.2654992e-02   2.1988979e-01   4.5278511e-01   2.5589604e-01   7.9735976e-02  -2.1465541e-01  -1.8133505e-01   4.1750211e-01  -1.3676734e-01   2.6366240e-02   6.2542289e-02   2.2219257e-01  -1.4042316e-01   1.0891911e-01   2.0382035e-01   4.5003303e-01   5.3027390e-01   4.8980882e-01   2.8938839e-02  -3.3326020e-01   3.6674430e-01   1.9232990e-02  -7.8824766e-02  -1.4165691e-01  -3.0054136e-01  -2.1627803e-01   4.8209610e-01   1.8435656e-01  -1.9969794e-01  -1.3087741e-01  -7.3864557e-02
  -3.6957838e-01   4.6228326e-01   5.8220430e-01  -2.7944979e-01   5.5356742e-02  -7.9565404e-02   3.1875411e-01  -1.6754543e-01  -1.9120753e-01   4.9453082e-01  -2.6268584e-01   0.0000000e+00   2.5441090e-02  -2.7579107e-01   3.4915691e-01  -2.1562971e-02   5.0909223e-01  -3.8410202e-01   2.1208253e-01   2.3133077e-01  -1.7427394e-01  -4.2651483e-01   6.6677333e-02  -4.1187354e-01   2.3062140e-01  -9.7262388e-02  -1.6361059e-01  -4.1266509e-01   4.8343087e-02  -1.6353928e-01   1.5174332e-01  -3.7545506e-01   1.1130166e-01   4.3837841e-01   5.0416440e-01   1.1447573e-01   6.5031099e-02  -1.6258521e-01  -1.7340533e-01   5.9048826e-01  -6.9039227e-02   2.4553143e-01   1.3450447e-01  -2.4210705e-01   1.7462892e-01  -9.1974772e-02  -4.2618597e-01   1.8994601e-01  -1.1072660e-01   4.7017947e-01  -3.5815476e-01  -2.5696039e-01   1.5451833e-01   1.7822140e-01   1.2722172e-01   2.5826597e-02  -3.1965949e-01  -4.6234556e-01  -3.3652598e-01   4.3704593e-01  -4.2079342e-02   5.6935062e-02  -1.8990559e-01   8.6104607e-02  -1.0358784e-02  -1.0544467e-02   9.0132761e-02   1.7014319e-01  -4.1374663e-01   2.1150105e-01   5.3938871e-01  -4.2285125e-01   3.6952744e-02   9.3436723e-02   8.1964213e-02  -2.2869537e-01  -2.5287326e-01  -1.9950610e-01   3.6832776e-02  -7.7169226e-02  -3.7314238e-01   9.3721382e-02   1.2099984e-01  -3.5291925e-01  -1.1961240e-02  -3.7235347e-01   3.8220965e-02  -3.4440912e-01   2.6378953e-01  -3.2563534e-01   1.2848723e-02   2.1593922e-01   4.8551021e-01  -1.7441748e-01  -3.0210909e-01   2.3495221e-01   3.4687532e-02  -2.5389049e-01  -1.6113917e-01  -1.9285990e-01  -3.2508672e-02   2.5846008e-01  -1.1085735e-01   3.5939976e-01  -4.9315418e-01  -4.0502350e-01   2.4509246e-01  -4.2051716e-01   2.6267864e-01  -1.5951639e-01   6.4048435e-01  -4.4361497e-01  -3.1939043e-01  -3.9691239e-01  -2.3728375e-01   1.4950922e-01  -3.1692662e-01   1.0640786e-01  -1.1423062e-01  -3.4691800e-01  -4.7297306e-01   2.2578138e-01   4.2476442e-01   8.0593296e-02  -3.4713140e-01   2.4989650e-01   1.5704286e-01  -9.5722575e-02  -4.1342581e-01   4.6765766e-01   1.9393778e-02   1.0245377e-01   3.2442904e-01   9.7334977e-02  -2.8575367e-01  -1.3984446e-01   1.3128271e-01  -1.4368690e-01  -3.9450095e-01  -4.1543096e-01  -2.7451236e-01   1.4430088e-01  -4.1471597e-01   1.5241472e-01   3.3567936e-01  -2.4674197e-01   6.6158059e-01  -1.4131583e-01  -1.1090982e-02  -1.0272043e-01  -3.1142236e-02  -1.3709470e-01  -1.4229695e-01  -1.8463510e-01   6.7803071e-01  -4.5976564e-01  -5.2409087e-01  -1.7023251e-01   1.1386751e-01  -3.4440586e-01   2.0436955e-01  -3.8602529e-01  -2.6663761e-01  -4.6569312e-01  -4.4589979e-01   3.5935227e-01   1.9669084e-01  -1.4246043e-01  -1.2557752e-01   2.2913522e-01   3.5474782e-01  -2.8149156e-01  -4.7807722e-01   1.1703008e-01   1.5541937e-01  -6.1440375e-02  -3.6169705e-01
  -3.1863272e-02  -9.4282597e-02   1.8185123e-01   2.7933511e-01   3.5493287e-01   9.9011593e-02  -1.7124407e-01  -1.2083361e-01   9.1682633e-02   3.5616076e-02   4.3011392e-01   2.5441090e-02   0.0000000e+00   4.7629767e-02   1.0826230e-02   3.7187369e-02   3.0240175e-01   2.6799240e-01  -2.7173990e-02   3.4958164e-01   3.3671129e-02  -1.2828160e-01  -2.8536316e-01  -2.1331012e-02   4.1145959e-02   7.8187508e-02   2.7410558e-01  -2.7439442e-02   7.6176255e-02   6.4538518e-02   6.0441738e-02   1.4951834e-01   1.4799198e-01  -2.2800335e-01   9.2990487e-02   4.4045174e-01  -1.3808039e-01   8.5246410e-02  -3.5068903e-02   1.6484152e-01   7.0167435e-01   1.3614309e-01  -1.1733214e-01  -1.1273037e-02   1.0411645e-01   2.5079104e-01   4.2224488e-01  -2.1108821e-01   3.5362659e-01   2.9755821e-01   1.6773049e-01   8.2517661e-03  -1.0632588e-01   5.9330905e-02   3.4989746e-01  -7.4833706e-02  -5.5427183e-02  -1.1618414e-01   3.0455615e-01   1.3863776e-02   2.1635433e-01   4.2895848e-01  -5.6458520e-02   8.5727615e-02   2.2339993e-03   1.5637551e-01   1.2028373e-01   3.5187748e-01   1.6151066e-01  -1.3563187e-02   1.8394610e-02   6.1616143e-02   4.0126544e-01  -1.3143720e-01   1.4958539e-01  -6.4809453e-02   2.3453238e-01  -7.4112961e-02   2.7735356e-01   3.2042600e-01  -8.6731596e-02  -9.3653999e-02   8.8847977e-02   1.2806671e-01  -1.9094432e-01   2.0259072e-02  -1.3071810e-01   1.8953369e-02   2.7493371e-01  -4.2961691e-02   1.9366991e-01   1.6982907e-01  -4.3138790e-02   1.4573646e-01   1.1589044e-01   2.7674833e-01   9.8488426e-02  -1.1764285e-01   5.4001198e-01  -1.7348327e-01   4.0487784e-02  -2.0645085e-01  -1.0825891e-01   1.8551540e-02  -1.2158801e-01   6.8780367e-02   2.1638844e-01   1.0976799e-01   2.2571183e-02  -2.9819518e-02   3.3411201e-02  -1.0708321e-01   1.0605057e-01  -7.9706658e-02  -5.9583060e-02   1.0961553e-01  -2.1136338e-01   5.1780501e-01  -1.4323410e-01   1.4928635e-01   1.1861954e-02   2.0182454e-01   2.8225863e-01   1.3391908e-01  -5.2112461e-03  -1.0229565e-01   1.7001951e-01   2.3080967e-01  -7.2647593e-02   1.6440290e-01   4.4713126e-01  -7.5454649e-02   9.4259039e-02  -1.3432257e-02  -4.0339518e-02  -1.0840481e-02  -2.8358134e-02  -1.4612923e-01  -6.8528519e-02  -6.3514480e-02   8.3369791e-02   2.7226855e-01   3.8967017e-02  -1.2568897e-01   1.6185526e-02   1.9667897e-01  -6.4389557e-02   2.3664646e-01  -9.5239623e-02  -2.5550121e-01  -2.2734267e-01  -9.0787304e-02   3.7964709e-02   4.3735074e-01   2.2603350e-01   1.8604805e-02  -7.1958434e-02   2.8095394e-01   1.8223323e-01   2.0629627e-02   1.7661380e-01   3.3317790e-01   3.3399700e-01   1.1417944e-01   7.2328334e-02   9.5803061e-02   1.3797806e-01  -1.3610961e-03  -1.1367304e-01   1.2717860e-01  -3.0713328e-02  -1.8028407e-01   6.9971293e-02  -8.9033160e-02  -4.3284571e-02   2.2455701e-01  -3.0142181e-02
   3.1329191e-01  -4.1227911e-01  -7.5291791e-02   3.7392680e-01  -4.0798219e-01   4.4426388e-01   7.8157690e-02   1.8477307e-02   1.7264158e-01  -2.6447586e-01   1.1268932e-01  -2.7579107e-01   4.7629767e-02   0.0000000e+00  -1.8288733e-01  -2.2455196e-01  -2.0971912e-01   2.9714477e-01  -1.7963842e-01  -3.4489649e-01   3.1526706e-01   6.3853366e-01   2.1329143e-01   1.0323877e-01  -5.6423224e-02  -1.4522210e-01   1.4213232e-01   7.1858062e-01   7.9196130e-02  -2.3662279e-02  -1.6841497e-01   7.9426615e-02  -9.0059065e-02  -1.4066716e-01  -2.9301531e-01  -1.8396421e-01   3.5775822e-02  -2.0834113e-01  -1.5583580e-01  -4.0559439e-01   8.9616454e-02  -6.3640049e-02  -3.2286545e-01   3.6523625e-01  -8.7469944e-02  -2.5430677e-02   6.1135639e-02   2.1172096e-01   1.4630099e-02  -3.2558620e-01   1.7558701e-01  -4.3382481e-02  -3.5866691e-01   7.8107122e-02   1.1414899e-01   4.5371772e-01   3.5770883e-01   3.7983237e-01  -2.3985743e-02  -1.8305207e-01   2.3646044e-01  -6.3258540e-02   1.5454407e-01  -3.3700034e-01  -2.2347673e-01  -1.1177567e-01  -4.6742043e-02   1.7482284e-01   2.3998511e-01   2.1690347e-01  -1.9147456e-01   3.4204998e-01  -8.0513241e-02   3.5282884e-01  -2.2659233e-01  -5.9857538e-02   7.1388927e-02   9.0337577e-02  -4.3542690e-01   2.0638953e-02   7.2816635e-01  -3.6564388e-01   9.9291710e-02   1.4702505e-01   5.8648007e-01  -1.0173141e-01   1.7443191e-01   7.5379363e-01  -3.9004488e-01  -4.4798027e-02  -4.1065815e-01   1.6084598e-01  -3.3548630e-01  -7.3918969e-02   7.7765447e-02  -4.1177332e-01   1.9540377e-02   3.4739684e-02   2.6437753e-02   2.7256292e-01   6.0081178e-01  -6.4066105e-02   6.6588641e-01  -2.0342625e-01   3.3536517e-01   1.5501171e-01  -2.7599137e-01   1.7088720e-01  -9.2840736e-03   3.8412789e-01  -4.0369270e-01   5.4010609e-01   4.1369983e-01   9.4015950e-02   6.8521417e-01  -4.7728017e-01  -1.5309182e-01  -1.0026860e-01   6.6194711e-01   3.4383686e-01  -2.0090962e-02  -4.8383451e-01  -4.4538202e-01  -3.7645693e-01   1.0238561e-01   6.0780342e-02  -9.0156874e-02  -1.4787221e-01   9.9140838e-02   9.7347670e-02   5.6923882e-02  -4.1327659e-01  -9.6622781e-02  -5.4843752e-02   1.0181269e-01  -1.5814760e-01  -2.6084020e-01   5.5970797e-01   1.3701781e-01   2.4754766e-01   3.2680246e-01  -2.8506027e-01   2.7903435e-01   5.0478910e-01  -1.1970015e-01   1.4766554e-01  -1.6635436e-02  -1.6856114e-01   2.7627572e-01   1.0222137e-01   4.7375613e-01   3.0676772e-01   1.5126671e-01  -1.0972759e-01  -3.7546686e-01   6.1092543e-02   1.4329792e-01   4.4263651e-02   1.8531103e-01   6.6048124e-01   5.3309863e-02  -1.0111650e-01   8.7689200e-02   2.2604646e-01   3.3234749e-01  -5.0675858e-01  -1.8252902e-01   4.8820723e-01   1.8945597e-01  -3.4616999e-01  -4.8002014e-01  -2.7242831e-01   2.2678301e-01   2.6014523e-01  -2.1906006e-01  -2.5970109e-01   2.4395347e-01
