   0.0000000e+00   1.5121506e-02   8.7284122e-02  -4.1815504e-01  -2.8151622e-01  -4.4835604e-01  -3.5564435e-01   1.1539152e-01   4.6631439e-02  -3.0258131e-01  -3.6510466e-01  -2.3291577e-01  -1.9026515e-01  -1.3159931e-02  -4.2301884e-01  -5.5452195e-01  -2.1652954e-01  -1.8625820e-01   1.1928609e-01  -3.2814386e-01  -3.0716943e-01  -1.8794286e-01  -2.5854251e-01   7.2490543e-01   9.4071257e-02   1.2240658e-01  -2.7556731e-01   5.6715040e-01   2.4172254e-01  -1.9157665e-01  -4.1712740e-01  -2.1646994e-01  -1.7606847e-01  -3.3212008e-01  -4.3170649e-01  -3.1842715e-01  -2.0271598e-01   6.9248827e-01  -5.3256618e-01  -4.1142100e-01  -4.1375785e-01  -1.9100064e-01  -5.8018789e-02  -7.0211051e-02  -2.7640368e-01   7.0988391e-01  -4.5251382e-01  -3.9281775e-01  -2.6293446e-01  -3.3943037e-01  -3.4934280e-01   2.6198051e-01  -9.0842844e-02  -2.9856365e-01   1.5265191e-01  -2.2451683e-01   1.3212129e-01  -1.0219640e-01  -3.9844195e-01   4.0986645e-02   5.0405399e-01  -6.5199669e-02   1.0559612e-03  -2.2163635e-01   7.6550342e-03  -1.3023564e-01  -5.1364406e-01  -2.6113034e-02  -4.8563591e-01   2.0591785e-01  -3.7355227e-01  -3.5863748e-01  -4.4384293e-01   3.4159044e-01  -2.8319207e-02   1.9973950e-01   6.4719659e-01  -1.6518428e-02  -1.6697050e-01  -2.6896424e-01  -6.0731869e-02  -4.2861178e-01  -5.2350568e-01   1.3859368e-01  -1.8809373e-02  -1.9436309e-01  -3.8499665e-01   4.8233351e-01  -6.5834795e-02   8.3196063e-01   1.9662808e-02   4.8090612e-01  -2.9858587e-01   1.2219378e-01   7.3058583e-01  -1.9046257e-01  -3.4340857e-01   8.8704624e-03  -1.8593299e-01  -3.8738934e-01   4.8498513e-01  -3.6239018e-01   9.0269473e-02   2.3671432e-02  -3.5248784e-01  -1.0329300e-02  -2.2771449e-01  -9.2286950e-02  -1.4941139e-01  -4.2068983e-01  -4.6180670e-01  -1.6891685e-01  -3.4629582e-01   8.5300787e-01   1.9431823e-01  -3.7955591e-02   2.8961453e-01  -3.4480456e-01   6.3862913e-03  -5.2523151e-01   7.0971887e-01  -1.1255514e-01  -2.4157890e-01  -1.6675372e-04   7.2243790e-01   1.9538960e-01  -1.3832014e-01   1.0244948e-01   3.2319802e-02   9.7833117e-02  -4.2821379e-01  -4.5852852e-01  -5.2900501e-02  -3.2872142e-01  -9.5731927e-02   1.2653909e-01  -2.3334588e-01  -1.9299694e-01   2.1727021e-01   7.7087645e-01   7.5732875e-01  -8.1719303e-02  -2.3032043e-01  -3.0530597e-01  -4.9885346e-01  -3.1305255e-01  -4.0541026e-01  -1.5809713e-02  -3.5654648e-01  -1.2593800e-01   3.8914610e-01   2.4020733e-01   5.1694949e-01  -3.4155837e-02  -2.8491460e-01   6.6523185e-01   7.2684126e-01  -5.0731214e-01   4.5089089e-01  -6.8477424e-02  -2.4489705e-01  -1.9742121e-01  -1.1426949e-01  -2.3683944e-01  -2.5221334e-01  -3.8327825e-01  -2.1442185e-01   1.3427841e-01   5.5384007e-01  -3.1280997e-01  -9.3624727e-02   6.0454066e-01  -6.0237342e-02  -4.7915021e-01  -2.1484558e-01  -3.1682588e-02  -1.4729142e-01
   1.5121506e-02   0.0000000e+00  -1.3381219e-01  -1.5138923e-01   1.8839889e-01  -9.5201782e-02  -2.0965429e-01   8.8540564e-02   6.1214949e-01   6.8988555e-03   9.5221616e-02   1.6984778e-01  -1.8713147e-01  -4.4251606e-01  -3.3780788e-01  -1.6848362e-01   2.4091147e-02   4.0038984e-02   5.0104696e-02   1.1085464e-01  -2.0681610e-01  -1.2281612e-01  -2.7121743e-01   4.4555204e-02  -2.3934157e-02   2.1890306e-02   2.4120860e-02  -2.3147153e-01   2.0382637e-01   1.4690358e-01  -2.6075473e-01   1.2417856e-01  -1.4476587e-01  -1.1288526e-01   2.0206575e-01   9.2720625e-02  -3.2086744e-02   1.9830228e-02  -1.1026633e-01  -1.9121007e-02  -4.5242982e-02  -6.5451210e-02   4.8772960e-01  -1.5571359e-01  -7.2378701e-03   1.0425412e-01  -6.4617734e-02   1.3373794e-01   3.1174667e-01  -2.6846311e-02   2.5805850e-02  -6.6500272e-02   6.5080462e-01  -2.0392380e-01  -3.2956553e-02  -3.6354352e-01  -3.2086872e-02  -9.5424689e-03  -6.3309108e-03   4.0483482e-01   9.3628949e-02   1.5911810e-03   4.0609238e-01   3.0142305e-01   6.7780976e-01   2.6916978e-02   2.0464674e-02   1.3672131e-01  -7.3242528e-02  -2.5417541e-01   3.1164101e-01  -2.2380534e-02   4.7742979e-02   6.9629929e-02   6.4210917e-02   7.6585169e-02   8.3934778e-02   6.4740461e-02   4.5953345e-01  -3.0256420e-02  -5.0283186e-01   1.5571535e-02  -7.9235270e-02  -8.6296650e-03   7.9054710e-02  -2.3102103e-01   1.6566931e-01  -3.4098289e-01   5.2509505e-01   4.2430691e-02   5.5266322e-01   1.2534791e-01   1.2735814e-02   2.6782933e-01   5.2024432e-02  -1.4729870e-02  -2.1972446e-02   1.5387820e-01   2.5323528e-02  -1.7802459e-02  -8.5327341e-02  -3.8266879e-01  -4.4864738e-01   1.7840223e-01  -5.7092107e-03   9.4169755e-02   3.7485813e-02   1.5045936e-01  -4.1963823e-02  -3.0329409e-02  -2.9447009e-02  -1.5124881e-01  -4.2476327e-02   7.1868457e-02  -4.8896019e-01   6.4672249e-01  -3.5295760e-01   6.9225537e-03  -3.2989559e-01  -5.7540027e-02   1.2709605e-01   1.2438530e-01   6.7784162e-02   4.1990221e-01   1.1783389e-01  -2.3499615e-01  -5.6224004e-02  -1.6500312e-02   5.8909325e-02  -2.5384688e-01  -1.1192876e-01  -1.5256599e-01   3.8964306e-01  -1.7935151e-01   1.0361377e-01   1.5786204e-01   4.1594954e-02  -4.3711922e-01   1.3971290e-01   2.5139065e-02   1.1364944e-01  -2.4482100e-01   7.4533333e-02  -2.2391885e-01  -1.6527430e-01   1.9687873e-01  -2.4485944e-01   2.5590201e-01   8.1689380e-02   3.0214017e-01  -2.5472376e-01  -3.7510264e-01   2.5210534e-01   1.8318221e-01   6.8095142e-02   1.0273180e-01   1.4812426e-01   4.6366514e-02   9.0529676e-02  -2.7900075e-01   3.2354475e-02   1.0919494e-01   4.0040925e-01   8.9877888e-02   1.6848708e-01   8.5048116e-02  -1.9863830e-02  -3.1694232e-02  -6.2485859e-02   2.6406002e-01   3.9032238e-01  -1.3078443e-01   3.1291387e-01  -1.7300279e-01   7.2441304e-02   5.0044638e-02   4.4530780e-02
   8.7284122e-02  -1.3381219e-01   0.0000000e+00  -1.1632916e-01   8.6265005e-02  -1.4513791e-02  -3.0116265e-01   3.8936417e-02  -2.8661076e-01   1.2582900e-01  -4.9301059e-01   3.6014232e-01  -1.0317196e-01   1.1046236e-01  -2.8881527e-01  -3.7182688e-02   7.6203620e-01  -5.7003340e-01   1.1865523e-01   2.5994054e-01  -4.6457181e-01  -1.7050474e-01  -3.4306324e-01   1.1174465e-01   5.9461509e-02   1.4859929e-01   2.8642682e-01   1.2808660e-01   6.8377890e-02  -5.5473901e-01  -3.6653955e-01  -2.2623602e-01   1.6361595e-01  -1.8314210e-01  -5.7863466e-02  -2.1813502e-01  -4.3969360e-01   2.2613827e-01  -8.4848873e-02   5.6984854e-01  -2.9089624e-01   9.1274439e-02   6.5262433e-02  -8.5418835e-02  -5.2543023e-01   2.4261685e-01  -2.0501496e-01  -4.9168873e-01   6.1212224e-02   5.4338754e-01  -4.4403319e-01   1.7651273e-01  -2.6899748e-01   3.8864954e-01   8.5008771e-02   6.3531701e-02   1.3287353e-01  -2.6427760e-01  -4.0962110e-01  -5.8938348e-02   4.9136993e-01  -3.7717395e-02   2.9254219e-01  -4.3198545e-01  -3.6158989e-01  -4.0342973e-01   2.6881910e-02  -2.0439021e-01   1.3137091e-01   6.2085492e-01  -7.2167101e-02  -5.2090825e-01  -3.2423857e-01   4.8133390e-01   1.6967258e-01   1.0106931e-01   2.3200891e-01   1.7158421e-01   1.0051071e-02  -1.1485897e-01  -8.3920512e-03  -1.6478134e-01  -1.3757472e-01   8.6446991e-02   3.3643492e-01  -1.1387763e-01  -1.2589002e-01   3.0670793e-02   5.1607929e-03  -2.3579123e-02  -3.7190213e-02   4.3583552e-01   4.3208380e-01  -3.8528052e-01   1.8049473e-01   4.7360147e-01  -4.0398894e-04   2.0401608e-01  -3.4110756e-01  -6.0813103e-02   2.1632125e-01  -2.5591692e-01   1.5505996e-01  -3.5832513e-01  -3.7790722e-01   6.0862544e-02   4.3190514e-01   1.4073832e-01  -2.6820787e-01  -1.7651635e-01   3.1207033e-01  -4.5685279e-01  -2.7999975e-01  -1.1167577e-01   9.9535322e-03   7.4859878e-02   1.9717935e-01  -4.0281274e-01   7.5288328e-02  -2.5085226e-01   1.1493978e-01   3.8278872e-01   2.6708232e-01  -2.8385539e-01   1.5084349e-01   2.6948843e-01  -4.2002479e-01   2.7863431e-01   1.7614618e-01   4.0731449e-01  -2.1180168e-01  -4.4410117e-01   2.2788822e-01  -4.9707107e-01   4.8232753e-02   9.5955443e-02   5.1700150e-03  -1.6009178e-02   2.3294623e-02  -1.7339681e-03  -4.9563829e-02   1.8558943e-01  -2.8568715e-01   3.0438232e-01  -3.3970172e-01  -4.7543056e-01   2.4654767e-01  -3.9559756e-01   5.7132714e-02  -4.4241467e-01   2.2192773e-01   1.4347600e-01   1.9937850e-01  -2.4054622e-01   5.8511803e-01   3.9031782e-02  -6.4430686e-02  -3.1848506e-01   4.7010625e-01   1.9579014e-01  -3.4255244e-01  -2.6270634e-01  -5.0825518e-01  -4.7996239e-01  -1.9796457e-02  -6.2146648e-03  -2.7487712e-01   9.5868971e-02   3.8178296e-01   2.2081409e-01   2.2318766e-01   1.6484862e-01  -4.5663143e-01   2.7521467e-02   8.3965633e-02   5.6412865e-02  -1.5299254e-01
  -4.1815504e-01  -1.5138923e-01  -1.1632916e-01   0.0000000e+00   9.4340057e-02   3.7805321e-01   3.0706926e-01   6.4400082e-02  -7.3931975e-02  -1.3682855e-01   4.0197820e-01  -2.8660212e-02  -3.8554084e-03   2.3493246e-01   2.6522999e-01   4.1452402e-01  -2.7124502e-02   3.5927171e-01  -1.0572854e-01   3.0503512e-02   2.8537547e-01   4.7858958e-01   2.6412648e-01  -4.9526687e-01  -3.4399698e-03  -1.6435489e-01   1.3649102e-01  -2.4970532e-01  -2.4623499e-01   3.2926700e-01   3.0980932e-01   3.4203668e-01   9.7430927e-02   2.0997898e-01   1.1122025e-01   2.6893861e-01   2.7579562e-01  -5.2143299e-01   4.2942139e-01   1.0617977e-01   3.2880990e-01   1.1719845e-01   4.7298558e-02   2.3579974e-01   2.3834043e-01  -4.0137798e-01   4.5511828e-01   3.1330170e-01   5.9510548e-02   7.3055625e-02   3.8682401e-01  -2.2158899e-01  -6.0682830e-02   8.2793255e-02  -1.3018291e-01   1.5599529e-01  -1.1407627e-01   3.4071426e-01   5.3974994e-01   6.2903589e-02  -2.3181127e-01  -7.9728224e-02  -2.0540077e-01   1.2626166e-01  -8.1051929e-02   1.6347250e-01   3.0719874e-01  -1.2389529e-01   6.1510878e-01  -1.7445443e-01   7.1407714e-02   4.9731316e-01   3.7009265e-01  -2.1832026e-01  -1.3835131e-01  -4.6448692e-02  -3.3136610e-01   1.7219480e-01  -4.6507648e-02   2.0981246e-01   1.6715728e-01   3.1932914e-01   1.4827091e-01   1.1200279e-02  -6.2459472e-02   3.7863971e-01   1.6997722e-01  -2.6907101e-01  -1.7863420e-01  -5.1427890e-01  -4.1060963e-02  -3.7912113e-01  -3.2514278e-02   1.2657142e-01  -4.5804081e-01  -6.0481406e-02   1.9581239e-01   8.3432005e-02   1.7502222e-01  -1.0828704e-02  -2.1583241e-01   3.2824814e-01   2.0060088e-01   2.0885244e-01   4.0420890e-01   3.2061785e-01   6.5458765e-02   2.8662143e-01   1.7474572e-01   3.4559727e-01   1.1038602e-01   3.9204012e-01   2.7746667e-01  -4.5785917e-01  -4.3483072e-02  -8.7325132e-02  -7.9960880e-02   2.1045409e-01   7.3559125e-02   5.7527880e-01  -4.2924153e-01  -9.5997484e-02  -2.8187759e-04   2.8990237e-02  -4.2810233e-01  -3.3400789e-02   1.4961629e-01  -2.0157147e-01   3.3285038e-01  -1.0947712e-01   2.7644522e-01   2.8195583e-01   8.7360113e-03   2.8629345e-01   2.1748263e-01   6.4610715e-02   1.0811522e-01   3.7180988e-01  -8.9363446e-02  -4.9712081e-01  -4.0912188e-01  -1.0454529e-01   3.9040531e-01   6.0166956e-02   3.3779808e-01   2.9547623e-01   1.4966526e-01   9.8014128e-02   1.8460482e-01   4.3041051e-02  -1.5127297e-01  -3.5795571e-03  -4.0060948e-01   3.1529495e-02  -4.1829968e-02  -5.4338756e-01  -4.2797345e-01   4.2993460e-01  -2.8459150e-01   2.2213324e-01   2.9178139e-01   3.7226296e-01   2.1756915e-02   4.9703088e-01   3.0436444e-01   1.4615067e-01   2.3239090e-01   3.8776195e-02  -2.9820464e-01   2.1537084e-02   2.3807478e-02  -4.2876815e-01   1.4305431e-01   2.7715157e-01  -2.0067987e-02  -9.7308819e-02   4.1815560e-01
  -2.8151622e-01   1.8839889e-01   8.6265005e-02   9.4340057e-02   0.0000000e+00   2.6533237e-01   2.7257030e-01  -2.6557372e-01  -1.8647613e-01   2.0054554e-01   3.1275353e-01   4.5220390e-01   2.3943966e-01  -1.0861520e-01  -1.9135641e-02   4.7569367e-01   1.7797173e-01   2.7390375e-01  -3.1880264e-01   7.6145866e-01   2.3096178e-01  -3.1783337e-01   1.6772963e-01  -2.1875311e-01  -2.6086308e-01  -1.3489112e-01   6.5267016e-01  -4.2011237e-01  -1.9244732e-01   1.3581117e-01  -2.8822526e-02  -9.7720835e-02   1.3997286e-01   3.7625321e-01   2.6506939e-01   6.7822303e-01  -1.6763462e-01  -2.9489353e-01   5.1846051e-01   2.8413827e-01   4.3375796e-01  -7.0277420e-03   3.2019370e-01  -1.8394567e-01   3.0129744e-01  -2.9203945e-01   5.3886808e-01   2.8077883e-01   3.9101409e-01   2.0151860e-01   3.2362533e-01  -4.1225177e-01   4.8566971e-01   4.0181604e-02  -6.7529307e-02  -2.2593789e-02  -2.1002126e-01  -1.6766292e-01   2.6803122e-01   1.7514266e-01  -3.2347711e-01   4.6458697e-01   3.8255616e-02  -3.7573437e-02   1.6829596e-01   3.7739892e-01   4.4849454e-01   1.1487568e-02   3.2510835e-01  -9.0363992e-02   3.6562397e-02   8.2061965e-02   3.9640017e-01  -1.8149949e-01   6.8083462e-02  -3.7495355e-01  -2.6048835e-01  -8.2702378e-02   6.6448538e-01  -5.9613755e-03  -3.5885363e-01   5.7228558e-01   2.3365069e-01  -1.9826338e-01   6.3269901e-02  -2.1201348e-01   4.5022351e-02  -3.3405893e-01   2.2665290e-01  -2.9098771e-01   4.3002975e-01  -3.6037326e-01   2.1321507e-01  -7.1377178e-02  -3.1110809e-01   3.9106777e-01   3.8463622e-01  -1.8203497e-01   5.0833717e-01   9.5629117e-02  -3.4930850e-01   1.9561710e-02  -3.7883184e-01  -2.8210668e-01   1.3018011e-01  -2.7767395e-01   1.5270900e-01   3.7324448e-02   3.4978045e-01   4.5653000e-01   3.3785034e-01  -2.2721718e-01   1.1930191e-02  -2.5443089e-01  -4.8078279e-01   2.7845703e-01  -4.7492189e-01   3.8486849e-01  -7.4357708e-02  -1.7369885e-02  -2.3662197e-01   4.3714480e-01  -9.9155322e-03   1.1895197e-01  -2.6137813e-01  -2.4207956e-01   3.7711679e-01  -2.1093889e-01  -3.6987711e-01  -1.6595691e-01   4.7976106e-01   2.5540673e-01   3.9156580e-02   8.5001327e-02  -2.2615770e-01  -1.9637642e-01   1.5267360e-01  -2.0617167e-01  -2.4318036e-01  -3.5121357e-01  -2.4963811e-01   2.3925373e-02  -7.3475073e-02   1.1919895e-01   1.1431415e-01   8.0235606e-02  -3.9320683e-02   4.9420826e-01   4.1027623e-01   6.9404193e-02  -4.7225979e-01  -3.0766096e-01  -1.9028544e-01   4.1368279e-01   2.8598935e-01  -2.4666215e-01  -2.2979689e-01   3.6326431e-01  -3.3673227e-01  -2.1338271e-01   1.7907383e-01  -6.9397129e-02   4.4028923e-01   5.4964053e-02  -1.0063865e-01   4.2384074e-01   4.1457181e-01   1.3251206e-01  -2.7464206e-01   2.2576643e-01   5.3403049e-01  -6.9560392e-02   1.4895023e-01   4.3429921e-01   2.4370590e-01  -1.5517338e-01  -1.6219141e-01
  -4.4835604e-01  -9.5201782e-02  -1.4513791e-02   3.7805321e-01   2.6533237e-01   0.0000000e+00   7.5790524e-01   9.1364922e-02  -2.3926696e-01   1.9897905e-01   4.8316262e-01   2.4460398e-01   7.2309304e-02   1.0505531e-01   4.0583229e-01   3.7701682e-01  -3.2421919e-02   4.2930175e-01  -6.7452350e-02   1.8967292e-01   4.4507546e-01   1.2493176e-01   6.3761522e-01  -4.2257949e-01  -2.5842236e-01   4.5832660e-02   5.8872403e-01  -3.2405761e-01  -2.4699539e-01   3.9313800e-01   1.9173447e-01   1.2551127e-01  -8.2420208e-02   6.0635407e-01   1.3774223e-01   5.6788683e-01   2.7153561e-01  -5.3500374e-01   3.0902224e-01   1.6064378e-01   3.2626577e-01  -9.9660827e-02  -5.2519240e-02  -1.7681698e-02   4.0430067e-01  -5.0895998e-01   6.4538383e-01   5.5460459e-01  -1.7211436e-01  -8.0655883e-02   6.6284675e-01  -8.6230573e-02  -1.0185343e-02  -2.2927057e-02  -7.7548541e-02   3.9231520e-01   2.2821655e-01  -8.4955636e-03   3.3424691e-01  -8.5662140e-02  -5.4430502e-01   3.0786896e-01  -4.9145908e-01   1.9590592e-02  -2.2630740e-01   5.4677105e-01   7.7926574e-01  -3.1358410e-02   5.7288486e-01   2.8817006e-01   1.0540651e-02   5.1754667e-01   3.2475752e-01  -3.2614877e-01  -1.5801697e-01  -1.8809258e-01  -5.4031911e-01   2.0636111e-02  -4.7751730e-02  -1.6109139e-01   2.8096741e-01   3.7297446e-01   3.1283495e-01   5.8537560e-02  -1.8731314e-01   3.1237721e-01   7.6631694e-02  -2.1092769e-01  -1.3974776e-01  -4.5561697e-01  -2.6035860e-01  -5.0753116e-01  -1.2090401e-01  -4.1628018e-02  -4.7852876e-01  -1.3959246e-01   3.5661662e-02   2.7753818e-02   2.2684550e-01   8.0073289e-02  -2.7744417e-01   4.1776183e-01   4.5315276e-03  -1.0998309e-02   5.7647076e-01   7.3514147e-02   7.9447276e-02   3.3747508e-01   4.6192140e-01   4.9401149e-01   3.0327556e-01   3.6333125e-01   2.0127210e-01  -4.5621660e-01   3.9891861e-02  -1.7547672e-01  -1.4595289e-01   3.1108055e-01   2.0927202e-01   5.5231737e-01  -4.4641295e-01  -2.6669887e-01  -2.0411760e-01  -1.7006177e-01  -5.2668757e-01  -1.0987146e-01   4.5097065e-01  -3.2763504e-01  -1.5261188e-01   2.2478742e-01   1.9430682e-01   5.7743043e-01  -3.4077199e-01   2.3861519e-01  -3.6692721e-01   3.9672358e-02  -1.9050223e-01   2.8814286e-01  -4.3899663e-02  -4.0429516e-01  -2.6705807e-01  -2.1747583e-01   3.0350678e-01   4.6352790e-01   5.3523980e-01   2.5130265e-01   3.2517428e-01   3.1624466e-01   5.9299657e-01  -2.0157059e-01  -2.4792871e-01  -2.1303499e-02  -3.6359008e-01   2.8969747e-01   1.8846029e-01  -4.0479653e-01  -3.8844137e-01   3.4877598e-01  -5.4651494e-01   3.7966903e-01   2.2982929e-01   1.6654070e-01   1.9360041e-01   3.6011464e-01   2.4490470e-01   2.5072588e-01   3.8285877e-01   1.4753248e-01  -4.5931425e-01  -1.5860648e-01  -1.4228502e-01  -3.7441206e-01   2.1300320e-01   7.2048941e-01  -7.0438009e-02  -1.4684011e-01   8.1241320e-02
  -3.5564435e-01  -2.0965429e-01  -3.0116265e-01   3.0706926e-01   2.7257030e-01   7.5790524e-01   0.0000000e+00  -1.7566769e-01  -1.6997416e-01   1.4876308e-01   6.1322688e-01   1.6314034e-01   1.4809961e-01   2.0630425e-01   6.0192114e-01   3.5229507e-01  -3.0546469e-01   6.8478264e-01  -2.9543314e-01   7.3639126e-02   7.7521292e-01   6.0979174e-02   8.8524402e-01  -3.5176388e-01  -2.4955741e-01  -2.2534434e-01   4.6990552e-01  -2.2739837e-01  -3.1412571e-01   5.8843831e-01   4.5827335e-01   3.5962512e-02  -1.8543814e-01   7.6317166e-01   1.4013027e-01   7.0696737e-01   3.1231988e-01  -6.0675523e-01   3.3602580e-01  -9.6074403e-02   3.3493615e-01  -2.6116876e-01  -2.2593378e-01  -3.4930932e-02   6.7582367e-01  -5.6162511e-01   7.4298974e-01   7.5188973e-01  -2.0286611e-01  -3.0289568e-01   7.7701259e-01  -2.5855431e-01  -2.0375087e-02  -2.6606164e-01  -6.0128854e-02   3.5104131e-01  -1.0440529e-01   6.8906820e-04   3.1525984e-01  -1.0127417e-01  -7.2475636e-01   4.7012088e-01  -6.3435881e-01   4.9908486e-02  -1.6755150e-01   7.4415632e-01   5.4420502e-01   3.5023264e-02   3.3030136e-01   1.8791135e-01  -1.0137993e-02   6.5247772e-01   4.0954788e-01  -5.6985767e-01  -3.0649860e-01  -3.2844096e-01  -6.2234711e-01  -2.3363262e-01  -1.0678170e-01  -1.8337792e-01   4.7025184e-01   4.0481546e-01   3.4644818e-01  -1.6005731e-01  -3.4476984e-01   3.9997701e-01   9.5645694e-02  -5.1184762e-02  -1.9475757e-01  -3.7581237e-01  -2.1139468e-01  -6.8364882e-01  -3.8116303e-01   8.2930128e-02  -5.3592730e-01  -3.5121904e-01  -4.7772077e-02  -3.2070280e-01   4.6738648e-01   4.5939579e-02  -2.9778104e-01   5.6854576e-01   8.3540365e-02  -1.4232874e-02   6.2813342e-01  -1.7039813e-01  -1.1927417e-01  -7.3478143e-02   6.1836478e-01   5.3060386e-01   1.1328484e-01   3.8584065e-01   3.1367204e-01  -3.4582446e-01   1.4554795e-01  -4.2255660e-01  -2.0740496e-01   4.3713477e-01   2.2370931e-01   3.8631589e-01  -4.3194342e-01  -4.2304324e-01  -4.3142739e-01  -7.6866307e-02  -5.1137519e-01  -2.3544304e-01   6.6718039e-01  -4.2418062e-01  -3.1614467e-01   2.3442998e-01   2.9804953e-01   7.9166823e-01  -5.8649622e-01   5.8161051e-01  -4.6418886e-01  -1.7074167e-01  -2.6941826e-01   4.4861731e-01  -2.2414201e-01  -3.5540119e-01  -2.3614718e-01  -2.4672492e-01   2.2282497e-01   2.6470825e-01   7.0624490e-01   4.8326785e-01   3.0999322e-01   4.9565886e-01   5.1441970e-01  -7.9388103e-02  -2.7650925e-01   1.2506390e-01  -5.0129803e-01   4.2366374e-01  -3.9393910e-02  -3.7799716e-01  -3.1552564e-01   3.4894861e-01  -7.0791105e-01   1.7774314e-01   4.9620334e-01   1.2182530e-01   3.4980724e-01   4.9106768e-01  -8.5679419e-03   1.6926257e-01   4.8672397e-01   4.9035127e-02  -5.9644519e-01  -4.0550948e-01  -2.4921090e-01  -4.0262839e-01   4.0109285e-01   6.7342266e-01  -1.1518953e-01  -2.8531205e-01  -9.7474450e-02
   1.1539152e-01   8.8540564e-02   3.8936417e-02   6.4400082e-02  -2.6557372e-01   9.1364922e-02  -1.7566769e-01   0.0000000e+00   1.1305537e-01  -2.2583510e-01  -4.8650204e-02  -2.4230553e-01  -2.0531894e-01  -1.0006061e-01  -2.3782349e-01  -2.6310459e-01  -1.4141440e-01  -5.4420364e-03   3.9267192e-01  -1.9953127e-01  -2.9111861e-01   2.3813671e-01  -2.4039034e-01  -1.4528851e-02  -2.3940921e-01   5.5548764e-01  -1.8052854e-01   1.9278200e-01   2.4559899e-02   5.2813699e-02  -1.5205048e-01   3.9248291e-01  -1.7477314e-01  -3.3752165e-01  -3.4919849e-01  -2.3001424e-01   1.0445182e-01   2.1682961e-01  -3.1167577e-01  -1.9564128e-01  -1.0316614e-01   5.7007144e-02   1.2706148e-02   3.6137098e-01  -1.1659948e-01   2.3840435e-01  -2.1508860e-01  -1.2107705e-01  -8.3661577e-02  -1.7059354e-01  -1.9314100e-02   7.3523352e-01  -1.3801687e-01   1.6062345e-02   1.5473764e-01   2.3860106e-02   2.7762486e-01   3.4635720e-01   6.2076703e-02  -2.2519553e-02   3.1562484e-01  -2.9359237e-01  -1.2006893e-02   2.3892257e-01   6.7734637e-02  -1.1919176e-01   1.5715882e-02   1.2291532e-01   9.1899684e-02  -6.2383735e-02  -1.7896376e-01   4.3863938e-02  -1.2119292e-01  -5.5651701e-03   1.4082717e-01   4.7264061e-01   2.6679424e-01   1.5510811e-01  -9.7029296e-02   1.6018069e-01   6.1515193e-02  -2.0098999e-01  -1.7915870e-01   5.0374873e-01  -4.6497907e-02   3.0819411e-01  -1.6213692e-01  -1.2331840e-01  -3.6485010e-02   1.3599143e-01  -5.6153601e-02   3.8750911e-01  -6.3104942e-02   1.9976955e-01   2.4613484e-01  -7.3929093e-02   5.2027263e-02   4.9093578e-01  -2.0801070e-01  -2.3200735e-01   4.0946403e-02  -2.4297062e-02   1.4666091e-01   3.0685779e-01   9.8169736e-02   5.2598626e-01   4.4276879e-02   5.7520591e-01  -1.6242660e-02  -1.7056260e-01  -1.5504844e-01   2.9975121e-01   5.9881608e-02   1.2358183e-01   1.2217565e-01   2.3036638e-01   2.8172334e-01  -1.4857592e-01   2.0508037e-02   1.6926964e-01   1.8043395e-01  -1.2061569e-01   1.6786825e-02   1.7456737e-01   2.1515724e-01  -1.3279249e-01  -1.9739524e-02   1.2006852e-01   3.7102864e-01  -2.2926160e-01  -1.6187295e-01  -1.6032715e-01   9.5368580e-02  -2.6014089e-01   1.0733625e-01   6.3492779e-01   1.2111238e-01  -4.3655742e-02   6.6401797e-01   1.9681643e-01   2.6447021e-01  -5.2066394e-03   3.6762678e-01  -1.1937677e-01  -1.6233992e-01  -4.5737741e-02  -2.2619085e-01  -9.7083018e-02  -1.0520813e-01  -1.6008534e-01   1.8058857e-02   2.2011148e-01   2.3779528e-01  -2.2784638e-01  -3.1457427e-01   6.2592945e-02   1.5706418e-01   1.5003540e-02   2.4355228e-01   2.5868739e-01  -2.3845746e-01   2.2296644e-01  -2.7155490e-02   9.4629303e-02   5.1922422e-01  -3.7892837e-02  -7.4164841e-02   1.0873786e-01   1.8642343e-01  -4.8611520e-03  -4.5644688e-02   6.4191770e-02   1.3603297e-01  -2.1457138e-01  -8.8654320e-02   4.7978339e-02   4.1446846e-01
   4.6631439e-02   6.1214949e-01  -2.8661076e-01  -7.3931975e-02  -1.8647613e-01  -2.3926696e-01  -1.6997416e-01   1.1305537e-01   0.0000000e+00   1.5247064e-02   5.1409653e-02  -7.6702608e-02  -2.9337493e-01  -3.3890198e-01  -1.1319653e-01  -3.1218682e-01  -1.4806297e-01   1.3646874e-01   9.5803776e-02  -2.9087901e-01  -1.4755276e-01   1.4477512e-01  -2.0386386e-01   1.0428581e-01   1.4168742e-01  -6.6530073e-02  -3.4326120e-01  -1.5670274e-02   9.3264264e-02   2.6477965e-01  -1.6124770e-01   1.6900913e-01  -2.6374602e-01  -1.4315045e-01   1.7862410e-01  -1.8748690e-01   4.6918163e-02   5.0244391e-02  -2.7549325e-01  -2.9141373e-01  -1.8853863e-01  -1.3893093e-01   1.8544482e-01   9.2440647e-02   1.4322420e-01   1.2783675e-01  -1.9152904e-01   1.1914150e-01  -2.4685080e-02  -2.0398574e-01   3.0974125e-02   8.7425916e-03   2.4508567e-01  -1.5473377e-01  -4.7969367e-02  -3.1797987e-01  -1.6810410e-01   1.0248622e-01  -4.3677689e-02   4.0411791e-01   6.0013103e-02  -5.2302409e-02   3.1315354e-01   2.5630681e-01   4.7269951e-01  -3.9788755e-03  -2.1429293e-01   2.5947206e-01  -2.2316976e-01  -1.8403281e-01   1.6918814e-01   9.2071636e-02  -1.4320836e-01  -7.1373290e-02  -9.8674972e-02   8.1795717e-02   1.1491386e-01   9.5995119e-02  -3.8186636e-02   5.3554350e-02  -1.6196910e-01  -2.7630616e-01  -1.8154270e-01  -6.8789111e-02  -8.0714583e-02  -1.1997838e-01   2.1873372e-01  -1.9425955e-01   4.0750356e-01   9.0888322e-02   2.1323491e-01   1.1212530e-01  -1.6992346e-01   5.3335116e-01   8.0092823e-02  -2.9862414e-01  -1.7376437e-01   8.0264389e-02   7.1938823e-02  -1.4679356e-02  -8.5375816e-03  -1.5188385e-01  -2.1150146e-01   3.8290864e-01  -7.1797874e-03   1.5724947e-01  -1.7962121e-01   4.3614269e-03  -7.0973140e-02  -2.4369967e-01  -2.5390830e-01   1.0995874e-01   2.5028088e-01   2.0174030e-01  -1.5164235e-01   2.3406085e-01  -2.4265702e-02  -1.1938746e-01  -2.3615311e-01   1.7544001e-02   1.9050580e-01  -1.9797213e-01  -9.3843857e-02   2.7529487e-01   1.8223047e-01  -1.8246363e-01  -7.1995496e-02  -7.0677182e-03   2.9277035e-01  -1.6406551e-01  -2.6872347e-01  -1.0547824e-01   1.1408299e-01  -5.8962342e-02   3.2907930e-01   6.6806607e-02   1.6366735e-02  -1.4287296e-01   1.4049294e-01   6.1145865e-02   1.6283321e-01  -2.9466305e-01   1.4107710e-01  -2.9782708e-01  -4.6415998e-02   2.4663442e-01  -1.6584453e-01   6.6975079e-02  -9.3476740e-02   2.8817453e-01  -8.7801778e-02  -1.8218814e-01   2.4686935e-01   6.5042438e-03  -1.6320210e-01   1.4014691e-01   2.3468630e-01  -8.2923834e-02   8.6076224e-02  -2.7062134e-01   6.0755814e-02   2.9434159e-01   2.0522455e-01   2.7889373e-01   1.4250951e-01  -1.1590981e-01  -7.2169298e-02  -1.5326955e-01   2.8813122e-03  -1.9348022e-02   3.3695625e-02  -1.2045206e-01   4.1453366e-01  -3.4229685e-01  -3.4393932e-02   1.8397217e-01   1.7072106e-01
  -3.0258131e-01   6.8988555e-03   1.2582900e-01  -1.3682855e-01   2.0054554e-01   1.9897905e-01   1.4876308e-01  -2.2583510e-01   1.5247064e-02   0.0000000e+00  -1.0484619e-01   4.0586069e-01   3.0161468e-01  -1.3566446e-01   2.2278320e-01   1.4818983e-01   2.2026222e-01  -1.7976785e-01  -1.3419520e-02   3.8175350e-01  -3.2734440e-02  -2.1279444e-02   1.8416598e-01  -2.0525458e-01  -4.9918938e-02  -2.1078506e-02   3.9946893e-01  -2.2166965e-01   1.6534482e-01  -1.1167755e-01  -1.8600021e-01  -1.5590766e-01   6.3577721e-03   4.1922135e-01   3.3541784e-01   1.7534277e-01  -1.2769205e-01  -3.0037438e-01   1.0440407e-01   4.7558204e-01   6.7667643e-02  -7.1969165e-02   4.1387732e-02  -2.5622526e-01   6.4486039e-02  -3.0935755e-01   9.8016102e-02   2.1796809e-02  -2.1718301e-02   2.4659733e-01   4.1823269e-02  -1.3766204e-01  -3.1334135e-02   6.5026365e-02  -1.3203844e-01  -1.3370033e-01  -1.0505866e-01  -1.2405281e-01  -4.6204676e-02  -1.5088525e-02  -3.1321415e-01   3.6773122e-01   9.1691404e-02  -3.3809011e-01  -3.2904123e-01   1.9974191e-01   2.8094814e-01  -1.3138588e-01   9.6772663e-02   1.5915212e-01   1.5998699e-01   2.0823638e-02   5.4379871e-02  -1.0641062e-01   3.3153370e-02  -1.1870674e-01  -3.5924703e-01  -1.8570329e-01   1.0712678e-01  -1.4172804e-01  -3.6360114e-02   2.4656010e-01   1.6759526e-01  -8.3901006e-02  -3.2199385e-02  -1.6842418e-01   2.3384494e-02  -9.7665687e-02   7.0411054e-02  -3.2962695e-01  -8.7587511e-02  -2.8423563e-01   2.6042304e-01  -1.6808628e-01  -3.3916303e-01   2.9806932e-01  -6.2910558e-02  -1.5373894e-01  -5.5184709e-02   5.6289814e-01  -2.4477557e-01   3.4195448e-02  -1.8952941e-01  -1.5890220e-01  -6.8236105e-02  -1.3250003e-01   8.4969148e-02  -5.1646082e-02   2.6048182e-01   7.7443066e-02   4.6947802e-01  -1.0793343e-01   1.7432572e-02  -3.7005876e-01  -1.8269395e-01  -4.3597475e-02  -1.7960767e-01   2.1624242e-01  -1.9027616e-01   8.4804966e-02  -2.7411936e-01   1.9776677e-01   2.1229716e-01  -3.2367926e-01  -2.7851537e-01  -1.0031464e-01  -2.9298514e-02  -2.4739628e-02  -4.3920352e-02   1.7360586e-01   5.7237233e-02   1.6015189e-01  -9.5413999e-02  -1.2991578e-01  -2.6719699e-02  -2.3566198e-01  -1.5597562e-01  -2.2569412e-01  -2.1567371e-01  -2.9621460e-01  -3.3324555e-01   1.1588525e-01  -2.5489415e-01   1.7848954e-01   1.9904066e-01  -3.0810437e-01   4.2995046e-01  -3.7265654e-02   4.5786902e-01  -7.1285766e-02  -2.0237664e-01  -3.3322725e-01  -1.4480759e-01  -1.4209936e-03   3.5668923e-01  -2.0445402e-01  -3.1580417e-01   1.5457820e-02  -2.5386835e-01   4.1080072e-02   5.0656661e-02  -1.6992072e-01   6.4969697e-02  -1.0527494e-01  -2.0686530e-02   2.9572844e-01   5.7584557e-02  -7.2787769e-02  -8.2774817e-02   1.9627308e-01   1.0248811e-01  -1.5064984e-01  -1.4114193e-01   3.0931482e-01   3.3712970e-03   2.8351742e-02   6.8993119e-03
  -3.6510466e-01   9.5221616e-02  -4.9301059e-01   4.0197820e-01   3.1275353e-01   4.8316262e-01   6.1322688e-01  -4.8650204e-02   5.1409653e-02  -1.0484619e-01   0.0000000e+00  -3.3598334e-03   4.0015225e-02  -8.7318709e-02   4.1679065e-01   4.2869286e-01  -3.9361688e-01   8.0769383e-01  -1.7942849e-01   9.5154701e-02   6.1058154e-01   7.3302253e-02   5.8448379e-01  -3.5443959e-01  -9.5714597e-02  -6.4088307e-02   2.0177225e-01  -3.1229724e-01  -3.5181917e-01   6.7627069e-01   4.5919435e-01   2.6564959e-01  -8.1419174e-02   4.6801963e-01   9.3652287e-02   7.0824143e-01   1.9705191e-01  -5.1249962e-01   4.3002007e-01  -3.4006228e-01   4.6785770e-01  -2.5055075e-02   2.0905007e-03   2.0095706e-01   6.1567151e-01  -4.0836878e-01   7.5089443e-01   6.6056192e-01  -5.6499300e-02  -3.8326828e-01   8.3047529e-01  -1.6619190e-01   1.9526414e-01  -2.2825112e-01  -1.9579052e-01   2.3786431e-01  -9.1001832e-02   1.9523445e-01   5.9415533e-01   4.7781739e-02  -5.2432235e-01   2.2313475e-01  -4.7306598e-01   4.0920251e-01   1.8379738e-01   6.2381996e-01   2.9428351e-01   5.0193681e-02   3.6070266e-01  -2.6081405e-01  -2.9648439e-02   6.4576433e-01   5.4857660e-01  -4.7062862e-01  -2.1110875e-01  -2.6620993e-01  -4.1951681e-01   2.6875076e-02   1.0694009e-01   8.2559224e-02   7.7875768e-02   4.2907703e-01   2.2478905e-01  -8.5473012e-02  -3.7496548e-01   2.7939672e-01   4.8418748e-02  -2.5027794e-01  -4.7793542e-02  -3.0120549e-01   5.9581126e-02  -5.3059080e-01  -3.1781823e-01   3.0554063e-01  -4.3314302e-01  -3.7123710e-01   1.5590834e-01  -6.2908926e-02   5.1288904e-01  -1.1959027e-01  -3.5897526e-01   5.4185044e-01  -1.5826103e-01   1.6313316e-01   6.7118294e-01   2.7392248e-02  -1.6841676e-01   1.3993537e-01   3.8409999e-01   4.6466125e-01  -5.6449815e-02   4.4976353e-01   2.2350461e-01  -2.2636267e-01  -2.9756286e-02  -9.9847582e-02  -2.5616919e-01   4.2210551e-01  -2.1291784e-02   3.9962083e-01  -3.0879980e-01  -3.3263299e-01  -4.3369089e-01   2.9117971e-01  -3.5943422e-01  -2.9217628e-01   5.9751684e-01  -4.2057561e-01  -2.2835779e-01  -1.8367956e-01   3.3661578e-01   6.8635781e-01  -3.1744798e-01   6.2193676e-01  -3.0788322e-01   3.9825088e-02  -4.3578716e-03   2.0674249e-01  -4.7258212e-03  -3.9356534e-01  -2.0238608e-01  -2.5768373e-01   5.8086951e-01  -2.1790683e-02   5.3113344e-01   6.0844373e-01  -5.8215094e-02   6.5996664e-01   4.1459485e-01   2.2169073e-01  -3.7755786e-01  -1.1159929e-01  -3.0348499e-01   5.6612134e-01  -3.0236267e-01  -4.2089341e-01  -2.3549459e-01   5.0370175e-01  -5.5559102e-01   1.9527924e-02   4.3879535e-01   5.7002368e-01   5.1396454e-01   6.4548140e-01   1.8019078e-01   1.7484008e-01   5.3385300e-01  -5.1991965e-02  -5.1184121e-01  -2.8671023e-01  -2.2072998e-02  -4.1091585e-01   5.1228868e-01   3.5783227e-01   9.6041558e-02  -2.0381558e-01   1.1468474e-01
  -2.3291577e-01   1.6984778e-01   3.6014232e-01  -2.8660212e-02   4.5220390e-01   2.4460398e-01   1.6314034e-01  -2.4230553e-01  -7.6702608e-02   4.0586069e-01  -3.3598334e-03   0.0000000e+00   1.8711648e-01  -1.8665857e-01   2.0488411e-02   4.2529648e-01   4.5716940e-01  -1.0118251e-01  -1.6262995e-01   5.9465369e-01  -5.8509562e-02  -1.4054054e-01   2.3665132e-02  -1.9484577e-01  -7.5212527e-02  -1.0152219e-01   5.7202314e-01  -3.5912246e-01   5.7171222e-02  -7.2822891e-02  -2.3202002e-01  -2.1002140e-01   1.5686721e-01   3.3121766e-01   4.6930488e-01   3.3957300e-01  -2.9091090e-01  -2.6955687e-01   3.1038577e-01   5.2456863e-01   1.2683493e-01   1.0894829e-01   4.1241381e-01  -3.0741691e-01   4.9594753e-02  -3.8670669e-01   2.7670184e-01   6.9428602e-03   5.0605770e-02   4.2811229e-01   4.6034918e-02  -3.0944639e-01   1.4820997e-01   1.6893950e-01  -1.4788416e-01  -5.3943837e-02   3.0849859e-02  -2.0913778e-01  -8.5822553e-03   4.2184159e-01  -1.8855197e-01   3.7418429e-01   1.4267645e-01  -2.2076648e-01  -1.1905731e-01   1.5519491e-01   2.5497686e-01  -7.7822916e-02   1.8646915e-01   2.0136179e-01   1.0704456e-01  -1.1441038e-01   8.3843020e-02   6.2327137e-02  -4.9338662e-02  -2.6606961e-01  -3.9885555e-01  -2.3275840e-01   3.6547439e-01  -2.3509412e-01  -2.1387637e-01   2.5069526e-01   1.0295104e-01  -8.3942286e-03   1.4092079e-01  -2.5001209e-01   5.0309160e-02  -2.5313983e-01   1.0800713e-01  -3.0263540e-01   1.0127253e-01  -2.5559079e-01   5.2750079e-01  -1.0446032e-01  -3.6627011e-01   4.1544663e-01   7.9825248e-02  -1.2351424e-01   1.6662536e-01   2.3127106e-01  -3.3597411e-01   1.5016843e-01  -3.6569566e-01  -2.4605298e-01  -8.0546937e-02  -1.4012857e-01   2.3497508e-01   1.2112483e-01  -1.2217219e-02   1.8103021e-01   6.5066882e-01  -3.7952798e-01  -6.0674000e-02  -2.9703241e-01  -2.4578530e-01   1.5627556e-01  -3.8796054e-01   1.2580843e-01  -1.9116016e-01  -6.5282378e-02  -3.2170585e-01   5.2577443e-01   2.0208359e-01  -2.5311586e-01  -3.4689609e-01  -8.0715684e-02   8.8808862e-03   1.7131570e-02  -6.4296927e-02   1.0050241e-01   2.2535719e-01   5.1587113e-02   6.6224558e-02  -1.9516766e-01   4.2841900e-02  -1.5805605e-01  -6.1005673e-02  -2.0745584e-01  -2.2226461e-01  -3.3745758e-01  -2.3355632e-01   4.0076218e-02  -1.8236838e-01   3.0643968e-01   1.2083641e-01  -2.1738620e-01   4.5906854e-01   7.4899002e-02   3.4294410e-01  -1.8995069e-01  -1.3501013e-01  -3.4174687e-01  -1.2318273e-01   8.2660482e-02   5.7274329e-01  -2.1365475e-01  -3.7790497e-01   1.0358249e-01  -1.5665572e-01  -5.5097960e-02   9.5793984e-02  -2.0776953e-01   7.5180243e-02  -2.4473248e-01  -4.4877527e-02   4.6361104e-01   2.9975224e-01   1.3378588e-01  -1.3432144e-01   2.0111313e-01   5.3786886e-01  -1.7865489e-01  -1.4741591e-01   2.5374966e-01  -1.4846519e-02  -1.1107035e-02  -3.8747635e-02
  -1.9026515e-01  -1.8713147e-01  -1.0317196e-01  -3.8554084e-03   2.3943966e-01   7.2309304e-02   1.4809961e-01  -2.0531894e-01  -2.9337493e-01   3.0161468e-01   4.0015225e-02   1.8711648e-01   0.0000000e+00   1.8112150e-01   8.2195628e-02   2.7622428e-01   1.3286627e-03  -4.9700523e-02  -1.6833156e-01   4.0464552e-01   7.7770308e-02   9.6533245e-02   7.1716484e-02  -1.2122718e-01   3.0380439e-02  -1.8909529e-01   2.5013026e-01  -2.7962865e-01   7.9680477e-02  -1.4183525e-02  -1.0694604e-02  -8.1865189e-02   1.0423241e-01   1.1248729e-01   1.4352142e-01   2.3954198e-01  -3.4010773e-02  -2.0370701e-01   3.3933324e-01   1.6812581e-01   5.3533188e-01   2.1444044e-02  -6.6102264e-02   2.4343935e-02   8.1320526e-02  -3.1289017e-01   2.7230466e-01   9.1465070e-03  -3.2315407e-02   1.5206307e-01   6.7794627e-02  -3.2829470e-01  -1.6520627e-01   1.0357283e-01   7.1659593e-02   4.8455574e-02  -4.8372843e-02   1.0306414e-01   1.6110052e-01   5.0820593e-02  -3.7198124e-01   2.8919346e-01  -1.4141709e-01  -2.6411986e-01  -3.6368238e-01   7.0362905e-02   1.2293760e-01  -1.0792898e-01   6.0067487e-02   3.1096524e-02  -9.9513849e-02  -1.6109442e-02   1.7279242e-01  -1.8463893e-01   2.0893322e-02  -2.7332278e-01  -3.2484878e-01  -9.2986656e-02   2.9095611e-02   5.4890832e-02  -1.4376904e-01   3.2482619e-01   2.0868172e-01  -7.6391700e-02  -7.5514751e-03  -1.7523652e-01   1.4428827e-02   9.7563882e-02  -8.2268921e-02  -2.6556498e-01  -1.9469388e-01  -3.2288153e-01   7.9373926e-02  -8.5466254e-02  -2.6343862e-01   3.0544525e-01   1.8850749e-01  -4.5259871e-01  -9.9429099e-03   1.4829594e-01  -2.1956465e-01   1.0081098e-01  -1.4630565e-01  -1.7043980e-03  -1.7443651e-02  -1.7782945e-01   1.7325101e-02  -2.0919068e-01   2.0359282e-01   1.2142510e-01   1.7422968e-01  -1.4605151e-02   3.6408284e-02  -1.2371565e-01  -1.2327738e-01  -2.6483365e-01  -2.9809106e-01   5.3543587e-01  -1.5123317e-02   7.0446742e-02  -2.7277316e-01   1.8735889e-01   2.8826355e-01  -1.5136851e-01  -2.7699328e-01   3.8202971e-02   1.4206500e-01   1.2023798e-01  -2.2953657e-01   8.8674609e-02   3.7236534e-01   7.9460551e-02  -9.5732507e-02  -5.4399051e-02   7.2000071e-03  -3.8422337e-01  -4.6300545e-03  -2.5960761e-02  -3.6904207e-01  -1.4791361e-01  -1.3066490e-01   5.6637415e-01  -2.0121107e-01   2.1077901e-01   1.2346540e-01  -1.6293987e-01   1.1216615e-01   1.4466213e-02   1.7644773e-01  -2.6028480e-01  -2.2447642e-02  -2.0844510e-01  -3.0680499e-01   4.4426057e-02   1.0811370e-01  -1.0980968e-01  -2.4146751e-01   2.9407695e-01  -3.1335608e-01  -1.3634187e-02   1.1285384e-01  -9.8267759e-02   3.6245191e-02  -1.3533013e-01  -1.0132220e-01   4.6200434e-02   1.2778689e-01   1.4532337e-01  -1.0449117e-01  -6.6642855e-02   2.8378965e-02  -1.4707840e-02  -2.4740401e-01   3.2903989e-01  -1.2701669e-02  -6.5829281e-02   4.5248589e-02
  -1.3159931e-02  -4.4251606e-01   1.1046236e-01   2.3493246e-01  -1.0861520e-01   1.0505531e-01   2.0630425e-01  -1.0006061e-01  -3.3890198e-01  -1.3566446e-01  -8.7318709e-02  -1.8665857e-01   1.8112150e-01   0.0000000e+00   7.9490677e-02   1.9274860e-01   5.3681446e-02  -8.9444956e-02  -1.5430566e-01  -1.7772563e-01   1.8919024e-01   2.2833566e-01   2.1135240e-01  -1.4900979e-01  -6.6045811e-02  -1.2487809e-01   8.0238164e-02   2.0854146e-01  -1.5015030e-01  -5.2808328e-02   2.0684830e-01  -3.0152450e-02   1.0986291e-01  -8.4950714e-03   2.2127031e-02  -6.7064668e-02   1.9876285e-01  -1.2268500e-01   2.2400238e-01   1.1457494e-01   1.3025110e-01  -9.2823339e-02  -2.5242735e-01   2.4059690e-01  -7.7178719e-02  -2.0267366e-01   8.2227969e-02   4.7096692e-02  -4.9271217e-02   7.1195769e-02   2.5374500e-03  -1.1434447e-01  -4.3413418e-01   7.4572722e-02   2.8095640e-01   2.6917332e-01  -2.0194084e-01  -1.1546374e-01  -4.5506463e-02  -1.8027497e-01  -1.6380853e-01  -7.5098194e-02  -1.6429102e-01  -2.3568621e-01  -3.6400379e-01  -4.6506606e-02   8.6481131e-02   1.4975984e-02   1.7811721e-01   1.4387064e-01  -1.3300369e-01   4.9025209e-02  -8.8751444e-03   1.2356136e-02  -1.4163058e-01  -2.1294020e-01  -1.4173874e-01   1.8105503e-01  -4.1278481e-01   6.3123035e-02   4.7223338e-01   9.6959393e-02   2.3490564e-01  -1.3088415e-01   7.3057066e-02   2.1040464e-01   1.4534812e-01   3.2988333e-01  -1.0192909e-01  -1.1435692e-01  -2.5799775e-01  -1.9514045e-01  -1.8025212e-01  -3.0475783e-01  -1.2967658e-01  -7.8860105e-03   8.8268154e-02  -1.8539658e-01  -1.2483947e-01  -2.9946654e-02   9.6635671e-02   2.0953836e-02   5.5521222e-01  -1.3712259e-02   9.4113129e-02  -1.5546255e-01   7.1765618e-02  -2.4891543e-01  -2.9437023e-02   1.8441960e-01  -2.9070074e-02   1.5851900e-01   1.2553368e-01  -1.6539322e-01   2.3863923e-01  -4.1380351e-01   2.0598290e-01   8.4864833e-02   4.5149022e-01   1.6492391e-01  -2.2579491e-01  -1.6560158e-01   1.2468906e-01  -9.8073119e-02  -2.5446821e-01   5.1689407e-01   1.2074968e-01  -2.1107862e-02  -4.1843677e-02   2.4514232e-01   1.7110446e-01  -2.8044591e-03  -1.0526673e-01   5.6053329e-02  -9.2776559e-02  -2.9153257e-01  -4.1986461e-02   5.5583476e-01  -3.5073666e-01  -1.0197903e-01  -1.1877732e-01   2.1664428e-01  -1.5111501e-01   2.5097943e-01   9.2322906e-02   2.0542985e-01   1.1318055e-01  -1.4986351e-01  -4.7816296e-02  -4.3177241e-01   9.9884256e-02   3.8964093e-01  -3.9952605e-01  -1.4521084e-02   9.1926023e-02  -2.2373144e-01  -1.8614543e-01   2.8862522e-02  -2.0536899e-01   3.8507839e-01   1.4314492e-01  -1.1585822e-01  -3.9831416e-01  -3.7143709e-03  -1.3146347e-01  -1.6129120e-01  -1.0586926e-01   1.9455884e-01  -3.7907348e-02  -1.0982740e-01  -2.7309793e-01  -1.9247411e-02  -1.8069701e-01   2.7103771e-01  -1.6580766e-01  -1.8971786e-01  -9.1118451e-02
