   0.0000000e+00  -5.9634413e-01  -2.6713859e-01   2.7723491e-02  -4.8618449e-02  -2.9442393e-01  -3.8057678e-01   5.1494727e-01   2.7328762e-02  -1.8578640e-01   3.1611100e-01  -3.3105159e-01  -1.9011676e-02   5.5967512e-01  -8.0921327e-02  -4.9167542e-01  -2.9563002e-01   9.4167370e-02   4.2033142e-01  -1.2933050e-01  -2.1762288e-01   2.3759184e-01  -1.9858813e-01   8.4340920e-01   1.6186521e-01   5.0316764e-01  -5.0639623e-01   4.3754576e-01   2.7272081e-01  -1.3644261e-01  -2.1058316e-01   4.7765669e-01  -2.8022314e-01  -4.2877271e-01   2.6000403e-01  -3.7033333e-01  -2.7692415e-01   8.5130956e-02  -6.1956578e-01  -3.8396155e-01  -4.0220059e-02  -7.9466108e-03   3.0740018e-01   4.7896206e-01  -3.2704924e-02   2.7513096e-01   3.2346670e-02  -5.1146587e-01  -1.7358384e-02  -2.9660850e-01   5.3815133e-02   5.0790558e-01  -4.3685505e-01  -3.2636326e-02   3.8805876e-01   1.7098401e-02   5.4033022e-01   5.1190266e-01  -1.2942812e-01   4.5115498e-01   3.2254718e-01   1.5999716e-01  -8.3502127e-02  -4.2722140e-02  -2.5790657e-01   1.0662766e-01  -2.3322063e-01   1.9924674e-02   1.6190894e-01  -3.3290916e-01  -6.1031943e-01   1.7427285e-01  -2.3729762e-01   1.1865618e-01   1.5546406e-01   5.2400813e-01   1.0452573e-01   3.1623783e-01   1.3742142e-02  -6.6344485e-02   3.8153024e-01  -4.1122353e-01  -4.9920651e-01   5.1887220e-01   1.0394688e-02   6.0905285e-01  -4.8385430e-01   3.4478698e-01  -4.2659371e-02   7.5633672e-01   7.4431888e-02   1.8874202e-01  -2.2114951e-01   5.4354678e-01   2.7923539e-03   7.9367701e-02   2.1837534e-01   5.8111557e-01  -1.3178074e-01  -3.5031631e-01  -1.8180098e-01   3.5536253e-02   2.3609860e-01   2.8029472e-01   8.0093417e-02   5.3826728e-01  -7.3853100e-02   5.3839709e-01  -2.6255512e-01  -3.5215220e-01  -3.4188446e-01   9.1697237e-03   6.7590606e-02   8.3258971e-01   1.7711223e-01  -8.7763892e-02   2.4109744e-01  -1.2849665e-01   1.9687565e-01   1.0918592e-01   5.5407289e-01   1.5138267e-01  -3.1722973e-02  -2.9993513e-01   4.8302041e-01   4.6021493e-01   1.9532133e-01   8.1496682e-02   5.0653610e-01  -4.0109410e-01  -2.7623254e-01  -4.7211121e-02   4.4456534e-01  -4.1509194e-01   4.9667392e-01   6.4206008e-01  -1.5254964e-01   5.8157129e-02   5.1141060e-01   6.6364732e-01   8.3187658e-01   5.9213743e-02   6.1787754e-02  -6.0267613e-04  -1.3201935e-01   1.9744654e-01  -4.3242134e-01   1.6173003e-02  -2.1976951e-01  -4.3046042e-01   1.4516779e-01   4.3636243e-01   5.0274025e-01  -6.1839128e-02  -5.0433102e-01   7.4971643e-01   5.4073602e-01  -1.1045515e-01   3.1153863e-01   3.8326251e-01  -4.4908394e-02   1.5089690e-01  -1.3660328e-01   1.1881019e-01   5.1521752e-01  -1.3285502e-01   1.3064856e-01   3.2372277e-01   2.0964805e-01  -4.6292867e-01   2.1194227e-04   1.0085377e-01   1.7218329e-01  -8.4812813e-02   2.8373461e-01   4.6651090e-02   4.0068344e-01
  -5.9634413e-01   0.0000000e+00   4.8875598e-01  -1.6590689e-01   2.4033543e-01   2.3789536e-01   3.8446647e-01  -5.5308398e-01   3.5167784e-01   1.2500461e-01  -3.4784863e-01   5.5011822e-01  -5.4259845e-02  -4.4863293e-01   5.4346962e-02   2.2216864e-01   4.6962093e-01  -1.2803115e-01  -2.3371414e-01   1.4171285e-01   1.6726522e-01  -3.1625980e-01   6.1615236e-02  -6.1819066e-01  -5.0731132e-02  -3.6740922e-01   5.3118083e-01  -4.3765327e-01  -2.0307298e-01   2.8113511e-01   2.8763479e-01  -5.5986850e-01   2.6216011e-01   3.4110719e-01  -1.5074588e-01   2.5177679e-01   3.3817839e-01  -2.1989964e-01   2.6577118e-01   4.7034016e-01   5.5567066e-02  -1.5856841e-01   1.6952893e-02  -4.2963043e-01  -4.8172416e-03   5.2112827e-02  -1.9743935e-01   5.8816452e-01   2.1937272e-01   3.5484432e-01  -2.1801868e-01  -5.2894339e-01   6.4878457e-01   1.1547902e-02  -3.6802572e-01  -2.5772133e-01  -3.5374579e-01  -5.1986838e-01  -7.1149891e-02  -2.1264149e-01  -2.4042423e-01  -1.1248648e-01   4.5668101e-01   1.5310195e-01   4.0316859e-01  -1.0999146e-01   2.3578294e-01   1.6065991e-01  -3.2192005e-01   3.5358552e-01   7.6084827e-01  -3.2357239e-01   3.6836918e-01  -3.4556680e-02  -2.9850695e-01  -5.9582454e-01  -1.9604351e-03  -1.8646229e-01   3.0916882e-01   1.1019884e-02  -4.5031381e-01   2.2559796e-01   5.1679403e-01  -4.8611750e-01   8.2768647e-02  -5.6344492e-01   6.5779267e-01  -1.8420017e-01   2.5222561e-01  -5.7531024e-01   2.3121062e-01  -7.1780399e-02   1.9922733e-01  -3.4149809e-01  -1.3678571e-01  -5.3184208e-02  -2.3039300e-01  -3.8299872e-01   1.2893621e-01   1.0126272e-01   1.7280596e-01  -1.0068316e-01  -4.3652595e-01  -8.0664291e-02  -3.2421388e-01  -4.4389011e-01   1.3688871e-01  -4.8889559e-01  -8.5943363e-02   4.3863916e-01   1.7217757e-01  -7.9521340e-02   9.5480687e-03  -5.9462003e-01  -3.1284342e-01   2.8876177e-01  -2.9048337e-01   1.2736926e-01  -3.1686790e-01  -1.9974134e-01  -4.0084608e-01  -2.9844493e-02   1.1159653e-01   2.0570497e-01  -2.8347036e-01  -3.2588882e-01  -3.9210596e-02  -1.4841141e-01  -5.3679639e-01   5.6415015e-01   1.7491869e-01   2.9306531e-01  -3.8665186e-01   4.7785354e-01  -4.3742181e-01  -6.1647718e-01  -5.2265968e-02  -2.0177227e-01  -4.7139884e-01  -5.2640580e-01  -4.4444398e-01  -5.3143333e-02  -2.2527618e-01  -3.0290559e-02   3.1493486e-02  -4.6282194e-01   3.6247051e-01   6.1304354e-02   1.6613704e-01   3.2044205e-01  -1.2237057e-01  -5.1424835e-01  -3.4777101e-01   1.7094276e-01   7.8239797e-01  -5.4690527e-01  -3.8055200e-01  -1.3873979e-01  -2.6918555e-01  -4.8323295e-01   4.9923340e-02  -2.7487132e-01   2.2046398e-01  -3.7609053e-01  -5.2183126e-01   1.2610480e-01  -5.1425339e-02  -3.2834052e-01  -1.7370537e-01   5.6807614e-01   6.9177720e-02  -1.4120267e-01  -2.0856006e-01  -8.8952276e-03  -2.9014072e-01  -7.2576327e-02  -2.3857292e-01
  -2.6713859e-01   4.8875598e-01   0.0000000e+00  -1.4910770e-01   4.0995689e-01   2.4955906e-02  -3.1336427e-02  -2.6836741e-01   1.3651360e-02   6.2726019e-02  -4.6706160e-01   5.7456285e-01  -1.7705898e-02  -3.3698294e-01   2.0821397e-02   9.8466548e-03   8.3923262e-01  -3.7358395e-01  -2.4017067e-01   2.7894271e-01  -3.6617261e-01  -2.0598513e-01  -1.3626651e-01  -2.0925072e-01   1.5629451e-03  -1.4058587e-01   3.3446944e-01  -1.3711807e-01  -5.1807252e-02  -1.8822599e-01  -5.6550030e-02  -2.0446315e-01   5.9809849e-02   3.3190608e-01  -9.2889835e-02  -6.2635715e-02   3.6814803e-02  -2.6021121e-02  -7.2545196e-02   7.9145345e-01  -1.7890113e-01   4.8161911e-02  -1.5544680e-02  -4.3579756e-01  -9.4288263e-02   5.8496709e-01  -4.0624110e-01  -1.2400552e-01   2.3763795e-01   8.2951049e-01  -3.1550164e-01  -3.4154605e-01   4.3148291e-01   3.6110122e-01  -2.7975303e-01  -2.8982117e-01  -2.3071412e-01  -2.3746516e-01  -3.0664977e-01  -1.0885880e-01   1.0851410e-01   2.7140323e-02   5.1431211e-01  -2.2633499e-01   8.4402727e-02  -3.7947661e-01   1.7206065e-02   8.1076159e-02  -2.7389443e-01   5.3040912e-01   5.2619030e-01  -3.6268579e-01   2.6445546e-01   2.5378698e-01   2.4137626e-02  -3.0042687e-01   2.7175180e-01  -8.7327466e-02   3.6950313e-01   1.0054393e-01  -2.0805978e-01   1.2286565e-01   1.4868324e-01  -1.9115991e-01   1.8746384e-01  -3.0088494e-01   3.1014886e-01  -9.6481568e-03   4.9104078e-01  -2.6857227e-01   2.2798006e-01   3.9099607e-01   6.0097922e-01  -1.7923203e-01   7.5403642e-02   3.5759312e-01  -1.6252682e-01  -1.5212313e-01   7.6377494e-02   2.1531562e-02   2.1436652e-01  -2.1328762e-01  -3.5339777e-01  -8.9304009e-02  -3.8001947e-01  -1.8531413e-01   3.1060086e-01  -2.9028877e-01   1.8529072e-01  -9.2818949e-02   2.2119977e-01  -1.7260856e-01  -1.6471267e-01  -3.0829466e-01  -1.2918363e-02   4.0887659e-01  -1.8678235e-01   8.7373814e-02  -2.8198530e-01  -9.7706992e-02  -1.5612987e-01   1.4107922e-01   4.5668083e-01  -4.0042745e-01  -5.5439705e-03  -1.8710853e-04  -3.4347331e-01   1.7055927e-01  -2.6245338e-01   6.6283310e-01   7.1398757e-02  -2.8152297e-02  -5.6832958e-02   1.4103014e-01  -3.0992718e-01  -3.3810286e-01  -6.0149987e-02  -2.7098914e-01  -2.4843789e-01  -1.8973568e-01  -2.1981311e-01  -8.2326822e-02  -2.7531199e-01  -1.0132656e-01  -5.9385991e-02  -5.0173889e-01   5.6234318e-01  -4.1984474e-01  -8.8886880e-02   6.3494975e-02  -9.1403100e-02  -4.8924233e-01  -1.8083367e-01  -2.7889885e-01   7.5608789e-01  -2.2856532e-01  -1.5596311e-01  -1.9275923e-01   1.5794762e-01  -2.4850860e-01   9.7929216e-02  -4.3122593e-01  -2.5934719e-01  -3.1949991e-01  -1.5725758e-01   1.9187259e-01  -5.4433739e-02  -2.7828524e-01  -8.0525293e-02   2.4646097e-01   1.4551776e-01  -1.0341933e-01  -3.7363894e-01  -2.6413296e-01  -2.2617111e-01   1.4600885e-01  -1.3576188e-02
   2.7723491e-02  -1.6590689e-01  -1.4910770e-01   0.0000000e+00  -2.7828749e-01   4.4198706e-01  -1.7434782e-03   1.2603037e-01  -8.9629547e-02   1.1194350e-01   2.0276836e-01  -3.6994725e-01   1.6562916e-01   3.9340799e-01  -1.0513639e-01   8.6195256e-02  -1.9060772e-01   5.5807754e-01   2.5270069e-01  -5.5218194e-02   3.8514642e-01   5.4599256e-01   2.8723251e-01   8.4318817e-02  -2.7914245e-02   3.1882406e-02   1.5605552e-01   2.7352087e-02   8.3845019e-02   3.6564998e-01   5.8806252e-02   4.5298278e-01  -1.4529356e-01  -2.7905668e-01  -1.4211983e-01   9.4652469e-02   4.8631295e-02  -1.8617426e-01  -2.9709015e-02  -2.1552813e-01   1.5485015e-01  -1.7866916e-01  -2.3730777e-01   2.4295664e-01   1.6080157e-01  -2.5547435e-01   4.6465195e-01   7.9363917e-02  -1.0073453e-01  -2.3199537e-01   4.7265512e-01   5.0931604e-02  -3.1856605e-01  -1.7669641e-01   2.5124626e-01   3.3999944e-01   2.8380227e-01   5.1994414e-01   5.3657744e-01   2.3826316e-01  -4.6922966e-02   3.2270465e-01  -2.9305430e-01  -1.6451901e-02  -8.5203713e-02   3.1864442e-01   4.6255413e-01   8.5571228e-02   6.4051569e-01   2.2620492e-01  -3.7826922e-01   6.5739500e-01   4.7377531e-02   3.1366941e-02   1.1348612e-01   3.6568869e-01  -1.8428598e-01   1.3720132e-01  -3.9967257e-01   2.2097469e-01   1.8582906e-01  -1.0181413e-01  -3.6621434e-01   2.5006008e-01  -4.3687114e-02   7.8968938e-02  -4.1956946e-01   4.3192812e-03  -3.2384206e-01   4.9285457e-02  -3.4408152e-01  -1.2768037e-01  -2.1127254e-01   5.2684740e-02  -2.9531446e-01  -1.3400232e-01   3.6764894e-01  -1.1462550e-01   2.3990287e-01  -1.1535341e-01  -3.4624206e-01  -7.1404154e-02   4.9979550e-01   3.6597342e-01   6.5242027e-01   5.3710942e-01  -1.3832926e-01   2.5707204e-01  -2.4736746e-01   2.6403354e-01  -2.2499632e-01   6.1092530e-01   6.0277380e-01  -4.1722742e-02   2.6700246e-02  -4.3589483e-01   1.6433460e-01  -8.6591653e-02   1.8122299e-01   7.0820977e-01  -1.8945244e-01  -2.4652450e-01  -4.1684420e-01   1.7292011e-01   1.2705093e-02   1.3741832e-01   1.2225781e-02  -1.9323805e-01   6.2879112e-01  -1.5230862e-01  -7.8374021e-02  -1.5230859e-01   3.8982592e-01  -1.0470809e-01   4.0696316e-01   1.8774726e-01   3.9000392e-02   2.2597835e-01   8.5559016e-02  -2.1447907e-01  -1.1088529e-02  -2.8499740e-01   3.6203382e-01   3.4728559e-01   8.1508588e-02   3.9227928e-01  -2.5971471e-01   3.3569469e-01   3.1763098e-01  -3.3002928e-01   1.9316142e-01   4.0052970e-01  -2.1242226e-01   1.1760600e-01  -1.6722546e-01  -7.9441396e-02  -1.8551560e-01   2.8773047e-01  -1.3819956e-01   3.4434000e-01   1.7422371e-01   3.1195077e-01   1.2142140e-01   6.4808085e-01   4.7544870e-01  -4.2850775e-01  -2.6033672e-01   1.8740715e-01  -8.2708951e-02  -4.2099220e-01  -3.6034003e-01  -3.3472760e-01   5.1415823e-01   4.9775118e-01   6.3167993e-02   1.1078788e-02   4.6600692e-01
  -4.8618449e-02   2.4033543e-01   4.0995689e-01  -2.7828749e-01   0.0000000e+00  -4.0295175e-01  -3.6890922e-01  -1.0539098e-01   1.9475622e-01   5.6744098e-02  -9.8023853e-02   2.6676572e-01   4.4142839e-02  -4.2737561e-01  -2.7089211e-01  -1.0312760e-01   4.0047443e-01  -3.0527648e-01  -1.7587472e-01   6.9441691e-01  -5.2009264e-01  -2.9512667e-01  -5.6682128e-01  -1.1468261e-01   6.3061953e-04  -5.8531455e-02   1.0956191e-01  -2.8852358e-01   1.7286067e-01  -3.1486268e-01  -2.3070630e-01  -4.3816825e-01   1.3978501e-01   2.0290824e-01  -1.0544011e-01   1.6632868e-01  -6.8391704e-02  -1.0718027e-02  -1.3829181e-02   3.8570679e-01   8.5876875e-02   9.6042232e-02   2.5882181e-01  -3.1232585e-01   2.4341461e-01   4.4828218e-01  -3.5977099e-01  -2.8165022e-01   6.3338799e-01   5.2897516e-01  -3.7943989e-01  -2.0360141e-01   5.5853649e-01   5.6548100e-02  -5.0046423e-01  -5.8720636e-01  -1.1877272e-02  -4.2557740e-01  -2.2066416e-01  -2.4501960e-01   1.5323347e-01   3.2721163e-01   4.5770201e-01  -8.2538713e-02   4.3088976e-01  -2.2881856e-01  -4.5471950e-01   1.2585072e-01  -3.7318850e-01  -2.6935930e-01   4.8295221e-01  -4.0933222e-01   1.9432133e-01  -2.7155987e-01   7.2893934e-02  -4.0227613e-01   2.2177967e-01  -1.7146413e-01   6.7216515e-01   3.8972112e-02  -4.6905102e-01   8.6841437e-02   1.0322269e-01  -1.7699441e-01  -1.5745504e-01  -3.3643059e-01   2.2903581e-01  -1.6508486e-01   4.9484450e-01  -1.6416110e-01   7.7154298e-01   1.3262640e-01   3.3959078e-01  -1.4374964e-01   2.5925148e-01   6.8428931e-01  -1.0764537e-01   5.9415440e-03   4.6239135e-01  -1.2191384e-01   7.8186531e-02  -1.3712718e-01  -4.3194666e-01  -3.6031399e-01  -5.9212481e-01  -3.4060969e-01   7.8572821e-02  -2.4464058e-01   7.8388039e-02  -2.8552679e-01  -2.0027247e-01  -5.4279512e-01  -2.3945838e-01  -3.1386012e-02  -4.0743320e-01   8.5190510e-01  -2.0152315e-01   2.0377778e-01  -5.4406928e-01  -2.6789552e-01   1.8533008e-02   7.8840922e-01   5.0659558e-01  -1.0441264e-01   2.2107697e-01  -2.3054787e-01   1.3083284e-01   2.6419883e-01  -4.2844948e-01   1.0908626e-01   1.9904602e-01   5.2814253e-01  -2.1423815e-01   4.4197035e-02  -3.2065716e-01  -2.4505669e-01  -4.5510485e-02  -4.5898549e-01  -3.1123709e-01  -2.5210955e-02  -6.0199954e-02   5.9120701e-02  -2.2230142e-01  -5.7845628e-01  -3.9750792e-01  -5.5609202e-01   1.2278124e-01  -2.3610911e-01  -3.1095350e-01   9.3458525e-02  -5.6276476e-01  -4.2760185e-01  -6.5006577e-02   1.6835532e-01   4.5465735e-01  -3.8428198e-02   1.1466548e-01  -5.6987461e-02   1.6483760e-01  -5.2511074e-01   7.7405260e-02  -3.5681888e-01  -7.9886967e-02  -4.3746160e-01  -2.4757363e-01   5.7241083e-01   3.9727978e-01  -1.8308193e-01   5.9405984e-03   3.5484262e-01   5.4105773e-01   8.5409832e-03  -2.7695985e-01  -6.0866072e-01  -2.0205721e-01   1.3380080e-01  -2.7558404e-01
  -2.9442393e-01   2.3789536e-01   2.4955906e-02   4.4198706e-01  -4.0295175e-01   0.0000000e+00   4.0563417e-01  -2.1802649e-01  -2.3364200e-01   1.5695716e-01  -2.2680262e-01  -5.7259877e-02   2.5148097e-02   2.1537185e-01  -9.5425065e-02   3.6914239e-01  -4.2447595e-02   3.9200901e-01   1.5329687e-01  -1.7022180e-01   6.5759748e-01   3.5742930e-01   6.6067438e-01  -2.1619912e-01  -1.3836749e-01  -1.3774819e-01   5.6852668e-01  -1.6445128e-01  -2.4630051e-01   4.0988348e-01  -3.5697032e-02   1.9398564e-01   3.3807689e-02  -5.8382574e-02  -2.6890133e-01   1.7894091e-01   2.7018366e-01  -2.4186416e-01   1.8106127e-01   7.3423694e-02   4.5928213e-02  -2.5814682e-01  -3.7228312e-01  -1.4300303e-01  -5.4942204e-02  -2.6363028e-01   3.9149743e-01   5.0446838e-01  -2.5572253e-01  -1.9767196e-01   3.9583627e-01  -2.3001675e-01  -8.4089778e-02  -8.9960164e-02   5.6453040e-02   4.3108186e-01   9.5755872e-02   1.9444329e-01   3.3066709e-01  -3.1487935e-02  -2.9457700e-01   4.8138202e-02  -2.9562066e-01  -2.1635426e-01  -1.5468624e-01   2.6761438e-01   9.1480057e-01   1.2268076e-01   4.3158086e-01   5.5068723e-01   3.1082580e-02   2.8572723e-01   2.2085774e-01   1.0147219e-01  -1.5402912e-01   7.0733777e-03  -1.6748221e-01   1.0328990e-01  -3.7919491e-01  -1.1577475e-01   1.1424470e-01   4.3490960e-02   7.3019048e-02   1.2002749e-01  -3.9072093e-02  -1.0491239e-01  -1.9351336e-01   5.9899703e-02  -3.7225724e-01  -1.2913688e-01  -4.6790520e-01  -2.6296480e-01  -1.3554390e-01  -2.3235020e-01  -3.8725854e-01  -3.6996172e-01   3.1259232e-02  -2.4019600e-01  -4.0013164e-02   8.6908595e-02  -1.8102309e-01  -2.6590741e-01   4.4807382e-01   7.6170829e-02   4.9082397e-01   2.2188975e-01  -1.4783544e-01   4.2604363e-02  -3.3161704e-02   6.3416226e-01   9.2388688e-02   7.5797585e-01   4.1068557e-01  -2.9445008e-01  -5.1404954e-03  -5.3185501e-01  -5.6589679e-05  -1.4261806e-02   4.3554987e-02   3.9488435e-01  -2.2557475e-01  -5.0910479e-01  -5.4913126e-01   1.9339902e-01  -2.0325243e-01   4.1105368e-02  -1.9542467e-01  -4.5524826e-01   1.1511403e-01   2.0290813e-01  -8.4629897e-02  -2.7119887e-01   1.9038046e-01   1.2310084e-01  -3.6470602e-03  -1.7716737e-01  -6.5273159e-02   2.7179815e-01  -2.2294237e-01  -3.3463165e-01  -2.3304297e-01  -2.1981640e-01   9.5390758e-02   6.0451116e-01   1.0310944e-01   2.1352661e-01   3.8006225e-02   4.0298810e-01   5.2651281e-01  -1.2281032e-01   3.1930351e-01   1.8076919e-01  -3.0069080e-01   8.1479142e-02   2.0249644e-01  -2.3622170e-01  -3.6767102e-01   5.2771522e-02  -4.4410829e-01   2.4907083e-01   1.9080766e-02   2.4502590e-01   2.4213563e-01   4.7916002e-01   1.6431371e-01  -4.1316232e-01  -4.3981058e-01   1.1842806e-01  -1.3084868e-01  -1.0486800e-01  -3.8419219e-01  -2.6226684e-01   2.1761248e-01   8.3679524e-01  -1.1335630e-01  -1.9552834e-01   2.0197161e-01
  -3.8057678e-01   3.8446647e-01  -3.1336427e-02  -1.7434782e-03  -3.6890922e-01   4.0563417e-01   0.0000000e+00  -4.4660907e-01   4.2952645e-02   3.8154644e-01  -7.2170525e-02   3.3294119e-01  -6.9422565e-02  -2.0672571e-01   2.2437925e-01   3.6046810e-01  -1.4978091e-01   1.1766847e-01  -2.0730392e-01  -1.1321083e-01   5.0100067e-01  -2.7886105e-01   5.4387937e-01  -3.5580018e-01  -1.3618212e-01  -2.9953758e-01   4.6894383e-01  -2.3960806e-01  -2.2795326e-01   1.8413496e-01   2.0830125e-01  -1.6017516e-01   7.3624840e-02   5.9853338e-01   2.4195077e-01   4.7811398e-01   1.6399075e-01  -2.2461535e-01   2.1077328e-01   4.2054005e-02  -4.6489602e-02  -1.3551224e-01   1.2074668e-01  -2.5005482e-01   1.7617293e-01  -3.4811150e-01   2.2820169e-01   7.0027647e-01  -2.5076910e-01  -2.9290167e-01   1.7479858e-01  -3.5062493e-01   2.0157091e-01   9.1813546e-03  -1.0922358e-02   3.1159924e-01  -3.4537194e-01  -2.2362601e-01   5.0217052e-02  -4.2345074e-02  -3.0177649e-01  -7.2234930e-02  -9.2749102e-02  -4.8291982e-02   4.0907848e-02   2.7711284e-01   3.4423300e-01   7.9334753e-03  -5.7060303e-02   3.6762418e-01   2.7004597e-01   1.0386745e-01   2.4132480e-01  -1.2961089e-01  -2.8556563e-01  -2.6492723e-01  -2.1542109e-01  -2.1648457e-01  -2.0566820e-01  -2.1253404e-01  -3.9992312e-02   1.3157196e-01   5.6127117e-01  -4.4696521e-01  -1.3396567e-01  -2.5723331e-01   3.3413433e-01  -1.4950545e-01  -2.8928884e-01  -2.4414929e-01  -2.6175664e-01  -3.6986448e-01   6.1921385e-02  -8.4582559e-02  -2.9532659e-01  -4.2196355e-01  -2.4860317e-02  -4.0857205e-01  -1.6503918e-01   5.6790679e-01   1.5993377e-01   1.3637633e-01  -1.6520353e-01  -7.7186133e-02   1.0601036e-01  -1.8205600e-01  -1.0149718e-01  -3.3219953e-01  -6.5213166e-02   5.4646630e-01   5.4074931e-01   2.1202166e-01   8.0948540e-02  -3.2395243e-01   5.4602946e-02  -3.1621039e-01  -1.8097915e-01   1.3703680e-01   8.1060125e-02  -5.2834931e-02  -3.5742945e-01  -3.2852324e-01  -3.4928879e-01   3.2177967e-01  -2.7997894e-01  -2.9271924e-01   1.4318606e-01  -3.9823648e-01  -2.0994342e-01   2.0759947e-01  -5.1685083e-02   2.1151307e-02  -2.9173515e-01   4.5761880e-01  -4.3930914e-02  -4.2521612e-01  -8.2587442e-02   1.4494946e-01  -3.4353332e-01  -3.3158604e-01  -2.7573837e-01  -1.7188242e-01  -1.6454263e-01   3.2594988e-01   4.0882475e-01  -3.0594195e-02   3.6809198e-01   2.5413942e-01   5.8668067e-01   1.5655312e-01   1.6788027e-01  -2.6058703e-01  -2.5084962e-01   2.0949074e-01   2.5550417e-01  -2.9241167e-01  -2.8743274e-01  -3.5162181e-02  -4.4817603e-01  -2.4016136e-02   1.4632498e-01  -7.9162652e-02   3.9973471e-01  -1.1193867e-01  -3.0979543e-01  -8.3088464e-03  -2.5048740e-02  -2.8342801e-01  -1.6196611e-01   2.4869663e-01  -3.0917182e-02  -1.7271769e-01   1.1667470e-02   3.2623815e-01  -6.1788439e-02  -1.4591727e-01  -2.3989871e-01
   5.1494727e-01  -5.5308398e-01  -2.6836741e-01   1.2603037e-01  -1.0539098e-01  -2.1802649e-01  -4.4660907e-01   0.0000000e+00  -5.4201490e-02  -3.9260926e-01   1.2663985e-01  -3.5090968e-01  -1.3588230e-01   3.8891358e-01   2.6790414e-02  -2.6575802e-01  -2.2191450e-01  -9.5460114e-03   4.2791999e-01  -1.6582528e-01  -1.7973304e-01   2.8736613e-01  -1.3836430e-01   5.0952453e-01  -2.8741293e-02   6.5551097e-01  -3.9760582e-01   4.3124971e-01   1.6531800e-01  -1.5930713e-01  -1.4005919e-01   4.8486214e-01  -9.4796095e-02  -4.5313127e-01   1.0901581e-01  -4.6148865e-01  -1.6055247e-01   9.9620325e-02  -4.2466894e-01  -2.9355633e-01  -1.6944860e-01   1.6140084e-01  -1.8953529e-02   5.3345644e-01  -2.2005576e-01   1.4356279e-01  -1.2083114e-01  -4.8671695e-01  -2.4727456e-01  -1.5654876e-01  -5.7627981e-02   8.3093629e-01  -4.6405947e-01  -1.8604574e-04   2.5166055e-01   3.9184804e-02   5.1842233e-01   4.7027949e-01   8.0533120e-02   3.1532747e-01   2.7907778e-01  -9.5101468e-02  -2.1933715e-01   3.4480179e-02  -3.2843528e-01  -1.3797240e-01  -1.3324399e-01   3.8200937e-02   2.4697597e-01  -2.4335458e-01  -5.1880205e-01   1.7162170e-01  -2.7110856e-01   1.8841530e-01   2.0042197e-01   5.2082409e-01   1.2407039e-01   3.9307112e-01  -8.6400084e-02  -1.0767305e-02   3.3087922e-01  -2.8201941e-01  -4.7987612e-01   7.0408887e-01   1.4734022e-01   6.4387067e-01  -4.8974640e-01   2.1612299e-01  -9.0391638e-02   5.2283804e-01  -8.5208431e-02   2.8936277e-01  -1.7766398e-01   4.4478449e-01   7.2352732e-02   3.6566887e-02   4.9362683e-02   5.5930418e-01  -1.9912347e-01  -2.6613593e-01  -1.5912222e-01  -7.5971445e-03   3.0841303e-01   1.6718174e-01   1.7493355e-01   4.9973541e-01   4.4132528e-02   6.8305265e-01  -1.1413775e-01  -3.9595092e-01  -3.0864628e-01  -5.3140559e-02  -7.0747677e-02   5.2155699e-01   2.8154240e-01  -1.3413186e-01   3.5972845e-01  -1.4454732e-01   2.7661232e-01   1.2100581e-01   4.2059622e-01   5.7784293e-02   1.1799656e-01  -3.1509151e-01   3.3962214e-01   3.1701988e-01  -2.2545026e-02   9.9772656e-02   4.6268023e-01  -3.1954281e-01  -2.4673721e-01  -2.6249417e-01   2.3159838e-01  -4.7850050e-01   4.3423026e-01   7.8376314e-01  -2.6871768e-02   1.0931381e-01   6.3593733e-01   3.9165638e-01   4.4840414e-01   9.9216181e-02   1.2897265e-01   5.9927992e-02  -1.6165118e-01   3.3299722e-01  -3.1961881e-01  -1.6221077e-01  -3.7597256e-01  -2.9035818e-01   2.5396779e-01   5.9456648e-01   4.2474088e-01  -1.8407550e-01  -5.1097028e-01   4.7686377e-01   4.3516825e-01  -3.3800212e-02   3.9591232e-01   4.7035454e-01  -2.1160307e-01   2.9594918e-01  -3.1998462e-01   1.3582873e-01   5.0502431e-01  -9.2010223e-02  -5.9671359e-02   3.5440198e-01   2.9621932e-01  -3.1701580e-01  -5.1248286e-02   1.1080320e-01   8.6541196e-02  -8.8139326e-02  -9.6973818e-03   1.0314866e-01   3.1389960e-01
   2.7328762e-02   3.5167784e-01   1.3651360e-02  -8.9629547e-02   1.9475622e-01  -2.3364200e-01   4.2952645e-02  -5.4201490e-02   0.0000000e+00  -2.1349919e-02   3.1953416e-01   6.3541935e-02  -1.0823793e-01  -1.2206141e-01   5.1008134e-02  -9.0068100e-02  -5.1332791e-02   1.4758567e-01   5.6091242e-02   4.7153448e-03  -2.9762415e-02  -1.6625876e-01  -2.6870404e-01   6.4680957e-03   1.6211697e-01  -3.0958083e-02   2.0899630e-02  -5.2456621e-02   7.8530088e-03   3.6193475e-01   3.8141122e-01  -2.2760813e-01  -5.7551253e-02  -6.4211217e-02   3.1370978e-01   1.2607165e-02   3.2595163e-02  -1.1757786e-01  -9.9584350e-02  -1.8483716e-01   1.0932463e-01  -1.3855908e-01   3.7970406e-01   1.6430477e-01   1.3935970e-01   1.1177513e-01  -1.2860007e-02   2.3246810e-01   3.0833108e-01  -8.5922575e-02  -9.3158463e-02  -8.2895317e-02   1.6469347e-01  -1.6085319e-01  -1.5871396e-02  -2.9972212e-01   8.5701551e-02  -1.7235338e-01   5.5511612e-02   3.5762719e-01   3.7161349e-02  -4.2225137e-02   5.0818371e-01   5.6653260e-01   3.8548322e-01   1.4977753e-01  -2.1434962e-01   1.6158418e-01  -1.7242547e-01  -2.2196656e-01   5.0055552e-02   3.3571713e-02   1.7920385e-01  -4.8672519e-02  -2.1967605e-02  -2.0522478e-01   1.0580091e-01   5.8087137e-03   2.9055272e-01   1.2726961e-01  -1.8693564e-01  -6.4191280e-02  -6.4569450e-02  -5.2350271e-02  -1.6348870e-01  -9.4223138e-02   4.1380029e-01  -2.7983378e-02   2.2396842e-01   1.4877792e-02   3.5604772e-01  -6.5497685e-02  -2.2276484e-01   3.3050294e-01   1.0060903e-01  -1.0105871e-01  -4.2241405e-02   7.0154759e-02   2.4654879e-01  -1.5924695e-01  -1.0883966e-01   2.3404405e-01  -2.9817872e-01   4.2358850e-01  -2.2793000e-01  -2.3390153e-01  -1.6014710e-01  -2.4372092e-02  -1.5078237e-01   1.4168500e-01  -2.9765756e-01  -1.7550359e-01   5.0595896e-02   5.6814215e-02  -2.4231650e-01   2.3934727e-01  -1.4753920e-01  -3.5635912e-02  -1.4602007e-01  -1.6483573e-01  -3.2200945e-02   1.6905924e-01   1.4004661e-01   2.2910338e-01   1.6143686e-01   8.1023979e-02   2.6836808e-01   1.6391126e-03  -1.1027387e-01  -1.1548475e-01   2.3627077e-02   4.3740522e-01  -7.4979088e-02   1.1337114e-01   1.3508963e-01  -9.9608774e-03   2.2853115e-03  -2.2923719e-01   6.1437887e-02   3.9190769e-02   1.0169770e-01  -9.5098237e-02   6.2593026e-02  -1.7850371e-01  -3.0682221e-02  -2.8034004e-01  -2.9707736e-01   2.1022124e-01   2.5164657e-02  -3.0389207e-02  -2.3211381e-01  -8.8557279e-02   1.2959685e-01   3.9146303e-01   1.5359707e-01   4.6387243e-02   1.4550684e-01  -8.1647553e-02  -2.1262987e-02  -2.1515236e-01   2.2352474e-02  -2.4762831e-02   2.7259959e-01  -2.8095845e-01  -1.6863132e-01   1.9356570e-03   2.7824056e-01  -2.5766321e-02   4.1943332e-02   8.5109743e-02   2.5423458e-02   7.6092509e-02   1.7239759e-01  -1.7601142e-01   1.3420704e-02  -4.6363450e-02  -8.0959741e-02
  -1.8578640e-01   1.2500461e-01   6.2726019e-02   1.1194350e-01   5.6744098e-02   1.5695716e-01   3.8154644e-01  -3.9260926e-01  -2.1349919e-02   0.0000000e+00   2.9184643e-01  -7.4815416e-02   2.4264089e-01  -2.6182614e-01  -3.7480564e-01   2.7485626e-01  -1.5044901e-01   3.8039495e-01  -2.7541644e-01   3.5436718e-01   8.7284819e-02  -1.0486569e-01   9.3769744e-03  -1.5693343e-01  -1.7002964e-01  -2.3112727e-01   3.7909346e-01  -2.8172517e-01   2.0544560e-02   2.1092740e-01  -5.0059642e-02  -1.3537945e-01  -8.3461638e-02   4.6699998e-01  -4.9443040e-02   6.8645187e-01  -1.8765896e-01  -1.1553031e-01   2.4294077e-01  -4.9014453e-02   1.0398110e-01  -1.9773082e-01  -4.7687703e-02  -1.9233599e-01   2.0746810e-01  -1.0318427e-01   4.1583759e-01   2.8894669e-01   1.3117549e-01  -1.3666702e-01   3.3813812e-01  -3.8300878e-01   1.6936172e-01  -1.1623254e-01  -2.4957754e-01   1.2883677e-01  -2.1186453e-01  -2.4162344e-01   1.1959159e-01  -2.1492905e-01  -3.8311460e-01   2.0230594e-01   1.4933148e-03   9.2987796e-02   2.2640228e-01   5.8014014e-01  -2.1245289e-02  -1.2512681e-01  -2.6589139e-02   3.0290972e-02   1.6044268e-01   3.5014121e-02   1.9150867e-01  -4.0250915e-01  -2.9767522e-01  -2.2681966e-01  -2.3476072e-01  -2.0528608e-01  -1.4671070e-01  -1.2481946e-01  -3.0198930e-01   2.1422707e-01   2.2432522e-01  -3.2791212e-01  -4.0039157e-01  -3.4412544e-01   8.9797316e-02  -2.9033265e-01  -7.0308362e-02  -3.1216314e-02   6.9844479e-02  -4.7481786e-01   1.1266944e-01  -1.5441762e-01  -1.9733058e-01   2.4691627e-01  -3.0199964e-02  -2.3734444e-01   2.2383084e-01   3.1771550e-01  -1.4952709e-01   5.2208101e-02  -2.0364973e-01  -3.3458374e-02   6.6178584e-02  -1.6953479e-01  -1.9336265e-01  -2.7291331e-01   8.9172968e-02   4.4990600e-01   7.4316411e-02   6.7782423e-02   1.8497807e-02  -1.6210271e-01  -3.1557912e-01   8.3945555e-03  -1.1649919e-01   2.3340428e-01  -1.3230302e-01  -1.6342792e-02  -2.1327081e-01   1.4022775e-01  -2.8350970e-01   3.0072657e-01  -1.4847137e-01  -3.4916805e-01   1.6973463e-01  -1.0712855e-01  -9.1806008e-02  -7.0434629e-02   1.9920908e-01   2.1198420e-01  -1.4435954e-01   2.3468004e-01  -2.2700677e-01  -4.3990981e-01   1.3958658e-02  -2.7940436e-01  -3.6249262e-01  -1.6151622e-01  -1.3867763e-01  -4.9255156e-02   1.7741886e-01  -6.2500612e-02  -1.0368070e-01  -2.3586633e-01  -3.0394048e-02   3.9841152e-01   6.6833190e-01  -1.4752135e-01  -3.3690327e-01  -2.7827426e-01  -2.1873831e-01   3.3568270e-01   2.4857555e-01  -1.3611205e-01  -2.2103231e-01   1.6615487e-01  -4.4931365e-01  -2.5847810e-01   1.4246177e-01  -1.4033817e-02   6.3715110e-01  -4.9613688e-02  -2.6100616e-01  -4.4477903e-02   2.8822615e-01  -1.5368096e-01   6.7645277e-02  -4.1388674e-02  -2.8787895e-02  -6.0261379e-02   1.6129938e-01   9.1102535e-02  -1.1040138e-02  -1.7752676e-01  -1.4520791e-01
   3.1611100e-01  -3.4784863e-01  -4.6706160e-01   2.0276836e-01  -9.8023853e-02  -2.2680262e-01  -7.2170525e-02   1.2663985e-01   3.1953416e-01   2.9184643e-01   0.0000000e+00  -5.4700349e-01   2.3924880e-01   8.7166633e-02  -1.5029956e-01  -3.5754977e-02  -5.6831989e-01   5.7982846e-01   5.9982150e-02  -2.9993603e-02  -3.9155357e-02   4.3770330e-02  -2.1045303e-01   2.5904438e-01   2.0116997e-01   5.0449970e-02  -2.3277830e-01   1.0684967e-01   2.4023914e-01   3.2304907e-01   1.6135132e-01   1.1561426e-01  -3.1118298e-01  -2.3114801e-01   1.8161623e-01   1.4654897e-01  -3.1777379e-01  -1.4132523e-01  -1.4428377e-02  -6.7001641e-01   3.9934478e-01  -6.5214076e-02   1.4481699e-01   4.8635662e-01   3.5093946e-01  -2.0332350e-01   6.0158416e-01  -7.0712307e-02   1.9111327e-01  -5.0257818e-01   4.8441295e-01   1.5236339e-01  -2.8875397e-01  -2.4659382e-01   1.4609474e-01   2.1212506e-01   2.6886138e-01   1.7019833e-01   4.1778944e-01   1.9609948e-01  -5.3913179e-02   3.4126135e-01   5.8469070e-02   5.2693051e-01   3.6061726e-01   7.4715869e-01  -2.7602535e-01   1.1618500e-01   2.1609064e-01  -3.7665671e-01  -4.9708830e-01   4.3694043e-01  -4.1833795e-02  -3.2042508e-01   4.1630640e-03   1.5633919e-01  -1.6024871e-01   5.4076379e-02  -7.1547440e-02   2.0421243e-01   1.5501781e-02  -4.6800400e-02  -3.8068477e-01   1.1572657e-01  -3.8520897e-01   9.7158727e-02  -1.7734922e-01  -1.5250365e-01  -5.5272024e-02   3.1580074e-01   2.0330734e-01  -3.2570959e-01  -3.9919635e-01   2.3876835e-01  -1.2475578e-01   4.4963931e-02   2.5481134e-01   1.3933915e-01   2.2494186e-01  -2.8258582e-01  -4.7410315e-01   4.9935879e-01   7.7614827e-02   2.8577683e-01   2.7684765e-01   9.6797377e-02  -3.4227059e-01   2.6154746e-01  -2.3332851e-01   5.4411673e-02  -4.5710458e-01   4.9750805e-02   1.0486527e-01   2.9418308e-01  -1.1119903e-01  -2.7515833e-02   1.0792530e-01  -4.3943841e-05   2.3339885e-01   1.5833327e-01   1.0550307e-01   2.2600359e-01  -2.4969203e-01   4.4499453e-01   1.0332844e-01  -5.5430029e-02   5.4003221e-01   2.2661819e-02   3.0419377e-01  -5.6956310e-01   2.8826489e-02   4.1780869e-01   8.4260314e-02  -5.5018550e-02   2.4787040e-01   1.7546569e-01   2.3464846e-01  -8.4166874e-02   1.7442438e-01   8.1945351e-02   2.6112387e-01  -9.5686902e-04   5.1657452e-01   1.5773251e-02  -2.4963401e-02   1.3411538e-01  -6.5028177e-01   5.2948563e-01   3.4428533e-01  -4.5809372e-01  -1.9833480e-01   2.4439304e-01   6.3445365e-02   5.3008342e-01  -3.9511423e-01   1.7663023e-01   1.3831989e-01   4.3550117e-01  -8.5984657e-04   5.4080242e-02   1.3510940e-01   3.0546863e-01   3.8749340e-01   9.6487200e-02   1.2663526e-01  -2.3935660e-01   4.5686704e-01   2.8211312e-01   7.1380505e-02  -5.4003462e-01  -1.1054078e-01  -1.0888592e-01   6.0078836e-01   6.5574651e-02   3.1862573e-01  -1.0306928e-01   1.6525666e-01
  -3.3105159e-01   5.5011822e-01   5.7456285e-01  -3.6994725e-01   2.6676572e-01  -5.7259877e-02   3.3294119e-01  -3.5090968e-01   6.3541935e-02  -7.4815416e-02  -5.4700349e-01   0.0000000e+00  -2.5188459e-01  -4.6373677e-01   2.5884443e-01  -1.3743625e-02   5.7080000e-01  -5.8000269e-01  -2.0964588e-01   2.2361786e-01  -2.1183631e-01  -5.0588412e-01  -4.2610670e-02  -3.1353646e-01   1.5706562e-02  -2.0984068e-01   2.3090795e-01  -1.6093074e-01  -1.3795902e-01  -2.9001655e-01  -1.0112187e-01  -3.4269686e-01   1.5658028e-01   6.1390888e-01   2.1745576e-01   1.1675711e-02   8.7804370e-02  -3.2947403e-02  -4.5889994e-02   6.3470278e-01  -2.1562712e-01   1.7942268e-01   3.2411288e-01  -5.1876138e-01   4.6953187e-02   2.2516147e-01  -5.2908023e-01   1.2173149e-01   3.6039114e-02   5.2963527e-01  -5.3120210e-01  -2.8820833e-01   5.8961146e-01   4.3997019e-01  -2.1671930e-01  -1.8931723e-01  -3.5252517e-01  -3.7322236e-01  -4.3872509e-01  -3.1613360e-02   6.6484029e-02  -1.3168692e-01   3.8624513e-01  -3.0431587e-01   1.2726364e-02  -4.0752114e-01  -3.2125506e-02   1.6024994e-01  -4.2745106e-01   2.9855348e-01   6.0667986e-01  -4.4316666e-01   2.1305048e-01   1.9581401e-01  -4.3102789e-02  -4.3727664e-01   3.0753549e-01  -2.1688594e-01   3.5582218e-01  -1.3277414e-01  -2.4447188e-01   1.4747475e-01   5.1301037e-01  -4.1257564e-01   2.0619747e-01  -2.6484166e-01   5.4602674e-01   2.8160773e-02   3.3420505e-01  -3.6845812e-01   1.9953307e-01   2.6980325e-01   6.1659948e-01  -1.0664710e-01   1.4333130e-01   4.3281108e-02  -1.5434561e-01  -2.8153674e-01  -9.8227048e-02   2.4992373e-01   4.5764775e-01  -1.1749248e-02  -5.6316107e-01  -2.6635831e-01  -5.0334430e-01  -3.3996948e-01   2.7852695e-01  -5.1123344e-01   7.1253723e-02  -1.4339524e-02   4.6308554e-01  -3.2944193e-01  -1.7491181e-01  -3.5342561e-01   1.0707979e-02   3.8179316e-01  -2.8173903e-01   1.0882570e-01  -3.0428064e-01  -2.8629691e-01  -1.6578031e-01   1.0299115e-01   4.6628731e-01  -2.7728705e-01  -1.8686310e-01  -8.3920131e-02  -7.5836665e-02   9.7907805e-03  -4.5096181e-01   5.6122925e-01   4.5793029e-02   6.7729226e-02  -3.5780565e-01   1.9149606e-01  -2.2271241e-01  -4.5370065e-01  -1.8401502e-01  -2.2177321e-01  -2.6227116e-01  -2.0441304e-01  -2.4518476e-01  -1.3055879e-01  -5.1322814e-01  -1.1444674e-01   1.0594172e-01  -5.2295864e-01   6.8689070e-01  -4.2509646e-01  -4.3291251e-02   2.5388280e-01   1.1615374e-02  -6.1601778e-01  -8.2440704e-02  -1.8154900e-01   6.2011505e-01  -2.2786477e-01  -1.0077617e-01  -2.7201481e-01   4.7937731e-02  -3.1672556e-01   1.1762714e-01  -5.1040153e-01  -1.8567226e-01  -6.0296840e-01  -3.0901578e-01   5.1677284e-01   1.3467076e-01  -4.2086263e-01  -6.8377108e-02   5.5236812e-01   4.6933726e-01  -3.8783432e-02  -5.6439974e-01  -3.0581505e-01  -3.0305295e-01   1.0764280e-01  -2.8457893e-01
  -1.9011676e-02  -5.4259845e-02  -1.7705898e-02   1.6562916e-01   4.4142839e-02   2.5148097e-02  -6.9422565e-02  -1.3588230e-01  -1.0823793e-01   2.4264089e-01   2.3924880e-01  -2.5188459e-01   0.0000000e+00  -2.2798448e-03  -2.2073924e-01   2.1293380e-01  -7.3055023e-02   3.0283558e-01  -2.1483275e-01   2.9583915e-01  -5.4591102e-02   1.0628163e-01  -2.0176827e-01  -1.1424034e-01   9.2897193e-02  -2.6677300e-01  -3.6773860e-02  -1.3355306e-01   3.3158791e-01   1.6798173e-01   2.1293223e-02   4.6481231e-02  -1.7398443e-01  -8.7405993e-02  -2.4903192e-01   2.5149828e-01  -8.2623159e-02  -1.3724845e-01   1.8529754e-01  -5.6413075e-02   5.6420650e-01  -1.1424979e-01  -1.5459086e-01  -7.1542289e-02   1.2466626e-01  -1.3879141e-01   3.8696931e-01  -5.2678413e-02   1.5802784e-01   4.3088463e-02   3.7448455e-01  -2.2009842e-01  -4.2034664e-02  -2.4198642e-02  -5.9858945e-02   1.9948967e-01  -1.7495208e-02   3.2323623e-02   2.3247086e-01  -1.6421998e-01  -1.0335246e-01   3.7129850e-01  -3.7138732e-02   9.1636255e-02   1.2718567e-01   2.7015122e-01  -1.8897379e-02   1.8454723e-01   2.0038864e-01  -1.1461139e-01  -1.5006503e-01   1.3486716e-01   1.3311149e-01  -2.6773584e-01   8.9564023e-03   1.3416345e-02  -1.6025206e-01  -1.3922069e-01  -3.0917015e-02   4.4072069e-01  -1.9931059e-01   3.1563303e-02  -1.7327531e-01  -1.8999355e-01  -5.4812040e-02  -2.2157691e-01  -1.1861528e-01  -2.0969297e-01  -1.9715236e-02  -7.3520279e-03  -2.7681461e-02  -1.7618385e-01   1.1731634e-01  -1.5359382e-01  -1.3348032e-01   3.2732575e-01   3.0703021e-01  -2.2907895e-01   2.9978966e-01  -1.1181045e-01  -2.5372656e-01  -7.3458127e-02   4.5755449e-02   3.9090929e-02   1.7565450e-01   2.3524264e-02   3.5383310e-02  -4.1272227e-02   1.6078078e-02   1.4370464e-01  -1.4179405e-01   8.7157455e-02   1.9768734e-01  -1.9738165e-02  -2.5181155e-01  -2.1290984e-03  -1.2201450e-02   4.5805549e-01  -1.9715426e-02   1.1226898e-01  -5.4228112e-02   1.0672340e-01  -8.5209582e-02   1.5221299e-01  -1.2734034e-01  -1.8876466e-01   5.2734777e-02   1.4570716e-01   1.3384889e-01  -1.5269989e-01   3.1427480e-01   9.5010746e-02   6.6169118e-02  -8.5632086e-02  -9.8570670e-03  -1.4539340e-01   4.7730563e-01  -1.7758643e-01  -2.2248370e-01  -1.9387634e-01  -9.6440325e-02   3.3040743e-01   3.1088467e-01   4.7573574e-02  -8.2327079e-02   1.3449365e-02  -1.8944356e-01   1.6306800e-01   2.8007829e-01  -1.7622163e-01  -2.1619359e-01  -6.3111363e-02  -1.6681175e-01  -1.2307642e-02  -8.0529060e-02  -6.1074933e-02  -2.1108067e-01   4.4016689e-01   2.8460698e-02  -1.7865034e-01   2.0925374e-01   7.4826572e-02   5.1007563e-02   1.8325521e-01   1.0273979e-02  -1.8784364e-01   2.5204307e-02   1.3115942e-01  -8.7232406e-02  -1.8203800e-01  -7.4485954e-02  -2.0072820e-01   2.7432966e-01   6.6243872e-02   1.8061498e-01  -1.6270427e-02   1.2146625e-01
   5.5967512e-01  -4.4863293e-01  -3.3698294e-01   3.9340799e-01  -4.2737561e-01   2.1537185e-01  -2.0672571e-01   3.8891358e-01  -1.2206141e-01  -2.6182614e-01   8.7166633e-02  -4.6373677e-01  -2.2798448e-03   0.0000000e+00   5.9059763e-02  -2.3736146e-01  -2.8304462e-01   2.8316800e-01   4.8167926e-01  -3.7551156e-01   2.5400109e-01   6.4170951e-01   2.1708222e-01   6.0538873e-01   1.5200502e-02   3.2570537e-01  -2.4281316e-01   4.4695145e-01   2.4092293e-02   1.8162804e-01  -9.2987624e-03   5.9258198e-01  -2.5132767e-01  -5.5243341e-01   1.9583889e-03  -3.7842573e-01  -3.5900009e-02   3.8410340e-02  -3.8360796e-01  -4.0517837e-01  -8.2184987e-02  -1.0039877e-01  -8.4840027e-02   4.8949196e-01  -1.3919148e-01  -4.4243192e-02   1.5312528e-01  -1.4452378e-01  -2.5766029e-01  -4.1972391e-01   1.9975054e-01   3.3889011e-01  -5.3627732e-01  -2.3695183e-01   5.4898541e-01   2.4460030e-01   4.6496407e-01   7.0361317e-01   1.3182068e-01   4.8274452e-01   1.8300693e-01  -5.4436810e-03  -4.0487102e-01  -1.0548666e-01  -3.7384502e-01   5.5401321e-02   2.8761054e-01  -4.0436132e-02   4.1678624e-01   1.9411462e-02  -5.9841783e-01   4.5508191e-01  -2.0450434e-01   2.5744431e-01   1.5244653e-02   6.0397255e-01  -1.8608071e-02   3.6618425e-01  -4.1414459e-01  -6.1825993e-02   6.1331804e-01  -3.6706915e-01  -4.3364526e-01   5.5612536e-01   1.6594591e-01   5.2139494e-01  -5.5993839e-01   4.3921364e-01  -3.2607411e-01   5.0508599e-01  -3.4822632e-01   7.1083894e-02  -4.8654850e-01   3.8800314e-01  -2.0404326e-01  -3.2227693e-01   2.4912668e-01   3.5914200e-01  -2.1645263e-01  -3.0242066e-01  -1.6744393e-01  -5.3372009e-02   6.4739912e-01   4.4039309e-01   4.9596947e-01   6.3918552e-01  -1.8255043e-01   5.9415170e-01  -2.6749163e-01  -9.5235176e-02  -3.3564904e-01   5.2844213e-01   2.8381027e-01   4.8011320e-01   2.9733406e-01  -5.3496454e-01   2.0291688e-01  -3.1695068e-01   4.3694351e-01   4.1883338e-01   1.7851147e-01  -3.3728465e-01  -3.3868569e-01  -1.0387699e-01   2.6502531e-01   6.3275226e-01  -5.1387095e-02  -2.2194312e-02   6.5941689e-01  -2.5193746e-01  -2.1387751e-01  -3.8284970e-01   6.3410480e-01  -3.4304590e-01   6.1852556e-01   6.0736132e-01  -9.2215012e-02   4.1723121e-01   5.1757378e-01   3.2428387e-01   5.1830537e-01  -1.1417919e-01   1.7848167e-01   4.0671377e-01   6.1557985e-02   5.2339847e-01  -4.0761218e-01   1.3215411e-01  -9.9020567e-02  -3.2760473e-01   4.7007173e-01   7.1294012e-01   2.1231149e-01  -1.7569731e-01  -4.6331819e-01   3.8064580e-01   1.1163050e-01  -7.7764003e-02   1.2361968e-01   6.3843856e-01  -1.4153286e-01   3.1709271e-01  -7.2432824e-02   5.4196744e-01   6.1394128e-01  -4.5385008e-01  -3.1250713e-01   3.7429222e-01   6.6620577e-02  -5.2999237e-01  -3.5400939e-01  -8.1593361e-02   2.8007385e-01   4.3281743e-01   2.9004944e-01   2.2221879e-02   5.8294815e-01
