   0.0000000e+00   5.8553156e-03  -2.1018589e-02   1.6180440e-01   3.7910225e-02   1.1369468e-01  -4.9368621e-01  -1.8121824e-01  -1.7961927e-03  -7.8284088e-03   6.3509509e-03  -2.6342901e-01  -3.5906065e-02   4.8021615e-01  -2.8168769e-01  -4.7673647e-02   2.2048432e-02  -2.3565250e-01  -3.3981014e-02   2.7982197e-02   4.2261938e-02   2.9936016e-01   3.4949518e-02   5.1942734e-01  -3.6375483e-01  -2.8470405e-02  -5.9721879e-02  -2.1176059e-01  -1.8948565e-01   3.2854003e-02  -1.3820969e-01   2.5144907e-01  -2.1035551e-01  -1.9064071e-01  -2.1417302e-01   1.2762067e-01  -1.8432959e-01   3.3446786e-01   2.0797844e-01  -2.8036114e-01  -2.9815384e-02  -1.8222132e-01  -3.1561330e-01  -2.9374051e-01  -1.7560419e-01   2.2813812e-01   8.8943933e-02  -4.1515996e-01  -3.0892997e-02  -2.5102964e-01   1.6831379e-02  -1.2333592e-01  -2.8253399e-01   1.0369788e-01  -1.2656952e-01  -6.8308956e-02   1.5293452e-01   3.2233051e-01   1.1331822e-02  -5.1873267e-02   3.5522875e-01   3.9896997e-02  -2.7761223e-01  -2.9071779e-01  -2.1987234e-01  -5.1957952e-02  -6.5484400e-02  -2.9836158e-01  -4.4622293e-02  -1.2443366e-01  -1.7685281e-01   1.1196923e-01  -1.3221682e-01   2.3771065e-01  -6.6485052e-02   3.2669957e-01   3.6437851e-01   9.2506228e-03  -2.4435965e-01   7.1791969e-02  -2.9965463e-01  -3.4047816e-01  -3.4007255e-01   2.2818879e-02   3.9280328e-01   6.7853020e-02  -8.6595396e-02   1.9262734e-01  -3.4780476e-03   3.7879785e-01   4.7243846e-02   2.9241547e-01  -1.3388526e-01   6.8037140e-02   5.7600189e-01  -2.3021320e-02   1.9122430e-01  -1.3403164e-02  -1.9889386e-01  -2.0838588e-01   7.9832531e-02  -3.3011049e-01   1.9830134e-02  -5.2648500e-02   2.6279945e-01   2.8096425e-01   1.0919588e-01   1.4252285e-01  -1.3550183e-01   2.8274636e-02  -1.4824791e-01   2.6299831e-01   3.8583557e-02   5.2966461e-01  -1.6586731e-01  -3.0025213e-02  -7.3321239e-02  -2.0118663e-01   9.4305889e-02   3.5135865e-01   1.5406120e-01   1.6994590e-02   7.4140865e-02  -2.0898602e-02   2.7242556e-01   3.3431476e-01  -1.4201301e-01  -6.2667519e-02   4.1648934e-01  -1.7662760e-01  -4.4261518e-01  -1.3647302e-01   1.8988545e-01  -8.8425748e-02   5.7018226e-02  -9.1531212e-02   1.1984157e-01  -2.5424980e-01  -1.5956151e-01   4.7173057e-01   3.9978095e-01   1.2303362e-01  -1.5187021e-01   2.0207087e-01  -2.7522490e-01   1.2371478e-01  -2.8910370e-01  -1.9041752e-02   2.3060983e-02  -9.9706060e-02  -6.3880148e-02  -2.1573199e-01   3.1127754e-01  -2.0261416e-01  -1.4966785e-01   4.5737037e-01   3.3091457e-01   5.5541046e-02   9.3801325e-02  -1.5632635e-01   1.0035823e-01  -1.9548689e-01  -1.1092573e-01   4.0902771e-01   3.2822236e-01  -1.5957371e-01  -2.0016377e-01   8.2108899e-02   1.4313305e-01  -1.4898352e-01  -7.3011982e-02   4.7149367e-01  -1.3198049e-01   2.0832476e-01  -1.7660389e-01  -1.5650580e-01   3.3285508e-01
   5.8553156e-03   0.0000000e+00   1.5341772e-01   2.0902257e-01  -2.8263267e-01   3.9601404e-01  -3.9237858e-02  -3.2477497e-01  -2.8679956e-02  -1.7198041e-01  -4.5845165e-02   3.8169569e-01  -1.8790258e-01  -1.0907850e-01   9.8214156e-02   1.7356430e-01   1.2908854e-01   4.2088176e-02   1.2341055e-02  -2.6698923e-01   2.1749742e-01   2.3150023e-01   4.9951711e-02  -8.5900689e-02  -8.0393758e-02  -2.6976141e-01   8.5864724e-02  -1.0525627e-01   5.0758738e-02   4.1351585e-01   3.9394462e-01   1.0514245e-01   2.0612874e-01  -9.9997216e-02  -8.2258167e-02  -1.0287430e-01   5.7232523e-02  -2.8037814e-01   3.3919720e-01  -1.5450717e-01  -5.5126206e-02   2.2740348e-02  -9.4542649e-02   2.5599108e-01  -1.5544998e-01  -1.9173694e-01   2.6377280e-01   2.0619350e-01   2.8820466e-01  -2.5416791e-01   7.0611385e-02  -4.9494592e-01   6.5518480e-02   8.1642166e-02   4.2854954e-01   3.6639478e-01   1.2855246e-01  -1.5960587e-01   7.1928168e-02  -1.4495676e-02  -6.0159386e-02   3.0741691e-03   6.8050643e-02   6.6529582e-02   7.2775347e-02   1.3684591e-02   3.0792031e-01  -1.7407627e-01   2.6634593e-01   2.6060557e-01   2.7318998e-01   8.4377896e-02   1.6191758e-01   5.2767200e-01   2.9043034e-02   2.4813080e-01  -9.9032089e-02  -3.7183613e-02  -3.3096830e-02   1.3087459e-01  -1.3104257e-01   1.1754651e-01   2.7478258e-01  -4.2210383e-01   5.0323640e-02   3.1376364e-01   1.8031727e-01   1.3159579e-01   5.3040832e-02   6.4772235e-02  -2.3765764e-01  -5.9805566e-02  -7.0355231e-02  -4.2895134e-02  -1.4903277e-01  -4.6788463e-01   6.3344273e-02   3.0733042e-04  -2.3463811e-01  -2.1714518e-01   4.0988167e-01  -1.1289087e-01   5.4155767e-01   2.9361202e-01   1.2707301e-01   2.1978838e-01   1.5111698e-01   1.0040524e-01  -1.5915180e-01   5.2276584e-01  -6.0393766e-02   2.6483067e-01   2.4967809e-01  -3.5666006e-01   1.5922990e-01   2.0725713e-02   1.2511210e-01   5.2850183e-02   3.2081692e-01   2.4654330e-01  -3.5267345e-01  -2.3849509e-01  -5.0354659e-02   1.8499635e-01  -3.8928968e-01   3.8254597e-01   1.5185077e-02  -2.4727892e-02  -1.2004319e-01   2.4764010e-01  -3.2554371e-02  -5.1777126e-02   6.5424476e-01   4.6393341e-01  -2.1489004e-01  -4.3520130e-02  -8.1440773e-02  -1.3333167e-01   4.6483885e-03  -2.5354042e-01  -3.2872930e-01  -8.2994750e-02  -2.2510232e-01   5.2943889e-01   2.1818362e-01   4.7745894e-01  -2.4233841e-01  -1.6409507e-01   1.4302821e-01  -3.7725435e-02   9.1770324e-02   1.5063807e-01   1.4383222e-01  -3.5085831e-02   5.2786163e-02  -3.6013351e-01  -4.5594132e-01   1.1062962e-02  -2.7671510e-01   7.5040031e-02   9.5274244e-03  -2.2168876e-01   2.0047572e-01   1.6562552e-01   4.5549693e-02  -2.7596367e-01  -2.3407966e-01   1.0118206e-01  -1.4556834e-01   1.3377126e-01  -1.9104983e-01  -2.7166690e-01  -8.5958373e-02   3.7555388e-01  -3.2775046e-02  -3.8621563e-02   1.6092237e-02
  -2.1018589e-02   1.5341772e-01   0.0000000e+00  -1.7924080e-01  -1.2496506e-02   6.1891443e-02   2.3933117e-02   1.7003589e-01   1.3482992e-01  -2.8564225e-01  -3.4731717e-01   1.0070238e-01  -1.2285214e-01   7.1627132e-02  -1.6287627e-02   2.1717952e-01   8.7552935e-01  -3.4169369e-01   2.7648970e-01   1.3571003e-01  -1.9372448e-01  -3.9146168e-01  -1.1940045e-01  -2.2094741e-02   1.4207713e-01   1.3554504e-02   5.5989843e-02  -7.2816757e-02   3.6268953e-01  -8.8766573e-02  -2.0988193e-01  -2.5788603e-01   1.4347149e-01   1.2838394e-01   3.8034982e-01  -2.3154817e-01  -3.6822777e-01   6.1140677e-02  -2.8905128e-03   4.2223689e-01  -1.1338721e-01   4.2243456e-01   1.5168290e-02   9.7327613e-02  -3.2105956e-01   1.5944279e-01  -8.8688376e-02   5.5350373e-02  -4.0583705e-01   4.9061924e-01  -3.7365206e-01   1.1978285e-01  -5.5327519e-02   5.1223568e-01  -1.0490822e-01   3.6615987e-02   2.2280722e-01  -3.8254036e-01  -9.1636458e-02  -2.1191765e-01   5.8253699e-01  -5.4813450e-02   2.3691185e-01  -1.4993998e-01  -2.8895891e-01  -1.2176020e-01   1.5654398e-01   1.2749949e-01  -8.0863395e-02   6.3871032e-01   4.2302821e-01  -3.5530570e-01  -6.6603961e-02   4.6493185e-01   2.7413636e-01  -1.8714896e-01   3.2548634e-01   6.6867677e-03  -2.4042613e-01   2.4325631e-01  -7.2138997e-02  -7.3739128e-02   2.8808765e-01   9.5533948e-02   4.1375837e-01  -2.8695245e-01   1.7827986e-01   2.8629496e-01   3.8452283e-01   3.0341509e-03   5.8039027e-02   4.6561737e-01   4.0260179e-01  -5.5228050e-02  -3.9391270e-02  -5.6080936e-02  -7.7922673e-02   4.8625110e-02  -4.0994717e-02  -1.0437018e-01   2.4837803e-01   2.8670839e-01  -2.4470889e-01  -4.2734176e-01  -3.1738346e-01  -2.1713878e-01   5.9090662e-01  -1.0229058e-01  -1.7473118e-01   2.8950654e-04   3.7969732e-01  -4.7135094e-01  -1.6910934e-01  -1.8934100e-01   3.9942143e-01  -2.6669524e-01  -9.0589513e-02  -5.3187617e-02   2.9680473e-01  -1.1757215e-01  -1.6201338e-01   1.6046209e-01   1.4994028e-01  -1.4753706e-01  -1.4762813e-01   1.7042890e-01  -2.0373776e-01   3.0312415e-01  -1.0958728e-01   6.0921257e-01  -2.7021816e-02  -2.9322307e-01   7.9402479e-02  -3.2245927e-01   1.4235916e-01   2.7104329e-02   2.4304895e-01   1.5974573e-01   1.5199383e-01  -1.5850030e-03  -6.1433168e-02   9.6638336e-02  -7.3381999e-02   2.6896955e-01  -5.8701360e-02  -4.6618157e-01   4.3582056e-01  -1.6721970e-01  -3.2375138e-01  -1.4171471e-01   5.6265652e-01  -8.3808814e-02   4.9327087e-01  -2.1020005e-01   7.7535055e-01   1.6906353e-02  -6.7625478e-02  -1.3248706e-01   3.5661686e-01  -1.2421989e-01   3.6395350e-02   2.7429440e-02   9.6299838e-02  -9.6396033e-02  -2.5665503e-01  -1.0621271e-01  -3.2446314e-02   4.3291314e-02   3.0762712e-01   2.0161374e-01   4.0459480e-02  -1.3669949e-01  -3.5699561e-01   3.8055203e-01   1.1984781e-01   4.3665353e-01  -2.4141388e-01
   1.6180440e-01   2.0902257e-01  -1.7924080e-01   0.0000000e+00   7.4640986e-02   1.9488657e-01  -3.4817119e-01  -2.8131110e-01   1.6097628e-01   1.7504243e-01   1.8069125e-01  -2.0857897e-02  -3.5514284e-01   1.6499921e-01  -1.2488034e-01   3.7858622e-01  -2.4220629e-01   3.5641005e-01   2.3638199e-01   1.2466029e-01   2.0243273e-01   5.7445391e-01   1.8047508e-01   1.8784149e-01  -9.3189799e-02   1.7758390e-02   1.2338769e-01  -2.9239472e-01   1.0579249e-03   1.9645585e-01  -1.0402945e-01   5.1901178e-01  -6.6523662e-02  -1.4040259e-01  -1.9657215e-01   3.8929427e-01   3.7626740e-01  -1.4040559e-01   4.8365692e-01  -2.6349665e-01   3.2036902e-02  -1.1336005e-02  -1.5660977e-02  -2.1542378e-01   2.2333669e-01  -2.9382335e-01   4.9822193e-01  -4.1692313e-01   4.2282357e-01  -3.9108401e-01   5.1867986e-01   1.2781443e-02  -3.7519147e-01   1.3541092e-01  -2.8887434e-03   5.9228845e-02   3.0712881e-01   4.8335285e-01   5.8201377e-01   8.9192864e-02   6.2667235e-02   1.6341802e-01   1.2105955e-01  -3.8482461e-01   2.2056287e-01   2.5417298e-01   2.0303995e-01   1.4513167e-01   2.7604932e-01  -3.3073229e-01  -1.4438898e-01   3.9777422e-01   1.8937602e-01  -9.1220058e-02  -1.1212694e-02   4.3689283e-01  -1.0613392e-01  -2.1834927e-02   2.6959250e-01   4.9070259e-01  -2.7261916e-01  -9.0528587e-02  -1.9248614e-01  -1.6969500e-01  -2.0577650e-01   2.4806229e-01  -1.1762222e-01   1.5554869e-01   1.0589223e-02  -1.9915891e-01   2.5363623e-02   1.3134954e-01  -1.8851404e-01   1.1389401e-01  -1.2203320e-01  -1.8897890e-01   4.5139789e-01   9.1783449e-02   6.4716695e-02   1.2183911e-01  -1.9878905e-01  -3.0656193e-01   2.0226864e-01   6.0657265e-02   6.3351689e-01   6.7769579e-01   9.3382452e-02   2.7706697e-01   1.4509136e-01   2.3779111e-01  -1.4224550e-01   5.2501633e-01   5.2054088e-01  -7.4016149e-02  -1.7823320e-01   2.5499479e-01   1.2089692e-01  -8.0830595e-02  -2.1293629e-01   7.0483939e-01  -1.4046468e-01   7.4197503e-02   2.8687206e-01   4.4812471e-01  -2.6555031e-01   3.7136732e-03   2.9186781e-01   1.4570591e-01   6.1539625e-01  -5.0703513e-01  -1.2766295e-01   1.1357423e-01   9.0003839e-02   1.3849243e-02   1.7793074e-01  -1.3756808e-01   3.2896634e-01  -5.5827437e-01  -2.8428348e-01   2.4790106e-02   9.7189911e-02  -2.1564093e-01  -1.2581286e-01  -9.9593468e-03   2.7660002e-02   5.7433639e-01  -4.5785290e-01  -6.6356151e-02   2.2797118e-01   4.4330547e-02  -2.8129243e-01  -2.8702803e-01   1.9762334e-01  -4.8440697e-02  -3.4590476e-01   4.1105015e-02  -1.3272635e-02   4.7168124e-01  -2.5236392e-01  -1.1866113e-01   1.7190065e-01  -3.5680988e-01  -2.7412946e-02   6.2133338e-01   5.6913323e-01   4.7880873e-02   8.2567722e-02   3.8046815e-02  -5.4777725e-02   2.2050198e-02   8.5538672e-02   6.4665195e-02   4.2091782e-01   7.5006179e-02   2.3909607e-02   2.1139212e-02   6.3032087e-01
   3.7910225e-02  -2.8263267e-01  -1.2496506e-02   7.4640986e-02   0.0000000e+00  -4.6772528e-02  -3.4007574e-01  -1.0657795e-01   9.8457112e-02   1.3039497e-01   6.6234525e-02  -7.1308653e-02   2.8809519e-02  -1.0298454e-01  -3.1543587e-01   1.6493993e-01   7.2897636e-02   1.1497944e-01   2.4208641e-01   8.5619273e-01  -1.4014341e-01   1.0743912e-01  -2.2952504e-01  -3.7322619e-02   3.8100868e-02  -1.7453091e-01   4.0375291e-01  -3.7115494e-01   1.3632165e-01  -1.1044368e-01  -3.1188283e-01  -6.0661363e-02  -2.3763402e-01  -2.4803314e-01   5.9219809e-02   5.4598530e-01   2.8736561e-02   1.5322651e-01   1.8285257e-01   1.8486112e-01   2.6506138e-01  -8.1998243e-02   5.7296901e-02  -3.5082182e-01  -9.9911553e-03   6.0180023e-02   2.3875152e-01  -2.8745781e-01  -1.0046864e-02   2.2908719e-01   9.2409995e-02   1.1345420e-01  -2.7808357e-01   1.5410658e-01  -3.9289054e-01  -3.0474836e-01   7.4431514e-02   7.6433579e-02   1.0388602e-01   2.4478502e-01   1.2648944e-01   1.0444701e-01   2.3775681e-02  -2.3588691e-01  -7.7623892e-02   1.6497944e-01  -3.9119273e-02   2.4239148e-01  -5.4208896e-02  -2.8652327e-01  -4.6550053e-02   2.2237185e-01   9.4480027e-02  -2.9960818e-01  -1.2947191e-01  -9.7400436e-02   1.0023386e-01  -2.5626448e-01   4.8221914e-01   3.3444797e-01  -4.5745260e-01   7.5382154e-03  -1.6495144e-01  -2.7536852e-02  -9.8652610e-02  -1.9635332e-01  -8.9598528e-02  -1.1203083e-01   3.2525597e-01  -2.1411476e-01   8.2089928e-01   1.1613698e-01   2.2789969e-01   2.2623108e-01   1.6964066e-01   7.4138676e-01   3.3043193e-01  -3.6142531e-02   4.7178977e-01  -1.6067907e-01  -3.8064963e-01  -1.3582755e-01  -2.9664171e-01  -2.5299589e-01   1.3618303e-01  -1.8626916e-01  -5.1997563e-02   7.0992770e-03  -1.6104706e-01   2.2297812e-02  -5.2609356e-03  -5.0451787e-03   1.0455807e-01   2.3659538e-01  -3.9504722e-01   1.5103515e-01  -1.5980076e-01   7.4317746e-03  -2.6545415e-01   2.9139198e-02  -5.2705353e-02   7.9242033e-01   3.3329519e-01   1.4022409e-01   9.8504536e-02  -1.5208022e-01   2.8482467e-01   6.6631316e-02   1.8790947e-01  -2.0005640e-01   1.3365933e-01  -1.6101852e-01  -4.0912835e-01  -2.4129925e-01   2.5848346e-01  -2.2346041e-01   3.3755912e-01  -3.9895367e-01  -2.5400555e-01   2.8972336e-01   1.0678257e-01   9.7274225e-02   7.6633974e-02  -2.5724638e-01  -2.5872926e-01  -1.2510624e-01  -7.1860075e-02   2.3708340e-01   2.8179984e-01  -1.7130307e-01  -4.1493331e-01  -3.8508917e-01   1.5422644e-02   3.7677157e-02   1.4528150e-01   3.0237406e-01   1.5284263e-02   1.7627089e-01   3.5764702e-02  -4.0028801e-01   2.3109907e-01  -2.2942757e-02  -2.3208850e-02   1.4852657e-01   1.0647250e-01   1.8914099e-01   2.9743626e-01  -4.9705602e-02  -2.1125714e-01   3.1097036e-01   4.5578120e-01   7.4012991e-02   3.4604613e-01  -1.4299618e-02  -6.0390553e-02   4.0240407e-02   2.8631324e-02
   1.1369468e-01   3.9601404e-01   6.1891443e-02   1.9488657e-01  -4.6772528e-02   0.0000000e+00   1.1542938e-01  -5.9695743e-02  -3.0501882e-01   2.8740775e-01   2.4942962e-01   6.0037709e-01   1.0278531e-01  -2.9703417e-01   5.0831169e-02   3.6241865e-01  -7.9478946e-02   1.9521099e-01   2.8381653e-01  -7.1521835e-03  -2.5374045e-01   3.0385976e-01   1.4513996e-02   1.3838729e-01   1.3105926e-01   5.2594087e-02   3.8872726e-01   2.0140204e-01  -2.5533197e-02   5.0367180e-02  -2.0159845e-01   1.3314403e-01  -1.1019927e-04  -4.4357128e-01  -1.5826097e-01   6.4549688e-02   1.1351821e-01  -1.8989010e-01   2.9983994e-01  -5.0759888e-02   1.1247409e-01  -1.5237342e-04  -2.4263910e-01   2.3647477e-01  -2.6037199e-01  -1.6708704e-01   4.4803473e-01  -3.2143028e-01   6.5270896e-02  -2.0892274e-01   3.5655534e-01  -9.3604814e-02  -5.3917531e-01  -3.6776779e-02  -7.8453864e-02   6.7352893e-01   3.9561891e-01  -7.6126143e-03   4.4154530e-02   7.7082678e-02  -1.2226761e-01   1.7051989e-01  -1.8271998e-01  -3.3516234e-01  -3.6159203e-01   3.6183473e-01   6.9059416e-01   9.4475324e-02   5.5162311e-01   3.9467334e-01  -2.1712636e-01   9.9063801e-02  -1.5172240e-02   3.1652616e-01  -1.7666757e-01  -3.4770264e-02  -1.9800686e-01   1.9515925e-01   3.8476616e-02   2.4254765e-01   9.0721298e-02   1.0134736e-01  -2.3985357e-01   7.8263424e-02  -1.6976135e-01   5.0654385e-02  -2.4024017e-01   2.2181859e-01  -1.9014137e-01   1.5550261e-01  -7.8228635e-02  -1.6670183e-01   1.3914598e-01  -1.2383336e-01  -8.5342689e-02  -1.3635644e-01   1.9906790e-01   2.4367455e-01  -3.5617779e-04  -3.2507156e-01   6.6680478e-02  -1.5812063e-02   2.8985724e-01   6.3372722e-02   2.5506143e-01  -6.9575330e-02  -6.8428190e-02   5.1680554e-01  -2.7650515e-01   5.3002719e-01  -1.5485533e-01   3.9948498e-01  -1.4605834e-02  -9.5521875e-02   1.8185860e-01  -3.6063785e-01   5.3837421e-01  -1.3597495e-02   4.8092371e-01   1.5349672e-01  -3.2051249e-01   6.2956000e-02  -2.5050086e-02  -3.8109178e-02  -3.4094497e-01   4.3994618e-01   4.8802156e-02  -2.6943750e-01  -7.7873871e-02   1.7121785e-01   1.4435937e-02  -5.6358328e-01   2.2924524e-01  -4.4791731e-02  -1.3854957e-01  -1.7273298e-01   1.8106730e-01  -2.7992516e-01  -8.6556108e-02   5.8098306e-03  -7.0149586e-02   5.9261048e-02   2.3559687e-01   7.6987566e-01   1.1780479e-01   1.6157966e-01  -4.2625247e-01   1.7397108e-01   5.2627352e-01  -3.7015810e-01   2.7939689e-02  -8.7191827e-02   3.0988869e-02  -3.7920911e-01   9.1612482e-02  -1.9710932e-01  -1.0921249e-01   2.4668365e-01  -2.9712480e-01   1.5440871e-01  -2.0322413e-01  -8.7979934e-02   6.4692221e-02   1.6326739e-01   1.2582293e-01  -4.5695370e-01   1.2568954e-02   3.2177380e-01  -6.4355818e-02  -2.0222254e-01  -1.7024489e-02  -2.3488517e-01   1.0505937e-01   7.9404897e-01   2.1170884e-01  -9.2590310e-02   4.2766612e-02
  -4.9368621e-01  -3.9237858e-02   2.3933117e-02  -3.4817119e-01  -3.4007574e-01   1.1542938e-01   0.0000000e+00   1.2865979e-01  -1.9687005e-01   3.0511354e-01   1.7091697e-02   5.7789583e-01   1.6833536e-01  -3.1112321e-01   5.4614761e-01   1.4487946e-02  -1.5321356e-01   1.5132330e-01  -5.3417191e-02  -2.9325817e-01  -1.8954277e-01  -2.9678608e-01   3.2100672e-01  -3.5728554e-01   1.1717528e-01  -4.7623372e-02   3.2970396e-02   4.1477899e-01  -5.6037494e-02   5.8863460e-02   6.7628692e-02  -3.8231652e-01   1.0483862e-01   2.2730445e-01   1.0611477e-01  -2.0175829e-01   1.3787301e-01  -2.9550980e-01  -3.2816939e-01   1.3287977e-02  -1.5131565e-01   1.1094163e-01   2.3171227e-01   2.8934441e-01   1.9892046e-01  -1.7722956e-01  -1.7830307e-01   3.9553538e-01  -1.8387944e-01   1.7347609e-02   1.0665237e-01  -2.7478581e-02   1.2943031e-01  -2.7349531e-01   1.9960439e-02   3.1835775e-01  -1.5640618e-01  -4.8786164e-01  -2.1269445e-01   6.9041937e-02  -4.1912370e-01   7.8551038e-02   9.4378728e-02   1.0453958e-01  -6.0331648e-02   2.6077807e-01   8.1132371e-02   2.7430273e-03  -4.1059420e-02   4.2317044e-01  -1.4853122e-01  -1.1619359e-01  -6.9626066e-02   7.9119426e-03  -3.9604479e-02  -3.1665759e-01  -4.1528189e-01  -1.5864552e-02   1.2842933e-01  -3.5592862e-01   5.9439833e-01   2.3140238e-01  -3.9663795e-02   1.4431677e-01  -2.7464675e-01   3.6486632e-02  -1.4823459e-01  -1.0482478e-01  -3.5041170e-01  -2.4170361e-02  -3.6210977e-01  -3.3217731e-01   2.7031309e-01  -9.0961337e-02  -4.6865969e-01  -1.4919775e-01  -3.5490004e-01   5.9522506e-02   3.2886792e-02   2.8269766e-01  -3.5897313e-02   4.9378998e-01   9.0863571e-02   1.8616900e-01  -2.8880572e-01  -2.8665973e-01  -2.4616314e-01  -8.1854029e-02   8.9557603e-02   8.5314244e-02   1.0711293e-01  -2.8216429e-01  -1.9831323e-01  -3.7149080e-01   4.2080647e-01  -1.4750491e-01   1.3512099e-01   1.9707361e-01   1.6723837e-01  -3.8406672e-01  -6.0575693e-02  -1.4744180e-01  -3.6510810e-01  -1.8021242e-01  -2.0987532e-01  -2.2434005e-01   2.2945861e-01  -2.0564387e-01  -4.6050925e-01   3.0836845e-01   2.5602566e-01  -5.2855334e-02  -5.4567457e-02   6.1192338e-02  -2.1086126e-01   1.2526868e-01  -3.7950219e-01   2.9869931e-01   2.1024932e-01  -4.5645759e-01  -3.0819544e-01  -4.0111430e-02   2.0162277e-01   1.5921531e-01   5.3785188e-01  -9.3228275e-02   3.0644532e-01   6.4320292e-02   1.3688194e-01   5.5101357e-02   2.7685211e-01   2.9645847e-01  -3.3197660e-01  -1.7480309e-01   7.4464358e-02  -3.3778042e-01  -2.0425402e-01  -1.6571750e-01  -1.3622956e-01   3.3421766e-01  -1.7025856e-01   7.2562903e-02   1.1901183e-01  -3.5505361e-01  -4.3978505e-01   4.0563834e-03   2.8051942e-01   2.4599563e-02  -1.1463932e-01  -3.5037096e-01   3.2107760e-02  -4.0436784e-01  -1.0833696e-01   3.9620652e-03   9.5629447e-02   1.6913513e-02  -2.5121754e-01
  -1.8121824e-01  -3.2477497e-01   1.7003589e-01  -2.8131110e-01  -1.0657795e-01  -5.9695743e-02   1.2865979e-01   0.0000000e+00  -9.5009894e-02  -5.0269644e-02   3.6091282e-02  -1.0842128e-02   1.5805057e-01  -2.2740601e-02  -1.3602034e-01  -1.2847847e-01   1.9049637e-01  -9.6111496e-02  -1.0515383e-01  -1.7949203e-01  -4.0876750e-01  -2.1186548e-01  -4.2900330e-01   1.1994464e-01   2.9988458e-01   5.3968997e-01   5.8147019e-02   4.5724348e-01  -5.4795479e-03  -2.5603371e-01  -2.0037690e-01  -2.8110239e-02   2.1572297e-01  -1.6093649e-01  -4.6173152e-02  -2.7750726e-01  -9.5294367e-02   3.0153229e-01  -4.0157758e-01   1.9984429e-01   3.8114597e-02   2.8131269e-01  -1.5657188e-02   3.4042448e-01  -2.7460395e-01   3.1661538e-01  -1.1743979e-01   6.4743661e-02  -2.0160878e-01   4.0718542e-01  -3.0371022e-01   6.8545753e-01  -2.8797010e-02  -1.4026219e-01  -1.2561194e-01   7.0078158e-02  -5.0931386e-02  -7.2231297e-02   8.7824996e-02  -1.4579745e-01  -4.4189146e-02  -2.6359511e-02  -9.6583624e-02   2.1548052e-01  -2.2995495e-01  -2.5927349e-01   1.1777516e-01   7.2575217e-02   2.4962672e-01   2.6776530e-01   1.3602578e-02  -3.5745210e-01  -1.4404263e-01   7.7559573e-02   1.6915970e-01  -1.1132536e-01  -3.7343684e-02   3.5616134e-01  -2.2151516e-01  -2.6729570e-01   3.8169212e-01   2.2013240e-02   1.2411037e-02   5.4625745e-01   1.3650739e-01  -9.4070543e-02  -1.0426965e-01  -1.3996972e-01  -1.9638329e-01   1.9889609e-01  -5.0591079e-02  -5.8632288e-02   1.9686954e-02  -2.1320112e-01  -4.7422832e-02   7.7310890e-02  -3.7403282e-01   4.6354055e-01   1.2701983e-01  -1.4608526e-01  -3.1190563e-02   8.9205989e-02   7.8165918e-04  -3.8880074e-02  -2.6180069e-01  -1.8428097e-01  -4.3013478e-02   2.8822318e-01  -1.2710282e-01  -1.6221639e-01  -1.0830125e-01  -1.4825320e-01  -5.0234964e-01   1.3658578e-01  -8.8559778e-02  -1.5377193e-01   3.5371779e-01   4.2987910e-02   3.0581751e-01  -4.5258516e-01   2.9166339e-01  -1.5656145e-01  -4.2973102e-01  -2.9970346e-01   2.9378629e-01  -1.3394015e-01  -1.7809855e-01   6.5792639e-02  -2.2300733e-01   3.1866798e-01   9.1369027e-03  -1.9966799e-01  -2.1951504e-01  -3.2794785e-01  -2.0715104e-01   5.5249158e-01  -1.6831785e-01   2.2520480e-01   5.8715474e-01   9.3545924e-02   1.8254633e-01  -7.8822809e-02   5.1084688e-01  -3.9794455e-02  -2.5796127e-01  -4.3308271e-01   2.3324828e-01   4.7553781e-02  -2.0153357e-01  -1.9951264e-01   9.8045206e-02   3.2803745e-01  -4.5929914e-02  -6.9982245e-02   9.0528813e-02   1.1001407e-01   1.8954463e-01   3.7118066e-02   4.0959229e-01   3.7464003e-01  -3.7969798e-01   5.2681267e-01  -2.8377634e-01  -3.8937459e-01  -5.1639890e-02  -5.3378567e-02  -1.1961973e-01   1.9428022e-01   3.6564058e-01   2.6278693e-02  -7.8707197e-02  -1.0767310e-01  -4.6328416e-02  -8.0209739e-02  -1.0120652e-02   5.9860990e-02  -1.2470603e-01
  -1.7961927e-03  -2.8679956e-02   1.3482992e-01   1.6097628e-01   9.8457112e-02  -3.0501882e-01  -1.9687005e-01  -9.5009894e-02   0.0000000e+00  -2.2795779e-01  -6.1772065e-02  -1.1889735e-01  -2.5872322e-01   1.4867953e-01  -4.4447837e-01  -1.4855200e-01   9.0143340e-02   1.6215674e-01   1.6451917e-01   1.5725123e-01   4.0880860e-01   1.2715461e-01  -1.1733364e-01  -1.6708329e-01  -1.4207218e-01  -5.9905392e-02  -5.2623350e-02  -3.4309656e-01   4.0715249e-01   4.0615648e-01  -2.8551829e-01   7.5926747e-02  -1.6179082e-01  -1.4407212e-01   3.9588433e-01   1.0465248e-01  -3.2530138e-02   9.1946462e-02   2.7384950e-02  -5.1239668e-02   1.7702308e-01  -1.7777688e-01   5.4819173e-01  -1.3231123e-01   1.8469238e-01   1.8961056e-02   1.3640986e-02   4.3465968e-02  -2.4904022e-01  -1.8789480e-02   1.0181786e-01   1.6934060e-01  -1.6655018e-02   8.1073155e-02  -1.1831923e-01  -4.1705734e-01   1.1041070e-01  -1.9254650e-02   2.6593288e-01   3.5964065e-01   5.0337829e-02  -1.6439983e-01   5.0892033e-01   2.0589607e-01   3.3731908e-01  -4.3854314e-02  -2.9860333e-01   1.4191108e-01  -1.2762915e-01  -1.3489556e-01   2.1347440e-01   3.3188293e-01   1.8952672e-01  -2.7174807e-01   4.5543185e-02   4.4659904e-02   1.6197209e-02   4.2608343e-02   1.8426554e-02   2.4041775e-01  -3.2053314e-01  -1.4503174e-01  -2.7749222e-02   8.5289077e-02   6.5932458e-02  -2.4695863e-01   4.9392389e-01  -2.0226958e-01   3.9318969e-01  -2.6898728e-01   1.0372952e-01   2.1622900e-01  -3.1223414e-01   6.4349142e-01  -7.3843373e-02  -1.0257244e-01   3.1071061e-01   3.5771871e-02   1.9376540e-01   1.1174810e-01  -1.8636528e-01  -1.1573147e-01  -3.1218311e-01  -1.0301934e-02   2.4569769e-01   1.7002145e-01   3.3506686e-02  -8.1720341e-02  -5.4853918e-02  -1.9801009e-01  -2.4189965e-01  -1.1733668e-01   4.0292648e-01  -1.6864275e-02  -3.3574936e-01   4.2010456e-01  -2.1921677e-01   2.0605156e-01  -2.6026600e-01   2.5181979e-01   3.8452212e-02  -4.9443593e-02   4.1965409e-01   5.5947188e-01   9.1616986e-02  -2.9175579e-01   2.7475479e-01   7.8103503e-02   3.4460103e-01  -6.6551105e-02  -1.8335233e-01   7.2411063e-02  -2.7409311e-01  -1.9914882e-01   4.9419796e-01  -1.9858211e-01   1.2782467e-01  -5.4617099e-02  -2.8358192e-01  -2.9806022e-02   2.1868528e-01  -1.5841367e-01  -2.7526074e-02  -2.7738754e-01  -1.6184130e-01   1.1238777e-01  -5.3893978e-02   1.2198512e-01  -1.2868611e-01   1.0199939e-01  -1.6002478e-01  -2.3799406e-01   3.5449727e-02   2.1095897e-01   1.2152042e-01   1.7986397e-01   5.0085983e-02   2.9917934e-01  -1.1286382e-01  -3.2750165e-01   3.9085493e-01   7.2955877e-02  -5.8939230e-03   3.9607311e-01  -2.5435796e-02   1.9687108e-01   1.1203203e-01   9.9855588e-02  -1.8201120e-01  -8.6608065e-03  -2.4813759e-03   1.4636028e-01   3.3525425e-01  -2.1312631e-01  -1.3956562e-01   8.9801497e-04   8.9641548e-02
  -7.8284088e-03  -1.7198041e-01  -2.8564225e-01   1.7504243e-01   1.3039497e-01   2.8740775e-01   3.0511354e-01  -5.0269644e-02  -2.2795779e-01   0.0000000e+00   3.7655248e-01   2.3170579e-01   1.8257732e-01  -1.1523498e-01   1.9826075e-01   1.8388069e-01  -4.0562839e-01   2.7647969e-01   1.0819750e-01   1.9034001e-01  -2.0049994e-01   1.0200980e-01   4.5108691e-01   3.1000246e-02  -2.4890956e-01   7.9017671e-02   2.5576144e-01   9.2189118e-02   8.6752620e-02  -1.2466951e-01  -1.2718927e-01   4.1636472e-02  -2.5249539e-01  -3.0095439e-03  -2.6425298e-01   6.1518304e-01   3.2797816e-01  -8.7024029e-02   1.3371278e-01  -9.3211519e-02   1.6863510e-01  -1.1192271e-01  -2.8975639e-02  -8.5572422e-03   2.8375703e-01  -2.7210298e-01   2.2330719e-01  -1.3999227e-01   1.3101588e-01  -2.9428664e-01   4.8948348e-01   1.0351765e-01  -2.8810200e-01  -1.0508883e-01  -1.0293418e-01   2.3446723e-01  -2.7307806e-02  -1.6117129e-02   1.0214103e-01   6.5251433e-02  -2.0798462e-01   2.7850834e-01  -2.8022637e-01  -4.3371409e-01  -2.5782374e-01   7.6601211e-01   2.0570530e-01  -1.1166904e-01   7.6085081e-02  -5.5318646e-02  -4.3492916e-01   2.1926973e-01   1.7445827e-03  -7.3474460e-02  -3.3630679e-01   5.4375238e-02  -2.8264981e-01   1.1838723e-01   3.2518458e-01  -1.4419859e-01   2.2091594e-01   3.1270375e-02  -3.5344822e-01   1.1164817e-01  -3.9045875e-01   6.8617845e-02  -4.3744180e-01  -3.3516844e-02  -4.4305982e-01  -1.0529737e-01  -2.3616835e-02  -2.2554382e-01   2.0376759e-01  -2.4810971e-04  -1.0042130e-01   2.3738781e-01   1.2055692e-01   1.0729950e-01   6.6333791e-03   2.2667309e-01  -2.3553999e-01  -6.1429566e-02   9.4979564e-02  -6.1153992e-02   2.0031404e-01   1.3183730e-01  -2.0596924e-01   1.4493069e-01   1.9812376e-01   3.4057732e-01   5.9116698e-02   8.9628634e-02  -8.4846132e-02  -5.7201622e-02   1.3909768e-01  -1.7515819e-02   8.6512579e-02   6.6027600e-02  -8.2547694e-02   1.9883708e-01  -1.0679322e-01   2.4501245e-01  -1.2763284e-01   2.5567011e-02  -1.0226478e-01  -1.9298437e-01   2.9021837e-01  -1.6859011e-01   7.2149907e-02  -2.1797305e-01   4.2186525e-02   1.1630741e-01  -1.1730455e-01  -9.6351387e-02  -1.0762953e-01  -2.3234008e-02  -1.0044159e-01  -1.9151794e-01  -1.0771953e-01   3.5148023e-03  -3.0098732e-02   1.0567662e-01   7.8691282e-02   3.9242903e-02   1.4705344e-01   1.4879633e-01  -1.6137121e-01   4.1742262e-01   5.8885022e-01  -6.3495457e-02  -2.0300266e-01   6.1521772e-02  -2.5607529e-01  -1.9176807e-01  -2.6255600e-01   5.1877011e-02  -8.2970311e-03   2.0332588e-01  -3.0079479e-01   1.6708474e-01  -9.2114808e-02  -6.0767350e-02   2.1605758e-01   1.7838921e-01   1.1312012e-01   5.7535341e-02   3.6074542e-01  -5.0811788e-02  -2.3871849e-01  -3.2125744e-01   2.5600220e-01  -3.0892649e-02   1.1417916e-01   5.7243062e-02  -1.5997283e-01  -2.9956839e-01   2.5269381e-01
   6.3509509e-03  -4.5845165e-02  -3.4731717e-01   1.8069125e-01   6.6234525e-02   2.4942962e-01   1.7091697e-02   3.6091282e-02  -6.1772065e-02   3.7655248e-01   0.0000000e+00   2.5717536e-01   1.8199709e-03  -1.6528381e-01   1.6860295e-01   1.5968154e-01  -3.8141334e-01   5.1664692e-01  -1.7234129e-01  -1.8392725e-02  -1.6861422e-01   2.7576405e-01   5.0156166e-03   9.3206108e-02  -2.6910428e-01  -3.6702635e-02   1.2000814e-01   1.6175626e-01   1.1010475e-02   1.6480735e-01  -2.1868878e-02   3.0198389e-01  -9.5510724e-02  -2.1271338e-01  -2.2497332e-01   4.7789464e-01   6.8877056e-03   9.8113397e-03   8.4842091e-02  -3.8223696e-01   1.8300087e-01  -2.1611056e-01  -6.4160475e-02   6.9957720e-02  -6.1926163e-03  -7.9492499e-03   6.7227073e-01  -2.0421633e-01  -1.7255534e-01  -2.3720004e-01   6.0623192e-01   5.6682671e-02  -2.5919912e-01  -3.5503886e-01  -1.9178956e-01   3.4272098e-01  -1.0204725e-01   1.6049567e-01   3.1274756e-01   2.1849131e-01  -3.5391216e-01  -1.4490385e-01  -1.7874396e-01  -9.4224515e-02  -2.7187658e-01   5.0081812e-01   4.7289992e-02  -1.6322653e-01   4.7821184e-01  -1.6199820e-02  -4.3607548e-01   3.8426731e-01   1.3409566e-01  -1.8248689e-01  -1.7197106e-01   9.5357319e-02  -1.7452726e-01   5.2333616e-02   1.7411145e-01  -1.4653201e-01   1.2004505e-01   1.4725340e-01  -3.1664130e-01   1.2155768e-02  -2.5266106e-01   2.9528335e-01  -3.7113466e-01  -1.9525455e-01  -2.9832274e-01  -1.9926392e-01   1.4204909e-03  -2.2524294e-01  -1.3395842e-01   6.9208846e-02  -1.8013144e-02  -7.8224155e-02   2.5043968e-02   2.0487224e-01  -2.9285162e-02  -2.0414165e-01  -9.9467271e-02   4.8246609e-02   1.8849853e-01   1.9637360e-01   3.7159020e-01   1.8246603e-01  -2.9654474e-01   4.0668171e-01  -3.7787789e-01   3.6736025e-01  -2.2805073e-01   3.7916048e-01   8.1286543e-02   1.4622269e-01  -1.2375794e-01  -5.7607175e-02   2.7274566e-01   1.9492970e-01   2.3441934e-02   1.7782206e-01   2.2198585e-02   7.0412505e-02  -2.1840474e-01   1.6992965e-01   5.5359212e-02  -5.1645266e-02   3.7626905e-01  -1.6046383e-01   3.6098162e-02  -7.5768872e-02   1.0863215e-01  -1.1304828e-02  -2.2871284e-02  -3.1914835e-02  -7.1464600e-02  -2.5278787e-02  -2.6280198e-01  -2.6304443e-01  -2.5146223e-02  -7.5403082e-04   4.7039718e-02  -4.6004755e-02   5.9640133e-01   1.4532495e-01   1.7153179e-01   2.5615637e-01  -4.5459855e-01   5.6516773e-01   7.2323387e-01  -3.6691849e-01  -2.6999893e-01   9.7247504e-02  -2.8006406e-01   1.6682795e-01  -3.0757692e-01  -1.0856899e-01  -1.8985803e-02   4.0375504e-01  -2.1157752e-01   2.0923571e-01  -3.0124745e-02   1.9929843e-01   6.1622263e-02   2.6957448e-01   2.6020317e-01  -2.2864799e-01   4.1237440e-01  -8.9603662e-03  -1.6490286e-01  -2.7755377e-01  -6.6421827e-02  -5.7310254e-02   2.9371901e-01   1.2021989e-01  -2.6039490e-01  -2.7795190e-01   2.4264240e-01
  -2.6342901e-01   3.8169569e-01   1.0070238e-01  -2.0857897e-02  -7.1308653e-02   6.0037709e-01   5.7789583e-01  -1.0842128e-02  -1.1889735e-01   2.3170579e-01   2.5717536e-01   0.0000000e+00   2.5786316e-02  -4.5628588e-01   3.3071281e-01   2.3960980e-01  -1.3682806e-01   2.5443381e-01   1.6472864e-01  -4.2068121e-02  -1.8200536e-01   9.9943070e-02   8.7589455e-02  -2.3705829e-01   8.5075546e-02  -3.0604812e-02   3.9045165e-01   2.9287249e-01   5.3355989e-02   2.5992257e-01  -1.4126189e-01  -1.5078317e-01  -4.3126580e-02  -2.6585083e-01   1.9099273e-01  -4.7256473e-03   2.1522744e-01  -3.7934418e-01   3.1094878e-02  -9.5494740e-02  -4.0340323e-02   2.5328624e-02   1.5068307e-01   2.3118870e-01  -7.5234892e-02  -3.2683631e-01   3.5516934e-01  -2.6020179e-02  -7.4923207e-02  -1.3774616e-01   3.4471167e-01  -6.0635882e-02  -3.6833984e-01  -1.3876247e-01  -1.2696571e-01   5.7840996e-01   1.7142801e-01  -3.8662496e-01   6.5478992e-03   3.9430230e-01  -4.4591102e-01   8.0824897e-02   1.2794189e-01  -1.4672742e-01  -1.7310323e-01   3.3128012e-01   4.5786703e-01   1.1909631e-01   4.1184773e-01   4.5546095e-01  -2.5535406e-01   1.9393468e-01   1.4720677e-02   2.1012639e-01  -4.5749901e-03  -1.3352319e-01  -4.7607620e-01   3.2939114e-02   2.3462913e-01   4.9165043e-02   2.2287463e-01   2.9019165e-01  -2.1880522e-01   4.8676687e-02  -3.6273555e-01   1.5323044e-01  -1.0387148e-01   6.0983055e-02  -1.7499596e-01  -6.3597864e-02  -2.6050530e-02  -2.6010859e-01   1.3936909e-01   8.9602788e-02  -4.3466331e-01  -1.5186786e-01  -4.0729616e-02   1.5755633e-01   8.4736638e-02  -9.2427130e-02  -1.2197507e-01   4.2931361e-01   2.1500034e-01   2.4334419e-01   6.0175841e-02  -1.3202541e-01  -2.1079414e-01   2.5723302e-01  -2.2138127e-01   3.4902233e-01  -1.3530766e-01   2.7153620e-02   3.6223291e-02  -3.7226598e-01   2.2838690e-01  -2.3576100e-01   3.3621153e-01   1.9657317e-01   3.6871742e-01  -2.6450594e-02  -3.4862477e-01   1.4042917e-01  -5.4531321e-02   8.5281114e-02  -4.1761575e-01   1.9234994e-01   4.4793984e-01  -2.3319709e-01  -3.3388184e-01   2.7953101e-01   1.8438920e-01  -4.6980078e-01   1.0957291e-01  -7.8020547e-03  -6.7172085e-02  -1.1977380e-01  -5.9594504e-02  -2.2040850e-01  -1.4513381e-02  -3.1539353e-01  -3.0739775e-01  -1.2220591e-01   3.2939625e-01   5.8359279e-01   5.0673422e-01   1.6772831e-01  -1.6532822e-01   1.3454567e-01   4.8292422e-01  -2.8601556e-01   5.6371439e-02   4.0349654e-02  -1.6056297e-01  -2.6774983e-01   1.3526484e-01  -3.4434784e-01  -3.4547810e-01   2.5777123e-01  -4.0949036e-01   1.5100744e-01   2.2389406e-02   7.0189745e-03   5.3853054e-02   5.0192295e-02  -2.2524524e-01  -2.4468466e-01   3.4249225e-01   3.1989322e-01  -2.9145468e-01  -2.8966788e-01   1.9668411e-01  -4.4335548e-01   1.7780314e-01   4.6976342e-01   5.1709330e-02  -1.7146662e-02  -8.0711774e-02
  -3.5906065e-02  -1.8790258e-01  -1.2285214e-01  -3.5514284e-01   2.8809519e-02   1.0278531e-01   1.6833536e-01   1.5805057e-01  -2.5872322e-01   1.8257732e-01   1.8199709e-03   2.5786316e-02   0.0000000e+00  -2.7443662e-01  -9.7868951e-03  -5.5185397e-02  -7.3969949e-02   8.7851901e-02  -1.7128302e-01   5.0594097e-02  -1.4248802e-01  -1.4059841e-01  -3.3204722e-02   1.4315834e-01   8.0045322e-02   1.1918561e-01   3.4115095e-02   2.1440399e-01  -4.3750209e-02  -2.5614335e-01   2.3320891e-02  -1.2794951e-01  -6.9474256e-02  -1.0871727e-01  -1.2545123e-01  -2.6775315e-02  -5.3374144e-02   1.9787388e-01   4.9313195e-02   6.0541053e-02   5.3144774e-01  -1.4608348e-01   4.8096169e-02   2.1620713e-01  -4.8323063e-02   7.8230433e-02  -1.7678926e-01  -2.2942511e-02  -1.4253430e-02   5.6150582e-03   3.3239597e-02   4.7363918e-02   4.7513124e-02  -1.3530916e-01  -4.1371631e-02   1.0743908e-01  -1.8650438e-01  -9.4254259e-03  -2.7683686e-01  -1.0602486e-01  -1.7031826e-01   9.3341642e-02  -2.0709110e-01   1.7465510e-01  -1.6336068e-01   6.6719201e-03  -1.0619996e-01  -9.8242849e-02  -2.0535299e-02   8.1592088e-02  -2.3357863e-01  -5.3701172e-02   1.5745003e-01  -5.0676077e-02  -2.2779910e-01  -1.5346115e-01  -9.0394102e-02   2.0210129e-01  -6.9882911e-02  -1.4818242e-01   2.1797390e-01   2.3583039e-01  -7.1122394e-02   1.2472353e-03  -9.0939046e-02  -8.8918860e-02  -1.7479382e-01  -1.6977076e-01  -1.5261158e-01   3.8646356e-01  -5.1554687e-02  -3.8659522e-01   2.0899594e-01  -1.3424285e-01   9.2097717e-02   2.1166643e-01   3.9287050e-02  -2.4364338e-02   1.0013085e-01  -1.5403932e-01   4.1440931e-02   1.2570064e-02   1.7369635e-03  -4.0611502e-02  -1.0319089e-01  -4.1270463e-01  -3.1089986e-01   2.4469361e-02   2.8565498e-02  -9.0543892e-03  -3.0768017e-02  -5.2318416e-02  -2.2460070e-01   2.6058642e-02  -1.0529412e-02  -1.8106262e-01   1.2445923e-01   4.1401663e-01   1.5854838e-01  -3.1850004e-01   7.1336746e-02  -2.3357818e-02  -2.6899520e-01  -1.8056389e-01   8.4079596e-02   2.5178548e-02  -1.0412843e-01  -2.3495776e-01  -2.8205237e-01   1.4087936e-01   3.9573113e-01  -1.3488072e-01   6.0720063e-03   1.1110719e-01  -1.4527816e-02   8.0422864e-02   3.0950768e-03   1.3295640e-01   2.2625432e-01   2.6526242e-02   4.8376725e-02   6.6670798e-01   1.5706742e-01   8.0153527e-02   2.5060539e-02  -1.4425159e-01  -8.7452367e-02   1.4021784e-01   4.6236768e-02  -1.5900947e-01   9.2248865e-02   1.7613849e-01  -2.5311839e-01  -1.6408586e-01  -2.4736680e-02   3.4160473e-02   1.3216752e-01  -1.2863629e-01  -9.3737444e-02   1.8505420e-01  -2.9108209e-01   4.5214258e-02  -8.9310834e-02  -2.9910979e-01  -2.5959854e-01  -5.7942572e-02  -2.5094946e-01  -7.9991768e-02  -3.7007259e-02  -6.4058946e-02  -9.4963932e-02   6.8452557e-02  -1.0838021e-01   4.7343706e-02  -1.2744192e-02  -2.6454400e-01  -3.6785910e-01
   4.8021615e-01  -1.0907850e-01   7.1627132e-02   1.6499921e-01  -1.0298454e-01  -2.9703417e-01  -3.1112321e-01  -2.2740601e-02   1.4867953e-01  -1.1523498e-01  -1.6528381e-01  -4.5628588e-01  -2.7443662e-01   0.0000000e+00  -2.7490473e-01  -1.4292228e-01   1.6418797e-01  -2.0743240e-01  -1.4022308e-01  -6.9329221e-02   2.7477919e-02   1.0984321e-01  -8.4359678e-03   4.2870626e-01  -2.9509113e-01   6.0682543e-02  -2.5665572e-01  -7.5600097e-02  -5.9648744e-02   6.1477369e-02  -2.2664843e-03   2.0413031e-01   8.2252215e-02  -2.5209026e-02  -2.4482194e-01   6.3545055e-02  -1.5079892e-01   4.2658477e-01  -8.5077339e-02  -1.6862926e-01  -1.6265072e-01   5.4226988e-02  -6.8960097e-02  -1.4561569e-01  -2.3164212e-02   4.3194285e-01  -7.6713661e-02  -5.4314595e-02   2.6659919e-03  -9.0973134e-02  -1.8387276e-01   7.8782246e-02   2.8271310e-02   1.1006478e-01   6.1712173e-02  -1.9448535e-01   6.5257553e-02   1.5624806e-01   2.0192145e-01  -2.2938572e-01   5.4731396e-01  -1.1516013e-02  -1.3148199e-01  -1.9593584e-01  -8.4555556e-02  -1.0391121e-01  -2.7943304e-01  -2.6562475e-01  -1.5540304e-01  -1.7219284e-01   3.1433915e-02  -4.7090674e-02  -2.4009338e-01   1.8871411e-01   1.3654127e-01   2.3593816e-01   4.8879932e-01   8.0418333e-02  -1.9677356e-01  -9.0125214e-02  -6.8735509e-02  -5.1544366e-01   3.2456200e-02  -1.1866225e-02   4.4938417e-01   8.3884941e-03   1.8051696e-01   1.1401391e-01  -7.7251066e-02   1.8375294e-01  -1.5869182e-01   5.4769225e-01  -1.5174415e-01  -6.6174189e-03   3.9691947e-01  -7.8340308e-02  -2.5542647e-02   8.5203949e-02  -1.8053248e-01  -4.8205230e-02   1.5919471e-01  -3.5660807e-01   5.2735509e-02   1.8081076e-01   3.6614286e-02   3.6529681e-01   2.8712096e-01  -6.0380985e-02   5.4115885e-02  -6.0250816e-02  -7.0909350e-03  -1.6018585e-03  -5.9239785e-02   3.9870903e-01  -8.5130528e-02   4.0451295e-02  -1.5687319e-01  -3.0442689e-01   4.7836726e-02   1.7004725e-01   4.1412011e-01  -1.7822944e-01  -4.1278125e-02  -1.4430394e-03   3.6280895e-01   7.5884890e-02  -2.1448988e-01   1.0508983e-01   2.8861486e-01  -1.1230374e-01  -4.3934702e-01   1.8443545e-01   1.8829625e-01  -1.4906069e-01  -5.7830420e-03   8.7373740e-02  -1.6319973e-01   7.8624982e-02  -2.4979192e-04   3.6246457e-01   3.5524018e-01  -1.1582539e-01  -1.6965782e-01  -8.5344724e-02  -3.8891992e-01  -4.3493191e-02   6.8137085e-04   3.5393268e-02  -2.8784511e-01   1.2559088e-01   7.2825608e-03   5.5975851e-02   3.3878276e-01   1.0294540e-02  -7.2945206e-02   4.1104860e-01   3.8338752e-01  -1.1949943e-01   5.3488064e-01   1.5966475e-02   9.8007271e-02  -7.7123842e-02  -3.7807938e-02   1.9606384e-01   1.2942922e-01  -6.5393649e-02  -1.6938851e-01   6.9116101e-02   3.6489133e-01  -8.0653287e-02  -2.2226490e-01   3.6718674e-01  -1.8126471e-01  -1.1604006e-01  -1.8055343e-01   9.6692575e-02   3.4062191e-01
