   0.0000000e+00  -1.7710341e-01   7.2698684e-02  -1.6496846e-01  -1.0693954e-01  -2.7830332e-01  -1.4387119e-01   1.1889217e-01  -9.4737014e-02  -1.0095544e-01  -8.6478947e-02  -1.8669627e-01  -1.9954026e-01   9.1617651e-03  -8.2142696e-02  -6.3613246e-02   6.0682853e-02  -8.1959773e-02  -1.3244856e-01  -5.0891685e-02  -1.7816868e-01  -1.1339595e-02  -1.6740504e-01   6.5453452e-01  -3.3974957e-02   6.3030101e-02  -2.1199326e-01   6.4471704e-02  -2.1909804e-02  -6.5036568e-02  -2.8423747e-01  -4.9465973e-02   5.4369727e-02  -1.3292952e-01  -4.0743862e-01  -1.3760560e-02  -1.2775885e-01   4.2380518e-01  -3.4698684e-02  -2.6143285e-01  -1.4310531e-01   7.6370481e-02  -2.7734702e-01  -1.1600660e-01  -1.3411628e-01   6.3253189e-01   3.5027533e-02  -1.2047239e-01  -6.2688893e-02  -2.2280907e-01  -6.0167491e-02   6.1926466e-02   6.2643812e-02   3.4315038e-02  -2.1426177e-02   1.0742612e-02  -2.0697610e-01  -4.0279808e-02  -2.3428991e-01  -6.5927268e-03   3.1592181e-01  -1.7912905e-01  -9.6383122e-02  -1.3430858e-01  -1.8608886e-01  -1.2302402e-02  -2.0655371e-01  -1.9362996e-01  -1.4403008e-01   2.8696884e-01  -2.1622968e-01  -1.7080472e-01  -1.4565074e-01   5.6018537e-01  -1.1049762e-01   1.0471451e-01   4.9678851e-01   4.6224915e-02  -6.2203470e-02  -8.6569636e-02  -1.9310998e-01  -3.7326828e-01  -1.9311469e-01  -3.6221618e-02   3.7227486e-01   1.6111563e-01  -3.0778281e-01   2.9927866e-01  -2.4165934e-01   5.8530022e-01  -9.1305926e-02   2.9932081e-01  -2.9472318e-01   1.9214965e-02   4.6463188e-01  -2.1716220e-01  -1.6705297e-01  -5.3847807e-02  -2.6737360e-02  -2.0490770e-01   1.5321295e-01  -1.5076167e-01  -2.0924740e-01  -1.6120429e-01  -2.1318164e-01  -4.4523342e-02  -6.7142117e-02  -1.5476628e-01  -2.6921162e-01   8.5108642e-02  -2.0854145e-01  -1.3715816e-01  -2.5830189e-01   6.1242937e-01   2.9637591e-01  -1.2488587e-01   1.6292853e-02  -3.7841191e-01   1.2184734e-02  -1.6217828e-01   6.6735028e-01  -5.6219822e-02  -1.3171559e-01  -2.0505419e-01   6.9022173e-01   2.6066946e-01  -2.6016924e-01  -3.8934065e-02  -4.2945452e-02  -5.3951225e-02  -1.4698044e-01  -1.3267381e-01   3.1693131e-01  -2.2294961e-01  -1.0247445e-01   1.0437472e-01  -1.9664977e-01  -2.0457992e-01   5.7827148e-02   2.3366503e-01  -4.5459018e-03  -9.0964551e-02  -2.1602175e-01  -1.5504347e-01  -2.7655528e-01  -2.9632271e-01  -1.7976870e-01   1.3069611e-01  -8.7276606e-02  -2.0986775e-01   5.8505240e-01  -2.5812206e-01   5.5009359e-01  -7.7665827e-02  -1.3867903e-01   3.1924253e-01   6.3464603e-01  -2.7632811e-01   1.8050835e-01  -1.9174868e-01  -2.6213827e-01  -1.2379449e-01   1.0348461e-01  -1.1116416e-01  -6.7679811e-02  -8.1584414e-03  -1.8174659e-01   3.3708587e-01   4.7954147e-01  -1.9979445e-01  -2.6184984e-01   5.2628487e-01  -1.4102626e-01   2.4903687e-02  -1.8123481e-01  -1.2209248e-01  -1.5186714e-03
  -1.7710341e-01   0.0000000e+00   2.7280075e-02  -2.1561300e-02   1.7180067e-01  -8.3954486e-02   2.9871759e-02  -2.8013792e-03   5.5239065e-01  -2.3810309e-02  -9.8209006e-02   1.6475532e-01  -1.3789763e-01  -4.1863894e-02  -3.3153887e-01  -1.0367591e-01   1.0652824e-01  -1.0686196e-01   9.5848590e-02  -6.5499485e-02  -1.1500801e-01   6.0689218e-02  -2.5293804e-01  -1.8661800e-01   4.1895134e-02  -1.3385286e-01   3.4992457e-01  -2.2664478e-01  -3.1679108e-02   1.7480069e-01  -1.0648480e-01  -9.3567864e-02   8.7410883e-02  -2.7173602e-01   3.4950706e-01  -1.6683532e-01  -1.0549175e-01  -5.2798066e-02  -4.4460418e-02   6.9672971e-02  -1.6749040e-01  -1.5511667e-01   2.8243494e-01  -2.4926848e-01   3.4424989e-01  -1.3523384e-01  -2.2505002e-01   6.1367565e-01   3.7079014e-01   8.5499176e-02  -3.5024768e-01  -1.2693392e-01   4.2933729e-01  -2.1480170e-02   4.3908301e-02  -3.5112087e-01  -2.3191387e-01  -5.2865682e-02  -1.3969634e-02   3.5674644e-01  -4.4928428e-02  -3.6694584e-02   5.8897449e-01   3.5834203e-01   6.0093732e-01  -1.4337888e-01   1.7948661e-01   4.0864140e-01   1.8935355e-02  -6.7239706e-02   4.5505241e-01   3.3581419e-03  -3.9246370e-02  -2.4862187e-01  -8.9629448e-03  -6.5892501e-02  -9.6542129e-02  -8.3086576e-02   4.7234979e-01  -8.1576034e-02  -3.0883953e-01   5.0635197e-02  -2.0579276e-01   6.9132066e-02  -7.2124834e-02  -2.2453218e-01   3.9408696e-02  -9.4894687e-02   1.9774309e-01  -9.0092432e-02   4.9214514e-01  -1.0801130e-02  -9.2993686e-02   2.3430893e-01  -1.0991841e-01   1.2657792e-01  -7.2950627e-02   6.9387635e-02   3.1423437e-01  -3.2101505e-01  -2.0053257e-01  -1.2457633e-01   2.6752554e-01   5.4587902e-01   2.5789243e-02   4.1928017e-02   8.4050557e-02   8.5769255e-02  -3.0236399e-01   1.0666248e-01  -3.0507659e-01  -1.0196624e-01   2.6387602e-01  -1.2398136e-01  -4.0372301e-01   2.4867755e-01   9.0279523e-02  -1.7032589e-02  -1.3208906e-01  -1.6951804e-01  -2.3228573e-01   3.3185179e-01   3.3958834e-01   4.6933830e-01  -1.5293631e-01   1.6823413e-01   2.3144823e-01   6.2983366e-02   4.6478045e-02   7.2561342e-02   3.2862349e-03  -1.0497804e-02  -7.6496573e-03  -1.7081320e-01   1.7110033e-02  -1.4207946e-01  -4.6374223e-02   3.2977681e-02  -1.3453682e-01   4.0440834e-02   2.0216107e-01   1.5789837e-01  -9.0669016e-02  -2.4162010e-01  -1.8454085e-01   2.4988953e-01  -9.4488479e-03   8.6044874e-02  -3.6848861e-01  -1.3316073e-01  -2.5771179e-01   5.0616444e-02  -1.2227626e-01   3.1587522e-01   3.0832057e-01  -7.2436327e-02  -1.6482447e-01   6.3095079e-02   6.1438773e-02  -7.5042182e-02   2.7107367e-01   8.2510304e-02  -1.9088029e-02   1.6064710e-01  -5.7626994e-03   2.0664631e-01   4.6274216e-03  -1.6821630e-02  -6.7741692e-02  -7.7132667e-03   1.8267653e-01  -9.8105917e-02   1.9204035e-01  -1.6347793e-01  -7.4093554e-02   3.2963364e-02   1.2419793e-02
   7.2698684e-02   2.7280075e-02   0.0000000e+00  -1.9733685e-01  -9.2499176e-02  -2.0559082e-01  -1.1860441e-01   2.1281555e-01   3.5540832e-02   1.2325481e-01  -2.3438710e-01   4.0164233e-01  -2.3411887e-01  -2.3468340e-01   1.5426606e-02   1.9104205e-01   7.5615417e-01  -3.3048313e-01   1.7180054e-01  -9.1993919e-02  -5.0467935e-01   2.3736803e-01  -3.7598464e-01  -1.0071446e-01  -4.0000524e-02   1.2123674e-01   8.4764584e-02  -2.6998027e-01  -6.3143650e-02  -5.0571764e-02  -2.5557956e-01   7.3336343e-02   4.5850619e-01   1.6482912e-02  -1.6136166e-01  -2.3297905e-01  -4.3020245e-01   3.5498046e-01   5.8440296e-02   2.6448254e-01  -1.6518159e-01   3.8569734e-01  -6.6642267e-02  -2.6058511e-01  -2.1936681e-01   4.6201879e-01  -2.9524695e-01  -2.8877197e-01   3.7099282e-02   4.5751077e-01  -2.6432918e-01   1.3368281e-01  -5.0963552e-02   3.6289048e-01  -6.2468876e-02  -2.2019042e-01  -1.4810906e-01   4.0209455e-02  -3.2099574e-01   1.9504945e-01   7.0210059e-01  -4.7375064e-02   2.9327318e-01  -1.2938661e-01  -1.9165385e-01  -2.4950349e-01   2.5391408e-02   1.3775633e-02  -1.8697708e-01   4.6565014e-01   2.9378062e-01  -3.6595675e-01   2.9641163e-02   1.3167226e-01   3.4514568e-02   9.1096301e-02   5.4656644e-01   1.3113602e-01   1.7846416e-01  -4.9486861e-02  -2.3149675e-01   7.6214222e-02   3.8084610e-02  -9.0917541e-02   4.4958597e-01  -4.1543182e-02  -2.4625555e-01   1.2205243e-01   1.2926635e-01  -2.4687576e-01   1.0324948e-01   6.9512423e-01   2.6875465e-02  -3.1529073e-02   5.5486386e-01   1.0619946e-02  -3.3172262e-01   2.9084885e-01  -1.3072361e-02   2.7984301e-02   9.0812623e-02  -5.1536500e-01  -3.3117745e-01  -1.1409441e-01  -5.1011305e-01   9.8979872e-02   5.6708469e-01   2.2994626e-01  -1.7974504e-01  -1.8344770e-01   1.3372022e-01  -3.1088546e-01  -4.2869337e-02  -1.0790691e-01  -1.4065333e-01   1.5383503e-01  -1.2698474e-01  -8.4942465e-03  -5.5972575e-02  -1.7994413e-01   1.7665814e-01  -1.4918035e-01   2.5231487e-01  -7.6323834e-02   2.9090820e-01   5.3101471e-02  -1.2149673e-01   1.2278081e-01   4.4862051e-02   9.7180957e-02   2.1723627e-02  -1.7975557e-01  -8.1175415e-02  -3.2980054e-01   3.7727237e-02   4.1247599e-02   6.9938234e-02  -3.4668656e-01  -3.8908539e-02   1.4578506e-01  -2.4585758e-01  -3.8421062e-01  -2.5000274e-01   3.4790949e-01  -2.0004315e-01  -2.6023550e-01   4.7108864e-01  -4.0620363e-01  -3.0174090e-01  -2.3277023e-01   2.4945354e-01  -3.2201135e-01   4.5772438e-01  -2.1067668e-01   4.7679290e-01  -2.7147482e-01   1.3568744e-01  -2.8272166e-01   7.1560241e-01  -3.6535227e-01  -9.7368235e-02  -1.1881479e-01  -1.2247762e-01  -3.6755334e-01   2.8087836e-01   4.1532809e-01  -1.4162330e-01   1.7569921e-01   3.4153276e-01  -2.1464104e-02   3.3649304e-01   4.2615932e-01  -1.2281482e-01   3.0086365e-01  -2.8543164e-01   2.1994698e-01   3.1892291e-01
  -1.6496846e-01  -2.1561300e-02  -1.9733685e-01   0.0000000e+00  -1.1414010e-01   5.4694862e-03  -4.6846178e-01   1.7429557e-01   3.0436217e-01  -2.6260159e-01   1.6508963e-01  -2.9764243e-01  -1.3698000e-01   1.5719379e-01  -1.6106973e-01  -1.8935094e-02  -2.3451979e-01   3.8298508e-01   1.4031202e-01  -1.7275727e-01   2.6244590e-02   4.3836823e-01  -3.5795250e-02  -3.6745259e-02  -1.3643501e-01   2.3915577e-01  -1.4122172e-04   1.7001594e-01  -1.2577907e-01   4.6734838e-01  -1.3758676e-01   4.7994972e-01  -1.3319394e-01  -4.0124851e-01  -3.1959698e-02  -1.6202002e-01   1.2115750e-01  -7.7696199e-02  -1.1030183e-01  -1.8622664e-01   5.3942468e-02  -1.3462808e-01  -6.8905579e-03   2.3227766e-01   1.0965722e-01  -8.9740771e-02   2.4420192e-01  -1.0017694e-01   2.5118474e-01  -2.7489487e-01   1.9048026e-01   2.9854953e-01  -3.7683690e-01   2.8080829e-02   2.6499144e-01   3.0581221e-02   2.6563335e-01   5.4802010e-01   4.1616270e-01   1.8593324e-01   3.7223441e-02  -4.9510051e-02   1.5561018e-01   1.1732778e-01   2.2946233e-01  -2.7821560e-01   1.8938593e-01   3.3257331e-01   5.7761616e-01  -4.0792747e-01  -2.8367272e-01   6.7392007e-01  -2.2453595e-01   5.7215859e-02  -1.4088441e-01   2.0289051e-01  -1.3243751e-02  -2.8785542e-02  -1.1959524e-01  -8.2484913e-03  -5.5019582e-02   9.6419861e-02  -2.3746857e-01   2.1056811e-01  -1.6611546e-01   2.2416721e-01  -5.5559644e-02   1.4731200e-01  -6.2494964e-02   1.0485631e-02  -2.2970706e-02   9.0894819e-02  -3.7866220e-01   2.0881503e-01  -6.7031489e-02  -2.0699325e-01   1.6239540e-01   2.6381410e-01   1.4730120e-01  -1.9639637e-01  -2.7240783e-01   2.3045388e-01   2.5769891e-01   3.1561270e-01   6.3824042e-01   5.4369790e-01   5.4151232e-02   4.0613569e-01  -1.1980247e-01  -7.2223691e-02  -2.9102867e-01   5.3713440e-01   5.9339253e-01  -2.1395483e-01  -8.9219074e-02  -1.3617561e-01   2.7898590e-01  -4.9990781e-02  -2.3561076e-01   7.2048581e-01   1.2273952e-01  -1.2206322e-01  -1.6838219e-01   1.1617631e-01  -1.2413757e-01   1.9321901e-01  -1.2106478e-01  -4.6583504e-02   5.7535040e-01  -4.2008884e-01  -1.7748193e-01  -3.1275595e-01   2.9007103e-01  -2.6291558e-02   5.0635904e-01   3.4375220e-01  -1.5716422e-01  -2.4379071e-01   3.8790524e-01   5.4510283e-02   2.1343444e-01  -1.2063632e-02   4.3925150e-01  -4.3566266e-01   1.4116510e-01   3.8029619e-01  -2.6806743e-01   2.1762078e-02  -1.9372158e-02  -6.0542163e-02  -1.2491839e-01  -2.5328023e-02   6.5557673e-02  -1.1624693e-03  -3.7061697e-01   1.1954396e-01   1.5527310e-01   2.6479921e-01   7.4419050e-02   2.9916060e-01   2.3832169e-01   2.9994378e-01   8.3563714e-02   6.7912504e-01   4.9941476e-01  -2.3760285e-01  -1.3709140e-01  -1.2518695e-01   3.1300659e-01  -2.8749662e-01  -2.1836409e-01  -6.6331246e-02   4.9406425e-01  -2.9847849e-01  -3.1842585e-02   1.2601037e-01   4.5990359e-01
  -1.0693954e-01   1.7180067e-01  -9.2499176e-02  -1.1414010e-01   0.0000000e+00   2.0874200e-01   1.9351002e-01  -9.4814628e-02  -8.4146093e-03   6.0994931e-02   7.7625711e-02   3.7158407e-02   3.4901081e-01  -3.1973001e-01  -3.8594480e-01   2.4934559e-01   2.3170957e-01   1.8554498e-01   5.3476823e-02   6.9151798e-01   6.0451214e-02  -1.9144043e-01  -1.9694623e-01  -1.0853632e-01   9.1194115e-03  -2.8625137e-01   4.9283748e-01  -2.6490154e-01  -1.1598062e-01  -5.3984281e-02  -2.3400165e-01  -2.3687902e-01   1.7466723e-01  -1.5178599e-01   8.8380280e-03   5.0938855e-01  -6.4729572e-02  -3.0700501e-01   4.2192918e-01   2.3813837e-01   3.9773365e-01  -8.7688645e-02   1.1436362e-01  -1.9703478e-01   3.4157288e-01   7.8740861e-03   3.1398881e-01   4.6024437e-01   1.5829505e-01   2.1762022e-01   1.8336094e-01  -2.5920521e-01   4.3871259e-01  -9.9113634e-02  -2.3045628e-01  -2.4287976e-01  -9.3694982e-02  -2.2779478e-01   6.5452124e-02   4.2337544e-02  -1.1208766e-01   4.4408312e-01   2.2943143e-02  -1.1096170e-01   1.9787426e-01   2.2111452e-01   3.1605418e-01   6.3462880e-02  -1.0579418e-01   2.0117093e-01   2.7407295e-02  -3.0593506e-02   3.8930240e-01  -5.0606572e-02  -2.9296947e-02  -2.5134949e-01  -1.3606149e-01  -3.0789326e-02   3.9939951e-01   2.4565895e-01  -4.3704439e-01   1.7947640e-01  -1.9681075e-01  -1.1388137e-01  -1.5214588e-01  -2.5940830e-01  -2.7328964e-01  -3.9371110e-01   7.0246178e-02  -9.7428748e-02   3.6522524e-01  -5.9796839e-02   3.2690725e-02   7.0771870e-02  -2.4069947e-01   4.4017792e-01   3.8589510e-01  -1.8547830e-01   5.2696619e-01  -3.6120946e-01  -3.8167536e-01   5.1372271e-02  -1.2814999e-02  -1.6329933e-02   1.5501814e-02  -1.6415652e-01  -4.3418655e-02  -1.6743689e-01   2.4855723e-03   6.0315385e-01  -2.4654417e-01   2.3948987e-02  -7.6211300e-02  -1.9319584e-01  -3.6285354e-01   1.4130769e-01  -4.0817325e-01   2.1329782e-01  -2.5386053e-01  -7.7874396e-02  -1.4059113e-01   7.5222255e-01   6.3640857e-02   2.9409295e-02  -6.9830261e-02   1.1032156e-01   2.8452109e-01   8.4296174e-02  -2.6818290e-01   3.7038311e-01   3.8307322e-01   5.2872272e-01   7.5516122e-02  -2.7275923e-01  -3.1540832e-01  -2.8812956e-01  -1.1812455e-01   1.7670696e-01  -2.9994656e-01  -3.2796321e-01  -1.8982672e-01   1.6196227e-01  -6.3022890e-02  -1.1152885e-01  -4.6114149e-01  -1.6680804e-01  -2.4789552e-01   4.3463076e-01  -4.5372563e-02  -1.1303750e-01  -2.1128886e-01  -1.8374859e-01  -1.5032933e-01   3.1493905e-01   3.4354203e-01  -1.1894173e-01  -2.2233315e-01   1.5815049e-01   1.1001614e-02  -2.1320430e-01  -6.0603768e-02  -5.8184400e-02   3.3071209e-01  -5.4745623e-02  -1.3120855e-01  -3.3633687e-02   1.8200696e-01  -9.1927450e-02  -1.8431612e-01   1.4988507e-03   2.9061032e-02  -2.2848712e-01   1.1462216e-01   2.0878534e-01  -2.6941688e-01   1.7976959e-01  -1.3060319e-01
  -2.7830332e-01  -8.3954486e-02  -2.0559082e-01   5.4694862e-03   2.0874200e-01   0.0000000e+00   6.6040253e-01  -2.2588223e-01  -2.8149886e-01   2.0635870e-01   2.3448255e-01   4.2437534e-01   3.1415526e-01  -3.1235201e-01   1.1349399e-01   3.2494283e-01   8.9480361e-02   3.5853395e-01   9.1482187e-02   4.7920478e-01   3.9683309e-01  -3.6560217e-01   4.7233244e-01  -3.2476807e-01  -1.4566348e-01  -9.5561223e-02   2.0629645e-01  -1.9160444e-01  -7.5801694e-02  -1.7024280e-01  -1.0266788e-02  -3.1194501e-01  -2.3847687e-02   4.0291622e-01   3.2461635e-01   4.9140951e-01   2.8523743e-01  -6.1463089e-01   2.9707428e-01   3.1697740e-01   2.8134319e-01   1.4114254e-01   3.4967316e-01   7.9328337e-02   2.4982416e-01  -3.3157656e-01   3.1652807e-01   1.5293903e-01  -2.8772919e-01   2.2176395e-01   5.1933781e-01  -3.7302047e-01   1.5367294e-02  -3.3826853e-01  -3.2965617e-01   3.6845944e-01   4.3160013e-01  -2.5379373e-01   2.0514386e-01   8.3493670e-02  -4.0674319e-01   3.5249698e-01  -4.5995842e-01  -2.2638794e-01  -1.7012240e-01   4.7901315e-01   4.5173603e-01  -1.2701473e-01   2.2367427e-01   1.8721569e-01  -1.5930859e-01   2.2588815e-01   2.6330280e-01  -2.1904371e-01  -1.5083659e-01  -3.9858518e-01  -3.7335679e-01  -1.4758345e-01  -2.1008112e-01   3.1806542e-03   2.5148276e-01   2.4606814e-01   2.2570314e-01  -1.5055200e-01  -3.5961366e-01  -3.3654028e-01  -5.7265823e-02  -2.5479280e-01  -1.4697728e-01  -2.1049342e-01  -2.2165377e-01  -4.2157706e-01   5.5483887e-01   2.4682052e-01  -4.7596344e-01   1.4656318e-01   3.3609239e-01  -1.0694153e-01   9.0533362e-02   1.7753332e-01  -3.2843173e-01   5.0471236e-01  -1.6799727e-01  -1.6576367e-01   2.6890707e-01  -3.3711223e-01  -2.1186475e-01  -2.6416740e-02   5.0023727e-01   3.4051101e-01   4.3067972e-01   3.1022393e-01  -2.7640460e-01  -3.8395653e-01  -1.2093289e-01  -4.5920524e-01   1.1314680e-02   3.6000269e-01  -3.3361077e-02   1.4320339e-01  -2.3602514e-01   2.8859859e-01  -1.2659150e-01  -3.9879529e-01  -3.9368152e-01   8.1827281e-02   4.0085712e-01  -7.9034305e-03  -2.4675863e-01   4.7477108e-01   2.8469405e-01   2.6787945e-01  -2.2127886e-01   5.0385942e-03  -2.0271187e-01  -3.4677934e-01  -6.8415335e-02   3.9124364e-01  -3.0251781e-01  -5.5667756e-01  -2.0239272e-01   2.2502317e-01   3.1241668e-01   5.0154981e-01   2.6587136e-01  -1.9078320e-01   5.8532443e-02   3.4483049e-01   5.5487163e-01   3.6767155e-02  -3.6863701e-01   6.4376148e-02  -3.5949926e-01   6.8728890e-02   1.6343123e-01  -3.4513413e-01  -3.1711290e-01   2.0910481e-01  -3.4621919e-01   1.0461510e-01  -5.4598389e-02  -1.5022130e-02   2.6531333e-01   4.6451701e-03  -2.2439013e-01  -3.5295206e-01   4.9586622e-01  -2.5193029e-01  -3.2002888e-01   1.1323797e-01  -2.0237501e-01  -5.0641772e-01   1.1679015e-01   5.4961563e-01  -6.6010073e-02   7.8982310e-02  -2.8173032e-01
  -1.4387119e-01   2.9871759e-02  -1.1860441e-01  -4.6846178e-01   1.9351002e-01   6.6040253e-01   0.0000000e+00  -2.8614738e-01  -3.5694163e-01   2.7310604e-01   1.9670631e-01   5.6871526e-01   2.6327133e-01  -3.2482497e-01   1.8664659e-01   2.9964840e-01   7.4789321e-02   1.3684977e-01  -1.7953804e-01   4.8478113e-01   3.2107070e-01  -5.2560852e-01   4.6601504e-01  -2.6935898e-01   1.1074433e-02  -3.0489817e-01   2.4570623e-01  -2.9873928e-01   2.4259898e-02  -3.8214286e-01   1.3976239e-01  -4.8651124e-01  -1.2066019e-02   6.4008464e-01   4.0069972e-01   5.5744308e-01   1.4884755e-01  -5.1879628e-01   2.9065760e-01   3.0242421e-01   1.2507763e-01   1.6302038e-01   3.6959540e-01  -8.9649142e-02   3.0659454e-01  -2.2045934e-01   1.1351526e-01   2.5228038e-01  -4.0435188e-01   1.9759410e-01   4.2125088e-01  -5.8554758e-01   2.3015248e-01  -3.6730748e-01  -4.1516355e-01   2.4550540e-01   1.0343677e-01  -4.9498859e-01  -6.9672992e-02   1.0228872e-01  -3.2656847e-01   4.5133689e-01  -4.1060622e-01  -2.7117195e-01  -1.4795144e-01   6.1289818e-01   1.2000486e-01  -2.0124789e-01  -1.6640258e-01   3.9335744e-01   7.6066487e-02  -9.0905837e-02   3.3258015e-01  -2.6120694e-01  -1.8818440e-01  -4.4703548e-01  -3.0440616e-01  -1.1597339e-01   7.0922019e-02  -2.1795150e-02   1.7707714e-01   2.7400529e-01   2.3957145e-01  -3.0292490e-01  -3.3006459e-01  -4.3208008e-01  -3.4484253e-02  -3.1005427e-01  -1.7194680e-01  -2.3749148e-01  -1.7634311e-01  -3.6162484e-01   6.8700242e-01   1.8664305e-01  -3.6312862e-01   2.5367887e-01   1.7177147e-01  -3.0556056e-01   1.2807600e-01   2.7549884e-01  -1.4873881e-01   2.9088281e-01  -2.1901901e-01  -2.8945363e-01  -1.3200840e-01  -5.2672122e-01  -2.5001097e-01  -3.3089326e-01   4.6455552e-01   2.0947816e-01   5.5761557e-01  -7.0077093e-02  -5.0534306e-01  -2.5453834e-01  -1.6146327e-01  -3.0500337e-01  -1.5225571e-01   3.0843922e-01   5.4572535e-02  -2.3845332e-01  -2.7012817e-01   3.0563368e-01   5.8863026e-02  -3.1658501e-01  -2.8619595e-01  -1.0655081e-02   5.3685847e-01  -6.0853620e-02  -4.5704630e-01   5.6535633e-01   3.2467723e-01   5.0433906e-01  -3.0415321e-01   5.6680343e-02  -4.1633494e-01  -4.8197772e-01   5.8257935e-02   3.9119986e-01  -4.6644643e-01  -4.8597985e-01  -2.0966712e-01   2.4791993e-01   4.6811884e-02   6.0662674e-01   7.6360409e-02  -4.3568787e-01   2.2898699e-01   2.1518986e-01   3.6152700e-01   2.2042040e-01  -2.6501594e-01   1.2335498e-01  -3.1444891e-01  -3.1617851e-02   2.9713554e-01  -3.4180119e-01  -3.2906287e-01   6.5066463e-02  -2.9659274e-01  -7.0678007e-02   4.5141860e-03  -2.5039382e-01   5.1372764e-02  -3.7198771e-01  -4.4349902e-01  -6.2519456e-02   6.3930422e-01  -2.5392607e-01  -3.6485126e-01   1.9258956e-01  -3.9066116e-02  -4.0527979e-01   7.9651712e-03   4.4612763e-01  -4.5992972e-02  -2.2615141e-02  -4.6073701e-01
   1.1889217e-01  -2.8013792e-03   2.1281555e-01   1.7429557e-01  -9.4814628e-02  -2.2588223e-01  -2.8614738e-01   0.0000000e+00   2.2742326e-01  -2.1928892e-01  -1.3816237e-01  -1.8525424e-01  -1.4156528e-01   1.3069508e-01  -1.5692477e-02  -1.5027363e-02   1.6607870e-01  -2.4113668e-01   3.4777046e-01  -3.7091604e-01  -2.0508119e-01   6.1221144e-01  -2.7692100e-01  -9.7819746e-03  -4.3753086e-02   5.0162833e-01   9.4001859e-02   9.5046061e-02  -1.1240795e-02   2.9352464e-01  -5.3025188e-02   5.1391680e-01   2.1752524e-01  -2.7679560e-01  -1.5677414e-01  -4.0021746e-01  -1.0330357e-01   1.8128491e-01  -6.4034118e-02  -9.5637043e-02  -1.5236828e-01   3.2418633e-02  -1.9002802e-01   1.8648058e-01  -1.1177465e-01   3.2327470e-01  -1.9417365e-01  -9.6189285e-02   1.3589501e-01  -1.1246376e-01  -2.3528777e-01   4.7033824e-01  -2.8839135e-02   3.3287216e-02   4.4224808e-02  -3.0608893e-01   1.8001357e-01   5.4288381e-01   1.1556273e-02   9.4857549e-02   3.6083358e-01  -2.4926093e-01   2.0044454e-01   3.4710091e-01  -3.3680271e-03  -1.5788570e-01   6.9182717e-02  -1.1858496e-02   7.6978935e-02   4.9617328e-02  -5.6745549e-02  -1.4533404e-01  -1.3964266e-01   1.2957949e-01   1.5018740e-01   5.8209569e-01   3.3010753e-01   2.3330436e-01   8.7052925e-02  -2.7132124e-01  -1.1753880e-01  -8.7944238e-03  -2.4064000e-01   4.7747663e-01   1.4342937e-01   4.5323547e-01  -2.7272221e-01   9.9571506e-02   3.8993842e-02  -8.2059539e-02   1.1582183e-01   2.1022149e-01  -2.8649643e-01  -6.5056505e-02   2.8625950e-01  -3.1305470e-01  -2.5549802e-01   6.3171950e-01  -4.5281147e-02  -1.7308153e-01   2.3146951e-01  -3.0825580e-01   3.3041976e-01   1.7940442e-01  -5.8652304e-02   6.1468342e-01   1.4759921e-01   5.8391544e-01  -3.5464917e-01  -6.6902299e-02  -2.7674573e-01   5.9054390e-02   1.1323330e-01  -7.5627156e-02   3.7491748e-02   3.5727566e-02   1.4545770e-01   4.3615987e-02   1.2191201e-01   9.0609619e-02   1.3315961e-01  -1.6458250e-01  -4.5045420e-02   1.1410608e-01   2.3103142e-01   7.7383268e-02  -1.4454915e-01  -4.7415823e-02   3.8886800e-01  -1.5199272e-01  -4.6994089e-02  -2.7094747e-01   2.0428722e-01  -4.5649965e-03   3.8664397e-01   5.7457221e-01  -1.8939627e-01  -8.6288700e-02   5.3340550e-01   2.7648312e-01   2.6541410e-01  -2.1442342e-01  -1.1241123e-01  -3.0398169e-01  -1.2175251e-01   3.0125110e-01  -1.0475949e-01  -1.7055044e-01  -4.0388020e-01  -2.7478028e-01   2.2212025e-01   2.6542356e-01   1.5482059e-01   1.2503021e-01  -7.3052374e-02  -1.5888139e-01   2.6652795e-01  -3.0000340e-01   1.6637805e-01   8.6594894e-02  -3.8683208e-02   2.0197158e-01  -5.4203288e-02   1.6491552e-01   6.3979843e-01   7.2055490e-02  -1.7598610e-01   3.7583671e-01   2.5570543e-01  -4.0862864e-02   2.7199617e-02   1.2813881e-01  -1.3035172e-01  -9.8163084e-02  -7.5790489e-02  -2.1445985e-01   6.6137075e-01
  -9.4737014e-02   5.5239065e-01   3.5540832e-02   3.0436217e-01  -8.4146093e-03  -2.8149886e-01  -3.5694163e-01   2.2742326e-01   0.0000000e+00  -2.5177790e-01   2.1920834e-02  -2.1074725e-01  -2.6034322e-01   1.3517080e-01  -3.2063081e-01  -3.4960952e-01  -2.1405138e-03   2.6666914e-02   2.3891490e-01  -3.1152442e-01  -2.1210246e-01   4.1885030e-01  -3.0718126e-01   1.2867309e-02  -1.1868865e-02   1.8056193e-01   6.9049948e-02   4.6707432e-02  -1.1896868e-01   5.4811999e-01  -2.2825233e-01   3.0391460e-01  -4.8123941e-02  -5.5262298e-01   1.3676593e-01  -3.4543578e-01  -1.4475068e-01   5.3231055e-02  -3.3177418e-01  -2.4208240e-01  -1.9726309e-01  -2.3995200e-01   1.5891856e-01   6.2740025e-02   2.8774830e-01   9.9075709e-02  -4.1628262e-02   4.1412384e-01   4.3596804e-01  -1.5098744e-01  -3.2482568e-01   2.3357832e-01   6.1411382e-02  -1.0319056e-02   2.1127468e-01  -2.9146497e-01  -8.6081851e-02   3.4364602e-01   2.1529273e-01   4.6718228e-01   1.6156124e-01  -1.2826071e-01   6.5726240e-01   5.0917790e-01   5.5470469e-01  -2.2201378e-01   5.9942554e-02   3.4016604e-01   2.4902697e-01  -1.9034878e-01  -5.4348150e-02   1.9983561e-01  -2.2430443e-01   1.5934424e-02  -3.3103893e-02   2.7832866e-01   1.0086618e-01   1.5473190e-01   3.2325583e-01  -1.5100976e-01  -2.9690164e-01  -3.2603255e-02  -3.9642831e-01   2.3069651e-01  -1.8691905e-02   1.3140582e-01  -1.3692038e-01   2.2877322e-01   2.5833035e-01   6.1497084e-03   3.4438405e-01   1.9692591e-01  -4.4267802e-01   4.4904216e-01   5.6142473e-02  -1.3652393e-01  -3.6577245e-02   3.2701812e-01   5.6534147e-02  -2.6065998e-01  -1.7658178e-01  -5.7305203e-02   4.5595925e-01   7.1032737e-01   2.2681939e-01   3.6986114e-01   1.0074470e-02   3.6503143e-01  -5.2700164e-01   6.9555061e-02  -5.5544821e-01   1.9535722e-01   5.0316012e-01  -1.0183221e-01  -1.8166260e-01   9.7485026e-02   1.2784350e-01  -1.2670536e-01  -1.3323622e-01   1.6323322e-01   9.0413505e-02   1.4763381e-01   7.9852661e-02   4.4273902e-01   3.8199203e-02   3.2065229e-01  -6.1476634e-02  -1.0931500e-01   4.6311334e-01  -2.4567249e-01  -2.0167534e-01  -2.2613167e-01   2.5311980e-01  -1.0328785e-01   4.2523187e-01   2.7005599e-01  -2.1329279e-01  -1.3739317e-01   2.3967645e-01   1.4752828e-01   3.9421059e-01  -1.0000784e-02   1.5399805e-01  -4.6729931e-01  -1.7828712e-01   5.2321618e-01  -3.0778924e-01   9.0075258e-02  -2.7998221e-01  -3.3310989e-01  -7.8605103e-03   5.5982834e-02   1.2072392e-01   3.1044752e-01  -4.5173201e-03   5.4578002e-02   1.2702917e-01   4.5745050e-02   1.2314442e-01   9.8465024e-02   2.1963734e-01   3.9999240e-01   7.3627377e-02   4.3963439e-01   2.9809735e-01   5.4487611e-02  -2.4233581e-01   2.2151245e-01   2.5547144e-01  -2.9560906e-01   7.1509416e-02   2.1139837e-02   3.0807323e-01  -3.1806008e-01  -1.6264122e-01  -1.7556127e-01   2.9386306e-01
  -1.0095544e-01  -2.3810309e-02   1.2325481e-01  -2.6260159e-01   6.0994931e-02   2.0635870e-01   2.7310604e-01  -2.1928892e-01  -2.5177790e-01   0.0000000e+00   1.3604961e-01   2.7351044e-01  -6.9147767e-02  -1.2983671e-01   1.6019673e-01   1.8536339e-01   1.0894693e-01   4.8349805e-02  -8.0381902e-02   2.6244560e-01   1.3130612e-01  -1.0593626e-01   1.5423819e-01  -1.4252047e-01   1.5334590e-02   1.0967332e-02   8.5593639e-02  -2.7212531e-01   2.2582645e-01  -2.4522867e-01   3.8767099e-02  -3.6481874e-01   7.3699245e-03   4.6294678e-01   6.5144479e-02   3.0439758e-01  -1.3727331e-01  -1.8002900e-01   1.2229706e-01   2.7790511e-01   1.1862783e-01   1.7884853e-01   1.7647249e-01  -3.8083406e-02   6.1240394e-02  -1.6260986e-01   1.9310113e-02  -5.6813218e-02  -3.0849942e-01   2.5950265e-01   1.3246254e-01  -1.5670351e-01   1.4750107e-01  -1.3442091e-01  -3.9776554e-01   2.0770050e-01   1.2311445e-02  -2.7723377e-01  -7.2274622e-02  -1.2320310e-01  -1.0410007e-01   1.7634343e-01  -1.6305266e-01  -1.1548473e-01  -4.5307519e-02   2.9493391e-01  -1.3187075e-02  -2.5490184e-01  -1.9037260e-01   2.5353246e-02   3.6254926e-01  -2.4044555e-01   3.2437782e-01  -1.1179604e-01  -9.4870395e-02  -2.1798945e-01  -1.2199231e-01  -6.1304459e-03   7.0914935e-02  -1.2486064e-01  -1.6832220e-02   2.0226945e-01   4.4106407e-01  -2.0247823e-01  -1.9086283e-02  -3.0285161e-01   1.6097033e-03  -1.4834085e-01  -3.0442998e-03  -1.8044127e-01  -7.0224027e-03  -1.6334523e-01   5.1171434e-01  -8.5926358e-02  -1.4108803e-01   2.4042534e-01  -8.0167056e-02  -3.4056590e-02  -5.3738075e-02   2.2846483e-01  -4.9742880e-02  -7.8357007e-02  -1.2368122e-01  -1.7488669e-01  -2.9316904e-01  -3.2651268e-01  -2.9276916e-02  -2.0633099e-02   4.0248151e-01   3.1712925e-02   4.6387781e-01  -2.1815229e-01  -2.9120738e-01  -1.3697951e-01  -1.1548938e-01   2.4765929e-01   6.8064502e-02   2.2006101e-01  -5.2166852e-02  -2.4350627e-01  -1.8396222e-01   1.0055797e-02   1.9604520e-01  -2.6679446e-02  -1.5366861e-01  -1.3173081e-01   2.0673221e-01   7.1925094e-02  -2.3231979e-01   2.7778904e-02   1.9622932e-01   4.3883869e-01  -1.9864411e-01  -1.3189181e-02  -9.8345486e-02  -2.5509593e-01  -1.2070885e-03  -2.8614828e-02  -2.7204227e-01  -1.2476621e-01  -1.6279143e-01  -1.5271899e-01  -2.3464664e-02   2.7266031e-01   4.1053228e-03  -2.4869768e-01   4.1413683e-01  -3.1896318e-03   1.8068825e-01   2.1335599e-01  -2.2152423e-01  -1.0567700e-01  -1.1445260e-01   7.6289796e-03   1.2491837e-01  -2.5180153e-01  -2.2548881e-01  -2.4117494e-02  -8.1185987e-02  -2.9825857e-01   6.1715910e-02  -1.5205272e-02   4.0433765e-02  -2.6228139e-01  -1.1255377e-01   3.3461230e-01   3.7845435e-01  -1.7424046e-01  -2.6408668e-01   3.5405804e-01   3.7270730e-01  -1.7390760e-01   4.1503261e-02   1.1162299e-01   1.3706811e-03  -5.5106600e-02  -5.8121019e-02
  -8.6478947e-02  -9.8209006e-02  -2.3438710e-01   1.6508963e-01   7.7625711e-02   2.3448255e-01   1.9670631e-01  -1.3816237e-01   2.1920834e-02   1.3604961e-01   0.0000000e+00  -1.6766903e-01  -1.5950226e-02  -2.7876423e-02   1.5441579e-01   4.7183483e-02  -1.8348059e-01   6.5410170e-01  -2.2320627e-01   1.6215620e-01   4.5643703e-01  -1.2890900e-02   4.1385948e-01  -2.2358752e-02   9.5256421e-02  -1.8904830e-01   4.8111169e-02  -1.5162304e-02  -1.0199976e-01   1.6357179e-02   1.8664603e-01  -7.0354777e-02  -2.7237854e-01   1.9639129e-01   1.2037374e-02   5.3572907e-01   2.1506841e-01  -3.2962577e-01   8.2303729e-02  -7.2626576e-02   1.1741587e-01  -1.1310793e-01  -5.6779074e-02   2.6696024e-01   4.5884033e-01  -8.3792578e-02   7.5486650e-01   1.1208506e-01   5.1395005e-03  -2.1775020e-01   5.1564209e-01  -2.4938405e-01   1.0151564e-01  -2.1007970e-01  -6.7580254e-02   3.9102084e-01   8.2843952e-02  -1.7622867e-03   3.6427032e-01   9.2681017e-02  -6.8834784e-02   2.1920515e-01  -1.6109031e-01   1.3521266e-01   2.2258746e-01   4.3286686e-01  -1.5621921e-01  -2.6137432e-02   4.5924653e-01  -1.3273261e-01  -1.7957684e-01   3.9738559e-01   1.3155689e-01   1.1560626e-01  -2.3697204e-01  -1.7855175e-01  -4.1524548e-02  -3.3415371e-03   2.2662588e-03  -2.4577667e-02  -1.7999449e-02   1.4805471e-01   1.6033952e-01  -1.1729284e-01  -3.2018816e-01  -2.0365419e-01  -3.9285843e-02   5.0449386e-02  -2.9409904e-01  -2.3409462e-02  -9.4733982e-02  -1.7826922e-01   1.1370882e-01   2.9894368e-01  -2.1050144e-01  -1.5159843e-01   8.7024436e-02  -1.8234860e-01   6.8815707e-02   1.9935391e-01  -2.4413989e-01   4.4758417e-01   1.0292180e-01   8.5154169e-02   2.9817638e-01  -1.6125764e-01  -3.1919097e-01   3.2964071e-02   1.8884980e-01   2.0504600e-01   1.8789835e-01   2.9548379e-01  -1.1782091e-01  -3.9373358e-01  -3.1845623e-02  -1.1577584e-01   7.9564544e-02   1.5335947e-01  -5.3946115e-02   2.4154942e-01  -1.5104444e-02   1.2771008e-01  -2.7042167e-01   1.4207954e-01  -6.8717517e-02   2.2716486e-01   2.7860382e-01  -9.0784743e-02   4.0081130e-02   2.5261628e-03   1.2683424e-01   4.7195400e-01   2.0288062e-01   2.9761762e-01   7.1661901e-02  -1.2324167e-01  -3.5162692e-01   7.7282066e-02  -9.8638059e-02  -4.5009446e-01  -1.3693995e-01  -6.1694661e-02   6.3027659e-01  -4.8585880e-02   1.4529030e-01   1.3184428e-01  -1.5881130e-01   3.4183389e-01   3.8958150e-01   2.0557331e-01  -1.4143372e-01   9.3878582e-02  -9.2438480e-02   4.4458686e-01  -2.9938372e-01  -2.2157680e-01  -5.2115902e-02   3.5749667e-01  -2.3437360e-01   1.5295026e-01   5.7197890e-02   4.7169205e-01   2.6246488e-01   4.0009635e-01  -1.1075866e-02  -1.3770378e-01   4.1962808e-01  -1.4856794e-01  -5.7383555e-02   9.3874771e-04  -1.6722972e-01  -2.3976965e-01   4.8857275e-01  -2.3719007e-02  -4.0409187e-02  -1.9979566e-01  -2.1406411e-02
  -1.8669627e-01   1.6475532e-01   4.0164233e-01  -2.9764243e-01   3.7158407e-02   4.2437534e-01   5.6871526e-01  -1.8525424e-01  -2.1074725e-01   2.7351044e-01  -1.6766903e-01   0.0000000e+00   4.4312411e-02  -3.9005012e-01   1.2161668e-01   2.9230353e-01   4.0207448e-01  -1.6447919e-01   7.4416905e-02   2.0937940e-01  -8.9933946e-02  -2.2217026e-01  -6.5462515e-02  -3.5408677e-01  -8.5823566e-02  -7.8980900e-02   2.7214418e-01  -4.7715794e-01   1.0037165e-01  -2.2574771e-01  -1.1133228e-01  -2.9173909e-01   1.9807100e-01   3.7366174e-01   5.0620731e-01   7.4420539e-02  -2.0057772e-01  -1.8984929e-01   2.0987037e-01   3.9035370e-01  -1.1909088e-01   3.1687761e-01   5.3944294e-01  -2.7735360e-01   1.6690916e-01  -1.8562550e-01  -2.3159802e-01   2.8479890e-02  -2.7941782e-01   4.1377835e-01   2.6495885e-02  -3.3348055e-01  -6.4145217e-02   5.8070408e-02  -2.9395789e-01  -4.4320198e-02  -8.2453920e-02  -3.3270237e-01  -1.8441627e-01   3.5683880e-01  -4.8127276e-02   3.0372350e-01  -1.0543496e-01  -3.5635168e-01  -2.1895095e-01   5.3163438e-02   2.4436795e-01  -7.3406682e-03  -1.0130310e-01   3.0394208e-01   3.1706534e-01  -1.8196878e-01   1.8967280e-01  -2.3855991e-01   8.8724877e-02  -3.0579836e-01  -1.2953444e-01  -8.8533259e-02   1.2416576e-01   7.8397380e-02  -3.6696766e-02   3.4232791e-01   1.8174967e-01  -2.6943686e-01   5.2025415e-02  -3.6587374e-01  -7.3005521e-02  -1.6118249e-01   6.4977687e-02  -3.5809504e-01  -4.4010423e-02  -2.4572770e-02   5.3431785e-01   2.1490678e-01  -1.0116773e-01   3.0296725e-01   6.8354022e-02  -6.3973589e-02   1.9664842e-01   9.2397945e-02  -2.4560416e-01   5.5405887e-02  -3.1080068e-01  -1.6984205e-01  -2.4989375e-01  -3.0929622e-01   2.0827906e-01  -6.0944805e-02   2.4644711e-01  -1.0922602e-01   4.6693058e-01  -1.9614252e-01  -2.3186623e-01  -2.2809139e-01  -4.1184102e-01  -1.3279814e-01  -1.6533689e-01   1.6064740e-01  -1.1889520e-01  -2.0857472e-01  -2.4269977e-01   1.3171013e-01   4.5567161e-01  -2.3132326e-01  -2.4028516e-01   6.8764804e-02   4.7051758e-01   2.1416579e-01  -2.3912303e-01   3.4650429e-01   1.8372608e-01   1.2046273e-01  -3.6154493e-01  -3.1610407e-01  -1.6503865e-01  -3.3019715e-01   3.1028104e-01   7.6861287e-02  -3.5399519e-01  -2.2366184e-01  -2.3674820e-01   5.5388692e-03  -8.9530244e-02   6.5151338e-01  -5.8780519e-03  -3.6264545e-01   5.4985498e-01  -1.2581856e-01  -3.6074060e-02  -1.9350145e-02  -2.0523829e-01  -2.4086270e-01  -1.1975888e-01  -2.6427901e-01   5.8174707e-01  -3.5106007e-01  -3.0517397e-01  -8.4750337e-02   1.0170660e-01  -3.3421317e-01   9.6175307e-02  -2.7217628e-01  -9.0780111e-03  -4.2495520e-01  -1.7788464e-01   2.4375650e-01   4.3618541e-01  -2.9976922e-01  -1.9272871e-01   1.3548755e-01   2.8676070e-01  -1.2837842e-01  -1.0173744e-01   4.3631873e-01  -3.6650990e-02   2.5133107e-01  -1.5805804e-01
  -1.9954026e-01  -1.3789763e-01  -2.3411887e-01  -1.3698000e-01   3.4901081e-01   3.1415526e-01   2.6327133e-01  -1.4156528e-01  -2.6034322e-01  -6.9147767e-02  -1.5950226e-02   4.4312411e-02   0.0000000e+00  -9.3992175e-02  -7.9367249e-02   3.7791428e-01   5.2933232e-02   7.4664331e-02  -1.1626801e-01   4.4665591e-01   1.8141208e-01  -3.3738008e-01   8.3373467e-02  -1.7189685e-01  -1.9220049e-01  -3.3469647e-01   1.2052532e-01  -1.7241924e-01   1.2839191e-01  -2.0526784e-01   9.8986285e-02  -4.3354278e-01   9.4836987e-02   1.0912807e-01  -1.0423388e-01   3.5385685e-01   1.0060941e-01  -3.2068363e-01   5.5795931e-01   2.8975964e-01   6.0314345e-01  -4.2192503e-02   2.0186380e-02  -1.5526484e-01   3.3791174e-02  -1.7089038e-01   2.4112922e-01   3.1159560e-02  -3.3795656e-03   2.0551406e-01   1.8681475e-01  -3.0572374e-01   1.3764205e-01  -1.8891629e-01  -7.2551970e-02   2.3779673e-02   6.5573689e-02  -3.0051006e-01   1.1249013e-01  -3.1670974e-01  -3.6019607e-01   2.9267602e-01  -2.3543865e-01  -2.3116711e-01  -1.8042070e-01   2.0506807e-01   1.7324798e-01  -8.5910750e-02  -5.4046361e-02   2.1879487e-01  -4.8313322e-02  -2.3440997e-03   4.9063374e-01  -2.7930316e-01   1.2645506e-01  -4.0122094e-01  -3.1635255e-01  -9.3896130e-02  -6.3469690e-03   2.9612191e-01  -3.1125467e-02   2.2508988e-01   1.2655347e-01  -1.7636137e-02  -2.6161903e-01  -3.0605197e-01  -3.9916108e-02  -3.4496464e-01   1.2543220e-01  -2.2147478e-01  -9.4391315e-03  -3.7481815e-01   2.2763618e-01  -2.1651214e-01  -3.0218161e-01   3.6395874e-01   4.6008672e-01  -3.3909810e-01   1.3877821e-01   4.5372067e-02  -7.3216780e-02   9.4957586e-02  -5.5926855e-02  -2.2983439e-01   1.6602779e-02  -3.4766661e-01  -1.6193316e-01  -3.1769314e-01   1.7446758e-01   3.4404283e-01   1.3002984e-01  -3.5913568e-02  -1.3487409e-01  -8.4056502e-02  -7.5684078e-02  -1.4521037e-01  -1.7183591e-01   5.6048665e-01  -7.1855284e-02  -1.3666982e-01  -3.0002491e-01   3.0897188e-01  -9.0385641e-02  -1.5483530e-01  -2.1136151e-01  -1.7089048e-01   1.2030189e-01   1.0471506e-01  -3.2870590e-01   4.8801933e-01   6.4110852e-01   2.3641914e-01  -1.3325018e-01   1.2508323e-01  -3.0711290e-01  -4.0862987e-01   1.6420100e-01   2.5198539e-01  -3.7263442e-01  -2.5454992e-01  -1.7495531e-01   4.9053536e-01  -1.1708140e-01   2.0249513e-01  -2.5177403e-02  -1.2352492e-01  -1.2778390e-01   3.3229554e-01   2.7848498e-01   1.8615575e-02  -3.3962060e-01   6.6302237e-02  -3.7488201e-01   9.9834387e-02   2.1870401e-01  -9.0936052e-02  -3.7084999e-01   2.0683031e-01  -2.8092274e-01  -1.4268596e-01  -8.8317594e-03  -1.3562868e-01   8.8450060e-02  -1.0548511e-01  -2.7305034e-01  -1.1823033e-01   1.4431560e-01  -2.1594437e-01  -4.0911141e-01   1.3300016e-01  -3.0349175e-02  -3.0760633e-01  -8.7967319e-02   3.0149130e-01   7.3832012e-02   2.4116265e-01  -2.9065540e-01
   9.1617651e-03  -4.1863894e-02  -2.3468340e-01   1.5719379e-01  -3.1973001e-01  -3.1235201e-01  -3.2482497e-01   1.3069508e-01   1.3517080e-01  -1.2983671e-01  -2.7876423e-02  -3.9005012e-01  -9.3992175e-02   0.0000000e+00   1.0838625e-01  -3.0869986e-01  -3.2303157e-01  -1.3632866e-01  -1.4829591e-01  -2.6825283e-01  -1.5819950e-01   1.6384172e-01  -1.1241508e-02   3.4517405e-01  -3.2338727e-03   7.1673805e-03  -1.9151969e-01   5.1681550e-01   1.9454313e-01   1.8888204e-01   2.4280311e-01   1.5093073e-01  -1.7933871e-01  -1.5608499e-01  -2.1592833e-02  -2.9595799e-01   1.8497383e-03   9.9213417e-02  -3.6736690e-01  -1.1938007e-01  -2.2336599e-01  -3.7671702e-02  -1.3426077e-01   3.5342330e-01  -5.7754617e-02  -1.5775294e-01  -1.9805426e-01  -2.2619118e-01  -7.8190282e-02  -2.2406973e-01  -2.2944417e-01   7.8321758e-02  -1.5732714e-01   1.0568294e-03   4.1435846e-01   1.0102699e-01  -7.0794864e-02   2.0620614e-01  -5.2393802e-02  -2.3183482e-01  -1.2899464e-01  -2.0571039e-01   2.3456529e-01   2.2889036e-01   7.4903194e-02  -5.9236621e-02  -2.1982258e-01   9.8252231e-02  -1.0408743e-01  -2.5257597e-01  -1.0577686e-01  -1.5158447e-02  -3.3876554e-01   4.5942056e-02   1.6693116e-01   2.3604773e-01  -2.0346243e-01   3.1876374e-02  -6.8684446e-02  -2.8791421e-01   4.0233561e-01  -2.8945789e-01  -1.0331099e-02   3.9246059e-01   4.9288631e-02   2.5577147e-01   3.0107678e-01   3.6387735e-01  -1.1211388e-02   2.6283898e-01   1.0606622e-01  -9.1810228e-02  -2.8222282e-01  -1.5914861e-01  -1.2175707e-01   1.1353407e-02  -7.0074898e-02   6.8511558e-03  -2.4011966e-01   1.4809050e-01   5.0808796e-01  -5.8841998e-02   3.7784322e-01   2.2058881e-01   9.2543429e-02   2.2323764e-01  -1.5760084e-01  -5.5128705e-02  -1.6343167e-01  -1.4736972e-01  -1.8867765e-01   6.2493832e-02   1.3344147e-01   2.0713071e-01   4.1176074e-01   1.2259576e-02   1.1618382e-01  -1.0259824e-01   4.4120983e-01   6.0117196e-02  -4.3651597e-02  -1.4757490e-01  -7.8843433e-02   1.2606985e-01  -1.3843246e-01  -4.7635211e-02  -2.2847900e-01  -1.3432747e-01   2.4374680e-01  -2.7279088e-01  -4.3251499e-01  -2.3091905e-01   2.8887549e-01   1.8191971e-01   2.3772432e-01   1.8835429e-01  -1.5344171e-02   2.1408865e-02   2.7097942e-01   3.5166122e-01   5.1391536e-01  -5.2543993e-02  -1.3826382e-01  -2.4852200e-01   2.1902824e-01   2.7289644e-01  -9.8753634e-02  -1.3773951e-01  -1.0172590e-01  -4.6348236e-02   6.7025843e-02   4.5895993e-01  -1.0359885e-01   3.5433152e-02  -2.4881597e-01   3.5316556e-01   5.2528235e-02  -1.1510620e-01  -1.2488148e-01   3.6112935e-01   1.3204584e-01  -1.4676696e-02  -2.9139265e-01   1.9384836e-01   4.2627397e-02   7.2228961e-02  -2.7743823e-01   1.2644059e-01   6.0454444e-02  -1.3463581e-01  -9.6368558e-02  -8.8249486e-02  -5.9341821e-02  -3.8196870e-01   2.5028340e-01  -2.0509438e-01  -2.1604767e-03
