   0.0000000e+00  -1.6971531e-01  -6.6361032e-03  -2.1038146e-01   2.0435389e-01   1.3276164e-02  -4.2403356e-01   3.1860213e-01   1.2091416e-01  -1.9838618e-02  -2.4237923e-01  -2.2619083e-01   2.5546371e-01  -1.0346599e-02  -3.8719911e-01  -2.5018131e-01   1.9415532e-02  -2.8254800e-01  -1.6933300e-02   1.8268855e-01  -2.8623417e-01  -1.4357393e-01  -2.4024776e-01   6.4948118e-01   3.7772439e-02   3.0994408e-01   2.6090702e-01  -5.4235900e-02   6.0093146e-02  -2.6301370e-01  -4.3612140e-01   9.9334187e-03  -2.3081670e-01  -3.3144934e-01  -1.1858568e-01  -5.7798055e-02  -3.1564215e-02   1.9068551e-01  -1.4927993e-01   7.6746884e-02   2.1259873e-01  -1.8046449e-01   8.3209533e-02  -1.6670309e-01  -2.1075635e-01   6.1066700e-01  -4.8072634e-02  -4.4095049e-01  -2.9061084e-01   6.3658540e-02  -1.0856994e-01   8.1779626e-02   1.2416371e-01  -8.2887752e-02  -5.1986375e-02  -2.2129604e-01  -1.6105545e-02  -7.1107673e-02   7.6840643e-02  -1.3296897e-02   4.3063478e-01   1.3645452e-01  -1.9151422e-02   1.0383897e-02   6.2622793e-02   3.5553664e-02  -4.9264863e-02   5.5155947e-02  -1.8943908e-01   1.9592181e-01  -3.1243756e-01  -9.2965928e-02  -2.5850188e-02  -4.3548158e-02   1.3906938e-01  -9.4060503e-02   4.3931983e-01  -4.3658128e-02   1.5108878e-01  -9.1804259e-03  -2.2200601e-01  -1.5221208e-01  -3.1762896e-01   2.2786522e-01  -2.4235786e-01  -5.5380915e-02  -5.1785451e-02   2.2605555e-01   6.6522941e-02   5.9372056e-01   2.2937106e-01   1.3119980e-01  -4.4517340e-02   7.5371795e-02   4.0401623e-01   2.2176361e-01   3.9321685e-03   2.4410630e-01   1.3078427e-02  -3.0492861e-01  -3.7447877e-03  -2.7724194e-01  -2.7128741e-01  -1.2555189e-01  -4.5655960e-02  -4.7237719e-02  -1.3340250e-01   2.0805873e-01  -1.7432612e-01  -1.2775432e-01  -2.3869859e-01  -1.8318580e-01  -2.9956394e-01   7.4939416e-01  -2.7599353e-01   1.4501659e-01  -1.4074331e-01   5.4139485e-02  -3.2967308e-01  -4.6407139e-02   4.2563525e-01   2.2707959e-01  -4.4910012e-02  -6.0694711e-02   5.4889878e-01  -1.9307263e-03  -2.1658246e-01   4.8173970e-02   7.4684560e-02  -2.0216770e-01  -4.1223216e-03  -2.4874234e-01   1.0430022e-02  -4.8612202e-01   5.6745694e-02   2.3993702e-01   1.1138415e-01  -3.7184229e-01   2.2975205e-01   5.9752827e-01   5.1248796e-01   2.7238961e-01  -1.2609659e-01  -2.8640369e-01  -4.3442073e-01  -2.4149671e-01  -3.8217992e-01   2.0205239e-01  -4.8714987e-02  -3.7732436e-01  -1.8319056e-01  -5.0557727e-02   2.6626799e-01   2.3332510e-01  -5.5553033e-02   5.1555033e-01   6.0764029e-01   2.8264426e-03   1.2194726e-01  -4.9270766e-03  -1.2999719e-01   1.3071013e-01   5.2597450e-02  -1.5864549e-01   3.5718312e-02  -3.4570851e-02  -1.9844712e-01  -8.1927842e-03   5.8390213e-01  -5.1917209e-02   9.6336910e-03   3.2705441e-01   4.3352399e-02  -6.9062031e-02  -2.3438270e-01  -1.8416143e-01  -1.2190372e-01
  -1.6971531e-01   0.0000000e+00   3.1240284e-01  -2.4240324e-01   3.6447479e-01  -1.1366769e-02  -1.6867890e-01  -8.8951152e-02   4.8060113e-01  -5.2387976e-02  -3.5988456e-01   7.0784976e-01  -3.8630697e-02  -3.5352756e-01  -1.7930683e-01  -1.2102173e-01   4.2109891e-01  -4.1280086e-01   2.1404358e-02   3.3343715e-01  -4.8158563e-01  -5.3525281e-01  -4.8413033e-01  -1.2537012e-01   7.9926819e-02  -2.8265362e-03   1.5093202e-01  -4.5441957e-01   2.3069665e-01  -1.2802234e-01  -2.5698982e-01  -2.2212690e-01   3.5390627e-02   2.0266071e-01   3.6460217e-01  -2.6006955e-02  -3.0012281e-01  -8.8817930e-02  -6.8188406e-02   4.9848524e-01  -1.6363684e-01   2.3755746e-01   2.4128867e-01  -2.3880165e-01   1.1088852e-01   4.3321370e-02  -3.3829519e-01  -1.3055537e-01  -1.9001951e-01   5.0722524e-01  -5.4267327e-01  -1.7862257e-01   4.8541199e-01   3.2489985e-01  -6.1240384e-03  -5.1317944e-01  -3.2376029e-01  -2.6282544e-01  -1.9435234e-01   8.4986424e-02   2.9575348e-02  -4.2078250e-02   5.1489410e-01   1.7421650e-01   4.9390451e-01  -2.4470468e-01  -1.8939887e-01   3.1486008e-01  -4.4425824e-01   5.4658873e-02   5.3661757e-01  -2.9821671e-01   5.2257032e-02  -3.3033939e-02   9.1510227e-02  -2.5005413e-01  -9.0931239e-02  -4.6997334e-01   6.5030864e-01   3.8666195e-02  -4.9045090e-01   3.5189771e-02  -1.3236406e-01  -4.9486960e-02   1.0390068e-01  -4.1692541e-01   2.3876460e-01  -6.7854044e-02   6.3046777e-01  -2.2545900e-01   4.3001817e-01   1.8057225e-01   4.4319503e-01   9.0339802e-02  -1.3213027e-02   4.8536080e-01   5.6456805e-02  -3.3719586e-01   1.1224166e-01  -8.1641609e-02  -1.0072707e-01  -2.7698111e-01  -4.3685501e-01   4.2703193e-01  -5.8000192e-01  -1.1251126e-01   2.7735172e-01  -3.5824521e-01  -3.2561563e-01  -2.9914988e-01   1.6023939e-01  -4.9771958e-01   1.7212005e-01  -1.7442745e-01  -2.0190462e-01   6.5664053e-01  -4.2780205e-01  -7.5914222e-02  -2.7611032e-01  -9.6527784e-02  -1.8822150e-01   3.4036604e-01   4.9599495e-01  -1.7332848e-01  -2.0752566e-01  -1.8137180e-01   1.6062525e-01   2.8922005e-01  -3.4923917e-01   2.6005120e-01  -6.1287025e-02   4.1341873e-02   4.4300996e-01  -2.2707950e-02   3.1659239e-01  -1.4845032e-01   9.7780363e-02  -2.6009289e-01  -2.6778375e-01  -6.5452409e-02  -1.2021229e-01  -9.3089051e-02  -2.6067702e-01  -2.2592855e-01  -3.8614654e-01  -5.2959724e-01   3.5777735e-01  -6.3303705e-03  -4.1165602e-01   3.6115424e-02  -1.0075166e-02  -2.9447840e-01   3.7985402e-02   1.6928783e-01   6.7806423e-01  -1.1867273e-01  -1.0344320e-01  -2.2133074e-01   2.5767966e-01  -3.7173757e-01   1.6912176e-01  -3.2082867e-01  -8.8367539e-02  -4.6495398e-01  -9.9565889e-02   3.9594407e-01  -4.6825196e-02  -3.6162891e-01   9.2341336e-02   4.6495159e-01   4.7462107e-01  -1.0043679e-02  -2.6498711e-03  -1.1285469e-01   2.3213298e-01   2.5274960e-01  -2.4992422e-01
  -6.6361032e-03   3.1240284e-01   0.0000000e+00  -2.4172496e-03   1.1737774e-01   1.9010606e-01  -2.8312571e-01   1.2229315e-01   5.6111309e-02  -1.9356646e-01  -5.1118953e-01   2.9990987e-01  -5.6724665e-02  -1.1109155e-01  -1.2714873e-01   1.1348160e-01   8.9230219e-01  -5.4007370e-01   7.1307957e-02   1.9419954e-01  -2.3335651e-01  -2.1025125e-01  -3.6984826e-02  -5.0581122e-02   2.7151930e-01   2.4878367e-01   2.1332072e-01  -3.1251236e-01   1.3899908e-01  -4.0619571e-01  -2.2033632e-01  -5.3880704e-02   1.7262460e-01   7.3221585e-02  -3.0752733e-02  -2.3794658e-01  -2.2311289e-01   5.1867808e-02  -5.9788468e-02   5.9804996e-01  -2.0032101e-01   2.3566540e-01  -1.6506542e-01  -3.6097666e-02  -3.5468200e-01   1.6654082e-01  -2.4089300e-01  -2.2327686e-01   7.9240201e-02   7.0006082e-01  -4.7491341e-01   6.5288763e-02  -1.1858873e-01   4.0207443e-01  -9.1329467e-03  -2.0871616e-01   9.1295182e-02  -7.7084446e-02  -1.0939144e-01  -3.4855795e-03   2.3224273e-01  -2.1096288e-01  -8.1759237e-02  -2.3491168e-01  -2.3895272e-01  -4.0491651e-01   1.9662485e-01   1.0214459e-01  -1.5018314e-01   6.1289261e-01   4.3725699e-01  -2.8013566e-01  -2.1950464e-01   4.5657977e-01   3.1484631e-01  -4.7615027e-02   3.0466710e-01  -1.9806418e-01   9.3258059e-02   1.4709768e-01  -1.8763476e-01  -3.1853776e-01   1.3752443e-01   1.2315862e-01   4.0029709e-01  -1.2618104e-01  -1.3825290e-01   1.4735272e-02   3.9877070e-01  -2.8529223e-02  -1.7153707e-01   5.2248998e-01   4.2075278e-01  -9.6096846e-02   1.4404451e-01   3.5149407e-01   2.8056847e-01  -1.1665004e-01  -1.2940850e-01  -2.4558032e-01   2.5934762e-01  -2.0451731e-01  -2.4770588e-01  -8.7576765e-02  -3.2991970e-01   1.7639354e-02   4.8769878e-01  -4.6485529e-02  -3.3189451e-01  -2.8072194e-01   2.9691825e-01  -2.4534757e-01   1.4767360e-01   4.3891137e-02   2.1544432e-01   1.0996538e-01  -1.8280313e-01  -3.0868898e-01   2.2762880e-02   8.1416833e-02   9.4402442e-02  -9.7890196e-02   4.2191461e-01  -3.4920913e-01   1.7000291e-02   1.1069016e-01  -2.7918543e-01   4.4494806e-01  -3.5379145e-02   7.4727128e-01  -1.5666747e-01  -3.5146427e-01   4.5686549e-01  -8.2198138e-03   1.2162753e-01  -1.5860809e-02   2.4486163e-01  -1.3076274e-02   1.5438957e-02   8.3665304e-02  -6.7503147e-02   1.0041900e-01  -2.5190303e-01   2.0932501e-01  -1.1996593e-01  -5.0441275e-01   3.5994865e-01  -3.7163215e-01  -1.8191973e-01  -2.1109567e-01   2.6989488e-01  -1.7501961e-01   1.6659504e-01  -2.1450252e-01   6.4075713e-01  -1.6093197e-01   4.4919370e-02  -1.0079706e-01   3.8800915e-01  -1.8850244e-01   1.0190710e-01  -4.6181523e-01  -2.3933346e-01  -2.7022681e-01   2.5508174e-02   9.1078870e-02  -3.4444561e-01  -1.9225319e-01   3.4029998e-02   3.0205849e-01   1.9175872e-01   5.9387120e-02  -4.2033816e-01   1.6816800e-01   2.0318567e-01   1.7826517e-01  -1.6441640e-02
  -2.1038146e-01  -2.4240324e-01  -2.4172496e-03   0.0000000e+00  -1.7360804e-01   3.0727270e-01   2.8209067e-01  -8.0138569e-03  -2.7300157e-01   2.2270030e-01   2.4821186e-01  -3.2376837e-01  -1.1886126e-01   2.2225772e-01   3.0786930e-01   4.0336083e-01  -3.9706501e-02   3.5715988e-01  -4.8725361e-02  -5.7814019e-02   4.9189693e-01   6.2437858e-01   3.8757361e-01  -2.6388865e-01   1.6678503e-01  -1.2009799e-02   3.0936310e-02   2.4517382e-01  -2.2881182e-01   1.4911713e-01   3.4798086e-01   5.9916260e-01   1.5922501e-01   1.6126389e-01  -4.4425021e-01   2.0691326e-01   1.8787850e-01  -1.9626964e-01   2.1003494e-01  -2.6372149e-01  -6.5170637e-02  -3.5078685e-02  -6.2310647e-02   3.0104886e-01   1.0155379e-01  -3.7082887e-01   2.5498851e-01   2.9082243e-01   3.5354267e-01  -2.2726425e-01   4.0707856e-01   4.8567025e-02  -1.0315092e-02  -1.2221182e-01  -1.0139381e-01   3.4383150e-01   3.3808434e-01   6.0280667e-01   4.0930073e-01   1.6476362e-01  -1.1624529e-01   7.3610734e-02  -1.1081458e-01  -1.4402782e-02  -3.4125285e-01   1.1940520e-01   3.8595938e-01  -2.1660227e-01   5.1347502e-01  -2.4388564e-01  -5.8079589e-02   5.7201908e-01   1.2626635e-01  -6.4463536e-02  -2.7757429e-01   3.1621833e-01  -1.9874434e-01   4.0483478e-01  -3.5567957e-01   2.4139861e-01   4.0572934e-01   6.1123075e-02   2.6690089e-01   2.1368034e-01   6.8302760e-03   3.2663111e-01  -2.7815563e-01  -1.2460046e-01  -3.3653186e-01   1.3749164e-02  -2.9146760e-01  -1.0059875e-01  -7.5271150e-02  -2.8171667e-02  -2.4922839e-01  -1.8879535e-01   2.8655407e-01   2.4569854e-01   2.7467619e-01   1.2936419e-01  -6.0136340e-02   3.6597301e-01   4.5483330e-01  -8.4332362e-02   4.3998517e-01   5.2954278e-01  -2.5953816e-02   3.8787707e-01   2.8639873e-01   3.9063817e-01  -9.2506951e-03   5.9769950e-01   6.2654025e-01  -1.4418426e-01   1.1127442e-01  -3.3028454e-01   3.6739362e-01   1.5922323e-02   2.3805888e-01   7.6096906e-01  -5.2591898e-02  -2.6839727e-01  -3.0770800e-01   1.6427542e-01  -2.7363425e-01   1.7445322e-01  -1.3752753e-01  -4.5320415e-02   5.6206783e-01  -4.4121100e-02   1.9495998e-01   1.5514203e-01  -1.6751430e-01   3.0135321e-01  -3.4536348e-02   1.4538293e-01  -2.5395287e-02   3.4903327e-01   1.5039364e-01  -2.9296620e-01   4.5604850e-02  -3.0870462e-01   1.7151492e-01   1.6162599e-01   3.3970913e-01   2.5957427e-01   5.5403681e-03  -9.5066206e-02   2.3987815e-01   2.4265043e-01  -9.2370784e-02   2.3013131e-01  -6.2481696e-02  -1.7401448e-01  -1.6583764e-01  -2.8446440e-01  -1.7297974e-01   3.2604441e-01  -3.3009944e-02   3.4120750e-01   3.5262238e-01  -2.3753761e-02   2.1742302e-01   6.8131042e-01   5.2527782e-01  -1.8655289e-01   1.8189063e-01   3.5500691e-01  -1.8550714e-01   6.0365441e-02  -2.8238924e-01  -4.1263711e-01   4.5455853e-02   2.3630194e-01   1.2585125e-01   6.5935224e-03   5.4815641e-01
   2.0435389e-01   3.6447479e-01   1.1737774e-01  -1.7360804e-01   0.0000000e+00   7.5617850e-02  -4.0664906e-01   2.5732693e-01   2.8645480e-01   3.1017980e-01  -7.6890643e-02   2.8212491e-01   4.0660285e-01  -5.0149205e-01  -2.9026800e-01  -1.9415587e-01   2.5912325e-01  -1.2192906e-01   1.5767003e-01   8.9154751e-01  -3.2346565e-01  -3.9677239e-01  -4.4303152e-01   4.5879008e-02  -7.4757164e-02   1.7277260e-01   6.9514794e-01  -3.7614613e-01  -6.1976096e-02  -3.0939676e-01  -3.8012754e-01   5.6973792e-02   4.3537699e-03  -5.7681948e-02   1.0959854e-01   4.9074850e-01  -1.0282665e-01   7.7566839e-02  -6.0758729e-02   3.8385066e-01   2.2794144e-01   1.6023758e-01   2.0993006e-01  -3.4013521e-01   8.6936816e-02   4.2128707e-01   1.6866742e-01  -4.3248859e-01  -2.3553113e-01   3.6736600e-01  -1.3272412e-01   1.1597089e-01   4.9597623e-01   1.2077208e-01  -2.7938242e-01  -4.5279744e-01  -2.3451707e-01  -1.0081495e-01   4.3002112e-02  -2.7676629e-02   2.1514056e-01   4.1962475e-01   3.6278115e-01   6.1035755e-02   4.3348716e-01   1.7108260e-01  -1.1585322e-01   3.3809442e-01  -2.9033393e-01  -2.9229107e-02   6.3566180e-02   7.4547840e-02   3.0010647e-01  -2.3706144e-01   1.1011973e-01  -6.2589645e-02   1.0533204e-01  -4.3228706e-01   6.0757908e-01  -2.8954975e-02  -5.6137056e-01   6.1602697e-02  -3.8145713e-01  -2.6150125e-02  -3.4560403e-01  -1.5951710e-01  -2.5857967e-01  -1.3546415e-01   4.4935334e-01   5.2199619e-02   6.4229360e-01   2.8946530e-01   4.0226964e-01   2.0309287e-01   2.0668998e-01   7.7119081e-01   1.5574530e-01   3.1752873e-02   3.6208526e-01  -1.9044886e-01  -3.2553894e-01  -3.9960178e-01  -4.9492010e-01   8.6318774e-02  -3.8857267e-01   1.6315105e-01   1.7451269e-01  -9.2753917e-02  -2.4002986e-01   2.2603361e-03  -1.2140184e-01  -3.9954844e-01   2.5376651e-02   1.6200539e-01  -4.1214390e-01   5.8170352e-01  -4.0021195e-01   2.7105518e-01  -5.0613759e-01  -1.0309371e-01   1.6313191e-01   6.0059444e-01   2.7663502e-01  -1.5050578e-01   2.0247136e-01  -5.7398718e-01   4.3291176e-03   2.4291752e-01   4.8120008e-02  -1.5978136e-01   1.7150169e-01   8.9953933e-02  -2.1335625e-02  -3.3660681e-01   3.3230288e-01   3.1685570e-01   1.4092204e-01  -5.4091991e-01   1.9922497e-01   1.7315254e-01   9.8812994e-03  -1.0709198e-01  -1.2809572e-01  -5.4791553e-01  -6.4400616e-01  -3.9886840e-01  -7.2247458e-03   4.6005385e-01   2.8652894e-02  -1.0177991e-01  -3.9396645e-01  -2.9532398e-01   2.5567233e-01   5.0650654e-01   3.0150988e-01   2.6030002e-02   2.1919042e-01  -7.7426478e-02   2.0955048e-01  -1.8916954e-01   1.9050112e-01   8.5380755e-02   3.5809449e-01  -2.6719516e-01   7.5903190e-02   2.8980018e-01   1.8465706e-02  -2.9326986e-01   2.7610757e-01   4.0903119e-01   4.6694693e-01   5.6921364e-02   2.6220765e-01  -2.3951401e-01  -9.1117401e-02   7.3688803e-02  -6.6772234e-04
   1.3276164e-02  -1.1366769e-02   1.9010606e-01   3.0727270e-01   7.5617850e-02   0.0000000e+00   3.1116271e-01   1.6832469e-01  -7.5286978e-02   5.1086338e-01  -1.6629544e-02  -6.2687063e-02  -9.6954296e-02  -9.2111797e-02  -2.4305013e-02   1.4545751e-01   1.1675728e-01   8.4063377e-02   1.5233985e-01   2.0610227e-01   1.4315976e-01   2.2762730e-01   1.8370572e-01  -1.3473656e-01   9.1204520e-02   2.2433101e-01   3.7147658e-01  -1.5570856e-01  -1.6772159e-02   2.0343865e-01  -9.5605270e-02   2.0046490e-01  -2.5385532e-03   2.3480998e-01  -2.3611185e-01   3.3489409e-01   5.9071961e-02  -2.6884202e-01   1.2797898e-01   3.6603873e-02  -1.7335721e-01  -4.2866622e-02   3.3882497e-01   9.0862832e-03   9.1242344e-02  -4.2289463e-02   2.7169915e-01   1.1822695e-01   8.0212605e-02  -8.0663617e-02   1.1518802e-01   2.2133488e-01   7.7872867e-02  -2.7631867e-01  -4.1243325e-01  -1.1761561e-02   4.7384325e-01   1.0438340e-01   1.9564861e-02   1.1092702e-01  -1.0648172e-01   3.0326850e-01   1.5781360e-01  -6.0689284e-02  -1.7945827e-01   2.7544808e-01   6.0840523e-01  -2.0398631e-02   2.3257558e-01   7.4089474e-02  -1.5509323e-01   2.4372641e-01  -5.8729433e-02  -1.2635939e-01  -8.2263464e-02   1.1475331e-01  -1.0799579e-01   9.2657348e-02  -7.3852803e-02  -3.8441178e-02   9.0983384e-02  -1.4401595e-01  -6.1290039e-03   3.7670560e-01  -1.4772774e-01  -6.1653036e-02  -1.5837180e-01  -4.4543348e-01  -2.5945528e-01  -4.7097883e-02  -1.2235761e-02  -9.9348924e-02   1.9369880e-01   1.0782808e-02  -2.5827948e-01  -1.1712364e-03   2.3662767e-01   2.6614123e-01   3.6200552e-01   1.1777377e-01  -3.1784941e-01   1.7313545e-01   1.8240599e-02   1.3161358e-02   1.3609328e-01   3.2474207e-01  -2.6206137e-01   4.2173081e-01   2.6842421e-01   3.8910923e-01  -8.6912064e-02   3.2367525e-01   3.1208875e-01  -1.0888202e-01  -2.6278362e-01  -1.6182049e-01   8.6322631e-02  -7.1048575e-02   5.8373375e-02   2.4351531e-01   1.1614973e-01   1.1632544e-01  -1.2609298e-01   4.7523603e-02  -1.2191814e-01  -7.6528619e-02  -1.8376221e-01  -1.0232220e-01   2.9091726e-01   1.0758900e-01   8.2907804e-03   2.2956577e-01  -1.2223211e-01  -1.3836038e-01   3.1306043e-02   7.7921597e-03  -1.0032982e-01  -2.8646387e-02   2.5553997e-02  -1.4221808e-01  -9.7541494e-03  -1.3083549e-01  -9.6171963e-02   7.7815380e-02  -1.2770215e-01  -1.0992016e-01  -2.4180348e-02   1.1255049e-01   4.4235777e-01  -5.0108468e-02  -3.6055966e-01   2.9070786e-03   5.6602739e-02   8.3347699e-02   1.6214980e-01  -1.3633115e-01   1.0476191e-01  -6.7975617e-02  -1.7320254e-01  -9.1694734e-03   3.5695927e-01  -1.9352502e-01   3.3958674e-01   2.9784969e-01   1.8258011e-01  -2.0439650e-02   2.1971140e-01   1.9099254e-01   2.5657745e-02   1.3802346e-01  -6.2049070e-02  -1.5961100e-01   6.7246636e-02   4.7957346e-01  -2.6868574e-02  -6.9442947e-02   2.3287484e-01
  -4.2403356e-01  -1.6867890e-01  -2.8312571e-01   2.8209067e-01  -4.0664906e-01   3.1116271e-01   0.0000000e+00  -4.3665174e-01  -2.1451217e-01   3.2190106e-01   3.0521668e-01  -1.4925375e-04  -3.0911507e-01   1.2172448e-02   4.0408091e-01   1.8568249e-01  -4.1192378e-01   4.8035536e-01  -9.2060666e-02  -3.6340183e-01   3.6200038e-01   2.6980786e-01   4.2569550e-01  -2.9959835e-01  -1.4436589e-01  -3.9931387e-01  -2.3515342e-01   1.1858151e-01  -1.4474637e-01   6.2479948e-01   2.7852229e-01   2.4595847e-02  -1.5165171e-01   5.0640237e-01   1.0507872e-01   3.0138507e-01   1.5981767e-01  -3.5438093e-01  -9.3887516e-03  -5.8645613e-01  -3.2518638e-01  -2.4862217e-01   3.1610050e-01   3.4253613e-02   4.0503764e-01  -5.0327915e-01   1.5983723e-01   6.2882882e-01   5.6489637e-02  -6.4764132e-01   4.0461269e-01  -2.0362477e-01  -1.2220218e-01  -3.1249132e-01  -1.4265221e-01   1.8668342e-01   2.8432694e-01   2.0544062e-02  -9.9215490e-02   2.1887331e-01  -4.0817823e-01   2.1979160e-01   1.0438951e-01   5.9013272e-02  -1.2806714e-01   3.2529164e-01   8.1704055e-02  -2.0890079e-01   2.1403477e-01  -8.2373316e-02  -2.0857651e-01   3.9529877e-01  -1.2173241e-01  -8.4223301e-02  -4.8705069e-01   5.5779302e-02  -4.4565659e-01   7.8769157e-02  -2.2325433e-01  -1.2910003e-01   4.0974805e-01  -6.7430307e-03   1.2762498e-01  -2.3068878e-01  -3.2815509e-02  -1.3348379e-02   2.4556308e-01  -3.0453363e-01  -6.0922727e-01  -3.8173242e-01  -2.0526415e-01  -4.7153520e-01  -2.4143876e-01   1.1220683e-01  -4.2769637e-01  -6.2771647e-01  -4.8139212e-02  -1.7325346e-01   1.9533673e-01   5.8659768e-01  -2.9066416e-01   4.7611095e-01   3.1344567e-01   1.5073266e-01   4.0772318e-01  -3.1670971e-02  -3.8375512e-01  -5.7582310e-02   6.4649269e-01   3.3747198e-01   5.0803501e-02   4.7379586e-01   1.7701212e-01  -3.5590266e-01   9.6323132e-02  -4.6753242e-01   1.4338148e-01  -6.9274047e-02   2.9710290e-01   1.3297202e-01  -3.4669531e-01  -1.1946700e-01  -3.1747584e-01   2.9524427e-01  -3.6786403e-01   1.2531479e-01   2.6474412e-01  -4.5318217e-01   4.4353089e-02   9.1383760e-04  -5.8663934e-04   5.1271391e-01  -2.6300565e-01   2.5417087e-01  -1.9288869e-01  -3.0271372e-01  -4.2770805e-01   2.9364027e-01  -2.4933787e-01  -3.1809385e-01  -1.3984743e-01  -1.0472763e-01   4.4625081e-02   3.5814749e-01   4.3203862e-01   3.9901521e-01   2.4166184e-01   2.7169854e-02   3.1059641e-01   2.4740770e-01  -6.3629984e-02   3.8460016e-03  -3.3952574e-01  -1.2066445e-01  -3.3458695e-01  -2.7371732e-01  -3.3684011e-01   1.0522902e-02  -4.7234557e-01   8.9581349e-02   1.8725177e-01  -1.9904783e-01   3.4183205e-02   3.7221019e-01  -4.9156194e-02  -7.1399533e-03   4.8780580e-01   5.4562756e-02  -2.6029216e-01  -3.5219123e-01  -2.9042106e-01  -3.0357213e-01   2.0899930e-01   2.5007178e-01   8.3175732e-02  -2.0003448e-01   4.4821033e-02
   3.1860213e-01  -8.8951152e-02   1.2229315e-01  -8.0138569e-03   2.5732693e-01   1.6832469e-01  -4.3665174e-01   0.0000000e+00   2.8743494e-02   3.9950792e-02  -2.2658304e-01  -1.2650225e-01   4.0524055e-02  -7.7309212e-02  -1.4407921e-01  -1.7570726e-01   1.6384631e-01  -2.4306800e-01   2.2208517e-01   2.7175331e-01  -1.2593379e-01   4.1507723e-02  -1.7669687e-01   2.2960543e-01   5.1686301e-02   6.3204669e-01   2.4071317e-01  -2.2618617e-02   4.4304961e-02  -3.1000544e-01  -1.7041592e-01   1.2514219e-01  -1.0707632e-02  -2.1060797e-01  -1.2621544e-01  -1.1637953e-01   1.2738608e-01   1.1235062e-01   1.4498439e-02   2.4261157e-01   2.0013640e-01  -4.2759388e-03  -1.0008214e-01   2.4471883e-01  -1.2578744e-01   3.6763596e-01  -8.0749272e-02  -3.6530755e-01   5.1608519e-02   2.7969158e-01  -1.5000343e-01   6.7496084e-01   1.0063158e-01  -4.8672736e-02  -5.1906956e-02  -1.5927351e-02   9.0362392e-02   1.9429650e-01   7.1778341e-02   1.0844813e-01   3.7326439e-01   4.4468591e-03  -2.0317645e-01   8.3200997e-02   1.0594793e-01  -5.0721945e-02   2.1362676e-01  -3.9163989e-02  -7.2536010e-02   5.3379197e-02  -2.1432768e-01  -2.2475783e-03   5.6757285e-02   1.9134236e-02   2.9977712e-01   2.3957916e-01   3.6362893e-01   6.3647853e-02  -1.9482721e-02  -2.7102761e-02  -1.8968066e-01  -4.0073544e-02  -3.2773623e-02   4.8925143e-01  -8.5858618e-02   2.3429362e-01  -1.7489237e-01   7.8517451e-02   1.4653895e-01   3.6385895e-01   1.0144294e-01   2.6165371e-01   2.5947946e-01   1.5560077e-01   2.3575534e-01   3.4148404e-01   6.8981869e-03   3.7641241e-01  -1.0898048e-01  -2.7864345e-01  -2.8312790e-02  -1.5577999e-02  -1.7216076e-01  -4.3520162e-02  -5.5067747e-02   2.9516753e-01   5.5060901e-02   3.5206757e-01  -2.6961093e-01  -1.6905292e-02   1.7281731e-02  -1.3047981e-01   2.4918696e-02   3.7991232e-01  -2.1783356e-01   2.3365291e-01  -5.6380873e-02  -2.6178675e-02  -2.0886571e-01  -7.3861425e-02   3.6363493e-01   1.1061740e-01   9.3629932e-02  -1.9461480e-01   2.6864961e-01  -3.0254605e-02  -1.4760298e-01  -2.9756554e-02   2.8499134e-01  -2.0365825e-01  -1.1542120e-01  -3.2020239e-01   6.1993752e-02  -2.6734467e-01   7.6061467e-02   5.7734424e-01   1.8303431e-01  -2.3523888e-01   4.8315275e-01   2.3723062e-01   2.1148923e-01  -5.7241904e-03   2.4145879e-02  -2.2330489e-01  -2.3073039e-01   2.6449704e-02  -3.0371502e-01   2.6833779e-02   8.5457047e-02  -2.2456414e-01  -1.8231228e-01   2.2527264e-01   3.2289103e-01   3.7166865e-02   7.8825452e-02   2.2338601e-01   2.3198927e-01  -2.8403921e-02   2.2446860e-01   1.9973295e-01  -1.0299740e-01   1.5009053e-01   7.6155292e-02  -5.4220067e-02   1.1730927e-01   9.1251925e-02  -1.4744470e-02   5.0307869e-02   2.2047065e-01   2.0867730e-01   1.3392909e-01   4.2199266e-02  -5.4069896e-02   6.1931355e-02  -1.3924915e-01  -1.1485817e-01   1.9315579e-01
   1.2091416e-01   4.8060113e-01   5.6111309e-02  -2.7300157e-01   2.8645480e-01  -7.5286978e-02  -2.1451217e-01   2.8743494e-02   0.0000000e+00   2.5197435e-02  -2.0148490e-01   3.7022303e-01   2.1082375e-01  -5.0261403e-01  -2.8292672e-01  -2.9198541e-01   1.2553329e-01  -2.3839464e-01  -1.3675655e-02   2.2900071e-01  -4.1725941e-01  -3.4631760e-01  -4.9195196e-01   1.6986270e-01  -7.1439637e-02   8.1398946e-02   1.2849546e-01  -4.1356792e-01   2.2106284e-01  -2.6624099e-02  -2.7246521e-01  -1.4807574e-01  -2.3647033e-01   4.3235701e-02   4.2790427e-01   1.5994802e-02  -1.2196090e-01  -3.2961034e-04  -5.0028891e-02   1.9801518e-01   1.3826990e-01  -1.2556592e-01   4.7922674e-01  -3.9143409e-01   2.9295879e-01   3.3313919e-01  -2.1148114e-01  -2.9014704e-01  -2.7364164e-01   1.5017176e-01  -2.7242011e-01  -3.6196069e-02   4.3756026e-01  -1.9987027e-02  -2.3392568e-01  -5.5598908e-01  -4.0696181e-01  -1.6476024e-01  -4.1746767e-03   1.6595791e-01   1.1652859e-01   2.2668014e-01   5.2984014e-01   3.5016018e-01   6.2658768e-01   1.0162044e-01  -3.1773510e-01   3.3665311e-01  -4.2901406e-01  -1.1839543e-02   4.9032183e-02  -1.6002835e-01   8.2157792e-02  -2.7209749e-01  -4.6664724e-02  -2.6525932e-01   3.6704383e-02  -3.0654780e-01   5.2618347e-01   2.9699692e-02  -4.3210629e-01   2.7276750e-02  -5.2997614e-01   2.8814485e-02  -3.5650551e-01  -2.9433373e-01   2.2572880e-01  -2.2858575e-01   3.7829246e-01   1.9512291e-02   5.0208907e-01  -3.7372701e-02  -1.3117643e-02   4.8564882e-01   1.3180410e-01   2.9739046e-01  -9.5618083e-02  -1.8670095e-01   3.0342398e-01   1.9435739e-02  -3.7797905e-01  -1.7355584e-01  -5.3391598e-01   5.4566768e-01  -3.1964245e-01  -5.6029338e-02  -4.9441007e-02  -1.3677995e-01  -2.1673362e-01  -2.8978391e-01  -2.9285377e-01  -3.9399948e-01   3.8881801e-02   2.0381036e-01  -4.4261043e-01   5.2555750e-01  -3.6606634e-01   4.7576738e-02  -5.9409305e-01  -2.5996063e-01   2.4134957e-01   5.3266427e-01   1.9037778e-01   1.5291632e-01   2.0446573e-01  -3.2974573e-01   2.6790640e-01   5.9005167e-02  -9.9661837e-02  -9.5794494e-02  -4.7581228e-02   1.9282670e-01   1.1948049e-01  -2.6714278e-01   2.6212367e-01   6.5593824e-03   1.2191477e-02  -4.2519244e-01  -1.1062421e-01   1.8627311e-01   1.1028418e-01  -1.9198922e-02  -1.3999321e-01  -4.6615045e-01  -3.5526216e-01  -3.7795873e-01  -8.8606380e-02   2.9457704e-01  -2.3796077e-01   3.0267131e-02  -3.1206229e-01  -3.6516629e-01   4.6786943e-02   3.8119004e-01   2.6095956e-01   2.1595518e-01   2.7055941e-01  -1.2815227e-01   1.0590689e-02  -3.9503223e-01   1.8628944e-01  -1.0988620e-01   7.6867247e-02  -2.5134132e-01  -1.6350268e-01   3.8977695e-01   6.5597308e-02  -4.0720228e-01   2.3015318e-01  -6.1116049e-02   4.2257408e-01   2.0251595e-01   3.2520249e-01  -1.7650900e-01  -9.4974266e-02  -4.4148159e-02  -5.3831054e-02
  -1.9838618e-02  -5.2387976e-02  -1.9356646e-01   2.2270030e-01   3.1017980e-01   5.1086338e-01   3.2190106e-01   3.9950792e-02   2.5197435e-02   0.0000000e+00   3.2322834e-01  -5.8792748e-03   7.4041616e-02  -3.6963884e-01   1.2750387e-01  -1.0753250e-01  -1.6409358e-01   3.3016729e-01   1.0367301e-01   3.1854278e-01   2.0675268e-01   5.7847835e-04   6.3567724e-02  -4.9000268e-02  -2.6586984e-02   1.3333318e-01   3.6521041e-01  -2.3935916e-01  -1.7965390e-01   8.6406040e-02   1.0260533e-01   1.4229298e-01  -1.5587226e-01   5.1781690e-01  -1.1179163e-02   6.1354324e-01   1.5440775e-01  -3.7630280e-02  -7.2412850e-02  -1.2528497e-01   4.5218130e-02  -1.3349499e-01   5.4336950e-01  -1.9628383e-01   5.3711173e-01   1.6571876e-01   3.2187067e-01   1.1188181e-01  -4.2266722e-02  -2.8839479e-01   3.3989852e-01   2.4799558e-02   3.6381496e-01  -2.1334801e-01  -5.1149922e-01  -1.7165952e-01   9.1164356e-02   7.9514611e-03   1.8648183e-03  -3.9427494e-02  -1.0168176e-02   6.7726876e-01   3.3515360e-01   1.3538631e-01   1.4859520e-01   5.8898528e-01   2.3505625e-02   8.0025354e-02  -6.9592134e-02  -8.8793927e-02  -2.3615200e-01   3.4827570e-01   2.5597540e-01  -4.2540278e-01  -3.2142653e-01  -1.0156576e-01  -1.1258046e-01  -1.4416832e-01   1.4174225e-01  -2.3696804e-01  -1.0781796e-01   1.4600229e-01  -1.9596811e-01   4.2050383e-02  -4.7976649e-01  -1.3341546e-01  -2.8060804e-01  -3.9693043e-01  -3.2550102e-01  -6.8187373e-02   3.3479901e-01  -1.5391174e-01   1.0355423e-01   3.7056891e-01  -5.1083708e-02   6.4119120e-02  -5.5356707e-02   1.0530780e-01   4.8541244e-01   4.2215122e-01  -5.2295676e-01   1.9421210e-01  -1.9795874e-01  -6.9386126e-02   6.6802307e-02   2.3561690e-01  -4.3808928e-01   7.1079022e-02   5.0014627e-01   3.7515310e-01  -6.6489935e-02   8.3474587e-02   1.8008842e-01  -5.7617329e-02  -4.1333661e-01   3.0923191e-02  -1.6023791e-01   2.3925221e-01  -2.9108145e-01   1.4256194e-01   1.0328027e-01   3.8278830e-01  -2.7441751e-01   3.1195310e-01   5.4906494e-02  -5.1423446e-01   2.0737936e-01  -2.6215447e-01   3.4948353e-01  -2.1195850e-01   6.8166258e-02   5.8303365e-01  -4.9531282e-01   1.3423439e-02   2.0348889e-01   1.0651567e-01  -3.5388609e-01  -2.2706415e-01  -5.4112654e-03   1.1678129e-01  -2.3125035e-02  -4.2785706e-02  -2.3719016e-02  -2.8985351e-01  -2.6917577e-01   7.4689544e-03   4.2517863e-02   4.5341260e-01   4.9798694e-01   3.8595351e-01  -5.1839214e-01  -1.7250825e-01   1.1522982e-01   4.4557552e-01  -6.3409873e-02   6.6499089e-02   1.8467407e-01  -9.8771609e-02  -1.9522441e-01  -8.3193076e-02   2.9957161e-01  -2.8097788e-02   6.6630576e-01   2.0613827e-01   3.0832641e-02   9.4024794e-02   4.1502390e-01  -9.5250358e-02   1.2557526e-01   1.0519416e-01   8.0452999e-02   1.0322282e-02   3.5435321e-01  -2.2751626e-02  -2.9753832e-01  -2.9079971e-01   1.6540870e-01
  -2.4237923e-01  -3.5988456e-01  -5.1118953e-01   2.4821186e-01  -7.6890643e-02  -1.6629544e-02   3.0521668e-01  -2.2658304e-01  -2.0148490e-01   3.2322834e-01   0.0000000e+00  -2.8277443e-01  -5.2284998e-02  -2.0812384e-02   2.7463167e-01   8.9843659e-02  -5.1839261e-01   8.0213990e-01   8.7100584e-02  -1.1366822e-01   3.8045856e-01   2.7821503e-01   1.3040717e-01  -7.3283822e-02  -1.0166872e-01  -2.2773580e-01  -1.0138209e-01   1.7664445e-01  -2.4884799e-01   4.6084188e-01   4.4783688e-01   2.3502576e-01  -8.5814557e-02   1.5524184e-01  -8.1169470e-02   4.7443391e-01   9.6388337e-02  -2.3086301e-01   1.2068266e-01  -4.6472977e-01   2.1502101e-01  -1.6747403e-01   1.3134548e-01   6.4521416e-02   4.0945760e-01  -6.9949000e-02   6.6605747e-01   2.6201187e-01   2.9170178e-02  -5.2677535e-01   7.4673272e-01  -6.9341934e-02   8.1603436e-02  -3.1649976e-01  -1.6044238e-01   2.2739377e-01   2.1211492e-02   1.8744066e-01   3.4147676e-01   1.2303500e-01  -1.7433938e-01   3.3548233e-01   7.8740154e-02   3.0474625e-01   1.2300692e-01   5.1899555e-01  -8.1260808e-02  -1.1225768e-01   4.5640766e-01  -2.6619403e-01  -3.4965668e-01   4.5997548e-01   4.2108900e-01  -3.0931844e-01  -2.1900037e-01   7.6706442e-02  -2.4588780e-01   6.5263618e-02  -1.6979678e-01   1.2009335e-01   1.6182586e-01   3.2907933e-01  -5.8220921e-02  -2.4618117e-01  -2.9496585e-01   1.7623628e-01  -1.5110281e-01  -1.5781124e-01  -3.9290076e-01  -1.1980713e-01   1.2892027e-01  -3.0404253e-01  -2.0554063e-01   5.9937751e-02  -2.6757351e-01  -3.1172200e-01  -1.0409743e-01   7.8200751e-02   3.5660444e-01   1.9843015e-01  -1.5650486e-01   3.3694715e-01   2.3184699e-01   2.0927797e-02   3.9196487e-01   2.4435009e-01  -2.9573556e-01   5.3690564e-02   4.1837657e-01   4.9201764e-01  -1.9713150e-01   3.4230046e-01   6.9217176e-03  -2.3562990e-01  -6.3742184e-02  -2.6330234e-01   2.6642646e-01   3.2966508e-01   5.2937388e-02   1.4355378e-01  -1.4294667e-02   6.7235059e-02  -3.8534505e-01   4.7940941e-01  -5.4441262e-02  -1.3296446e-01   3.0150683e-01  -2.6358118e-01   1.7103817e-01  -3.4379618e-01   3.1442407e-01   5.5762810e-01  -4.6572323e-01   1.8683262e-01  -1.2450707e-01   9.8927474e-02  -2.1600034e-01   1.2832719e-01   3.4536294e-02  -2.4158327e-01  -2.5502350e-02  -2.4684072e-01   5.4016754e-01   2.5212460e-03   2.1187281e-01   5.0914996e-01  -1.8961594e-01   4.2145557e-01   4.1785677e-01   3.6301043e-01  -1.2359534e-01   4.7460612e-02  -1.2009110e-01   3.2847254e-01  -4.0767504e-01  -5.8507444e-02  -8.8227333e-02   2.7717552e-01  -2.7657853e-01   3.7232662e-02   4.1069691e-02   5.2695375e-01   4.1929354e-01   5.0660071e-01   4.4879577e-02  -2.7618574e-01   4.2133393e-01   1.3799213e-01  -1.1753520e-01  -2.3859754e-01  -3.0858426e-01  -2.2474358e-01   5.0690039e-01   5.1251306e-03  -8.4179722e-02  -2.5472648e-01   2.0669321e-01
  -2.2619083e-01   7.0784976e-01   2.9990987e-01  -3.2376837e-01   2.8212491e-01  -6.2687063e-02  -1.4925375e-04  -1.2650225e-01   3.7022303e-01  -5.8792748e-03  -2.8277443e-01   0.0000000e+00  -1.1625933e-01  -4.8645010e-01  -6.8599863e-02  -2.5590372e-02   2.7496502e-01  -4.2603781e-01   8.6564637e-03   2.6908630e-01  -5.1084102e-01  -4.7552465e-01  -3.8576063e-01  -1.1756735e-01  -1.3395357e-02   1.2238770e-02   1.9160117e-02  -4.4585816e-01   3.8125775e-02  -1.6415034e-01  -3.6159415e-01  -2.5251872e-01  -2.5002660e-03   3.9170849e-01   6.0861250e-01  -1.0024630e-02  -3.1390769e-01  -2.8582764e-02  -2.6725002e-01   4.1823301e-01  -2.1978777e-01   2.8020395e-01   3.1488957e-01  -2.7872965e-01   1.1708258e-01   2.8100491e-02  -3.3650630e-01  -2.7014126e-01  -3.4257378e-01   4.3992054e-01  -4.7552589e-01  -2.3216815e-01   2.7254441e-01   3.9409027e-01  -7.9517750e-02  -4.5123305e-01  -3.1811518e-01  -2.6066556e-01  -2.2479137e-01   1.7361097e-01   5.2392317e-02  -1.0298368e-01   2.8992496e-01   3.3951390e-02   3.6940144e-01  -1.7694157e-01  -3.0704326e-01   2.3403607e-01  -4.6219821e-01   2.0009130e-01   3.7791016e-01  -3.6882360e-01  -3.8703293e-02   4.6122663e-02   1.2012562e-01  -3.3010021e-01  -9.2658434e-02  -4.6370502e-01   4.9620339e-01  -7.4631933e-02  -4.7282780e-01   4.5542866e-02  -2.2996459e-01  -2.0657552e-01   3.0829158e-02  -3.8239226e-01   5.4034568e-02  -8.4971348e-02   5.6294597e-01  -2.9898224e-01   2.5154897e-01   1.4554904e-01   4.4839955e-01   1.9798241e-01   6.2256004e-02   3.3170787e-01   1.0596570e-02  -3.3213787e-01  -3.5046501e-02   6.1459785e-02  -1.2262917e-01  -1.4160088e-01  -5.3661774e-01   2.2686575e-01  -4.9584767e-01  -1.3100095e-01   2.4029400e-01  -3.9746223e-01  -2.0865040e-01  -4.0978625e-01   3.3004433e-01  -4.8396052e-01   1.9965618e-02  -1.4680445e-01  -5.5003880e-02   4.4271631e-01  -4.4781553e-01  -6.6255600e-02  -2.8750170e-01  -2.4421590e-01  -1.3528539e-01   2.5324963e-01   5.1799204e-01  -2.4393030e-01  -1.0355806e-01  -2.7985892e-01   3.4501717e-01   2.1999020e-01  -3.4811577e-01   2.5752107e-01  -8.8602622e-02  -6.0951244e-03   1.8355063e-01  -1.3893136e-01   4.0256636e-01  -5.0736017e-02   6.4333752e-02  -3.5010980e-01  -2.6883613e-01   6.4599874e-02  -5.3604567e-02  -1.5642481e-02  -3.4393154e-01  -1.7330528e-01  -2.7619425e-01  -5.0566021e-01   5.0997521e-01  -5.4597050e-02  -3.3385079e-01  -3.6916818e-02   6.6967249e-02  -3.4678771e-01   7.5755666e-02   1.2642350e-01   5.2009345e-01  -3.4080981e-02  -7.2354893e-02  -2.4058674e-01   1.5806401e-01  -4.1814921e-01   6.3890738e-02  -3.6278677e-01  -1.8022743e-01  -5.0227979e-01  -1.3242189e-01   6.6575796e-01   1.3584424e-01  -4.0810126e-01   5.6789966e-02   2.2189210e-01   5.6314953e-01   2.0274323e-01  -6.5709027e-02  -2.3379661e-01   2.6105458e-01   1.1920060e-01  -1.6682180e-01
   2.5546371e-01  -3.8630697e-02  -5.6724665e-02  -1.1886126e-01   4.0660285e-01  -9.6954296e-02  -3.0911507e-01   4.0524055e-02   2.1082375e-01   7.4041616e-02  -5.2284998e-02  -1.1625933e-01   0.0000000e+00  -2.6068757e-01  -2.3783826e-01   8.9872033e-02   8.7857070e-02  -5.0509534e-02   1.9794731e-02   3.5090377e-01  -1.2324122e-01  -9.9514515e-02  -2.5201885e-01   2.3891386e-01  -1.5441289e-01   1.8904972e-02   3.8484005e-01  -1.5389360e-01   2.6571145e-02  -1.1534256e-01  -1.7973517e-01   4.7091793e-02  -2.4658672e-02  -2.5685288e-01  -1.2979996e-02   1.7219108e-01   7.4135832e-02  -2.1453829e-02   2.6237019e-01   1.5131962e-01   5.8024484e-01  -8.8342104e-02   7.7943620e-02  -2.8514397e-01   6.8249323e-02   3.1042795e-01   6.2379203e-02  -2.6122528e-01  -4.5863922e-02   1.0329389e-01   4.9300396e-02   6.7688258e-02   2.1338617e-01   4.5893326e-04  -1.6772042e-01  -1.8115251e-01  -2.3235558e-01  -6.9084847e-02   1.4710048e-01  -1.8282848e-01   6.3949219e-02   1.8809392e-01   1.1169982e-01   7.5473851e-02   1.9410041e-01   8.5811185e-02  -5.9231882e-02   5.7427794e-02  -1.1673621e-01  -1.5092310e-01  -8.1644713e-02   6.4119833e-02   3.1929923e-01  -2.8029246e-01   7.4258957e-02  -4.8203816e-02   1.3103306e-02  -5.3623890e-02   1.7156992e-01   9.3082028e-02  -2.8567335e-01   2.3018760e-01  -2.8421553e-01   4.5478038e-02  -3.0911453e-01  -7.3067499e-02  -6.8269568e-02  -1.1580776e-02   1.5299809e-01   5.8318909e-02   2.4612848e-01   1.7904596e-02  -5.9397722e-02   7.4484461e-02   3.4976013e-02   3.6901321e-01   1.2918056e-01  -6.3868367e-02   1.6572201e-01  -1.0433814e-01  -2.0146597e-01  -1.5363611e-01  -2.4501690e-01  -1.8163593e-03  -1.7603753e-02   6.8323381e-02   5.1405851e-03   3.0523821e-02  -1.4585363e-01  -2.1561409e-02  -3.4971878e-01  -1.5316526e-01  -9.0164828e-02   2.7002020e-01  -3.4302118e-01   2.6850655e-01  -1.1089253e-01   6.2448056e-01  -3.1862212e-01  -9.8574100e-02   1.5659449e-01   2.2241791e-01   6.6073923e-02   5.1207575e-03   1.8774823e-01  -3.3082257e-01  -4.4789465e-02   1.7207434e-01   6.0776753e-02  -2.0417752e-01   4.9554418e-01   1.4013519e-02  -1.2494712e-01  -2.9145577e-01   2.6353672e-02   5.3664271e-02   2.6963956e-01  -2.5920580e-01   1.0977285e-01   6.9051073e-02  -5.6882808e-02   7.2546206e-02   3.3261737e-03  -4.6699613e-01  -3.4179776e-01  -1.4444178e-01  -3.1222460e-01   2.6146330e-01   1.4174210e-02  -5.0349340e-02  -2.8823472e-01  -2.2687779e-01   1.5828481e-01   2.9151201e-01  -1.0348539e-01   9.2291421e-02   1.6580018e-01   2.1501872e-01   1.6031160e-01  -1.5931967e-01  -5.7667902e-03   1.2059477e-01   2.0941181e-01  -3.2847656e-02   3.2116626e-02   1.3806469e-02  -1.4814872e-01  -1.1666543e-02   2.1349408e-01   9.0195590e-02   1.2941851e-01   6.0642294e-02   1.4515318e-01  -2.2109411e-01  -1.6658783e-01   3.3984218e-02   7.4453301e-02
  -1.0346599e-02  -3.5352756e-01  -1.1109155e-01   2.2225772e-01  -5.0149205e-01  -9.2111797e-02   1.2172448e-02  -7.7309212e-02  -5.0261403e-01  -3.6963884e-01  -2.0812384e-02  -4.8645010e-01  -2.6068757e-01   0.0000000e+00   1.7716784e-01   2.8633111e-01  -1.5366617e-01   4.8045226e-02  -8.5115295e-02  -4.6346190e-01   4.4938218e-01   4.5102366e-01   4.6458518e-01  -4.3842918e-02   2.2847001e-01  -2.0498572e-01  -3.7103304e-01   6.0913755e-01  -5.6141848e-02  -2.6487086e-02   3.5514870e-01   4.6983122e-02   2.2766685e-01  -3.2019418e-01  -4.6250041e-01  -3.5447805e-01   9.5320781e-02  -6.7146195e-02   2.4613650e-01  -2.9247167e-01  -1.6068535e-01   6.6386677e-02  -4.7211502e-01   4.8190581e-01  -3.6380654e-01  -4.7154912e-01  -1.1681848e-02   3.9866926e-01   4.9439392e-01  -2.0431669e-01   5.5092851e-02   2.7826218e-02  -4.1684518e-01  -1.8904631e-02   5.4415598e-01   5.5408345e-01   2.7711430e-01   1.7894152e-01   7.8816734e-02  -1.8647606e-01  -2.4298327e-01  -3.0455542e-01  -4.8315885e-01  -3.2312671e-01  -5.2266587e-01  -3.5590980e-01   2.5393679e-01  -2.4701016e-01   3.3515133e-01  -1.4005531e-01   6.9600436e-02  -9.7388619e-02  -2.5773057e-01   2.1591254e-01  -9.3248127e-03   1.9293879e-01  -8.0284116e-02   4.3035349e-01  -4.9500728e-01   3.3620621e-02   6.2362469e-01  -6.2572841e-02   4.8247173e-01   6.6486775e-02   4.4460818e-01   3.1536912e-01   2.0105649e-01   4.0282999e-01  -3.2839007e-01   6.6555058e-02  -5.3575149e-01  -1.2082861e-01  -2.0268706e-01  -4.8753771e-01  -1.5727483e-01  -4.2157343e-01   8.3604773e-02   1.2466088e-01  -3.4321319e-01  -1.4135654e-01   6.5626714e-01   5.2086612e-02   7.5804423e-01  -3.0622647e-01   2.5360384e-01  -6.9176547e-02   4.1202099e-02   1.2078335e-01   5.4472917e-02   9.1454981e-02   4.1553454e-02   4.0383360e-01  -5.9307404e-02  -1.2374964e-01   5.2808012e-01  -4.6533380e-01   3.3860553e-01  -2.5140430e-01   7.0165140e-01   1.9292395e-01  -2.4595621e-01  -5.5166009e-01  -2.1658004e-01   2.4681512e-02  -2.3795925e-01   6.2068230e-01  -3.2475009e-01  -5.4692557e-02   1.3368215e-01   8.0029206e-02  -8.8167828e-02  -2.7432485e-01   1.3110276e-01   3.6265119e-01  -3.2738776e-01  -2.0247656e-01   5.0080393e-02   6.8745487e-01   6.9094022e-03  -3.5456567e-01   3.1180189e-02  -1.2682710e-01   1.4433192e-01   4.1521043e-01   4.7972801e-01   3.0982281e-01  -6.3468271e-02  -4.7615352e-01  -7.4602170e-02  -2.7839509e-02   4.2847441e-01   5.8405908e-01  -1.7544006e-01  -5.3113453e-01  -2.6251511e-01  -2.6483211e-01  -2.9706159e-01   1.1746793e-01  -1.1991531e-01   4.9954823e-01  -1.3369253e-01  -8.8086847e-03  -3.1390335e-01   2.0006586e-01   1.4033518e-01  -4.4193431e-01  -2.5512884e-01   4.1383319e-01  -3.2995845e-01  -1.1618115e-01  -4.3812987e-01  -2.9903207e-01  -4.0765880e-01   1.8090868e-01   1.4835848e-01   1.2885418e-01   1.4885912e-02
