   0.0000000e+00   1.9651889e-02  -4.1958668e-01  -9.4277427e-02   3.3261046e-01  -4.6529100e-01  -5.7650873e-01   4.6035577e-01   1.6011475e-01  -3.8721251e-01   1.0547853e-02  -2.5621173e-01   1.4730034e-01  -3.1262943e-01  -2.0639957e-01  -4.9788465e-01  -1.1414836e-01  -5.6242430e-02   2.5318675e-01   1.2935031e-01  -3.8437576e-01   2.0888348e-01  -2.0768912e-01   7.3141983e-01   1.1246502e-02   3.1917666e-01  -4.9270605e-02   1.2019910e-01  -1.4516290e-01  -1.4325429e-01  -4.0114312e-01   3.1313773e-01  -1.1188427e-01  -4.5030858e-01  -2.9527770e-01   9.4301634e-02  -1.8698255e-01   1.9256878e-01  -3.0474214e-01  -4.8687393e-01   1.0811619e-01  -1.8072911e-01  -1.4376580e-02   1.8846457e-01  -5.3298738e-02   4.3831462e-01  -4.0250413e-02  -5.5695619e-01   1.8698278e-01  -9.2735153e-02  -4.1739022e-02   4.3909813e-01  -3.7913921e-01  -1.1809775e-01   3.1441505e-01   1.5961522e-01  -1.4877988e-01   2.1864465e-01   1.5660562e-02   5.7736228e-02   6.6769733e-02   1.9449657e-01   1.4399929e-01  -1.2513248e-01  -8.3301221e-02  -5.1888459e-02  -1.1573953e-01   5.8560155e-02   1.5982293e-01   1.1033351e-01  -9.3355353e-02  -7.3587382e-02  -1.4199325e-01   4.5981025e-01  -9.1701180e-02   3.8436969e-01   1.4070471e-01   3.8600457e-01   1.6439169e-01  -5.4563884e-02  -2.8346518e-01  -3.1411451e-01  -4.3538606e-01   4.4653875e-01  -2.0461602e-01   3.7370376e-01  -3.5873609e-01   4.8667538e-01  -4.1430696e-02   7.3234439e-01   4.4179028e-01   8.2004535e-02  -2.8563916e-01   3.9991835e-01   1.3368024e-01   1.7873623e-01   1.1189616e-02   4.0750397e-01   1.5267264e-01  -3.5256405e-01  -3.4421400e-01  -1.9221604e-01  -5.3189172e-02   1.9131770e-01   1.8811833e-02   2.2915351e-01  -2.0841932e-01   4.1817126e-01  -2.1475102e-01  -2.3823182e-02  -5.6586055e-01   1.0977323e-01   8.2430465e-02   7.5008890e-01  -2.3216605e-01   6.6029555e-02   3.4272658e-01  -9.4574261e-02   1.6604196e-01   9.2777563e-02   6.1027228e-01   1.6339647e-01  -3.1691464e-03   6.9660848e-02   1.0529066e-01   9.8969133e-02  -8.4644852e-02  -1.9324725e-02   3.6117259e-01  -3.9044882e-01  -2.7891241e-02  -3.8718016e-01   1.1380867e-01  -4.2933697e-01   1.6857807e-01   3.8675015e-01  -2.3594931e-01  -3.2340790e-01   3.5694750e-01   7.7028453e-01   7.0626125e-01   6.9774880e-02   1.9235974e-01  -3.8304709e-01  -4.7103799e-01   6.8277958e-02  -4.8289876e-01   3.5235292e-01  -1.1222432e-01  -3.9738106e-01   6.1610377e-01  -6.4449797e-02   5.9392033e-01  -9.6276892e-02  -3.3763375e-01   5.4783131e-01   7.0411386e-01  -1.0457516e-03   2.1524870e-01   2.5704559e-02   3.6132480e-03   1.7518832e-01  -1.1103296e-01   1.2961657e-01   2.6079335e-01  -1.3815976e-01  -1.8617194e-01   3.2479234e-01   4.3895291e-01  -8.8251892e-02   2.5992222e-01   1.4868778e-01   1.4019672e-02  -1.6163598e-01   7.4617993e-02  -6.7706517e-02   2.7516613e-01
   1.9651889e-02   0.0000000e+00   2.0784560e-01  -3.2356968e-01   2.0915294e-01  -1.1793776e-01   1.7259488e-02   3.0990728e-02   5.2810973e-01  -1.6458653e-01  -2.4366478e-01   5.8705662e-01   1.5123997e-01  -2.8107109e-01  -4.4820001e-01  -7.8708245e-02   3.7105365e-01  -1.8690109e-01   2.3682971e-01   1.0278611e-01  -4.2840264e-01  -1.8250262e-01  -5.2297568e-01   5.5752338e-02   1.6869422e-01   1.2517173e-01   8.8861716e-02  -3.2288460e-01   8.8334724e-02   3.4099264e-02  -3.3733394e-01  -1.6680754e-02   2.1011969e-01  -3.1603216e-01   1.5426347e-01  -7.4724760e-02  -2.3183038e-01  -1.0848769e-01  -6.7042319e-02   1.0747583e-01   8.0731782e-02   3.1607214e-01   4.5723686e-01  -3.8272851e-01   2.6560716e-01   3.3842545e-01  -2.2217403e-01  -9.8612407e-02  -1.3764465e-01   3.2560694e-01  -1.7584712e-01   1.3654704e-01   1.2386781e-01   2.8714102e-01   3.9082740e-03  -3.7560914e-01  -2.6518669e-01  -5.0214571e-02  -2.6929001e-02   3.8440900e-01   2.6239167e-01   1.1117969e-01   5.3974211e-01   5.6455971e-02   3.4272301e-01  -2.6475120e-01   9.6605497e-02   2.3282095e-01  -1.6410598e-01   2.6139242e-01   5.1292513e-01  -1.7738359e-01   1.1628220e-01   5.2624243e-02   4.1628899e-01   3.0191696e-02   1.4912719e-01   1.2136716e-02   3.6411503e-01   1.8197808e-01  -4.4918985e-01  -2.1309082e-02  -1.2563964e-01  -1.4850288e-02   1.8336183e-01  -4.7253147e-02   2.7084108e-01  -1.3008675e-01   4.5114997e-01   5.0749708e-02   2.1574093e-01   4.6710575e-01   1.5072741e-01   3.8580891e-01   4.2634805e-02   1.3053069e-01   1.3520660e-01   1.8626678e-01   2.0055583e-01  -1.2617125e-01  -2.0116499e-01  -1.8001250e-02  -5.0920376e-01   4.3467364e-01  -2.3310230e-01  -2.0785400e-01   3.5329496e-01   2.4628385e-01  -4.3057084e-01   9.7146444e-02  -2.2176510e-01  -2.2629226e-01   2.6122624e-01   3.5249090e-02  -3.7718709e-01   3.4385794e-01  -1.0769041e-01   1.2572587e-01  -1.3945264e-01  -1.4823712e-01  -1.2078153e-01   2.0305239e-01   4.0488061e-01   2.9658394e-01  -4.0862374e-02  -1.9831386e-01   3.2742809e-01   3.2533991e-01  -4.2123611e-02  -5.2553872e-02   6.9018968e-02  -3.3794211e-01   5.5213819e-01  -5.3033946e-02   3.7087974e-01   8.0532293e-02   2.4991941e-01  -3.4220190e-01   6.0960534e-02  -5.7825293e-02   1.4347407e-01   2.2333207e-01  -4.1484721e-02  -2.3106746e-01  -2.0737999e-01  -5.5935548e-02   5.3483171e-02   1.1173169e-01  -3.9556666e-01  -1.8507555e-02   1.5472037e-01  -4.5441440e-01   1.8271678e-01   1.6001646e-01   3.8281211e-01  -1.2008347e-01  -9.4885485e-02  -3.7784413e-02   3.2416122e-01  -4.8104750e-01   2.9070141e-01  -8.5029029e-02  -1.1087609e-01  -1.2667069e-01   1.5811545e-02   1.7941090e-01  -8.3838990e-02  -2.7213782e-01   3.7097277e-01   3.8715848e-01   2.1462785e-01  -1.8409445e-01   1.3075728e-01  -8.4818012e-02   4.2942211e-02   2.3373319e-01  -8.2503892e-02
  -4.1958668e-01   2.0784560e-01   0.0000000e+00  -1.3480591e-01  -7.6898434e-02   3.9468353e-01   3.1992001e-01  -3.8138451e-01  -7.7548872e-02   3.5847573e-01  -3.7528581e-01   4.7784773e-01   7.6156105e-02  -9.6059633e-03  -3.0998251e-02   4.1143947e-01   7.0415265e-01  -1.9946681e-01   1.2632945e-02  -1.0165558e-02  -1.0233744e-02  -4.4483984e-01  -3.0088543e-01  -4.8734021e-01   2.4614137e-02  -2.6826364e-01   2.7052891e-01  -1.2017619e-01   2.6238294e-01  -2.6338834e-01   8.0134250e-02  -3.6128184e-01   4.1208353e-01   2.6516535e-01  -1.9728318e-02  -1.2397580e-01  -1.7787251e-02   3.5381457e-02   3.0079517e-01   7.4669353e-01  -8.6785520e-02   4.8586275e-01   1.0147017e-01  -2.8437277e-01  -1.2411951e-01  -2.0420955e-02  -1.9038990e-01   3.2128490e-01  -1.6197358e-01   4.5895138e-01  -2.6467479e-01  -3.8778236e-01   2.2387369e-01   5.1503748e-01  -2.6383391e-01  -3.1677875e-01  -1.3683328e-01  -3.8992239e-01  -1.5171947e-02  -2.4695682e-01   5.1875300e-01  -1.4428158e-01   2.0789565e-01  -8.4479262e-02  -4.4690642e-02  -3.3454366e-01   3.2984942e-01   1.8663965e-01  -2.2399365e-01   1.5305364e-01   3.2736516e-01  -2.8024079e-01   4.9779823e-02  -2.1076807e-01   1.7963841e-01  -2.9853758e-01   3.5390823e-01  -3.4566693e-01   1.9062585e-02   1.9533667e-01  -9.0411049e-03   2.0558645e-01   2.3454196e-01  -4.1913779e-01   3.1211185e-01  -3.1771966e-01   1.9930721e-01  -2.9486133e-01   3.1172737e-01  -5.2048312e-01  -4.0635700e-01   5.8229328e-01   4.3625628e-01  -3.1793680e-01   1.3579679e-01   1.5249980e-01   2.5378763e-01  -1.4887008e-01  -7.5147439e-02  -1.8688459e-01   2.7587011e-01  -2.0095349e-01  -1.6955634e-01  -8.9166242e-02  -4.0848561e-01  -3.2913642e-01   5.5695058e-01  -3.0451692e-01   6.2322998e-02   4.2483867e-02   3.4987216e-01  -3.8191557e-01  -1.5840326e-02  -4.8924386e-01   2.2906623e-01   9.8320445e-02  -2.6670894e-01   1.4175150e-01  -2.2099339e-01  -2.7904566e-01  -4.1839966e-01  -1.7230229e-01   3.1694352e-01  -8.0597861e-02  -5.9023427e-02  -3.1470567e-01  -1.1470194e-01   3.4491221e-01  -3.8961774e-01   5.7089711e-01   2.6273559e-02   1.4568314e-02   8.7544495e-02   2.1821945e-01  -9.1585401e-02  -2.7551878e-01   3.5022502e-01   1.2019187e-01  -3.1223015e-01  -4.4791547e-01  -3.9939649e-01   3.0376704e-01  -3.4341911e-01   3.2309697e-01   1.1197520e-01  -2.2468988e-01   6.5321731e-01  -3.9888006e-01  -3.4404808e-01   1.2020800e-01  -4.0449389e-01  -9.9074576e-02  -2.0011082e-01  -1.4027714e-01   7.1953649e-01  -4.1931061e-01  -5.6528922e-01  -1.0609550e-01   4.3268530e-01  -2.7454005e-01   3.0800658e-01  -3.5873928e-01  -1.9332750e-02  -3.7519239e-01  -2.6423874e-01   2.4155594e-01  -1.6840091e-01  -3.1310605e-01  -2.2937277e-01   1.9877769e-01  -2.9828612e-01   8.8332830e-07  -1.4582853e-01   6.0375457e-02   3.2603404e-02   4.1413116e-01  -4.0787932e-01
  -9.4277427e-02  -3.2356968e-01  -1.3480591e-01   0.0000000e+00   1.4587775e-01   1.3266787e-01  -1.1156278e-01  -2.4595008e-02   1.1976422e-02   7.4336631e-02   2.1054891e-01  -3.1185664e-01   1.7413603e-01  -8.5624103e-02   1.4509238e-01   2.0595391e-01  -1.5973468e-01   3.5216824e-01  -2.1730509e-01   3.2245321e-01  -1.1365818e-02   5.1336064e-01   2.0287849e-01  -6.7873887e-02   1.1098770e-01   5.4631771e-02   2.9917915e-01   3.4637709e-03  -1.1434672e-01   2.9836303e-01  -2.0514409e-03   5.1471015e-01  -1.8001509e-01   6.1739839e-02  -1.3554835e-01   2.9592757e-01  -1.1682885e-01  -2.4628685e-01   3.1084270e-01  -9.9450188e-02   2.8276703e-01  -1.2525691e-02   6.3001590e-02   2.1455385e-02   1.5641842e-01  -1.5680527e-01   3.1261488e-01  -1.4438952e-01   3.2297556e-01  -7.5119794e-02   4.0207942e-01  -5.7569939e-02  -1.3667806e-01  -1.8988904e-01   5.2714472e-02   7.5290984e-02   1.6395436e-01   5.6408833e-01   5.5202851e-01   8.1073632e-03  -2.3589920e-01   2.9191641e-01  -3.8581345e-03   7.5941254e-02   6.9343611e-02   1.6509917e-01   8.4805293e-02   1.6079090e-01   4.2440790e-01  -4.5536568e-01  -1.8928106e-01   6.0315112e-01   3.6751297e-01  -1.7776840e-01  -3.3329923e-01   1.6028167e-01  -9.5828055e-02   1.9983865e-01   6.1605909e-02   1.5964858e-01   2.2517033e-02   3.8117995e-01  -1.9116392e-01   3.3239063e-02  -3.8013774e-01   2.0054445e-01  -1.9537743e-01  -1.1248045e-01  -2.8687829e-01  -1.3548670e-01   1.1605251e-01  -2.0359003e-01  -2.0866701e-01   1.4921276e-01  -7.5250243e-02   8.9908255e-02   3.6339411e-01  -2.3449811e-01   3.3779654e-01   1.2017786e-01  -2.2004637e-01   1.8219795e-01   7.3239331e-02  -3.0273312e-03   5.9564577e-01   6.3970964e-01  -1.3866031e-01   7.5836071e-02   1.6127456e-01  -1.6090186e-01  -5.7889908e-02   4.9776631e-01   3.8657299e-01  -6.2229160e-02  -1.4224767e-01  -4.1342752e-02  -6.8604746e-02   1.8635516e-01  -2.1578614e-01   7.5579794e-01   7.3719616e-02   1.2493743e-01  -3.0069641e-01   1.3646728e-01  -1.5129778e-01   6.7112649e-02   1.3368960e-01  -2.7029841e-01   5.2424574e-01  -2.8825838e-01   2.8471433e-01   1.0290180e-01  -2.3650835e-01  -2.3514336e-01   3.0107203e-01   1.7646361e-01   1.5247692e-01  -1.2212832e-01   1.9715865e-01  -2.7515581e-02   1.9695322e-02   1.1848977e-01   1.2679872e-01  -1.7590432e-01   1.1964776e-01   1.3326062e-01  -2.6453807e-01   7.7818965e-02   1.6002397e-01   5.0863900e-03  -2.9599545e-01  -1.9802968e-01  -9.6175149e-02  -5.2071539e-02  -2.1740784e-01  -1.0595146e-01   1.0448763e-01   5.5969335e-01  -1.7666606e-01   2.2675552e-01   6.7488503e-02  -9.6976501e-03  -5.1563737e-03   5.0368575e-01   6.2108431e-01  -9.6084982e-02   1.4148315e-01   3.3018887e-03  -8.3813238e-02  -1.6490635e-01   4.0797393e-02  -1.2837331e-01   4.2409724e-01   9.9009315e-02  -2.1419092e-01  -1.7838078e-01   6.1351491e-01
   3.3261046e-01   2.0915294e-01  -7.6898434e-02   1.4587775e-01   0.0000000e+00  -3.8815527e-01  -4.4977548e-01  -1.1226063e-03   4.9787792e-01  -2.7395859e-02  -2.5266785e-01   3.4121035e-02   4.6674604e-01  -4.8304858e-01  -4.3951986e-01  -1.2631439e-01   3.5733851e-01  -3.1770861e-02   1.5943527e-02   8.1761155e-01  -5.4168717e-01   9.8363407e-03  -3.5197461e-01   2.2804603e-01   1.0460979e-01   6.6958831e-02   5.5533584e-01  -2.5096418e-01   3.6129804e-02  -2.7221532e-01  -5.4499345e-01   6.9166701e-02  -1.0556686e-01  -3.5147765e-01  -8.9818254e-02   4.6421223e-01  -6.2131042e-02  -9.8499451e-03   3.2543452e-02   5.7952449e-02   5.1967975e-01   1.7156332e-01   3.1695793e-01  -4.0269105e-01   4.9249858e-01   2.1725109e-01  -3.5094794e-02  -5.2887186e-01   5.8674561e-01   4.8216765e-01  -3.2145315e-03   7.6181622e-02  -2.6064422e-02   1.1035816e-02   8.7495630e-02  -3.5373494e-01  -3.2714306e-01   1.7599011e-01   3.5081222e-01  -3.3401851e-02   2.3948432e-01   6.9295046e-01   5.9009540e-01  -2.4935425e-01   4.2786276e-01  -4.1863055e-02  -1.0162852e-01   4.0050902e-01  -6.1360360e-02  -2.8533578e-01   3.8612341e-01   1.2616349e-01   2.2463042e-01  -4.6922551e-02   6.6406222e-02   2.9833124e-02   2.1119373e-01  -6.6301672e-02   7.7558167e-01   3.5142976e-01  -6.0455775e-01   7.6841587e-02  -4.5682215e-01  -6.8325074e-02  -2.8196560e-01   8.0840399e-03  -9.0156698e-02  -1.6846988e-01   4.0366990e-01   2.0626455e-01   7.6457604e-01   2.6898539e-01   1.1415796e-02   5.0330839e-01   9.0157865e-02   7.2788577e-01   4.5969083e-01   2.4634425e-01   6.9838417e-01  -1.0577700e-01  -5.0108228e-01  -2.8050256e-01  -5.8226060e-01   3.6542354e-01  -1.3566333e-01   9.7466483e-02   1.2725560e-01   1.7483739e-01   7.2517488e-02   2.5709180e-02  -5.4608144e-01  -1.7348082e-01   4.9397644e-01   2.3888336e-01  -5.4788322e-01   6.1306207e-01  -6.7529845e-02   2.9664637e-01  -3.8262927e-01   2.0008945e-01  -1.7153360e-02   6.4582295e-01   3.3722047e-01   3.5601405e-01   1.7159905e-02  -4.3606510e-01   3.0343187e-01   2.4885114e-01   2.5802169e-01  -5.1480871e-01   2.2161484e-01  -2.5264629e-01  -2.2473317e-01  -3.5860876e-01   3.5004525e-01   1.1150523e-01   3.2233335e-01  -6.5712414e-01   1.5463124e-03   2.6680493e-01   2.8850310e-01   2.7636544e-01  -6.4561796e-02  -6.2277324e-01  -4.2423115e-01  -2.4113391e-01  -1.7117951e-01   4.1967634e-01  -3.7489717e-01  -1.1494533e-01   1.4164987e-01  -5.7499922e-01   6.9219338e-02   1.2147810e-01  -3.8310991e-02   4.3168539e-02   2.8888725e-01   3.3461395e-01   3.7445562e-01  -5.1992550e-01   2.8744188e-01  -2.6921103e-01   1.0637141e-01   2.3531837e-02   3.6051911e-01   3.6104554e-01  -1.6648550e-01  -3.1673546e-01   3.7927124e-01   4.0767284e-01   5.9379580e-01  -4.0786468e-02   4.2612336e-01  -3.1139514e-01  -1.8330180e-02   2.1214944e-01   2.4055682e-01
  -4.6529100e-01  -1.1793776e-01   3.9468353e-01   1.3266787e-01  -3.8815527e-01   0.0000000e+00   5.4683793e-01  -2.1059247e-01  -4.0627008e-01   1.9916024e-02   1.6761539e-01   2.0061426e-01  -3.6130395e-02   2.7997374e-01   2.8144585e-01   4.5859225e-01  -9.6564859e-03   7.5707041e-02   5.1242067e-02  -1.6820574e-01   3.6299931e-01  -9.4634658e-02   3.0033003e-01  -4.7015062e-01  -1.3273684e-03  -6.8609335e-02  -9.6918036e-02   4.9237048e-02   1.2784333e-02   2.6146280e-01   1.5907221e-01  -2.1558006e-01   2.7481541e-01   2.0630941e-01  -7.2694365e-02  -9.0994938e-02  -4.4999580e-02  -1.3825921e-02   2.3922145e-01   2.4645315e-01  -1.1474278e-02   2.5937234e-01  -6.2236396e-02   4.3401910e-02  -1.9320466e-01  -7.2921964e-02   3.2349248e-01   4.4968560e-01  -3.0788428e-01  -7.4168327e-02   1.0443664e-01  -2.3095126e-01  -1.4922666e-01   1.8863712e-01  -1.8347826e-01   1.0189660e-01   4.5575715e-01  -1.2007534e-01   9.4403189e-02   1.0444756e-01   2.7206788e-02  -2.3711529e-01  -3.7285926e-01   5.0229241e-02  -4.5292226e-01   7.1276211e-02   6.0947165e-01  -2.5544149e-01   2.3485504e-01   3.0652677e-01  -3.0632520e-01   7.0135002e-02  -6.2397355e-02  -1.1248920e-02  -1.1049408e-01  -3.2653398e-01   6.1018619e-02  -1.1048550e-01  -3.2851633e-01   3.9922558e-02   4.0063738e-01   1.9639071e-01   2.5215414e-01  -1.5776131e-01   3.5008686e-01  -2.1781534e-01  -4.2444275e-02  -1.1332388e-01  -3.8523417e-01  -4.4152705e-01  -4.8119895e-01   1.4395075e-02   2.2049005e-01  -4.5248630e-01   6.2575397e-02  -2.5750742e-01   1.0186246e-01  -1.7259246e-01  -2.3712004e-01  -3.6268302e-05   2.8556838e-01   3.5930404e-01   1.7530699e-01  -4.4002265e-01   7.9159835e-02  -1.7735065e-01   2.4425461e-01  -8.6360177e-02   7.7415548e-02   2.2488789e-01   5.7174046e-01   2.0715809e-01  -2.1615175e-01  -3.1442498e-01   3.1433084e-01  -4.6468777e-01  -1.2513036e-01   1.5889104e-02   1.9776935e-01   6.8136279e-02  -3.6687982e-01  -1.6240870e-01  -2.5914188e-01  -3.4162395e-01   9.2464977e-02   2.7383991e-01   9.9082779e-02  -2.2773529e-02  -3.9412304e-01   5.0575104e-01   8.0117424e-03   1.5422351e-01   1.0933407e-01  -1.6016190e-02  -2.0247517e-01  -2.4912620e-01   1.6187939e-01   2.4002251e-01  -2.5083882e-01  -3.4981496e-01  -3.5434473e-01   1.0102846e-01   5.2054892e-02   6.4834844e-01   4.1208316e-01  -8.6737887e-02   2.4383687e-01  -3.2113329e-01   3.3146147e-01  -1.5484825e-01  -3.2792420e-01   1.3410391e-01  -3.6430109e-01  -1.4829650e-01   4.1607672e-01  -3.4806803e-01  -4.7034539e-01   1.2961999e-01  -9.2162265e-02   3.0973442e-01  -6.1690632e-02  -6.1689397e-02  -1.5817028e-01  -1.1101278e-01  -1.4849007e-01  -1.3892966e-01   3.1147357e-01   5.1844653e-03  -2.8896049e-01  -2.3449379e-01  -3.9407886e-01  -4.2344917e-02  -2.0557863e-01   6.9515377e-01  -7.5782317e-02   2.9658993e-02  -1.3648601e-01
  -5.7650873e-01   1.7259488e-02   3.1992001e-01  -1.1156278e-01  -4.4977548e-01   5.4683793e-01   0.0000000e+00  -3.1324640e-01  -5.7996011e-02   3.0858737e-01   2.6251451e-01   3.0407021e-01  -1.3474741e-01   9.1967415e-02   3.0294286e-01   3.0678473e-01  -1.6445416e-01   3.4535162e-01  -1.2830412e-01  -1.1449184e-01   3.7333050e-01  -2.5687699e-01   5.0142523e-01  -5.4835061e-01  -8.7708943e-02  -2.8179775e-01  -1.9105096e-01   8.2371509e-02  -6.1925742e-02   2.3033374e-01   2.6837539e-01  -2.7067512e-01  -4.8022021e-02   5.7553023e-01   5.2575345e-01   1.7738348e-01   6.3292155e-02  -7.6461797e-02  -1.2124744e-02   2.0972771e-01  -1.0648695e-02  -3.3194485e-02   2.2808409e-01  -5.8529015e-02   1.3593670e-01  -1.9822690e-01   3.3869633e-01   6.6050073e-01  -4.0286592e-01  -3.4243071e-01   3.1194029e-01  -3.1894681e-01   2.4226565e-01  -5.0526861e-02  -1.5241343e-01   3.0976451e-03   2.0824829e-01  -2.5313789e-01  -7.8664214e-04   2.4535035e-01  -1.5367112e-01  -1.3498475e-01  -5.0508133e-01   1.3483774e-02  -1.9430212e-01   4.4348740e-01   2.6004261e-01  -4.6355096e-02  -1.0503924e-01   8.3507830e-02  -1.6715836e-01   2.1123633e-01   1.8354466e-01  -3.6842380e-01  -1.4516666e-01  -4.3161535e-01  -2.4155555e-01  -2.5116684e-01  -3.0054963e-01  -1.0400283e-01   4.7042379e-01   3.1895907e-01   4.2308395e-01  -1.7870542e-01   5.1603200e-02  -3.8301981e-01   2.3363388e-01  -2.3114631e-01  -2.4820625e-01  -4.7027219e-01  -4.4249083e-01  -1.9530959e-01   4.1313467e-01  -3.1197397e-01  -9.6142740e-02  -5.3932138e-01  -9.9107597e-02  -2.9985275e-01  -7.5650065e-02   4.5177034e-01   2.1090690e-01   4.1745367e-01   9.9562079e-02  -1.9092845e-01   8.3307639e-02  -2.6907664e-01  -1.0386024e-01  -2.5291894e-01   1.3140097e-01   1.8885675e-01   7.4311217e-01  -3.0346699e-02  -8.6326588e-02  -3.5736323e-01   3.2225070e-01  -4.5166799e-01  -3.3313494e-01   1.0099088e-01   1.1512148e-01  -1.2540291e-01  -4.1898010e-01  -7.6972260e-02  -3.5518764e-01  -2.7872460e-01  -8.0613034e-02   9.2387290e-02   2.2752973e-01  -1.9125806e-01  -4.3902580e-01   5.0429638e-01   1.3877028e-01   5.3142921e-01   4.1720506e-02   3.4340879e-01  -2.6125139e-01  -3.7341108e-01   3.3770254e-02   3.8460977e-01  -3.7814991e-01  -4.1360193e-01  -5.6362885e-01  -2.5642735e-01  -1.2879925e-02   4.5363785e-01   6.0405139e-01  -8.4729226e-02   2.6772753e-01  -1.4516359e-01   5.2527998e-01   1.3591166e-01  -4.9077196e-01   2.0686625e-01  -4.0801332e-01   1.1809039e-01   2.3927188e-01  -3.1984420e-01  -5.8601736e-01   6.7637463e-02  -3.2560742e-01   1.5445317e-01   3.6629963e-02   4.1728006e-02   9.1355902e-02   1.1143445e-01  -4.1344946e-01  -1.8030496e-01   4.2740374e-01  -8.7086638e-02  -5.4924934e-01  -2.6963352e-01  -2.0155492e-01  -1.6623560e-01   8.4509331e-02   1.5920942e-01  -1.7123821e-01   3.1539943e-02  -2.6402738e-01
   4.6035577e-01   3.0990728e-02  -3.8138451e-01  -2.4595008e-02  -1.1226063e-03  -2.1059247e-01  -3.1324640e-01   0.0000000e+00   1.3470594e-01  -1.7195155e-01   2.8191838e-01  -1.6216618e-01   2.4694137e-01  -2.8701813e-01  -7.7385421e-02  -2.5650918e-01  -2.4410277e-01   1.4566026e-01   4.0052215e-01   9.4167060e-03  -3.4071354e-01   2.6945963e-01  -6.1411070e-02   3.3953569e-01   7.1713849e-02   7.0912383e-01  -1.2548197e-01   2.0719099e-01  -1.3746990e-01  -6.3689081e-02  -1.9432287e-01   3.5866834e-01  -8.4729376e-02  -1.3813428e-01  -1.7201423e-01   5.7108661e-02  -2.4469822e-01  -1.3479698e-01  -1.1370666e-01  -3.7529982e-01   1.3099747e-01  -8.1818465e-02   9.3725015e-02   3.5458134e-01   1.0363045e-02   3.4896253e-01   8.8161003e-02  -3.9095472e-01  -2.9556232e-02  -2.6381330e-01   1.9480614e-01   7.6059120e-01  -1.9876862e-01  -1.7056246e-01   1.3671640e-01   3.1286189e-01   6.7121027e-02   3.3914121e-01   2.3435455e-01   2.1615010e-01  -9.5016934e-02   4.8597953e-02   4.3732982e-02   2.6093892e-01  -1.2254808e-01   2.2741068e-02   8.5569209e-02  -6.5882038e-02   3.4600616e-01  -2.8053584e-03  -1.6916381e-01  -5.4100969e-03   3.9642160e-02   1.8239939e-01  -7.7528055e-02   3.8921232e-01  -3.2084239e-03   4.7413690e-01  -4.0448933e-03  -6.5396638e-02  -1.9782927e-01  -4.0492091e-02  -2.3670337e-01   8.3880875e-01  -2.9683981e-01   4.1501347e-01  -2.4397749e-01   1.5112937e-01  -4.4470783e-02   4.6448797e-01   2.0002083e-01  -3.5197090e-02  -1.6018565e-01   3.2594442e-01   4.0103723e-03  -1.3995558e-01  -1.0041391e-01   4.9140746e-01  -2.1776700e-02  -1.0452792e-01  -1.9915592e-01   2.2206455e-01   7.4784863e-02   2.1635700e-01   1.5514672e-01   3.1331103e-01  -2.7760566e-01   7.1273369e-01  -1.5842157e-01  -1.4711866e-01  -2.5025620e-01   1.9423175e-01   6.3184717e-03   3.6119002e-01  -1.8660593e-01  -1.0097734e-01   5.5811453e-01   1.4948871e-01   2.0811817e-01   1.0260652e-01   3.8812331e-01   9.9421560e-02  -6.9043427e-02   3.1276498e-02   6.9400961e-03   6.2587734e-02  -2.9370645e-02  -1.5873688e-01   3.9399958e-01  -2.9212697e-01   4.7540574e-02  -8.8066733e-02   7.3742039e-02  -1.9196433e-01   2.0999544e-01   5.2430825e-01  -1.2164726e-01  -1.8134094e-01   5.0140902e-01   4.5980624e-01   5.1064387e-01  -1.2385118e-01   4.0202178e-01  -3.8033512e-01  -1.4905296e-01   2.2954644e-01  -3.7944196e-01   2.4541736e-01  -5.6544288e-03  -3.1315656e-01   3.0403638e-01  -1.4372180e-02   4.0441513e-01   7.9258096e-02  -3.8733891e-01   2.8979830e-01   3.4982150e-01   2.1021673e-01   5.3787689e-02   3.2477973e-02  -9.4282250e-02   4.5571839e-01  -6.6440424e-02   1.5079674e-01   3.2690370e-01  -8.6367386e-02   4.4311085e-02   3.9809003e-01   2.7501652e-01  -1.4586999e-01   2.3533681e-01  -2.2626048e-01  -4.9073206e-02  -5.1791806e-02  -2.8952623e-02  -1.7168681e-01   3.7356228e-01
   1.6011475e-01   5.2810973e-01  -7.7548872e-02   1.1976422e-02   4.9787792e-01  -4.0627008e-01  -5.7996011e-02   1.3470594e-01   0.0000000e+00   5.8671449e-02   9.0012662e-04   1.1914714e-01   3.5103416e-01  -5.5111228e-01  -4.7023571e-01  -2.1246085e-01   1.0558759e-01   1.1843764e-01   2.1954288e-01   5.1272203e-01  -5.8394128e-01   2.9187229e-02  -2.4980622e-01   1.4039436e-01   1.9094681e-01   1.6086529e-01   4.1917133e-01  -1.8326550e-01  -1.3222099e-01  -9.9284402e-02  -4.3355982e-01   1.2975725e-01  -1.8534620e-01  -1.2048207e-01   4.2435419e-01   5.0558350e-01  -2.7013761e-01  -2.8288478e-01  -3.0043992e-02   3.4844194e-02   4.6479641e-01   1.4976631e-02   6.0076066e-01  -2.8273309e-01   5.8270441e-01   2.1551092e-01  -1.6598533e-03  -2.9063815e-01   1.8639324e-01   1.1556754e-01   1.8097871e-01   2.1815287e-01   2.7036309e-01  -2.5277857e-01   7.4036848e-02  -2.2056698e-01  -2.7238167e-01   1.3539934e-01   2.9849784e-01   3.3763430e-01  -1.2080562e-01   4.9007541e-01   4.8676783e-01  -4.6363273e-02   5.2851972e-01   2.0681536e-01  -3.4177938e-02   5.4211751e-01  -1.5335918e-01  -2.6604307e-01   4.0581077e-01   2.6380627e-01   4.3276480e-01  -3.5173240e-01   1.2003227e-01   5.6566750e-02  -1.4727136e-01   4.5497705e-02   4.8822350e-01   2.5672217e-01  -4.7589298e-01   2.0744002e-01  -3.3469751e-01   1.2549734e-01  -4.5719173e-01   2.4399199e-03   2.6146969e-01  -2.6111707e-01   3.9811891e-01   1.1413913e-01   5.9682034e-01   5.3657676e-02  -2.1164481e-02   7.6496436e-01  -1.3786208e-01   2.0188299e-01   2.2290252e-01   3.1757300e-01   6.2296725e-01   1.5438428e-01  -4.5223648e-01  -2.4591954e-02  -5.5575326e-01   8.0102583e-01  -3.8451102e-03   1.0080346e-02  -1.9064186e-01   2.9936753e-01  -1.8998443e-01  -1.5738702e-02  -4.0150994e-01  -2.1468410e-01   5.4158442e-01   1.1630908e-01  -5.7956713e-01   4.4257219e-01   1.5179525e-02   3.2979912e-01  -3.1336902e-01   8.3240617e-02  -1.6170772e-02   4.9545596e-01   1.1811931e-01   4.4263295e-01  -2.5003558e-01  -4.0688635e-01   3.9360744e-01   5.9829208e-03   3.6212787e-01  -3.9093840e-01   2.4940860e-01  -4.3199187e-02  -3.0047392e-02  -1.1906342e-01   4.6385265e-01   1.8157814e-01   1.6558457e-01  -4.2520924e-01   1.1380750e-01   1.0586159e-01   1.4877574e-01  -3.8120325e-02   2.4218373e-02  -6.5037443e-01  -2.6859263e-01  -3.1817316e-02  -2.9803458e-01   5.8520521e-01  -1.8270564e-01   1.8050235e-02  -2.1669615e-02  -5.0733576e-01   6.3019001e-02   3.9486961e-01  -1.1131552e-01  -1.8143692e-02   1.2350075e-01   2.4636624e-01   3.4377350e-02  -4.6192697e-01   2.9739175e-01   1.0413336e-01   1.8522443e-01   2.9162996e-01   2.0651437e-01   1.2587253e-01   6.7284152e-02  -2.2471887e-01   1.7584291e-01   2.5264003e-01   5.9856565e-01  -3.1962631e-01   5.9096780e-01  -4.8724278e-01  -6.7814602e-02   1.2496225e-01   2.1902181e-01
  -3.8721251e-01  -1.6458653e-01   3.5847573e-01   7.4336631e-02  -2.7395859e-02   1.9916024e-02   3.0858737e-01  -1.7195155e-01   5.8671449e-02   0.0000000e+00  -4.3477453e-02   8.8167746e-02   7.6101341e-02  -2.3183687e-03   2.4732336e-01   2.1613828e-01   1.3326504e-01   2.2883507e-01  -6.6343264e-02   1.0583685e-01   2.0121294e-01  -2.2949375e-01   1.9636228e-01  -3.4586021e-01   5.9541418e-02  -2.0658368e-01   2.5251878e-01   1.6402346e-01   1.7485874e-01  -2.1362597e-01   3.6836238e-01  -1.8022912e-01  -1.1456165e-01   6.5232110e-01   2.1333104e-01   2.1532621e-01   2.1651439e-01  -1.4178083e-01   1.6922315e-01   5.1388284e-01   1.1637072e-01   1.2307035e-01   6.1358644e-02  -1.3253943e-01   1.5584180e-01  -2.1116469e-01  -2.0450054e-02   3.1812846e-01   1.9336132e-01   1.1401383e-01   1.4816789e-01  -1.8147975e-01   5.3556085e-01   9.0165734e-03  -2.1111970e-01  -1.7136063e-01  -1.1273336e-01  -8.7923112e-02   2.0706804e-01  -2.4816807e-01   7.0852804e-04  -6.2497391e-02   5.4641496e-02   1.4536904e-01   2.5765319e-01   1.9324547e-01   7.3820496e-02   2.6836939e-01  -3.1448663e-01  -2.9485100e-01   2.0777139e-01   3.0243538e-02   2.8260883e-01  -3.5203654e-01  -3.1258271e-02  -2.2175218e-01  -1.3180262e-01  -3.0591942e-01   1.7292869e-02   1.0488580e-01   1.1658100e-01   3.9366645e-01   2.7035352e-01  -2.9425085e-01  -6.5890840e-02  -1.9935794e-01   2.8403538e-01  -3.2015551e-01   1.9930723e-01  -3.4756707e-01  -2.0655055e-01   6.1727862e-02   3.4460440e-01  -1.6646265e-01  -1.4244646e-01   7.5804411e-02   3.6396758e-02   2.7506057e-02   8.4800977e-02   4.7247240e-01   3.1321828e-01  -4.4703974e-02  -2.2200722e-01   3.8541385e-02  -1.5007712e-01  -4.8412867e-02  -2.2491207e-02  -2.9852064e-01   5.2406331e-01  -3.6741151e-02   3.4116985e-01  -3.1398729e-01   1.3119431e-01  -3.7133813e-01   2.6132180e-01   2.2429257e-01  -1.9365554e-01   3.2815331e-01  -4.0107031e-01  -1.3983000e-01  -4.2116115e-01  -9.4873755e-02   7.4452278e-02   8.1768674e-02  -1.8750794e-01  -3.5199425e-01  -3.4964625e-02   4.9390681e-02  -4.7856751e-02   7.9116736e-02   2.2144260e-01   5.5809928e-01  -4.8095117e-01   5.2609484e-01   2.6928916e-02  -2.1067726e-01   1.6888338e-01   2.0405166e-01  -1.9126433e-01  -3.5563089e-01  -3.0023057e-01  -1.1162772e-01  -1.6396374e-01  -1.0225782e-01   4.1072537e-01  -4.3773221e-02   4.4159312e-01  -8.4279057e-02  -7.3575003e-03   5.9119002e-01  -3.3664763e-01  -2.1589509e-02  -3.5191734e-01   2.5137976e-01   7.2615978e-02  -2.9556802e-01  -3.8238466e-01   1.6991599e-01  -7.4687994e-04  -2.1574179e-01   1.0199052e-01  -1.2917123e-01   4.6948742e-01  -1.4957252e-01  -1.3006116e-01   3.6269830e-01   7.9843854e-02  -3.5107146e-01  -3.8030990e-01   2.7122533e-01  -7.5334223e-02  -2.3957802e-01   1.6399011e-01  -3.6945300e-01   1.7413634e-02  -8.6171142e-04  -5.0186352e-02
   1.0547853e-02  -2.4366478e-01  -3.7528581e-01   2.1054891e-01  -2.5266785e-01   1.6761539e-01   2.6251451e-01   2.8191838e-01   9.0012662e-04  -4.3477453e-02   0.0000000e+00  -4.2498968e-01  -4.8400574e-02  -5.1430204e-02   3.6109196e-01   4.9097983e-02  -5.8862580e-01   7.4544306e-01  -5.9191313e-03   6.1801753e-03   2.0407730e-01   3.7423273e-01   5.8784275e-01  -5.6062626e-02  -2.3858680e-02   1.8357962e-01  -7.0820906e-02   2.9369794e-01  -4.2663889e-01   3.8877316e-01   1.6882872e-01   3.3338687e-01  -2.1970485e-01   1.5762410e-01   1.8870482e-01   4.1237597e-01  -1.2261654e-01  -2.0894815e-01   3.0117248e-02  -3.3845376e-01   1.7997766e-01  -2.8383515e-01   6.3697446e-02   3.6720417e-01  -4.1681374e-02   3.1298508e-02   8.1529584e-01   1.2906043e-01  -6.5217305e-02  -6.7505162e-01   7.4778417e-01   1.6161966e-01  -6.7430318e-02  -4.7279527e-01  -2.7050011e-02   4.5429834e-01   4.6731310e-01   2.7666901e-01   2.9791402e-01   3.3866293e-01  -5.8125971e-01  -1.5909562e-02  -3.8519735e-01   1.7190654e-01  -1.7143270e-01   5.3812069e-01   1.2289508e-01  -2.5864509e-01   5.0853442e-01  -1.2258919e-01  -5.4575678e-01   3.8918948e-01   2.9480665e-01  -1.8772452e-01  -4.1393168e-01   1.7476649e-01  -3.6590943e-01   3.2359542e-01  -3.4435019e-01  -1.1032285e-01   3.9481416e-01   2.2315718e-01   1.3192040e-02   4.1676943e-01  -4.4945896e-01   1.9771130e-01  -1.5255040e-01  -6.3866454e-02  -5.1907567e-01   3.7024452e-04   2.0735535e-02  -5.9040610e-01  -3.4445394e-01   6.9000868e-02  -1.9774897e-01  -4.8425524e-01  -1.3060661e-01   3.8769429e-02   1.0481432e-01   1.3548867e-01   4.3645468e-03   4.8449149e-01   3.8875714e-01  -6.2586559e-02   5.8251342e-01   3.3227639e-01  -6.2034643e-01   2.4979570e-01   7.6306072e-02  -2.4134107e-02   1.7198356e-01   4.8982057e-01  -1.7745516e-01   2.7042594e-02   1.3972546e-01  -5.0395023e-01   2.6081537e-01   8.3304322e-02   1.6098469e-01   2.7736585e-01   1.4640727e-01   5.2267505e-02  -6.1417768e-01  -1.8986351e-02  -3.9125195e-02   3.6580826e-01   1.3154132e-01  -4.5790202e-01   1.4528000e-01   3.9765900e-02   1.9163616e-01   5.2449088e-01  -1.4685418e-01   7.3832549e-02  -1.1869199e-01   2.3942442e-01  -2.3120462e-01   2.8711486e-01   2.0345073e-01   5.7299955e-02   9.5021960e-03  -3.8798778e-01   5.0986162e-01   2.6805841e-02   3.5620315e-01   2.8931837e-01  -5.9192744e-01   2.9465366e-01   6.7550108e-01  -1.4233306e-01  -1.4897144e-01   2.5096835e-01  -1.2748220e-01   3.7358066e-01  -4.6488247e-01   4.5092351e-02   8.7673462e-02   4.0943752e-01  -5.7863695e-01   5.4723154e-01  -4.2115929e-01   6.1318775e-01   2.8737303e-01   5.8823396e-01   8.3421386e-02  -5.7872664e-01   5.4199100e-01   3.8440494e-01  -2.9008985e-01  -4.9098838e-01  -3.7006289e-02  -1.8337552e-01   2.4046070e-01   1.1479180e-01  -2.4354190e-01  -2.7733078e-01   3.5904973e-01
  -2.5621173e-01   5.8705662e-01   4.7784773e-01  -3.1185664e-01   3.4121035e-02   2.0061426e-01   3.0407021e-01  -1.6216618e-01   1.1914714e-01   8.8167746e-02  -4.2498968e-01   0.0000000e+00  -1.4352112e-03  -2.1782369e-01  -3.5357545e-01   2.0242491e-01   4.4567944e-01  -2.6727463e-01   1.5018742e-01   4.7666248e-02  -2.4422210e-01  -5.3573471e-01  -3.9152922e-01  -2.5182866e-01   2.0825961e-01  -5.0208772e-02   3.5327975e-02  -3.7271348e-01   2.2422222e-01  -2.0225270e-01  -2.6937836e-01  -3.4791582e-01   2.3623752e-01  -1.1573397e-02   2.3463651e-01  -1.2138806e-01  -1.7905026e-01   2.6194818e-02   2.8743779e-02   3.4923137e-01  -4.8042539e-02   3.8970538e-01   4.0491313e-01  -2.9261056e-01   3.0324259e-01   1.5937662e-01  -2.8164134e-01   9.5606540e-02  -2.5861007e-01   4.2972388e-01  -3.4797783e-01  -1.2315758e-01   1.0397981e-01   4.7540062e-01  -1.7846472e-01  -3.1088579e-01  -2.3868153e-01  -3.6356173e-01  -9.0437686e-02   1.4247103e-01   3.8514390e-01   1.1839485e-01   1.8351663e-01  -1.5546350e-01   1.4226438e-01  -2.8416282e-01   1.8059960e-01   3.6006056e-01  -3.1247431e-01   1.9628044e-01   4.3606805e-01  -3.1683549e-01  -3.3415629e-02   8.9486360e-02   2.8172856e-01  -3.2577932e-01   2.5337454e-01  -2.0326104e-01   3.4446513e-01   1.5340682e-01  -2.2743645e-01   1.0600017e-01   1.5037383e-01  -1.9638858e-01   2.9880796e-01  -3.7950854e-01   7.8481956e-02  -6.7009767e-02   2.9651299e-01  -1.5151742e-01  -5.1858506e-02   4.8667031e-01   5.9161745e-01   1.1549710e-02   2.1140167e-01   7.3680823e-02   2.6264002e-01  -9.4461826e-03   5.7477784e-02  -3.8166974e-02  -1.1215216e-01  -4.1733623e-02  -4.8569767e-01  -7.4044679e-03  -4.3182071e-01  -4.5109620e-01   4.1259056e-01   5.3996766e-03  -2.2810562e-01   1.2686819e-01   2.3324763e-01  -3.6613947e-01   9.4338865e-02  -2.0341981e-01  -1.6281636e-01   1.2009546e-01  -1.6722586e-01   1.7244332e-01  -8.2450090e-02  -3.1794175e-01  -4.1290243e-01   1.7757057e-01   4.5762972e-01  -7.0871232e-02   6.0557860e-02  -1.2500834e-01   3.1824591e-01   2.9764362e-01  -4.1838052e-01   2.4570597e-01  -3.5306866e-03  -2.4789659e-01   3.7660349e-01   8.0155912e-02   3.7208893e-02  -3.2117644e-01   4.4696371e-01  -2.3028301e-01  -2.9220234e-01  -1.8214404e-01  -1.0080997e-01   1.9466135e-01  -3.2894838e-01   1.1295932e-01  -1.7690407e-02  -3.8383105e-01   5.6560675e-01  -2.2175615e-01  -3.1720204e-01   4.5598430e-02  -1.1128412e-01  -2.9739479e-01  -4.5975236e-02  -1.1673815e-02   6.2381156e-01  -2.6859149e-01  -4.6061504e-01  -6.5939433e-02   2.8359197e-01  -4.0894171e-01   5.1520506e-01  -2.6412579e-01  -1.7534582e-01  -4.0186454e-01  -2.4400950e-01   4.2591953e-01   7.6076296e-02  -3.3805970e-01   8.6211484e-02   3.1129763e-01   2.0904851e-01  -1.8505395e-01  -2.5594715e-02   4.9878968e-02   1.7455630e-01   1.8476128e-01  -3.1930683e-01
   1.4730034e-01   1.5123997e-01   7.6156105e-02   1.7413603e-01   4.6674604e-01  -3.6130395e-02  -1.3474741e-01   2.4694137e-01   3.5103416e-01   7.6101341e-02  -4.8400574e-02  -1.4352112e-03   0.0000000e+00  -4.1632065e-01  -1.6941128e-01   7.5179895e-02   2.3755671e-01   6.5367146e-02   1.8492224e-01   5.2866443e-01  -4.2820822e-01   1.6466653e-01  -7.9632034e-02   6.5432857e-02   1.4328641e-01   2.3048845e-01   3.1288858e-01   4.4773949e-02  -6.3439096e-02  -1.3212394e-01  -3.4586635e-01   1.1471224e-01  -5.4640773e-02  -4.8458737e-02  -9.0876022e-02   2.7507042e-01  -1.1289951e-01  -1.6994716e-01   8.6508956e-02   1.4308052e-01   5.8142093e-01   1.8005352e-01   3.5298769e-01  -2.8949832e-01   2.9774882e-01   1.4331245e-01   2.3209615e-02  -3.6934989e-01   1.6607393e-01   1.5145326e-01   1.7495912e-01   2.1104065e-01  -1.0922910e-01   1.3555561e-02   1.2262394e-01  -2.7014377e-01  -9.0112102e-02   2.9337936e-01   3.5485380e-01   1.6975714e-01   1.2746135e-01   3.2971939e-01   3.8306692e-01   3.7031967e-02   7.0964896e-02   4.6584944e-02   1.5178208e-01   1.7159216e-01   3.8579718e-02  -1.6685464e-01   8.1707965e-03   2.7967410e-01   2.2142675e-01  -1.4223696e-01  -3.3592631e-02   2.7792014e-02   5.7849349e-02  -3.0554654e-02   3.5739209e-01   2.9274814e-01  -3.3149248e-01   3.1014665e-01  -3.7869061e-01   1.1345717e-01  -3.4507507e-01   1.0468261e-01  -7.7039291e-02  -2.9246411e-01   2.0334415e-01   8.0518385e-02   3.3202085e-01   1.1076075e-01  -1.0995103e-02   3.5827445e-01  -5.0258462e-02   3.5924636e-01   3.3595400e-01   2.7059663e-01   4.1167952e-01   3.1346459e-02  -3.3444713e-01   1.2576153e-01  -3.5869012e-01   2.7439887e-01   9.8119123e-02   2.0431229e-01   8.9613004e-02   3.4153038e-01   1.2259249e-01  -1.5754429e-01  -2.2763358e-01   9.5036086e-03   4.1901609e-01   9.3337533e-02  -2.2633647e-01   2.3321527e-01  -1.1894701e-01   4.8970793e-01  -3.5488742e-01   2.4575822e-01   1.4950184e-03   4.2370664e-01   1.5876872e-01   1.7604161e-01  -7.8153394e-02  -2.5807175e-01   1.9959711e-01   7.0752271e-02   2.6417397e-01  -3.6816459e-01   2.7932575e-01  -7.1744138e-02  -2.1442522e-01  -2.9874835e-01   3.2231517e-01   1.9977028e-01   3.4809381e-01  -4.0087701e-01   1.6070078e-01   8.5164293e-02   2.2178663e-01   2.7256234e-01   1.7798908e-01  -4.6290174e-01  -6.6184582e-02  -1.6716382e-01  -1.4717237e-01   1.3821544e-01  -1.8782040e-01  -2.2067186e-01   2.8190618e-02  -4.5146320e-01   7.9408798e-02   3.0412393e-02  -6.1286852e-02  -5.4172674e-02   1.8990355e-01   4.1508578e-01   1.6010747e-01  -2.9941215e-01   1.9878871e-01  -1.3853405e-01   1.2368202e-01   5.3492539e-02   3.1358484e-01   1.8222281e-01  -3.1294382e-02  -1.5500609e-01   1.6150228e-01   8.2877058e-02   2.6735418e-01  -1.8640307e-01   2.5125447e-01  -1.8527754e-01  -1.1163497e-01  -1.7160878e-02   2.5060893e-01
  -3.1262943e-01  -2.8107109e-01  -9.6059633e-03  -8.5624103e-02  -4.8304858e-01   2.7997374e-01   9.1967415e-02  -2.8701813e-01  -5.5111228e-01  -2.3183687e-03  -5.1430204e-02  -2.1782369e-01  -4.1632065e-01   0.0000000e+00   4.3252419e-01   8.4357530e-02  -2.0979040e-01  -1.5195166e-01  -1.8918807e-01  -5.6902299e-01   7.4118221e-01  -8.5962599e-02   1.9141354e-01  -1.3229057e-01  -2.8503171e-01  -3.2592991e-01  -3.4102589e-01   1.7750133e-01   1.8870151e-01   2.6069566e-01   6.6171063e-01  -2.5936518e-01   2.3132877e-01   7.9768678e-02  -1.0384132e-01  -4.6745033e-01   4.2977929e-01   1.4670944e-01   1.2372750e-01   2.3692331e-02  -3.5521705e-01  -6.3777073e-03  -5.6988702e-01   1.8520538e-01  -4.6042248e-01  -3.2540842e-01  -5.7347668e-02   5.6538246e-01  -3.4385282e-02  -2.0274534e-01  -2.0212400e-01  -2.5348286e-01   1.0488764e-01   1.9948454e-01   1.8484479e-01   6.3097679e-02   1.9010015e-01  -2.6450303e-01  -3.4591924e-01  -2.4893941e-01  -1.1652343e-01  -5.2896980e-01  -3.1287370e-01   2.7734589e-01  -1.8465214e-01  -1.1209130e-01   5.6600884e-02  -4.4410098e-01  -1.5823262e-01   1.5587433e-01  -1.8876139e-01  -1.9360364e-01  -2.6904562e-01   1.0749284e-01   1.7845014e-01  -1.1422084e-01  -1.3121911e-01  -1.9898537e-01  -5.2867512e-01  -1.6354272e-01   4.4234656e-01  -2.2202621e-01   4.2598128e-01  -3.3368977e-01   5.7940986e-01  -1.1109978e-01   2.9333387e-01   1.9742674e-01  -1.7415868e-01  -3.1133060e-01  -5.2565332e-01  -2.1607226e-01  -1.6876967e-01  -5.3237235e-01  -6.0497014e-02  -2.2652650e-01  -2.8269157e-01  -2.9901965e-01  -5.7104054e-01   1.4756908e-03   6.8984878e-01  -7.5476555e-02   4.6553333e-01  -3.9740600e-01  -9.8007829e-02  -1.4615783e-01   1.9013234e-01  -4.8399233e-01   2.0653388e-01   1.1060589e-01   2.8830873e-01  -6.6073777e-03  -3.4638510e-01  -2.1581862e-01   4.9357154e-01  -1.9714372e-01  -1.2434676e-01  -4.6100988e-01   2.0194475e-01  -1.4473486e-01  -7.6132388e-02  -5.2022845e-01  -1.7639046e-01   2.3669531e-04   7.4277269e-02   3.4670950e-01  -2.6891486e-01   1.0923225e-01  -3.5230644e-01   3.7043674e-01  -2.8346096e-01   8.5571591e-02   4.8218085e-02   3.3519967e-01  -2.8875842e-01  -2.6755834e-01  -2.7434688e-01   5.9182132e-01  -1.7514460e-01  -3.5071051e-01  -3.2659494e-01  -5.6505138e-02  -1.7765375e-01   5.9676362e-01   2.4489511e-01   2.5272071e-01   1.6592592e-01  -3.8742052e-01   1.3128153e-01   2.9518210e-01   3.4889249e-03   5.6415786e-01  -9.4533639e-02  -2.1888796e-01   6.5336343e-02  -7.3387785e-02  -2.3953964e-01  -4.1948605e-01  -2.1661280e-01   3.5915743e-01  -3.4517033e-01  -1.3602809e-01   6.5524179e-03  -1.6826860e-01  -3.9457264e-01  -1.3131833e-01  -1.5179743e-01   2.2932807e-02  -1.2165197e-01  -6.0486082e-02  -6.1096022e-01   2.9233131e-01  -3.6778660e-01   2.7003555e-01   1.1604520e-01  -1.0568772e-01  -3.6203224e-01
