   0.0000000e+00  -4.3318160e-01   2.7952506e-01  -2.4173489e-01  -4.9545619e-02  -2.4087612e-01  -5.4313464e-01   2.6104691e-01  -2.0599693e-01  -3.7245129e-01  -2.2706698e-01  -4.3671014e-01  -1.1787388e-01  -2.4147254e-02  -3.0208456e-01  -3.7791462e-01   2.4914108e-01  -2.9080740e-01   2.5710210e-01  -3.1736726e-01  -3.9014520e-01  -1.0704604e-01  -5.0807833e-01   7.5072489e-01   1.3309724e-01   2.5337547e-01  -4.9058457e-01   6.0389521e-01   1.4159828e-01  -2.8633944e-01  -3.8329440e-01  -1.4122773e-01  -1.4976834e-01  -6.0258646e-01  -3.8181278e-01  -4.7505978e-01  -7.7090389e-02   6.9180185e-01  -3.8350687e-01  -2.8553780e-01  -3.6135191e-01   1.3804482e-01  -2.0424581e-01   1.3777659e-01  -4.3906184e-01   7.6021014e-01  -3.8830678e-01  -4.2388891e-01  -2.7761810e-01  -7.0625108e-02  -3.2895458e-01   3.9109223e-01  -3.5616030e-01   5.6422621e-02  -5.8931762e-02   8.4695501e-02   4.4276149e-01   5.9532927e-02  -3.1499635e-01  -5.7017671e-01   4.5382719e-01  -2.5431090e-01  -2.2418546e-01  -3.2899371e-01  -2.7497386e-01  -3.6683235e-01  -1.6004477e-01   5.4678598e-02  -9.4255766e-02   6.2510881e-01  -2.5731909e-01  -1.7241670e-01  -3.1445214e-01   5.0494341e-01   5.2298532e-02   1.1360811e-01   5.6774071e-01   8.7908393e-02  -1.3788686e-01  -3.2741301e-01   1.7947595e-01  -4.3967041e-01  -4.7809650e-01   3.2154568e-01  -9.2589870e-02  -4.7627769e-02  -2.5122670e-02  -1.8239414e-03  -7.5604618e-02   8.4945683e-01   1.4374946e-02   5.9226790e-01  -3.5752496e-01  -3.3075112e-01   5.7340421e-01   1.6596654e-01  -3.2989768e-02   4.1331561e-01  -1.9087516e-01  -4.8237744e-01   3.7560859e-01  -2.8035714e-01  -4.0215379e-02  -3.9786362e-01  -2.2355600e-01  -3.7127497e-03   1.0962889e-01   1.6263255e-01  -4.2719106e-01  -2.3322818e-01  -4.9465840e-01  -2.5950412e-01  -1.3568711e-01   8.3153114e-01   2.0708135e-01  -9.1175230e-02   1.6929607e-01  -4.0711096e-01   4.3005275e-01  -2.2057793e-01   6.2369300e-01   6.6942082e-02  -8.6896806e-04  -3.7499799e-01   7.7156327e-01   5.0499575e-02  -4.4975490e-01   4.4298579e-02  -4.6773279e-02   1.3205891e-01  -3.7914191e-01  -4.0822687e-01   1.4430969e-01  -3.5189321e-01  -1.3445268e-01   1.3658282e-01  -1.7959262e-01   4.9294278e-02   4.6631663e-02   5.9093537e-01   5.6326072e-01   1.4078888e-01  -1.8257145e-01  -2.8053698e-01  -5.9201468e-01  -3.5466214e-01  -4.3652063e-01  -1.9348399e-01  -3.7182252e-01  -5.2237207e-01   6.4320973e-01   3.2425294e-01   5.3656988e-01  -1.4755354e-01  -2.9420441e-01   4.6101791e-01   6.3120540e-01  -2.4547460e-01   6.5524892e-01   1.0332787e-01   4.8412390e-02  -1.3838621e-01  -2.3379557e-02  -3.3759912e-01  -8.3489889e-02  -1.2009565e-01  -3.3271321e-01   3.3508795e-01   5.2230054e-01  -1.8000915e-01  -1.8193542e-01   3.8804274e-01  -3.2643355e-01  -4.2560512e-01   1.1901825e-01  -1.0662731e-01  -3.8560674e-02
  -4.3318160e-01   0.0000000e+00   4.3431004e-02  -5.7618979e-03   3.7330423e-01   3.3110125e-02   2.2948625e-01  -3.2906639e-01   2.8451356e-01   1.7978745e-01  -1.5544092e-01   7.8485840e-01   2.6076166e-01  -1.5422160e-01  -1.5059930e-01   3.9310623e-01   1.1668479e-01   1.5489230e-02  -1.9207157e-01   4.9792286e-01  -3.3077512e-02  -2.8516033e-01   2.0312040e-01  -5.1505548e-01  -1.7621944e-01  -3.5635284e-01   3.8371616e-01  -4.5492300e-01  -2.4820460e-02  -1.1686800e-01   2.4928222e-02  -2.2594420e-01   2.1044627e-01   6.8025014e-01   6.0878990e-01   3.3520643e-01   2.3519922e-01  -3.4963169e-01   3.8755628e-01   4.8208801e-01   3.4913580e-01   4.5363473e-02   3.6581655e-01  -2.9449543e-01   3.7284656e-01  -4.9788832e-01   2.9560916e-02   3.6655081e-01   3.4207046e-01   4.1146846e-01   2.0749336e-02  -3.3194882e-01   5.3425756e-01   2.6738251e-02   6.9193442e-02  -3.5745655e-01  -4.5085850e-01  -3.8770831e-01   5.9309691e-03   4.4708243e-01  -3.6981217e-01   4.2024314e-01   4.2035505e-01   1.7554090e-01   1.7610911e-01  -5.3361080e-02  -4.0587477e-02  -2.8426274e-02  -2.7477922e-01  -3.6203548e-01   5.6777604e-01  -7.9848107e-02   3.5295832e-01  -1.8837944e-01   2.7796019e-02  -2.9376581e-01  -3.5122297e-01  -1.3492516e-01   4.6146841e-01   1.8730141e-01  -3.8943489e-01   3.6779415e-01   2.2000697e-01  -2.9832211e-01   2.9076020e-01  -2.8681545e-01   1.4365156e-01  -3.7294018e-02   4.0405326e-01  -4.8532489e-01   2.5085887e-01  -4.8872591e-01   6.2612218e-01   2.4021096e-01  -2.8728101e-01   1.9780193e-01  -4.8749884e-02  -3.5297962e-01   2.0711706e-01   1.4943088e-01  -3.0050868e-01  -7.6677876e-02  -2.5603504e-01   6.0607620e-01  -2.6080039e-01  -1.8000645e-01  -1.8066119e-02  -4.3143115e-01   4.7612259e-01   4.1462475e-01   3.1151913e-01  -2.4759106e-01  -1.7999495e-02  -4.4643377e-01  -2.3241586e-01   3.2255586e-01  -7.3772059e-02   4.6445264e-01  -3.8479269e-01  -6.0615279e-02  -4.5206088e-01   2.8069015e-01   3.8548321e-01   2.9408906e-01  -4.8433767e-01  -1.0065219e-01   1.1094635e-01  -9.1176171e-02  -3.5938360e-01   2.1350412e-01   3.9471218e-01   1.5081974e-01   3.4867503e-01   3.5495218e-01  -3.6521709e-02  -4.1483732e-01   1.8860786e-01  -1.3347356e-01  -2.9009192e-01  -3.5785627e-01  -4.3163015e-01   5.2961244e-02  -1.3745735e-01   1.9555056e-01   4.9919209e-01  -6.4893033e-02   6.4998822e-01   8.5247362e-02   3.1355262e-01   8.9488416e-02  -3.8564586e-01  -4.2357106e-01  -4.7968726e-01   1.5983491e-01   6.8907361e-01  -3.2383801e-01  -4.4442977e-01   1.7884354e-02  -4.4175103e-01  -3.0685528e-01   3.1245700e-02  -2.0961346e-01  -1.8590112e-01  -2.0229733e-01  -1.8433314e-01   3.8097165e-01   1.1837016e-01  -2.9670094e-01  -3.2855723e-01   5.1297445e-01   3.6026163e-01  -4.0698493e-02  -2.8194210e-02   2.9159972e-01  -8.5050957e-02   3.0495075e-02  -2.2534362e-01
   2.7952506e-01   4.3431004e-02   0.0000000e+00  -9.3751825e-02  -2.0709750e-01   3.2967504e-02  -5.0021088e-01   4.9777221e-01   7.6085045e-02  -3.6158760e-01  -1.6653313e-01   8.5302557e-02   2.4494015e-01  -2.4514088e-01  -3.9725438e-01  -2.4979671e-01   8.9143879e-01  -3.0406810e-01   2.3532591e-01  -3.9773087e-02  -5.4292582e-01   1.9086144e-01  -2.8130864e-01   2.4152631e-01  -1.5071504e-01   4.4496175e-01  -3.4274229e-01   3.9117195e-01   8.9721335e-02  -3.3793950e-01  -2.5309431e-01  -2.2469697e-03   2.8500770e-03  -1.0203270e-01   1.2154954e-01  -3.3777540e-01   5.1099974e-02   3.9601752e-01  -2.4690604e-01   3.2610144e-01  -4.5232695e-02   4.5856692e-01   1.2213102e-01   3.7691318e-02  -3.1859406e-01   5.7178542e-01  -4.3678409e-01  -4.4593194e-01   8.8817455e-02   4.7342352e-01  -4.2263030e-01   4.1052353e-01   6.8822063e-03   1.8356899e-01  -1.0733393e-01  -3.6318545e-02   4.5190621e-01   2.8831421e-01  -2.0900098e-01  -1.5228411e-01   7.5044070e-01   6.2429536e-02   5.9432372e-02  -9.6421955e-02  -1.7292578e-01  -5.2963032e-01   3.0869569e-01   9.9620020e-02  -2.2960082e-01   6.6837911e-01   2.0205709e-01  -2.4393418e-01   5.1891018e-03   5.6669611e-01   1.2036116e-01   2.6547623e-01   6.1184440e-01   1.5953095e-01   2.0543512e-01  -5.0683367e-02   1.0669474e-01  -1.3361790e-01  -1.3460946e-01   3.7177928e-01   4.5738873e-02   1.3965607e-01   1.6243803e-01   2.1471395e-02   3.3333170e-01   1.3518042e-01   7.3907330e-02   7.0833164e-01   2.8381603e-01  -2.1040030e-02   5.8738583e-01   2.6294115e-01  -3.0714595e-02   3.7209753e-01   1.6591897e-01  -5.6676322e-01   1.8770792e-01  -1.6961630e-01  -3.3919751e-02   5.3857543e-02  -3.5307039e-01   2.6879865e-01   3.1158341e-01   1.5363267e-01  -2.0490534e-02   7.7116587e-03  -1.4782961e-02  -3.3464840e-01  -1.6221451e-02  -4.8132000e-03   1.2115319e-01   2.1325090e-01   2.2744668e-01  -4.0312492e-02   1.8947009e-02  -9.7919990e-02   3.5611334e-01   2.0915980e-01   2.8597935e-01  -2.7358760e-01   4.7458643e-01   9.5191051e-02  -4.5867525e-01   4.9745574e-02   9.8467340e-02   5.1702364e-01  -8.4495974e-02  -1.9020346e-01   2.6793135e-01   1.7701677e-02   1.4078925e-01   2.6935475e-01   1.4272136e-02  -2.1806880e-01   3.1807865e-01   1.9513553e-01   1.1407581e-01   8.9735189e-02  -2.1985407e-01  -1.1218181e-01  -2.8072139e-01  -3.5640043e-01   1.6858438e-01  -2.3169743e-01  -1.1090311e-01  -5.1598609e-01   2.0565103e-01   9.4769126e-02   2.8381699e-01   1.2890718e-01   2.9930866e-01  -1.9614209e-01   3.5082184e-01  -2.0343720e-01   6.9269680e-01  -2.6047053e-02  -1.9542395e-02  -3.8354839e-02  -2.6184154e-01  -3.8858630e-01   2.2899985e-01   2.3454409e-01  -2.6611924e-01   3.3719326e-01   4.3772629e-01   3.1167858e-01   2.5943180e-01   4.8978758e-02  -3.8418526e-01  -9.5954240e-02   3.5891907e-02   2.2696267e-01   2.8547361e-01
  -2.4173489e-01  -5.7618979e-03  -9.3751825e-02   0.0000000e+00  -1.1490854e-01   4.5801734e-01   1.4869467e-01  -5.5657770e-02   3.0362608e-02   3.1439595e-01   4.0854854e-01  -6.9733400e-03   3.6930382e-01  -8.1874324e-02   2.8397343e-01   4.9793531e-01  -2.4036300e-02   5.3188925e-01  -8.9067957e-02   1.2204553e-01   2.6742019e-01   4.1194701e-01   1.2050754e-01  -2.4333637e-01   7.8550102e-02   3.4685293e-02   3.5866503e-01  -2.7256041e-01  -2.3466097e-01   3.6679087e-01  -3.9158718e-03   5.7328317e-01   3.1834585e-01   2.0869177e-01  -3.3379644e-01   4.9728515e-01  -1.8679481e-01  -1.6512232e-01   5.2925348e-01  -9.0366724e-03   5.0182209e-01   2.8304831e-01  -3.3170236e-02  -3.7358632e-02   3.6812286e-01  -1.8914592e-01   6.3378105e-01   1.0121823e-01   3.3013434e-01  -2.2632898e-02   5.9985891e-01  -2.2146257e-01  -1.9737021e-01   5.1866613e-02  -8.9263239e-02   6.3421366e-02  -4.1563523e-02   3.9352635e-01   6.9423401e-01   2.3108484e-02  -1.0578939e-01   1.8875398e-01  -1.4274236e-02   4.8888953e-02  -3.4447749e-02   3.7734702e-01   2.3364592e-01   2.4071280e-01   5.4729570e-01  -2.4314027e-01  -2.6126772e-01   6.5373687e-01   4.2615973e-01  -2.5729325e-01  -8.5562105e-02   8.2749782e-02  -1.9131063e-02   1.0207172e-01  -8.6142636e-02   6.3943369e-01  -1.2340306e-01   4.5487136e-01   3.5697040e-02  -3.5610233e-02  -1.6562685e-01   2.5021194e-01  -3.9984544e-01   1.5697267e-01  -1.6887110e-01  -1.8235189e-01  -2.7388616e-01  -9.1502138e-02  -1.3375140e-01   1.6317779e-01  -1.2982976e-01  -3.1455643e-01   4.3401053e-01  -1.0686280e-01   5.5719454e-01   1.9353110e-01  -7.7705950e-02   3.1476618e-01  -9.2517548e-02  -5.6992278e-03   5.4624712e-01   5.2394061e-01   1.8465754e-01   2.8059771e-01   1.9860115e-01  -1.6040863e-01   1.4358867e-02   5.1893107e-01   6.6441250e-01  -1.9980177e-01  -2.1127986e-01  -1.2958181e-01  -5.0108088e-02   3.7862703e-01  -1.3398278e-01   7.3595606e-01  -2.2640549e-02  -3.0517114e-01  -3.4062986e-01   7.4599415e-02  -8.8645492e-02  -1.9481650e-01   3.5962869e-01   4.1528649e-02   4.4732037e-01  -1.7454379e-01   5.0632600e-01   1.4121216e-01  -1.9722957e-01  -2.1243386e-01   3.1714772e-01   6.1546149e-02   2.1403245e-01  -1.7967219e-01   1.4907214e-01  -1.2759996e-01  -1.8948242e-01  -1.1767768e-01   4.6697023e-01   4.3957090e-02   2.4562556e-01   2.7629137e-01  -1.3778226e-01   2.6232958e-01   6.5585397e-02   3.2994239e-01  -2.3910253e-01  -2.2368076e-01  -9.2819042e-02   8.8651136e-02  -8.2375551e-03  -4.0737353e-02   5.2940152e-02   5.6597135e-01  -1.2624386e-01  -7.8792698e-02   1.9095634e-01   2.9375966e-01  -7.0882514e-02   5.0658009e-01   4.8698732e-01  -1.7807689e-01   2.2630664e-01   5.1766703e-02  -2.4314089e-02  -2.1358961e-01  -2.9756944e-02   1.5034334e-01   5.6246826e-01   2.0901909e-01  -1.2528407e-01   2.4721062e-01   5.4015079e-01
  -4.9545619e-02   3.7330423e-01  -2.0709750e-01  -1.1490854e-01   0.0000000e+00  -3.0531286e-01  -2.0997257e-01  -2.7329441e-01   1.0828457e-01  -7.5773074e-02  -2.2742131e-01   3.0646725e-01   8.3292471e-02  -1.9447304e-01  -2.0654274e-01   2.3283211e-01  -1.4558599e-01  -1.9769962e-01  -1.0889102e-01   6.9405658e-01  -1.0315504e-01  -4.8094741e-01  -1.1676476e-01  -6.3275353e-02  -2.7234260e-02  -3.3124335e-01   2.7899040e-01  -2.4277577e-01   4.8457720e-02  -3.2397526e-01  -1.3002861e-01  -2.3535639e-01   2.6534292e-01   1.7085215e-01   1.7150670e-01   3.2619524e-01   2.2634249e-01  -1.9124018e-01   2.0571672e-01   1.4382730e-01   1.4876503e-01   1.0020619e-01   4.2603052e-02  -2.1082051e-01   1.5191738e-01  -2.6779099e-01   4.0348334e-02  -1.9859788e-02   1.5810838e-01   2.0649956e-01  -1.2715824e-01  -1.6891335e-01   1.3004267e-01   2.4911020e-01  -9.1153766e-02  -1.9996008e-01  -3.6930039e-01  -3.6610725e-01  -1.0844874e-01  -4.2175158e-02  -3.2611112e-01   3.7262044e-01   8.6511319e-02  -1.2594166e-01   2.9563468e-02  -1.4502845e-01  -4.0350258e-01  -9.1775175e-04  -1.5612546e-01  -2.8374322e-01   1.0596552e-01  -5.6034883e-02   1.4314484e-01  -1.9020918e-01   1.3952760e-01  -1.2091064e-01  -2.2089891e-01  -2.3322506e-01   2.8008328e-01  -1.7913409e-02  -3.4126046e-01   1.6368152e-01  -4.6734514e-02  -4.0011318e-01  -7.2723302e-02  -2.0067302e-01  -5.1712703e-02  -4.2610320e-02   1.9645301e-01  -8.9964506e-02   5.5684843e-01  -2.8845618e-01   2.6333139e-01   4.3591529e-02  -2.2240559e-01   6.6859352e-01  -2.2587729e-02  -2.2009879e-01   9.6288430e-02  -5.8200530e-02  -3.7228065e-01  -1.8541984e-01  -2.6719203e-01   2.2354772e-02  -2.8680746e-01  -1.7198067e-01   1.2073738e-01  -4.1628232e-01   2.6633790e-01   2.6882102e-01   9.5666821e-02  -3.6102322e-01  -1.0569222e-01  -4.4908430e-02  -1.7121709e-01   3.7286525e-01  -1.4070194e-02   1.6969618e-01  -1.8405728e-01  -2.0273488e-02  -1.0929032e-01   6.4624274e-01   2.9212182e-01   6.4478924e-02  -2.1177018e-01  -4.3473430e-01  -2.3230236e-02   5.1991249e-02  -4.0198533e-01  -1.0220747e-01   1.6319999e-01  -9.8059313e-02  -4.1662554e-02   8.2153985e-02  -1.3294648e-01  -2.5823385e-01   2.0801956e-01  -2.2275307e-01  -2.4320669e-01  -2.1101967e-01  -1.4395955e-01   2.3438929e-01  -1.9468058e-01  -1.0417721e-01   3.4124207e-02  -2.3000209e-01   6.2758994e-02   1.8352681e-01   1.5606502e-01  -1.3437091e-01  -1.9406463e-01  -2.3626902e-01  -1.4868313e-01  -3.1489009e-02   1.8281436e-01   6.3399010e-02  -2.2349727e-01  -7.3883838e-02  -1.6542478e-01  -2.0705875e-01   9.4895731e-02  -3.3678307e-01  -1.0740241e-01  -2.2988078e-01  -1.9594591e-01   3.1095483e-01   1.6953180e-02  -3.1421161e-01  -8.3833872e-02   4.4781825e-01   3.9063721e-01   4.8185245e-02   2.4378435e-02  -7.9587161e-02   3.2016539e-02  -6.7855783e-02  -2.6312040e-01
  -2.4087612e-01   3.3110125e-02   3.2967504e-02   4.5801734e-01  -3.0531286e-01   0.0000000e+00   3.5688324e-01  -1.0518554e-01  -1.3016579e-01   3.8035493e-01   2.1020660e-01  -4.2233221e-02   2.5499922e-01   5.3312543e-03   3.2522053e-01   3.8859703e-01   4.8752232e-02   4.5011926e-01   4.2629832e-02   8.2894043e-03   3.8725062e-01   2.9458402e-01   1.3538560e-01  -4.2499513e-01  -8.0335707e-02   1.0288259e-01   4.7344810e-01  -2.1691932e-01  -2.4607529e-01   5.0656614e-01  -3.2282619e-02   2.0893492e-01   1.0170459e-01   1.8374561e-01  -2.4926625e-01   3.1571566e-01  -9.6557756e-02  -2.0365017e-01   3.8586209e-01   1.7592779e-01   3.9105884e-01   4.3244918e-02  -1.6915423e-01  -1.2218016e-02   1.7856540e-01  -2.1867612e-01   4.7993021e-01   3.1118712e-01   3.1072983e-01  -6.8827624e-02   3.9532266e-01  -1.9464321e-01  -2.4493920e-01  -1.6633329e-01   8.7802335e-02  -5.8456821e-02   2.3475637e-01   1.5265999e-01   4.3468112e-01   3.3236559e-01  -1.6306145e-01   8.0238532e-02  -1.1118185e-01  -2.3042107e-03  -2.2213261e-01   4.0693959e-01   5.9188707e-01  -1.6896728e-01   3.8995706e-01  -1.0463652e-01  -1.7743752e-01   2.6023997e-01   2.3485980e-01  -1.3534221e-01  -2.1481778e-01  -1.4026088e-01  -1.8052001e-01   1.6488753e-01  -3.4419513e-01   2.3594624e-01  -4.5368714e-02   2.5406750e-01   1.8684015e-01   6.1920306e-02   1.2026250e-01   5.1608261e-02  -2.8162397e-01   2.3113309e-01  -2.2602779e-01  -2.8154939e-01  -4.9815973e-01  -1.8765715e-01  -1.0165429e-01   1.2330451e-01  -2.2156293e-01  -3.7995456e-01   2.1872539e-01   1.8183602e-02   1.8417710e-01   2.2329911e-01  -1.0553781e-02   2.4993790e-01  -2.0507187e-02  -3.1293028e-02   3.4120156e-01   1.2632116e-01  -1.5596085e-01   2.9798261e-01   1.2354125e-01  -1.0636048e-01   1.1169519e-01   4.7070491e-01   3.5842725e-01  -2.5571265e-01  -2.4346362e-01  -3.2129411e-01  -2.9710476e-02   3.4128586e-01   8.1015698e-02   4.2128890e-01  -1.7546839e-01  -4.8805014e-01  -3.2986181e-01  -1.5584334e-01  -1.8418579e-01   1.6683603e-01   2.5671316e-01  -3.2244714e-01   1.1739410e-01   1.1883978e-01   2.7490559e-01   1.0544993e-01  -3.2082114e-02  -1.3646814e-01   7.2920722e-02  -9.2779426e-02   6.5137465e-02   1.2640242e-01   3.6444508e-02  -2.3608133e-01  -3.6270652e-01  -2.8364249e-02   2.4498659e-01   4.3771014e-01   1.5199971e-01   1.5306410e-01  -3.3710416e-02   2.9514227e-01   1.2833356e-01   3.8684925e-01  -1.9281373e-01  -1.4860789e-01  -2.0924578e-01  -8.6732308e-02   2.3876318e-01  -1.4293280e-01  -1.1415601e-01   4.1355996e-01  -2.4153344e-01  -1.6178150e-01  -1.9641748e-01   2.2414787e-01   9.7973113e-02   3.0806083e-01   2.9834861e-01  -2.8999419e-01   2.2951489e-01   1.3596537e-01  -2.4598624e-01  -3.1384477e-01  -2.1957973e-01   5.4767315e-02   2.7898307e-01   6.4832142e-01  -1.3895558e-01   1.0274650e-01   2.4897727e-01
  -5.4313464e-01   2.2948625e-01  -5.0021088e-01   1.4869467e-01  -2.0997257e-01   3.5688324e-01   0.0000000e+00  -4.9417078e-01   1.8107807e-02   4.9107121e-01   1.7730791e-01   1.9298294e-01  -1.4941542e-01   2.6214550e-01   3.3907429e-01   2.5184173e-01  -4.4761885e-01   3.9042593e-01  -2.1412107e-01  -3.1861927e-02   5.3987197e-01   1.7218992e-02   4.8202853e-01  -5.0279031e-01  -3.3464192e-02  -2.8078794e-01   3.7941869e-01  -5.0239205e-01  -1.6992979e-01   4.6402106e-01   2.1824735e-01   8.7391996e-02   4.0454078e-02   3.8621743e-01   2.1253994e-01   3.0609462e-01   2.0285835e-02  -4.4050992e-01   2.2716223e-01  -3.8384296e-02   1.2732246e-01  -3.8053445e-01  -1.8628396e-02  -2.2686902e-01   3.7381718e-01  -5.5458410e-01   3.5210926e-01   7.2740971e-01   4.4085588e-02  -3.3597886e-01   4.1954909e-01  -4.6242500e-01   1.5735641e-01  -2.1353359e-01   2.3558347e-01  -1.9133196e-01  -3.6950533e-01  -2.2618401e-01   2.4604963e-01   4.5882772e-01  -5.1473308e-01   1.1049356e-02   2.1111408e-02   1.1758984e-01   9.9216840e-02   6.0313143e-01   4.1189824e-02  -2.3249111e-01   1.5522760e-01  -5.7385671e-01   9.0268568e-02   1.8378938e-01   4.2243411e-02  -4.3152552e-01  -1.4376016e-01  -3.2475716e-01  -4.9364189e-01  -1.0908834e-01  -1.6793021e-01   1.4450690e-01  -1.0014415e-01   1.6260804e-01   2.8002590e-01  -1.9763437e-01   1.5412181e-01  -1.4036020e-01  -3.0015152e-02   1.7578233e-01  -2.5331931e-01  -4.2200114e-01  -3.4491122e-01  -6.1324620e-01  -3.8180598e-02   2.1748253e-01  -4.7117557e-01  -4.8680670e-01  -6.6004305e-02  -4.4493303e-01  -6.1998905e-02   6.4723964e-01  -1.1640498e-01   1.9664843e-01   4.3837726e-02   2.5220178e-01   3.4264816e-01  -2.0452449e-01  -3.1826121e-01  -1.2429569e-01   3.4132323e-01   1.2296425e-01   2.3026141e-01   4.1057772e-01   1.7750993e-02  -3.4379220e-01  -1.5278586e-01  -3.0936741e-01  -2.0709698e-01   1.5074394e-01  -1.3780789e-01   1.2599678e-01  -4.8303241e-01  -4.3493745e-01  -3.2792205e-01   2.3405781e-01  -5.3106599e-01   2.2262779e-01   4.2720270e-01  -1.9739154e-01  -3.7412740e-02  -1.8096551e-01   6.3457657e-02   4.3309344e-01  -9.2791776e-02   3.5957271e-02  -6.2205307e-02  -3.1284093e-01  -1.0023166e-02   2.6997939e-01  -2.1351464e-01  -3.0935322e-01  -3.1898072e-01  -1.6628980e-01   1.8262318e-01   3.3571596e-01   5.2568480e-01   4.3613749e-01   3.3328901e-01   1.2266428e-01   2.7070194e-01   6.2293972e-01  -3.4761685e-01  -2.0818745e-01  -4.3834135e-01   1.8633885e-02   5.8669950e-02  -1.6578739e-01  -4.5411654e-01   1.4231712e-01  -6.6982141e-01  -3.6794017e-02  -1.1437355e-01   1.5564746e-01   2.9083114e-01   3.5274487e-01  -4.6333203e-02  -2.3491118e-01   4.0875320e-01  -2.0863527e-01  -5.4211327e-01  -2.6828330e-01  -3.1869980e-01  -2.9006373e-01   2.5712277e-01   3.7969011e-01  -9.9216873e-02  -1.5974922e-01  -1.7018220e-01
   2.6104691e-01  -3.2906639e-01   4.9777221e-01  -5.5657770e-02  -2.7329441e-01  -1.0518554e-01  -4.9417078e-01   0.0000000e+00   1.4006296e-01  -4.1151588e-01   1.7483386e-01  -1.6378519e-01   1.7416806e-01  -1.0892977e-01   1.3444824e-01  -4.4210198e-01   3.4545922e-01  -1.9156191e-01   4.8897023e-01  -1.9415812e-01  -4.2039874e-01   3.8457449e-01  -7.5166354e-02   2.6402790e-01   7.6739179e-02   7.4526474e-01  -4.4514968e-01   5.3930725e-01   2.2211547e-02  -3.3417074e-01   3.0902122e-01   1.8252206e-01  -1.7465006e-01  -2.3621322e-01  -3.9778338e-03  -4.4440195e-01  -2.9892299e-01   4.5559015e-01  -4.1101484e-01  -8.4192544e-02  -2.8586893e-01   2.0167972e-01   7.6691558e-02   5.9150293e-01  -2.6808782e-01   4.6959156e-01  -3.6316258e-01  -5.0349100e-01  -4.7504961e-02   7.9264487e-02  -3.3833155e-01   8.0143778e-01   3.3385121e-02  -2.6687657e-02  -6.2035466e-02   5.8009910e-01   4.6735611e-01   5.0711512e-01  -2.0167539e-01  -1.6875079e-01   6.3070852e-01  -1.0292796e-01  -3.2274878e-02   4.0754309e-01   2.5050794e-01  -3.8213013e-01   3.2783942e-01   2.5372090e-01   1.8049571e-01   3.7224506e-01   4.3454544e-02  -8.1329523e-02  -7.0954739e-02   3.1328381e-01   1.4285021e-01   6.0042788e-01   4.5469655e-01   4.1827557e-01   2.4058893e-01  -1.3349245e-01   4.6491179e-01  -2.9826987e-01   5.6274751e-02   5.8852896e-01  -2.8894473e-01   5.2607746e-01   1.1061759e-01  -2.9224007e-01   2.9305558e-01   2.1853044e-01   3.8234359e-02   6.3695587e-01   1.6521357e-01   4.6713414e-02   5.5649635e-01  -2.1840073e-03  -9.7447809e-02   7.6422667e-01   4.1805001e-02  -5.5409005e-01   2.9424292e-01   3.0966763e-01   4.7797982e-01  -7.8552092e-02   2.6194178e-02   4.7321087e-01   1.4209299e-01   6.7728762e-01  -2.7193256e-01   6.6725088e-02   1.3474643e-01  -1.9770006e-01   7.0315492e-02   1.3956086e-01   3.5432578e-01   4.0556233e-01   4.4951012e-01  -1.3162957e-01   1.3298197e-01  -8.1316514e-02   1.7516829e-01   2.5316005e-01   2.5432887e-01  -2.3003701e-02   4.4176066e-01   2.2812146e-02  -2.1170181e-01   1.9671542e-01   5.0038268e-01  -1.1259937e-01  -1.7271801e-01  -1.0997820e-01  -6.6705807e-02   1.4185897e-01   2.8472458e-01   6.7630385e-01  -9.6455087e-02   5.4973209e-03   5.7350439e-01   3.7069686e-01   4.2032496e-01  -1.2928947e-01   1.2410993e-01  -4.5062205e-01  -1.3569623e-01   1.1852878e-02  -1.4695969e-01  -1.5376610e-01  -3.3589749e-02  -4.0565330e-01   1.4155166e-01   5.6683015e-01   3.7924755e-01   2.6350942e-01  -2.2379572e-01  -6.1577200e-02   2.8015615e-01  -2.6851202e-01   5.1738852e-01   3.9249132e-01   1.1357601e-01   3.4181833e-01  -2.2455275e-01   2.2002519e-02   2.8318075e-01   4.0050107e-01  -7.8758314e-02   3.0971128e-01   3.5318908e-01   2.0273688e-01   3.8148814e-01  -2.9055378e-02  -1.2920282e-01  -4.5122420e-01   1.5052311e-01   1.9587745e-01   4.0784162e-01
  -2.0599693e-01   2.8451356e-01   7.6085045e-02   3.0362608e-02   1.0828457e-01  -1.3016579e-01   1.8107807e-02   1.4006296e-01   0.0000000e+00   1.0284696e-01  -5.8824954e-02   2.0305928e-01   2.4544529e-01  -9.5790212e-02  -1.1242512e-03  -1.8456380e-02   1.0326515e-01  -8.8053818e-03  -8.3471095e-02   6.0199351e-02  -1.7357848e-01   1.4362084e-01   3.1481431e-02  -1.4002655e-01   5.7440697e-02   2.0848004e-01  -4.7312951e-02  -6.4122011e-02   3.4974090e-02  -5.4020411e-02   7.1191200e-02  -8.5676788e-02  -1.7638280e-02   2.3201874e-01   3.9372301e-01  -1.5947726e-02  -2.5325950e-03  -9.7119399e-02  -1.6666214e-02   1.6429639e-02   2.4227692e-02  -2.9062928e-02   5.3088526e-01   3.0278829e-02   2.5660908e-01  -6.3936090e-02  -1.3844075e-01   8.5106814e-02  -2.8139152e-03  -4.9648043e-03  -1.7678598e-02   8.4019850e-02   2.8553392e-01  -8.9777954e-02  -1.3967197e-01   5.1055276e-02  -5.1544265e-02   6.3619522e-02  -8.9808737e-02   2.5176969e-01   1.0491418e-01   1.0017523e-01   4.7480170e-01   2.8516062e-01   4.9661378e-01  -5.9028383e-02   8.8683720e-03   9.8345777e-02  -1.5016612e-01  -1.7648750e-01   1.6147541e-01   5.5423354e-02   2.0094985e-01  -1.1536271e-01   7.5240322e-02  -5.8783631e-02   7.9877118e-02   6.4300428e-02   2.6794445e-01  -2.1072858e-03  -1.2489692e-02   1.2458971e-01   2.7588709e-02   4.8189119e-02  -1.5560774e-01  -9.2163544e-02   2.9141265e-01  -4.1279978e-02   8.8953986e-02  -2.0528653e-01   6.0158713e-02  -7.4638047e-02   1.6160846e-01   6.1439470e-01   8.9133566e-02  -3.2108934e-02  -2.3269519e-02  -7.3675661e-02   1.6139870e-01  -5.8371959e-03  -1.4740746e-01   4.6925044e-02  -6.3437085e-02   7.2853369e-01  -8.1553922e-02  -8.8882820e-02  -5.2918254e-02  -2.4783016e-02   1.0642652e-01   1.4110022e-01   7.4992837e-02  -6.5046871e-02   1.1855196e-01  -1.4329121e-01  -8.5004109e-02   2.2097851e-01   1.8021027e-01   1.2834678e-01  -2.9485769e-01   4.9152438e-02  -1.7328727e-01   1.2106882e-01   1.6533669e-01   3.0003067e-01   1.8550646e-03   5.4477952e-02  -7.7720297e-03   2.0512563e-01   2.0169040e-01  -8.5191547e-02   4.6390808e-02   9.3598209e-02   1.6684897e-01   5.5423991e-02   4.9173155e-01  -5.4629787e-02   1.1584674e-01  -1.1601171e-01  -1.0122334e-01   1.0705842e-01  -1.4846148e-02  -2.7643588e-02  -8.6701110e-02  -1.6436293e-01   1.6571852e-01  -9.0248700e-02   1.5211737e-01  -6.3406429e-02   4.4794418e-02  -1.0092498e-02  -2.2187235e-01  -1.3782602e-01  -1.6185537e-01   3.1753896e-01   1.4613517e-01  -1.2150513e-03   7.9764377e-03   8.6814826e-03   6.5023712e-03   1.7764675e-02   1.2220352e-01  -7.5836155e-02  -2.4655431e-02  -8.7850224e-02   5.5531113e-02   1.5923478e-01  -1.1666454e-02   3.9685363e-02  -2.9559706e-02   1.4203820e-01   2.0565222e-01  -5.3972339e-02   1.5310885e-01  -1.3255526e-01  -3.5203042e-02   9.9844966e-02   6.9159544e-02
  -3.7245129e-01   1.7978745e-01  -3.6158760e-01   3.1439595e-01  -7.5773074e-02   3.8035493e-01   4.9107121e-01  -4.1151588e-01   1.0284696e-01   0.0000000e+00   2.1627211e-01   2.3336967e-01   3.8362568e-02  -1.5785452e-01   2.1178693e-01   4.4623018e-01  -2.7552902e-01   4.7998774e-01  -3.6132993e-01   2.0222088e-01   4.2205583e-01  -2.8997381e-02   4.6540279e-01  -4.5305634e-01  -4.0682897e-02  -3.4345839e-01   5.0107953e-01  -4.8602229e-01  -1.7042685e-01   2.7107433e-01   4.6176411e-03   3.2971528e-02   7.8838509e-03   5.2938884e-01   2.4769883e-02   6.0067630e-01  -8.7124698e-02  -4.3305941e-01   4.1021926e-01   8.6954731e-02   2.9323658e-01  -3.5026549e-01   1.8227546e-01  -2.1776769e-01   5.3569746e-01  -4.6104169e-01   4.3698871e-01   4.9854546e-01   1.9228536e-01  -1.9892172e-01   4.9304067e-01  -4.9179603e-01   7.7290451e-02  -2.9105658e-01  -8.6147215e-02  -2.2908655e-01  -3.0041062e-01  -9.6556458e-02   3.4829117e-01   4.8711863e-01  -5.1969716e-01   3.1855559e-01   1.2203640e-01   1.6765745e-01   7.8452223e-02   6.6896263e-01   3.8991819e-02  -2.8122972e-02   6.3135618e-02  -3.7333956e-01   1.3385730e-02   2.7371746e-01   1.9552568e-01  -3.7184422e-01  -3.0339746e-01  -3.1138237e-01  -4.1342011e-01  -2.9432834e-01  -2.0246435e-01   2.2017925e-01  -3.8517723e-01   3.5266235e-01   2.0289377e-01  -2.7689188e-01   3.2691988e-02  -2.2502757e-01  -2.5141071e-01  -9.0960241e-02  -9.6536825e-02  -2.8039531e-01  -2.2908438e-01  -5.4615142e-01   2.7421611e-02   3.3737157e-01  -4.6760481e-01  -3.4311184e-01   1.4405998e-01  -3.9201231e-01   2.3150266e-01   6.4693745e-01  -2.7614825e-01   1.9096929e-01  -2.3704368e-01   2.7278730e-01   2.1487710e-01  -1.4759878e-01  -1.6769766e-01  -1.7235299e-01   4.2033341e-01   3.2187541e-01   2.0740864e-01   2.7307205e-01   2.1960998e-01  -1.7134961e-01  -1.9958122e-01  -2.2514407e-01  -2.6701941e-01   3.2063140e-01  -2.6060691e-01   1.4979774e-01  -3.2297190e-01  -3.9030790e-01  -2.4325178e-01   1.7845022e-01  -4.1144768e-01   6.3587199e-02   4.4985172e-01  -1.3440562e-01   3.5670395e-03   2.8033596e-02   3.3857461e-01   3.6733484e-01  -1.2275546e-01   1.4386437e-01   1.5970501e-01  -3.1178090e-01  -2.5834021e-02  -6.9743794e-02  -2.9088391e-01  -3.0900459e-01  -3.5235783e-01  -2.5429292e-01   1.7409462e-01   3.7000903e-01   4.5228464e-01   1.1190106e-01   2.6603324e-01   4.4105925e-01   5.1645537e-01   5.6452428e-01  -3.1757354e-01  -3.1113099e-01  -5.1067229e-01   6.9912523e-02   2.1126683e-01  -1.0964107e-01  -3.4186885e-01   4.5897532e-01  -5.5589501e-01  -3.4811529e-01   1.7925820e-02   1.1933201e-01   5.0647580e-01   2.1497757e-01  -8.0573976e-02  -1.7354931e-01   3.7806971e-01  -1.4796962e-01  -4.3944223e-01  -2.0095484e-01  -1.0884616e-01  -4.6044521e-02   4.8779920e-01   3.4812556e-01  -2.7652946e-01  -1.3525595e-01  -1.0307716e-01
  -2.2706698e-01  -1.5544092e-01  -1.6653313e-01   4.0854854e-01  -2.2742131e-01   2.1020660e-01   1.7730791e-01   1.7483386e-01  -5.8824954e-02   2.1627211e-01   0.0000000e+00  -1.4862150e-01   9.9280363e-02  -1.5009116e-01   4.6650629e-01   1.7212665e-01  -1.8230062e-01   6.7590397e-01  -1.0364914e-01  -8.0535876e-02   3.8796681e-01   2.7552814e-01   2.7265885e-01  -1.4905674e-01   6.5412519e-03   1.6336643e-01   1.1053140e-01   2.7502974e-02  -2.7898765e-01   3.9468794e-01   3.1445862e-01   4.8924713e-01  -2.3702854e-02   3.6118944e-02  -3.6401345e-01   3.5428233e-01  -2.1622652e-01  -3.4650926e-02   1.9410822e-01  -2.4751219e-01   1.4129416e-01  -6.9854126e-04  -2.4527594e-01   3.4888423e-01   1.8669105e-01  -8.9413990e-02   5.7559523e-01   1.2045671e-01   3.7584725e-01  -1.8295464e-01   6.4449202e-01   7.5466483e-02  -1.0032065e-01  -7.5014831e-02  -1.5302339e-02   3.7405693e-01   3.2051551e-02   2.1314661e-01   5.1736185e-01   2.4928223e-02  -1.1103709e-01   4.4469561e-02  -5.9481505e-02   2.9904332e-01   1.1144023e-01   5.3282866e-01   1.1948318e-01   2.0803750e-02   6.9214962e-01  -2.7002474e-01  -2.2548743e-01   2.9998580e-01   1.7029617e-01  -1.4627091e-01  -1.3860576e-01   2.1632153e-01  -3.3701319e-02   3.8958245e-01   2.5366265e-02   3.1916587e-01   1.7993118e-01   1.9146397e-01   2.8944786e-01   1.6830425e-01  -1.7402444e-01   4.5886895e-01  -3.3057050e-01   5.7389461e-02  -1.7409010e-01  -1.3412457e-01  -2.3719481e-01  -9.3248111e-02  -1.1008286e-01   2.2109100e-02  -8.6786927e-03  -4.1359734e-01   1.3961754e-01   6.5525141e-02   3.0098100e-01   2.3551028e-01  -1.2256410e-02   5.2292812e-01   1.6528984e-01  -1.0204143e-01   5.9886694e-01   3.9095177e-01  -1.0873466e-01   4.4895652e-01   4.3627392e-02   1.1519834e-01   1.0384100e-01   5.0533991e-01   2.2700271e-01  -1.3367016e-01  -5.5649332e-02   1.0575784e-01   9.9102587e-02   6.2870564e-02   4.3443687e-02   2.9647526e-01  -1.0838303e-01  -2.0976682e-01  -3.1165126e-01   1.4678152e-01  -6.5208815e-02  -2.2614047e-02   4.5943152e-01  -2.2028242e-01   4.5632692e-01  -2.7207675e-01   1.9245201e-01   5.5432672e-01  -5.9979789e-02   1.3301360e-02   3.3161958e-03   2.6592558e-01   6.9514020e-02   8.9730488e-02   3.4370233e-01  -2.2060027e-02  -4.2870218e-03  -4.0033015e-01   7.6979192e-01   1.0470762e-02   1.7094311e-01   4.1311077e-01  -2.3011260e-01   4.3702013e-01   2.2883507e-01   3.5642224e-01  -1.6177993e-01   8.5798954e-02  -1.0717433e-01   4.1083609e-01  -2.2593307e-01  -2.8873839e-02  -3.8366517e-02   3.2970181e-01  -2.3021872e-01   2.4252793e-01  -6.5270659e-02   7.6314040e-01   1.1067204e-01   6.8534973e-01   1.5709674e-01   2.9700927e-02   6.3302962e-01   1.8259129e-01  -1.7221755e-01  -1.1105748e-01   9.3010615e-02   2.0431249e-02   4.1111779e-01   4.6255671e-02  -1.1119374e-01   4.5038767e-02   2.2376485e-01
  -4.3671014e-01   7.8485840e-01   8.5302557e-02  -6.9733400e-03   3.0646725e-01  -4.2233221e-02   1.9298294e-01  -1.6378519e-01   2.0305928e-01   2.3336967e-01  -1.4862150e-01   0.0000000e+00   1.9970400e-01  -2.1080653e-01  -1.6973992e-01   2.7216073e-01   8.8081831e-02  -6.8837631e-02  -2.0432453e-01   5.3729115e-01  -7.2484533e-02  -1.9132071e-01   2.8595222e-01  -4.6790039e-01  -7.2536559e-02  -2.9154546e-01   2.9296466e-01  -4.1677726e-01   1.5786642e-01  -1.8722339e-01   9.0989849e-02  -5.7581647e-02   1.1159604e-01   7.2772832e-01   6.7859053e-01   3.0117439e-01   8.1379918e-02  -4.2142116e-01   2.4089547e-01   4.6275695e-01   3.0165269e-01  -1.2233747e-02   4.8823800e-01  -2.2328263e-01   3.7133022e-01  -4.6801992e-01  -5.2728211e-02   1.9807834e-01   2.9986166e-01   3.8849444e-01  -7.9151194e-02  -1.7810315e-01   5.1679007e-01  -2.9097712e-02  -4.6391419e-02  -2.6377061e-01  -4.2756805e-01  -2.4186933e-01   7.1176989e-02   5.6173789e-01  -3.4120018e-01   5.5358330e-01   3.3293610e-01   1.6990414e-01   1.9533307e-01  -4.6121813e-02  -1.6226451e-02   8.2421920e-02  -2.3135414e-01  -2.7476927e-01   5.1091564e-01  -3.1477261e-02   2.3644806e-01  -8.9244140e-02   1.0732578e-01  -5.2996061e-02  -3.8261280e-01  -2.4224687e-01   4.5350994e-01   2.6503398e-01  -2.6283906e-01   3.1823195e-01   2.3337614e-01  -2.7241835e-01   1.2939688e-01  -1.0434714e-01   8.7742797e-02  -6.6954070e-02   4.4011931e-01  -5.2573326e-01   2.7574396e-01  -4.2703851e-01   7.2529767e-01   3.2728788e-01  -3.4890684e-01   3.0289791e-01   9.4208230e-02  -2.6280178e-01   3.0417230e-01   1.5865423e-01  -2.8542582e-01  -1.0466307e-01  -8.2805834e-02   4.5943989e-01  -2.3486616e-01   2.6962371e-02   5.7162151e-02  -3.2816530e-01   5.1955605e-01   5.0703816e-01   4.3002114e-01  -2.7929162e-01  -5.6716851e-02  -4.5940852e-01  -1.7183924e-01   3.6747980e-01  -3.3003440e-02   4.0197653e-01  -4.0338673e-01  -6.4677816e-02  -4.5976365e-01   3.7779798e-01   4.6291818e-01   2.6885549e-01  -4.7919476e-01  -8.1668198e-02   1.0411756e-01   5.5668619e-02  -2.1009100e-01   1.7199259e-01   3.5730761e-01   1.4988809e-01   2.2332021e-01   3.6475401e-01   4.5743865e-02  -2.1555761e-01   5.7384358e-02  -2.2345970e-01  -1.0600546e-01  -3.4700418e-01  -3.8071054e-01  -5.9107694e-02  -2.0392562e-01   1.9976881e-01   5.6134698e-01   1.9695770e-02   7.2050936e-01   1.3848063e-01   4.9453267e-01   1.2655402e-02  -3.9009104e-01  -2.4230966e-01  -4.8864613e-01   6.4293925e-02   6.4925299e-01  -4.7148577e-01  -5.0729499e-01   4.7675515e-02  -4.0629374e-01  -1.5922898e-01   8.1965470e-02  -1.6361422e-01  -3.7868417e-02  -1.3420327e-01  -9.7888717e-02   5.3755857e-01   1.6805714e-01  -2.8219281e-01  -2.7304401e-01   5.2902658e-01   5.5457025e-01  -2.9680525e-01   2.0483762e-02   2.1390697e-01  -5.9840540e-02   1.9320030e-02  -9.9872244e-02
  -1.1787388e-01   2.6076166e-01   2.4494015e-01   3.6930382e-01   8.3292471e-02   2.5499922e-01  -1.4941542e-01   1.7416806e-01   2.4544529e-01   3.8362568e-02   9.9280363e-02   1.9970400e-01   0.0000000e+00  -1.2858734e-01   9.5395106e-02   4.3239696e-01   3.0983455e-01   1.7765393e-01   1.2704509e-01   3.1233232e-01  -1.5033650e-02   1.8169433e-01   3.1008815e-02  -1.7638781e-01   3.0246704e-01   1.6439518e-01   1.8983339e-01   1.2156418e-02  -3.9899612e-02  -2.7473121e-02   8.9627030e-02   1.7400103e-01   3.8857673e-01   2.2882834e-01   3.9395592e-02   2.8086844e-01   1.2125143e-01  -2.2509858e-02   4.6623980e-01   1.5241788e-01   6.2205039e-01   4.0323509e-01   2.0394795e-01   1.0446003e-01   2.4408347e-01  -6.4194610e-02   2.2233384e-01   4.1908782e-02   4.3335698e-01   2.4989419e-01   2.0894807e-01   1.2344235e-01   1.9435089e-01   1.0442892e-02   9.3808340e-02   1.0110008e-01   1.0673010e-01   2.5441595e-01   2.8686579e-01   3.3502090e-02   1.3333134e-01   2.6768865e-01  -3.8979083e-03   2.3380174e-01   7.8949538e-02  -7.9429729e-02   2.4036343e-01   1.0809209e-01   1.9722244e-01  -1.3510814e-01   1.4719570e-01   1.2836083e-01   6.3075714e-01  -9.1083812e-02   9.5322556e-02   1.9559255e-02   1.2969014e-01   2.4662409e-01   2.9930315e-01   4.4113224e-01  -6.6182240e-02   5.7246102e-01   1.2277262e-01   1.3188988e-01   3.7541698e-03   7.6207998e-02  -1.4158129e-03   3.6880986e-02   1.0355022e-01  -2.3260429e-01  -3.2579479e-02   5.1735878e-02   2.6173854e-01   2.5015040e-01   1.0650207e-01  -2.3214116e-02   2.8202174e-01   3.3513213e-02   4.7250596e-01  -1.5187465e-01   3.8369779e-02   2.5023868e-01  -1.3800172e-01   1.7007581e-01   1.0927082e-01   3.5387130e-01   2.5918229e-01   1.2400802e-01   2.1120529e-01   7.5621825e-02   1.7555612e-01   1.2507677e-02   3.3259386e-01  -2.4376487e-01  -1.5441808e-01   2.3773283e-01   1.6043162e-01   7.0160877e-01  -9.4782757e-02   3.0341649e-01  -1.3931358e-01   6.8175120e-02   8.5451775e-02   1.4137417e-01  -1.2792498e-02  -1.2551473e-01   3.5606600e-02   1.7944173e-01   2.5640248e-01  -1.6555730e-02   5.9630809e-01   6.2873529e-02   4.6283886e-02   1.9970529e-01   3.0982501e-01  -1.6243734e-02   1.8189948e-01  -6.1335270e-02   8.2551610e-02  -6.0362424e-02  -5.6001884e-02   2.0737075e-01   2.6619124e-02  -3.2482706e-02   1.6853563e-01   4.2470810e-02   1.8767808e-02   1.1997928e-01   1.0905662e-01   4.2070540e-02  -1.8004998e-01  -1.1271292e-01  -4.2966663e-02   1.2585619e-01   2.0616293e-01  -2.1580859e-02   5.3088060e-02   2.5722597e-01   4.9905264e-02  -6.0768233e-02   1.0076248e-01  -4.1495300e-02  -3.3987032e-01   4.9978554e-02   3.8282746e-01   2.1486999e-01   5.5196753e-02   1.9771980e-01   1.3464796e-01   2.2204297e-01   2.3130522e-01   1.2873593e-01   8.1565075e-02   1.0089967e-01   1.5046046e-04   2.9253856e-01   3.8186178e-01
  -2.4147254e-02  -1.5422160e-01  -2.4514088e-01  -8.1874324e-02  -1.9447304e-01   5.3312543e-03   2.6214550e-01  -1.0892977e-01  -9.5790212e-02  -1.5785452e-01  -1.5009116e-01  -2.1080653e-01  -1.2858734e-01   0.0000000e+00   1.8132216e-01  -1.9822448e-01  -2.7013399e-01  -1.2542583e-01   3.4258066e-02  -4.0987726e-01   2.0385896e-01  -2.7566719e-02  -4.3497252e-02   1.7316412e-01   2.3096137e-01  -9.1473520e-02  -1.4481028e-01   2.3380520e-02   1.3842228e-01   2.2925994e-01   3.3365306e-01  -8.7196047e-02  -9.0597927e-02  -1.6430516e-01   2.9223340e-03  -3.1062174e-01  -4.4753611e-02  -1.9287655e-01  -1.5179363e-01  -1.9161267e-01  -1.6246440e-01  -2.8546796e-01  -9.3769878e-02   1.7156565e-01  -7.8307619e-02  -1.3696441e-01  -9.3652508e-02   2.6140130e-01  -2.9879152e-01  -3.0601783e-01  -1.0619486e-01  -7.8142481e-02   1.3513695e-01  -3.5410915e-02   5.9587932e-01   1.8243808e-01  -1.2832456e-01  -1.9670549e-01  -1.2719003e-01  -8.2906700e-02  -3.3866365e-02  -3.2157240e-01  -1.3448673e-01   1.5792561e-03   7.8176132e-02   1.2320291e-02   1.4854035e-01  -6.6456354e-02   4.5426941e-02  -1.6975388e-01   3.5118086e-02   5.3581515e-02  -1.1238507e-01  -1.2220905e-02   4.8046854e-02  -2.2535462e-01  -1.6052535e-01   8.6775963e-02  -8.0542165e-02  -7.7909916e-02   3.8187116e-01  -1.4350398e-01   1.6206746e-01   8.6545294e-03   2.9695529e-01  -2.2197616e-01   2.6911631e-01   2.0818648e-01  -1.5097999e-01  -9.2644975e-03  -4.9268097e-02  -5.8735555e-02  -2.3552698e-01  -2.2970178e-01  -1.7687309e-01  -2.1709519e-01  -7.2447409e-03   8.4715204e-04  -3.2063421e-01   4.9666416e-02   5.1224964e-01  -2.6988471e-02   4.1961498e-01  -1.7700995e-02   8.1228648e-02  -1.1780615e-01  -2.3937196e-02   9.0814661e-02  -1.8444225e-01  -1.7779930e-01  -6.6471152e-02   1.0027732e-01   1.0406749e-02   9.4853090e-03   3.5386098e-01  -1.3088993e-01  -1.2331914e-02  -1.6407879e-01   3.1619544e-01  -3.5101863e-02  -8.5202428e-02  -1.6885120e-01  -1.7727609e-01   1.5815130e-01  -1.6420823e-01   3.3768220e-01  -1.3923151e-02   4.7807255e-02  -3.1926676e-02  -2.6026757e-01  -2.2725988e-01  -8.4711160e-02   4.2563038e-02   4.0653263e-02  -1.4491660e-01  -9.8733995e-02  -3.7128184e-02   6.0970316e-01  -1.8313088e-01  -5.6661287e-03   2.2464614e-01   3.8234169e-02  -4.6232876e-02  -4.9432605e-03   2.2242062e-03   3.2503122e-01  -8.7574570e-02  -2.1573709e-01  -2.5357384e-01   1.1403402e-01   1.7097662e-01   3.5201759e-01   1.9393124e-01  -1.3675813e-01  -3.0386004e-01   1.0837524e-02  -2.3506157e-02  -2.1709117e-01  -8.0422167e-02   2.4525859e-01   7.9925219e-02  -4.2461089e-02   1.4724366e-02   1.0586230e-01  -1.1550451e-01  -2.4630461e-01  -2.4526712e-01  -6.4209278e-02   8.5099049e-02  -2.0285557e-01  -3.2677698e-01  -3.5361356e-01  -1.4546630e-01  -3.2617187e-02   3.4001376e-01  -1.7096878e-01  -1.4922859e-01
