   0.0000000e+00  -1.8789582e-01  -3.6107735e-01  -1.4813288e-01   5.9491200e-02   3.2486079e-02   1.0975430e-01   6.7128754e-02  -1.7743311e-01  -2.0412822e-01  -5.5634685e-02  -7.8975791e-02  -2.1150169e-02   1.6874374e-01  -1.8276975e-02  -2.6201807e-01  -3.5107349e-01   6.5691077e-02  -1.1108316e-01   5.2724286e-02  -2.2734593e-01  -4.2089024e-02  -5.4611486e-02   8.1246781e-01   7.3427761e-03  -9.0715578e-02  -8.2402938e-02  -7.1652911e-02  -1.5039450e-01   1.3867034e-02  -3.3284639e-01  -6.0676620e-02  -2.4109475e-01  -2.1771687e-01  -1.4566796e-01  -1.0692040e-01   9.9736902e-02   7.0799280e-01  -2.9207808e-01  -3.7615757e-01   2.7767478e-02  -1.6456055e-01   2.2313765e-02   2.5372787e-02  -9.0846125e-02   6.5174616e-01   5.7898777e-02  -5.5627524e-02  -1.2017910e-01  -2.9724300e-01  -2.9069045e-02  -2.3665098e-02  -2.0459922e-01   5.1037352e-02  -1.5427100e-01  -1.1979419e-01   4.9557008e-02  -4.2510670e-02   1.1356245e-01   7.4640777e-02   4.5438933e-01  -7.3730927e-02  -9.2045330e-02  -9.8009636e-02   3.3904226e-02   7.3630751e-02  -1.1892616e-01   5.4117902e-02   4.0544762e-02   3.9335571e-02  -3.2375836e-01  -4.2424558e-03  -8.7235520e-02   5.3385556e-01  -1.8847471e-01  -8.5948911e-03   5.2810296e-01   7.2342644e-04  -9.0191368e-02  -1.7101656e-01  -5.1664616e-02  -2.2692953e-01  -3.5152050e-01   1.7475532e-02  -1.8346361e-01   7.8435466e-02  -3.5128790e-01   2.6491415e-01  -1.0048455e-01   8.5659267e-01  -4.5164405e-02   2.5844609e-03  -9.0658786e-02  -5.1552420e-03   4.7539856e-01  -6.7845579e-02  -6.9769503e-02   4.9809890e-02   1.8579331e-02   1.9463561e-01  -1.5087309e-01  -9.8162875e-03  -6.4838005e-02  -7.3573142e-02   7.2212663e-02  -8.5180421e-02   7.9985122e-02   3.7618063e-02  -1.3921723e-01   3.5961747e-02  -2.5135034e-01   4.6121001e-04  -3.7734292e-02   7.5637398e-01  -2.1696282e-01  -1.2477684e-01   8.4562200e-02  -4.9652904e-02  -1.7492801e-01  -5.3968161e-02   7.5929485e-01  -1.8908732e-01  -1.5453071e-01  -6.1957263e-02   7.8690492e-01   1.5589574e-01  -3.4166227e-02  -1.1788555e-01  -4.3778753e-02  -6.8901396e-02  -8.2154777e-02  -2.2295247e-01  -3.3739948e-02  -2.6258880e-01  -1.1108831e-01   7.6955164e-02  -1.0164870e-01  -3.1279368e-01   9.0991353e-02   4.2204558e-01   7.6849655e-01  -9.2468962e-02   2.0998964e-01  -3.3060317e-02  -2.7591672e-02  -6.5395696e-02  -1.7608154e-01   2.9009325e-01   1.2381602e-01   6.9795373e-02  -7.7416002e-02  -1.2889967e-01   6.2105876e-01  -1.0119205e-01  -3.8653260e-01   7.4028244e-01   6.9969702e-01   6.4049870e-02   1.6855148e-01  -2.1850486e-02   1.6655215e-02   1.2574573e-01  -2.9672513e-02   3.1242657e-02  -6.2728434e-02   3.6143511e-02  -1.2256814e-01   4.7755425e-02   7.4183015e-01  -1.8800507e-01   1.9479219e-03   3.9910866e-01   7.6297500e-02  -9.3890255e-02   7.9001215e-02  -8.8439070e-02   2.7111313e-02
  -1.8789582e-01   0.0000000e+00   2.8848429e-01   6.5169232e-02   1.5679203e-01  -2.6833784e-01  -1.8748178e-01  -6.2461563e-02   7.3914495e-01   2.3991895e-01  -6.3348048e-02   2.6125893e-01  -2.0057473e-01  -3.8111876e-02  -1.7040023e-01   5.7618533e-02   1.7786494e-01  -2.6405162e-01   6.9568116e-02   7.1481283e-02  -1.4017561e-01  -1.4619428e-01  -4.0168894e-01  -9.4645492e-02   1.0847844e-01   1.0973676e-01  -3.1526995e-02  -2.0175118e-01   1.3098506e-01  -1.9812368e-01   1.6182146e-01  -2.8542566e-01  -2.1776630e-02   1.7063419e-01   5.4208117e-01   1.0019482e-01   2.1180162e-01  -1.1417539e-01   5.8900454e-02   1.4610120e-01  -2.1149158e-01  -9.4200765e-02   4.9630777e-01  -5.0034300e-02   4.4525596e-01  -2.1635265e-01  -3.5510634e-01  -5.2632870e-02  -4.4620240e-02   2.5695226e-01  -1.7253617e-01  -1.0676330e-01   4.4486339e-01   5.0221825e-02  -2.6483559e-02  -7.4778803e-02  -2.2144899e-01   5.7568617e-03  -1.5744011e-01   4.8144193e-01   8.4329342e-02   1.4272054e-01   5.7953934e-01   4.3339681e-01   4.4028839e-01   9.1203967e-02  -1.0605498e-01   2.7967410e-01  -4.1568382e-01  -3.4591681e-01   5.5793015e-01   3.2742096e-02   1.6219041e-01  -7.0080895e-02   2.6824314e-01  -2.4249011e-01   1.1259151e-02  -2.9554258e-01   3.6370129e-01  -1.4528153e-02  -2.8491294e-01   1.4220650e-01   1.8041601e-01   1.3578945e-01   1.6884291e-01  -3.7318283e-01   1.8891686e-01  -1.3898977e-01   4.4019074e-01  -2.0900321e-01   4.0818533e-01  -7.6331242e-04   9.6499697e-02   5.5956274e-01   1.0990541e-04   1.3422525e-01   9.0082234e-02  -3.0817681e-01   2.7190349e-01  -2.4440424e-01   1.4485084e-01  -2.5773626e-02  -2.5441291e-01   4.4865971e-01  -2.9045714e-01  -2.2908912e-01  -1.5140501e-02  -3.2814990e-01   5.7811075e-02  -3.0616886e-01   4.3002410e-01  -2.2013718e-01   4.7645837e-01  -2.3209628e-01   8.0153527e-02   5.1989440e-01  -8.0288128e-02   4.3979454e-02  -6.1737953e-02  -8.8935429e-02  -1.0399746e-01   3.3702590e-01   3.5956170e-01   5.3253762e-01  -2.3156879e-01  -2.6353240e-01   1.3965040e-01  -2.1708175e-02   6.9947311e-02  -9.8092299e-02   3.5680324e-02   4.9611821e-01   1.0009559e-01   3.5181241e-01   4.4447967e-01  -2.4466964e-01  -6.4381918e-03   1.2865298e-01  -2.5277713e-01  -1.8460766e-01  -6.8507660e-02  -8.1158045e-02  -2.7189566e-01  -2.6245684e-01   7.1502924e-02  -2.4410598e-01   3.6970411e-01  -2.0820874e-01  -3.5459813e-01  -9.8857248e-02  -1.9267509e-01  -6.8346867e-02  -8.4646970e-02   2.9490062e-01   3.6138061e-01  -1.4754355e-01  -1.1252722e-01  -6.3553776e-02  -1.0261354e-01  -3.2504034e-01   4.4436889e-01  -1.9721665e-01  -1.9116919e-02  -3.0437899e-01  -2.7901695e-02   4.4065286e-01   3.1969059e-01  -2.1103705e-02  -1.2590504e-01   2.7609155e-01   3.8566631e-01  -4.5853617e-03   1.1818336e-01  -1.7565749e-01   2.8823768e-02  -1.0859120e-01  -4.8232395e-02
  -3.6107735e-01   2.8848429e-01   0.0000000e+00  -2.8453591e-02  -9.1050289e-03   5.1452190e-03  -1.8905745e-01  -2.1717253e-01   3.5871047e-01   2.6166599e-01  -2.3643192e-01   3.1492136e-01   2.0738851e-01  -1.6014767e-01   6.3592572e-02   2.7996635e-01   7.9884138e-01  -3.1106807e-01   5.0471548e-02   1.1041924e-01  -3.2194112e-01  -1.0496431e-01  -1.9666140e-01  -4.1638431e-01   1.8011156e-01   1.9563513e-01   1.5369277e-02   5.3917529e-02  -1.3221293e-02  -2.1129901e-01  -9.8120309e-02  -1.3377796e-01   3.5454184e-02   1.6183307e-01   2.9489655e-01   2.0272128e-02  -1.4865487e-01  -3.7406120e-01   1.3662674e-02   3.8059438e-01   1.9093388e-01   2.4344504e-01   3.1673889e-01  -2.1181657e-02   4.6908075e-02  -1.4087607e-01  -2.6292453e-01  -3.1008308e-01  -2.4993165e-01   4.3222319e-01  -2.6061653e-01   7.5720036e-03   2.7897979e-02   2.3488311e-01   8.7961689e-02   2.2853746e-01  -4.9790710e-02  -1.7779299e-01  -5.5841099e-03   2.5203827e-01   1.0879087e-01   8.3593330e-02   2.6491329e-01  -2.4031367e-01  -2.1068459e-01  -1.8824193e-01  -7.4466575e-03   2.0346023e-01  -1.8863577e-01   3.8965292e-01   2.8426918e-01  -1.9117248e-01   2.1058274e-01   9.9075520e-03   2.9846106e-01  -2.2821587e-01  -7.0431821e-02  -5.5349396e-02   2.7977719e-01   3.2248593e-01   4.1451446e-02   9.3588595e-02   1.5048765e-01   6.5471809e-02   3.5398572e-01  -2.9041326e-01   1.9249450e-02  -1.8522690e-01   3.9000412e-01  -4.3773760e-01   2.5220001e-01   4.8976274e-01   2.0704893e-01   1.8834017e-01  -1.8292085e-01   2.8276428e-01   1.3727249e-01  -1.5703617e-01   2.6023489e-01  -4.6746657e-01   1.6497624e-01  -1.5754063e-01  -1.3175913e-01  -1.5608729e-02  -3.7864980e-01  -6.7070861e-02   1.7501572e-01  -7.5277841e-02  -9.3433150e-02  -1.1490649e-01   3.6763152e-01  -2.1151592e-01   3.0764198e-01  -2.1176798e-01   5.3725206e-01   4.0959747e-02   1.8247596e-01   3.5132239e-01   2.6567949e-01  -1.5829530e-01  -4.3132426e-01   4.7259072e-01   2.0746736e-01  -7.2448708e-02  -3.9225686e-01  -1.6847767e-01  -2.0310527e-01   2.9829880e-01  -1.0175818e-01   4.3055302e-01   2.2347517e-02   5.6451436e-02   3.3327893e-02  -4.5343544e-02   4.2648882e-01  -2.0173600e-01   1.9951416e-01   8.9539450e-02  -2.0852329e-01  -2.7103919e-01  -3.1220742e-01   1.0077755e-01  -2.4061941e-01   2.3007164e-01  -5.4353724e-02  -3.6807340e-01   4.0257464e-01  -4.1714368e-01  -3.7060876e-01  -4.4306964e-01   4.0322095e-01  -4.9975324e-02  -2.9726068e-01  -1.9566934e-01   7.3741854e-01  -3.9356737e-01  -2.8810124e-01   1.8326944e-01   2.0662663e-01  -9.7726799e-02   3.0783424e-01  -3.5776417e-01  -3.4279470e-01  -2.8359772e-01  -4.0165446e-02   2.3813890e-01   1.9359730e-01   8.7084438e-02  -3.3544238e-01  -6.3616786e-02   1.4125563e-01  -2.1147351e-01  -3.5882204e-01   4.7550982e-02   3.3877694e-02   1.0649255e-01  -2.9757396e-02
  -1.4813288e-01   6.5169232e-02  -2.8453591e-02   0.0000000e+00  -4.2897303e-01   4.7816694e-01   7.5638912e-02   3.5312986e-01  -1.9291592e-01  -4.0473005e-01   1.7301652e-01  -1.2046657e-01   1.6646402e-02   5.1477848e-01   3.3576408e-01   4.3237431e-01   4.7539116e-02   2.3479598e-01   3.1264503e-01  -3.4822300e-01   3.4231815e-01   4.3116542e-01   2.5323041e-01  -6.9097255e-02   3.9200856e-01   3.4035912e-01   2.8138003e-01   3.8499614e-01   3.0470749e-01   5.3653413e-01   3.4301705e-01   4.7764579e-01   2.0324544e-01  -1.9791872e-01  -3.5335573e-01  -2.5533579e-01  -3.3134808e-01  -1.7798695e-01   3.6185953e-01  -2.4270817e-02  -6.1292836e-02   1.2884862e-01  -3.0891326e-01   4.9488999e-01  -8.2809791e-02  -1.7997000e-01  -1.2892799e-02   1.9095055e-01   3.2895833e-01  -2.0245018e-01   2.1408751e-01   4.8628355e-01  -2.6176782e-01   8.7307870e-02   2.6634772e-01   2.4515278e-01   2.6748924e-01   5.2196712e-01   4.7689115e-01  -4.1038251e-02  -1.8249018e-01  -7.4614748e-02  -2.5332166e-01   1.6406865e-01  -2.1734652e-01  -2.7434232e-01   5.5630894e-01   3.9778364e-02   4.4847294e-01  -9.2171133e-02  -2.5400312e-01   4.9427320e-01   6.2162530e-02  -5.3757135e-02   5.4636309e-02   2.3786522e-01  -1.9062752e-01   4.9596010e-01  -4.2432322e-01   4.3092793e-01   3.3841542e-01   1.6533074e-01   1.7801476e-01   5.6990698e-01   1.3941658e-01   3.1293930e-01   2.2174582e-01   3.2623520e-01  -1.7998408e-01  -1.0259860e-01  -3.0116797e-01  -5.5832506e-02   4.1163816e-03  -2.1339935e-01  -2.7559722e-01  -5.1188811e-01   4.6267132e-01   3.2486473e-01   1.6704069e-02  -2.2319084e-01   1.3861178e-01   2.9248341e-01   4.6810328e-01   1.4571554e-03   3.5188953e-01   4.9131942e-01  -6.3899520e-02   4.6580746e-01  -2.9535625e-01   2.0365324e-01  -1.5708927e-01   5.2333301e-01   3.6528940e-01   2.0880844e-02  -6.2547531e-02  -2.4609235e-01   4.2557012e-01   2.2246569e-01   3.8676854e-01   7.5655572e-01  -3.5145124e-02  -3.1599752e-01  -2.1303941e-01  -1.8756785e-01  -1.1406142e-01   4.0515707e-01   9.1170832e-02  -1.6424167e-01   3.2985311e-01   3.2518886e-02   5.2892513e-02  -2.1673209e-01   5.9245102e-01  -2.4673180e-02  -2.5500801e-01   2.0191175e-01   4.4814944e-01   3.9604902e-01   2.8092084e-01  -1.1259090e-01  -6.2845704e-02   1.4483697e-01   1.8314959e-01   1.9134778e-01  -9.3582948e-02   4.6783801e-01  -4.0779343e-01  -6.3542178e-02   1.3031415e-01  -1.1337094e-01  -1.0091049e-01   4.6102779e-01  -4.2735981e-02   2.0659605e-02  -5.9386859e-02  -1.8541221e-01  -1.2893961e-01   3.3527839e-01  -3.5896937e-02   4.7114387e-01  -1.5989590e-01  -2.0140229e-02  -7.8978285e-02   4.5169429e-01   6.1852062e-01  -4.0516725e-01  -1.3678532e-01   4.9018603e-01  -2.2518421e-01   6.8205184e-02  -4.2159753e-01  -3.3250527e-01   1.0741038e-01   4.8001411e-01   2.4768215e-01  -7.4328763e-02   5.2461847e-01
   5.9491200e-02   1.5679203e-01  -9.1050289e-03  -4.2897303e-01   0.0000000e+00  -3.1067050e-01  -1.8897939e-01  -3.2911017e-01   4.5117546e-01   4.0216119e-01   6.8059437e-02   1.9573525e-02   9.2102853e-02  -5.3508973e-01  -4.3294180e-01  -1.8850662e-01   4.7465445e-03  -6.1845762e-02  -2.3094739e-01   7.7804717e-01  -3.6100304e-01  -5.6423997e-01  -3.3113337e-01   1.8485656e-02  -1.8990423e-01   2.9011565e-03   1.1316978e-01  -5.8501819e-01  -2.2671756e-01  -6.0463064e-01  -3.0920465e-01  -4.9421021e-01  -2.2636376e-01   2.0946379e-01   4.0488021e-01   7.9231467e-01   3.6118757e-01   1.1196022e-01  -6.0272653e-02   1.6753947e-01   7.5512223e-02  -2.0766721e-01   3.5070343e-01  -3.3533208e-01   4.9178310e-01  -1.2690771e-01   2.1376320e-01  -2.1037274e-01   3.3148857e-02   4.1554348e-01  -6.7370804e-03  -3.6947822e-01   4.1069184e-01   4.4388190e-02  -3.9303553e-01  -1.7607869e-01  -2.9561250e-01  -4.8256494e-01  -2.8740169e-01   5.6020041e-02   1.3723388e-01   4.4728972e-01   5.5047267e-01  -7.7616786e-02   5.8475574e-01   4.4536341e-01  -2.6651451e-01   3.6325173e-01  -3.0963529e-01  -3.8895825e-01   3.2980687e-01  -3.0367022e-01   2.3693207e-01   5.7505905e-02   7.0592055e-02  -3.2484144e-01   2.3453903e-01  -3.1250945e-01   6.9630715e-01  -1.5731366e-01  -4.4984067e-01   1.0039413e-01  -7.9313197e-02  -3.5242353e-01  -1.8051544e-01  -4.1450433e-01  -2.0127599e-01  -2.9404753e-01   4.6293878e-01   1.7820320e-02   6.6663670e-01   1.2502658e-01   2.8096166e-01   3.4173349e-01   3.2050045e-01   8.0781761e-01  -1.1165202e-01  -1.6381903e-01   4.1982321e-01   2.6744060e-01  -3.8517836e-01  -2.9056993e-01  -5.3772089e-01   1.3933305e-02  -4.4494980e-01  -5.0511075e-01   3.9551907e-02  -3.2355369e-01   4.1018191e-01  -2.1939075e-01   3.9221859e-01  -5.5688399e-01   1.7908335e-01  -1.7675777e-01  -2.0277098e-01   5.4872041e-01  -1.4280764e-01   1.9703547e-01  -4.3672803e-01  -4.8258674e-01  -5.0060508e-02   6.0471072e-01   4.2392116e-01   3.9699670e-01  -1.4443945e-01  -5.4036990e-01   1.0422435e-01   1.1761623e-01  -4.2921404e-01  -2.5491684e-01   8.5202990e-02   5.6019324e-01  -4.8148604e-01   5.1823606e-02   3.0663989e-01  -2.9957247e-01  -1.1455344e-01  -5.3633018e-01  -3.7991607e-01  -5.7130485e-02  -1.8810745e-02  -4.5531154e-02  -1.2525760e-01  -2.7102745e-01   9.4140406e-02  -4.9795204e-01   3.7918398e-01   2.5953804e-01  -6.3747118e-02   2.1120374e-01  -3.8625647e-02  -5.1748609e-01   4.0171840e-02   3.4224141e-01   1.9482785e-01  -7.3591935e-02  -4.5257431e-02  -1.4802325e-01   9.5998403e-02  -5.1801719e-01   3.9031664e-01  -7.2313030e-02   2.0661591e-01  -4.9487076e-01  -4.4136080e-01   5.8246771e-01   3.1505029e-01  -5.0992114e-01   5.2345565e-02   3.5266667e-01   6.7656984e-01   2.2516660e-01   2.1476209e-01  -3.7862276e-01   4.2993940e-02  -3.5775526e-02  -4.0879436e-01
   3.2486079e-02  -2.6833784e-01   5.1452190e-03   4.7816694e-01  -3.1067050e-01   0.0000000e+00   3.1496083e-01   2.4788747e-01  -4.9005359e-01  -3.9593906e-01   2.3136876e-01  -1.1317882e-02   9.7225291e-02   4.2551913e-01   3.4489681e-01   4.6003913e-01   1.3286408e-01   3.4791274e-01   1.2832278e-01  -9.0153061e-02   1.9284556e-01   2.3690998e-01   4.3674274e-01  -3.4206639e-02   1.2340136e-01   6.5136165e-02   5.0964976e-01   4.8745148e-01   1.7378550e-01   5.4334109e-01  -1.0091694e-02   4.4396435e-01   1.0065170e-01  -2.0524249e-01  -5.4601021e-01  -1.3578438e-01  -2.8714838e-01  -1.8361765e-01   1.9243834e-01   8.8769804e-02   1.2984886e-01   7.9271656e-02  -3.7866012e-01   4.1531268e-01  -3.9771725e-01  -3.8135310e-02   3.2429187e-01   3.0531396e-01   2.4270636e-01  -2.4034108e-01   2.9867715e-01   4.4661048e-01  -4.5272665e-01   1.4312276e-01   1.5343528e-01   4.2770861e-01   4.3018715e-01   1.1564298e-01   4.0767544e-01  -2.7118551e-01  -6.7099634e-02  -1.5740617e-01  -4.7479653e-01  -2.2776762e-01  -4.4081534e-01  -1.5157171e-01   8.7799304e-01  -1.5271465e-01   7.2998602e-01   2.5247059e-01  -4.2919596e-01   2.8966089e-01   9.9167712e-02   1.9481009e-01  -1.2721044e-01   1.9787955e-01  -1.9619498e-01   6.1340410e-01  -5.0313123e-01   3.0808618e-01   3.3991138e-01   4.2209131e-02   1.9080911e-01   3.1603725e-01   1.9573153e-01   3.3586885e-01  -4.2554125e-02   1.7322231e-01  -3.7633017e-01   1.3472256e-01  -4.1877882e-01   5.0305447e-02   2.0812898e-01  -5.1192933e-01  -2.3028405e-01  -3.2781597e-01   3.2584356e-01   6.0394839e-01  -4.8432448e-02  -3.1307526e-02  -6.3142270e-02   2.0965280e-01   3.5924849e-01  -3.4233347e-01   3.4269623e-01   3.4212169e-01   1.1258326e-01   7.0087209e-01  -3.7050412e-01   5.9564809e-01  -2.8275315e-01   5.0297542e-01  -4.1293309e-02   2.2825674e-01  -1.8754429e-01  -4.9348947e-01   6.0594714e-01   2.6289823e-01   4.3745753e-01   4.8955829e-01  -1.2083685e-01  -3.1302925e-01  -4.2892361e-01  -5.0344041e-01  -5.7555428e-03   4.6635293e-01  -6.9253808e-02  -1.1236893e-01   7.6353876e-02   3.0556920e-01  -1.8111921e-02  -4.1403423e-01   4.6219057e-01  -2.5253962e-01  -4.4533968e-01   2.5159445e-01   1.6498326e-01   2.3744524e-01   3.2846287e-01  -1.1906133e-01   1.5313960e-02   1.9554993e-01   3.3620179e-01   6.4871490e-01  -9.3077033e-02   4.1014834e-01  -4.8028479e-01   6.1957258e-02   4.5937005e-01  -9.4301960e-02   1.9133473e-01   1.9286293e-01   5.2796484e-04  -1.3953924e-01   8.1170284e-02  -8.5146683e-02  -1.1282419e-01   2.7980024e-01  -4.6860282e-03   5.4179857e-01  -3.8242573e-01   9.6019814e-02   2.0874508e-02   4.2458846e-01   4.7104175e-01  -4.3717363e-01  -9.4508902e-02   3.8643426e-01  -9.4987191e-02   9.3089442e-02  -4.9387935e-01  -2.9855468e-01  -3.7566356e-02   8.1448620e-01   2.3275652e-01  -2.1593100e-03   4.5622530e-01
   1.0975430e-01  -1.8748178e-01  -1.8905745e-01   7.5638912e-02  -1.8897939e-01   3.1496083e-01   0.0000000e+00  -1.6217559e-01  -3.4834673e-01   2.0165585e-01   5.3413273e-01   2.2667790e-01  -1.5065643e-01   2.0997773e-01   3.8629147e-01   5.0151982e-02  -2.4064496e-01   4.8736138e-01   7.2117676e-02   9.1119177e-02   4.5337796e-01   5.4159670e-02   7.3347495e-01  -7.5007788e-02  -5.2486954e-03  -2.6258846e-01   2.9174108e-01   5.8885129e-01  -9.7201261e-03   3.1170470e-01   7.2671629e-02   1.9676392e-01  -1.5761374e-01   4.6578938e-01  -2.4476240e-01   1.6057346e-01   1.5931817e-01  -1.2595329e-01  -1.1227945e-01   3.2059224e-01  -6.6956998e-02  -1.4675008e-01  -1.5362829e-01   1.7453793e-01  -1.5150203e-01   5.2785556e-02   3.4365405e-01   6.6070506e-01   9.3581610e-02  -5.0948657e-01   6.6577568e-01  -1.0899920e-01   9.3662463e-02  -1.2520211e-01   2.3136741e-02   3.2174489e-01  -7.7859069e-02  -5.0518798e-02   5.2472087e-02  -3.1598894e-01  -2.8916375e-01  -2.7159484e-02  -3.3282378e-01  -6.2803198e-02  -2.0491455e-01   5.1877372e-01   2.9915092e-01  -1.9688110e-01   2.4344258e-01   3.3374873e-01  -6.8075669e-02   2.1087508e-01  -2.8236189e-02  -1.5195261e-01  -3.7476381e-01  -6.9758501e-02  -3.1673564e-01   6.3746638e-02  -6.1590802e-01  -3.0432674e-01   6.6134220e-01  -8.6521401e-03   1.3322325e-01  -6.6961286e-02  -1.4832375e-01   7.3652550e-02   1.8755979e-01   1.8309360e-02  -5.8723013e-01   5.9964803e-02  -6.0487080e-01  -4.9137008e-01   2.7205469e-01  -1.0154254e-01  -3.4597796e-01  -3.0859739e-01   5.4418907e-02  -2.4460230e-02  -1.3131150e-01   6.4751397e-01   1.1130444e-02   4.9921107e-01   1.8874461e-01  -2.0019693e-01   3.7753499e-01   2.9943234e-02  -1.7088651e-01   3.0801504e-03   7.6687625e-02   4.6415235e-01  -1.0920143e-01   2.9256781e-01  -3.0355823e-01   8.6930637e-02   1.8617814e-01  -4.9567686e-01  -4.8040366e-03  -1.2537836e-01   2.3202182e-01   1.6667564e-01  -2.1671048e-02  -5.1737707e-01  -3.5902166e-01  -1.7225808e-01   1.0151822e-01   2.4479684e-01   4.6332895e-01  -3.2340878e-01   3.6001297e-02   1.4130691e-01  -1.9327722e-01   5.4522234e-03   8.2210133e-02   2.0517293e-01  -4.6364695e-01  -1.0251195e-01  -3.7600020e-01   3.8118111e-01   6.2632790e-02  -9.1485672e-02  -7.4650840e-02   1.4480915e-01   2.7298421e-01   1.8077305e-01   3.5905676e-01   3.3999919e-01  -6.4918218e-03   2.0703224e-01   6.3120312e-01   3.2238605e-01  -9.0434759e-02   2.2817132e-01  -3.6098769e-02   1.2810130e-01  -1.8018692e-01   7.2696577e-02  -9.5188743e-02  -1.5579166e-01  -3.8064924e-01   4.4206606e-01  -5.1665773e-01   1.3807624e-01   4.5484110e-01   2.4979225e-01  -2.2847713e-02  -4.1795044e-01   2.9751045e-01   6.8707259e-02  -5.0848691e-02   4.6521242e-02  -3.3023675e-01  -3.4807572e-01   1.2124777e-01   1.1113740e-01  -1.7435203e-02  -2.7475503e-01  -2.2714539e-02
   6.7128754e-02  -6.2461563e-02  -2.1717253e-01   3.5312986e-01  -3.2911017e-01   2.4788747e-01  -1.6217559e-01   0.0000000e+00  -2.4101347e-01  -4.2510283e-01   7.2349669e-02  -1.9218437e-01  -1.0791466e-01   3.1309857e-01  -5.9942402e-02   2.2538542e-01  -1.5393404e-01   1.5421783e-01   2.5001746e-01  -3.9029475e-01   4.7819484e-02   4.3798094e-01   1.2780807e-02   2.7910622e-01  -5.6140142e-02   3.4685356e-01   7.5653560e-02   1.1574327e-01   2.1278055e-01   4.0009295e-01   3.5885324e-02   4.9989285e-01   1.4008079e-01  -3.7231668e-01  -4.1200529e-01  -3.8374875e-01  -2.9440729e-01   1.1949603e-01   1.0388532e-01  -3.3852230e-01  -5.6524839e-02  -1.2226569e-01  -2.6835284e-01   2.7803044e-01  -2.9637353e-01   1.7420347e-01   8.3510912e-02  -3.8399754e-02   4.0068200e-02  -2.4588875e-01   2.2303252e-02   8.0225568e-01  -2.6678324e-01  -2.1623161e-01   7.9335667e-02  -4.2061280e-02   3.8643067e-01   5.7123369e-01   4.0991825e-01   8.0301542e-02  -7.8084515e-02  -1.9468153e-01  -1.8131999e-01   3.3430939e-01  -1.8949050e-01  -3.1298513e-01   2.1457382e-01  -1.2693233e-01   5.3293647e-01  -1.7881005e-01  -3.3249161e-01   3.1193783e-01   2.8408896e-02   4.3191021e-02  -5.0799212e-02   7.5036634e-01   4.1801350e-02   5.5832218e-01  -2.1543680e-01   1.3269861e-01  -1.4344882e-02  -9.4509337e-02  -7.9353450e-02   5.8049327e-01  -7.3826245e-02   7.3645097e-01  -1.4362180e-01   2.2091323e-01  -1.3515279e-01   1.2737859e-01  -1.8165293e-01  -2.1917441e-01  -9.4422328e-02  -2.1805767e-01  -8.2955918e-02  -3.6880358e-01   5.2135573e-02   3.9718833e-01  -1.0256048e-01  -1.3792692e-01  -1.2140461e-01   3.3212187e-01   4.1499174e-01   5.5818086e-03   4.5775384e-01   4.6550042e-01  -2.6231923e-01   6.6870855e-01  -2.5709243e-01   1.6167236e-01  -2.7965471e-01   4.1802542e-01   2.1946795e-02   1.6148348e-01  -2.8250416e-01  -1.0225752e-01   3.3972115e-01   1.6737501e-01   1.3653975e-01   4.4265149e-01   2.9382055e-01  -2.7790475e-01  -2.3134122e-01  -1.4002506e-01   2.1881724e-01   2.8616373e-01  -1.3565873e-01  -2.8174195e-01   4.5116790e-01  -1.1816020e-01   1.9657465e-01  -2.1391144e-01   2.9629566e-01  -2.1384882e-01  -2.1236056e-01   8.2445411e-01   7.9471129e-02   2.9955968e-02   7.7182811e-01   5.5953959e-02   2.0020312e-01  -2.0788601e-01   4.0739482e-01   5.0299991e-02  -2.9755212e-01   4.0906801e-01  -4.1802882e-01   2.4489252e-01   2.5152852e-01  -7.0409322e-02  -2.7664293e-01   1.6061527e-01   1.0828894e-01  -1.8717383e-02  -2.2690207e-01   1.2160008e-01   1.8679229e-01   3.1508197e-01  -1.2445210e-01   2.8015269e-01  -1.3330191e-01   4.3213022e-01  -8.7082151e-02   5.0224235e-01   5.0706130e-01  -1.7285707e-01  -2.8931896e-01   3.5316003e-01   2.7334883e-02  -5.2145003e-02  -2.6539053e-01  -1.3558454e-01   6.4126790e-02   2.7458956e-01  -8.8258355e-02  -3.6148720e-02   3.9849193e-01
  -1.7743311e-01   7.3914495e-01   3.5871047e-01  -1.9291592e-01   4.5117546e-01  -4.9005359e-01  -3.4834673e-01  -2.4101347e-01   0.0000000e+00   4.7729647e-01  -9.8039207e-02   1.8164097e-01  -6.5804822e-02  -3.4830697e-01  -2.6195136e-01  -1.2904588e-02   2.5151347e-01  -4.0528231e-01   1.0129155e-01   2.0689235e-01  -3.2071527e-01  -4.6929989e-01  -5.3207926e-01  -1.5659494e-01  -1.2415864e-02   9.8336141e-02  -1.8545182e-01  -5.0782553e-01   1.2679739e-01  -6.0090748e-01   1.1408751e-01  -5.8350176e-01  -3.3752858e-02   3.2258722e-01   7.6844808e-01   3.4792636e-01   3.0179711e-01  -5.2265482e-02   6.3528201e-02   2.5633948e-01  -6.1824346e-02  -9.5892392e-02   6.2540253e-01  -2.5704237e-01   6.1979020e-01  -2.9689174e-01  -3.8548315e-01  -3.2519883e-01  -1.4739917e-01   5.2403549e-01  -2.2718318e-01  -2.9028186e-01   6.3193415e-01   1.1263021e-01  -1.8565733e-01  -2.3667371e-01  -2.8640979e-01  -3.3127717e-01  -2.5413377e-01   3.9077267e-01   1.9553042e-01   3.7032903e-01   7.7353660e-01   2.7775126e-01   5.8552925e-01   1.9185912e-01  -3.3349375e-01   5.0485220e-01  -5.9231647e-01  -3.9362508e-01   7.2882078e-01  -3.0678398e-01   3.2025121e-01  -1.4283418e-01   3.2092180e-01  -3.7588258e-01   1.6508220e-01  -4.7750491e-01   6.4126216e-01  -2.2662062e-02  -4.5308357e-01   2.0324558e-01   6.7269458e-02  -1.5674687e-01   8.1954797e-02  -5.2651497e-01   2.3340419e-01  -2.5037459e-01   6.8220584e-01  -2.7211112e-01   6.3565107e-01   1.4052058e-01   3.9700799e-02   6.4953946e-01   1.7987107e-01   4.4959657e-01  -2.3724398e-02  -3.3380847e-01   3.3829304e-01  -1.9896501e-01   9.5792993e-02  -2.1848553e-01  -5.7088156e-01   4.5068798e-01  -6.1658152e-01  -5.2033461e-01   3.1441355e-02  -4.4993745e-01   3.2496661e-01  -5.6716022e-01   5.9721241e-01  -6.1670766e-01   3.9652791e-01  -3.9634243e-01   1.9124827e-01   6.5894576e-01  -2.6049390e-01   1.3086262e-01  -3.5929240e-01  -4.2223064e-01  -1.6463604e-01   5.6270143e-01   5.9079130e-01   6.4677129e-01  -3.0610487e-01  -5.4702531e-01   1.7258577e-01   1.5470201e-01  -2.4773075e-01  -2.4828449e-01   1.5923606e-01   6.8028946e-01  -3.2334426e-01   4.4250435e-01   5.7152669e-01  -3.3080519e-01  -2.5980077e-03  -1.5393639e-01  -3.9268377e-01  -2.7167303e-01  -1.5580069e-01  -7.3811316e-02  -3.6746979e-01  -4.5471059e-01   1.5943118e-01  -5.6738306e-01   6.4048092e-01  -2.2211221e-01  -5.2956956e-01  -9.6465018e-02  -7.7910531e-02  -3.5572321e-01  -1.5915412e-01   3.0077501e-01   4.2266326e-01  -2.5388206e-01  -1.5611521e-01  -7.7792004e-02   1.0379481e-01  -6.3535293e-01   6.5686490e-01  -2.0982584e-01  -3.1256207e-02  -5.7963690e-01  -3.1991220e-01   6.0580127e-01   3.7312553e-01  -3.2663310e-01  -1.0970674e-01   1.7432693e-01   6.5879233e-01   1.0804710e-01   3.3300235e-02  -4.1993055e-01   3.6987691e-02  -8.1013515e-02  -2.8340834e-01
  -2.0412822e-01   2.3991895e-01   2.6166599e-01  -4.0473005e-01   4.0216119e-01  -3.9593906e-01   2.0165585e-01  -4.2510283e-01   4.7729647e-01   0.0000000e+00   1.1310184e-01   2.2611292e-01  -4.3533002e-02  -4.6099761e-01  -2.1170642e-01  -6.7004579e-02   3.6007112e-02  -2.5459713e-01   6.9857958e-02   3.8507771e-01  -2.0449527e-01  -4.6417668e-01  -7.8703855e-02  -3.1288594e-01  -9.1045652e-02  -1.0927382e-01  -1.0448877e-01  -2.6651179e-01  -1.1134385e-01  -5.5983673e-01  -1.4580813e-01  -5.5641388e-01  -1.9630269e-01   8.3659342e-01   6.0329134e-01   5.5761577e-01   4.6637579e-01  -1.5435764e-01  -1.7471462e-01   5.2382109e-01  -3.4040239e-02  -1.0307671e-01   5.8356973e-01  -3.6360010e-01   4.0457614e-01  -2.8318412e-01  -1.7053489e-01  -1.6817384e-01  -3.1628511e-01   2.9291968e-01   4.5773127e-02  -4.4182757e-01   6.9736866e-01   6.3535925e-02  -2.8089460e-01   5.1162041e-03  -3.6904483e-01  -4.7294367e-01  -4.1221512e-01   8.1284809e-02  -7.9444338e-02   3.4162204e-01   5.7855530e-01  -5.0811255e-02   3.5065425e-01   5.7573240e-01  -3.7217554e-01   3.9676645e-01  -5.3269151e-01  -2.7690882e-02   6.7436215e-01  -3.9572437e-01   1.7137392e-01  -1.4478942e-01   2.2430351e-01  -3.9799311e-01  -4.0000403e-02  -3.9362111e-01   3.7873424e-01  -2.0296713e-01  -1.0168578e-01   1.4265601e-01   8.5374803e-02  -4.0514300e-01  -2.2576110e-01  -4.4920181e-01   1.1541111e-01  -4.6642741e-01   3.1511561e-01  -2.8106907e-01   3.2339025e-01  -6.1780445e-02   2.6110781e-01   5.1087234e-01   9.6920313e-03   5.2422026e-01  -1.0339282e-01  -3.6490133e-01   2.6914485e-01   2.8647860e-01  -8.2751453e-02  -4.4897274e-04  -5.6770725e-01   1.7376145e-01  -5.1155019e-01  -5.0008185e-01  -2.1102425e-02  -4.8486641e-01   6.4038340e-01  -2.5892559e-01   7.3246779e-01  -5.5429710e-01   2.8805333e-02  -4.0499593e-01   4.8952224e-01   3.6332061e-01  -2.9163598e-01   5.6908882e-02  -3.6085229e-01  -5.3080037e-01  -2.1652986e-01   4.4369536e-01   5.3133956e-01   4.1518576e-01  -3.2389538e-01  -5.7296414e-01   3.6585724e-01   7.5775267e-02  -3.3639258e-01  -2.2203941e-01   3.1782164e-02   6.4912376e-01  -5.7014889e-01   3.8872180e-01   2.9026932e-01  -3.9324840e-01  -2.3210417e-01  -1.5143534e-01  -3.9542806e-01  -2.8914823e-01  -2.8693806e-01  -3.2072659e-02  -3.0574294e-01  -3.4363334e-01   3.3344413e-01  -5.1682799e-01   8.7216423e-01  -8.5291560e-02  -1.9291402e-01   6.6514319e-02   4.1443848e-02  -3.8249872e-01  -2.4713182e-01   1.9307853e-01   2.1218777e-01  -2.1625543e-01  -2.3274153e-01  -3.1452309e-01  -1.1042966e-01  -5.0258335e-01   3.6640644e-01  -1.5031592e-01   1.5180091e-01  -6.0003436e-01  -4.7560681e-01   3.7574740e-01   6.1361974e-01  -4.9120426e-01  -1.7408854e-01   1.2696833e-02   5.5063594e-01  -5.0848021e-02  -1.4623017e-01  -4.8937852e-01  -6.4806881e-02  -2.2425171e-01  -3.5941207e-01
  -5.5634685e-02  -6.3348048e-02  -2.3643192e-01   1.7301652e-01   6.8059437e-02   2.3136876e-01   5.3413273e-01   7.2349669e-02  -9.8039207e-02   1.1310184e-01   0.0000000e+00   2.7929509e-02  -2.1429599e-01   1.8649335e-01   3.9945422e-01   2.6961041e-01  -1.0759755e-01   6.9134946e-01   1.3426211e-01   1.1591574e-01   4.4088541e-01  -1.5457319e-01   3.9908532e-01  -1.5116057e-01  -1.9516372e-02  -8.9968227e-02   2.8474810e-01   2.8239121e-01   1.7388133e-01   8.1000943e-02   3.9379969e-01   7.3078771e-02  -1.2175795e-01   4.2056516e-01  -1.2480591e-01   3.4603119e-01  -2.8103650e-02  -2.3829848e-01   2.5522286e-01   2.9487274e-01  -9.2819549e-02  -2.4737276e-01  -1.3923740e-01   4.9287349e-01   1.0241344e-01  -7.0217123e-02   4.5655399e-01   4.5601174e-01   2.2048134e-01  -2.7646303e-01   7.1419785e-01   8.0854977e-02   3.0874344e-01  -2.9691309e-03  -2.7625324e-02   4.1905780e-01   5.7671524e-02  -1.1562692e-01   8.5663351e-02  -3.1960866e-01  -1.8925368e-01   2.0327511e-01  -1.3793374e-01   3.5075572e-01   1.4682729e-01   5.1947239e-01   3.4551964e-01  -9.9729696e-03   3.6800060e-01   3.6851793e-02   6.3077630e-02   1.6882540e-01   4.0149939e-01  -2.8490534e-01  -1.4001344e-01   1.0039353e-02  -1.3914971e-01   1.3761403e-01  -3.8271571e-01  -1.0294220e-01   2.7073182e-01   2.9199469e-01   3.9234423e-01   1.5623083e-02  -6.1102390e-02  -2.0319112e-02   3.6521032e-01   1.1903618e-01  -4.3701465e-01  -1.6143848e-01  -3.4678893e-01  -3.8276378e-01   2.9399175e-01  -7.9139134e-02  -1.8034994e-01  -2.2779454e-01   1.2566824e-01   8.8114911e-03   1.6277889e-01   4.1767121e-01   8.2550825e-02   4.9398168e-01   1.5272912e-01  -3.0703740e-02   1.4688707e-01   1.0870336e-03  -1.3960643e-01   6.8435672e-02   2.6076284e-01   2.3643714e-01   1.0708658e-01   9.4647979e-02  -1.7108245e-01  -1.7529304e-01   1.0777108e-01  -2.2833127e-01   1.8316894e-01   1.6050355e-01   2.2047172e-01   8.4973341e-02  -1.7943976e-01  -3.6153946e-01  -1.8597699e-01   1.1852674e-01  -1.1666329e-01   7.1592077e-02   5.7688518e-01  -2.3956807e-01  -1.1076859e-01   4.9349225e-02   8.1392924e-02   3.1023789e-01   6.6114848e-03   5.6004152e-01  -3.9493248e-01   1.8021674e-02  -2.2293150e-01   3.2433425e-01   3.8286082e-02  -2.9748204e-01  -1.2181954e-01   1.0517534e-01   4.6616783e-01   1.4622951e-02   3.8966710e-01   3.2939520e-01  -1.6380889e-02   2.4911305e-01   5.0042207e-01   2.1902039e-01  -6.4774477e-02   1.8637702e-01  -2.1349414e-01   6.0442612e-01  -6.4951103e-02  -1.3331477e-01  -2.7029743e-01  -8.7145976e-02  -3.0269941e-01   1.7881374e-01  -2.6666666e-01   4.4467290e-01   6.3864148e-01   2.4303448e-01  -3.6853778e-02  -1.4225431e-01   3.6168721e-01  -1.8699144e-02  -2.7566655e-01   2.6037453e-01  -1.3275314e-01  -2.4077446e-01   2.5028163e-01   5.3485032e-02   7.0346461e-02  -1.8202776e-01  -1.2810783e-01
  -7.8975791e-02   2.6125893e-01   3.1492136e-01  -1.2046657e-01   1.9573525e-02  -1.1317882e-02   2.2667790e-01  -1.9218437e-01   1.8164097e-01   2.2611292e-01   2.7929509e-02   0.0000000e+00   8.7545975e-02  -6.4707906e-03  -5.8386627e-02   6.1109557e-03   9.5018485e-02   1.0296315e-01  -6.6520811e-02   2.1207634e-01  -2.6144065e-01  -9.9123152e-02  -7.9790161e-02  -7.2573288e-02   9.4240724e-02  -3.4713096e-03  -8.8490036e-02   1.1087547e-01   6.2666651e-02  -7.8678197e-02  -2.0581696e-01  -7.1978203e-02  -3.2313517e-01   1.7675389e-01   4.1889998e-01   8.3781506e-02   2.6486475e-01  -4.0854863e-02  -1.8478564e-01   8.3560217e-03   2.2369514e-01  -1.7641171e-01   4.4469578e-01   5.0902502e-02   2.8557553e-01   9.2867175e-02  -1.0361188e-01  -1.9479842e-02  -3.6716473e-01  -1.7962404e-01   4.6797945e-02  -8.4740511e-02   7.4982100e-02  -1.8220538e-02  -1.5141666e-01   1.2951902e-01  -1.5751430e-01  -1.6542859e-01  -8.5730590e-02   4.7932757e-01  -5.0663490e-02   1.0576155e-01   1.6065267e-01   2.7001715e-02   1.2460908e-01   1.8733355e-01  -1.2382234e-01   2.1560375e-01  -1.4612590e-01   9.3191086e-02   4.9318958e-02   1.4056622e-01   1.5284028e-01   1.0970322e-01   1.0633519e-01  -2.4869872e-01   3.1483801e-03  -6.6295089e-02   5.9175864e-02   7.8087729e-02  -7.6831598e-02   6.9838077e-02  -9.4170701e-02  -1.1940987e-01   5.8163796e-02  -2.1567123e-01  -1.1988074e-01  -2.1142620e-01  -3.3475929e-02  -5.6670455e-02  -1.3120850e-03  -6.5375338e-02   2.3075173e-01   4.9444087e-01   2.0785770e-02   1.0607981e-01   2.5711838e-01  -1.6525127e-01   3.9582376e-01   1.2976954e-01  -4.9519734e-02   3.1044997e-01  -1.9531126e-01   1.6062422e-01   7.9981008e-03  -1.8081422e-01  -4.7018874e-02  -1.0430469e-01  -3.8130768e-02  -3.8945020e-02   2.0677934e-01  -9.3198277e-02   1.8173282e-01  -1.0997056e-01   2.3023396e-01  -1.7935747e-01   4.0023008e-02   1.8226711e-01   1.8026480e-02  -2.9379051e-02  -1.3058507e-01   1.1217290e-01   1.7255635e-01   1.6488200e-01  -7.7656438e-03   1.9489127e-01   1.6989848e-01   1.0278977e-02  -2.5421078e-02   9.2410790e-02  -1.7212189e-01   9.3304288e-02  -6.2711340e-02   7.0472405e-02   4.1399516e-01  -2.1097732e-01  -8.6217460e-02  -3.8203258e-02  -1.5846143e-01  -8.7234308e-02  -1.7951649e-01  -1.1693216e-03   9.3120944e-04   2.6668621e-02   2.3077920e-01  -1.8548619e-01   3.2431131e-01   5.5169225e-02   2.9205767e-02   1.6515593e-02   5.6610765e-02  -2.7157038e-01  -2.5640109e-01   1.7269567e-01   2.2266927e-01   3.3011161e-02  -1.4402492e-01   1.0704969e-01  -2.5700911e-01  -7.9707863e-02   1.9213300e-01  -9.3373956e-02  -1.6391477e-01  -1.2034561e-01  -8.0642125e-02   3.1228446e-01   2.9144187e-01  -5.6478375e-02  -1.9886978e-01  -9.9241726e-02   2.4656710e-01  -5.0500555e-02   2.0868386e-01  -1.2760592e-01   4.0028860e-02  -1.9398970e-01  -1.2731405e-02
  -2.1150169e-02  -2.0057473e-01   2.0738851e-01   1.6646402e-02   9.2102853e-02   9.7225291e-02  -1.5065643e-01  -1.0791466e-01  -6.5804822e-02  -4.3533002e-02  -2.1429599e-01   8.7545975e-02   0.0000000e+00  -6.5328763e-03  -1.1193474e-01  -5.8563729e-03   1.4473928e-01  -1.6362875e-01   1.7350476e-02   1.3856331e-01  -1.3774906e-01  -1.1068622e-01   6.2409431e-02  -2.7856665e-02   9.6164011e-02   2.0594131e-01  -5.5376158e-02   7.1602721e-03  -8.5057621e-02  -1.1747358e-01  -1.9210636e-01  -5.3519649e-02  -1.4586908e-01  -1.7844457e-01  -6.1212224e-03   2.3965811e-02  -9.2067934e-02   4.1340625e-02  -3.4509770e-02  -1.2250892e-01   7.2536669e-01   9.3026292e-02  -4.0910712e-02  -3.7078497e-03  -6.9075772e-03   1.4785062e-02  -5.0045265e-02  -1.8649373e-01   4.8557339e-02  -1.6465977e-02  -1.6565815e-01   1.5258675e-02  -1.6341393e-01  -5.3723194e-02   8.0813421e-02   1.4543850e-01   1.0820426e-01  -8.5036583e-02   4.5293170e-02   6.5878384e-02   5.0510243e-02   2.4310973e-01  -2.6392597e-02  -3.2942496e-01  -1.2569730e-01  -1.3224955e-01   8.5056666e-02   1.3976900e-01   1.2966763e-02   2.2743036e-01  -1.5652777e-01  -1.1955107e-01   1.7326488e-01   1.6696232e-01   3.4864283e-02  -8.4355948e-02   4.3510944e-02   6.7025801e-02   1.0333703e-01   2.9294574e-01  -9.6548258e-03   1.4077139e-01  -2.5432594e-02   7.1231585e-02   7.5974867e-02  -9.1795455e-02  -1.0787515e-01   1.3310904e-01  -5.3073675e-03  -1.1290874e-02   1.0393281e-01   2.9676514e-01   6.9773143e-02   8.0082503e-03  -2.9320921e-02   2.0630191e-01   9.0777676e-02   1.2078293e-01   1.6764188e-01  -1.1808405e-01  -6.0784965e-02  -1.7331890e-01  -1.0465921e-01  -1.8572407e-01  -1.3630307e-01  -4.2108865e-02  -2.9669312e-02   1.1029147e-01   2.4106050e-02  -3.7906485e-02  -2.9872691e-02  -9.9442734e-02  -2.4383183e-02   6.6567010e-02   6.5924451e-02  -1.1920305e-01   1.4835657e-01   3.8257627e-01   2.9099575e-02  -1.1910356e-03   6.1417439e-03   1.8671476e-01  -7.3143578e-02  -2.0052046e-01   4.5725591e-02   1.8016422e-01  -1.7504327e-01   1.3955335e-01  -1.6126118e-01   5.7202671e-02   2.0431827e-01  -2.1043716e-01   5.7380738e-03  -3.1236414e-01   1.4616685e-01  -4.7240026e-02   3.0409690e-01  -9.9170949e-02  -4.3165726e-02  -8.2872953e-02  -8.7170100e-02   2.3931236e-01  -1.2540819e-01   3.1878740e-01  -4.2140975e-02  -2.2648507e-01  -7.6441408e-02  -6.7937252e-02  -1.0273995e-01  -4.7389296e-02   2.1860399e-01  -1.2207769e-01  -8.1824346e-02  -2.1965549e-01   9.2364703e-02  -3.3069332e-02  -1.0097939e-01   2.9417346e-01   1.5136791e-01  -2.1773740e-02   5.8396178e-02  -2.6381334e-01  -2.3434504e-01  -1.6525528e-01  -5.9317543e-02   5.5182994e-02  -1.6106010e-01   1.3139401e-01  -1.4426611e-01  -1.3111782e-01   4.9287767e-02  -7.9822633e-02  -8.4193720e-02   1.5792568e-01  -4.4095485e-03  -1.1572235e-01   6.0339998e-02
   1.6874374e-01  -3.8111876e-02  -1.6014767e-01   5.1477848e-01  -5.3508973e-01   4.2551913e-01   2.0997773e-01   3.1309857e-01  -3.4830697e-01  -4.6099761e-01   1.8649335e-01  -6.4707906e-03  -6.5328763e-03   0.0000000e+00   4.3711020e-01   2.2552724e-01  -4.9942935e-02   2.9490108e-01  -5.6230931e-03  -3.6911173e-01   3.8028986e-01   4.4364985e-01   3.1178108e-01   7.2710758e-02   2.1665841e-01  -2.0257611e-02   4.3655412e-02   5.7770821e-01   1.3636822e-01   6.3124093e-01   3.9235974e-01   3.7421774e-01  -8.5180154e-02  -2.8820505e-01  -3.8605913e-01  -4.0704151e-01  -2.8115846e-01  -8.3881593e-02   1.7805918e-01  -2.4044223e-01   2.4052889e-02  -1.6229459e-01  -2.7418807e-01   6.0336720e-01  -2.0680818e-01   2.2102833e-01   8.5961369e-02   4.0277053e-01   3.4600064e-01  -5.2092006e-01   2.2477425e-01   3.3699711e-01  -3.8311684e-01  -6.8419916e-03   3.9071405e-01   3.7553579e-01   1.9242244e-01   4.4754227e-01   3.4376785e-01  -2.0575958e-02   2.5897549e-02  -6.9771750e-02  -4.6531353e-01   1.8734171e-01  -2.7577769e-01  -1.8346233e-01   4.5815215e-01  -1.2719567e-01   4.5048943e-01   1.9649888e-01  -4.1998140e-01   4.1192528e-01   2.0068930e-02   1.7939063e-01  -1.1362658e-01   1.6511927e-01  -6.2454725e-02   3.7397199e-01  -5.7944363e-01   1.1291441e-01   3.1964937e-01  -2.3962936e-03   2.4147920e-01   4.5474647e-01   3.6556570e-01   2.1019438e-01   2.3562346e-01   3.7402448e-01  -4.4235915e-01   1.6005780e-01  -4.8859750e-01  -1.2719900e-01   4.5071349e-02  -2.5349974e-01  -1.8605024e-01  -6.1927299e-01   3.6061263e-01   7.7026904e-02   4.4119301e-04  -9.0088157e-02   4.4816651e-01   2.9904677e-01   6.0318450e-01  -7.6708799e-02   3.9133165e-01   4.0662894e-01  -1.4335153e-01   3.1114401e-01  -2.8871709e-01   2.9778065e-01  -3.3801156e-01   5.6261594e-01   4.8749270e-02   3.8336755e-01   5.1555080e-03  -5.0914921e-01   3.8494101e-01   1.2149539e-01   6.0766630e-01   5.5668716e-01   8.7139343e-02  -5.4219978e-01  -3.3994377e-01  -2.8553855e-01   2.4909010e-01   7.1225178e-01   1.0730454e-01  -3.4971692e-01   2.6232778e-01   3.3797764e-01  -5.3782559e-02  -3.6325688e-01   6.9968722e-01  -5.1303574e-02  -3.2049011e-01   1.5533345e-01   1.2886823e-01   5.4627878e-01   2.2579167e-01  -5.3174547e-02   2.5073427e-01   1.7019629e-01   2.1538659e-01   3.7935273e-01  -1.7203796e-02   5.7067235e-01  -5.0807989e-01  -4.7136990e-02   2.1851842e-01  -3.2315701e-02   5.2345197e-02   5.5360068e-01  -7.8902592e-03  -2.7809175e-02  -7.4883693e-02   6.0570773e-02  -5.7942639e-02   2.2256369e-01  -1.8578088e-01   5.2825854e-01  -2.4394686e-01   5.0016900e-02   3.1081197e-02   4.0712866e-01   3.8168774e-01  -4.5459549e-01  -1.8944526e-01   6.6996278e-01  -8.0063052e-02  -5.2021523e-02  -5.0257527e-01  -2.3394945e-01   8.1303998e-02   4.7482571e-01   1.6346434e-01  -2.2638831e-01   3.0745879e-01
