   0.0000000e+00  -4.2244925e-01  -4.2786089e-01   1.3715944e-02   1.7784758e-01  -1.9276848e-01  -9.4476675e-02  -1.6784222e-01   1.5476125e-01   2.1088082e-01   1.6156902e-01  -2.9067941e-01   6.0426981e-02   6.0254484e-01  -4.8517149e-02  -3.7471416e-01  -1.5407905e-01   2.9699802e-01  -1.6637588e-01   1.2636704e-01   6.8596492e-02   1.0283835e-01  -2.5963708e-01   6.7490276e-01  -1.0187640e-01   9.5140684e-02  -2.6018288e-02  -8.9502520e-02  -2.3852792e-01   1.4629068e-02  -2.2961411e-01   8.3518475e-02  -2.6369830e-01  -3.2000875e-01  -1.6510168e-01   1.9358446e-01   1.6418224e-01   3.9071552e-01  -2.9764786e-01  -3.4496237e-01  -7.4112657e-02  -2.7641097e-01   1.2222795e-01  -1.4293430e-01   3.7647128e-01   6.3002426e-01   2.6534636e-02  -8.9229850e-02   2.9406192e-01  -4.7086714e-01   3.3080483e-01   1.7990410e-01  -1.8488192e-01  -1.6054971e-01   4.1476779e-01  -1.4504260e-01  -9.9416115e-02   1.2234254e-01   1.1685524e-03   2.3874539e-01   3.4720887e-01   2.3772182e-01   6.2515083e-02  -8.7837892e-02   2.2928848e-01   2.5724758e-01  -2.4044533e-01   1.6726624e-02  -8.1149861e-02  -2.1657020e-01  -3.0628876e-01   2.6686604e-01  -1.7015586e-03   1.9238202e-01  -1.1969700e-01  -1.1966988e-01   3.8147721e-01  -2.3222658e-03   6.0712298e-02   1.1744212e-01  -2.3948409e-01  -1.1785434e-01  -2.7424059e-01  -1.8193459e-01   4.4135714e-01   6.2493926e-03  -1.1816288e-01   2.4487570e-01  -1.2750791e-02   7.4421769e-01   1.4889915e-01  -5.2879987e-02  -2.8103307e-01   2.3196536e-01   3.0550837e-01  -8.9383473e-03   1.1308182e-01   6.7303662e-02   2.5768797e-01   3.6205777e-01   9.6227817e-04   2.0423419e-01  -3.5209492e-01   2.2157837e-01   1.8937096e-01   1.9073038e-01   4.5480835e-02  -3.6209526e-02   2.2272659e-01  -1.4585583e-01  -2.7079041e-01   7.5692694e-02   1.2397745e-01   7.6062959e-01  -2.3785092e-01   4.5090562e-02   3.4621927e-02   4.5385737e-02  -4.0802694e-01   1.4775742e-01   5.2539863e-01  -3.0174741e-02  -1.8702410e-03  -4.5191690e-02   6.7909623e-01   2.7273696e-01   5.1860292e-02   1.1541079e-01   1.7506979e-01  -3.0928786e-01  -2.8730677e-01   1.4025641e-01   6.5900058e-01  -1.0601606e-01   2.8001518e-01  -1.8030193e-01   5.2238089e-02  -3.6754543e-01   4.3448755e-02   6.6721427e-01   7.5874981e-01   1.1075038e-01   2.1725095e-03  -5.3955117e-01  -2.1212724e-01  -2.1339226e-01  -4.6537251e-01   8.8116700e-02  -1.6345375e-01   9.1023947e-02   4.0694685e-01  -4.7767449e-01   2.5636058e-01   5.0156992e-02  -4.9521029e-01   6.6103695e-01   5.2836456e-01  -8.4447916e-02   1.8149760e-01  -4.7587508e-03  -7.8899731e-02  -1.3878560e-01   1.8758980e-01   8.3134855e-02   1.6382153e-01   7.4854284e-02   1.7512924e-01   1.8906033e-01   3.7775815e-01  -1.8779755e-01  -7.3737651e-02   2.0048599e-01   3.5427448e-01  -2.5112357e-01  -1.2323176e-01  -2.8322760e-01   3.0057523e-01
  -4.2244925e-01   0.0000000e+00   4.2786597e-01  -5.2109178e-02   1.2239354e-01  -2.0220095e-01  -1.4990979e-01   1.9176450e-01   1.9222645e-01  -5.6322158e-01  -2.5003221e-01   3.5468560e-01  -1.0892699e-01  -1.7207010e-01  -1.4935497e-01   1.8395986e-02   4.1803750e-01  -4.5851340e-01  -5.8530942e-03  -5.7867345e-02  -1.1837617e-01  -4.7586651e-02   2.0103834e-01  -2.9101183e-01   1.1156958e-02  -1.0485233e-02   7.0009997e-02  -3.0440859e-01   1.7265433e-01   5.5597478e-02   2.7176829e-01  -1.3009190e-01   1.2666406e-01   1.8504829e-01   2.7017973e-01  -3.7392152e-01   3.0041115e-03  -1.2958119e-01   1.5053040e-01   1.5078345e-01  -8.3212156e-02   2.4147892e-01   9.3056331e-02   1.2701053e-01  -5.0165095e-02  -3.3351806e-01  -3.1197867e-01   3.2875800e-01   4.1319847e-02   4.2054291e-01  -5.2327988e-01   1.6165222e-01   4.5196675e-01   3.0731349e-01  -2.0414056e-01   5.9918402e-02  -1.5015085e-01  -4.3337568e-02  -1.6763271e-01  -9.3469105e-02  -1.7148891e-01  -9.5719913e-02   4.0310529e-01   9.3428162e-02   9.0333627e-02  -6.7527011e-01   1.0893748e-01  -9.7759839e-03  -6.0936938e-02  -8.8870069e-02   6.7593933e-01  -1.6050853e-01   6.2602157e-02  -1.5819665e-02   3.2080577e-01   8.7584789e-02  -2.2951625e-01   1.5144056e-01   5.7472696e-02  -1.3023361e-01  -2.2058933e-01  -2.4959933e-01   8.6257869e-02   3.6974013e-02  -1.7536710e-01  -2.1610171e-02   4.6740515e-01  -1.1537479e-02   1.3276502e-01  -3.6441059e-01  -3.7492658e-02   3.6090927e-01   2.4430040e-01   3.3408661e-02  -1.5098412e-01   2.7548073e-01  -4.4308819e-02   5.2242053e-02  -2.0867583e-01  -1.8570631e-01   1.3242650e-01  -8.5843825e-02   1.2318736e-01   1.7180542e-01  -3.4657261e-01  -1.6695735e-01   3.2274016e-01   1.6732386e-01  -1.6847690e-01   4.8061966e-01  -1.1059302e-01  -2.4288681e-01  -3.0310453e-02  -4.4194248e-01  -9.3107645e-03   2.2843244e-01   1.8630284e-01  -1.7671645e-01   1.1246184e-01  -1.1881327e-01  -2.4765676e-01   1.5955930e-01   3.0738632e-01   2.9072738e-01  -3.2488326e-01  -5.0989642e-03  -8.3593037e-03   6.0501843e-02  -8.4114362e-02   1.4829976e-01  -7.3453503e-02  -2.0616062e-01  -2.3088596e-01   3.7077411e-01   1.6873724e-01   1.1200723e-01  -1.1044704e-01   2.1452810e-01   5.2928515e-02  -2.5196768e-01  -3.1490890e-01  -3.0205430e-02  -2.4347675e-02   1.1878885e-01   1.4791171e-03   4.9574782e-02   4.8654713e-01  -3.0960549e-01  -6.3464587e-02   2.0958992e-01  -2.4752952e-01   3.5384467e-01   7.7924824e-02  -2.1775269e-01   4.8561263e-01  -1.3143070e-01  -3.4331331e-01  -1.6208886e-01   2.4437181e-01  -3.4098277e-01   7.5833229e-02  -7.1483307e-02  -4.5165436e-01  -1.6570129e-01   1.0067795e-02   7.4676457e-02  -5.1167603e-01  -2.1932997e-01  -1.8288109e-01   4.6816524e-01   1.8583779e-01  -2.8260878e-03  -3.5251750e-01   4.0278346e-02   1.2191903e-01   2.2258668e-01  -6.5321080e-02
  -4.2786089e-01   4.2786597e-01   0.0000000e+00  -1.2359778e-01   1.0573152e-01   3.0022836e-01   1.6869136e-01   1.6002983e-01  -1.7042218e-02  -1.6003360e-01  -4.8877371e-01   5.9200144e-01   8.5065660e-02  -2.8037745e-01  -2.6549589e-01   2.3419094e-01   6.1095374e-01  -3.9168173e-01  -4.5553360e-02   2.6962533e-01  -1.0701633e-01  -2.4297878e-01   4.3527770e-01  -5.1726533e-01  -9.9613221e-02  -5.0871108e-02   2.9422945e-01   1.1820329e-01   9.2406154e-03  -1.1455664e-01   4.1222259e-02  -2.8827002e-01   1.9992124e-01   3.7204826e-01   3.0433416e-01  -1.9812225e-01  -3.7378121e-01  -1.3811031e-01   2.5373806e-01   6.6094914e-01  -8.8415397e-02   2.1256194e-01   8.9948795e-02   6.2478741e-02  -2.8380456e-01  -4.5930726e-01  -2.4057294e-01   6.0272450e-02  -2.7279500e-01   6.5529193e-01  -4.6984022e-01   8.8901049e-02   3.8839514e-02   4.5734597e-01   1.7997957e-02  -4.9675005e-02   5.4124484e-02  -3.1334701e-01  -4.1669300e-01  -2.1979814e-01  -5.2206454e-02  -6.9125045e-02   4.1602034e-02  -1.3507692e-01  -1.7917023e-01  -4.1722563e-01   3.2570647e-01   2.1282921e-02  -2.3240225e-01   4.1675494e-01   3.7982841e-01  -3.9592855e-01  -9.9610673e-02  -1.2196804e-01   2.4233610e-01  -1.1751512e-01  -2.3480449e-01   1.2417554e-01  -6.6964779e-03  -2.6186995e-01   1.0617200e-01  -1.4965300e-01   1.7175302e-01   8.4379979e-02  -2.9490198e-01  -1.9592859e-01   1.3219518e-01  -2.7330387e-01  -1.0239147e-01  -5.0731166e-01  -3.6065758e-02   7.3710299e-01   4.9456032e-01   1.0934210e-02  -6.8261828e-02   3.8283948e-01  -2.0531600e-01   1.2576270e-01  -2.9262103e-01  -2.1826422e-01   1.5051748e-01  -3.3523387e-01   4.2882948e-02  -9.3827319e-04  -3.6314697e-01  -1.9337216e-01   2.4460452e-01   8.8753786e-02   3.4902332e-02   1.6767093e-01   2.5928580e-01  -3.3427971e-01  -2.8194610e-01  -3.8842064e-01   2.8009655e-01  -5.8667204e-02   2.2174714e-01  -1.3846841e-02   2.8674007e-01  -2.9240463e-01  -3.7651434e-01   3.5922170e-01   3.4897333e-01  -1.5744201e-01  -4.4598391e-01  -1.1331739e-01  -9.9194537e-03   4.4815086e-02  -2.9148869e-01   5.4491028e-01   2.2301262e-02  -3.1193065e-01  -3.4562358e-01   2.1076542e-02  -9.6003046e-02  -7.6798496e-02  -1.3723709e-01   3.2382548e-01  -1.4895459e-01  -2.9595184e-01  -2.5002482e-01  -1.9041821e-01  -1.6969180e-01   5.7086109e-01   1.5578783e-01   5.8306646e-02   7.0210319e-01  -3.3107816e-01   3.8397410e-01  -8.5679777e-02  -3.6310836e-01   2.1212869e-01   1.2406056e-02  -1.9149560e-01   7.9968765e-01  -3.9632585e-01  -4.8038994e-01  -1.9460308e-01   3.2711837e-01  -2.1596562e-01   6.9948470e-02  -8.6708173e-02  -4.1327631e-01  -3.1494997e-01  -1.5328134e-01   2.1501864e-01  -3.3119884e-01  -2.5442509e-01  -2.3622111e-01   3.0697130e-01   3.0167582e-01  -1.6944095e-01  -4.9332914e-01   2.4182937e-01   1.5833900e-01   1.5823917e-01  -1.3015523e-01
   1.3715944e-02  -5.2109178e-02  -1.2359778e-01   0.0000000e+00  -7.9305964e-02  -4.6226863e-02  -2.9377286e-01  -3.5177127e-01   1.1557683e-01   1.1058996e-01   4.0497557e-01   6.4093747e-02   2.3207014e-01   3.0717472e-01   2.0676276e-01   2.0196808e-01   2.7901326e-02   4.1283552e-01  -2.1459562e-01   4.6583090e-02   1.0532225e-01   7.0242903e-01   1.3414045e-01   1.8761616e-02  -4.4013002e-01   2.2689032e-01  -2.0223692e-02  -1.0963917e-01  -6.5144055e-02   2.6203873e-02  -8.1986125e-02   3.7226973e-01  -2.0995459e-01  -8.0285192e-02  -1.6056947e-02   1.3814060e-01   1.2321543e-01   1.2076154e-01   1.8483632e-01  -3.7698996e-01   1.7189239e-01  -3.9525632e-02   3.9910953e-01   2.6416475e-01   2.8994150e-01  -1.6280642e-01   3.8387848e-01  -3.4344342e-01   1.7296247e-01  -3.1396733e-01   3.4781723e-01   1.0778806e-01  -2.3772349e-01   3.3522085e-01   2.1000636e-01   3.7601931e-01  -2.6029652e-01   5.4059922e-01   4.7818630e-01   4.2026229e-01   3.5810702e-01   2.2892086e-01   2.7501540e-01   1.6122468e-02   1.7240035e-01   6.2513729e-02  -4.7867159e-02   4.1298390e-01   2.9068986e-01  -1.5361441e-01  -3.1929865e-01   5.8812361e-01   3.2895976e-01   1.0584626e-01   3.3312083e-01   3.2173930e-01  -8.7841912e-02   1.8577454e-01  -1.8028869e-01   6.1946205e-01   5.1170103e-02   8.6393178e-02  -9.6177186e-02  -3.1485356e-02  -1.4041473e-01   2.5828946e-01   1.5993987e-01   3.0720091e-01  -3.6970586e-01  -4.6752245e-02  -1.5599476e-01   1.6761616e-02  -2.2217948e-01   3.0765362e-01  -3.5282889e-02   3.2573792e-02   6.9897156e-01  -7.4575641e-02   3.8538271e-01   2.8286930e-01  -2.4952867e-01   2.8814983e-01  -1.5495589e-02   2.3169601e-01   3.8134934e-01   1.5678446e-01   1.6445688e-01   2.4422266e-01   1.8916157e-01  -2.3648972e-01   1.5447853e-01   4.0486873e-01   7.2149324e-01  -1.6090659e-01  -1.1934515e-01  -1.9405042e-01   3.3120197e-01   2.5814726e-01  -1.9163998e-01   5.5568947e-01   2.9978223e-01  -1.0467753e-01   1.5142891e-01  -7.4351437e-02  -2.0324057e-01   3.9900024e-01   3.2687177e-01   2.2736609e-01   6.3117663e-01  -3.2217479e-01   7.0533692e-02  -1.7380192e-01   6.3195108e-02  -5.1829958e-02   5.7723005e-01  -1.7424774e-01   4.3688435e-01  -2.2616772e-01   3.0617385e-01  -1.8322063e-01   1.2241468e-01   1.4333824e-03   1.9328962e-01  -1.1981710e-01   3.8079444e-03   3.6106551e-01  -2.3688392e-01  -2.1903970e-02  -2.7767302e-01   1.6373336e-01  -1.0168196e-01  -1.6090600e-01   2.2577955e-01   2.0871760e-03  -3.5907982e-01   1.9939499e-02   1.7288588e-02   3.9294663e-01   2.9221451e-01   1.9155073e-01   3.0869227e-01   3.2393263e-01   7.4212052e-02   5.9242362e-01   6.2777053e-01  -1.8427409e-01   1.1491797e-01  -2.4054686e-01   6.3751400e-03  -2.5747134e-01  -2.0154587e-01  -1.0998269e-01   2.8938747e-01  -3.3247302e-01   4.2065181e-01  -1.7500470e-03   5.8084502e-01
   1.7784758e-01   1.2239354e-01   1.0573152e-01  -7.9305964e-02   0.0000000e+00  -2.2091486e-01   1.5377069e-01  -2.2863689e-01   2.3347910e-01   1.9691105e-02  -2.7482713e-01   2.5428742e-01   9.8437988e-02   1.1251243e-01  -2.2631965e-01  -2.3646408e-01   4.3659040e-01  -1.1609359e-01  -2.4064525e-01   7.0388474e-01  -3.0948805e-01  -1.8439369e-01  -5.4374670e-02   1.7364401e-01  -1.0954547e-01  -1.8212097e-01   4.6954892e-01  -4.1644537e-01  -1.0050590e-01   1.6755855e-01  -1.5143263e-01  -2.3137023e-01  -1.6985532e-01   2.3911666e-02   5.2081750e-02   3.2973384e-01   3.0988337e-01   1.0202926e-01  -4.2205172e-02  -4.0584445e-02   9.8913168e-02  -2.1961249e-01   2.3801114e-01  -2.7490895e-01   3.6080712e-01   1.1210390e-01  -1.6087807e-01   2.8699134e-01   2.6188403e-01   1.6842963e-01  -7.2806186e-02   1.6924688e-02   5.3516163e-02   2.7117114e-01   7.0107326e-02  -4.7807125e-01  -2.1206636e-01  -1.7930564e-01  -2.9505342e-01  -1.5706767e-04   2.1425979e-01   3.3644399e-01   1.2396118e-01  -3.1157900e-01   2.8477780e-01  -9.3513780e-02  -1.3260678e-01   1.8467322e-01  -2.3579252e-01  -2.7034341e-01   2.5084118e-01  -1.4176747e-01   2.6431631e-01   4.0615634e-02   1.9780818e-01  -1.5109931e-01   1.2778942e-01   6.9817579e-03   7.4148240e-01  -7.4043899e-02  -4.8471995e-01   9.6680648e-02  -3.6600482e-01  -3.4800226e-01   1.7689383e-01   6.9014580e-03   2.8277249e-02   1.4138592e-01  -7.9974196e-02   3.1951089e-02   6.7533387e-01   1.8523272e-01   2.1237964e-01   1.9823696e-01   1.2033846e-01   6.1887547e-01  -6.6553370e-02  -1.4646150e-01   3.2849339e-01   2.3529102e-01  -8.1587264e-02  -1.4393650e-01  -4.1041361e-01   9.2994635e-02  -2.2329399e-01   4.7677072e-02   2.0043805e-01  -2.6926681e-01   2.6824637e-01   3.9960447e-01  -4.3622076e-01  -2.8414659e-01  -1.9935082e-01   9.3370291e-02  -3.9223058e-01   6.3353552e-01  -8.8456577e-02   2.5436094e-01  -4.1647227e-01  -2.1500989e-01   6.5631115e-02   6.6418629e-01   1.9308536e-01   1.0331003e-02   3.8189248e-02   3.2202002e-02  -8.4418017e-02   3.0169145e-01  -1.3816746e-01  -1.6396215e-01   9.6968730e-02   8.0943384e-02   3.4273020e-01  -1.1645322e-02   1.6418596e-02  -1.1097333e-01  -1.0131890e-01  -4.4559259e-01  -1.2518022e-01   8.8176393e-02   1.1148073e-01   2.8797388e-01  -3.5883814e-01  -3.7651213e-01  -1.4338935e-01  -2.2873573e-01  -2.9974681e-02   2.8045776e-01   8.5066027e-02   7.8712092e-02  -1.2199724e-01  -3.7969596e-01   8.5822913e-02  -6.0394046e-02   1.3974671e-01  -4.2551683e-02  -1.1353400e-02  -2.7303021e-01   2.3150027e-01  -3.0734904e-01  -6.6865618e-02  -3.5957745e-01  -3.0018579e-02  -2.2519811e-01  -3.2497985e-02   5.4066035e-01  -6.2979518e-02   4.7409206e-02  -2.9665633e-02   1.7722026e-01   4.5705233e-01  -2.7801996e-02   1.1840315e-02  -3.4520482e-01   3.3749208e-02  -1.7780487e-01   1.6544267e-01
  -1.9276848e-01  -2.0220095e-01   3.0022836e-01  -4.6226863e-02  -2.2091486e-01   0.0000000e+00   1.8332096e-01   1.7022631e-01  -3.7652467e-01   4.7361167e-01  -9.3465324e-03   4.7041411e-02   2.0092526e-01  -1.5119559e-01   1.4914630e-01   3.1170527e-01  -1.7846705e-01   1.0157118e-01   3.8181632e-01   1.3821632e-01   1.2250680e-01   6.4743242e-02   1.0296280e-01  -3.0905398e-01   2.6586604e-01  -1.6886692e-02   1.2920919e-01   3.6761511e-01  -2.2598595e-02  -1.2271412e-01  -1.4757101e-01  -6.9298131e-03   1.5382269e-01   1.8645561e-02  -1.6414421e-01   2.6056840e-01  -4.4056453e-01  -1.8327351e-01   1.6681202e-01   5.2514846e-01   1.6723694e-01   5.5369481e-02  -3.5115668e-01  -8.7152569e-02  -4.4490175e-01  -2.1824212e-01   4.6368542e-01  -4.3269085e-01  -3.4905217e-01  -5.5670890e-03   2.3445894e-01  -2.9688700e-01  -4.4037107e-01  -1.0159587e-01   5.2870860e-02   8.0330120e-02   5.1220212e-01  -4.7124905e-02   1.4128898e-01  -1.1324472e-01  -1.5735180e-01  -1.1198769e-01  -3.7525696e-01  -9.2754100e-02  -4.1878303e-01   4.1323746e-01   6.3717756e-01  -1.2108675e-01   3.2565230e-01   6.9545473e-01  -3.2670057e-01  -3.4269754e-02  -1.2729821e-01   9.3486680e-02  -1.9064166e-01   6.3918208e-02  -1.9807109e-01  -3.2833526e-01  -3.0998849e-01  -1.2370928e-01   4.2855666e-01   3.4073602e-02   2.0612360e-01   9.9798339e-02   6.3777501e-02  -1.7671661e-01  -1.7028844e-01  -1.1880319e-02  -2.0218501e-01  -1.5889554e-01  -2.4962229e-01   9.1481052e-02  -1.1316545e-01  -4.0594873e-01  -1.3038827e-01  -2.0773507e-01   2.4643220e-02  -2.7533918e-01  -4.5743299e-02  -2.8022379e-01   1.1640392e-01  -2.0824213e-01   3.9923210e-01  -2.5976115e-01   7.1772598e-02  -6.2341568e-02  -2.9370964e-01  -2.8741157e-01  -1.2569202e-01  -5.3747135e-01   4.3933214e-01   3.8765530e-01  -7.0610025e-02  -6.9999278e-02   2.7417857e-01  -5.1750888e-01  -3.0386391e-01   2.9830385e-02   3.0750253e-01   3.8430537e-02  -1.4566745e-01  -1.8079564e-01  -1.2957165e-01  -3.4671499e-01  -1.9225612e-01  -2.5777004e-01   3.1605013e-02  -3.3096451e-01  -1.9889422e-01   5.6614619e-01   1.7355430e-01  -2.6881710e-01  -3.2648087e-01  -3.2220426e-01  -2.9709611e-01   2.1137501e-01  -1.4409656e-01   2.0199547e-01   1.4321731e-02  -2.4586289e-01  -2.2813835e-01  -3.1410794e-01  -1.0564289e-01   5.6840441e-01   5.4670175e-02   1.1757939e-01   5.5120094e-02   1.9347492e-01   3.2950377e-01  -2.7065388e-01   1.2719918e-02   6.5018906e-03  -1.8254473e-01  -1.1240329e-01   1.6392490e-01  -2.3032588e-01  -2.1690966e-01   2.8330011e-01  -3.0687859e-01   3.4159834e-01   3.3012630e-02   3.2178079e-02   7.1797112e-03   3.8042114e-02  -1.4549197e-01  -3.3508923e-01   1.4375328e-01  -7.0885995e-02  -2.0767301e-01  -3.3152644e-01  -2.8515961e-01  -1.1463975e-01  -1.6254905e-02   5.1964344e-01  -1.9609786e-01   5.7052630e-02  -3.1058066e-01
  -9.4476675e-02  -1.4990979e-01   1.6869136e-01  -2.9377286e-01   1.5377069e-01   1.8332096e-01   0.0000000e+00  -8.4065176e-02   7.4063347e-02   2.4361168e-01  -3.3565036e-01   5.1270716e-01  -4.8284748e-03  -1.8606885e-01   1.8776566e-01   6.0769308e-02  -5.0512430e-02   6.3170060e-02  -1.7613101e-01   1.6893556e-01  -1.9541923e-01  -3.8761425e-01   1.8217390e-01  -8.2201030e-02  -8.8812479e-03  -1.7033319e-01   4.5862282e-01   1.7550258e-01  -1.6471325e-01   3.0626813e-01  -1.2340822e-01  -3.1375156e-01  -8.6124944e-02   6.1318021e-01   5.4693030e-01   6.6811178e-02   1.1485342e-01  -3.6741629e-01  -6.4286696e-02   2.3229467e-01  -1.7851593e-02  -5.4645959e-02   2.4590785e-01  -1.7208218e-01   1.8098068e-01  -1.7852721e-01  -2.1159104e-01   3.7001881e-01  -2.7421132e-01   9.7744918e-02  -8.2272585e-02  -3.4706148e-02   2.0006269e-01  -9.7910087e-02  -1.3011869e-02  -1.6263491e-01  -9.3154577e-02  -4.2973283e-01  -2.6755149e-01   4.5899968e-02  -1.8321640e-01   1.7193376e-01  -1.1412960e-02  -3.2085980e-01  -2.0439009e-02   2.2035215e-01   1.4078402e-01   2.9938563e-02  -2.7937723e-01   1.3596393e-01  -2.2683930e-02  -2.9129508e-01   4.9039414e-02  -3.0947902e-01  -3.5515386e-02  -2.7615043e-01  -2.3061573e-01   5.8815385e-03   3.9061246e-01  -3.2782336e-01   2.6872367e-01   1.9086519e-01  -1.7755670e-02  -1.5839936e-01  -2.7829572e-01  -1.3140669e-01  -1.5337612e-01  -2.5205041e-01  -6.5291052e-02  -1.9826982e-01   2.2524261e-01  -1.9496982e-01   6.0713344e-01   1.0750768e-01  -2.3508603e-01  -2.9934778e-02  -2.3545898e-01   5.7685417e-02   1.1106943e-01   2.4255644e-01   4.2857952e-03  -5.7989271e-02  -2.2108258e-01  -1.9927113e-01  -1.5788502e-01  -1.6008634e-01  -2.7803253e-01  -3.7077128e-02   1.7753052e-01   1.2894216e-01   2.3399248e-01  -2.1913307e-01  -3.5729524e-01  -1.7400372e-01   2.9862219e-01   1.3517559e-01   7.9647681e-02   1.7111321e-01  -1.1706098e-02  -3.7969844e-01  -2.5864548e-01   3.2569762e-01   1.4562962e-01  -1.4525891e-01  -1.7618033e-01  -1.7747782e-01   2.1369483e-01  -8.7553175e-02  -4.1938594e-01   1.1320789e-01   5.9619468e-02   3.2496945e-01  -1.2576880e-01  -8.4729048e-02  -2.5507995e-01  -1.7275555e-01  -2.0074021e-01  -3.9819828e-02  -1.8095782e-01  -1.8858944e-01  -7.2815143e-02  -6.8063136e-03  -2.5349220e-02   2.7129354e-01   2.9831781e-01  -3.8760708e-01   3.2993698e-01   1.7018880e-01   6.8039817e-01  -1.5647964e-01  -5.2778671e-02  -1.4746170e-02  -2.4086360e-01   5.4596851e-02   2.9860586e-01  -3.1819867e-01  -3.3914031e-01  -1.2443489e-01  -2.2787804e-01   2.9062923e-01  -1.9470504e-01  -1.1478903e-01   2.0702155e-01  -4.1785894e-01  -4.0983041e-01   3.9694091e-01   3.1853180e-01   1.7859127e-02  -2.0331809e-01   9.0933741e-03   4.7792337e-01  -3.1123043e-01  -7.2601290e-02  -1.0182597e-02  -4.6015764e-02  -1.8774031e-01  -1.5765624e-01
  -1.6784222e-01   1.9176450e-01   1.6002983e-01  -3.5177127e-01  -2.2863689e-01   1.7022631e-01  -8.4065176e-02   0.0000000e+00  -2.7876132e-01  -2.5182882e-01  -8.4310717e-02  -1.2632291e-01  -1.4609120e-01  -1.6530106e-01   4.1851290e-02  -2.5624560e-02  -2.0856996e-01  -3.3154813e-01   5.7596532e-01  -2.2034590e-01  -5.7952515e-02  -3.4462108e-01  -2.8560930e-02  -1.1541061e-01   3.9048792e-01   2.3743215e-01  -2.6844252e-01   3.3517767e-01   1.9848929e-01  -3.2404051e-01   1.3147935e-01   5.6697486e-02   3.6881714e-01   2.0030126e-02  -7.4566968e-02  -3.9864360e-01  -2.8448014e-01  -1.3163541e-01   6.9406136e-02   2.5658449e-01  -1.5085130e-01   3.5083925e-01  -3.9473663e-01   3.7602185e-01  -4.0744174e-01  -7.2327032e-02  -1.3767459e-01  -8.0962098e-02  -2.1924912e-01   1.5957356e-01  -2.4831193e-01   2.7951752e-01   4.4700306e-02  -5.2107151e-02  -6.3925666e-02   2.0554366e-01   4.3811870e-01  -1.9083010e-01  -8.0589998e-02  -2.9179827e-01  -4.3910144e-01  -4.2135585e-01  -1.3525861e-02   3.9764781e-01  -3.1954791e-01  -1.9898104e-01   2.3643606e-01  -4.2893759e-01   6.1485488e-02   3.9604993e-02   2.3148829e-01  -2.8726536e-01  -3.2896875e-01  -3.5500788e-02  -2.3358996e-01  -1.2385243e-02  -3.2350505e-02   2.5358060e-04  -2.6631247e-01  -2.6438175e-01   1.7337499e-01  -2.0146384e-01   2.3174147e-01   6.3980262e-01   5.7267045e-02  -1.3801322e-01  -1.4742294e-01  -7.6045447e-02   1.9552729e-01  -2.1673209e-02  -2.5279413e-01   8.0328256e-02   6.2864020e-02  -3.9754161e-01  -7.5905225e-02  -1.5178234e-01  -2.3579093e-01   3.6506692e-01  -3.8263242e-01  -4.2919168e-01   4.1822007e-01   1.9820111e-01   2.0371373e-01  -1.6375814e-01  -1.3457489e-01   1.7266173e-01  -7.5768809e-02   2.8241422e-01  -2.5177761e-01   9.9691458e-02   6.2896025e-02  -1.3207893e-01  -2.5731048e-01   8.9997298e-03   3.2504039e-01  -2.1894075e-02  -1.1463306e-02  -3.6776201e-01   3.9246575e-01   3.5368212e-03  -2.3008951e-01  -1.8994012e-01  -2.4067057e-01  -3.3706632e-02   1.1250947e-02  -2.2469687e-01  -1.6335413e-01  -1.4714339e-01  -2.0691827e-01   1.6282586e-01  -2.5819316e-02  -1.6377204e-01  -2.6651500e-01   7.5642401e-02  -2.1676666e-01   5.1433254e-01  -1.5102118e-01   3.7158593e-01   1.4338175e-01  -1.9010414e-01  -1.6307119e-01  -3.4182793e-01   3.2946623e-01   3.0855878e-01   3.2476743e-02  -2.5563292e-02   2.8064177e-01  -1.7575597e-01   5.3397051e-02  -1.1532546e-01   3.1182438e-01   3.9283110e-01   5.2679471e-03  -1.2036323e-01   2.4578811e-01   9.8759443e-03  -8.3993309e-02  -1.3352872e-02  -2.8623689e-01  -4.3436752e-02  -6.2877907e-02   2.8448880e-01  -2.5386399e-01  -3.0533007e-01  -1.3854477e-01  -2.2282414e-01  -2.2257694e-01   2.7292973e-01   1.0911467e-01   1.3485975e-01  -1.8933839e-01   3.9476932e-02  -3.9489390e-01   6.0868232e-01  -2.6604924e-01   1.5156963e-01  -3.4573785e-01
   1.5476125e-01   1.9222645e-01  -1.7042218e-02   1.1557683e-01   2.3347910e-01  -3.7652467e-01   7.4063347e-02  -2.7876132e-01   0.0000000e+00  -4.5082164e-02  -8.9930338e-02   1.5001930e-01  -2.5165495e-02   2.1042883e-01  -1.3817545e-01  -1.5677878e-01   3.0532814e-01   5.6569872e-02  -4.0577625e-01   9.5692360e-03  -5.6472443e-02   1.0602879e-01   1.0672159e-01   2.4428370e-01  -2.9061485e-01   2.8857754e-02   2.0548375e-01  -3.0784757e-01  -2.7831752e-01   4.3136408e-01   5.6100448e-02  -1.3679948e-01  -3.1396675e-01   1.2700660e-01   3.4549646e-01   1.5848091e-03   3.6857405e-01   1.2688576e-01  -6.3889886e-02  -1.3540336e-01  -9.7801521e-02  -2.3960722e-01   5.4815148e-01   2.4494817e-02   4.9676822e-01  -1.7675710e-03  -3.0367478e-01   4.7778684e-01   1.9678153e-01  -1.0642807e-01  -2.0138028e-01   3.3391768e-01   5.4892702e-01   2.4154226e-01   1.1917189e-01   9.5051922e-02  -2.8920689e-01  -1.8331265e-02  -1.7995055e-01   3.5061854e-01   1.8576923e-01   2.5602047e-01   5.1039878e-01  -1.1324751e-01   7.6367805e-01  -1.6656984e-01  -1.9799990e-01   3.6961015e-01  -3.0765253e-01  -2.9705364e-01   1.9215614e-01   1.0301559e-01   3.1399751e-01   5.1913381e-02   1.9509990e-01  -2.0355548e-01  -9.6607930e-02   4.2295822e-01   3.3734239e-01   1.3062787e-01  -2.2803141e-01  -6.8746012e-02  -1.5331469e-01  -1.0886536e-01  -2.1150346e-01   9.1399693e-03   4.8895317e-01   2.5885518e-01   1.0456457e-01   9.4317795e-03   4.7106037e-01   1.3273743e-01   1.8144318e-01   6.9685483e-01  -1.1129349e-02   2.4074988e-01   1.0784565e-01   1.7074467e-01   2.7334091e-01   2.5186318e-01  -7.0438871e-02   1.2020118e-01  -3.8929835e-01   5.2477339e-01  -2.2325580e-01  -9.4852437e-02   2.8321778e-01   1.6983208e-01   1.7583970e-01   4.0694291e-01  -9.1252604e-02  -2.0826966e-01   1.3930578e-01  -8.5757990e-02  -1.1217431e-01   3.8118849e-01   4.6017520e-01   2.0438627e-01  -3.3940004e-01  -9.4448627e-02   1.2648411e-01   2.4310479e-01   4.7581020e-01   2.9989727e-01   7.7109658e-02   3.2025428e-01  -9.2896710e-03   2.2054950e-01   1.0766994e-01  -1.9601212e-01  -2.1273227e-01   2.0562319e-01   2.0232291e-01   2.2782423e-01   3.9564337e-01  -3.7164383e-01  -6.6130877e-02  -1.1783821e-01  -4.0828473e-02   1.7916236e-01   2.5870152e-01   9.5020093e-02  -3.5121239e-02  -3.6927136e-01  -7.9102971e-02  -2.1379689e-01   4.8725018e-02  -7.4521713e-02   4.9848352e-03   2.6924142e-01   5.9449463e-02  -1.0502018e-01   1.6778590e-01   1.6466382e-01   4.6513629e-02   1.5370101e-01  -1.2836344e-01  -1.0723955e-01   3.5453469e-01  -1.8214007e-01   9.6357051e-03  -5.7154482e-02   8.1769993e-02  -1.1710691e-01   2.1908083e-01   1.9686826e-01  -2.5089540e-02  -1.8248769e-02   4.8828804e-02   1.3874084e-01   3.4438674e-01  -1.6701872e-01   1.9492037e-01  -3.5070123e-01   1.6851373e-01  -2.1293141e-01   3.6973500e-01
   2.1088082e-01  -5.6322158e-01  -1.6003360e-01   1.1058996e-01   1.9691105e-02   4.7361167e-01   2.4361168e-01  -2.5182882e-01  -4.5082164e-02   0.0000000e+00   4.3461415e-02  -1.0743618e-01   2.5941592e-01   8.6543207e-02   1.8677338e-01   1.9880230e-01  -1.7537360e-01   3.5043125e-01  -2.8956728e-02   3.0602299e-01   2.6705091e-01   1.5146926e-01   1.5509848e-01   7.0081320e-02  -5.6044232e-02  -1.8910715e-01   1.4049802e-01   2.3333412e-01  -2.1132461e-01   1.4143142e-01  -2.4323690e-01  -1.0602305e-01  -4.1697086e-01   1.5190498e-02  -1.2645120e-01   6.6397969e-01   4.7534204e-02   1.0141278e-01   1.8670277e-04   3.3840743e-02   2.6226108e-01  -5.2516555e-01   2.8431428e-02  -2.1981927e-01  -1.5482660e-02   4.5354400e-02   3.8772166e-01  -2.1012448e-01  -2.4713075e-02  -3.8345670e-01   4.2741785e-01  -3.2562182e-01  -2.3099264e-01  -1.7522438e-01   1.3187507e-01  -2.8938449e-02   1.6816184e-01  -5.9240923e-02   2.0790363e-01   1.7547396e-01   2.0368289e-01   2.2701133e-01  -3.0233552e-01  -2.9476049e-01   3.6863669e-02   7.6776974e-01   2.3091550e-01   2.6754686e-01   1.0260388e-01   3.4488181e-01  -5.3256706e-01   1.5037489e-01   2.8093879e-01   5.7360599e-02  -1.5858348e-01  -1.6649521e-01  -2.1282899e-02  -1.9092807e-01   2.6605024e-02   1.2683805e-01   2.6496015e-01   3.2300944e-01   2.3239349e-02  -2.1529798e-01   2.4693409e-02  -1.5469966e-01  -1.5342349e-01   1.5591320e-01  -3.5582243e-01   1.7321700e-01   5.0169037e-02  -2.9878969e-01  -1.6499279e-01   5.6359725e-02   7.1334367e-02  -1.1711265e-01   1.5831134e-01  -3.3393887e-01   3.7185547e-01   2.3493679e-01  -1.2747553e-01  -1.7021968e-01  -3.2781805e-02  -8.9281646e-02   1.4186418e-01   2.9789382e-03  -2.5109811e-01  -3.4842913e-01   2.9714005e-01  -4.2430946e-01   3.0712205e-01   3.2281544e-01   4.3767585e-02   1.7573126e-01   1.1003980e-01  -2.3143071e-01  -1.7826242e-01   4.0646230e-01  -1.1983998e-01  -1.1262092e-01   6.1658602e-02  -7.6936947e-02  -7.2928889e-03  -1.1027121e-01  -3.2430621e-02   2.4429739e-02   6.3681085e-02  -1.9463636e-01  -1.0067544e-01   1.5725707e-01   1.9896400e-01   2.7242672e-01   1.8111397e-01  -1.3637982e-01  -1.1445784e-01  -1.6815233e-01  -1.6796815e-01  -9.0996238e-02  -1.5798485e-01   5.0401617e-02   1.2910695e-01   1.8381143e-02  -1.8377004e-01   6.8162782e-02   2.1431690e-01   1.4853092e-03  -3.2549259e-01   4.4618959e-01   2.5460419e-01   9.5185678e-02   1.0126230e-01  -2.6645795e-01  -2.4678682e-01   4.3665500e-02  -2.8991550e-01  -5.2040216e-02  -5.8873330e-02   2.1574979e-01  -3.0248893e-01   4.3113551e-01   2.1493002e-02  -1.0040760e-01   5.8158974e-01   6.9844779e-02  -9.8588013e-02  -2.3382942e-02   4.4670486e-01   6.0852315e-02  -2.4565068e-01  -3.1177297e-01  -1.3344318e-01  -9.7795272e-02   3.5907710e-01  -5.7995481e-02  -1.0672205e-01  -4.1264709e-01   1.8834937e-02
   1.6156902e-01  -2.5003221e-01  -4.8877371e-01   4.0497557e-01  -2.7482713e-01  -9.3465324e-03  -3.3565036e-01  -8.4310717e-02  -8.9930338e-02   4.3461415e-02   0.0000000e+00  -3.6258012e-01   1.7603753e-01   3.1207575e-01   4.5872149e-01   5.1475182e-02  -3.9669565e-01   6.0983545e-01   5.3145115e-02  -3.1101909e-01   1.4105123e-01   5.0343353e-01  -3.5737317e-01   1.9655046e-01   3.7686901e-02   2.5052569e-01  -2.8633481e-01  -1.0193951e-01   2.6707430e-02   1.6224489e-01   2.6221918e-01   7.0029092e-01  -3.7425656e-02  -5.1091968e-01  -4.1409699e-01   1.8342747e-01  -3.4717925e-02  -4.0209686e-02  -6.9296466e-02  -5.4180941e-01   2.6423738e-01   1.0175025e-01  -1.1884292e-01   2.3803392e-01   9.1745575e-02   2.2315920e-01   6.8414573e-01  -4.0505240e-01  -1.1683124e-01  -4.6724574e-01   5.7489097e-01  -3.5089487e-02  -3.3339831e-01  -2.2644098e-01   8.9475200e-02   3.3713879e-01  -1.1466072e-02   6.6455750e-01   6.2020324e-01   2.9233925e-01   9.1875827e-02  -1.1783788e-01  -9.1271426e-02   4.9261855e-01  -3.9235989e-02   3.5123880e-01  -1.1064510e-01  -5.5331112e-02   6.7240666e-01  -9.1862919e-02  -5.1531146e-01   6.2134738e-01   6.3213823e-02   2.8502922e-01  -1.1989353e-01   5.8084359e-01   1.1045286e-01  -9.4902913e-02  -4.0350526e-01   5.1813658e-01   8.9947283e-03  -1.3333465e-01   1.5948343e-01   1.9543306e-02   7.2799526e-02   5.3459756e-01  -2.0932825e-01   1.7449641e-01  -1.6193307e-01   9.7664634e-02  -1.3326447e-01  -2.8087785e-01  -4.6606030e-01  -5.6323002e-03  -6.6945726e-02  -4.5290851e-01   4.1952033e-01  -1.3345080e-02   1.9351022e-01  -1.6463158e-02  -3.6937185e-01   4.8746636e-01   1.5206953e-01   1.0516319e-01   6.1315451e-01   3.9704357e-01  -1.9288215e-01   8.1034657e-02  -2.9440175e-01  -4.7730449e-01   1.2140113e-01   5.4090564e-01   5.1475942e-01   4.9981041e-02  -2.6568491e-01  -3.3373380e-01  -3.8138697e-03   9.2199124e-02  -1.1906218e-01   5.7606796e-01   4.4367167e-01  -4.3664319e-01  -3.3092449e-01  -1.2504432e-01   1.9301315e-01   2.0731408e-01   8.3653640e-02  -1.0083357e-01   6.6810094e-01  -3.3904444e-01   6.7185673e-02   5.7263353e-02   8.9906807e-02  -3.5062294e-01   2.7082029e-01   3.3165520e-01   4.3558743e-01  -3.5669340e-01   5.9598830e-01  -8.0154786e-02   2.4057201e-01  -1.8054405e-01   4.0635353e-01  -2.4173431e-01  -1.1615212e-01   4.4081005e-01  -4.9822754e-01   2.1111896e-01  -3.3090282e-01  -1.0976429e-01   1.4997584e-01  -1.3005498e-01   1.4244718e-01   4.5435931e-01  -6.0156758e-01   2.0920812e-01   3.7497461e-01   4.5231282e-01  -9.8329372e-03   2.3102817e-01   2.5500546e-01   4.6435124e-01   2.8590929e-01   7.1601173e-01   4.3104255e-01  -5.1062281e-01   4.7096272e-01  -8.3656285e-02   1.9375170e-01  -4.3177853e-01  -4.4489770e-01   3.1469476e-02   4.8636759e-01  -2.0314342e-01   2.0668452e-01   1.4230779e-01   2.8754360e-01
  -2.9067941e-01   3.5468560e-01   5.9200144e-01   6.4093747e-02   2.5428742e-01   4.7041411e-02   5.1270716e-01  -1.2632291e-01   1.5001930e-01  -1.0743618e-01  -3.6258012e-01   0.0000000e+00   9.7348217e-02  -7.6211851e-02   1.4389593e-02   1.2410950e-01   4.7589051e-01  -1.3170137e-01  -2.4204638e-01   3.7180499e-01  -2.2851784e-01  -4.6660451e-02   4.5968939e-01  -3.1047262e-01  -3.3400383e-01  -1.3594325e-02   4.6865771e-01  -4.2985650e-02  -1.0922879e-01   1.7746000e-01  -1.3318681e-01  -1.8777955e-01  -1.1508223e-01   6.0586298e-01   6.5289251e-01  -9.0671895e-02   1.1370265e-02  -2.5001760e-01   4.9549807e-02   2.2926927e-01  -2.1703256e-02   5.1955126e-02   4.5145172e-01   1.6039642e-02   2.2675138e-01  -4.2681029e-01  -1.9481632e-01   1.3685327e-01  -2.0004654e-01   3.6927722e-01  -2.6059460e-01   1.2618058e-01   1.0294935e-01   3.3339809e-01   9.5087642e-02  -1.6908479e-02  -1.4180273e-01  -8.2977860e-02  -2.6721862e-01   1.9363969e-01  -5.9009683e-03   2.2691529e-01   1.7895836e-01  -3.0678705e-01   3.9043927e-02  -2.3591818e-01   5.5407567e-02   2.3668914e-01  -1.6640619e-01  -2.5106625e-02   1.9220385e-01  -1.4147313e-01   2.0142275e-01  -1.0303434e-01   3.6057274e-01  -1.2095106e-01  -3.6153467e-01   2.1305015e-01   3.4574565e-01  -1.2145005e-01   2.0107998e-02   1.1821600e-01  -1.0903905e-01  -1.2585864e-01  -3.8524959e-01  -5.4144237e-02   1.1350348e-01  -1.1157215e-01  -2.0336783e-01  -4.3213872e-01   1.4671890e-01   2.8807634e-01   6.6854856e-01   3.6479034e-01  -2.2451251e-01   3.6298852e-01   6.7133208e-04   1.0377795e-01   6.9484142e-02   2.3767366e-01  -9.2955159e-02  -1.3985281e-01  -2.5885238e-01   1.5317668e-01  -1.9275825e-01  -1.7543224e-01   6.5783772e-02   1.4271852e-01   1.8527277e-01   2.4339461e-01   1.5341451e-01  -1.7006175e-01  -1.4936323e-01  -4.4537789e-01   1.1106444e-01   1.5127729e-01   3.4493993e-01   1.9331894e-01  -6.8783391e-02  -2.3296128e-01  -3.0679728e-01   5.5812943e-01   4.2391098e-01  -6.7665304e-02  -4.8598422e-01   1.2889819e-01   3.6695896e-01   1.2697765e-01  -9.0333634e-02   7.5335395e-02   7.7938738e-02  -9.8193543e-02  -1.6431522e-01  -3.5090222e-02   1.4188454e-01  -3.3453534e-01  -1.1498816e-01  -1.0548701e-01  -1.4508808e-01  -3.3054318e-01  -1.8162643e-01   8.2376231e-02  -7.9933548e-02   2.6434740e-01   2.3943587e-01  -1.3973810e-01   5.1773519e-01  -1.7046707e-01   3.9451665e-01  -8.9527817e-02  -3.5089575e-01  -6.8464586e-02  -4.7064555e-02  -1.6883753e-01   5.3333011e-01  -4.4079149e-01  -4.5815264e-01  -1.1519883e-01   2.0386917e-01  -1.1303905e-02   5.4821430e-02  -1.4048899e-01  -2.0019461e-01  -2.1611940e-01   2.1195597e-02   4.5267013e-01  -3.3915099e-02  -2.7090371e-01  -3.3531762e-01   1.2245482e-01   6.0402661e-01  -3.2857343e-01  -2.4522074e-01  -1.2888354e-01   2.7008521e-01  -1.0291440e-01   1.3174348e-01
   6.0426981e-02  -1.0892699e-01   8.5065660e-02   2.3207014e-01   9.8437988e-02   2.0092526e-01  -4.8284748e-03  -1.4609120e-01  -2.5165495e-02   2.5941592e-01   1.7603753e-01   9.7348217e-02   0.0000000e+00   1.1446763e-01   1.3642144e-01   3.5819282e-01   1.2898885e-01   3.7958321e-01  -1.5863733e-01   4.4034270e-01   1.6810413e-01   2.2547705e-01   5.1186024e-02   5.8453987e-02  -1.1538241e-01  -1.4728283e-01   1.9147419e-01  -7.8208712e-02  -2.2631150e-01   4.3914010e-02  -2.4132442e-04   1.3881187e-01  -9.5194460e-02   1.7479525e-02  -1.1038373e-01   5.1520376e-01  -1.0804197e-01   3.3232931e-02   3.0578865e-01   1.6342073e-02   6.6171268e-01  -2.9972447e-02   5.1262483e-02  -1.8840312e-01   1.2805170e-01  -9.9525708e-02   4.3190080e-01  -1.9692423e-01  -2.7786647e-02  -5.5453153e-02   3.1499184e-01  -2.2691228e-01  -2.4537781e-01   1.4875437e-01   1.4663062e-01  -5.7587766e-02   6.9348680e-03   9.2878468e-02   2.8348123e-01   3.7588919e-02   1.5955356e-01   2.5672769e-01  -1.0948957e-01  -5.6251681e-02   5.0608474e-03   2.4566543e-01  -6.7129961e-02   1.9595578e-01   2.4610390e-01   4.4912596e-02  -1.7058687e-01   2.2994599e-01   4.3119426e-01  -1.5876693e-02   1.4283060e-01   1.4567678e-01  -1.3749528e-01   2.6603034e-02  -2.9812839e-02   3.8220174e-01  -7.5805642e-02   2.2961703e-01  -1.4542484e-01  -3.1529152e-01   1.4212628e-02   2.0761206e-02  -1.4763136e-02   5.8044889e-02  -1.2564762e-01  -8.2328290e-02   5.4105035e-02   1.5651230e-02  -2.8594752e-02   1.4333904e-01   1.7714882e-02   1.9769261e-01   4.2120721e-01  -2.6882267e-01   4.7260274e-01   1.3226535e-01  -2.8153319e-01  -1.2165017e-01   6.2774553e-03   8.6381997e-02   1.2399898e-01   4.4056865e-02  -1.1765991e-01  -3.1963771e-02   2.8611343e-01  -2.4007416e-01   3.0718901e-02   2.7623240e-01   1.8070319e-01  -7.1127224e-02  -1.7608116e-01  -1.2541537e-01  -5.0188310e-02   6.3453285e-01  -2.6620966e-01   1.8613955e-01   1.2987281e-01   9.7448307e-02   7.3677466e-02  -6.9378749e-02  -9.9324282e-02  -1.0041135e-02   1.5629766e-01   1.2233238e-02   1.6733974e-01  -4.1826814e-02   4.8695132e-01   1.5276060e-01   8.1853390e-02  -1.6034859e-01   1.4928844e-01  -8.6552207e-02   1.8575809e-01  -2.2751916e-01   3.6804609e-02  -9.6341395e-02   7.3860062e-02   5.0917913e-02  -3.8385564e-02  -4.5658960e-02   1.8691835e-01   2.1420892e-01  -1.0704246e-01   1.7311814e-03   3.6746216e-03   1.6549794e-01  -8.9995051e-02  -2.3523712e-01   1.6077703e-01   5.9966150e-02  -5.4689857e-02   6.7345547e-02  -8.1313517e-02   4.2412549e-01   5.3803350e-02   9.8752457e-02   2.3649871e-01   1.5543697e-02   1.3372722e-01   2.2533920e-01   1.9340987e-01   9.5190343e-02   3.2684006e-01  -1.0503243e-01  -1.0955068e-01  -4.8511655e-02   1.3375620e-02  -1.2823683e-01   2.0995479e-01  -2.2648875e-01   2.6002654e-02   7.5473195e-02   2.0695723e-01
   6.0254484e-01  -1.7207010e-01  -2.8037745e-01   3.0717472e-01   1.1251243e-01  -1.5119559e-01  -1.8606885e-01  -1.6530106e-01   2.1042883e-01   8.6543207e-02   3.1207575e-01  -7.6211851e-02   1.1446763e-01   0.0000000e+00  -1.2581708e-02  -1.9196242e-01  -2.9812264e-02   3.1154530e-01  -8.7843386e-02   1.3141361e-01  -1.0686424e-01   3.5473699e-01  -1.8554431e-01   6.2075447e-01  -2.4311283e-01   2.4582311e-01   6.9302487e-02  -1.0767414e-01  -3.4802029e-01   1.3024648e-01  -2.4453027e-01   2.8030316e-01  -2.5864261e-01  -3.6545499e-01  -1.2056155e-01   1.1195816e-01   1.5978301e-01   1.5121255e-01  -2.3293667e-01  -2.9895658e-01   2.5564272e-02  -1.2728991e-01   2.0840365e-01   1.5411892e-01   3.0580858e-01   4.8097228e-01   1.8442316e-01  -1.8305028e-01   1.0231563e-01  -3.3848032e-01   3.7237992e-01   1.8335070e-01  -2.2535369e-01   7.1235887e-02   4.8096952e-01   7.9492647e-02  -2.2147875e-01   3.5490740e-01   2.2530000e-01   4.6864597e-01   3.6457183e-01   2.5562387e-01   1.9095288e-01  -9.1288527e-02   2.3859148e-01   1.7455561e-01  -2.9800105e-01   1.3921348e-01   1.1978320e-01  -1.4636685e-01  -3.6166962e-01   4.7012091e-01   1.1503546e-01   4.4121341e-01   7.3880578e-02   5.2722330e-02   1.9103982e-01  -4.7638014e-02   1.5444216e-02   3.8472571e-01  -1.4530177e-01  -1.0186775e-01  -2.8767218e-01  -1.0631107e-02   3.5480441e-01   1.0997433e-01  -4.0991225e-02   4.7902185e-01  -2.0851470e-01   4.5795432e-01   1.0903747e-01  -4.2892935e-02  -3.1936379e-01   3.3563991e-01   1.0574543e-01  -9.3359776e-02   2.7469277e-01  -3.3271643e-02   3.1858020e-01   2.7284915e-01  -1.1671684e-01   1.9858247e-01  -2.8722455e-01   4.7964262e-01   3.0230129e-01   1.7897143e-01   1.6908841e-01   1.7256958e-02   8.3405412e-02  -2.0916028e-01  -1.5363467e-01   2.3864433e-01   2.8244148e-01   3.2130123e-01  -2.6844533e-01  -1.8900758e-02   1.1304392e-01   9.8965251e-02  -3.9603136e-01   3.4810257e-01   6.5643287e-01  -8.7195893e-02   4.0642954e-02  -1.1249653e-01   4.7827654e-01   6.1699060e-01   6.7930201e-02   1.5942789e-01   4.1167803e-01  -1.7121240e-01  -1.4960733e-01  -6.4294189e-02   7.1841836e-01  -1.9108023e-01   3.6233237e-01  -1.4729957e-01   2.1032213e-01  -3.3945676e-01   1.2349664e-01   2.5820600e-01   6.8400348e-01   6.8355248e-02   1.8853033e-01  -4.4620165e-01  -2.3182157e-01  -4.1080124e-02  -4.5511338e-01  -5.1367347e-02  -3.6200331e-01  -1.2703836e-02   3.2570412e-01  -3.8240064e-01   4.1153694e-01   5.6846223e-02  -3.4439492e-01   3.4172695e-01   4.0586453e-01   1.1909177e-01   2.2005565e-01   4.1957892e-02  -4.5374712e-02   1.4615028e-01  -4.4688404e-05   2.7741980e-01   4.0270571e-01  -1.1415252e-01   1.7279430e-01   4.3601401e-02   4.0551407e-01  -3.7996228e-01  -8.3978969e-02   1.6023866e-01   2.4402446e-01  -3.1562620e-01   1.9047989e-01  -2.8763112e-01   4.9363028e-01
