   0.0000000e+00  -3.9724213e-01  -3.8867732e-01   2.8213204e-01  -4.3815270e-01  -8.2938043e-02  -3.2402194e-01   2.9501047e-01  -2.7412902e-02  -3.1438388e-01   1.6399851e-01  -5.0281011e-01  -3.2795089e-02   5.7245430e-01   1.0793891e-02  -2.4407317e-01  -3.8793727e-01   2.7098946e-01   3.4704046e-01  -3.5688620e-01   9.7878149e-02   3.2761557e-01  -1.4233936e-01   7.0926806e-01   1.2944653e-02   4.9094297e-01  -2.5742679e-01   4.6080901e-01  -5.9392670e-02   2.0942478e-01   3.8526288e-03   3.7018187e-01  -1.6747829e-01  -3.9302949e-01  -2.8710623e-02  -1.8285460e-01  -1.1184178e-01  -9.8883766e-02  -2.6009703e-01  -4.4997400e-01   5.3165419e-02  -9.7197215e-02   1.8930094e-01   2.6694737e-01   4.3366630e-02   3.1472073e-01   1.4953673e-01  -1.6950110e-01  -6.0788569e-02  -4.4287318e-01   1.0231211e-01   2.8998338e-01  -1.7194699e-01  -1.5816287e-01   4.5767462e-01   1.8823015e-01   2.6863149e-02   4.0189513e-01   2.2718612e-01  -2.3902403e-01   3.7534011e-01  -1.4573357e-01  -1.3433258e-02   1.0372532e-01  -7.2171802e-03   1.4837793e-01   9.9461202e-02   2.4570379e-01   2.4379714e-01   8.0462146e-02  -5.4632296e-01   3.6696802e-01  -3.3297435e-01   4.6916822e-01  -3.7979217e-01   2.7425867e-01   3.3588223e-01   3.0822099e-01  -2.5892655e-01  -2.0253590e-01   1.6641139e-01  -1.7367023e-01  -3.3074381e-01   5.6981390e-01   1.4986992e-01   3.6016905e-01   1.3277545e-01   6.7349218e-01  -2.6489578e-01   7.2190840e-01  -2.2371145e-01   1.4630542e-01  -4.2618062e-01   3.2413169e-01   5.1175874e-02  -3.5101327e-01   1.3659948e-01   2.4446756e-01   7.3153596e-02   6.0068225e-02   4.8106665e-01   8.6785561e-02   1.8427227e-01   2.0638850e-01   2.1802408e-01   2.7008752e-01  -1.6841152e-01   3.9837440e-01  -3.4981208e-01   3.2225143e-02  -4.1651853e-01   2.5659082e-01   3.2058202e-01   6.8397115e-01   4.8185090e-01  -4.1663975e-01   1.0641907e-01  -1.9693316e-01   1.0548264e-01   2.9411014e-01   7.3143465e-01  -3.0121666e-01  -3.3766961e-01  -2.0369631e-01   2.3730700e-01   6.2842952e-01  -1.5715155e-01  -2.8874995e-01   2.5492845e-01  -3.3415673e-01  -2.1710727e-01  -4.0543862e-01  -8.8560637e-02  -4.1507800e-01   3.8449438e-01   2.9553956e-01   1.3183952e-03   2.8272711e-02   3.8509833e-01   6.7673706e-01   6.7176271e-01  -1.9477290e-01   3.9340497e-01  -3.5325842e-01  -1.4087363e-01   2.8746447e-02  -4.7085944e-01  -2.2460519e-02  -2.1175465e-01   4.8391063e-02   5.7647589e-01   1.8868984e-01   5.0784624e-01   2.0263452e-02  -4.9735920e-01   5.9351607e-01   7.4089489e-01   1.3259912e-01   9.4440766e-02  -8.1415341e-03   8.9171014e-04   2.3827873e-01   1.0340851e-01   1.1015435e-01   2.9323920e-01  -3.5634133e-01  -2.5183912e-01   3.1425989e-01   5.8842968e-01  -4.8993418e-01  -3.5401545e-01   3.3032164e-01   3.0526497e-01  -2.9080284e-01  -4.8240656e-03  -2.1536912e-01   3.7239146e-01
  -3.9724213e-01   0.0000000e+00   2.4851789e-01  -2.1703180e-01   3.7519224e-01  -1.1927918e-01   3.8956855e-01  -5.5450589e-02   4.3746089e-01   1.7194014e-02  -3.3883214e-01   6.3191402e-01  -3.0181431e-01  -4.1359444e-01   2.0489098e-02  -1.0872711e-01   2.4244378e-01  -1.9886393e-01  -2.2007693e-01   1.4305364e-01  -4.3985316e-01  -4.1063366e-01  -4.6727948e-01  -3.4758596e-01  -8.7012796e-02  -3.0682132e-01   4.9537476e-01  -5.4365621e-01   2.0003848e-01  -5.1601061e-02  -9.2244919e-02  -3.8905441e-01  -6.9664741e-02   2.8735688e-01   2.7309655e-01  -1.6952707e-01   2.0797039e-01   6.7968916e-02   2.9074583e-02   3.2261581e-01  -1.7306527e-01  -1.5432756e-01   1.5979234e-01  -3.7210282e-01   2.4504746e-01   2.7010899e-02  -3.4821518e-01   6.3833075e-01  -6.4515324e-02   2.6338775e-01  -2.4094314e-01  -1.5566332e-01   7.5331488e-01  -4.8093060e-02  -3.5870925e-01  -4.1087726e-01  -2.1335595e-02  -5.0831160e-01  -2.2629653e-01   4.3880694e-01  -1.1231212e-01   2.2606159e-01   4.5471552e-01  -2.5549369e-02   2.7567930e-01  -1.5375807e-01   4.3487118e-02  -1.0844235e-01  -3.9496953e-01   6.2017143e-02   5.7804822e-01  -3.9595163e-01   1.6377014e-01  -3.7375952e-01   2.1051758e-01  -2.9795381e-01  -1.1758303e-02  -1.2959288e-01   4.4747951e-01   4.6261326e-02  -5.2297971e-01   2.0611342e-02   1.0841556e-01  -2.0760226e-01  -1.5343624e-01  -2.5271924e-01  -3.1021976e-01  -4.2394775e-01   5.0832787e-01  -2.6856539e-01   6.5843236e-01  -1.1796993e-01   4.8837499e-01  -1.9120735e-01   4.4633009e-02   3.5650029e-01  -2.3635940e-01  -9.4557158e-02  -1.4283217e-01  -3.7097566e-01  -1.3616217e-01  -1.8939468e-01  -4.2015725e-01   1.0625960e-01  -5.3397126e-01  -9.1761377e-02  -4.7131121e-02  -4.0240761e-02   2.8515388e-01   4.3881209e-02  -7.6653306e-03  -1.8333982e-01  -1.4810161e-01  -2.6122972e-01  -4.4633325e-01   7.1563028e-01  -1.1760366e-01  -1.0955354e-01  -1.9275821e-01  -4.3609931e-01  -3.2805996e-01   5.5993089e-01   5.1350543e-01   3.2603379e-01   3.6657443e-02  -1.7171799e-01   2.2780895e-01   2.0934663e-01  -4.1249872e-01   1.8694273e-01  -7.1216360e-02   1.7080303e-02   3.0461793e-01   4.8046680e-01  -2.6187660e-01  -4.9572341e-02  -7.3386133e-02  -3.6507334e-01  -3.1082547e-01  -1.9923582e-01  -2.5537037e-01   2.3254736e-02  -3.4648094e-01   6.7175507e-02  -2.6720856e-01  -4.0373126e-01   2.5893023e-01   1.2134107e-01   1.8901708e-01  -1.4257959e-01  -2.5790380e-01  -3.7958242e-01  -2.6175389e-01  -1.1770540e-01   5.5001419e-01  -1.7681173e-01  -2.7204236e-01  -3.3712641e-01  -7.5026743e-02  -4.0295893e-01   2.1596123e-02  -2.8123350e-01  -1.4811525e-01  -3.2750899e-01  -2.1146577e-01   3.5954640e-01   1.8060092e-01  -2.4475725e-01  -2.0161562e-01   6.3895788e-01   6.2808924e-01  -4.0735087e-02  -1.9420169e-01   2.5466891e-01  -1.1148601e-01   4.5834271e-02  -2.0632949e-01
  -3.8867732e-01   2.4851789e-01   0.0000000e+00  -4.0885441e-01   1.6625349e-01   1.7036968e-01   2.7492831e-01   6.3818995e-02  -5.8510948e-02   6.6835192e-02  -6.7890636e-01   7.3381585e-01   1.2680916e-01  -5.5114797e-01  -3.4325076e-01   3.4732859e-01   9.4215251e-01  -6.9535724e-01  -2.4332381e-01   4.1637915e-01  -6.0234664e-01  -5.4633701e-01  -2.1308164e-01  -2.7783089e-01   5.2434564e-02  -9.2410887e-02   3.1287831e-01  -1.0301889e-01   9.3948484e-02  -7.5058723e-01  -5.0392035e-01  -3.7506251e-01   3.4657926e-01   5.0007477e-01  -1.4266407e-01  -2.0210398e-01  -1.0599624e-01   3.3714066e-01   4.7212323e-02   7.6433831e-01  -2.9248932e-01   3.3122134e-01  -2.3337534e-01  -8.8702841e-02  -4.3768465e-01   1.4195460e-01  -6.2828868e-01  -3.2020240e-01   2.5074809e-02   8.1913267e-01  -6.4778613e-01   8.7462436e-02  -1.1702535e-01   6.8954619e-01  -3.5216049e-01  -1.5172462e-01  -2.0130419e-01  -2.8714530e-01  -4.4405783e-01   3.3868667e-01   2.0682868e-01   2.5155955e-02   4.0467802e-02  -5.4756796e-01  -6.3515965e-01  -4.8055181e-01  -7.5467589e-02  -2.0900715e-01  -5.1188048e-01   5.5967167e-01   4.6289182e-01  -5.1299786e-01   1.1039724e-02  -1.9393944e-01   4.9207906e-01   3.3677019e-02   2.3203938e-02   1.7836805e-01  -1.1508481e-01   2.5666937e-02  -7.0885755e-02   2.2840701e-01  -1.3934228e-01  -1.1745924e-01   2.1390567e-01  -1.9537049e-02  -4.6748838e-01  -4.4838971e-01   4.9339740e-01  -4.5158381e-01  -6.3862865e-02   3.0242942e-01   7.7703565e-01   1.3869909e-02   3.4031822e-01   5.7637853e-01  -3.3331690e-01  -7.8187392e-02  -2.0717291e-01  -4.3986498e-01  -5.7248818e-02   4.2756878e-02  -4.5923766e-01  -4.7487213e-01  -4.6744291e-01  -1.8453160e-01   5.9445891e-01  -1.9978633e-01   3.1178296e-01  -5.3565372e-01   4.7593046e-01  -6.0619141e-01  -2.1299538e-01  -2.8342867e-01  -9.8849226e-02   1.4707012e-01   1.6264471e-01   1.0629677e-01   2.0233851e-01  -2.8139242e-01  -4.2972027e-01   2.5996416e-01   3.7775343e-01  -3.1702208e-01   1.8936823e-01  -4.3496873e-01  -1.5204546e-01   5.9370850e-01  -2.9271248e-01   7.8318720e-01   8.8795568e-02  -2.0876808e-01  -4.4324517e-03  -1.3111538e-01  -2.9618492e-01   1.2384256e-01   2.4721238e-01  -1.7123625e-01  -9.2610719e-02  -3.9425543e-01  -3.4736965e-01   3.1800231e-01  -3.7299874e-01   6.3704976e-01   4.5925413e-02  -2.4557983e-01   6.8646131e-01  -5.2940745e-01   2.9731940e-01  -6.1353389e-01  -3.4458312e-02  -3.7749060e-01  -1.8293091e-01  -4.0669617e-01   7.9045991e-01  -2.0041476e-01  -2.9271907e-01  -2.8810363e-01   5.5557735e-01  -1.9775971e-01  -7.8738302e-02  -3.2120777e-01  -6.4886771e-01  -6.5967068e-01  -1.7352395e-01   2.8584085e-01  -1.3117055e-01  -3.6274475e-02  -8.7919766e-02   5.1118189e-01   4.5450229e-01  -1.3071929e-02  -6.0327192e-01   3.3699693e-01  -1.6581084e-01   1.8573028e-01  -3.4144504e-01
   2.8213204e-01  -2.1703180e-01  -4.0885441e-01   0.0000000e+00   7.1299791e-03  -1.3245906e-02  -2.0785396e-01  -1.1172118e-01   1.2845112e-02  -2.0711708e-01   3.8768438e-01  -3.8025111e-01   1.1461345e-01   2.3073690e-01   2.1909995e-01   1.6903873e-01  -3.3430335e-01   4.6417461e-01   1.4742288e-01   6.7293375e-03   3.5832349e-01   4.9009017e-01   1.0833451e-01   1.9245224e-01  -1.3873162e-01   1.6635054e-02   4.0165483e-02  -1.0173962e-01  -1.1120538e-01   3.6775291e-01   1.6362601e-01   3.3944933e-01  -2.9240254e-02  -3.3715817e-01  -6.2972690e-02   2.7736429e-01  -3.1053638e-02  -1.3620218e-01   3.6639124e-01  -3.0455806e-01   3.3593028e-01  -1.5124602e-01   7.5551390e-02  -1.5709872e-01   2.0716880e-01  -7.8749729e-02   5.1610542e-01  -1.3705675e-02   2.2670697e-01  -2.6969938e-01   4.6195349e-01  -1.7364604e-01  -7.3063736e-02  -1.3968739e-01   2.4180581e-01   1.0396775e-01   4.6987768e-02   4.5130661e-01   3.7774459e-01  -1.9000921e-01  -1.7602775e-02   1.2357585e-01   2.2757928e-02   9.9639218e-02   2.2610650e-01   2.7622660e-01   2.5280879e-01   3.8499304e-01   5.5205863e-01  -3.0290753e-01  -3.2105095e-01   6.0965148e-01   2.7459229e-01   1.9243437e-01  -7.3852096e-02  -7.8787438e-02  -1.3376836e-01   6.3450033e-02   1.8581458e-01   2.9929402e-01  -4.5538993e-02   2.9885035e-01  -7.0219526e-02   3.7453398e-02  -2.4555604e-01   7.3163944e-04   1.8729630e-01   4.2153252e-01  -1.7976501e-01   1.7612474e-01  -3.4735633e-02  -4.4951651e-02  -4.0420938e-01   2.5960216e-01  -1.5199600e-01  -1.3089369e-01   3.2422871e-01  -1.4488410e-01   3.1426571e-01   3.2478405e-01  -1.2818848e-01  -1.9713195e-01   1.5595865e-01   1.6703400e-01   3.8442946e-01   3.9306123e-01  -2.0550153e-02   2.0626444e-01  -1.7530952e-01   2.7502797e-01  -2.4114881e-01   4.3212028e-01   4.3013393e-01   4.4441840e-02  -1.4375217e-02  -9.8741977e-02  -5.4561861e-02   6.1565790e-02  -2.7622822e-01   6.3043855e-01   2.8243663e-01  -3.7811978e-02  -8.3571141e-02   5.7742308e-02  -2.8862297e-01   1.2639611e-01   9.8057993e-02  -1.3739583e-02   4.0254944e-01  -3.2469298e-01   2.7070546e-01   7.5827419e-02   4.0696448e-02  -3.6978249e-02   4.6203116e-01  -9.4583408e-02  -5.6803639e-03  -8.6116629e-02   6.3288276e-02   2.9202953e-01   3.0778168e-01  -1.7841928e-01   3.1710623e-01  -3.5493082e-01  -5.7249225e-02   1.2553747e-01  -4.1094159e-01   3.4290809e-01  -1.3360487e-01   2.6313317e-01   5.5706543e-02   1.4945245e-02   3.4335047e-01   9.7386578e-02  -4.0876853e-01   6.9947068e-02   8.3060220e-02   3.6172153e-01  -9.7054079e-02   1.7110352e-02   2.4959282e-01   2.6900415e-01   2.4278712e-01   4.5939945e-01   3.8562994e-01  -1.5471746e-01   9.8670518e-02  -5.4647900e-02   1.3325038e-01  -3.1799052e-01  -2.5942162e-01   1.1313959e-03   5.1838550e-01  -1.6395598e-01   1.1603981e-01   2.6409953e-02   3.8556213e-01
  -4.3815270e-01   3.7519224e-01   1.6625349e-01   7.1299791e-03   0.0000000e+00   4.2571796e-02   1.9269868e-01  -1.1581680e-01   2.7398154e-01   4.3615537e-01  -5.9613130e-02   2.0788738e-01   8.2096033e-02  -3.4183187e-01   4.5222293e-02   1.0635033e-01   2.1835686e-01  -5.6393982e-02  -2.1630985e-01   6.1952370e-01  -1.6098746e-01  -3.3318726e-01  -1.1458582e-01  -2.7558769e-01  -1.7489737e-01  -2.8610630e-01   5.0837657e-01  -3.2149114e-01   1.6488505e-01  -1.9106640e-01  -7.4700764e-02  -2.2891428e-01   1.4870781e-01   1.8099079e-01  -1.4650382e-01   4.8809693e-01   2.6837857e-01   3.2503877e-01   2.7208424e-01   2.1603842e-01   1.0902841e-01   1.5522276e-01  -7.4121152e-02  -1.0334679e-01   3.2450251e-01  -4.7636055e-02   1.5600996e-02   1.4681193e-01   1.8716681e-01   2.3243972e-01   2.5856514e-03  -9.7789371e-02   2.7819865e-01   1.4620890e-01  -1.7869783e-01  -6.0389334e-02  -7.3608811e-02  -1.9831997e-01  -1.3660224e-01  -1.8380374e-01  -8.2248279e-03   4.2583166e-01   3.0560421e-01  -4.4271654e-02   2.8782307e-01   2.1801986e-01   1.0000948e-01   2.1653608e-02  -1.0147539e-01  -2.1152120e-01   5.9671869e-05  -1.4315576e-01   4.0214306e-01  -4.7855270e-01   3.3174065e-01  -1.2740403e-01   7.9583725e-02  -6.5681569e-02   4.5065828e-01   1.7320172e-01  -2.0901428e-01   2.4607269e-01  -6.9498469e-02  -2.5649262e-01  -5.0648959e-01  -1.2417383e-01  -3.4145450e-01  -3.2867857e-01   2.2016961e-01  -2.8629516e-01   6.6831456e-01   6.4371317e-02   2.4215142e-01  -1.4220784e-01   1.9940254e-01   6.6743170e-01  -3.2888798e-02  -1.8871265e-01   3.0046361e-02  -1.1061123e-01  -4.9133675e-01   7.2089033e-02  -2.6183887e-01  -3.2551776e-01  -1.4986772e-01  -1.2561432e-01   1.8745530e-01  -9.7548821e-02   4.6233750e-01   8.4319972e-03  -3.2350604e-03  -2.4096656e-01  -1.8945933e-01  -4.4811411e-01  -4.9059048e-01   4.9663160e-01  -2.5616858e-01   2.7246954e-01  -1.9924384e-01  -7.8767221e-02  -2.2330488e-01   7.2894904e-01   2.3537474e-01   1.5369147e-01  -9.4415402e-02  -3.2302510e-01   2.1284030e-01   3.0646377e-01  -2.2082018e-01   4.6054659e-02   4.0770762e-01   3.1695852e-01  -8.1507626e-02   3.8860853e-01  -1.4823095e-01  -1.0496505e-01   1.5516345e-01  -3.7575398e-01  -5.0707760e-02  -2.5222286e-01  -2.5508197e-01   7.1913566e-02  -2.2862885e-01  -4.3075368e-02  -8.4633378e-03  -1.8520010e-01  -4.3984148e-02   3.6292932e-01   1.7444655e-01  -2.1457532e-01  -3.4257873e-01  -3.1563769e-01  -1.2421910e-01   2.4510597e-01   2.8322548e-01  -2.9757692e-01  -2.6645553e-01  -9.7365619e-02   1.0772146e-01  -2.6141267e-01   2.3506370e-01  -1.8207412e-01   3.9021010e-02  -1.9061909e-01  -1.5338958e-01   1.1359813e-01   2.6399835e-01  -2.6930641e-01  -2.2822330e-01   2.5430589e-01   3.3952672e-01  -2.0811736e-01   7.3488079e-02   1.4774535e-01   7.2961809e-02   2.9166349e-01  -3.2054808e-01
  -8.2938043e-02  -1.1927918e-01   1.7036968e-01  -1.3245906e-02   4.2571796e-02   0.0000000e+00   1.6639351e-01  -1.7923482e-01  -1.2153385e-01   3.2189621e-01   8.6241055e-02   1.0665360e-02   3.3080780e-01  -1.8685153e-01  -4.2780563e-01   2.4443166e-01   1.6960456e-01   7.1026543e-02   3.2052676e-01   3.3210502e-01   1.0322691e-01   1.9598168e-02   2.5769924e-01  -7.4499866e-02   1.3618605e-02   2.2782196e-02   1.7055828e-01  -7.3421403e-02   1.3947793e-01   8.3293774e-02  -1.8362547e-01  -1.3300151e-01   1.5961799e-01  -1.9091005e-02  -1.0504250e-01   3.9893295e-01   7.5721591e-02  -1.0506129e-01   2.4196130e-01   1.8105828e-01   1.8473546e-01   8.8326086e-02   1.5691954e-02  -8.5082409e-02  -7.3790323e-02  -4.1627525e-01   2.5342152e-01  -1.9462390e-01   4.9664775e-04   1.2728010e-01   1.6063527e-01  -1.9702768e-01  -3.6496991e-01   1.4908598e-01   6.2714148e-02  -3.9340207e-04   6.1719478e-01  -1.4344033e-01  -4.8838576e-02   5.6588136e-02  -1.5464381e-01   1.0636781e-01   1.4420956e-01  -2.5710638e-01  -1.4541571e-01   4.1761358e-01   5.6808254e-01   2.8987313e-01   7.4063420e-03   2.4126015e-01  -1.2240777e-01   2.2980612e-03   1.7460812e-01  -1.3580745e-01  -1.5972406e-01  -1.3788983e-01  -2.5434498e-01  -3.9729213e-02  -1.0972887e-01  -6.3753498e-02   2.4234736e-01   1.6820584e-01   8.9790116e-02  -1.2833327e-01   4.4840460e-02  -1.9862584e-01   2.9659682e-02   1.9318196e-02   1.4812335e-01  -1.5598815e-01  -1.9896180e-01  -3.0706517e-01   3.7007584e-03  -6.0957149e-02  -1.3016196e-01   1.2461843e-01   9.2866316e-02   1.0289790e-02   1.9530949e-01   8.0427014e-02  -1.7933987e-01  -2.9288463e-01  -1.2124931e-01  -7.3330976e-02  -3.5472905e-02  -2.1101212e-01   2.0744123e-01  -5.5610338e-02  -1.4790384e-01   2.9850280e-01   4.8225188e-01   8.7874571e-02   7.2239479e-02  -2.3563469e-01  -1.4528434e-01  -2.9337868e-01   1.2837025e-01   1.0122908e-01   1.9263208e-01   1.3832528e-02  -1.7439939e-01  -1.2389944e-01  -1.0632501e-01  -3.8051990e-01  -1.8113194e-01  -1.9235752e-01  -1.8264457e-01   8.3439467e-02  -2.4579360e-01   3.3008649e-01   1.6650278e-01   1.2318781e-01  -6.0372691e-02  -1.6367165e-01   2.2611226e-02  -3.1271574e-01  -1.1162917e-01   7.1318164e-03  -2.0761950e-01  -9.8717753e-02  -1.6288753e-01   1.4307504e-01  -1.8647171e-02   5.5147474e-01  -2.3791548e-01  -1.6578570e-01  -6.5944209e-02   1.7638915e-01   6.7222390e-01  -7.1679465e-02  -4.4198646e-02  -6.9936079e-02  -1.0554771e-01  -6.1209441e-02   1.5782388e-01  -2.5712674e-02  -1.7336522e-01   7.8657764e-02  -7.9056510e-02   1.8941883e-01   3.5900299e-02   6.1128444e-02   1.5849872e-01  -1.1704344e-01  -2.7374680e-01  -1.8290458e-01   7.7082698e-02   4.0971256e-02  -7.0967827e-02  -8.5335392e-02  -2.7144260e-01  -7.0587792e-02   5.0813412e-02   6.9520435e-01  -2.5737291e-02   5.9455881e-02  -2.2278568e-01
  -3.2402194e-01   3.8956855e-01   2.7492831e-01  -2.0785396e-01   1.9269868e-01   1.6639351e-01   0.0000000e+00  -1.3106873e-01   2.4461391e-01   4.2921505e-01  -2.7965068e-01   5.7135680e-01  -2.7569345e-02  -4.4895022e-01  -2.3233508e-01   1.4492385e-02   1.7097160e-01  -2.4230914e-01  -1.1208587e-01   4.3136562e-01  -2.2656914e-01  -3.3768651e-01   1.2134228e-01  -3.4443317e-01  -4.7848450e-02  -2.3621826e-01   5.5798597e-01  -9.5107951e-02   2.1851104e-01  -2.0481079e-01  -3.2559397e-01  -2.2229020e-01  -6.6178505e-02   6.8210698e-01   5.9765880e-03   1.3186633e-01   1.9462706e-01  -4.0322213e-02  -8.1739343e-02   4.3477998e-01   7.7255920e-03   2.2507724e-02   3.2400203e-01  -3.0906055e-01   2.2288257e-02  -1.6812597e-01  -3.0962714e-01   4.4809582e-01  -4.1001716e-01   2.3335185e-01  -9.0235598e-02  -2.0412505e-01   3.6159593e-01  -4.6982058e-02  -3.6142947e-01  -5.5117109e-01   1.1556056e-01  -3.5426956e-01  -4.0584752e-02   3.1600618e-01  -1.0735244e-01   1.0487075e-01   2.0134123e-01  -6.1341146e-02  -2.7273754e-02   5.2980878e-02   2.1328738e-02  -1.4757312e-01  -4.1553829e-01   2.6108091e-01   4.5097674e-01  -3.8725978e-01   1.6989104e-01  -4.0040491e-01  -2.4411332e-02  -1.7939205e-01  -4.2907153e-02  -2.2211306e-01   3.8659250e-01  -1.0882852e-01   8.6627586e-02   8.0964762e-02   5.2244800e-02  -1.7043849e-01  -4.7765425e-02  -2.5316491e-01  -4.6023048e-01  -5.1222719e-01   1.3783527e-01  -2.0702879e-01   1.6814550e-01  -2.1962161e-01   6.0593348e-01  -6.4040004e-02  -1.2334212e-01   2.8931670e-01  -2.3579717e-01  -4.7585806e-03  -1.5873855e-01   1.1148725e-01  -7.2172778e-02  -1.5620654e-01  -2.2069625e-01  -2.0051547e-01  -1.7962014e-01   1.4409007e-02  -4.5475504e-02  -9.5609889e-02   4.1270742e-01   2.8645365e-02   1.8084476e-01  -2.0783944e-01  -2.5897509e-01  -2.0541994e-01  -2.4668600e-01   3.4158903e-01  -1.7425591e-01   1.3551233e-01  -9.9378022e-02  -3.2612318e-01  -2.9430386e-01   2.6669030e-01   2.8117234e-01   1.2839888e-03  -8.2455379e-02  -4.3440657e-01   4.4687540e-01   6.4286375e-02  -2.2924144e-01   3.6214494e-01   6.3674574e-02   2.3357227e-01  -2.8277948e-01   1.5312145e-01  -1.9155337e-01  -4.5144906e-02  -1.3082920e-01   3.3332968e-02  -1.0980840e-01  -2.0133534e-01  -2.8322483e-01  -6.4552088e-02  -2.5164489e-01   3.0773090e-01  -6.1956691e-03  -1.5931318e-01   4.5826568e-01  -9.2500580e-02   3.5279849e-01  -2.0944477e-02  -1.8101014e-01  -1.1206751e-01  -3.1362660e-01  -1.9473602e-01   4.6673483e-01  -2.6028932e-01  -2.3354516e-01  -2.6458465e-02  -8.9277304e-02   2.7152130e-01  -2.4912523e-01  -2.5460782e-01  -2.1076623e-01  -2.7389059e-01  -3.0700009e-01   7.2626976e-01   1.0285934e-01  -6.6879430e-02  -2.8788445e-01   4.0093255e-01   6.0755682e-01  -1.1689928e-01  -2.0718781e-01   1.6845847e-01  -1.8221076e-01  -1.1273661e-02  -1.5487443e-01
   2.9501047e-01  -5.5450589e-02   6.3818995e-02  -1.1172118e-01  -1.1581680e-01  -1.7923482e-01  -1.3106873e-01   0.0000000e+00   1.0671357e-01  -1.4046222e-01  -5.9880641e-02  -7.7529134e-02  -2.8306686e-02   1.6834275e-01   1.9229005e-02  -2.2958046e-01  -8.9940884e-03  -1.3998448e-01   1.1302954e-01  -1.1416549e-01  -3.0493416e-01  -3.9487002e-02  -2.2140301e-01   2.8831656e-01  -1.3489856e-01   4.5254292e-01  -5.0950690e-02   4.0242080e-01  -2.3427344e-02  -1.5653610e-01  -1.7617766e-01   3.3022176e-01  -7.9284338e-02  -9.7657432e-03  -4.8771217e-02  -2.5066362e-01  -1.2160756e-01   2.0085930e-01  -3.2304676e-01  -1.2767275e-01  -1.4017106e-01   4.0780471e-02   4.8508021e-02   4.7302969e-01  -1.1240042e-01   6.5153048e-01  -2.2863239e-01  -7.4100762e-02  -1.9426847e-01  -1.7271983e-01  -1.6872885e-01   7.1854735e-01   1.8889169e-02   5.4774654e-02   7.7565163e-02   1.1038803e-01  -1.7841674e-01   3.3339716e-01   1.4353269e-01  -3.9512531e-02   4.9168184e-01  -3.0324725e-01  -3.0220985e-05   1.9949512e-01  -8.8724901e-02  -2.0384141e-01  -5.4285934e-02  -2.3925449e-01  -6.8101822e-02   3.6439079e-01  -1.6960031e-01  -1.1532777e-01  -1.3397726e-01   2.3689172e-01  -4.9653590e-02   5.8650574e-01   4.8963356e-01   1.2280586e-01  -2.5357552e-01  -3.1308894e-01   1.0181822e-01  -2.2107094e-01  -2.3073984e-01   6.8353051e-01   1.3548085e-01   5.8791369e-01  -1.4571417e-01  -7.6417443e-03  -3.6389129e-02   4.2456789e-01   4.1810716e-02   5.0414353e-01  -3.9542378e-02   2.3198324e-01   2.6599781e-01  -4.5642927e-02  -1.3038341e-01   2.9671803e-01  -3.4994181e-01  -2.0240724e-01   4.0068064e-01   5.2458402e-01  -1.6580267e-02  -2.1361239e-03   6.3929670e-02   3.2823438e-01  -1.1709604e-01   4.7725113e-01  -1.9218274e-02  -1.0278067e-01  -1.8870037e-01  -1.6224637e-01  -1.3093442e-01   4.6560710e-01   3.7726448e-01   1.0164356e-01  -1.3103814e-02  -7.2182594e-02   3.8221066e-02  -8.9392136e-04   4.6686329e-01  -1.0150636e-01  -2.7081718e-01  -5.8980538e-02   6.4454485e-01   4.5353814e-01  -2.2417097e-02  -2.3019423e-01   3.0424041e-01  -8.2360588e-02  -1.8205633e-01  -1.1941729e-01  -1.3811946e-01  -2.9758297e-01   2.3990171e-01   7.4145986e-01   2.5995042e-01  -1.3034203e-01   5.7703349e-01   3.8696957e-01   4.1923990e-01  -1.2395629e-01   1.6121371e-01  -2.2611786e-01  -7.7555451e-02   2.4504594e-02  -3.4091668e-02  -1.4026985e-01  -1.8061614e-01  -2.3582753e-01   5.8193335e-01   1.1930599e-01   2.3545122e-01   1.1473749e-01  -9.6367488e-02   3.2158030e-01   4.7693522e-01   9.3766753e-02   2.7799505e-01  -1.3374145e-01  -3.4929327e-01   4.6355779e-02  -2.0091641e-01  -6.6650495e-02   1.4476119e-01  -1.1278669e-01  -1.0602939e-01   3.2554746e-01   2.5116827e-01  -4.7212538e-03   1.9477572e-02   1.9262871e-01  -2.0945979e-01  -2.2543889e-01  -1.6884416e-02  -1.6055435e-01   2.1882247e-01
  -2.7412902e-02   4.3746089e-01  -5.8510948e-02   1.2845112e-02   2.7398154e-01  -1.2153385e-01   2.4461391e-01   1.0671357e-01   0.0000000e+00   1.1766343e-01  -1.4795348e-01   1.7742038e-01  -2.3403066e-01  -1.6385618e-01   7.5472418e-02  -3.0673495e-01  -7.7047389e-03   6.3693289e-02  -7.4029691e-02   1.5908945e-01  -9.1818087e-02  -2.1470942e-01  -1.9170674e-01   7.6077296e-03  -1.3409989e-03  -3.5943218e-02   3.7533424e-01  -1.6760594e-01   1.4355767e-01   4.0276492e-02   1.3378910e-01  -1.0421190e-01  -2.2884955e-01   1.3306813e-01   1.6143509e-01   3.6981865e-02   2.1694521e-01  -1.4442759e-02  -2.1271618e-01   1.6835364e-01   1.5528807e-01  -1.7523114e-01   4.7908662e-01  -5.7800266e-02   3.4564967e-01   1.3070802e-01  -1.3744526e-01   3.7851668e-01  -7.3027177e-02   8.2170940e-03  -3.9233490e-02   1.0491769e-01   4.6135478e-01  -1.1871951e-01  -4.9035219e-02  -2.6095472e-01  -8.3708458e-02  -1.7478794e-01   7.3755481e-02   2.2546056e-01   9.9389803e-02   2.3937337e-01   5.0229077e-01   3.5119623e-01   4.2106720e-01   3.0008656e-02  -3.0913229e-02  -1.3535097e-01  -3.9006723e-01   1.7425516e-01   1.0664434e-01  -1.4749668e-01   1.4166690e-01  -1.7061759e-01  -5.0668491e-02  -6.4647571e-02   2.2771284e-01   2.4234332e-03   2.0509170e-01  -7.9892349e-02  -2.5120242e-01   7.7323567e-02  -1.2227033e-01  -1.8002060e-02  -2.0040615e-01   9.0190906e-02  -2.4069139e-01  -1.5243179e-01   1.3483620e-01   8.0293793e-02   4.0846013e-01  -2.1300354e-03   1.1091570e-01   2.8025179e-01  -1.6208946e-03   1.0218709e-01  -5.4027053e-02   8.7011352e-02  -2.1288191e-01  -1.8286431e-01   7.7439866e-02   1.7812559e-01  -1.5458585e-01   2.7588392e-01  -2.4521273e-01  -1.5872796e-02  -1.7228615e-01   5.3452438e-02   2.5869747e-01   3.4908040e-02  -1.2614848e-01  -1.7438931e-01  -8.1234821e-02   7.5533709e-02  -4.9855862e-02   3.5512359e-01  -1.3667948e-01   2.9339339e-01  -1.9290450e-01  -1.1444241e-01   8.8516566e-02   3.3828005e-01   2.6427202e-01   3.9281060e-01   7.7991423e-02   1.0742329e-01   3.1185737e-01  -7.8989971e-02  -1.0039612e-01   2.0254096e-02  -4.1553178e-02   1.8726309e-01  -2.1403130e-02   3.5676183e-01   1.8642675e-01   6.4325754e-02  -9.1449213e-02  -1.5330546e-01   3.9872509e-02   6.7914509e-02   4.3208115e-02  -2.6521684e-01  -5.7062713e-02  -1.5378167e-01  -6.1146686e-02  -1.2400592e-01   4.2050668e-03   1.5826365e-01   5.9033030e-03  -2.2510820e-02   7.4769722e-02  -1.5494822e-01   3.2851120e-02   1.6523115e-01   1.5957929e-01  -4.6883970e-04   1.8515057e-01  -1.2649713e-02   6.5448046e-02  -2.9172909e-01   2.5319793e-02  -6.7318200e-02   7.6275033e-02  -5.4097369e-02  -2.5238616e-01   1.5273577e-01   2.6160661e-01  -1.0229182e-01   1.3009256e-01   1.2684333e-01   3.1823822e-01  -1.2528225e-01   1.3313077e-01   2.1356487e-02   1.2179335e-01   5.0071514e-02  -1.8540621e-01
  -3.1438388e-01   1.7194014e-02   6.6835192e-02  -2.0711708e-01   4.3615537e-01   3.2189621e-01   4.2921505e-01  -1.4046222e-01   1.1766343e-01   0.0000000e+00   1.0160681e-01   1.1095739e-01   1.2870943e-01  -2.2511703e-01  -2.6592991e-01  -5.5045664e-02   3.8864520e-02   5.8590111e-03   7.5370457e-02   4.8962235e-01   1.2174183e-02  -2.3673275e-01   2.7645415e-01  -2.4278145e-01  -8.0689348e-02  -1.3644463e-01   2.5917975e-01  -9.4534192e-02   3.8796343e-02  -4.2005017e-02  -1.1046465e-01  -1.4132877e-01  -3.6629908e-02   1.8309945e-01  -1.6276980e-01   5.1530585e-01   4.1146547e-01   1.3167241e-01  -8.3884115e-02   1.2594671e-01   1.2071418e-01   6.9479746e-02   7.7488504e-02   4.2842287e-02   2.1680442e-01  -1.3620675e-01   7.8326303e-02   4.3094783e-02  -1.2924930e-01   1.6348821e-02   1.5608455e-01  -7.6449253e-02  -1.2230021e-02  -1.7902320e-02  -1.2103940e-01  -1.5603679e-01   2.7478803e-01  -2.5226367e-01  -2.3408565e-02  -1.1356672e-01  -5.6851011e-02   3.1210305e-01   1.4423906e-01   1.3066654e-02   1.3109701e-01   5.0763901e-01   6.5406102e-02  -8.0933930e-02  -1.3510143e-01  -4.7981635e-02  -4.2450254e-02  -1.7664680e-01   1.9659064e-01  -3.2871186e-01  -1.1141889e-01  -1.7959115e-02  -3.1720146e-02  -2.0888072e-01   2.3564300e-01  -1.1398989e-01   1.1530082e-01  -2.0830198e-02   5.3317160e-02  -2.2684775e-01  -2.1189448e-01  -1.0524961e-01  -2.5957549e-01  -2.9031369e-01  -5.7167123e-02  -1.7317457e-01   1.6566584e-01  -2.2983601e-01   1.4570417e-01  -1.2402045e-01   5.8153240e-02   2.0926211e-01  -1.5111484e-01   8.3884456e-02   7.4123933e-03   1.3487926e-01  -2.7067242e-01   1.6566712e-02  -2.9108668e-02  -3.1135315e-01  -8.5640591e-02  -1.2079268e-01  -4.6758048e-02  -1.3835312e-01   3.9950193e-01   9.2223460e-02   1.4062368e-01  -2.0739753e-01  -2.3772502e-01  -2.4591682e-01  -2.5209793e-01   1.7973582e-02  -1.7131983e-01   3.2480308e-01   9.1174114e-03  -1.8841866e-01  -2.0027772e-01   2.6826781e-01   7.7518464e-02  -2.0540932e-02  -1.3095328e-01  -2.6383264e-01   2.5930077e-01   5.5239480e-03  -1.6487107e-01   6.9363408e-02   1.1606806e-01   4.1706048e-01  -3.4280788e-01   9.1818924e-02  -1.7628237e-01  -1.4207767e-01  -1.2424462e-01  -1.8760283e-02  -8.6205636e-02  -1.7308618e-01  -2.9213615e-01  -4.0900610e-02  -1.9821124e-01   1.5603218e-01   2.7518172e-02  -5.8834515e-02   1.6036618e-02   2.6288887e-01   4.1149614e-01   3.3150242e-02  -2.1108852e-01   1.4354929e-02  -2.0240331e-01   2.0998575e-01   1.3288509e-01  -2.1786409e-01  -1.9276042e-01  -3.4327215e-03  -7.3685797e-02   1.8248566e-01  -6.7018264e-02  -4.3731014e-02   2.9627973e-01  -1.3680854e-01  -2.7983853e-01   1.9071161e-01   2.4943540e-01  -4.8240609e-02  -2.9139126e-01   3.0732479e-02   1.4794243e-01  -1.6408304e-01   4.5301803e-03   2.5179233e-01  -7.0255961e-02   5.0474069e-02  -2.7496719e-01
   1.6399851e-01  -3.3883214e-01  -6.7890636e-01   3.8768438e-01  -5.9613130e-02   8.6241055e-02  -2.7965068e-01  -5.9880641e-02  -1.4795348e-01   1.0160681e-01   0.0000000e+00  -6.5673462e-01   6.2965268e-02   3.8289799e-01   2.4906454e-01  -9.0690317e-02  -6.6752873e-01   8.0480927e-01   2.6204235e-01  -1.3858788e-01   6.4637066e-01   6.2549868e-01   3.9536933e-01   4.4372046e-02  -9.5462562e-02   7.2909884e-02  -2.8542582e-01  -1.5542352e-02  -1.5734523e-01   7.1071818e-01   4.6362654e-01   5.0910785e-01  -2.7358831e-01  -4.4322980e-01  -4.5670078e-03   5.4429439e-01   2.6817886e-02  -2.2940011e-01   1.5605808e-01  -6.7393022e-01   3.9906350e-01  -2.1415021e-01  -3.0522920e-03   8.9650451e-02   3.3876564e-01  -1.4802543e-01   8.7683962e-01   1.2985458e-01   9.9795537e-02  -6.5653240e-01   8.1662309e-01  -7.9123937e-02  -1.0389022e-01  -3.3605019e-01   3.0286418e-01   2.6788943e-01   2.8878711e-01   3.5462768e-01   4.9243658e-01  -3.3477732e-01  -1.9030323e-01   8.9452181e-04  -1.5459818e-01   4.7646952e-01   5.0680225e-01   5.9550778e-01   2.2077748e-01   2.4109972e-01   7.8875688e-01  -4.1981873e-01  -4.0203077e-01   6.5251833e-01   1.2061458e-01   2.2109037e-01  -3.0592500e-01   2.0603292e-03  -1.5763019e-01  -2.0137171e-01   4.3508976e-02   7.8545075e-02   8.1253655e-02   1.8115229e-02   2.3010594e-01   1.8995088e-02  -1.0969845e-01  -6.2338742e-02   3.7095557e-01   2.3209191e-01  -4.0110090e-01   2.5280437e-01  -1.5260188e-01  -1.0316442e-01  -7.0100203e-01  -7.3911894e-02  -3.3507560e-01  -4.2705449e-01   3.1037950e-01   7.9123355e-02   3.1799170e-01   4.1664993e-01  -2.1893455e-02   1.4446347e-02   4.1906247e-01   3.2361822e-01   6.3225032e-01   3.7995707e-01  -3.2277589e-01   3.2041356e-01  -3.2574723e-01   5.9666190e-01  -9.7018144e-02   6.3490553e-01   3.6651964e-01   5.4434637e-02   3.6608028e-02  -2.2855513e-01  -1.8244050e-01   8.3877498e-03  -1.5817910e-01   5.2738037e-01   2.6502613e-01  -3.3719456e-01  -5.1164757e-01   1.8757081e-01  -2.7084266e-01   2.1078794e-01   1.1146931e-01  -4.2873758e-01   3.9471407e-01  -4.6225410e-01   1.8629060e-01   4.0503571e-01   7.9511192e-02   1.1237427e-01   2.1798710e-01  -1.4579856e-01   1.0594837e-03   1.1964199e-01   4.3648427e-02   2.9976382e-01   1.4441548e-01  -1.1313085e-01   5.5262916e-01  -3.9023009e-01   5.9001864e-03   2.4399171e-01  -5.6239303e-01   5.8214338e-01  -6.4002164e-02   5.0787513e-01  -1.1681490e-02   3.4164304e-01   2.1110951e-01   4.0560391e-01  -7.3009766e-01   7.1747318e-02   5.1379517e-02   4.0019208e-01  -4.0053897e-01   2.5924526e-01   2.9763117e-02   4.5964951e-01   6.7589713e-01   7.6040529e-01   2.8446838e-01  -3.6434244e-01   2.6324303e-01   1.1302519e-01  -3.4186627e-02  -4.2612790e-01  -5.9173569e-01  -1.0503007e-01   6.6748061e-01  -1.1961030e-01   1.8080077e-01  -4.0498350e-02   4.5152309e-01
  -5.0281011e-01   6.3191402e-01   7.3381585e-01  -3.8025111e-01   2.0788738e-01   1.0665360e-02   5.7135680e-01  -7.7529134e-02   1.7742038e-01   1.1095739e-01  -6.5673462e-01   0.0000000e+00  -1.5669629e-01  -5.5992628e-01  -1.4210532e-01   1.0661435e-01   6.5178202e-01  -6.2119641e-01  -3.5219809e-01   2.9892645e-01  -5.5769107e-01  -5.3658854e-01  -2.7967229e-01  -4.4922280e-01   3.1090819e-03  -3.0485277e-01   4.4681064e-01  -3.3828670e-01   1.4858975e-01  -4.9190732e-01  -3.5166469e-01  -4.7516049e-01   1.2809231e-01   5.9121701e-01   2.2549426e-01  -2.9018914e-01  -4.0167942e-02   1.2973649e-01  -5.6976132e-02   7.2178608e-01  -3.7816803e-01   5.7659086e-02   5.5553591e-02  -2.8985751e-01  -1.8497792e-01  -2.3081826e-02  -6.4591500e-01   1.6265171e-01  -1.5580722e-01   6.4554910e-01  -5.5498850e-01  -1.2294285e-01   2.9190048e-01   3.0024041e-01  -3.9735952e-01  -4.5186916e-01  -1.5651817e-01  -4.8411472e-01  -4.1457957e-01   6.3426366e-01  -8.8840394e-02   1.0781252e-01   2.1046336e-01  -3.5750857e-01  -3.4869633e-01  -4.0516482e-01  -1.2359340e-01  -2.2480030e-01  -5.5800632e-01   3.8444669e-01   7.0626511e-01  -6.0033531e-01   1.9394709e-02  -3.1860252e-01   3.3804235e-01  -1.5633843e-01  -1.0700511e-01  -4.5669975e-02   2.8708288e-01  -1.7828278e-02  -2.4659735e-01   7.1019291e-02   7.5713352e-02  -2.8906761e-01   1.1646123e-01  -1.8403529e-01  -3.9200882e-01  -5.2386314e-01   4.4953392e-01  -4.9582959e-01   2.1495938e-01  -3.1843285e-02   8.5605967e-01  -4.3229551e-02   7.1260203e-02   4.9913885e-01  -3.1393544e-01  -1.5847669e-01  -2.0247397e-01  -3.7408173e-01  -4.6325531e-02  -1.1779144e-01  -4.1132118e-01  -2.4458984e-01  -6.1051320e-01  -1.7227673e-01   2.3076261e-01  -2.5629325e-01   3.7733723e-01  -3.7270413e-01   3.5379054e-01  -4.3580676e-01  -2.9744018e-01  -3.8294956e-01  -2.5953836e-01   4.2344151e-01   1.5000951e-02  -4.7369577e-02   1.1447252e-01  -5.0006353e-01  -5.6004860e-01   4.1779365e-01   6.5189077e-01  -2.8311140e-02   4.0692458e-02  -3.8520014e-01   1.6396765e-01   3.7453026e-01  -4.2079519e-01   6.3359151e-01  -1.0723003e-01  -1.0446341e-01   9.4570578e-02   1.6609987e-01  -2.6847592e-01   4.3455617e-03   1.8425934e-03  -1.5780182e-01  -2.7019049e-01  -4.1309398e-01  -4.2473156e-01   7.6236995e-02  -4.8738516e-01   5.2491203e-01   1.3661833e-02  -2.6700575e-01   7.3943747e-01  -3.3213580e-01   2.9383023e-01  -3.7738000e-01  -1.8006976e-01  -3.7595939e-01  -3.5829009e-01  -3.4664943e-01   8.4473636e-01  -2.8469008e-01  -4.2579023e-01  -3.5152744e-01   1.7448113e-01  -1.8738093e-01  -6.6247783e-02  -4.1543595e-01  -5.2621306e-01  -6.0014866e-01  -2.5397634e-01   5.8063986e-01   1.8817891e-02  -8.8897958e-02  -2.6436111e-01   6.6097080e-01   7.2760207e-01  -1.0164953e-01  -5.8383898e-01   3.3177429e-01  -2.1634210e-01   9.6839604e-02  -3.6527970e-01
  -3.2795089e-02  -3.0181431e-01   1.2680916e-01   1.1461345e-01   8.2096033e-02   3.3080780e-01  -2.7569345e-02  -2.8306686e-02  -2.3403066e-01   1.2870943e-01   6.2965268e-02  -1.5669629e-01   0.0000000e+00  -8.7244594e-02  -1.4076040e-01   3.3471460e-01   1.1904720e-01  -3.5759707e-02   1.5065255e-01   2.8256466e-01   8.9328173e-02   7.9536376e-02   2.3352441e-01   8.3292632e-03   8.4782692e-02   1.6291850e-02   8.3264210e-02   1.8657056e-02   2.2153889e-02  -1.3943902e-01  -2.3848364e-01   2.0442219e-01   2.1811259e-01   3.4193946e-02  -2.9168043e-01   3.0109478e-01  -8.7034504e-02  -1.4799641e-01   2.9418527e-01   9.2187821e-02   4.7086411e-01   2.3543778e-01  -3.5124753e-02   2.8770799e-02  -1.0349325e-01  -3.0465242e-01   2.1489476e-01  -2.4725658e-01   8.3912670e-02   8.5633368e-02   4.6679971e-02  -4.3744178e-02  -3.4132914e-01   1.5598943e-01   5.7676999e-02   1.8918408e-01   1.4464373e-01   2.3966844e-01   2.0662114e-01  -2.0588209e-01   4.2713900e-02  -1.5925902e-01   2.0917247e-02  -2.3007853e-01  -1.5265232e-01   1.8772255e-01   2.7884450e-01   1.0111537e-01   1.1995088e-01   1.3189931e-01  -2.5957856e-01   1.6328175e-01   3.2922426e-01  -1.0908462e-01  -6.3300712e-03   6.4186194e-02  -2.0589343e-01   6.9727202e-02  -1.3681802e-01   1.6346704e-01   1.2234644e-01   3.1030819e-01  -1.6500741e-01   9.4884345e-02  -1.4358000e-01   7.7752899e-03  -5.5898616e-02  -1.0612613e-01  -1.1129883e-01  -1.0239052e-01  -1.2514808e-01   2.7965633e-02  -2.0119365e-02   6.4404963e-02  -1.6724500e-01   2.1877327e-01   2.6349582e-01  -8.3941063e-02   1.3458840e-01   9.3251034e-02  -2.2524937e-01   7.0501082e-03  -9.3198093e-03  -1.7873835e-01   2.2863432e-01   6.6548974e-03   2.4554143e-01   4.5398038e-02  -1.3697614e-01   1.0539451e-01   1.3161588e-01  -2.4919161e-02   7.6705983e-02  -2.6033611e-01  -4.6057845e-02  -1.2364979e-01  -5.2152283e-02   4.4298909e-01  -2.2933324e-02   2.9102523e-01  -3.5904186e-03  -7.8620887e-02  -1.7444460e-01  -3.5124412e-01  -1.3679489e-01  -2.1182840e-01  -3.0342012e-01   1.2242541e-01   1.0887137e-01   1.4433346e-01   5.3034543e-01   7.1611061e-02  -3.2765578e-01  -2.6762768e-01   1.7167507e-01  -3.0900189e-02   2.2933471e-01  -8.4809684e-02   1.1014777e-01  -8.3841715e-02  -5.7160909e-02   3.1283481e-01  -1.5912632e-02   2.3079060e-01  -4.6477181e-02  -1.8946123e-02  -9.3208340e-02   6.4334809e-02   2.0176403e-01  -1.1045199e-01   2.9925848e-02  -9.6102506e-02   1.5031524e-01  -1.7051496e-01   5.0328418e-02  -2.1308502e-01  -6.0563395e-02   3.9071561e-01   6.7568009e-02  -3.3068402e-03   5.5959739e-02  -1.6789121e-02  -1.8639417e-02   1.3152575e-01   9.9621629e-02  -1.3800465e-01   1.8384177e-02   1.4023873e-01  -2.1263408e-02  -1.5586572e-01  -1.3461742e-01  -1.6480277e-01   7.3024602e-02   2.8069999e-01   1.7898166e-01   1.3204328e-01  -5.4709329e-02
   5.7245430e-01  -4.1359444e-01  -5.5114797e-01   2.3073690e-01  -3.4183187e-01  -1.8685153e-01  -4.4895022e-01   1.6834275e-01  -1.6385618e-01  -2.2511703e-01   3.8289799e-01  -5.5992628e-01  -8.7244594e-02   0.0000000e+00   2.7881730e-01  -2.3569938e-01  -5.3684422e-01   2.7526687e-01   1.3415689e-01  -5.2813469e-01   3.5301452e-01   4.7535273e-01   1.0820095e-01   4.7198868e-01   4.7959794e-02   2.3927454e-01  -5.3551695e-01   3.6235413e-01  -1.9402558e-01   3.9551177e-01   3.9350737e-01   3.3603604e-01  -2.5308368e-01  -4.2651418e-01   1.8820896e-01  -9.2321676e-02  -2.4100853e-01  -1.2913650e-01  -1.9208961e-01  -6.4869413e-01   1.1477647e-01  -2.5960023e-01  -5.8185406e-03   3.4570191e-01   3.9017465e-02   8.8549998e-02   3.1214951e-01  -1.5846596e-01  -3.1033633e-02  -6.0407320e-01   1.9881275e-01   1.3892997e-01  -2.2734279e-01  -3.0832240e-01   5.9422081e-01   3.3226552e-01  -1.0837669e-01   4.4159829e-01   2.6999447e-01  -2.4274087e-01   3.5748394e-02  -1.7285661e-01  -1.8332999e-01   2.3395664e-01   1.5328908e-01   1.8850652e-01  -5.9472014e-02   1.7322463e-01   4.6386582e-01  -2.4635851e-01  -4.5453648e-01   3.2198724e-01  -2.4929893e-01   5.0724903e-01  -3.3933023e-01   3.9898075e-01   1.2643209e-01   1.4294912e-01  -1.4535272e-01  -1.3132684e-01   4.1080038e-01  -3.4017723e-01   9.3204648e-03   2.9006448e-01   2.5334619e-01   2.6671809e-01   6.2815203e-01   5.9936605e-01  -4.2205973e-01   4.7306100e-01  -1.6230459e-01  -1.0314564e-02  -5.8454057e-01   1.7253722e-01  -1.2935650e-01  -5.5598287e-01   2.2191779e-01  -1.4784050e-02  -5.4019734e-02   2.0401994e-01   3.3162473e-01   4.0326833e-02   4.7637562e-01   2.0668045e-01   3.5177728e-01   1.6999326e-01  -3.0271570e-01   1.5917109e-01  -3.9505320e-01   1.6558976e-01  -2.8561180e-01   4.2292408e-01   2.6212551e-01   3.5240233e-01   4.8311399e-01  -3.9635910e-01   2.9430680e-02  -1.3022885e-01   2.2370046e-01   3.0357330e-01   4.4545505e-01  -3.4231948e-01  -3.4869042e-01  -3.3038004e-02   3.5394959e-02   5.2878489e-01  -2.0164122e-02  -4.1968403e-01   2.2553674e-01  -4.8847596e-01  -1.6318575e-01  -1.2129091e-01   1.7081649e-01  -1.9673985e-01   2.6851708e-01   1.7023290e-01  -4.1715743e-02   3.4540693e-01   2.3406400e-01   3.7908581e-01   4.9543690e-01  -1.5927329e-01   2.4400001e-01  -4.1216480e-01   2.0407544e-01   3.5567978e-01  -4.3366321e-01   9.6934765e-02  -2.0739024e-01   2.1768158e-01   2.3770981e-01   5.1380219e-01   3.4157918e-01   3.2398365e-01  -6.6973805e-01   3.6628252e-01   3.2159237e-01   1.7791129e-01  -1.7565157e-01   2.6946662e-01   8.9715520e-03   1.4666981e-01   2.8264484e-01   3.2696398e-01   3.0460390e-01  -4.1468008e-01  -2.1161028e-02   1.4780721e-01   2.9170236e-01  -5.2063174e-01  -4.2911905e-01   1.7306867e-01   2.4082486e-01  -3.3253252e-01   1.6057665e-01  -1.5122431e-01   3.4933251e-01
