   0.0000000e+00  -6.0508012e-02  -1.3406292e-01   7.9536022e-02   1.3153573e-01  -1.2906475e-01  -1.7890078e-01   6.3615780e-02   1.4487817e-01  -1.5400274e-02   1.7796557e-01  -1.7652361e-01   1.6093021e-02  -8.1319573e-02  -2.2375319e-01   3.3420837e-02  -1.2398261e-01  -5.6432078e-02   1.0232124e-01   9.7595994e-02  -2.4707511e-01   1.0177401e-01  -2.3013116e-01   2.7046948e-01   8.9258178e-02   1.0480240e-01   1.0372098e-01   1.8817134e-02  -4.0300234e-02  -3.4235864e-02  -1.2050731e-01   2.2609204e-02   1.4044143e-01  -1.0384710e-01   7.9153635e-02   5.4491271e-02   2.0182454e-02   3.1882394e-01   1.6050317e-01   3.5837713e-02   8.7501044e-02   1.1964711e-01   6.1085234e-02  -1.7701377e-01   7.0243066e-02   5.5901430e-01   2.0912649e-01  -1.2012613e-01   1.6432179e-01  -1.0267647e-01   4.3943860e-02   1.1404600e-01  -8.1600504e-02   1.3077320e-01   1.2212657e-03  -1.8952388e-01  -1.3002205e-01   4.0791936e-02   3.8556166e-02  -1.5560590e-01   2.9200770e-01   1.6757332e-01   1.7275919e-01   3.9583697e-02   1.1547638e-01  -1.8057893e-02  -9.7333741e-02   1.2958374e-02   1.4702902e-01  -4.7655981e-02  -9.6743715e-02   1.0187349e-01   2.3604213e-01   1.5080246e-01   7.8462213e-02   9.2889809e-02   4.9796583e-01  -1.5438022e-02   1.0516910e-01   2.3228470e-01  -1.3204990e-01   3.3313900e-02  -2.5045020e-01   3.8419825e-02  -1.6630620e-01   7.2646005e-02  -1.2557132e-01   6.8444122e-02   2.9918147e-02   5.1338640e-01   1.0400262e-01   1.7839687e-01  -1.6103738e-01   9.5630769e-02   3.3437690e-01   5.2839127e-02   2.7949617e-01  -3.5354165e-02   1.7830282e-01  -6.3899017e-02  -2.3952627e-01  -1.6850147e-01  -9.8215060e-02  -4.1828281e-03   1.4306291e-01   6.4521940e-02  -4.2015126e-02   1.1004992e-01   6.0686425e-02  -9.8524234e-02  -1.8184532e-01  -6.9896559e-02   1.8156875e-01   7.1011077e-01  -7.2832387e-02   3.5169764e-02  -3.5849952e-02   1.3144292e-01  -1.4835162e-01   8.8320237e-02   5.9169613e-01   6.1119306e-02   2.3087183e-02  -3.2494270e-02   6.7807928e-01  -1.7996941e-01  -3.1587528e-02   1.2962228e-01   1.9561570e-01  -2.1099456e-01   3.5792265e-02   3.6798289e-02   1.0646530e-01  -9.4113739e-02   1.8854666e-01   2.3210346e-01   1.6403862e-01  -1.8454102e-01   1.9110100e-01   4.7365582e-01   3.4191298e-01   2.7963512e-02   8.4675112e-02  -2.6476844e-01  -1.7491616e-01  -1.5730426e-02  -1.1099072e-01   1.6248354e-01  -1.0070255e-01  -1.3116987e-01  -5.7254047e-02  -6.0078896e-02   4.7253884e-01   6.7750914e-02  -7.4485102e-02   3.6973341e-01   6.3662420e-01   1.3171971e-01   1.5447905e-01  -1.0209477e-01   2.5369089e-02   1.2338380e-01  -3.3571917e-02   1.1463185e-02   2.1771082e-01  -3.5425460e-02   4.7192161e-03  -1.0003280e-01   2.8907001e-01  -7.1830516e-02   2.8306290e-02   1.7544742e-01   1.2301247e-01  -2.7294242e-01  -8.2215176e-02   2.3885463e-01   2.0641381e-01
  -6.0508012e-02   0.0000000e+00   1.6756564e-01  -1.1014842e-01   4.3652892e-01  -4.9907048e-01  -1.8657845e-01   4.4529336e-02   4.0615195e-01  -2.1768264e-01   6.9915018e-02   5.1233487e-01  -2.4167172e-01  -3.9640576e-01  -2.5075424e-01  -1.1443341e-01   2.4147159e-01  -4.6677192e-01  -3.2629464e-02   1.7151616e-01  -3.2521891e-01  -3.8519596e-01  -2.7376257e-01  -2.1079669e-01   2.0239228e-01  -1.7537386e-01   1.5015893e-01  -1.4294820e-01   2.4992552e-01  -3.3055553e-01  -3.6750633e-01  -1.0620318e-01   2.0660963e-01   4.6643352e-01   1.9226323e-01   6.7802886e-02   1.0611824e-01   1.3312992e-01  -4.5037240e-03   6.3442870e-01  -3.0218534e-01   1.3435350e-01  -4.8957051e-02   1.1447093e-01  -1.1627656e-01  -2.5824211e-01  -3.8592448e-01  -8.5167976e-02   2.5330985e-01   4.3179150e-01  -5.2579857e-01  -1.0268903e-01   5.5875241e-01   1.8630362e-02  -1.9163269e-01  -5.2220624e-02  -1.1799132e-01  -4.3563296e-01  -2.0421666e-01  -1.1345741e-01   5.4229587e-02  -1.8977424e-01   6.0044285e-01   1.0747646e-02   3.9245136e-01  -2.3667814e-01  -2.0225607e-01  -7.9860746e-02  -5.0021475e-01  -3.8849668e-01   6.4993757e-01  -3.3518693e-01   1.5841916e-01   1.3480302e-01   1.4041863e-01  -1.5282386e-01  -1.0803310e-02  -2.4620667e-03   5.7183871e-01  -3.3938378e-02  -2.6835317e-01   8.2430065e-02   4.3038900e-01  -3.6953157e-02  -5.9853249e-02  -7.5345881e-02   2.9752379e-01  -1.5159965e-01   4.7091253e-01  -4.3924056e-02   5.4360264e-01   1.4160765e-01   5.4873012e-01   2.3760462e-01   1.6023058e-01   3.3398277e-01  -2.7086669e-01  -7.9793318e-02  -5.0596040e-03  -9.6400183e-02  -1.7096406e-01  -2.9735297e-01  -3.9894073e-01  -1.2331004e-01  -4.5485744e-01  -1.2582277e-01   2.0689540e-01  -3.1718927e-01  -2.5364125e-02   3.2467749e-01   3.2810405e-01  -6.1928322e-01   1.5556294e-02  -7.4291246e-02  -1.4813663e-01   6.8102421e-01  -1.8595227e-01   8.3125768e-02  -8.1557153e-02  -3.0353235e-01  -1.9776131e-01   3.9835482e-01   3.8142968e-01  -1.1399473e-02   4.9370655e-02  -1.8555088e-01  -1.6676953e-01   2.6185623e-01  -3.8287519e-01  -1.4828415e-01  -2.0373757e-02   3.8263385e-01   7.5178080e-02   2.0149837e-01  -4.8859768e-02  -9.2635180e-02   1.1585528e-01  -2.2700781e-01  -2.0209961e-01  -2.1270502e-03  -1.8869597e-01  -1.3878766e-01  -3.1815660e-01  -2.7714521e-01  -1.7417983e-01  -4.5752770e-01   2.8523847e-01   2.1561508e-01  -2.6310514e-01   2.3126553e-01  -1.1624543e-01  -6.9535170e-02  -1.1074983e-01   5.1090152e-01   5.7583892e-01   9.8730495e-02  -2.0861921e-01  -2.3733575e-01   2.3650660e-01   2.8802894e-02   1.0758746e-01  -8.4466076e-02  -1.5122499e-01  -3.5743011e-01  -2.1261536e-01   7.2764861e-01   2.6550452e-01  -1.4051053e-01  -1.8083391e-01   6.3505333e-01   7.5429990e-01   4.2901052e-02  -8.7656450e-02  -3.5521398e-01  -1.6831607e-02   1.3180513e-01  -1.5839275e-01
  -1.3406292e-01   1.6756564e-01   0.0000000e+00  -3.1197923e-01  -1.7932625e-01   1.9729770e-01   1.9092824e-01  -1.1984262e-01  -1.7470124e-01  -1.1226735e-01  -4.8732902e-01   6.6359649e-01  -1.8511479e-01  -6.3828929e-02   3.0536375e-01   1.1487134e-01   8.5967528e-01  -3.9262553e-01  -1.4451048e-01  -1.9256857e-01  -1.6918995e-01  -5.0075996e-01   5.4955023e-02  -2.1214419e-01   5.1978699e-02   5.1007984e-02   2.4134253e-02   1.4567221e-01   8.4656360e-02  -3.3931184e-01  -1.1208789e-01  -7.4917488e-02   1.4870203e-01   1.9828249e-01   5.1049039e-02  -2.7286806e-01  -2.1698831e-01  -1.2437199e-01  -8.5473955e-02   3.9969858e-01  -1.2004879e-01   1.3641223e-01  -1.3852154e-01  -1.5977640e-02  -4.2683639e-01  -3.5962180e-02  -3.6785581e-01   8.5731041e-02  -2.6756686e-01   6.5017908e-01  -3.5964700e-01   5.4822819e-02  -1.7005222e-01   4.0590717e-01  -1.3191686e-02   1.7352924e-01  -7.5552158e-02  -3.5608878e-01  -1.5263252e-01   1.2977264e-02   1.8292655e-01  -4.1364205e-01  -1.5805739e-01  -2.8668604e-01  -5.3007277e-01  -3.9888531e-01   8.4558487e-02  -2.9182102e-01  -3.0026532e-01   5.9047482e-01   2.9932882e-01  -2.8795242e-01  -2.9507278e-02   3.1149445e-01   3.5460902e-01   5.4349705e-03  -2.7564980e-02  -1.6279239e-01  -2.1211749e-01  -1.0010023e-01   1.4748637e-01  -6.9877412e-02   3.0357942e-01  -1.5717869e-01   5.6059987e-01   1.3600164e-01  -2.5435013e-01   1.7932589e-01  -1.3594246e-01  -9.0233487e-02  -1.0566323e-02   5.6362241e-01   4.1469787e-01  -2.1267062e-01  -8.5028620e-02  -1.5234504e-01  -6.6451066e-02  -2.1546191e-01  -3.6497713e-01  -2.7915665e-01   4.5411548e-01  -1.8076151e-01  -2.0967019e-01  -2.3940115e-01  -2.8132459e-01  -2.0857643e-01   3.4737799e-01  -2.3499381e-01  -9.0903348e-02  -1.3792785e-01   5.1870869e-01  -3.0973712e-01  -2.6495174e-01  -7.9646296e-03   5.3166003e-01  -6.8061760e-02   1.9388990e-02  -9.2831394e-02   4.1734597e-01  -1.4966407e-01  -1.9377979e-01   4.7399774e-02   2.5178993e-01  -4.5782513e-01  -2.4927703e-01   1.7795840e-01  -3.8366159e-01   1.2776193e-01  -3.4364382e-01   6.9780534e-01   8.4498722e-02  -4.2204647e-01   1.2922010e-01  -1.0164836e-01  -1.5013980e-01  -3.9933814e-02   4.9251082e-03   2.2769879e-01  -2.5831071e-02  -5.9690976e-02  -1.7426735e-01  -1.4858419e-01  -4.4773664e-01   5.4188494e-01  -7.5764891e-02  -3.2609153e-01   6.4230699e-01  -2.6426364e-01  -9.1940900e-02  -3.1762482e-01   4.9162040e-01  -6.3651881e-02   1.2923600e-01  -2.0795470e-01   7.2910292e-01   8.2753157e-03  -1.6926943e-01  -8.6277908e-02   3.5914801e-01   1.1336513e-01   1.3591415e-01  -3.9149225e-01  -2.1672694e-01  -3.3501488e-01  -2.7235918e-01   1.7125831e-01   2.6202884e-02   7.7622746e-02   1.8797083e-01   1.1375014e-01   7.6396355e-02  -1.3972316e-01  -5.0648638e-01   3.5617172e-01   2.3676472e-01   1.7926050e-01  -3.4306289e-01
   7.9536022e-02  -1.1014842e-01  -3.1197923e-01   0.0000000e+00  -8.3568172e-02   2.4237660e-01  -2.8487986e-01   3.7169451e-01   1.8024554e-01   7.7994803e-02   1.8298416e-01  -3.3790417e-01  -1.3787882e-01   1.4050065e-01  -1.5224809e-01   6.0180895e-01  -1.9521992e-01   3.9708258e-01   3.9440281e-01   1.4010740e-01   1.1765632e-02   5.6534916e-01  -9.5620029e-02   2.8109121e-01   4.9557244e-01   4.5973377e-01  -2.6753167e-02  -2.3004072e-01  -3.5139913e-02   1.5287077e-01   5.0909252e-02   6.4787863e-01   3.8437074e-01  -2.9002948e-01   8.4597748e-02   3.6709467e-03   2.0208770e-01  -3.1333726e-01   6.5837496e-01  -2.8779933e-01   2.6369856e-01   6.8444755e-02   1.6001323e-01   1.3969428e-02   1.7881263e-01  -1.1205950e-01   2.1995591e-01  -3.5339977e-01   9.9738258e-02  -1.8100772e-01   5.8219832e-01   2.6419454e-01  -2.5622798e-01   5.2905020e-02   1.6862963e-01  -8.6339425e-02   3.4236900e-01   5.9660181e-01   6.8091193e-01   1.9394943e-01  -1.0271294e-01   1.5971748e-01   5.2411419e-02   1.3433687e-01   1.6739662e-01   2.6954906e-01   1.2979880e-01   2.7060807e-01   6.4653995e-01  -2.3064082e-01  -3.7162313e-01   5.2620987e-01   1.6620932e-01  -9.2322594e-02   2.8455955e-01   4.3995718e-01  -4.2669787e-02   2.6803429e-01  -8.3977636e-02   5.9200778e-01  -1.1944345e-01   2.5198330e-01  -3.1172432e-01   3.2332332e-01  -3.3869396e-01   4.6586377e-01  -8.2997113e-03   2.2683794e-01   9.5479327e-02   7.2063211e-03  -3.2013725e-02  -1.6870680e-01  -2.7632193e-01   2.9644348e-01  -2.9914262e-01  -1.5731000e-02   2.1100677e-01   5.8894432e-01   2.5593636e-01   2.0628401e-01  -2.2204423e-01   1.4393632e-01   3.0170355e-02   3.3094243e-01   6.1295956e-01   8.1727961e-01   6.1703622e-02   6.8826268e-01   1.2489980e-02  -2.9719369e-01  -3.4234843e-01   3.8061951e-01   5.7956385e-01  -5.4289216e-02  -3.1778338e-01  -2.3954379e-01   1.7723552e-01   1.3694673e-02  -4.3544821e-01   7.0187351e-01   3.8936665e-01  -6.2864168e-02   1.0476316e-01   2.0490231e-01   5.0639513e-02  -4.7363864e-02   3.9025939e-01   3.1075305e-01   6.9559759e-01  -3.4062866e-01   3.0036192e-01   1.8558060e-03   1.4703381e-01  -1.3871807e-01   4.6061640e-01   5.5266480e-01   5.8522349e-02  -2.9087170e-01   5.5396278e-01  -1.3524216e-01   1.2970215e-01  -2.8491965e-01   4.7813925e-01  -3.9797381e-01  -2.8836981e-03   4.2470745e-01  -3.8257213e-01   2.1203098e-01   3.3557937e-02   7.8329218e-02  -3.2365383e-01  -1.1465125e-02   1.4534415e-01  -3.8555011e-02  -4.7826079e-01   1.1830040e-01   1.9329368e-01   5.7009751e-01  -1.8897165e-01  -1.6173965e-01   1.1230882e-01   4.5068395e-01   3.9519021e-02   6.1602116e-01   7.3872141e-01  -2.9228186e-01  -2.3845797e-01  -4.4343144e-02   1.2547334e-01  -3.4334647e-01  -1.8481733e-01  -1.5499291e-01   4.7430475e-01  -1.5730307e-01   7.5912481e-02   2.6219326e-01   8.2157706e-01
   1.3153573e-01   4.3652892e-01  -1.7932625e-01  -8.3568172e-02   0.0000000e+00  -2.8966219e-01  -3.8949318e-01  -1.3539642e-01   3.0074750e-01  -1.6662408e-01   4.7051886e-01   1.4442768e-01   2.1896114e-01  -4.8301237e-01  -3.5007707e-01  -1.2924707e-01   2.2008991e-02  -9.6701901e-02  -1.1609151e-01   8.4032191e-01  -2.4508199e-01  -1.4440561e-01  -2.9951524e-01  -1.9682853e-01   4.5135885e-02  -1.5545601e-01   6.0351306e-01  -2.0347943e-01   6.4679567e-02  -2.1056908e-01  -3.9610042e-01  -2.7547682e-01   9.5335562e-02   1.8145066e-01   1.4123560e-01   6.0795011e-01   2.8614419e-01   3.8644900e-01   8.7239717e-02   5.2397340e-01   2.0254700e-01   2.5529536e-01   1.0942792e-01  -2.9499815e-01   3.1115107e-01   1.9444119e-02   3.4419243e-01  -2.9584488e-01   7.5903154e-01   2.7194067e-01  -2.3129884e-01  -1.3774477e-01   3.1640917e-01   5.5622032e-02  -1.8293212e-01  -2.9349369e-01  -1.5085698e-01  -3.4824082e-01  -1.3371714e-01  -1.3820850e-01   1.4516610e-01   3.8590442e-01   5.7459492e-01  -1.0908813e-01   6.0933629e-01  -7.1773673e-04   1.8225594e-01   2.0596290e-01  -2.0789673e-01  -5.7245838e-01   1.7219093e-01  -1.1109929e-01   3.8243255e-01   8.6633681e-02  -1.5264989e-01  -2.5169450e-01   2.7458427e-01  -1.6331344e-01   7.5412372e-01   8.5882450e-02  -4.4108308e-01   1.2358118e-01   3.5877947e-02  -1.2182946e-01  -3.4328830e-01  -2.2760677e-01   4.8199753e-02  -3.2713946e-01   3.6084527e-01  -4.7299070e-02   8.2719451e-01   1.9897891e-01   3.5195512e-01   2.9305926e-01   4.3386687e-01   8.1884220e-01   1.0528833e-01  -1.6638862e-01   5.5950609e-01  -2.8978857e-02  -5.9721614e-01  -1.7824970e-01  -5.5630918e-01  -1.3620895e-01  -2.9802328e-01  -1.6339735e-01   3.3449692e-01  -1.9907047e-01   1.7742132e-01   3.2010178e-01  -2.0534889e-02  -4.4287560e-01   1.9166613e-01   1.2440440e-01  -4.8231965e-01   6.7331054e-01  -4.1371930e-01   3.4267162e-01  -3.7549329e-01  -1.0217986e-01  -1.1801665e-01   8.3151827e-01   2.0222698e-01   1.5670676e-01   1.9300142e-01  -3.5340544e-01   3.8242849e-02   5.1391171e-02  -2.8191314e-01  -5.2621159e-01   2.9553877e-01   3.6973066e-01   7.8825443e-02   1.6287682e-01   5.4363281e-02  -1.3213368e-01   2.0291553e-01  -4.5158583e-01  -2.6771932e-01   3.9657318e-02  -2.8012978e-01   1.2781834e-01  -1.1508084e-01  -4.9241181e-01  -1.8795389e-01  -3.5165589e-01  -1.0079790e-01   4.8241597e-01  -1.2723839e-01   5.0987267e-02  -3.6112386e-01  -2.8305438e-01  -4.7634655e-02   5.9568550e-01   2.1663652e-01  -9.2437874e-02  -3.8019407e-02  -2.1739937e-02   3.4533208e-01  -2.7402945e-01   1.0604405e-01   4.5633961e-02  -3.8578447e-02  -1.5391306e-01  -1.1159968e-01   5.0932233e-01   1.4539127e-01  -1.5023797e-01  -2.9879277e-01   6.0931472e-01   6.7159970e-01   2.1238074e-01   3.7524216e-01  -3.4406895e-01  -2.9343232e-01   2.8275301e-02  -1.2043709e-01
  -1.2906475e-01  -4.9907048e-01   1.9729770e-01   2.4237660e-01  -2.8966219e-01   0.0000000e+00   1.9326336e-01  -2.4582541e-02  -1.7917773e-01   1.2188721e-01  -5.1856690e-02  -9.8743089e-02   2.1776555e-02   2.1122546e-01   1.2693191e-01   3.5641515e-01   1.3610868e-01   4.4877606e-01   1.6772603e-01  -2.2737670e-02  -3.2605687e-02   3.0236772e-01   6.7239097e-02   2.1429252e-01   1.1737739e-01   3.9122062e-01   9.4450223e-02   4.5559472e-02  -8.1237490e-02   2.4070952e-01   7.1695608e-03   1.5093426e-01  -9.4042458e-02  -3.1420971e-01  -5.9943763e-03  -6.5244378e-02  -1.2248472e-01  -4.4509051e-01   1.7598128e-01  -4.2549662e-01   1.6568512e-01  -8.0786359e-02   1.8376350e-01  -2.3576380e-01   8.5580141e-02   6.7441025e-02   2.2421314e-01  -1.2340767e-01  -1.5154904e-01  -1.7705609e-01   5.1138532e-01   1.5253970e-01  -5.8024357e-01  -3.4443916e-02   9.3683042e-02   1.6391953e-01   3.6499601e-01   3.9645590e-01   2.6984802e-01   4.2013567e-01  -3.8676357e-02   2.4937728e-01  -2.7386471e-01  -2.5897440e-01  -2.0211762e-01   3.4393400e-01   5.7189644e-01   7.8885803e-02   4.3080254e-01   5.2210019e-01  -5.2152633e-01   1.6595813e-01  -3.4320191e-02   1.1843214e-01   1.4976102e-01  -2.2793858e-02  -1.4919670e-01  -6.1288971e-02  -3.1986427e-01   6.5210195e-02   1.7446142e-01  -8.3608623e-02  -3.5904330e-01   1.2560487e-01   1.0816102e-01   7.4319552e-02  -2.8599127e-01   2.1340357e-01  -3.3651668e-01   1.1517511e-01  -3.3096211e-01  -7.1555112e-02  -1.3759190e-01   5.7363870e-02  -3.8778752e-01  -1.6829632e-01   1.9590152e-01   3.0948951e-01  -7.2194379e-03   4.3556590e-02   1.2765035e-01   3.5363215e-01   4.0489595e-02   2.8798147e-01   3.6522887e-01   1.5595063e-01   1.8110075e-02   5.4496045e-01  -1.4319650e-01  -1.4795599e-01  -7.8235884e-02   6.0565388e-01   1.7094337e-02   7.2097220e-02   1.7799354e-01  -5.9879673e-01   2.3105734e-01  -1.2893670e-02   2.7767299e-01   4.4842871e-01   1.0814340e-03  -1.8456372e-01  -8.3770082e-02  -4.3863336e-02  -1.6849565e-01   3.8088680e-01   2.7956881e-01  -1.6540566e-01   2.7688489e-01   2.2208495e-01   9.0859428e-02  -3.2935855e-01   1.6468964e-02  -4.7554575e-01   1.6665159e-01   5.4752056e-02  -2.3407224e-02  -7.9805347e-02   2.5496149e-01  -2.0458358e-01   1.1329278e-01  -1.3937012e-01   3.0997803e-01   4.3750137e-01   6.6870728e-02   9.1136285e-02  -9.2787378e-02   2.5199651e-02   4.6377285e-01  -2.6685797e-01   2.6214320e-01  -2.0475402e-01   9.5117641e-02  -2.5074156e-01  -2.0348481e-01   1.4321912e-02  -7.4616339e-02   2.6640785e-01  -2.0946499e-01  -1.5120805e-01   1.1546693e-01   1.0138188e-01   1.2192165e-01   2.2286872e-01   3.1557644e-01  -5.7670142e-01   1.7829242e-02   1.4024133e-01   2.1428040e-01  -4.7309210e-01  -5.0741164e-01  -4.1933331e-01   4.4611787e-02   6.4105920e-01   3.4325966e-01  -1.5251849e-01   2.6250209e-01
  -1.7890078e-01  -1.8657845e-01   1.9092824e-01  -2.8487986e-01  -3.8949318e-01   1.9326336e-01   0.0000000e+00  -3.0479050e-01  -3.0175156e-01   6.4715078e-01  -1.9549574e-01   2.9343807e-01  -1.6818027e-01  -4.6332455e-02   6.0610769e-01  -1.3525979e-01   7.7302826e-02   2.1716649e-01  -9.6278833e-02  -2.5315266e-01   1.7898955e-01  -2.6035798e-01   7.6421004e-01  -2.5959020e-01  -8.2148109e-02  -2.4085544e-01  -9.7078207e-02  -7.5631978e-02   6.9756793e-02   1.7051083e-01   1.6216475e-01  -2.6571789e-01  -2.6820153e-01   5.4451629e-01   3.3408790e-01   2.1115293e-01  -1.0215591e-01  -2.7277908e-01  -4.4984226e-01  -9.6423012e-02  -2.6387075e-01  -1.3249155e-01   2.9596887e-01  -1.0103526e-01   2.4755450e-01  -8.0414724e-02   1.2337933e-01   7.2277678e-01  -4.9110284e-01  -1.4263728e-01   1.4772102e-01  -2.1402394e-01   2.0197779e-01  -1.5869015e-01  -8.5780040e-02   5.6746734e-02  -3.1656127e-01  -1.7688004e-01  -2.1667342e-01   2.9496655e-01  -8.9709208e-02  -9.6788340e-02  -2.6189984e-01   6.8231987e-03  -2.2173161e-01   2.8549565e-01  -1.1238801e-02  -2.4835574e-01  -2.9605359e-01   4.0572765e-01   2.4443799e-01  -4.4884151e-03  -1.8358997e-01  -2.2941734e-01  -1.9425862e-01  -2.2801428e-01  -2.7640425e-01  -2.1582993e-01  -2.9200368e-01  -3.7007516e-01   1.6964455e-01  -1.7685715e-01   2.3754779e-01  -3.1229281e-01   1.7047483e-01  -1.3924332e-01   1.2245612e-02   5.1706628e-02  -3.4819830e-01  -2.2989342e-01  -6.2989688e-01  -1.5185272e-01   2.6124542e-01  -1.2987280e-01  -1.9322335e-01  -3.2926093e-01  -1.7461874e-01  -1.7407385e-01  -3.5903610e-01   5.1466866e-01   2.6551242e-01   2.8608588e-01   1.9436587e-01   8.3101426e-02  -2.3353818e-01  -2.3293631e-01  -3.1146949e-01  -2.6454570e-01  -3.2075959e-02   3.4199541e-01   6.1850423e-01   2.1783625e-01  -2.6619208e-01  -1.9961526e-01   4.1268382e-01  -4.2622720e-01  -7.9335853e-02  -9.2446219e-02   2.6674036e-01  -2.7331186e-01  -2.2566069e-01  -5.0691494e-01  -2.6666857e-01  -1.9152121e-01  -2.7172158e-01   7.9785431e-02   5.5026338e-02  -2.0989033e-01  -6.2800849e-02   4.3027944e-01  -1.9307019e-01   9.9287820e-02  -2.5689239e-01   5.7537413e-02  -1.5311729e-01  -2.4515128e-01  -3.8122270e-01   3.7102294e-01  -1.4467090e-01  -1.8853875e-01  -3.8422057e-02  -1.1280323e-01  -1.2103724e-01   3.8141754e-01   5.2241424e-01   2.0743998e-02   6.1427884e-01  -3.0083541e-01   6.2658007e-01   3.5443944e-01   9.9604622e-02  -1.3106395e-01  -2.6795850e-01  -2.1931585e-01   1.0388297e-01  -1.1052456e-02  -8.3583308e-02  -1.5748044e-01  -2.9779250e-01   2.5229512e-01   1.1652128e-02  -3.9102370e-01   4.7289223e-01  -1.2937542e-01  -2.8822915e-01  -1.3735256e-01   4.6448231e-01  -1.8195148e-01  -9.4531679e-02  -1.0026423e-01  -2.7520226e-01  -2.1960268e-01  -1.8613883e-01   7.8313324e-02  -1.3622813e-01  -1.5017538e-01  -2.6147818e-01
   6.3615780e-02   4.4529336e-02  -1.1984262e-01   3.7169451e-01  -1.3539642e-01  -2.4582541e-02  -3.0479050e-01   0.0000000e+00  -2.1484048e-02  -1.1136086e-01  -2.4121152e-02  -1.1599989e-02  -2.2496779e-01   5.8368559e-02  -2.6857745e-01   3.2883308e-01  -1.3411521e-01  -8.8511450e-02   2.5461374e-01  -1.1788099e-01  -3.2999882e-01   2.7866903e-01  -3.6591477e-01   1.9466180e-01   3.4924823e-01   4.2416732e-01  -2.0962480e-01   1.0392825e-01   1.7833427e-01  -2.1002474e-01  -9.1500730e-02   5.1590943e-01   3.0474748e-01  -1.5826753e-01  -9.8861286e-02  -3.2800081e-01  -1.4762852e-01  -1.5893928e-01   3.5658440e-01  -6.0971562e-02  -1.2312372e-01   1.8816047e-02   2.4445838e-03   3.5386725e-01  -1.6066892e-01  -1.7729557e-01  -2.3293089e-01  -3.7036618e-01  -9.3866246e-02   1.8535797e-02   6.4045714e-02   3.2818475e-01  -2.5048677e-01   6.1858286e-02  -1.8316957e-01   1.1362314e-01   2.5032407e-01   3.1251182e-01   3.9714936e-01  -9.3298073e-02  -1.7905343e-01  -1.5583144e-01  -4.5546062e-02  -8.5356550e-02   2.0250342e-03  -7.4216400e-02  -5.1946818e-02   1.6441016e-01   2.6689857e-01  -2.2824040e-01  -2.2797343e-01   1.9498470e-01  -1.2934453e-01  -4.6227774e-02   3.1206545e-01   4.1750252e-01  -1.0925846e-01   3.2838120e-01  -2.9188129e-02   3.3142168e-01   5.8794004e-02   1.5548755e-01  -2.4887859e-01   6.7953785e-01  -1.9241552e-01   4.7666597e-01  -2.1947754e-01   4.7327057e-02   1.6944937e-01   7.0743947e-02   9.0099650e-03  -2.4800236e-01  -1.3184653e-01   6.3111428e-02  -2.4208917e-01  -1.1254656e-01   9.2043898e-02   3.3307032e-01   3.1515316e-02  -1.9964032e-01  -1.6777442e-01  -8.3516197e-02   1.4195701e-01  -8.0618284e-02   3.1215356e-01   4.9070576e-01  -1.2820075e-01   3.3773559e-01  -2.6265655e-01  -2.5276698e-01  -1.9389254e-01   7.3508312e-03   1.5108554e-01  -1.6041185e-01  -9.7709775e-02   3.5419931e-02   3.9676588e-01  -2.2140426e-01  -2.5814840e-02   2.9561042e-01   2.9509497e-01  -1.6704902e-02   1.5933088e-01  -8.1980707e-02   3.2615624e-02  -1.3993758e-01  -2.7027596e-02   1.5014252e-01   2.6988633e-01  -3.0077985e-01  -3.1774322e-03  -1.3110657e-01  -5.0785901e-02  -2.9632390e-01   1.6229639e-01   4.9729366e-01   1.3269419e-01  -1.7286472e-01   5.0996919e-01  -1.8811120e-02   8.2738087e-02  -1.5933036e-01   5.4630663e-02  -1.7861447e-01  -8.9365314e-02   1.1219112e-01  -1.9893779e-01   6.8083785e-02  -1.3590650e-01  -1.5315134e-01  -9.7730252e-02   3.8074863e-01   9.2585263e-02  -1.7767139e-02  -1.0571206e-01   1.3407260e-01   1.7927344e-01   2.3139650e-01  -1.1192010e-01   2.3210693e-01   9.4425699e-02   2.1724190e-01  -1.3610166e-01   2.8469770e-01   3.2493280e-01   1.7500471e-02  -1.6265621e-01   1.8304601e-01  -7.0099977e-02  -1.3169794e-01   4.5283275e-02   1.1038131e-01   3.0054359e-02  -1.4347477e-02   2.3771475e-01   1.7334962e-01   3.6073503e-01
   1.4487817e-01   4.0615195e-01  -1.7470124e-01   1.8024554e-01   3.0074750e-01  -1.7917773e-01  -3.0175156e-01  -2.1484048e-02   0.0000000e+00  -1.6221948e-01   4.7773718e-01  -1.8757274e-01   2.4830536e-02  -8.7013869e-02  -3.0757889e-01   4.0526710e-03  -1.2430958e-01  -1.0896580e-01  -1.9606525e-01   2.3154068e-01  -1.2883557e-01   1.6814676e-02  -2.6206636e-01   3.7160833e-02   1.2323246e-01  -2.4851110e-01   1.6777969e-01  -1.4894078e-01  -8.2951573e-02   2.5496439e-01  -1.6299857e-01  -8.0814207e-02   1.0344245e-01  -1.5510202e-01   1.8903256e-01   6.7582517e-02  -8.3867619e-02   6.9329006e-02   7.6762088e-02   6.4647123e-02   1.0752052e-01  -3.9050290e-03   2.5740972e-01  -7.5658796e-02   1.3841060e-01   9.8894856e-02  -1.1047217e-01  -2.6111353e-01   3.5619748e-01  -1.0657617e-01  -9.6804649e-02  -2.3158667e-01   6.6356901e-02  -8.5075671e-02  -3.2806193e-02  -1.8816688e-01  -9.5825574e-02  -7.8005368e-02   1.2733522e-02   8.9826782e-02  -8.8390210e-02   1.7867768e-01   6.6115387e-01   3.1667518e-01   5.3399438e-01   1.9780211e-01  -5.7505024e-02   1.8357182e-01  -7.2884109e-02  -2.8677985e-01  -3.5386806e-02   5.5450910e-02   2.6083674e-01   3.7185701e-02   2.0445421e-02  -6.8009817e-02   1.8497382e-02   7.4871228e-02   4.9051356e-01   1.8518904e-01  -2.6079348e-01   1.0643480e-01  -1.1292259e-01  -1.3214735e-01  -2.0297848e-01  -1.3162284e-01   1.6494761e-01  -1.3252892e-01   2.9280098e-01   1.7017492e-01   3.9958832e-01  -5.4454278e-02  -1.7447878e-01   5.9650728e-01   2.5228805e-02   3.5424721e-01  -2.6086965e-02  -1.3269472e-01   2.9219397e-01  -3.5150342e-02  -3.2329710e-01   7.4988172e-02  -1.8939785e-01   3.7628607e-01  -8.5828849e-02   7.2744608e-02   1.4101024e-01  -6.8672467e-02  -7.5035345e-02  -3.0728000e-02  -2.9012330e-01  -1.0838521e-01   2.4492298e-01   1.3096227e-01  -2.4765497e-01   2.4841911e-01  -2.7017561e-01   2.6577103e-01  -2.9271609e-01   1.3401783e-02   9.1917910e-02   3.2766281e-01   2.1041635e-01   5.6342316e-01   2.3563071e-01  -1.3084318e-01   2.7740602e-01   2.1051781e-01   8.2122327e-02  -3.6208134e-01   2.2706828e-02   4.2426437e-01   1.0281508e-03   9.2271534e-02   3.4541566e-01   6.6452863e-02   1.6860725e-01  -3.1627080e-01  -3.8971751e-02   1.8484804e-01   2.7788170e-01   3.5959128e-02   1.3088711e-01  -3.3048479e-01  -6.4039258e-02  -1.5509407e-02  -3.2888446e-01   5.2586829e-01  -1.7597872e-01   9.7507511e-02  -1.1502257e-01  -1.6097486e-01   7.6488005e-02   6.0629523e-01   8.7668678e-03   6.3005661e-02   1.6894254e-02  -4.5286058e-03   1.1740480e-02  -2.5435738e-01   1.5901576e-01   4.0102053e-01  -6.7979250e-02   1.6451665e-02  -2.4238256e-03   1.2747951e-01   8.8385032e-02  -1.8903592e-01   1.5803624e-01  -2.6358727e-02   2.9079936e-01   9.2207678e-02   2.9008637e-01  -2.4464121e-01  -7.5649734e-02   1.0044871e-01   1.4736872e-01
  -1.5400274e-02  -2.1768264e-01  -1.1226735e-01   7.7994803e-02  -1.6662408e-01   1.2188721e-01   6.4715078e-01  -1.1136086e-01  -1.6221948e-01   0.0000000e+00   2.1455829e-01   5.9825550e-02  -2.0694261e-01  -1.7069060e-01   3.2725162e-01   8.0865560e-02  -6.7974444e-02   4.3967049e-01   3.2869184e-02   7.5694431e-02   8.0549063e-02   1.1522429e-01   6.0876603e-01  -1.8124976e-01   1.2296888e-01  -1.7952707e-01  -8.0148835e-03  -3.8567193e-01   7.7095700e-02   2.7384021e-01  -5.8576355e-02  -7.7401517e-02  -1.4870536e-01   4.3360216e-01   3.4362742e-01   4.6129336e-01  -7.2244507e-02  -5.3543510e-02  -1.4997379e-01  -2.4365981e-01  -8.5001835e-02  -1.2208620e-01   4.9607669e-01  -1.4203398e-01   5.9709998e-01   7.5697643e-02   4.0456211e-01   3.7073525e-01  -1.9836607e-01  -2.7675659e-01   4.2240323e-01  -2.1741642e-01   9.2668605e-02  -1.9921098e-01  -1.4605656e-01  -1.4973713e-01  -2.0477883e-01   1.1379545e-01   5.4328196e-02   3.7267279e-01  -3.3458195e-02   1.2964841e-01  -1.0943000e-01  -1.8025209e-02   1.2941483e-01   5.3831711e-01   1.0403191e-02  -6.1506511e-02  -1.6544693e-02   9.5994577e-02  -6.9756860e-03   2.7797246e-01  -7.6734458e-03  -3.6666307e-01  -2.2214112e-01  -1.4548748e-01  -9.1043824e-02  -6.0375641e-02  -8.8894045e-02  -1.2421192e-01  -1.7383207e-01   9.8448626e-03   3.9285852e-02  -2.2304538e-01  -2.5018952e-01  -7.0028332e-02  -1.2231158e-01  -6.2638893e-04  -2.1786204e-01  -1.4181163e-01  -4.7862691e-01  -2.5976625e-01   6.4700786e-02   1.2738145e-01  -4.5726510e-03  -5.7530806e-02   3.1515930e-02   3.0323550e-02  -1.3969836e-02   6.3286279e-01  -1.4967427e-01   3.6415988e-01   8.5985453e-02   2.6894996e-01  -7.6289655e-02   2.8050991e-02  -3.7341265e-01  -2.8483186e-02  -4.5098635e-02   1.8157652e-01   3.5796691e-01   3.1725043e-01   7.6287381e-02  -5.3820074e-02  -3.3464278e-02  -4.0465500e-01  -9.6891165e-02   1.5276095e-02  -1.0135698e-01   2.3642410e-02   5.4427813e-02  -3.2835674e-01  -1.3700001e-01  -9.6882986e-03   3.2003169e-02  -2.2346100e-01   3.3136088e-01  -1.6717131e-01   1.6066279e-01   7.8882219e-02  -1.1881219e-01   3.0693591e-01  -2.8573168e-01   3.4920497e-02   1.3874258e-01  -1.3034984e-01  -4.1319766e-01  -4.4443105e-02  -4.5645328e-02  -1.4974513e-02   1.4421248e-02  -2.4400476e-01   2.0346373e-01  -4.2280959e-02   5.6418232e-01   1.7307000e-02   2.4507294e-01   2.2372027e-02   7.0604502e-01   4.1791536e-01  -2.8779246e-01  -2.9469394e-01  -2.5241070e-01  -2.3051007e-02  -8.1071576e-02   4.9590266e-02   2.2121419e-01   1.3728795e-01  -3.1338844e-01  -3.5057195e-02   2.1807496e-01  -1.1073732e-01   7.1332248e-01  -6.0836134e-03   8.2230142e-02  -1.5422661e-01   3.9897750e-01  -3.5750998e-01  -5.6440188e-02  -2.2384352e-01  -1.8721283e-01  -1.1367821e-01   1.8442801e-01  -1.3333260e-01  -2.6572475e-01  -1.8250020e-01   1.5950027e-01
   1.7796557e-01   6.9915018e-02  -4.8732902e-01   1.8298416e-01   4.7051886e-01  -5.1856690e-02  -1.9549574e-01  -2.4121152e-02   4.7773718e-01   2.1455829e-01   0.0000000e+00  -2.7840232e-01   1.4511944e-01  -3.2441114e-01  -1.9783902e-01  -8.1252570e-03  -3.6253143e-01   3.7610560e-01  -1.7131752e-02   5.3328600e-01  -8.5057975e-02   2.4509664e-01  -1.0560168e-01   1.2517864e-01   1.9052770e-01  -1.0125890e-01   1.7011886e-01  -4.6486023e-01   7.3945386e-02   3.8450935e-01  -1.9446916e-01  -1.3344174e-01  -1.5898639e-01  -2.5312665e-02   1.7709514e-01   5.8419302e-01   6.7823958e-04   1.3054134e-01   1.0891617e-01  -2.1801118e-01   2.7037469e-01  -1.3603997e-01   4.0065865e-01  -1.7937112e-01   6.3525585e-01   2.6797439e-01   4.7197015e-01  -3.0160640e-01   5.0620177e-01  -3.6132602e-01   3.2852625e-01  -1.1715864e-01   8.5824004e-02  -1.3230343e-01  -1.6746389e-01  -2.9917653e-01  -3.7599151e-02   9.9172807e-02   1.5090341e-01   2.7693676e-01   1.1325994e-01   5.6194457e-01   3.6324818e-01   2.8333086e-01   7.1087194e-01   5.3203243e-01  -5.5377682e-02   2.0084283e-01   1.4259426e-01  -4.6141028e-01  -2.7887983e-01   1.3847921e-01   4.4307120e-01  -1.1492795e-01  -1.8444195e-01  -2.5772416e-01   2.7047781e-01   8.4062250e-02   5.3338529e-01   1.5256895e-01  -4.7687099e-01   9.8902615e-02  -7.3304114e-02  -1.1833046e-01  -4.1987686e-01  -2.0517419e-01   2.1590933e-02  -1.6631061e-01   1.5957346e-01   1.0149052e-01   3.0440577e-01  -1.8951506e-01  -9.6138954e-02   5.2380826e-01   1.6269264e-01   4.6419840e-01   2.1714923e-01   9.8010201e-02   4.8800925e-01   2.1813589e-01  -5.3871861e-01   4.6743298e-01  -2.8367487e-01   4.0162197e-01  -7.9559057e-02   6.6824153e-02  -8.6059786e-02   1.0141870e-01   1.2338467e-01   1.6651571e-01  -1.8454759e-01   9.2363434e-02   3.0345251e-01   1.3386244e-01  -4.8585343e-01   1.4215764e-01  -2.4155048e-01   3.7935706e-01  -4.0158246e-01   8.4288798e-03   1.8743806e-01   3.6120619e-01   2.1502512e-02   6.2892113e-01   3.3678937e-01  -3.4392487e-01   6.1967541e-01  -4.4488150e-03   1.0080206e-01  -5.4681522e-01   1.5413482e-01   6.9372677e-01   5.7207875e-02   1.6020357e-01   3.0677833e-01  -6.9305803e-02  -6.1854414e-02  -5.3392880e-01  -8.9165200e-02   2.2159956e-01   9.8925732e-02   1.4744990e-02   5.3378875e-01  -4.6003633e-01   2.4693581e-01  -1.0665441e-02  -4.4658830e-01   6.8920092e-01   2.1336589e-01   2.0589121e-01  -4.0956203e-01  -3.9457461e-01   6.8807036e-02   6.8556674e-01  -3.1269864e-01   4.3027734e-02   2.2936928e-01   2.1742224e-01  -6.8694280e-02  -3.7914797e-01   2.1352500e-01   5.6140337e-01   2.9239197e-01  -1.9906192e-02   1.1127974e-01   1.2263519e-02   3.4865911e-01  -3.7831216e-01   5.0722975e-02   3.3793490e-02   1.4639744e-01   3.8254577e-02   4.7055029e-01  -2.3802727e-01  -1.7931476e-01  -1.5350461e-01   3.2104093e-01
  -1.7652361e-01   5.1233487e-01   6.6359649e-01  -3.3790417e-01   1.4442768e-01  -9.8743089e-02   2.9343807e-01  -1.1599989e-02  -1.8757274e-01   5.9825550e-02  -2.7840232e-01   0.0000000e+00  -2.3917950e-01  -3.9376719e-01   2.0618070e-01   5.2729128e-04   5.3654855e-01  -3.6634351e-01  -5.2155062e-02   6.1349281e-02  -3.6815225e-01  -5.7870710e-01   2.8583755e-02  -3.7940522e-01   1.8499422e-01  -7.1045006e-02   4.8513700e-02  -6.5442194e-02   3.2472133e-01  -5.0620274e-01  -3.5649224e-01  -1.4247628e-01   1.4227715e-01   6.5174984e-01   3.2560907e-01   5.2201423e-02  -7.6773997e-02  -2.9472558e-02  -1.2638606e-01   6.1401822e-01  -2.4398576e-01   1.5768239e-01   7.2446111e-02   3.5808885e-02  -1.1334013e-01  -2.8297025e-01  -2.6497362e-01   9.7313450e-02  -8.2996376e-02   6.4216586e-01  -4.1269007e-01  -3.1719194e-02   2.2890934e-01   2.5879390e-01  -2.5171839e-01   6.5320318e-02  -1.3114376e-01  -5.2731067e-01  -2.5870533e-01   7.9436161e-02   1.4273184e-01  -3.1056125e-01   1.0881190e-01  -3.5746003e-01  -1.4262602e-01  -3.1288050e-01  -2.8610001e-02  -2.4912957e-01  -5.6059358e-01   6.4888487e-02   5.3828745e-01  -3.0634216e-01   4.2752418e-02   2.1492986e-01   1.9978883e-01  -2.1566208e-01  -5.8134373e-02  -1.2525660e-01   1.8368629e-01  -1.5930654e-01  -7.4017971e-02   2.4816662e-02   4.8760033e-01  -1.4705822e-01   2.5913242e-01   1.4955932e-02  -8.1845876e-02   3.3989952e-02   1.4600840e-01  -1.7383296e-01   1.7447575e-01   3.5492194e-01   8.2465336e-01  -4.2244534e-02   3.5192519e-02   8.4847384e-02  -1.3299888e-01  -2.0491804e-01  -2.2493598e-01   3.5593684e-03   1.2200660e-01  -1.7986718e-01  -4.0996901e-01  -3.4943190e-01  -4.9493441e-01  -2.3859615e-01   2.0205089e-01  -3.8490588e-01  -1.7821876e-02   2.4468264e-01   7.8043075e-01  -5.1454211e-01  -1.6626857e-01  -1.2052696e-01   2.6906381e-01   2.6106598e-01  -9.4259386e-02   1.4621951e-02   2.1833908e-01  -3.1317795e-01  -2.6349887e-01   2.3378148e-01   3.1029736e-01  -4.7482172e-01  -2.1212886e-01  -1.2301469e-02  -2.9685447e-01   6.2014748e-02  -4.6377858e-01   2.5518535e-01   6.8407054e-02  -6.3719897e-02   6.3605682e-02  -7.2774437e-03  -1.4574855e-01  -1.6795788e-01   2.3390795e-02  -1.0813515e-02  -2.0783051e-01  -1.6391243e-01  -3.7421490e-01  -1.2998771e-01  -5.4652936e-01   2.1335228e-01   3.9782287e-02  -5.7145092e-01   7.7862321e-01  -1.6146147e-01   7.8952572e-02  -4.7162614e-02   1.4638037e-01  -1.2945504e-01  -1.3024347e-01   6.1884360e-02   7.5626947e-01  -8.9059765e-03  -1.5857175e-01  -1.6892679e-01   2.8366366e-01   1.5305841e-01   1.8746394e-01  -4.3774131e-01  -4.2962158e-02  -4.3209571e-01  -3.0152963e-01   5.7497133e-01   3.3340326e-01  -4.0954032e-02  -1.6196003e-01   5.2279521e-01   4.9400715e-01  -4.0357452e-02  -3.4330173e-01   1.6652339e-02   7.1825226e-02   1.6029966e-01  -3.3832996e-01
   1.6093021e-02  -2.4167172e-01  -1.8511479e-01  -1.3787882e-01   2.1896114e-01   2.1776555e-02  -1.6818027e-01  -2.2496779e-01   2.4830536e-02  -2.0694261e-01   1.4511944e-01  -2.3917950e-01   0.0000000e+00  -1.2452260e-01  -3.3845310e-02  -3.1458139e-01  -1.7488369e-01   6.5797076e-02  -2.6589978e-01   3.1197243e-01   1.1574322e-01   8.8552956e-02  -1.3024693e-01  -6.1000830e-02  -4.6462927e-01  -1.5771062e-01   7.6724461e-02   2.1876955e-02  -2.9935292e-01   6.2095040e-02   9.3684492e-02  -4.3188643e-01  -4.4573655e-01  -2.6395713e-01  -4.7204772e-02   1.9850691e-01  -5.6228585e-02   3.3668106e-01  -1.2269712e-01  -1.2759608e-01   6.1759985e-01  -1.4182101e-02   1.7077523e-02  -3.2559332e-01   2.1559850e-01   2.9394850e-01   3.0144975e-01  -1.7430656e-01   2.6247958e-01  -1.4150813e-01  -4.1406129e-02  -9.3253065e-02  -8.8181742e-02  -3.1504031e-02   2.6147381e-01  -3.8235368e-01  -1.0437099e-01  -6.9565331e-02  -2.9553758e-01   1.6316507e-02   1.0124765e-01   4.6119923e-01   6.7238470e-02   1.0312942e-02   3.1513636e-02  -1.0214570e-02   1.6042754e-02   1.6731000e-01  -5.3665988e-02  -4.5799343e-02  -2.3710365e-01  -6.5075564e-02   1.5784667e-01  -8.2506204e-02  -3.9247221e-01  -3.2028257e-01   1.5740307e-01  -2.8198426e-01   6.3908545e-02  -7.4072097e-02  -1.8835151e-01   4.5386331e-02  -2.1563641e-01  -2.3487615e-01  -9.6339859e-02  -4.4588729e-01   5.1296199e-02  -4.3822110e-01  -2.2828389e-04   5.9691497e-02   1.3703030e-01   1.5014720e-01  -1.6920279e-01  -3.9056410e-02   2.7781872e-01   2.4883780e-01   1.1060422e-01  -2.9584742e-01   1.9109518e-01  -1.3697104e-01  -1.7986424e-01   1.5680152e-01  -1.6206792e-01   1.0104787e-01  -1.7992447e-02  -2.6601766e-01   1.6524091e-01  -1.3750823e-01   3.2911285e-01  -5.1038925e-02  -3.3411623e-01  -6.5357425e-02   1.3106935e-01   1.8592518e-01  -2.0239068e-01  -2.8845460e-03  -2.6731572e-01   5.6502658e-01  -2.1409305e-01  -1.3143746e-01  -1.8607043e-01   1.6811705e-01  -2.2640907e-01   3.3002781e-01   6.5854303e-02  -1.6623274e-01   1.1604107e-01  -1.6550689e-01   7.9445420e-02  -1.0282068e-01   2.6086328e-01  -5.5783207e-02   5.2729198e-04   1.8800203e-01   2.6876364e-02  -2.2871285e-01   2.9332800e-01  -1.7969680e-01  -3.2673969e-01   9.8429103e-02  -4.2607372e-02   7.4081610e-01  -8.0609318e-02  -1.4037584e-01  -1.2984851e-01  -4.8338568e-02  -2.7309818e-01   1.5248845e-02  -9.8665752e-02  -2.7420995e-01  -1.7540638e-01  -2.4725927e-01  -7.6605578e-02  -1.3440460e-02  -2.0973202e-01  -1.5040729e-01  -3.5671390e-02  -2.4628699e-01   1.8569327e-01  -2.8663896e-01  -1.9816555e-01  -1.6223880e-01  -9.4763950e-02   9.7949832e-03  -2.2593997e-01  -1.6261038e-01  -2.3130088e-01  -1.3397728e-01   2.4413008e-02  -4.2014162e-03  -8.6557306e-02   1.3856227e-01   1.7315376e-01  -3.1556632e-02   8.4131917e-03  -1.3898129e-01  -8.8270593e-02
  -8.1319573e-02  -3.9640576e-01  -6.3828929e-02   1.4050065e-01  -4.8301237e-01   2.1122546e-01  -4.6332455e-02   5.8368559e-02  -8.7013869e-02  -1.7069060e-01  -3.2441114e-01  -3.9376719e-01  -1.2452260e-01   0.0000000e+00   2.8866618e-01   9.1448131e-02  -1.5010734e-01   7.2170364e-02   5.5022868e-02  -4.9957031e-01   5.1210861e-01   3.6354391e-01   1.2721194e-01   2.8926398e-01  -1.3909701e-01   1.0935863e-01  -2.6969732e-01   4.4450423e-01  -1.7712697e-01   3.2019376e-01   6.4545157e-01   1.7666183e-01  -2.2556769e-02  -4.6795272e-01  -2.0978656e-01  -4.7839989e-01   5.8082620e-02  -1.1058675e-01   1.7184161e-02  -3.7749292e-01  -1.6126150e-01  -1.5694308e-01  -2.2042893e-01   3.0433817e-01  -3.7450664e-01  -1.0212769e-01  -1.6183799e-01   1.2162220e-01  -2.3977422e-01  -2.9092092e-01   8.2739156e-02   9.6070194e-02  -3.2389746e-01  -9.6855818e-02   5.4435856e-01   3.1605949e-01   1.0796977e-01   4.1893248e-01   9.2483916e-02  -1.4149077e-02  -1.6414504e-01  -1.0240700e-01  -3.4996932e-01   1.4353549e-01  -3.4973962e-01  -1.1556568e-01   1.2382746e-01   2.4521650e-02   3.4097891e-01   2.5670302e-01  -2.7999277e-01   1.0420949e-01  -2.9821797e-01   2.8066107e-02   3.5167517e-02   3.1425045e-01  -1.5370729e-01   1.7198792e-01  -4.6121972e-01   5.7649692e-03   5.7713676e-01  -2.2214330e-01  -1.6065172e-01   1.7778994e-01   3.4686494e-01   8.2714073e-02   2.1776905e-01   3.8873523e-01  -1.7709800e-01   7.1891205e-02  -3.5351107e-01  -1.6659816e-01  -4.9289128e-01  -2.3751914e-01  -1.5522024e-01  -3.5491920e-01  -6.6804051e-02   1.3973721e-03  -1.4577967e-01  -1.3058789e-01   5.7610383e-01   1.2100111e-01   7.5782045e-01   1.7622318e-01   3.9934940e-01   5.3286303e-02  -6.5301795e-02   1.4730458e-01   5.3754004e-02  -3.8430166e-01  -3.7041155e-01   5.0239275e-01   2.7461838e-02  -1.3582450e-01   3.4279064e-01  -3.6152726e-01   3.6299910e-01  -3.6459713e-01   1.9718774e-01   1.7857896e-01  -3.0933830e-02  -4.2860906e-01  -2.0945472e-01   7.9375610e-02  -1.5619594e-01   5.7841720e-01   6.2048188e-03  -1.0832307e-01   3.0371038e-01   2.0480149e-01  -1.2454204e-01  -3.1082450e-01   1.4428381e-01  -1.1097665e-02   9.3041103e-03   3.3687779e-02  -9.0582249e-02   5.2254627e-01   1.8181623e-01  -1.0360522e-01   2.8886952e-01  -1.2554853e-01   5.9304206e-02   2.8212694e-01   7.6677790e-02   5.5709507e-01  -2.6179661e-01  -3.2586084e-01  -1.8013146e-01  -9.9989927e-02   3.5692446e-01   5.5005396e-01   6.6128129e-02  -4.8946868e-01  -3.0630622e-01  -1.1104184e-01  -1.2847957e-01  -9.9896142e-03  -2.5431862e-01   2.6182122e-01  -1.5171226e-01   5.8684205e-02  -2.5399543e-01   3.4313243e-01   4.6636131e-02  -5.0660117e-01  -4.4032780e-01   2.4923006e-01   2.3128150e-01  -4.8455646e-01  -5.1197688e-01  -1.4160552e-01  -9.2631841e-02   2.7781052e-01   7.4075237e-02  -1.4093767e-01   7.8414823e-03
