   0.0000000e+00  -1.6522554e-01   1.3745585e-01   2.4947203e-02  -2.8863435e-01  -2.0849414e-01  -1.4509344e-01   3.5966898e-01   8.9747854e-02  -2.3141003e-01  -3.1237674e-01  -3.1491017e-01  -1.3660650e-01   6.5708869e-01  -1.7167916e-02  -3.8491505e-01   6.4711539e-02  -1.1970659e-01   4.5583014e-02  -2.9926440e-01  -2.1781417e-01   2.2356599e-01  -2.0387102e-01   8.2179951e-01   8.9405768e-02   1.4106069e-01  -2.5539972e-01   1.2341291e-01   1.9772452e-01   8.1583720e-02  -1.5397227e-01  -2.7058338e-02   2.1657750e-02  -2.0208980e-01   9.6442546e-02  -3.8114722e-01  -2.8667757e-01   7.6056119e-01  -2.5566027e-01  -2.9036042e-01  -2.0469052e-01  -2.3280872e-01   5.0072200e-02   1.1722459e-01  -1.2584558e-02   7.0664702e-01  -4.2390318e-01  -1.8284553e-01  -1.1494102e-01  -1.5722270e-01  -1.6296794e-01   3.7461746e-01  -1.6033846e-01   3.7700192e-01   4.3171343e-01  -1.7754451e-01   1.1147339e-01   4.1124720e-01  -1.9241711e-01   3.4891294e-01   6.0770052e-01   5.4329726e-03   7.5005448e-03   6.8722433e-02   7.3456353e-02  -8.5829516e-02  -1.6426528e-01   4.7880871e-02  -3.6210559e-01  -1.3223466e-01  -2.0235846e-01  -9.7051391e-03  -1.5246622e-01   2.1190634e-01   4.6155921e-02   3.6065265e-01   6.6704140e-01   1.7594050e-01  -3.0326991e-01  -3.8849133e-01  -1.4219076e-01  -7.9822530e-02  -1.5063460e-01   5.3946181e-01   4.7319634e-01   1.5241799e-01  -2.0035476e-01   7.5343419e-01  -1.4205310e-01   8.2306527e-01  -1.6693140e-01   6.1530689e-01  -1.9742079e-01   3.0297909e-01   7.4941985e-01  -2.1141239e-01  -2.3674988e-01   1.6374131e-01   3.6335908e-02  -8.8766984e-02   6.8386038e-02  -1.9908382e-01  -7.5973980e-02   9.5698344e-02  -9.4502872e-02   9.9841530e-02   1.6980651e-01   6.2137445e-02  -2.5631998e-01  -2.7627791e-01  -1.6040016e-01  -1.5877924e-01   1.1797044e-01   8.8846771e-01  -3.1222221e-02  -3.9974280e-01  -2.7603125e-02   1.0846383e-01  -1.4467333e-01  -3.0056148e-02   7.5334100e-01  -1.1439863e-01  -8.5607266e-02  -1.5279567e-01   7.5313112e-01   6.2862026e-01  -1.0139757e-01  -5.0867077e-02   3.2166248e-01  -1.0426926e-02  -1.2984994e-01  -6.4714849e-02   5.1008947e-01  -2.1971133e-01   3.2668365e-01   3.2039873e-01  -4.4932779e-01  -1.0838924e-01   1.0401179e-01   7.7122662e-01   7.4320116e-01  -4.3689814e-02  -3.4627611e-01  -2.4780316e-01  -1.0064628e-01  -1.2825414e-01  -1.6277532e-01  -1.3398508e-01  -5.8456257e-02  -1.3558810e-01   4.0222226e-01   4.2916752e-02   7.1344103e-01  -7.7594526e-02  -2.1307535e-01   7.9417444e-01   5.9294202e-01  -1.9772901e-01   5.1542831e-01  -8.4664613e-02   2.6972779e-01   2.4355954e-02  -1.4084998e-01   2.0843716e-02   2.9473052e-01  -1.3012425e-01  -6.6793270e-04   2.9475328e-01   7.3685419e-01  -2.0509497e-01  -8.1266952e-02  -1.9296104e-01   3.6024463e-02  -1.1185026e-01   7.4816239e-02  -7.2871818e-02   2.5730714e-01
  -1.6522554e-01   0.0000000e+00   3.2668496e-01   1.0395155e-02   8.1361121e-02  -6.0169961e-02   7.3313759e-02   1.2957822e-02   1.3000888e-01  -1.6506935e-01  -3.2396309e-01   4.0884699e-01  -1.1819771e-01  -3.0084922e-03   8.8060686e-02   1.4199163e-01   2.9667675e-01  -3.4293567e-01  -5.3868948e-02  -1.0065688e-01   2.6456601e-01   6.0478257e-02   3.1993946e-02  -3.8007991e-02   1.2856378e-01   2.5254591e-02  -2.7160423e-01  -1.7205315e-01   2.3918072e-01  -5.4807022e-02   1.1734138e-01  -2.4001363e-01   1.0606289e-01   1.5281840e-01   2.7544142e-01  -4.0963236e-01   7.0694379e-02  -1.1941315e-02   2.6517811e-01  -1.4772560e-01  -1.0999946e-01  -1.2529104e-01   3.4584543e-01  -3.3303430e-01  -4.5752183e-01  -7.0128064e-02  -2.8711172e-01   2.0456474e-01  -5.2464960e-02   2.4081195e-01  -2.0850413e-01  -1.9358780e-01   2.9767870e-01   2.5389498e-01  -9.0918788e-02  -5.5523660e-02   7.4490217e-02  -7.2575523e-03  -2.0928588e-01   1.8035320e-01  -2.1783217e-02  -2.2073168e-01   2.7720478e-01   3.4226920e-01  -3.7327394e-01  -4.3075578e-01   1.8670221e-01   1.0469850e-01  -1.9335088e-01   2.9710979e-02   5.1645735e-01  -7.2261458e-02   1.5840499e-01   2.8380577e-01   1.0987994e-01   8.1611896e-03   5.7471161e-03  -1.0824571e-01   1.6810450e-01  -5.2940351e-02  -1.7579766e-01   1.6476404e-01   1.0340848e-01  -2.1322034e-01   2.6108060e-01   2.5314830e-02   1.1587469e-01  -8.7909491e-02   3.5078354e-01   1.4583038e-02  -3.5126441e-02   1.2856826e-01   3.3078783e-01   8.6085418e-02  -1.4107188e-01   1.2365465e-01   1.0636743e-01  -7.6598026e-02  -1.1160184e-01  -1.3966087e-01   3.3283409e-01   9.5762406e-02   1.3286274e-01   2.6674293e-01  -2.2030717e-01   1.0594474e-01   2.0599570e-01  -1.0488364e-01  -1.8579140e-01   1.0936999e-01   1.9745918e-01   2.4587932e-02   2.6048085e-01  -1.6180702e-01   8.7355136e-02   1.8382777e-01  -9.5576353e-02   4.4168256e-02   3.2057428e-01   1.5919765e-02  -2.0199560e-01  -1.3548439e-01   4.3844941e-01   1.9843272e-01   5.0995012e-03   6.4222831e-02  -5.7618063e-02   5.1695936e-02   4.9938102e-02   8.4494212e-03   1.3676934e-01  -3.7086969e-01   9.5951058e-02   4.4766798e-01  -1.3739547e-02  -1.9124129e-02  -1.7006029e-02   4.8971065e-02   3.7147760e-02  -2.0062972e-01  -2.8951737e-01  -4.5562785e-02  -1.9628102e-01   2.6571334e-01   9.0375987e-02   5.9507866e-02   2.9562502e-01  -3.1292314e-01  -4.0629036e-01  -2.7189495e-02   4.0997942e-02  -1.5354665e-01  -1.1836325e-01  -2.0075167e-01   4.3649678e-01  -7.0087735e-03  -1.6032401e-01  -2.1937374e-01  -6.2445555e-02  -2.3154982e-01   7.4004246e-02  -7.4785667e-02  -3.9759829e-01  -2.5634841e-01   1.0402636e-02   2.0455169e-01  -1.3287619e-01  -2.5464686e-03  -1.3084156e-01   4.0197813e-01   1.5542222e-01  -9.0959848e-02  -4.4626824e-01   2.8985763e-01   9.3406083e-02  -5.8531820e-02   1.9093961e-01
   1.3745585e-01   3.2668496e-01   0.0000000e+00  -2.5114992e-01   2.1363427e-01   2.2425637e-01  -6.2379981e-02   2.0751042e-01  -2.0092199e-02   3.2532182e-01  -5.5296016e-01   3.3874961e-02   2.5941155e-01  -1.7099534e-02   1.3831634e-02   1.2710531e-03   9.0215272e-01  -4.0879583e-01  -1.7689966e-01   6.0461899e-02  -2.6536637e-01  -1.1637914e-01  -9.5857378e-02   1.3057756e-01  -1.8107474e-02   1.4476280e-01   2.9825512e-01   1.1517944e-02   9.6101810e-02  -4.1328873e-01  -2.9090365e-01  -2.6576479e-01   1.6378375e-01   2.1668640e-01   4.6340501e-02  -2.4991396e-01  -2.3290511e-01   4.4675038e-02   8.5384561e-02   4.4232224e-01   1.7179053e-01   2.5369456e-02   2.8713818e-01  -2.9894116e-01  -4.1751350e-01   3.5365178e-01  -3.3127464e-01  -7.1851851e-02  -2.8825346e-02   7.2784631e-01  -3.2931572e-01   2.6601363e-02   1.3835206e-01   3.2007120e-01   1.2092265e-01  -3.3890339e-01   6.3177567e-02   9.6524503e-02  -3.8753762e-01   8.9847844e-02   2.7849528e-01  -1.2971227e-01   4.2444416e-01   8.6219988e-02  -4.6474291e-01  -4.5924752e-01   2.8418239e-01   1.3686993e-01  -3.5462343e-01   3.0496537e-01   3.1150177e-01  -2.9955812e-01   1.0004942e-01   1.3558693e-01   2.6654154e-01   7.2118903e-02   2.6879015e-01   1.9913778e-02  -6.4992262e-02  -4.2638074e-02  -2.1160408e-01   1.7569889e-01  -9.7916778e-02  -6.8431982e-02   2.1795254e-01  -6.8439049e-02  -3.0490892e-01   4.8469148e-02   3.7759669e-01   1.6306833e-01   1.5122721e-01   4.2033718e-01   4.0956891e-01  -2.1260422e-02   1.2719019e-01   4.0569369e-01  -3.1108913e-02  -4.5112973e-02   1.3231902e-01  -5.4788320e-01   4.6157054e-01   6.3230277e-02  -2.3801414e-01  -2.1049045e-01  -3.6654994e-01  -8.2115807e-02   3.8740790e-01  -1.6935459e-01   6.2094959e-02  -3.1550105e-02   7.8692893e-02  -2.0742705e-01   2.2463493e-01   3.2529675e-02   2.2182224e-01  -1.9602059e-02  -9.1460093e-02   1.3934504e-01   7.8810559e-02  -1.5563245e-01  -3.4522234e-02  -3.8581531e-02   3.8359479e-01  -3.1653835e-01   1.8926893e-01   1.1566631e-01  -4.2986583e-01   2.9833878e-01   8.0874410e-02   5.4219235e-01   2.2748942e-01  -2.8358221e-01   1.0739247e-01  -3.6250282e-02   1.4226407e-01   7.9906199e-02   3.2728866e-02   1.9867675e-02  -8.8836672e-03  -3.8061495e-03   5.7290025e-02   6.4699584e-02  -3.3942017e-01   3.6747008e-02  -2.2058896e-01  -3.2968218e-01   3.4754217e-01  -4.2564442e-01  -2.9625408e-01  -3.2999999e-01   3.9837208e-01  -2.9834699e-01   1.9144707e-02  -3.0510792e-01   7.5819618e-01   1.5851718e-02   3.6882302e-02  -1.7061554e-01   4.7429055e-01  -4.7036798e-01   1.5272187e-01  -1.0939433e-01  -2.1875763e-02  -4.0557425e-01   8.4713136e-02   1.2619837e-01  -4.0547676e-01  -8.6300411e-02   1.3910334e-01   2.7287152e-01   1.5121283e-01  -1.2224873e-01  -3.8147597e-01   4.1930377e-01   4.3763705e-02  -3.6480129e-02   1.4500648e-01
   2.4947203e-02   1.0395155e-02  -2.5114992e-01   0.0000000e+00  -7.8546698e-02   6.1362828e-02  -3.5765428e-01   1.5106897e-02  -4.9270461e-02  -4.4336523e-01   2.8380875e-01   1.3207171e-01  -1.3210337e-01   1.5014744e-01  -1.5023614e-01   1.2377693e-01  -2.3270391e-01   4.6208491e-01   1.9753135e-01   3.1952867e-02   3.2657741e-01   5.8889194e-01   1.7456399e-01   9.2007029e-02   1.0448051e-01   7.9471274e-02  -1.8124072e-01  -2.2933416e-01   3.6103634e-03   5.0341913e-01   9.7158750e-02   5.1615169e-01   1.1163761e-01  -4.9389314e-01  -1.4512503e-02   1.3345784e-01  -1.6199055e-01  -2.8606551e-02   3.1406393e-01  -2.4676427e-01   1.3292566e-02   7.5717171e-03  -3.9006023e-01  -5.8984158e-02   4.5258668e-01  -1.2395830e-02   3.3294591e-01  -3.9680658e-01   3.3800021e-01  -2.5102748e-01   5.2754766e-01   3.8811302e-02  -4.8474450e-01   6.2624506e-02   6.7808281e-03   2.0503514e-01   1.1873560e-01   3.3725433e-01   3.5563077e-01   3.5865680e-01   1.0407022e-01   2.4523492e-01  -3.5520253e-01   3.7249477e-02   3.3459058e-01   2.7639790e-01   1.7945763e-01   1.3970950e-01   2.8849832e-01   1.1553838e-01  -3.5671490e-01   7.0216272e-01   1.3835509e-01   2.9428904e-01   8.1998724e-02   3.4662454e-01   1.4996742e-01  -7.8937192e-02  -1.2708630e-01   7.7886205e-02  -2.0036261e-01   1.7333809e-01  -2.1279175e-01   1.1898889e-01   1.8650503e-01   4.0965730e-01   1.7895942e-01   9.8014814e-02  -2.1470749e-01   2.4392758e-02  -1.5356163e-01   1.4659169e-01  -5.4793215e-01   1.0071272e-01   6.0292792e-03  -2.4629989e-01   3.7255354e-01   1.2879723e-01   2.5173708e-01   2.1135826e-01  -3.4807091e-01  -3.0676585e-01   4.1295703e-01   5.6381107e-01   5.1353949e-01   6.2559387e-01   9.5988756e-02   2.1784142e-01  -1.7970574e-01  -2.6855869e-01  -4.2688923e-01   5.1419626e-01   3.9179752e-01   8.3141028e-02  -2.2251808e-01  -3.1789165e-01   9.1918117e-02  -4.2778436e-02   6.0974966e-02   6.8624680e-01   1.9781833e-01   2.3661221e-02  -3.0500945e-01   1.1963210e-01   7.0018988e-02   2.5109860e-01   2.4555143e-01  -5.9659631e-02   2.6337703e-01  -2.7179068e-02  -5.7320130e-02  -2.6731596e-01   3.3924319e-01  -1.2783972e-01   3.0814901e-01   2.8594094e-01   1.2757860e-01  -4.4165056e-01   2.6767157e-01  -2.8421681e-02   4.3516049e-03  -7.2898101e-02   3.0671658e-01   2.7789300e-01   1.3931159e-01   3.8446555e-01  -4.7847475e-01   3.4395117e-01   6.7971149e-02  -6.3191545e-02  -1.8208374e-01  -9.8234165e-03   1.4887557e-01   2.6895422e-02  -3.9057979e-01   7.4651189e-02   1.4294319e-01   2.6669566e-01   3.4229711e-02   3.3144216e-01   3.9464370e-01   8.8489359e-02  -1.2429391e-01   6.5785092e-01   4.8664429e-01  -4.5072378e-01   1.5259033e-01   2.0110763e-01   1.8403023e-01  -4.0361526e-01  -4.6773288e-01  -2.9872114e-01   3.3540278e-01   8.2723638e-02   7.1419788e-02   1.5359321e-01   4.0692542e-01
  -2.8863435e-01   8.1361121e-02   2.1363427e-01  -7.8546698e-02   0.0000000e+00   3.4874701e-02   2.4267746e-01   6.1294226e-02  -5.4221646e-03   7.4377385e-02  -2.2457676e-01  -2.3324001e-01   3.9962447e-01  -2.6836266e-01  -3.5378677e-01   3.0273634e-01   2.9276042e-01  -3.3342550e-01  -1.0060277e-01   7.4720680e-01  -1.9903542e-01  -3.0668951e-01  -2.8044967e-01  -1.9474899e-01  -1.0729026e-01  -4.0068441e-02   3.6044625e-01  -2.1555836e-01  -1.0170668e-02  -3.6104195e-01  -2.1425053e-01  -2.5590253e-01   1.7665754e-01   2.3867984e-01  -1.2381502e-01   3.5080652e-01   2.5690310e-01  -3.1989138e-01   2.9263371e-01   3.3997811e-01   2.3055230e-01   1.5401173e-01   4.2242135e-01  -2.0069276e-01  -1.0460903e-01  -3.0071007e-01   2.3306840e-02   1.9596833e-01   2.7836391e-01   5.0632519e-01  -2.7387763e-01  -1.2534656e-01   2.9399888e-01  -1.2041314e-01  -1.0381435e-01  -4.6701997e-01  -1.7026575e-01  -1.4535560e-01  -1.5154997e-01  -1.6906172e-01  -2.6614686e-01   3.5692971e-01   3.6641520e-01  -1.7872220e-01   1.9646737e-02  -3.5591150e-01   1.4933034e-01   1.1170645e-01  -1.4902961e-02  -3.4783103e-01   3.4458440e-01  -1.2317623e-01   4.4767172e-01  -3.5271607e-01  -1.3793451e-01  -2.5943480e-01  -2.4984085e-01  -1.5677850e-01   6.8320655e-01   2.0707082e-01  -3.6363464e-01   3.3623926e-01  -3.0988939e-01  -2.8212696e-01  -3.7936537e-01  -2.0826158e-01  -1.1288333e-01  -3.7839820e-01   4.1258208e-01  -2.3364686e-01   6.3470444e-01  -1.7394267e-01   3.8964631e-01  -4.6630622e-02  -3.7653323e-01   7.9507553e-01   2.1443991e-01  -3.5496146e-02   3.8801848e-01  -1.2212945e-01  -6.6441182e-02  -8.1851632e-02  -3.5160453e-01  -3.3894279e-01  -2.7964811e-01  -2.1282250e-01  -6.5105134e-02   5.5751800e-02   3.0457425e-01   1.5011923e-01   1.0913550e-01  -3.1325857e-01   1.5774234e-02  -3.1528483e-01  -3.6582736e-01   5.6488444e-01  -2.3907332e-01   4.1735173e-01  -3.4808292e-01  -1.8088696e-01  -3.5417338e-01   6.3640236e-01   1.4408385e-01   8.2835825e-02  -2.0799421e-01  -2.2030666e-01  -1.0382804e-02   8.7189936e-02  -1.7300125e-01  -1.2086488e-01   2.8307148e-01   2.2898239e-01  -2.6759171e-01  -4.0212043e-02  -1.2735962e-01  -1.8468940e-01   3.7264737e-01  -1.3865549e-01  -2.9059604e-01  -3.2482726e-01  -4.0504754e-01   2.0541092e-01  -1.0600325e-01  -2.7748916e-01  -2.3356887e-01  -4.2124226e-01   1.3626650e-01   6.1773262e-02  -1.1624599e-02  -2.0577526e-01  -3.5202141e-01  -3.3280835e-01  -3.7302755e-01   5.0191775e-02   4.7067940e-01  -3.2888310e-01  -4.7319966e-01  -3.4754565e-02  -5.3208022e-02  -4.7933300e-01   1.0073651e-01  -4.2518215e-02  -1.4372132e-01  -2.7915280e-01  -5.8472683e-03   4.1154823e-01   1.6423358e-01  -2.9448076e-01  -3.9586740e-01   4.5355392e-01   5.5498714e-01   1.0272979e-01  -1.9525872e-03   5.2979655e-02  -6.8930258e-02  -5.4734466e-03  -4.5277038e-02
  -2.0849414e-01  -6.0169961e-02   2.2425637e-01   6.1362828e-02   3.4874701e-02   0.0000000e+00   1.5100297e-02   1.2955609e-02  -3.3705074e-01   3.3418957e-01   6.8071191e-02   3.3649513e-01   2.7649897e-01  -3.8272908e-01  -1.4749385e-01   4.2316345e-01   1.8004849e-01   2.2406428e-01   1.9529629e-01   2.2587204e-01  -1.3236083e-01  -1.6258864e-02   1.5637311e-01  -3.2118374e-01  -2.1456332e-01   2.4429042e-01   5.8870748e-01  -3.3452895e-01  -6.5233779e-02  -7.2295251e-02  -2.5787407e-01   1.6687380e-01  -1.2780505e-01  -1.1533313e-01  -1.4143605e-01   4.1850428e-01  -6.4257660e-02  -4.2144780e-01   2.9932313e-01   5.9043833e-01   3.6643404e-01   1.0410034e-01  -1.7297611e-01  -7.1218617e-02  -3.5619890e-03  -1.7270626e-01   4.9496467e-01  -1.8963326e-01   2.9148867e-01   2.2576949e-01   2.4894339e-01  -1.1119957e-01  -2.2278494e-01  -9.1585325e-02  -9.8542508e-02   1.2264206e-01   3.0891090e-01  -1.3795191e-01   2.4050927e-01  -2.8135728e-01  -1.8849779e-01   1.7955906e-01  -3.7065495e-02  -2.9720895e-01  -2.3394196e-01   3.2645604e-01   6.8317511e-01  -9.6105394e-03   4.2734333e-01   5.7100268e-01  -1.8051376e-01   1.1264067e-01   1.8858020e-01   1.4072437e-01   5.1725764e-02  -1.4182959e-01  -3.3361885e-01   1.0716007e-01  -2.4239565e-01   3.5591266e-01   2.3068498e-02   3.3943332e-01  -2.3601287e-04  -2.2017643e-01   7.9059845e-02  -2.1820109e-01  -6.9252506e-02  -3.5137028e-01  -1.2208512e-01  -2.5696333e-01   2.0784578e-02  -2.8214771e-01   1.0989427e-01  -2.7752206e-01  -3.1136112e-01   1.2749367e-01   2.4591969e-01   2.0500022e-01   6.1017631e-02  -2.9500210e-02   1.3772610e-03  -1.0015110e-01   1.5689691e-01  -6.7409753e-02   1.2941796e-01  -2.2444469e-02   4.9798469e-02   3.8175374e-01   2.3298225e-01   2.8422608e-01   1.6494159e-01   2.2582421e-01  -1.0508985e-01  -2.3881823e-01  -2.8318590e-02  -1.6079699e-01   2.2598983e-01  -6.0672293e-02   2.0941792e-01   2.3073265e-01  -3.1029763e-01  -6.8444351e-02   3.6411993e-02  -3.9621694e-01  -2.5256967e-01  -3.4270405e-01  -2.3044644e-01   1.5753209e-01  -2.5981996e-01   6.3177034e-01   2.1643924e-01  -2.1339585e-01  -1.4700064e-01  -2.6341942e-01  -2.7656214e-02  -7.0606930e-02   3.4590427e-01  -1.3910594e-01   1.0781803e-01  -2.5352346e-01  -5.6379709e-02   3.1818365e-03   9.0351570e-02   5.5582866e-01  -2.4968330e-01  -1.7029024e-06   2.7214504e-02   6.2584896e-02   3.9682580e-01  -2.1163328e-01  -5.1681978e-02  -1.6591110e-01  -2.9141586e-01  -2.1235032e-02   2.7263892e-01  -3.7308516e-01  -1.5750398e-01   3.5976544e-01  -1.6869353e-01   1.7538807e-01  -8.0915873e-02   9.0271637e-02   4.2887076e-01  -2.5878437e-02  -1.2524340e-01  -1.8687295e-01  -7.9587689e-02  -1.5052325e-01  -1.7735506e-01  -6.9608406e-02  -2.1585354e-01  -1.9788704e-01  -1.0076374e-02   7.1777946e-01  -1.7125970e-01  -2.9191440e-02  -1.3204634e-01
  -1.4509344e-01   7.3313759e-02  -6.2379981e-02  -3.5765428e-01   2.4267746e-01   1.5100297e-02   0.0000000e+00  -4.3115057e-02   3.6347652e-01   3.0645934e-01  -1.4302937e-01   1.0696098e-01  -8.9689545e-02  -1.8828296e-01   1.3278094e-01   8.7156722e-02  -1.5313198e-01  -2.3759599e-01  -1.2990555e-01   3.8117049e-01  -1.5825795e-01  -4.5261635e-01  -3.0132066e-02  -2.0151476e-01   4.6752518e-02  -1.1571354e-01   1.7458615e-01  -9.7042333e-02   6.2265304e-03  -2.4874347e-02   3.3870723e-02  -2.8755180e-01  -2.2530070e-01   6.5138962e-01   2.4477662e-01   1.4655598e-01   4.0309824e-01  -1.5145227e-01  -1.3586784e-01   1.6612725e-01  -1.2514230e-01  -8.6330783e-02   5.5315165e-01  -2.8726053e-01   1.1374852e-02  -2.1340889e-01  -2.2924701e-01   6.3169956e-01  -4.0893789e-01  -1.0768386e-01  -1.6538210e-01  -4.0990060e-01   4.6908653e-01  -1.8428538e-01  -2.8704201e-03  -2.7444216e-01  -1.5481654e-01  -3.8690356e-01  -1.0114693e-01  -2.5675814e-01  -1.8771367e-01   2.5991926e-02   3.1324393e-01   1.0038397e-01   1.2333510e-01  -5.2155093e-02  -2.1672109e-01   7.2078846e-03  -2.2844610e-01  -2.0690475e-01   3.7068167e-01  -3.3260407e-01   3.2702797e-02  -2.5058047e-01  -2.3850353e-01  -3.2323831e-01  -2.6016823e-01  -1.3092104e-01   4.9887698e-01  -2.5376694e-01   1.1849324e-01   1.7696756e-03   6.4405204e-03  -3.2419905e-01  -2.2175460e-01  -3.9231499e-01   1.5980934e-01  -1.4534104e-01  -5.0719075e-02  -1.6106657e-01   6.5529312e-02  -2.5089589e-01   4.4044165e-01   2.1382864e-01  -1.9668293e-01   1.7259928e-01  -2.7569143e-01   9.9948740e-03  -2.5290868e-02   4.3505658e-01   2.0498258e-01   4.5345229e-01  -5.1317697e-01  -2.9992508e-01  -2.9952554e-01  -3.8136030e-01  -2.4606778e-01  -1.9201419e-02  -1.0352833e-01   1.0415369e-01   5.7187687e-01  -4.6478799e-01  -3.5397438e-01  -2.0998273e-01   2.0761051e-01   3.6966328e-01  -2.2083566e-01  -2.0887100e-02  -8.2813320e-02  -3.5156096e-01  -3.3999606e-01   1.4985091e-01   1.2026825e-01   3.9615303e-01  -2.5335541e-01  -3.5542386e-01   4.1411275e-01  -2.2199633e-01  -2.0734634e-01  -1.8045607e-01  -1.0691547e-01   4.3085480e-01  -4.1962965e-01   2.8007968e-01  -2.4148008e-01  -2.2389647e-01  -9.2194608e-02   2.6560427e-01  -1.4297247e-01  -7.3522046e-02   2.2886889e-02   1.0200655e-02  -2.1544630e-01  -3.1066740e-01   2.7349337e-01  -4.0052588e-01   5.7065449e-01  -1.5205477e-01   2.3135406e-01   1.5723999e-01  -3.1048642e-02  -2.8550182e-01  -1.5796094e-01   3.3604596e-01   9.7489118e-02  -1.1610868e-01  -2.9646719e-01  -1.3177974e-01  -2.6119719e-01  -4.2809976e-01  -1.2178503e-01  -4.6880331e-02   5.4588382e-02  -2.0193929e-01  -3.0394857e-01   5.2648211e-01   2.6564996e-01  -2.0845488e-01  -1.7846187e-01   1.2093324e-01   5.9209631e-01  -7.0879111e-02   3.8063932e-02  -2.3671387e-01  -3.3262055e-01  -6.3098555e-02  -3.0889194e-01
   3.5966898e-01   1.2957822e-02   2.0751042e-01   1.5106897e-02   6.1294226e-02   1.2955609e-02  -4.3115057e-02   0.0000000e+00   6.1383073e-02  -1.4066854e-01  -1.4910800e-01  -2.4392695e-01  -1.0956566e-01   3.5301298e-01  -1.2550799e-01  -1.4161462e-01   2.1881664e-01  -2.1936573e-01   1.8560521e-01  -4.0267436e-02  -7.3821266e-02   1.5888903e-01  -1.2388156e-01   3.6228916e-01  -1.0839820e-02   4.2941999e-01  -6.2076249e-02  -1.0986654e-01   2.6677056e-01   9.0864054e-02  -1.4698962e-01   1.4197222e-01   1.4194764e-01  -4.3752970e-02   9.9758065e-02  -2.4199786e-01  -1.8402453e-01   2.4205755e-01  -4.3204964e-02  -1.2997533e-01  -1.8922892e-01  -1.5477011e-01   1.6846351e-01   7.5327930e-02  -9.4990553e-02   4.1320023e-01  -2.1722732e-01  -1.8492092e-02   9.2437751e-02   1.3404363e-01  -1.0319957e-01   5.1347498e-01  -1.9024846e-02   3.6661360e-01   1.9125977e-01  -2.5039112e-01   2.6656290e-01   3.4708429e-01  -6.4046572e-02   2.6508411e-01   3.5735817e-01   1.4412933e-01   2.8467188e-02   2.2368354e-01   1.3932883e-02  -2.1496363e-01   1.3312983e-01   6.8456055e-02  -4.6983484e-03  -9.9129850e-02  -8.3175443e-02  -6.4323596e-02   7.7895753e-02   1.9503043e-01   7.4933234e-02   5.1935895e-01   3.2425864e-01   3.6047134e-01   2.7467187e-03  -1.2918468e-01  -1.9159633e-01   2.2392878e-02  -1.7369091e-01   4.4748843e-01   2.9995023e-01   3.1982996e-01  -1.5852563e-01   2.2396312e-01   1.2307628e-03   2.9784024e-01   2.1925402e-02   3.8135327e-01  -5.8541766e-02   1.6331821e-01   2.1585096e-01   5.7500247e-02  -7.8197566e-02   4.5328079e-01  -2.1649059e-04  -1.0997120e-01   2.3307751e-02   2.5823111e-02   3.7083330e-02   1.6435145e-01  -8.5958751e-02   1.9025800e-01   1.9603958e-01   3.8293382e-01  -1.4873187e-01  -4.2569146e-02  -7.2635480e-02  -5.6661733e-02   1.3671703e-01   2.8304640e-01  -1.2991414e-01  -9.6807938e-02   4.3252067e-02   5.3323075e-03  -1.4209842e-01  -1.0963554e-01   2.2094464e-01   6.9891783e-02   8.1474553e-02  -6.3691686e-02   4.6597636e-01   3.6965695e-01  -9.0206131e-02   1.5292729e-01   2.5657739e-01   1.4733431e-02   4.5775310e-02  -1.2785645e-01   2.1531971e-01  -4.9777199e-02   2.5018724e-01   5.9704331e-01  -1.1794170e-01  -2.7993912e-01   5.5094732e-01   1.2055520e-01   2.7904747e-01  -2.0983284e-01  -3.9093046e-02  -1.4338001e-01  -4.6460897e-02  -2.7089763e-02  -1.4143758e-01   5.9281577e-02  -4.9864415e-02  -1.2092467e-01   2.3305208e-01  -9.3133665e-02   2.7641794e-01   1.4175888e-01  -1.9091655e-02   1.5834354e-01   1.1191620e-02  -1.3004311e-01   3.6975663e-01  -1.1805294e-01   2.2001995e-01   3.8777766e-01  -1.2961499e-01   2.5579523e-03   1.6982058e-01  -5.3432016e-02   9.4475593e-02   2.1483146e-01   2.7875615e-01  -2.4162228e-02   3.1244269e-02  -2.1357924e-01   3.1426241e-02   7.6490725e-02  -3.3507943e-02  -2.7920693e-02   3.4615734e-01
   8.9747854e-02   1.3000888e-01  -2.0092199e-02  -4.9270461e-02  -5.4221646e-03  -3.3705074e-01   3.6347652e-01   6.1383073e-02   0.0000000e+00   7.4963795e-03  -4.2183019e-02  -3.4353477e-02  -1.5708487e-01   2.2139419e-01   1.8615958e-01  -3.5116170e-01  -1.6068922e-01  -1.8335501e-01   2.7900875e-02  -7.2521451e-02  -3.5440496e-02   1.2830877e-01  -8.6752744e-02   1.2080243e-01   1.3972953e-01  -1.0558789e-01  -1.7350692e-01   1.3948495e-01   3.4652480e-01   3.5275666e-01  -1.0838029e-01  -3.6769964e-02  -2.0788442e-02   2.7311452e-01   4.2310543e-01  -2.8396218e-01   2.2010143e-01   1.8848366e-01  -3.4995456e-01  -1.5684916e-01  -1.6425932e-01  -1.5724834e-01   3.7375916e-01  -1.9381523e-01   1.1635954e-01   1.0924681e-01  -3.6396872e-01   3.6308952e-01  -3.3948660e-01  -2.7149094e-01   9.0274044e-03  -1.3573596e-01   7.3873687e-02   1.0731356e-01   1.7926719e-01  -1.2857943e-01  -4.3275331e-02  -6.9880866e-02  -6.3724619e-02   2.8937039e-01   2.1251443e-01  -5.8570407e-02   3.0975921e-01   2.0487442e-01   2.8124040e-01  -3.0787919e-02  -4.0860623e-01  -2.9052731e-02  -2.7783578e-01  -1.7207883e-01   1.1304017e-01  -1.4254562e-01  -5.4372076e-03   1.9379822e-02   1.9419543e-02  -3.1048710e-02   2.1079411e-01   6.5251454e-02   2.9114602e-01  -2.9908638e-01   2.4442147e-02  -1.1396050e-01  -1.4660453e-01   8.6568451e-02   3.2158696e-02  -8.9533935e-02   7.4376523e-03   2.5283037e-01   4.5316391e-02   1.6355201e-01  -1.5856232e-01   1.4850908e-01  -5.7849049e-02   5.6535770e-01   1.4602369e-01  -1.3884411e-01  -1.8905024e-01   1.6903904e-01  -1.4992025e-01   2.9065594e-01   1.5835433e-01   2.4429431e-01  -3.0894635e-01   1.9434733e-01  -3.2028398e-02   4.4854562e-02   4.0693528e-02  -4.3244388e-02  -2.3295016e-01  -3.8085999e-01  -1.4123605e-02  -2.0746431e-01   1.8940855e-01   1.0212093e-01   3.1522032e-01   8.1486681e-02  -6.4499370e-02   2.7679396e-02  -1.3930037e-04  -9.6039233e-02   9.1202140e-02  -2.1230155e-02   1.1617138e-01   5.2199300e-01   1.6813539e-01   1.3551565e-01   2.7595629e-01  -6.7106458e-02   3.2421076e-01  -2.7548028e-01  -1.8549006e-01   6.4344718e-02   2.8422280e-03   2.9960198e-01   2.6142543e-01  -2.9358564e-02  -2.7949953e-01   6.2765442e-02  -6.1341930e-02   1.4761183e-01   1.1258423e-01  -5.6268318e-02  -1.2526052e-01  -3.3530913e-01   3.3577085e-01  -2.4986609e-01   1.4144751e-01  -1.1958081e-01  -1.8507080e-01   2.8534337e-01   2.8407448e-01  -2.1276529e-01   2.2824388e-01   9.8452465e-02  -1.7072293e-01   1.6544236e-01   1.0019981e-02  -1.0784969e-01   2.3199365e-02  -2.9868537e-01   2.9822138e-02   1.0977044e-01  -1.4224485e-01   1.3108543e-01  -4.6224700e-02   1.9149042e-01   1.0143318e-01   1.8935907e-01   1.6742526e-01  -2.4633227e-01   2.4226012e-01  -1.7700197e-01   7.8006253e-02  -3.6000832e-01   9.4821246e-03  -2.0718709e-01   1.5923013e-01
  -2.3141003e-01  -1.6506935e-01   3.2532182e-01  -4.4336523e-01   7.4377385e-02   3.3418957e-01   3.0645934e-01  -1.4066854e-01   7.4963795e-03   0.0000000e+00  -1.0257376e-01  -1.0784373e-01   3.8918069e-01  -4.0648037e-01   2.2860211e-01   1.2486963e-01   2.4028152e-01  -8.8383449e-02   4.0426134e-02   1.6522120e-01  -2.8570287e-01  -4.5703091e-01   9.8789103e-02  -3.8682263e-01  -1.3956706e-01   6.7577773e-02   5.2649040e-01   1.9467993e-01  -1.4330746e-01  -3.5519935e-01  -1.0431437e-01  -1.3599044e-01  -2.6735806e-01   5.7272691e-01  -2.2851681e-01   1.9686430e-01   1.0818674e-01  -3.7446144e-01  -6.0452513e-02   5.8062552e-01   2.9556376e-01   2.3339479e-02   6.7376364e-02  -2.1128650e-01   2.5784625e-02  -1.3661734e-01  -7.6894338e-02   3.0177858e-01  -1.3762329e-01   2.1864742e-01  -8.6693229e-02  -1.3698363e-01   2.5673976e-01  -3.0531327e-01  -1.0583155e-02  -1.1768230e-01  -9.0496508e-02  -3.8959483e-01   6.7488140e-03  -4.1908626e-01  -1.7574428e-01   3.8862357e-02   1.7339351e-01   7.9132989e-03  -2.1475277e-01   8.4848122e-02   4.2231795e-02  -1.5651458e-01  -7.5633502e-02   2.8242357e-01   1.5787020e-01  -3.5633658e-01   3.8885336e-02  -1.9204483e-01  -1.5959604e-01  -3.5105883e-01  -3.1158425e-01  -5.0320041e-02   3.3126016e-02  -1.0605123e-02   2.9103712e-01   6.0779058e-02   9.4460062e-02  -3.5083636e-01  -1.5110712e-01  -4.4725119e-01  -9.5195458e-03  -2.8587149e-01  -4.6606403e-02  -3.1423402e-01   5.2059306e-02  -2.6260765e-01   3.1843054e-01  -1.9935863e-01  -2.1857469e-01   1.7441903e-01  -2.9913359e-01  -8.6540878e-02   8.0035642e-02  -1.3444908e-01   3.8831939e-01   4.4469481e-01  -3.7060544e-01  -5.6530133e-01  -1.7680809e-01  -4.0886291e-01  -6.1066010e-03  -2.1789141e-01   2.5335355e-01   1.3307812e-01   2.9964809e-01  -2.6179593e-01  -3.3752878e-01  -3.6375129e-01   4.5420148e-01   1.2884647e-01  -2.6191839e-02   7.6814513e-02   1.5647710e-01  -2.1419304e-01  -3.7386882e-01  -5.5266117e-02  -8.7723012e-03  -1.2943346e-01  -3.1814547e-01  -4.7536852e-01  -2.1108998e-01  -1.4718389e-01  -2.3839785e-01   3.6779528e-01   1.8624710e-01   2.5222188e-01  -4.1313752e-01   1.5242954e-01  -1.8449510e-01  -2.5865872e-01   1.3733299e-01   4.2355986e-01  -1.5860273e-01  -2.2942520e-01   5.0186244e-02  -1.1829095e-02  -1.0392135e-01  -6.6830160e-02  -1.6607833e-01  -2.6202146e-01   4.3458684e-01  -1.5569446e-01   1.5380713e-01   5.6013917e-02   2.2746569e-01  -7.9443205e-02  -3.3092539e-01  -5.6120647e-02   3.8293570e-01  -3.8428732e-01  -1.5544914e-01   1.2440212e-01  -7.5117231e-02  -2.2375158e-01  -3.6265999e-01  -1.3480441e-01   5.8736165e-01  -2.5871466e-01  -4.0962175e-01   1.6475165e-01  -2.8868696e-01  -1.6893007e-01  -2.1485942e-01   8.8009100e-03   1.6305565e-01  -5.5294560e-03  -1.2393054e-02   1.8508132e-01  -2.3940061e-01  -1.4156090e-01  -3.2648548e-01
  -3.1237674e-01  -3.2396309e-01  -5.5296016e-01   2.8380875e-01  -2.2457676e-01   6.8071191e-02  -1.4302937e-01  -1.4910800e-01  -4.2183019e-02  -1.0257376e-01   0.0000000e+00   8.6994018e-02  -7.8697868e-02  -1.8701652e-01   5.8927613e-02   1.7428930e-01  -5.2732728e-01   5.6596281e-01   3.2545767e-02  -5.5502195e-02   2.1907434e-01   2.1143486e-01   1.3275110e-01  -2.3411674e-01  -5.9475616e-02  -5.1833868e-02  -6.8024079e-02  -2.1641035e-02  -3.6277522e-03   4.8020260e-01  -1.3818047e-02   4.6596674e-01  -2.1440901e-01  -2.9975282e-01  -6.5639522e-02   5.0202617e-01  -5.9136604e-02  -1.6352516e-01   6.3822224e-02  -1.2412232e-01  -6.2253486e-02   2.4365417e-02  -4.6755398e-01   2.8936085e-01   4.9962152e-01  -2.1880442e-01   6.2455520e-01  -1.6953592e-01   1.2055091e-01  -4.2521217e-01   6.0544295e-01   1.2751797e-01  -4.0772218e-01  -3.7765849e-01  -3.8340429e-01   4.4031493e-01  -2.3494084e-02  -1.1114858e-01   4.9092543e-01  -5.6923736e-02  -1.3975648e-01   2.0314846e-01  -3.9975304e-01  -1.0252944e-01   4.5198278e-01   6.8216737e-01  -1.3532215e-01  -3.3179444e-02   6.1571552e-01   1.1680135e-01  -5.0514646e-01   3.9319417e-01   1.9598866e-02  -2.6885193e-03   3.3503695e-02  -1.3681969e-02  -1.5381585e-01   6.3450928e-02  -1.7468281e-01   1.9992205e-01   2.0084086e-01  -2.3969218e-02   4.1810845e-02  -3.6991719e-02  -2.5074629e-01   1.2487803e-01  -4.0682499e-03  -2.4492874e-01  -4.3337692e-01  -2.6812256e-01  -1.4276505e-01  -2.8672055e-01  -4.0571910e-01  -6.0893432e-02  -1.8022093e-01  -3.8676533e-01   7.2524311e-02  -7.7246651e-02  -7.1958737e-02   2.9634944e-01  -4.9316003e-01   2.4847168e-02   3.1129304e-01   1.9011556e-01   5.6836755e-01   1.2521063e-01  -2.4622524e-01   2.4941536e-01   9.3715850e-02   9.2504525e-03  -1.7231250e-01   4.8835541e-01  -5.1816601e-02  -1.6190772e-01  -9.7803382e-02  -1.7851342e-01   3.8609035e-01  -1.5056536e-01   1.0490393e-02   3.2166284e-01  -2.7788153e-02   3.1617377e-02  -3.1578788e-01   5.7753896e-02  -1.9975004e-01  -1.6442398e-01   2.0350595e-01  -1.2136641e-01  -1.3010840e-01  -9.3748772e-02  -6.4199043e-02   1.6898163e-01  -6.4882251e-02  -8.1362403e-02  -8.1488154e-02  -4.5742826e-02   9.3428906e-02  -1.1278923e-01   2.1871105e-01  -2.2186161e-01  -2.1808499e-01  -1.4817388e-01   6.5965771e-01   1.6110711e-01   1.4293930e-01   3.3726232e-01  -3.7281562e-01   4.6920100e-01   3.9126010e-01   1.6695140e-01  -2.9124865e-01   1.5239452e-01  -9.6880131e-02   3.2230893e-01  -5.1468290e-01  -3.0499590e-01  -4.6332720e-03   4.2713866e-01  -2.1102093e-01   5.7678492e-01  -7.3959917e-02   3.7286276e-01   2.3199436e-01   5.5865357e-01  -2.7985428e-02  -3.4552189e-01   3.3942821e-01   4.4887493e-02  -8.1141760e-02  -3.4235533e-01  -3.9007938e-01  -1.4249961e-04   3.7623687e-01  -1.3332786e-01  -9.8112595e-02   9.6642957e-02  -1.1546820e-01
  -3.1491017e-01   4.0884699e-01   3.3874961e-02   1.3207171e-01  -2.3324001e-01   3.3649513e-01   1.0696098e-01  -2.4392695e-01  -3.4353477e-02  -1.0784373e-01   8.6994018e-02   0.0000000e+00  -2.0114151e-01  -2.4020608e-01   7.2299349e-02   2.5273921e-01  -4.8695497e-02   9.0532058e-02  -7.6385197e-02  -7.0805830e-02   2.7747574e-01   1.6693496e-01   3.0788226e-01  -3.3690984e-01   3.8978862e-02   3.3046004e-02  -7.8467045e-02  -2.0432625e-01   1.0634957e-01   1.3643595e-01   1.1891508e-01   7.9499785e-02  -6.8466247e-02  -6.1418826e-02   2.9288049e-01  -7.4883370e-02   1.8643003e-02  -2.3331638e-01   2.0850081e-01   1.2599621e-02   7.9922402e-02  -7.5415388e-02  -9.1010633e-03  -4.3903054e-02  -1.6712995e-01  -1.7794522e-01   2.2720557e-01  -6.4292945e-02  -6.0785900e-02  -3.3991915e-02   1.8420078e-01  -2.8211719e-01  -6.0684669e-02   1.0876110e-01  -2.2712213e-01   4.2946056e-01   8.7833779e-02  -1.0347479e-01   1.0080031e-01   1.2801963e-02  -1.1730138e-01  -1.6874119e-01  -4.5162528e-02  -9.9143586e-03  -1.9683974e-01   1.2022392e-01   2.4974558e-01   3.1078257e-02   1.6483284e-01   3.4455568e-01   1.0909549e-01   1.3056952e-01  -6.4781536e-02   2.6643183e-01   1.1715652e-01  -8.3365156e-02  -1.6283140e-01  -3.5108834e-02  -1.4985289e-01   1.5885041e-01   1.5146161e-01   7.4918101e-02   2.2249521e-01  -1.6939446e-01   1.7498898e-01  -3.9359635e-02   1.4577607e-01  -2.2942629e-01   8.4071818e-03  -2.0685177e-01  -2.1004746e-01  -1.5270769e-01   1.1277817e-01  -2.0181460e-02  -2.5708695e-01  -2.2170192e-01   2.4187540e-01  -2.2516154e-02  -2.4260733e-01   1.6464092e-01   1.0660613e-01   5.6621152e-02   3.1049806e-01   2.5553230e-01   1.3827810e-01   1.2107353e-01   1.5148675e-01   6.0338188e-02  -1.5346988e-01   1.3057021e-01   1.6559990e-01   3.0344716e-01   6.4868593e-02  -2.6289998e-01   1.2539166e-01  -6.9841003e-02   1.1490430e-01  -2.7295224e-01   3.3997634e-01   2.1971788e-01  -2.8164956e-01  -2.3481662e-01   2.3841960e-01   7.9274426e-02  -2.5748555e-01  -2.4839298e-01   1.3634649e-01   1.0555061e-01  -7.4226333e-02   2.0792285e-01   1.6856355e-02  -3.6503219e-01  -2.3977537e-02   5.3342540e-02  -1.2705919e-02  -1.1209203e-01   3.6704168e-02   6.0472239e-03   8.1038978e-02  -3.0326114e-01  -1.6941850e-01  -2.0702812e-02   9.8076771e-02   5.5266700e-01   2.0465812e-01   2.9984584e-01   2.4997260e-01  -9.3264180e-02   3.2280674e-02   1.7483104e-02  -1.4769978e-02  -4.4304610e-02  -1.6105865e-01  -1.1488929e-02   9.8801546e-02  -1.7162108e-01  -1.0663372e-01   1.1371590e-01  -2.5700719e-01   1.6666286e-01  -4.0613103e-02   1.8107575e-02  -9.0242095e-02   8.3993506e-02   8.6384037e-02  -1.1073387e-02  -8.1283930e-02  -6.6776152e-02  -1.1207504e-01   1.2078211e-02  -1.1540819e-01  -1.7158447e-01  -1.9276129e-01   3.2780389e-01   5.1802969e-02  -3.6332594e-02  -1.0024588e-01
  -1.3660650e-01  -1.1819771e-01   2.5941155e-01  -1.3210337e-01   3.9962447e-01   2.7649897e-01  -8.9689545e-02  -1.0956566e-01  -1.5708487e-01   3.8918069e-01  -7.8697868e-02  -2.0114151e-01   0.0000000e+00  -2.0473821e-01  -1.3669029e-01   2.5522328e-01   2.6893697e-01  -8.6945058e-02  -7.8886318e-03   4.5290538e-01  -3.1418692e-01  -2.4477762e-01  -1.1845934e-01  -2.1570469e-01  -8.5830385e-02  -2.6703399e-02   4.2428956e-01  -6.2415928e-02  -1.0266835e-01  -3.9608502e-01  -2.2976565e-01  -9.0855080e-02  -7.3334589e-02   7.9130862e-02  -3.1951665e-01   2.8825135e-01   5.2586603e-02  -2.3466624e-01   1.3332315e-01   4.5847242e-01   6.4098757e-01   1.7297593e-01  -1.2585191e-03  -8.3962685e-02  -2.3775813e-02  -2.2399738e-01   1.0331899e-01  -8.3423477e-02   2.3883790e-01   4.0488502e-01  -7.4493260e-02  -7.4269561e-02   7.9935137e-02  -5.6943377e-02  -7.1069713e-03  -2.0359871e-01  -1.1152354e-01  -2.5490603e-01  -6.7565795e-03  -3.1785554e-01  -1.8912864e-01   2.3340669e-01   2.4832720e-01  -2.1571300e-01  -2.2242732e-01  -4.4957369e-02   1.6092974e-01   6.4649415e-02   1.6492018e-02  -6.6025944e-02   8.5892460e-02  -1.1439148e-01   3.3251594e-01  -1.6106939e-01   3.8606542e-03  -3.1586908e-01  -1.9188322e-01   2.9138124e-02   9.7490631e-02   3.6106187e-01  -5.7566375e-02   3.0262936e-01  -1.1743157e-01  -3.0844842e-01  -1.8201961e-01  -2.4267182e-01  -1.8191109e-01  -2.0465655e-01   2.6288270e-01  -1.7360214e-01   3.0733600e-01  -2.2632877e-01   2.7854334e-01  -3.1367067e-01  -2.1004534e-01   4.3760160e-01   2.5122591e-01  -9.1034264e-02   3.4842988e-01  -3.4177812e-01  -4.3520384e-02  -1.7522596e-01  -1.4117447e-01  -3.0100868e-01  -1.1356797e-01  -2.3037088e-01   6.3655082e-02  -3.8339284e-03   4.5149318e-01   1.6339633e-01   5.4983909e-02  -1.9033375e-01   4.1339418e-02  -2.3353835e-01  -6.2267395e-02   8.4597168e-02  -4.0362531e-02   4.9683150e-01  -1.4599698e-01  -6.2434895e-02  -2.1321079e-01   1.6835937e-01   1.5987750e-02  -3.0958458e-01  -2.0985783e-01  -2.6918563e-01  -4.1020544e-01   1.5296290e-01  -1.7965731e-01   1.2434428e-01   4.4339575e-01   1.3164792e-01  -2.2715247e-01  -1.9033603e-01  -1.0175041e-01  -2.8868489e-01   4.4127408e-01   1.2537303e-02  -3.0349428e-01  -1.3520445e-01  -1.0001018e-01   3.3688843e-01   2.6682106e-02   7.0568023e-03  -3.7106915e-01  -2.4147331e-01   6.9821445e-02  -8.7784754e-02   6.5815580e-02  -1.8462243e-01  -1.3928898e-01  -1.0837128e-01  -2.3394399e-01  -1.3212584e-01   3.9511588e-01  -2.4758202e-01  -1.5247293e-01   2.0731505e-01  -1.8590964e-02  -1.5594866e-01  -3.3895215e-03  -4.3807206e-02   1.1504715e-01  -1.8848331e-01  -1.7369402e-01   9.3408035e-02  -3.2441267e-01  -2.6488001e-01  -2.3798984e-01   1.9716946e-01   9.5413122e-02   5.7800805e-02  -1.0146915e-02   2.5139502e-01   2.2157240e-01  -2.5276079e-02  -1.5936967e-01
   6.5708869e-01  -3.0084922e-03  -1.7099534e-02   1.5014744e-01  -2.6836266e-01  -3.8272908e-01  -1.8828296e-01   3.5301298e-01   2.2139419e-01  -4.0648037e-01  -1.8701652e-01  -2.4020608e-01  -2.0473821e-01   0.0000000e+00   7.9413789e-02  -4.7787758e-01   1.3434568e-02  -2.3439733e-01   1.3898249e-02  -3.9134737e-01   1.3370254e-02   3.2301014e-01  -1.5933027e-01   7.1887629e-01   1.2295251e-01   1.0188288e-01  -4.4401091e-01   1.5866819e-01   1.8680311e-01   2.7309597e-01   6.7620507e-02  -2.7095470e-02   2.0196134e-01  -2.1030433e-01   2.9416234e-01  -4.4797449e-01  -3.0646742e-01   6.3051612e-01  -2.8742268e-01  -5.0004832e-01  -3.4323091e-01  -2.0664048e-01   5.8075036e-02   2.3264232e-01  -3.0871476e-02   5.7471900e-01  -3.8332123e-01  -6.5809288e-02  -9.5622297e-02  -2.1800968e-01  -1.3134368e-01   3.7907716e-01  -1.3798268e-01   3.8903516e-01   4.9257827e-01  -9.5640366e-03   4.8764559e-02   4.7115314e-01  -2.3450997e-01   4.5946627e-01   5.8872087e-01  -6.8182163e-03  -4.4167015e-02   3.0407997e-01   1.5981079e-01  -2.7273460e-01  -1.7179456e-01   6.0810263e-02  -3.0501770e-01  -1.3215904e-01  -1.9762795e-01   2.0970630e-02  -1.6639848e-01   3.7008897e-01   2.0496845e-01   4.0396144e-01   6.1908656e-01   3.3194825e-01  -1.7557712e-01  -2.4586030e-01  -5.1713446e-02  -1.8772803e-01   1.7814334e-02   6.0897284e-01   5.0248078e-01   3.5255718e-01  -1.9629234e-02   6.8439054e-01  -9.9478655e-02   6.6069008e-01  -3.1031509e-01   5.6996976e-01  -3.0785700e-01   3.8179810e-01   5.2445666e-01  -2.8892446e-01   2.0275344e-02   2.6596619e-01  -1.0796831e-01  -1.3156620e-02   1.0547972e-01  -1.2668961e-01   1.1327211e-01   4.2784410e-01  -8.7503015e-02   2.4747594e-01   2.3701530e-01   6.4600555e-02  -2.7743167e-01  -3.2550516e-01  -1.8729634e-01  -8.0144059e-03   1.8794106e-01   6.6752310e-01   5.0005047e-02  -3.4161268e-01   6.4700882e-02  -2.5044705e-02   6.9086935e-02   2.6651849e-02   6.0293978e-01  -2.0054422e-01  -3.8906304e-02   2.9286105e-02   6.5376820e-01   7.5063597e-01  -2.9870226e-03  -3.8445547e-02   4.5162425e-01  -1.3830207e-01  -2.5777453e-01  -1.2575178e-01   5.6481466e-01  -5.3975876e-02   3.3556365e-01   3.8934506e-01  -2.7427816e-01  -1.3556161e-01   1.7707042e-01   4.6313884e-01   4.5226839e-01  -8.1899768e-02  -9.0376292e-02  -1.5341435e-01   7.6476119e-02   8.5847347e-02  -2.7886379e-01  -1.4881235e-01  -2.0968394e-01  -1.9455024e-02   3.7593292e-01   1.5296502e-01   5.9768378e-01   7.4592501e-02  -3.1614225e-01   6.3954998e-01   3.7062495e-01  -2.6477939e-01   4.0220733e-01   3.8411861e-02   2.7916256e-01   1.2421269e-01  -3.6190158e-01   1.2229446e-01   3.2678047e-01  -1.9715252e-01   8.1693140e-03   4.0440976e-01   5.9093441e-01  -2.2555387e-01  -1.7936145e-01  -1.4154589e-01   9.7699656e-04  -2.6503516e-01   2.1321455e-01  -1.0445355e-01   3.6288235e-01
