   0.0000000e+00  -5.0731447e-02   1.6860418e-01   1.1900656e-01  -2.3457049e-02   5.4802584e-02  -1.4026879e-01  -2.8426951e-01  -2.3869130e-01   8.1505369e-02  -1.7811221e-01   2.2143975e-01   1.5293321e-01   2.5447712e-01   7.9544566e-02   3.0835993e-02   3.2766703e-01  -1.3473466e-01  -1.2396666e-01  -7.4984529e-02  -4.6378473e-02  -6.7913958e-02   3.9092007e-02  -2.2743652e-02   3.1204719e-01  -6.5267276e-02  -7.0171099e-02  -9.0185937e-02   9.3937496e-02  -1.3004903e-01   1.7545826e-02  -9.0971697e-02   2.1705035e-01   6.3578633e-02  -5.3381052e-02  -2.1238171e-01  -6.8077677e-02   4.3420601e-02   6.8843685e-02   1.8756090e-01   1.2157497e-01   1.0308522e-01  -2.6870445e-01   1.4479527e-01  -2.7541159e-01   8.8719534e-02  -2.5224993e-01  -9.6991818e-02   5.9272753e-02   1.6009575e-01  -8.2725285e-02  -2.5202910e-01  -1.5433431e-01   4.1024036e-01   2.3799119e-01   1.6958679e-02   5.0822602e-02  -1.6090821e-01  -2.2876684e-01   1.0769827e-02   4.1205750e-01  -2.0581479e-01  -1.6039545e-01  -2.7556045e-01  -4.6298176e-01  -2.0790600e-01   8.2682063e-02  -6.2139594e-02  -2.1295867e-01   2.3135819e-01  -1.4171865e-01  -5.2010180e-02   1.1235248e-01   6.5803857e-01   3.3784373e-01  -2.3898193e-01   5.6338187e-02  -7.5215201e-02  -4.9664372e-02   2.8704166e-01   1.0478219e-01   2.1966152e-01  -2.7036171e-02  -8.5895557e-02   3.2021974e-01  -7.0365666e-02  -4.9939857e-02   7.5633961e-02  -9.9962148e-02   1.3113445e-01  -1.1613559e-01   4.0924657e-01   1.8494698e-01  -2.5508832e-01  -1.0353834e-01   7.3761628e-02   2.0338022e-02  -1.1880262e-01   2.4802173e-02  -3.8273043e-02   3.5782297e-01  -1.7786406e-01   7.8024690e-02  -1.1502901e-01  -3.3767581e-01  -9.1557907e-02   2.3839240e-01  -2.5016706e-01   2.9952663e-02   3.7728835e-02  -6.5704257e-02  -1.4256498e-01   1.2384451e-02   5.3623389e-01   2.2669405e-01  -7.6738567e-02  -7.5760300e-02   2.8911201e-01   3.5355137e-01   6.1394224e-02  -4.0794040e-02   6.6313979e-03   1.7007127e-01  -4.1159270e-01   3.8483906e-03   1.6810203e-02  -2.7133492e-01   2.0803505e-01  -2.1936749e-01   4.2101193e-01   2.5494602e-01  -1.8437014e-01   4.0455476e-01  -2.5754895e-01  -2.2473999e-01  -2.1238022e-01   3.5151762e-01   1.0660554e-01  -7.5045253e-02   7.5573177e-02   9.2287726e-02   8.2080661e-02  -3.7182149e-01   4.4884226e-01  -2.6442312e-01  -1.5755653e-01   2.3909999e-01  -2.6171682e-01  -1.4728429e-01  -7.5800993e-02   6.8252960e-02  -1.7367196e-02   4.8915448e-02  -2.9939456e-02   3.3146167e-01   1.4482244e-02   8.2002139e-02  -1.6353219e-01   4.3093623e-01   1.4638782e-02  -4.4176495e-02  -3.0520920e-01  -1.7199484e-01  -2.6879019e-01  -1.0516531e-02   4.8088862e-02  -1.2574830e-01  -2.1237631e-01   1.7453693e-01  -5.1959949e-02  -2.1371282e-02  -2.1153804e-01  -2.7246698e-01   9.8991929e-02   2.2052430e-01   3.8821606e-02  -1.6687231e-01
  -5.0731447e-02   0.0000000e+00   4.7414438e-01  -3.7131359e-01   5.0671420e-01  -5.3876625e-01  -2.7451231e-01  -2.9486010e-01   5.3004686e-01   3.0060556e-01  -4.3970944e-01   5.0540435e-01  -6.7481561e-02  -2.9994189e-01  -5.3028368e-01  -1.3426064e-01   5.2024815e-01  -3.2937251e-01  -1.1376067e-01   2.5179605e-01  -4.3551959e-01  -4.6152967e-01  -5.4565921e-01  -1.2325790e-01   4.5016464e-02   7.9097934e-03   2.0579227e-01  -4.1313300e-01   2.8323981e-01  -4.1029447e-01  -7.0297124e-02  -3.9668738e-01   1.9642278e-01   1.5639347e-01  -3.2193009e-01  -5.4963953e-02   1.1228932e-01   1.9401273e-01   4.6189631e-02   2.1823600e-01  -3.4892674e-02   1.6240847e-01   3.6547703e-01   1.1879451e-01   1.4661282e-01   1.6838625e-01  -2.9241509e-01  -7.5419630e-02   3.1390496e-01   4.6060011e-01  -6.3380870e-01  -4.1134354e-01   6.4257855e-02   3.5540927e-01  -1.7121319e-01  -3.9031501e-01  -1.1051203e-01  -4.7026348e-01  -1.9200803e-01   3.3034019e-02   2.8460638e-01  -2.5833918e-02   6.4445326e-01   1.4635854e-01   4.5124530e-01  -2.2903770e-01  -4.8274157e-01   1.4344510e-01  -5.2391416e-01   7.8621064e-02   4.7472621e-01  -2.8167878e-01   1.3681064e-01   2.0295114e-02   3.5632274e-01  -2.9828375e-01   8.2026445e-02  -2.9739036e-01   5.7364211e-01   7.4886345e-02  -4.1841518e-01  -7.8236249e-03   5.4853545e-01  -3.7283262e-01   4.8589648e-01  -4.3628043e-01   1.2826259e-01  -2.2119683e-01   4.5757681e-01  -3.7815258e-02   4.8944489e-01   3.6294017e-01   4.1992114e-01  -6.6115233e-02   2.3193704e-01   2.9559597e-01  -1.4769812e-01  -4.6869588e-01   1.5432855e-01  -4.5562348e-01   8.9740920e-02  -4.7145617e-01  -2.0225088e-01   2.2238170e-01  -4.2334895e-01  -2.8048369e-01   3.1923217e-01  -4.9700809e-01  -6.6576446e-03   3.0846251e-01   2.3033414e-01  -4.3010822e-01  -1.0732505e-02  -1.0594350e-01  -2.9834195e-01   5.6051936e-01  -4.5099355e-01  -3.4079609e-02  -3.5913119e-01  -4.5470899e-01  -5.6223686e-02   4.5172535e-01   5.0420344e-01   4.8683913e-01   4.7949507e-03  -2.4728343e-01  -7.1758157e-02   1.2641727e-01  -3.0544832e-01   3.2682798e-01   2.0635595e-02   3.7115409e-02   6.3348640e-01  -1.6111292e-01   2.4283304e-01  -4.6105035e-01   1.5295628e-01  -3.7015204e-01  -5.0021416e-01  -8.5466838e-02  -6.9413689e-02  -2.1765624e-02  -4.6808330e-01  -2.2671455e-01  -4.5092309e-01  -1.8528080e-01   1.0655830e-01   3.2648046e-01  -3.4020223e-01  -5.0830934e-02  -2.5488118e-02  -1.7608650e-01   2.0810396e-01  -2.7990434e-01   5.6199830e-01  -3.6516021e-02   6.9914698e-03  -3.6431821e-01   2.5751494e-01  -5.0899962e-01   1.8628729e-01  -3.9750119e-01   3.3534872e-01  -4.7022297e-01  -4.5659039e-01   5.0450266e-01   5.6012116e-02  -5.1642346e-01  -3.3804755e-02   7.1812481e-01   3.5322634e-01   2.1215635e-01  -1.7552401e-01  -8.2875510e-02  -1.2459533e-01   3.5108204e-02  -3.1613789e-01
   1.6860418e-01   4.7414438e-01   0.0000000e+00  -1.9774400e-01   3.5464429e-01  -2.8570706e-01  -2.5204570e-01  -3.0998543e-01   1.5563373e-01   4.7247616e-01  -3.0948052e-01   7.4553453e-01   1.1708565e-01  -9.8842182e-02  -3.2632867e-01   1.0084259e-01   8.8810790e-01  -2.9534346e-01  -1.0614372e-01   2.7894385e-01  -5.0446784e-01  -2.2594532e-01  -5.0622230e-01  -2.4045913e-01   2.8920234e-01   1.6583928e-01   4.0239665e-01  -2.3582388e-01   4.3181243e-01  -3.4134008e-01  -2.3501019e-01  -2.9743210e-01   1.8470316e-01   1.4525400e-01  -9.1672282e-02  -1.2086267e-01  -2.9307774e-01   6.1704975e-02   2.0867860e-01   4.0349731e-01   1.3260453e-01   4.3380725e-01   1.8582350e-01   9.2133326e-02  -8.5648167e-02   4.4065589e-01  -1.2777495e-01  -3.8800273e-01   1.5522836e-01   7.6374286e-01  -5.8672025e-01  -3.5572365e-01  -2.5111838e-01   5.3660199e-01  -1.7911096e-02  -1.6015788e-01  -1.3128120e-01  -2.7642003e-01  -2.5887016e-01   2.3156622e-01   6.2646391e-01  -2.4179033e-01   3.6107191e-01  -3.3172750e-01   2.3680807e-02  -3.3996847e-01  -2.3347064e-01   1.1858185e-01  -2.7035859e-01   6.0636438e-01   8.4324969e-02  -1.9524368e-01   1.0730564e-01   2.4362190e-01   6.0658364e-01  -1.9428250e-01   2.7022826e-01  -2.9265850e-01   3.7289385e-01   1.4360004e-01  -1.2951273e-01   1.1788851e-01   1.2443452e-01  -2.8221422e-01   4.3630657e-01  -2.2899704e-01  -1.6867552e-01  -1.9009486e-01   3.3101191e-01  -1.7936624e-02   2.6506018e-01   7.4653369e-01   7.0775822e-01  -7.4631839e-02   6.7947132e-03   3.4611863e-01  -5.7337075e-02  -3.2534514e-01   2.1257111e-01  -5.1215669e-01   1.0306331e-01  -3.4695863e-01  -2.0970076e-01   2.1398145e-01  -3.6229448e-01  -2.1659609e-01   5.7609115e-01  -3.4175646e-01   1.3540442e-02   9.3616063e-02   1.7453687e-01  -2.4794898e-01  -1.0625955e-01  -2.1795574e-02  -1.3913851e-01   1.9400575e-01  -2.9898295e-01   6.5660238e-02   4.4031193e-03  -1.2890636e-01  -5.5134114e-02   4.8306840e-01   4.0862563e-01  -4.5109208e-02   3.5179311e-02  -3.6137425e-02  -1.3968028e-01   1.6316216e-01  -2.4760298e-01   7.2187346e-01   2.7827866e-01  -2.5483658e-01   5.9699565e-01  -4.2677102e-01   3.6911635e-01  -2.1737543e-01   5.1514280e-01  -2.1859492e-01  -3.0786074e-01  -1.7056634e-01  -1.1713230e-01   1.5026406e-01  -4.3708910e-01   2.1142341e-01  -4.0514268e-01  -1.4602398e-01   3.2294127e-01  -1.0254452e-01  -2.6202305e-01  -4.7284267e-01   6.9137128e-02  -1.4689259e-01   1.5407882e-01  -4.3452047e-01   7.7105796e-01  -7.4311853e-02   1.7879361e-01  -1.4257173e-01   6.0671075e-01  -3.2994784e-01   2.0075637e-01  -3.4838940e-01  -1.4272114e-02  -4.4720571e-01  -2.2189193e-01   5.1593857e-01  -1.0637589e-01  -3.5846997e-01   1.0259930e-01   2.6899948e-01   2.1760886e-01  -7.7436293e-02  -1.4373423e-01  -1.9087572e-02   6.0941893e-02   1.6327182e-01  -1.8887187e-01
   1.1900656e-01  -3.7131359e-01  -1.9774400e-01   0.0000000e+00  -1.2212772e-01   5.6527318e-01   9.8020023e-02   1.9451371e-01  -1.0581137e-01  -2.6500524e-01   1.8923475e-01  -2.7915333e-01   1.7837766e-01   3.6495276e-01   1.3313598e-01   3.4010774e-01  -1.6354620e-01   3.6107386e-01   1.0759528e-01  -1.8207463e-02   1.4452480e-01   5.3810695e-01   9.3411384e-02  -6.2138399e-02   2.7720377e-02   2.8234091e-01  -9.5072022e-02   4.1525827e-01  -8.2332726e-02   4.2700325e-01  -8.4677541e-02   5.5971129e-01   2.3630336e-01  -2.0629206e-01   1.5474914e-01   1.2094430e-01  -2.1119082e-01  -2.6683479e-01   4.5236048e-01  -2.7930731e-01   2.6247342e-01   6.9287593e-02  -2.1836613e-01  -1.9129667e-02   3.5441616e-03   4.1049630e-03   2.8399735e-01  -8.0577917e-02   9.3324477e-03  -2.2046900e-01   4.7361980e-01   3.9978016e-01  -1.6178045e-01   1.5278022e-02   1.2272339e-01   2.3257131e-01   2.1278900e-01   5.0222402e-01   4.4863822e-01   2.9893033e-03   5.6646633e-02  -1.5602359e-01  -1.9519935e-01  -1.8523091e-01  -1.9279860e-01   1.5867190e-01   3.7156726e-01   1.6106921e-01   4.7677591e-01   1.2145366e-02  -4.0062866e-01   5.1124260e-01   8.4351968e-02   4.3251876e-02  -3.9354560e-02   3.9323676e-01  -5.8085715e-02   2.8129834e-01  -2.3446460e-01   2.3038532e-01   1.6418035e-01   2.4404621e-01  -3.8535100e-01   4.3975241e-01  -3.5850092e-01   4.5607726e-01  -1.5219375e-01   1.5233823e-01  -1.7651048e-01   1.2149002e-01  -1.8747802e-01  -2.4151550e-02  -2.4302828e-01   2.0818011e-01  -1.5315349e-01  -9.1832497e-02   2.5144945e-01   3.6868574e-01   2.7516622e-01   9.2456239e-02  -2.3483946e-01   1.1303801e-01   2.4341133e-01   9.5871983e-02   3.9183711e-01   4.5653924e-01  -1.5512419e-01   5.1512070e-01  -9.7583613e-03  -1.2511980e-01  -2.9744397e-01   4.1607124e-01   4.3278089e-01   3.8900963e-03   2.1257498e-01  -3.0555757e-01   4.5379494e-01   1.1033760e-01   2.1741595e-01   6.6896870e-01   1.1548017e-01  -1.3793236e-01  -2.0582230e-01  -3.0699149e-01   1.0177362e-01   1.4257094e-01  -3.9044192e-02  -2.1203196e-02   5.0622653e-01  -1.3906996e-01   2.6933573e-01  -1.4157040e-01  -2.4001745e-01  -7.1948750e-02   8.2685175e-02   3.7500531e-01   8.2140027e-02   2.7766023e-01   4.2405798e-01   9.0189992e-02   2.5090378e-01  -3.0259574e-01   3.6606840e-01   2.5222145e-01   7.8215620e-02   1.9179084e-01  -1.9971174e-01  -1.4611847e-01   2.0066577e-01  -1.2457549e-01   5.3602089e-02   9.0423818e-02   2.4846209e-02  -4.8536728e-02  -3.0718410e-01  -1.9587720e-01   1.8626966e-01   4.5773759e-01   5.0565515e-02   4.0154986e-01   8.4535087e-02   3.5577021e-01  -3.2494562e-01   4.4202631e-01   5.4677205e-01  -2.2453075e-01  -1.1527168e-01   3.0703642e-01   1.5316342e-01  -3.3214830e-01  -2.0298531e-01  -3.3498577e-01   3.3297464e-01   3.7125609e-02   1.0358300e-01  -1.5731325e-01   4.9943656e-01
  -2.3457049e-02   5.0671420e-01   3.5464429e-01  -1.2212772e-01   0.0000000e+00  -2.7660433e-01  -3.7299682e-01  -1.8654489e-01   2.5095593e-01   1.8358070e-01  -4.8957210e-01   2.5266444e-01   2.2952485e-01  -3.0929094e-01  -4.8585742e-01   1.5835530e-02   3.4501482e-01  -3.0368451e-01  -6.8194008e-02   6.7046992e-01  -4.2194285e-01  -2.5009368e-01  -3.5268665e-01   1.7605444e-01   2.1212879e-01   1.6793443e-01   4.1258217e-01  -1.2032320e-01   2.3456333e-01  -3.9871657e-01  -4.0378608e-01  -2.8672390e-01   1.8685361e-01  -5.2872662e-02  -3.8522228e-01   3.9848441e-01   1.1096975e-01   1.3635822e-01   2.0195427e-01   7.1175040e-02   1.8037564e-01   3.0961127e-01   4.1214490e-01  -2.2174773e-01   3.7985881e-01   1.4955510e-01   1.4986536e-01  -3.8465082e-01   5.8870882e-01   4.2836427e-01  -4.3846229e-01  -1.5214706e-01  -2.7527376e-01   2.8268157e-01  -1.7143097e-01  -3.7497712e-01  -7.7178034e-02  -1.9669720e-01  -1.2269085e-01   1.2447069e-02   3.0648483e-01   1.7469351e-01   4.5553078e-01  -3.2140523e-01   3.1698887e-01  -1.2580792e-01  -2.4258963e-01   2.0527913e-01  -2.8357629e-01  -6.7534977e-02  -1.0254404e-01  -8.5012482e-02   2.5616230e-01  -4.5933570e-02   3.9783353e-01  -1.3573474e-01   1.7060298e-01  -3.5465009e-01   4.8881114e-01   1.9668464e-01  -3.3705169e-01   1.3128281e-01   6.4742997e-02  -7.9868953e-02   1.1029245e-01  -2.5893057e-01  -3.8788020e-01  -6.5053786e-02   4.4814641e-01   1.8263694e-01   7.1729779e-01   3.9126022e-01   5.2407357e-01  -1.8701769e-02   2.7536843e-01   7.0248197e-01   1.4603961e-01  -3.3038210e-01   4.6600652e-01  -1.3957881e-01  -3.0599496e-01  -4.2381094e-01  -2.7547551e-01   7.4120852e-02  -1.7102825e-01  -9.3709905e-02   3.8569237e-01  -3.0866415e-01   1.8790261e-01   4.3726082e-01  -1.7241253e-02  -2.9962013e-01   1.2529968e-01   2.5276941e-02  -3.2014659e-01   4.9351195e-01  -3.2240744e-01   1.9565775e-01  -1.8655931e-01  -1.1583167e-01   1.8982510e-01   7.4065012e-01   4.7686075e-01   2.3300673e-01   2.7541704e-01  -1.1756907e-02  -2.5189016e-02   2.7994836e-01  -1.1898388e-01   1.6622917e-01   3.0129199e-01  -2.5113453e-01   2.6623791e-01  -4.3403976e-01   1.8331799e-01  -2.5633690e-01   2.8197231e-01  -4.0842232e-01  -1.7109061e-01   6.0060334e-02   4.0679647e-02   6.2958886e-02  -2.8375292e-01  -7.3752939e-02  -4.2359511e-01  -3.1818949e-01  -2.0521573e-01   4.8755465e-01   3.3288365e-02  -2.8192424e-01   2.2538535e-01  -3.2255778e-01   3.1204058e-01  -3.1762614e-01   3.8057023e-01   1.8161938e-01   1.7512065e-01  -8.8564056e-02   3.7215505e-01  -3.9271184e-01   1.7534496e-01  -3.4245101e-01   1.2319241e-02  -3.8078923e-01  -1.9290132e-01   5.5855117e-01   4.7066426e-02  -2.1159191e-01   2.1590886e-01   5.5184419e-01   5.6533210e-01   1.3979585e-01  -3.2735126e-02   7.2217605e-02  -1.2844144e-01   2.1715875e-02  -3.7463676e-02
   5.4802584e-02  -5.3876625e-01  -2.8570706e-01   5.6527318e-01  -2.7660433e-01   0.0000000e+00   4.3612428e-01   3.6976723e-01  -3.2637743e-01  -4.6447766e-01   4.2163607e-01  -4.9100684e-01   1.6252890e-01   3.4133779e-01   3.6975619e-01   3.1732133e-01  -3.1401896e-01   4.6911691e-01   1.9646384e-01  -3.0007497e-01   2.0154141e-01   4.9669572e-01   3.7695637e-01  -3.4580232e-02  -1.0847377e-01   1.5461535e-01  -1.2882365e-01   6.1803078e-01  -2.8362345e-01   5.6111118e-01  -1.6896876e-01   5.0838559e-01  -1.6551281e-01  -2.2982134e-01   3.5123237e-01   1.5209214e-01  -2.6663793e-01  -3.5693996e-01   1.9587579e-01  -5.1147343e-01   1.0498410e-01  -1.9337630e-01  -2.6987407e-01   1.3419731e-01  -6.9351109e-02   5.5375068e-02   4.6721744e-01   7.5875050e-02  -2.4658880e-01  -4.9906373e-01   6.1310831e-01   5.5919415e-01  -2.2959108e-01  -2.6238959e-01   1.3815296e-02   5.6877148e-01   1.9644344e-01   5.0856426e-01   2.9721074e-01   1.3219627e-01  -1.3575756e-01  -6.0860650e-02  -4.3180572e-01  -2.0325188e-01  -3.1120005e-01   3.1932203e-01   5.9114199e-01  -1.1649808e-02   6.5573154e-01   1.5371196e-01  -4.7781079e-01   4.4632288e-01  -1.2317204e-01   1.1275891e-01  -3.5610508e-01   3.4127468e-01  -1.0808238e-01   3.3806913e-01  -4.0604057e-01  -1.7385884e-01   4.7227804e-01   5.0684508e-02  -4.3270530e-01   5.1761634e-01  -6.1297002e-01   5.0220128e-01  -1.2873349e-01   1.8289612e-01  -2.6124426e-01   2.2109799e-02  -4.1764516e-01  -2.4801648e-01  -4.6250757e-01   1.5685754e-01  -2.0097706e-01  -2.8013451e-01   8.2846298e-02   6.1662964e-01   4.6008451e-02   3.4364565e-01  -2.1282810e-01   3.8060785e-01   2.2405900e-01   1.1352717e-02   5.7986814e-01   4.5189311e-01  -3.9559613e-01   6.8693725e-01  -2.0618836e-01  -5.0038310e-03  -2.6941849e-01   7.2284011e-01   2.8332267e-01  -3.9679936e-02   4.5024568e-01  -4.8252653e-01   6.9341584e-01  -1.0047247e-01   4.3988212e-01   6.7246280e-01   1.4353775e-01  -3.8239664e-01  -6.3915629e-01  -3.9914217e-01   6.5296392e-02   4.5260318e-01   4.9910661e-03  -3.5552308e-01   4.6565767e-01  -8.1112088e-02   1.1270616e-02  -1.1210226e-01  -5.0605967e-01   1.1483931e-01  -4.5396309e-02   4.4252852e-01  -3.1756452e-01   4.4242707e-01   5.5172191e-01   1.4617755e-01   2.2190729e-01  -2.7482052e-01   5.5287677e-01   4.6330568e-01   3.0629607e-01   1.3037433e-01  -2.1644478e-01  -1.2519877e-01   5.2276715e-01  -1.4792159e-01   1.6606262e-01   2.0455064e-01   4.1124495e-02   1.8694546e-01  -4.7239099e-01  -7.6080574e-02   2.0514610e-01   4.3777751e-01  -2.0701623e-01   6.3501054e-01  -4.4367738e-02   4.8215198e-01  -2.8581528e-01   5.5144149e-01   6.3501516e-01  -4.6442411e-01  -1.8174146e-02   5.2596114e-01   1.5145904e-02  -6.1752372e-01  -4.7888074e-01  -3.8582529e-01   4.0921496e-01   1.8855700e-01  -8.2206445e-02  -1.1940585e-01   4.9335644e-01
  -1.4026879e-01  -2.7451231e-01  -2.5204570e-01   9.8020023e-02  -3.7299682e-01   4.3612428e-01   0.0000000e+00  -5.1342273e-02  -1.5338117e-01  -2.8984371e-01   5.5961349e-01  -1.6082411e-01  -5.9354231e-02  -7.2734881e-02   6.9276775e-01   1.4404182e-01  -4.0828093e-01   5.0970700e-01  -2.0024480e-01  -3.3841597e-01   2.5358888e-01   1.4280400e-01   6.1237176e-01  -3.0303538e-01  -3.8362279e-01  -3.0183826e-01  -3.1181087e-01   3.8691912e-02  -4.5425895e-01   4.7713658e-01   2.3382179e-01   9.0701596e-02  -3.0733679e-01   3.5864617e-01   4.9758628e-01   1.4955996e-01   1.0876430e-01  -4.1790475e-01  -1.2717710e-01  -2.4943477e-01  -8.1872736e-02  -1.8906279e-01   8.5643221e-02   1.3456059e-01   1.4434336e-01  -1.0726745e-01   4.7571391e-02   5.4579182e-01  -1.9078930e-01  -5.9026525e-01   5.0671493e-01   1.2027065e-02   1.6719109e-01  -2.6412706e-01  -1.7927037e-01   7.5944838e-01  -2.1345819e-01   1.1105391e-01  -2.7126140e-02   2.8391435e-01  -3.8614384e-01   3.3469814e-01  -3.0484705e-01   2.8094145e-01  -1.6214196e-01   4.9460706e-01   4.1259493e-01   1.4208964e-02   9.9172710e-02   2.4143037e-01   1.5576858e-01   2.3465063e-01  -4.8267608e-02   1.4533543e-01  -6.0083260e-01  -8.2139214e-02  -1.5636375e-01   5.4850558e-02  -2.3901399e-01  -3.1006423e-01   3.8104244e-01  -7.4034605e-03  -3.1319620e-02  -1.9375005e-02  -2.8222070e-01   1.4987198e-01   2.2152392e-01  -2.2849923e-01  -3.0044499e-01  -4.5358838e-01  -6.5576055e-01  -3.6925481e-01  -3.5487398e-01   2.8489907e-01  -2.2762213e-01  -4.5473837e-01  -4.1152312e-02   3.7834420e-02  -1.0061844e-01   2.7071307e-01   2.1205505e-01   7.6654301e-01  -2.1773899e-02  -3.9402027e-02   1.9674966e-01   1.4932106e-02  -3.2338214e-01   9.6629687e-02  -7.4217794e-02   3.4416258e-02   3.0363435e-01   5.0189219e-01   1.8117147e-01  -2.9380805e-01   5.8931505e-01  -5.5939264e-01   3.4564168e-01  -6.0007594e-02   7.7562426e-02   1.9260222e-01  -2.8289184e-01  -5.9534451e-01  -5.8947661e-01  -5.0494107e-02  -3.8856962e-01   1.9097719e-02   5.0280290e-01  -3.9292411e-01   2.5371043e-02  -1.2439271e-01  -1.8402919e-01   5.1083047e-01  -3.5463024e-01   5.0578633e-01   4.1850244e-03  -2.0374791e-02  -5.3889163e-01   2.0612734e-01   1.3067541e-01  -1.9325060e-01  -1.4378069e-01  -2.7310740e-01   1.8207785e-01   1.5552146e-01   6.3518353e-01   1.2868450e-01   4.4277985e-01  -2.7154142e-01   3.3480493e-01   3.9289394e-01  -5.0986407e-02  -7.5286965e-02  -2.2727111e-01   3.5300766e-01  -4.1771809e-01  -3.4034832e-01  -2.5393911e-01   5.5890545e-02  -3.7325606e-01   4.2971316e-01  -1.4767779e-02   5.6198504e-02  -3.9888598e-02   3.0712926e-01   1.6052528e-01  -4.6272127e-01   2.7858180e-01   1.3239828e-01  -2.6586431e-01  -5.6167178e-01  -5.1644155e-01  -3.2144224e-01   2.9060066e-01  -2.4120101e-01  -6.1729918e-02  -1.5528819e-01   8.1987577e-02
  -2.8426951e-01  -2.9486010e-01  -3.0998543e-01   1.9451371e-01  -1.8654489e-01   3.6976723e-01  -5.1342273e-02   0.0000000e+00  -6.3789956e-02  -3.5389337e-01   2.3950334e-01  -4.4995983e-01  -7.0491233e-02   2.5697895e-01   3.4306168e-02   1.2419180e-01  -2.4355111e-01   1.1206932e-01   4.2343464e-01  -2.5481125e-01   1.1846172e-01   4.1643406e-01   5.4411751e-02   8.5124683e-02  -1.8399093e-01   1.6137573e-01  -1.6751130e-01   5.1844549e-01  -1.3805496e-01   2.5481848e-01  -6.9268352e-02   3.6240612e-01  -1.1512849e-01  -3.7083257e-01   9.4306926e-02  -1.3131733e-01  -1.7563783e-01  -1.0086937e-01   1.2007314e-03  -3.8222240e-01  -2.9576516e-03  -1.7890034e-01  -1.8429408e-01   2.0767569e-01  -1.3230022e-01   4.5579608e-02   3.1932353e-01  -9.4115513e-02  -2.4858983e-01  -2.5219549e-01   2.6608653e-01   6.3290822e-01  -1.5062070e-01  -2.9030206e-01  -3.9544480e-02   1.4865930e-01   2.4490760e-01   4.0986442e-01   2.9938895e-01  -6.7387460e-02  -6.5246105e-02  -2.2810271e-01  -9.2529622e-02   1.8865139e-02   8.4209838e-02   4.5443119e-02   3.1350858e-01  -5.2131504e-02   4.6054522e-01  -1.0873526e-01  -3.4471222e-01   1.7305190e-01  -7.3216176e-02  -2.1321959e-01  -2.0658204e-01   4.7558312e-01   1.4189588e-02   3.1956971e-01  -2.6912768e-01  -1.7393348e-01   2.5409996e-01  -1.8765296e-01  -3.2110439e-01   4.4335391e-01  -4.3755133e-01   3.5102425e-01  -1.4622677e-01   1.7209141e-01  -1.8186312e-01   5.0709705e-02  -8.4392142e-02  -1.8717296e-01  -4.1338744e-01   7.4473758e-02   2.9137425e-04  -3.2506878e-01  -3.8219822e-02   5.6151203e-01  -9.9240168e-02   2.1876269e-01  -2.2822077e-01   1.4789428e-01   4.0038774e-01   1.9938861e-02   5.0959937e-01   2.8067258e-01  -3.5436636e-01   5.7548056e-01  -1.7328466e-01  -1.5116876e-01  -3.7549535e-01   3.5493829e-01   5.5082072e-02  -3.3655450e-02   7.3142040e-02  -1.7679148e-01   3.7285566e-01  -2.4246285e-01   2.5215574e-01   2.6453908e-01   2.0856640e-01  -1.1303165e-01  -3.3483323e-01  -7.2033991e-02   2.5502840e-01   4.2378729e-01  -1.2767029e-01  -1.5492880e-01   4.8040378e-01  -2.3405900e-01  -1.0079926e-01  -2.5900263e-01  -3.9095415e-01   2.7512510e-02  -5.5956257e-02   7.0279293e-01  -2.2586156e-01   3.9528254e-01   5.6471370e-01   5.8745490e-02   1.0677924e-01   1.7214643e-02   5.7769315e-01   1.8423436e-01   1.7504405e-01   1.4492724e-01  -4.4517755e-01   8.5170064e-02   2.9942127e-01  -1.7044938e-01   2.0567204e-01   6.0176635e-01   3.2702244e-02   1.6777414e-02  -3.3793481e-01   1.5078636e-01   1.7447725e-01   3.1422643e-01  -1.2160850e-01   4.0117757e-01  -2.1335181e-01   5.7232527e-01  -1.8132419e-01   3.6695497e-01   2.4522615e-01  -3.1583068e-01  -9.5931446e-02   4.6354109e-01  -2.7641811e-02  -3.2813870e-01  -3.0779013e-01   5.2915836e-03   2.3648385e-01   2.7145871e-01  -2.4024594e-02  -1.1980844e-01   3.4379121e-01
  -2.3869130e-01   5.3004686e-01   1.5563373e-01  -1.0581137e-01   2.5095593e-01  -3.2637743e-01  -1.5338117e-01  -6.3789956e-02   0.0000000e+00   2.3083175e-01  -1.5613311e-01   1.4568063e-01  -3.2979261e-02  -4.8047443e-02  -3.4827645e-01  -1.5442529e-01   1.3858079e-01  -6.6325936e-02  -7.5800823e-02   1.0061655e-01  -1.8826059e-01   4.4991716e-02  -4.2915743e-01   4.8287307e-02  -1.5757614e-01   4.2299871e-02   4.6646350e-02  -2.5898312e-01   1.0396792e-01  -1.1193094e-01   1.1564809e-01  -1.2530314e-01   1.1493767e-01   2.0332702e-02  -6.6024238e-02   8.7642112e-02   3.8702932e-02   5.5259278e-03   1.9534991e-02   4.7865185e-02   1.4538305e-01  -6.4217783e-03   4.2725137e-01  -2.0028900e-02   7.6633919e-02   1.8001369e-01  -8.6220754e-02  -3.4563285e-02  -2.5811310e-02   1.1326205e-01  -3.5693314e-01  -1.5946050e-01   9.5392696e-02   5.7679138e-02  -2.1786785e-02  -3.0715205e-01  -5.7161273e-02   1.2022009e-02   1.3544635e-01   8.9304063e-02   1.4579111e-01  -1.3393595e-01   5.7178194e-01   3.5701953e-01   5.1033556e-01   6.5235399e-02  -3.0359783e-01   3.8074684e-03  -2.8417986e-01   6.9917540e-02   3.7220850e-01  -2.4580046e-01   1.9918334e-01  -2.9990570e-01   9.7972701e-02   8.2968135e-02  -1.0038994e-01  -1.6879467e-01   4.3982708e-01   4.8884866e-02  -3.1162713e-01  -1.3853377e-03   2.0334136e-01  -1.8123988e-01   1.1856193e-01  -1.6451721e-01   2.6347571e-01  -9.4100387e-02   3.5643609e-01   3.6539507e-02   2.3084274e-01   6.8724572e-02   1.3713419e-02   3.2433933e-01   9.2041722e-02   7.5765861e-02  -8.9203600e-02  -3.0296515e-01  -4.3774831e-02  -2.3453136e-01  -3.9461361e-02  -1.9049813e-01  -1.2853383e-01   7.1871811e-01  -1.2990057e-01  -1.3081431e-01   2.7022617e-02  -2.7913551e-01  -1.2433760e-01  -6.2919279e-02   1.1437678e-01  -1.6701810e-01   1.4292981e-01  -1.6175515e-01  -3.0827094e-01   2.8490870e-01  -3.2502209e-01   3.8134411e-02  -3.1623231e-01  -1.8207426e-01  -6.2930416e-02   1.5760150e-01   2.2013946e-01   5.2335309e-01  -1.0153775e-02  -7.3038559e-02   6.4233025e-02  -8.2725505e-02   1.1841899e-01   4.4246742e-02   2.3972381e-02   1.5934955e-01   2.6823507e-01   9.1648165e-02   4.1913488e-01  -1.8642576e-01   7.8591349e-03  -2.4199980e-01  -1.8967179e-01   7.5378059e-02   9.7753037e-02   3.1010087e-03  -1.9329336e-01  -2.7624977e-01  -9.4625816e-02   1.4908358e-01  -7.3744528e-02   2.3764408e-01  -2.0538158e-01   3.8101488e-02  -9.3000924e-02  -1.0873099e-02   2.4508562e-01  -1.7031228e-01   1.8281083e-01   2.2898295e-02   7.0359142e-04   3.5956185e-02   2.2231799e-02  -3.3305086e-01   1.3984988e-01  -7.0361384e-02   3.2557015e-01  -1.1473115e-01  -1.1548760e-01   1.5809919e-01  -3.5981276e-02  -2.6524544e-01   1.4800456e-02   2.4596232e-01   1.3176046e-01   5.5439867e-02  -1.0645155e-01   3.0713225e-02  -4.8177542e-02  -4.7269352e-02   1.3267337e-01
   8.1505369e-02   3.0060556e-01   4.7247616e-01  -2.6500524e-01   1.8358070e-01  -4.6447766e-01  -2.8984371e-01  -3.5389337e-01   2.3083175e-01   0.0000000e+00  -3.6005348e-01   6.2931391e-01   8.1020538e-02  -1.9861894e-01  -3.0636499e-01  -1.2994395e-01   3.7660972e-01  -3.7651131e-01  -1.9139710e-02   3.5456689e-01  -2.4561291e-01  -2.1983422e-01  -3.1941607e-01   7.8858760e-02   1.0881565e-01   5.8418840e-02   1.2243113e-01  -2.7175144e-01   2.9321794e-01  -4.0148287e-01  -2.6487778e-02  -1.6911232e-01  -3.2452882e-02   4.1787401e-01  -1.6551330e-01   1.8050692e-02   2.4912570e-02   3.3233395e-02  -5.5671854e-02   4.5400663e-01   1.2172150e-01   4.3154068e-02   2.5202774e-01  -1.1103040e-01  -7.2549843e-02   1.5049571e-01  -2.8715762e-01  -1.7125368e-01   3.2037123e-02   4.6366459e-01  -4.6388270e-01  -2.6487191e-01   1.9726157e-01   2.2572423e-01  -5.0064369e-02  -3.0305248e-01  -1.4616895e-01  -2.7517366e-01  -8.1551402e-02   2.0247038e-01   2.0271921e-01  -8.2558264e-02   1.3288564e-01   4.3951643e-03  -4.6065125e-03   9.1041118e-02  -3.1001592e-01   6.5357991e-02  -3.3589475e-01   5.1032389e-02   2.2808517e-01  -3.4840664e-01   7.0587989e-02   2.5604487e-02   2.8975499e-01  -2.5925103e-01  -9.8464669e-02  -3.4747947e-01   2.9213834e-01   7.6637355e-02  -2.5356554e-01   6.8236581e-02   3.3423978e-01  -2.2699830e-01   4.7333510e-01  -3.2830495e-01  -3.0441240e-02  -1.0291323e-01   1.7141707e-01   1.4011513e-01   1.5537328e-01   2.2573814e-01   5.5242312e-01  -2.7644149e-02  -7.3435410e-02   2.8498844e-01  -7.1480598e-02  -2.6053251e-01  -6.9056941e-02  -2.3755960e-01   8.5932913e-02  -2.0737221e-01  -2.1488636e-01   1.1753126e-01  -3.2229900e-01  -2.4020305e-01   2.7129830e-01  -3.4371033e-01   1.1329987e-01   8.3393396e-02   4.3755013e-01  -3.7463138e-01  -2.0840835e-01   1.3473151e-01  -2.9760852e-01   1.5977835e-01  -4.9167636e-01   2.0346839e-01  -2.4270292e-01  -3.3476616e-01  -1.2577711e-03   2.4388592e-01   4.4071521e-01   8.1353536e-02  -6.7547761e-02  -1.2730012e-01   2.3988424e-03   7.6592418e-02  -2.5404417e-01   2.3955972e-01   1.2668264e-01  -2.1695418e-02   4.1341091e-01  -2.0005376e-01   1.8424599e-01  -2.6243072e-01   2.2006863e-01  -3.6160602e-01  -4.0093299e-01  -1.3883107e-01  -2.5856036e-02   1.6522643e-01  -3.8297938e-01  -2.0649364e-01  -2.1037140e-01  -2.2441012e-01   2.7779126e-01  -5.8976005e-02  -2.2383426e-01   4.5698593e-03   3.4664309e-02  -1.8827428e-01   1.5439035e-01  -2.8574012e-01   4.7285000e-01   8.6490416e-02  -4.3505838e-02  -6.2106053e-02   1.4493318e-01  -4.0974394e-01   1.0535963e-01  -3.5328041e-01   4.0679871e-01  -2.6807179e-01  -1.4697107e-01   4.3256333e-01   5.4717223e-02  -3.4329579e-01  -4.8991494e-02   3.3012082e-01   4.2530069e-01   1.7797031e-02  -3.2188034e-01  -2.4054219e-02   8.3188324e-02   1.4531200e-01  -1.0629641e-01
  -1.7811221e-01  -4.3970944e-01  -3.0948052e-01   1.8923475e-01  -4.8957210e-01   4.2163607e-01   5.5961349e-01   2.3950334e-01  -1.5613311e-01  -3.6005348e-01   0.0000000e+00  -2.9597658e-01   5.9394851e-02  -4.3263153e-02   5.8415607e-01   3.4254742e-01  -4.2398251e-01   5.7469167e-01  -5.3196465e-03  -3.3853359e-01   3.5630331e-01   1.4507493e-01   3.7300911e-01  -2.7936456e-01  -3.1501087e-01  -1.5828687e-01  -2.2508993e-01   1.2136469e-01  -3.1930329e-01   3.3550343e-01   2.9480433e-01   2.0321195e-01  -1.4280482e-01   1.2455010e-01   2.6606830e-01   2.6498133e-01   4.9343443e-02  -3.0951092e-01   1.3267651e-01  -1.9777805e-01   4.8520115e-02   3.9940281e-03  -1.1788979e-01   2.6642120e-01  -1.3933120e-03   1.9523845e-02   3.8541066e-01   3.4617290e-01  -3.2445486e-01  -4.8962005e-01   5.5742104e-01   1.4707904e-01   2.1740803e-01  -2.5888023e-01  -1.3605159e-02   6.1783036e-01   1.1240204e-01   6.7199988e-02   3.1376432e-01   7.7388751e-02  -2.6960556e-01   1.2575929e-01  -2.5419545e-01   3.2405523e-01  -4.5763506e-02   2.8412635e-01   4.2240263e-01   1.3514107e-01   4.3081880e-01   1.8922877e-01  -1.3467119e-02   1.7837417e-01   1.2032013e-01  -2.0791843e-02  -4.7651332e-01   3.9222856e-02   1.2899460e-01   3.3594282e-01  -2.4812202e-01  -1.6924539e-01   3.1030056e-01  -2.3667257e-02  -3.6799206e-02   1.6280564e-01  -3.3388490e-01   8.8407359e-02   4.0344475e-02  -1.5133459e-01  -4.3026356e-01  -2.7270440e-01  -5.5125220e-01  -2.9777101e-01  -4.0065535e-01   1.7412183e-01   3.4502861e-02  -5.6650882e-01  -8.7889988e-02   3.0360248e-01  -1.5915442e-02   1.1029376e-01   1.3418694e-01   6.0382683e-01  -7.8441072e-02   4.6839303e-04   2.0046732e-01   8.9222000e-02  -3.9746138e-01   3.2486155e-01  -1.8071516e-01  -1.3313145e-01   8.5550434e-02   2.8371534e-01   1.4013499e-01  -2.6091325e-01   3.2288037e-01  -5.0753797e-01   4.2483032e-01  -1.0008865e-01   1.5766398e-01   2.0389747e-01  -1.5725596e-01  -5.4451083e-01  -6.4449684e-01  -3.2791268e-02  -1.4619940e-01  -1.2153582e-03   2.7402812e-01  -3.6539082e-01   2.2011537e-02  -1.5344820e-01  -8.3325989e-02   5.1183535e-01  -4.3938098e-01   5.8904071e-01  -9.0198997e-02   2.3383889e-01  -3.4773896e-01   2.4193130e-01   2.8845495e-01   3.4599096e-02   1.8413498e-02  -3.2630426e-01   4.3697663e-01   1.5701461e-01   5.5491788e-01   2.7554843e-01   1.4842903e-01  -1.4338022e-01   2.3610787e-01   2.4256748e-01  -1.9600873e-02   1.2592909e-01  -9.7865534e-02   5.4310025e-01  -4.4795420e-01  -2.8986382e-01   2.1890543e-02   2.9056639e-01  -1.8978201e-01   3.0152528e-01  -8.3527400e-03   3.1049442e-01  -5.1071698e-03   4.0579640e-01   2.0302642e-01  -4.6613418e-01   2.9404547e-01   2.6978642e-01  -1.4766328e-01  -5.6470486e-01  -4.6632433e-01  -1.1125137e-01   2.8869811e-01   6.0990136e-02   1.7840203e-02  -8.9093772e-02   9.8549756e-02
   2.2143975e-01   5.0540435e-01   7.4553453e-01  -2.7915333e-01   2.5266444e-01  -4.9100684e-01  -1.6082411e-01  -4.4995983e-01   1.4568063e-01   6.2931391e-01  -2.9597658e-01   0.0000000e+00   3.0455764e-02  -2.8284003e-01  -2.2907296e-01   6.7828712e-02   6.7317233e-01  -3.0568827e-01  -1.4544282e-01   2.9617795e-01  -4.6547159e-01  -3.4621728e-01  -4.6230465e-01  -3.0595609e-01   1.9548888e-01   5.5868547e-02   2.0800067e-01  -4.8946253e-01   3.3915983e-01  -4.6018711e-01  -2.5327875e-02  -4.0792244e-01   1.9645033e-01   4.9368856e-01  -1.1186436e-01  -1.6262646e-01  -5.2370322e-02   1.0514136e-01   6.9261799e-02   5.7374143e-01   9.8883973e-02   4.2881780e-01   3.3745349e-01   2.5926710e-03  -7.2581408e-02   2.1175441e-01  -4.2179126e-01  -2.0571647e-01   1.1180137e-01   6.5350526e-01  -6.2477954e-01  -5.1059924e-01  -1.4815057e-02   5.4705943e-01  -1.3068604e-01  -2.2033622e-01  -1.8128002e-01  -4.6176313e-01  -3.1777970e-01   3.4810024e-01   4.9567963e-01  -7.2581072e-02   2.8817515e-01  -7.1972550e-02   2.4829508e-03  -3.1990882e-01  -3.1941240e-01   1.2929751e-01  -4.4742025e-01   3.8213076e-01   2.3624164e-01  -2.9709983e-01   2.0914930e-01   3.6004004e-01   5.2155354e-01  -3.9880187e-01   2.0914759e-01  -4.2158424e-01   4.4297701e-01   2.1332277e-01  -2.3475017e-01   1.3494884e-01   3.4105420e-01  -4.5480419e-01   6.1143660e-01  -4.6897364e-01  -1.1689811e-01  -2.5022655e-01   1.0754650e-01  -1.1099232e-01   1.3799234e-01   5.9629445e-01   7.6141903e-01   3.1089419e-03   9.2375025e-02   2.6615924e-01  -8.6406464e-02  -4.9550430e-01   1.2380185e-01  -5.6038499e-01   2.1761886e-01  -1.9817882e-01  -3.3865525e-01   1.0944535e-01  -5.7565678e-01  -3.8284363e-01   4.9740778e-01  -4.9212779e-01   1.1688031e-01   9.9805747e-02   5.3450769e-01  -3.5945363e-01  -1.8474745e-01   1.3142246e-02  -2.1799899e-01   1.0788731e-01  -5.3036168e-01   2.3649640e-01  -1.1091255e-01  -3.0555886e-01  -1.5462477e-01   3.9040697e-01   4.9086847e-01   2.7112085e-02   2.1500320e-04  -2.1229607e-01  -2.6252987e-02   2.4955799e-01  -4.8302889e-01   5.0842651e-01   2.3773168e-01   1.1783148e-02   6.8803119e-01  -2.7373451e-01   3.0953800e-01  -4.3584452e-01   4.7496147e-01  -4.3825091e-01  -5.0665492e-01  -2.2069948e-01  -2.6270439e-01   5.7062326e-02  -5.2001193e-01   6.9204530e-02  -2.5968749e-01  -2.1180912e-01   5.6268307e-01  -1.8339455e-01  -3.9210518e-01  -1.8020086e-01   6.1465519e-02  -2.5327492e-01   6.5245990e-02  -2.8106859e-01   7.5625487e-01  -1.1438920e-01   7.8951031e-02  -2.6879251e-01   5.0226153e-01  -5.0168170e-01   2.4719415e-01  -4.7524930e-01   8.1851589e-02  -5.3689725e-01  -3.3553635e-01   5.3325013e-01   1.3373907e-01  -4.8798861e-01  -4.1285343e-02   3.2499584e-01   3.5611689e-01   4.1923384e-02  -2.9524288e-01  -8.4292448e-02   1.5198797e-01   1.4078668e-01  -3.9157641e-01
   1.5293321e-01  -6.7481561e-02   1.1708565e-01   1.7837766e-01   2.2952485e-01   1.6252890e-01  -5.9354231e-02  -7.0491233e-02  -3.2979261e-02   8.1020538e-02   5.9394851e-02   3.0455764e-02   0.0000000e+00  -1.4047788e-01   5.6184037e-03   3.5366185e-01   7.5349291e-02   2.0990024e-02  -3.3245844e-02   2.9071268e-01  -1.9226728e-01  -1.4529228e-02  -1.0826396e-01   8.1239308e-02   6.1923329e-02   8.2414331e-02   1.2237683e-01   1.3307554e-01   9.3511116e-02  -1.5343859e-01  -2.0125849e-01   3.7991307e-02  -1.5895346e-02  -1.9026106e-02  -9.0372559e-02   4.0092467e-01  -5.8975051e-02  -3.0204213e-02   3.6617539e-01   1.6029489e-01   6.7952617e-01   1.5396928e-01  -3.2653184e-02  -1.5774042e-01  -2.5250466e-02   1.1009607e-01   1.8664215e-01  -1.9640100e-01   7.2611290e-02   1.4169681e-01   1.9305385e-01   9.5826914e-02   8.1937407e-03   1.4320397e-01  -1.3693424e-01  -9.5077681e-03  -5.6647282e-02   1.0483150e-01   2.2746363e-01  -1.6873213e-02   2.6725905e-01  -8.4431601e-03  -4.4812487e-02  -1.7791562e-01  -2.0765025e-01   7.3031606e-02   8.7521098e-02  -6.5942590e-02   7.5065327e-02   1.1018932e-01  -8.6959259e-02   4.6245128e-02   3.8333888e-01   7.1731317e-02   7.2970701e-02   3.4709906e-02   1.5384218e-01  -1.5189161e-01   1.1399957e-01   1.7875660e-01  -3.4585784e-02   4.1688795e-01  -9.1363019e-03   2.3821556e-01   3.9685128e-02   6.5969602e-02  -2.2468375e-01   9.4596375e-04   1.2722655e-01   2.3243487e-01   1.5164461e-01   1.8874144e-01   1.4912368e-01  -5.2937424e-02   2.0797509e-01   2.5948019e-01   1.6462995e-01   7.7556213e-02   3.4822018e-01  -1.7661099e-02  -2.3954136e-01  -6.6277360e-02  -2.9789494e-01   6.5396878e-02  -3.6809171e-03  -4.7431088e-02  -2.2238686e-02  -5.7323625e-03   2.2200386e-01   6.6192534e-02  -1.4030214e-01  -5.0954249e-02   5.6544117e-02   2.3890810e-01  -1.9047876e-02   3.5308060e-02   8.5573421e-02   5.7437633e-01   8.3618116e-02   1.4891291e-01   7.1574946e-02   1.1972245e-01   1.2334678e-02  -1.8124426e-01   1.5840871e-01   8.6091700e-02  -1.1394476e-01   1.3381471e-01  -5.8141766e-03   3.6282395e-02   5.7459918e-01  -4.0881270e-02   3.1966474e-02  -2.4998677e-01  -3.7140204e-02   3.1273430e-03   1.4075035e-01  -1.2955225e-01   9.2994046e-02   2.6703435e-01   3.2059471e-01   2.1543376e-02   2.7026266e-04   1.3973555e-01  -2.2098086e-01  -2.8075436e-01  -2.6734069e-02  -5.0643015e-02   5.0305402e-02  -1.6693984e-01   2.0961566e-01  -2.4094460e-01   1.6854023e-01  -5.0495918e-02   1.4307370e-01   7.3645663e-02   2.0482384e-01   3.5490486e-01   3.3787708e-01  -4.3091379e-02  -5.0183786e-03  -1.5779870e-01  -9.7354184e-02  -1.3127473e-01   1.0513410e-01  -3.1979209e-02   4.2679300e-02   3.5251900e-02   4.8337411e-02   9.4163425e-02   2.0974470e-02  -1.0228705e-01  -4.9838472e-02   1.7430917e-01  -1.8184825e-01  -2.2204368e-02   7.7542759e-02
   2.5447712e-01  -2.9994189e-01  -9.8842182e-02   3.6495276e-01  -3.0929094e-01   3.4133779e-01  -7.2734881e-02   2.5697895e-01  -4.8047443e-02  -1.9861894e-01  -4.3263153e-02  -2.8284003e-01  -1.4047788e-01   0.0000000e+00   1.5439631e-02  -1.8056618e-02  -2.5999405e-04   2.4033461e-01   6.8542444e-02  -4.1634955e-01   4.4285682e-01   6.1612865e-01   1.1642864e-01   4.5694115e-02   1.9784871e-01   5.7028734e-02  -2.1608200e-01   2.0950777e-01  -5.1760119e-02   5.9121112e-01   9.0607372e-02   3.4482679e-01   8.6858939e-02  -3.1208511e-01   3.9263681e-01  -3.4317343e-01  -2.3233042e-01  -2.8977086e-01   5.7343270e-02  -2.3540245e-01  -5.0647641e-02  -1.3662796e-01  -3.3327649e-01   2.3585660e-01  -2.8304564e-01  -1.4300346e-02  -2.1905387e-02   5.3008548e-02  -1.9123925e-01  -1.6502779e-01   2.4367973e-01   2.0044115e-01  -1.1845984e-01  -5.9808737e-03   3.2786208e-01   1.0300397e-01   1.8037300e-01   4.6990831e-01   1.0545618e-01   1.2270201e-01   6.5121646e-02  -3.7948317e-01  -2.0945014e-01  -1.0363521e-01  -2.9444109e-01  -3.8892980e-02   2.2337650e-01  -3.4103580e-01   2.0629950e-01   1.2675165e-01  -1.9452799e-01   3.1148298e-01  -1.5752209e-01   1.1116801e-01   9.8264582e-03   3.5080734e-01  -2.6847919e-01   7.3747334e-02  -2.1976886e-01   4.7589100e-02   2.3542270e-01  -1.0512783e-01  -3.3818840e-01   1.7756731e-01  -1.6432790e-01   3.9628967e-01   3.3958495e-01   2.4690285e-01  -1.7143962e-01  -2.5882958e-02  -2.7160465e-01  -1.8881984e-03  -3.5415598e-01   1.3576200e-01  -3.6695390e-01  -2.5638168e-01   1.0009678e-01   2.0354174e-01  -8.8620341e-02   2.0249019e-01   1.4691440e-01  -3.9932107e-02   5.2554945e-01   2.6871731e-01   2.5636970e-01   3.5573038e-01  -1.0425686e-02   2.3608032e-01  -3.5188751e-02  -1.7500107e-01  -4.1658468e-01   4.3017974e-01   1.8656011e-01   1.1478834e-01   1.9197160e-01  -1.9459748e-01   1.7505791e-01  -1.1795540e-01   4.1644602e-01   4.4219610e-01   1.7311071e-01  -3.2080047e-01  -2.3363411e-01  -2.6644346e-01  -4.0163928e-02   3.9114891e-01  -1.8406183e-01  -6.9996530e-03   4.2570068e-01   1.6517815e-01  -1.9262886e-04  -2.7780952e-01   4.1160369e-02  -1.4238870e-02   8.9754966e-02   2.8476437e-01   3.8016827e-03   5.3911287e-01   3.4552181e-01  -4.0816243e-02   9.9995401e-02  -7.3110294e-02   1.3696386e-01   3.4948432e-01   6.2796435e-02   5.0562828e-01  -2.7093259e-01  -3.1549694e-01   3.9173107e-02  -5.3916172e-02  -7.2714477e-02   3.6281527e-01   4.1313204e-02  -2.0166692e-01  -1.1606567e-01  -1.4184333e-01   4.1356465e-02   1.1312194e-01  -2.3995037e-02   4.2150985e-01  -2.4461027e-01   2.5887688e-01  -2.4259736e-01   3.4997494e-01   3.2407289e-01  -2.7072842e-01  -4.2919697e-01   1.3381946e-01   1.2172263e-01  -3.3467227e-01  -4.1737977e-01  -3.7544280e-01   2.0505696e-01   1.2501158e-01   1.2216922e-01   1.7180946e-01   4.0053511e-01
