   0.0000000e+00  -2.2653079e-01  -1.9588999e-01   2.1537619e-01  -6.3632225e-02  -4.3328452e-01  -2.3409761e-01   1.2895427e-02   3.2620756e-01   1.0478094e-01   5.9066204e-03  -4.4012476e-01  -2.3478892e-01   3.4588171e-01  -2.4478595e-01  -4.0064756e-03  -1.2799943e-01   1.1251662e-01   9.5493639e-03  -4.6696902e-02  -3.4454039e-02   1.6156109e-01   4.4604482e-02   5.8976513e-01  -1.1146183e-02  -4.6782329e-02  -4.2979697e-02   1.9328690e-01  -1.8055349e-02  -1.7085145e-01  -5.7910604e-03   3.2712613e-01   4.8028652e-03  -2.6625100e-01  -2.1770473e-01   5.5099455e-02  -5.2166618e-02  -9.4107834e-02  -1.6152109e-02  -1.5059692e-01   6.5517629e-03  -1.8016270e-01  -2.7069595e-01  -1.5012057e-01  -1.4881214e-01   5.6246034e-01  -3.1589100e-02  -1.3550114e-01   5.4369073e-02  -1.5172786e-01   1.8815248e-01  -3.6325313e-02  -2.3921551e-01  -1.5255916e-01   1.5640727e-01  -9.6818390e-02  -2.6985624e-01   1.0060371e-01   3.2589091e-01   1.4793186e-01   1.9865961e-02  -8.4416310e-02  -9.5124386e-02  -4.2219977e-02  -6.6540223e-02  -1.3135849e-01  -3.1049132e-01   1.5070501e-01  -1.2944765e-01  -1.5808546e-01  -9.0201239e-02   1.5691792e-01   1.9568336e-02   5.2698082e-01   1.0652508e-01   1.7107165e-03   1.4585517e-01   4.4061356e-02  -1.6465728e-01   2.8731616e-01  -4.3312287e-02  -1.5972872e-01  -1.8713778e-01  -4.5259780e-02  -1.6681618e-01   4.3109021e-03  -1.8030221e-01   4.5414463e-01   7.3829033e-02   6.3638762e-01   2.7885507e-03   4.0653386e-02  -3.2932185e-01   1.1685745e-01   5.2361406e-01  -1.8647025e-01   1.8185384e-01   8.6159562e-02   1.6663154e-01  -4.4930079e-02   1.4761317e-01  -1.5672085e-01   2.6559433e-02   2.8360501e-02   2.4736128e-01   3.8844158e-01  -2.1349808e-01  -7.7164707e-02   4.3984680e-03  -2.8317519e-01  -3.4935683e-01  -3.6235741e-02   1.9347396e-01   7.0443600e-01   2.5153329e-01  -1.6354372e-01  -9.0351162e-03  -1.3361151e-01  -2.5110798e-01   1.2537811e-01   7.1528310e-01  -2.4533108e-01  -8.5060827e-02  -2.2526500e-02   6.7760499e-01   3.6668207e-01  -1.7331736e-01   9.6001980e-02   3.1766219e-01  -2.0481969e-01  -2.0323963e-01  -2.1054180e-02   1.7283531e-01  -1.7119943e-01   6.4041531e-02   1.9428652e-01   1.5492827e-01  -5.5815716e-02  -5.8486334e-02   4.3648046e-01   6.5015962e-01  -1.4115999e-01   8.2623156e-02  -3.9189085e-01  -1.6295408e-01  -1.4019853e-01  -2.3432732e-01  -1.1955101e-01  -4.3712485e-01  -1.6913745e-02   4.5793275e-01   3.7522818e-02   3.6335280e-01  -1.0044643e-01  -2.2415024e-01   2.9153886e-01   7.1721578e-01   2.2919420e-01   7.4635108e-02   6.3430414e-02   8.8744354e-02   4.8693688e-02   4.6395975e-02   1.4910442e-01   4.1427296e-02  -2.5608895e-01  -1.0393285e-01   3.8277372e-03   4.7233835e-01  -1.5865126e-01  -3.0117282e-01   9.0063488e-02   1.1973953e-01  -5.0773122e-01   7.5721531e-02  -1.6380982e-02   3.0522114e-01
  -2.2653079e-01   0.0000000e+00   3.9764298e-01  -5.7954918e-01  -1.3915612e-01   1.6196253e-01   2.8028943e-01  -1.5993179e-01   3.0409085e-01  -1.6841526e-01  -4.1926953e-01   6.6976655e-01  -1.5618494e-01  -4.3093053e-01  -1.6300764e-01  -2.1112730e-01   3.9138722e-01  -5.2337008e-01  -1.0423689e-01  -2.4424903e-01  -3.7278198e-01  -4.4435826e-01  -1.8019673e-01  -1.8804185e-01   8.9937262e-02  -2.4247433e-01   1.7972989e-01  -1.2353923e-01  -1.0171357e-01  -2.3036846e-01   1.3356936e-01  -4.7574963e-01   5.6220495e-03   4.7616694e-01  -2.2283604e-01  -4.9324250e-01   4.9212096e-01   3.0861067e-01  -9.0838933e-02   5.2411594e-01  -2.9295433e-01  -1.6283293e-01   9.5029523e-02  -1.5514699e-01  -2.1144182e-01  -2.5096623e-01  -5.5575211e-01   6.1652049e-01   2.0939954e-01   4.0516323e-01  -5.1643352e-01  -1.8640124e-02   8.0048160e-01   1.4940429e-01   7.4142695e-02  -2.9732917e-01  -2.5177118e-01  -4.7299370e-01  -3.1437336e-01  -5.4261550e-01  -3.0562767e-02   6.9304372e-02   4.1051916e-01   3.2010466e-01   2.8969822e-01  -4.3385124e-01  -1.4842730e-01   1.0083825e-01  -4.6962749e-01   6.3947280e-02   4.6610544e-01  -5.7699949e-01   1.3601462e-02  -2.4003483e-01   2.5498150e-01  -1.5467908e-01   1.8432682e-01  -1.7475137e-02   4.0671790e-01  -8.8526941e-02  -2.7017919e-01   7.0017332e-02   4.1873764e-02  -4.1333815e-01   3.5842753e-02  -3.7070931e-02  -1.1164841e-01  -1.8562495e-02   5.7387296e-01  -2.8287898e-01   2.3996412e-01  -1.9126585e-02   5.4276955e-01  -8.0107709e-02  -3.9532538e-02   7.7912677e-03  -3.8837100e-01  -1.4493822e-01  -9.4931529e-02  -1.4916362e-01   4.1311408e-02  -3.3955242e-01  -2.7289286e-01  -2.7637173e-01  -5.3491738e-01  -3.3372950e-01   3.6633100e-01  -3.2432818e-01   1.6222330e-01  -1.6485841e-01  -1.7199666e-02  -6.0104855e-01   4.1403641e-02  -1.5989840e-01  -2.8016210e-01   7.1053288e-01  -9.1163464e-02   6.6764551e-02  -9.1204214e-03  -5.0261076e-01  -2.9495803e-01   1.4827983e-01   2.7124614e-01   2.5247184e-01  -3.5998435e-01  -4.3357146e-01  -4.6291848e-01   2.5347701e-01  -4.8571048e-01   4.7633046e-01  -1.7531369e-01   6.1328834e-02   5.6914809e-01   4.1484635e-02  -3.0552341e-01  -1.5808565e-01  -3.6130228e-02  -9.3176617e-04  -1.9566137e-01   2.2078223e-02   2.0407175e-02  -2.2515613e-01  -3.1418325e-01   2.7157926e-01  -2.2374863e-01   3.4007410e-02   3.7713322e-01  -1.7167257e-01  -1.4515030e-01   2.9410958e-01  -1.0336082e-01   1.1357224e-01  -1.1409205e-01  -1.9517730e-01   7.3043341e-01  -8.6594978e-02  -1.7690750e-01  -3.9498801e-01   3.3279935e-02  -8.2193699e-02   6.2950611e-02  -3.2821687e-01   4.9947382e-02  -5.4827867e-01  -3.5535115e-01   4.6752491e-01  -2.8796350e-01  -2.7351846e-01  -1.7756950e-01   6.2821976e-01   2.9701080e-01  -6.2398522e-02  -4.2047375e-01   4.0705130e-01   1.8253319e-01   6.1984824e-02  -3.8658908e-01
  -1.9588999e-01   3.9764298e-01   0.0000000e+00  -4.2512212e-01  -7.2373377e-02   2.4702210e-01   2.6557874e-02   9.8120577e-02  -1.7049457e-01  -1.4041789e-01  -4.4712956e-01   5.9579168e-01   2.1574099e-02  -1.0489387e-01  -1.3549303e-01   1.4771793e-01   8.7832125e-01  -5.2368997e-01  -1.3234958e-01  -1.7749473e-01   5.9467065e-02  -5.2455832e-01  -1.8718487e-01  -1.3435301e-01  -1.0228341e-01  -3.1531724e-01   2.2429505e-01  -1.3770371e-01  -5.0877575e-02  -4.8641643e-01   1.0861791e-01  -4.1567703e-01   3.3807981e-01   3.0575467e-01  -1.6697993e-01  -3.8881921e-01   2.4263896e-01   8.8798637e-02   1.7769760e-01   5.3581794e-01  -1.8408349e-01   1.8019538e-02   2.3227635e-01  -5.7504338e-02  -3.8362064e-01   3.6094069e-02  -4.3047559e-01   2.9121552e-01  -4.1603101e-02   7.5026283e-01  -5.7794135e-01   2.0036659e-01   1.9707521e-01   6.2051660e-01   8.3944220e-02  -2.5890577e-01  -2.5686359e-02  -6.1667707e-01  -2.2725778e-01  -4.2337347e-01   2.0331794e-01  -1.3265856e-01   2.0322569e-01  -1.7082931e-02  -3.0234937e-01  -3.5359951e-01   1.2098488e-01   9.1360445e-02  -3.0738588e-01   3.7748862e-01   3.9969419e-01  -5.9552851e-01  -1.9468091e-01  -2.1233370e-01   3.1292192e-01  -6.1693798e-02   1.2761729e-01   1.8876164e-03  -8.0587854e-03  -5.4864452e-02  -1.4938811e-01   2.3582651e-02   2.6599681e-01  -2.3876048e-01   4.2654830e-01  -7.8606021e-02  -1.6589652e-01  -3.6967831e-02   3.6279922e-01  -2.7574072e-01   3.5905421e-01   5.7124334e-01   5.0356430e-01  -2.1855369e-01   8.4870462e-02   1.1209603e-01  -7.9657903e-02  -1.1575875e-01  -2.0531557e-01  -9.7589448e-02   7.7961524e-02  -1.9634659e-01  -7.4532652e-03  -2.3920722e-01  -5.4431440e-01  -2.0741371e-01   5.8637368e-01  -3.4978733e-01   1.2729016e-01   1.0591406e-01   2.4560907e-01  -4.7290820e-01  -8.2528099e-02  -1.3742678e-01  -2.0335206e-01   1.1183346e-01  -1.0214689e-01  -4.9876100e-02   2.0869018e-01  -2.7635489e-01  -2.5694405e-01   4.7964487e-01   4.5583840e-01  -1.0548904e-01  -2.9259588e-01  -3.3428601e-01  -3.6940605e-01   3.2775253e-01  -4.9726846e-01   7.7735209e-01  -6.7939123e-02  -3.3999389e-01   3.8620309e-01   4.6207808e-02  -3.9232062e-01  -1.9901376e-02   1.4521755e-01   6.4955777e-02  -1.6541049e-01   1.0604316e-01  -1.1933676e-01   6.0724103e-02  -2.4150823e-01   5.5420284e-01  -2.3285625e-01  -4.4185956e-02   3.8640241e-01  -1.6713849e-01   2.3335934e-01   9.2260994e-02  -1.3459932e-01   2.6071316e-01   6.4245657e-02  -2.8972856e-01   7.3133976e-01   3.8724842e-02  -8.0554680e-02  -2.2089451e-01   3.0968747e-01  -2.8899072e-02  -6.5068281e-03  -3.8602761e-01  -2.3055436e-01  -5.4939313e-01  -3.8063231e-01   1.9445634e-02  -7.8408717e-02  -1.9461597e-01  -2.3871375e-01   4.3118848e-01   8.8286416e-02   2.0180765e-01  -5.0307954e-01   4.4778864e-01   1.7218233e-03   2.5250701e-01  -3.5521961e-01
   2.1537619e-01  -5.7954918e-01  -4.2512212e-01   0.0000000e+00   2.1783376e-01  -7.4128371e-02  -1.6508952e-01  -6.2403375e-02   1.2804074e-01   1.2490797e-02   3.5086343e-01  -6.0766677e-01   9.3519970e-02   2.9300087e-01  -1.4214096e-01   1.2658517e-01  -4.1215198e-01   5.2313682e-01   2.5087578e-02   3.4482522e-01   1.6619044e-01   6.4001264e-01  -1.9907799e-03   2.4768550e-01  -7.9358213e-02   3.6190841e-01   7.2320120e-03  -9.3414260e-02   5.6663023e-02   4.9265454e-01  -1.9147865e-01   5.2564730e-01  -1.3898913e-01  -5.7319765e-01   2.2102430e-01   4.4553620e-01  -3.4020005e-01  -5.3300417e-01  -4.0135539e-02  -4.1248530e-01   3.4959785e-01   7.3936803e-02  -1.1302897e-01   8.1549998e-02   1.6825302e-01   1.8719171e-01   5.3889178e-01  -2.9130515e-01  -2.2082316e-01  -4.1058436e-01   6.0844079e-01  -8.3620189e-02  -4.8662673e-01  -2.5869493e-01  -1.9019729e-01   1.8095832e-01   2.2443851e-01   5.3762681e-01   4.7593058e-01   5.3204446e-01  -1.9582508e-02  -1.3022906e-01  -1.5505829e-01  -2.8479038e-01   3.3125031e-02   3.4551461e-01   1.8765505e-01   2.8385997e-01   5.6786847e-01  -8.2849215e-02  -4.3554550e-01   6.7713217e-01   7.0147649e-02   3.2523174e-01   5.3683665e-02   2.4049335e-01  -2.3100611e-01   2.0290120e-03  -1.4044445e-01   1.1272416e-01   6.6915356e-02  -1.4370040e-01  -2.6703629e-01   3.8363314e-01  -8.1152949e-02   1.1297675e-01   1.7943408e-01  -8.5059136e-03  -5.2318306e-01   2.6549166e-01  -9.7355352e-02  -7.3878156e-02  -5.4984640e-01   2.6316757e-01   7.2253939e-02   9.2978955e-02   2.5448238e-01   2.6915687e-01   3.4654869e-01   9.0494753e-02  -1.5424445e-01   2.6434377e-01   3.2404538e-02   4.5181632e-01   6.7717110e-01   4.8927280e-01  -4.6765614e-01   5.1607126e-01  -4.1403947e-01   8.7744524e-02  -3.5299813e-01   6.2059438e-01   3.2039413e-01   1.3664004e-01   8.5259055e-02  -3.8301440e-01   8.3913146e-02  -5.5338073e-02  -1.1963068e-01   6.0689827e-01   3.3162106e-01  -1.8832241e-01  -3.6608121e-01  -1.5221926e-02   3.4639893e-01   4.4937235e-01   4.7540832e-01  -2.5774213e-01   6.3264016e-01  -5.1137090e-01  -5.3414738e-02  -4.7920522e-02  -2.8971682e-01  -2.0749120e-01   4.8692315e-01   1.5369346e-01  -1.7188786e-01  -1.7566872e-01   1.6183165e-01  -1.2826487e-01   1.8006428e-01   7.6419166e-02   4.1110407e-01  -4.1862250e-01   4.3447427e-02  -1.0113648e-01  -4.9112443e-01   2.2718851e-01  -1.8398242e-01  -2.6882128e-01   1.7827023e-01  -2.8287031e-01   3.9663845e-02   2.0704334e-01  -6.5137152e-01  -1.9401246e-01   2.9857295e-01   3.5748119e-01  -1.7263494e-01  -1.9691493e-02   2.0952814e-01   4.1960579e-01  -6.8782657e-02   7.3175423e-01   5.8247769e-01  -4.2153612e-01   1.5658365e-01   1.4689548e-01   2.9001675e-01  -4.6139302e-01  -2.9726965e-01  -2.4508733e-01   6.3269252e-01  -4.1944212e-01   1.4763847e-01  -1.9220659e-01   5.5997898e-01
  -6.3632225e-02  -1.3915612e-01  -7.2373377e-02   2.1783376e-01   0.0000000e+00   3.2054229e-01   1.8395053e-01  -1.4524564e-02   2.1816663e-01  -1.2013446e-02   3.8378277e-01   1.5372847e-03   4.0826013e-01  -2.5002570e-01  -2.9317030e-02  -2.4582068e-02  -1.7889065e-01   2.1952076e-01  -2.2183171e-01   8.0027005e-01  -1.4265289e-01   2.0313296e-01  -2.4815826e-01  -1.0066599e-02  -8.4216021e-02   1.7145250e-01   5.5266737e-01  -2.8954951e-01  -8.8427688e-02   4.4665629e-01  -4.4367667e-01   2.3496067e-01  -1.0990827e-01  -1.3307723e-01   2.9261743e-01   6.9061999e-01  -9.2129005e-02  -2.8829275e-01  -7.8386732e-02   2.2997033e-02   3.0131077e-01   1.3414837e-01   3.2899907e-01   5.7540588e-02   4.6473394e-01   1.8115576e-01   5.5430925e-01  -9.0839269e-02   2.0640488e-01  -1.5952506e-01   3.2150730e-01   1.2008818e-01  -2.2267496e-01  -5.4359194e-02  -3.1108762e-01  -1.6087093e-02   1.1495309e-01   3.4847897e-01  -4.9311644e-02   2.8307507e-01  -7.8646925e-02   3.8531938e-01   2.0013178e-01  -1.8353004e-01   2.8812266e-01   5.6035223e-01   3.0941677e-01   1.7485377e-01   3.8295399e-01   2.6066685e-01  -4.8516317e-01   3.5960345e-01   1.2567524e-01   2.7674334e-01  -2.3243764e-01   1.1766675e-01  -2.2212765e-01   5.9025913e-02   5.2802182e-01  -5.7830296e-02  -3.8151548e-01  -1.6193753e-01  -4.0670857e-01   7.8032990e-02  -7.7576995e-02   4.0572849e-02   3.3058764e-03   4.9875897e-05  -2.3436195e-01  -7.0632395e-02   4.9693371e-01  -2.5110594e-02  -1.5124747e-01   3.6497208e-01  -1.6405602e-01   8.1960264e-01   2.4946102e-01   1.9222594e-01   4.7614594e-01  -1.0621184e-01  -2.7347738e-01   3.3771356e-01  -3.7188477e-01   1.9220332e-01   2.3537919e-01   9.2622837e-02   1.9296450e-02   4.8289595e-01  -2.1034092e-01   3.9496697e-01  -3.7700758e-01   3.3839518e-01   2.1166804e-01  -2.0524767e-01  -3.8454648e-01   1.4282631e-01   3.0574126e-01   2.5101264e-01  -2.4113318e-01   3.0147916e-01   2.9595466e-02   4.3004470e-01  -2.0618698e-01   2.0277600e-01   4.8005485e-02   2.3255414e-01   3.0658711e-01  -1.3419583e-01   2.2305404e-01  -2.3983184e-01   2.3227164e-01   1.2374141e-02   1.3960875e-01  -3.1300717e-01   3.7794167e-01  -1.1511045e-01  -1.5190550e-01  -5.0387948e-01   5.1504981e-02  -2.4565104e-01  -9.3300481e-03   2.7783696e-01   1.3392387e-01  -1.9140325e-01   2.9614240e-02  -3.9415800e-01  -4.6996240e-01   6.3647632e-01   2.0949133e-01  -5.1279080e-01  -4.7740882e-02  -5.4524768e-01   1.6686372e-01   4.4786886e-01  -1.3513285e-01  -2.5744997e-01   3.6405548e-03   4.2980251e-02  -2.3448346e-01  -2.6426433e-01   2.2255470e-01   3.9615969e-01  -6.3628680e-02   1.8032313e-01   3.7698359e-01   5.4404657e-02   4.1565764e-01  -1.0801470e-01   2.4243900e-02  -1.6047840e-01   4.4762613e-01  -3.0442105e-01   5.1709622e-01   1.6516406e-01  -9.3307038e-02  -1.2068339e-02   1.8477869e-01
  -4.3328452e-01   1.6196253e-01   2.4702210e-01  -7.4128371e-02   3.2054229e-01   0.0000000e+00   5.1528308e-01  -1.9668846e-01  -1.4652073e-01  -8.0430087e-02  -6.9618882e-02   3.7599745e-01   5.7543652e-02  -1.9745652e-01   1.8991065e-01   9.0689190e-02   1.0667235e-01  -1.5721745e-01  -2.5971300e-01   3.1710803e-01   1.1939986e-01  -1.1743587e-01  -8.5063344e-02  -2.8928296e-01  -1.1209370e-01  -3.2588387e-02   4.1057353e-01  -3.2069974e-01  -1.4923075e-01   2.1923341e-01  -2.5407378e-01  -1.7211087e-01   4.1897722e-03   3.0018225e-01   3.3090973e-01   1.1703889e-01   3.2376903e-03  -1.7346732e-01  -1.2433412e-01   3.9594979e-01  -7.5203495e-02   1.4192150e-01   3.1694759e-01  -6.4336534e-02   2.5774921e-01  -1.5918976e-01   1.0085290e-01   3.0934545e-01   3.2630428e-02   1.8751522e-01  -9.2130027e-03  -8.2658717e-02   2.6603025e-02   1.7077683e-01  -1.7195660e-01  -1.8520065e-01   4.9695339e-01  -1.3185897e-01  -1.9787701e-01   6.4579289e-02  -1.5688356e-01   2.7855954e-01   1.9019134e-01  -1.5279891e-01   6.4605388e-02   1.1227365e-01   4.8163001e-01   9.1295684e-02   1.3618515e-01   4.7443526e-01  -8.9228176e-02  -2.4861367e-02   5.2302588e-02  -2.5539253e-01  -1.3658924e-01  -1.7530131e-01  -2.5187086e-01  -7.3220372e-03   3.5797047e-01  -4.0251386e-01  -6.3863587e-02   7.3293085e-02  -1.3370835e-01  -7.5711711e-02   2.1187595e-01  -2.3834828e-01   8.1074648e-02  -3.5290533e-01  -1.3225379e-01  -3.5926906e-01   1.4624884e-01  -9.1398161e-02   4.0491886e-01   4.1613792e-03  -3.5088881e-01   4.3705426e-01   2.7528007e-02   5.4081498e-03   6.0870435e-02   9.0697167e-02  -1.8182524e-01   1.3887706e-01  -1.3615778e-01   1.7980505e-01  -1.7326846e-01  -2.6752301e-01   1.6740442e-01   1.7695259e-01  -1.3940365e-01   3.5518218e-01   2.0372197e-01   1.2325573e-01  -5.2704910e-02  -3.9664847e-01  -3.2762972e-01   1.0192998e-01  -4.6892451e-02   9.9892584e-02   1.2586308e-01  -4.4937018e-02  -4.0441952e-01   3.3302388e-01   3.5748660e-02   9.5330821e-02  -3.1500846e-01  -1.9028921e-01   1.9028905e-01  -1.2936676e-01  -3.2752663e-01   2.4825819e-01   2.4919705e-02  -1.0176683e-02  -2.8172721e-02  -2.1274266e-01   1.3488513e-01  -3.7188490e-01  -3.4016056e-01  -1.4630220e-01  -2.5030662e-01  -3.0483590e-01  -4.1436102e-01   1.1913735e-01  -2.2978893e-01   4.6076732e-01   1.5034898e-01  -7.4785090e-02   1.8913631e-01   8.8251236e-02   5.1605752e-01  -2.3554834e-01  -2.3446612e-01  -1.6228229e-01  -1.4298524e-01   1.8142329e-01   2.8288963e-01  -3.1991301e-01  -3.6300373e-01  -2.6027499e-01  -1.6549226e-01  -5.6719120e-02  -1.7017339e-02  -1.3684546e-01  -2.4613313e-01  -1.2529943e-01   2.7569979e-02   3.1446697e-01   1.5485755e-01  -9.8683988e-02  -3.6015933e-01   7.8740058e-02   4.3991773e-01  -2.4590870e-01   4.6226617e-02   4.9558634e-01  -1.6888245e-01  -2.3562372e-02  -2.0805313e-01
  -2.3409761e-01   2.8028943e-01   2.6557874e-02  -1.6508952e-01   1.8395053e-01   5.1528308e-01   0.0000000e+00  -2.4277291e-01   1.0737107e-01   8.1796349e-02   4.0965769e-02   4.8659599e-01  -1.7768854e-02  -4.3895267e-01   3.5878325e-01  -8.8420946e-02  -1.0561202e-01  -9.8448673e-02  -2.6929479e-01   2.1902470e-01  -3.3953294e-01  -6.6997086e-02  -8.5356676e-03  -2.9589834e-01  -9.1299787e-03  -9.7968544e-02   2.8807715e-01  -6.1801537e-02   7.3869712e-02   2.8479240e-01  -2.5041892e-01  -1.1196477e-01  -1.6018174e-01   5.4432555e-01   4.6896153e-01   9.4522825e-02   1.9543481e-02  -1.4231815e-01  -3.3562884e-01   9.3118347e-02  -1.0313473e-01   2.5787975e-02   3.5983356e-01  -1.4795864e-01   5.2280124e-01  -2.0930935e-01   4.0022225e-02   2.8849083e-01   1.0054400e-01  -1.2808099e-01   4.6368552e-02  -1.2704847e-01   1.5557207e-01  -6.9430635e-02  -2.5154725e-01  -1.7074541e-01   2.1111675e-01  -7.4983778e-02  -1.1621367e-01   1.5756599e-01  -2.5335386e-01   6.2173782e-01   3.6903514e-01  -5.3426596e-02   4.0133019e-01   2.8769560e-01   1.3029085e-01   5.7096076e-02   8.2285394e-02   2.1272052e-01  -1.8665075e-01  -5.4952292e-02  -7.7129189e-03  -2.7465882e-01  -1.0798191e-01  -1.8301935e-01  -1.7420596e-01  -5.7457024e-02   5.5401466e-01  -2.1442527e-01   9.4614997e-03   3.7696658e-02  -3.6259952e-01  -1.9049069e-01  -9.4141007e-02  -1.6014441e-01   1.0426162e-01  -3.5316967e-01   8.2959559e-02  -3.3970584e-01   5.0289645e-03  -3.3261155e-01   3.0501889e-01   3.4014211e-01  -1.9496009e-01   2.6206876e-01  -3.9416932e-02  -6.9567805e-02   1.2899780e-01   2.1139777e-01  -3.1561181e-01   2.7171107e-01  -2.8306017e-01   2.7910863e-01  -1.1129508e-01  -8.1571303e-02  -1.0473807e-01   1.9776003e-01   1.2926306e-01   2.0606107e-02   2.4358376e-02   3.1412950e-02  -2.6778438e-02  -3.2157665e-01  -3.6363493e-01   2.5728960e-01  -8.7185474e-02   1.7783225e-01  -1.8889998e-01  -1.7185753e-01  -2.7668955e-01   2.8238379e-01  -6.5660290e-02   3.9924987e-01  -1.8840592e-01  -2.5334231e-01   2.8714609e-01  -2.1294739e-01  -1.7178017e-01  -2.5909266e-02  -5.2800870e-02   2.0793316e-01   1.5711862e-01  -2.0586856e-01   1.3266386e-01  -2.0698100e-01  -2.3764035e-01  -1.8393588e-01  -1.2407206e-01  -2.2621563e-01  -2.1341900e-01  -1.4359208e-01  -1.6754804e-01   1.6557674e-01   3.3310252e-01  -1.0547092e-01   1.7310256e-01   2.2320454e-02   2.4464436e-01  -1.9104072e-01  -2.8775891e-01  -1.7602268e-01  -2.2816057e-01   2.7419036e-01   2.1658659e-01  -3.2647764e-01  -2.8307002e-01  -1.1399296e-01  -3.3688801e-01   7.4192187e-02   1.5478663e-02  -3.0775573e-02  -9.6142902e-02  -1.0352793e-01  -2.9786722e-02   5.4927049e-01   2.7015819e-01  -1.4187301e-01  -2.0239689e-01  -1.5175227e-01   6.0988557e-01  -3.3224804e-01  -4.8076834e-02   3.2027036e-01  -1.4906954e-01  -1.5454012e-01   2.0008325e-02
   1.2895427e-02  -1.5993179e-01   9.8120577e-02  -6.2403375e-02  -1.4524564e-02  -1.9668846e-01  -2.4277291e-01   0.0000000e+00  -9.4837581e-02   1.5425717e-02   7.2562755e-02  -1.3439456e-01   5.0485434e-02   1.6096471e-01  -7.0362002e-02   1.1724582e-01   6.7807436e-02  -1.9727163e-01   1.5908286e-01  -4.5317053e-02   1.7814830e-01  -8.3822870e-02   1.3291177e-01   8.5428695e-02  -2.1038849e-02   9.9769612e-02   5.9728623e-02   1.8645349e-01  -6.0550357e-02  -2.1222509e-01   6.2126624e-02  -7.0105788e-02   2.2838819e-01  -9.6929116e-02  -5.4930102e-02  -1.7633807e-02   1.0918936e-01   2.8709267e-02   3.6208252e-01   5.8270848e-02   1.7540364e-01  -2.2810671e-03  -1.4534478e-01   3.2868487e-01  -2.7751012e-01   1.6702070e-01   3.3678130e-02  -1.6021056e-01  -4.4135050e-02  -7.1708028e-02  -1.4159834e-01   4.7994486e-01  -2.4694357e-01   1.0890992e-01   1.3970273e-01   3.4012552e-01  -1.2667420e-01  -6.8182074e-03  -3.1448772e-02  -2.9817580e-02   1.6299757e-01  -2.6457632e-01  -2.2154281e-01   4.0486924e-02  -3.6771763e-01   5.3431419e-02  -7.1327647e-02  -5.0072999e-02   1.4524618e-01  -6.8731277e-02   5.1395123e-02  -4.6041388e-02   1.6050568e-01   5.8470514e-02   1.2063883e-01   2.6829720e-01   6.6946153e-02   3.1077500e-02  -4.2004345e-01   2.2469602e-01   3.7214050e-01   2.0681760e-01   1.2767220e-01   2.8755917e-01  -1.1256489e-01   3.0240929e-01  -3.8158225e-02   1.3059549e-01   1.6202831e-01   9.5413802e-02  -3.5340837e-02   1.6798659e-01   1.0828817e-02  -5.3226058e-02   1.1744061e-01  -8.4876676e-02  -1.3499564e-01   1.8044938e-01  -1.5590309e-01  -7.9634257e-02   8.7288511e-02   8.2435949e-02   2.1677016e-01  -1.9358578e-01  -4.1110508e-02   2.0875172e-01   1.0771954e-01   2.3831325e-02   6.4260579e-02  -6.5829162e-02   1.1288368e-01  -1.3773966e-01  -7.8481757e-02   5.3546018e-02   1.4422345e-01  -1.4595023e-01   2.7117741e-01   7.6271020e-02  -6.1535498e-02  -7.7035952e-03   1.4314003e-01  -3.9849267e-03   1.7017315e-01  -2.2800477e-01   1.1400725e-01   3.6192403e-02  -1.0418887e-01   5.3354866e-03   7.5341610e-02   1.1396812e-01   1.3075992e-01  -1.0082709e-01  -7.5679626e-02   1.8111314e-03  -5.9433336e-02   5.4682960e-01   1.9059464e-01   1.8767449e-01   3.1273418e-01   1.3934696e-01   5.8701321e-02   1.4532580e-01   2.2827353e-01   3.0559046e-02   2.7677752e-02   7.7615017e-03   1.9488504e-02  -5.6907808e-02  -1.5179755e-02   5.1251079e-02   5.5017280e-02   3.2767081e-01   2.2929902e-01  -1.4697660e-01   4.4070897e-03   2.3729364e-01   3.6861839e-03   4.7036463e-02   1.5062119e-01   2.9495258e-01  -3.1030023e-01   2.4235086e-02  -2.9976037e-02  -2.1648428e-01   4.8876391e-02  -1.4215951e-01  -4.2995049e-02  -1.8297298e-02   1.1718240e-04   5.1536224e-02  -1.4036792e-01   1.7663315e-01  -1.5870160e-01  -8.0416128e-02  -8.4864278e-02  -6.4053894e-04   7.1572143e-02
   3.2620756e-01   3.0409085e-01  -1.7049457e-01   1.2804074e-01   2.1816663e-01  -1.4652073e-01   1.0737107e-01  -9.4837581e-02   0.0000000e+00  -5.5719923e-02   1.3724921e-01  -5.1533499e-02  -9.9504211e-02  -2.1950159e-01  -2.9174212e-01  -3.0318461e-01  -1.6950028e-01   1.1254358e-01  -1.2599110e-01   1.6974710e-01  -3.9726642e-01   2.0103499e-01  -1.8751997e-01   2.0987333e-01   1.2621557e-01   1.2214264e-01   2.1361403e-01  -1.3698246e-01  -5.0487550e-02   3.0452425e-01  -1.9675112e-01   1.4173840e-01  -2.3697837e-01  -1.1848340e-01  -4.5144903e-02   1.1456434e-01   1.2847556e-01  -1.0799822e-01  -2.3556339e-01  -8.9330018e-02   9.1854833e-02  -9.1835893e-02   1.0695267e-01  -1.9582005e-01   1.7302487e-01   2.8369700e-01   7.3825465e-02   1.3952919e-01   2.1756410e-01  -1.5638294e-01   1.5216731e-01  -1.5964722e-01   1.9635606e-01  -1.5795647e-01  -1.7201485e-01  -1.4637803e-01  -2.6378409e-01   5.8113375e-02   1.9481627e-01   1.3740087e-01  -6.6459050e-02   1.4866051e-01   3.3486971e-01   7.6228154e-02   5.1843969e-01   5.3438987e-02  -1.5718825e-01   1.4504936e-01   1.2503197e-02  -3.0361434e-02  -2.0165246e-01   1.7880374e-01   1.4595953e-01   4.1031770e-01   2.1722470e-01   4.7567112e-02   9.5355330e-02   1.3234367e-02   2.7882950e-01   2.2094565e-01  -4.6730780e-01  -2.0042961e-01  -4.2251430e-01  -9.2813700e-02  -3.4441232e-01   9.5996788e-02  -2.4300924e-02   1.9333469e-01   2.0662152e-01   3.0576309e-01   3.2207196e-01  -5.9436691e-02  -2.0679603e-01   4.0344559e-01   1.7085510e-01   2.0739337e-01   7.8836986e-02   1.9767651e-01   4.6142842e-01  -2.0876001e-01  -1.3384237e-01  -1.3416239e-01  -4.1152713e-01   9.4198708e-02   1.7584741e-01   1.8564667e-01   1.1795722e-02   1.7677295e-01  -1.0766880e-01  -1.6509693e-01  -5.7240429e-01   3.0769713e-03   5.1289627e-01   1.3313102e-01  -2.3729398e-01   3.7201333e-01   1.8089585e-01   2.3207029e-02  -4.7811939e-01   1.3530874e-01   4.1609502e-01   4.9714274e-02   5.0596688e-02   3.9021113e-01   3.6629146e-01   1.1223198e-01  -1.2419608e-01   1.6713993e-01   2.1322520e-01  -2.7046544e-01  -2.8960241e-01   8.7502684e-02   4.5919201e-01  -2.4075357e-01   3.1733279e-01  -5.6719732e-03  -1.4030850e-01  -3.9560362e-01  -3.9602358e-02   1.2967462e-01   4.6461881e-01  -1.6130345e-01   1.1664204e-01  -4.5682078e-01  -1.5018055e-01  -3.0471886e-01  -4.1688014e-01   2.3052472e-01  -4.3869866e-01  -1.8427641e-01   3.0342693e-01  -3.8416862e-01   2.1814830e-01   1.4333052e-01  -1.8460337e-02  -1.0807037e-01   4.2239649e-01   1.0087698e-01   3.9471156e-02  -2.8250075e-01   1.9335432e-01   1.6030900e-01   1.0188150e-01   9.5889112e-02   1.2674233e-01  -1.5070070e-02   2.0037701e-02  -1.3714545e-01   3.5793680e-01  -3.7460742e-02   1.0598308e-01  -2.3813389e-01   2.6385895e-01  -1.7247048e-01   2.9330528e-01  -1.7724789e-01   2.2081801e-01
   1.0478094e-01  -1.6841526e-01  -1.4041789e-01   1.2490797e-02  -1.2013446e-02  -8.0430087e-02   8.1796349e-02   1.5425717e-02  -5.5719923e-02   0.0000000e+00   2.1135333e-01  -1.1650750e-01   2.0474575e-01  -5.9501148e-02   2.8447392e-01   2.0801944e-01  -1.4486108e-01   1.2729118e-01   2.9403152e-01   4.0195419e-02  -6.3780203e-03  -6.5724051e-02   4.1176745e-01   3.5858204e-02  -1.0564966e-01  -7.2837250e-02  -8.6811495e-02   1.3866040e-01   3.2645732e-02  -1.1568286e-01   1.9703774e-01   1.9265864e-01   2.7956145e-02   2.3650810e-01  -2.2989200e-02   1.4009384e-01  -3.4577647e-02   3.7549635e-02   2.7370683e-01  -1.5846545e-01   2.2918663e-01  -4.1712332e-03  -7.0520664e-02   1.2691131e-01   9.9263954e-02  -9.1073831e-02   1.7449928e-02  -3.3690440e-02  -6.6145935e-02  -1.2538144e-01   2.0060464e-01  -5.5332749e-02   2.7834612e-02  -1.8644666e-01  -6.1710145e-02  -8.0018357e-02  -9.3734445e-02  -4.2218855e-02   2.0085792e-01   9.9716642e-03  -1.8940750e-01   5.0864728e-02  -1.0130167e-01   7.7901531e-02  -1.2106533e-01   1.6461331e-01  -1.4332625e-01  -5.9756638e-03   3.7699528e-02  -2.7111751e-01   1.2400142e-01   3.1051275e-02   1.9886812e-01   1.6939866e-02  -8.9794991e-02  -8.5694981e-02  -1.1805562e-01   1.1719560e-01  -7.8906372e-02   1.2197277e-01   2.3276095e-01   1.2079815e-01   2.2014685e-01  -7.1256542e-02  -1.5072242e-01   1.7732470e-01  -1.7591074e-01   9.6074250e-02   2.6307887e-02  -2.9080171e-03  -3.7104842e-01  -4.8679490e-03   1.4586137e-01  -3.4498102e-02   4.3866943e-02  -4.4497557e-02   9.6036883e-02  -8.9584086e-03  -1.5978135e-01   5.1151087e-01   2.5349273e-01   1.6146799e-01  -3.2032210e-02  -1.1931859e-01  -3.5958974e-02   1.2267729e-01  -1.4840923e-01   2.7149442e-02   4.9584938e-01   8.7419988e-02   2.0519651e-01  -1.2479158e-01  -1.2025009e-01   1.7324876e-01   1.8294625e-01  -2.6846701e-01   4.6413562e-02   1.7834022e-01   7.9911363e-02   1.2593107e-02   6.5153887e-02  -3.6192972e-01  -2.0139865e-01  -7.9944131e-02   1.4307902e-02   1.0595034e-01  -5.7468110e-02   7.5675099e-02   2.1759343e-02  -1.9991681e-01   2.3039755e-01   3.0955503e-01  -9.1783825e-02   2.3431507e-01   7.3208793e-02   9.4554795e-02   1.0145297e-01   9.5546068e-02   1.3949754e-01   2.3618116e-01   1.6197347e-02   1.5339844e-01  -8.1155863e-03  -5.6793931e-03   3.4460803e-01   1.2585476e-01   1.5209387e-01  -1.6606243e-01   2.0375348e-01   2.2062596e-01  -1.7236719e-01   1.2554475e-01  -3.0007221e-02   6.1923333e-02  -7.9141687e-02   1.9655965e-01  -3.2756363e-02   2.2701270e-01  -1.1398003e-01   3.2443648e-01  -1.3855310e-01   2.3003858e-02   4.9936881e-01  -5.9595942e-02  -1.0136832e-01   1.4239150e-01   1.3872980e-01   1.0638412e-01  -1.0723622e-01   8.5799174e-02  -4.2705180e-02   1.6162668e-01  -1.5107320e-01  -1.2817922e-01  -2.3638571e-01  -3.1217704e-02   1.5198948e-01
   5.9066204e-03  -4.1926953e-01  -4.4712956e-01   3.5086343e-01   3.8378277e-01  -6.9618882e-02   4.0965769e-02   7.2562755e-02   1.3724921e-01   2.1135333e-01   0.0000000e+00  -3.5458931e-01   8.3695962e-02  -9.1380651e-03   1.4049331e-01   1.8758644e-01  -4.8089083e-01   6.1663630e-01   9.4285488e-02   4.9305142e-01  -1.7001095e-01   3.9840964e-01  -6.5995967e-03  -3.3399796e-02  -1.5850807e-01   3.9362552e-01   7.6181238e-02   9.6414426e-02   1.1293289e-01   4.9316610e-01  -1.2755657e-01   5.3228697e-01  -1.8340860e-01  -2.7375945e-01   2.0040670e-01   6.4164255e-01  -3.4031236e-01  -3.6696057e-01   1.4841216e-01  -4.2786302e-01   4.4500452e-01   1.9289563e-01   8.2045145e-02   3.0873992e-01   3.8578384e-01   8.4359371e-02   6.5033443e-01  -3.3172404e-01  -8.8708381e-02  -5.4077229e-01   6.1797696e-01  -8.9425521e-03  -2.9484429e-01  -3.0483139e-01  -2.6383114e-01   3.9094713e-01   7.7378445e-02   4.9218793e-01   3.0461837e-01   3.5359815e-01  -4.3945773e-02   1.5345145e-01  -1.4262099e-01   5.8128682e-02   1.9609959e-01   5.8780231e-01   2.5085633e-02   3.3888560e-02   5.4129294e-01  -9.5121510e-02  -3.9817309e-01   4.4703299e-01   2.7624223e-01   1.3961625e-01  -1.9832571e-01   9.2252726e-02  -2.6130540e-01   3.4226252e-02   5.5756691e-03  -1.1016969e-02   1.4560899e-01   1.0648410e-01  -1.7958399e-01   3.6875876e-01  -2.4338188e-01   1.5887263e-01   9.1487117e-03  -9.2908210e-02  -3.5532199e-01   5.5783831e-02  -4.9070700e-02  -1.3742498e-01  -4.0160072e-01   3.2000644e-01  -1.2725086e-01   2.0034164e-01   2.8761134e-01   2.7624773e-01   2.7056892e-01  -5.0091938e-02  -8.1878955e-02   4.0320408e-01  -7.7740842e-03   2.5218624e-01   4.9933840e-01   4.9779104e-01  -3.0364864e-01   4.6887886e-01  -2.2128726e-01   1.4475801e-01  -1.8746063e-01   4.5946509e-01   1.9421684e-01  -1.1289514e-01   2.2308410e-02  -2.8671992e-01   1.3939733e-01   1.6241407e-01  -1.0411507e-01   4.6504625e-01   1.9603447e-01  -7.5141868e-02  -3.8987494e-01   2.3212132e-01   1.4541056e-01   1.5924756e-01   3.8723072e-01  -2.4521373e-01   5.0193920e-01  -4.9842861e-01   3.0782994e-02   3.3120410e-01  -1.8937172e-01   3.3024056e-02   3.8024262e-01   1.6501444e-01  -2.0137506e-01  -6.6781066e-02   2.5137857e-01  -7.4721044e-02   1.1525003e-01   8.9678052e-02   3.2279019e-01  -3.3667856e-01   1.9083034e-01  -6.7651426e-02  -4.4359466e-01   3.6311777e-01  -9.1275704e-02  -3.1770933e-01   8.2394862e-02  -2.2359844e-01  -9.5679288e-03   4.0947469e-01  -5.4543133e-01  -1.1146491e-01   7.4611517e-02   3.8385982e-01  -1.3548992e-01   8.0471460e-02  -6.7191464e-03   6.1843855e-01   2.1923675e-01   5.2762071e-01   4.8270397e-01  -1.1756847e-01   3.7139971e-01   2.2571775e-01   1.7508572e-01  -4.4976679e-01  -5.9403835e-02  -3.3299966e-01   4.0699710e-01  -2.5664477e-01  -1.0379761e-01  -1.3218633e-01   4.5606102e-01
  -4.4012476e-01   6.6976655e-01   5.9579168e-01  -6.0766677e-01   1.5372847e-03   3.7599745e-01   4.8659599e-01  -1.3439456e-01  -5.1533499e-02  -1.1650750e-01  -3.5458931e-01   0.0000000e+00  -1.8134847e-02  -3.5935035e-01   1.0151352e-01  -1.6599428e-01   4.5190262e-01  -5.1263883e-01  -2.0741391e-01  -8.2309545e-02  -2.2320199e-01  -4.6557665e-01  -2.3751126e-01  -4.4031943e-01   3.1316098e-02  -3.3480645e-01   2.3854416e-01  -1.9664673e-01  -8.7599656e-02  -1.9166706e-01  -5.4223919e-02  -4.5057122e-01   1.1360041e-03   5.7312593e-01   1.1514980e-01  -3.3734393e-01   2.1911074e-01   1.9864215e-01  -1.3383272e-01   4.2871728e-01  -3.1478082e-01  -6.8105475e-02   4.2394158e-01  -1.5825370e-01   9.1714476e-03  -3.2067461e-01  -3.4590101e-01   4.0990558e-01   1.0507726e-01   4.1060811e-01  -4.8825977e-01  -1.4401861e-02   4.5942795e-01   3.4396843e-01  -9.5704071e-02  -2.7999590e-01   6.7245477e-02  -4.8020058e-01  -3.5552624e-01  -3.0232948e-01  -5.2543703e-02   2.5697037e-01   4.5508074e-01   2.1182805e-02   1.3102296e-01  -1.4145042e-01   1.7291463e-02   8.4429171e-02  -3.0686531e-01   3.2560414e-01   2.1497135e-01  -5.1763366e-01  -1.3227350e-01  -3.9789329e-01   8.5412719e-02  -1.5329816e-01   4.3203937e-02  -2.0056288e-02   3.7984582e-01  -1.7883117e-01  -2.4233670e-01   3.7978904e-02   7.9357213e-03  -3.4569566e-01   2.5360798e-01  -1.6408958e-01   4.3396394e-02  -2.9776308e-01   4.8491091e-01  -4.8298193e-01   2.5956812e-01   3.2598051e-02   5.8869777e-01  -9.0822309e-02  -1.3951169e-01   1.9507765e-01  -2.8519105e-01  -1.2521091e-01  -1.0521005e-01  -5.6238594e-02  -1.7249550e-01  -3.9666063e-02  -1.9109420e-01  -1.1703028e-01  -5.6234060e-01  -4.0144013e-01   4.5957595e-01  -2.4129646e-01   2.1296928e-01   7.7451660e-02   2.3719170e-01  -3.6294022e-01  -5.6984873e-02  -3.5636627e-01  -4.0042117e-01   4.8167860e-01  -1.3441906e-01   2.2428085e-02   9.6118194e-02  -4.4368412e-01  -5.4361874e-01   5.4237677e-01   2.8306221e-01   1.3451609e-01  -5.2102330e-01  -4.6763212e-01  -1.5676931e-01   1.5912212e-01  -5.2942404e-01   5.3871786e-01   1.6552311e-02  -5.2620116e-02   4.3248967e-01  -2.5460983e-02  -2.4202609e-01  -2.5162264e-01   3.3017017e-02  -9.8630900e-02  -2.4135110e-01  -1.3842929e-01  -2.6922038e-01  -4.2390009e-02  -3.4960051e-01   5.0499350e-01  -3.5718978e-02   1.2097345e-02   3.7103774e-01  -4.9925554e-02   2.6605100e-01   4.6422498e-02  -3.9551363e-01   1.5768745e-02  -1.8192448e-01  -7.7011074e-02   7.1702267e-01  -1.9165762e-01  -4.1550118e-01  -3.8804883e-01  -8.3188414e-02  -1.3242787e-01   6.6668885e-02  -3.6420733e-01  -8.5899511e-02  -5.0857038e-01  -3.6984790e-01   4.2144672e-01   4.3456375e-02  -1.2931300e-01  -4.1068259e-01   3.7121102e-01   5.2929451e-01  -6.7568372e-02  -4.0688471e-01   5.9690235e-01  -2.6778257e-02   8.1956528e-02  -4.3846462e-01
  -2.3478892e-01  -1.5618494e-01   2.1574099e-02   9.3519970e-02   4.0826013e-01   5.7543652e-02  -1.7768854e-02   5.0485434e-02  -9.9504211e-02   2.0474575e-01   8.3695962e-02  -1.8134847e-02   0.0000000e+00  -6.3214734e-02   9.9898327e-02   2.2511929e-01  -5.6058219e-02   3.5843930e-02  -1.0884107e-01   2.7446640e-01  -1.7553610e-02  -6.7106674e-02   6.6033674e-03   2.6995414e-04   4.8641779e-02   3.8466522e-02   1.5863791e-01  -1.9078607e-01   9.3021026e-02   9.7943195e-02  -9.5721035e-02   1.8951191e-01   6.1685033e-02   4.9731198e-03   1.5003328e-01   2.2072278e-01  -5.9293755e-02  -9.7417611e-02   3.3973332e-01  -4.3320209e-02   4.9398644e-01  -9.2021406e-02   1.9615723e-01   2.3392203e-01   9.7179783e-02  -5.8709109e-02   2.7979124e-01  -1.8753099e-01  -1.3295496e-01  -5.4558395e-02   7.3614022e-02   1.9749472e-01  -1.1527218e-01   8.7096292e-02  -1.2673669e-01   7.4610227e-03   1.9248572e-02   1.2996458e-01  -8.8842593e-02   5.6651363e-02   2.1573733e-02   1.3216894e-01  -1.1408468e-01  -5.6198993e-02  -7.5446041e-02   3.1752792e-01   1.6053377e-01  -1.0183940e-02   2.5242579e-01   5.5578270e-02  -1.5714511e-01   8.6339162e-02   4.7196959e-02   8.1899993e-02  -1.6367934e-01  -8.2606565e-03  -1.6906725e-01   1.2859451e-01   1.5753354e-01  -1.1771342e-03  -6.2431350e-02  -4.9271078e-02   6.3460381e-02   5.5630557e-02   6.5090411e-02   1.2046589e-01  -1.9076455e-02   1.5235478e-01  -1.7786277e-01  -1.0803640e-01   6.2695641e-02   1.5053030e-01   6.0274373e-02   4.4207276e-02  -1.5879926e-01   3.5064912e-01   2.0267559e-01   2.1020702e-02  -1.6874150e-02   1.3398564e-01  -3.0925499e-02   3.3008212e-01  -5.6251414e-02  -3.7253369e-02   6.3339128e-02  -3.4235033e-02  -4.5537717e-02   1.7136526e-01   1.2682920e-01   3.1741340e-01   1.3031756e-02   6.8434473e-02   1.4372405e-02  -1.3706705e-01  -6.9128050e-02  -7.6622233e-02   3.0562957e-01   3.9086059e-01   7.6276835e-03   1.2032703e-01  -8.9991447e-02   1.2830329e-01  -1.7479231e-01  -1.0287949e-01  -1.0228948e-01   1.5697956e-01   1.8822614e-01  -1.0597384e-01   5.4204001e-02  -7.1879188e-02   5.4873093e-01  -1.1604054e-01  -7.4650541e-02   2.9105795e-02   6.8421813e-02   1.3896731e-01   1.7772820e-01  -1.7080778e-01   3.0611935e-01  -7.0134810e-02  -2.5251235e-01   5.8221228e-01   9.5893509e-02   6.4755106e-02   4.1977120e-02  -7.3933940e-02  -1.3521334e-01   2.1543603e-01   2.7351665e-01  -1.4063153e-01  -1.8773651e-01  -1.1768335e-01  -8.7296450e-02   2.8237963e-01  -8.1542243e-02  -8.5002396e-02  -1.0209317e-01   2.1851324e-01  -1.1765700e-01  -1.9681781e-02   1.3071152e-02   1.9219382e-01   5.3677877e-02  -3.5285264e-02   6.6178222e-02  -3.4846256e-03   3.0915997e-01  -1.8919313e-01  -1.1093495e-01   5.5056234e-02   2.9820333e-01   5.5453722e-02   1.1089873e-01   1.9253877e-01  -1.6782785e-01  -1.5929084e-01   5.2353395e-02
   3.4588171e-01  -4.3093053e-01  -1.0489387e-01   2.9300087e-01  -2.5002570e-01  -1.9745652e-01  -4.3895267e-01   1.6096471e-01  -2.1950159e-01  -5.9501148e-02  -9.1380651e-03  -3.5935035e-01  -6.3214734e-02   0.0000000e+00  -1.2381293e-01   1.3674786e-01  -7.1471763e-02   2.2040825e-01   5.6251019e-02  -1.4922501e-01   5.1883616e-01   2.9387374e-01   1.2986628e-01   3.1565212e-01  -6.2461558e-02   7.7182698e-02  -1.2472294e-01   1.8610534e-01  -8.0100263e-02  -1.0250298e-01   5.6091821e-02   1.7631623e-01  -3.2226788e-02  -4.8900053e-01  -6.8405021e-02   2.2176153e-02  -2.6699222e-01  -1.2843458e-01   1.2160483e-01  -7.3804339e-02   1.6877204e-02  -4.7431068e-02  -3.6348672e-01   1.2171260e-01  -3.4626203e-01   2.6490719e-01   1.6227987e-01  -1.4429760e-01  -1.9313630e-01  -1.0521655e-01   1.6926721e-01  -4.2034095e-02  -4.3172553e-01  -1.0923321e-01   3.4012385e-01   3.2080029e-01   1.0085045e-01   2.0457610e-01   1.5745962e-01   1.7915985e-01  -1.4862010e-02  -4.1216276e-01  -4.6301297e-01  -2.1716288e-01  -3.9210626e-01  -5.8912380e-02  -4.7521341e-02   4.4709157e-02   1.2784135e-01   7.7041197e-02  -9.2077881e-02   1.8690776e-01  -1.2459864e-01   1.8441066e-01  -6.8854264e-02   7.6131059e-02  -5.1936665e-02  -1.0768204e-01  -4.7033713e-01   4.8812455e-02   2.3314699e-01  -1.5347390e-02   1.2482957e-01   3.0509076e-01   3.4851283e-01   3.7991198e-02   2.6922438e-01   2.3929640e-01  -2.2205844e-01   3.0036086e-01  -1.9514640e-01   1.0782342e-01  -4.1074740e-01  -2.0927186e-01   8.2700827e-02  -3.2949700e-01   1.3006587e-01   3.7041291e-03  -1.8282553e-01  -3.9924365e-02   1.5549787e-01  -3.8850954e-02   5.5416375e-01   1.8010846e-01   2.6087479e-01   2.4664464e-01  -9.1510677e-02  -9.2732876e-02  -8.8432416e-02   8.1333703e-02   9.1336327e-02   2.8784095e-01  -2.2323410e-02   3.2138969e-01   3.6180447e-01  -4.5549439e-01  -2.7690516e-02  -3.6541082e-01   2.3199837e-01   1.1017466e-01   2.7289128e-01  -2.6962180e-01  -9.6823999e-02  -2.7765357e-01   3.5695276e-01   4.1775558e-01   3.8103046e-02  -4.4827744e-02   2.6954446e-01  -4.0561628e-03  -5.3363651e-02  -1.2306875e-01  -2.8004796e-01  -3.3936917e-02   3.2068792e-02   1.5465347e-01   8.4474983e-02   2.0081105e-01   1.3124098e-02   1.1113312e-02   1.9633837e-01   9.4567248e-02   1.3997308e-01  -4.9560315e-02  -1.0706988e-01   1.5141394e-01  -1.4009179e-01  -5.8298872e-02  -6.5548545e-02   6.2002522e-02   2.7714335e-01   2.1179768e-01   1.6504918e-01  -6.4324442e-02  -3.0405521e-01   4.3115329e-02   2.7930292e-01   6.3453500e-02   1.4925773e-01   1.4730923e-01  -8.5541122e-02  -1.1307454e-02  -3.6637125e-02   2.9230873e-01   6.4039378e-02  -5.6231759e-01  -5.6111254e-02   8.5309020e-02   2.2757287e-01  -1.4331788e-01  -5.0124758e-01   4.2896454e-02   1.4352675e-01  -3.1468367e-01  -8.5450199e-02   4.6664201e-02   1.6476099e-01
