   0.0000000e+00  -1.9288153e-01  -1.9958135e-01   3.9137571e-01   6.5589073e-02   1.4302831e-01  -3.9251491e-01   4.0178275e-01   7.2244054e-03  -4.4809011e-01   1.7162950e-01  -2.5185679e-01   8.3669427e-02   4.6265758e-01  -3.7570376e-01  -1.5758622e-02  -1.8541921e-01  -2.2018701e-01   1.2246736e-01   9.0427819e-03   8.4437096e-03   2.1538599e-01   4.9065957e-02   7.6646224e-01   6.7445877e-03   1.3274986e-01   2.1423835e-02   1.4008998e-01   1.4102667e-01  -3.2236742e-01  -5.3147651e-01   4.3193011e-01  -2.3337276e-02  -4.6819387e-01  -2.4578815e-01  -1.3444351e-02   1.1396216e-01   4.5006891e-01  -7.8310452e-02  -1.3329330e-01  -7.4785985e-02   8.9365514e-02  -2.9317653e-01  -1.8125203e-01  -3.7004805e-01   1.2289339e-01   3.1079378e-01  -5.1578196e-01   9.4279641e-02  -2.2827921e-01   2.7603463e-02   3.8978838e-01  -4.5878497e-01  -1.1050002e-01  -2.9342282e-01   1.1836976e-01   2.7083731e-01   3.1763692e-01   2.7644462e-01  -2.7832469e-02  -7.8268179e-02  -5.5495276e-02  -1.6186175e-01  -3.9651223e-01  -1.4007947e-01   1.6213844e-01   5.0985816e-02   1.2429907e-01   4.2854127e-01  -1.7928738e-01  -4.8991398e-01   3.6718392e-01  -9.3955977e-02   3.1416088e-02   1.2362904e-01   1.5646781e-01   1.7647925e-01   2.6350755e-01  -3.6806824e-01   3.2583888e-01  -4.1269794e-02  -6.6059313e-02  -5.0944635e-01   5.5003639e-01  -3.1556072e-01   2.6979469e-01  -1.5522646e-01   3.1788065e-01  -9.4241597e-02   7.3554899e-01   2.1052425e-01  -2.3057022e-02  -3.7239812e-01  -7.7044895e-02   4.0061188e-01   3.4222039e-01   1.2260449e-01   2.4717916e-01  -1.8462233e-01  -6.7154422e-02  -5.1342756e-01  -2.2707964e-01  -2.3893420e-01  -6.5473501e-02   3.5443370e-01   3.6302710e-01  -1.2469447e-01   5.0185261e-01   2.3099162e-01  -3.8311642e-01  -4.4043455e-01   2.3452677e-01   6.3764773e-02   8.0335335e-01  -3.7028254e-01  -8.3562819e-02   3.7281565e-01   7.6379146e-02   8.7857436e-02   4.5400260e-01   7.0808346e-01   2.5927366e-01  -2.5195175e-01  -4.9214333e-01   5.6565933e-01   5.3356773e-01   2.6519362e-03   1.8106844e-01   4.8245686e-01  -3.9269900e-01   4.9603785e-02  -3.5346306e-01   9.6152119e-02  -5.2228001e-01  -7.3862073e-02   2.8540267e-01   2.5865268e-01  -3.8502291e-01   3.3085817e-01   6.5639686e-01   6.8239060e-01  -7.6991770e-02   3.4461990e-01  -1.6632691e-01  -4.8595608e-01  -3.5771284e-01  -5.3445131e-01   4.7962026e-02  -1.6830503e-01  -3.2420603e-01   1.1709531e-01  -1.3347380e-01   4.8621633e-01  -6.1131426e-02  -2.4049285e-01   6.0849453e-01   4.9899154e-01   2.9634178e-01  -5.3144365e-02   2.1515981e-01   1.5011633e-01   1.4225094e-01  -3.2214363e-01   1.8920508e-01   3.9699120e-01  -2.5013428e-01   3.3515739e-02   2.4599035e-01   3.9438434e-01  -4.5440905e-01   9.7446206e-02   6.2337218e-01  -1.2971785e-01  -3.2741367e-02   1.0561501e-01   3.0771942e-03   3.6147980e-01
  -1.9288153e-01   0.0000000e+00   3.8700326e-01  -3.3079111e-01   3.0726620e-01  -4.1077249e-01  -2.6614784e-03  -1.3457254e-01   4.6546149e-01  -6.5879611e-02  -3.1072318e-01   4.3255382e-01  -3.6147469e-01  -2.0409257e-01  -4.0272912e-01  -2.0227193e-01   4.9163672e-01  -7.2079875e-02  -4.0253613e-02   4.6837157e-02  -5.5023890e-01  -6.0637784e-01  -5.8406907e-01  -1.3345129e-01   1.8725101e-01  -5.7999914e-02   8.0505022e-02  -4.8541629e-01   3.8496325e-01   3.9056913e-01   2.2226344e-01  -3.9878206e-01   3.6792181e-01   1.5679746e-01  -1.1532891e-01  -1.8331312e-01   3.3918257e-01   3.0249922e-02   1.0769276e-01   3.2074503e-01  -2.4892397e-01   8.6144247e-02   3.5599839e-01  -3.4439107e-02  -4.4339338e-01   1.0192198e-01  -3.5675765e-01   1.7318665e-01   1.3502416e-02   3.8899004e-01  -5.0780513e-01  -3.2306684e-01   5.1089118e-01   2.6191194e-01  -4.8481113e-02  -4.6871342e-01  -1.7305995e-01  -4.7951730e-01  -1.8491988e-01  -1.2403875e-01   1.6005697e-01  -1.8154913e-01   7.9097992e-01   5.5365625e-01   6.8773895e-01  -2.2759170e-01   8.7831254e-03   2.7741877e-01  -2.9327273e-01   1.5033858e-01   6.2838002e-01  -5.3051648e-01  -1.3115937e-01  -2.6337232e-01   8.5724281e-02  -1.2908191e-01  -2.0875819e-01  -1.7372452e-02   4.6404560e-01  -9.3661971e-02  -4.2033900e-01  -7.8352048e-02  -1.3924163e-02   2.8791013e-02  -4.4293001e-02  -2.5947636e-01  -2.5305526e-01  -1.2091537e-01   6.2556291e-01  -2.0977712e-01   3.8445287e-01   8.0086154e-02  -1.1771553e-01   3.2095289e-01  -2.9179953e-01  -3.4069743e-02  -5.1634852e-02  -1.3744033e-01  -2.5428930e-02  -2.3747468e-01   8.6803866e-02  -5.2222792e-01  -3.3538448e-01   9.9331789e-02  -5.0593010e-01  -3.3169350e-01   2.1683207e-01  -3.6946535e-02  -6.1539300e-03   1.0755909e-01  -8.1845975e-02  -6.0892965e-01  -4.8870235e-02  -2.9035481e-01  -2.9872527e-01   7.2534678e-01  -2.7271287e-01  -1.7787910e-01  -1.6107105e-02  -4.1389395e-01  -3.2504319e-01   3.2805568e-01   4.1400456e-01   4.0173866e-01  -2.7520038e-01  -2.9638820e-01  -4.0502613e-01   1.4138903e-01  -4.1638937e-01   3.8624439e-01  -1.8480636e-01  -1.8289822e-01   2.8092018e-01   3.5455377e-02   4.6627501e-02  -3.9257026e-04  -1.6953796e-01   7.0550474e-02  -2.6671766e-01  -1.3375102e-01  -1.0319840e-03   1.5579210e-02  -2.7131868e-01  -1.3580054e-01  -3.2218822e-01  -1.5259409e-01   2.3989838e-01   1.4497194e-01  -3.0898917e-01   2.4435236e-01  -3.8157868e-01  -1.8580742e-01  -1.5545823e-01   4.3855375e-01   5.0767639e-01  -1.0042698e-01  -3.5223343e-01  -3.0869916e-01   1.9506809e-01  -6.4510427e-01   1.1082832e-01  -1.0646185e-02   8.3106117e-03  -4.1695538e-01  -1.9173859e-01   3.3359769e-01  -7.3521877e-02  -1.9609881e-01  -1.8208780e-01   4.7150491e-01   4.6953954e-01  -1.3929648e-01   8.7039602e-02  -2.6838474e-01   1.1587807e-01   6.3399175e-03  -1.6513552e-01
  -1.9958135e-01   3.8700326e-01   0.0000000e+00  -2.2343564e-01   4.3087543e-01   9.1895518e-02   7.4773360e-02  -1.3634914e-01   9.1538932e-02   7.7469363e-02  -5.2082211e-01   7.3996070e-01  -1.6721084e-01   6.6143199e-02   4.8636589e-02   2.2607703e-01   8.8453775e-01  -4.5118775e-01  -5.2066860e-02   4.1005405e-01  -4.8327285e-01  -2.3243107e-01  -3.7136828e-01  -2.8119425e-01   1.2300335e-01  -1.8004078e-02   1.8051369e-01  -3.3619574e-01   4.9081143e-01  -1.0496152e-01  -1.7060265e-01  -3.0657109e-01   4.3275408e-01   1.5328334e-01   3.9893287e-01  -2.1628245e-01  -2.3797301e-01  -1.5548235e-01   1.1126651e-01   6.0860419e-01  -2.1306005e-01   5.1844198e-01   4.7942255e-01  -1.8659941e-01  -8.6752743e-02   4.2005409e-01  -3.5648118e-01  -2.1202708e-01  -1.3499030e-01   8.0707423e-01  -4.6742749e-01  -2.8305400e-01  -2.0800695e-01   6.0081598e-01   3.1360885e-01  -4.1363801e-01  -6.7911343e-02  -2.2239134e-01  -2.2566810e-01   3.6526940e-01   5.3597997e-01   9.4717285e-02   3.5115063e-01  -9.9250225e-02  -9.6679387e-02  -2.8698144e-01   2.8701061e-01   2.5626999e-01  -2.0936003e-01   7.0020206e-01   1.7934585e-01  -4.7449228e-01  -1.3505322e-01   1.8385594e-01   4.6135621e-01   7.2078247e-02   4.5899376e-02  -1.5626087e-01   3.0220861e-01   1.3702506e-01  -4.3980892e-01  -1.3381966e-01  -1.1527620e-01  -5.6121152e-02   2.7811348e-01  -2.3562252e-01  -4.5382836e-02   1.0399901e-02   4.6063039e-01  -4.0855375e-01   2.5757383e-01   5.1787282e-01   2.1630614e-01   5.1421393e-01  -2.0506394e-01   2.8512595e-01   1.9205969e-01  -3.0164548e-01  -6.9919145e-02  -4.3643182e-01   8.3103389e-02  -1.3780341e-01  -4.3759318e-01   3.0269737e-01  -5.0538423e-01  -1.0612592e-01   5.8966464e-01  -5.6435239e-02   3.7598863e-02  -2.9248050e-01   5.7086230e-03  -2.6005163e-01  -1.2765739e-02  -3.9034084e-01   6.7267578e-02   9.8340773e-02  -3.2278151e-01  -1.9377189e-01   2.6257251e-01  -2.5731967e-01  -3.8807096e-01   4.5827184e-01   8.2237190e-01  -2.4271100e-01  -4.9784459e-01   2.4273717e-02  -2.5334678e-01   3.8616144e-01  -2.2902752e-01   6.2831556e-01  -3.8655603e-02  -4.5910403e-01   4.0422225e-01  -3.0302156e-01   4.2836323e-01  -3.1772416e-02   2.5565723e-01  -9.5496561e-02  -2.8580399e-01  -1.8365008e-01  -5.5855562e-02   1.0401723e-01  -2.7256676e-01   2.5692681e-01  -5.4133045e-02  -3.6435932e-01   4.5956766e-01  -3.2579398e-01  -2.6782146e-01  -4.0093820e-01  -1.2226031e-02  -2.4275823e-01  -9.8481693e-02  -1.5118386e-01   7.2290591e-01  -4.4879848e-01  -2.9347134e-01  -2.5658060e-01   5.1528049e-01  -3.8378816e-01   5.9274020e-01  -1.7613113e-01  -3.4263484e-01  -5.9711209e-01   2.4363756e-02   5.1807380e-01  -9.5865215e-02  -6.7084831e-02   1.0812584e-02   2.7893575e-01   4.9661925e-01  -1.9014063e-01  -2.4709859e-01   1.8828105e-01   2.2624552e-01   1.9710544e-04   8.5178976e-02
   3.9137571e-01  -3.3079111e-01  -2.2343564e-01   0.0000000e+00  -7.1012492e-02   2.2993119e-01  -4.3093193e-01   5.7226406e-01   4.8874529e-02  -3.6789141e-01   3.0828170e-01  -2.9346030e-01   1.1934092e-01   5.4487405e-01  -7.3733769e-02   1.4269683e-01  -2.7991688e-01   9.4596136e-02   1.5611971e-01  -5.3762813e-02   2.0883683e-01   5.8842490e-01   2.1306835e-01   2.5038962e-01   1.8037661e-01   1.0668138e-01   4.3809658e-03   4.1148394e-01   1.7727783e-03  -3.3067610e-01  -1.6906125e-01   6.0871222e-01   1.8747255e-01  -5.0912145e-01   2.1270513e-02  -2.7571666e-02   1.5678459e-01   2.6738036e-01   1.3501325e-01  -2.8109166e-01   1.0730827e-01   1.5210166e-01  -4.6437230e-01  -5.2221190e-02  -2.4608785e-03  -9.8036511e-02   4.4943656e-01  -4.4691634e-01   2.1150162e-01  -3.6592107e-01   2.6885697e-01   4.3949760e-01  -3.7942478e-01  -1.0189925e-02  -1.6989794e-02   1.8992448e-01   3.1762347e-01   6.2870286e-01   5.2009900e-01  -5.9197885e-02   1.2838764e-01   9.3151761e-02  -2.4325981e-01  -4.3903255e-01  -1.7343182e-01   6.3403646e-03   1.7820831e-01   1.1146729e-01   7.3040220e-01  -2.0432444e-01  -4.7886809e-01   6.1423547e-01   1.7149815e-01   7.1855847e-02   3.0529778e-02   3.9161489e-01   2.6844257e-01   3.1439418e-01  -3.6534389e-01   3.7535162e-01   3.9795653e-02   4.0985032e-02  -4.2223498e-01   4.7502429e-01   2.1046104e-02   4.9965787e-01   2.5909608e-01   1.8746005e-01  -2.5249169e-01   3.6000580e-01  -1.4256932e-02   9.0000293e-02  -4.3896007e-01  -1.1850678e-01   3.9843720e-01   1.5659169e-01   1.5638186e-01   4.0918740e-01   6.5588470e-02  -1.4955474e-01  -3.7268064e-01   1.1566213e-01  -5.6869685e-02   4.9786210e-02   5.7699165e-01   6.7985136e-01   7.5490106e-02   6.4808060e-01   2.6958882e-02  -3.8393350e-01  -5.1300271e-01   5.0377741e-01   4.9032988e-01   4.5408838e-01  -1.1097273e-01  -1.5225396e-01   5.5435781e-01   1.0527701e-01  -1.4844631e-01   7.6386572e-01   4.5729740e-01  -2.7361048e-03  -2.6960449e-01  -3.1121026e-01   4.6259892e-01   5.5117322e-01   2.6555628e-01   2.4378495e-01   7.7217601e-01  -4.8088115e-01   1.8065886e-01  -3.0776194e-01   1.4800303e-01  -3.0142029e-01  -6.7916176e-02   3.7678201e-01   3.3584285e-01  -3.4349760e-01   5.9234415e-01   2.4902499e-01   1.5405628e-01   3.3042248e-03   4.9879823e-01  -2.5396234e-01  -1.7725249e-01  -1.0444784e-01  -4.7198712e-01  -1.3843770e-01  -2.5097411e-01  -1.6007894e-01   3.1607520e-01  -1.2213158e-01   3.7435968e-01  -2.3476437e-01  -4.5669454e-01   2.5613520e-01   4.5768862e-01   4.6592663e-01   6.7734897e-02   4.2409081e-01   1.0209464e-01   2.5329244e-01  -3.7822545e-01   5.5171237e-01   6.7324840e-01  -3.0215475e-01  -1.9248233e-01   7.4994669e-02   3.9954061e-01  -5.1177651e-01  -1.3675054e-01   4.4913801e-01   1.2663740e-01  -1.4885207e-01   1.1736156e-01   1.1746279e-01   5.6929268e-01
   6.5589073e-02   3.0726620e-01   4.3087543e-01  -7.1012492e-02   0.0000000e+00   1.2717435e-01  -8.9527560e-02   7.7875402e-02   2.3217018e-01  -2.0732353e-01  -2.1614550e-02   3.9451072e-01  -1.4288520e-02  -8.9376907e-02  -3.3133290e-01   9.7293964e-02   4.2734649e-01  -1.3946955e-01   2.0696696e-01   7.7421163e-01  -4.4562653e-01  -2.5681475e-01  -3.2142950e-01  -7.7516268e-02   3.0248454e-02   5.9713162e-04   2.3494931e-01  -2.7381806e-01   4.7083333e-01  -1.5057425e-01  -4.0446892e-01  -6.8948848e-02   1.6746255e-01  -3.9186834e-02  -1.8489818e-01   4.0464773e-01   5.0875317e-02   7.6340509e-02   1.1663344e-01   2.9411320e-01   1.7589991e-01   1.8026323e-01   2.1169334e-01  -2.5435213e-01   5.9026864e-02   2.0466888e-01   1.2615110e-01  -3.7897158e-01  -2.5486874e-02   3.2276074e-01  -6.5288907e-02  -1.5887062e-01  -2.2637278e-01   2.8384846e-01  -1.6595262e-01  -1.5254793e-02   1.3528268e-01  -1.5587031e-01   7.6356484e-02   2.0891073e-02   2.9016355e-01   6.4570932e-02   2.7078588e-01  -1.7827683e-01   7.3526309e-02   3.0140809e-01   2.3657260e-01   2.9250332e-01   6.2939918e-02   1.3016629e-01  -6.0730737e-02  -9.6135627e-02   1.0462605e-01   1.5236928e-02   1.4435608e-01   5.6389360e-03   2.7577053e-01  -9.6628639e-02   3.6489534e-01   2.3833996e-01  -4.1951309e-01   9.3838327e-02  -2.5929791e-01  -3.7953481e-02  -9.3081621e-02  -2.5620845e-02  -3.5493695e-01   5.0876305e-02   4.4935538e-01  -6.2017938e-02   6.3304850e-01   3.3397576e-01   5.4106646e-02   1.9833622e-01   1.7711488e-01   5.5327902e-01   2.4332052e-01  -1.8934026e-01   3.9453267e-01  -2.5926874e-01  -4.0112799e-01  -3.3354927e-01  -6.1786956e-01  -5.0845051e-03  -1.2946981e-01   1.5516918e-02   2.1437899e-01   1.2426740e-01   3.6645184e-01  -1.4129221e-01  -1.4230120e-01  -1.5569675e-01  -1.2467958e-02  -3.8519354e-02  -3.6470176e-01   2.4069675e-01  -1.1200005e-01   9.2059137e-02   6.0391224e-02  -7.9466770e-02  -3.4115419e-02   7.3129208e-01   3.6325408e-01  -2.8807531e-01   3.2395362e-04  -3.8060052e-02  -4.2457822e-03   3.2814091e-01  -1.3246196e-02   7.6477492e-02   1.8573923e-01  -1.6613813e-01   2.1110864e-01  -5.0641726e-01   2.0692416e-01   6.3460244e-02   1.3517545e-01  -4.7931170e-01   6.4429443e-03   1.4037064e-01   2.0549664e-01  -5.3024078e-02   7.9754863e-02   5.5405026e-03  -4.4455313e-01  -5.0104651e-01  -4.3259445e-02   2.5499569e-01  -4.1962841e-02  -3.4895812e-01  -1.4106218e-03  -5.3300234e-01   7.5516423e-03   1.8592124e-01   2.8576129e-01  -4.1712551e-02   2.3229639e-02   9.5061322e-02   2.8611470e-01  -3.2739320e-01   4.6049584e-01  -4.7187100e-02  -1.1883617e-01  -1.9799165e-01   6.1480557e-02   3.3595369e-01   3.6982076e-01  -4.4150847e-02   1.0286209e-01   1.4558710e-01   6.5315600e-01   7.9587592e-02  -3.3152553e-02   3.9887235e-02  -1.0150030e-01  -1.1449583e-01   1.5872725e-01
   1.4302831e-01  -4.1077249e-01   9.1895518e-02   2.2993119e-01   1.2717435e-01   0.0000000e+00   3.2129690e-01  -2.5669473e-02  -2.6413883e-01  -5.5310324e-02   2.2671184e-01  -8.6823971e-02  -1.0259445e-02   2.2082055e-01   2.1623353e-01   3.0792627e-01   3.2909476e-02   9.8919794e-02   1.8038812e-01   2.1294755e-01   1.8509120e-01   3.7854751e-01   4.2101071e-01   1.1805490e-02  -1.5105891e-01  -1.3969478e-01   2.3011572e-01   1.9280995e-01  -2.5343790e-01  -3.9005271e-02  -3.9798890e-01   2.1812310e-01   5.0673573e-02  -5.2267069e-03   2.5111246e-01   4.0747749e-01  -1.7045515e-01  -1.6024106e-01  -7.5642871e-02   2.3612520e-01   2.1524997e-01   1.4707755e-01   5.5018167e-02  -9.2305405e-02   2.4524643e-01   2.8571117e-01   3.0743359e-01  -1.0216596e-01  -4.2095242e-01   1.4674417e-02   4.4772247e-01  -1.1534149e-01  -3.7450017e-01   2.5123108e-02  -1.0968989e-01   3.9458095e-01   2.6581589e-01   2.2784565e-01   1.7582243e-01   3.6886613e-01  -1.1550492e-01  -1.2030142e-01  -2.8132473e-01  -3.6584265e-01  -4.7938000e-01   2.4154742e-01   4.8603819e-01  -5.9067200e-02   2.6675653e-01   3.8118909e-01  -4.1433418e-01   3.9875061e-01   7.7584785e-02   1.7290493e-01  -9.6751749e-02  -5.9871229e-02   9.6228586e-02   4.0999411e-03  -1.7207187e-01   1.2854639e-01   3.7672415e-01  -1.5362830e-01   1.1401001e-01  -7.6274054e-02   7.5904796e-02   8.3746313e-04   1.3076332e-01   7.5466056e-02  -2.7717368e-01  -2.0600438e-02  -2.9855076e-01  -7.4085503e-02   1.7918582e-01  -1.0117972e-02   7.2199156e-02   1.5499918e-02  -9.9036817e-03  -7.2743163e-02   2.1174005e-01   1.4368171e-02  -1.2330459e-01   3.3646714e-01   8.0681020e-02   1.8625001e-01   3.8979582e-01   1.9541898e-01  -2.7170303e-02   1.7144574e-01  -2.1015945e-02   4.1131265e-02   2.3251784e-01   5.6265827e-01   1.1913434e-01   1.4978062e-01   1.9279955e-01  -5.2101563e-01  -1.4402857e-02  -2.1060930e-02   3.3095956e-01   3.6735181e-01   6.6735100e-02  -1.4743362e-01  -8.9345723e-02  -3.5696403e-01   1.1648207e-02   2.7752197e-01   3.6772144e-01  -1.1774739e-01   1.4132298e-01   6.7990353e-02   1.3148961e-01   1.1461250e-01   4.2677298e-02  -8.8555820e-02   3.3822443e-01  -1.2650291e-01  -3.6354584e-03  -6.8986188e-02  -4.3986607e-02  -3.6508186e-02   3.4619953e-02  -2.7188727e-01   2.3217766e-01   4.6307533e-01   4.3161684e-02  -1.5564963e-01  -1.2450316e-01  -1.9698230e-02   4.7276436e-01  -3.3371489e-01   2.6566125e-01  -3.3892873e-02   1.8520668e-02  -2.7285618e-01   9.2792792e-02  -1.0598847e-01   1.2527079e-01   1.7146940e-01  -1.6340602e-01   4.7976528e-01   7.0197217e-02  -9.6147930e-02  -5.2586680e-03   8.9319326e-02   2.0913874e-01  -2.4685814e-01   1.9818151e-01   1.8414691e-01   1.3060321e-02  -1.8214652e-01  -2.3125078e-01   7.2528583e-02   1.7063539e-02   6.1238004e-01  -1.7349813e-01   4.6162076e-02   8.5980028e-02
  -3.9251491e-01  -2.6614784e-03   7.4773360e-02  -4.3093193e-01  -8.9527560e-02   3.2129690e-01   0.0000000e+00  -6.1741142e-01  -2.4027663e-01   4.6274119e-01  -2.3697421e-01   1.5191360e-01  -2.0458931e-01  -3.7826463e-01   4.0060792e-01  -2.0492869e-02   9.6135582e-02   1.2885402e-01  -2.1766228e-02   3.6258095e-02   6.5206085e-02  -3.3264650e-01   2.5605983e-01  -4.1192291e-01  -4.3615885e-01  -2.3228429e-01   2.1679106e-01  -1.8099496e-01  -3.2696843e-01   4.4640512e-01   2.1319275e-02  -4.8838870e-01  -1.7790017e-01   7.1226958e-01   2.0121421e-01   2.1612842e-01  -2.4360357e-02  -3.9049511e-01  -3.1968175e-01   3.6712646e-01   5.0715116e-02  -1.2028141e-01   6.5195543e-01  -7.0137656e-02   3.2930051e-01   2.5178858e-01  -3.4950501e-01   6.5089216e-01  -5.6422060e-01   2.1367606e-01   1.2520054e-01  -4.5322987e-01   3.0411926e-01  -1.8899228e-01  -1.7050833e-02   2.8674652e-02  -2.9801055e-01  -3.2583250e-01  -3.5922819e-01   3.2425004e-01  -2.4897622e-01  -1.9220911e-01   1.3491286e-01   2.0125945e-01  -1.2719993e-01   1.5767500e-01   5.7339389e-02  -1.2689852e-01  -5.4103990e-01   4.2651538e-01   2.9043606e-01  -1.4449348e-01  -2.2385493e-02  -1.5320181e-01  -4.3754076e-01  -3.8908814e-01  -3.6106380e-01  -3.6630729e-01   4.2314863e-01  -6.1659241e-01   4.9739767e-01   4.7355952e-02   5.7888161e-01  -4.1817243e-01   3.8085013e-02  -3.9405600e-01  -9.5237808e-02  -3.0054580e-01  -1.6378297e-01  -3.9269327e-01  -3.2909005e-01  -3.1961961e-01   5.8657447e-01   2.0497457e-01  -3.1771594e-01  -4.1749775e-01  -4.5915246e-01  -4.7215006e-01   2.5930890e-01   3.5906867e-01   2.9771845e-01   3.0981468e-01   3.3388805e-01   6.1151455e-02  -1.6377813e-01  -5.2237539e-01  -1.9940641e-01  -6.0831366e-01  -9.4034387e-02   5.6211922e-01   7.5835002e-01   1.4540491e-03  -8.1676209e-02  -3.3892516e-01   3.0501190e-01  -1.3022530e-01  -5.4417159e-01  -1.7637036e-01   1.5452605e-01  -2.9857357e-01  -5.1680322e-01  -3.5807108e-01   6.2877289e-02   3.1386458e-01  -3.4212431e-01  -4.7566689e-01   1.2425538e-01  -5.0794885e-01  -4.8890280e-01   4.0288100e-01  -9.4471582e-02   5.2315369e-01  -2.8478877e-01   4.3082201e-01   4.8472036e-01  -4.8851578e-01  -6.2852247e-01   3.8978985e-01  -5.0417572e-01  -3.8046450e-01  -3.7914049e-01  -2.0030343e-01  -3.2858729e-01   4.6242968e-01   3.8847618e-01   1.6389374e-01   4.3811447e-01   7.7987224e-02   6.7926409e-01   1.8192412e-01  -1.4817720e-01   2.7851446e-01  -5.4130052e-01   1.6395501e-02   4.3985323e-01  -3.0634581e-01  -4.6182241e-01  -3.6911714e-01  -3.2348485e-01   5.2696529e-02  -2.3298655e-01  -4.3866395e-01   4.3900273e-01  -2.6689883e-01  -5.2064161e-01   2.3715555e-02   3.2382549e-01  -1.0406190e-01  -4.3765056e-01   3.6212113e-01  -2.2835744e-01  -4.5672552e-01   9.3682287e-05   3.6331439e-01  -3.4287999e-01  -1.3077980e-01  -5.8343736e-01
   4.0178275e-01  -1.3457254e-01  -1.3634914e-01   5.7226406e-01   7.7875402e-02  -2.5669473e-02  -6.1741142e-01   0.0000000e+00   2.1939072e-01  -3.0500722e-01   2.7301463e-01  -1.8216891e-01   2.6934122e-01   3.5693042e-01  -2.2307315e-01   2.3937830e-01  -1.3779110e-01  -2.8696515e-02   1.6769685e-01   6.6191182e-02  -7.5001951e-02   4.0447780e-01  -6.3046054e-02   2.8258784e-01   2.6785440e-01   3.8609546e-01  -1.7600617e-01   2.7218066e-01   2.9921482e-01  -4.3014121e-01  -1.4726054e-01   5.0393071e-01   2.3967461e-01  -4.8846859e-01  -2.5194912e-01  -1.2950653e-01   6.7563548e-02   2.8121285e-01   3.2477005e-01  -3.3200205e-01   1.7959386e-01   9.3945126e-02  -5.3148221e-01   7.4033689e-02  -1.9776463e-01  -1.5206761e-01   3.5414844e-01  -5.5753200e-01   2.8648603e-01  -2.7146438e-01   7.0322931e-02   7.0570568e-01  -4.0224360e-01   6.0832883e-02  -2.3213991e-02   4.0743596e-02   4.1557917e-01   4.6718373e-01   4.4850810e-01  -2.4922917e-01   2.4448364e-01   1.6510687e-01  -1.4910419e-01  -3.0419050e-01   9.7391040e-03  -1.6537385e-01   1.2457395e-01   2.8348160e-01   6.1717834e-01  -3.2774091e-01  -3.6794166e-01   2.6246747e-01   1.8047518e-01   9.9378023e-02   3.1444134e-01   3.8085642e-01   4.0212000e-01   3.4653923e-01  -3.1624130e-01   5.3650566e-01  -1.5485410e-01   1.8182761e-01  -5.5052544e-01   4.7509151e-01  -9.4709649e-02   3.6176137e-01   8.9144045e-02   2.4440131e-01   5.5872664e-02   3.3254345e-01   1.7209552e-01   2.4270942e-01  -5.2608404e-01  -1.9894331e-01   4.5747772e-01   3.3541301e-01   2.9771435e-01   4.8966400e-01  -6.3110323e-02  -1.5416426e-01  -4.0070280e-01   2.5833847e-03  -2.7776481e-01  -9.0189307e-02   3.7640151e-01   5.3186816e-01   1.2192801e-02   6.6304446e-01   4.3342335e-02  -5.1190476e-01  -5.3853254e-01   1.4981901e-01   1.2815175e-01   3.9421464e-01  -2.3577499e-01   1.6197823e-02   6.6122016e-01   3.0155667e-01  -1.9222457e-01   4.3739216e-01   4.5078419e-01   1.8111777e-01  -1.2228916e-01  -2.9982813e-01   4.0446657e-01   4.2285549e-01   5.0552604e-03   3.9092285e-01   5.4052807e-01  -4.7713835e-01   3.0005085e-01  -3.5707872e-01   1.9981874e-01  -3.9688081e-01  -2.7535725e-01   5.1916101e-01   5.6041397e-01  -4.0246459e-01   5.5896741e-01   3.3374320e-01   2.7697597e-01   1.2601250e-01   4.4120099e-01  -3.9337081e-01  -1.9542403e-01  -1.6065635e-01  -3.5668100e-01  -1.4261095e-01  -4.9472298e-01  -2.1725227e-01   2.2898670e-01  -1.7822723e-01   4.2834114e-01  -9.1374736e-02  -4.2644560e-01   2.9166607e-01   4.3259035e-01   4.4903692e-01   2.2831848e-01   1.5809809e-01   2.5939673e-01   3.3229946e-01  -4.3118832e-01   3.4295785e-01   5.1302421e-01  -9.0101132e-02  -2.6907714e-01   1.0594440e-01   4.6519972e-01  -4.9958839e-01   6.4311544e-02   4.4646191e-01   1.1658977e-02  -2.3531342e-01   2.2376218e-01   9.0514834e-02   6.2560839e-01
   7.2244054e-03   4.6546149e-01   9.1538932e-02   4.8874529e-02   2.3217018e-01  -2.6413883e-01  -2.4027663e-01   2.1939072e-01   0.0000000e+00  -1.6923000e-01  -1.3004682e-03   5.9269086e-02  -2.7194245e-03   6.8146155e-02  -4.1726951e-01  -2.0225074e-01   1.7668421e-01   2.3447529e-01   2.4647137e-02   2.6631635e-02  -3.5068226e-01  -1.8921850e-01  -4.5519868e-01   3.1972766e-02   3.0348923e-01   2.2962141e-01  -6.0568150e-02  -1.2418666e-01   2.9707056e-01   2.3846191e-01   1.7930907e-01  -1.6155335e-01   3.5852621e-01  -2.4628818e-01  -2.0885248e-01  -7.1445020e-02   2.4896252e-01  -1.9378825e-02   1.9481062e-01  -1.0812847e-01   6.2136069e-02  -2.8888433e-02  -3.6165624e-02   2.0748672e-01  -2.4225079e-01   5.8722265e-02  -5.5860318e-02  -1.1822628e-01   5.5085856e-02   4.9171361e-04  -2.2490521e-01   3.2667834e-02   1.0417974e-01   7.9677625e-02  -4.9325430e-02  -1.7733230e-01   2.0689560e-01  -2.5903323e-01   7.3302527e-02  -1.4495388e-01   2.6286341e-01  -9.3482918e-02   4.2208082e-01   3.6960195e-01   5.7785206e-01  -8.1538417e-02   1.7632973e-01   1.5161036e-01   4.3555659e-02  -6.2376526e-02   1.9966281e-01  -2.3773711e-01   7.4870220e-02  -5.7328783e-02   1.2636389e-01  -4.6082465e-02   9.7508724e-02   2.3254800e-01   1.3895076e-02   9.7968021e-02  -2.8471392e-01  -1.5502101e-01  -2.0408908e-01   2.6213532e-01   4.2175220e-03  -1.9271338e-01   5.1222672e-02   1.8488117e-01   3.5801927e-01   7.1262956e-02   1.6930215e-01   1.4748807e-01  -4.8306022e-01   3.0064170e-01   4.8570753e-02   6.8872955e-02  -6.2198389e-03   7.0910622e-02   6.2497481e-02  -2.8606076e-01  -1.0757088e-01  -3.7116319e-01  -2.6757927e-01   2.7087650e-01  -1.4898005e-01   1.0024778e-02   7.2686794e-02   2.4721107e-01  -4.0541610e-02  -3.2994174e-02  -3.9349237e-01  -4.2984751e-01   7.3819099e-02  -2.1347052e-03  -2.7091962e-01   3.2731779e-01   7.8158654e-02   6.4053579e-02  -4.5157173e-02  -1.4185498e-01  -3.5072132e-02   2.5732817e-01   2.2019257e-01   2.6884323e-01   1.2958937e-01  -9.7307605e-02  -1.0088298e-01   1.9843729e-01   7.4513363e-03  -1.3653106e-02  -1.7928804e-02  -2.8092171e-01   3.1306572e-01  -1.4752495e-02   1.1089264e-02   1.4308766e-01   7.8562938e-02  -5.9422783e-02   3.4830873e-03   8.9985223e-02   1.1217244e-01   2.1363539e-01  -6.8148215e-03  -2.3057397e-01  -3.7150198e-01  -4.3235816e-02  -7.8753058e-02   2.1762095e-01  -3.8762501e-01   1.1594759e-01   5.0353233e-03  -1.0798822e-01   5.5354392e-02   2.5714271e-01   2.1711381e-02   1.5842242e-01   6.7367317e-02  -5.9544637e-02   1.5440772e-01  -3.9576348e-01   8.2177236e-02   1.7127651e-01   9.5884902e-03   3.0826163e-03  -1.4235671e-02  -3.7913951e-02  -1.4347188e-01   2.8135718e-02   1.2552004e-01   8.1010599e-02   2.2951774e-01   8.5466872e-02   7.7775831e-02  -2.5139483e-01   1.4134086e-01   4.9972370e-03   1.8719735e-01
  -4.4809011e-01  -6.5879611e-02   7.7469363e-02  -3.6789141e-01  -2.0732353e-01  -5.5310324e-02   4.6274119e-01  -3.0500722e-01  -1.6923000e-01   0.0000000e+00  -2.2390755e-01  -3.5268349e-02  -2.7928024e-02  -3.4199873e-01   4.3579053e-01  -1.0605636e-01   7.3449634e-02   1.1925903e-01  -3.5411601e-01  -4.9844895e-02   1.1482477e-01  -3.2184036e-01   2.3341869e-01  -3.7736845e-01  -3.7136601e-01  -1.7138289e-01  -1.3184012e-01  -9.5408021e-02  -2.5660814e-01   9.3704787e-02   3.0129103e-01  -3.8194908e-01  -2.3397111e-01   5.5057296e-01   3.1922800e-02  -1.6279472e-02  -2.6255790e-01  -3.1262782e-01  -1.8026126e-01   1.2768410e-01  -3.0753275e-02  -2.2401125e-01   3.7863763e-01   4.2973546e-02   3.4064189e-01   1.2858703e-01  -3.9746660e-01   4.8605648e-01  -2.5112349e-01   1.2642789e-01   8.5357442e-02  -2.4088942e-01   3.0958319e-01  -1.6966376e-01   6.1995022e-02  -1.4499020e-01  -4.4634965e-01  -1.7957630e-01  -3.5656502e-01   5.4354003e-02  -1.6514126e-02   4.5779532e-02   9.1987461e-02   2.8211221e-01  -3.5090665e-02  -7.7920068e-02  -2.5807591e-01  -1.3713691e-01  -5.1257565e-01   2.7532672e-01   2.2452441e-01  -1.9109176e-01  -1.2549102e-03   1.7296574e-02  -2.3077221e-01  -2.8979575e-01  -2.5668518e-01  -2.7493134e-01   3.6448765e-01  -5.1266143e-01   3.2160111e-01   4.2385005e-02   3.7446692e-01  -3.2283406e-01   1.5826798e-01  -3.0435664e-01  -1.0305048e-02  -2.9751723e-01  -1.6605985e-02  -4.0041737e-01  -2.4974683e-01  -1.2156667e-01   2.4216409e-01  -1.7917776e-02  -2.3612440e-01  -3.6513623e-01  -3.0016398e-01  -2.3286870e-01   2.7476549e-02   4.8676254e-01   3.6092424e-01   3.3306242e-01   2.0507356e-01  -1.5236291e-01  -1.3807328e-01  -3.5305045e-01  -1.3280529e-01  -5.3675159e-01   8.2056386e-02   2.3085364e-01   4.4996887e-01  -1.9893422e-01  -1.5359444e-01  -4.0566305e-01   3.9234256e-01  -4.3582697e-02  -2.9536348e-01  -1.5097787e-02  -6.8036411e-02  -2.3311406e-01  -3.5389734e-01  -3.5667368e-01  -1.9238230e-02   3.6094805e-01  -2.9077554e-01  -4.4892012e-01  -4.5155931e-02  -3.4780032e-01  -4.2103856e-01   3.2888264e-01  -1.4129579e-01   4.2093743e-01  -2.5601357e-01   5.2573868e-01   1.8891117e-01  -3.2382700e-01  -3.1608968e-01   3.7858901e-01  -3.6819457e-01  -2.9241212e-01  -2.4820080e-01   9.0124164e-03  -3.7301133e-01   2.4201011e-01   5.7868782e-01   1.9927267e-01   5.0956384e-01  -1.4679213e-01   2.8861126e-01   2.2687496e-01  -6.3538861e-02   1.7859731e-01  -4.2225386e-01  -1.2135781e-01   2.0347162e-01  -2.8498672e-01  -2.2206902e-01  -2.6976151e-01  -6.1841072e-02  -7.6844407e-02  -1.7322588e-01  -3.7133925e-01   4.3015552e-01  -2.3229936e-01  -3.5982175e-01   1.5400051e-01  -1.0090142e-01  -1.3785404e-01  -2.8118473e-01   1.1006044e-01  -2.8749998e-01  -2.9206176e-01   1.4458487e-02   9.3251704e-02  -2.7455693e-01  -1.2184996e-01  -3.9855510e-01
   1.7162950e-01  -3.1072318e-01  -5.2082211e-01   3.0828170e-01  -2.1614550e-02   2.2671184e-01  -2.3697421e-01   2.7301463e-01  -1.3004682e-03  -2.2390755e-01   0.0000000e+00  -4.8955640e-01   1.0004521e-01   1.8391836e-02  -1.7536345e-02   2.5755599e-01  -5.3390182e-01   6.9538896e-01   3.7425319e-02  -1.8166058e-01   1.7445736e-01   3.4987142e-01   1.3889650e-01   2.0704248e-01  -9.6646990e-02   1.7575074e-02  -1.3475424e-01   2.7227156e-01  -3.0927456e-01   5.8438938e-02   1.3186576e-01   5.6770045e-01  -1.1745039e-01  -4.0790057e-01  -1.6588882e-01   6.0947235e-01   1.0194216e-01   9.5003916e-02   3.2225433e-01  -4.8440128e-01   4.1490249e-01  -2.5341990e-01  -4.2731170e-01   2.2727566e-01   1.7923207e-01  -3.2911810e-01   8.5151634e-01  -1.1742316e-01   1.7459289e-01  -5.9613276e-01   7.2059722e-01   3.4507304e-01  -7.0555454e-02  -2.8566152e-01  -3.0243236e-01   7.1041879e-01   2.7425578e-01   2.6391105e-01   5.7637012e-01  -1.4707602e-01  -2.9664107e-01  -7.2845348e-02  -2.9316348e-01   4.7172645e-02   1.0920863e-01   5.5146261e-01   1.9477684e-02  -7.2431614e-02   5.7544359e-01  -4.8936683e-01  -4.2536648e-01   5.9053469e-01   2.7316643e-01   1.4205019e-02  -3.0006783e-01   2.0549778e-02   1.0339272e-01   2.1374477e-01  -3.1449032e-01   2.0469551e-01   1.4536104e-01   6.1088715e-02   1.2582232e-01  -5.1634660e-02  -1.9136729e-01   4.8197949e-01   7.0268001e-02   1.4001069e-01  -3.4037261e-01   3.0897917e-01  -1.2808903e-01  -3.0199947e-01  -2.9270630e-01  -3.3738042e-01   2.6903596e-01  -8.5703668e-02   5.5711945e-02   1.3844416e-01   2.3845084e-01  -7.9967834e-02  -2.4211186e-01   2.0171266e-01   8.5677435e-02  -1.8919161e-01   6.1850743e-01   3.2935475e-01  -4.0274438e-01   2.4178181e-01   7.4138938e-02   1.2547589e-01  -1.9165441e-01   4.1708143e-01  -2.1426589e-03   2.5022326e-01  -7.0499096e-02  -1.6598690e-01   4.6622688e-01   2.7825267e-01  -1.3971264e-03   3.8719589e-01   3.8948704e-01  -1.0328647e-01  -5.4704597e-01  -1.9590120e-02   3.7833858e-01   1.4242237e-01   3.8971330e-01  -2.5287461e-01   3.6374899e-01  -4.9126067e-01   2.3294965e-01   2.4928312e-01  -2.0473047e-01   1.1460274e-01  -3.2206425e-01   1.9586817e-01   6.1627646e-03  -2.1320008e-01   4.9608658e-01   1.3894264e-01   1.0589210e-01  -2.9897454e-01   5.6539002e-01  -6.6637689e-02  -1.6272667e-01   6.3518223e-02  -5.6516338e-01   5.1245896e-01   2.9501820e-01  -9.0913848e-02   1.4026693e-01  -9.0377725e-02   2.1225853e-01   2.3436742e-01  -5.8022522e-01   2.6204160e-01   3.5081906e-01   6.0373932e-01  -3.3312991e-01   3.8611913e-01  -3.1865117e-01   5.2168163e-01   2.4514181e-01   6.3724449e-01   1.8161479e-01  -4.7627522e-01   1.3994336e-01   2.2605616e-01   1.1243132e-01  -3.0498199e-01  -1.8497024e-01   1.7771554e-01   4.3349803e-01   5.1062139e-03  -1.8391736e-01  -2.1824822e-02   9.7920181e-02
  -2.5185679e-01   4.3255382e-01   7.3996070e-01  -2.9346030e-01   3.9451072e-01  -8.6823971e-02   1.5191360e-01  -1.8216891e-01   5.9269086e-02  -3.5268349e-02  -4.8955640e-01   0.0000000e+00  -1.9758933e-01  -9.7110863e-02   7.9376624e-02   7.6968943e-02   6.6421841e-01  -4.0753371e-01   1.0075768e-01   3.1126594e-01  -5.6239646e-01  -3.7369888e-01  -5.1757839e-01  -2.8709633e-01   1.1496697e-01   6.9645155e-02   1.7086216e-01  -4.3656852e-01   5.7726422e-01   4.4759896e-02  -1.7090151e-01  -3.9124216e-01   3.0425509e-01   3.1784796e-01   2.7575059e-01  -2.6738356e-01  -5.6475190e-02  -6.0005505e-02   6.2864831e-02   4.3006939e-01  -1.2516325e-01   4.5108243e-01   5.0700778e-01  -5.6425239e-02   5.5966925e-02   1.6333051e-01  -3.5058021e-01  -8.5453350e-02  -1.8083262e-01   6.6837559e-01  -4.8814481e-01  -2.9204416e-01  -7.0483789e-02   5.1714272e-01   2.9651667e-01  -3.0992149e-01  -2.3970653e-02  -3.9320586e-01  -2.2867098e-01   3.7293416e-01   2.8696767e-01   9.2338021e-02   3.2485748e-01  -3.5608209e-02   4.0517885e-02  -1.5721459e-01   1.8917079e-01   2.3317389e-01  -3.0064345e-01   4.3175751e-01   2.7315268e-01  -5.5823125e-01  -5.7605012e-02   1.6759571e-01   3.7280936e-01   8.6436219e-02  -5.1976760e-02  -1.7312701e-01   3.3657571e-01   1.1339359e-01  -5.5447150e-01   2.4763366e-02  -4.8093309e-02  -6.8515120e-02   2.2496033e-01  -2.0297997e-01  -1.6849538e-01  -5.3152002e-02   3.3920988e-01  -3.4716845e-01   4.0651483e-01   3.5702127e-01   4.1284764e-01   5.1177624e-01  -2.4436429e-01   1.7277138e-01   1.2630800e-01  -2.5760559e-01  -5.6317241e-02  -3.4149770e-01   7.2527334e-02  -1.1431518e-01  -4.7552500e-01   2.4160293e-01  -6.2746133e-01  -2.8004301e-01   4.5589385e-01  -1.5861167e-01   1.2004204e-03  -8.1331671e-02   1.5721798e-01  -4.0349871e-01  -1.1968798e-01  -3.9763013e-01  -3.4316862e-02   2.2442787e-01  -2.7828773e-01  -9.0893112e-02   2.3675461e-01  -3.9361245e-01  -4.2707023e-01   5.5776665e-01   8.0261417e-01  -1.3282233e-01  -4.8162205e-01  -2.8847930e-02  -6.3262477e-02   3.9457073e-01  -3.2749847e-01   5.1341764e-01  -2.0241519e-03  -3.2639992e-01   2.8724190e-01  -2.8469855e-01   3.3795924e-01  -5.8933091e-02   1.7066032e-01  -1.6660341e-01  -2.9064234e-01  -7.1841011e-02  -2.0157164e-01  -1.3031696e-02  -3.1316620e-01   2.3953157e-01  -3.1694395e-02  -3.9116528e-01   4.7752809e-01  -1.0209497e-01  -2.4556022e-01  -2.5624430e-01  -5.0821740e-02  -2.1035465e-01  -1.1897915e-01   6.5477620e-02   6.4117184e-01  -3.6752978e-01  -4.0139657e-01  -2.1938007e-01   3.0705956e-01  -5.5478643e-01   4.7026059e-01  -9.1812949e-02  -3.0245149e-01  -5.3315220e-01  -1.6394997e-01   7.1639803e-01   2.2467626e-01   2.6298151e-03  -1.4122468e-02   4.3266688e-01   6.7216381e-01  -2.4924338e-01  -1.9103641e-01   1.3035177e-01   1.2590913e-01   7.0905797e-02  -1.0559090e-02
   8.3669427e-02  -3.6147469e-01  -1.6721084e-01   1.1934092e-01  -1.4288520e-02  -1.0259445e-02  -2.0458931e-01   2.6934122e-01  -2.7194245e-03  -2.7928024e-02   1.0004521e-01  -1.9758933e-01   0.0000000e+00  -1.3794571e-01  -7.1727752e-02  -1.9026420e-02  -2.1488422e-01  -1.0296424e-02   2.4450648e-02   2.5065833e-01  -6.5748405e-03   1.6599751e-01   4.2569666e-02  -6.7405350e-02  -7.5540842e-02   2.6572111e-01  -2.0603500e-01  -9.7956530e-02  -1.6186869e-02  -3.1277774e-01  -2.6073209e-01   1.4382333e-01  -2.2899771e-01  -1.6011085e-01  -1.8833898e-01  -6.1077883e-03  -2.4610636e-01  -5.2086622e-02   1.1140539e-01  -1.6357541e-01   5.4820004e-01  -2.2988037e-01  -3.0237998e-01  -6.0083028e-02   1.1074100e-01  -6.3798725e-02   4.6394645e-02  -3.1941672e-01   1.6737308e-01  -2.9745912e-01   1.4852272e-01   2.5282412e-01  -3.3955461e-01  -2.8391510e-01  -9.0538109e-02  -1.0698142e-01   1.7288812e-01   2.3848391e-01   1.0054636e-01  -3.8077381e-03  -3.7735524e-02   4.8720751e-01  -3.4972230e-01  -2.4152293e-01  -2.4231077e-01  -3.0065650e-02  -2.2204189e-01   3.7896810e-02   1.2870917e-01  -1.0744920e-01  -1.6196460e-01   1.9558078e-01   7.7173103e-02  -1.0530370e-01   7.7885001e-02   1.8475592e-01   2.0850926e-01   1.7374607e-01  -3.6601962e-01   1.8157398e-01  -3.1679483e-02   1.5017467e-01  -2.0920286e-01   2.6495196e-02  -2.5521200e-01  -2.2187079e-02  -1.2719937e-01   3.6321793e-02  -6.8180312e-02  -5.3593183e-02  -1.4568743e-01  -5.2869772e-02  -2.0308358e-01  -1.9314662e-01   1.9508687e-01   4.3840480e-01   5.9654803e-01   1.9745196e-01   2.9811491e-02  -3.6218663e-02  -2.5988161e-01   2.5686185e-02  -1.0953867e-01  -1.1299407e-01   1.1948705e-01   7.2732035e-02  -1.0106321e-01   1.3133704e-01   1.1692341e-01  -2.1786790e-01  -2.7234320e-01   1.0736816e-01   6.0609873e-02   7.8097672e-02  -8.0706721e-02  -4.3182489e-01   9.3798221e-02   6.2292802e-01  -2.2724871e-01   1.4943715e-01   9.7619346e-02  -1.6052911e-02  -1.1405493e-01  -2.8051679e-01   8.9566871e-02   5.4478181e-03  -3.4720788e-02   2.6221717e-01   1.3818142e-01  -2.3128356e-01   2.9938390e-01  -8.8320965e-02  -2.5419133e-01  -1.3201841e-01  -1.2545718e-01   5.2030473e-02   4.3243913e-01  -2.1642272e-01   3.4377798e-02   2.4142793e-01   1.4482281e-01   5.2770018e-01   8.5460383e-02  -1.4842635e-01   3.4614000e-02  -2.1135180e-02  -1.2970923e-03  -1.2426849e-01  -1.2431861e-01  -1.7267341e-01  -5.1805812e-02  -8.8867487e-02  -5.5947416e-02  -3.1338250e-01  -3.0476278e-01   6.3285163e-02   1.4329343e-01   1.6071611e-01  -5.3907476e-02   2.0994462e-02   2.2288971e-01   5.9474627e-02  -9.5848463e-02   1.2838588e-01   1.5063714e-01  -2.0659331e-01  -1.1054912e-01  -1.9894316e-02   5.8889692e-02  -2.5492527e-01  -2.1152372e-01  -8.0010766e-03  -4.6992359e-02  -6.4321540e-02   3.8947370e-01  -1.0400723e-02   1.4597751e-01
   4.6265758e-01  -2.0409257e-01   6.6143199e-02   5.4487405e-01  -8.9376907e-02   2.2082055e-01  -3.7826463e-01   3.5693042e-01   6.8146155e-02  -3.4199873e-01   1.8391836e-02  -9.7110863e-02  -1.3794571e-01   0.0000000e+00  -8.3666563e-02   2.4813560e-02   6.2634110e-02  -2.2999539e-01  -5.7083052e-02  -1.5540882e-01   2.6572527e-01   5.7664889e-01   1.1717376e-01   4.3936766e-01   3.6231323e-01   1.3930344e-01  -3.4296312e-02   5.2750372e-01   1.4638170e-01  -2.9587244e-01  -1.4527136e-01   3.7004211e-01   3.2351391e-01  -5.2466286e-01   2.8102430e-01  -2.2763130e-01  -2.9334679e-02   1.7816361e-01  -9.5669948e-02  -1.0293522e-01  -2.1121934e-01   3.2002087e-01  -3.4598877e-01   7.3675936e-02  -2.3679949e-01   1.5306480e-01   2.4770144e-01  -4.6905842e-01   1.2172207e-01  -7.7209994e-02  -1.2574363e-01   3.3791381e-01  -4.6724965e-01   2.1481441e-01   2.8620037e-01   1.4844750e-01   3.0641294e-01   3.7245470e-01   2.5504265e-01   1.5215320e-02   2.6799991e-01  -5.4604096e-02  -1.1661046e-01  -3.8896979e-01  -2.4162775e-01  -9.6881259e-02   2.0826383e-01   2.7965125e-03   4.4452268e-01   4.6534993e-02  -4.1287500e-01   2.0343869e-01  -1.1807607e-01   4.0779718e-01   2.8178755e-01   2.7680310e-01   1.9804964e-01   2.6956232e-01  -4.8412305e-01   3.9690795e-01   1.1042621e-02  -3.4551237e-01  -4.4101700e-01   4.3087161e-01   3.1997250e-01   2.2725540e-01   5.5910205e-01   4.0998971e-01  -9.6296224e-02   4.0724228e-01  -1.4352329e-02   2.7981611e-01  -3.2535779e-01  -8.5021673e-02   3.1414766e-01   1.8279308e-01  -1.3277810e-02   2.1223410e-01  -1.7072731e-01  -2.5603715e-01  -1.2470246e-01  -3.6941511e-02  -2.1257610e-02   3.0858761e-01   2.8059746e-01   5.2343705e-01   2.4688444e-01   4.0224709e-01  -4.0659847e-02  -4.0028152e-01  -3.7336263e-01   3.1231654e-01   3.4587619e-01   4.6691680e-01   5.8653885e-02  -1.5804880e-01   3.8662274e-01  -2.0663783e-01   2.9092218e-01   4.2169128e-01   5.0544629e-01   8.7362057e-02  -6.0814240e-02  -3.7939382e-01   2.9798150e-01   7.0474207e-01   1.5990239e-01   2.9403028e-01   5.3641058e-01  -2.1149743e-01  -1.5530384e-01  -5.6578231e-01   5.1999676e-01  -3.7655678e-01  -5.5094211e-02   2.6062587e-01   3.3677852e-01  -1.3499015e-01   2.8181882e-01   1.8900635e-01   2.5878913e-01   1.7665007e-02   2.2391200e-01   5.5714889e-02  -2.2858499e-01  -8.7553209e-02  -3.4576237e-01  -2.1885437e-01  -2.8659307e-01  -2.9066532e-01   4.3475375e-01   4.9413615e-02   5.1110893e-01  -3.0552323e-01  -2.0069873e-01   1.8706457e-01   4.5822728e-01   1.6712587e-01   2.4708975e-01   3.9255841e-01   1.2562401e-01   1.7723265e-01  -4.2189866e-01   2.1292436e-01   4.9024370e-01  -2.1788973e-01  -2.2735378e-01   2.0030135e-01   5.1900364e-01  -3.8502344e-01  -4.1204002e-02   5.2686970e-01  -1.5806074e-01   8.1026218e-02   1.5266679e-01   2.0021602e-02   5.3785593e-01
