   0.0000000e+00  -4.3891003e-01  -2.9854523e-01  -1.0216732e-02  -4.3528304e-01  -2.5845757e-02  -2.6792254e-01   4.4071087e-01  -8.6342706e-02  -3.0091622e-01  -2.2206737e-01  -5.6680164e-01  -2.5192543e-01   8.0566799e-01  -3.1545095e-01  -3.6957469e-01  -2.7884223e-01  -9.6669576e-02   3.3874153e-01  -2.9278095e-01  -4.4213676e-03   1.2473046e-01  -4.5556547e-02   8.1993903e-01  -2.3300122e-02   1.4054961e-01  -5.2353128e-01   1.5075120e-01  -6.2005032e-02  -7.6719154e-02  -3.6828967e-01   3.2613718e-02  -2.4886615e-01  -4.3559415e-01  -3.8269875e-02  -4.1746566e-01  -3.4804111e-01   5.7831514e-01  -3.4907895e-01  -3.0171475e-01  -9.5569134e-02  -2.5468239e-01  -3.1153122e-01   2.0815449e-01  -2.7927525e-01   6.1855276e-01  -3.1745773e-01  -4.6214992e-01   2.3109672e-01  -1.7882809e-01  -5.6974558e-02   1.5255021e-01  -6.3077507e-01   2.3688804e-01   3.5804707e-01   1.0851225e-01   3.2726945e-01   1.0997840e-01  -2.0507520e-01   8.7351962e-02   3.1489012e-01  -1.9482476e-01  -3.4297885e-01  -5.3231970e-01  -2.9998031e-01  -3.6095681e-01  -1.6311227e-01  -1.9961620e-01  -4.7148683e-02  -1.3623170e-01  -4.9838795e-01  -1.5595122e-01  -2.7989131e-01   2.4547777e-02   3.1843659e-01   2.9376039e-01   3.4555841e-01   9.5333592e-02  -5.0449054e-01  -2.0508699e-01   2.8623338e-01  -1.4565825e-01  -2.4535976e-01   4.4787823e-01   1.3725735e-01   2.1890358e-01   5.3491920e-02   5.3356346e-01  -2.1736867e-01   8.2668404e-01  -4.2816732e-02   3.8214768e-01  -5.1647700e-01   1.0763404e-01   4.7927460e-01  -1.3343482e-01  -1.8882985e-01   3.3253410e-01  -2.8763588e-01  -2.2616626e-01  -8.8223627e-02  -2.9851190e-01   1.3142523e-01   1.0189262e-01  -1.5840570e-01   2.3027936e-01  -1.9511920e-01   2.9250097e-01  -1.1542888e-01  -3.2507722e-01  -4.0406638e-01  -1.0346934e-01  -5.9216278e-02   8.1873255e-01   2.1462704e-01  -4.7195463e-01   1.0654907e-01  -2.5704321e-01   4.9226965e-01   5.4297202e-02   4.2991715e-01  -1.8258246e-01  -2.0281743e-01  -3.8183579e-01   6.0368231e-01   6.5827098e-01  -3.0086681e-01   2.2099559e-01   2.2568408e-01  -2.9865577e-01  -4.6687059e-01  -3.3266735e-01   2.7098811e-01  -1.9935680e-01   1.6015506e-01   3.2658039e-01  -3.2201398e-01   5.4379791e-03   1.8633362e-01   5.7946661e-01   6.2496015e-01   1.1795321e-01  -3.4455977e-02   1.6171605e-01  -2.1252656e-01  -1.3159214e-01  -4.5564944e-01  -4.0981210e-01  -3.2987600e-01  -3.4644041e-02   3.4576057e-01   3.2192157e-01   4.0695991e-01  -2.3387505e-01  -2.6747239e-01   7.2627593e-01   5.3021128e-01  -2.0718373e-01   2.1213837e-01   3.6688102e-01  -1.0792600e-01  -4.0869605e-03  -7.0180453e-02  -1.5771880e-01   1.3138327e-01  -5.3898307e-01  -3.2229845e-01   3.0229223e-01   3.9119701e-01  -3.0976653e-01  -5.3181083e-01   3.3259056e-01  -2.5046442e-01   8.7106305e-02  -7.1746624e-03  -1.6393259e-01   2.3271878e-01
  -4.3891003e-01   0.0000000e+00   3.6948492e-01   1.3513995e-01   5.8002936e-01  -1.7427568e-01   9.2751537e-02  -2.3682822e-01   3.4696265e-01   1.4892751e-01  -4.3504059e-02   5.8439912e-01   3.8439838e-03  -3.9966270e-01   2.1213159e-01   3.1611246e-01   3.6980665e-01   1.1458737e-01  -2.4309208e-01   4.7443190e-01  -6.1124099e-02   2.6648480e-02   3.2837484e-02  -4.4469937e-01  -2.3060629e-01  -1.4534201e-01   2.9482629e-01  -6.1339496e-02  -1.8110407e-01  -3.9507368e-02   3.1357865e-01  -2.5938475e-02   7.7784447e-02   2.4508893e-01   2.7956033e-01   3.6292245e-01   1.9324038e-01  -2.6251063e-01   3.5535584e-01   1.4558574e-01  -2.7682722e-02  -1.1893831e-01   4.9345562e-01  -1.7064848e-01   3.3191240e-01  -2.9998351e-01   5.1323058e-02   4.1103349e-01  -2.4921462e-01   2.7248201e-01   1.2669574e-01  -1.8609687e-01   4.9218733e-01  -1.0827472e-01  -6.0384663e-02   4.9793700e-02  -2.1808315e-01  -1.2180848e-01   1.5891437e-01   2.1197124e-01  -1.7029249e-01   2.8400842e-01   2.8744263e-01   2.9501584e-01   3.9414528e-01   2.8775637e-01   9.4359280e-02  -1.2355863e-01  -1.8307806e-01   9.2323791e-02   5.8677635e-01  -1.4793119e-02   3.2734744e-01   2.9414288e-01   2.0397594e-02  -8.8876484e-02  -1.8563156e-01  -2.5733837e-01   6.3609438e-01   1.3643705e-01  -2.4523828e-01   5.4599314e-02   2.4435357e-01  -3.2464817e-01   1.0702470e-01  -7.5821197e-02   3.1843222e-02  -1.9365515e-01   1.4648969e-01  -4.6913482e-01   2.4230926e-01  -1.0444670e-01   3.8917961e-01  -1.9651572e-01  -2.3323508e-01  -1.4359375e-01   2.7880739e-01  -1.7217585e-01   1.6542094e-01   1.6830215e-01   2.0809661e-01   1.9264934e-01  -1.4138588e-01   1.7655776e-01   1.1834456e-01  -4.5484692e-02   2.2494186e-01  -1.8252508e-01  -3.6108419e-02   2.0831674e-01   3.5151611e-01  -6.6262982e-02   8.8806409e-02  -4.4500066e-01  -1.0173221e-01   6.1587099e-01  -4.1687437e-02  -3.4255023e-02  -2.4086598e-01  -8.7256844e-02  -3.4752343e-01   2.1905928e-01   2.4656585e-01   6.3432874e-01  -2.1862300e-01  -2.6290653e-01   2.6299786e-01  -1.3407063e-01  -2.7305053e-01   2.7382334e-01   1.4366335e-01   2.8101599e-01   1.4732765e-01   1.0958480e-01   1.5282617e-01  -2.1855840e-01   2.5703899e-01  -5.6187082e-02  -1.4262922e-01  -4.3812875e-01  -4.4460729e-01  -1.9824831e-01  -8.4701720e-02  -2.0398615e-02   2.2994825e-01   3.9953004e-01   2.7433442e-01   5.2493061e-01   1.1064881e-01   1.3606432e-01  -9.7100385e-02  -2.5022395e-01  -2.8592985e-01   2.0222856e-01   3.8266880e-01  -3.9738506e-01  -4.1803696e-01   1.2871177e-01  -2.0930785e-01  -2.7004024e-01   1.3871544e-01  -2.5191272e-01   2.1137809e-01  -1.2901155e-01  -5.0647029e-02   3.9550541e-01   3.0315123e-01  -9.9449832e-03  -3.8240206e-01   2.2483319e-01   4.3543442e-01  -1.9918204e-01  -1.6740547e-02  -8.6308503e-02   2.5446738e-01  -3.1312336e-01  -1.2334614e-01
  -2.9854523e-01   3.6948492e-01   0.0000000e+00   1.9307717e-01   6.5350498e-01  -6.2860093e-03  -7.0253600e-02  -2.1403079e-01   4.0726053e-04   3.5529704e-01   3.0876778e-02   4.2419975e-01   2.6604467e-01  -3.0606872e-01  -2.0268699e-02   4.6820764e-01   8.7477065e-01  -1.1482349e-01  -1.3689721e-01   5.7005969e-01  -2.5894355e-01  -5.7789279e-02  -6.2711084e-02  -3.8952394e-01  -1.9362942e-01  -1.9871946e-01   5.8149479e-01  -2.3338796e-01  -9.0528585e-02  -5.0289724e-01  -2.2718260e-01   7.1403494e-02   2.6447601e-01   1.7558307e-01  -2.0409999e-01   4.2240532e-01  -6.0123273e-02  -5.6046930e-02   4.1735716e-01   4.9172444e-01   3.6321533e-01   1.1595239e-01   3.4723361e-01  -4.2321231e-01   4.3055844e-02   3.2865152e-03   2.1468346e-01  -5.5941679e-02  -2.6493070e-01   4.1485002e-01   3.8771983e-02  -2.4871393e-01   2.5632785e-01  -4.6195238e-02  -1.1035973e-01  -2.0418108e-01  -3.1562296e-01   1.5562558e-02   2.8624466e-01  -6.8920624e-02   3.4702901e-02   3.4060481e-01   3.3948174e-01  -4.0857129e-02  -8.8373041e-02  -3.4162569e-02   5.7284754e-02   4.9352217e-02   1.8692043e-01   5.6343093e-01   4.8540554e-01   1.3135761e-02   4.2302334e-01   1.2747328e-01  -3.2850261e-01  -1.2826115e-01   1.2312737e-01  -2.0434837e-01   6.2318029e-01   6.5336456e-02  -4.3700223e-01   3.6819956e-01  -1.6913866e-01  -2.4744199e-01   3.2544253e-01  -1.0915815e-01  -1.4273991e-01  -3.1614127e-01   2.9962821e-01  -2.7837881e-01   3.0096263e-01   6.5052810e-02   5.7349259e-01  -1.7913593e-01  -8.3836113e-02   4.1045311e-01   3.9940546e-01  -2.0189163e-01   4.7982724e-01  -1.0241627e-01   6.1140767e-02   3.9899233e-02  -2.2753074e-01  -1.3014781e-01   5.7450639e-02   6.9686738e-02   3.1147332e-01  -5.1403629e-02  -7.2337169e-02   2.3525133e-01   2.4801245e-01   2.6489393e-02   6.3691283e-03  -1.5696826e-01  -3.1737285e-01   5.1013968e-01  -1.1644069e-01   3.9732868e-01  -4.5830835e-01   2.1513372e-01  -1.5582064e-01   4.3095203e-01   2.9958810e-01   1.5597278e-01  -1.1538669e-01  -1.2311277e-01   9.0020158e-02  -1.1350138e-02  -1.2972263e-01   6.9014945e-01   4.2909844e-01   6.3557698e-02   2.4577536e-02  -2.8593323e-01   7.2622413e-03  -1.7592805e-01   1.7509392e-01  -3.1106206e-01  -1.7966707e-01  -3.3555800e-01  -4.2415789e-01   1.7446073e-02   1.2332807e-01  -2.6112276e-02   2.2813046e-02  -7.9168172e-02   3.6131916e-01   2.7709829e-01   2.7355149e-01  -2.2635656e-01  -1.4104271e-01  -3.1333036e-01  -1.1013520e-01  -3.0555097e-02   7.0228932e-01  -3.0735635e-01  -1.7964392e-01   4.0748256e-01   1.1519349e-01  -2.5133118e-01   4.8131154e-02   4.0038842e-02   1.8716487e-01  -1.1564771e-01   1.1034911e-01   3.9590224e-01   5.0637814e-02  -2.7090449e-01  -1.8997871e-01   2.5889544e-01   2.8537905e-01  -2.0260497e-01  -2.4236565e-01  -8.5175814e-02  -1.8635765e-01  -1.2709642e-01  -6.1053582e-02
  -1.0216732e-02   1.3513995e-01   1.9307717e-01   0.0000000e+00   1.4772158e-01   6.4267433e-02  -1.9794453e-01  -3.9586587e-02   2.9300058e-01  -2.7135095e-01   9.8071213e-02  -1.1406362e-01  -1.4898799e-01   1.0191797e-01  -2.0385488e-01   4.3136069e-02   2.0418011e-01   3.6832745e-01   7.4935829e-02   3.3109780e-01   3.0948091e-01   7.4140930e-01   3.6160070e-01  -2.7090048e-02  -3.7564580e-02   1.7085951e-01  -2.3964192e-02   8.0894426e-02  -1.9197927e-01   1.6508896e-01  -1.1086599e-01   5.9702184e-01  -6.5365656e-02  -1.5626949e-01   2.8040136e-02   2.7795961e-01  -1.7986179e-02   1.6771333e-01   1.6886956e-01  -2.9106471e-01  -3.0849482e-02  -2.0184128e-01  -7.5937871e-02  -1.0995357e-01   1.8021931e-01   8.9621594e-02   3.2162920e-01  -1.7972261e-01   2.1134275e-01  -1.7760899e-01   2.6915905e-01  -8.3042912e-02  -2.5932780e-01   6.4009473e-02   2.5160675e-01   8.0895140e-02   7.8723606e-02   6.3682940e-01   4.7084622e-01   3.5885371e-01   2.1704422e-01   3.1857902e-01  -1.6573797e-01  -3.6002799e-01   5.3946936e-02  -6.1860285e-02   1.8815121e-01   6.6664471e-02   4.3210735e-01   1.4675556e-01  -1.6122886e-01   6.0408562e-01   2.1000726e-01   8.9261321e-02   4.8423775e-02   3.5344535e-01   7.0891966e-02  -2.1332731e-02   3.0135761e-02   2.8190966e-01  -2.8529157e-02   2.8366855e-01  -1.9680547e-01  -1.3894561e-02  -2.1527206e-01   2.7709396e-01   8.6340438e-02  -1.4032575e-01  -2.0963150e-01  -1.0397992e-01   9.0496546e-02   3.0043005e-01  -1.8382314e-01   3.1288056e-02   1.1217106e-01  -9.6819565e-02   4.7642841e-01   1.2078357e-01   1.9295045e-01  -1.5258333e-01  -1.9929006e-01  -1.9245610e-01   3.7833677e-01   4.4776213e-01   5.5495007e-01   7.2488510e-01   2.1291850e-01   3.2536474e-01   6.1022410e-02   5.8602539e-02  -2.2009119e-01   4.3112661e-01   4.7758906e-01  -1.1950122e-01  -1.5949643e-01  -1.5524675e-01   2.6055257e-01  -7.7015526e-02  -7.8469203e-02   5.8468694e-01   1.2248276e-01  -1.0678578e-01  -1.4047355e-01   4.6614318e-01   8.0921680e-02   3.6730084e-02   3.8178251e-01   1.1670504e-01   5.5988509e-01   6.7274374e-02  -1.1008031e-01  -6.6644015e-02  -7.2360405e-02  -4.4510663e-02   5.1540807e-01   1.4716887e-01   2.7757566e-02  -1.2790932e-01   1.1452345e-01   9.2623480e-02   3.9736795e-03  -2.7866173e-01   1.9445872e-01   7.6405089e-02   7.2503770e-02   4.1999130e-01  -1.7814064e-01  -3.3804297e-02   2.3432069e-02  -5.0980456e-02  -2.6246861e-01   5.3560474e-02   1.7616388e-01  -2.3558462e-01  -1.3019823e-01   8.4230586e-02   7.6529714e-02   3.5583036e-01   1.8539557e-01   8.5201090e-02   2.0828408e-01   2.0992102e-01  -1.2784841e-01   4.1436863e-01   6.5860348e-01  -1.8015535e-01  -3.1382471e-01   4.3083498e-02   1.1594723e-01  -2.6408206e-01  -1.4870727e-01   5.8292705e-02   3.6335140e-01  -1.6145838e-02   1.7894713e-01  -3.5583242e-01   6.1116624e-01
  -4.3528304e-01   5.8002936e-01   6.5350498e-01   1.4772158e-01   0.0000000e+00  -1.4820338e-02   2.0963376e-02  -4.2359548e-01   1.8774939e-01   4.2507578e-01   2.2727326e-02   5.7148942e-01   2.9440986e-01  -5.1649965e-01   5.7589780e-02   4.9145870e-01   6.2670523e-01   1.1503414e-01  -3.0326217e-01   7.8582403e-01  -1.3261146e-01  -2.4496365e-01  -3.4431453e-02  -5.3477378e-01  -1.2587945e-01  -2.2403392e-01   6.7124997e-01  -2.5036688e-01  -4.5738132e-02  -3.1102660e-01   3.6469049e-02  -5.8087143e-02   1.9669051e-01   2.4892954e-01   9.5375201e-02   6.2225495e-01   2.1834303e-01  -3.5310677e-01   4.7167680e-01   4.4131628e-01   2.7826926e-01   1.5172352e-01   4.9259507e-01  -4.0496339e-01   3.0567024e-01  -3.8191610e-01   2.8533050e-01   1.9275840e-01  -1.1794854e-01   2.4397140e-01   1.0005985e-01  -1.6680235e-01   4.6616192e-01  -4.2475947e-02  -2.6795519e-01  -2.4612814e-01  -3.7623117e-01  -2.2672197e-01   2.2679538e-01   1.0765145e-02  -2.3903345e-01   5.1212181e-01   3.7995764e-01   9.7339542e-02   2.7386986e-01   2.3985253e-01   1.0321614e-01   6.6308605e-02   5.2829602e-02   2.4069622e-01   5.5978266e-01   9.7981207e-02   4.4954614e-01   1.7045624e-01  -1.8830105e-01  -4.1267219e-01  -2.2706903e-01  -3.2032307e-01   7.7406754e-01   1.6692304e-01  -5.0729259e-01   3.4676734e-01   8.7381829e-02  -4.5992430e-01   9.3331222e-02  -3.3978776e-01   2.0314736e-02  -2.4422021e-01   3.7384431e-01  -4.0124546e-01   3.1145880e-01  -1.4633789e-01   7.4191208e-01  -2.8843693e-01  -2.8298507e-01   4.0920674e-01   4.2195323e-01  -2.8989197e-01   5.3002385e-01   1.8760276e-01   5.5673005e-02   1.5050284e-01  -4.3430607e-01  -2.1534446e-01   8.3086496e-02  -1.2111874e-01   3.6376176e-01  -2.2657651e-01   3.6024592e-02   3.5877988e-01   3.8969178e-01  -5.8240344e-02   9.1742733e-02  -3.4708244e-01  -3.4168724e-01   6.4904972e-01  -1.6378094e-01   3.0931944e-01  -4.3874726e-01   1.9322764e-02  -3.6000534e-01   4.0782473e-01   3.7078960e-01   3.9203292e-01  -3.9155907e-01  -3.4904801e-01   3.2925831e-01   8.1282264e-02  -3.5834872e-01   4.4980557e-01   4.7074038e-01   2.9950151e-01  -1.8723100e-01  -1.3785123e-01   6.1530884e-02  -4.2192080e-01   3.4544674e-01  -2.7311848e-01  -3.0216592e-01  -5.4499503e-01  -5.1447339e-01  -2.2375611e-03  -2.5427658e-02  -1.1223237e-01   2.6441905e-02  -2.2781875e-02   3.7626875e-01   5.9109521e-01   3.6277623e-01   1.3390760e-01  -2.1996161e-01  -5.2965456e-01  -3.2102927e-01   1.4099545e-01   6.0307427e-01  -4.8597681e-01  -4.0520764e-01   3.0266773e-01  -8.5695682e-02  -4.3184993e-01   1.2320495e-01  -2.1883329e-01   2.9723669e-01  -7.1140093e-02  -5.9454719e-02   4.7806771e-01   2.5547975e-01  -1.7014537e-01  -3.8917733e-01   5.0160585e-01   5.7956025e-01  -2.6353818e-01   1.3946286e-02  -7.4555724e-02  -5.0539092e-02  -8.3912442e-02  -2.4334736e-01
  -2.5845757e-02  -1.7427568e-01  -6.2860093e-03   6.4267433e-02  -1.4820338e-02   0.0000000e+00   4.6121847e-01  -9.2012127e-02  -4.1666977e-01  -7.7172203e-02   5.7140210e-01   1.3703480e-01   3.4745873e-03  -1.2119324e-01   1.4360386e-01   3.7997684e-01  -1.0402356e-01   2.8724890e-01   7.3304399e-02   9.6103943e-02   3.5506632e-01   1.6664475e-02   5.4493501e-01  -2.0357301e-01   4.8745543e-02  -6.5425077e-02   3.3165204e-01   4.5133063e-02  -4.5455816e-01   3.4441658e-02  -1.0109655e-01   1.7335983e-01   1.1373392e-01   3.0363209e-01   5.0282763e-02   4.2880132e-01  -5.0516496e-02  -2.5212547e-01   3.8973863e-01   6.4692303e-02   1.6292888e-01   9.8082047e-02  -3.1490742e-01   8.0864319e-02  -7.3075047e-02  -1.2882718e-01   5.6501180e-01   8.8597493e-02   1.1764241e-02  -6.4267412e-02   4.4441211e-01  -2.4754823e-01  -1.0480070e-01  -4.3281131e-01   1.0077643e-01   9.4184138e-02   3.4803272e-01   3.5602978e-02   2.0294350e-01   2.5717290e-01  -3.5820539e-01   7.1429377e-02  -4.9614142e-01  -6.2073771e-02  -4.5211496e-01   3.8412134e-01   7.0045140e-01  -1.9054266e-01   4.4211863e-01   5.0553239e-01  -2.9737294e-01   1.6271365e-01   1.6702133e-01   1.4859322e-01  -3.1085050e-01  -2.1968652e-01  -1.8622878e-01   1.2619079e-01   5.1437360e-02  -2.6327535e-02   5.0679299e-02   4.1724328e-01   1.9716487e-01  -8.9563253e-02  -1.9368340e-01  -8.4716946e-02   2.0573310e-01  -1.2617677e-01  -4.2290536e-01  -1.3776607e-01  -4.5275533e-01  -5.0669067e-01   6.2883890e-02  -2.0838741e-01  -2.7854029e-01   1.8513179e-01   6.6181494e-02  -4.5960956e-02   6.1036194e-02  -3.5561113e-02  -6.7974825e-02   5.4084659e-01   2.2799776e-01  -3.8952625e-02   3.6932016e-01   8.2322957e-02  -1.1673818e-01   1.9704858e-01   4.4971747e-01   2.0627604e-01   2.8227185e-01   5.1503547e-01  -2.4807497e-01   5.3712942e-02   1.8076242e-01  -3.5867333e-01   1.3403294e-03   1.9091109e-01   2.2221221e-01   1.9589548e-01  -2.9240474e-01  -1.5190723e-01  -3.8005590e-01  -2.6130343e-01  -1.8111225e-01   1.8285265e-01   1.2085742e-01  -1.5011641e-01  -1.0112552e-01   2.2278637e-01   3.2017321e-01   3.3674107e-01  -5.9256145e-02   9.0851966e-02  -2.3548786e-01  -1.1197098e-01  -4.2737566e-02   2.4736732e-01  -6.1042564e-02  -2.9007159e-01  -2.5730813e-01  -3.3958519e-02   3.0278312e-01   5.2506872e-01   3.5221301e-01   1.3115140e-01   5.0664162e-02  -1.4461712e-01   4.5222513e-01  -2.2975525e-01  -7.8312911e-02   3.1689330e-02  -4.3451596e-01   2.6119329e-02  -5.9096337e-03  -3.0403069e-01  -2.6176106e-01   3.2423068e-01  -4.2418984e-01   1.0572823e-01  -2.3644101e-01   2.8405511e-01  -2.5065117e-01   2.4636672e-01  -1.5965975e-02   3.3661322e-02   2.1358909e-01  -4.1235923e-02  -3.0920354e-01  -5.0800652e-02  -5.6059863e-02  -2.9880680e-01  -9.6636743e-02   6.0110077e-01  -1.2846566e-01   2.1824960e-02  -5.3555034e-02
  -2.6792254e-01   9.2751537e-02  -7.0253600e-02  -1.9794453e-01   2.0963376e-02   4.6121847e-01   0.0000000e+00  -3.5174065e-01  -3.6162780e-01   8.1461659e-02   5.4514341e-01   4.2061968e-01  -6.2245900e-02  -3.7144704e-01   3.1688539e-01   3.4574842e-01  -2.7898982e-01   3.1185919e-01  -3.1705196e-01   3.7345932e-02   4.5756210e-01  -1.2883353e-01   5.6277467e-01  -3.8445447e-01  -9.4886151e-03  -4.5879104e-01   1.9786644e-01  -1.6225007e-01  -3.2499204e-01   2.6294114e-01   2.8270887e-01  -1.0221440e-01   5.1446675e-02   6.8382571e-01   8.1116144e-02   3.9379424e-01   2.3079161e-01  -5.4741887e-01   3.2676417e-01  -4.0429074e-02  -4.6599197e-02   1.5674954e-01  -1.2461574e-01  -1.1751537e-02   1.9455817e-01  -3.9677179e-01   2.9750544e-01   6.7579195e-01  -8.8012118e-02  -2.0742232e-01   3.8475714e-01  -4.0513394e-01   2.5239161e-01  -5.2491730e-01   2.0874926e-02   1.4273295e-03  -1.0360219e-01  -3.1734827e-01  -1.8362944e-02   2.7016106e-02  -5.6057348e-01   4.5832244e-02  -3.0517516e-01   2.5383219e-01  -7.3729015e-02   5.8137712e-01   3.3658729e-01  -1.0174371e-01  -8.2142402e-02   4.2830292e-01   3.0198755e-02   4.7590859e-02   9.6434709e-02   3.0267752e-01  -3.3048856e-01  -3.8784983e-01  -4.0434008e-01  -2.6755271e-02   1.6880859e-01  -3.0457147e-01   7.4066226e-02   3.1096836e-01   3.9742921e-01  -4.1946927e-01  -4.5607265e-02  -2.7129952e-01   2.0862506e-01  -9.0775469e-02  -2.7220387e-01  -3.3728440e-01  -3.5616813e-01  -6.7714722e-01   1.5532258e-01  -1.8586567e-01  -5.5299049e-01  -6.7299869e-02  -1.7930787e-01  -4.3059914e-01  -3.6563797e-02   3.2087510e-01   1.5410077e-01   5.9357821e-01   1.9639418e-01  -1.5706250e-01   3.3966140e-01  -2.7260011e-01  -5.9862941e-02  -3.5652234e-01   4.6405567e-01   1.6254209e-01   4.0458589e-01   3.6321541e-01  -3.1039195e-01  -1.3858235e-01   5.0200876e-01  -4.3319704e-02  -4.0227874e-01   1.2635000e-01   1.0090410e-01  -1.3106162e-01  -4.3748935e-01  -1.5079983e-01  -2.5794519e-01  -7.4502507e-02  -2.6145435e-01  -1.4158154e-01   2.9292101e-01  -2.5673247e-01  -2.9529937e-01   8.6425075e-02   2.7672005e-01   5.9437541e-01  -7.5167906e-02   4.6863887e-01  -4.0365788e-01  -3.1016802e-01  -9.1380447e-02   4.3278030e-01  -2.8524018e-01  -4.1264642e-01  -3.0015053e-01  -2.5363049e-01   3.1026603e-02   3.9483339e-01   5.2706338e-01   2.0402657e-01   6.1431073e-01   1.5328516e-01   3.8984597e-01   7.3927002e-03   2.6542719e-01   8.3242390e-03  -5.8527977e-01   2.4878970e-01  -7.6317049e-02  -4.4175844e-01  -4.8174548e-01   1.5180755e-01  -6.0876795e-01  -7.2018736e-02  -4.0923312e-01   8.0862213e-02   1.3576482e-02   2.9475708e-01  -3.7476646e-01   3.0774197e-01   4.4483611e-01  -3.5087001e-01  -4.9555523e-01   6.7009142e-02   2.2220781e-01  -5.7067569e-01  -7.1149115e-02   3.2236216e-01  -1.4130527e-01   7.8851434e-02  -4.4552907e-01
   4.4071087e-01  -2.3682822e-01  -2.1403079e-01  -3.9586587e-02  -4.2359548e-01  -9.2012127e-02  -3.5174065e-01   0.0000000e+00   1.1309052e-01  -2.7082082e-01  -3.8872533e-01  -4.2283940e-01  -2.6877058e-01   5.8933337e-01  -1.7928948e-01  -5.8740360e-01  -1.2271767e-01  -5.2300692e-01   5.5890504e-01  -4.7450486e-01  -3.0285190e-01   1.2464360e-01  -3.8537567e-01   5.0545362e-01  -5.9640916e-02   3.3194912e-01  -3.9476549e-01   2.3742818e-01  -2.0611435e-02  -1.0521057e-01  -1.8746951e-01  -1.0336751e-01  -2.4581682e-01  -4.0546651e-01  -1.6982875e-02  -6.4729017e-01  -5.0797590e-01   4.3054209e-01  -5.6364288e-01  -9.5573748e-02  -3.3502299e-01  -2.3496454e-01  -2.1338842e-01   4.3973897e-01  -6.0145376e-01   5.5978846e-01  -4.4232576e-01  -3.2067505e-01  -2.6720884e-01   1.1138197e-01  -4.4724820e-01   5.6316929e-01  -2.1282444e-01   1.8411455e-01   1.3602073e-01   3.2971833e-01   4.3787276e-01   2.9047829e-01  -1.6223450e-01  -2.6214062e-02   3.8034141e-01  -4.5469097e-01   9.9549831e-02  -5.0018267e-02  -3.6472807e-01  -4.4962803e-01  -1.6420770e-01   1.7211585e-02   1.2487037e-01  -2.5320127e-01  -1.4671864e-01  -4.4638843e-01  -4.3683000e-01  -2.4829387e-01   1.2326533e-01   4.9690509e-01   4.3726119e-01   4.8298142e-01  -4.0245997e-01  -1.9023928e-01   4.7213688e-01  -2.7736506e-01  -8.9216116e-02   7.9310462e-01   9.2125911e-02   4.0638033e-01   5.1932044e-03   2.3118080e-01  -7.3039709e-02   4.5183183e-01   3.3685343e-02   3.4837088e-01  -2.2251523e-01   4.6126820e-01   3.5073301e-01  -2.2819179e-02  -4.0599234e-01   6.2045533e-01  -4.1013761e-01  -4.1535026e-01   5.3203331e-02  -2.2002170e-01   2.1651627e-01   2.7261225e-01  -4.2414143e-01   1.7607248e-01  -2.0157622e-01   5.9460438e-01  -4.3910514e-01  -1.1844919e-01  -2.1378187e-01  -2.9723463e-01  -2.9135366e-02   3.4579369e-01   1.6953195e-01  -2.3658227e-01   3.7715694e-01  -3.3914781e-01   3.3489241e-01  -7.7670229e-02   4.0255917e-01  -1.2622860e-01  -5.6558290e-02  -1.7118856e-01   4.5874150e-01   4.1733337e-01  -4.5848290e-01   1.2003970e-01   3.3773474e-01  -1.2922697e-01  -4.7219853e-01  -5.5314666e-01   3.6762390e-01  -2.8373255e-01   3.0852176e-01   7.4066842e-01  -3.2202528e-01   1.1363203e-01   4.8526441e-01   3.6185975e-01   3.1070626e-01   8.0507553e-02  -5.5477013e-02   5.2056931e-02  -3.0568716e-01  -2.0454307e-01  -4.4130903e-01  -3.0116698e-01  -2.7781935e-01  -1.7921382e-01   1.7570874e-01   6.3898760e-01   3.3206557e-01  -1.1363902e-01  -6.4526279e-02   4.8132371e-01   4.3277383e-01  -4.3630881e-01   2.7175690e-01   6.1221786e-01  -4.2224217e-02   1.9065294e-01  -1.7838496e-01  -4.1200912e-01   2.7903477e-01  -3.9352440e-01  -3.3958747e-01   3.8412122e-01   3.9062812e-01  -2.6695125e-02  -3.8053813e-01   3.1243272e-01  -2.6572841e-01   7.8929029e-02  -1.3739137e-01   3.6836165e-02   4.4945230e-01
  -8.6342706e-02   3.4696265e-01   4.0726053e-04   2.9300058e-01   1.8774939e-01  -4.1666977e-01  -3.6162780e-01   1.1309052e-01   0.0000000e+00  -8.3188928e-02  -5.0014122e-01  -3.6189575e-02   2.3953620e-03   1.2847487e-01  -2.7343485e-01  -3.4194360e-01   1.3585140e-01  -8.6083031e-02   1.0569101e-01   1.4533056e-01  -1.7006097e-01   1.8211890e-01  -3.2741001e-01   9.1543525e-02  -1.4239674e-02   3.0413406e-01  -2.0730809e-01   8.1571199e-02   2.3931789e-01  -6.3103834e-02   6.0376256e-02  -1.6982967e-02  -2.9559909e-01  -2.8979586e-01   2.5547673e-01  -2.4452354e-01   9.8518413e-02   1.6038581e-01  -2.8080003e-01  -8.4427964e-02  -1.3513214e-01  -3.1498926e-01   4.5812929e-01  -7.2532575e-02   1.9532992e-01   8.0786171e-03  -4.2561374e-01  -6.5103451e-02  -1.2539528e-01   3.9599389e-02  -3.0517302e-01   2.2619607e-01   2.0427788e-01   3.2873931e-01   1.7306702e-01   7.1717288e-02  -2.9269385e-02   1.4978736e-01  -2.2092027e-03   6.3515377e-02   2.5329179e-01   9.4563106e-02   4.2323718e-01  -1.8073334e-02   5.3752412e-01  -1.4380960e-01  -2.2212000e-01   4.9592783e-02  -3.1657241e-01  -2.8939622e-01   2.9968318e-01   1.0762548e-01  -4.2689759e-03  -5.7510514e-02   2.7045684e-01   1.8210015e-01  -6.0914271e-02  -1.3224139e-01   3.5678692e-02   6.8571289e-02   2.8515124e-02  -2.4606365e-01  -1.3077912e-01   1.3586165e-01   6.2381177e-02   1.3299538e-01   1.5837608e-01   1.5688139e-01   3.1969581e-01  -5.9618111e-02   3.7433538e-01   3.7406684e-01  -5.7192559e-02   1.0682337e-01   1.7844922e-01  -1.9408330e-01   1.2382820e-01   2.0219610e-01  -6.0551403e-02   1.9449260e-01   3.5115530e-02  -3.9605036e-01  -1.7788299e-01   2.6578410e-01  -1.5903587e-01   4.7303916e-02   1.3263646e-01   6.7160285e-02  -2.2165513e-01  -1.8297782e-01  -1.3516584e-01  -3.4515136e-01   4.4308618e-01  -1.2487228e-01  -1.2430353e-01   2.5453231e-01   1.7419291e-01  -1.8429208e-01  -3.7519725e-02  -1.1342612e-01   1.7017730e-01   3.1602270e-02   3.8397531e-01   5.6985554e-01  -4.6578674e-03  -1.7908618e-01   2.5262371e-02   8.4779256e-02   1.5684942e-01  -2.4337295e-02  -3.3932238e-01  -3.5468348e-01  -3.0505294e-02  -1.3802335e-01   6.4583317e-01   1.2322955e-01   5.7791571e-02  -2.5969488e-01   6.1950498e-02   2.1769377e-01   1.1285991e-01  -4.6385677e-02  -3.0597466e-01  -2.5618237e-01  -3.1143226e-01  -3.4550307e-02  -8.0069721e-02   1.3135726e-01  -2.1250419e-01   3.4444450e-01  -6.6147977e-02  -3.2931550e-02   2.8285846e-01   1.6365189e-01   1.4752508e-02   1.8366856e-01   9.9777659e-02  -2.0596666e-01   2.0493041e-01  -9.8678093e-02   4.3577233e-01  -3.3821610e-01   1.8310457e-01  -2.7059957e-01   1.7799937e-01  -1.2379071e-01  -1.7213944e-01   1.2711201e-01   1.3215034e-01  -5.5441851e-02   1.2928533e-01   2.6828885e-01   2.9230499e-01  -4.2725767e-01   2.4699665e-01  -2.7836794e-01   2.2930050e-01
  -3.0091622e-01   1.4892751e-01   3.5529704e-01  -2.7135095e-01   4.2507578e-01  -7.7172203e-02   8.1461659e-02  -2.7082082e-01  -8.3188928e-02   0.0000000e+00   7.3825455e-02   5.0307305e-01   3.0276754e-01  -4.7028046e-01   1.6999366e-01   2.4955407e-01   2.9489649e-01  -1.4059660e-01  -2.6022801e-01   4.0873375e-01  -2.1161681e-01  -4.3838860e-01  -1.2800109e-01  -3.7420332e-01  -9.4492798e-02  -2.9196075e-01   3.8757084e-01  -3.1810092e-01   2.7585952e-01  -2.0535120e-01   4.5674120e-02  -3.2041615e-01   1.0006717e-01   3.2632289e-01   1.0806271e-02   2.9194256e-01   3.1206083e-01  -3.4766932e-01   1.8233913e-01   4.1708166e-01   3.0811708e-01   1.8851267e-01   4.5550627e-01  -1.6154531e-01   2.1253064e-01  -3.2458856e-01   5.9425395e-02   1.3051757e-01  -9.8053848e-02   1.0693804e-01   3.9359071e-02  -2.0828891e-01   4.3278743e-01  -1.6863474e-01  -3.2272306e-01  -3.1511676e-01  -3.4795245e-01  -4.8427683e-01   2.2481761e-02  -2.6969059e-01  -2.6984293e-01   2.3522973e-01   2.4368035e-01   2.8352236e-01   1.2343897e-01   4.6074814e-01  -3.0943935e-02   1.0586603e-01  -2.0439251e-01   1.5299560e-01   3.7928190e-01  -1.2276359e-01   2.3964853e-01   4.5395300e-02  -2.6821338e-01  -4.5108595e-01  -2.7741699e-01  -2.2472590e-01   3.0054154e-01   2.8434680e-03  -4.6284691e-01   2.2332270e-01   2.0600712e-01  -3.3486454e-01   1.0708266e-01  -4.2115206e-01  -1.4019030e-01  -2.0478694e-01   3.1551246e-01  -1.8912481e-01   1.2862149e-01  -2.3250869e-01   5.8100561e-01  -1.6198905e-01  -2.9750620e-01   1.7487039e-01   2.2275776e-01  -3.7396382e-01   2.9839268e-01   4.0950068e-01   9.7540222e-02   2.5454669e-01  -5.0470878e-01  -4.8103297e-01  -1.5896301e-01  -4.3754262e-01   1.4293240e-01  -4.0834649e-01   1.1657800e-01   1.7596118e-01   3.8951196e-01  -2.4219342e-01  -6.6689008e-02  -1.5297033e-01  -2.4438375e-01   4.7718062e-01  -2.7016061e-01   3.2892106e-01  -3.6613461e-01  -3.1621677e-01  -3.4201677e-01   2.5630640e-01   3.1956451e-01  -8.9219631e-02  -3.7811518e-01  -3.9054809e-01   5.1976208e-02  -4.6030429e-03  -5.0571386e-01   3.4962333e-01   3.1613404e-01   2.9544347e-01  -1.6379336e-01   5.7891733e-02  -1.1552715e-01  -4.1464952e-01   2.5179472e-01  -2.3282208e-01  -3.1554254e-01  -4.3380893e-01  -4.4599555e-01   2.7335584e-02  -2.0226832e-01  -1.1492680e-01   2.8019842e-02  -3.2854081e-01   3.9410908e-01   4.4814434e-01   3.9480892e-01   3.1523835e-01  -1.1850776e-01  -4.4947509e-01  -2.7143892e-01   2.0868987e-01   5.0055941e-01  -3.6575231e-01  -3.8056872e-01   1.9620698e-01  -1.9777982e-01  -4.5700169e-01   4.4191065e-02  -2.3050014e-01   4.0001048e-01  -1.8146751e-01  -3.6135718e-01   5.0127967e-01   3.2150171e-01  -2.0543565e-01  -2.8721009e-01   4.7905554e-01   5.1188279e-01  -2.1679549e-01  -1.4699209e-01  -4.2318549e-02  -4.0102562e-02   1.2418545e-01  -5.1712092e-01
  -2.2206737e-01  -4.3504059e-02   3.0876778e-02   9.8071213e-02   2.2727326e-02   5.7140210e-01   5.4514341e-01  -3.8872533e-01  -5.0014122e-01   7.3825455e-02   0.0000000e+00   1.8339035e-01  -5.2383416e-02  -3.4727923e-01   4.1714885e-01   5.2918515e-01  -1.4829447e-01   5.0614673e-01  -1.5243568e-01   1.3134031e-01   6.0272643e-01   1.4163521e-01   6.6175930e-01  -3.5598248e-01  -1.6218319e-01  -2.9406432e-01   2.4811099e-01   1.0108120e-01  -3.3891203e-01   2.8561593e-01   2.6422050e-01   2.1159671e-01   2.1064588e-01   4.7611816e-01  -2.2959782e-02   6.3153924e-01   1.9950752e-02  -4.4428864e-01   5.5548683e-01  -1.5092780e-01   2.7499275e-01   1.7226289e-01  -3.6505826e-01   2.4638614e-01   3.7574710e-02  -2.6038416e-01   7.8684862e-01   2.6647372e-01   4.5542272e-02  -2.6290869e-01   6.6647576e-01  -3.4627807e-01  -8.6714726e-02  -6.3755693e-01  -1.3693061e-01   1.2805577e-01   6.1865487e-02   3.1289591e-02   2.6482013e-01   2.6631833e-01  -4.2200822e-01   1.0757996e-01  -5.0345149e-01   1.0746448e-01  -3.4118244e-01   4.7426049e-01   4.8885820e-01  -1.9032571e-01   3.9123050e-01   4.0841015e-01  -2.7437964e-01   2.8014743e-01   3.7342468e-01   2.1292339e-01  -4.1009884e-01  -1.8243273e-01  -2.1229737e-01   7.2698351e-02   5.0560041e-02  -1.0753882e-01   3.2571339e-02   4.2336496e-01   3.5647504e-01  -3.1949628e-01  -1.4172659e-01  -2.9967583e-02  -2.8679163e-03  -2.9123781e-01  -4.8458419e-01  -2.2248204e-01  -4.3134378e-01  -4.8010258e-01   1.0058256e-01  -1.7536714e-01  -4.1263031e-01  -1.8023841e-02   2.6602414e-02  -2.8269717e-01   2.3347334e-02   2.1087051e-02  -2.3219170e-03   5.9857835e-01   4.3924814e-01  -4.8863364e-02   6.3567976e-01   7.3466805e-02  -8.5456216e-02  -3.4098271e-02   4.0124435e-01   3.9963320e-01   2.4005392e-01   6.8876064e-01  -3.6013626e-01  -7.6049424e-02   2.8880046e-01  -2.3135137e-01  -1.5530708e-01   2.1144048e-01   1.2174088e-01   1.6674073e-01  -3.6823709e-01  -1.9531976e-01  -4.8175643e-01  -1.3995931e-01  -1.0311592e-01   1.8930711e-02   2.8706235e-01  -2.8317918e-01  -1.3509100e-01   7.9167684e-02   4.5090298e-01   6.6732065e-01  -1.6955774e-01   4.8219299e-01  -3.8571325e-01  -2.3317709e-01  -1.1181393e-01   4.0950627e-01  -9.1156338e-02  -4.0178054e-01  -3.2078660e-01  -1.9720337e-01   4.8336246e-01   4.7647129e-01   6.1331082e-01   4.0065224e-01   1.3246046e-01   8.5511097e-02   4.8715109e-01  -1.6075996e-01  -2.0098865e-02   2.3552657e-02  -4.8958997e-01   1.7116996e-01  -1.0926919e-01  -4.1218538e-01  -3.4041798e-01   4.8278122e-01  -4.2187049e-01   8.8932692e-02  -4.4242858e-01   4.7987820e-01  -2.2210656e-02   5.2298612e-01  -8.8187835e-02   1.1760930e-01   2.7782975e-01  -2.1390165e-01  -3.7834465e-01  -6.5579144e-03  -6.7842321e-02  -5.0540198e-01  -8.0073543e-02   4.8603449e-01  -1.8948690e-01   4.9891146e-02  -1.9498317e-01
  -5.6680164e-01   5.8439912e-01   4.2419975e-01  -1.1406362e-01   5.7148942e-01   1.3703480e-01   4.2061968e-01  -4.2283940e-01  -3.6189575e-02   5.0307305e-01   1.8339035e-01   0.0000000e+00   2.5132972e-01  -5.8199640e-01   3.5554464e-01   5.6387996e-01   3.0939159e-01   1.2030401e-01  -4.0537521e-01   4.8063060e-01  -2.8351326e-02  -3.0313452e-01   1.4793874e-01  -6.0426405e-01  -1.2436449e-01  -4.2847379e-01   4.8721628e-01  -3.6144512e-01  -1.2792399e-01  -1.4057593e-01   2.6799660e-01  -2.7109067e-01   1.6742948e-01   6.2338527e-01   1.9551882e-01   5.3671945e-01   3.1773129e-01  -5.3459287e-01   5.2127350e-01   3.4264337e-01   2.0884414e-01   1.8063150e-01   4.8081108e-01  -3.6577565e-01   4.4099242e-01  -5.8384238e-01   2.4521289e-01   5.4485054e-01  -1.5776974e-01   1.3563034e-01   2.2241055e-01  -4.1641600e-01   6.3490292e-01  -2.8354969e-01  -1.0811024e-01  -2.4122646e-01  -3.4745073e-01  -4.4778052e-01  -1.4053919e-02  -3.8451871e-02  -5.0290296e-01   4.8076382e-01   1.9733243e-01   3.4227210e-01   2.5051949e-01   6.2783486e-01   2.3711605e-01  -4.1831721e-02  -1.2828001e-01   3.4605488e-01   5.5074443e-01   5.2175004e-02   3.7267094e-01   2.7795894e-01  -2.5857825e-01  -5.2179110e-01  -4.3422967e-01  -3.6140569e-01   6.1631265e-01   4.8669761e-02  -4.0259571e-01   4.1083535e-01   3.3038756e-01  -5.5096325e-01   9.8296069e-02  -4.8019101e-01   2.5143534e-02  -1.5839358e-01   1.8642856e-01  -5.2575736e-01  -6.9850051e-03  -5.0304447e-01   6.4346698e-01  -3.9129483e-01  -5.1051142e-01   1.1463026e-01   2.9287013e-01  -5.4712859e-01   3.5429336e-01   3.4678592e-01   1.9114546e-01   4.7672172e-01  -2.3634627e-01  -2.3837472e-01   1.1781294e-01  -3.9346787e-01   1.8700046e-01  -4.8989688e-01   2.4496979e-01   2.0851951e-01   6.0550725e-01   4.3105590e-02  -2.0283654e-02  -4.1825910e-01  -1.7199756e-01   5.5596786e-01  -3.2207866e-01   3.5505358e-01  -4.1486972e-01  -2.1342889e-01  -5.2913166e-01   1.5657108e-01   2.7823364e-01   1.8272353e-01  -5.6298578e-01  -4.0678728e-01   2.8560837e-01  -1.6010552e-01  -5.5937303e-01   4.2642399e-01   4.6568098e-01   4.8101252e-01  -7.9126907e-02   1.7184919e-01  -2.0724303e-01  -5.0888886e-01   2.9493563e-01  -5.4428376e-03  -4.8710352e-01  -6.5707480e-01  -6.1152005e-01  -1.0691598e-01  -1.8290497e-01   5.1703441e-03   3.4399997e-01   1.2064787e-01   5.8246765e-01   5.0788846e-01   4.1467272e-01   1.6430288e-01  -1.0218609e-01  -3.8306450e-01  -5.3782882e-01   2.0484973e-01   4.5549941e-01  -5.9412861e-01  -6.4365864e-01   1.7152550e-01  -4.0429278e-01  -4.9065041e-01   8.4945057e-02  -1.8158065e-01   2.2325378e-01   4.6511734e-03  -3.8564853e-01   6.4754270e-01   6.0099679e-01  -3.3695686e-01  -5.7145387e-01   3.3163998e-01   6.3692029e-01  -3.8719934e-01  -2.1963178e-02   3.3760425e-02   2.6351051e-02  -5.6294808e-02  -5.0334177e-01
  -2.5192543e-01   3.8439838e-03   2.6604467e-01  -1.4898799e-01   2.9440986e-01   3.4745873e-03  -6.2245900e-02  -2.6877058e-01   2.3953620e-03   3.0276754e-01  -5.2383416e-02   2.5132972e-01   0.0000000e+00  -3.1677648e-01  -2.2404656e-01   2.6922018e-01   3.2646156e-01  -1.6422450e-01  -3.1190373e-01   3.2488471e-01  -1.5409318e-01  -2.4682200e-01  -1.0283116e-01  -2.9099527e-01  -7.5352986e-02  -1.5832967e-01   3.6777885e-01  -3.6036596e-01   2.3867458e-01  -3.5705842e-01  -1.7265664e-01  -2.5061182e-01   1.9273790e-01   3.0829151e-02   1.2974419e-01   2.3709039e-01   1.5963477e-01  -1.9674098e-01   2.3211114e-01   3.4644870e-01   4.9668824e-01   2.3958184e-01   3.1050463e-01  -3.6166057e-01   9.0310938e-02  -3.5675724e-01  -1.9376340e-02   4.0708945e-02   1.0268165e-01   1.0502255e-01  -1.1590310e-01  -1.6404575e-01   2.1515140e-01   1.4791044e-01  -6.7296256e-02  -3.5029818e-01  -2.4346447e-01  -3.1119268e-01  -8.2715099e-02  -2.7151668e-01  -2.3674050e-01   2.2004889e-01   1.4793787e-01  -8.6410866e-02   1.7752712e-01   1.1057000e-01  -9.2035105e-02  -2.5118847e-01  -1.1954371e-01   1.7731630e-01   2.7504846e-01   4.8130765e-02   2.8127868e-01  -1.1893065e-01  -9.0320907e-02  -3.1480845e-01  -3.1630821e-01  -2.2392661e-01   2.2808984e-01   1.7200150e-01  -4.3395863e-01   7.7326287e-02  -3.7735746e-02  -3.2372517e-01   4.1234054e-02  -3.4233295e-01   5.6385773e-02  -6.6418338e-02   1.9822727e-01  -1.8292487e-01   3.5515307e-02  -1.3457649e-01   2.5398857e-01  -4.2545567e-01  -9.0186170e-02   3.3264092e-01   1.0553889e-01  -3.6262006e-01   7.6621989e-02   1.7292789e-01  -5.2855806e-03  -3.1544941e-02  -4.2958494e-01  -3.9823068e-01  -6.7948493e-02  -2.8248044e-01   2.0731565e-01  -3.3824600e-01   2.2728071e-02   1.0530475e-01   9.6474645e-02  -1.2722748e-01  -3.3518200e-02  -1.2061847e-01  -3.5695076e-01   2.9631913e-01  -1.1923469e-01   5.5949995e-01  -2.9981758e-01  -2.3362884e-01  -2.8524192e-01   1.4080848e-01   3.5987331e-01  -4.5475782e-02  -4.0833742e-01  -3.9148564e-01  -3.5819276e-02   1.4654561e-02  -3.1631313e-01   3.5667615e-01   4.6186839e-01   1.2721677e-01  -3.4788100e-01  -3.8795810e-02  -1.7171746e-01  -3.9041261e-01   2.5660051e-01  -3.0107382e-01  -4.1756975e-01  -1.7290037e-01  -2.9266269e-01   6.3931920e-01  -7.3105589e-02  -3.0094803e-02  -1.7267453e-01  -2.4327007e-01   2.1551313e-01   2.9222917e-01   8.0306467e-02   6.5414390e-02  -1.9436296e-01  -3.4671930e-01  -2.3049701e-01  -2.6523952e-02   3.8481547e-01  -2.2815501e-01  -2.5505382e-01   5.9648263e-02  -8.0896878e-02  -4.4311306e-01  -5.1882619e-03  -1.8202012e-01   2.6740033e-01  -1.3338204e-01  -3.0060768e-01   2.0291331e-01   2.0065941e-01  -3.0774682e-01  -3.5859221e-01   2.5210400e-01   2.2582524e-01   1.7110859e-01  -1.7071714e-01  -1.0858332e-01  -1.1052792e-01   8.2847393e-02  -3.9443631e-01
   8.0566799e-01  -3.9966270e-01  -3.0606872e-01   1.0191797e-01  -5.1649965e-01  -1.2119324e-01  -3.7144704e-01   5.8933337e-01   1.2847487e-01  -4.7028046e-01  -3.4727923e-01  -5.8199640e-01  -3.1677648e-01   0.0000000e+00  -3.1710582e-01  -5.0871566e-01  -2.4508168e-01  -2.1954330e-01   5.2157320e-01  -3.5967467e-01  -7.5051602e-02   2.9456381e-01  -1.7692787e-01   8.7130371e-01  -3.8829038e-02   2.1836449e-01  -5.8652733e-01   2.4068990e-01  -5.0662971e-02  -1.3671284e-01  -2.8880263e-01   2.5571735e-02  -3.3735038e-01  -5.2794756e-01  -2.7737120e-03  -5.5204019e-01  -4.4044268e-01   6.5521214e-01  -4.6493900e-01  -2.6300073e-01  -2.3489731e-01  -3.8121491e-01  -2.8106067e-01   2.6443746e-01  -3.9278764e-01   6.3756187e-01  -4.1154541e-01  -4.6066008e-01   1.2543709e-01  -9.8419436e-02  -2.4479774e-01   2.6698428e-01  -5.6840782e-01   2.6688810e-01   4.8762727e-01   1.3650196e-01   4.5229820e-01   3.2552964e-01  -2.4499379e-01   1.0469763e-01   4.5059229e-01  -2.5366440e-01  -1.7611666e-01  -4.7912436e-01  -2.7107380e-01  -5.2745459e-01  -1.8683198e-01  -1.7951460e-01  -1.7476104e-02  -2.0017339e-01  -3.8657706e-01  -1.5395663e-01  -3.8490059e-01  -6.7972425e-02   3.2695946e-01   3.7751995e-01   4.0778478e-01   1.9482948e-01  -5.4071900e-01  -2.2648054e-01   4.2853966e-01  -2.3425642e-01  -3.3565826e-01   6.1468860e-01   1.5425293e-01   3.4661496e-01   1.8972883e-01   5.4998669e-01  -1.3519096e-01   6.9969679e-01   1.9024632e-02   4.6115402e-01  -5.5289606e-01   2.5907818e-01   5.4343686e-01  -1.3358908e-01  -2.4013761e-01   4.4690499e-01  -3.7372589e-01  -3.6055194e-01   4.8113560e-02  -4.6643412e-01   3.0263480e-01   2.9004894e-01  -2.4346406e-01   2.7917555e-01  -2.3749057e-01   3.9362767e-01  -2.7982104e-01  -3.2123974e-01  -5.1612519e-01  -1.3584507e-01   3.9180930e-02   6.1544097e-01   2.2562399e-01  -4.4243187e-01   2.0641549e-01  -3.6214315e-01   5.1422707e-01   8.8157703e-02   5.6015600e-01  -1.9160914e-01  -7.7423817e-02  -2.2676190e-01   6.3643490e-01   7.1269580e-01  -4.3553748e-01   1.8370740e-01   3.9335819e-01  -2.6030647e-01  -5.4955315e-01  -5.5837016e-01   4.0607033e-01  -2.2149058e-01   3.3131902e-01   5.0906508e-01  -4.2395276e-01   1.2149968e-01   2.5024536e-01   6.8831726e-01   6.8372706e-01   7.8045997e-02  -1.2949884e-01   1.2158779e-01  -2.7620406e-01  -2.8772678e-03  -4.9266377e-01  -4.9065648e-01  -4.0068422e-01  -1.8537416e-01   3.2963675e-01   5.3649437e-01   5.3389941e-01  -2.7250344e-01  -2.4109066e-01   8.0094836e-01   6.0650010e-01  -2.8159539e-01   2.7446888e-01   5.3221310e-01  -1.2910194e-02   4.0569385e-02  -1.5239227e-01  -2.4766178e-01   2.8275380e-01  -5.7262261e-01  -4.7947107e-01   3.6721061e-01   4.8031158e-01  -3.5986330e-01  -6.1748469e-01   4.2063047e-01  -2.0259149e-01   8.5798883e-02  -4.4139627e-03  -1.8400892e-01   3.8261379e-01
