   0.0000000e+00  -3.6082344e-01  -1.0651868e-01   8.3860118e-02  -1.6691461e-02  -2.3933444e-02  -1.3555439e-01   2.8612961e-01  -9.1997506e-03  -1.3745759e-01  -3.8190601e-02  -1.8643380e-01   9.0675459e-02  -6.4879401e-02  -3.1505386e-01  -1.5094746e-01  -1.8203977e-01  -6.2353175e-02   1.4531968e-01  -1.8494312e-03  -2.2347503e-01   3.8212604e-01  -1.6526143e-01   7.0453136e-01  -5.7576031e-02   2.3991563e-01  -5.8608958e-02   3.1283099e-01   6.7804529e-02   1.2241841e-01  -2.7495720e-01   8.5622820e-02  -7.2994318e-03  -2.7142689e-01  -1.8112256e-01  -1.0103102e-01  -1.6343599e-01   3.9695517e-01  -1.8788895e-01  -3.4650088e-01   5.3168354e-02  -1.2084294e-02  -2.9120353e-02   8.4976994e-02  -1.4067754e-01   3.5115191e-01   1.1521966e-01  -3.8696357e-01  -1.0713681e-01  -2.2526091e-01   8.6474169e-03   3.5337060e-01  -3.0240110e-01  -2.5541463e-02  -6.9885932e-02  -5.3521206e-02   2.5068319e-01   3.3857686e-01  -1.7582212e-01   6.6288110e-02   2.7033510e-02  -2.9255013e-01   8.0971198e-03  -1.3459942e-01  -1.5992885e-01   3.1666335e-02  -2.0508048e-01   5.1693650e-02   5.8108746e-02  -1.6305073e-01  -3.5788522e-01   7.5612895e-02  -1.5703042e-01  -4.7306051e-02   6.9296672e-02   3.5047564e-01   1.7016451e-01  -5.5667597e-02  -1.8109265e-01  -6.6754844e-02   3.4416459e-02  -3.8868009e-02  -3.5097900e-01   2.8589486e-01  -2.7056866e-01   1.4357248e-01  -1.6629910e-01   7.5584342e-02  -1.0092520e-01   5.1877367e-01  -4.5057784e-02  -2.7462491e-02  -3.7756851e-01   8.7511692e-02   3.7361755e-01  -8.2747765e-03   3.0206752e-02   1.4178789e-01  -4.7682458e-02  -3.0487075e-01  -4.1392252e-01  -1.1175572e-01   1.1466852e-01   1.9220636e-01   1.4046207e-01   1.8650099e-01  -5.2292624e-02   1.5592016e-01  -1.0996640e-01  -1.0038251e-01  -4.1066856e-01   1.7850410e-01   1.5813809e-01   5.6037754e-01  -5.2858670e-02  -2.7888389e-01   1.4427622e-01  -1.3359413e-01  -1.9227319e-01   2.1849517e-01   2.9764753e-01  -7.5647424e-02  -1.4080369e-02  -2.7645440e-01   3.5878554e-01  -1.1910008e-01  -1.8654920e-01  -4.4860100e-02   3.0685110e-01  -2.2087217e-01  -1.6245013e-01  -4.1333203e-01   1.6031691e-01  -3.0144575e-01   1.1260846e-01   2.2943422e-01   2.4492177e-02  -1.8807808e-01   1.9231000e-01   8.0472430e-01   7.1765590e-01   4.0013496e-01   1.6544266e-01  -1.9164268e-01  -2.0953344e-01  -8.8674144e-02  -4.4226740e-01   1.2512879e-01  -7.3244746e-02  -3.4619290e-01  -9.0560865e-02   4.8771574e-02   7.9473670e-02  -2.1297807e-01  -4.0771972e-01   6.3292303e-01   2.5376283e-01  -1.8657542e-01  -5.7125239e-02   1.9306951e-01   1.2679226e-01   7.6272613e-02  -2.4785812e-01   1.1126955e-01   2.5045026e-01  -2.3822433e-01  -6.8537804e-02   3.8426382e-01   3.0350726e-01  -2.8746425e-01  -1.0731668e-01   3.5000719e-01  -6.7993048e-02  -1.9286241e-01   1.7938241e-02  -1.1550186e-01   2.4796531e-01
  -3.6082344e-01   0.0000000e+00   3.4567086e-01  -2.6954959e-01   4.4385173e-01   2.0919337e-01   1.5232257e-01  -3.5091401e-01   3.9414157e-01   1.4374216e-01  -2.9918156e-01   4.9767369e-01  -1.5308880e-01   1.2052787e-01  -1.4514009e-01   1.2014146e-01   3.9361351e-01  -1.6687257e-01  -1.7358536e-02   1.2346483e-01  -4.1963565e-02  -3.1666817e-01  -1.3716126e-01  -3.4515040e-01   9.9827761e-02  -1.4346267e-01   4.8986047e-02  -3.1562640e-01   9.4139722e-03  -7.5282984e-02  -1.2403542e-01  -4.2739159e-01  -8.5058812e-02   2.8337993e-01   7.6294677e-02   2.4939050e-01   1.9715432e-01  -5.6557469e-02   2.5053641e-01   2.6578762e-01  -4.8586077e-02  -2.1043978e-01   3.4436343e-01  -2.1780971e-02  -5.4044617e-02  -1.6106993e-01  -1.0936668e-01   3.5985513e-01   7.4482794e-02   1.3545185e-01  -2.4053196e-01  -4.0318322e-01   4.4817275e-01  -7.9346440e-02   6.8222108e-02   1.7190036e-01  -3.7960317e-01  -3.8845968e-01  -1.4326623e-01   1.2754024e-01   2.7809349e-03   4.0466128e-02   2.3565195e-01   1.8670884e-02   1.7936128e-01   2.5675754e-01   3.0524597e-01   2.4229073e-01  -2.0499610e-01   2.0268155e-01   5.9726320e-01  -1.4374776e-01  -6.9224080e-03   1.2479857e-01  -2.3939797e-01  -4.1077224e-01  -1.2591942e-02  -8.3775942e-02   4.5099302e-01  -6.2438130e-02  -2.1353706e-01  -5.3827668e-02   5.0881379e-01  -2.6860718e-01   5.3253365e-01  -3.9460716e-01   2.3592658e-01  -1.4175070e-01   2.0397357e-01  -1.9359542e-01   2.6109301e-01   8.9925617e-02   2.8432710e-01   1.1504147e-01  -2.4473727e-01   2.9846539e-01  -1.2852669e-01  -1.8638808e-01   2.7016696e-01   5.8596961e-02   5.2694364e-01  -7.2143455e-02  -2.5803428e-01  -4.0221426e-02  -3.9392393e-01  -4.2769682e-01   1.7264469e-01  -8.3842873e-02  -3.1107668e-01   2.9653126e-01   2.4968552e-01  -2.5462632e-01  -5.1023527e-02  -3.9958013e-02  -9.4352083e-02   3.3917103e-01  -1.7511546e-01   1.5577642e-01   2.1022114e-01  -4.2023341e-01  -3.8005748e-01   3.1607633e-01  -8.2083247e-02   1.0725759e-01  -1.6135463e-01   2.4835117e-01  -2.0629262e-01  -1.4633839e-01  -5.1171220e-01   3.4814039e-01  -1.9247748e-01   2.8046003e-01   2.8030673e-01   7.0457762e-03  -1.0584926e-01  -4.3342467e-01  -1.4840972e-01   5.3994893e-02  -4.2075832e-01  -4.3731617e-01  -3.4024677e-01  -1.5674050e-01  -2.2794763e-01   3.0127246e-01  -3.0069615e-01  -2.7499208e-01   2.4293003e-01  -1.2663834e-01   3.0895828e-01   1.3173603e-01   7.6519692e-02  -2.2217203e-01  -1.8946348e-01   1.8031610e-01   5.3220609e-01  -2.8227804e-01  -3.3458879e-01  -9.9179519e-02  -3.6929299e-02  -2.8173666e-01  -8.2254276e-02  -2.9754308e-01   2.7242891e-01  -4.3871048e-01  -8.8811589e-02   2.3187118e-01   9.9249437e-02  -3.0353227e-01  -2.5207818e-01   4.1443221e-01   3.7440596e-01  -1.0919025e-01   5.0796639e-02   3.1430871e-01  -1.8329354e-01  -4.4802168e-03  -3.4276910e-01
  -1.0651868e-01   3.4567086e-01   0.0000000e+00  -2.0048232e-01   5.6068131e-01   9.9729174e-04  -2.4475363e-01  -2.5513686e-01   3.0593226e-01   9.2738927e-02  -2.6806439e-01   3.9612005e-01  -2.0108147e-01  -3.1983411e-01  -1.4293320e-01   2.1367010e-01   8.7065854e-01  -2.1756207e-01  -5.1863298e-02   4.1978393e-01  -6.2821987e-01   9.2106135e-02  -4.6354661e-01  -2.6647748e-01   4.2715053e-02  -1.2649618e-01   5.7340796e-02  -4.2512100e-01   2.0132217e-02  -4.1303381e-01  -2.5746199e-01  -1.7288200e-01   2.8393015e-02  -1.1942474e-01  -1.6120457e-01   2.4466997e-01   4.9252556e-02   6.5118117e-02   2.7174268e-01   5.2663202e-01   9.9339022e-02   1.5580664e-02   2.6829842e-01   8.4954231e-02  -1.5681980e-01   6.7154274e-02  -1.8347605e-01  -1.8364039e-01   1.5556500e-01   5.4305145e-01  -2.0328116e-01  -3.1241951e-01   1.7483294e-01   2.8474800e-01   1.8363107e-01  -8.6787459e-02  -1.0135257e-01  -1.5180294e-01   4.1383194e-02   1.6065322e-01   2.9385019e-01   2.7757555e-02   4.4739591e-01  -5.9638207e-02  -7.3997136e-02   1.9983850e-01   1.7056989e-01   2.0452436e-01  -2.5188216e-01   5.3914942e-01   4.8502011e-01  -1.2441432e-01   1.8761598e-01   4.7377205e-01   1.0300373e-01  -2.2564849e-01   1.6073932e-01   1.8210990e-02   3.4192529e-01   1.4503586e-01  -4.6918513e-01   4.7671043e-02   2.6975245e-01  -1.0091691e-01   5.1579273e-01  -3.2670681e-01  -1.3141167e-01  -2.4306595e-01   5.3380609e-01  -2.0723914e-01   4.0500679e-01   6.3642551e-01   4.9780694e-01   2.1215060e-01   1.0286831e-02   4.2894949e-01   9.4366553e-02   9.5830992e-02   2.7393920e-01  -1.0839018e-01   3.5096478e-01  -2.5981151e-01  -3.0978584e-01  -2.9267345e-01  -3.9107636e-01  -9.2115304e-02   3.8082343e-01  -5.5052853e-02  -2.4908993e-01  -1.6701056e-01   4.5974110e-01  -2.2871286e-01  -3.5048774e-02   1.5022922e-01  -3.6092245e-01   3.5220656e-01  -4.2239786e-02   2.0457536e-01   1.7198066e-02  -2.4393458e-01   1.7363660e-02   5.2497903e-01   4.2866532e-01  -1.6350343e-01  -6.5579491e-02   2.5901513e-01  -4.7489772e-01   3.3590967e-01  -2.1733623e-01   5.9258366e-01  -1.7998151e-01  -7.5215276e-02   3.2331208e-01  -4.5526207e-01   1.6380869e-01  -3.4375490e-01   1.0740002e-01  -2.5640033e-01  -2.7570662e-01  -1.7150573e-01  -2.3616259e-01   1.0342703e-01  -1.4041124e-01   6.3034744e-02  -4.8783944e-01  -5.2676745e-01   3.2653015e-01  -4.2949270e-01   1.1535540e-01  -9.0213082e-02   2.2094542e-01  -2.1350196e-01   4.1612961e-02  -3.5869229e-02   7.5379331e-01  -7.0713544e-02   2.6329348e-02   1.1141515e-01   4.9486691e-01  -3.3439779e-01   7.7180832e-02  -3.2498840e-01   3.4081572e-02  -4.0969336e-01   2.2640420e-01   1.8572132e-01   9.0821162e-02  -6.8410410e-02   1.0725798e-01   4.6791077e-01   3.3184847e-01   4.7073623e-02  -1.8836321e-01  -6.0078001e-04  -1.4281693e-01   1.7123848e-01  -1.2073922e-02
   8.3860118e-02  -2.6954959e-01  -2.0048232e-01   0.0000000e+00  -3.1654027e-01   2.3249579e-01  -6.8016490e-02   4.4322661e-01  -9.1502163e-02  -1.3714077e-01   4.3254786e-01  -3.1893987e-01   1.8372137e-01   1.6561008e-01   2.8259311e-01   3.7509785e-01  -2.4578742e-01   4.1137715e-01   3.5047899e-01  -1.1258555e-01   1.1826630e-01   4.2533666e-01   1.3306431e-01  -1.1498210e-01   4.1054903e-01   2.2169670e-01   2.9067383e-01   5.1845586e-02   3.0478990e-01   2.2424308e-01   3.4568713e-01   6.8878686e-01   3.8651811e-01  -3.1551561e-02  -1.5802905e-01  -9.4703988e-02  -1.5633660e-01  -2.8866639e-01   4.2254835e-01  -1.5132650e-01   3.4740136e-01   2.1054213e-01  -3.7486087e-02   3.6007025e-01   2.6925386e-01  -3.7300483e-01   3.9184872e-01  -5.1736618e-02   1.4900570e-01  -3.7234817e-01   4.4387223e-01   3.9859155e-01  -5.2557685e-02   3.2586013e-01   1.0135836e-01   2.3133293e-01   2.4526475e-01   6.1101065e-01   5.9668393e-01   3.7425249e-03  -1.3138361e-01   1.5794288e-01   1.9100002e-01   2.4277859e-01  -1.0106673e-01  -7.3081285e-02   3.0813339e-01   2.7568619e-01   6.6208461e-01  -3.7359561e-01  -3.7627511e-01   6.7925409e-01   3.1808400e-01  -1.5716255e-01   4.1502838e-01   5.9228220e-01  -4.1543292e-01   4.4498963e-01  -3.3903540e-01   5.3824273e-01   1.2578102e-01   3.9775024e-01   9.2156546e-02   3.0624652e-01  -2.1533130e-01   5.5139224e-01   1.2447768e-01  -7.9476776e-04  -6.5843835e-02  -3.2964794e-01  -1.1445761e-01  -1.2684472e-02  -2.2796911e-01   1.5312327e-01  -3.1798074e-01  -1.6064233e-01   5.1830719e-01   4.3885091e-01   2.0835701e-01  -1.8805362e-01  -3.1686803e-01   2.7696930e-02   5.2966480e-01   4.0697301e-01   4.5591786e-01   6.9363922e-01   2.8686020e-01   6.2546984e-01  -1.7625089e-02   3.8675899e-02  -6.8153233e-02   2.5729197e-01   6.7745140e-01   2.2819276e-02  -1.6318063e-01  -2.4400292e-01   2.6855960e-01   1.2346212e-02  -2.1695340e-01   7.5332887e-01   1.7624506e-01  -2.2417349e-01   1.3183760e-01  -2.6620674e-02  -4.6693950e-01  -6.2671535e-02   2.2703964e-01   3.5425635e-01   6.3222409e-01  -4.4007638e-01   2.7601243e-01  -1.5193650e-02   2.6695014e-01   2.2108145e-01   4.4648893e-01   6.4446989e-01   4.4883281e-01   1.6291982e-02   4.1355311e-01   6.7935641e-02   9.4133010e-02  -8.7890946e-02   5.4204656e-01  -2.5134784e-01   2.6928273e-01   4.0993175e-01  -3.0020481e-01   1.5530338e-01  -1.4702645e-01  -7.7204461e-02  -4.3942531e-01   2.9770942e-01   2.2827814e-01   1.1490587e-01  -3.1713278e-01   3.6603005e-02   9.2883885e-02   5.1355541e-01  -6.3305215e-02   2.6667890e-01   3.4169408e-01   6.1621256e-01  -1.5521285e-01   5.9708744e-01   4.1190148e-01  -4.0128025e-01   1.2687657e-01   2.6954285e-01   1.0088620e-01  -1.3015925e-01  -2.3094367e-01  -3.2846026e-01   3.8515917e-01  -5.2208563e-02  -6.8060099e-04  -4.5557843e-02   7.0718600e-01
  -1.6691461e-02   4.4385173e-01   5.6068131e-01  -3.1654027e-01   0.0000000e+00  -2.1133331e-01  -1.6592943e-01  -2.0364314e-01   4.0433923e-01   1.3415849e-01  -1.6550151e-01   4.8096403e-01  -1.2612677e-02  -3.8029301e-01  -3.3068411e-01  -9.0099456e-02   4.7999036e-01  -1.2679960e-01  -5.7909622e-02   7.4856115e-01  -4.4598003e-01  -3.6699236e-02  -4.5814584e-01  -1.4269622e-01  -2.8634229e-01  -1.3675338e-01  -2.6714004e-01  -3.4367936e-01  -9.6125228e-03  -2.7230544e-01  -3.3716393e-01  -3.2659095e-01  -1.3870490e-01  -1.0990842e-01  -1.9686186e-01   5.7032906e-01   1.7726384e-01   1.2832152e-01  -1.3386012e-02   8.9538735e-02   1.7994415e-01  -1.9667330e-01   3.9029144e-01  -1.1642429e-01   6.9078810e-03   3.8753567e-02  -9.1196098e-02  -1.5401382e-01   3.2422105e-01   4.2620678e-01  -2.0741300e-01  -2.2613751e-01   1.8933910e-01  -6.9884699e-02   8.2300091e-03  -1.9476995e-01  -1.3461660e-02  -2.5312976e-01  -3.3953326e-02   1.0432486e-01   6.2406288e-02   2.3948281e-01   4.4242196e-01   8.3899280e-03   1.9619014e-01   3.2331646e-01  -1.4229893e-01   1.7723800e-01  -3.8531317e-01   3.1064727e-02   4.1939954e-01  -1.7980998e-01   1.5523197e-01   3.6543546e-01  -1.9209170e-01  -1.5696026e-01   3.0444999e-01  -4.9411602e-02   6.8153263e-01  -6.9661417e-02  -4.1499444e-01  -8.6163165e-02   2.0268964e-01  -1.0853860e-01   2.7503107e-01  -2.5285463e-01  -1.0075052e-01  -3.4986462e-01   4.3564621e-01  -1.5348726e-01   6.2004646e-01   1.7161731e-01   4.4482694e-01   2.0144010e-01  -1.5006607e-02   7.0638129e-01   6.9083369e-02   6.6057659e-02   5.1902293e-01  -6.3822898e-02   1.3611734e-01  -2.5883833e-01  -3.1419703e-01  -3.4399048e-01  -4.9200063e-01  -2.6013829e-01   6.1535124e-02  -2.3961528e-01  -2.3214587e-01  -2.9730843e-02   1.5946424e-01  -2.4331178e-01  -2.4205797e-01  -8.8285718e-02  -4.3967708e-01   4.3555457e-01  -2.4273691e-01   3.3816305e-01  -1.7086117e-01  -3.0482635e-01  -2.4150746e-01   7.2879425e-01   1.9912315e-01   7.5139454e-03   3.3797787e-02  -1.6538861e-01  -3.1010080e-01   7.7498105e-02  -3.2914954e-01   1.4156188e-01  -1.2925612e-01   4.5352636e-02   1.1608090e-01  -4.3111727e-01   9.4687273e-02  -3.2908287e-01  -1.5592838e-01  -2.8500891e-01  -2.4584256e-01  -8.2188858e-02  -7.9404904e-02   1.4517095e-01  -3.0365829e-01  -1.7197250e-01  -4.9338864e-01  -3.7553169e-01  -3.2519135e-02  -1.9890097e-01   4.3248962e-01  -9.1466247e-02  -5.1933397e-02  -2.3040888e-01  -2.6722615e-01   2.1652358e-01   4.4558558e-01  -7.5477945e-02  -1.1794181e-01   1.3331942e-02   2.0861362e-01  -1.6487112e-01   1.1799175e-01  -3.7294170e-01   2.5841036e-01  -4.3758428e-01   1.7731270e-01   4.8867364e-01   1.9241572e-01  -1.9196821e-01  -1.4853813e-01   4.6228022e-01   5.9686785e-01   8.4930050e-02  -9.6982544e-02  -1.4429004e-01  -4.1142188e-02   2.9332904e-02  -1.2366207e-01
  -2.3933444e-02   2.0919337e-01   9.9729174e-04   2.3249579e-01  -2.1133331e-01   0.0000000e+00   4.2459558e-01   1.4832981e-01  -1.0933688e-01   1.7725171e-01   1.7202335e-01   1.7854450e-01  -1.3146172e-02   2.0909082e-01   2.4900194e-01   3.6534449e-01   1.0968033e-01   9.3936934e-02   4.1982237e-01  -2.4971789e-01   1.8615953e-01   1.3128411e-01   4.8767034e-01   3.2825731e-02   2.1784485e-01   7.3492239e-02   5.4083864e-01   8.4997988e-02   1.0628602e-02   1.2349258e-01   7.2303627e-02   5.9606473e-02   1.0012121e-01   6.2625205e-01   2.2528512e-01  -9.9773945e-03  -2.7390066e-01  -2.1754883e-01   2.6115198e-01   1.9089576e-01   1.1924411e-01   5.4893574e-02  -1.8860820e-02   3.7371613e-01   5.0612332e-02  -2.2271956e-01   3.1473397e-01   1.2971956e-01  -3.8154472e-01  -4.0664307e-01   3.3262597e-01   1.2724778e-01   7.1586007e-02   3.3483115e-02   3.4500594e-02   5.6732412e-01  -3.7988431e-02   1.5317673e-01   9.5935539e-02   2.8297781e-01   9.9547365e-03  -1.6616139e-01  -8.2647507e-02   9.9487655e-02  -3.6668349e-01   3.2405424e-01   7.3113720e-01   1.2178837e-02   3.1283458e-01   2.7041323e-01  -2.1243460e-01   3.6428721e-01  -1.0924803e-01  -1.9051067e-01  -1.0831286e-01  -6.6129939e-02  -4.2162596e-01   9.1528429e-02  -4.4846073e-01   7.6637564e-02   2.3304996e-01   1.2296331e-01   2.5743202e-01   6.1703203e-02  -2.7149005e-02  -2.2420082e-01  -1.2727317e-01   2.4152886e-01  -4.2779680e-01  -9.4413408e-03  -4.6161855e-01   3.5246260e-02  -1.1159849e-01   9.4787035e-02  -2.4705865e-01  -2.6296645e-01   1.3577455e-01   1.3836372e-01  -3.0594183e-03   3.6780434e-02   3.6429386e-02   3.2712774e-01   4.0042205e-02   3.3406670e-01   2.5009851e-01  -2.3374704e-02   2.3930297e-01   4.3669135e-01  -1.8675143e-01   4.8413335e-01   2.0904908e-01   1.5760494e-01   3.7909523e-01   9.6492706e-02   2.7208879e-01  -4.7346434e-01   1.6926572e-01  -1.5214649e-01   2.5251194e-01   2.1471295e-01   1.0117429e-02  -3.6911465e-01  -2.0494020e-01  -2.3558627e-01  -2.5312287e-01   5.2038512e-01   6.3575605e-02  -1.2104205e-01   5.4973349e-02   1.8529731e-01   2.8560856e-02   4.6895850e-02   1.3807081e-01   1.2260060e-01   1.4098913e-01   1.2766656e-01   1.6337754e-01   1.5144171e-01  -2.8644924e-02  -1.4635682e-02   4.0824328e-02  -1.0458780e-01   3.8147388e-01   5.4594066e-01   1.4244834e-01  -6.2214275e-02   2.2306628e-01   3.8991363e-01   2.4099256e-03  -1.9485374e-01   1.0650504e-01   5.1650670e-02   1.5971085e-01  -3.9702708e-02   6.3871968e-02   1.1749418e-01  -1.6431048e-01  -1.9567114e-02  -1.4724242e-01  -4.7420666e-02   5.5220135e-02   3.2959852e-01  -3.7581292e-02   9.4447976e-02   4.6956143e-02  -4.2415472e-01   2.5636603e-02   1.0631109e-01  -1.2175606e-02  -1.9569847e-01  -2.9896366e-01  -2.1373515e-01   2.2639908e-01   7.5291432e-01  -1.0398412e-01  -3.8124215e-02   1.4608787e-01
  -1.3555439e-01   1.5232257e-01  -2.4475363e-01  -6.8016490e-02  -1.6592943e-01   4.2459558e-01   0.0000000e+00  -1.9912924e-01  -6.4865827e-02   4.2950385e-01   2.3932669e-01   4.1832742e-01   6.4560954e-02   2.0675692e-01   4.7143217e-01  -3.3553597e-03   2.1590376e-02   2.8548914e-01  -8.4445122e-02  -2.8252073e-01   5.0006319e-01  -1.8521797e-01   7.4029004e-01  -2.0955520e-02  -9.8194532e-02  -1.3645211e-01   3.3607237e-01   4.9203113e-02  -6.6064539e-02   3.0976808e-01   1.8696351e-01  -1.8037204e-01  -2.9582514e-01   7.9285277e-01   3.9502991e-01   2.2060050e-01  -7.6503023e-02  -1.7530544e-01  -1.0972516e-01   2.6907673e-02   6.4842160e-02  -2.6034123e-01   7.2911321e-02  -5.4036117e-02   3.2832440e-01  -1.6209910e-01   2.6695654e-01   6.1251511e-01  -3.1344608e-01  -4.1562396e-01   4.1282887e-01  -2.0468952e-01   2.1565277e-01  -4.0573045e-01  -1.1216513e-01   2.9181016e-01  -1.3877334e-01  -1.2495332e-01  -2.6158795e-02   4.1462645e-01  -1.6742664e-01   1.1724683e-01  -1.7430869e-01   6.9699752e-02   2.7884163e-02   4.3202225e-01   1.8083739e-01  -1.1874171e-01   9.3379954e-02   1.9682851e-01  -2.9708497e-02   2.1254494e-01  -9.2510313e-02  -4.6772449e-01  -3.9155828e-01  -1.0420402e-01  -1.6509484e-01  -8.6348607e-02  -2.7915506e-01  -3.3380757e-01   5.1956791e-01   1.1213321e-02   1.4395977e-01  -1.7335614e-01  -3.7362984e-01  -1.4741692e-01   3.3433073e-02   1.6675041e-01  -5.5972563e-01  -3.4371536e-02  -3.9098247e-01  -4.2985063e-01  -2.5299882e-01   6.1868283e-02  -1.3879865e-01  -4.2236346e-01  -1.7107838e-01  -1.1417557e-01   3.6559987e-02   4.8552103e-01   1.0728984e-02   5.8182744e-01   1.3016939e-01   1.9757251e-01   2.2065317e-01  -2.1865380e-01  -2.6084101e-01  -5.8064629e-02   9.2606205e-02   4.8407340e-01   4.1503357e-02   6.3445986e-02  -2.8477529e-02  -1.2753657e-01   3.0497039e-01  -3.6345693e-01   6.7765043e-02   1.5452759e-01   1.0091786e-01  -1.3690215e-02  -1.9678824e-01  -4.3667621e-01  -5.6534642e-01   1.7612331e-01  -1.2284118e-01   3.0601194e-01   5.3096512e-01  -4.3770390e-01  -2.3923999e-01   2.3267627e-02   3.3910386e-02   5.4357508e-01  -1.1637811e-01   3.0236482e-01  -6.2524127e-02  -1.7126962e-01  -3.5761969e-01   4.1663688e-01  -9.2800977e-02   2.5054675e-02  -2.4979265e-02  -1.0586364e-01   2.0157275e-01   1.9085352e-01   4.3396769e-01   3.1172960e-01   3.5533800e-01   3.9348159e-01   4.5190721e-02   2.0843207e-01   1.6311121e-01   2.7421818e-01  -1.4770954e-01   1.4932396e-01  -5.9311828e-02   5.3962024e-02  -1.2408960e-01  -9.4230556e-02  -4.5755403e-01   1.3150477e-01  -2.9214705e-02   1.0938990e-01   3.4471027e-01   7.6212259e-02  -3.1601622e-01  -5.3079423e-02   2.1305545e-01  -3.4096681e-01  -1.5739241e-01  -2.4208310e-01  -1.7226463e-01  -1.1813574e-01   3.5222734e-01   3.9809306e-01  -2.0568106e-02  -2.2972554e-01  -2.3635699e-01
   2.8612961e-01  -3.5091401e-01  -2.5513686e-01   4.4322661e-01  -2.0364314e-01   1.4832981e-01  -1.9912924e-01   0.0000000e+00  -5.8923738e-02  -1.7626744e-01   2.4893462e-01  -2.9517515e-01   1.2966213e-01   8.5726115e-02   3.0156574e-03   2.4979035e-01  -2.7129284e-01   2.1662861e-02   3.5785837e-01  -1.2307332e-01   3.8930683e-03   3.2917330e-01  -5.8316495e-03   2.4258131e-01   1.3124880e-01   4.7030451e-01  -1.9536015e-02   2.6287570e-01   1.5581889e-01  -6.9605552e-02   1.7394881e-01   3.3107452e-01   3.0763623e-01  -1.3015221e-01  -2.4332677e-01  -2.2298760e-01  -1.4534786e-01  -2.8224902e-02   1.6615538e-01  -2.3780467e-01   1.1981785e-01   3.6402674e-01  -1.8271655e-01   2.9654556e-01  -9.9691736e-02   1.4014362e-02   1.0354274e-01  -2.8035682e-01  -1.9667759e-02  -1.7075719e-01   1.1633383e-01   5.8072891e-01  -1.3634348e-01   1.8979946e-01   1.8921768e-01   4.9689980e-02   2.6374640e-01   3.5170812e-01   2.1065282e-01  -2.4436719e-01  -5.4047215e-02  -7.2717975e-02   5.6299483e-02   3.4069073e-01  -2.1713378e-01  -1.8859020e-01   1.2109121e-01  -2.7428392e-03   1.9679535e-01  -2.2664426e-01  -3.8984053e-01   2.4493374e-01   1.6844809e-01  -5.6831277e-02   1.1812902e-01   4.4120715e-01  -8.2713216e-02   1.4048385e-01  -2.2563121e-01   1.5975408e-01   1.7865553e-01   1.9754950e-01  -5.6093809e-02   4.8534411e-01  -1.6938170e-01   3.1331492e-01  -1.5382299e-01   2.2374974e-01  -5.5060556e-02   5.0274495e-02  -6.5380775e-02   1.8357190e-02  -1.0684201e-01  -1.4568062e-01   1.0138553e-02  -1.0217204e-01   1.4469096e-01   3.6470547e-01  -9.6276905e-02  -2.2325901e-01  -2.6175993e-01  -8.7757919e-02   4.2309658e-01   1.8749121e-01   7.3839792e-02   3.5175656e-01   1.4270581e-01   3.4225680e-01   3.8255217e-02   6.4870572e-04  -8.6634364e-02   4.7076473e-02   3.8061878e-01   8.6974419e-02  -1.5855745e-02  -2.2049742e-01   1.2644894e-01  -1.0883176e-01  -1.1398596e-02   4.8389279e-01   2.8492566e-01  -7.0416005e-02   7.9017127e-02  -1.4936675e-01  -8.0166674e-02  -2.1963045e-01  -1.0467248e-01   1.8974544e-01   4.9389872e-01  -2.5153481e-01   2.8461487e-01  -2.6027092e-01   1.0027207e-01   5.1190194e-02   2.3037897e-01   5.8436569e-01   2.3596209e-01  -1.1142067e-01   4.7442839e-01   3.0514558e-01   3.3515931e-01  -2.4046827e-03   1.1337069e-01  -4.6323806e-02   5.1225497e-02   1.6416696e-01  -3.0539389e-01   8.9904920e-02  -7.2491971e-02  -2.7023460e-01  -1.9898450e-01   2.9559315e-01   2.6367227e-01   1.0560757e-01  -2.2386839e-01   2.1217484e-01   2.8300872e-01   1.7196759e-01   5.7453357e-02   2.9332486e-01   5.4605898e-02   2.4544713e-01  -2.4890198e-01   1.5537016e-01   8.8676718e-02  -2.3057626e-01  -2.8540896e-01   4.2495180e-01   2.5574397e-01  -5.8119953e-02  -1.9133276e-01  -6.5471765e-03   2.1439046e-02   2.7190824e-02  -5.7671183e-02   1.0044390e-01   4.7568155e-01
  -9.1997506e-03   3.9414157e-01   3.0593226e-01  -9.1502163e-02   4.0433923e-01  -1.0933688e-01  -6.4865827e-02  -5.8923738e-02   0.0000000e+00   4.9330687e-02  -1.6215279e-01   4.2966247e-01   2.7911397e-02  -3.0243718e-01  -1.1770875e-01  -2.2366551e-02   1.7795787e-01  -4.3191291e-02   8.2073011e-02   2.8520677e-01  -4.0144493e-01   1.2152989e-02  -4.1231437e-01  -1.8243291e-01   1.5759526e-01   1.3066430e-01   6.3194970e-02  -3.5109900e-01   2.9159402e-01   7.2352362e-04  -1.4932251e-01  -1.1338879e-01  -2.4547342e-01  -6.8669040e-02   4.1817918e-02   4.0987881e-01   8.6691648e-02  -2.6099882e-02   1.4290629e-01   2.3945914e-01  -3.5331264e-02  -3.5727665e-01   6.7407807e-01   4.5124725e-02   1.7797971e-01  -3.8117423e-02  -1.0261803e-01   4.5548873e-02   1.1220346e-01  -1.1192530e-02  -1.5036299e-01  -1.1820377e-01   4.1975388e-01   9.8911287e-03  -2.7604157e-02  -1.4870818e-01  -3.1292050e-02   3.9841333e-02  -6.0432844e-02   1.8818088e-01  -4.3208742e-02   1.6205092e-01   4.9462442e-01   3.1928725e-01   5.6626874e-01   3.1516825e-01  -1.9917011e-02   6.7981066e-01  -1.6905076e-01  -1.3556119e-01   5.5803307e-01   1.3965067e-01   1.5963589e-01   4.3288252e-02  -8.1641297e-02  -5.1062788e-02  -8.5679702e-02   8.0210596e-02   5.1104007e-01  -4.9429931e-02  -4.5569701e-01   6.4555493e-02  -1.9648014e-02  -4.5398332e-02   8.4495955e-02  -1.5293553e-01   5.3612600e-01  -4.3349017e-01   3.6218230e-01  -1.4847887e-01   4.1339806e-01  -3.9405627e-02   2.8357057e-01   4.7286930e-01  -1.1234555e-01   3.9262452e-01   1.1548411e-01   1.9974709e-01   5.2573745e-01   2.1740548e-01  -6.6401370e-02   4.5330620e-02  -2.2766946e-01   5.6589614e-02  -2.4567755e-01  -1.6081788e-02   8.8334819e-03   1.0315178e-01  -1.5592383e-01  -1.7273567e-01   6.1582194e-02  -2.3131323e-01   1.6448664e-01  -5.9777466e-02  -5.0611396e-01   5.0085007e-01  -6.3239735e-02   1.7340028e-01  -4.1624803e-01  -1.2153967e-01  -2.6026616e-01   4.0927285e-01   2.3296495e-01   3.6627251e-01  -4.7942649e-02   1.5068050e-02  -2.2302858e-01   7.7087745e-02  -1.1598152e-01  -1.6262450e-01  -1.4454677e-01   1.7361897e-01   4.3467054e-02  -2.4361954e-01   3.6170816e-01  -1.6352550e-01  -9.5515820e-02  -4.8312960e-01  -1.7029496e-01  -1.0790822e-01  -4.6574453e-02   1.1665680e-01  -1.3497439e-01  -3.0637843e-01  -3.6375296e-01  -3.0959233e-02  -6.6575575e-02  -2.4987595e-01   4.5399882e-01   2.0869776e-01  -3.1742364e-01  -1.9920372e-01  -1.6303626e-01   1.8658699e-01   1.5260599e-01   2.2392680e-03  -1.8960383e-01   1.7891887e-02  -1.6957660e-01  -3.0999056e-01   3.6781751e-01  -1.3238991e-01   2.5154570e-01  -1.2648061e-01   3.1267230e-01   2.1352825e-01   2.6577146e-01   4.0128887e-02  -1.4705924e-01   2.2885740e-01   5.7387305e-01  -9.1306811e-02   2.6498458e-01  -2.4617012e-01  -3.4511027e-01  -1.8488475e-01   6.8512169e-02
  -1.3745759e-01   1.4374216e-01   9.2738927e-02  -1.3714077e-01   1.3415849e-01   1.7725171e-01   4.2950385e-01  -1.7626744e-01   4.9330687e-02   0.0000000e+00  -9.7070095e-02   3.6985990e-01   1.1607619e-01  -1.9187897e-01   2.8822398e-01  -2.9828249e-04   2.0681085e-01  -7.5809224e-02  -1.1077031e-01   1.9272279e-01  -1.9160607e-02  -5.1712932e-03   1.9293172e-01  -2.4606853e-01  -1.4896411e-01  -8.3780982e-02   1.3902005e-01  -3.3266314e-01   8.1049761e-02   5.6041372e-02   3.7443472e-02  -1.9870497e-01  -2.1704601e-01   3.4215645e-01   2.1763574e-01   3.4392368e-01  -7.7785911e-02  -1.4193162e-01  -1.2673718e-01   1.7756488e-01   1.1297919e-01  -1.5481356e-01   2.1621357e-01  -1.0483927e-01   1.5496234e-01  -1.0469057e-01   9.9566786e-03   1.2670428e-01  -2.2020970e-01  -2.2574144e-03   8.6031572e-02  -1.6401633e-01   2.4491449e-01  -6.7521369e-02  -6.5752127e-02  -1.1216871e-01   5.9757812e-03  -4.0893221e-04  -8.6716295e-02   3.0550232e-01  -7.1222419e-02   9.0783190e-02   9.1150730e-02   5.2223159e-02   3.3868827e-02   3.3947204e-01   1.4281583e-01  -1.9966587e-02  -1.1913709e-01   1.7164003e-01   2.5309175e-01   1.0311377e-02  -7.6137907e-02  -5.7454645e-02  -2.5448501e-04  -7.3507679e-02  -3.7687173e-02  -1.8323109e-01  -4.8355273e-02  -1.7996185e-01  -4.7600688e-02  -6.5358932e-02   1.5587259e-01  -1.4702823e-01  -3.9962377e-02  -2.0587445e-01   8.7332814e-02  -1.8064856e-01  -1.7705918e-01  -1.5631218e-01  -4.0750239e-02  -8.8987912e-02   1.7003181e-01   1.2039700e-01  -7.9416907e-02  -2.0339590e-02  -6.3702225e-02  -3.6541860e-02   6.7394183e-02   3.6122883e-01   1.0957670e-01   1.5176112e-01  -1.1086637e-01   9.1532181e-03  -7.6492310e-02  -8.6756633e-02  -6.3936743e-02  -1.0689807e-01   1.3029962e-01   1.6957831e-01   2.9409495e-01  -1.4892105e-01  -1.1268467e-01  -9.5108373e-02  -2.2729905e-01  -2.9527326e-03  -2.0164454e-01   2.7716815e-01  -7.2557405e-02  -7.1585444e-02  -1.2403971e-01  -1.7336349e-01  -9.9334036e-02   1.4152481e-02  -2.7448328e-02   1.1156860e-01   1.1759845e-02  -2.2863608e-01  -6.0261035e-02   7.0985427e-02   1.1372801e-01   2.7151824e-01  -8.8947704e-02   2.6835712e-02   1.9472278e-01  -8.6210785e-02  -2.2051597e-01  -2.6514904e-03  -6.0591467e-02   1.7709938e-02  -1.6822725e-01   2.6653886e-02  -1.1755559e-01  -8.6735499e-03  -5.2484445e-03  -7.1804623e-02   3.1433154e-01   4.8640937e-02  -7.8867378e-02   2.7225434e-01   1.5466295e-01  -7.8667704e-02  -9.4017439e-02  -4.3006710e-02   1.5682206e-01   7.3652951e-04  -9.2499290e-02  -5.2077864e-02  -9.1391401e-02  -2.2250192e-01  -8.1285828e-02  -1.0009521e-01   2.9042447e-01  -1.0975958e-01  -8.0884784e-02   1.7123374e-01  -1.3867589e-02  -3.6348007e-01  -1.0862315e-01   1.5274368e-01  -9.7309927e-02  -5.6866436e-02   3.8376818e-02   1.1828801e-01  -7.2479786e-02   5.5401495e-02  -4.2490554e-02
  -3.8190601e-02  -2.9918156e-01  -2.6806439e-01   4.3254786e-01  -1.6550151e-01   1.7202335e-01   2.3932669e-01   2.4893462e-01  -1.6215279e-01  -9.7070095e-02   0.0000000e+00  -3.5160444e-02   4.9594278e-02  -2.3014794e-02   4.4492016e-01   2.3670437e-01  -9.5267689e-02   7.5987549e-01   2.3073154e-01  -1.3697574e-01   3.0937674e-01  -4.9324551e-02   3.2647032e-01   6.5453802e-02   5.7102850e-02  -2.4803524e-03   2.0860957e-01   2.1191160e-01   8.6108687e-02   2.4429752e-01   3.8471235e-01   3.9901712e-01   1.0717618e-01   2.6034272e-01  -6.9135569e-02   1.9646823e-01  -3.4103050e-01  -2.8977697e-01   1.5632119e-01  -2.3749395e-01   4.0575818e-01   1.3401414e-01  -1.6024884e-01   1.5342010e-01   4.1724786e-01  -1.5587859e-01   7.4525020e-01   1.5513284e-01  -4.5954076e-02  -2.9398212e-01   7.3611568e-01   3.1569334e-01   3.4091622e-02   1.6201277e-02   1.4301636e-02   1.6167312e-01   1.2932129e-01   1.2145229e-01   5.7998236e-01   1.9614746e-01  -1.3724364e-01   2.1353287e-01   3.5797398e-02   4.6216370e-01   8.6917238e-02   2.6405730e-01   5.4860680e-02  -8.9800162e-02   4.9702273e-01  -1.6037398e-01  -3.9537416e-01   4.3196317e-01   3.6358007e-01  -3.3108519e-01  -9.6433521e-02   3.8837621e-01  -1.6765145e-01   4.6975066e-02  -1.6294187e-01   8.4721562e-02   3.7845396e-01   4.5336166e-01   1.1683556e-01   8.7472855e-03  -5.1067614e-01   3.6776243e-01  -1.3397841e-01   1.2236196e-01  -4.7511823e-01  -2.1153138e-01  -1.7710518e-01  -2.4513293e-01  -4.1626571e-01  -1.6773045e-02  -1.9220043e-01  -3.4627600e-01   9.0222415e-02   1.4055852e-01   2.4356575e-01  -1.6086252e-01  -3.8521007e-01   4.8819176e-01   3.9610857e-01   1.1138802e-01   4.1534351e-01   2.2435868e-01  -6.4506526e-02   2.2889817e-01   2.9631408e-02   4.9281452e-01  -1.9137039e-01   1.3156700e-01   1.2497494e-01  -1.1088519e-01   2.5414565e-03  -4.2660627e-01   1.6135146e-01   2.1515372e-01  -3.2387395e-02   4.5136775e-01   8.2295983e-02  -1.8660960e-01  -3.3455484e-01   3.4968677e-01  -1.5910626e-01  -1.3602790e-01   4.9780901e-01  -1.4103064e-02   2.1945707e-01  -2.8520396e-01   4.5582142e-01   3.6843843e-01  -1.1255297e-01   1.9051559e-01   1.5405638e-01   2.6510775e-01  -4.4149524e-02   1.7097402e-01   3.5297712e-01   3.1403186e-02   1.1209271e-01  -2.1306162e-01   5.2055524e-01  -1.4919709e-01   5.3075601e-01   5.4092455e-01  -2.2895293e-01   5.4013209e-01   8.6457196e-02   6.4177182e-02  -6.5287344e-02   2.1736548e-01   1.8650389e-01   5.5469225e-01  -2.8816641e-01   1.1575480e-01   1.5668209e-01   5.4188719e-01  -1.1317054e-01   3.4734853e-01   1.4516800e-01   5.8450470e-01   2.5034041e-01   5.5575001e-01  -7.8084293e-02  -9.4886356e-02   3.5247987e-01   6.0331241e-02   3.5066676e-02  -2.5209570e-01  -4.2454897e-02  -2.9134920e-01   4.8048805e-01   1.0835044e-01   1.6431791e-01  -1.2792978e-01   1.5246875e-01
  -1.8643380e-01   4.9767369e-01   3.9612005e-01  -3.1893987e-01   4.8096403e-01   1.7854450e-01   4.1832742e-01  -2.9517515e-01   4.2966247e-01   3.6985990e-01  -3.5160444e-02   0.0000000e+00  -4.6244967e-02  -2.5988325e-01   7.4917261e-02   6.5909042e-02   4.1275116e-01  -8.6800831e-03  -2.9332966e-02   3.5439253e-01  -1.6324685e-01  -2.5633885e-01  -1.8694886e-02  -2.7643208e-01  -7.1719548e-02  -1.9520113e-01   1.8690046e-01  -3.0512981e-01   6.6146525e-02  -5.3990477e-02  -2.9307791e-01  -3.5904583e-01  -3.1481228e-01   4.2985367e-01   1.3832587e-01   5.9968244e-01   7.0319010e-02  -2.4979090e-01   2.4260489e-02   4.4483431e-01   9.4973353e-02  -3.5968588e-01   5.4818038e-01  -1.0414249e-01   2.3366323e-01  -1.5840388e-01  -7.7131394e-03   1.8749499e-01  -1.9307002e-01   2.1757148e-01   4.8865629e-02  -3.4982468e-01   4.8835468e-01  -3.3415372e-01  -2.1390244e-01  -9.6160772e-02  -1.0565711e-01  -2.9186765e-01  -6.3321822e-03   4.1525188e-01  -2.5875673e-01   1.5201528e-01   2.2421287e-01   1.0064195e-02   2.9625949e-01   6.1148112e-01   4.7071080e-02   1.6369327e-01  -2.6723005e-01   1.6360553e-01   4.5879215e-01  -6.1056567e-02   1.0905303e-01   1.2632659e-01  -2.5128587e-01  -2.7407165e-01  -7.1330750e-02  -2.1022029e-01   4.6515983e-01  -3.2705522e-01  -1.5896037e-01   1.0926219e-01   1.8361413e-01  -2.7113910e-01  -9.3766053e-03  -4.3403486e-01  -2.3819532e-02  -3.4770739e-01   9.1940845e-02  -2.3695699e-01   1.9439346e-01  -1.7346432e-01   3.1570116e-01   2.9225766e-01  -2.9141445e-01   3.1962256e-01  -2.0110060e-01  -1.4002530e-02   4.2713320e-01   4.3053733e-01   3.0817968e-02   2.1756976e-01  -2.7129818e-01  -9.1375262e-02  -3.2239137e-01  -4.0900950e-01  -1.9073308e-01  -1.7724147e-01  -2.1380729e-01   2.5684189e-01   1.9456241e-01  -2.1242903e-01  -2.5021958e-01  -2.1199696e-01  -2.5668314e-01   2.1498233e-01  -2.9843002e-01   2.8523167e-01  -9.2137934e-02  -2.7246176e-01  -4.4772082e-01   3.9502896e-01  -4.9440913e-02   2.5173514e-01  -1.6353824e-01   1.1160293e-01   1.2727358e-02  -1.9839118e-01  -4.0136239e-01   1.3514652e-01   8.4543723e-02   3.6512574e-01  -9.1988592e-02  -2.2537996e-01   1.0010104e-01  -4.0382850e-01  -3.9188623e-01  -1.8469952e-01  -2.5593175e-01  -1.5146835e-01  -1.7543424e-01   7.5342124e-02  -1.5650363e-01   3.3087031e-02  -5.2827315e-02  -1.9635134e-01   2.5007756e-01   3.4361605e-02   5.6244425e-01   8.9610234e-02  -8.6844516e-02  -1.9446014e-01  -2.5079637e-01   3.1131037e-01   4.3263020e-01  -8.8702235e-02  -2.5826083e-01  -1.2902590e-02  -2.5265013e-01  -2.7288844e-01   8.3438679e-02  -2.6915042e-01   4.3118700e-01  -3.1281524e-01  -1.6838048e-01   4.4957503e-01   3.4708072e-01  -1.9615983e-01  -2.5559290e-01   2.3650236e-01   5.0953463e-01  -2.7864997e-01   7.0136961e-02   2.2034471e-01  -4.4534592e-02  -2.6165020e-01  -3.0068745e-01
   9.0675459e-02  -1.5308880e-01  -2.0108147e-01   1.8372137e-01  -1.2612677e-02  -1.3146172e-02   6.4560954e-02   1.2966213e-01   2.7911397e-02   1.1607619e-01   4.9594278e-02  -4.6244967e-02   0.0000000e+00  -3.0606030e-03   6.0127297e-03  -7.6709649e-02  -2.2658647e-01   9.5125855e-02   7.0342708e-02   8.2383621e-02   3.5848759e-02   1.2179330e-01   7.5426388e-02   6.8022799e-02   3.7383243e-02   8.8118768e-02   9.3952588e-02  -6.2376436e-02   7.0695668e-02   1.3412496e-01  -9.0081469e-02   8.0095012e-02  -2.5921315e-02  -2.6151158e-02   2.1059111e-01   1.5638971e-01   1.1602967e-01  -2.2272929e-01  -1.2102079e-01  -1.4883494e-01   4.6461153e-01  -4.9513762e-02   1.0551720e-01   1.1807970e-01   1.6722672e-01  -3.0146990e-01   2.4575388e-01  -1.4852258e-01   1.3981029e-01  -2.6474912e-01   2.1224430e-01   2.2339771e-01  -1.6005397e-01   7.4784748e-02  -7.8239557e-02   4.2075885e-03  -7.7953139e-02   1.7573321e-01   5.2041299e-02   1.2900876e-01  -3.3312431e-01   2.0670013e-01   7.3583633e-02  -3.2020485e-02  -1.6203692e-02   1.0092618e-01  -8.0452412e-02   1.4819125e-01   5.8041111e-02  -2.5409977e-01  -2.5017569e-01   3.3082483e-01   2.3974471e-01  -6.4225116e-02   1.6856691e-01   1.2188446e-01  -3.0154895e-01  -3.1289210e-02  -5.9055255e-02   6.5586264e-02   9.4890254e-02   1.4771299e-01  -1.6912007e-01   1.4950800e-01  -1.8720660e-01   3.5620266e-02   4.3253384e-02   5.3939193e-03  -1.4567231e-02  -4.6283819e-02   9.0586636e-02  -2.6129649e-01  -1.2231223e-01   2.0907041e-01  -3.0882271e-01   3.7854861e-03   3.4714881e-01   9.1521584e-02   1.6407112e-01  -2.0053539e-02  -3.0731246e-01   9.4917975e-02   2.1849326e-01   1.4533787e-01   2.1196739e-01   1.2964833e-01  -6.0948542e-02   5.2660424e-02   2.2002244e-01  -7.9021445e-03  -1.9646407e-01   1.5146019e-01   1.9685857e-01  -1.0886235e-01  -1.7773956e-01  -3.2560079e-02   1.8634921e-02   4.3510124e-01  -2.2953187e-01   2.2232784e-01  -1.4946250e-01  -7.5788525e-02  -4.8464276e-02   1.7337625e-02  -1.3597917e-01   9.5566068e-03   3.1677777e-02   1.0134794e-01   2.2216194e-01  -2.9051463e-01   3.0439750e-01  -7.5479025e-02  -9.1006392e-02  -4.9420386e-02   1.9781731e-01   1.2727938e-01   1.5210892e-01  -1.2533921e-01   6.7853544e-02   1.1575338e-01   8.4951109e-02   4.6143169e-01   3.0666706e-02  -2.5521353e-01   2.5809463e-02   9.8652850e-02  -3.1818320e-01   2.3499925e-01  -8.7234463e-04  -2.0901593e-01  -2.3621888e-01   1.4114528e-01  -8.5485669e-03   6.5954644e-02  -2.6865397e-01   1.4550609e-02  -2.3044281e-01   4.4352045e-02  -3.1641931e-01   1.8980611e-01   2.9694933e-01   2.1932942e-02   1.4601489e-02   1.8339020e-01   5.5767251e-02  -6.1275030e-02   1.0261701e-01   7.8910632e-02  -1.0139612e-01  -1.4287582e-01   3.1917108e-02  -2.5629455e-01   1.0813347e-01  -1.3833101e-01  -7.0769365e-02   1.3864028e-03   1.3055976e-01
  -6.4879401e-02   1.2052787e-01  -3.1983411e-01   1.6561008e-01  -3.8029301e-01   2.0909082e-01   2.0675692e-01   8.5726115e-02  -3.0243718e-01  -1.9187897e-01  -2.3014794e-02  -2.5988325e-01  -3.0606030e-03   0.0000000e+00   1.8664599e-01   1.3224998e-01  -2.4401021e-01  -1.6926258e-02  -3.7683181e-02  -4.8210475e-01   5.5113053e-01  -8.9243054e-02   3.9674818e-01   7.1003966e-02   1.8927518e-01   5.2899442e-02   2.2034300e-01   2.7104237e-01  -1.1234920e-01   1.7213827e-01   4.4387123e-01  -2.9953571e-02   2.2221082e-01   1.7693438e-01   1.5278742e-01  -2.9846523e-01   1.4283297e-01  -3.1541876e-02   2.5256679e-01  -5.9887910e-02  -4.6678027e-02   1.9097475e-01  -3.1701443e-01   1.2121353e-01  -5.1438377e-02  -2.4464099e-01   7.2250388e-02   3.5376003e-01   1.3859841e-01  -2.7349974e-01  -8.8920775e-03   1.9589912e-02  -1.0770253e-01  -8.2563151e-02   3.3342657e-01   3.9671095e-01  -3.3178240e-01  -9.2297528e-02  -7.8425557e-02  -1.8802757e-01  -9.5125580e-02   3.9024315e-02  -2.0269626e-01   6.7024455e-02  -1.2716681e-01  -2.2598962e-01   3.2260849e-01  -6.6867355e-02   1.7568206e-01   1.6968240e-02  -1.6180821e-01   6.3052982e-02   1.0128365e-01  -2.2060190e-01   1.4637416e-02   2.8823005e-02  -2.0264502e-01   4.0617115e-02  -3.0391069e-01   1.4806206e-01   4.5302488e-01   6.0015649e-02   2.1947127e-01   7.4995059e-02   1.8127757e-01   2.7740424e-02   2.2604608e-01   4.9109138e-01  -1.9763015e-01  -1.4057365e-03  -1.4603964e-01  -7.2909821e-02  -2.0425711e-01  -2.2676773e-01  -1.1328425e-01  -3.5276386e-01  -5.9484356e-03  -1.5433114e-01  -2.6371771e-01   1.0346370e-02   3.7515226e-01   5.4273986e-02   3.3053084e-01   2.9400275e-01   2.3961241e-02  -4.4757213e-02   8.3418267e-02   3.9635007e-02   2.8991006e-01   1.1170402e-01   1.7646371e-02   9.3019578e-02   2.6466193e-01   8.6160785e-02   5.1612995e-01  -1.4004157e-01   1.7039694e-01  -1.6591750e-02   4.2497693e-01   5.3077246e-02  -2.9927683e-02  -3.9010570e-01  -1.8680718e-01   1.6554552e-02  -2.6279481e-01   2.2999935e-01   2.2425617e-01  -1.0174930e-01  -2.7478412e-02   8.7646458e-02   6.9800154e-02   9.4038097e-02   3.1595005e-01   5.3174810e-01  -2.7134775e-01  -1.9855441e-03   2.1502847e-01   6.4927306e-01  -4.1733364e-02  -8.4472644e-02  -1.2999915e-01  -2.1910897e-01   4.6331158e-02   2.3404971e-01   3.1431464e-01   3.0062067e-01   1.6328502e-01   4.9595224e-02  -2.5337324e-01   7.0768698e-02   3.8363272e-02   4.7413541e-01   2.2255679e-02  -5.9146817e-03   1.8636687e-02  -1.9191085e-01  -1.2735598e-01  -9.1154221e-02  -1.3882666e-01   2.9441594e-01  -1.9937524e-01   1.7688791e-01  -8.3815645e-02   5.0130474e-02  -2.2050357e-01  -3.3409933e-01  -9.8653710e-02  -1.1996523e-01  -4.9232297e-02  -1.2516774e-01  -2.7486556e-01   1.0118337e-01   1.3731392e-01   1.8484307e-01   8.4012762e-03  -1.0800923e-01  -7.8315151e-02
