   0.0000000e+00  -6.2150505e-02  -1.0139782e-01   6.9131370e-02   6.4424789e-02  -2.1429657e-01  -4.5270207e-01   5.5928218e-01   6.0630796e-02  -3.9991296e-01  -2.1913928e-01  -2.5899569e-01  -2.1363439e-01   2.8092334e-01  -2.8974074e-01  -6.8649675e-01   2.0422771e-01  -2.5927679e-01   4.5984134e-01  -3.4430618e-01  -1.7483145e-01   2.1140829e-01  -3.0193562e-01   8.8875435e-01   1.2844841e-01   4.2739593e-01  -2.1452553e-01   2.7446261e-01   1.0548796e-01  -1.8689170e-01  -3.2097389e-01   3.6198913e-01  -3.3773996e-01  -4.1229049e-01  -5.2749378e-01  -5.1124193e-01  -2.2548300e-01  -1.8935281e-01  -5.6129718e-01  -1.6251272e-01  -2.6874401e-01  -1.1208293e-01  -6.0087705e-02   6.9885214e-02  -2.9448710e-01   7.0029018e-01  -4.5550339e-01  -3.1420642e-01  -1.0422735e-01  -6.9624667e-02  -2.3913676e-01   6.1750252e-01  -9.2080337e-02   2.0044767e-04   1.7384362e-01  -2.0300470e-01   2.6542908e-01   6.1096366e-01  -1.2728789e-01  -2.6643826e-01   2.6590826e-02  -2.0689389e-01  -1.8063206e-01  -7.9281927e-02  -1.5943361e-01  -3.0400410e-01  -3.3995932e-03  -9.9546458e-03  -3.2740173e-01   3.5447227e-01  -1.8943862e-01  -8.1048682e-02  -3.5798184e-01   7.0437909e-01   1.4351185e-01   7.5863193e-01   3.1446613e-01   3.3601958e-01  -3.3845191e-01  -1.9269963e-01   1.5519873e-01  -5.1760524e-01  -1.3095461e-01   6.2450082e-01   5.5845740e-01   7.8702662e-01  -3.5667768e-01   6.8316621e-01   2.6023914e-02   9.5615805e-01   1.3182596e-01   3.2518358e-01  -1.6348734e-01   1.9375771e-02   1.8229284e-01   4.4073004e-02  -1.8878692e-01   3.1372459e-01  -2.5525293e-01  -4.1978361e-01   1.9711978e-01  -2.8474488e-01   3.7683447e-02  -2.7867971e-01   1.8077109e-01   5.5716531e-01   2.8151956e-02   7.8816216e-03  -2.2194805e-01  -1.9551570e-01  -3.7810691e-01  -6.8552310e-02  -2.9385755e-03   9.1471395e-01   2.0364567e-01  -2.7871592e-02   3.1364623e-01  -3.3717430e-01  -8.7935679e-02   1.1906815e-01   8.7638255e-01   6.5074419e-03  -1.8849309e-01  -1.4406837e-01   6.5064801e-01   7.3006342e-01  -3.1266716e-01  -7.1803636e-02   6.5137454e-01  -6.1300142e-02  -4.5914788e-01  -3.1013326e-01   2.9628602e-01  -5.2672055e-02   1.5067409e-01   6.4695682e-01  -1.8526542e-01  -3.5683381e-02   6.3440765e-01   9.3366241e-01   9.1866691e-01  -1.9343250e-01  -1.6568861e-01  -1.8754272e-01  -3.3651256e-01   5.4253987e-02  -2.8918932e-01  -1.5312085e-01  -1.8282219e-01  -1.7934394e-01   7.4448937e-01   3.1306889e-01   8.4081241e-01   5.8597568e-02  -7.9501160e-02   8.8961388e-01   8.9411937e-01  -2.3071534e-01   3.0895819e-01   2.3672983e-01   9.8996436e-02  -8.8173077e-02  -1.4688731e-01   1.0253254e-01   4.2176440e-01  -2.5828375e-01  -1.6042958e-01   1.7487872e-01   8.1142226e-01   2.9428810e-02  -2.7158731e-01  -1.7633812e-01  -2.2816068e-01  -3.2712244e-01   2.0541653e-01  -2.5209494e-01   3.9180614e-01
  -6.2150505e-02   0.0000000e+00   4.0136336e-01  -2.3781686e-01   6.5341437e-01  -7.0880242e-02  -5.4017953e-02  -1.6839008e-01   2.0087765e-01  -4.7145574e-02  -1.7422700e-01   5.3447232e-01  -8.6900398e-02  -4.3916652e-01  -6.1764712e-01  -1.3812638e-01   6.3656243e-01  -4.3957095e-01   8.8405498e-02   4.5827508e-01  -5.1292344e-01  -4.0522003e-01  -4.1429083e-01   5.1125036e-02  -9.8850858e-02  -1.5785863e-01   2.5752765e-01  -3.7332995e-01   2.2393113e-01  -3.9241614e-01  -3.1976469e-01  -3.0945600e-01   1.0638401e-01   1.3920846e-01   4.1843300e-01  -9.5801400e-02   7.2549360e-03  -4.2913640e-02  -4.4695812e-03   6.8920613e-01   1.4900038e-03   3.0503899e-02   5.5350625e-01  -4.0494802e-01   2.6406441e-01  -2.6529214e-02  -3.5008838e-01  -9.3723056e-02   6.1439182e-02   6.4135803e-01  -4.8015618e-01  -1.6463321e-01   7.1457065e-01   1.1138533e-01  -6.6975304e-02  -4.6191231e-01  -3.0201523e-01  -3.4198239e-01  -2.8927535e-01  -9.2890568e-02   5.8121629e-02  -1.7940106e-01   6.5148294e-01  -3.7236536e-02   2.8360910e-01   1.8174726e-01   5.8418108e-02  -9.5609268e-02  -4.0928348e-01   4.3705252e-02   4.6237458e-01  -4.2956273e-01   5.7401277e-02  -1.8008118e-01   7.7258158e-03  -1.6605512e-01  -4.0718067e-02  -1.9438908e-01   5.5791966e-01  -1.4892551e-01  -5.9020355e-01  -3.4557011e-02   2.1404095e-01  -2.2078536e-01   8.6035258e-02  -1.7142295e-01  -1.0754788e-01  -2.0651964e-01   4.7534439e-01  -2.7893100e-02   6.5872798e-01  -1.1398128e-03   5.7033923e-01   1.0129485e-01  -1.4622997e-02   6.3273970e-01  -4.3684519e-02  -2.0253786e-01   2.4979906e-01  -3.0736150e-01  -1.5192534e-01  -3.5916500e-01  -5.1450726e-01   1.3115169e-01  -4.7451861e-01  -2.2060619e-01   3.0515149e-01  -4.2422177e-01  -1.8587402e-01  -5.0729030e-02   1.8458915e-01  -5.0233737e-01   1.3564195e-01  -2.7985665e-02  -3.8878946e-01   6.4562718e-01  -1.7044102e-01   9.5880842e-02  -2.9873264e-01  -2.9849629e-01   5.3978186e-03   7.4000325e-01   2.9662123e-01  -2.7829115e-02  -3.3359537e-02  -3.4212102e-01  -2.5331322e-01   1.1100894e-01  -2.1692636e-01   3.7035713e-01  -2.9508227e-02  -1.1432597e-01   1.3532702e-01  -3.3604181e-02  -1.9444271e-02  -2.5328036e-01   6.0549049e-03  -5.1418595e-01  -3.2293981e-01   1.1982636e-02   5.4001705e-02  -6.6703423e-02  -4.2713360e-01  -2.3961119e-01  -4.5396190e-01  -5.0732281e-01   3.7851475e-01   7.6543001e-02  -2.6596397e-02  -2.5649452e-01  -1.7834669e-01  -3.9142680e-01  -5.8384198e-02   5.3959653e-01   7.6824822e-01  -2.9885613e-02  -5.3467753e-02  -2.3781876e-01   2.3633718e-01  -5.0119454e-01  -7.1254340e-02  -4.0477150e-01  -6.3149543e-02  -5.6757546e-01  -4.1421982e-01   7.4905160e-01   4.2471287e-01  -1.9528852e-01  -2.9438767e-02   7.0508275e-01   7.3740789e-01   1.6570873e-01  -3.2600158e-01   3.6787530e-01  -6.4487774e-02   1.6454324e-01  -3.9705700e-01
  -1.0139782e-01   4.0136336e-01   0.0000000e+00  -2.1952002e-02   1.2143207e-01   2.1511936e-01  -7.3701157e-03  -2.0599172e-01   3.5247913e-02  -1.3651131e-01  -4.4964430e-01   5.8304823e-01   2.4225158e-02  -9.6920517e-02  -1.0801447e-01  -4.3496292e-02   7.5286776e-01  -4.2875472e-01   2.0565206e-01   1.1041024e-01  -4.0364165e-01  -6.7872101e-02  -7.7797456e-02  -1.8436630e-01  -4.2252631e-02  -4.5809083e-02   9.5746091e-02  -1.1015174e-01   4.0784757e-01  -3.9644899e-01  -1.1361176e-01  -2.3705079e-01   1.7018544e-01  -2.5287415e-02   2.3391979e-01  -3.6710806e-01   1.9883192e-02   1.0399551e-01  -2.2158814e-02   6.3967307e-01  -1.3608757e-01   4.1461593e-01   1.0191297e-01  -2.9387397e-01  -2.1108043e-01   7.8704931e-02  -3.8022254e-01  -1.3575928e-01  -1.1848005e-01   6.2893986e-01  -3.9803346e-01  -2.2310867e-01   9.2227874e-02   4.3449342e-01   1.1339193e-01  -1.2140874e-01  -4.5122808e-02  -5.7656275e-02  -4.6868418e-01  -1.8607530e-02   4.1054794e-01  -1.1044367e-01   4.5813222e-01  -2.8837627e-01  -3.3099314e-01  -2.0747384e-01   1.7222195e-01  -8.7615468e-02  -4.6180051e-01   5.8791462e-01   3.8192036e-01  -2.2628128e-01  -9.0014518e-02   1.5576761e-01   2.2595714e-01  -2.5993917e-02   2.0158215e-01  -3.3607657e-02  -4.0852990e-02  -5.2146177e-02  -1.7989430e-01  -1.1810256e-01   2.1998305e-01  -6.3696868e-02   4.4961303e-01  -1.7226119e-01   3.2125553e-02  -2.2269389e-01   2.4194371e-01  -1.0169629e-01   6.9098832e-02   4.8031758e-01   4.9975587e-01   9.5925916e-02   2.3482382e-01   3.4873073e-01  -4.5119436e-02  -5.8479708e-02   1.4904159e-01  -2.3089090e-01   2.5920171e-01  -4.4986649e-01  -1.4792755e-01  -1.4753564e-02  -3.5477270e-01   1.1376998e-02   4.7531155e-01  -3.2153090e-01  -2.6084647e-01  -2.6283718e-01   2.7598220e-01  -2.6858680e-01   1.6350380e-01  -1.3699684e-02   1.1817114e-01   1.0273260e-02  -1.4176449e-01  -1.7189021e-02   2.3283569e-01  -1.5307033e-01  -1.5942573e-01   3.6430691e-01   3.3172594e-01  -3.6895172e-01   7.1206988e-02  -2.6877219e-02  -3.3296132e-01   1.2554890e-01   3.4339783e-03   7.5682100e-01  -8.0614642e-02  -4.6469636e-01   3.2365022e-01  -1.3826148e-01   3.9380872e-02  -2.5291964e-01   1.4948150e-01  -1.1372002e-01  -2.7767760e-01  -7.6956118e-02  -4.8426721e-02  -1.3855591e-01  -5.7273828e-01   3.6292843e-01  -2.1689495e-01  -2.7053897e-01   5.9146394e-01  -2.7503833e-01  -2.9939214e-01  -5.0047624e-01   7.2545768e-02  -7.9838071e-02   3.6170983e-02  -5.7270777e-02   6.5856492e-01  -2.0996678e-01  -2.9702431e-02  -3.8771720e-01   5.6130268e-01  -2.4994039e-01   2.5299757e-02  -5.3666457e-01  -3.8846041e-01  -3.8571443e-01  -7.5751815e-02   2.4869357e-01   3.6690119e-02   2.1307705e-02   7.4417834e-02   1.7512868e-01   4.1028307e-01   1.4179195e-01  -3.8436717e-01   3.5017854e-01   2.2606660e-01   2.1220495e-01   1.1180676e-02
   6.9131370e-02  -2.3781686e-01  -2.1952002e-02   0.0000000e+00  -7.5202119e-02   1.9967051e-01  -6.5111902e-04   2.6007665e-01   1.8714814e-01  -2.7084632e-02   3.0431845e-02  -1.4240304e-01  -2.9867161e-01   1.0222094e-01   5.5842179e-02   1.0942380e-01  -2.0872391e-01   2.9203468e-01  -3.9630939e-02  -1.8903098e-01  -2.3976740e-02   2.2722539e-01  -4.7947897e-02  -1.6730859e-02  -5.6969593e-02   3.5030841e-01   7.1461336e-03   3.5217273e-03  -6.8267142e-02   2.3220272e-01  -3.3090959e-02   4.7777333e-01   2.0352987e-01   1.9342236e-02  -2.0044553e-01  -6.9711562e-02   2.1075922e-01   7.6612087e-02   4.9038706e-02  -2.2063859e-01  -2.1350226e-01   1.3393847e-01  -7.1028603e-02  -2.2293946e-02   2.2427707e-02   8.1298016e-02   6.2577757e-02  -5.9615196e-02   1.3990297e-01  -2.1511593e-01   2.4946360e-01   9.1699214e-02  -4.6914055e-02  -7.9948108e-02  -4.5892249e-02   7.0001978e-02   2.1320035e-01   3.6347719e-01   2.6178124e-01  -4.5699213e-04   1.9396758e-01  -2.4456361e-01  -1.1999904e-01   1.1424485e-01   1.9341021e-01  -4.2063660e-02   2.1085614e-01   1.7008523e-01   9.9167969e-02   1.6493550e-02  -2.4368634e-01   5.3440030e-01  -1.3703668e-01   6.5507022e-02  -8.5974076e-02   1.6550248e-01   1.3481764e-01   1.9666725e-01  -2.4641814e-02   1.4153563e-01   1.2154171e-01  -2.5183635e-01  -1.5749928e-01   7.4191895e-02   6.0850940e-02   2.1316637e-01  -1.8651272e-01  -7.9448182e-02  -2.4477176e-02   2.4037929e-02  -8.5624226e-02   9.5195147e-02  -1.6088246e-01   2.2448293e-01   2.2446144e-01  -2.5357257e-01  -1.1812597e-02   2.7500945e-01   4.1473300e-01   1.5059183e-01  -5.7173430e-02   8.0725240e-02   1.3052675e-01   1.5844593e-01   2.8482427e-01   4.4050316e-01  -2.0055136e-02   3.3552506e-01  -1.6465601e-01   9.6935799e-02  -1.4958852e-01   2.6231895e-01   4.0738620e-01   5.5578752e-02  -3.4351203e-02  -1.8726772e-01   1.2324418e-01  -2.3724959e-01   2.2156683e-03   4.3991152e-01   7.6846306e-02  -8.3906726e-02  -7.4614785e-02   1.8318720e-01   5.8263525e-02   1.3164715e-01   9.9085171e-02   6.3820407e-02   3.1546640e-01  -1.8723562e-01  -1.6882421e-01  -5.7228202e-02  -2.7126907e-02  -3.0437662e-02   1.9480957e-01   2.3662700e-01   2.3691850e-02   6.8534756e-02   2.5212614e-01   4.0644103e-02   1.4841097e-01  -3.0461492e-01   1.1586600e-01   8.5176650e-02   5.9926401e-02   8.3676280e-02  -8.6602397e-02   8.1549541e-02  -8.1345095e-03   8.8896441e-02   7.7401793e-02   1.7693264e-01   1.0517961e-01  -6.3751757e-02  -2.1494652e-01  -1.1032517e-02   1.2249172e-01   6.8149781e-02   9.1815133e-02   7.5484458e-02   2.0781524e-01   1.3849373e-01  -1.6232147e-01   3.9023313e-01   5.5106149e-01  -2.2327115e-01  -5.7272975e-02   1.0161872e-01   1.3682539e-01  -2.5617218e-01  -2.2344910e-01  -7.5765646e-02   4.9145941e-01  -1.6966361e-01  -2.0062388e-02   6.3723261e-02   3.6197343e-01
   6.4424789e-02   6.5341437e-01   1.2143207e-01  -7.5202119e-02   0.0000000e+00  -1.1392245e-01  -3.7919055e-01   1.2200201e-01   4.7843081e-02  -6.5103869e-02   7.0958715e-02   1.5675251e-01  -1.4510156e-01  -3.0625509e-01  -5.2906296e-01  -1.9573171e-01   4.0779106e-01  -3.0262970e-01   4.2886400e-02   5.5677693e-01  -5.1107111e-01  -3.2661248e-01  -4.2199046e-01   2.0137311e-01  -1.0385182e-01   3.6469412e-02   2.5767273e-01  -2.8614597e-01   8.4465447e-02  -2.7187746e-01  -4.0310392e-01  -4.6092847e-02   1.3810282e-01  -1.3063686e-01   5.0480973e-02   5.2040830e-02   3.7494101e-02  -1.3030541e-01  -2.7909832e-03   4.5037734e-01   1.1576791e-01   4.5891098e-02   3.6573198e-01  -2.0671725e-01   1.8065543e-01   6.5878781e-02  -1.3705458e-01  -2.9127124e-01   1.9509803e-01   5.0861946e-01  -3.8883132e-01   2.9753250e-02   5.1344099e-01   3.5288285e-02  -7.6040884e-02  -3.8694497e-01  -6.2222322e-02  -1.2887145e-01  -6.9780200e-02  -2.6262914e-01  -9.8405479e-02  -2.5175655e-01   5.8211394e-01   5.2837173e-02   4.6098764e-01   6.8193072e-02   8.1768659e-02  -7.9314551e-02  -1.5505868e-01  -1.2750067e-01   1.1428178e-01  -2.6258728e-01   1.9172753e-01  -1.2477510e-01   6.8461337e-02   9.2903754e-02  -6.6785346e-02  -7.0639692e-02   6.3342356e-01  -4.3445436e-02  -4.8928916e-01  -4.3969593e-02   8.9096891e-02  -6.7410560e-03  -8.6390211e-03   1.4796635e-01  -3.4101950e-01   1.0809165e-01   4.0203965e-01   3.5648686e-02   8.1694253e-01  -7.3457535e-03   3.4721838e-01  -5.3014065e-02  -8.5218928e-02   6.9081497e-01   7.2763288e-03  -1.7125704e-01   3.1028344e-01  -3.5882399e-01  -2.9872291e-01  -3.0601075e-01  -4.4664817e-01  -3.8378751e-02  -3.2821902e-01   1.0603639e-01   2.3504750e-01  -1.4165812e-01  -1.6064852e-01  -2.8818312e-02  -7.8729842e-02  -3.5459616e-01   8.1560470e-02   2.7310439e-02  -3.7225298e-01   8.3240640e-01   4.8697219e-02   7.5570213e-02  -4.5458666e-01  -2.3602569e-01   1.2169219e-01   8.1163810e-01   1.8320639e-01   3.2064715e-02   2.8605776e-02  -1.7792956e-01  -2.5704759e-01   3.5019181e-02  -1.9202908e-02  -5.6656430e-02   1.0453285e-01   4.9346877e-02   2.0862815e-02  -9.6420144e-02  -1.7361835e-01   4.0180688e-02  -1.4284699e-01  -5.0576599e-01  -3.7672654e-02   6.1886863e-02   1.6984276e-01   1.9267357e-02  -1.3205466e-01  -3.8987335e-01  -4.7180373e-01  -3.0551669e-01   2.7262803e-02   2.3382386e-01   4.6978920e-02  -2.0613679e-01  -1.1065793e-01  -2.9358314e-01   7.3361973e-02   6.6741065e-01   5.1449266e-01   3.7737629e-02   1.8548101e-02  -4.2704313e-02   2.1093166e-01  -3.5614754e-01  -1.7621802e-01  -1.2342386e-01   1.0653624e-01  -3.4798235e-01  -1.6056928e-01   5.4918870e-01   3.3602632e-01  -7.7192839e-02   1.0352908e-01   7.0863490e-01   5.4520603e-01   9.9167260e-02  -1.3114805e-01   1.7408939e-01  -1.3382662e-01   5.1092497e-02  -1.4657917e-01
  -2.1429657e-01  -7.0880242e-02   2.1511936e-01   1.9967051e-01  -1.1392245e-01   0.0000000e+00   3.2765486e-01  -1.0024893e-01  -4.7735325e-02   2.5059080e-01  -1.9239897e-01   4.8221177e-01  -1.0948251e-01   1.1824050e-01   5.1027854e-02   4.8102760e-01   7.2070778e-02   2.1225500e-01   4.2415214e-02   3.7013242e-01  -4.6878832e-03   3.0122898e-01  -2.1896152e-01  -3.2909378e-01   9.0427435e-03   1.2489309e-01   5.2776442e-01  -2.3244868e-01  -1.3923744e-01   5.4289387e-01  -2.1548441e-01   1.8758765e-01   1.4734341e-01   1.8956879e-01   2.3521228e-01   1.5285557e-01   2.9603114e-01  -3.9656652e-01   2.2449768e-01   2.3973153e-01  -5.1670672e-02   8.7570907e-02   1.2231128e-01  -3.2356743e-01   2.0669127e-01  -1.9760157e-01   3.8877454e-01  -2.3360356e-02   1.7668046e-01  -1.6226645e-02   4.2128869e-01  -1.1321500e-01  -3.3667642e-01  -1.2506511e-01   1.5307962e-01   7.7802760e-02   3.9791522e-01   8.2518381e-02   1.4035130e-01   5.6407758e-01  -1.6739789e-01  -2.0214301e-03   1.9914618e-01  -4.9517103e-01  -2.2169687e-01   4.3258525e-01   7.5930195e-01   8.9634272e-02   3.1538911e-01   2.8952132e-01  -2.9383321e-01   4.4807332e-01  -1.6918302e-01   1.9878619e-01  -3.5881541e-02  -3.2131608e-01  -2.6883070e-01  -3.9406452e-02  -1.1168189e-01   2.6137750e-01   3.6134565e-03   3.4703272e-02  -1.1733188e-01  -1.6613002e-01   1.0018047e-01  -1.5340358e-01   2.1014302e-01  -3.3878130e-01  -1.6555114e-01  -1.8982905e-01  -2.2370871e-01  -1.0600153e-01   2.7612817e-01   2.7074143e-01  -3.1986069e-01   2.0053272e-01   1.2109658e-01   2.5825731e-01   2.8585789e-01   2.7803373e-01  -1.5769314e-01   3.0997433e-01   1.8622532e-01   1.7264340e-01   3.7277879e-01  -1.2875823e-01  -8.0340180e-02   5.5107886e-01  -1.0194534e-01   5.4349933e-01  -5.8391262e-02   6.2977251e-01  -2.2994361e-02  -2.6383159e-01  -1.7925024e-01  -3.3008368e-01   1.5700435e-01  -1.1747188e-01   4.2627371e-01   4.7198724e-01  -1.8483818e-01  -4.8408278e-02   2.5687120e-01  -3.3388522e-01  -2.8668046e-01   1.6770841e-01   3.8346764e-01  -2.2897478e-02  -9.7243027e-02   2.0884409e-01   1.9191807e-02  -4.1166552e-01   3.3787538e-01  -4.3734875e-01   5.6104805e-01  -3.0192849e-01   1.0423941e-01  -1.8025061e-01  -5.8335450e-02  -2.5246353e-01  -1.4750990e-01  -2.7018164e-01   9.4605154e-02   4.2294330e-01  -9.2039285e-02  -1.1960023e-01  -3.8514185e-02   4.0332779e-01   4.7244237e-01  -1.7440738e-01  -1.6225851e-01  -6.0924423e-02  -8.9422859e-02  -1.8917275e-01   2.2000676e-02  -3.1461459e-01  -1.5856200e-01   3.1072010e-01  -1.9625109e-01  -1.7597253e-01   9.2304188e-02  -1.6013837e-01  -1.6618161e-01   3.0114951e-01   1.1519621e-02  -1.0980544e-01   1.1499679e-01   9.9251629e-02  -1.3486301e-01  -1.4535975e-01   3.7929623e-02  -3.4523540e-01   4.2670163e-02   5.9742700e-01   4.9961123e-02  -2.0328775e-01   1.7658109e-01
  -4.5270207e-01  -5.4017953e-02  -7.3701157e-03  -6.5111902e-04  -3.7919055e-01   3.2765486e-01   0.0000000e+00  -4.3240577e-01  -9.1431147e-03   6.0879467e-01   1.0773199e-01   3.9123925e-01   1.6729019e-01  -1.6702034e-01   4.5232513e-01   4.3772454e-01  -3.1159974e-01   2.8390348e-01  -3.1059893e-01   1.3446169e-01   2.6030052e-01  -8.0066154e-02   5.2439122e-01  -5.1734579e-01  -6.3923544e-02  -2.4923272e-01  -3.3757878e-02  -1.1926255e-02  -6.3489238e-02   1.8676473e-01   1.0469334e-01  -3.2077975e-01  -1.5611432e-01   7.6306724e-01   5.5481555e-01   5.0603174e-01  -9.6626436e-02  -1.3903040e-01   1.9032263e-01   3.7314200e-02   1.2026697e-01  -3.0253511e-01   1.9167932e-01  -1.5508375e-02   2.1551388e-01  -5.4273528e-01   2.7324326e-01   6.7153770e-01  -1.6391931e-01  -1.7748442e-01   3.7976679e-01  -3.1797892e-01   3.7110290e-02  -1.9701543e-01  -8.5881380e-02   4.4759443e-01  -1.6287454e-01  -3.2368886e-01   6.1117139e-02   4.7839132e-01  -2.3932799e-01   3.5705263e-01  -3.2164112e-02  -7.0716620e-02  -2.2929292e-01   4.9233735e-01   2.2214696e-02  -1.5912046e-02   1.0917764e-01  -4.7159686e-02   1.2360968e-01   1.0109003e-01  -6.2192390e-02  -3.4886709e-01  -7.1385631e-02  -4.5736310e-01  -4.1513268e-01  -2.1685783e-01   2.0514278e-02   1.0743404e-01   2.7926132e-01   2.2712738e-01   1.6868604e-01  -4.7968753e-01  -3.3048623e-01  -4.5683044e-01   4.5982654e-01  -4.9320304e-01  -2.9784788e-01  -4.2559511e-01  -3.7855631e-01  -4.2797479e-01   2.9602927e-01   5.8083445e-03  -3.2622639e-01  -1.8082517e-01   8.5356877e-02  -1.1399666e-01   1.4824455e-01   5.9070423e-01  -5.5560655e-02   4.4055642e-01   6.8840842e-02   6.2495856e-02   2.4847075e-02  -5.8634318e-01  -2.7441991e-01  -3.4801293e-02   4.2534522e-01   2.9125247e-01   5.8968157e-01   1.4928406e-01  -5.9215987e-02  -4.5163425e-01   1.2442641e-01  -4.0238322e-01  -2.4618069e-01   1.7951832e-01   3.1344304e-01   1.9655691e-01  -4.9061739e-01  -3.4029127e-01   1.0876319e-01  -3.2241129e-02  -4.6807175e-01  -3.3016197e-01   3.9079802e-01  -1.5716890e-01  -4.1715575e-01   1.2029326e-01   5.7233404e-02   1.8413488e-01  -2.3916032e-01  -4.6488955e-03   2.0544806e-01  -3.6195545e-01   1.3947721e-01   2.0247534e-01  -2.9522880e-01  -4.1945412e-01  -3.9989064e-01  -7.9463539e-02   8.3559773e-02   2.3496749e-01   5.8610553e-01   5.3148268e-02   4.1283572e-01   1.2354945e-01   3.3115989e-01   1.6089611e-01  -4.0808226e-01  -4.4508934e-02  -5.0259487e-01  -1.6114906e-01  -2.8551843e-02  -4.5965011e-01  -4.4913775e-01   2.5992680e-01  -4.6997347e-01   2.7061879e-01   2.3552648e-01   1.7398589e-02   2.1946181e-01   2.2057175e-02  -3.9077229e-01   1.9270287e-01   2.4890145e-01  -3.0598136e-02  -4.8674297e-01  -1.5363788e-01   9.8810766e-02  -3.4195352e-01   9.2163320e-03   1.9273129e-01   5.8864218e-02  -1.1988642e-01  -3.5535508e-01
   5.5928218e-01  -1.6839008e-01  -2.0599172e-01   2.6007665e-01   1.2200201e-01  -1.0024893e-01  -4.3240577e-01   0.0000000e+00  -6.0555179e-03  -3.4321905e-01   4.2415010e-02  -3.8141869e-01  -4.3754737e-01   2.0428778e-01  -1.1225169e-01  -3.7446929e-01   1.8746487e-02   2.5599989e-02   3.2311280e-01  -2.7542580e-01   8.7160474e-03   1.2677567e-01  -2.1291377e-01   5.4318196e-01   8.2343583e-02   4.9727815e-01  -4.8689071e-02   2.2432832e-01  -1.0987947e-01  -3.3918549e-02  -5.7124321e-02   5.4309087e-01   3.7551052e-03  -2.8214810e-01  -5.6973768e-01  -2.7616730e-01   1.0934518e-01  -1.3992890e-01  -2.0962135e-01  -2.5560823e-01  -1.9041118e-01  -1.2883537e-02  -1.4608430e-01   2.6842246e-01  -6.7225936e-02   4.7160782e-01  -1.2155106e-01  -2.0920841e-01   3.4093409e-02  -7.7951629e-02  -3.5417545e-02   7.2776246e-01   3.6457912e-02  -7.3407314e-02   9.4450338e-02  -1.0393216e-01   2.8231293e-01   4.3525830e-01   1.5360747e-01  -3.7544935e-01   7.9532585e-02  -3.7599822e-01  -1.2455306e-01   1.8269948e-01   1.2835733e-01  -2.4752849e-01  -1.9320366e-03  -7.5986476e-02   4.6229069e-02   6.9311855e-02  -1.5178166e-01   1.2765049e-01  -1.5584694e-01   3.1690807e-01   2.9205270e-02   6.9236094e-01   2.8517356e-01   2.8654061e-01  -4.4317469e-02  -1.3054032e-01   1.5213407e-01  -3.0621294e-01  -4.6431988e-02   6.8871021e-01   3.3851029e-01   6.9361878e-01  -3.2955790e-01   4.7266378e-01  -7.7209657e-02   5.4690672e-01   1.6300886e-01   2.8110473e-01  -1.2922732e-01  -4.2335092e-02   1.9331088e-01  -1.4345437e-01  -2.2054225e-01   2.6632094e-01  -1.0013184e-01  -1.8176896e-01   1.8174947e-01  -4.2438377e-02   1.5271566e-01  -8.5358152e-02   2.5995697e-01   5.9974396e-01   9.7890648e-02   2.5372924e-01  -2.9845433e-01  -6.5267155e-02  -2.8603261e-01  -4.4681886e-02   3.7765212e-02   5.2482449e-01   1.0510781e-01   1.3320276e-01   3.9115514e-01  -3.4678747e-01  -1.4865504e-01   1.6816849e-01   6.1651710e-01   6.8231321e-02  -1.8776865e-01   1.2446560e-01   4.0284735e-01   3.5697773e-01  -1.3415200e-01   5.2726458e-02   5.9979897e-01  -2.3803253e-01  -2.6291118e-01  -2.6327961e-02   8.4995331e-02   1.1824752e-01   3.1745097e-02   8.2613388e-01  -1.6900240e-01   7.2848480e-02   7.5106011e-01   4.7404180e-01   5.2725627e-01  -2.1612504e-01   1.5091616e-01  -2.2935061e-01  -1.3351514e-01   2.4897761e-01  -2.8683533e-01  -2.6803192e-02  -1.0010588e-01   6.8601194e-02   5.5656632e-01   4.4201208e-01   5.6975401e-01   6.7587471e-02  -1.7799250e-01   5.1639265e-01   5.9474956e-01  -9.3091659e-02   2.6212079e-01   1.9048669e-01  -7.2070994e-02   2.7453546e-01  -9.7987696e-02   3.5389258e-01   3.3433073e-01  -1.9452181e-01  -1.2608347e-01   1.4431826e-01   4.7485034e-01   9.5676387e-02  -2.4194251e-01  -7.1136034e-02   1.3923515e-01  -3.5051471e-01  -1.0452521e-01  -1.4209572e-01   3.1678559e-01
   6.0630796e-02   2.0087765e-01   3.5247913e-02   1.8714814e-01   4.7843081e-02  -4.7735325e-02  -9.1431147e-03  -6.0555179e-03   0.0000000e+00  -1.4925859e-01   1.4032588e-01  -7.6166036e-02   1.4171553e-01  -1.8164973e-01  -2.3859260e-01  -1.8610943e-01   5.1541611e-03   1.8371383e-02  -1.3592947e-02   3.3217800e-02  -1.6423732e-01   2.0350931e-02  -1.3941965e-01   1.1793081e-01  -3.3289349e-02  -6.7090592e-02   1.1050176e-01  -9.2614927e-02   1.7225279e-01  -2.8517971e-02  -2.1211081e-01  -3.1157788e-02  -1.2091509e-01  -7.9941480e-02   1.6094326e-01  -3.8319823e-02  -5.1320007e-02  -1.6925049e-02  -2.1245533e-01   3.1016988e-02   1.2351193e-02  -8.9717098e-02   2.3979196e-01  -2.1978593e-01   2.3585988e-02   1.4646094e-01  -1.4277528e-02  -1.3907851e-01   1.0984813e-01  -3.7717190e-02  -4.1930383e-02  -6.7927586e-02   1.5963840e-01   5.7365690e-02   3.0855674e-02  -2.0928325e-01  -6.1766615e-02   1.3223623e-01   2.1718214e-02   1.0584835e-01   2.6350200e-01   6.0991363e-02   1.5735126e-01   2.0102938e-01   3.3108422e-01   1.0522431e-01   3.3809732e-02   2.3147823e-01  -2.5102449e-02   1.2029225e-01  -5.1361337e-02   1.2985728e-01  -6.6502118e-02  -1.0610741e-01   6.0635778e-02   6.6431942e-02   5.1686898e-02  -1.2358447e-01   4.3482673e-02  -4.4908511e-02  -1.5525982e-02  -1.5970870e-01  -2.4441574e-01   8.5671623e-02  -1.2386001e-01   1.3610516e-01  -1.9267412e-01   5.9900583e-02   2.7980200e-01   1.0196372e-01   2.5969726e-01   1.0023960e-01  -1.2386584e-01   3.4278814e-01   1.2899980e-01   1.1086307e-01   2.0481689e-01  -1.7287638e-01   1.5090198e-01  -1.2602238e-01  -1.6150895e-01  -3.9218233e-02  -1.0248769e-01   3.9126864e-01   2.3062807e-02   4.6815771e-02  -4.8830803e-02  -1.4800428e-01  -1.1729698e-02  -4.9234930e-02  -1.5556631e-01  -9.8542142e-02   3.3228363e-01   9.7652388e-02  -3.5270212e-02  -6.3301057e-02  -1.7577376e-01   1.0813856e-01  -1.0571868e-01   8.6169633e-02   5.9732270e-02   3.6384009e-02   1.5647510e-02   2.2852263e-01   1.4666187e-01  -3.3517823e-02  -1.1011569e-02   1.2426898e-01   1.5403043e-01   5.4417651e-02  -3.0455343e-01  -9.3579778e-02  -6.7299687e-02  -1.4645673e-01   1.7961853e-01   1.6061088e-01   3.2280347e-02  -1.1996778e-01   1.4279451e-01   1.3063609e-01   3.6415897e-02  -8.7870724e-03   1.0697294e-01   1.4054368e-01  -2.2510977e-01  -2.6638634e-01  -7.5223098e-02   1.7013802e-01   1.5939222e-01   4.7693311e-02  -4.2504988e-02  -2.1768640e-02  -8.0429702e-03   2.2516196e-01   1.1328594e-01   1.0704587e-01   7.1557695e-02  -2.2190013e-02   2.0333665e-01   1.0396411e-01   4.2266692e-01   1.9807242e-01  -5.9824725e-02  -1.0589227e-01   1.5428001e-01   8.7282813e-03   7.2292943e-02   7.4218304e-02   4.2670910e-02  -1.4010358e-01  -6.0340539e-02  -2.0746025e-01   2.5469369e-01   2.1203137e-02   3.9853754e-02   3.3075848e-02   4.7008770e-02
  -3.9991296e-01  -4.7145574e-02  -1.3651131e-01  -2.7084632e-02  -6.5103869e-02   2.5059080e-01   6.0879467e-01  -3.4321905e-01  -1.4925859e-01   0.0000000e+00   2.6556195e-01   2.9932323e-01  -8.8033195e-03  -2.5186330e-01   3.0196697e-01   4.1136214e-01  -3.4398919e-01   2.8593325e-01  -3.0093686e-01   3.6565964e-01   1.0842219e-01  -1.6748100e-01   2.4646183e-01  -4.1205417e-01  -1.7526803e-01  -1.7406360e-01   7.7803728e-02  -9.3308324e-02  -4.7894965e-02   3.0578085e-01   3.1743144e-02  -1.8656931e-01  -1.8364932e-01   6.8373882e-01   3.9251100e-01   6.6259386e-01  -8.2585852e-02  -6.1825962e-02   2.7731425e-01   5.4036405e-02   2.0448754e-01  -3.5403538e-01   1.4818144e-01  -4.5812911e-02   4.2457655e-01  -4.1920602e-01   4.1006843e-01   3.5538265e-01   2.8822142e-02  -2.3361881e-01   4.2971846e-01  -2.2130324e-01   3.5305196e-02  -3.4471626e-01  -6.4227954e-02   2.9192353e-01  -1.4353367e-01  -2.4472698e-01   1.4924074e-01   3.9891462e-01  -3.5311399e-01   1.7932089e-01  -1.1340357e-01  -9.4958986e-02   6.5117307e-02   5.8304695e-01   3.5498625e-02  -5.3302664e-02   2.3122683e-01  -1.1705613e-01  -1.8804219e-02   1.0904561e-01   1.8331449e-01  -2.9977937e-01  -1.7927845e-01  -3.9860276e-01  -4.0933595e-01  -1.8920999e-01   3.3289098e-01   1.1978906e-01   4.7798828e-02   2.2389283e-01   9.9228186e-02  -5.4577804e-01  -3.7512316e-01  -3.7613259e-01   1.4658149e-01  -3.5097318e-01  -2.9379116e-01  -4.1828335e-01  -9.3318135e-02  -4.9462271e-01   2.4279629e-01   1.5333203e-02  -3.0748292e-01  -7.9784178e-02   4.7839198e-02  -1.9598363e-01   3.1080702e-01   5.6690458e-01  -2.3301094e-01   4.4597670e-01  -1.0116454e-01   5.8693313e-02  -2.4943452e-02  -4.2763106e-01  -2.3508642e-01   2.2609787e-03   3.2862525e-01   4.3362986e-01   3.6133837e-01   1.6106837e-01  -1.6950003e-01  -4.2391504e-01  -1.4987580e-01  -8.3832221e-02  -1.2992604e-01   2.4496880e-01   9.8996593e-02   1.0445780e-01  -4.1258689e-01  -1.2527260e-01   1.5014774e-01   3.0787371e-02  -4.3531716e-01  -3.5679872e-01   4.3445516e-01  -2.2025682e-01  -3.9086597e-01  -4.7626504e-02   3.5425046e-01   3.2595333e-01  -2.3736160e-01  -6.9944114e-02   1.0413706e-01  -3.4616903e-01  -2.5068265e-01  -5.6546448e-02  -3.1083010e-01  -3.8974751e-01  -2.8428535e-01  -6.9482221e-02   2.7167999e-01   1.0364054e-01   3.4093412e-01  -1.1872296e-01   1.3034695e-01   3.1158184e-01   5.2006124e-01   1.7419870e-01  -4.2931518e-01  -2.4815634e-01  -4.0694705e-01  -1.0967641e-02  -1.1813290e-01  -4.1172894e-01  -3.8353661e-01   3.2402724e-01  -4.9619208e-01  -3.0593485e-02  -8.1863218e-02   4.4537085e-02   4.8767814e-01  -5.5345181e-02  -3.2295785e-01   2.6469360e-01   3.1945563e-01  -1.7154133e-01  -2.8418227e-01  -5.2533033e-02   1.4465927e-01  -1.0674581e-01   1.4731442e-01   1.9477830e-01   5.1535803e-03  -1.9610802e-01  -2.7987693e-01
  -2.1913928e-01  -1.7422700e-01  -4.4964430e-01   3.0431845e-02   7.0958715e-02  -1.9239897e-01   1.0773199e-01   4.2415010e-02   1.4032588e-01   2.6556195e-01   0.0000000e+00  -3.1895069e-01   8.4725601e-02  -2.3076797e-01   2.3891641e-01   2.8911508e-01  -3.9917245e-01   5.8024298e-01  -2.5061770e-01   1.1444363e-01   2.6403662e-01  -2.1806458e-01   2.8910428e-01  -7.7688047e-02  -4.4336712e-02  -2.0015357e-01   1.0449088e-01  -1.0755491e-01  -2.9275406e-01   1.8659532e-01   2.2164508e-01   2.7845479e-02  -6.9386830e-02   1.6144975e-01  -5.6648221e-02   6.4214008e-01  -2.7180035e-02   1.1836141e-01   3.4211975e-01  -3.1900922e-01   4.3046581e-01  -2.1279072e-01  -1.4906277e-01   3.6797627e-01   2.4802063e-01  -1.6650860e-01   5.8783926e-01   1.8941576e-01   9.3702064e-02  -2.5610312e-01   3.8367657e-01  -7.8853903e-02   1.8581050e-01  -2.6545509e-01  -2.1895576e-01   2.6643191e-01  -1.9598460e-01  -2.9326687e-01   5.0138218e-01   4.1964538e-02  -4.4553898e-02   1.0831796e-01  -1.6368177e-01   6.5290700e-01   3.9086309e-01   3.1520714e-01  -8.1947328e-02   1.1834174e-02   5.7483217e-01  -3.7950502e-01  -3.2319833e-02   7.5650238e-02   3.9910824e-01  -4.0298619e-01  -1.9563801e-01  -1.2690316e-01  -1.1995778e-01  -9.0002472e-02   1.4225916e-01  -4.3070528e-02   8.5988796e-03   3.7135589e-01   1.4446333e-01  -1.6862843e-01  -4.3476517e-01  -2.1038986e-02  -3.6572368e-02  -7.2651548e-03  -1.2938073e-01  -1.7936900e-01   9.9494127e-02  -2.1911023e-01  -1.7417528e-01  -2.0311045e-01  -3.3665074e-03  -1.3502986e-01   5.0597682e-02  -1.0281144e-01   1.2484693e-01   2.7998848e-01  -2.3979642e-01   4.9115328e-01  -1.5912438e-01   2.8462105e-01   3.9833453e-02  -1.9370447e-01  -3.4575629e-01   1.8787976e-01   1.2329349e-01   3.4272934e-01   9.5901897e-02   2.1841981e-02  -9.3788652e-02  -1.6148221e-01  -1.5238054e-01   9.1542516e-02  -1.4211432e-01   1.8032579e-01  -2.7755939e-01   1.4298142e-02  -1.8643032e-01  -2.2229493e-01  -1.9939444e-01   5.9844060e-01  -6.3760458e-02  -3.2879178e-01   4.2389517e-01  -8.0914264e-02  -3.1070350e-01  -4.3016529e-01   1.8144920e-01   6.2255683e-01  -4.8980730e-01   3.0739921e-01  -2.5221962e-01   1.6450251e-01  -8.6368611e-02   1.8185511e-03   4.7106515e-02  -1.6746116e-01  -2.0133537e-01   5.9789278e-03   7.1181494e-01  -2.2522642e-01   2.9753510e-01   9.9064360e-02  -2.1407346e-01   5.2148794e-01   4.4569697e-01   3.5132591e-01  -2.4810066e-01  -1.7394287e-01  -3.2066213e-01   3.7495884e-01  -3.4360041e-01  -1.1617067e-01  -2.7081011e-01   4.4714382e-01  -2.0770311e-01   6.6781568e-02  -6.0563353e-02   7.9449973e-01   6.4218263e-01   9.5332764e-02  -4.9176139e-02  -2.5792365e-02   2.7053741e-01  -2.0527336e-01  -2.7107843e-01  -2.3036138e-02  -2.3470895e-01  -8.6264571e-02   4.0753146e-01  -1.9806283e-01  -3.2601954e-01  -4.8275271e-02  -2.8488467e-01
  -2.5899569e-01   5.3447232e-01   5.8304823e-01  -1.4240304e-01   1.5675251e-01   4.8221177e-01   3.9123925e-01  -3.8141869e-01  -7.6166036e-02   2.9932323e-01  -3.1895069e-01   0.0000000e+00  -3.0237994e-02  -2.5274635e-01  -1.5390906e-01   2.4881208e-01   4.2294034e-01  -2.2290160e-01  -4.6202655e-03   5.1384194e-01  -3.5553340e-01  -3.9442350e-02  -2.2384882e-01  -3.3373785e-01  -6.1984270e-02  -2.4656122e-01   2.5964500e-01  -3.2191438e-01   8.8635586e-02   2.6494977e-03  -2.3247383e-01  -3.1959674e-01  -2.7927889e-02   5.1488085e-01   6.0373658e-01   1.1594027e-02  -2.8641834e-02  -1.6180295e-01   1.1808442e-01   5.6443879e-01   3.1081194e-02   7.0275143e-02   4.8762934e-01  -4.3628742e-01   2.9866936e-01  -2.5584515e-01  -1.4073017e-01   9.7822122e-02  -1.5300100e-01   4.0979517e-01  -1.0360351e-01  -3.3857623e-01   1.2159199e-01   5.6790563e-02   1.0292543e-01  -2.9743951e-02   2.7729536e-02  -2.3782629e-01  -2.8050890e-01   5.2118573e-01  -2.1155721e-02  -1.4676031e-02   5.1224844e-01  -4.9037816e-01  -2.6735928e-01   3.5996466e-01   3.0534075e-01  -3.2207728e-02  -2.5212046e-01   2.5604741e-01   1.7615335e-01  -1.9394522e-01  -3.3092419e-02   5.1699935e-02  -4.3265215e-02  -3.6906792e-01  -1.7404492e-01  -1.6963248e-01   2.4324849e-01   6.2205327e-02  -3.1088615e-01   1.2509082e-01   2.4601242e-01  -4.4711617e-01   1.7078873e-01  -3.6345173e-01   1.9260318e-01  -4.4604429e-01   8.2660632e-03  -2.5039582e-01   8.8362559e-02  -4.2244086e-03   7.8188290e-01   3.3891633e-01  -2.0206123e-01   4.0145628e-01  -2.6085389e-02  -7.7505281e-02   2.4621234e-01   3.8793041e-02  -1.3552664e-01   2.1842238e-02  -1.8312383e-01   1.2076178e-01  -2.3701541e-01  -3.4467028e-01   1.6303996e-01  -1.9097957e-01  -5.1379253e-02   2.0538451e-01   4.8095081e-01  -6.8560717e-03  -1.0568268e-02  -2.8578227e-01  -2.5991738e-01   2.6691152e-02  -2.9626891e-02   1.2739915e-01   2.4700593e-01  -3.9898865e-03  -2.4577628e-01   3.6203290e-01   4.0672611e-01  -3.9882070e-01  -2.7209531e-01  -8.2706099e-02   8.3563029e-02  -2.7591608e-02  -2.9054094e-01   5.1649868e-01   8.3837266e-02  -3.0288144e-01   3.4247753e-01  -3.6249882e-01   3.9567158e-01  -5.2130275e-01  -5.0519057e-02  -3.4831754e-01  -4.4589049e-01  -2.3878741e-01  -1.0826643e-01  -4.8814630e-02  -3.4358796e-01   3.5417210e-01  -1.3049899e-01  -3.5686214e-01   5.1090421e-01   2.2303982e-02   1.8741740e-01  -3.8683659e-01  -2.6313285e-01  -3.0646114e-01  -1.8936978e-01   8.0590509e-02   5.5204547e-01  -3.2379608e-01  -1.8965095e-01  -2.4093869e-02   1.5356280e-02  -3.8251158e-01   3.1440389e-03  -5.3629682e-01  -2.0059237e-01  -3.1059913e-01  -3.8950227e-01   5.6797240e-01   4.9425373e-01  -1.0913888e-01  -1.5316621e-01   3.1389558e-01   6.2497561e-01  -5.5444069e-02  -4.1030784e-01   6.5018086e-01   1.2552647e-01   6.1935920e-04  -1.5258790e-01
  -2.1363439e-01  -8.6900398e-02   2.4225158e-02  -2.9867161e-01  -1.4510156e-01  -1.0948251e-01   1.6729019e-01  -4.3754737e-01   1.4171553e-01  -8.8033195e-03   8.4725601e-02  -3.0237994e-02   0.0000000e+00  -8.7673008e-02   1.0328545e-01   2.5220874e-02  -5.6688011e-02  -1.5305051e-01  -2.2432597e-01   9.7022806e-02  -4.0945827e-02  -7.6282502e-02   1.9344064e-01  -1.1007867e-01   1.3761503e-01  -3.6903358e-01   1.0457293e-02  -2.0631494e-02   3.7257970e-01  -1.6474631e-01  -1.4612431e-01  -3.3398080e-01  -2.2385451e-01  -3.8990377e-02   2.4154471e-01   8.6163578e-02  -2.2594353e-01  -1.4330390e-01  -8.6413530e-02   2.9090868e-02   4.5835843e-01  -1.1176303e-01   1.9647350e-01  -1.1688735e-01  -2.8406758e-01  -3.4639458e-01   1.1603239e-01  -5.8982216e-02   1.2607739e-01   3.8014205e-02  -1.1634427e-01  -3.6219766e-01  -1.3125260e-01   1.4188878e-01  -1.3197126e-02   1.2450698e-01  -1.5154042e-01  -1.5862391e-01  -1.4836716e-01   9.5351957e-02  -2.2556142e-01   7.9586522e-01   5.0778398e-04  -3.3599000e-02  -1.6782227e-01   1.9847980e-02  -1.9068450e-01  -1.1318834e-01   5.4196781e-02  -1.4717006e-02  -2.3808826e-02  -1.5524124e-01   5.6496887e-02  -1.9273814e-01   1.8258319e-01  -2.8218345e-01  -4.0478258e-01  -1.5373714e-01  -2.4678021e-01   1.6557721e-01   2.8394712e-02   2.0416364e-01  -9.1528012e-02  -2.2919964e-01  -3.3603154e-01  -2.5659042e-01   1.5078942e-01   8.0219200e-02   1.3948161e-01  -2.3901388e-01  -1.2554011e-01  -2.5813214e-01  -6.9623084e-03  -5.1468840e-02  -3.6707806e-01   2.6601166e-01   5.8812867e-01  -2.4027133e-01  -2.7179165e-01  -1.2922820e-01  -8.2828251e-02   4.0965664e-03   3.6713786e-03  -1.8006569e-01  -1.2353957e-01  -2.2610470e-01  -1.0904896e-01  -1.1221482e-01   6.3339359e-01  -8.8132727e-02   1.3498640e-01  -5.0972651e-03   1.1339110e-01  -3.0294704e-01   1.6326975e-01  -1.5139479e-01  -2.6331085e-01   5.5266309e-01   2.9853707e-02  -2.6306582e-01  -3.0254085e-01  -1.3504962e-01   1.3490037e-01  -2.5469394e-01  -3.1131791e-01  -1.0999480e-01  -9.0854677e-02   1.5830811e-01  -2.1004972e-01   3.6136556e-02   9.0027230e-02  -1.3713692e-01  -2.2904719e-01  -1.6860713e-01  -1.2333668e-01  -2.5782227e-01   4.1556597e-01   5.3648043e-02  -2.6109354e-01  -2.6657432e-01  -2.9189988e-01   5.8781528e-01   1.0662849e-01   8.7466305e-03   3.3002165e-02  -1.9146254e-01   1.0444270e-01   2.1076621e-02   1.2152927e-02  -1.6840775e-01  -2.0344490e-01  -1.4451025e-01  -2.5729873e-01  -4.7914244e-02   3.6116549e-02  -2.3617342e-01  -3.9224183e-01   8.0249340e-02  -2.1351809e-01   1.4926327e-01   1.7823150e-01   1.3434376e-01  -8.7118469e-03  -1.1265684e-01  -1.3595277e-01  -2.0440586e-02  -4.1181032e-02   4.6481755e-02  -3.0147257e-01  -1.5248516e-01   5.0365802e-02  -2.7051275e-01  -7.7233747e-02   2.7453960e-02   9.1432802e-02   2.8255471e-02  -1.9104247e-01
   2.8092334e-01  -4.3916652e-01  -9.6920517e-02   1.0222094e-01  -3.0625509e-01   1.1824050e-01  -1.6702034e-01   2.0428778e-01  -1.8164973e-01  -2.5186330e-01  -2.3076797e-01  -2.5274635e-01  -8.7673008e-02   0.0000000e+00   3.3260558e-01  -1.6264455e-01  -4.4905537e-02   1.5859723e-01   1.1421543e-01  -3.7306301e-01   3.8071172e-01   4.6630684e-01   1.4341586e-01   9.7669487e-02   9.5470882e-02   3.4728226e-01  -7.5792115e-02   4.6434038e-01  -1.8894411e-01   2.3699858e-01   2.8060907e-01   2.8048102e-01  -5.7521519e-02  -2.9199366e-01  -4.3292727e-01  -2.3899149e-01   1.4174114e-01  -2.7702348e-01  -9.1411062e-02  -2.2889635e-01  -1.7215053e-01  -8.4038486e-02  -3.8833544e-01   4.6940263e-01  -3.5174803e-01   5.0443866e-02   2.4871373e-02   3.5805858e-02   1.0898581e-02  -2.5337510e-01   1.0815758e-01   2.3696713e-01  -4.5057079e-01  -5.0171802e-02   3.0662743e-01   2.0591038e-01   2.8789002e-01   3.8982675e-01   8.8931584e-02  -4.7973029e-02  -9.6644946e-02   5.8844469e-02  -2.4131431e-01  -1.4447392e-01  -3.8781819e-01  -2.7912375e-01   9.3538729e-02   1.3045545e-01   1.1928336e-01   1.4850831e-01  -8.9940085e-02   9.8341340e-02  -2.6480892e-01   4.0076554e-01   8.7182041e-02   3.2655992e-01   1.5284753e-02   2.9868779e-01  -4.9254799e-01   1.2650847e-01   4.6720271e-01  -1.7774532e-01   4.0073005e-02   3.5962253e-01   3.8722163e-01   2.7630908e-01   1.9302338e-01   3.8041764e-01  -2.6839226e-01   2.6245037e-01  -4.4817609e-01   2.9781011e-02  -2.8509896e-01  -1.1823806e-01  -1.2312634e-01  -3.0017231e-01   3.2009595e-02   3.3430201e-01  -2.2765452e-01  -1.3529439e-01   5.4197576e-01  -7.5257078e-02   7.4028511e-01  -4.5560750e-02   3.2040461e-01   3.8904097e-01  -4.4450193e-02   2.5403174e-01  -7.1841431e-02   1.2404664e-02  -2.6597528e-01   3.6056759e-01   6.1859997e-02   1.5642833e-01   4.5785546e-01  -3.2738357e-01   2.0855974e-01  -2.4156569e-01   5.8873325e-01   2.9876695e-01   1.7177145e-01  -3.2148913e-01  -2.5036926e-01  -1.7604311e-01   7.4474608e-02   5.2985154e-01  -1.0953096e-01  -7.5677597e-03   3.3328972e-01   8.1631853e-02  -2.9522134e-01  -1.9028628e-01   4.3235565e-01   1.0859153e-01   7.2143242e-03   2.3771214e-01   6.8019800e-02   6.5476275e-01   2.9199529e-01   2.0634434e-01   2.1155658e-01  -2.3193538e-01  -5.1536913e-02   9.9505006e-02   1.3271990e-01   5.9166011e-01  -1.7974058e-01  -1.7585715e-01  -7.5296927e-02   6.8186072e-02   3.9665767e-01   6.6852520e-01   2.6374810e-01  -4.0026749e-01  -2.9155654e-01   1.2290334e-01   1.8734161e-01  -3.0435181e-03  -6.0114785e-02   3.0892742e-01   1.3139423e-01  -1.1707570e-02  -1.4835040e-01   4.0190241e-01   2.3423847e-01  -5.1016870e-01  -4.0590783e-01   3.0659607e-01   1.7883496e-01  -2.6052816e-01  -5.1493038e-01  -3.2663116e-01  -8.5299004e-02  -1.5030862e-01   1.5716531e-01  -8.2029832e-02   2.6205066e-01
