   0.0000000e+00  -4.8689537e-02   2.4494400e-04  -2.2853590e-02   2.1336314e-03   1.5323157e-01   1.8085657e-03   1.4153864e-01   1.3030269e-01  -1.4920905e-01  -8.6395211e-02   1.0431939e-02  -5.5695641e-03   4.2801544e-01  -1.8530575e-02  -2.4460747e-01  -2.0586404e-02  -4.7019717e-02   1.1015109e-01  -2.1848188e-02  -2.6416759e-01   4.5297129e-02   2.9396158e-02   5.0066413e-01   1.6982542e-01   2.2567624e-01  -7.7401437e-02   5.7698875e-02  -1.5243946e-03  -7.2963871e-02  -2.9533388e-01  -1.3575176e-01   7.9695285e-03  -1.8706691e-01  -6.7040249e-02  -6.9562270e-02  -5.8666909e-02   2.2919832e-01  -1.9791200e-01  -1.1550866e-01  -5.3142214e-02  -1.6932742e-01   7.6775270e-02  -2.0193792e-01  -1.0181787e-01   1.5314791e-01  -1.0787213e-01  -1.7865557e-02   4.1547392e-02  -6.5333229e-02   7.5910196e-02   2.0211847e-01  -2.0101326e-01  -7.6273265e-02   1.6418417e-02  -1.5975703e-01   2.5253941e-01   1.0781863e-02  -4.0009120e-03   1.1824756e-01   4.1648734e-02   7.6975454e-02   6.7353175e-02  -2.0445559e-01   3.7198892e-03  -1.4537837e-01   1.9340302e-01  -1.4100960e-01  -2.0615118e-02  -1.0403194e-01  -7.5026224e-03  -1.2743752e-02  -1.5468148e-01  -8.6789102e-03   2.9302065e-02  -1.4303503e-01   8.3403766e-02   3.4568201e-03   1.7158188e-02  -1.0301587e-01   1.6207938e-01  -1.9262257e-01  -3.0648563e-01   1.5704793e-01  -1.3043520e-01   4.2262433e-03  -1.5643128e-01   2.9107693e-01   4.1679301e-03   3.1082305e-01   4.8076611e-02   4.2120609e-02  -1.8663376e-01  -1.2752056e-01  -8.7393232e-03   1.2081900e-01   3.5323586e-02   1.5794707e-01   4.6992506e-02  -1.2979981e-01   1.0966811e-01  -1.6418713e-01  -1.6298244e-02  -3.7380419e-02   4.6646579e-02  -3.7514718e-02  -1.1678637e-01   3.1634221e-02  -5.8788566e-02   2.3642692e-02  -9.9100105e-02   7.4100378e-02  -5.7613437e-02   3.9933178e-01   2.5892255e-01  -4.4496199e-05  -3.5854212e-02  -6.3366055e-02   2.3787697e-01  -3.5269525e-02   4.5619440e-02   6.4796932e-03   5.1509987e-02  -1.5077387e-01   4.1480311e-01   2.8280212e-01   2.2925640e-02  -1.5324874e-01   5.1887433e-02  -1.4076061e-01  -2.5036027e-01  -4.0088128e-02   2.4041121e-01  -9.6163491e-02   8.2521053e-02  -1.4958363e-01  -1.8074886e-02   1.0701051e-01  -2.4662386e-01  -1.2452460e-01   6.0958614e-01   2.3748896e-01   8.6078559e-02   1.9589160e-01  -8.2532497e-02  -4.5931724e-02  -1.9111850e-01  -1.5276348e-01   2.2760435e-02  -2.0324322e-01  -1.2663331e-01   4.0299165e-02   2.5572040e-01  -1.3677222e-01   2.2684466e-02   2.1881248e-01   1.1149389e-01  -5.9170945e-02   1.1357262e-01   9.8854440e-02  -1.2893980e-01   1.2086875e-02  -2.4395695e-01  -1.7511027e-03  -1.6012418e-01  -9.5320942e-02   9.2522313e-03   5.1412922e-02   3.2230937e-01  -1.9821459e-01  -1.0358856e-01  -9.3203042e-02  -6.8620494e-02   2.3708182e-01   3.7314855e-03  -1.6301911e-01  -5.8324284e-03
  -4.8689537e-02   0.0000000e+00   6.0093693e-01  -3.3269135e-01   7.7260500e-01  -9.6663795e-02  -5.4632493e-01  -2.7661783e-02   6.5000122e-01  -4.3359293e-01  -9.8350669e-02  -7.5958883e-02  -1.2740826e-01  -4.5032130e-01  -8.8023618e-02   1.3519222e-01   7.6687931e-01  -5.5212966e-02   7.3416480e-02   6.9840287e-01  -1.9114124e-01  -3.7336829e-01  -5.4780669e-01   1.4687516e-01  -2.7175718e-02   4.8852656e-02   2.2349290e-01  -3.7488347e-02  -4.4382578e-02  -4.9507216e-01  -8.8160453e-02  -1.9361185e-01   1.9318484e-01  -1.7172856e-01  -2.6759082e-02   7.0089517e-01   2.1856268e-01   2.4929904e-01   2.6189509e-01   7.4076920e-01   1.1449604e-01   2.4690568e-01   3.2165125e-01   9.9573174e-02   4.7047530e-02   2.9372460e-01  -1.2826609e-01  -6.1610250e-01  -1.4825035e-01   7.1073264e-01  -2.7421892e-01  -2.0169585e-01   4.0242096e-01   4.2087556e-01  -1.9038671e-01  -1.5105218e-01   1.2732499e-01  -3.0354256e-01   9.3785456e-02  -3.1436664e-01   5.1703023e-01   5.2216690e-01   7.8331044e-01   5.6090495e-01   2.3334191e-01   4.9606085e-01   1.1849891e-01  -1.0291346e-01  -2.6944209e-01  -2.7121695e-02   3.0061072e-01  -5.0422902e-01   3.3615815e-01   6.6979659e-01   1.8255166e-01  -1.5071255e-01   3.3575071e-01  -1.9467347e-01   5.5879973e-01   2.6915692e-01   6.1755811e-02   2.8507121e-01   6.5885074e-01   2.0890918e-01   5.7226039e-01  -3.8184225e-01  -3.6720868e-01   1.0491205e-01   7.1113491e-01  -1.1319891e-01   8.2550140e-01   4.9957368e-01  -1.1097686e-01   5.8625912e-02   2.4067247e-01   2.0850062e-01   1.3155782e-01   1.4833981e-02   4.7617021e-01   1.8063273e-01  -4.7012959e-01   3.2374897e-01  -4.9387307e-01   1.3780671e-01  -6.5409897e-01  -2.7889171e-01   3.6715498e-01  -2.2413581e-02   4.6230875e-02  -3.5514124e-01   4.9551229e-01  -5.9636508e-01   5.2423659e-02  -1.9538471e-01  -2.1781154e-01   6.8280243e-01  -1.5612791e-01   2.3814807e-01  -4.7520693e-01  -2.6607290e-01   9.3868321e-02   3.2813559e-01   3.8039534e-01   2.0154882e-01  -2.9737677e-02   5.7799490e-01  -3.0479256e-01   3.2158629e-01  -2.2561905e-01   3.3627584e-01   3.4958665e-01   4.9475259e-01   6.6143275e-01  -5.2922967e-01   4.3149497e-01   8.7884576e-02   8.1872252e-02  -4.6975664e-01  -2.7815308e-02   3.0019236e-01  -2.1507706e-02  -1.3977529e-01  -4.4697281e-01  -3.1436934e-01  -2.8375281e-01  -4.8312810e-01  -2.6698759e-01   4.3986695e-01  -4.5720411e-01   4.2694662e-01  -2.9583055e-01  -1.0842752e-01   2.8951209e-01   1.4503830e-01   5.1170036e-01   1.1880770e-01   1.8788384e-01   6.0856763e-02   6.3568973e-01   4.6563675e-02  -1.0193083e-01   1.2113791e-01   6.3795891e-01  -1.1628010e-01   1.3210789e-01   6.2183634e-01   4.9393103e-02  -1.5931238e-01   7.3944222e-02  -4.6830704e-02   2.2124542e-01   3.7284834e-01  -1.6937892e-01  -1.4764342e-01  -9.1421969e-02   2.6238740e-01  -9.6883697e-02
   2.4494400e-04   6.0093693e-01   0.0000000e+00  -2.3547682e-01   3.6268193e-01  -1.6318503e-01  -4.4499523e-01   4.1412717e-02   3.0943191e-01  -1.2592804e-01  -1.2349167e-01   3.0889477e-01   5.1324738e-02  -4.9859455e-01   1.1047310e-02   1.2447687e-01   7.9276294e-01  -1.1976272e-02   4.5048909e-02   4.9929564e-01  -3.7615212e-01  -3.1131289e-01  -4.1804547e-01  -1.3254132e-03   3.9556578e-02  -5.5743516e-02   1.0670986e-01  -2.7542029e-02   7.5628945e-02  -3.6914744e-01  -2.5583902e-01  -1.4319037e-01   1.7778741e-01   1.6744218e-02   9.3159926e-02   3.2244487e-01  -2.0153847e-01   6.3927971e-02   2.0605101e-01   6.1923831e-01   8.4910632e-02   1.2623762e-01   4.6888813e-01  -3.8822153e-02  -2.1404785e-01   5.9490672e-01  -2.2842545e-02  -5.2771259e-01  -3.4727119e-01   5.7585045e-01  -8.4678812e-02  -1.7100310e-01   1.7187951e-01   1.9952103e-01  -2.9492999e-01   1.0001598e-01   3.8118135e-02  -3.1916276e-01   5.9678960e-02  -2.8596061e-01   6.2084562e-01   3.0796875e-01   5.6161893e-01   2.5916239e-01  -2.4405201e-01   5.3246537e-01   2.2741250e-01  -1.2374165e-01  -3.9516301e-02   4.3343350e-01   1.4282979e-01  -4.1684811e-01   1.8271088e-01   6.0899039e-01   2.1485415e-01  -1.4120356e-01   4.4509963e-01  -8.7711412e-02   2.2435693e-01   7.1136542e-02   2.4582350e-02   1.0532447e-01   3.3628035e-01   2.7280107e-02   4.6151954e-01  -2.0759237e-01  -1.9055819e-01  -2.4535729e-04   4.6565513e-01  -2.3277698e-01   3.7763399e-01   6.7800652e-01   3.3595901e-02  -5.5128920e-02   1.3614151e-01   1.4303876e-01   1.1383753e-01   1.4303402e-01   1.3418911e-01  -7.7977739e-02  -3.0131499e-01   3.0346076e-01  -4.3509456e-01   1.8300360e-01  -4.3495583e-01  -3.2337936e-01   2.7017024e-01   9.8293714e-02  -1.4599493e-01  -1.9155530e-01   5.1341305e-01  -4.0762689e-01   5.8129992e-02  -2.5169469e-01  -2.3462741e-01   2.4490769e-01   5.9729443e-02   6.9052791e-02  -1.1123697e-01  -2.3651773e-01   4.9807070e-02   3.9737760e-01   5.4034481e-01  -3.8370401e-02   1.8345538e-01   5.0155535e-01  -2.3750938e-01   1.6659698e-01  -2.5525986e-01   6.9030410e-01   1.7677714e-01   1.3970241e-01   4.0312307e-01  -4.4080322e-01   4.4302876e-01   3.5079953e-02   5.0766381e-02  -4.1874484e-01  -1.0039553e-01   9.2406269e-02   1.2807091e-03  -2.2239042e-02  -3.3049517e-01  -1.1866235e-01  -3.3201661e-01  -4.5171144e-01  -1.4869513e-01   3.0524339e-01  -2.9327801e-01   2.8695153e-02  -5.1238586e-02  -1.8373793e-01   1.3243109e-01  -1.3538708e-01   7.1443883e-01   1.0846300e-01   4.1920025e-02   7.8454464e-02   5.4590095e-01  -2.7882685e-02  -1.4280745e-02   5.6873412e-02   3.2731845e-01  -6.8603087e-02  -1.4657578e-01   2.8551273e-01  -6.4227801e-02  -2.4806070e-01  -3.4460747e-02   3.4965591e-02   6.3576795e-02   1.3354922e-01  -1.4409816e-01  -6.1486738e-02  -4.2779146e-02   1.0309239e-01  -1.5544018e-01
  -2.2853590e-02  -3.3269135e-01  -2.3547682e-01   0.0000000e+00  -1.6482405e-01   3.4361245e-01   3.7716127e-01   2.9092335e-01  -2.6690609e-01   1.9723268e-01   3.5865682e-01   1.5051948e-01  -1.7350595e-01   2.3927278e-01   3.8459114e-01   3.1340716e-01  -2.9034404e-01   4.6706219e-01  -1.6207874e-03  -2.9827513e-01   2.9815848e-01   6.0585048e-01   3.5985396e-01  -2.0878190e-01  -1.3417894e-01   1.0954904e-01   9.6086989e-02  -8.0111473e-02  -1.9272764e-01   4.4768876e-01   3.8277367e-01   4.7539844e-01   6.2064159e-02   1.0972277e-01   1.6651013e-01  -1.2975708e-01  -2.2302408e-01  -2.8176656e-01   2.7864613e-01  -3.9657064e-01   3.6617263e-02  -5.5779647e-02  -2.1308954e-01   2.4933740e-01   2.5002618e-01  -2.0473371e-01   3.6202974e-01   4.8763117e-01  -5.2210256e-02  -3.4074997e-01   5.3367320e-01   4.2570990e-01  -7.6233770e-02  -2.9771917e-01   1.2949849e-01   1.1170408e-01  -1.7688320e-01   5.4856732e-01   3.5594157e-01   5.3609922e-01  -1.9435537e-01  -5.1997377e-02  -2.8906128e-01  -8.6574230e-02   1.1768070e-01  -2.0798712e-01   1.0581721e-01  -7.3691740e-02   5.0059437e-01  -7.5575202e-03  -1.3010092e-01   5.6973181e-01   2.1881124e-01  -2.6064118e-01  -2.8641886e-01   4.2104633e-01  -6.6646068e-02   1.0853172e-01  -1.2133955e-01   1.7748674e-01  -2.7111810e-02   1.2145427e-01  -1.9995641e-01   1.6014146e-01  -2.3766439e-01   4.9287625e-01   1.4209157e-01  -1.7610479e-01  -2.0923850e-01  -1.5362467e-01  -3.1183659e-01  -5.5991969e-02   1.4796929e-02   8.6365472e-02  -2.2834240e-01  -4.3283360e-01   2.9129850e-01   1.2033101e-01   8.8803503e-02  -1.3914861e-01   1.3985847e-01  -2.2753751e-02   6.1858530e-01   1.4732270e-01   4.9449912e-01   6.1461842e-01  -2.2479141e-01   3.4467793e-01   4.1144916e-02   2.0485057e-01  -2.8806308e-01   5.3289915e-01   4.7041371e-01  -6.4291070e-02   2.5636657e-02  -2.1594320e-01   1.3881204e-01   1.6974951e-02   1.5041260e-01   5.3437126e-01   5.4909078e-02  -2.3405025e-01  -2.5203687e-01   2.2973039e-01  -1.1524900e-01  -2.0541392e-01   4.6680870e-01  -1.4474569e-01   6.2700763e-01  -1.8600423e-01   8.8594873e-02  -1.3867094e-01  -2.0374883e-01   4.9963714e-01   6.0928682e-02   1.7472546e-01  -1.6234261e-02   3.7581292e-01   2.3275279e-01  -1.9771661e-01   1.4190153e-01  -1.1246676e-01   2.7914706e-01   5.0422924e-02   5.1056121e-01   6.2289796e-01   2.1175753e-01  -1.7405762e-01   1.7619014e-01  -2.5086203e-01  -4.1768600e-03   1.6839226e-01  -7.4444796e-02   2.2016833e-02  -2.6668388e-01  -1.9606036e-01  -1.3855345e-01   3.4955763e-01  -1.6357134e-01   1.5953744e-01  -3.5884024e-02   5.7812110e-02  -2.8893687e-01   4.1320272e-01   3.4205017e-01  -4.0822481e-01   1.8798910e-02   1.1986551e-01   6.9952289e-02   8.4476546e-02  -6.7210116e-02  -2.0602750e-01   3.2653395e-01   4.9562487e-02  -7.2544481e-02  -1.6508988e-01   5.9436155e-01
   2.1336314e-03   7.7260500e-01   3.6268193e-01  -1.6482405e-01   0.0000000e+00   5.5778031e-02  -4.0962851e-01   2.2970228e-01   5.2440576e-01  -5.0448957e-01  -5.0809028e-02  -3.1784112e-01  -7.5671818e-02  -3.6014250e-01  -7.7619938e-02   2.3673584e-01   5.9637200e-01   1.4090518e-01   1.0178141e-01   8.6179684e-01  -1.9696604e-01  -1.2730574e-01  -5.1525847e-01   2.2103896e-01  -1.2309095e-01   1.9854867e-01   4.1092647e-01   4.2613780e-02  -9.4224996e-02  -3.9361442e-01  -9.3564393e-02  -6.0250364e-02   1.4825651e-01  -2.9652404e-01  -1.3898485e-01   8.4812731e-01   2.6069508e-01   1.0318813e-01   3.8958955e-01   5.8201998e-01   1.8231378e-01   1.1626542e-01   1.5472524e-01   4.3292136e-02   2.0301762e-01   4.1101873e-02   1.1828582e-01  -5.6366802e-01  -4.5879184e-02   5.8148725e-01  -1.0097827e-01   2.8531337e-02   2.1403189e-01   3.3372197e-01  -1.1824004e-01  -3.1042559e-01   1.5771599e-01  -1.1580858e-01   2.3892647e-01  -1.4009342e-01   4.3519833e-01   6.6703408e-01   7.1378550e-01   3.8785026e-01   3.6582600e-01   3.4553015e-01   1.1670548e-01   3.0830551e-02  -1.3072319e-01  -2.9462525e-01   2.5650820e-02  -2.9507019e-01   4.9973756e-01   3.6584552e-01   1.0160378e-01   4.5107913e-02   2.5743428e-01  -1.1582712e-01   7.7517742e-01   3.6585902e-01   1.2812893e-01   4.0373522e-01   5.2159917e-01   3.1487768e-01   3.0672176e-01  -2.2133631e-01  -4.9068708e-01   1.2184472e-01   6.5080574e-01  -1.0964032e-01   8.8794298e-01   3.9097282e-01  -1.4646026e-02   1.4148981e-01   1.6540182e-01   4.2039447e-01   1.7079971e-01   3.6130637e-02   6.8569955e-01   6.9658766e-02  -4.6368066e-01   2.0249586e-01  -2.6403344e-01   4.4434849e-03  -4.5995143e-01  -5.7241111e-02   3.3976937e-01   1.6428062e-01   1.0915871e-01  -3.1236311e-01   4.4281440e-01  -3.9867539e-01   1.3931696e-01  -1.5980872e-01  -5.2940368e-02   8.4132921e-01  -2.0581743e-01   3.2314643e-01  -4.8373535e-01  -1.1579572e-01   1.6692332e-01   4.4771814e-01   2.3343889e-01   2.0875389e-01  -5.8838781e-02   5.2932094e-01  -1.4755983e-01   3.3160077e-01   9.5196011e-03   2.7856669e-03   5.0922526e-01   5.6909179e-01   6.3235712e-01  -4.6555673e-01   4.2300289e-01   1.9889561e-01   7.3313480e-02  -4.6383166e-01   1.1286257e-01   2.1336749e-01   5.2238218e-02  -1.7357681e-01  -3.1197933e-01  -2.7508365e-01  -2.2475948e-01  -3.8290782e-01  -4.0836291e-01   4.6428150e-01  -3.8326619e-01   3.8517036e-01  -4.0012115e-01  -3.4938045e-03   3.7275206e-01   3.1769496e-01   3.2943512e-01   1.5429694e-01   1.1249998e-01   1.5919791e-01   6.3880341e-01   2.2248542e-01  -5.2119130e-02   2.0410819e-01   5.2374225e-01   4.4035712e-02   2.6847871e-01   5.7459999e-01   1.5434000e-01  -9.8059302e-02   1.1741246e-01  -9.6375399e-02   2.2462780e-01   2.9833456e-01   3.8875026e-02  -6.4777782e-02  -1.5142850e-01   2.8819923e-01   1.7668665e-01
   1.5323157e-01  -9.6663795e-02  -1.6318503e-01   3.4361245e-01   5.5778031e-02   0.0000000e+00  -4.6982277e-02   3.4387538e-01   5.9313944e-03  -1.1473281e-02   1.2778503e-03  -8.2836933e-02   1.1303479e-01   1.8064985e-01   1.7444800e-01   3.0354586e-01  -1.4574766e-01   2.1348117e-01   2.0547606e-01   8.0706290e-02  -2.0726361e-01   2.6440136e-01   8.3060649e-02   2.5782725e-02   5.2976572e-02   3.2320165e-01   2.8252415e-01   1.2419113e-01  -5.1090942e-02   1.6693499e-01  -1.1334171e-02   2.1887768e-01  -5.3589888e-02  -1.4028530e-01   5.0062368e-02   6.6486827e-02  -1.0854864e-01  -1.3040044e-01   2.0604684e-01  -1.0988648e-01   2.2908237e-01  -7.8875874e-02  -1.0767882e-01  -1.0289386e-01   1.6050872e-01  -1.1954250e-01   1.5533894e-01  -4.6213922e-02  -8.7935879e-02  -1.4920672e-01   3.0691120e-01   4.0675125e-01  -3.7337624e-01   1.0562932e-01  -4.8714850e-02  -1.3471998e-01   3.3529047e-01   3.6331791e-01   3.4292406e-01   3.5057309e-01  -7.0175738e-02   1.0768966e-01  -4.7762023e-02  -8.5666947e-02   1.9452673e-01  -2.1383253e-01   4.2336757e-01  -1.7345551e-02   1.9409450e-01  -9.2884994e-02  -2.6006241e-01   3.2521138e-01   1.2482280e-01  -1.2196838e-01  -3.7402942e-02   1.3870090e-01  -1.4661890e-01   2.6743628e-02   1.5159206e-02   1.8220116e-01   1.5925872e-01   2.1734576e-01  -2.1324527e-01   2.7404142e-01  -1.9560781e-01   2.6815175e-01  -1.2950144e-01  -1.9332273e-01  -6.3640865e-02  -8.1597730e-02   1.1930340e-02  -1.0568713e-01  -1.4837485e-01   1.4603953e-01  -2.8694325e-01  -9.2036053e-03   2.2708958e-01   2.9717136e-01   1.7239613e-01   2.2680451e-02  -5.3963394e-02  -3.8309612e-02   1.4481108e-01   8.0353719e-02   2.3793561e-01   3.8562910e-01  -3.6186829e-02   4.8407623e-01   6.7521238e-02  -7.1122267e-02  -2.3887005e-01   2.4104714e-01   2.9173090e-01  -5.7035263e-02   4.0354539e-02  -3.5043309e-03  -1.3676955e-01   1.4048341e-01   1.6556745e-01   3.4631452e-01   2.8730455e-02   6.7451603e-03  -2.3847719e-03  -3.2684960e-02  -3.9180714e-02   2.8898448e-02   1.0396898e-01   2.8549808e-02   4.1675515e-01  -2.4890009e-01   5.8567588e-02  -7.7140272e-02   1.1052357e-01   4.4123702e-02   1.3320110e-01   1.5072924e-01   1.8152502e-01  -8.3221838e-02   2.7801838e-01  -1.8911228e-01   1.8080643e-01   2.6274579e-01   1.7601962e-01   3.0151001e-01   1.7162221e-01   1.3828610e-01  -9.2399786e-02  -2.6215721e-01  -1.9798813e-02  -2.3589725e-01  -2.0287292e-01   2.1051490e-01   2.1019235e-01  -1.8184854e-01  -3.8982668e-02   8.3870055e-03   3.7062535e-02   3.7305738e-01  -1.3284189e-01   2.5172241e-01   1.0514696e-01   1.0997641e-02  -2.8336819e-01   2.3333549e-01   3.3122605e-01  -1.3668720e-01   3.8295265e-02   6.3520337e-03   2.2071562e-01  -9.5628323e-02  -1.9893340e-01  -2.2304731e-01   1.2550994e-01   3.5079126e-01   2.4843942e-02  -2.0921463e-02   3.8016176e-01
   1.8085657e-03  -5.4632493e-01  -4.4499523e-01   3.7716127e-01  -4.0962851e-01  -4.6982277e-02   0.0000000e+00   7.1362303e-02  -3.9270333e-01   3.5150274e-01   2.3387822e-01   1.7329168e-01  -1.2789889e-01   3.7831916e-01   3.3432754e-01  -1.1339696e-01  -4.3818451e-01   5.1542613e-02  -8.1153178e-02  -5.2221269e-01   2.4584371e-01   4.0385036e-01   4.0492451e-01  -2.3540908e-01   9.2583673e-02  -1.2535512e-02  -1.7473510e-01   1.6452381e-01  -3.2487597e-02   4.4075010e-01   3.3486520e-01   3.2153070e-01  -1.4118607e-01   2.9724175e-01  -4.5278652e-02  -3.9883188e-01  -7.6564801e-02  -2.8331329e-01  -1.6824931e-01  -4.3623802e-01  -1.8003588e-01  -9.3959034e-02  -4.6856803e-01   1.0157850e-01  -3.7459361e-02  -3.6762724e-01   1.4719713e-01   6.3849925e-01   4.9665039e-02  -5.0108751e-01   2.2598002e-01   2.3511493e-01  -8.9699687e-02  -2.7246167e-01   2.7149618e-01   3.1341933e-01  -1.1149735e-01   2.4892181e-01   2.4386741e-02   1.2130358e-01  -3.4606619e-01  -3.3989199e-01  -5.0435898e-01  -6.5303991e-02  -8.9128032e-02  -2.8076187e-01  -3.6624469e-02  -7.4018548e-02   3.6252568e-01   1.9257439e-01  -1.3044814e-01   4.1820917e-01  -9.7647537e-02  -4.5420797e-01  -1.3643961e-01   2.6093012e-01  -2.6787478e-01   2.2013038e-01  -2.6207831e-01  -1.4769016e-01   1.6620478e-01  -1.4904826e-01  -2.9926580e-01  -1.1290862e-01  -3.4165511e-01   4.6275130e-01   1.7896419e-01  -1.5327896e-01  -4.9051109e-01   1.5274454e-02  -4.5706692e-01  -2.6368148e-01   2.4245869e-01  -3.6060548e-01  -2.7432666e-01  -3.0793019e-01   3.2198335e-02  -1.0389255e-01  -2.3006530e-01  -1.8021812e-02   4.8952338e-01  -1.3849353e-01   6.2789757e-01  -2.0966286e-01   4.5295305e-01   3.5504845e-01  -3.0740389e-01  -3.6874049e-02   1.3898200e-02   2.6792302e-01  -2.5085576e-01   7.5623659e-01   3.8167008e-02   9.9606866e-02   3.6159031e-01  -4.0795321e-01   4.8366018e-01  -1.1762393e-01   3.7177366e-01   4.1173601e-01  -1.2677196e-01  -3.4701858e-01  -3.3965821e-01   1.7221527e-01  -1.7941017e-01  -2.5712313e-01   2.6151086e-01  -1.4162028e-01   2.3259319e-01  -1.6055964e-01  -1.3960834e-01  -2.5697339e-01  -4.7161603e-01   4.4873967e-01  -3.6700251e-01   9.0197967e-02  -2.3665199e-01   6.7834682e-01   1.1228668e-01  -2.1180887e-01   5.9660117e-02  -1.7689000e-01   1.6060216e-01   3.4276025e-01   5.7263285e-01   4.4963017e-01   3.9245683e-01  -1.8325248e-01   3.8009497e-01  -3.2684002e-01   4.5263712e-01   3.6719062e-01  -1.9758066e-01  -6.2709400e-03  -2.8207389e-01  -2.1291216e-01  -3.0917003e-01  -7.5083237e-04  -4.3233795e-01   1.1402158e-01   4.9318490e-02  -8.7324590e-02  -3.4503429e-01   1.3468069e-01   1.4190859e-01  -4.4641695e-01  -1.5889907e-01   5.3986918e-02  -7.0836448e-02   1.5247351e-01  -2.2834227e-01  -2.6201260e-01   8.2806557e-02   1.9163553e-01  -1.0842094e-01  -2.2178706e-01   1.7778515e-01
   1.4153864e-01  -2.7661783e-02   4.1412717e-02   2.9092335e-01   2.2970228e-01   3.4387538e-01   7.1362303e-02   0.0000000e+00   6.8396291e-02  -2.6205625e-02   2.3879725e-01  -9.3383346e-02   3.7232475e-02  -1.0644684e-01   3.5225830e-01   3.3995232e-01   5.1595731e-02   4.2612250e-01   1.6827937e-01   1.7624761e-01   3.4981554e-03   3.5629322e-01   1.4467443e-02  -4.6263239e-02  -2.6928886e-01   2.9272147e-01   1.8111092e-01   8.9884512e-02  -1.7640122e-01   1.9270725e-02   1.0647196e-01   4.6608368e-01   2.1152551e-01   1.1094170e-01  -1.3361845e-01   1.8812451e-01  -6.0557660e-02  -2.1017303e-01   5.0433269e-01  -7.8726784e-02   2.7176584e-01   6.3628160e-02  -1.4949938e-01   4.4713661e-02   1.9373604e-01   2.1784528e-02   4.8508829e-01  -1.0242535e-01  -2.2796367e-01  -1.5865710e-01   4.2050786e-01   5.5989149e-01  -9.7064887e-02  -2.6220055e-02  -2.2305406e-02   3.9110483e-02   8.8960786e-02   3.4482692e-01   4.7922413e-01   2.3046973e-01   2.4444395e-01   1.9910701e-01   4.1706736e-02   1.4205451e-01   1.6967041e-01   5.2004271e-02   2.0642733e-01  -3.2416581e-03   4.4961340e-01  -1.8695898e-01  -1.5490139e-01   2.9621942e-01   4.0191661e-01  -2.2466733e-01  -2.7253889e-01   5.1737293e-01   1.5212272e-01   1.0329243e-01   1.3450398e-01   2.1094284e-01   9.5320428e-02   3.1144015e-01  -1.3063562e-01   2.0911354e-01  -2.6969594e-01   4.5051196e-01  -3.2293908e-01  -1.9024171e-01  -1.6287237e-01  -1.5925145e-01   7.8260926e-02   1.6925700e-01  -9.2941582e-02   8.0074561e-02  -1.2009757e-01   4.4450587e-03   1.7910890e-01   3.9568623e-01   3.0580965e-01  -7.9332716e-02  -3.0391472e-01   1.2153315e-01   2.8078448e-01  -5.7317282e-02   3.1126920e-01   3.4494514e-01  -2.2088882e-02   5.4516294e-01   1.0794579e-02   1.4678109e-01   7.9829568e-02   1.9679952e-01   1.7845463e-01  -9.0971921e-02  -1.8725836e-02   7.7391027e-02   2.6533701e-02   2.9263323e-01   8.6624787e-02   3.8894816e-01   1.8665798e-01   1.9100302e-02  -6.7282175e-02   1.0273470e-01   1.2099364e-01   1.1639739e-01   2.1177376e-01  -4.6880706e-02   3.7473148e-01  -1.9016489e-01   3.5734700e-01   7.7153779e-02   7.5939364e-02   1.0822322e-01   2.1811661e-01   5.1047364e-01  -2.8333935e-02  -3.2547591e-02   4.6668022e-01  -9.4106056e-02   2.3015914e-01  -2.0994328e-01   2.6589420e-01  -2.0882651e-02   1.3494538e-01   1.6429460e-01  -1.0046889e-01   8.0153706e-02   1.8509207e-02  -1.2287652e-02  -2.6104489e-01   3.1120145e-01   1.7101059e-01   7.9064349e-02  -9.1846303e-02  -4.6950377e-02  -3.6614013e-02   4.7084638e-01   2.1205935e-01   4.7153344e-01   1.0705900e-01   3.7407928e-01  -2.1321791e-02   3.7991909e-01   3.6488999e-01  -1.3369369e-01   7.5194370e-02   3.9076241e-02   1.5541356e-01  -7.9911806e-02   5.4683783e-03   8.7617030e-02   2.3220266e-01   1.0799031e-01  -1.4615161e-01   1.3799395e-02   4.6277877e-01
   1.3030269e-01   6.5000122e-01   3.0943191e-01  -2.6690609e-01   5.2440576e-01   5.9313944e-03  -3.9270333e-01   6.8396291e-02   0.0000000e+00  -1.1947628e-01   1.2449950e-01  -5.1150416e-02  -1.3408777e-01  -2.0881586e-01  -4.4607481e-02  -4.1769276e-02   3.5214588e-01   2.6669938e-01   1.4698049e-01   4.1617752e-01  -7.7479098e-04  -1.4233985e-01  -1.9075732e-01   2.4739062e-01  -1.0143333e-01   8.3727364e-02   2.0136502e-01  -1.9636965e-01  -1.9646424e-05  -2.2095457e-01  -1.9616010e-01  -1.1919662e-01   1.0948461e-01  -6.3668560e-03   4.0043563e-02   5.0478471e-01   4.2270143e-01   2.9404595e-01   1.0934664e-01   3.5186346e-01   1.8113808e-01   1.3924974e-01   2.5617870e-01   1.5120590e-01   2.8562819e-01   2.0838987e-01   6.7040081e-02  -3.8293937e-01  -2.6174755e-01   2.4927199e-01   8.7505915e-04  -5.6665695e-02   2.0649494e-01   2.0318544e-02  -2.5181776e-01  -2.1608308e-01   1.9403363e-01  -9.6630511e-02   2.2623107e-01  -6.9959777e-02   2.7775042e-01   3.9563843e-01   6.0020973e-01   4.3595184e-01   4.8777325e-01   4.3041715e-01  -6.2782304e-02   1.9044442e-02  -1.9826697e-01  -1.5535702e-01   2.1524488e-01  -2.9492643e-01   1.9785648e-01   1.7240588e-01  -1.1732041e-01  -2.1648709e-01   2.3949726e-01  -1.1186531e-01   4.4576222e-01   6.7364104e-02  -7.3661853e-02   2.3301746e-01   2.0083630e-01   1.5080127e-01   1.8228934e-02  -2.3825622e-01  -3.3053417e-01   9.5760810e-02   4.7337391e-01  -4.3944232e-02   5.8693191e-01   1.7720027e-01  -1.3120054e-01   1.3556135e-01   2.6741360e-01   2.0136692e-01  -6.2772810e-02   1.3148398e-01   4.0697530e-01   3.5206864e-01  -4.3480761e-01   2.2094854e-01  -2.6618788e-01   3.2091300e-01  -2.5083057e-01  -2.1175790e-01   2.5110144e-02   1.7561245e-02   2.8024386e-01  -3.8992671e-02   1.7421630e-01  -3.6528156e-01   1.2116827e-01  -1.8428265e-02  -1.0580348e-01   5.5870309e-01  -1.0241469e-01   2.7545597e-01  -3.3153663e-01  -2.6859735e-01   1.2068616e-01   2.7742852e-01   1.9772946e-01   4.2390703e-01   1.8268761e-01   4.5844954e-01   4.5350568e-02  -5.0254115e-02  -5.9587870e-02   4.7331164e-02   2.8175495e-01   5.6052412e-01   2.8640915e-01  -2.8638265e-01   3.8599118e-01  -7.8165714e-02  -1.8398175e-01  -3.1253018e-01  -1.0882420e-01   2.5504432e-01   6.2632142e-02  -1.7573456e-01  -3.3013247e-02  -3.3365817e-01  -2.2664194e-01  -2.4269168e-01  -1.7132554e-01   4.6121390e-01  -1.5259296e-01   3.8949616e-01  -3.6552289e-01  -2.8652859e-02   2.0910062e-01   1.6629846e-01   1.3911992e-01   1.5343080e-01   3.1088479e-01   1.2593098e-01   3.9593242e-01   4.5576297e-02  -8.6282990e-02   4.3003583e-01   3.6349733e-01   2.2827949e-01   3.8960161e-03   3.7654576e-01   1.9777239e-01  -8.6442826e-02   9.0191036e-02  -2.3979068e-01   3.7563164e-01   3.4986299e-01   2.6339516e-01  -1.8860680e-01  -2.1931034e-01   2.2674298e-02  -5.9522861e-02
  -1.4920905e-01  -4.3359293e-01  -1.2592804e-01   1.9723268e-01  -5.0448957e-01  -1.1473281e-02   3.5150274e-01  -2.6205625e-02  -1.1947628e-01   0.0000000e+00   2.8448985e-01   4.1285144e-01   1.1593746e-01   2.0480595e-01   3.5699450e-01  -3.1391122e-02  -3.5895407e-01   1.3457107e-01  -6.5884394e-02  -4.3481349e-01   4.1784188e-01   5.7143876e-02   5.9640191e-01  -2.6273704e-01  -9.3872415e-02  -1.9102657e-01  -8.2922448e-02  -2.3883801e-01   1.4159461e-01   2.4441534e-01   1.7450356e-01   5.0782475e-02  -1.3690908e-01   5.5758745e-01   2.7057668e-01  -3.2530033e-01  -5.9095513e-03  -2.2957652e-01  -1.1871117e-01  -3.1691198e-01  -3.1904905e-02  -1.4150477e-01   9.9186228e-03   7.6793929e-02   1.9327882e-01   5.4735020e-02   2.6588497e-01   3.9372191e-01  -1.4890379e-01  -6.5537479e-01   3.5081557e-01   8.2468288e-02   2.4881867e-02  -4.4420086e-01  -1.9387254e-02   2.2547623e-01  -1.4385242e-01   1.0166603e-01  -5.6570507e-02   6.3236544e-02  -2.5301995e-01  -2.6115458e-01  -4.9160632e-01   6.0021690e-02  -1.6917252e-01   1.5749231e-01  -1.6839878e-01   1.6454587e-01   1.1430905e-01   2.0352132e-01   1.8650856e-01   3.9138505e-01  -1.1521405e-01  -4.6123705e-01  -2.0737033e-01  -2.9301821e-02  -1.2455161e-01   1.2790545e-01  -4.7018814e-01  -2.3943857e-01  -2.6468573e-01   5.9260028e-03  -3.6631831e-01  -2.1040397e-01  -3.1711570e-01   2.6399718e-01   3.6570677e-01  -2.7705036e-01  -4.5498674e-01  -9.5142222e-02  -6.0659990e-01  -2.3187099e-01   3.1651439e-01  -1.1535077e-01  -1.0990303e-01  -2.6149516e-02  -5.9801466e-02  -1.6493796e-01  -3.0484982e-01   3.9115617e-01   1.4208577e-01   1.5454779e-01   1.6952799e-01   1.7325783e-01   4.5964394e-01   3.5514879e-02  -2.9473718e-01  -1.3538321e-01   2.5609600e-01   4.5011250e-01  -2.2693453e-01   1.8129494e-01   8.4545005e-02  -8.2696843e-02   2.6936257e-02  -5.8325962e-01   2.1463314e-01   3.5592770e-02   2.7919393e-01   9.5209950e-03  -8.8157797e-02  -4.2371758e-02  -8.9940001e-02   1.8397947e-02   1.8806116e-01  -2.5136527e-01   3.5153191e-01  -3.4145472e-01  -3.5180189e-02  -1.5681471e-03  -9.2194183e-02  -9.5351469e-02  -5.4452401e-01   5.8874192e-01  -2.2412024e-01  -1.2690174e-01  -2.7174622e-01   3.0648309e-01  -1.0449943e-01  -3.6430600e-01  -1.9541637e-01   1.0443273e-01   3.4112416e-01   1.9268238e-02   2.6798778e-01   4.0907126e-01   4.3467682e-01  -1.4259972e-01   5.7975249e-01  -5.3766337e-04   1.4058285e-01  -8.0354198e-02  -3.4986663e-01  -1.6113329e-01  -2.1020079e-01  -2.4599538e-01  -2.5686232e-01  -6.7125171e-03  -3.5123908e-01  -2.0879506e-01   6.7153727e-02  -3.4646107e-02  -2.1274794e-01   3.0324307e-01  -2.8234798e-01  -4.3180780e-01  -7.3611770e-02  -3.1112263e-02  -2.3659462e-01   1.3768939e-01   7.5972202e-02  -1.8524759e-01   3.3584519e-01  -2.5500961e-02  -1.3646428e-01  -2.5849567e-01  -1.2246202e-01
  -8.6395211e-02  -9.8350669e-02  -1.2349167e-01   3.5865682e-01  -5.0809028e-02   1.2778503e-03   2.3387822e-01   2.3879725e-01   1.2449950e-01   2.8448985e-01   0.0000000e+00   3.2056096e-01  -1.9359350e-01  -9.3834255e-02   5.4867454e-01   2.2752645e-01  -2.5561834e-01   5.6371486e-01   5.5288735e-02  -1.8986705e-01   4.1050222e-01   2.8352680e-01   3.4797336e-01  -1.9635297e-01  -3.0380742e-01  -4.0426981e-02  -1.0966630e-01  -3.3879878e-01  -1.6918111e-01   1.6798533e-01   5.4932472e-01   1.8220883e-01   6.5110748e-03   6.0706223e-01   4.5458698e-02   1.5402309e-01   2.0497941e-01  -8.5501600e-02   2.3419148e-01  -3.5751744e-01   1.3166141e-01  -1.3231852e-02  -2.3696865e-01   5.7547562e-01   4.2723542e-01  -1.2455159e-01   4.7466589e-01   3.5627162e-01  -1.3875065e-01  -3.9163218e-01   5.7456687e-01   2.9531690e-01   2.9703140e-01  -3.5800224e-01   1.5362203e-01   2.4551521e-01  -4.4529162e-02   2.4427173e-01   2.6646821e-01   2.3689216e-01  -1.1663222e-01  -2.8795560e-03  -1.0346430e-01   3.7737079e-01   1.6957110e-01   1.2310310e-01  -1.4754831e-01  -1.2311639e-01   2.5621994e-01  -3.6018005e-02   2.2303178e-01   2.3956647e-01   2.9587125e-01  -2.9232969e-01  -4.6345437e-01   2.6526878e-01   8.1973285e-02   8.8957651e-02   3.4587115e-02   3.9869495e-02  -3.5178761e-01   1.7227911e-01   8.9684119e-02  -7.4939814e-02  -1.7965083e-01   3.2499132e-01  -4.7099455e-02  -2.0797521e-01  -2.4917450e-01  -3.1288958e-01  -1.7601593e-01  -8.4794639e-02   1.2993433e-01   8.7207452e-03   1.0804561e-01  -4.8015164e-02  -4.5876616e-02   4.2343897e-02   5.3999321e-02   3.5772061e-01   3.4860126e-02   2.8372971e-01   3.2410561e-01   2.9150561e-01   4.1904136e-01   2.5040236e-01  -3.3666053e-01   6.5081474e-02   1.0687297e-01   3.3631069e-01  -7.0931506e-02   1.1186406e-01   6.2699775e-02  -2.9081149e-01  -8.9737934e-02  -4.0883982e-02   2.1092157e-01   2.5293466e-01   4.8009108e-03   9.1844311e-02  -1.0590297e-01  -2.7291680e-02  -2.4289345e-01   3.7789608e-01  -7.1971529e-02  -1.3138134e-01   3.7838990e-01  -2.9577520e-01   3.3970673e-01  -1.0451565e-01   2.1724140e-01   4.2921620e-01  -2.6528324e-01   4.8439687e-01  -9.1724890e-02   1.1430795e-01  -3.5742838e-01   2.3294438e-01   1.0510569e-01   1.6302551e-02   3.4722719e-02  -3.5085064e-01   3.2890844e-01  -2.8904443e-01   3.9036250e-01   5.9682736e-01   4.0022288e-01   2.6703692e-01   2.2415352e-01   1.7364528e-01  -2.4264777e-01  -6.7274260e-02  -1.7965185e-01   3.7528712e-01  -3.5894424e-01  -8.3473294e-02   5.4101684e-02   9.1831519e-02  -6.2081509e-02  -7.7437525e-02  -2.4067412e-02   3.6469085e-01   1.3353429e-01   5.4040658e-01   5.0181692e-02  -2.5133830e-01   1.8123178e-01   5.9734959e-02  -1.9334147e-01   2.5293295e-01   5.5171479e-02   3.6226173e-02   3.3582911e-01  -2.0489521e-02  -3.4416967e-01  -1.2397028e-01   3.7303215e-01
   1.0431939e-02  -7.5958883e-02   3.0889477e-01   1.5051948e-01  -3.1784112e-01  -8.2836933e-02   1.7329168e-01  -9.3383346e-02  -5.1150416e-02   4.1285144e-01   3.2056096e-01   0.0000000e+00  -1.6455842e-01   2.1744699e-02   3.7230768e-01   1.8235244e-01  -4.8024320e-02   1.7822239e-01  -1.1623671e-01  -2.0126914e-01  -8.9144765e-02  -1.4617991e-01   2.9568236e-01  -2.6250578e-01   6.5625111e-02  -2.8041354e-01  -2.5261015e-01  -3.2439300e-01  -1.9925064e-02   1.9940633e-01   7.7921265e-02  -9.6145435e-02   6.6980652e-02   6.0303194e-01   2.1620878e-01  -6.9682714e-02  -8.7097577e-02  -1.9403666e-01   5.2586613e-03  -4.0462448e-02  -1.0336648e-01   3.8421088e-03   1.7036705e-01   2.0802643e-01   9.9984503e-02   1.4587117e-01   1.4862668e-01   2.5009697e-01  -4.4230654e-01  -1.9713348e-01   3.4916231e-01   1.4334906e-02   2.4101008e-01  -8.1648902e-02   3.9749374e-02   5.4742184e-01  -2.0647683e-01  -1.5510389e-01   9.9382907e-02  -1.1455949e-01  -6.0043624e-02  -1.2481347e-01  -6.6171179e-02   1.0910919e-01  -3.0357163e-01   2.8964587e-01   1.3588420e-01  -4.8432949e-03   1.2218861e-01   5.4675067e-01   1.6271398e-01   9.3888606e-02  -9.8032682e-02   5.3787338e-02  -9.3949260e-02  -6.9053709e-02  -6.6208240e-02   8.9769359e-02  -9.8106048e-02  -1.5965728e-01  -2.3668302e-01  -3.9459770e-02  -6.7052260e-02  -4.1765101e-02   1.5990568e-01   1.9192988e-01   2.6870743e-01  -1.3185675e-01  -1.8663642e-01  -4.0365709e-01  -2.9336655e-01   1.2220211e-01   3.5256607e-01  -1.3578526e-01  -1.1750612e-01  -3.0393874e-02  -2.8762672e-02  -1.3086307e-01  -1.9114173e-01   2.6308053e-01   2.8824089e-01   3.3089166e-01  -1.9708309e-02   2.1115961e-01   1.5975031e-01  -6.6928469e-02  -1.4223228e-01  -1.4442413e-01   5.0295621e-02   3.5044194e-01   1.5949869e-01   6.2031363e-02   2.1624625e-02  -3.4686566e-01  -1.5832325e-01  -3.6522196e-01   3.1693965e-01  -1.0238437e-01   3.4492777e-01  -9.3496951e-02  -2.9342117e-01   1.2469046e-01   9.8830195e-02   1.4122703e-02   1.0569252e-02   6.0393906e-02   1.8565820e-01  -1.0866630e-01   1.1996789e-02   4.1468825e-01  -1.0202022e-01   6.4962796e-02  -3.4367381e-01   2.9613876e-01   4.5650616e-02  -1.2500839e-01  -2.0565029e-01   1.5479269e-01  -1.4479415e-01  -1.8590474e-01  -7.2022715e-02  -1.9401939e-01   2.3023742e-02   4.1411970e-02   1.7309737e-01   1.7897323e-01   3.5541409e-01   9.0784963e-02   2.9843762e-01  -2.9561012e-01   2.2889715e-01  -1.4764494e-01  -2.3436817e-01  -2.5069537e-01   2.1386656e-01  -2.2157015e-01  -1.7354176e-01   3.3753845e-02  -1.3882723e-01  -3.5976675e-01  -2.8593996e-02  -1.1498981e-01  -9.3306462e-02   1.5519339e-01  -2.4039547e-01  -3.2351164e-01  -1.5645488e-01  -3.3517466e-01  -2.7389622e-02   3.7282435e-01  -2.6722723e-03  -3.0168871e-01   7.7492488e-02  -1.1131787e-03   3.3786499e-03  -1.5014631e-01  -1.7728080e-01
  -5.5695641e-03  -1.2740826e-01   5.1324738e-02  -1.7350595e-01  -7.5671818e-02   1.1303479e-01  -1.2789889e-01   3.7232475e-02  -1.3408777e-01   1.1593746e-01  -1.9359350e-01  -1.6455842e-01   0.0000000e+00   2.2725016e-02  -2.1131355e-01  -7.0264262e-02   1.3133068e-02  -1.8264207e-01   1.6098854e-01  -6.8571736e-02  -1.5192280e-01  -6.7463186e-02  -3.2505412e-02   8.3061672e-02   2.3418529e-01  -2.3405203e-04   1.8534490e-01   1.1838071e-01   3.9902947e-01  -2.3014205e-02  -1.8393532e-01   4.5446176e-02   8.6332820e-02  -2.1819409e-01  -3.0677514e-02  -2.4937034e-01  -1.8759328e-01  -1.7300835e-01  -2.1742482e-02  -3.5449489e-02   4.2831670e-01   1.5515434e-02   1.5592619e-02  -2.8881426e-01  -1.9821745e-01   2.3948702e-01   1.0910241e-02  -5.3490961e-02   1.6241169e-01  -1.2123708e-01  -5.1047876e-02  -1.0817841e-01  -3.0916395e-01   8.4383991e-02  -2.5536824e-01  -2.6340526e-01   2.1134853e-01   4.9705039e-02  -1.3248470e-01  -6.4634596e-02   1.7951538e-02  -1.4113187e-01  -1.5549293e-01  -1.2856829e-01  -6.1513607e-02  -2.2150282e-01   9.7523787e-02   6.1870366e-02  -2.3495923e-02  -1.1569067e-01  -1.1332723e-02   5.6578888e-02  -2.3495560e-02  -1.9717124e-01   2.4882534e-01  -1.0183299e-01  -8.7789755e-02   1.1672107e-01  -2.8720555e-01  -2.6981125e-02   8.7877818e-02   1.2831148e-01  -3.0451645e-01  -1.7530870e-01  -2.8694576e-02   1.3715300e-02   4.9447268e-02  -1.0308247e-01  -8.7890879e-02   1.2945513e-01  -1.8706109e-01  -1.2757378e-01  -2.4801140e-01   6.6316158e-02  -1.2582908e-01   5.8896410e-02   1.2997563e-01   2.0398314e-02  -1.2364234e-01  -2.0951649e-01  -2.7947563e-02  -1.8823101e-01  -1.1354007e-01   3.1693831e-02   6.8327137e-02  -1.0372565e-01   1.2758155e-01   1.1039485e-01   1.2894588e-01  -1.2557442e-01  -2.6000232e-01  -1.0392582e-01  -9.1245695e-02  -2.7296080e-03   6.9642502e-02  -1.7355312e-01  -1.7415739e-01   4.1254945e-01   1.6781909e-01  -1.9030430e-02   1.2018318e-01  -9.6379654e-02   1.8930206e-01  -2.1131422e-01   1.7191372e-01  -7.8917930e-02  -1.9398744e-01   1.8530790e-01  -1.1162435e-01  -7.8032886e-03   6.6082467e-03  -2.6535781e-01   7.2012201e-02  -1.9032982e-02  -1.0643406e-01   6.3398047e-02   3.2897726e-01   2.2686113e-02   9.7356669e-02  -3.4371697e-01  -1.0686806e-01   5.2356872e-01   1.9008265e-01   6.7020648e-03  -2.6475475e-01   1.0549374e-02  -2.8243214e-01  -3.5305209e-01  -1.6129040e-01  -6.2944129e-02  -1.0855272e-01   2.6549531e-03   1.8709418e-02  -1.4426775e-01  -5.5012014e-02  -6.2190253e-02  -1.4012496e-01   5.1739111e-02   1.2361882e-02   7.2021723e-02   1.7573888e-01  -4.7972646e-02  -1.5942192e-01  -9.0002795e-02  -6.2854967e-03  -6.7014031e-02  -1.4832990e-01   3.0399321e-01   1.0522688e-01  -1.9964614e-01  -1.0400752e-01  -1.9655140e-01  -7.6494373e-03   1.1463307e-01   1.0580215e-01   1.4565795e-01  -1.3084532e-01
   4.2801544e-01  -4.5032130e-01  -4.9859455e-01   2.3927278e-01  -3.6014250e-01   1.8064985e-01   3.7831916e-01  -1.0644684e-01  -2.0881586e-01   2.0480595e-01  -9.3834255e-02   2.1744699e-02   2.2725016e-02   0.0000000e+00  -1.4995797e-01  -2.0170190e-01  -4.8233341e-01  -4.2995112e-02  -8.3215500e-02  -4.5097854e-01   5.6106463e-02   1.7880593e-01   3.6065106e-01   3.0821021e-01   2.2579923e-01   4.8702418e-02  -4.7681212e-02  -3.5872645e-02   5.0148468e-02   4.3835758e-01  -5.8781323e-02   1.5122467e-02  -5.0478676e-02  -1.1256959e-01   6.1221291e-02  -4.3850884e-01   2.7131495e-02  -1.5619301e-01  -2.5821999e-01  -5.0092124e-01  -6.9484229e-02  -1.8700884e-01  -2.5677932e-01   4.4871875e-02  -1.0265331e-01  -1.9559166e-01   4.6605850e-02   4.7953909e-01   2.3778289e-01  -4.6424167e-01   1.6892512e-01   9.7923337e-02  -1.4472286e-01  -1.8569712e-01   4.2610350e-01  -3.8807506e-02  -1.1901221e-03   2.0985946e-01  -1.3404281e-01   2.0897950e-01  -4.1950773e-01  -2.9935102e-01  -4.1141179e-01  -3.5664070e-01   2.4369330e-02  -4.5475416e-01   5.6410629e-02   1.3286873e-01   1.6046215e-01  -7.2517444e-02  -7.0346072e-02   3.3493992e-01  -3.1784394e-01  -4.2158193e-01  -5.3816038e-02  -7.5802480e-02  -3.3675542e-01   2.8873433e-01  -2.7206203e-01  -1.7247935e-01   1.7775326e-02  -2.7308233e-01  -4.5454753e-01  -9.1317232e-02  -2.6444887e-01   6.3789033e-02   3.4923917e-01   1.5150045e-01  -3.3399672e-01   3.2728572e-01  -3.3820726e-01  -3.5105058e-01  -1.1498768e-01  -1.7587686e-01  -2.5784185e-01  -1.6066700e-01  -4.4308827e-02   2.6600385e-02  -1.5709233e-01  -1.7481460e-01   4.4258383e-01  -5.0814503e-01   2.7624008e-01  -4.2211975e-02   3.4071131e-01   1.7866988e-01  -2.3150215e-01  -1.2742801e-01   1.2903065e-01   3.0032246e-01  -5.2658822e-01   4.4842691e-01  -6.9139764e-03   4.4418509e-01   2.6892856e-01  -3.0189217e-01   1.0776167e-02  -2.2269611e-01   4.0249884e-01   1.0486596e-01   1.6693115e-03  -3.0902035e-01  -2.8950643e-01  -1.1334037e-01   1.5706075e-01  -5.2507071e-02   1.6881073e-01  -2.1761957e-01   1.1906693e-01  -2.8795579e-01  -3.5258721e-01  -3.3412474e-01  -2.2844448e-01   3.3630006e-01  -3.4508372e-01  -2.6193181e-01  -3.4317752e-02   5.7981847e-01  -2.9543898e-01  -3.6432524e-01   3.1454740e-01   2.4939169e-01   2.1911501e-01   3.7307145e-01   4.8668322e-02   2.5063751e-01   5.0390547e-02  -2.9294791e-01   2.9288004e-01  -2.9346142e-01   2.3891301e-01   6.1119358e-02  -3.5341031e-02  -1.6239071e-01  -2.6819287e-01  -8.0493186e-02  -1.1471498e-01  -1.5102385e-01  -3.7445600e-01  -1.3077637e-03  -7.9318365e-02  -9.8317072e-02  -4.6365402e-01   7.5652415e-02  -7.4591408e-02  -4.7560838e-01  -2.2483603e-01   1.3135878e-01   1.8224763e-01  -1.1082815e-01  -2.5454171e-01  -2.6057618e-01   9.7891008e-02   2.2333187e-01   1.3145691e-01  -3.0784092e-01  -2.7221943e-02
