   0.0000000e+00  -4.5294706e-01  -4.7004955e-01  -2.0505025e-02   1.6703822e-02  -1.1432946e-01  -1.4416409e-01   3.6943223e-01   3.0994365e-01  -1.8676590e-03  -1.0693745e-02  -6.0066908e-01   1.3017303e-01   5.7294621e-01   1.9945596e-01  -3.4035729e-01  -3.6252542e-01   6.1706532e-02   2.2708775e-01  -1.0682608e-01   5.1610052e-03   7.7896313e-02   1.5560293e-01   7.7567582e-01  -1.2475993e-01   2.6077676e-01  -4.8353121e-01   2.0104066e-01  -1.8843138e-01  -3.8567134e-01   3.1575501e-02   3.5220974e-01  -5.7369481e-02  -1.6667324e-01  -1.9424491e-01  -8.7668680e-02  -1.1677308e-01   5.9277779e-01  -3.7136233e-01  -3.0849937e-01   9.3501497e-02   1.2703107e-01  -8.6655117e-02   3.4458125e-01  -1.9177749e-01   3.0857189e-01  -3.6983295e-02  -1.7386603e-01  -1.5300230e-01  -3.4049256e-01   1.5098934e-01   4.0969442e-01  -2.0909488e-03  -2.8485244e-01   1.6937185e-01  -7.0517253e-02   3.4958169e-01   4.0232491e-01   1.8589351e-02  -4.3367860e-01  -8.2332949e-02  -1.1123950e-01   4.5116550e-01   7.7151441e-02  -1.5904289e-01  -7.7050515e-02  -1.6828379e-01  -3.4581263e-01   3.6531539e-03  -3.6077660e-02  -2.0668676e-01   9.5312624e-02  -1.3075907e-03   4.0830665e-01   5.6090049e-02   2.5611671e-01   1.5857124e-01   1.9032193e-01  -3.8787901e-01  -3.7588224e-02   3.5752039e-01  -1.8814580e-01  -1.8709510e-01   2.7211173e-01  -2.1618903e-01   2.9016505e-01   1.8334798e-02   2.4714984e-01  -5.3030240e-02   7.0557096e-01   2.3785583e-02  -8.3922123e-02  -2.5728044e-01   1.1792089e-01   5.0753630e-01   3.9895003e-02  -9.0849544e-02   2.9855192e-01  -1.3584784e-01   6.7985320e-02   2.0975521e-01   1.3718154e-01   6.7010715e-02  -3.0814484e-01   2.1077649e-01   2.4555866e-01  -2.4354247e-01   2.1924184e-01  -2.1064737e-01  -2.3750719e-01  -3.1463646e-01   3.6364959e-02   2.4623589e-01   7.6407747e-01  -7.5489024e-02   3.1554033e-02   2.4849630e-01  -4.6817626e-02  -2.2774211e-01   2.1454722e-02   5.3250386e-01  -1.1084154e-01  -2.1784478e-01  -2.3072863e-02   6.6001371e-01  -2.4616103e-01  -1.7470240e-01  -1.3690590e-01   2.0562569e-01  -4.0640440e-01  -7.1096597e-02  -1.8938707e-01  -1.4227517e-01  -1.9003057e-01   1.9657430e-01   2.9415298e-01   3.3851271e-02   1.1095703e-01   1.3307194e-01   6.0105496e-01   5.9439019e-01  -4.9114740e-02  -5.2450510e-02  -3.3795249e-01  -5.0101213e-02   2.6335157e-01  -3.3583132e-01   2.4104743e-01   1.1481939e-01  -2.3245114e-01  -1.2157895e-01   2.7636113e-01   2.8968803e-01   2.1965228e-02  -4.4349758e-01   6.1100940e-01   2.2478497e-01  -1.5650357e-03  -2.1391332e-03   3.6488070e-01  -1.3926380e-01   1.8839327e-01   1.2267401e-01   1.3241990e-01   8.1259265e-03  -2.8138270e-01  -1.0552435e-01   1.1971078e-01   4.8749226e-01  -1.4790944e-01  -2.3440319e-01   4.4935918e-01   6.9761873e-02  -2.3999870e-01  -6.4893579e-02  -3.0811090e-01   1.5783944e-01
  -4.5294706e-01   0.0000000e+00   4.2778205e-01  -1.7000529e-01   4.3172247e-01  -6.8140977e-03   5.5201935e-02  -2.4380691e-01  -3.0413911e-02  -2.2922568e-01  -2.1026479e-01   6.2723203e-01  -1.1104743e-01  -2.8530308e-01  -4.1140420e-01   6.5963145e-02   4.6658504e-01  -3.8527314e-01  -6.4616518e-02   1.8729387e-01  -2.2565881e-01  -2.7435662e-01  -3.9481658e-01  -3.5026691e-01   9.3348817e-02  -1.6356873e-01   3.8590861e-01  -3.5605852e-01   1.0464325e-02   7.2560490e-01  -2.4705155e-01  -4.7576576e-01  -1.2848476e-01   3.5234730e-02   3.9910664e-01   8.9047135e-02   5.6916189e-03  -3.5923434e-01   9.6580696e-02   2.8641576e-01   1.1979256e-01  -1.3365869e-01   2.5833031e-01  -1.7830151e-01  -6.9707392e-02  -5.2914916e-02  -1.4585024e-01   2.3245039e-01   1.3767679e-01   3.9735482e-01  -4.9595646e-01  -3.2600973e-01   3.1106552e-01   2.0485594e-01   4.5470227e-02  -2.2662282e-01  -2.4049611e-01  -3.9820527e-01  -1.9455536e-01   6.5164943e-01   6.5201758e-02   2.4569818e-02  -1.5574050e-01   1.2854692e-01   2.4070785e-01  -2.5257720e-04   1.2353426e-01  -1.8222048e-02  -3.0053048e-01  -1.3490429e-02   6.5006706e-01  -2.1942611e-01   1.4271952e-01  -3.6450301e-01   4.1075968e-02  -2.6639575e-01  -1.0183745e-02  -1.1218126e-01   4.2602687e-01  -1.3726923e-01  -5.6154158e-01   8.6625719e-02   9.5538911e-03  -2.4976968e-01   2.7580287e-01  -4.2348753e-01  -5.0578773e-02  -6.9202380e-02  -2.3940238e-02  -3.7339048e-01   4.1617807e-01   1.4644578e-01   2.7515773e-01   1.6997405e-01  -3.8956181e-01   3.5466881e-01  -8.8509366e-02  -1.3524307e-01  -5.9114207e-02  -3.7258897e-01  -7.2412476e-02  -1.9250592e-01  -1.6073414e-01   3.0555702e-01  -4.3711212e-01  -2.7711812e-01   1.7694514e-01  -3.5209198e-01   5.9293777e-02   5.7320652e-01   2.8266689e-01  -3.0462057e-01  -2.2254809e-01  -3.7994782e-01  -2.0820451e-01   3.5870294e-01  -1.6973803e-01   1.0548837e-01  -3.0643141e-02  -2.4693987e-01  -4.5204663e-01   2.8791130e-01   4.3488272e-02  -4.8385338e-02  -3.0899921e-01   6.6453126e-02   2.1910248e-01   3.0056633e-01  -3.3849001e-01   5.7288527e-01   9.7108471e-02   3.7418936e-02   6.7713521e-02   9.8327767e-02  -4.9605933e-02  -2.5296288e-01  -1.1900907e-01  -9.0739921e-02  -3.1834355e-01  -2.7892812e-01  -3.9676703e-01  -3.2079519e-02  -2.3100233e-01   4.0815768e-02  -2.6516393e-01  -4.1268554e-01   3.9082330e-01   3.5345207e-01  -2.9944253e-01   8.8575600e-02   6.1022703e-02  -3.5871012e-01  -1.2187857e-01   3.6117762e-01   6.0211172e-01  -3.7089096e-01  -1.1475938e-01  -9.7437235e-02   1.1709592e-01  -4.9954865e-01   1.5607629e-01  -1.8183254e-01  -3.9878660e-02  -4.4222838e-01  -1.4383886e-01   5.0469279e-01   3.3615270e-01  -1.9203580e-01  -1.4686064e-01   6.2950117e-01   4.7993057e-01  -2.5337097e-01  -2.9511545e-01   1.9327961e-01  -1.8794081e-02   1.6991668e-01  -1.7087295e-01
  -4.7004955e-01   4.2778205e-01   0.0000000e+00  -2.4412205e-01   3.6826072e-01   2.2557564e-01  -1.5621902e-01  -2.2646619e-01  -1.7988469e-01  -3.7973972e-01  -2.3267770e-01   5.8709825e-01   6.1558682e-02  -3.0859093e-01  -3.8459622e-01   3.1930983e-01   9.1482598e-01  -2.9224187e-01  -2.1234216e-01   3.6877278e-01  -1.8766373e-01  -2.3910168e-01  -4.4769297e-01  -3.8975474e-01   9.2374591e-02  -3.0992763e-01   3.9324755e-01  -3.0578699e-01   6.8078993e-02   1.5835064e-01  -3.0646899e-01  -4.6446694e-01   2.1981812e-01  -1.4224912e-01   1.6596174e-01  -6.2339334e-02  -9.6597143e-02  -3.0492140e-01   3.1967532e-01   5.9151687e-01   4.7908649e-02   2.2673286e-01   1.8501404e-01  -2.2094388e-01  -2.0308161e-01   3.2150368e-01   9.7616862e-02  -2.2229523e-01  -4.1850031e-02   8.1774943e-01  -3.7376334e-01  -2.9909743e-01  -1.8227831e-01   5.2242602e-01   6.5669241e-02  -1.6641560e-01  -2.5729384e-01  -4.4357753e-01  -8.4027122e-02   3.4005191e-01   4.4923903e-01   3.9844975e-02  -4.5315470e-01  -2.4497564e-01  -2.2220417e-02  -1.6045004e-01   4.0257721e-01   9.3687517e-02  -1.0740117e-01   3.6092102e-01   3.0331190e-01  -1.1364089e-01   4.7894135e-03  -1.6620441e-01   4.6425213e-02  -3.0385048e-01   3.3363002e-01  -4.3620583e-02   2.8790337e-01   5.7140112e-02  -5.8175803e-01   8.0710626e-02  -8.8418629e-02  -3.1242929e-01   2.9310979e-01  -3.2138850e-01  -2.8068600e-01  -1.0856528e-01   1.1273712e-01  -4.5871458e-01   2.0901167e-01   5.9880592e-01   3.8918954e-01  -1.3940741e-01  -2.8224223e-01   4.7200577e-01   5.9273068e-02  -1.1469065e-01  -9.3144981e-02  -2.8105825e-01  -1.8360333e-01  -3.0611350e-01  -6.9081895e-02   1.4317084e-01  -3.7586405e-01  -1.1805932e-01   5.0987162e-01  -1.9841598e-01   1.3554878e-01   9.0342421e-02   1.2224973e-01  -1.7481120e-01  -2.1452857e-01  -3.8126003e-01  -1.1452211e-01  -1.0454580e-01  -1.2898347e-01   5.4039444e-02   1.5591286e-01  -1.1758929e-01  -3.7382768e-01   4.2353278e-01   2.2816953e-01  -1.5502480e-01  -2.8791030e-01   7.3950482e-02   1.2041957e-01   3.7408271e-01  -3.8043394e-01   7.1712828e-01   1.0455174e-01  -2.5036313e-01   1.2226772e-01  -1.3418562e-01  -1.6090076e-01  -3.3976494e-01   3.2101783e-02  -3.2087412e-01  -2.7033044e-01  -2.3614438e-01  -3.1788842e-01   3.4282414e-02  -1.0020732e-01   2.1844670e-01  -2.8588529e-01  -3.8247615e-01   2.7973634e-01  -1.4580864e-01  -2.7815889e-01  -3.2213950e-01   8.7491532e-02  -3.9575992e-01   1.2303359e-02  -1.6772264e-01   8.6397863e-01  -3.2989120e-01   3.0739248e-02   4.6813954e-02   3.4926783e-01  -3.3453464e-01   7.4579230e-02  -2.3126019e-01  -1.2022550e-01  -3.2369048e-01  -1.4723099e-01   4.1615810e-01   1.9581454e-01  -5.5281628e-02  -3.0457200e-01   1.2092920e-01   2.4168927e-01  -6.2295047e-02  -3.1893299e-01   3.7929050e-01  -7.0200256e-02   4.2412935e-01  -2.3351103e-01
  -2.0505025e-02  -1.7000529e-01  -2.4412205e-01   0.0000000e+00  -8.8706648e-02   2.5124422e-01   2.5819753e-01   8.1251203e-02   2.2710659e-01   3.2666026e-01   1.4567749e-01   3.1036920e-02  -1.3287558e-01   3.2971542e-01   4.1309608e-01   7.1517496e-02  -2.9870135e-01   4.5163111e-01   1.3807728e-01   5.9019615e-02   1.3373551e-01   4.3301533e-01   2.6941595e-01  -1.9335071e-02   6.8773052e-02   1.0047487e-01   5.4019416e-02   3.0869324e-01   2.3819960e-02  -1.0475898e-01   2.5803449e-01   4.9605238e-01  -2.6627150e-01   1.7921068e-01  -2.2780945e-01  -1.0589212e-02   6.0951209e-02  -1.0629673e-01  -1.3111568e-01  -9.8028344e-02  -2.9812977e-01  -1.6206307e-01  -5.1026988e-02   1.1654760e-01   2.5462746e-01  -3.9151540e-01   2.7695337e-01   8.4382187e-02  -1.7132118e-01  -3.6707099e-01   5.2283145e-01   5.4117338e-02  -9.9640455e-02  -3.0709187e-02   8.6412488e-02   3.8700145e-01   1.1311902e-01   5.7757813e-01   4.1461319e-01   4.2436746e-02  -6.3474263e-02  -4.3587203e-02  -8.4422174e-02  -1.6385129e-01  -4.1058378e-02   2.4901949e-01   2.1403021e-01   1.6731272e-01   5.0835586e-01   1.8552269e-02  -2.2225285e-01   4.4780316e-01  -1.2015938e-01   1.8969615e-01   2.4536544e-02   3.6184294e-01  -2.2013253e-01   1.6998423e-01  -2.3063722e-01  -1.2242302e-01   3.8669030e-01  -9.5766428e-02   3.3533729e-02   2.0530826e-01  -1.2447517e-01   2.8205313e-01   7.1199665e-02   1.4990337e-02  -2.6968563e-01  -4.4893463e-02  -2.8028961e-01  -1.1667610e-02  -6.4517219e-02   9.0787294e-02  -2.8145185e-01  -1.6584265e-01   1.3184041e-01   3.3673258e-02   8.2142818e-02   3.7957566e-01   8.5292730e-02   2.0954072e-01   6.0861779e-01   1.1800633e-01   4.9016732e-01   4.3749044e-01  -5.4125339e-02   2.7196229e-01   8.9527561e-02  -1.6934523e-02  -7.4121726e-04   4.8022507e-01   2.3500682e-01  -1.6457246e-01   3.0462915e-01  -3.1126439e-01   8.0888326e-02  -2.0766409e-01   2.8276119e-02   7.1568026e-01   9.2971907e-02  -1.1307496e-01  -1.9827707e-02   2.9814001e-01  -8.5487866e-02   4.2779402e-01   2.1420254e-01  -3.3699712e-02   5.1751826e-01  -4.1924926e-01   1.3633856e-01   1.0848550e-01   1.8769035e-01  -7.6839063e-02   3.7118746e-01   3.2812560e-01   9.8204205e-02   5.7021994e-02   2.9198689e-01  -2.1781682e-01   3.7615746e-02  -2.6133962e-01   2.6252986e-01   2.7212383e-01   4.4446588e-01   5.1898988e-01  -1.9860195e-02  -5.5873559e-02   3.3367035e-01  -5.9268871e-04   1.7022938e-01   5.2431337e-01   7.7087709e-02  -6.0809285e-02  -2.0033737e-01  -1.3199013e-01  -1.7054164e-01   1.1452996e-01   3.1956819e-02   4.8818223e-01   6.4458463e-02   1.7000866e-01  -1.2371094e-01   5.6013629e-01   2.0051993e-01  -2.5258749e-01   6.6465906e-02  -1.7887499e-01  -7.6443061e-02  -2.3996890e-01  -1.9885693e-01  -2.0724992e-01   2.6932645e-01  -1.9775928e-01  -5.0413378e-02   1.3527685e-02   3.3445359e-01
   1.6703822e-02   4.3172247e-01   3.6826072e-01  -8.8706648e-02   0.0000000e+00  -2.6392403e-02  -2.1607095e-02  -5.4091687e-02   1.2663478e-01  -1.4015837e-01  -2.5031844e-01   2.1195946e-01   7.9060339e-02   1.1622075e-03  -3.4839950e-01   1.8434220e-01   4.0200860e-01  -3.7046144e-01   6.3566105e-02   5.8899019e-01  -1.5180530e-01  -1.9813998e-01  -3.0489162e-01  -3.0569139e-02  -3.2644365e-02  -1.0010219e-01   2.7125301e-01  -4.0010404e-01  -9.5835094e-02   5.0137123e-02  -2.5112717e-01  -2.1070345e-01   8.9664297e-02  -1.8359179e-02   1.9381385e-01   3.7472381e-01  -2.3671087e-01  -1.1572820e-01   7.4012789e-02   4.2028527e-01   1.6357126e-01   2.3883192e-01   1.4391036e-01  -2.5009851e-01  -1.9570347e-01   1.6182639e-01   6.7981063e-02  -4.1938385e-02  -1.0091932e-01   4.2738242e-01  -4.2680408e-01  -6.8742057e-02   2.1823963e-01   1.9052281e-01   3.4163863e-02  -4.7859987e-01  -1.1931304e-01  -2.2600579e-01  -2.5850061e-02   2.5114289e-01   2.0583858e-01  -3.4264949e-02   6.1861514e-02   1.2571080e-01  -2.4085777e-02  -8.1433884e-02   1.4890394e-01  -3.0268317e-01  -1.3485881e-01   6.7965147e-02   5.1631245e-01  -2.2194495e-01   2.4136610e-01  -2.2338985e-01  -1.5987358e-03  -2.1557671e-01   2.4976023e-01  -1.1734774e-01   4.2245253e-01  -8.8720020e-02  -4.1665828e-01   6.8471293e-02  -4.2169147e-01  -7.7287572e-02  -1.8409717e-01  -1.7385732e-01  -2.7518394e-01  -8.5059802e-03   7.6673863e-03  -9.3383331e-02   4.5170557e-01   3.9326833e-01   2.7955174e-01   1.2288756e-01  -7.5249870e-02   7.1519195e-01  -1.5199367e-01   1.5058014e-01  -2.1404205e-01  -2.6988126e-01  -7.2717625e-02  -2.3175494e-01  -9.4922393e-02  -7.0383032e-02  -2.9374607e-01   5.0275718e-02   1.9125366e-01  -1.0815964e-01   5.2625908e-02   1.8525016e-01  -9.0791571e-02  -2.1650816e-01  -4.2783262e-01  -4.1854647e-02  -3.1121435e-01   3.0253687e-01  -2.0885475e-01   1.2767589e-01  -3.2228450e-01  -2.0729123e-01  -2.5873375e-01   3.9297973e-01  -7.2462851e-02  -1.5915741e-01  -4.3793451e-02  -2.1576525e-01   2.6172651e-01   2.5032772e-01  -2.1247686e-01   3.1142137e-01   6.7753102e-02  -5.5065013e-02  -7.8169784e-02  -3.0080754e-01  -5.9595773e-02  -6.2900083e-04  -1.1796923e-01  -1.8313927e-01  -1.4889232e-01  -3.1602228e-02  -1.7082516e-02  -1.2014014e-01  -3.2556002e-01  -2.8777703e-01  -2.7065809e-01  -2.8884667e-01   2.4981465e-01   2.7425340e-01  -3.4464182e-01  -1.9555034e-01  -2.5691216e-01  -2.3108244e-01   6.2068712e-02   2.8134192e-01   4.6080143e-01  -1.2038261e-01   5.5526946e-02   6.1338678e-02   2.1474239e-01  -2.1622633e-01  -3.4734396e-02  -2.0769814e-01  -1.3815835e-01  -2.8777020e-01  -8.0417529e-02   4.1601548e-01   2.8907872e-01  -1.8132461e-01   4.2476897e-02   4.5623035e-01   3.2843282e-01   5.9862625e-02  -2.5862829e-01   4.1276490e-02  -1.1871424e-03   4.5160975e-03  -1.1831283e-02
  -1.1432946e-01  -6.8140977e-03   2.2557564e-01   2.5124422e-01  -2.6392403e-02   0.0000000e+00   1.0470511e-01  -1.0330367e-01  -8.6551810e-02   2.6196868e-04   1.0821040e-01   2.4761849e-01  -1.7266956e-01   2.9799577e-02  -7.7320838e-02   3.4144707e-01   8.9609107e-02   3.5966931e-01   6.0315703e-02   1.5954668e-01   2.2459278e-01   2.6966025e-01   7.2513487e-02  -1.9397915e-01  -1.2730664e-01   4.1815396e-02   3.0954277e-01   2.2598787e-01   2.7655038e-02  -6.3192624e-02  -1.4242346e-01   9.5288480e-02  -5.8929769e-03  -4.7206695e-02  -1.6141137e-01  -1.0379433e-01   1.1169678e-01   1.0654798e-02   2.0785640e-01   2.2368419e-01  -3.1901364e-02   4.2988816e-02  -6.9213472e-02  -4.0523156e-03   1.5943911e-01   5.9536045e-02   4.4069906e-01  -1.6522527e-01   2.2276603e-01  -4.3431129e-02   3.5547623e-01   8.5597713e-02  -3.4753244e-01   3.3552885e-02  -7.5749031e-02   3.8622949e-01   2.9188834e-01   1.3577861e-01   3.7549541e-01  -3.2220677e-02   1.6507421e-02   1.3896947e-02  -1.8148608e-01  -3.6965196e-01  -1.4555004e-01   7.2191506e-02   6.5358594e-01   2.0467994e-01   4.0928810e-01   2.9823237e-01  -1.1945629e-01   1.9842252e-01  -3.3070274e-02   2.5074904e-01  -6.9603125e-02  -9.1658286e-02  -9.2240428e-03   2.2158248e-02  -5.3589812e-02  -1.1783594e-01  -6.4408435e-02   5.9146437e-02  -6.6145660e-02   3.4374072e-02   2.6943905e-02  -7.3733132e-03  -1.1829310e-01  -1.4498113e-01   7.4757070e-02  -1.2386443e-01  -6.7429703e-02   1.9444061e-01  -9.9712115e-03  -9.7579342e-02  -1.2046749e-01  -1.3039213e-02  -3.7452350e-02   9.1117536e-02  -3.0662841e-02   2.2132550e-01  -2.0260523e-01   8.2533434e-02   1.6140257e-01   2.9335612e-01   2.1780985e-01   1.7129436e-01   8.1051667e-02   2.6847956e-01   1.8196156e-01  -1.0583794e-01  -1.9824208e-01   4.6506163e-01  -1.1527892e-01  -1.5766050e-01   3.4927290e-02  -3.4846682e-01   1.2899312e-01  -3.0931583e-02   1.2791434e-01   4.0148876e-01  -8.9724921e-02   2.0672330e-01   1.5201273e-02   4.8787196e-02  -9.2087515e-02   3.4917344e-01   7.9414646e-02   1.0647723e-01   4.6478858e-02   1.1570820e-02   9.9860254e-02  -6.8164776e-02   3.0509414e-01  -2.3158840e-01   3.0962373e-02  -8.3515683e-02   1.6992311e-01  -7.3151337e-02   1.3381298e-02  -9.7613012e-02  -1.1022389e-01  -1.7986286e-01   2.6980581e-01   4.5512918e-01  -5.4593367e-02   1.1802721e-01   8.2510818e-02  -1.2387833e-01   3.6510734e-01  -8.2740279e-02   1.8936516e-01   1.0043215e-02  -1.0360129e-01  -1.2303096e-01   1.8048965e-01  -1.4382246e-01   2.1812818e-02   3.7429052e-01  -3.7122281e-02   1.3483537e-01  -1.2757389e-01   5.3014925e-02  -3.5262617e-02   1.4347170e-01   1.2639832e-01  -1.6298331e-01   1.1657540e-01   2.5143432e-02  -1.8535002e-01  -2.1584138e-01  -3.0739111e-02  -7.4304476e-02   6.3623802e-02   4.8362798e-01  -2.5872415e-01   4.1538550e-02   9.6318003e-02
  -1.4416409e-01   5.5201935e-02  -1.5621902e-01   2.5819753e-01  -2.1607095e-02   1.0470511e-01   0.0000000e+00  -1.6117301e-01  -1.4098946e-01   3.9244763e-01   9.7047775e-02   3.2048235e-01  -1.4991186e-01  -5.4721411e-02   1.6932686e-01   2.4716194e-01  -2.9615140e-01   1.6036464e-01  -1.0540805e-02   1.8392736e-01   1.3626478e-01   1.8146201e-03   5.3019734e-01  -2.8508523e-01   5.6573272e-02  -1.4681444e-01   1.7614106e-01   7.9140782e-02  -8.3661601e-02   2.0279534e-01   6.1854336e-03  -1.0236484e-02  -1.1750984e-01   5.7097876e-01   1.1391984e-01   3.1618743e-01  -5.1105097e-03  -7.3752563e-02   2.1306494e-02   8.8721947e-02  -1.0607684e-01  -1.2097540e-01  -4.2214407e-02  -2.7431926e-01   5.3619638e-01  -2.7832907e-01   2.8065123e-01   4.9984211e-01   2.1320190e-02  -2.6357469e-01   4.0406554e-01  -1.7139876e-01  -5.0986393e-02  -5.3762620e-04  -1.3017328e-01   2.6766722e-01  -2.2107715e-01   8.2133544e-02   8.8804855e-02   2.4897233e-01  -8.1404840e-02   2.9214814e-01  -8.5650866e-02  -4.7884503e-02  -2.0014806e-01   5.0722917e-01   4.1717091e-02   7.3630112e-04   4.0236906e-02   1.1378788e-01  -6.9171220e-02   4.4443412e-02  -4.7070226e-02  -2.0850470e-01  -5.5240019e-02  -1.0390998e-01  -2.9613912e-01  -3.0475770e-01   1.8524851e-01  -6.8303851e-02   3.3043366e-01   1.7411410e-01   6.2426059e-02  -1.6224321e-01  -1.1008379e-01  -1.2615841e-01   3.1860893e-02  -4.2016483e-02  -2.2097599e-01  -1.5332158e-01  -1.3656400e-01  -1.7542619e-01   2.5932368e-01   1.4369451e-01  -1.9740436e-01  -4.3387461e-02  -4.1722453e-02  -7.2531521e-02   9.0714975e-02   2.9513429e-01  -2.4672256e-01   3.8546475e-01   1.1758687e-01   1.2627998e-01   7.4953120e-02  -4.3993537e-02  -1.3769268e-01  -2.6422260e-01   2.6524967e-01   2.0262144e-01   3.1054653e-01   1.2615407e-04  -7.8269986e-02  -2.5026457e-01   2.7420089e-01  -1.0608693e-01  -1.9722334e-01  -1.0460434e-01  -5.0602127e-02   2.3878813e-01  -2.0479586e-01   1.9047678e-01   1.2557607e-02  -8.7569862e-02  -2.0398554e-01   2.7518958e-01   4.5557166e-01  -6.0054987e-02   2.3368381e-03  -2.8339416e-01   2.2376921e-01   5.0069028e-01   8.9591960e-02  -6.7162940e-02  -1.1125655e-01   8.8504641e-02  -3.8999556e-02   8.0063497e-02   9.9879056e-02  -2.0220336e-01  -1.5443373e-01  -1.4691744e-01   1.0873074e-01   7.3870005e-02   3.5204940e-01   2.3578985e-01   5.3004654e-01   8.4185213e-03   5.0179738e-01   1.4319171e-01   6.6154418e-02   1.1721931e-01  -3.7448458e-01  -9.6182826e-02  -6.7565930e-02  -2.1146563e-01  -3.2109106e-01   7.4892452e-02  -2.0634706e-01   2.5761605e-02  -8.0261636e-03  -1.5108915e-01  -2.3808656e-02   8.7419424e-02  -1.5173950e-01  -2.2476002e-02   3.5185124e-01  -1.9970239e-01  -3.8332702e-01   4.5012603e-02   2.1999401e-01  -2.2540492e-01  -8.2505933e-02  -1.5254839e-01   7.0758518e-02   7.3301051e-02   2.1983187e-02
   3.6943223e-01  -2.4380691e-01  -2.2646619e-01   8.1251203e-02  -5.4091687e-02  -1.0330367e-01  -1.6117301e-01   0.0000000e+00   2.7920887e-01  -1.4904078e-01  -1.9090502e-01  -3.5978934e-01  -1.8214148e-01   3.9848396e-01   5.6189172e-02  -1.6610780e-01  -2.2777208e-01  -1.4098328e-01   3.6065342e-01  -2.3606730e-01  -1.3824530e-01   1.8249124e-01  -9.6637042e-02   4.3600348e-01  -8.5911978e-02   5.1031934e-01  -4.3293578e-01   2.4688035e-01  -3.9517778e-02  -2.6654034e-01   1.0203441e-01   2.6821678e-01  -8.2639878e-02  -2.4743769e-01  -2.1846939e-01  -3.2211444e-01  -5.3501417e-02   6.2734547e-01  -1.5861940e-01  -1.9003258e-01  -1.8703469e-01  -1.6509143e-01  -1.4617543e-01   3.9858543e-01  -2.6695941e-01   2.3948444e-01  -2.9202619e-01  -1.2757921e-02  -2.5184695e-01  -2.6118792e-01  -4.1876907e-02   7.2142356e-01   3.3248032e-02  -1.2592525e-01   4.0158967e-02   4.4993601e-02   3.3640547e-01   2.4955067e-01   1.7839206e-01  -2.1368378e-01   8.6794341e-02  -1.8207377e-01   4.8785030e-02   1.7257978e-01  -2.6625801e-01  -2.1320803e-01   7.5973933e-03  -6.9058637e-02  -6.7705781e-03  -6.5458703e-02  -1.2313991e-01  -6.4683948e-02  -1.2557355e-01   2.4048288e-01  -2.5888805e-02   4.0357004e-01   2.8287171e-01   2.4876949e-01  -3.5750192e-01   4.8190454e-04   2.3516686e-01  -3.5557343e-02  -1.1439898e-01   7.0129733e-01  -1.1639886e-01   4.5227401e-01   3.8816433e-02   7.3363911e-02  -2.1996580e-01   3.4272080e-01  -1.2450668e-01   2.3181792e-02  -2.4922754e-01   1.9210627e-02   4.9817375e-01  -2.7470061e-02  -1.5382562e-01   4.0863307e-01  -2.5940179e-01  -6.4755480e-02   2.0812103e-01   2.4538971e-01  -1.3027283e-01   8.9213235e-02   4.9738946e-02   1.3184146e-01  -1.1768267e-01   3.7384443e-01  -2.4433678e-01  -2.8715986e-01  -1.5665164e-01   6.8413550e-02   1.4227641e-02   5.1073845e-01   4.5299393e-02  -1.4345505e-01   2.4121245e-01  -2.6791827e-01  -7.2488818e-02   8.7676772e-02   4.8698153e-01  -2.8174864e-01  -2.2876008e-01   4.0694810e-02   5.5849809e-01   5.8441736e-02  -2.4910399e-01  -1.1911497e-02   1.3202376e-01  -2.5541735e-01   7.5909559e-02  -2.7873318e-01  -1.3362060e-01   6.2818360e-02  -2.5281150e-02   4.3308896e-01   8.2762270e-02   1.7991181e-01   3.7449028e-01   6.4228557e-01   5.1998088e-01  -2.1350087e-01   9.1173820e-02  -1.3826715e-01   2.5499320e-02   7.7104017e-02  -3.6739060e-01   4.3706913e-02  -8.6347096e-02  -1.9732074e-01   4.1105172e-03   3.8834251e-01   2.5732019e-01  -1.1665961e-01  -3.4094824e-01   6.5533915e-01   2.8717898e-01  -4.9857979e-02   1.0378914e-01   1.8177910e-01  -9.2208658e-02   3.7780885e-01  -2.2088839e-01   1.7875273e-02   2.2896106e-01  -2.8349208e-01  -1.2731472e-01   1.6976781e-01   3.4405037e-01  -1.4731166e-01  -2.7511232e-01   6.1230899e-01  -2.2411276e-01   4.9717962e-02  -1.0599591e-01  -1.3334323e-01   3.3686250e-01
   3.0994365e-01  -3.0413911e-02  -1.7988469e-01   2.2710659e-01   1.2663478e-01  -8.6551810e-02  -1.4098946e-01   2.7920887e-01   0.0000000e+00  -2.8452555e-02  -2.4005975e-02  -1.7452332e-01   3.5036654e-02   3.2121415e-01   6.8858625e-02  -1.6603433e-01  -1.1928452e-01  -2.4481573e-02   2.4299790e-01  -7.1089961e-02  -9.4595639e-02   2.6171744e-01  -1.4683688e-01   2.4401597e-01   6.1255349e-02   2.3698766e-01  -1.5631083e-01   2.3858237e-02  -2.3978333e-01  -7.6406800e-02   1.5074810e-02   4.0672009e-01   1.6453666e-02  -2.5195577e-01   1.2330008e-01  -1.0762310e-01  -2.6383638e-01   1.7763906e-01  -8.7724224e-02  -2.4795005e-01   2.0457367e-01   1.9802648e-01   1.1500786e-01   1.9393980e-01  -1.3320012e-01  -6.9576312e-02  -3.0821811e-02  -7.9349228e-02  -1.9609224e-01  -1.8950576e-01  -3.5063314e-02   1.9747199e-01   2.2726869e-01   1.8031424e-02   9.8159904e-02  -1.5794930e-01   1.9897893e-01   3.1697751e-01   1.4056637e-01   5.6026107e-02  -1.2519840e-02  -6.9898727e-02   4.2560416e-01   3.6599219e-01   2.7388311e-01  -2.1044564e-01  -8.6609928e-02  -1.1228517e-01   5.8198916e-02  -1.5154572e-01   1.0918368e-01   2.6364996e-01   1.6844805e-01   5.5555487e-03   6.7671201e-02   1.9003642e-01   5.7311452e-02   2.5378844e-01  -2.1412134e-01  -2.0320852e-02   8.5794777e-02   1.9147144e-02  -2.4204142e-01   1.9824648e-01  -2.2373289e-01   2.6487151e-01   8.0481157e-03   9.1607750e-02   5.7210409e-02   2.0240705e-01   5.8708557e-02   5.3689256e-02  -2.7992099e-01   4.3959684e-01   1.4107650e-01  -6.4610977e-02  -6.4485158e-02   2.0733259e-01  -8.8724033e-02  -4.5157041e-02   2.1759218e-01  -5.3808620e-03   1.3972430e-02   5.0617789e-02   3.0820039e-01   2.6464458e-01  -1.0781409e-01   2.0697240e-01  -1.1034641e-01  -1.8920043e-01  -1.6862670e-01   9.2372434e-02   2.8602488e-01   1.8389835e-01  -6.8836359e-02   1.7581093e-01   5.9560755e-02   1.3106524e-02  -4.9817411e-01   1.8166877e-01   2.4268311e-01  -1.8660579e-01  -2.0562373e-01   3.6040295e-01   2.9211171e-01  -9.7132965e-02  -5.1739128e-02   2.0762458e-01   3.5200632e-01  -1.6813893e-01   3.3943346e-02  -1.2274940e-01  -4.2482681e-01  -2.3949942e-02   3.2185956e-01   3.3566378e-01   2.1377054e-01  -8.4801547e-02   3.7931858e-01   2.3737684e-01   2.0183440e-01  -4.6671737e-02  -3.3365496e-02  -2.2735384e-01   2.8160134e-03   9.8137773e-02  -1.9973777e-01   9.6597606e-02  -1.1440528e-01  -5.7061395e-02   7.3627988e-02   5.6121914e-02   2.8316511e-01   1.1661864e-01  -1.4708535e-01   2.0973274e-01   1.6885415e-01   9.1852551e-02   2.0919015e-01   1.6248073e-01  -6.1271005e-02   1.7776935e-01  -1.5705014e-01   1.4386055e-01   2.4095957e-01  -1.4353953e-01   3.6458897e-02  -1.4738527e-01   3.0016601e-01   5.3345586e-02  -2.0790353e-01   1.3955017e-01   2.3409956e-01  -3.1847102e-01  -7.2906619e-02  -1.6362097e-01   2.3135618e-01
  -1.8676590e-03  -2.2922568e-01  -3.7973972e-01   3.2666026e-01  -1.4015837e-01   2.6196868e-04   3.9244763e-01  -1.4904078e-01  -2.8452555e-02   0.0000000e+00   2.4983940e-01  -5.7043053e-02  -1.6263428e-01   1.6542542e-01   4.2571264e-01   7.6517655e-02  -4.3553984e-01   4.2891468e-01  -3.8934988e-02   1.0438112e-01   2.3047518e-01   2.9475258e-01   5.3028692e-01  -3.0217836e-02  -1.5989281e-01  -9.3760967e-03   9.5930582e-02   1.7978079e-01   4.5959953e-03  -2.5153811e-02   1.5034979e-01   2.5294194e-01  -6.1867821e-02   5.9558604e-01  -9.8756230e-02   3.1095532e-01   1.9374070e-01  -6.5718208e-02   4.3912858e-02   6.7043420e-02  -1.3454719e-01  -1.7499605e-01  -2.0709162e-01  -1.2903981e-01   3.5685020e-01  -2.4317131e-01   2.3305857e-01   2.0426639e-01  -1.2599253e-01  -3.1646650e-01   4.4523033e-01  -5.4470450e-02   4.4441609e-02  -2.5736875e-01  -1.8668300e-01   2.0616759e-01  -2.4069158e-02   1.9957086e-01   2.7146566e-01  -2.0767956e-01  -3.1291730e-01   2.5494575e-02  -5.6047159e-03  -1.3164928e-02  -2.1326098e-01   4.3090282e-01   1.7987144e-03  -8.7483597e-02   3.2163034e-01  -2.0426506e-02  -2.0800340e-01   6.2968616e-02  -1.2130141e-01  -2.2115158e-01  -1.3299001e-01   1.0941957e-01  -3.0932786e-01  -1.5385107e-01   3.8513664e-02  -1.4941739e-01   4.3500475e-01  -6.0942416e-02   1.3838980e-01   8.5157791e-02  -1.8619843e-01   1.5242382e-01  -1.2847024e-03  -5.6163929e-02  -1.0508974e-01  -2.2058569e-02  -1.5913783e-01  -3.3871397e-01   2.7592478e-01  -5.4533687e-02  -4.7543156e-02  -1.9424086e-01  -3.3374660e-02  -3.6374565e-03   3.7483588e-02   4.3071818e-01   4.9993872e-02   3.8384009e-01   1.9925159e-01  -7.8797561e-02   3.6427103e-01   8.4905483e-02  -3.4047919e-01   1.5037135e-01   9.5998883e-02   1.4790283e-01   1.9857439e-01   2.4859372e-01  -2.2635838e-02  -2.1599191e-01   1.9092786e-01  -1.0203969e-01  -1.6169758e-01  -1.2457901e-01  -6.2926378e-02   2.7112963e-01  -2.7625644e-02  -6.9634841e-02  -7.6999644e-02   1.0663649e-02  -1.3623497e-01   1.1951517e-01   1.2670816e-01  -1.6889027e-01   2.9707070e-01  -3.6573827e-01  -1.5309966e-01   2.8110107e-01   3.8598921e-02  -7.3035304e-02  -9.4281011e-02   2.0449003e-02   2.0888158e-02   1.9435123e-01   2.5891067e-01  -1.3400912e-01  -1.7927574e-01  -1.0359453e-01   2.1010208e-01  -7.1642436e-02   4.3240732e-01   3.5620879e-01   1.9817653e-01   1.3954390e-02   5.0767231e-01   1.2293271e-01  -1.9372597e-01   2.0945441e-01  -3.2319315e-01  -7.8275578e-02  -2.5130936e-01  -1.4047360e-01  -2.1014916e-01   1.7386515e-01  -2.2385653e-01   1.5706527e-01  -1.9624744e-01   1.0478891e-01   1.4160485e-01   4.1306471e-01   6.2887583e-02  -9.1041525e-02   9.5377005e-03  -4.9039625e-02  -9.7024910e-02   4.1322642e-02  -3.9492235e-02  -2.3477218e-01   1.2573539e-01  -2.4671329e-01   1.7611091e-01  -1.0837502e-01   1.7052719e-01
  -1.0693745e-02  -2.1026479e-01  -2.3267770e-01   1.4567749e-01  -2.5031844e-01   1.0821040e-01   9.7047775e-02  -1.9090502e-01  -2.4005975e-02   2.4983940e-01   0.0000000e+00  -1.8195455e-01  -2.7826896e-01  -7.1825535e-02   1.4224987e-01   8.9931517e-02  -2.7304456e-01   5.0517600e-01  -4.4216918e-02  -8.2720992e-02   2.9579859e-01   3.1983795e-01   1.4429331e-01  -9.9072248e-02  -8.3309355e-02  -8.3122632e-02   1.5009646e-01   2.8986477e-01  -9.8097812e-02   1.1589157e-01   1.2654222e-01   3.4011086e-01   3.8070400e-02   1.5291039e-01  -3.1316800e-02   2.0125546e-01  -1.1216132e-01  -1.1608886e-01   1.5635722e-01  -5.0652840e-02  -1.5416546e-01  -3.2672503e-02  -2.8402387e-01   3.7142621e-02   2.1925452e-01  -2.0502440e-01   4.5434410e-01   3.3804383e-02   3.4181951e-02  -2.2641617e-01   4.6328270e-01  -9.8985500e-02   1.5015469e-01  -4.3233509e-01  -1.5352045e-01   1.9270894e-01   1.1206644e-01   2.1993822e-01   3.8374397e-02  -1.5738163e-01  -2.6056759e-01  -3.2231306e-02  -3.0488567e-02  -1.9357295e-02   7.7490391e-02   1.6771845e-01   1.5101944e-02  -4.7603723e-02   4.5622174e-01   9.2864707e-02  -2.1777506e-01   8.3819951e-03  -5.2566216e-02  -1.2797440e-02  -1.7211414e-01   1.3260124e-01  -3.4043998e-01   2.1384906e-02  -1.2083061e-01  -1.5118265e-01   1.3312124e-01   7.0509205e-02   9.8644775e-03   1.0028262e-02  -4.2349324e-01   1.6542172e-01  -1.7342492e-01  -1.2434959e-02  -1.7775182e-01  -6.3774255e-02  -2.6361970e-01  -2.2832049e-01  -2.2100269e-01  -2.8287944e-02   2.6120642e-02  -4.4699964e-01  -7.2175643e-02   7.9811457e-02   8.3965781e-02   4.9718892e-02  -4.5219735e-02   1.6271790e-01   2.1775743e-01   2.5002498e-02   3.3706298e-01   2.5418352e-01  -9.9483169e-02   2.3856344e-01  -5.1083824e-02   1.0722032e-01  -1.6131019e-01   4.5372670e-01   3.4508134e-02  -1.3356655e-01   7.2192055e-02  -6.6694098e-02  -3.8625171e-02  -9.9229911e-02   9.6267312e-02   1.1635586e-01  -1.2810684e-01  -1.6470001e-01  -2.8296032e-01   1.0228241e-01  -2.4732504e-01   1.1059669e-01   1.5215335e-01  -3.2580152e-01   2.9136297e-01  -1.1493544e-01  -2.2207254e-01   3.5020298e-01   1.7387865e-01   1.2663880e-01  -1.2182430e-01  -5.5413315e-02  -2.4796408e-01   2.4339311e-01   5.0409035e-02  -4.9122436e-02  -5.7959035e-02  -1.1983858e-01   2.9698038e-01   8.1953131e-02   2.5944672e-01   3.1662084e-01   2.4272773e-02  -7.2100492e-02   2.0199927e-01   5.6680994e-02  -1.7751158e-01   1.2673015e-01  -2.2636555e-01   7.5903639e-02  -3.4394399e-01  -1.1528511e-01  -5.3069360e-02   1.0379689e-01  -2.2389385e-01   2.0381270e-01  -1.6615631e-01   1.8542335e-01   2.6601159e-01   3.8716117e-01   2.1550280e-01  -1.3079520e-01   8.9846015e-02   1.2404834e-01  -1.1104046e-01  -2.0879788e-01  -1.8938481e-01  -1.7654428e-01   2.7141469e-01  -7.4277422e-03  -9.6400724e-02  -1.8972941e-01   1.9806728e-01
  -6.0066908e-01   6.2723203e-01   5.8709825e-01   3.1036920e-02   2.1195946e-01   2.4761849e-01   3.2048235e-01  -3.5978934e-01  -1.7452332e-01  -5.7043053e-02  -1.8195455e-01   0.0000000e+00  -7.8367136e-02  -2.4015781e-01  -1.3734112e-01   2.3939563e-01   5.1500251e-01  -1.8245711e-01  -2.8284364e-01   3.2371616e-01  -2.0369399e-01  -1.8877339e-01  -1.3210235e-01  -5.3184388e-01   1.6373173e-01  -3.1346406e-01   4.8580270e-01  -2.5984534e-01   3.5498463e-02   4.8691419e-01  -2.1370712e-01  -3.7451522e-01  -1.1252509e-01   1.3187410e-01   4.1677673e-01  -1.5784118e-02  -7.5191170e-02  -3.9373631e-01   1.4311970e-01   3.7265123e-01  -9.8611315e-02  -3.7796604e-02   3.7169571e-01  -2.6606545e-01   8.4444765e-02  -1.5177539e-01   1.3822657e-01   7.5357156e-02   2.7748472e-02   4.0456891e-01  -1.6572774e-01  -4.0667529e-01  -1.4366865e-01   4.8798707e-01   7.6590346e-02   1.5313464e-01  -3.6890588e-01  -2.7682527e-01  -7.1456777e-02   6.9001962e-01   1.4432856e-01   2.1875118e-01  -3.5441347e-01  -3.2996592e-01   3.6406423e-03   2.4563043e-01   2.7570433e-01   1.9553791e-01  -5.7781306e-02   1.0502161e-01   2.0209944e-01  -4.4811036e-02  -9.2837333e-02  -2.4578659e-01   1.2727236e-01  -1.7923655e-01  -2.2475571e-02  -1.5001532e-01   3.6679214e-01  -2.2303372e-02  -3.6852076e-01   1.1521415e-02   8.1217148e-02  -3.9775996e-01   3.3436486e-01  -3.7051433e-01  -6.4996139e-02  -8.5338578e-02   5.7718123e-02  -4.6702254e-01   2.0224382e-01   2.0698994e-01   4.9552924e-01   1.0491153e-01  -5.6855689e-01   2.5951660e-01   7.8261305e-02  -3.0277851e-01   1.3539808e-02  -1.5345858e-02  -3.6132142e-01  -6.6795090e-02   1.3464666e-01   3.0844568e-01  -1.9915710e-01  -1.9865700e-01   2.9589745e-01  -3.0487551e-01   2.2270560e-01   4.2098796e-01   4.0243432e-01  -9.8892794e-02  -7.9459597e-02  -5.5306032e-01  -1.2054797e-02  -6.6836547e-02  -2.1877607e-01  -5.2037367e-02   1.7030315e-01   7.9705432e-02  -4.6757276e-01   4.7540365e-01   2.9216792e-01   2.1320456e-03  -4.4275922e-01   3.8882492e-01   3.0260498e-01   2.6092660e-01  -1.9890270e-01   3.5060820e-01   2.1757767e-01   6.0948698e-02   1.8759234e-01  -1.7969296e-01   1.2524972e-02  -1.7973114e-01   4.4604058e-02  -2.5431204e-01  -1.5439706e-01  -4.9305122e-01  -4.1142087e-01  -4.5148785e-02   9.2368818e-03   3.2850276e-01   7.3409560e-03  -1.5168507e-01   4.1944327e-01  -1.8468363e-02   6.7831846e-03  -1.0681983e-01   2.1777181e-01  -2.6471006e-01  -2.1808082e-01   2.0145843e-02   6.9951687e-01  -4.4162326e-01  -2.9214438e-01  -4.8944346e-02   7.4439578e-02  -2.7467039e-01   2.3610845e-01  -1.8941507e-01  -1.2438939e-01  -2.1460120e-01  -1.7501786e-01   4.4320024e-01   4.6720551e-01  -1.3841204e-01  -5.0953215e-01   3.0426286e-01   4.0413294e-01  -3.5419763e-01  -1.9522848e-01   2.2201360e-01   3.1074528e-02   2.7383733e-01  -2.3021094e-01
   1.3017303e-01  -1.1104743e-01   6.1558682e-02  -1.3287558e-01   7.9060339e-02  -1.7266956e-01  -1.4991186e-01  -1.8214148e-01   3.5036654e-02  -1.6263428e-01  -2.7826896e-01  -7.8367136e-02   0.0000000e+00  -1.0253166e-01  -8.4774872e-02  -1.3156322e-01  -7.5856571e-03  -2.3546876e-02  -4.6067334e-02   1.1627347e-01  -9.3049297e-02  -3.2703567e-01   5.9328779e-02   1.4431405e-02   7.8726594e-02  -2.1113538e-01   9.4253504e-02  -2.5630848e-01   7.9895582e-02  -1.1263777e-01  -3.0631699e-02  -1.8634686e-01   9.6198938e-02  -1.5885631e-01   5.4576285e-03   6.8673387e-02  -1.2598236e-01  -1.8122432e-01  -1.2708476e-01   8.7109285e-03   4.6629562e-01   1.5571084e-01   2.6949681e-01  -1.5674853e-01   8.6178816e-02   1.0225042e-02  -1.1143290e-02  -1.2900742e-02   1.2557756e-02   9.1873186e-02  -7.0126386e-02  -2.5367441e-01  -9.7438554e-02   1.4065931e-02  -9.1987489e-02  -2.1093336e-01  -1.0736006e-01   1.1950540e-02  -1.9601931e-01  -1.0807292e-01  -1.8666790e-01   3.1833564e-01   2.0800171e-01  -1.9417111e-02   1.0988951e-01  -2.4317847e-03  -2.1782504e-01  -1.7926153e-02  -2.1863898e-01   1.5933420e-02   1.7958537e-02   1.8462239e-01   1.3810415e-01   3.3595808e-02   2.2488662e-01  -1.8931078e-01  -1.1969090e-01  -1.7785536e-01   6.9264379e-02   2.9090544e-01  -5.8421485e-02  -6.9957804e-02  -7.9187592e-02  -3.4405266e-01   7.3867178e-02  -1.5893177e-01  -5.3624103e-02  -9.0179940e-02   2.6752369e-01   1.2205884e-01   1.7593861e-01  -4.2259790e-02   1.8148692e-01   6.9001093e-02  -1.7319007e-01   1.9524650e-01   4.1767585e-01  -1.2322002e-01   4.3483419e-01   1.1411570e-01  -6.0136560e-02  -3.7000827e-01   9.3270190e-03  -2.7673471e-01  -1.1343990e-01  -6.1046001e-02  -8.9551822e-02  -2.3430796e-01   1.5820311e-01  -1.9735231e-01  -8.1092925e-02  -1.9111744e-01   2.7951893e-01   8.2038181e-02  -1.1908890e-01   1.4923239e-01  -7.7905218e-02   4.6246856e-01  -1.2585480e-01  -1.1768014e-01  -5.4748488e-03   2.1690549e-01   2.2581497e-01  -1.7084265e-01   1.3986035e-01  -2.9767201e-01   4.1006520e-02  -2.8472471e-02  -8.9002962e-02   4.0334871e-02   4.7049741e-02  -1.1735097e-01  -1.6072646e-01  -1.2657006e-01   3.1780469e-01  -6.4329545e-02   9.3553491e-02  -2.2156649e-01  -2.1111666e-01  -1.0555876e-01  -2.2329909e-01   3.7736796e-01  -2.3113161e-01  -1.4764170e-01  -2.7410749e-01  -2.0879742e-01  -4.1343684e-03   6.7180451e-02   6.8361640e-02  -3.2241481e-02  -3.5643419e-02  -1.1186973e-01  -6.6126387e-02  -7.3734176e-02   9.3794422e-02  -1.1453172e-01  -1.0668861e-01   2.3174532e-02  -1.3095583e-01   9.5126638e-03   2.3715751e-01  -2.5220112e-01   3.3224206e-02  -1.1132066e-01  -2.5974586e-01   1.3937716e-01  -1.5806462e-01  -2.2643783e-02   2.8823092e-02  -4.4676940e-02   4.9838545e-02  -2.1790269e-01   1.6278419e-01  -1.2163434e-01   2.1430143e-02   1.2825176e-01  -2.2772469e-01
   5.7294621e-01  -2.8530308e-01  -3.0859093e-01   3.2971542e-01   1.1622075e-03   2.9799577e-02  -5.4721411e-02   3.9848396e-01   3.2121415e-01   1.6542542e-01  -7.1825535e-02  -2.4015781e-01  -1.0253166e-01   0.0000000e+00   3.6314357e-01  -2.7223539e-01  -2.6517452e-01   1.3952125e-01   2.3511274e-01   2.8451463e-02  -1.3303452e-01   2.4061987e-01   1.5662711e-01   6.5138386e-01  -7.1119724e-02   2.0307030e-01  -3.0499125e-01   4.0503285e-01  -1.2911250e-01  -2.9137501e-01   1.6365176e-01   3.4535955e-01  -1.3597862e-01  -3.7390829e-02  -1.9121266e-01  -1.5755796e-01  -7.7036006e-02   4.7044041e-01  -4.1155168e-01  -8.3320756e-02  -1.5437345e-01  -4.0668808e-02  -2.8335776e-02   3.7368908e-01  -1.8274253e-01   1.7991033e-01  -9.2583389e-02  -1.8454958e-01  -3.7575541e-01  -2.8759543e-01   2.5490343e-01   3.8169724e-01  -5.6245019e-02  -1.5914968e-01   2.2903277e-01   1.0838927e-01   2.8886567e-01   4.6190725e-01   2.3216232e-01  -2.6566494e-01  -2.5210022e-01  -2.3201349e-01   1.5402408e-01  -8.7828454e-02  -3.0123993e-01  -4.2004260e-02   6.2488229e-02  -9.9071364e-02   1.4080857e-01   9.1871630e-02  -1.9978871e-01   6.8197436e-02  -2.4106084e-01   4.1726306e-01   3.5996884e-02   4.1308468e-01  -2.1695757e-02   3.3696329e-01  -4.1553498e-01  -1.1421898e-01   4.9214029e-01  -3.8777854e-01  -4.7517190e-02   3.5340435e-01  -1.1399640e-01   3.0959922e-01   1.3940256e-01   2.3694460e-01  -2.2429000e-02   4.7118764e-01  -1.1653025e-01  -1.4889189e-01  -2.9888014e-02   1.0977285e-01   2.7275406e-01   8.2000858e-02  -3.1328103e-02   2.8453980e-01  -1.3157638e-01   3.2943740e-01   3.5299960e-01   2.7591803e-01   3.4335867e-01   1.3196044e-02   2.0563233e-01   3.7407947e-01  -1.3010456e-01   3.2886284e-01  -3.1076408e-01  -1.4197020e-01  -7.7030113e-02   1.7805292e-01   2.5736044e-01   4.1113580e-01   1.8774201e-01  -2.3075148e-01   2.1594222e-01  -3.0963353e-01  -9.8324227e-02   2.8716761e-01   3.7218648e-01  -2.1400272e-01  -1.9113605e-01   2.2049192e-02   4.8178113e-01   1.3546828e-01  -1.8626885e-01  -5.2053369e-03   4.6367090e-01  -3.6341070e-01  -3.2888913e-02  -2.3386977e-01   3.1976849e-02  -2.0297743e-01   1.8131342e-01   3.3186606e-01  -1.5755770e-03   1.8991439e-01   2.6224868e-01   4.3768524e-01   4.8471395e-01  -3.2097959e-01   4.8561218e-02  -1.7046422e-01   2.2210591e-01   3.2430464e-01  -2.1163152e-01   1.7930594e-01   1.9183414e-01  -2.9448166e-01   1.7075859e-02   4.7163715e-01   3.2390533e-01  -1.6923590e-01  -2.5817886e-01   4.6832504e-01   1.1642220e-01  -4.3336113e-02   2.6055439e-02   4.5418634e-01  -1.3642666e-01   2.5489408e-01   1.0901680e-01   3.5871437e-01   9.7578785e-02  -2.8200309e-01  -9.7569362e-02   1.0468583e-01   2.0660715e-01  -1.4122566e-01  -2.8591192e-01   3.4765482e-01   8.6245763e-02  -2.1616090e-01  -4.5292296e-02  -1.0072257e-01   2.5417138e-01
