   0.0000000e+00  -1.6457690e-03  -3.6466577e-02  -2.1222516e-01  -2.8426661e-02  -4.1769985e-02  -2.5971749e-01   2.8514539e-01   3.1983300e-01  -9.9772483e-02   6.2884703e-02  -3.5350037e-01  -6.0263543e-02  -1.5934807e-01  -4.5850070e-02  -4.1887070e-01   5.4497047e-03  -8.6287003e-02   9.5106801e-02  -1.7547340e-01   7.5816682e-03   1.1886753e-01  -4.0579766e-02   4.5105607e-01  -9.1106117e-02   2.0167651e-01  -3.2936617e-01  -2.8056277e-02   1.4678068e-01  -6.7474679e-03  -3.0895090e-01   4.1331158e-02  -3.3086745e-01  -2.9374314e-01  -3.7484629e-01  -1.7620455e-01   1.1980561e-01  -7.5628975e-02  -3.7298962e-01  -8.3809558e-02   1.1763692e-01  -2.2612191e-01  -1.2685327e-01  -1.5914394e-01  -7.3488328e-03   5.1062815e-01  -9.1651440e-02  -2.6707950e-01   7.1818281e-02  -7.5305541e-02  -3.3141346e-02   2.2883156e-01  -9.6728102e-03  -7.5504689e-02  -1.1097483e-01  -1.0580933e-01   1.7962006e-01   1.2847174e-01   5.2906208e-02  -1.8405307e-01  -6.7911592e-02   1.3896703e-02   8.2673484e-03   1.5621525e-01   7.4211659e-02   8.0775812e-02  -1.1914346e-01  -8.7214263e-02   1.5385504e-02   4.1551699e-02  -2.4755082e-01   6.3435127e-03  -8.7105321e-02  -3.5470043e-02   1.4978066e-02   1.5711164e-01   2.4106906e-01   1.4733989e-01  -7.1656261e-02  -1.8698734e-01  -1.9878824e-03  -1.2343632e-01  -1.8993909e-01   1.8236925e-01  -2.5807548e-01   1.7678530e-01  -2.3331812e-01   3.6247720e-01   9.4586467e-02   5.8348221e-01   1.0086097e-01  -1.1868752e-02  -3.0232845e-01   3.6491480e-02   4.1366840e-01  -2.1483293e-02  -1.0140295e-01   2.6029124e-01  -1.7497898e-01  -1.7174880e-01   7.3580923e-02  -2.9584327e-01  -4.0341490e-02  -8.9578461e-02   7.0487431e-02   1.0495764e-01  -2.8591451e-01   1.8551924e-01  -9.2297694e-02  -3.3737760e-02  -2.1708261e-01   4.7700619e-02  -1.6008014e-01   7.7182817e-01  -1.0474697e-01   1.8119976e-01   3.2657026e-02   1.4691664e-02  -1.6875011e-01   3.5118124e-02   3.9201219e-01   8.4478323e-03  -8.4533488e-02  -1.6055653e-02   3.1939619e-01   2.5302515e-01  -1.3653833e-01  -1.0036449e-01   8.3478908e-02  -2.8622757e-01  -2.2388025e-01  -8.7182064e-02   3.0808709e-01  -5.3738947e-02   1.6030726e-02   1.1224746e-01  -5.5175837e-02   5.4682359e-03   1.5832312e-01   4.3795457e-01   5.7887663e-01   7.9904032e-02   1.5374314e-01  -3.9060126e-01  -1.3978652e-01  -2.3022728e-01  -3.3428346e-01   2.8189045e-01  -1.2629511e-01  -1.1775080e-01   3.0618384e-01   8.2822017e-02   4.2016245e-01   7.6070371e-02  -2.6403164e-01   2.6423029e-01   6.8581136e-01   4.6198242e-02  -7.8092912e-03   8.7985918e-02  -8.0518644e-02  -4.8700182e-02   1.7024366e-01  -5.1279494e-03   1.2360330e-01  -5.3586569e-02   2.3835917e-02  -5.0507151e-02   3.8421182e-01  -6.9298645e-02   4.4699423e-02  -1.4364963e-02  -8.6017189e-02  -1.3393277e-01   6.1025610e-02  -2.1877642e-01   3.4107640e-01
  -1.6457690e-03   0.0000000e+00  -1.7949308e-01  -1.6184945e-01   3.0657367e-01  -3.7136469e-01   1.3423118e-01  -2.3530647e-01   4.8663167e-01   3.6288182e-01  -1.2137519e-01   2.8407492e-01  -6.9545020e-02  -4.5673725e-01  -5.0304231e-02  -2.3886044e-01  -1.0928717e-02   5.9041225e-02  -5.2930134e-02  -3.7240954e-02  -8.9790464e-02  -2.5740287e-01   1.9686014e-02  -2.6610125e-01  -1.0776468e-01  -1.1701473e-01  -6.1555350e-02  -3.3730621e-01  -7.1578121e-02  -1.2905506e-01  -7.3481329e-02  -1.9081692e-01  -3.4395406e-01   4.1652362e-01   3.5391946e-02  -4.1305131e-03   6.1033664e-01  -1.0269374e-01  -1.7924111e-01   3.7378175e-02   6.9214253e-02  -2.7857418e-01   4.6665534e-01  -2.0875799e-01   3.3355444e-01  -6.6948591e-02  -1.8700389e-01  -1.6809224e-01   1.2357626e-01  -1.6814752e-01  -1.1320945e-01  -2.9165246e-01   6.9945061e-01  -4.2242809e-01  -7.7184254e-02  -3.5305423e-01  -2.2545112e-01  -2.3828049e-01  -2.2593333e-01   3.8384268e-02  -3.9031781e-01   2.8153408e-01   5.7484723e-01   4.2765476e-01   4.5400711e-01   6.2513407e-02  -2.9508665e-01   1.0444923e-01  -2.1172174e-01  -3.1128591e-01   4.4137187e-01  -4.4886245e-02   3.3900149e-01  -3.2240591e-01  -1.7948792e-01  -1.6230630e-01  -1.6746612e-01  -2.1518331e-01   5.5374654e-01  -2.1702279e-01  -2.3663641e-01   2.2040654e-01   2.8606429e-01  -2.1924403e-01  -5.7326124e-02  -6.9106759e-02   1.9472301e-01  -1.9303443e-01   1.5759033e-01  -5.0908986e-02   2.3042289e-01  -2.7711375e-01   4.2764940e-02   4.0648768e-01  -2.8870568e-01   5.2968892e-02  -1.5121884e-01  -1.8013300e-01   4.5254757e-01   8.4565480e-02  -3.2216165e-01  -5.2586730e-02  -3.0731944e-01   2.1607489e-01  -1.8217414e-01  -1.9932376e-01  -2.8422871e-01  -2.1903528e-01   4.1606271e-01   1.0332070e-02   1.5092161e-01  -1.7931667e-01   5.0604553e-02  -1.2264153e-01  -3.9490011e-01   6.1401138e-01  -1.7252534e-01   8.3956830e-02  -3.6448131e-01  -1.1422523e-01  -1.1949470e-01  -1.7364687e-02   4.5150420e-02   3.2791728e-01  -1.3378299e-01  -3.4104486e-01   2.0440892e-01  -2.4770148e-01  -1.7903269e-02  -2.7187469e-01   6.0545194e-02   3.8779779e-01  -8.0893181e-02   3.0650366e-01   7.5930701e-02  -1.5811189e-01  -3.2040104e-01  -3.0226349e-01  -1.9278908e-01  -4.6714591e-02  -9.0753766e-02  -1.1745328e-01  -1.0360771e-01  -4.3584506e-01  -1.0968418e-01  -1.2866584e-01  -6.8253874e-02   5.0716301e-01  -2.6176525e-02   2.6200487e-01  -2.3639776e-01  -4.1309902e-01  -3.0953976e-01   3.4591368e-01  -8.2665455e-02   5.5135263e-03  -9.8372551e-02  -1.7232921e-01  -2.5054428e-01  -3.3155805e-01   2.8715428e-01  -2.3593438e-01   4.0587354e-01  -6.3411310e-02  -1.7569297e-01   4.7330110e-01   4.1935686e-01  -1.7895423e-02  -1.5359552e-01   2.7396765e-01   4.6908362e-01  -1.3594876e-01   1.8778621e-01  -3.3075483e-01  -3.1141653e-02  -1.3794541e-01  -2.2473492e-01
  -3.6466577e-02  -1.7949308e-01   0.0000000e+00  -3.6919220e-01   2.3604852e-01   1.8468500e-02  -5.7306739e-02   3.5160276e-02  -1.3598405e-01   1.4905689e-01  -4.9766755e-01   4.9708672e-01  -7.9390548e-02  -2.2714504e-01   9.3822048e-02   1.0914730e-01   8.2694340e-01  -5.3085421e-01   2.0338627e-01   5.2136342e-01  -4.7199384e-01  -3.8878363e-01  -3.9085236e-01  -5.1778066e-02   2.5456993e-01   6.7973927e-02   1.3974840e-01   5.8804955e-03   2.2042409e-02  -5.9894949e-01  -1.4626874e-01  -1.4177730e-01   1.3035421e-01   2.9020607e-01  -3.9922204e-01  -6.1909170e-02  -1.7731471e-01   1.3185933e-01  -1.4214396e-01   6.4122719e-01  -1.2350859e-01   3.5989395e-01   1.7039649e-01  -2.9777278e-01  -5.4801117e-01   4.7908389e-01  -2.2340325e-01  -4.1664964e-01  -2.1236901e-01   7.3756764e-01  -5.1184858e-01   6.1901388e-02  -1.6084061e-02   6.9096929e-01   5.2179861e-02  -1.9031202e-01   5.0183720e-02  -3.2774019e-01  -4.0286321e-01  -2.9069918e-01   6.0677175e-01  -2.2855306e-01   2.9813601e-01   1.8658000e-01  -3.7936131e-01  -4.5185858e-01   1.4668437e-01   5.7377820e-02  -2.3786022e-01   8.1391210e-01   4.6394151e-02  -5.4097432e-01  -1.3409221e-01   1.4506713e-01   5.8296651e-01   1.4342706e-01   3.2999746e-01  -2.6009807e-01   1.8306078e-01   1.3373697e-01  -1.5821823e-01  -8.3861844e-02   9.2867540e-02   1.2644755e-01   5.4882268e-01   2.0688862e-01  -3.7759082e-01   8.1814895e-02   2.7054363e-01  -5.0144723e-03   3.5311037e-01   7.0618258e-01   5.9897299e-01  -3.1488716e-01   2.6523195e-01   5.1584792e-01   1.4693264e-01  -1.4081530e-01  -2.4455524e-01  -4.9922146e-01   1.9188624e-01   2.6594494e-01  -4.3926111e-01  -3.2897663e-01  -5.4219034e-01  -1.1422975e-01   6.2425940e-01  -1.3813662e-01  -1.8720388e-01  -2.0543608e-01   5.2826580e-01  -5.4077942e-01  -2.2775351e-01   2.7586475e-02   5.7747997e-01  -3.0428440e-02  -1.2474449e-01  -6.0174715e-02   1.1890991e-02  -4.4070906e-01   1.7305637e-01   6.2456032e-01   5.9435357e-01  -4.4065722e-01   1.2265383e-01  -1.0108956e-01  -4.9683774e-01   5.2659952e-01  -3.5741230e-01   7.1536449e-01   1.3810330e-02  -3.7340466e-01   1.0159444e-01  -2.7453260e-01  -4.8394877e-02   2.7999952e-01   5.0136005e-01  -1.2465746e-01   3.4749167e-01   8.9333809e-02  -1.4675088e-03   8.9887542e-02  -2.7689373e-01   2.7289281e-01   6.6887689e-02  -5.3811531e-01   7.1344502e-01  -4.4426767e-01   1.7461818e-01  -4.2052587e-01   1.0276546e-01   2.7649647e-02   3.8513876e-01  -4.4872046e-01   7.8701195e-01  -9.8333514e-02   8.1389830e-02  -1.3949217e-01   6.5008138e-01  -1.4490377e-01  -1.5547602e-01  -4.1490824e-01  -2.0537943e-01  -5.1907025e-01  -2.1819723e-02   2.2487424e-01  -9.1428229e-02  -2.2822408e-01   1.3936359e-01   3.9035846e-01   2.2650867e-01   1.3655894e-01  -4.8068684e-01   1.3007392e-01   2.0340403e-01   2.1913353e-01   1.0460783e-02
  -2.1222516e-01  -1.6184945e-01  -3.6919220e-01   0.0000000e+00  -7.8463017e-02   4.3947678e-01  -6.8929507e-03  -5.9926641e-02  -2.6246259e-01  -1.3557586e-01   5.1830520e-01  -3.3544522e-01   1.4274208e-01   2.1158756e-01   5.3126873e-02   4.6148570e-01  -3.1622604e-01   5.2259898e-01  -1.3771919e-01  -8.4046470e-02   3.6768327e-01   5.4981861e-01   2.4516619e-01   5.1751865e-02  -2.0680546e-01  -1.0161962e-01   2.7517412e-01   6.7210242e-02  -5.5552475e-02   6.7356307e-01   5.5996135e-02   3.1810654e-01   1.4019317e-01  -2.6881136e-01   3.2589875e-01   3.9881328e-01  -1.0238716e-01  -2.4070094e-01   4.7013059e-01  -2.9677967e-01   2.0092656e-01  -2.5308204e-02  -2.2323687e-01   3.8598555e-01   3.3598324e-01  -4.2081483e-01   6.4905531e-01   2.5977673e-01   3.0760979e-02  -3.3308636e-01   6.6251478e-01  -1.9331098e-01  -2.8520827e-01  -2.5111080e-01  -2.9595942e-02   2.4105363e-01   5.7883311e-02   4.3651436e-01   4.1140170e-01   3.5978746e-01  -4.1531019e-02   2.1460169e-01  -3.7302549e-01  -3.4947963e-01  -2.6242114e-02   4.9171531e-01   3.2818868e-01   1.3986036e-01   5.9337561e-01  -3.2729311e-01  -1.7247910e-01   6.6107616e-01   2.6700622e-01   4.6227553e-02  -2.3936983e-01  -3.3431333e-01  -1.5828314e-01   4.4844714e-01  -1.8704103e-01   1.8366515e-01   8.8682697e-03   1.5325945e-01  -2.4904830e-01  -1.9049413e-01  -2.4644653e-01  -4.5995453e-01   9.0765875e-02  -2.7202436e-01  -2.6746847e-01  -3.1262881e-01  -4.0972453e-01  -2.9608734e-01  -3.0550864e-01  -6.9226175e-02  -1.2927956e-01  -2.5218081e-01   2.1337376e-01   1.3990736e-01   3.2470745e-01   2.2558886e-01  -1.7068264e-01   7.0492526e-03   3.5085972e-01   3.1237091e-01   5.3648578e-01   2.8316842e-01  -2.0475714e-01   3.1464341e-01   1.3407750e-01   4.9708803e-01  -3.8206311e-01   6.4200177e-01   5.8652573e-01  -3.4966928e-01  -2.0146416e-01  -2.4450450e-01   2.9778363e-01   2.3587047e-01   2.6942024e-01   6.7340907e-01  -3.3082747e-01  -3.8416476e-01  -4.2789783e-01   1.5758017e-01  -1.3536175e-01   2.1852226e-01   2.4629794e-01  -2.1622210e-01   2.9891053e-01  -1.7830140e-01   1.3672005e-01   2.6708189e-01   5.0808870e-02   1.7761690e-02   1.5584199e-01  -4.3551966e-01  -1.2736603e-01   9.2203781e-02  -3.3441575e-01  -3.7050700e-01  -2.5007782e-01  -2.2806374e-01   3.2734204e-01   6.6540698e-02  -9.6624560e-02   5.2079854e-01  -3.1273218e-01   7.2624423e-02   1.0027481e-01   1.6144711e-01  -1.6809044e-01  -1.5536169e-02  -2.6013372e-01   1.9247680e-01  -2.5012210e-01  -2.4085374e-01  -2.0553956e-01   2.0614586e-01  -2.1523502e-01   3.9789395e-02   2.3866237e-01   4.5157022e-01   4.4144246e-02   6.6747128e-01   3.9903912e-01  -2.5532605e-01  -1.5096486e-01   2.0219959e-01  -3.0681703e-01  -3.3882100e-01  -3.6694760e-01  -2.3297709e-01   4.3681339e-01   1.6723798e-01  -2.1042806e-01  -2.6835119e-02   2.4046795e-01
  -2.8426661e-02   3.0657367e-01   2.3604852e-01  -7.8463017e-02   0.0000000e+00  -3.0126997e-01  -1.3339031e-01  -3.1412057e-01   2.3468453e-01   2.7689664e-01  -1.5777339e-01   3.2528700e-01   1.3763972e-01  -4.6591553e-01  -8.9473104e-02  -3.0238530e-02   4.3313874e-01  -1.7417707e-01  -1.6132958e-02   6.5389026e-01  -2.1828051e-01  -3.1972980e-01  -2.2964743e-01  -3.2552260e-01   2.4167530e-01  -1.6687605e-01   3.5991738e-01  -5.5596875e-01   1.0116089e-01  -3.9055914e-01  -1.9647960e-01  -2.9230224e-01  -7.3412262e-02   3.0927841e-01  -3.5287077e-01   4.1744007e-01   2.1527410e-01   5.0071418e-02  -8.8684465e-02   5.9825519e-01   2.3710390e-01   1.6219340e-01   5.0781764e-01  -3.8955083e-01  -4.1660665e-02   3.6184454e-02   9.4104217e-03  -4.3279730e-01   1.6945295e-01   4.2688995e-01  -2.5098835e-01  -1.8934892e-01   4.2172730e-01   7.3057068e-02  -1.1810074e-01  -4.1986551e-01  -2.3733684e-01  -4.2907485e-01  -2.1826788e-01  -3.1506013e-01  -2.9404356e-02   1.3890953e-01   6.0101822e-01   1.9818638e-01   1.0667684e-01   4.1572269e-04  -1.3646663e-01   3.4512865e-01  -2.1910025e-01  -4.1207175e-02   7.9907778e-02  -1.9616498e-01   2.2431889e-01  -3.8060804e-01   2.3748757e-01  -2.4129139e-01  -1.5986109e-01  -3.2454322e-01   7.5641277e-01   2.2928100e-01  -5.5108972e-01   3.9941906e-02   3.4671212e-01  -4.8674329e-02   1.4028162e-01  -1.2550326e-01  -9.7152939e-02  -1.7527733e-01   5.0782137e-01  -2.8263125e-01   5.8690348e-01   6.3836171e-02   4.8625749e-01   8.7863433e-02  -1.3594955e-01   7.6839441e-01   1.2214435e-01  -3.3195152e-01   4.3494164e-01  -1.3529248e-01  -3.5506483e-01  -7.1796501e-02  -5.1738102e-01  -2.6350647e-01  -4.9694407e-01  -1.1924394e-01   8.7087650e-02  -3.4585602e-01   3.8847679e-01   1.4768131e-01   2.6336042e-01  -4.0341047e-01   3.6795704e-02  -1.6632972e-01  -2.2149468e-01   5.8357909e-01  -2.8127010e-01   1.3728726e-01  -3.4409451e-01  -2.1884599e-01  -1.3736339e-01   5.2440238e-01   3.5078799e-01  -9.0295506e-02  -1.0050915e-01  -4.4628902e-01  -1.9547848e-01   2.1168521e-01  -2.0427161e-01   8.3351674e-02   2.5710547e-01   1.5750503e-01  -1.8084682e-01  -5.6191024e-02   1.1689860e-01  -1.2950109e-01  -6.3753768e-02  -5.0770920e-01  -4.6998673e-02  -3.0575758e-02  -8.4860837e-02  -5.7645657e-03  -1.4240860e-01  -2.9277085e-01  -1.6241845e-01  -3.6930485e-01   2.6712016e-01   2.3205514e-01   3.2154788e-01  -6.7503087e-02  -4.6727031e-01  -3.0232216e-01  -2.1968381e-01   2.2523978e-01   4.2228306e-01   5.2534199e-02  -2.8646641e-01  -1.5118911e-01   1.4984759e-01  -3.6548406e-01   2.0474491e-01  -2.3964065e-01   2.9869965e-01  -2.7964900e-01  -7.3029350e-02   4.9118042e-01   3.7976771e-01  -2.8918457e-01  -1.9616822e-01   5.5508404e-01   6.3847221e-01   1.1435119e-01   5.6437175e-02  -1.8546857e-01   1.1597851e-01   2.1546462e-01  -2.0865175e-01
  -4.1769985e-02  -3.7136469e-01   1.8468500e-02   4.3947678e-01  -3.0126997e-01   0.0000000e+00   6.4226645e-02   8.0527123e-02  -2.0567561e-01  -2.6261537e-01   2.6171474e-01  -3.2227460e-01  -3.4448506e-02   3.1883998e-01   1.7783916e-01   3.0607189e-01  -1.3171165e-01   3.1161806e-01   2.2721367e-01  -1.8202295e-02   3.4110283e-01   3.5662735e-01   1.5798198e-01   1.6666842e-01  -2.5879116e-01   1.3495576e-01   2.3552439e-01   2.5158804e-01  -3.2425187e-02   5.7823462e-01   8.3244986e-02   8.6508697e-02   2.3772063e-01  -2.5457014e-01   2.7714697e-01   1.3300631e-01  -2.7248775e-01  -3.3625255e-01   3.1855662e-01  -1.7403156e-01   4.0939610e-02   4.2503567e-02  -4.7546743e-01   4.0842014e-01   4.2228078e-02  -8.9512317e-03   4.2557961e-01   3.1130794e-01  -1.4398212e-01  -2.1159054e-01   3.4950692e-01   3.4136870e-02  -3.9529262e-01   3.2823480e-02  -1.1888077e-01   3.8357666e-01   5.6089653e-01   3.0432215e-01   1.8390452e-01   3.7051230e-01   1.9371959e-01  -7.1584355e-03  -4.7227483e-01  -2.9720192e-01  -2.0228013e-01   2.5472127e-01   7.2992661e-01  -2.6324400e-02   5.3937984e-01   1.7278754e-01  -1.6509254e-01   3.2741083e-01  -1.4769925e-02   4.1548195e-01  -3.9884200e-02  -6.0561319e-02   1.3624330e-01   5.0473644e-01  -3.8964686e-01   7.5913837e-03   2.4804784e-01   3.1662982e-02  -4.2252169e-01  -1.3759391e-01  -1.4486918e-01  -1.5876053e-01   3.0341786e-02  -8.7002041e-02  -3.0801034e-01  -2.6332388e-02  -4.9685604e-01   2.2520103e-02  -2.4899540e-01  -2.6547179e-01   3.6554221e-02  -3.4742414e-01   3.8391208e-02   3.8657560e-01  -2.6969652e-03  -7.8700634e-02   5.6966999e-02   1.4032401e-01   3.1048489e-01   2.4167445e-01   3.2838407e-01   9.1740606e-02   3.5044065e-02   3.8577479e-01  -2.7280483e-01   2.9750270e-01  -3.4024634e-01   5.4209142e-01   2.6418905e-01  -7.7679937e-02   2.0778373e-01  -4.7400810e-01   4.0038291e-01   9.2093933e-02   4.1766698e-01   4.5847831e-01  -1.4470636e-01  -3.7070571e-01  -3.6520466e-01   3.0003046e-02  -6.5386240e-02   3.6243789e-01   4.3730157e-02  -5.8255369e-02  -1.9745460e-02   6.5377557e-02   7.8756057e-02   5.3941471e-02   6.1696581e-02  -1.0775905e-01   1.5149203e-01  -9.2194355e-03   5.1492605e-02   1.8273817e-01  -4.5173043e-02  -1.7226010e-01  -1.7400911e-01  -5.8561087e-02   2.2287327e-01   3.7676431e-01   5.8722663e-02   3.6671259e-01  -1.1590265e-01  -1.5397760e-01   6.1362707e-02  -3.8916346e-03   1.6538681e-01   1.5808306e-01  -3.5611345e-03  -6.9152922e-02  -8.6571870e-02  -1.5312838e-01  -3.3928239e-03   2.0178917e-01  -8.2461292e-02   7.5083767e-02  -1.5272548e-01   2.7408744e-01  -3.1534502e-02   3.0573841e-01   3.3631887e-01  -3.8174341e-01  -3.2814010e-01   1.8632531e-01  -1.1495285e-01  -4.2657808e-01  -5.2448263e-01  -1.9868356e-01   7.8440641e-02   6.9434816e-01  -4.5866225e-02  -1.5817086e-01   3.0058769e-01
  -2.5971749e-01   1.3423118e-01  -5.7306739e-02  -6.8929507e-03  -1.3339031e-01   6.4226645e-02   0.0000000e+00   6.4181640e-03  -1.1719409e-01   4.5180712e-01   1.2827227e-01   1.9221716e-01  -7.6791589e-02  -2.1934639e-02   3.0786643e-01   4.4855906e-02  -2.2321129e-01   2.5827168e-01   5.6389563e-03   7.4624061e-02   1.2137906e-01   4.9324984e-03   6.2181662e-01  -5.4120483e-02  -7.9466774e-02  -1.1060051e-01   1.9681232e-01   1.1207716e-01  -6.4463745e-02   8.6883043e-02   1.1225460e-01  -1.2170809e-01  -1.1459027e-01   5.0902632e-01   5.3467746e-01   2.2647600e-01   1.0386062e-01  -1.0435571e-01  -8.7726737e-02  -1.7924229e-01  -2.2050985e-01  -8.2737598e-02   7.2506902e-02  -8.2845916e-02   3.1016002e-01  -1.4557103e-01   1.1302056e-01   3.7970640e-01  -3.6328131e-01  -3.5834184e-01   2.3165023e-01  -7.7367935e-02   1.6013374e-01  -2.2457333e-01   1.1075194e-02   7.8000781e-02  -1.2489236e-01  -3.5724652e-02  -5.4264504e-02   2.7827100e-01  -2.0127121e-01   2.1264417e-01  -2.6160586e-01  -1.9596821e-01  -1.4078625e-01   3.0864451e-01  -1.0485246e-01  -1.8643740e-01  -4.3752263e-02   1.3763891e-01   3.0336534e-01   1.4423054e-01   9.6964539e-02  -9.3198598e-02  -2.7607633e-01  -2.4805814e-01  -4.1176135e-01  -3.9425016e-02  -1.2000971e-01  -2.0014543e-01   4.3576190e-01   1.5104561e-01  -1.9439575e-01  -2.4344964e-01  -2.8756503e-01  -2.4179782e-01   7.8956900e-02  -7.5897341e-02  -3.6985459e-01  -2.3722593e-01  -4.8561068e-01  -2.9807943e-01   1.0333231e-01   1.2102583e-01  -2.9321272e-01  -2.7491414e-01  -7.3102988e-02  -2.9103288e-02   1.4489383e-01   5.3282044e-01  -2.7035723e-01   4.3047136e-01   6.1450190e-02   1.9424061e-01   6.9914359e-02  -1.7854169e-01  -1.4811567e-01  -1.4536747e-01   1.9026039e-01  -1.7968330e-02   3.3264757e-01   5.7167793e-02  -6.0000661e-02  -2.9062004e-01   8.3019506e-02  -2.5933429e-01  -9.8866331e-02   5.7098352e-02  -1.9667914e-01  -1.1905244e-01  -4.4728535e-01  -4.3006754e-01  -2.5208124e-01   2.3347149e-01  -4.2548202e-01  -8.8907290e-02   3.6275446e-01  -3.4835425e-01  -1.1742037e-01  -1.0228768e-01  -7.5325767e-02   5.1837620e-01  -2.5172817e-01   2.8096834e-01  -5.5124915e-02  -2.5444540e-01  -2.0502744e-01  -1.1292193e-02  -3.1276527e-01  -1.9895446e-01  -2.5271759e-01  -7.4289047e-02  -4.2002380e-02   7.2983932e-02   6.2444716e-01   1.3179275e-01   1.1885763e-01   6.8685738e-02   3.0267718e-01   1.1123979e-01  -1.4473595e-01   6.5956912e-03  -3.4477240e-01   2.2075378e-01  -1.1653787e-01  -2.9837669e-01  -2.6194774e-01   7.4370452e-02  -3.1789343e-01   5.8614426e-02   4.4248891e-02   1.8940245e-02   2.2687417e-01   1.3406421e-01  -2.5420146e-01   3.8417091e-01   4.3754441e-01  -4.6305586e-02  -4.8555369e-02  -3.8463267e-01   1.3426173e-02  -3.2707961e-01   1.1196918e-01  -1.4981108e-01  -1.6837962e-01  -2.2806712e-01  -1.6845206e-01
   2.8514539e-01  -2.3530647e-01   3.5160276e-02  -5.9926641e-02  -3.1412057e-01   8.0527123e-02   6.4181640e-03   0.0000000e+00   4.6032303e-02  -1.3811309e-01   1.5556061e-01  -2.6607152e-01   2.5918874e-02   1.6712351e-01   1.8409231e-01  -1.1541240e-01  -3.8198055e-02   1.0728320e-01   1.4622601e-02  -1.5635764e-01   1.2060611e-01   2.4134416e-01   5.5446340e-02   2.9442369e-01  -7.9489012e-02   2.1913600e-01  -1.6361213e-01   2.6890608e-01   1.6197424e-02   9.7669317e-02   1.3900064e-01   2.9042694e-01  -6.2901891e-02  -2.2470159e-01  -6.1652351e-02  -1.5270016e-01  -1.5042218e-01  -1.9587858e-01  -5.6524051e-02  -2.1332062e-01  -1.3817848e-01   7.8240598e-02  -3.2171404e-01   1.0428781e-02   3.3061514e-02   2.7768608e-01   5.8983288e-02   1.1661279e-01  -1.5963630e-01  -1.2142030e-01   1.3495042e-01   3.7549173e-01  -2.0380363e-01   7.7605909e-02   5.6484007e-02  -8.5023877e-03   1.2991728e-01   3.0868580e-01  -9.9563812e-03   1.0504909e-01   3.4010362e-02  -1.5340305e-01  -2.3163345e-01   1.1817378e-01   1.9695531e-02  -2.2441869e-02   1.2625171e-01  -1.2556788e-01   1.8003803e-01   1.6917976e-01   2.6373196e-02   6.3984283e-02  -1.9936184e-01   4.1126040e-02  -1.0006849e-01   2.4544841e-01   1.5350653e-01   1.1281719e-01  -3.5785662e-01  -9.6040841e-02   2.3369283e-01  -1.1771142e-01  -2.5828628e-01   4.1441292e-01  -1.8548278e-01   2.2354339e-01  -1.2444553e-02   1.8431208e-01  -5.9649949e-02   2.7663660e-01  -2.5210916e-01  -1.6887021e-02  -2.3309317e-01  -9.1650496e-03   2.6878194e-01  -2.3008849e-01   2.7565004e-03   3.5781408e-01  -3.2909649e-01   6.4464915e-03   9.8771074e-02   9.1933556e-02   2.6371661e-01   4.7667286e-02   2.8879766e-01   7.0322270e-02  -1.5429758e-01   4.5169250e-01  -2.4590817e-01  -7.7775697e-02  -1.4215500e-01   1.1688628e-01  -1.6720218e-01   3.0900785e-01   5.6717841e-02  -1.8641135e-01   9.7128356e-02  -2.2916468e-03  -7.9070353e-02   4.0914913e-02   2.1451637e-01  -2.3041641e-01  -1.4986634e-01   5.8352758e-02  -1.3494407e-02   2.2190875e-01   1.2576447e-02  -1.0821834e-01   1.2643528e-01  -1.0877297e-01  -1.3035063e-01  -4.1865002e-02   1.9760652e-01   1.2983433e-01  -1.0010710e-01   3.3098056e-01  -2.1221080e-03   1.8764746e-01   2.3951764e-01   9.6857772e-02   1.6070150e-01   7.7296148e-02   2.8746680e-01  -1.2089781e-01   7.4009966e-02   8.0320531e-02  -1.7414539e-01   2.1733685e-02  -1.2126159e-01   8.3420918e-02   9.1934262e-02   3.1497388e-01   1.8062239e-01  -9.2991591e-02  -2.2367510e-01   1.0627421e-01   3.2079196e-01  -3.2676632e-03  -4.4579703e-03   1.6942825e-01  -7.7186412e-02   1.8974496e-01   4.8663227e-03   1.6871226e-01   7.5335578e-02  -2.2605661e-01  -1.0288096e-01   6.6127569e-02   1.1762406e-01  -3.4561359e-01  -1.8563404e-01  -1.4989262e-02   6.5100452e-02  -3.6464261e-02  -1.8396648e-01  -7.6610338e-04   2.3397462e-01
   3.1983300e-01   4.8663167e-01  -1.3598405e-01  -2.6246259e-01   2.3468453e-01  -2.0567561e-01  -1.1719409e-01   4.6032303e-02   0.0000000e+00   1.2988858e-01  -4.1955339e-03  -9.4970865e-02  -4.3392389e-02  -2.4557708e-01   2.7699732e-03  -3.5279510e-01   4.3295840e-02   6.0896654e-02   1.1336581e-01  -6.6095347e-02  -2.4505109e-03  -1.3344614e-01  -1.0232101e-01   8.5980601e-02  -1.4728464e-01   1.9481034e-01  -1.2365505e-01  -2.4800237e-01   5.5346891e-02  -1.1689533e-01   3.7895262e-02  -9.6674602e-02  -4.1120632e-01  -5.2712107e-02  -1.9279761e-01  -7.1200621e-02   4.1007994e-01  -3.9689943e-02  -2.3078746e-01   1.8015460e-02   1.2493415e-01  -2.6071387e-01   1.5491929e-01  -2.8992964e-01   1.8135856e-01   2.4410192e-01  -1.8506407e-01  -2.2910792e-01   1.7243057e-01  -7.2533616e-02  -6.9496654e-02   1.0356810e-02   2.4700837e-01  -2.9554307e-01  -1.3343409e-01  -2.9245000e-01  -6.7302497e-03  -1.1727043e-01  -1.0128760e-02  -1.0286847e-01  -2.8831212e-01   5.3699429e-02   4.0326067e-01   4.7661629e-01   6.8692191e-01   4.1177020e-02  -1.4717597e-01   1.1055409e-01  -1.7609498e-01  -2.0799801e-01   2.7336348e-01  -6.6497785e-02   1.7199868e-01  -2.5766718e-01  -2.3797693e-01   5.7692801e-02   4.3569308e-02  -2.1923897e-01   2.1689109e-01  -2.1044851e-01  -1.9044059e-01   4.2658848e-02   5.1049041e-02   3.1500922e-02  -2.2899419e-01   1.0955834e-01   1.3659280e-01   3.2480595e-02   2.6683314e-01   2.2045912e-01   1.6741832e-01  -1.3925061e-01  -1.6679165e-01   5.1753413e-01  -4.6632540e-03   5.9133115e-02  -1.0376441e-01   1.2058685e-01   1.8081345e-01  -4.2461686e-02  -4.5258422e-02  -2.0384805e-01  -2.5877039e-01   1.3163250e-01  -1.1216075e-01  -5.1505384e-02  -3.2546092e-01  -3.3134749e-02   1.1021813e-01  -1.4176383e-01  -8.0308725e-02  -2.2245395e-01  -8.8113182e-02   2.0685020e-01  -2.8678684e-01   4.6672457e-01  -9.7521791e-02   1.0537053e-01  -4.6425963e-01   3.4710023e-02   1.0387189e-01  -4.1308289e-02  -3.4955823e-02   4.0610222e-01   8.4963041e-02  -2.1634910e-01   7.4104272e-02  -2.5029474e-01   4.5731127e-02  -3.3495377e-01  -1.3113933e-01   1.9922586e-01  -1.3689836e-01   2.6056071e-01   9.2929082e-02   1.2970440e-01  -2.5116217e-01  -2.5194854e-01   1.1920687e-01   2.1721710e-01   2.4103801e-01  -2.7585896e-01   1.7517725e-02  -5.1835927e-01   8.6835027e-03  -1.2872397e-01  -2.3028132e-01   5.0461937e-01  -1.9034976e-01   2.9191442e-01  -1.5780766e-01  -3.0506296e-01  -2.8374442e-02   2.9996215e-01  -2.0160917e-01   1.0576845e-01   2.1176888e-01   2.7754747e-02  -1.1461189e-01  -2.5299407e-01   1.3416675e-01  -5.2445716e-02   3.7077441e-01  -1.3607736e-01  -3.7309148e-02   1.4049537e-01   9.7151250e-02  -1.3503578e-01   3.2289176e-02   6.7078426e-02   1.8743759e-01   1.6707593e-02   1.8611195e-01  -2.7451682e-01   5.5749801e-02  -1.4603918e-01   1.7934556e-02
  -9.9772483e-02   3.6288182e-01   1.4905689e-01  -1.3557586e-01   2.7689664e-01  -2.6261537e-01   4.5180712e-01  -1.3811309e-01   1.2988858e-01   0.0000000e+00  -2.0853285e-01   5.2754545e-01  -7.6240492e-02  -4.9683861e-01   1.3095630e-01  -9.8831807e-02   1.6728068e-01  -5.4900996e-02  -4.7667256e-02   2.9814255e-01  -2.3218488e-01  -2.0706802e-01   1.7303046e-01  -2.0102558e-01   3.6036718e-02  -1.7834569e-01   1.5561734e-01  -2.4116431e-01  -6.0453903e-02  -3.1542780e-01  -1.8972179e-01  -3.0556071e-01  -2.9481954e-01   6.5359913e-01   4.1573649e-02   1.1044488e-01   2.3911032e-01   8.7136845e-02  -2.1658314e-01   3.0420169e-01  -1.5822396e-01  -5.9813955e-02   4.9332236e-01  -4.1732068e-01   5.2730111e-02  -1.8532164e-02  -1.8849416e-01  -2.2168921e-01  -3.7071215e-01   7.7535724e-02  -1.0351290e-01   4.5765546e-02   3.7546995e-01  -1.0776672e-01  -2.2889486e-01  -3.2352927e-01  -2.2338145e-01  -3.6611481e-01  -1.4978105e-01   4.0441431e-02  -2.1388390e-01   2.5189745e-01   2.4091864e-01   1.5768975e-01  -2.1301610e-02   1.4516927e-01  -2.8086445e-01  -5.3219968e-02  -3.4226964e-01   9.2347371e-02   2.9806844e-01  -2.6483557e-01   1.4024769e-01  -2.2455486e-01  -2.0466517e-02  -1.8654395e-01  -3.9748780e-01  -3.0024964e-01   2.7527803e-01  -1.0753893e-01  -1.0881149e-01   1.4565934e-01   1.4818685e-01  -1.1122834e-01   1.8647006e-02  -5.8464475e-02  -1.2008039e-01  -2.9726150e-02   4.8143835e-02  -1.5870540e-01   2.0916058e-02  -8.0319171e-02   4.6179071e-01   1.7750894e-01  -2.6205538e-01   2.8148876e-01   6.7147270e-02  -2.6492522e-01   1.7355215e-01   2.5754469e-01  -3.5845944e-01   2.9116781e-01  -3.1904547e-01   4.8944324e-02  -3.1910907e-01  -3.8184566e-01  -5.8294478e-02  -2.3392288e-01   3.8574829e-01  -7.1509285e-02   5.2740517e-01  -3.2426598e-01  -2.0915166e-01  -1.7586375e-01  -8.1429456e-02   2.0587093e-01  -2.8478442e-01   3.6336487e-02  -4.0807924e-01  -2.6099133e-01  -1.5885112e-01   8.8231254e-02   1.5670519e-01   2.2225249e-02  -3.4323971e-01  -3.1058479e-01   1.0954220e-01  -5.2881918e-02  -2.2515401e-01   2.4538097e-02  -2.3386258e-02   2.5402821e-01  -5.9446604e-02   1.6219173e-01   2.0537545e-01  -1.0231526e-01  -5.5937959e-02  -3.8086895e-01  -3.0157336e-02   4.8483112e-02  -2.0696901e-02  -1.6807302e-01  -2.9952085e-01  -1.1320796e-01   2.7139423e-01  -2.7613718e-01   4.0655995e-01   1.0159113e-01   3.9364292e-01   8.5484407e-02  -2.7730519e-01  -2.7109634e-01  -2.1790321e-01   1.6914621e-01   2.4260065e-01  -3.1699852e-02  -1.4621785e-01  -2.2320417e-02  -1.0412733e-01  -1.3227982e-01   1.6919288e-01  -3.2171292e-01   3.1993457e-01  -1.6285279e-01  -1.9264273e-01   5.4693267e-01   4.1009434e-01  -1.8200882e-01   4.3922992e-02   1.0715047e-01   3.7626862e-01  -4.7379620e-02  -1.1311906e-01  -2.3208992e-01  -1.7907677e-03  -1.3817679e-01  -2.3180758e-01
   6.2884703e-02  -1.2137519e-01  -4.9766755e-01   5.1830520e-01  -1.5777339e-01   2.6171474e-01   1.2827227e-01   1.5556061e-01  -4.1955339e-03  -2.0853285e-01   0.0000000e+00  -5.0048460e-01   1.7041293e-01   1.3024913e-01   1.5363581e-01   7.5176814e-02  -5.5876253e-01   7.8009289e-01  -9.1206285e-02  -2.1239504e-01   4.9576989e-01   5.9328519e-01   3.9697688e-01   8.7569745e-02  -3.6653198e-01   7.6458086e-02   1.4886406e-01   1.3863246e-01   2.0446658e-02   7.2198577e-01   8.4429711e-02   3.2594269e-01  -1.0652942e-01  -2.8805713e-01   3.3763808e-01   4.6535166e-01  -1.0845759e-03  -2.8182927e-01   2.5057892e-01  -5.4827997e-01   2.9727488e-01  -8.9676092e-02  -2.6495027e-01   4.5327531e-01   6.1999321e-01  -1.3742746e-01   7.7982492e-01   4.0526666e-01  -4.3003965e-03  -5.9951798e-01   8.4289186e-01  -1.4767049e-01  -2.0145219e-01  -4.7206140e-01  -1.1625966e-01   3.4415081e-01   6.2202127e-02   4.8510573e-01   3.7235568e-01   3.7908200e-01  -1.8622985e-01   1.6729223e-01  -4.9322478e-01  -2.8961198e-01   1.9740497e-01   6.6771537e-01   1.1798699e-01   7.3275104e-02   6.8271621e-01  -3.5348895e-01  -1.7870155e-01   7.5043626e-01   1.5234760e-01  -1.8686625e-01  -4.2658516e-01  -2.9522793e-01  -1.9685682e-01   3.9398474e-01  -3.2292247e-01  -1.0101066e-01   1.0489637e-01   7.3100097e-02  -3.6812457e-01  -2.2957255e-01  -6.5351330e-01  -4.0463402e-01   5.0473907e-02  -2.8981640e-01  -2.1070892e-01  -3.8659689e-02  -5.6875825e-01  -5.1682684e-01  -5.5244139e-01   2.4762349e-01  -7.1164512e-02  -4.2524668e-01   2.0858330e-02   2.9349258e-01   2.3271682e-01   3.1505516e-01  -1.1400892e-01   3.0124382e-02   4.3559458e-01   3.1952667e-01   7.0454474e-01   3.4607456e-01  -5.2320227e-01   4.0172010e-01  -9.1698401e-02   5.0773624e-01  -4.7950358e-01   6.2974135e-01   2.1787072e-01  -8.2018968e-02  -3.6430495e-01  -2.2759901e-01   3.7741408e-01   2.3392713e-01   4.1773208e-02   5.3751085e-01  -2.7215437e-01  -6.8869810e-01  -5.2410224e-01   4.5568715e-01  -8.9195909e-02   3.2389302e-02   4.4963030e-01  -5.3724078e-01   3.7754379e-01  -5.2088710e-01   1.2155811e-01   5.4865531e-01  -9.3346075e-02   2.5043894e-01   3.2530752e-02  -3.7665785e-01  -3.5805232e-01   1.5693859e-01  -3.6557722e-01  -3.2560004e-01  -6.3755206e-02  -1.2817183e-01   7.4942090e-01  -2.2379856e-01   8.4704789e-02   6.1063675e-01  -6.1498838e-01   4.2144797e-01   1.0700980e-01   2.3642411e-01  -1.6864900e-01   9.6082376e-02  -3.5986620e-01   5.7948673e-01  -6.4058742e-01  -2.0142575e-01   2.8036468e-03   1.1995543e-01  -3.9920584e-01   1.3168692e-01   1.1232738e-01   8.5920782e-01   2.9792097e-01   7.7500358e-01   1.6013602e-01  -1.4340725e-01   2.1341362e-01   1.8599153e-01  -2.5979551e-01  -6.0489761e-01  -3.2539700e-01  -3.2546722e-01   6.4025181e-01  -1.2928351e-01  -2.5092619e-01  -2.5814946e-01   2.0414725e-01
  -3.5350037e-01   2.8407492e-01   4.9708672e-01  -3.3544522e-01   3.2528700e-01  -3.2227460e-01   1.9221716e-01  -2.6607152e-01  -9.4970865e-02   5.2754545e-01  -5.0048460e-01   0.0000000e+00  -1.1997021e-01  -4.5828866e-01   1.9187130e-01   1.2633525e-01   4.8225428e-01  -3.4133974e-01   8.5691369e-04   4.4166328e-01  -6.3255742e-01  -5.0673579e-01  -2.6899086e-01  -3.5785267e-01   2.6831275e-01  -1.4234935e-01   1.6648270e-01  -1.6438431e-01   7.8267014e-02  -5.8659246e-01  -2.6925201e-01  -4.4274382e-01  -8.3294849e-02   7.9875832e-01   1.6008105e-02  -3.8867186e-02  -1.0344180e-01   1.9187618e-01  -1.6277948e-01   5.1760670e-01  -2.7600206e-01   1.2847441e-01   6.7350811e-01  -3.5182198e-01  -1.6698398e-01  -4.2667240e-03  -3.4903973e-01  -4.1880809e-01  -3.1261949e-01   4.7563304e-01  -4.6078867e-01  -1.4906910e-01   2.8249971e-01   2.7519352e-01   4.6758454e-02  -3.2023510e-01  -2.7665458e-01  -5.9108637e-01  -4.9582303e-01   1.0293056e-01   1.0146354e-01   9.2108581e-02   3.7945908e-01   8.8676722e-02  -2.2721215e-01  -3.1195009e-01  -2.1455515e-01   2.7411694e-02  -4.3428086e-01   3.3144562e-01   2.2133620e-01  -5.4224783e-01   5.7915561e-02   3.1795029e-02   3.9496680e-01  -1.3496071e-01  -1.5794887e-01  -5.0453772e-01   5.1226403e-01   5.3468438e-02  -3.1055877e-01   2.1236120e-01   2.1437030e-01  -8.2802837e-02   4.9235735e-01   2.0748850e-04  -2.2285312e-01  -6.8616783e-02   1.6067379e-01  -2.5731657e-01   2.9297319e-01   3.5138171e-01   7.0087496e-01   4.2665882e-02  -1.9854656e-01   5.0353617e-01   6.7535241e-02  -3.8413709e-01   9.1845871e-02  -2.0071053e-01  -1.8113850e-01   5.4509209e-01  -5.7992362e-01  -2.6705307e-02  -6.0709497e-01  -3.3285854e-01   3.3934636e-01  -3.6850361e-01   2.4395792e-01  -1.8133412e-01   6.4025265e-01  -6.2241822e-01  -2.0002450e-01  -3.0638612e-01   2.5153206e-01   1.3731000e-01  -3.0498591e-01  -1.0697032e-02  -1.1417259e-01  -5.4293310e-01  -6.7982917e-02   5.3574383e-01   6.6409191e-01  -2.2647032e-01  -1.4118553e-01  -4.9669636e-01   9.1785479e-04   3.0644820e-01  -3.4158005e-01   5.0197206e-01   2.0666344e-01  -1.5011022e-01   4.4260612e-02  -2.4001817e-01   2.2888716e-01   8.1601193e-02   1.4339551e-01  -3.7635798e-01  -1.5441254e-02  -3.2091023e-02  -2.1109378e-01   2.3065018e-02  -4.2172881e-01   2.0921979e-01   5.0781206e-02  -5.6514304e-01   7.4006306e-01  -2.5052349e-01   3.2286374e-01  -2.8276635e-01  -1.3585963e-01  -3.7176212e-01   4.1702345e-02  -2.9463757e-01   6.8480914e-01  -8.1365645e-02  -3.1122335e-01  -2.1484631e-01   2.6594364e-01  -4.0316565e-01   1.9882654e-01  -4.9581562e-01  -1.1594930e-01  -4.5525117e-01  -2.8112098e-01   5.4864379e-01   2.7011377e-01  -1.5324088e-01   5.5404768e-02   4.0251940e-01   5.8344133e-01   1.1932206e-01  -3.4882252e-01  -8.9418886e-02   4.8211072e-02   6.5483426e-02  -4.2364958e-01
  -6.0263543e-02  -6.9545020e-02  -7.9390548e-02   1.4274208e-01   1.3763972e-01  -3.4448506e-02  -7.6791589e-02   2.5918874e-02  -4.3392389e-02  -7.6240492e-02   1.7041293e-01  -1.1997021e-01   0.0000000e+00  -1.1343344e-01   4.4935434e-02   1.5224534e-01  -1.7706598e-01   1.4947865e-01  -9.0139024e-02   1.0425899e-01   7.4031468e-02   7.8307237e-02  -3.2074888e-02  -1.7261552e-02   1.4459297e-01  -1.2573885e-01   2.9311275e-01  -1.3154181e-01  -6.4927840e-02   2.2426728e-02   1.1742140e-01   1.8153241e-01  -4.5915675e-02  -1.2632945e-01  -1.0639657e-01   1.9410611e-01   3.8552467e-03   8.6750516e-02   2.2005084e-01   8.8647131e-02   5.8940376e-01   8.4982637e-02   9.1719393e-02  -6.7498892e-02   6.5491327e-02  -5.1019424e-02   2.5781351e-01  -1.3356680e-01   2.2926238e-01  -6.5965063e-02   1.9253368e-01  -1.0224239e-01  -1.0544299e-01  -7.6072873e-02  -4.2831321e-02  -1.9344014e-01  -1.4329721e-01  -3.1005465e-02   2.2743130e-01  -1.2132636e-02  -1.4747857e-02   7.6600321e-02   3.1866106e-02   3.9020413e-02   1.1660073e-01   6.9153824e-02  -1.6836211e-01   1.3179254e-01   1.4892224e-01  -1.0402554e-01  -1.8724932e-01   2.2733775e-01   4.0444564e-01  -2.4263721e-01   1.4637565e-01  -9.6197439e-02   1.0902236e-01  -3.6947345e-02   8.9123778e-03   4.4189583e-01  -2.0884119e-01   3.6293960e-01  -1.0075558e-01   5.0382426e-02  -1.9587219e-01  -1.0349258e-01  -1.5255548e-01  -7.4738381e-02   1.1980765e-01  -6.1677884e-02  -1.5150145e-02  -1.2230215e-01  -7.3795825e-02   2.8255920e-02   1.0243309e-01   1.3284099e-01   2.7323339e-01   4.4332677e-03   1.1890693e-01   1.2470585e-01  -1.3841109e-01  -5.2001352e-02  -1.3330653e-01   1.4004322e-02   1.3150374e-01   7.3188850e-02  -1.5981417e-01   7.3323867e-02   6.8601498e-02   1.4887072e-02  -1.1430393e-01  -1.6428159e-02   2.3225733e-01  -9.0547820e-02  -1.8873479e-01   5.8007420e-02   3.3913287e-03   6.3093916e-01  -6.1444112e-02   1.8441263e-01  -3.3677434e-02  -7.2581138e-02  -4.2479243e-02   2.0590564e-02   2.3035557e-03  -1.4647073e-01  -6.0132100e-03   9.3499145e-02   1.9147422e-01  -1.1518822e-01   5.2126444e-01   1.5437097e-01  -1.6384598e-01   9.9766137e-02  -4.6669992e-02  -1.2427168e-01   4.7588459e-02  -2.8871484e-01  -1.2102152e-01   5.4095617e-03  -7.8091840e-03   2.2025960e-01   2.9760562e-01  -1.6545114e-01  -1.2091209e-03   4.5054898e-02  -1.4968251e-01   1.1868074e-01  -8.2501708e-03  -3.4543955e-02  -1.4265565e-01  -2.7194889e-01  -3.4297389e-02   6.0316344e-02  -9.0299784e-02  -6.6796680e-02  -1.0281304e-01   2.4962740e-01  -4.1097465e-03  -9.4648189e-02  -3.4483740e-02   1.7560788e-01   1.0120930e-01   1.8330906e-01  -3.2675481e-02  -3.7651255e-02   5.2380593e-02  -2.1724757e-01  -2.4091518e-01  -1.0179212e-01   2.1847427e-02   1.3840464e-01   3.1046340e-01  -2.0723146e-01   5.2423216e-02   1.8145611e-01  -8.6577395e-02
  -1.5934807e-01  -4.5673725e-01  -2.2714504e-01   2.1158756e-01  -4.6591553e-01   3.1883998e-01  -2.1934639e-02   1.6712351e-01  -2.4557708e-01  -4.9683861e-01   1.3024913e-01  -4.5828866e-01  -1.1343344e-01   0.0000000e+00  -1.0146813e-01   1.2887179e-01  -2.8010991e-01   5.3754315e-02   1.0466599e-02  -4.0083685e-01   4.8481325e-01   1.6724943e-01   1.1047769e-01   2.5230924e-01  -1.7342330e-03  -3.1065892e-03  -1.2278733e-01   4.0200314e-01  -9.5349383e-02   3.8809936e-01   5.2297398e-01   1.2673731e-01   3.5431334e-01  -5.1816702e-01   2.7275585e-01  -1.5367313e-01  -3.1530998e-01   6.6330145e-02   2.3090652e-01  -2.9969030e-01  -1.2270927e-01   2.3329971e-02  -5.9971528e-01   4.2360609e-01  -1.9974258e-01  -1.7366536e-01   8.1319149e-02   6.7358838e-01   1.2440938e-01  -1.8155760e-01   6.3236666e-02   9.5455642e-02  -3.0676393e-01   8.9180274e-02   3.0166552e-01   3.9283845e-01   1.4850991e-01   2.7535861e-01   2.1814834e-01   6.2810525e-03   1.3999274e-01  -2.4244691e-01  -4.7367020e-01  -2.5447924e-01  -9.8534032e-02  -1.1390904e-01   2.7361189e-01   2.9784562e-02   1.8714497e-01  -7.6243535e-02   6.7011501e-02   1.7967559e-01  -1.5871290e-01   2.9214163e-01  -2.2421154e-01   2.5125804e-01   1.9952078e-01   2.3805234e-01  -5.5020305e-01   1.0113699e-01   3.7855680e-01  -2.8069834e-01   4.0886219e-02   4.5210834e-02   4.8953516e-02   6.2629569e-02   5.2217359e-01   1.5201094e-02  -3.0743225e-01   6.0931574e-02  -2.3882233e-01  -3.0267585e-02  -3.0952404e-01  -2.7827537e-01   1.9504088e-01  -4.7169568e-01  -8.4646408e-03   1.2822433e-01  -2.8345085e-01   4.6884207e-02   5.3425759e-01  -1.5965321e-01   5.8508550e-01   1.4354190e-02   2.4536113e-01   1.6082014e-01   1.3209993e-01   1.1695255e-01  -2.9567310e-01   1.2309403e-04  -2.2987446e-01   4.3548579e-01   1.5496921e-01  -4.1305621e-02   2.5627489e-01  -4.2200594e-01   1.5070198e-01  -1.5798010e-01   3.6256636e-01   2.0242591e-01   7.3115076e-02  -2.7321836e-01  -3.2200030e-01  -7.6959253e-02   1.8158654e-01   4.7406190e-01  -1.0715663e-01  -5.1579932e-03   5.4245877e-02   1.4739461e-02  -2.7551440e-01  -1.6595458e-01  -1.6231220e-02   5.3887095e-02  -2.8654096e-01   1.7559295e-01   3.8556875e-02   5.3686191e-01   5.0682464e-02  -4.0386577e-02  -6.6205088e-02  -7.2936203e-02   2.9740398e-04   3.0760076e-01   1.2443743e-01   5.7711372e-01  -1.8583383e-01  -3.1707299e-01  -2.4489645e-01   2.6735073e-01   2.7433418e-01   3.8930353e-01  -6.0226684e-02  -1.5409330e-01  -2.0660805e-01   2.1332587e-02   5.2647942e-03   7.0432328e-02   4.4084746e-02   1.8748228e-01  -2.7919092e-01   2.1799123e-01  -3.0417425e-01   1.3506238e-01   7.3650874e-02  -5.2936550e-01  -4.4764955e-01   3.0816985e-01  -9.5134454e-02  -1.9918644e-01  -5.5681473e-01  -4.0813035e-02  -3.1330994e-02   3.4171813e-01  -7.4857283e-02   1.7385030e-02   1.4613946e-01
