   0.0000000e+00  -2.1897182e-01  -9.3903160e-03  -2.3691442e-01  -2.3239574e-01  -1.9994425e-01  -2.2353049e-01  -3.0498901e-01  -2.8455221e-01  -3.1059962e-01  -2.4227021e-01  -2.2550053e-01  -2.3297678e-01   3.5907289e-01   1.6384987e-01  -2.7860282e-01  -1.7835724e-01  -1.3603013e-01  -1.2532822e-01  -1.7160374e-01  -5.6722220e-02  -2.4418857e-01  -1.5625721e-01   8.1592505e-01  -1.4745382e-01   2.9398146e-02  -2.6403493e-01   9.1087527e-02  -1.4320915e-01  -2.6792544e-01  -2.5651333e-02  -2.3711055e-01   1.3187157e-01  -3.9344257e-01  -2.5456864e-01  -3.7948268e-01  -2.2241863e-02   7.4950775e-01  -3.0754172e-01  -2.2825599e-01  -3.5112816e-01   1.9005649e-01  -1.0864400e-01  -8.6054503e-02  -3.7154666e-01   4.6002694e-01  -3.1547612e-01  -2.5171900e-01  -1.1768776e-01   2.5151974e-03  -1.2507518e-01   1.4669895e-02  -1.9212122e-01   2.4945472e-01   1.9280398e-01  -2.0204812e-02  -2.1323891e-02  -2.8958076e-01  -2.9969294e-01  -1.0383441e-01   2.7112094e-01  -2.2957122e-01  -1.7495531e-01  -3.1841774e-01  -1.5873677e-01  -2.3083535e-01  -3.3254249e-01  -2.8290079e-01  -2.9039197e-01   7.8484802e-02  -3.3730667e-01  -1.2595987e-01  -3.1800761e-01   4.9353028e-01   3.1500803e-02  -3.1936697e-01   3.7714169e-01  -2.7564760e-01  -3.7446736e-01  -1.4122921e-01  -1.8079204e-01  -2.1511224e-01  -2.2927617e-01  -2.1992803e-01   5.3907442e-01  -1.7773857e-01   3.9436721e-02   7.4716457e-01  -3.8792927e-02   8.8187671e-01  -5.4917784e-02   2.7019537e-01  -1.0743296e-01  -1.7800730e-01   6.8021466e-01   4.8765414e-03   7.6065626e-02  -8.7647900e-02  -2.0191523e-01  -1.1588380e-01   2.4967822e-01   4.7058571e-02  -2.9795103e-01  -1.3068791e-01  -1.4708125e-01  -1.8260782e-01  -1.0821299e-01  -2.9927884e-01  -2.4840891e-02  -3.9146722e-01  -2.3131854e-01  -1.1932439e-01  -3.3973790e-01   8.2812569e-01   2.3010584e-01   8.2261335e-02  -1.4435046e-01  -2.1921286e-01   2.4035190e-01  -2.1314294e-01   4.5389075e-01  -1.5912696e-01  -1.2870212e-01  -2.1123861e-01   6.8898768e-01   2.3379468e-01  -2.4968110e-01   9.7982232e-02  -2.3568862e-01  -3.5266757e-01  -2.1346364e-01  -7.8168074e-02   1.5863957e-01  -2.0327487e-01  -2.5785748e-01  -2.6225282e-01   2.6752514e-02  -1.8412581e-01  -3.0199963e-02   7.7134010e-01   6.9686833e-01  -1.4088608e-01  -8.6898549e-02  -2.6857360e-02  -3.8915386e-02  -1.3302577e-01  -1.8391264e-01  -1.7536740e-01  -4.0031319e-01  -1.7235462e-01   4.9512816e-01  -3.2010608e-01   4.9500924e-01  -1.2981143e-01  -3.5004662e-01   7.9340301e-01   4.7041306e-01  -2.6398101e-01   1.3468599e-01  -2.2019729e-01  -2.3149637e-01  -1.7724712e-01  -2.3833781e-01  -2.8409579e-01  -1.7877304e-01  -6.3305637e-02  -3.3388348e-02  -1.6071949e-01   3.6253742e-01  -8.7449644e-02  -1.5812942e-01   5.1389550e-01  -3.0367713e-01  -2.9360420e-01   1.7957266e-02   1.6394834e-02  -1.3834757e-01
  -2.1897182e-01   0.0000000e+00  -4.4867101e-02  -2.2643210e-01   5.4488898e-01  -2.9353384e-01   6.7610348e-02  -1.2373019e-01   4.1468800e-01   2.6581948e-01  -2.2542344e-01   6.7057625e-01   1.4304789e-01  -3.6690264e-01  -4.7773493e-01   1.0556639e-02  -2.6898846e-03  -3.9202229e-01  -4.2918135e-02   2.7508049e-01  -4.6617586e-01  -2.6261090e-01  -1.8281148e-01  -2.2847837e-01   5.1673226e-02  -7.4776698e-02   5.3743019e-01  -2.7165579e-01   1.0617172e-01  -3.4647762e-02  -4.4647837e-01   3.8131342e-02  -9.9227050e-02   4.7009676e-01   3.0511266e-01   6.5759144e-02   5.7328221e-02  -2.5140104e-01   1.5359946e-01   4.4375268e-01   7.8507309e-02  -9.6402800e-02   2.1960475e-01  -3.9335620e-01   4.4593151e-02  -6.8364290e-02  -2.7923579e-01   1.3650434e-01   1.7283623e-01   4.9288095e-01  -3.2501818e-01  -9.1840090e-02   7.3264215e-01  -1.7595580e-01  -3.1052945e-01  -3.2977157e-01  -2.5845103e-01  -5.9769853e-02  -7.4322706e-02  -1.7316717e-01  -3.5199135e-01   1.8546871e-01   6.7878996e-01   1.7257055e-01   3.4382280e-01  -2.2439729e-01  -1.9318194e-01   2.2057535e-01  -2.9672185e-01  -1.6921850e-02   5.2787638e-01  -5.0552220e-01   3.2716970e-01  -1.0401735e-01  -4.6622815e-02   1.1299747e-01  -3.0364573e-01   1.3876200e-01   5.8977019e-01  -8.0905276e-02  -3.1215254e-01   2.7580750e-01  -7.2349603e-02  -1.5923309e-01  -1.8906795e-01   1.0635130e-01   5.8323713e-01  -3.7611868e-01   3.9945536e-01  -1.4707803e-01   5.5907859e-01  -4.0759488e-01   3.0072617e-01   1.2128390e-01  -2.7137385e-01   4.6348658e-02  -3.7197687e-02   1.4028935e-02   3.7000165e-01  -1.1454181e-01  -3.8717575e-01  -3.5755353e-01  -1.9854851e-01   7.1776644e-03  -2.1296217e-01  -1.4817778e-01  -1.6340091e-01  -1.1747439e-01  -1.0245803e-02   2.3163080e-01  -4.9764855e-02  -2.9909160e-01  -1.2093964e-01  -2.3135185e-01  -3.7590826e-01   6.0847504e-01  -1.4159798e-02   2.5652319e-01  -5.0047117e-01  -1.7896601e-01  -3.4399356e-01   5.4870769e-01   5.5390322e-01   4.8492777e-01  -2.1293233e-01  -5.2675184e-01   1.4864559e-02   4.8197705e-02  -1.5351623e-01   4.9111410e-01   2.9342851e-01  -1.2814967e-01   1.6320190e-01   1.9479360e-02   5.2165068e-02   3.9791639e-02   5.3044481e-02  -3.3892969e-01  -2.5232923e-03  -1.9437379e-01  -3.4735895e-01   1.3434396e-01  -2.0198636e-01  -3.2698872e-01  -1.8965757e-01  -2.6546462e-01   3.7735784e-01   3.0216214e-01  -1.0611081e-01   6.3494679e-02  -2.9721114e-01  -3.1374944e-01  -2.9535953e-01   2.3257516e-01   7.2158782e-01  -2.0070456e-01  -2.9242852e-01  -1.4407648e-01  -4.1712363e-01  -2.7532613e-01   1.4448231e-01  -1.0117107e-01   1.9466036e-01  -3.0350440e-01  -1.2342189e-02   5.7306100e-01  -6.6321232e-02  -9.0413699e-02  -4.1705772e-01   3.8741008e-01   5.2049681e-01  -2.0344769e-01   8.1940384e-02  -1.4760715e-01  -7.8611729e-03  -9.8672315e-02  -1.6714150e-01
  -9.3903160e-03  -4.4867101e-02   0.0000000e+00  -3.3599615e-02  -8.9829490e-02   9.1626925e-02  -1.3683542e-01  -6.9860924e-02  -2.8699793e-01  -1.0938499e-01  -2.9615863e-01   2.2533912e-01  -1.2675869e-01   2.6656092e-01   1.6955408e-01   1.8886796e-01   7.6406592e-01  -2.7572817e-01  -3.3939979e-02  -1.0949367e-01  -1.5142243e-02  -1.7430373e-01   4.9521161e-02   3.0117589e-02   2.7246296e-02  -9.9467911e-02   8.4174735e-02  -1.2612063e-02   3.0603946e-02  -2.5154344e-01   3.0502902e-02  -8.2980579e-02   3.5637849e-01  -3.6502560e-02  -4.7497785e-02  -2.6955404e-01  -1.7918405e-01   9.4261447e-02   1.9870463e-01   1.5774051e-01  -1.8756941e-01   5.2165978e-01   6.6494310e-02   3.8020654e-02  -2.8181342e-01   2.7215590e-01  -1.9990010e-01  -1.4046999e-01  -1.8771623e-01   2.7704257e-01  -3.2433277e-01   8.4382452e-02  -1.3728576e-01   6.1477926e-01   9.7671146e-02   1.7398814e-01   1.6366558e-02  -5.8085883e-02  -4.0925859e-02  -1.4175699e-01   3.4874228e-01  -1.5429240e-01  -7.8665764e-02  -2.6184785e-01  -3.7999246e-01  -2.1847154e-01   3.1852607e-02   4.0032948e-02  -1.3582978e-01   5.5199021e-01   4.8616725e-02   2.0251457e-02   9.1654206e-02   1.0727485e-01   1.6084772e-01  -1.5322124e-01   2.3318078e-01  -1.9397937e-01  -2.2529740e-01   2.5449192e-02  -4.0396598e-02   2.4903291e-01   2.7456335e-01  -3.3884271e-02   3.9876909e-01  -1.8669033e-01  -8.0684093e-02   9.9317060e-02  -1.0455984e-01   1.0376842e-02  -1.6465191e-01   5.8297227e-01   5.0004491e-02  -2.4959740e-02   5.4552451e-02   5.9198729e-02   1.7428681e-01  -1.4818992e-01  -7.6284067e-02  -1.6093738e-01   4.1952331e-01   1.0478561e-01  -7.8213716e-02  -7.7159547e-02  -9.6492544e-02  -5.8211754e-02   5.7850599e-01  -1.0527484e-01   1.9660423e-01  -4.1166399e-02   5.6396952e-02  -1.3877361e-01  -2.7444061e-03  -7.3119603e-02   4.9818521e-01  -9.4547139e-02  -6.7500115e-02   8.8533832e-02   3.8186574e-01   3.1293054e-02   2.2675133e-01   5.7330102e-02   7.4053750e-02  -2.2575688e-01   5.2259124e-02   2.8374433e-01  -2.1410119e-01   7.8589762e-02  -8.6299366e-02   4.3445392e-01   3.8468973e-02  -3.1670445e-01   6.5295299e-02  -8.0800348e-02   1.0172343e-01  -2.3013818e-01   3.2871665e-01  -4.2614224e-02  -1.8020301e-01  -9.1105498e-02   9.4519009e-02   1.7027860e-02  -2.3455092e-01   4.6798379e-01   2.4124754e-02  -3.2150932e-02   2.2709820e-01  -4.2029845e-01  -1.9561776e-01  -1.3457344e-01   4.8873020e-01  -9.2940324e-02   3.6496917e-01  -4.7123324e-01   2.3757676e-01  -9.7704293e-03   2.2250178e-02  -8.0889134e-02   4.1020937e-01  -1.0753200e-01   1.0456309e-01  -2.6118376e-01  -3.0512046e-01  -2.2466668e-01  -7.8233282e-02  -2.3860202e-02  -2.3676094e-01  -1.9195337e-01   3.5642404e-01   3.5246903e-02  -1.1219478e-01   2.8987477e-02  -1.7605735e-01   3.1456309e-01   9.5889684e-02   3.6847736e-01  -4.1729522e-02
  -2.3691442e-01  -2.2643210e-01  -3.3599615e-02   0.0000000e+00  -2.0067636e-01   4.0602677e-01   1.8363477e-01   5.3007908e-01  -1.0830023e-01   7.9014711e-02   4.7537858e-01  -9.0289974e-02  -2.1735308e-01  -1.2184680e-01   6.3573056e-02   2.7150749e-01   1.6766842e-01   5.3302902e-01   5.2291188e-01  -8.7169577e-02   2.7244278e-01   7.7226642e-01  -2.2937294e-02  -2.6581957e-01   3.3164018e-02   4.5108522e-01  -1.0943617e-01   3.4157215e-01  -1.2948743e-01   3.2748610e-01   1.3668978e-01   6.3693502e-01  -9.7401249e-02  -5.4511260e-02  -1.9314205e-01   8.9275925e-02  -2.5411626e-01  -4.4753582e-01   4.6060203e-01  -2.5565773e-01   8.3073558e-02  -3.1158315e-01  -1.5121521e-01   5.1877488e-01   3.3506284e-02  -2.1718606e-01   5.0841809e-01  -2.8239430e-01   8.1511064e-02  -2.7521476e-01   4.5076096e-01   7.4266719e-02  -1.4498977e-01  -2.0021976e-01  -1.7678671e-01   3.8748925e-01   5.8134741e-01   5.8957285e-01   7.5762542e-01   1.2552490e-01  -1.4838939e-01  -3.3905595e-02  -3.3151913e-01   6.9251972e-02  -7.1115300e-02   1.4494643e-01   3.7675006e-01   8.3971860e-02   7.7041069e-01  -5.7268298e-02  -2.5630008e-01   4.9246038e-01  -2.9992471e-02   8.0461649e-03  -1.1355372e-01   5.6066748e-01  -1.2943441e-01   5.9484237e-01  -3.5652564e-02   6.3350523e-01   1.8510449e-01  -4.9579092e-02  -1.5384322e-02   7.2265373e-01  -7.8070527e-02   3.8613698e-01  -6.1426500e-01  -1.1293164e-01  -1.9593971e-01  -3.0940542e-01  -1.7982882e-01  -2.0186107e-01   1.3508017e-02   9.6296308e-02  -4.8252666e-01   8.9510433e-02  -4.5791315e-02   5.8318831e-01  -4.7654636e-02  -4.2073996e-02   2.4633723e-02  -3.9660746e-02   6.8060501e-01  -1.9982744e-01   6.1887008e-01   7.9438318e-01  -5.6940824e-02   7.3794685e-01  -9.4676970e-02  -3.2585376e-03   5.2859831e-02   6.2569681e-01   5.9143762e-01  -3.8627226e-01  -1.2773955e-01  -1.8893827e-01   5.0181400e-01  -3.1930998e-01  -2.2998658e-02   7.1641062e-01  -8.8088896e-02  -1.0719893e-01  -2.9626479e-01  -1.6625519e-01  -2.5824703e-01   1.3978924e-01   1.5123500e-01   1.0594825e-01   6.3336436e-01  -1.7848541e-01  -2.9582254e-01   1.1072789e-02   1.8763661e-01  -2.5466309e-01   7.0098809e-02   4.7399956e-01  -7.3560888e-02   7.0782685e-02   4.2835800e-01  -4.3968297e-01  -2.6234085e-02  -3.8344875e-01   5.4791845e-01  -7.6829042e-03  -1.0509833e-01   8.7093862e-02  -1.4374551e-01   1.2304805e-01   1.4976117e-01  -9.8183161e-02   1.9614293e-03   4.2669734e-01  -3.1324502e-01  -3.5480026e-02  -2.0322462e-01  -3.4577934e-01  -2.7702552e-01   4.5593830e-01  -1.5927945e-01   4.8482612e-01  -2.9127488e-02   5.3727385e-01   9.0854734e-03   6.1833407e-01   6.7577897e-01  -1.6135381e-01   2.5317097e-01   5.5106364e-01  -9.9859181e-02  -2.2401006e-01  -2.0071028e-01  -1.5009085e-01   1.5259349e-01   4.4262012e-02   4.7642718e-02  -2.0545149e-02   7.2117121e-01
  -2.3239574e-01   5.4488898e-01  -8.9829490e-02  -2.0067636e-01   0.0000000e+00  -3.1309789e-01  -1.8152900e-01  -1.0026623e-02   3.6413814e-01   2.1036579e-01  -2.0288554e-01   3.7234779e-01   3.8049849e-01  -4.0901598e-01  -4.2843677e-01   2.4282373e-01   3.3587492e-02  -3.2878001e-01  -1.3670869e-01   7.7211054e-01  -3.6186456e-01  -5.9091045e-02   1.8671617e-02  -1.8709064e-01  -1.7774116e-01  -2.5150738e-02   5.3795445e-01  -3.1628113e-01   1.3975949e-01  -2.6369542e-01  -3.3699663e-01   8.2644584e-02  -2.4808528e-02   3.8418791e-01   4.8914837e-02   4.6891605e-01   2.3201905e-01  -1.6395072e-01   1.2879561e-01   4.1833926e-01   3.0872573e-01  -1.2846043e-02   3.1904522e-01  -3.6288962e-01   1.6507674e-01  -6.4688309e-02  -1.4547383e-01  -4.8750922e-02   3.5578636e-01   4.7527631e-01  -1.5112360e-01   5.2404737e-02   4.4285282e-01  -2.8036727e-02  -1.8527335e-01  -3.5314256e-01  -3.3061302e-01   1.7565823e-01  -1.1652993e-01  -1.5149147e-01  -1.8031167e-01   2.8017935e-01   4.4412155e-01  -1.1698237e-01   4.0071538e-01  -1.8310627e-01  -2.3347678e-01   2.9647480e-01  -2.2464781e-01  -6.8502531e-02   3.0967935e-01  -1.7834672e-01   5.8003790e-01  -6.7761103e-02   1.8579125e-01   7.6407685e-02  -1.4432778e-01   2.8978293e-02   7.2260812e-01  -1.2068936e-01  -2.9996099e-01   4.5576440e-01  -6.6946260e-02  -1.8852241e-01  -1.4034450e-01   1.1880972e-01   3.7972889e-01  -3.0041645e-01   3.6819082e-01  -1.5532152e-01   6.1331814e-01  -1.7010195e-01   4.0416367e-01   1.1027798e-01  -1.5966600e-01   4.1603370e-01   2.0159810e-01  -1.1488500e-01   5.0216891e-01   6.2875574e-02  -3.5407243e-01  -1.7448945e-01  -2.7048583e-01  -1.1816529e-01  -2.2556132e-01  -6.5705913e-02  -1.7050485e-01  -8.3488337e-02   1.9104527e-01   2.2501762e-01  -2.6630264e-04  -3.2393056e-01   1.9362610e-02  -1.6262426e-01  -4.1955239e-01   5.5076096e-01  -7.1081519e-02   4.8561469e-01  -5.4370989e-01   3.2410929e-03  -2.2950479e-01   7.2720604e-01   4.8395849e-01   2.8663050e-01  -1.3409969e-01  -6.0730251e-01   3.4521737e-02   9.0348706e-02   1.6000785e-02   2.7549699e-01   6.0674182e-01  -3.6906669e-03  -1.1768306e-01   2.8047190e-02   4.0660861e-01   4.1167132e-02   3.2385467e-01  -4.1950891e-01   7.9321526e-02  -1.1355532e-01  -4.1104986e-01   1.3468393e-01  -2.5760466e-01  -3.4767569e-01  -1.1011543e-01  -3.6277272e-01   3.1347102e-01   3.1187723e-01  -1.0346977e-01   1.4555343e-01  -2.4901276e-01  -3.7090066e-01  -1.9546494e-01   3.1019558e-01   5.3947015e-01  -1.6309628e-01  -1.9562960e-01   4.9627256e-02  -1.4181294e-01  -3.1880271e-01   2.0084431e-01  -1.2474735e-01   2.9280239e-01  -2.2845162e-01   7.2046614e-02   5.5408889e-01  -1.6933885e-01  -1.3318553e-01  -3.4303286e-01   5.7611134e-01   5.7540000e-01  -3.4368164e-01   3.7233748e-01  -2.1172091e-01   5.7986334e-02  -1.2121513e-01  -1.4840238e-02
  -1.9994425e-01  -2.9353384e-01   9.1626925e-02   4.0602677e-01  -3.1309789e-01   0.0000000e+00   4.2288316e-01   2.2957574e-01   1.2973502e-01   1.9626144e-01   3.9037541e-01  -4.0385439e-02  -2.5155637e-01  -1.9599112e-01   6.5250408e-02  -1.0939211e-01   1.5589237e-01   4.7878319e-01   3.3318024e-01  -1.0094999e-01   2.7071892e-01   2.3514045e-01  -7.9131967e-02  -2.2224897e-01   5.4951274e-02   1.5098301e-01   4.3424511e-02   1.2894754e-01  -1.2960946e-01   5.7347720e-01   3.5950409e-02   2.4272146e-01  -2.6623839e-01  -7.2948845e-03  -2.6616596e-02   1.3347575e-01  -3.4417666e-01  -2.5363765e-01   1.1470147e-01  -8.1460744e-02  -9.5787921e-02  -2.9890625e-01   1.7103801e-01   3.2280316e-01   1.9391181e-01  -1.4284918e-01   5.7086685e-01   1.8882102e-01  -4.0803298e-02  -2.7083097e-01   4.3582349e-01  -3.6016354e-02  -1.4255879e-01  -1.8372870e-01  -1.6439685e-01   3.2589915e-01   4.8917674e-01   1.4062607e-01   3.1179041e-01   5.3023804e-01   6.0415263e-06  -8.4856407e-02  -2.2577863e-01   1.1295233e-01   2.2557096e-02   4.8739326e-01   7.6795179e-01  -1.1853869e-01   4.1442545e-01   2.4080695e-01  -8.5039914e-02   4.1760173e-01  -1.7258504e-01   8.2470585e-02  -5.5766463e-02   3.0675062e-01  -7.6402183e-02   1.4585336e-01  -1.1545908e-01   1.3562970e-01   1.1933157e-01  -1.1097208e-01   1.7634011e-01   4.0185504e-01  -4.2113415e-02   2.4321858e-01  -2.5372971e-01  -1.4663651e-01  -1.3830164e-01  -2.0737910e-01  -3.3127658e-01  -9.0666504e-02  -1.2893543e-01   2.5254788e-01  -3.0327165e-01  -1.4191581e-03  -5.7967146e-02   3.5817979e-01  -1.2403816e-01  -3.4711253e-02   4.5635223e-02   9.4253462e-02   1.9958422e-01   2.7969741e-01   4.4269023e-01   3.0299580e-01  -3.5251668e-02   4.9812242e-01   2.1565494e-02   1.4115569e-01   2.0230650e-01   4.3508934e-01   3.3496921e-01  -2.3618892e-01  -1.0033036e-02  -4.3172462e-01   2.0042529e-01  -2.5602942e-01   9.9991197e-02   3.6164797e-01  -8.3071692e-02  -3.2847320e-01  -3.3129314e-01  -5.1704384e-02  -1.9163253e-01   2.9553353e-01   3.4712548e-01  -3.5383526e-01   3.6452855e-01   1.5320155e-02  -2.8624361e-01   4.5053966e-02   1.1605988e-01  -1.1008985e-01   1.8097282e-01   7.2505174e-02  -2.0434076e-01   1.6371040e-01   2.6202610e-01  -2.0429725e-01  -8.0012181e-02  -4.1612444e-01   3.1806102e-01   2.8145024e-01  -2.3701520e-02   3.0147291e-01  -1.7250134e-01   1.8050184e-01   4.5800621e-01  -2.3748149e-02   2.7024281e-02   2.3171206e-01  -1.7941748e-01   1.1204090e-01  -9.9614479e-02  -2.0044120e-01  -3.0603139e-01   1.7498586e-01  -1.6547975e-01   2.0366916e-01  -8.5878537e-02   3.5313871e-01   2.9701835e-01   5.6471350e-01   2.2631955e-01  -4.2449096e-01   3.7678518e-01   2.8305277e-01  -9.6626520e-02  -2.3001702e-01  -3.0655691e-01  -1.5131876e-01   1.8279128e-01   5.4321748e-01   1.5674175e-01  -3.4648882e-02   3.7382497e-01
  -2.2353049e-01   6.7610348e-02  -1.3683542e-01   1.8363477e-01  -1.8152900e-01   4.2288316e-01   0.0000000e+00  -8.2926855e-02   1.5979306e-01   3.7170929e-01   2.1999588e-01   3.2257904e-01  -9.0169288e-02  -4.1377444e-01  -1.5078613e-01  -8.0915863e-02  -1.6702823e-01   3.3010048e-01   3.3472202e-01  -9.1716535e-02   6.4206016e-02   2.0736794e-02  -2.5805759e-02  -2.8857372e-01   2.4904473e-02   1.6274538e-01  -7.3425644e-02   4.5712326e-02  -6.1779427e-02   3.5397259e-01  -1.5585169e-01   1.6095685e-01  -2.8872775e-01   3.4940091e-01   2.4390587e-01   3.0116224e-01  -1.3192870e-01  -2.7028222e-01   1.9849044e-02   8.4161033e-02   3.1384118e-02  -2.9736883e-01   2.9952331e-01   2.2289749e-01   1.4449151e-01  -2.2250552e-01   2.2501172e-01   5.4730429e-01  -1.0502865e-01  -9.2550840e-02   2.8672933e-01  -1.0718143e-01   1.6001056e-01  -3.4208406e-01  -3.3226950e-01   2.5756211e-01   2.1592596e-01   1.0420344e-02   1.7451227e-01   6.1274862e-02  -2.0529453e-01  -7.9424943e-03  -2.8393718e-02   1.7811981e-01  -4.4692927e-02   3.9448710e-01   3.0422016e-01  -1.9738666e-01   2.0431934e-01   1.1519056e-01   3.2066487e-01  -2.3960949e-02  -1.5986451e-01  -5.8542919e-02  -1.2600982e-01   7.9230669e-02  -1.7163427e-01   1.2509308e-01   1.9216285e-01  -8.0144584e-02   1.9580879e-01  -1.7095991e-01   4.0876365e-01   1.1017152e-01  -2.5118516e-01   1.5019775e-01  -8.7574160e-03  -3.4476826e-01   2.6670783e-02  -2.3857718e-01  -3.0379737e-01  -2.6531208e-01   2.6181266e-01  -1.2430787e-02  -2.5768581e-01  -1.5457987e-01  -1.5605899e-01   3.8953813e-01  -9.9263191e-02   3.6653898e-02  -2.0775478e-01  -1.8180759e-01   7.3260128e-02   5.8854482e-02   3.2052809e-01   6.2443022e-02  -1.3785727e-01   2.7635704e-01  -4.7104293e-02   5.1406944e-01   4.8475616e-01   1.6398371e-01  -4.3525077e-02  -2.0976904e-01  -4.6078656e-02  -3.3812758e-01   1.6298442e-01  -1.7012526e-01  -1.5445838e-01   1.5986312e-01  -1.2974429e-01  -1.8945226e-01  -1.8452400e-01   9.4416036e-03  -2.3405148e-01   5.5215038e-03   1.7554022e-01  -3.0305784e-01   6.5426188e-02   9.0219883e-02  -2.1982387e-01   7.3187610e-03  -4.4586340e-04   1.7954039e-02   2.8006908e-02   1.1102035e-02  -2.8159195e-01   1.9635653e-01  -2.8929253e-02  -2.3769847e-01  -1.8050135e-01  -1.3835715e-01   2.2024057e-01  -1.5330822e-01  -2.0322602e-01   1.2407256e-01   2.7052892e-01   1.3794789e-01   6.0440591e-01   8.3976018e-02  -2.6157075e-01   2.1222888e-01  -3.0822501e-01   1.4373145e-01   1.5587793e-01  -1.7014644e-01  -1.8181412e-01   7.4656284e-02  -3.5191500e-01   4.8440339e-02  -8.8681533e-02   2.9024090e-01   3.5118013e-01   2.0724387e-01   2.1562235e-01  -4.4137245e-02   3.6426058e-01   1.7850085e-01  -2.2890759e-01  -9.4166050e-03   5.2634315e-02  -1.7272882e-01   8.4232582e-03   1.2085008e-01   9.5665605e-02  -2.6242715e-01   4.4189226e-02
  -3.0498901e-01  -1.2373019e-01  -6.9860924e-02   5.3007908e-01  -1.0026623e-02   2.2957574e-01  -8.2926855e-02   0.0000000e+00   9.5746966e-02   5.4118268e-03   3.6839913e-01  -3.5709592e-02   2.1592687e-02  -1.8798642e-01  -1.6052389e-01   1.5767355e-01   5.0687735e-02   2.3198970e-01   1.0251214e-01   5.1459985e-02   1.6301205e-02   5.2067105e-01  -1.4423342e-01  -2.8457440e-01   6.1421395e-02   3.2095539e-01  -5.3944847e-04   9.6207810e-02  -7.0922698e-03   2.2700181e-01  -2.5645395e-02   3.2586806e-01  -2.6292402e-02   4.6689301e-03  -2.1397965e-02   8.5193863e-02  -6.3004937e-02  -3.2282792e-01   3.3277856e-01  -1.0747261e-01   7.0501827e-02  -2.2773835e-01  -5.6690928e-02   2.2452956e-01   8.0109637e-02  -1.6767468e-01   2.4937292e-01  -2.2017015e-01  -1.9670420e-02  -2.1197757e-01   2.2078425e-01   2.6173447e-01   2.3099322e-02  -1.3263246e-01  -1.8562333e-01   1.9397488e-01   2.0837513e-01   3.6915825e-01   4.5050352e-01   2.3175482e-01  -1.2362364e-01  -8.6479092e-02  -1.9172045e-01   1.4214040e-01   9.1036971e-02   9.5195309e-02   2.6548495e-01   1.9685442e-01   4.8990274e-01  -3.6895735e-02  -1.4406136e-01   3.1406557e-01   1.5438753e-01   2.9665031e-02   6.8499546e-02   5.1780398e-01  -2.0526554e-01   4.6036959e-01   3.3949642e-03   3.1081979e-01  -4.6038051e-02   2.7105651e-02  -1.4055099e-01   7.1405947e-01  -1.0114381e-01   2.9838990e-01  -2.2053747e-01  -2.4257269e-01  -5.3556637e-03  -2.9337122e-01  -7.8721418e-02  -1.7213996e-01  -1.5456907e-01   2.1439493e-01  -3.7642398e-01   3.8647457e-02  -9.7397901e-02   1.4190188e-01  -5.7932027e-03  -4.0282297e-02  -8.7201883e-02   5.8559667e-02   3.9242816e-01   2.1837495e-02   1.9696129e-01   4.9227379e-01  -4.7383864e-02   5.7300043e-01   2.2086937e-02   8.7794529e-04  -1.6035981e-01   2.6798971e-01   4.6246484e-01  -3.6221722e-01  -2.0939117e-01  -3.9179436e-02   4.2182343e-01  -9.1199263e-02  -1.0111211e-01   3.1054364e-01  -1.1466172e-01  -4.7012546e-02  -9.0072993e-02   8.6939280e-02  -1.7770622e-01  -5.9162576e-02   1.4450449e-01   1.7367122e-01   3.7651604e-01  -2.3910659e-02   4.7486490e-02  -2.5788501e-02   1.0049943e-01  -1.2923422e-01   7.5340434e-02   6.1056555e-01  -1.8469393e-01  -6.0610045e-02   3.8412469e-01  -3.1569825e-01  -6.6247376e-02  -2.2233222e-01   4.7804516e-01   3.0524892e-02  -2.2072417e-02  -9.1019392e-02  -1.6742862e-01   2.1913056e-01   8.3262165e-02   2.8117390e-02  -8.8882004e-02   3.4228462e-01  -1.7850314e-01  -5.5312710e-03  -6.3040013e-02  -3.4149809e-01  -1.8637832e-01   2.6834719e-01  -4.9073284e-02   3.2331740e-01   1.1255376e-02   4.9595425e-01   1.8862976e-01   3.9584972e-01   2.5809958e-01  -1.0082969e-01   5.4774282e-02   3.3250525e-01  -8.8260052e-02  -1.0839214e-01  -1.0258152e-01  -1.9240149e-01   1.5732148e-01   8.4916378e-02  -1.3733920e-01  -3.8828189e-02   4.5896231e-01
  -2.8455221e-01   4.1468800e-01  -2.8699793e-01  -1.0830023e-01   3.6413814e-01   1.2973502e-01   1.5979306e-01   9.5746966e-02   0.0000000e+00   3.0197411e-01   8.5210306e-02   2.8588307e-01   1.5626844e-01  -4.2548432e-01  -3.7763710e-01   6.0235492e-02  -1.8363435e-01   7.8706373e-02  -1.0874230e-02   3.3599480e-01  -2.7442862e-01  -1.3827347e-02  -1.4047408e-01  -2.5072553e-01  -9.1067276e-02   3.3502344e-02   4.0696127e-01  -2.4530083e-01  -3.9156027e-02   3.9447703e-01  -2.8635035e-01  -1.4438999e-02  -1.3208928e-01   3.2053664e-01   3.5294266e-01   3.0421682e-01  -7.2846542e-02  -2.8285496e-01   1.4350756e-01   4.5930005e-02   2.4418018e-01  -2.8283337e-01   4.7222199e-01  -2.0526739e-01   5.1073947e-01  -1.3138854e-01   1.4563565e-01   2.0594729e-01   7.8889251e-02   1.4923652e-01   8.0100105e-02   9.6212975e-02   3.5633973e-01  -4.1101405e-01  -2.1296143e-01  -1.5237565e-01  -7.0083707e-02   3.1600328e-02   1.8804252e-02   4.5768104e-01  -2.3963661e-01   3.5164900e-01   5.6886386e-01   3.5786854e-01   7.4229630e-01   2.7230947e-01   2.1773601e-01   2.8081218e-01  -1.1237409e-01  -8.4783770e-02   1.8522330e-01  -1.1716094e-01   2.9718485e-01  -8.2377923e-02  -7.8062084e-02   1.7837490e-01  -2.7383384e-01   1.7962269e-01   5.8367595e-01  -1.3564255e-01  -1.3071313e-01   2.5815209e-01  -1.8223528e-01  -1.7480741e-02  -3.3081463e-01   1.5421846e-01   4.5014453e-01  -4.2746523e-01   2.8292026e-01  -2.2846863e-01   3.1893203e-01  -3.9509576e-01  -1.3066708e-01   6.2883501e-01  -2.9313355e-01   1.1594828e-01  -8.0418495e-02   3.3479783e-02   3.9182085e-01  -2.3764397e-02  -4.6312119e-01  -6.2399222e-02  -2.5177735e-01   5.0198775e-01  -5.3377981e-02  -1.4486770e-01  -3.9506130e-01   1.9231465e-01  -6.0439306e-02   5.3230734e-02  -4.6978887e-02  -8.2292605e-02   2.2013668e-01  -2.7055323e-01  -5.2666860e-01   1.2185034e-01   6.4992063e-02   2.7837446e-01  -5.5577980e-01  -7.1811701e-02  -2.9252520e-01   2.3789743e-01   4.0714341e-01   4.7148177e-01  -2.1119886e-01  -5.3479871e-01   4.0426115e-01  -1.8952653e-01   9.3789086e-02   1.3941605e-01   3.2845236e-01   1.2300278e-01  -2.6263578e-02   1.7728188e-01   2.1575789e-01   5.4753391e-02  -7.4858248e-02  -1.9349201e-01   9.5446906e-02  -1.4088999e-01  -3.2153636e-01   5.4929516e-03   5.7270979e-02  -2.6750792e-01   2.5052609e-02  -1.1449190e-01  -1.4573951e-01   5.3419189e-01   1.3456986e-01   5.1314297e-02  -4.1623600e-01  -1.0719611e-01  -3.2128219e-01   4.4126860e-01   2.9164336e-01  -2.0585770e-01  -2.7161456e-01   5.2514654e-02  -3.5068291e-01  -1.0201829e-01   2.7215846e-01   2.1772431e-01   4.0462749e-01   1.2307288e-01   4.9111992e-02   4.8752943e-02   1.0097878e-01  -1.3166950e-01  -4.3393699e-01  -5.8154767e-02   1.8854709e-01  -2.9285092e-01   4.1492989e-01   3.5671556e-02   5.6929505e-02  -2.5350568e-01   2.7758734e-02
  -3.1059962e-01   2.6581948e-01  -1.0938499e-01   7.9014711e-02   2.1036579e-01   1.9626144e-01   3.7170929e-01   5.4118268e-03   3.0197411e-01   0.0000000e+00  -6.8352212e-03   1.8975615e-01   4.5459614e-02  -5.1705836e-01  -3.8045844e-01   7.4175112e-02  -5.6578748e-02   1.4123942e-01   1.8541130e-01   3.4364908e-01  -2.1230000e-01   8.4521844e-02  -1.2307990e-01  -2.4899485e-01  -1.0440217e-01   8.5455607e-03   3.6960828e-01  -3.7713548e-01   7.8814810e-02   3.6638934e-02  -3.6115792e-01   2.5491555e-01  -2.4479955e-01   3.2121026e-01   4.1439511e-02   5.5468299e-01   2.5833920e-01  -2.0037894e-01   2.7107231e-01   2.9792132e-01   2.3171409e-01  -1.5888281e-01   3.7690604e-01  -7.2017518e-05   3.7576503e-01  -2.0459972e-01   1.2725922e-01   1.7384766e-01  -1.5198167e-03   9.8268003e-02   2.3116744e-01  -2.2982786e-01   2.9084614e-01  -2.5194913e-01  -5.1819972e-01  -7.8183415e-02  -8.8946298e-02   2.0156535e-01   8.3934350e-02  -9.3416608e-02  -2.0307278e-01   3.3396556e-01   6.3738931e-02  -1.3521092e-01   6.0365784e-02   5.7265596e-02   1.1959626e-01  -7.5077485e-02   4.6455774e-02   1.0592126e-01   2.9393093e-01  -8.7214071e-03   2.4145398e-01  -1.2506624e-01  -4.7754234e-02   1.9631889e-02  -2.6430839e-01   2.0805777e-01   4.9101054e-01   5.2896899e-02  -1.9978293e-01   2.8087822e-01   1.3536921e-01  -7.3545720e-02  -3.8112074e-01  -4.4291570e-02   1.1375409e-01  -2.7409643e-01   4.4435257e-02  -2.4270414e-01  -2.5590235e-03  -2.6257910e-01   1.9552507e-01   2.7022536e-01  -2.9385679e-01   4.6306833e-01   3.9849961e-02   2.0047134e-01   1.9727294e-01  -3.0276870e-01  -4.8207541e-01  -2.4869310e-01  -2.2720791e-02  -5.1177822e-02   2.4480327e-01   5.0872533e-02  -1.3076865e-01   1.1353122e-01   2.3076597e-01   4.7976424e-01   1.5272881e-01  -6.2426989e-02   2.2763464e-02  -2.4751473e-01  -3.4794916e-01  -8.8040184e-02   1.2236637e-02   2.5882396e-01  -4.2174859e-01   2.1367521e-01  -2.1395665e-01   2.5754648e-01   1.3045056e-01   2.0337188e-01  -2.6846991e-01  -3.8358218e-01   2.0480751e-01  -1.7106449e-01   2.8758486e-01   3.2196510e-01   1.6881458e-01   9.3633209e-03  -2.2074277e-01  -1.1121630e-01   2.2397165e-01  -1.1789611e-01   1.4942779e-01  -2.3696119e-01  -1.7918642e-01  -2.0874842e-01  -4.1879375e-01   2.6907673e-02   3.5951420e-02  -2.3685587e-01  -3.3290997e-01  -1.8653347e-01   1.8877224e-01   3.1931949e-01   5.3700881e-01   1.9406226e-02  -3.3052145e-01  -7.5742538e-02  -2.8506012e-01   2.0184082e-01   4.0057241e-01  -1.4665624e-01  -3.2629566e-01   1.3955187e-01  -2.7270492e-01  -2.6026002e-01   1.2775483e-02   1.1748289e-01   4.6331434e-01   3.8546121e-02   2.9153267e-01   2.4544647e-03   2.8953239e-01   9.5763173e-02  -3.8353586e-01   1.0282939e-01   2.5367675e-01  -2.4357744e-01   1.9800366e-01   3.6967313e-02   2.4983885e-01  -3.1809874e-01   1.3119142e-01
  -2.4227021e-01  -2.2542344e-01  -2.9615863e-01   4.7537858e-01  -2.0288554e-01   3.9037541e-01   2.1999588e-01   3.6839913e-01   8.5210306e-02  -6.8352212e-03   0.0000000e+00  -1.9736947e-01  -2.2306836e-01  -2.1032644e-01   1.9592735e-01   1.0150289e-01  -2.1896638e-01   5.1085633e-01   3.4001595e-01  -9.3621197e-02   2.0366181e-01   4.1272670e-01   1.7894300e-01  -3.3456022e-01  -7.5120243e-02   3.6333585e-01  -9.8031696e-02   2.3331545e-01   1.4643033e-02   3.5007232e-01   2.9974026e-01   3.5556768e-01  -2.7921689e-01  -2.3010804e-02  -4.1698199e-02   2.6764645e-01  -1.1472186e-01  -4.5888911e-01   1.7610995e-01  -1.8455236e-01  -2.4093449e-02  -4.1506005e-01  -1.4685260e-01   5.8704920e-01   1.2922455e-01  -2.8548982e-01   6.6589684e-01   8.8488415e-02  -1.8790180e-01  -3.8558077e-01   5.2481415e-01   1.5998210e-01  -8.8943679e-02  -3.8568170e-01  -9.0665410e-02   4.9590921e-01   4.0676550e-01   2.7360406e-01   4.1622174e-01   1.6907181e-01  -2.5245666e-01   3.8413265e-02  -1.7025078e-01   4.1750937e-01   8.0922909e-02   3.1916645e-01   4.1644914e-01   1.1704579e-01   6.5045791e-01  -2.1882685e-01  -1.5616584e-01   3.7158112e-01  -1.3114316e-01  -4.8734988e-02  -1.3335979e-01   3.2645561e-01  -2.5108487e-01   4.5038016e-01  -8.7835040e-02   3.2383981e-01   4.1591098e-01  -2.2869035e-01   1.7783075e-01   3.7153886e-01  -2.7145365e-01   2.8165203e-01  -3.2101145e-01  -2.0657815e-01  -1.0461454e-01  -3.0036142e-01  -3.1957737e-01  -3.1209119e-01  -1.0088818e-01   8.4499012e-02  -3.4820752e-01  -1.0144326e-01  -1.9160819e-01   3.8121794e-01  -2.4860836e-01   7.3774998e-02  -1.4092734e-01   2.5809857e-01   4.3144853e-01   1.7981987e-02   4.3651781e-01   3.2527471e-01  -1.5950831e-01   6.0683058e-01  -1.8883862e-01   1.9463579e-01   1.9763620e-01   4.3920803e-01   2.0443035e-01  -2.4503431e-01  -1.6539074e-01  -2.0094546e-01   4.8141856e-01  -3.0800879e-01  -4.7127726e-02   3.5039231e-01  -2.1480321e-01  -2.9928521e-01  -3.5668839e-01   9.0097770e-02  -2.7808154e-01   4.9179860e-02   2.3883484e-01  -7.4816701e-02   2.8702122e-01  -2.3318463e-01  -2.6389501e-01   2.8704550e-01  -1.0913985e-01   1.3507104e-01  -4.7200512e-02   3.5685504e-01  -2.9312018e-01   2.9119395e-01   3.4492295e-01  -3.5255983e-01  -1.5030778e-01  -2.8433835e-01   6.4966049e-01  -1.5511621e-01   1.7314570e-01   1.7571665e-01  -2.2083438e-01   2.8222238e-01   3.9713318e-01   3.3854619e-02  -2.4519942e-01   5.1358843e-01  -3.8608940e-01   3.4265981e-01  -2.6429666e-01  -2.5546671e-01  -1.8395665e-01   3.5676878e-01  -2.3606457e-01   5.7204208e-01  -9.3922839e-02   6.7241580e-01   2.2381798e-01   5.4813991e-01   3.1043159e-01  -2.2819479e-01   5.0679828e-01   3.5570343e-01  -1.7365315e-01  -1.4048316e-01  -2.5756649e-01  -2.4325476e-01   2.1115787e-01   4.7715862e-02  -7.3071823e-02  -1.1276175e-01   2.9236523e-01
  -2.2550053e-01   6.7057625e-01   2.2533912e-01  -9.0289974e-02   3.7234779e-01  -4.0385439e-02   3.2257904e-01  -3.5709592e-02   2.8588307e-01   1.8975615e-01  -1.9736947e-01   0.0000000e+00   4.4586487e-02  -3.1222308e-01  -4.0135242e-01   2.5147733e-02   1.3416652e-01  -2.9508686e-01   1.3230953e-01   2.9349098e-01  -3.8632032e-01  -1.7460015e-01  -1.7846821e-01  -2.0036430e-01   5.1313634e-03   4.7225159e-02   4.4981463e-01  -2.0922117e-01   6.4601683e-02   7.7403332e-02  -4.1279645e-01   1.2464455e-01  -8.8045144e-02   4.5945116e-01   4.1115161e-01  -9.2135439e-03  -1.5249209e-01  -2.2975023e-01   1.7189659e-01   4.1603057e-01  -5.3922899e-03   9.8528413e-03   4.6652053e-01  -2.2045889e-01   3.2554249e-02  -1.2509432e-02  -1.7860378e-01   1.3934620e-01   4.0241457e-02   4.0574667e-01  -2.0518592e-01   2.3998844e-02   5.1700469e-01  -6.0181656e-02  -3.7444329e-01  -7.7430988e-02  -6.8415404e-02   2.9383675e-02   9.2065130e-03  -3.4927480e-02  -1.9015454e-01   1.7562095e-01   4.5217601e-01   5.9982030e-02   1.2623562e-01  -8.7862247e-02  -4.5469285e-02   1.3647955e-01  -9.8124197e-02   1.7928438e-01   3.7888199e-01  -3.4045425e-01   1.5745581e-01   3.5936674e-02   3.7895420e-02   6.9360695e-02  -1.8315413e-01   1.1894972e-01   4.1590013e-01  -8.4287055e-02  -2.7421342e-01   2.1498450e-01   1.1802047e-01  -9.3415331e-05  -2.1253147e-02   1.1897734e-01   3.2984609e-01  -3.2919055e-01   2.6866920e-01  -1.4730365e-01   2.8986664e-01  -1.6731064e-01   3.7561473e-01   1.5963873e-01  -2.4566033e-01   7.3069989e-02   6.3206795e-02   1.3261414e-01   1.7984287e-01  -2.0362636e-01  -2.8338200e-01  -2.8014746e-01  -1.3479864e-01   7.4992304e-02  -2.9747628e-03  -6.5243179e-02  -6.0527529e-02   3.8729427e-02   1.4232236e-02   1.9830695e-01   1.3126615e-01  -1.0170485e-01  -5.2778504e-02  -2.7937809e-01  -1.5706853e-01   3.6327394e-01   4.0763876e-02   1.0958548e-01  -3.3936816e-01   3.1130612e-02  -2.2099620e-01   4.6742155e-01   5.4496758e-01   2.1077921e-01  -1.5156782e-01  -2.0500022e-01   6.0207517e-02  -1.1514512e-01  -6.4198688e-02   4.4791481e-01   1.4107088e-01  -3.2320932e-01   1.6791365e-01  -8.9298606e-02   3.0448918e-01  -1.8197014e-03   1.8782566e-01  -3.0449694e-01  -1.2936414e-02  -2.5603412e-01  -2.3640714e-01   1.2951542e-02  -1.0486367e-01  -1.6513836e-01  -9.3755532e-02  -2.7074260e-01   4.9037001e-01   1.6997858e-01   1.8682919e-02  -2.4417284e-02  -8.1382534e-02  -2.2235401e-01  -1.8579195e-01  -4.1471546e-03   6.6411271e-01  -1.8535686e-01  -2.4492242e-01   4.5959704e-03  -3.0459203e-01  -2.6710917e-01   2.2829112e-01   1.2377988e-02   1.2988210e-01  -1.7299779e-01   1.1973354e-01   5.2471221e-01  -7.1131971e-02  -1.0518931e-02  -2.3345424e-01   3.0281321e-01   4.5380061e-01  -1.9455512e-01  -5.5272409e-03   1.3999186e-02   1.3388277e-01  -6.5664442e-02  -9.9514095e-02
  -2.3297678e-01   1.4304789e-01  -1.2675869e-01  -2.1735308e-01   3.8049849e-01  -2.5155637e-01  -9.0169288e-02   2.1592687e-02   1.5626844e-01   4.5459614e-02  -2.2306836e-01   4.4586487e-02   0.0000000e+00  -2.3231590e-01  -1.8396467e-01   1.2144308e-01  -1.0438331e-02  -1.9060452e-01  -2.5876480e-01   3.1640610e-01  -1.2136093e-01  -5.2256793e-02  -4.1293193e-02  -1.1595603e-01   2.6973424e-02  -1.6967841e-01   1.2668593e-01  -1.0482157e-01   1.8557033e-01  -1.4283835e-01  -1.8875178e-01  -1.5414584e-01  -7.4555376e-02   9.6713495e-02   4.8624752e-02   2.4666787e-01   2.9029529e-01  -8.3523677e-02  -9.5270125e-02   1.2336116e-01   5.4858742e-01   7.3930545e-03   1.3128104e-01  -3.2959723e-01   2.0251570e-01  -1.7950608e-01  -1.2738349e-01  -3.8183701e-02   2.4023188e-01   2.0698863e-01  -1.3899510e-01  -1.7867808e-01   1.0106885e-01   1.2005702e-01  -6.2675346e-02  -2.3606904e-01  -2.3662866e-01   7.5584774e-02  -1.1702339e-01  -2.8831585e-02  -8.4448066e-02   2.7208999e-01   4.9503816e-02  -9.6098800e-02   6.5185542e-02  -3.9739756e-02  -2.5682614e-01   1.0674093e-01  -2.4013399e-01  -1.1787008e-01   3.2151881e-02  -1.0182329e-01   3.0259685e-01  -1.5001314e-01   1.9523573e-01  -5.9641675e-02  -2.9356324e-02  -1.6605618e-01   3.3197639e-01  -1.5600170e-01  -6.8265872e-02   1.5862452e-01  -1.6489472e-01  -1.3370693e-01  -2.0067359e-01  -3.8553576e-02   9.4015687e-02  -1.4564725e-01   7.4878935e-02  -1.8472253e-01   3.2623191e-01   2.4491208e-02   1.7012447e-01   5.7672867e-02  -9.3475638e-02   1.1756533e-01   4.8797818e-02  -2.3734848e-01   3.6311318e-01   1.9660521e-01  -2.4686689e-01  -1.5037701e-01  -1.8912967e-01  -9.1621095e-02  -3.3541514e-01  -1.3344347e-01   1.9995009e-02  -2.4327728e-01   1.1016753e-01   1.1307232e-01  -6.0770149e-02  -2.6526228e-01   4.5661090e-02  -1.7939685e-01  -1.2227428e-01   5.3163325e-02  -1.8821277e-01   5.2838006e-01  -1.6352823e-01  -1.2910461e-01  -1.2060505e-02   3.2876444e-01   2.7461084e-01  -1.0348582e-01  -1.4663294e-01  -3.0465711e-01  -8.8043466e-02  -3.2168435e-03  -9.1674619e-02   5.8486364e-02   4.0143388e-01  -4.6316146e-02  -1.8105153e-01   1.3743010e-01   2.1443738e-01   8.9753839e-02   6.3450024e-02  -1.0142608e-01  -1.1938342e-01  -8.1932282e-02  -1.2461037e-01   5.5589270e-01  -3.2214509e-01  -4.2680946e-02  -4.8603037e-02  -2.0350628e-01   8.6135037e-02   5.3727820e-02   8.6924305e-02  -7.9435980e-03  -3.0755980e-01  -1.0181069e-01  -3.7037469e-02   7.2502808e-03   2.1878867e-01  -1.5702245e-01  -9.2620313e-02   1.0239020e-01   2.0355084e-01  -2.2921692e-01   2.5263765e-01  -2.5675029e-01   2.1168319e-01  -2.0806285e-01  -6.8827874e-02   2.9259731e-01  -3.3539299e-01  -1.3203226e-01  -9.5625236e-02   1.9956124e-01   1.5404817e-01  -2.0580101e-01   2.0913723e-01  -1.8463869e-02  -9.8628053e-03  -1.2926498e-01   2.3237832e-02
   3.5907289e-01  -3.6690264e-01   2.6656092e-01  -1.2184680e-01  -4.0901598e-01  -1.9599112e-01  -4.1377444e-01  -1.8798642e-01  -4.2548432e-01  -5.1705836e-01  -2.1032644e-01  -3.1222308e-01  -2.3231590e-01   0.0000000e+00   5.3542872e-01  -5.3013733e-02   1.3891054e-01  -6.5695272e-02  -2.5259598e-01  -4.2074178e-01   1.6367672e-01  -8.5932055e-02   2.2341917e-01   3.8104970e-01   9.7255508e-03  -1.8745327e-01  -3.3715784e-01   2.5725835e-01  -1.5554541e-01  -1.3252394e-01   4.9166215e-01  -2.7136146e-01   4.8312612e-01  -3.4008036e-01  -1.5331271e-01  -5.4310087e-01  -1.4477694e-01   3.5558010e-01  -8.5945341e-02  -2.7793941e-01  -2.7083583e-01   3.8625813e-01  -3.3240966e-01   7.2108658e-02  -2.8623171e-01   1.1958063e-01  -2.4526700e-01  -1.3428945e-01   5.5076919e-03  -6.2840804e-02  -9.9078809e-02   4.8309865e-02  -4.5785160e-01   4.1305382e-01   6.3264124e-01   7.8380215e-02  -2.5271892e-02  -2.3296735e-01  -2.8396735e-01  -8.6107028e-02   2.2626118e-01  -1.7584786e-01  -1.8218266e-01  -1.1951541e-01  -2.5558559e-01  -2.1118959e-01  -1.7385630e-01  -6.8655695e-02  -1.5942595e-01  -1.1767418e-01  -2.7758449e-01   5.6219753e-02  -2.2812774e-01  -3.4048019e-02   1.0029183e-02  -2.3023323e-01   1.6467912e-01  -2.7896791e-01  -5.3501610e-01   7.8812318e-02   2.2216384e-01  -9.4466884e-02   4.6683801e-02  -1.7214304e-01   3.9960035e-01  -1.8444345e-01  -1.5335332e-01   5.1942650e-01  -2.9091740e-01   3.0086800e-01  -1.7624668e-01   3.3494115e-01  -3.0301697e-01  -2.4906104e-01   3.0325836e-01  -3.5142488e-01   1.6039630e-01  -3.1797868e-01  -2.8364727e-01   7.8033764e-02   6.4576800e-01   3.1824938e-01   1.3221632e-01   1.0999435e-01  -1.1760867e-01  -7.2307844e-02   3.6450480e-01  -3.2501561e-01  -3.3781299e-02  -4.3747066e-01  -1.5163097e-01   1.3031120e-02  -4.2690660e-02   3.0571289e-01   5.6671423e-01  -5.7197980e-02  -2.0470523e-01  -1.8598092e-01   6.7439356e-01  -2.5749039e-01   1.9458654e-01  -3.0317633e-01  -1.3040660e-01  -1.3214103e-01   2.1125093e-01   5.8308354e-01  -1.9971103e-01   1.7092372e-01  -1.4091130e-01  -2.3636966e-01  -2.1956994e-01   5.4061829e-04   6.8513458e-02   7.0667643e-02  -3.0775292e-01  -1.6029907e-01   1.8895188e-01   3.6415231e-01  -6.7175232e-02   2.6764792e-01   3.4552284e-01  -3.2088776e-02  -2.7775709e-01   4.9244437e-01   3.5073310e-01   2.4131314e-01  -2.2165078e-01  -5.0870263e-01  -4.1155587e-01  -5.0365030e-02   4.8451066e-01   1.2787305e-01   4.4072111e-01  -2.9638538e-01  -3.3528685e-01   2.2407527e-01   2.2986315e-01  -2.4648168e-01   3.1164130e-01   1.9169723e-01  -9.9587422e-02  -3.4948483e-01  -6.2445311e-01  -9.2794437e-02  -3.1162779e-01  -2.4678613e-01  -2.0653669e-01  -1.2615360e-01   4.0167261e-01  -2.3464441e-01  -2.9963042e-01   3.0129030e-01  -3.2029722e-01   7.6368539e-02   8.9212991e-03   4.5073234e-01  -1.5921537e-01
