   0.0000000e+00  -1.4002003e-01  -3.7297432e-01  -1.3063662e-01  -1.9667755e-01  -4.3340983e-01  -2.5531305e-01   2.2582595e-01  -1.8333497e-01  -1.7383636e-01  -2.8843122e-01  -3.7070625e-03   1.4684261e-01   5.2789288e-01  -2.9952042e-01  -3.7504955e-01  -2.9702747e-01  -1.5244658e-02  -4.6090821e-02   4.7037217e-02  -4.4396696e-02   2.7335876e-01  -5.9083144e-02   8.6057032e-01   2.5771953e-01   3.3627206e-01  -1.9778389e-01   3.4683396e-01   7.6171697e-02   1.9000059e-01  -3.2613403e-01   1.7040062e-01  -1.3652020e-01  -3.5248873e-01  -2.2242300e-01  -1.0533887e-01  -1.1549350e-01   7.2644034e-01  -4.1842274e-01  -3.5764358e-01   4.4011902e-02  -1.3931871e-01  -1.4574227e-01  -3.4751293e-02  -1.7206741e-01   5.4446400e-01  -2.7949148e-01  -3.8456728e-01   1.3392987e-02  -3.2955755e-01  -4.8029048e-02   1.8903797e-01  -3.7859498e-01  -3.3718426e-02   6.7594903e-01  -5.4866381e-02   2.4256860e-02   3.1017572e-01  -2.2257949e-01   2.3844719e-01   3.1174523e-01  -1.1970419e-01   2.0594826e-03  -3.0542747e-01  -8.5045475e-02  -1.4149335e-01  -3.1592555e-01   1.3962658e-01  -2.9594993e-01   5.4475060e-02  -4.1095995e-01   1.5974949e-02  -2.1818932e-01   6.7146120e-01   4.0826957e-01   1.6993853e-01   9.5600533e-02   9.6545902e-02  -1.3401602e-01  -1.4338344e-02  -1.0650671e-01  -2.5082929e-01  -3.5242466e-01   1.8539284e-01  -1.7986848e-01   1.5742001e-01  -3.4311409e-01   7.0736610e-01  -1.2078509e-01   7.6004391e-01  -4.4880604e-02  -2.8412465e-01  -2.6700071e-01  -1.4823297e-02   6.9388636e-01   1.0359321e-02   1.5907957e-01   2.4835945e-01  -1.3067561e-01  -9.3072016e-02  -2.2975647e-01  -1.3052971e-01  -1.7796808e-01   1.8017432e-01  -5.9259703e-02   2.4128489e-01  -5.9174730e-02  -6.7827633e-02   1.2384771e-01  -2.7844018e-01  -3.4721330e-01  -3.7684732e-02   1.9650122e-01   8.4883626e-01  -4.1517233e-01  -1.3796580e-01   2.2091151e-01  -1.1797174e-01  -1.6164087e-01   1.0434235e-01   6.8680613e-01  -7.9935369e-02   2.2859027e-02  -1.1783557e-01   5.2977184e-01   3.2961167e-01  -2.5018442e-01   3.3337946e-02   3.2283059e-01  -2.5250888e-01  -2.0832761e-01  -4.6741973e-01   7.7132321e-01  -2.6928987e-01   2.5420533e-01  -1.2749268e-02   1.5714209e-01  -3.8046117e-01   6.0089997e-03   7.8561338e-01   8.1929662e-01   7.3927528e-02  -2.6616491e-01  -5.7487025e-01  -2.9138447e-01  -1.0832710e-01  -3.8854798e-01  -3.3435428e-03  -8.6466962e-02  -8.3430780e-02  -2.9868586e-01  -2.7392942e-01   3.9369851e-01  -2.6322046e-01  -3.5790320e-01   7.6045661e-01   7.9547946e-01  -6.5464603e-03  -1.1641982e-01   1.3063916e-01  -9.7466707e-03  -3.0221968e-01   9.0105531e-02  -4.4580093e-03   1.6595839e-01  -2.4825311e-01  -3.1919591e-01   4.0654296e-01   7.1204351e-01  -2.4109789e-01  -1.6777365e-01   5.2080334e-01  -9.6602170e-02  -3.2487932e-01   6.7742705e-02  -2.1432515e-01   3.9701387e-01
  -1.4002003e-01   0.0000000e+00   2.4536639e-01   9.1518046e-02   5.0629525e-01  -5.5104666e-02  -1.0043072e-01   6.9442834e-03   6.4220004e-01   6.5373530e-02  -2.1148539e-01   3.9599360e-01  -2.7034370e-01  -3.2248935e-02  -2.9365586e-01   1.7193778e-01   2.7227651e-01  -1.5992009e-01   1.8410259e-01   2.2586491e-01  -3.0921890e-01   6.9903709e-02  -4.4868056e-01  -1.1993616e-01  -1.3901054e-01   2.0680795e-01  -2.5609120e-02  -2.4937056e-01   1.8980720e-02   2.1302930e-01  -2.1969274e-01   1.6733260e-01   2.2358377e-01   4.4769455e-01   3.7041449e-01  -8.2115930e-02  -4.9863427e-04  -1.0499254e-01   2.4571137e-01   1.7982114e-01  -1.6055915e-01   1.4182994e-01   4.6055250e-01   1.4084037e-02   2.6193507e-01  -9.6607324e-02  -3.5182142e-01   4.5950218e-01   5.9366480e-02   8.2989837e-02  -1.2271779e-01   1.0335053e-01   4.7174417e-01   1.5492334e-01  -2.5739311e-01  -2.2067239e-01  -1.4137257e-01   2.3192472e-01   9.9176319e-02   4.6196239e-01   6.2915407e-02  -1.6093151e-01   5.2659576e-01   2.5046266e-01   4.6262420e-01   1.7984960e-02   4.1038992e-01   2.5527671e-01  -2.9910158e-01  -2.1956580e-01   5.7996552e-01   1.1725043e-02   1.2310062e-01   7.9096832e-02  -1.9070960e-01   9.8103975e-03   1.0627312e-01   1.4513948e-01   5.1682449e-01   2.3804963e-01  -3.0887082e-01  -1.2040445e-01  -1.2221026e-01   1.5626827e-01   4.9573798e-02   3.2509995e-02   4.3246017e-01  -1.6404680e-01   4.9488917e-01  -2.0899623e-01   4.8647393e-01   1.5957087e-01   9.8389527e-04   3.7306463e-01  -4.5161373e-02   1.2015533e-01   2.1892736e-01   8.9460423e-02   3.7624621e-01  -2.1823171e-01   8.8695321e-02   9.1681927e-02  -2.5252588e-01   5.3766830e-01  -1.4549350e-01   2.5296364e-01   1.8351624e-01   1.0715291e-01  -2.1882667e-01   2.0225859e-01   1.0721892e-02  -1.9346306e-03   1.8777321e-01  -1.7056084e-01  -2.0276489e-01   5.0183290e-01  -6.3550088e-02  -9.0211930e-02  -2.2845674e-01   1.1103501e-01  -1.0113996e-01   3.4039170e-01   3.1807110e-01   2.4329010e-01  -8.6159332e-02  -1.6194606e-01   6.9042282e-02   3.1219422e-02   2.1336465e-01  -2.4696569e-02  -8.0155076e-02   3.1810210e-01   6.6925145e-02   3.5022866e-02   2.6253314e-01  -2.2421632e-02   7.5436179e-02  -9.8050457e-02   7.0736380e-02  -7.8424474e-02   9.8183731e-03  -1.4859700e-01  -4.5602204e-02  -3.8135734e-02  -3.3059926e-01  -7.8321291e-02   2.3990333e-01  -1.0185224e-01  -1.9484698e-01  -2.1481478e-01   1.4505466e-01  -2.9562721e-01  -1.2792296e-01   2.2078247e-01   2.9158547e-01  -9.3736480e-02  -9.8778603e-02   6.2790798e-03   2.6796771e-02  -2.3955462e-01   3.7865575e-01   5.1073374e-02  -1.2921266e-01  -6.9103638e-02   2.5205756e-01   3.9275494e-01   1.6091329e-01   1.7829123e-02  -5.9037242e-02   3.1448318e-01   4.2500989e-01  -2.2443765e-01   6.5869142e-02   5.9029415e-02  -1.2237320e-01  -6.0862336e-02   1.5149894e-01
  -3.7297432e-01   2.4536639e-01   0.0000000e+00  -8.9309641e-02   4.0019536e-01   4.0122045e-01  -1.1887613e-03  -1.1929977e-01   4.0552175e-01   2.8058321e-01  -2.2299094e-01   3.1284605e-01  -1.7295526e-02  -3.5200474e-01   8.5135297e-02   5.3106343e-01   8.8841826e-01  -2.7262284e-01  -9.4809325e-02   3.0850364e-01  -4.0510147e-01  -4.5490389e-01  -3.8280062e-01  -3.6878204e-01  -1.0786287e-02  -1.1521356e-01   4.5586187e-01  -2.7380995e-01   3.9978836e-02  -3.3694617e-01  -1.7686426e-01  -2.7387690e-01   3.5868004e-01   5.7925314e-01   4.3895046e-01   6.3528697e-02  -3.9458448e-01  -3.7489271e-01   4.9825832e-01   6.1680081e-01   9.4933535e-03   4.7605621e-01   4.6586804e-01  -1.2849323e-01   2.2283646e-01  -2.7313838e-01  -8.1860366e-02   1.6946988e-01  -7.2661726e-02   7.5572312e-01  -3.4852968e-01  -2.2716232e-02   2.0211926e-01   4.7660399e-01  -4.1208948e-01  -2.7811354e-01  -7.4589696e-02  -3.6703240e-01   8.4047177e-02   1.9857793e-01   8.8701554e-03   6.6912230e-02   2.7121300e-01   8.2822968e-02   1.3679080e-01   8.2775515e-03   3.9763147e-01   6.8802864e-02  -5.1991440e-02   2.3888906e-01   3.7702410e-01  -1.9132257e-01   1.1252484e-01  -3.8503366e-01  -6.4755782e-02  -2.7301857e-01   2.4654940e-01  -7.3154720e-02   3.7783819e-01   1.2817865e-01  -2.9483828e-01   1.0770250e-01  -1.8742423e-01  -1.8949284e-01   2.0081161e-01  -8.8733712e-02   9.1152204e-02  -4.2910866e-01   2.3855834e-01  -4.0448575e-01   3.4188080e-01   5.4566572e-01   1.3056327e-02   3.8855312e-01  -2.2710399e-01   3.7653300e-01   8.3370084e-02  -3.2376119e-02   3.6875855e-01  -1.9811113e-01   3.1038621e-01  -1.4813726e-01  -3.0753440e-01   1.6092570e-01  -4.7549943e-01  -2.0938042e-01   4.5854057e-01   8.3104884e-02  -2.8725842e-01   1.5957760e-01  -5.6049712e-02  -4.2915351e-01  -5.5010328e-02  -5.0547682e-01   2.8939908e-01   1.0046013e-01  -2.3391725e-01   1.0228706e-01  -2.4003912e-01  -2.1619697e-01  -3.7454294e-01   4.3323226e-01   4.5890274e-01  -6.8665249e-02  -5.4381492e-01  -3.0531099e-01   1.3967571e-01   1.4199542e-01  -2.0853922e-01   5.8814100e-01   2.1992555e-01   1.3019292e-01  -3.7669901e-01  -2.0778304e-01   1.4043692e-02   4.5963914e-02   1.3831903e-01   4.8584881e-02   1.3209040e-01  -3.6818765e-01  -3.3759045e-01  -5.3602204e-03  -1.2878887e-01   4.8383101e-01  -1.3247052e-01  -3.2148414e-01   5.4418583e-01  -1.8339270e-01  -2.7916162e-01  -4.0455990e-01   5.1239458e-01  -2.5044088e-01  -1.0100203e-02   2.1527200e-01   7.9555886e-01  -3.8842515e-01  -3.2476503e-01  -7.9376822e-03   4.8421358e-01  -2.2730159e-01   2.8507108e-01  -2.0523383e-02  -3.3145815e-01  -3.8052112e-01  -1.3451551e-01   3.7581896e-01   2.5214056e-01  -1.6152449e-01  -1.9243332e-01  -1.1283944e-01   4.4307554e-01  -1.7285594e-01  -9.9599135e-02   3.7193925e-01  -1.3773448e-01   3.5986792e-01  -2.9079955e-01
  -1.3063662e-01   9.1518046e-02  -8.9309641e-02   0.0000000e+00   4.3808236e-02   1.6449204e-01  -7.5305351e-02   1.1831132e-01  -1.4870327e-01  -1.6143621e-01   3.1066438e-01   9.5356086e-02  -1.1766687e-01   1.5211015e-01  -1.4659488e-01   1.1641233e-01  -9.3837790e-02   2.2685956e-01   1.8658493e-01   1.4603749e-01   1.1016081e-01   5.2146810e-01  -2.5280048e-02  -1.1447780e-01  -3.1953396e-02   1.5741599e-01  -2.4014376e-01  -6.3129459e-02  -9.3671525e-02   3.3466070e-01  -9.8372558e-02   4.6557750e-01   1.0020545e-01  -9.7682995e-02  -2.2360753e-01   4.9529529e-02  -2.6389894e-01  -7.9425291e-02   9.9683347e-02  -1.8113437e-01  -1.2218911e-01   8.8256243e-02   1.2870579e-02   2.6743873e-01   2.4677956e-01  -3.3454145e-02   3.4221512e-01  -2.8774744e-01   2.2664139e-01  -1.6408556e-01   5.2135577e-01   1.3663278e-01  -1.6792072e-01   2.9875049e-02   1.0130149e-01   3.1682878e-01   7.1767546e-02   4.7318299e-01   5.0111997e-01   1.1281113e-01   2.1766147e-01   7.1487654e-02  -1.6984724e-02   1.4655128e-01  -7.0288063e-02  -5.1997802e-02   1.1272092e-01  -2.0829196e-02   3.0481671e-01  -3.6240480e-02  -2.0886977e-01   6.7344601e-01  -3.6833394e-02   1.5805274e-01   2.7144560e-02   1.6698898e-01   6.7388299e-02   3.2867423e-01  -1.1858446e-01   2.5272870e-01   1.7299390e-01   6.4450522e-02  -1.1478629e-02   3.3970157e-01   1.2933243e-01  -2.7126362e-02  -6.1031311e-02   1.2031387e-01  -7.7805065e-02  -1.5439233e-01  -6.4135087e-02   5.6360669e-02  -9.2836939e-02   1.9299079e-01  -7.7037813e-02  -3.2123957e-02   2.5853710e-01   1.2258537e-01   4.4392766e-02   1.3884439e-01  -2.6923862e-01   3.2579364e-01   2.4886153e-01  -2.0978018e-02   5.4176183e-01   5.3255467e-01  -9.2713128e-03   3.6896916e-01  -8.0396862e-02  -4.4989898e-02  -8.1040671e-02   5.7978483e-01   2.5670610e-01  -1.1862960e-01  -6.2784328e-02  -2.2287939e-01   2.8919923e-01  -1.1350415e-01  -1.6451394e-01   6.9216492e-01  -6.5150398e-02   1.7119432e-02  -7.8196546e-02  -1.7813074e-01  -6.3825289e-02   2.4334246e-01  -1.2844872e-02  -5.3760773e-02   4.1987498e-01  -1.1795261e-01  -1.7565431e-01  -1.8550982e-01   1.4962745e-01  -3.4291755e-01   2.7782792e-01   1.5864590e-02   7.3671453e-02  -1.3860763e-01   3.3010792e-03  -1.3841163e-01  -6.8781579e-02  -9.1763500e-02   4.9127116e-01  -3.5200498e-02  -3.8286501e-02   2.4854772e-01  -2.0117116e-01   2.0189708e-02   5.8770670e-02  -5.8760277e-02   5.1967020e-02   8.4821063e-02  -8.6246870e-02  -1.0638727e-01  -1.3904780e-01  -1.9708428e-01  -8.1559511e-02   3.3735597e-01   1.3094052e-02   2.1599429e-01   8.6501513e-02   4.9108437e-01  -2.1712543e-01   6.9058983e-01   5.3532817e-01  -1.6220819e-01  -3.0673717e-02  -4.1693339e-02  -9.1673690e-02  -1.9463394e-01  -1.0991355e-01  -2.6610491e-01   6.6758517e-01  -7.0754073e-03  -5.3427110e-02  -3.6881401e-02   4.4344399e-01
  -1.9667755e-01   5.0629525e-01   4.0019536e-01   4.3808236e-02   0.0000000e+00   8.0720252e-02  -9.7283897e-02  -6.7277240e-02   6.7825105e-01   1.0310129e-01  -1.9299719e-01   2.6431724e-01   1.5138364e-03  -4.8990440e-01  -2.1505451e-01   3.3282118e-01   4.6891060e-01  -4.6535863e-02   5.5376984e-02   6.1531862e-01  -4.9571787e-01  -3.0770645e-01  -4.5660883e-01  -2.3217751e-01  -1.3095137e-01   3.2729406e-02   3.5670481e-01  -4.4825703e-01   2.0777028e-01  -1.1136598e-01  -2.1191489e-01  -8.0923478e-02   2.9799477e-01   6.5746122e-01   5.1413741e-01   3.9188502e-01  -6.4169619e-02  -1.6866047e-01   3.9571295e-01   4.9293988e-01   2.0240642e-01   3.5816200e-01   6.1539543e-01   1.1809924e-01   3.2108468e-01  -3.5804665e-01  -6.7601424e-02   4.2329308e-01   2.6568599e-02   3.5690575e-01  -2.5858970e-01   7.2530834e-02   5.7335483e-01   2.1772930e-01  -2.1261052e-01  -3.0496792e-01  -1.7352914e-01  -3.3923769e-02   1.9108247e-01   3.6721042e-01   1.3708899e-01  -2.7173793e-02   5.6621900e-01   2.7530354e-01   6.5041461e-01   6.8375708e-02   5.4526122e-01   2.7079701e-01  -1.4981421e-01  -2.9566889e-01   5.9144215e-01   6.6915242e-02   3.5238905e-01  -2.1048801e-01  -4.4585748e-02  -1.9580003e-01   2.4915869e-01   1.1444779e-01   7.5119164e-01   3.3932267e-01  -4.7900127e-01   2.0014393e-01  -1.3531434e-01  -6.2483572e-03  -3.0181584e-01  -8.4224249e-02   3.9897162e-03  -3.3512775e-01   5.0117822e-01  -3.1561072e-01   7.6958306e-01   2.7566105e-01   7.4999228e-02   4.4406247e-01  -1.1270010e-01   7.0093125e-01   2.7106455e-01   1.9735754e-01   6.1790500e-01  -2.5820891e-01  -7.8849109e-02   2.3946640e-03  -4.9388427e-01   3.7830060e-01  -4.3299536e-01   3.1037660e-02   3.5627354e-01   2.7917295e-01  -1.9348525e-01   4.8248312e-01  -2.5503761e-02  -4.0328800e-01   1.3472015e-01  -3.2820689e-01  -1.5565969e-01   6.9598145e-01  -1.0920695e-01   1.6225171e-01  -5.0360641e-01  -5.9388695e-02  -2.8138235e-01   7.0326543e-01   4.5191423e-01   1.8199896e-01  -4.0193273e-01  -4.8600041e-01   9.8087500e-02   6.4452576e-02  -2.5978942e-02   1.0612940e-01   2.1349560e-01   4.7880322e-01  -2.1491730e-01  -1.2588446e-02   2.7954460e-01  -3.6794119e-02   1.9261223e-01  -1.7263507e-01   3.1896016e-02  -2.2041235e-01  -6.3328148e-02  -1.0029341e-01  -2.3339886e-01  -8.6365530e-02  -4.2470153e-01  -3.0310669e-01   4.3232441e-01   1.5663307e-01  -1.4743628e-01  -2.2897934e-01   7.2212745e-02  -4.2467977e-01  -1.2315406e-01   4.6196005e-01   4.9447530e-01  -1.9105099e-01  -2.4720223e-01   1.1204149e-01   2.2221977e-01  -2.8918890e-01   5.1397186e-01  -1.0564302e-01  -3.7724653e-02  -2.4173729e-01   3.6068218e-02   4.8509360e-01   3.0042556e-01  -1.1896964e-01  -9.1304375e-02   3.5718144e-01   6.9564337e-01  -1.5327731e-01   1.7063852e-01  -3.5308567e-02  -1.7509700e-01   1.9823081e-01  -5.3455114e-02
  -4.3340983e-01  -5.5104666e-02   4.0122045e-01   1.6449204e-01   8.0720252e-02   0.0000000e+00   5.1314342e-01  -2.0442058e-01   6.5468319e-03   3.9658008e-01   6.4401777e-02   1.9370351e-01   5.2177125e-02  -2.0450393e-01   2.9419512e-01   4.4584745e-01   2.3708731e-01  -7.8834376e-02   1.7403303e-01   2.4443684e-01   5.0704590e-02  -2.2850892e-01   2.9901839e-01  -5.0459828e-01  -6.6211420e-03  -2.1299187e-01   4.0349762e-01  -3.6357530e-02  -1.2729589e-01  -2.4246884e-01  -1.5355354e-01  -2.5415501e-01   1.8550333e-01   3.4925840e-01   3.3986553e-01   3.5458803e-01  -3.1502061e-02  -5.4730512e-01   3.3789051e-01   4.3957891e-01   9.4835202e-02   2.9950158e-01   1.9994761e-01   6.5204966e-02   2.0120078e-01  -3.7829571e-01   3.5224220e-01   1.6148872e-01  -4.0660575e-02   2.4653959e-01   1.6124629e-01  -1.5910305e-01   1.0494194e-01   8.4836746e-02  -3.4751753e-01   1.3798812e-01   1.4856312e-01  -2.3891565e-01   1.6145370e-01  -2.8349811e-02  -1.5199506e-01  -1.8844251e-02  -1.3560547e-01   9.9761116e-02  -1.5498488e-01   3.2205459e-01   5.3279658e-01  -7.3224910e-02   1.5212479e-01   1.2367815e-01   1.4499675e-01   2.3921695e-01   9.6306625e-02  -2.9299746e-01  -3.0124833e-01  -3.4639890e-01  -8.5406140e-02   1.0146810e-02  -1.1022918e-01   6.3100103e-02   2.3921396e-01   3.2577628e-01   1.4371880e-01   3.4853005e-02   1.1473665e-01  -3.8729725e-01   2.4162230e-01  -4.0052323e-01  -2.1721403e-03  -5.2275436e-01  -1.5470507e-01   2.6384901e-01   4.8314953e-01   2.5180670e-01  -4.1516806e-01   7.2541656e-02   8.3942646e-02  -1.4707976e-02   2.0237687e-02   3.8602702e-01   8.2166013e-02   2.5384671e-01  -4.6289531e-02  -2.8131596e-01   6.8600299e-02  -1.8023537e-01   9.8416200e-02   1.5992066e-01  -7.2558704e-02   1.9318910e-01   4.5509713e-01   1.6770980e-02   8.7916350e-03  -4.7591565e-01   5.4093408e-01  -2.9417889e-01  -5.3617230e-02   1.7754305e-01   1.0101116e-01   5.5188419e-02  -4.0517376e-01   1.7606424e-01   1.6566750e-01  -3.8899392e-01  -5.0136217e-01   7.7970490e-02   2.5641619e-01  -1.0767983e-01  -2.6152061e-01   4.6708584e-01   1.7874492e-01  -5.8033201e-02  -3.9522054e-01  -1.8882920e-01  -5.9814609e-02  -2.5875144e-01  -3.3803593e-02   3.1246414e-01  -2.6753266e-01  -4.4987819e-01  -4.5255178e-01  -1.2036166e-02   2.0674032e-01   6.3138993e-01   1.9073394e-01  -2.0504985e-01   4.0824530e-01  -3.5212220e-03   2.8834588e-01   7.5101635e-03   2.0382286e-01   4.7760941e-02  -2.1128931e-01  -1.6602676e-01   4.5012294e-01  -4.4974519e-01  -4.0144414e-01   1.0498226e-01   3.3225862e-03  -1.5982200e-01   1.7093876e-01   1.6426022e-01  -1.9273551e-01  -7.3442323e-02  -9.3820728e-02   1.4919403e-02   2.4475653e-01  -1.8724931e-01  -3.7497492e-01   9.1644517e-02   8.7767366e-02  -4.0638219e-01   1.3496834e-01   4.7559101e-01  -2.8573224e-01   6.7712279e-02  -2.4831098e-01
  -2.5531305e-01  -1.0043072e-01  -1.1887613e-03  -7.5305351e-02  -9.7283897e-02   5.1314342e-01   0.0000000e+00  -3.2544491e-01  -1.2815744e-01   4.4337658e-01   5.4741218e-02   3.9492063e-01   8.9381880e-02  -1.6240920e-01   3.3314742e-01   7.0938645e-02  -1.4883937e-01  -1.7769102e-01  -1.1218610e-01   5.8632862e-02   2.3755512e-01  -2.5638399e-01   6.5733214e-01  -3.2401451e-01  -1.2798265e-01  -4.1977613e-01   2.3817768e-01   7.6292976e-02  -1.2599717e-01  -2.6870995e-01  -5.7566950e-02  -5.1246153e-01  -2.0818779e-01   1.7834913e-01   4.4003099e-01   2.1209956e-01   2.5124678e-01  -4.0935101e-01  -4.5474571e-02   1.1418441e-01   1.3745315e-01  -6.6381311e-02   1.1265042e-01  -2.6765931e-01   2.8052256e-01  -2.0984809e-01   1.5596181e-01   3.0644086e-01  -2.0824105e-01  -1.7875581e-01   1.8199090e-01  -3.6836901e-01  -5.1932010e-02  -3.3494152e-01  -3.8033269e-01  -9.0691717e-02  -2.0089441e-02  -4.6942513e-01  -1.3266908e-01  -5.2574697e-02  -2.4521608e-01   6.6385729e-02  -3.6610579e-01  -1.8165930e-01  -2.0462601e-01   5.3947987e-01   3.8184820e-02  -3.0605411e-01   2.7209067e-02   2.0353957e-01   1.5709525e-01   1.1366393e-02   1.3504365e-01  -1.6927460e-01  -4.3051813e-01  -3.1231438e-01  -1.9332308e-01  -2.8440681e-01  -1.5633111e-01  -3.4612110e-01   3.0772284e-01   2.8205548e-01   8.5470665e-02  -2.6728080e-01   1.9711573e-02  -3.7697100e-01   2.8061122e-01  -2.6616424e-01  -1.6050770e-01  -2.3235863e-01  -2.7546972e-01  -1.6281187e-01   6.3179349e-01   1.1269761e-01  -3.7696093e-01  -1.5713236e-01  -3.8769114e-02  -3.7003321e-01  -1.0219374e-01   6.7237681e-01   7.9627777e-02   2.0772141e-01   1.2831050e-01  -4.5677179e-01   2.0647570e-01  -4.7907535e-01  -2.8245803e-01  -2.7252578e-01   1.5598149e-01   3.9902817e-02   5.4898617e-01   4.2973105e-02  -2.5453067e-01  -2.7617127e-01   5.3778260e-01  -1.7440728e-01  -2.9884188e-01   2.8168382e-01   2.1084694e-01  -2.0317486e-01  -2.5344426e-01   1.0227987e-02   9.5695514e-03  -3.8314341e-01  -1.4397857e-01   2.3433840e-01   3.6267250e-01  -1.5399584e-01  -4.7267638e-01   2.6049211e-01   9.0864855e-02   9.8740927e-02  -3.6501150e-01   4.9203490e-02  -8.9189475e-02  -2.6038033e-01  -3.6919018e-01   4.7732241e-01  -3.7905719e-01  -3.3122350e-01  -4.2830883e-01  -4.5174452e-02  -7.4631777e-02   3.0834997e-01   4.1458137e-01  -1.5673793e-01   5.2999395e-01   7.1682250e-02   4.8382311e-01   2.3681036e-01   1.6642578e-01   2.0162679e-01  -2.2543053e-01  -2.6937518e-01   1.0014067e-01  -2.1663430e-01  -3.9926910e-01   6.8635489e-02  -2.0578708e-01  -9.0249781e-02   2.0641809e-02  -2.2906872e-01  -1.8007118e-02  -1.7234341e-01  -4.2640916e-01   1.2907071e-01   3.2906471e-01  -1.4960522e-01  -4.0574749e-01   8.4487550e-02   1.6588884e-02  -3.4519338e-01  -3.2092246e-02   1.0255967e-01   6.1699139e-02   3.4922432e-02  -3.7548233e-01
   2.2582595e-01   6.9442834e-03  -1.1929977e-01   1.1831132e-01  -6.7277240e-02  -2.0442058e-01  -3.2544491e-01   0.0000000e+00  -1.1558631e-02  -3.9794769e-01   7.3352911e-02  -1.7845953e-02  -1.7611393e-01   2.4985510e-01  -6.7040023e-03  -7.8747884e-02  -1.3792077e-01   5.2173883e-02   2.3461870e-01  -2.5108058e-01  -3.8536529e-02   2.0345770e-01  -2.1059234e-01   3.0916803e-01   1.4319269e-01   5.5709184e-01  -3.9540229e-01   1.7137234e-01   1.8599944e-02   1.9578810e-01   2.7873330e-02   4.9001822e-01   1.9726130e-01   7.1042401e-03  -1.3142322e-01  -2.4127248e-01  -1.0992666e-01   3.5568134e-01  -5.6248525e-02  -1.7466278e-01  -1.8233234e-01   2.1785996e-01  -1.0876528e-01   3.5624565e-01  -2.4921203e-01   2.7016876e-01  -3.0200107e-01  -2.3333223e-01  -1.0902797e-01   5.2485207e-02  -7.5616551e-02   7.0444256e-01   7.0547895e-02   2.8587606e-01   2.0399335e-01   9.5326990e-02   3.1011481e-01   4.1610036e-01   1.0539284e-01   3.4074674e-01   9.3802704e-02  -1.2768577e-01   1.6508912e-01   3.8220793e-01  -5.4869475e-02  -2.7652307e-01  -1.8087652e-01   1.5737045e-01  -2.7582179e-01  -1.0515962e-01  -2.0723914e-01   7.2679679e-02  -2.4944006e-01   9.2979786e-02   3.1914596e-01   6.1582924e-01  -1.5065233e-02   1.5129204e-01  -9.9062618e-02   2.3227970e-01  -1.3965940e-02  -2.8272118e-01  -3.4522602e-02   5.1376778e-01  -1.1179337e-01   5.6992403e-01  -2.2836546e-01   3.3655259e-01  -6.8672990e-02   2.1855742e-01   8.9568643e-02   2.1644167e-01  -3.2831359e-01   5.8339810e-02   2.0019167e-01  -1.2563729e-01   3.4528827e-03   1.7613898e-01  -1.4891433e-01  -2.0343352e-01  -1.8431652e-01   2.3795368e-01   7.2440964e-02   4.1388779e-01  -5.4770044e-02   4.3771690e-01   2.8577116e-02   1.5625394e-01  -1.7217209e-01   1.2941390e-02  -1.8380571e-01   1.4943015e-01   1.6122869e-01   2.5595196e-01  -3.1225259e-01  -1.2778204e-01   6.3828105e-02  -1.9664862e-01  -1.7400938e-01   2.6741604e-01   3.4611366e-01  -3.9128560e-03  -6.8681643e-02   1.7525307e-01   2.3570690e-01   2.9494345e-02  -1.1382769e-01   4.5893797e-02   4.5545598e-01  -3.9365920e-01  -1.3621764e-01  -1.9492869e-01   2.4312023e-01  -8.8749707e-02   8.1867760e-02   7.0637581e-01   3.4440498e-01  -3.8362138e-01   7.2019660e-01   3.8466861e-01   3.7946558e-01  -2.7268697e-01  -3.1447555e-02  -2.5801909e-01  -1.1469987e-01   2.8212762e-01  -2.9862930e-01  -1.3203850e-03  -1.3665118e-01  -2.1456900e-01  -9.6133212e-02   8.6506010e-02   4.4989466e-01   2.2296563e-01  -1.6315946e-01   2.5375418e-01   4.2055749e-01  -8.8300319e-02   2.9884324e-01   3.5958035e-01   8.1926866e-02   1.1294161e-01  -5.5131664e-02   1.0927275e-01   5.0107337e-01  -3.1949722e-01  -7.0749300e-02   3.2127380e-01   3.1501116e-01  -2.0342462e-01  -1.4621120e-01   9.7167451e-02   6.3066641e-02  -1.7074809e-01  -5.1288881e-02  -1.1164780e-01   2.3480463e-01
  -1.8333497e-01   6.4220004e-01   4.0552175e-01  -1.4870327e-01   6.7825105e-01   6.5468319e-03  -1.2815744e-01  -1.1558631e-02   0.0000000e+00   1.8593667e-01  -2.3115215e-01   1.9141099e-01  -1.0707325e-01  -4.1169939e-01  -7.6712965e-02   2.8004628e-01   4.0801556e-01   4.3154681e-02   8.9639225e-02   1.8986631e-01  -5.2149192e-01  -4.3416892e-01  -5.1757064e-01  -2.3201821e-01  -9.8158018e-02   1.3642641e-01   3.1517325e-01  -3.2910159e-01  -3.2734671e-03  -4.9732082e-02  -2.7166369e-02  -1.5527985e-01   3.2714286e-01   6.2142770e-01   6.1565139e-01   1.4007681e-01   8.2306962e-02  -2.0842706e-01   3.2882319e-01   5.5716287e-01   4.0017004e-02   4.0636264e-01   6.8117993e-01   4.6123762e-02   2.8016596e-01  -3.1537335e-01  -3.2260766e-01   7.1049849e-01   6.3587880e-03   3.0732122e-01  -2.2170210e-01   7.4760403e-02   7.2077498e-01   2.4552347e-01  -3.2482556e-01  -2.9390372e-01  -1.7981454e-01  -4.8248506e-02  -3.2357653e-02   4.6328020e-01  -2.7645219e-02  -1.6029685e-01   6.8288827e-01   4.1766140e-01   7.2199885e-01   1.4067410e-02   5.8016497e-01   4.8581147e-01  -3.9263794e-01  -2.9042885e-01   7.2747386e-01   9.7183052e-03   2.3867892e-01  -2.7329062e-01  -1.2942024e-01  -2.6530278e-01   8.7943675e-02   2.9915251e-02   6.1049991e-01   3.7019161e-01  -5.0188280e-01   1.2553456e-02  -2.5847799e-02   1.9319811e-02  -3.7676322e-01  -1.1621782e-01   3.3007767e-01  -4.2092791e-01   7.1760963e-01  -3.4439199e-01   6.0900583e-01   2.1729605e-01  -2.7139619e-02   5.1285546e-01  -4.7829456e-02   2.9804962e-01   2.4657329e-01   1.8258576e-01   4.4062880e-01  -3.2649955e-01   1.2698652e-01   2.3172997e-02  -5.1436620e-01   6.0549112e-01  -5.8494741e-01  -6.6426726e-02   3.6532842e-01   1.6143258e-01  -1.7194381e-01   3.8423498e-01  -4.0003368e-02  -4.4137776e-01   3.4155581e-01  -2.9526286e-01  -1.3660803e-01   6.1243332e-01  -1.4066211e-01   5.0725081e-02  -3.1031280e-01  -8.7014597e-02  -2.4975729e-01   4.4998146e-01   4.1290845e-01   3.1895608e-01  -3.9491545e-01  -5.0734395e-01   1.5650340e-01   6.4323425e-02  -8.9587160e-02   1.9928631e-01   1.1056937e-01   4.4990477e-01  -2.1131261e-01   2.6096480e-01   3.7003361e-01  -3.0388958e-02   2.8307559e-01   3.3532926e-02   5.4754436e-02  -1.5105984e-01  -5.6249714e-02  -3.1572183e-01  -2.7448371e-01  -4.1070632e-02  -3.6578694e-01  -4.4157537e-01   4.2294713e-01   5.5741670e-02  -2.5530879e-01  -1.7394942e-01  -2.3163223e-02  -3.6964512e-01  -1.6366075e-01   4.2149281e-01   6.0328890e-01  -2.2174327e-01  -1.7816583e-01  -1.0469316e-01   1.2255289e-01  -3.7014210e-01   6.0899298e-01  -1.5565082e-01   5.0952074e-02  -3.4544218e-01   6.3053744e-02   3.5829907e-01   1.8942854e-01  -1.3103276e-02  -9.3212102e-02   3.5677733e-01   5.2388722e-01  -1.9119834e-01   1.2505361e-01   4.0747011e-02  -3.5084446e-01   1.9537389e-02  -1.8042238e-01
  -1.7383636e-01   6.5373530e-02   2.8058321e-01  -1.6143621e-01   1.0310129e-01   3.9658008e-01   4.4337658e-01  -3.9794769e-01   1.8593667e-01   0.0000000e+00  -2.8599387e-01   2.3400016e-01   2.5729049e-01  -2.8643503e-01   2.1543429e-01   1.4007411e-01   2.1051719e-01  -2.4069341e-01  -1.9563743e-01   3.9079398e-01  -1.8935170e-01  -2.2443233e-01   2.2528941e-01  -2.0924468e-01  -1.7990274e-01  -1.6139511e-01   5.4916632e-01  -1.1321640e-01  -2.1455265e-01  -1.5107885e-01  -2.5019618e-01  -4.5920986e-01  -2.2362288e-01   2.6166947e-01   5.3682709e-01   3.2108507e-01   7.9588499e-02  -2.6133088e-01   1.0611073e-01   4.5214110e-01   3.4854291e-01  -7.4987042e-02   3.1470474e-01  -2.7160627e-01   4.0571521e-01  -1.7603239e-01   1.4256088e-01   2.4679779e-01  -1.0984444e-02   1.0538204e-01   3.3244597e-02  -2.0150084e-01  -5.6725782e-03  -1.3100007e-01  -3.7340037e-01  -2.4969743e-01  -3.1319498e-01  -3.1099852e-01   4.5298846e-02   4.8502903e-02  -4.6054180e-02   4.3741035e-02  -1.2071058e-02  -3.1623874e-01   8.5285540e-02   5.2019329e-01   2.6603511e-01  -9.7429046e-02   2.8521318e-02   2.3475659e-02   2.1397168e-01  -6.9746441e-02   2.9488034e-01  -2.4223580e-02  -3.7426519e-01  -4.7785691e-01   1.1582640e-01  -2.2628120e-01   1.0416915e-01  -9.1124017e-02  -1.0433377e-01   3.5242391e-01  -2.3946751e-01  -2.3965148e-01  -2.0971918e-01  -3.1062930e-01   2.6544762e-01  -3.5242375e-01   1.4005146e-01  -2.4490157e-01   4.3047455e-04  -2.1184881e-01   4.4185098e-01   3.4554151e-01  -1.1543473e-01   1.7045753e-01   2.1658559e-01   8.4082337e-03   2.8064058e-01   4.4682474e-01   5.0401587e-02  -1.4662399e-02  -3.6691819e-01  -2.8653569e-01  -1.6765711e-01  -2.5925953e-01  -1.8378013e-01  -3.7547708e-02   1.9857171e-01  -7.8670642e-02   2.1290650e-01  -2.8259536e-01  -5.7023500e-02  -2.9077750e-01   3.4146415e-01  -2.4211470e-02  -2.3005624e-01   3.8994548e-01  -1.4230906e-01  -2.0938888e-01  -2.7970213e-01   1.9701635e-01   2.7724768e-01  -2.9155592e-01  -2.0785239e-01   3.9850825e-02   3.7339835e-01  -2.0817355e-01  -3.0877929e-01   4.6036154e-01   2.1415658e-01   9.8478384e-02  -1.4404165e-01  -1.0342549e-01   8.8329417e-02  -3.9988992e-01  -2.1706587e-01   2.3384915e-01  -3.6975973e-01  -3.3908491e-01  -2.6011103e-01   2.1612933e-01  -1.2297232e-01   2.0484816e-01   2.0525563e-01  -3.7138505e-01   5.3633563e-01  -7.5181472e-02   1.5259303e-01   1.0942731e-01   6.4127484e-02  -3.7460555e-01  -3.5200100e-01  -1.9195197e-01   4.5086825e-01  -1.6441779e-01  -3.1516765e-01   3.1743653e-01  -2.7112233e-01  -4.7461377e-01   1.2106362e-01  -2.9272377e-01   3.5554595e-02  -2.4787355e-01  -3.2525418e-01   3.5443822e-01   4.3912813e-02  -1.8767319e-01  -2.8519853e-01   1.2738247e-01   1.9119865e-01  -1.1395573e-02  -5.8446957e-02  -5.0089303e-02  -2.2427562e-01   2.3052166e-02  -5.9566982e-02
  -2.8843122e-01  -2.1148539e-01  -2.2299094e-01   3.1066438e-01  -1.9299719e-01   6.4401777e-02   5.4741218e-02   7.3352911e-02  -2.3115215e-01  -2.8599387e-01   0.0000000e+00  -2.3307038e-01  -1.2307835e-01  -1.7467009e-01  -5.8113256e-02  -1.1180014e-01  -3.0352011e-01   4.5661200e-01   6.7462909e-02  -3.3041289e-01   5.0126723e-01   1.2100616e-01   2.5837490e-01  -1.1410677e-01  -8.1617662e-02  -2.1230258e-01  -1.4413166e-01  -1.9288684e-02  -2.2111162e-01   2.1051473e-01   3.4971790e-01   1.0534666e-01  -7.2689563e-02  -2.0455710e-01  -3.5733879e-01   2.9773727e-01  -1.4345133e-01  -1.0414778e-01   2.1820878e-03  -3.5014437e-01  -3.6091249e-02  -7.4068313e-02  -3.7167138e-01   1.7607955e-01  -1.5672321e-01   1.2300784e-01   5.9726914e-01  -1.5654959e-02  -2.9480373e-01  -1.3018552e-01   4.1517753e-01  -3.4568887e-02  -5.8266987e-02  -2.1405142e-01  -8.7687863e-02   4.9587685e-01   1.0132153e-01  -3.7280233e-02   1.8368010e-01  -3.6284042e-01  -1.4498846e-01  -1.4606199e-01  -3.3514416e-01   2.2009328e-01  -1.1078752e-01   1.8291006e-01  -1.9407441e-01  -2.8899254e-01   3.9378213e-01   3.9699056e-02  -2.3031957e-01   1.8637598e-01   1.1710087e-01  -2.5282171e-01  -1.6019747e-01   1.2526407e-01  -1.9603775e-01   3.0088762e-02  -1.4921720e-01  -2.6756566e-01   1.2170629e-01   8.6790540e-02   5.1141121e-01  -2.8614211e-02   8.7031433e-02   4.5218551e-02  -2.3385978e-01  -2.2634599e-02  -2.4999862e-01  -2.1395902e-02  -1.8409159e-01   1.4164648e-01   1.6823516e-01  -4.2483337e-01  -3.7226029e-01  -2.8520901e-01  -3.8206403e-01  -2.1346875e-01  -2.2859179e-01   1.6403140e-02  -1.9765924e-01   2.3243231e-01   3.6295244e-01  -1.3425174e-01   3.8732712e-01   1.4515101e-02  -2.2112267e-01  -2.9475984e-02  -2.5320248e-01   2.6784219e-01   2.9822606e-01   3.7390553e-01  -2.2962621e-01  -1.4906117e-01   1.5751040e-03  -8.1156191e-02   1.2007985e-01  -1.9894687e-02   1.3396470e-01   3.7895913e-03  -4.6701563e-02  -2.5032558e-01  -5.0371975e-01   2.6929123e-01   1.2641133e-01  -1.0382525e-01   2.5394544e-02  -3.0170191e-01  -8.4641806e-02  -1.6058191e-01   6.1910895e-02   2.4326592e-01  -3.2166052e-01   1.9526143e-01  -2.7225206e-01   2.0251354e-01  -3.5869448e-01   1.2515393e-01   3.3926154e-02  -2.0661102e-01  -3.6085329e-01  -1.1670058e-01   4.5427174e-01   6.2204551e-02   2.1397932e-01   4.8064520e-01  -2.1921517e-01   4.7481424e-01   5.8262533e-01  -7.0910881e-03  -1.5644806e-01   4.0801454e-01   1.0337026e-01   3.2975733e-01  -3.1108734e-01  -1.5556458e-01  -1.9854248e-01   7.3585308e-03   1.4830463e-01   5.1716352e-02  -3.1301424e-01   4.2216166e-01   2.3457115e-01   2.8011840e-01   7.7789969e-02  -3.7852021e-01   3.3299840e-01  -2.7009577e-01  -1.9443528e-01  -3.0515328e-02  -2.5231177e-01  -3.2415877e-01   2.9062543e-01   1.6000706e-01   2.0818479e-01   6.3751467e-02  -6.7261545e-02
  -3.7070625e-03   3.9599360e-01   3.1284605e-01   9.5356086e-02   2.6431724e-01   1.9370351e-01   3.9492063e-01  -1.7845953e-02   1.9141099e-01   2.3400016e-01  -2.3307038e-01   0.0000000e+00  -7.9807808e-02  -2.8886403e-02   1.1223550e-01   2.3867745e-01   2.6706678e-01  -1.8458303e-01  -4.4508755e-02   3.4021438e-01  -3.0708616e-01  -7.9223807e-02  -6.3353252e-02  -4.8948926e-02  -5.6051888e-02   5.9666399e-02   1.0892411e-01   3.3503826e-02   6.1274609e-02  -7.3283272e-02  -3.5419584e-01  -1.5991655e-01   4.1688766e-02   4.1034772e-01   5.2860508e-01   2.7590023e-02  -1.3716102e-01  -1.4850273e-01   7.5946603e-02   1.1931138e-01   3.3875326e-02   2.3728765e-01   5.2669273e-01  -1.0123952e-01   5.3329464e-01  -1.3331776e-02  -1.5074953e-01   1.1079150e-01  -9.8516820e-03  -2.7151558e-02   1.4921849e-01   5.6347001e-02  -4.5363516e-02   1.7059024e-01  -2.0718952e-01  -1.9953257e-01  -2.7765727e-02  -3.4972655e-02  -1.5034082e-02   5.9762405e-01   6.4074156e-02   1.3886215e-01   2.2346932e-01  -4.3546130e-02   1.3894134e-01   2.0603397e-01   2.1436273e-01   1.1462661e-01  -1.8252338e-01   1.9317999e-01   2.3870137e-01   1.6894395e-01   6.2468334e-02   1.5047877e-01  -1.6858366e-01  -1.3614682e-01   8.2325687e-02   8.7956508e-02   2.3167830e-01   1.0696785e-01  -1.3876270e-01   6.8914252e-02  -3.2077927e-01   3.9439932e-02   5.4053337e-02  -2.5308032e-01   2.6320506e-01  -1.0069755e-01   1.5237492e-01  -1.8378109e-02   2.4318886e-01   3.2556582e-02   1.1819157e-01   6.5378696e-01  -1.0613024e-01   1.1197652e-01   4.2405903e-01  -7.7329070e-02   3.3998479e-01   1.6392198e-01   1.6689741e-01   3.9075076e-01  -2.4627214e-01   7.0598720e-02  -2.5704090e-02   1.9164932e-02   1.7235817e-01   3.3346465e-02   3.3329777e-02  -3.0610891e-02   6.1679248e-02   5.4155190e-03   1.3971975e-01  -1.3784782e-01   1.9508413e-01   2.4871064e-02  -1.7485952e-01   1.2153512e-01  -2.7115294e-01   8.5259370e-02  -6.8245707e-02   3.4800346e-01   5.0497462e-01  -2.8317654e-01  -7.2522165e-03   3.2227656e-01   3.6100225e-01   1.2216955e-01   5.3482361e-02   1.5870697e-01  -3.4411075e-02  -9.8779503e-03  -3.2569672e-02  -2.3716958e-01   4.7806246e-01  -1.6292526e-01   9.3971298e-02  -2.5794438e-02  -1.4420422e-01  -1.2240065e-01  -9.8509624e-02  -8.5939214e-02  -1.4438918e-01   5.0492741e-02   5.1393417e-03  -2.7897182e-01   4.6319181e-01  -1.3960450e-01  -9.4833033e-03  -2.2808131e-01   4.4437656e-01  -2.7710628e-01  -9.6085341e-02  -1.5906731e-01   3.2798540e-01  -1.0709555e-01  -1.2953825e-01   1.6451523e-01  -3.0929096e-02  -1.5536951e-01   4.3640114e-01  -1.6012974e-01  -2.4043961e-01  -1.6002262e-02  -1.5141899e-02   2.7671447e-01   3.3129551e-01  -9.2742462e-03  -9.8282510e-02  -6.1081608e-02   3.7371145e-01  -2.2039849e-01   1.2735612e-01   4.3539668e-02  -1.4470561e-01   2.9209544e-02   5.9491584e-02
   1.4684261e-01  -2.7034370e-01  -1.7295526e-02  -1.1766687e-01   1.5138364e-03   5.2177125e-02   8.9381880e-02  -1.7611393e-01  -1.0707325e-01   2.5729049e-01  -1.2307835e-01  -7.9807808e-02   0.0000000e+00  -4.4457110e-02   1.8103883e-01   5.1942030e-02  -7.8680924e-02   6.1653935e-05  -2.2571145e-01   2.0973205e-01   2.0027164e-01  -6.7428840e-02   2.0954033e-01   1.9743598e-02  -1.2848803e-01  -1.1276916e-01   2.4643798e-01  -2.3240462e-02  -1.8197665e-01   2.5190435e-03  -1.5594122e-02  -2.7130526e-01  -6.0384598e-02  -7.4816015e-02  -5.5349881e-02   2.9087366e-01  -2.0126622e-02   1.0166528e-01   6.0267678e-02   9.9053683e-02   6.5450641e-01   1.1055517e-02  -1.2185271e-01  -2.9255436e-01   1.7881953e-02  -2.2954270e-02   1.7661318e-01  -8.7080908e-02  -1.6866764e-02   5.1297367e-03   6.3513280e-03   9.8983282e-03  -7.5860208e-02  -7.5758673e-02   9.9415944e-02  -3.0842965e-01  -7.7939721e-02  -1.6446633e-01  -9.0070954e-02  -9.3989658e-02  -1.1114811e-01   4.9220867e-02  -2.1216967e-01  -1.3989113e-01  -1.1432776e-01   9.4669424e-02  -1.0238184e-01  -1.1112470e-01  -3.9213023e-02  -1.2016902e-01  -1.4734549e-01  -5.6291934e-02   3.4970893e-01  -2.8395182e-02  -5.2076856e-02  -2.7110073e-01  -1.2596048e-02  -3.2961877e-01  -1.4978095e-01  -1.8273404e-02  -8.2159535e-02   2.1892205e-01  -9.4803985e-02  -2.5390783e-01  -2.8439735e-01  -1.2678113e-01  -1.7756584e-01   5.7596419e-02  -1.9034325e-01   6.8896653e-02  -5.5844178e-02  -5.3424711e-02   3.2525789e-02  -6.9035645e-02   9.5442707e-03   1.5163997e-01  -4.6575999e-02  -1.5456835e-01  -1.1726791e-01   1.9106084e-01  -2.0276830e-01   8.5685201e-03  -1.5170632e-01  -1.6000912e-01  -5.3303095e-02  -2.7020651e-01  -7.9333400e-02  -1.8027801e-01   7.5841324e-02   6.3390170e-02  -1.6349268e-02  -5.9568172e-02  -9.3356687e-02   1.0320315e-01   4.3198180e-03  -1.1787469e-01  -3.3798759e-01   6.0020682e-01  -1.3800824e-01  -1.0574879e-01   2.5467061e-03   2.4742368e-02  -2.2962792e-01  -1.3442325e-01  -2.4881328e-02   3.0288193e-02   1.3685891e-01  -1.8952422e-05  -1.6705718e-01   1.1063198e-04   5.5391027e-01   1.9886097e-03  -8.4305337e-02  -1.1862222e-03  -1.2876255e-01  -1.0109730e-01   6.1445137e-02  -8.3521384e-03  -1.2578792e-01   3.4045585e-02   2.2532238e-02   4.2835064e-01  -3.1753139e-01  -1.1449835e-01   1.4300740e-01  -1.4602683e-01  -7.5522072e-02   2.1328166e-01   1.6121871e-01   1.0543285e-01  -1.7739772e-01  -1.4942479e-01  -6.6816050e-02  -4.2185103e-02   2.5849905e-02   1.5535602e-01   3.6345016e-03   1.3662944e-01  -6.4163863e-02  -7.4910411e-02  -1.5748936e-01  -3.9142126e-01   2.1706157e-01  -1.9675083e-01  -1.6272083e-01  -1.7819925e-01  -4.7096905e-02  -8.7234911e-03  -8.3925549e-02  -2.5717409e-02  -1.5717213e-01   1.4036844e-01  -1.3381222e-01   3.2058452e-02   1.2612587e-01  -4.3882732e-02  -9.8516178e-02
   5.2789288e-01  -3.2248935e-02  -3.5200474e-01   1.5211015e-01  -4.8990440e-01  -2.0450393e-01  -1.6240920e-01   2.4985510e-01  -4.1169939e-01  -2.8643503e-01  -1.7467009e-01  -2.8886403e-02  -4.4457110e-02   0.0000000e+00  -8.0607920e-02  -2.0800945e-01  -3.5301731e-01  -9.6306059e-02  -1.9309049e-02  -2.4545440e-01   2.2817754e-01   5.1839965e-01   7.2526543e-02   5.2851064e-01   1.6330004e-01   2.3042455e-01  -4.4389402e-01   4.0735289e-01   1.6729738e-02   2.6411860e-01  -9.6215489e-02   4.0720524e-01   1.6772419e-02  -4.2275949e-01  -3.8233990e-01  -4.2712189e-01  -8.1541372e-02   3.3010152e-01  -2.5717867e-01  -4.4520738e-01  -2.6246754e-01  -1.1054645e-01  -3.4802915e-01   4.7566337e-02  -1.6549873e-01   3.3966530e-01  -2.5538029e-01  -4.1082193e-01   2.0927386e-01  -3.7448979e-01   1.4443235e-01   1.2939939e-01  -3.9850678e-01   7.5770876e-03   6.1056144e-01   1.1522958e-01   1.4933533e-01   4.2792898e-01  -1.9240673e-01   6.3681950e-02   8.1641174e-02   2.3405163e-02  -2.3221033e-01  -6.3721784e-02  -3.5543586e-01  -2.7328696e-01  -2.8764810e-01   4.8452652e-02  -1.2978384e-01   1.8971419e-01  -4.7486258e-01   1.9487610e-01  -4.8365626e-01   5.8198637e-01   2.6379055e-01   2.5663968e-01  -1.1621279e-01   1.5475874e-01  -4.3954914e-01  -7.6078748e-02   2.6517363e-01  -4.7615976e-01  -1.5808389e-01   3.0374404e-01   3.3369822e-01   1.4493123e-01   7.8490932e-02   6.5196878e-01  -2.0231371e-01   4.3134702e-01  -4.1777795e-01  -2.1723407e-01  -3.0752237e-01  -1.4977450e-01   3.5917522e-01  -3.9684633e-01   1.8561977e-02  -3.2219870e-02  -4.0699578e-01   5.2407388e-02   6.5595180e-02   8.3305061e-02   3.4191066e-01   5.4398461e-02   3.5606967e-01   3.4331008e-01  -7.7709827e-02  -3.5423774e-02  -8.6495377e-03  -3.7400312e-01  -2.0595897e-01   4.2753560e-01   1.9179847e-01   5.0032007e-01  -1.9105678e-01  -4.4757782e-01   2.5023445e-01  -3.6117686e-01   2.3604348e-01   3.7117012e-01   4.2877437e-01  -3.9870548e-01  -1.5173554e-01  -1.4235862e-01   3.6760790e-01   6.1588120e-01  -2.6297518e-01   1.4759199e-01   3.9842547e-01  -2.4219432e-01  -3.9162415e-01  -5.2134485e-01   6.6788126e-01  -2.2500083e-01   4.0568263e-02   3.5757723e-02   5.4234397e-02  -8.9422265e-02   4.0730564e-02   4.4322095e-01   5.1617164e-01   2.3782785e-02   5.5929312e-02  -2.1059095e-01  -5.8534504e-02   2.0305987e-01  -4.7933622e-01  -2.7222891e-01  -1.2301574e-01   8.6101147e-02  -1.2611625e-01   1.4912011e-01   2.0726290e-01  -4.1342495e-01  -4.5287920e-01   3.5427110e-01   4.8023302e-01  -1.1952257e-01  -2.1612238e-01   3.6332642e-01  -1.9574017e-01   5.2124297e-02  -2.0891097e-01   3.2576625e-01   3.5286499e-01  -3.9268001e-01  -3.7218920e-01   3.4760610e-01   4.2070817e-01  -3.2586379e-01  -4.3471575e-01   2.2995380e-01  -4.4877852e-02  -8.9453071e-02   3.1374717e-02  -3.6666480e-01   3.4903372e-01
