   0.0000000e+00  -2.1987372e-01  -4.6375957e-02   1.2153504e-01  -2.6103675e-02  -2.4520340e-01  -3.6169460e-01  -4.2707810e-02  -6.6554112e-03   6.9312611e-02   7.5109914e-02   1.8642220e-01   2.8398673e-01  -1.8511422e-01  -1.6363127e-01  -3.7538543e-01  -6.6114896e-02   3.9114281e-02   2.3200734e-01   5.1246102e-02  -1.4662604e-02   3.8203970e-01  -2.1505180e-01   6.4774331e-01  -2.4685575e-01   2.4159894e-01  -1.8703817e-01   8.0736399e-03  -1.2326160e-02   9.4339201e-02  -5.8259532e-02   3.0381354e-01  -2.9708935e-01  -3.4445530e-01  -2.5175249e-01   1.7063136e-01  -5.3489663e-02  -1.1304239e-01  -1.7365515e-01  -2.6634240e-01   2.3402487e-01  -2.4445114e-01  -1.5692791e-01   9.2069336e-02  -2.8918000e-01   5.7908568e-01   1.7159340e-01  -4.5400509e-01  -2.7398869e-01  -3.2776186e-01   7.3993063e-03   9.9760108e-02  -2.3685786e-01  -2.2383749e-01  -2.8733023e-01   8.0159926e-02  -1.2903116e-01   4.0262075e-01   8.5159246e-02   1.2311729e-01   6.5413444e-02  -1.5211558e-01  -4.7607287e-02  -2.9601906e-01  -2.8191116e-01  -5.2887613e-02  -1.8826159e-01  -1.0860783e-01   1.6496596e-01  -1.4407082e-01  -3.5097889e-01   8.3667716e-02  -5.5305738e-02   4.4366904e-01  -4.3359202e-02   2.7403379e-01  -5.1821181e-02  -1.1036896e-02  -2.2566274e-01  -7.5692130e-02  -3.7019087e-02  -2.5557063e-01  -2.0912353e-01   1.6228663e-01  -2.6340235e-01   3.0624453e-01  -1.8374550e-01  -3.4064896e-01  -1.4185574e-01   6.4388297e-01   2.2638774e-02  -4.1169564e-02  -2.7581460e-01   1.2182371e-01   4.3788747e-02  -7.6751374e-02  -1.7487127e-01   5.5816376e-01  -1.1661775e-01  -2.7168052e-01  -2.8626957e-01  -3.0187656e-01  -2.7080413e-02   1.4745845e-01   2.5977568e-01   2.6228289e-01  -3.1130262e-01   3.4666974e-01  -2.5630791e-01   1.0952538e-01  -3.3994663e-01   3.1356900e-01   3.1261343e-02   7.6121319e-01  -3.4225166e-01  -1.7839360e-01   2.3209284e-01   8.1132917e-02   1.0820182e-01   1.0518095e-01   3.6563621e-01  -2.7087879e-02  -1.5665448e-01  -7.2894796e-02   5.5270558e-01  -3.1601734e-03  -1.1139872e-01  -1.5312148e-01   2.5707654e-01  -1.0553138e-01  -1.5578480e-01  -3.6045367e-01   3.5068732e-01  -7.5664082e-02   5.2240021e-02   2.3171694e-01  -1.0473558e-01  -1.5731460e-01   1.8639904e-01   1.1458698e-01   3.8032354e-01   2.1676590e-01   2.2002479e-01  -1.1612920e-01  -1.9530440e-01   4.3899991e-02  -3.9294364e-01   2.9092847e-01   5.8927570e-02  -1.0179549e-01  -3.8617384e-01  -8.3188310e-03  -1.0771632e-01  -9.2285316e-02  -2.3477164e-01   4.4865102e-01   3.7015167e-01   7.7261539e-02   2.4384584e-02  -1.7495632e-01  -2.0402724e-01   2.1125703e-01   3.2657335e-01   2.1165344e-01   2.9069339e-01  -3.0569638e-01  -2.5939837e-01   1.7153294e-01   3.7023590e-02  -2.5696339e-01  -1.4555643e-01   8.0583287e-02   6.6384097e-02  -2.1970693e-02  -1.0534632e-01  -2.5015689e-01   4.3250388e-01
  -2.1987372e-01   0.0000000e+00  -1.5777908e-02   8.3822776e-02   2.3427164e-01   1.0255034e-01   3.0474081e-01  -8.5473170e-02   6.1475674e-01   1.5301029e-01   1.6139014e-01   1.7209428e-01  -1.6481758e-01  -1.2131562e-01  -2.8560843e-01   7.9478067e-02   1.8770430e-02   1.8578316e-01  -5.2761870e-02   2.7635369e-01  -6.3278460e-02  -1.1350358e-01  -2.9165501e-01  -2.1159732e-01   1.3083348e-01  -9.9708814e-02   6.7377906e-02  -4.9475712e-01   1.2128990e-01   3.3329033e-01   1.5635919e-01  -1.7162707e-01  -7.2370478e-02  -3.9452685e-01   5.2939712e-01   1.7798335e-03   1.1931681e-01  -8.3025239e-02   9.8538653e-02  -3.8516979e-02  -1.4601521e-01  -2.4423984e-02   3.5245010e-01  -1.3780770e-01   1.6834399e-01  -3.0715229e-01  -1.0105102e-01   1.9098164e-01  -9.2144342e-02  -6.8049283e-02   8.1898532e-02  -4.1486374e-02  -1.7651214e-01  -1.5930898e-01   3.8656678e-01  -5.5731558e-02   2.0590211e-02  -2.7173322e-01   1.9543289e-02   3.4063387e-01  -1.8791494e-01   1.8498620e-01   4.4148726e-01   2.2142437e-01   5.2556735e-01   3.8478626e-01   1.5854157e-01   1.7933787e-01  -2.0840686e-01  -2.3558910e-01   2.1251234e-01   8.8448953e-02   1.1732828e-01  -2.4950542e-01  -3.1398840e-01  -1.2366408e-01  -2.5924308e-01   7.5739027e-02   5.1353856e-01  -1.3577906e-02  -3.9707497e-01   7.5868197e-02   1.2376517e-01  -1.5144085e-01   8.1644499e-02  -2.0041737e-01   4.9189242e-01  -3.0611524e-01   4.0495544e-01  -3.1431542e-01   5.1345416e-01  -2.6116491e-01   3.1501748e-01   5.7478171e-01  -1.3490075e-01   2.8244928e-01   7.9546179e-02  -1.8871906e-01   2.0532362e-01  -7.4471438e-02  -1.8901669e-01   1.5401062e-01  -2.8457391e-01   4.7498343e-01  -4.5860498e-02  -4.4716450e-02   8.7922746e-02  -9.6352228e-02   2.0378227e-01  -2.2570414e-02   2.4030985e-01  -1.3802917e-01   5.6890720e-02   2.3228192e-02  -3.7442956e-01   3.4849905e-01  -1.1907192e-01   7.9299031e-02  -2.6696852e-01   1.0904344e-01  -4.5474847e-02   2.6222847e-01   2.3989606e-01   5.4144603e-01  -1.8187165e-01  -3.0473425e-01   4.3058068e-01  -5.4009971e-02   2.6966491e-02  -6.2095924e-02  -1.2914665e-02   3.3513072e-01   3.4536981e-01  -1.3359944e-01   2.0013104e-01  -2.5348841e-01   1.4481276e-02  -1.9262780e-01  -3.8487556e-01  -1.6716969e-01  -1.4843403e-02  -1.3764467e-01  -9.0740675e-03   2.3723125e-02   1.4550201e-01  -1.7750116e-01   4.0918520e-01   2.3169328e-01   1.2332825e-01  -1.7961082e-02  -3.9525697e-01  -3.4348234e-01  -2.1674950e-02   4.3539395e-01   3.9388637e-01  -8.2099552e-02  -3.0915677e-02   1.6296335e-01  -9.1511132e-02  -3.4178545e-01   1.8538682e-01   6.5462526e-02   9.4146565e-02   8.2864474e-02   3.4198464e-02   1.6580490e-01   3.9189365e-01  -8.8744605e-02   2.9515375e-02   4.5556783e-01   4.6368159e-01  -6.1985282e-02   1.5245594e-01   5.1064513e-02  -1.7492215e-03  -3.8334276e-02  -1.0261875e-01
  -4.6375957e-02  -1.5777908e-02   0.0000000e+00  -3.0282506e-02   3.7138541e-01   1.5900175e-02   3.9849220e-03  -9.7219483e-02   1.8883119e-02   3.9800246e-01  -3.1563374e-01   5.0330042e-02   2.9644721e-01  -2.0523977e-01  -2.8491170e-01   4.9795336e-02   8.9714662e-01  -5.4451578e-02  -6.8026230e-02   3.7006880e-01  -2.4584665e-01   1.0785590e-02  -1.6172513e-01  -2.8360572e-01  -1.1098480e-01   4.0605808e-02   4.2478511e-01  -2.2087882e-01   2.3810727e-01  -3.7705226e-01  -2.3061075e-01  -9.2554281e-02  -4.1158403e-02   3.2061158e-02   3.1689713e-01   2.4818858e-01  -1.2545223e-01   1.2577039e-01   5.1020877e-02   4.6053559e-01   8.4548310e-02   2.2671562e-01   3.7070447e-01  -3.4910263e-01  -7.2050136e-02   1.3554437e-01  -4.0434423e-02  -2.7488297e-01  -2.0970000e-01   6.0576874e-01  -1.1278201e-01   4.6924703e-02  -1.9371693e-01   1.9825734e-01  -1.1881863e-01  -1.9678840e-01  -1.5825588e-01  -2.5993612e-01  -1.3612761e-01  -7.5933832e-03   3.3769147e-01   3.1542425e-03   3.3967905e-01  -2.8282412e-01  -8.5478219e-02  -5.1515205e-02   6.6734780e-02  -2.7157446e-01   6.5101445e-02   3.9282396e-01   1.4756270e-01   3.8155703e-02  -6.3028069e-02  -3.2505359e-02   2.5028542e-01  -2.3772305e-01   1.6506642e-01   4.9543152e-02   1.2765189e-01  -2.2903100e-02  -2.4780637e-01   1.6405322e-01  -9.1966301e-02  -1.3592222e-01   5.8799834e-01  -8.5403704e-02   9.4976283e-02   2.8406765e-01  -7.9533323e-02  -1.8315478e-01   1.7453745e-01   5.8793906e-01   3.7969901e-01  -1.1615113e-02   2.2185694e-01   3.4491787e-01   1.3275374e-01   2.3165603e-03   1.4521043e-02   3.2980803e-02  -4.0300788e-02  -1.2797906e-01  -4.8491652e-01  -7.4579968e-02  -6.0873760e-02   7.4731010e-02   4.6413156e-01   1.1795889e-03  -8.2701624e-02  -1.7244454e-02   2.2188102e-01  -2.3237645e-01   4.1881732e-02   7.3446332e-02   1.5129145e-01   1.5001557e-01  -8.7166907e-02   7.5111353e-02  -1.2466415e-02   8.9280284e-02  -6.0062799e-02   4.0924210e-01   2.3775765e-01  -3.6459267e-02  -1.4159768e-01  -1.6832602e-01   1.1683252e-02   2.5321969e-01   1.4060143e-01   3.7525214e-01  -9.9893412e-03  -3.7632829e-02  -1.1393401e-01  -2.3128620e-01   1.8856700e-01  -1.8841363e-01   1.0630090e-01  -1.1419576e-01  -9.5916219e-02   2.1682821e-01  -1.0830541e-01   1.4032322e-01  -1.7199812e-01   3.1910500e-01  -2.7419050e-02  -3.5801424e-01   4.6041366e-01  -8.0896276e-02   7.3680499e-02  -9.3136299e-02   2.7330622e-01  -1.8972993e-01   3.3237417e-02  -2.5290098e-01   5.7427532e-01  -4.9670880e-02   8.3210911e-02  -1.0544006e-01   3.6321792e-01  -2.1553566e-01   1.0650099e-01  -3.1310593e-01   2.6781287e-01  -8.5327354e-02  -1.1650819e-01   9.2834379e-02  -7.8135130e-02   9.2235648e-02   1.8875439e-01   6.3490518e-02   2.1686209e-01   3.4726309e-02   1.4627951e-02  -1.1098267e-01   1.0547070e-01   8.3928048e-02   6.9627472e-02
   1.2153504e-01   8.3822776e-02  -3.0282506e-02   0.0000000e+00   4.7269106e-01  -9.9125072e-02  -1.3343849e-01  -5.1699981e-02   3.9443331e-01   2.4794002e-01   1.1599035e-01   1.0385585e-01   2.2555303e-01   8.9927880e-02  -1.7462263e-01   2.2274486e-01  -9.7779814e-02   7.9463337e-01   3.1546797e-01   9.0334804e-02   1.3488276e-01   5.8886931e-01   2.0950943e-02   5.8621959e-02   2.2406200e-01   5.1322872e-01  -1.4013586e-01  -1.0842230e-01   1.8064022e-02  -1.1175776e-01  -4.8786619e-02   5.9528599e-01   7.3595457e-02  -3.0577636e-01   6.0658462e-02   3.8447601e-01   4.3759198e-01  -2.0516708e-01   4.1549061e-01  -2.5137027e-01   3.0077252e-01   5.3062363e-01   1.7766048e-01   2.7085095e-01   4.7759092e-01  -3.0316817e-01   9.0050486e-02  -2.5941399e-01   2.6682230e-01  -3.1768406e-01   6.5429473e-01   2.4594772e-01  -2.5869559e-01   4.5458737e-01   1.8442099e-01   4.8218701e-01  -6.2729447e-03   3.8514356e-01   5.2303060e-01   4.1871832e-01   2.1162700e-01   6.9228866e-01   1.7769124e-01  -2.5328009e-01   3.1409403e-01   2.7392194e-04   2.5580390e-01   3.7429728e-01   1.9834506e-01  -2.2423574e-01  -2.9651489e-01   7.9288851e-01   7.9264542e-02   1.1403031e-01   2.5044608e-01   4.7960486e-02  -3.7717547e-01   4.0664817e-01   1.5309684e-01   5.5017127e-01  -6.6681839e-02   1.1982519e-01  -8.5230387e-02   3.1345679e-01  -2.0133411e-01  -2.3676925e-01   9.7422365e-02   2.4591851e-02   3.3902575e-01   3.1089760e-01   1.3676765e-01   3.0749782e-01  -2.4544394e-01   3.3726799e-01  -3.3836388e-02   4.1712094e-01   5.6584276e-01   3.4176085e-01   5.0297381e-01   2.5281372e-01  -2.6549424e-01  -2.2753703e-01  -2.0162680e-02   6.1041342e-02   7.4304330e-01   6.8164857e-01   3.3858208e-01   3.5695956e-01   4.7342302e-01  -5.1469421e-02  -1.6004109e-01   2.0194221e-01   6.6154408e-01   2.8742418e-01  -1.4118028e-01  -1.0547018e-01   6.1152407e-01   1.5257209e-01  -1.0854082e-01   8.8567515e-01   2.5413449e-01   1.5542386e-01   5.7963650e-03   5.1323379e-01  -1.7464922e-01   1.4918525e-01   3.8064692e-01   4.3749114e-01   7.2214448e-01  -3.2340374e-01  -2.4504378e-01  -1.2722345e-01   1.5791360e-01   3.6462583e-03   7.2639955e-01  -2.9365353e-01   6.4990927e-01  -2.9645002e-02  -2.7290690e-01  -2.7978986e-01   4.2810210e-01   5.4895339e-01   2.6526534e-01  -3.1771646e-01   1.0538892e-01   9.0951458e-02  -1.5109810e-01   1.3604880e-01  -1.7618144e-01   2.7693956e-01  -2.9166095e-01  -1.8512743e-01   2.4805827e-01   9.0934011e-02  -2.3913464e-01   1.9774349e-01   5.2761444e-01   4.8558409e-01   3.9109265e-01  -1.5746548e-01   2.1951184e-01  -4.0392124e-02   4.4243118e-01   7.2820913e-01   5.9990387e-01  -1.8091779e-01  -6.0975824e-02   3.1914812e-02   1.4515843e-01  -1.4951127e-01   9.5572044e-02  -5.6285768e-01   7.4735623e-01  -2.6540628e-01   3.1438794e-01  -2.7647123e-01   4.8677468e-01
  -2.6103675e-02   2.3427164e-01   3.7138541e-01   4.7269106e-01   0.0000000e+00   2.4031130e-02  -1.0363970e-01  -1.0197228e-01   4.1326841e-01   5.1473766e-01  -4.6401878e-02   2.1462740e-01   3.2328184e-01  -4.5835768e-01  -4.6750755e-01   2.2552066e-01   2.6208991e-01   3.7703711e-01   9.7851153e-02   6.4212644e-01  -2.6308280e-01   3.5215974e-01  -1.5902395e-01  -2.3436488e-01   6.5596145e-02   3.6395984e-01   3.4767264e-01  -4.7930646e-01   1.2244047e-01  -3.8559965e-01  -3.1967386e-01   3.2253723e-01  -3.9628100e-02  -4.7550936e-01   3.4488402e-01   6.9546681e-01   2.5198010e-01   5.3616764e-02   4.2963508e-01   1.0720495e-01   3.6767359e-01   3.1531459e-01   2.8267068e-01  -2.3059748e-01   3.5108824e-01  -2.0096601e-01   2.0465059e-01  -4.5144958e-01  -5.7381107e-02   1.6060479e-01   3.3991436e-01   2.6722420e-01  -4.6533626e-01   1.6216583e-01  -3.8486365e-02   1.0257432e-01  -4.1928855e-02   1.2409786e-01   4.3334864e-01   3.3028967e-01   3.3287905e-01   5.1037289e-01   4.1729462e-01  -4.7458837e-01   3.7339160e-01   2.6136278e-01   2.6277220e-01   1.8313292e-01   1.4797875e-01  -3.7074504e-01  -2.3796160e-01   4.4090940e-01   2.2638731e-01  -1.3186587e-01   1.4571541e-01  -2.6813088e-02  -1.0720395e-01   4.5240201e-01   6.3591364e-01   3.3402286e-01  -4.7626769e-01   2.9702281e-01  -1.9367860e-01   1.4455033e-01   1.1011444e-01  -2.4533204e-01   6.1568780e-02  -1.4533137e-01   3.6720887e-01   5.5531699e-03   6.6111814e-01   3.6219138e-01   3.1775662e-01   2.8927004e-01   2.2622949e-01   8.0804253e-01   4.4494801e-01   2.9055417e-01   5.2140959e-01   3.0541803e-02  -5.9490247e-01  -1.9469881e-01  -5.2944513e-01  -7.2908403e-02   4.0050263e-01   3.7502824e-01   3.4898805e-01   2.6195759e-01   4.0475006e-01   9.2289398e-02  -3.8705746e-02   7.0850547e-03   4.2913297e-01   2.4331794e-01  -4.3309933e-01   4.6092152e-01   3.9504047e-01   3.3872503e-01  -4.2927118e-01   5.3158154e-01   9.7766297e-02   7.6899251e-01   2.0817346e-02   4.8668005e-01  -4.1607826e-02  -3.5848014e-01   5.1874746e-01   3.1269824e-01   5.4320993e-01  -3.9906124e-01   5.6447135e-02  -1.5124912e-03  -1.7737884e-02  -2.7790635e-01   4.8915145e-01  -3.8084547e-01   3.9565603e-01  -5.6894100e-01  -4.1953336e-01   5.5930970e-03   2.7309853e-01   3.5201653e-01   1.7167205e-01  -1.9962451e-01  -7.4190460e-02  -3.1445808e-01   2.2987768e-01   2.9149265e-01   4.0804214e-02  -6.4470124e-02  -4.1670610e-01  -4.9925926e-01   5.9090610e-03   7.4831580e-02   1.0293424e-01  -7.0698461e-02   3.8073263e-01   4.2644092e-01   3.5722031e-01  -4.9428637e-01   3.5502635e-01  -1.2585000e-01   6.0607183e-01   3.6996357e-01   4.4003495e-01   1.4004412e-01   1.2501059e-01   2.7148312e-03   3.3048077e-02   3.0941923e-01   5.3787321e-01  -1.4458448e-01   5.2073061e-01  -2.4675300e-01   3.5653240e-01  -2.3877003e-01   4.3525175e-01
  -2.4520340e-01   1.0255034e-01   1.5900175e-02  -9.9125072e-02   2.4031130e-02   0.0000000e+00   5.8518160e-01   1.8730694e-01  -2.6185513e-01   1.3664899e-01   1.2254161e-01   1.8194065e-01  -1.8134637e-01  -9.5157536e-02   2.6494064e-01   2.1015847e-01  -1.4728351e-01  -8.7986737e-02  -2.6324900e-02  -1.5354480e-02  -2.0090685e-01  -1.5457979e-01   1.3917405e-01  -9.2196427e-02   1.8074127e-02  -1.2604168e-01   1.2342337e-01   1.5962250e-01  -1.8838480e-01  -1.9657453e-02  -1.0376336e-01  -2.1604173e-01   2.4420404e-01   1.7781147e-01  -2.2684084e-01   2.7346457e-02  -2.1108457e-03  -9.4989730e-02   7.0874720e-02  -5.7937345e-02  -1.7001369e-02   6.0965776e-02  -3.4674359e-02   1.4553371e-01   1.4227055e-02  -1.0139105e-01   2.4974384e-01   9.1646004e-02  -1.6627331e-02   6.8984709e-02   1.1303193e-01   1.5263477e-01   2.1653946e-02  -4.8314288e-02  -1.8887371e-01   1.7591601e-01   2.5003013e-01  -9.3902367e-02   4.3608401e-02   1.3655037e-02  -2.9490434e-01  -6.2554500e-02  -1.1817414e-01   1.2677161e-01  -1.7625120e-01   3.1058158e-01   6.7311702e-01  -1.3797186e-01   2.5769453e-01   2.6480049e-01  -4.3950110e-02  -2.4629201e-01   1.9767984e-02   6.3673236e-02  -1.8127530e-01  -1.2411329e-01   9.6291013e-02  -5.2565994e-02  -8.8852104e-02  -5.8867999e-02   3.1312777e-01  -6.4370014e-02   4.9606256e-01   9.7178895e-03  -1.3799609e-01  -7.2956738e-02  -3.7265630e-01   6.0740117e-03  -9.2622836e-02  -1.6222330e-01  -1.3498873e-01  -1.2337384e-01   1.2138744e-01  -9.0343050e-02  -1.8757854e-01  -1.3056288e-01  -3.1369979e-02  -1.2149893e-01  -1.7956769e-01  -3.8172623e-01   6.1632410e-02   3.1672371e-01   2.2314422e-02  -9.8393294e-02  -1.5716738e-01  -2.6956356e-01  -9.4357166e-02   5.4914832e-02  -3.8584078e-02   4.6580873e-01   4.8589193e-01   1.2703456e-01  -2.3815776e-01  -2.3440764e-01   3.5730765e-02  -1.7518245e-01  -1.5024437e-01  -2.5722533e-02   2.2109856e-01  -2.2180332e-01  -5.6692418e-02  -3.5098434e-02  -2.0680781e-01  -3.1704764e-01  -7.4235822e-02  -2.8303856e-02  -6.6627562e-02  -1.1010871e-01  -3.1433311e-01   1.3480322e-01   4.0164658e-02   2.4668213e-03   1.8332699e-01  -7.0555408e-02  -1.7485748e-01  -5.3292539e-02  -8.2936101e-02  -9.9226949e-02  -4.2630019e-02  -8.6981704e-03  -2.9532780e-01  -3.0155807e-01   1.3684360e-01   5.2293597e-01  -2.2204275e-01  -1.2568968e-01   4.1683120e-02   8.0235037e-02   4.7304425e-01  -2.8769888e-01   1.0491189e-01   1.9633274e-01  -9.2525472e-03  -4.9513252e-02   1.3537711e-01  -3.0430912e-01  -2.6114395e-01   7.6352639e-02  -2.7563995e-01   1.9452978e-01  -2.3461049e-01  -5.9625628e-03  -7.6745323e-02  -2.6271900e-01  -6.5372130e-02  -1.1323676e-01   2.1946218e-01   1.5527846e-01  -5.9045665e-02   2.4699781e-01  -2.5139700e-01   1.1974655e-02  -2.5224081e-01   6.3246595e-01  -4.6690099e-02   5.2482780e-02  -1.8677510e-01
  -3.6169460e-01   3.0474081e-01   3.9849220e-03  -1.3343849e-01  -1.0363970e-01   5.8518160e-01   0.0000000e+00  -3.4410941e-03  -7.6207688e-02   7.1218697e-02   1.0022337e-01   1.0938743e-01  -3.3541031e-01   1.8021338e-01   1.9615987e-01   1.3097991e-01  -1.1190446e-01  -1.5875260e-02  -1.6186124e-01  -5.7613579e-03   1.0842429e-01  -7.4881067e-02   3.1903588e-01  -1.4650278e-01   1.4606624e-02  -2.3511271e-01  -3.8642223e-02   1.2759377e-01   3.2624276e-03   1.0253622e-01  -1.3069059e-02  -2.5948767e-01  -3.0280836e-02   3.9151753e-01  -5.3221419e-02  -1.0888036e-02   1.1207937e-02  -1.1169832e-01  -2.2047565e-02  -1.1631718e-01  -2.6786374e-01  -5.9997309e-02   2.7319801e-01  -3.3370189e-02   1.2075241e-01  -1.3779780e-01   8.2358701e-02   5.4387314e-01  -3.6528386e-02  -9.7632324e-02   1.4082718e-01  -1.2380542e-01   2.6420525e-01  -2.0478587e-01  -7.7063983e-04  -8.2598168e-02  -3.6590379e-02  -1.1086414e-01  -1.9958751e-01   1.0322054e-02  -2.6263181e-01  -3.7462259e-02  -7.3253561e-02   1.8447057e-01  -3.7057841e-02   3.1591912e-01   3.0814555e-01  -2.2520963e-01   5.7916391e-02   2.7185732e-01   3.7602776e-01  -1.8312813e-01  -1.1381037e-01  -9.9446842e-02  -3.6153475e-01  -1.5852928e-01  -6.2794870e-02  -1.7991949e-01  -1.1554203e-02  -2.4446166e-01   3.6780033e-01  -2.7848633e-02   4.5473192e-01  -1.6559988e-01  -2.0472739e-02  -2.2314357e-02  -3.5732316e-02   6.7998232e-02   9.3580988e-03  -2.6409161e-01  -1.9737803e-01  -1.7638168e-01   2.2038408e-01  -1.1340051e-02  -2.2496511e-01  -2.0452642e-01  -1.0380893e-01  -3.4015466e-01  -2.5897587e-01   7.3492713e-02   3.5326758e-01   2.1141102e-01   6.2979964e-02   7.0642144e-02  -8.9834756e-02  -1.8175087e-01  -7.8741570e-02  -8.5086705e-02  -3.7162306e-02   3.3290854e-01   4.6484663e-01   1.1871410e-02  -1.8593946e-01  -2.1263971e-01   3.2554916e-01  -7.1871088e-02  -2.8853550e-01  -2.0481687e-01   1.4312988e-01  -1.1616256e-01  -3.1560483e-01  -1.5916451e-01  -2.6454970e-01  -1.3199819e-01  -1.7593856e-01   2.2483617e-01   4.4856334e-02  -2.0338195e-01  -1.5124119e-01   2.0383080e-01  -1.2763246e-01   2.3978495e-01   3.2348945e-02   1.3323261e-01  -1.1166706e-01  -1.5779209e-02  -1.7891768e-01   1.5196363e-01  -9.3915135e-03  -1.5888483e-01  -2.4206413e-01  -4.0796450e-01  -6.0922043e-02   2.8844364e-01   5.3969868e-02   1.9884972e-02   3.2646462e-01  -1.9136153e-01   5.5867017e-01   1.9327082e-02   1.8639137e-01   1.1826509e-01  -1.6984414e-01  -4.7506216e-02   4.2227430e-02  -3.0544748e-01  -2.4220563e-01  -1.2831854e-01  -2.0619295e-01   2.4840775e-01  -2.6611785e-01  -5.0799109e-02  -1.3694079e-01  -1.3268712e-01  -1.2615967e-01  -1.7580502e-02   2.0045115e-01   1.2153033e-02  -1.3045704e-01   3.1518629e-01  -1.5154828e-01  -1.3167434e-01  -2.3093632e-01   2.7250724e-01  -1.2349717e-01  -1.6633085e-01  -1.1841344e-01
  -4.2707810e-02  -8.5473170e-02  -9.7219483e-02  -5.1699981e-02  -1.0197228e-01   1.8730694e-01  -3.4410941e-03   0.0000000e+00   4.8634095e-03  -1.6016748e-01   1.2408938e-01  -3.6192245e-01  -1.9009166e-01  -5.9252331e-02   9.8774463e-02   1.3825773e-01  -1.7252582e-01  -1.4506243e-01   1.2712203e-01  -5.0836386e-02  -1.8878949e-01  -1.7151776e-01  -8.9852351e-02  -6.1779267e-02   2.2492173e-02   1.4443617e-01  -4.4630249e-02   1.0708608e-01  -1.1777079e-01   1.2991148e-01  -2.3893987e-02  -1.7806767e-01   2.5603859e-01   6.9958746e-02  -1.0531588e-01  -2.9662025e-01  -5.5282703e-02   2.6389554e-01   7.2375515e-03  -9.8439442e-02  -1.1001626e-01   2.2920757e-01  -6.8833157e-02   2.2166337e-01  -7.3529770e-02   2.6950045e-02  -2.3073450e-01   1.0248114e-02   9.9543663e-03  -2.6492324e-02  -2.6598258e-01   6.7429486e-01   2.5184332e-01   4.0945880e-02  -1.3065218e-02   9.8264637e-02   1.4262018e-01  -1.6091223e-01   8.4969779e-03   2.0832729e-02   1.6019013e-01  -1.6348942e-01   8.7562348e-02   3.6441976e-01   3.0114484e-02  -1.6998759e-01   2.4322107e-01  -1.2094279e-02  -3.4158033e-02   2.7097050e-02   1.0194891e-01  -2.3631672e-02  -2.8945157e-02  -2.5549328e-01   3.5439266e-02   2.4699624e-01   3.3427154e-01   1.7811553e-01  -4.2634788e-02   5.5001569e-02   7.4788031e-02  -2.2408048e-03   2.1589105e-01   5.2338588e-01  -1.3791940e-01  -1.5080479e-01  -2.9708917e-02  -8.6877149e-02  -1.7265179e-01   6.2014848e-03  -8.6014181e-02   1.8414594e-01   1.3275420e-01   5.7659615e-02   1.1946847e-01  -1.6320228e-02   3.3410377e-02   1.8841552e-01  -6.9298527e-03  -1.8705711e-01  -1.9703235e-02   3.6833761e-01   6.5796285e-02   1.4891086e-02  -2.1511684e-01  -2.1176920e-01   1.1795020e-01   3.5628285e-01  -1.6791425e-01  -6.0661256e-02   2.9641004e-01  -2.5928950e-01  -5.5382944e-02  -1.3316010e-01   3.4748228e-02   2.3792900e-02  -2.2790105e-02  -1.0381343e-01  -7.6234108e-03  -1.2477683e-01   9.2868476e-02  -1.1905804e-01   2.2177319e-02  -1.6265183e-01  -1.2843131e-02  -2.4613090e-01  -9.8802060e-02  -4.4278852e-03  -3.0667444e-01  -1.5399949e-01   9.2417319e-03  -5.0008177e-02  -3.8420513e-02  -1.6075732e-01  -9.1255910e-02   1.7829436e-01  -1.3767300e-03   8.4417790e-02  -2.9880104e-02   2.2101767e-01  -4.3453514e-02  -5.7647268e-02   1.8398078e-01  -1.1072913e-01  -2.0656952e-01  -2.6030530e-01  -6.9607644e-03  -1.2795573e-01  -1.3727945e-01  -5.8282444e-02   3.6180936e-03   3.9991688e-01   3.9795445e-01   2.4026620e-01  -1.1758097e-01   1.2576526e-01  -1.2381803e-02  -6.4088652e-02   3.0922876e-01   1.0037261e-01  -1.1281105e-01   2.9959943e-01  -2.9719118e-01  -1.4194582e-01   3.8568321e-02  -1.4914894e-01   2.5834142e-01   2.4766437e-01   3.6964282e-01   2.8053517e-01  -9.9910180e-02   1.5611465e-02  -1.3721582e-01   1.7490029e-01  -1.6897719e-01   3.4905186e-01  -8.6335065e-02
  -6.6554112e-03   6.1475674e-01   1.8883119e-02   3.9443331e-01   4.1326841e-01  -2.6185513e-01  -7.6207688e-02   4.8634095e-03   0.0000000e+00   2.8882712e-01   1.6038643e-01  -1.8851238e-02   4.0680077e-02  -1.7893658e-01  -4.5241707e-01   4.0030100e-02   4.1516880e-02   4.8124749e-01   1.0200229e-01   2.4589969e-01   3.9287448e-02   2.1906714e-01  -3.1137528e-01  -1.1730830e-02   1.0332674e-01   2.5123085e-01   8.6430625e-02  -5.2887070e-01   8.1901516e-02   3.1337128e-01   7.1516881e-02   2.1070211e-01  -1.7221567e-01  -5.3388591e-01   4.8948763e-01   1.1453536e-01   3.6117932e-01  -3.8662087e-02   2.2090928e-01   1.2130536e-02  -9.8651999e-03   1.4776672e-01   3.7051969e-01  -1.1650524e-01   2.8306471e-01  -2.2730357e-01  -1.2061112e-01  -1.0262310e-01  -1.4138935e-03  -1.3755492e-01   2.0188879e-01   2.1283576e-01  -2.3499895e-01   6.6972535e-02   4.2142990e-01  -8.6830661e-03  -9.9284091e-02   1.2248773e-02   2.8866624e-01   5.0278177e-01   5.6721678e-02   4.2801601e-01   5.6652770e-01  -3.8352832e-02   6.7107099e-01   1.9737785e-01  -6.2358504e-02   3.3180680e-01  -1.4198383e-01  -3.9794937e-01   3.2751260e-02   5.3200456e-01   2.3994134e-02  -2.5762314e-01  -9.4387810e-02   2.9877805e-02  -3.0521873e-01   3.3089383e-01   4.9554420e-01   2.0731746e-01  -5.1398160e-01   9.9508408e-02  -1.8861074e-01   1.4737391e-01  -6.6071791e-02  -1.5801750e-01   5.7141725e-01  -2.8457724e-01   5.3223759e-01  -2.7432107e-02   5.6862129e-01  -2.4215097e-02   1.1601618e-01   7.5907037e-01   9.3842102e-02   4.5797483e-01   3.2228332e-01   1.1357529e-01   4.9645940e-01   1.5290024e-01  -4.0510536e-01  -1.5961435e-01  -3.5676484e-01   5.1422257e-01   2.9830800e-01   2.9040630e-01   2.2150996e-01   1.9621901e-01   3.0718902e-01  -2.0273037e-01  -1.0849507e-01  -4.7763108e-02   4.8593025e-01   2.1664070e-01  -4.4325231e-01   3.3167560e-01   2.3190254e-01   1.4385874e-01  -5.7824263e-01   4.9437085e-01   2.2220688e-01   3.0903584e-01   2.8979498e-01   7.4071377e-01  -5.1247888e-02  -2.8167186e-01   4.9406087e-01   1.6351598e-01   4.0047116e-01  -3.4732327e-01  -1.8938350e-01   9.7788623e-02   6.6732953e-02  -8.3491490e-02   5.7039357e-01  -3.2400276e-01   2.6554889e-01  -2.1731597e-01  -3.7059393e-01  -1.3913666e-01   4.4648796e-01   2.3875361e-01   1.7505969e-01  -4.5311913e-01   6.2104345e-02  -1.2926948e-01   2.1667346e-01   3.0200813e-01  -1.4013172e-01   1.3610841e-01  -5.6246490e-01  -4.2631486e-01   1.3515615e-01   4.1937346e-01   1.1033183e-01   2.2930558e-01   3.9047784e-01   3.0945409e-01   2.1042562e-01  -4.4028249e-01   3.3414744e-01   1.5830470e-01   3.3895447e-01   4.9047320e-01   3.3075595e-01  -4.8412359e-03   1.9973062e-01  -1.4364189e-01   8.6291790e-02   3.3746502e-01   4.5297508e-01  -2.4998488e-01   5.2665460e-01  -4.0617191e-01   1.5367099e-01  -1.2800966e-01   2.5437902e-01
   6.9312611e-02   1.5301029e-01   3.9800246e-01   2.4794002e-01   5.1473766e-01   1.3664899e-01   7.1218697e-02  -1.6016748e-01   2.8882712e-01   0.0000000e+00  -1.0994608e-01   2.0116834e-01   2.6589551e-01  -4.1170873e-01  -4.0960449e-01  -2.1831094e-02   2.0219282e-01   2.3346098e-01   1.8361581e-01   4.5946741e-01  -7.6356942e-02   2.3114722e-01  -1.5074440e-01   1.3809555e-02  -5.2636987e-02   3.1021941e-01   3.0183784e-01  -2.6102028e-01   9.9391787e-02  -2.6788254e-01  -4.3339165e-01   1.5338939e-01  -1.6002430e-01  -3.2322178e-01   2.3076361e-01   4.7890420e-01   9.9306151e-02  -1.2557578e-01   9.2073997e-02   1.5167830e-01   2.0143399e-01   1.1162071e-01   2.6334592e-01  -1.8754251e-01   4.8076795e-02   5.9300010e-02   1.3512508e-01  -3.2872533e-01  -3.5353286e-01   6.9103314e-02   2.0054880e-01   2.2163041e-01  -4.7583436e-01   3.0421399e-02  -1.7980222e-01   3.4788885e-02  -1.1896111e-01   7.7254450e-02   1.8677226e-01   2.5785693e-01   1.5278690e-01   2.5383107e-01   1.6511336e-01  -4.8283794e-01   1.3417317e-02   4.4310453e-01   1.4396285e-01   2.3587141e-02   1.6021582e-01  -8.1753204e-02  -2.4425734e-01   2.0319012e-01   3.8719999e-02   1.1398534e-01  -6.8523537e-02  -1.5838844e-01  -1.9263411e-01   1.5265140e-01   3.1079309e-01   4.1787013e-02  -2.3693261e-01   5.7436398e-02  -1.4014080e-01   1.6152764e-03  -3.8190306e-02  -5.1572139e-02  -9.3420822e-02  -1.2405566e-01   2.4087347e-01   1.1629624e-01   3.4215282e-01   1.8580601e-01   3.1696743e-01   2.2263760e-01   3.7085967e-02   4.4518652e-01   1.1892857e-01   2.4711123e-01   1.7497830e-01   4.0879531e-03  -4.7655417e-01  -1.2454121e-01  -4.7755147e-01  -9.3107432e-02   3.1149857e-01   2.4638764e-01   1.3617120e-01   2.3281533e-01   2.7584880e-01   2.4725926e-01   1.4200186e-01   4.3130010e-02   1.7911401e-01   2.8453602e-01  -2.6888265e-01   3.0131460e-04   1.7883399e-01   2.4319431e-01  -1.9983784e-01   2.6686481e-01   2.1097737e-01   5.1875430e-01   4.4435669e-02   1.9256869e-01   8.4203089e-02  -1.6623201e-01   2.4564073e-01  -3.3988929e-02   3.9540918e-01  -1.4777793e-01  -9.7688674e-02  -1.5238612e-01  -7.1250866e-02  -3.6327467e-01   3.0983656e-01  -2.8955468e-01   1.6035776e-01  -3.9660104e-01  -3.1614028e-01  -4.2396813e-02   1.1744088e-01   2.0785355e-01   9.5832210e-02   4.6471131e-02  -9.8246559e-02  -3.0547560e-01   2.6934649e-01   3.0626629e-01   4.7846987e-01  -1.0646631e-01  -2.6623647e-01  -3.0651647e-01  -5.0974896e-02  -4.0352330e-02   1.4170562e-01   4.1387885e-02   3.0723153e-01   2.4301047e-01   2.0187137e-01  -3.5934206e-01   6.3022469e-02  -9.9157053e-02   6.2159589e-01   2.8124835e-01   2.3485828e-01  -9.5810698e-02   7.9569731e-02   4.3002153e-02  -2.8646472e-02   9.2905483e-02   2.4236301e-01  -1.1525951e-01   2.6064807e-01  -4.5827612e-02   3.0925306e-01  -2.1218885e-01   3.2032338e-01
   7.5109914e-02   1.6139014e-01  -3.1563374e-01   1.1599035e-01  -4.6401878e-02   1.2254161e-01   1.0022337e-01   1.2408938e-01   1.6038643e-01  -1.0994608e-01   0.0000000e+00   1.6894106e-01  -8.3846595e-02   1.5139497e-02   3.4428255e-01   2.0181394e-01  -3.8807066e-01   3.9460592e-01  -3.5748423e-02  -4.6263569e-02   2.4325151e-01   1.2524808e-01   1.2857691e-01  -2.8410504e-02  -2.8077895e-02   3.8275119e-02  -1.3312248e-01   1.0600702e-01  -2.9701594e-01   4.6186851e-01   2.9153996e-01   7.0009336e-02   3.7984894e-02  -5.8298706e-02  -3.5557349e-01   1.4629963e-01   9.2000297e-02  -1.1079607e-01   1.0916491e-01  -4.3905545e-01   2.4381786e-01   3.0370626e-02  -2.7455656e-01   3.7140895e-01   2.1885030e-01  -6.8461929e-02   5.0534500e-01   1.4876668e-01   1.0703594e-01  -4.1374758e-01   3.9084767e-01   9.9819768e-02   1.5203485e-01  -1.3914503e-01   7.0915892e-02   2.8633682e-01   1.2503073e-01   1.1355316e-01   3.6541229e-01   2.4709078e-01  -1.5163721e-01   9.3996868e-02  -2.1747786e-01   4.4180745e-01   1.5160144e-01   3.7968410e-01   1.5112312e-01  -2.8557429e-02   3.0540380e-01  -3.5857883e-02  -1.1764767e-01  -2.8238288e-02   2.4532350e-01  -6.6381199e-03  -2.5854331e-01   1.2045649e-01  -3.0647529e-02   1.7650012e-01  -7.8353635e-02  -1.9045556e-01   1.7737185e-01   1.5075943e-01   2.7150969e-01   9.8108737e-02  -3.5945041e-01   7.1520064e-02  -1.6186318e-01  -3.5892796e-01  -1.6961189e-01   1.2460702e-01   7.7835261e-02  -3.2663718e-01  -3.0769323e-01   1.5175594e-01  -3.5517104e-02  -1.0406531e-01   2.0226324e-02   4.9854169e-02  -1.6307934e-01  -2.1814074e-01  -3.7482050e-02   3.3700336e-01   3.1466873e-01   3.1339102e-01   1.7943912e-01   1.1100143e-01  -2.0904419e-01   1.7769807e-01   5.9477298e-02   2.0757205e-01  -9.7672489e-02   3.4692916e-01  -1.6769589e-01   1.0281094e-01  -1.6537355e-01  -1.6224332e-02   4.7939684e-02   2.4305931e-01   2.2264852e-02  -5.2356611e-02   6.4379281e-02  -1.9249534e-01  -2.2210703e-01   1.5037761e-01   1.7666818e-01  -2.1831439e-01   2.7099218e-01  -2.2189277e-01  -8.1234553e-02  -1.5295929e-01   6.1665668e-02   3.5973350e-01   2.6921599e-01   2.6949412e-01  -1.6331734e-01  -1.5618529e-02  -7.7121186e-02   1.4527230e-01  -1.2944793e-02  -9.0442252e-02   5.4566718e-02  -1.0244390e-01   5.2997426e-01  -1.1949816e-01   2.6704195e-01   2.9836845e-01  -3.7587919e-01   5.0424494e-01   6.2460654e-02  -7.7185324e-02  -3.1599084e-01   2.1133581e-01  -1.9836524e-02   4.5250617e-01  -3.1501392e-01   7.9946756e-02   3.7315539e-02   2.2244775e-01  -1.2660617e-01   1.8574226e-01  -1.8972546e-01   6.1954679e-01  -6.1060650e-02   2.6997649e-01   2.0441754e-01  -1.9561947e-01   2.6777694e-01   7.9649654e-02  -2.3975858e-03   6.2332297e-02  -2.1152072e-01   3.7645881e-02  -5.4693200e-02   3.3385885e-01  -9.5792114e-02  -1.1657993e-01   2.9382817e-02
   1.8642220e-01   1.7209428e-01   5.0330042e-02   1.0385585e-01   2.1462740e-01   1.8194065e-01   1.0938743e-01  -3.6192245e-01  -1.8851238e-02   2.0116834e-01   1.6894106e-01   0.0000000e+00   1.8180954e-01  -1.9485938e-01   1.8426651e-01  -1.2079610e-01  -1.7985056e-02   2.3851336e-01  -1.4009695e-02   3.2386332e-01  -7.2829387e-02   4.7255966e-01   1.3639496e-01  -2.9595033e-02  -3.6194071e-01  -4.1179537e-02  -5.7687875e-02   2.1192620e-04  -2.7774374e-02  -6.2474353e-02   4.4057598e-02   2.5173344e-01  -4.0589643e-01  -2.9759569e-01  -1.7639496e-01   4.9892263e-01   1.6659842e-02  -2.8004225e-01  -3.6112673e-02  -4.1151768e-01   2.2290684e-01  -2.1697530e-01   1.6945063e-02  -8.4666361e-02   2.4176013e-01   3.3701589e-02   5.6474475e-01  -3.6196661e-01  -1.6557636e-01  -3.2217844e-01   4.1423458e-01  -2.2882215e-01  -5.9511573e-01  -2.7418517e-01  -1.7714541e-01   1.7190796e-01  -1.3185176e-01   3.5674473e-01   1.5813728e-01   3.8958319e-01  -1.2718938e-01   1.1800834e-01  -8.2297255e-02  -3.0746819e-01  -9.0909016e-02   5.4847204e-01   1.1148020e-01  -3.7617651e-01   3.5746277e-01   8.6185964e-02  -5.2338919e-01  -1.2049981e-01   9.8325383e-02   6.1715586e-01  -2.3829646e-01   9.9415739e-02  -2.4380453e-01  -5.9146724e-02   9.9275044e-02  -2.7828693e-01   9.9059817e-02  -4.3519721e-03  -1.6245044e-01  -1.8046317e-01   1.4890511e-02   3.0094257e-01  -3.5568160e-01  -9.4213018e-02  -1.8268406e-01   3.0991557e-01   1.6698273e-01  -2.3658890e-01  -1.3311228e-01   3.1214186e-02  -1.4530941e-01   4.6501954e-02  -1.6786823e-01  -4.7326428e-02  -2.5152474e-01  -2.9554116e-01  -3.4244815e-01   1.0305807e-01  -6.4373577e-02   1.9386715e-01   3.3873484e-01   3.7809073e-01  -1.5162630e-01   2.2583315e-02   1.0543965e-01   3.0681452e-01  -1.7309140e-01   5.8322296e-01  -1.8705893e-01   3.7933011e-01  -3.4533504e-01   4.3259800e-02   4.4911957e-02   2.4210381e-01   9.3959456e-02   4.5312864e-02  -1.0633033e-01   1.9771485e-01  -8.3947121e-02   1.0767944e-01   2.3040131e-01   1.5571791e-01   4.0114024e-01  -3.5244637e-02   2.9165013e-01  -2.6789535e-02   1.4758249e-02   8.1446949e-02   4.1448788e-01  -4.7061910e-02  -9.7042920e-02   7.7276932e-02  -1.8530363e-01  -4.2016803e-01   1.0582653e-01  -1.3249670e-01  -1.2965456e-01  -5.6556647e-02   2.1682587e-01   2.9907680e-01   3.6442051e-01   8.3514411e-02  -2.4906881e-01   4.1426267e-01   3.8239411e-01  -3.0949688e-01  -1.7165829e-01  -8.0227726e-02  -3.0695411e-01  -2.4408868e-01  -1.0911359e-01  -1.8160704e-01  -6.7226486e-02   2.9609866e-01  -3.3050682e-01   3.1946324e-02  -1.6092486e-01   5.6972829e-03   2.3292233e-01   2.7461517e-01   1.4797011e-01   6.6749579e-02  -1.2669261e-01   6.6900356e-02  -2.4366729e-01  -2.2688822e-01   1.0708438e-01   9.3861209e-02  -1.0084708e-01   2.8190208e-01   8.1561797e-02  -5.7501266e-01   4.3668362e-01
   2.8398673e-01  -1.6481758e-01   2.9644721e-01   2.2555303e-01   3.2328184e-01  -1.8134637e-01  -3.3541031e-01  -1.9009166e-01   4.0680077e-02   2.6589551e-01  -8.3846595e-02   1.8180954e-01   0.0000000e+00  -1.3777120e-01  -1.1766388e-01   9.0035066e-02   3.1677486e-01   1.6537018e-01   9.7309328e-02   1.7494120e-01   4.2474066e-02   3.4783726e-01   2.6121160e-02  -6.2616245e-02   1.4783477e-01   2.5110687e-01   3.1548861e-01  -5.3912219e-02   7.4854143e-05  -2.2932146e-01  -2.5095318e-01   2.8927426e-01  -7.9074743e-02  -1.2899416e-01  -1.0688679e-01   4.6374177e-01   1.3630944e-01  -5.5714804e-02   2.8694548e-01   1.6338713e-01   7.1846929e-01   1.9221127e-01   1.7186537e-02  -1.5542946e-01   4.8254778e-02   1.8547616e-01   3.1759175e-01  -4.0759567e-01   2.1790109e-02  -5.4544576e-02   1.9765240e-01   2.2226790e-02  -2.8025286e-01   1.8089723e-01  -1.5576714e-01  -6.7771376e-03  -1.1980393e-01   3.3194649e-01   2.2263168e-01   8.9828586e-02   2.0814327e-01   2.4575059e-01   1.4057217e-02  -4.6798559e-01  -4.2947830e-02  -6.7918451e-02  -1.1920478e-01   4.5123889e-02   2.9556630e-01   2.6842089e-03  -3.2319614e-01   2.9920971e-01   3.5039989e-01   3.0302254e-01   2.8491431e-01  -7.7732535e-02  -8.7835648e-02   9.1284864e-02  -8.8667198e-02   2.3988619e-01  -1.1948351e-01   2.5616189e-01  -2.9745930e-01  -5.7373282e-02   2.1162256e-01   1.5765075e-01  -1.7152537e-01   7.5720363e-02   1.0320850e-01   2.6855479e-01   1.2205557e-01   2.2038005e-01  -1.7667934e-01   6.5840550e-02   1.2251574e-01   1.9405570e-01   2.9044664e-01   2.7689348e-01   2.1339061e-01   5.6823446e-02  -2.8173147e-01  -3.1803565e-01  -1.8617089e-01  -4.8930456e-02   3.0664744e-01   3.5507739e-01   9.3651751e-02   1.7009236e-01   1.9173823e-01   8.1228422e-02  -3.7533248e-01   2.0445080e-01   2.9347294e-01   3.3353834e-01  -1.3229489e-01  -6.7202605e-02   2.1592456e-01   5.6981192e-01  -8.0521462e-02   2.7177279e-01  -7.7781943e-02   1.3554949e-01  -1.9814586e-01   5.9391567e-02   2.0268906e-01   2.8487134e-02   6.3839617e-02   3.1365678e-01   3.8051463e-01   9.9140899e-03   2.7739748e-01  -2.5090589e-01   2.1645410e-02  -2.1703129e-02   1.9345074e-01  -2.0055092e-01   3.2233661e-01  -1.8647976e-01   3.7779700e-02   3.9312407e-02   2.3512147e-01   5.8394355e-01   9.6327608e-02  -1.5543203e-01   7.5661728e-02   4.3340591e-02  -1.3640543e-01   1.6089668e-01   1.2204965e-02  -5.0007330e-02  -6.4419456e-02  -2.1040669e-01  -7.8088615e-02  -1.6692796e-01  -8.3878706e-02   6.1270842e-02   2.7931916e-01   2.5627088e-01   2.2368081e-01  -1.0978086e-01   1.0511760e-01  -1.3633913e-01   4.5603168e-01   2.2519556e-01   2.8328213e-01  -1.1406196e-01  -2.9145279e-01   5.2066487e-02  -2.0069885e-02  -3.4738662e-01  -1.7759734e-02  -3.0605477e-02   2.8108308e-01  -2.6675076e-01   2.8783516e-01  -1.4101027e-01   3.3783160e-01
  -1.8511422e-01  -1.2131562e-01  -2.0523977e-01   8.9927880e-02  -4.5835768e-01  -9.5157536e-02   1.8021338e-01  -5.9252331e-02  -1.7893658e-01  -4.1170873e-01   1.5139497e-02  -1.9485938e-01  -1.3777120e-01   0.0000000e+00   4.3080955e-01   1.8429918e-02  -1.0157093e-01   1.1561078e-01  -8.0069250e-02  -5.0662931e-01   4.4065998e-01   7.9050892e-02   3.0518785e-01  -1.7767527e-02   1.4538207e-02  -1.1276911e-01  -2.7268867e-01   4.4750343e-01   8.3481717e-03   3.0605950e-01   4.4315518e-01   2.7462352e-03   2.7611307e-02   5.6137615e-01  -2.8508381e-01  -2.4292269e-01   1.2626579e-01  -2.6074153e-01  -1.6337262e-03  -3.7865020e-02  -1.6879957e-01   2.1864898e-02   2.1720921e-02   2.0065285e-01   1.8763659e-01  -7.2120079e-02  -6.5310003e-02   5.1350893e-01   4.5518842e-01  -1.5532135e-01   1.7866595e-01  -2.7228406e-01   4.8088467e-01   1.9927797e-01   3.4795113e-01   2.5721810e-02  -1.7155181e-01   1.3462268e-01  -1.8533856e-01  -1.9798194e-01  -2.4145796e-01   1.1671300e-03  -1.3718366e-01   2.4340084e-01   9.1278355e-04  -4.0857275e-01  -1.9731045e-01   3.8184566e-02  -3.1370930e-02   2.9838906e-01   3.9951634e-01   1.1935431e-01  -1.2846611e-01   2.7535994e-02   8.4990835e-02  -1.0002383e-01  -2.2119963e-01  -1.7134906e-01  -5.1854782e-01   9.7464564e-02   4.5866972e-01  -1.2358177e-01   1.7653944e-01  -1.3874981e-02   1.1445746e-01   8.5760502e-02   2.3594329e-01   3.9964955e-01  -5.1086118e-02  -1.3626911e-01  -5.7030559e-01  -1.4426765e-01  -4.4015818e-01  -2.1901269e-01  -3.3946689e-01  -5.0271135e-01   8.6688997e-02  -1.8352071e-01  -1.0434989e-01   3.9559929e-01   7.6743433e-01  -1.1292118e-01   5.8167904e-01   1.3452706e-01   5.2257459e-02   6.2603879e-02   5.5796060e-02  -1.3962381e-01  -1.4735829e-01  -2.4635279e-01  -1.1088427e-01   7.0768994e-02   6.4410166e-02  -2.6649370e-01   6.2603009e-01  -2.9828495e-01  -4.4298954e-02  -2.9209469e-01   3.4216800e-01   9.7065467e-02  -2.5952973e-01  -6.4117201e-01  -2.0621664e-01  -9.5248646e-02  -2.6569913e-01   6.1944472e-01  -2.5707380e-01   1.5066223e-01   7.5105307e-04   2.8768768e-01  -9.0009828e-02   5.4969778e-03   2.6411286e-02   5.7342176e-01   4.6782975e-02   9.6115410e-02   6.4204456e-02   7.3103542e-01   1.9346756e-01  -1.6908428e-01   1.4642026e-01  -3.3915117e-03  -8.9581109e-02  -1.0025856e-01   2.2191418e-01   4.8720274e-01  -1.5754600e-01  -4.9069715e-01  -1.9711300e-01   4.6592683e-01   4.9850715e-01   2.8584441e-01  -2.3815005e-02  -2.0467211e-01  -2.2552982e-01  -6.4835669e-02  -1.8645654e-01  -2.0260113e-01  -1.2928161e-01   4.9199490e-01  -2.4467654e-01  -5.9221733e-02  -3.7571506e-01   3.0397716e-02  -7.0313117e-02  -2.2020231e-01  -3.5428521e-01  -1.4797766e-01  -5.9407765e-04  -3.3883361e-01  -4.8488272e-01  -3.0400081e-01   4.3508940e-02  -1.3565659e-01  -1.6930961e-01  -9.6416005e-03  -1.5605828e-01
