   0.0000000e+00  -3.4991060e-02  -2.8608634e-01   2.1053694e-01  -3.9944868e-01  -4.8415319e-01  -3.8569944e-01   4.4393099e-01   2.3776445e-01  -3.4907852e-01  -1.2209360e-02  -1.0762669e-01   2.3069494e-01   6.3821698e-01  -4.4092490e-01  -5.9957922e-01  -4.1357831e-01  -1.3290020e-01  -3.2975949e-02  -4.9926164e-01  -3.3642716e-01   4.8929387e-01  -2.8397385e-01   3.7146127e-01   3.7000769e-01   4.1897349e-01  -6.2412602e-01   4.4570968e-01  -6.1709242e-02   2.3132061e-01  -1.5607402e-01   3.6047870e-01  -3.3288042e-01  -5.8925864e-01  -4.6035128e-01  -4.7495112e-01  -3.5600560e-01   2.6879837e-01  -6.9658714e-01  -7.0843392e-01  -9.3224893e-02  -2.7059399e-01   2.3086767e-01   3.1818175e-01   3.3477020e-02   4.7405766e-01  -3.0136153e-01  -4.8621038e-01   7.7282876e-02  -6.9847481e-01  -5.0350615e-03   3.4649041e-01  -3.5005165e-01  -2.1790530e-01   3.4834202e-01   2.3546537e-01  -2.4302159e-02   4.8367828e-01  -3.5295167e-01   4.5538786e-01   9.8175366e-02   7.3852735e-02   2.1911739e-01   1.8204046e-01   1.1728092e-01  -2.2653805e-01  -5.2244063e-01   2.9906165e-01  -9.2486876e-02   7.3688055e-02  -5.2736759e-01   2.8924230e-01  -4.4385626e-01   6.9314441e-01   2.1118035e-01   4.1787838e-01   1.8849636e-01   2.9137703e-01  -1.6136871e-01  -1.8419350e-01   6.3964018e-02  -4.5757404e-01  -5.8585856e-01   4.4328552e-01   6.7561285e-01   4.7189922e-01  -3.7359341e-01   4.1496119e-01  -1.4012839e-01   8.5441838e-01   1.5789925e-01   8.9221884e-02  -4.6370156e-01   5.1815795e-01   1.5443590e-01  -5.7158324e-01   4.3217478e-02   1.3411593e-01  -2.4470510e-01  -5.2699944e-01   4.7429651e-02   5.8773756e-02   3.0473297e-01   4.0432063e-01   2.3412320e-01   3.9298037e-01  -3.8752044e-01   1.6931187e-01  -3.0329913e-01  -5.0449956e-01  -4.0976416e-01   3.0773051e-01   1.6579758e-01   9.0640088e-01   3.3291808e-01  -1.8853827e-01   7.5244172e-02  -2.5533610e-01   9.3954153e-02   7.1112334e-02   6.1025138e-01  -2.7851334e-01  -1.4767799e-02   1.6489484e-01   3.3481208e-01   6.6707707e-01   2.1292405e-01  -1.1078180e-01   5.5394736e-01  -1.7177295e-01  -5.2439001e-01  -4.7581420e-01   6.9434713e-01  -4.0297694e-01   4.4165868e-01   5.0387341e-01   1.2272244e-01  -1.2534755e-01   4.0989646e-01   7.6671285e-01   8.9926073e-01  -6.9717344e-02   1.2768961e-01  -2.6953254e-01  -3.1779438e-01   1.8385492e-01  -5.8504906e-01  -1.6433957e-01  -3.1591405e-01  -3.9789411e-01   7.3370346e-01   2.4626788e-01   5.8557369e-01   4.4067139e-02  -6.0196843e-01   5.8466467e-01   7.5846042e-01  -4.1939306e-01   2.2186638e-01   2.4530843e-01   9.8375645e-02   2.6460414e-01  -2.9084659e-01   3.0133851e-01   4.2343823e-01  -3.3552706e-01  -1.5777197e-01   4.9658551e-01   7.0833145e-01  -5.8547606e-01  -1.9453358e-01  -4.1011234e-01   2.6950167e-01  -3.5658094e-01   3.6442776e-01  -3.5430401e-01   3.7832825e-01
  -3.4991060e-02   0.0000000e+00   1.3333388e-01  -3.0604359e-01   4.2816076e-01  -3.7333124e-01  -3.3433657e-01   5.2780668e-02   7.0325193e-01   1.3265222e-01  -6.4993435e-01   3.4011710e-01  -2.2728209e-01  -7.8917644e-02  -5.3574776e-01   2.2021514e-03   1.3033946e-01  -4.4792899e-01   2.0532829e-01  -8.9754696e-02  -5.0616838e-01  -3.2994973e-01  -6.8690778e-01   1.1648108e-01   1.0148513e-01   3.7058573e-02   3.5890860e-01  -3.3678567e-01   1.2142849e-01   8.0396150e-02  -2.9093006e-01  -1.8391856e-01   1.2120023e-01  -1.0274746e-01   5.4002297e-02  -2.6231504e-01   2.0335439e-01   2.5971019e-01   3.1016369e-02   2.5342972e-01  -1.3062627e-01  -3.8496306e-02  -6.8653440e-03  -4.9444295e-02  -1.8237871e-01   1.8377413e-01  -3.6092539e-01   7.2623329e-02   1.5802702e-01   3.1661053e-01  -6.0100364e-01  -1.2788784e-02   6.1085556e-01   4.4062258e-02  -1.0531739e-01  -2.3004787e-01  -2.6873683e-01  -2.6094136e-01  -1.7863314e-01  -1.3428182e-01   7.2153540e-02  -2.1697667e-01   6.0353179e-01   2.6504889e-01   5.1940077e-01  -3.4081622e-01  -2.5831150e-02   2.5630018e-01  -3.1384659e-01   5.8204637e-02   3.9426716e-01  -4.5292618e-01  -2.3944498e-02   1.3926913e-01   2.5179613e-01   3.0192362e-02   1.9904548e-01   4.6016541e-02   5.7311675e-01  -1.9808509e-03  -6.6397142e-01  -6.7327380e-02  -1.1700733e-01  -1.5712156e-01   1.4124358e-01  -2.1488586e-01  -1.2482497e-02  -8.0503914e-03   5.7091279e-01   6.2845043e-02   6.7582438e-01   1.0503824e-01   2.9374136e-01   3.6953386e-01   2.4194378e-01  -8.5993836e-02  -1.1869717e-01  -6.9029670e-04  -1.2812041e-01  -2.7576300e-01  -1.3036660e-01  -5.1518923e-01  -3.3317948e-01   4.5998920e-01  -5.5785220e-01  -1.7907821e-01   1.4251561e-01  -1.4515914e-01  -2.0466870e-01  -2.0943525e-01  -4.3848897e-01  -3.0421543e-01  -3.1212097e-01   1.1914594e-01  -3.8363503e-01   7.9220326e-01  -1.2139770e-01  -1.8366504e-01  -9.2992296e-02  -2.6520094e-01  -6.3964992e-02   3.3651287e-01   2.1679338e-01   2.3078347e-01   2.1919266e-01   4.9720777e-02  -3.1223389e-01   1.6121235e-01  -1.1629632e-01   1.3271832e-01  -3.3825614e-02  -1.7111193e-01   4.6677731e-02  -3.4038697e-01  -2.2463960e-01   1.5763079e-01   9.8707656e-02  -2.9399464e-01  -1.1570761e-01   4.8595636e-02   5.4445669e-02   1.5131724e-02  -2.4804402e-01  -2.4152667e-01  -6.7951543e-01  -3.6558634e-01   2.8893189e-01  -1.1016024e-01  -4.4747677e-01  -9.9034822e-02   3.3417372e-02  -3.3339073e-01   1.4172483e-02   2.2034657e-01   4.6190058e-01   2.3711640e-01  -2.0527948e-02  -2.1713943e-01   3.6984628e-02  -3.9769682e-01  -1.4200415e-01  -1.9854726e-01  -1.9617593e-01  -3.1493764e-01  -8.7466385e-02   5.9928962e-01  -1.9055570e-01   4.4019959e-02  -9.0587963e-02   2.3843733e-01   4.3252091e-01   3.8221273e-02  -9.7843213e-02   1.8215983e-01   5.9776864e-03   5.3282977e-02  -8.6428452e-02
  -2.8608634e-01   1.3333388e-01   0.0000000e+00  -7.0253305e-02   2.5350555e-01   2.3415312e-01  -3.3087310e-02  -1.1688721e-01  -1.9397056e-01   1.0538598e-01  -3.5321397e-01   2.3678577e-01  -8.7731120e-02  -1.6272195e-01  -2.9148460e-02   2.8889987e-01   8.1935654e-01  -3.8231744e-01   6.9922654e-03   3.0564465e-01  -3.2499981e-01  -1.2563889e-01  -2.4524620e-01  -3.3650282e-01  -5.4413142e-02   3.1963728e-02   3.2663727e-01  -3.7894663e-01   1.2733212e-01  -3.3344581e-01  -2.6183242e-01  -2.3873985e-01   3.6090814e-01   2.2619182e-01   8.1094906e-02   5.0238556e-02   2.7736041e-01   2.0512391e-01   2.0375412e-01   4.0652361e-01  -6.5609165e-02   4.4318435e-01  -6.0526799e-02  -1.8638310e-01  -2.8694040e-01   7.7802323e-02  -1.0372420e-01  -2.1101183e-02  -2.8133406e-02   5.9261685e-01  -2.6888334e-01  -8.7043236e-02   3.9099287e-02   3.1340812e-01  -1.7710951e-01  -1.9569526e-01  -9.2366020e-02  -7.3985227e-02  -2.1211944e-01  -1.6555693e-01   3.8580379e-01  -9.1917690e-02  -3.3978733e-02  -3.7890231e-01  -3.9346946e-01  -2.3505898e-01   3.3741771e-01  -2.0200164e-01   1.0130592e-01   4.3174425e-01   4.0166964e-01  -3.3715085e-01  -2.3656189e-03  -3.2180710e-01   3.4882135e-02  -1.1036956e-01   2.9846360e-01  -1.8122208e-01  -1.6040526e-01  -1.0099694e-01  -2.3530150e-01   3.4866141e-03   2.4005775e-01  -3.2000421e-02  -3.9518360e-02  -3.9282609e-01   5.5516870e-02  -3.8769797e-01   2.3037320e-01  -1.8574414e-01  -1.0694565e-01   6.6504429e-01   3.9597098e-01  -1.5851206e-01   3.3987984e-01   3.1531946e-01  -6.8452775e-02  -7.0461470e-02  -3.0794908e-02  -6.1279384e-03   3.0664278e-02  -2.4449927e-01  -1.0364519e-01  -4.0663863e-01  -3.0584589e-01   5.2861992e-02   5.5430681e-01   9.2322950e-03   1.6063487e-01   2.0785137e-02   1.0028843e-01  -8.7350067e-02  -2.0315894e-01  -1.5909532e-01  -1.9269642e-01   1.3742063e-01  -1.2578648e-01  -9.2983740e-02   1.7696990e-01  -1.1569766e-01  -2.3027758e-01   3.5480531e-01   4.0728884e-02  -4.6767106e-01   3.3443199e-01  -2.7377642e-01  -4.1320456e-01   3.9765452e-01  -1.3838490e-01   6.3161675e-01   1.4881220e-01  -9.6212941e-02  -2.5881443e-01  -2.3615605e-01  -1.6768676e-01  -1.9600032e-01   1.8341412e-01  -1.2816142e-01  -1.2288897e-01  -2.8463584e-01  -2.3540202e-01   8.9859692e-02  -1.5826311e-01   2.5154025e-01  -1.4202104e-01  -2.5162575e-01   4.8139958e-01  -4.1668442e-01  -1.4261035e-01  -1.2748725e-01  -2.2527174e-01  -1.8082997e-01  -4.2905838e-02  -2.0528844e-01   5.5913681e-01  -2.6870483e-01  -2.7159409e-01  -2.1764948e-01   4.6226949e-01  -2.9664048e-01  -1.7529393e-01  -2.5035680e-01  -1.3506885e-01  -2.4684953e-01  -5.1319189e-02   1.0156037e-01  -1.2368641e-02  -1.8126516e-01  -2.0487039e-01   3.9553972e-01   3.9078359e-02   8.1623491e-02  -4.4158276e-01   5.6309261e-01  -2.4600913e-01   3.4075456e-01  -1.4994313e-01
   2.1053694e-01  -3.0604359e-01  -7.0253305e-02   0.0000000e+00   1.8175732e-03   2.0558319e-01   2.2257455e-01  -7.4722294e-02  -2.1868036e-01  -1.3103345e-01   1.5437489e-01  -4.3840251e-02   1.1835512e-01   2.8908808e-01   1.8848354e-02   1.9431866e-01  -8.6190046e-02   3.4519848e-01   9.1625913e-03   1.2370448e-01   1.6808977e-01   5.8220963e-01   1.5657231e-01  -2.7791647e-01   1.5782405e-01   8.0329276e-02  -2.0289699e-02   1.1217159e-01  -2.1513213e-01   3.6705203e-01  -2.6982304e-01   1.2979757e-01  -8.5814503e-02  -9.7555019e-02   2.7059189e-02   1.6915755e-01  -3.0246798e-01  -9.8339627e-02  -4.2400437e-02  -2.2577404e-01   7.2884206e-02   1.2590453e-02  -5.9555086e-02   1.2335759e-01   3.0143378e-01  -2.6766054e-02   3.6320050e-01  -1.7515114e-01   1.3024086e-01  -2.1411185e-01   3.9322113e-01  -5.4610031e-02  -4.5783417e-01   2.7219907e-03   7.5796804e-02   2.6156188e-01   1.5611683e-01   2.6464134e-01   1.9835665e-01   1.4726030e-01  -8.5909346e-02   4.2243379e-01  -2.0921812e-01  -3.0852240e-01  -8.5950079e-02   1.9873818e-01   5.8000209e-02   1.6447199e-01   3.9477319e-01   7.5590679e-02  -3.0869247e-01   5.3848314e-01   6.7999413e-02  -3.9608906e-02  -4.2373791e-02  -1.0866040e-01  -1.2915835e-01   2.2014339e-01  -4.2449753e-02   1.5287562e-01   1.6176967e-01   3.4373641e-02  -3.2002313e-01   1.2521664e-01   5.6648518e-02  -6.0324898e-02  -1.1050039e-01  -4.1576002e-03  -2.2177720e-01   6.5880182e-02  -9.9702329e-02  -1.2919322e-01  -2.7980096e-01  -6.1348132e-02  -1.0459916e-01   1.6510876e-02   4.1422147e-01   4.5759693e-02   3.9687057e-01  -5.2721972e-02  -1.7459412e-01   1.2736311e-01   4.1759441e-01   4.1047148e-02   4.0890600e-01   3.1768822e-01  -1.0731128e-01   2.2864047e-01  -4.1297882e-03  -1.8987831e-01  -1.8701554e-03   6.1507679e-01   5.1818282e-01   1.6238864e-01   9.9165231e-02  -2.3808150e-01   1.4407317e-01   6.2735435e-02   3.4484916e-02   5.3031683e-01   1.5762488e-03  -9.2716099e-03   1.5807362e-01  -1.0404689e-01  -8.9415748e-02   3.4570497e-02   3.9492318e-01   8.8085611e-02   3.1745219e-01  -9.5177212e-03   9.6442772e-02  -2.1173761e-01   5.3238227e-02  -2.4199202e-01   3.2257127e-01  -1.0587846e-01   2.0159073e-01  -1.8664139e-01   2.3513760e-02   9.5122529e-02   1.5653701e-01  -1.9129821e-02   1.9503150e-01   1.1047515e-01   2.5544940e-02   2.9889490e-01  -1.8338739e-01   3.2633253e-02   1.3523349e-01  -4.3315762e-01   2.2095247e-02   9.7782655e-02  -1.1776284e-02  -3.1578752e-01  -1.2711446e-01  -3.5012595e-03   1.9768778e-01   1.1326032e-01  -1.0989202e-01   2.2055338e-01   2.9587988e-01   1.5743581e-01  -2.1484818e-01   4.8485934e-01   1.1764710e-01  -2.3927178e-01   7.8293730e-02   6.6504718e-02   2.1493166e-01  -3.1222935e-01  -3.4547730e-02  -1.6548334e-01   2.5410218e-01  -1.0096093e-01   5.0518196e-02  -2.6572614e-02   2.0190252e-01
  -3.9944868e-01   4.2816076e-01   2.5350555e-01   1.8175732e-03   0.0000000e+00   1.5943777e-01   2.3009306e-01  -4.6167997e-01   7.1453642e-02   2.9925124e-01  -1.7603653e-01   3.4505821e-01  -1.0952928e-01  -3.1837448e-01  -5.3711243e-02   5.1776537e-01   2.6795033e-01  -1.1340201e-02  -1.0230912e-01   6.5526846e-01   1.3215942e-01  -4.3862486e-01  -1.5721722e-01  -3.8844416e-01  -1.8452226e-01  -3.0523547e-01   7.0385049e-01  -5.2016302e-01  -6.4113768e-02   1.5916692e-01  -3.7241642e-01  -3.4261330e-01   2.3888864e-01   2.6010105e-01   3.3251945e-01   5.4567150e-01   3.2217370e-01  -1.0587502e-01   5.2834677e-01   4.3463944e-01   2.4039181e-01   2.0390891e-01  -1.4196744e-01  -3.7496387e-01   2.2857969e-01  -1.7380702e-01   4.1295933e-01   3.3667553e-01   4.0273640e-01   4.5497731e-01  -1.0319802e-01  -4.6803684e-01   3.1677272e-01   2.7388939e-01  -3.5177821e-01  -3.9440619e-01  -1.2682176e-01  -4.8770858e-01   2.9836649e-01  -2.2254886e-01  -5.1748570e-02   2.4153568e-01   1.1730869e-01  -1.2021234e-01   3.6285008e-01   1.4818050e-01   3.2521040e-01   1.4355592e-01   3.7586023e-02  -1.2256001e-02   4.4374934e-01  -1.0442197e-01   4.2897811e-01  -3.7522287e-01  -6.0012622e-02  -4.9201842e-01  -9.1362202e-02  -1.2949738e-01   6.3124409e-01   2.1376578e-01  -5.4579040e-01   4.2602081e-01   1.6155586e-02  -4.2239825e-01  -5.7655192e-02  -5.7924019e-01   1.0968454e-01  -3.4033161e-01   3.8428877e-01  -4.0658388e-01   4.9535895e-01  -8.7518372e-03   4.1169581e-01  -1.3438253e-01  -5.4668430e-02   6.0781749e-01   2.3224987e-01  -2.7308902e-01   4.3910213e-01   1.7443791e-01  -2.9142623e-01  -3.6073076e-01  -3.8947158e-01   1.6344399e-02  -3.9136799e-01  -3.6762127e-01   3.6512857e-01  -2.4768487e-01   3.0309567e-01   1.7570169e-01  -1.0190268e-01  -1.9814587e-01  -1.3145740e-01  -3.0396249e-01  -4.9318934e-01   6.1926210e-01  -1.8866168e-01   2.7841198e-01  -2.5611204e-01  -2.3995494e-02  -3.7365564e-01   7.4190183e-01   3.8567293e-01  -1.3481463e-01  -8.8387920e-02  -4.5959601e-01   3.9757082e-02   3.4855514e-01  -4.9784238e-01   1.5394241e-01   4.3922288e-01   1.0469754e-01  -4.0117931e-01  -1.6269302e-01  -3.8378065e-01  -4.4055982e-01   1.3178131e-01  -3.9718744e-01  -4.7025838e-01  -4.9140472e-01  -3.5398518e-01  -5.1323447e-02  -1.1867132e-01  -1.0919915e-01  -2.6492200e-01  -4.4557801e-01   5.3251465e-01   2.6408366e-01   1.2698613e-01  -5.9917452e-02  -3.2516491e-01  -5.0041282e-01  -2.7087784e-01   7.3286927e-02   5.9420457e-01  -3.0004002e-01  -3.8135774e-01   3.3393478e-01  -1.3067555e-01  -4.5402758e-01   1.6956405e-01  -2.6384546e-01   3.6634952e-02  -2.3432755e-01  -3.5941709e-01   6.0458409e-01   2.4496927e-01  -2.6090495e-01  -2.6604868e-01   4.5181663e-01   5.7639286e-01   1.8695468e-01   8.5276888e-02   2.7612651e-01  -3.2184648e-01   3.7442077e-01  -2.8273287e-01
  -4.8415319e-01  -3.7333124e-01   2.3415312e-01   2.0558319e-01   1.5943777e-01   0.0000000e+00   6.9997827e-01  -3.5266540e-01  -4.0918448e-01   3.5843050e-01   3.0897177e-01   2.5028782e-01  -4.3541628e-02  -3.8696987e-01   6.5913610e-01   3.8180254e-01   2.0359893e-01   3.3292370e-01  -2.3301210e-02   4.6505540e-01   5.6593052e-01  -3.4294846e-02   5.7315079e-01  -6.0599946e-01  -1.7438901e-01  -2.5671872e-01   3.0302606e-01  -2.9522665e-01  -2.8761599e-02   5.9218141e-02   2.6758882e-03  -2.9163010e-01  -9.0325214e-03   5.6502247e-01   4.8053943e-01   5.9237472e-01   1.3442490e-01  -4.5613308e-01   3.2000456e-01   3.1439662e-01   1.4011438e-02   3.9486244e-02  -4.1715389e-03  -2.5386069e-01   2.4674226e-01  -4.3356581e-01   4.9309879e-01   4.9956205e-01  -2.7343343e-02   2.0364431e-01   4.1883898e-01  -2.1656238e-01   3.4574657e-02   2.4363295e-02  -2.5139492e-01  -6.8851280e-02   3.6066110e-01  -1.2425909e-01   2.3623935e-01   5.8787470e-02  -1.2497546e-01   2.2222407e-01  -3.2804607e-01  -3.7908993e-01  -3.2711938e-01   5.8724566e-01   6.9330574e-01  -2.3025254e-01   3.0145987e-01   9.7083643e-02   1.5407346e-01   1.7724693e-01   3.7847080e-01  -5.3432618e-01  -3.5834554e-01  -3.9621097e-01  -2.9188478e-01  -1.9075064e-01  -7.1393357e-02   3.8002563e-02   1.2115607e-01   4.0583431e-01   4.3213204e-01  -2.4397726e-01  -3.6710272e-01  -2.2273321e-01   2.4449761e-01  -4.1964310e-01  -2.0259581e-01  -5.3024491e-01  -4.3654798e-01  -8.9135764e-02   2.7905203e-01  -4.2151641e-01  -3.0721604e-01   4.1223047e-01   1.0495873e-01  -1.4696592e-02   2.6917840e-01   5.0867586e-01  -1.0461419e-01   3.6249961e-01  -8.5771316e-02  -4.4818999e-01   1.2772994e-01  -1.2145996e-01   1.5950640e-01   1.0214226e-01   4.2239793e-01   4.2752683e-01   6.4209019e-01   9.8221368e-02   1.2218762e-01  -5.3220617e-01  -2.2055152e-01  -2.3241931e-01   1.3700481e-01   3.1545251e-01  -1.7617792e-01   1.0948464e-01  -4.5867261e-01   8.9880901e-02   2.1898289e-01  -3.6332775e-01  -3.9300021e-01  -5.3925474e-01   1.1009456e-01  -3.1401802e-02  -2.6643921e-01   1.6736899e-01   4.1701131e-01   3.8037528e-01  -4.2744244e-01   2.8105737e-01  -6.2520214e-02  -5.0676169e-01  -1.0399636e-01  -5.0263236e-02  -1.5304761e-01  -5.3132140e-01  -5.7729391e-01  -7.9300229e-02   1.9752912e-01   3.2418744e-01   5.0889050e-01  -8.6808070e-02   2.8756014e-01   3.2672689e-01   6.5953196e-01   1.8242019e-01  -4.6081649e-01  -1.9256862e-01  -4.8879036e-01  -2.5078800e-01   2.9635163e-01  -6.4046196e-01  -4.7841086e-01   3.0194776e-01  -1.1888554e-01  -1.8081280e-01  -4.4158776e-02  -1.0452161e-01   3.4692530e-01   5.8688028e-02  -3.1847371e-01   3.2982172e-02   5.3125447e-01  -3.2704584e-01  -3.2147460e-01   2.8396051e-01   1.4607957e-01  -4.6035855e-02   1.0925012e-02   3.0808876e-01  -3.0262777e-01   9.7384674e-02  -2.0369603e-01
  -3.8569944e-01  -3.3433657e-01  -3.3087310e-02   2.2257455e-01   2.3009306e-01   6.9997827e-01   0.0000000e+00  -6.5634789e-01  -3.0375372e-01   5.5399941e-01   3.7128314e-01   4.5396594e-01   2.5165342e-01  -3.9830616e-01   7.3415594e-01   3.8597709e-01  -4.8959143e-02   5.4065443e-01  -3.1598927e-01   5.2489830e-01   7.3278545e-01  -9.0079057e-02   6.4544227e-01  -6.1040983e-01  -2.6790501e-02  -5.7470520e-01   2.2505911e-01  -3.3960975e-01  -1.6843932e-01   3.6032089e-01  -1.9971015e-01  -4.7901994e-01  -1.5067933e-01   6.6098973e-01   6.3808623e-01   7.5685937e-01   1.5130548e-01  -5.7278995e-01   3.3362785e-01   1.2184429e-01   2.2307268e-01  -1.1844125e-02   5.0363003e-02  -4.2395022e-01   6.9690691e-01  -6.0390012e-01   7.1934729e-01   6.4512256e-01   2.0901013e-01  -1.9952107e-02   6.3948576e-01  -6.3503363e-01   6.5403332e-02   1.0583719e-01  -2.7975748e-01  -3.8240075e-02   2.0363184e-01  -3.2940938e-01   3.3810628e-01   1.9234637e-01  -3.2067671e-01   5.7602135e-01  -2.8282937e-01  -3.8619662e-01  -1.6151384e-02   8.0591935e-01   4.3751866e-01   3.4926377e-02   2.4157227e-01   5.1133309e-02   4.7722813e-02   4.0504663e-01   4.6580265e-01  -5.5022178e-01  -3.3715842e-01  -7.0195814e-01  -5.6734949e-01  -2.1274791e-01   2.5818772e-01   1.5029513e-01   7.1292258e-02   5.6833147e-01   1.8005754e-01  -4.9177240e-01  -3.3572433e-01  -3.4842882e-01   2.1112603e-01  -3.6028468e-01  -1.1497728e-01  -4.9499366e-01  -1.7406221e-01  -3.6075666e-01   2.4057683e-01  -4.0636113e-01  -5.1158853e-01   4.0732418e-01   3.9496015e-01  -4.5727317e-01   5.8656438e-01   6.6120032e-01  -4.2744190e-01   3.1490152e-01  -9.0010420e-02  -2.9787173e-01   2.0792545e-01  -3.5278360e-01   6.2688549e-02  -2.4529851e-01   4.8395485e-01   2.1603125e-01   6.0117612e-01   2.1918686e-01   3.0462162e-01  -5.2315643e-01  -2.6851534e-01  -2.6426708e-01   8.2596871e-02   4.4481098e-01  -2.9119905e-01   1.8954781e-01  -4.9432473e-01   2.8209814e-01   3.9386945e-01  -2.0814452e-01  -5.4428097e-01  -6.4436776e-01   4.0567079e-01   5.1264449e-02  -4.5571038e-01   6.0152868e-02   5.2090875e-01   4.0866692e-01  -5.8405087e-01   2.9369562e-01  -1.4496453e-01  -7.6163920e-01   7.0734283e-02  -1.6629565e-01  -4.7931881e-01  -6.1370058e-01  -4.4236594e-01   3.7490485e-03   1.9776990e-01   2.8362821e-01   5.4236149e-01  -1.2444401e-01   3.3573234e-01   5.6816244e-01   8.1814048e-01   1.2319288e-01  -4.2063345e-01  -4.1053916e-01  -5.0464878e-01  -2.2769322e-01   2.0996736e-01  -6.4842695e-01  -5.1936577e-01   4.6651062e-01  -4.8745120e-01  -2.4514948e-01   1.3655617e-01  -1.1163659e-01   3.1411422e-01   1.4707685e-01  -5.4475787e-01   1.8857597e-01   6.8042694e-01  -4.7688738e-01  -3.8461474e-01   8.6470470e-02   4.4581696e-01  -1.4792747e-01   2.8296441e-01   1.7540032e-01  -2.3718698e-01   1.6297399e-01  -4.3269452e-01
   4.4393099e-01   5.2780668e-02  -1.1688721e-01  -7.4722294e-02  -4.6167997e-01  -3.5266540e-01  -6.5634789e-01   0.0000000e+00   1.8184267e-01  -4.8980679e-01  -7.1387696e-02  -3.1920770e-01  -2.3920794e-01   3.7231911e-01  -4.1457319e-01  -5.4383148e-01  -1.4422109e-01  -2.8098282e-01   3.2713722e-01  -6.8128988e-01  -4.1659405e-01   3.2816088e-01  -3.7854558e-01   4.8216594e-01   1.6562658e-01   7.1081352e-01  -4.1225360e-01   4.4853393e-01   2.0765217e-01  -7.2814981e-02   2.4431974e-01   5.2340231e-01  -2.2575719e-01  -5.7952201e-01  -5.3615988e-01  -7.4009008e-01  -2.9229502e-01   3.8441920e-01  -5.7932057e-01  -3.7060511e-01  -2.6732730e-01  -2.2032885e-01   1.2923136e-01   5.8590322e-01  -4.2339241e-01   5.6929119e-01  -6.5052251e-01  -5.5562009e-01  -3.1443090e-01  -2.5254528e-01  -3.3563881e-01   8.3943520e-01  -2.2151027e-01  -4.0605035e-01   3.5218624e-01   3.3309642e-01   1.4707058e-01   5.5144307e-01  -1.8105775e-01   1.8017474e-01   3.2403930e-01  -4.5288412e-01   1.2508166e-01   3.5847405e-01  -5.6596695e-02  -5.1983652e-01  -3.1425382e-01  -5.7221146e-02  -8.4130303e-03  -1.1330116e-01  -3.7964941e-01  -6.0007572e-02  -5.4143913e-01   6.6594170e-01   2.4733994e-01   8.4176109e-01   4.5060325e-01   4.4390986e-01  -3.6837172e-01  -3.0835622e-01   1.3732389e-01  -6.2728915e-01  -3.0560137e-01   6.8896771e-01   2.9691262e-01   7.4456117e-01  -3.6933407e-01   3.5143515e-01  -2.5816619e-01   5.6020561e-01  -2.7953686e-02   2.3322711e-01  -3.3941651e-01   4.8593095e-01   3.5821697e-01  -6.0021145e-01  -4.0128472e-01   6.5514250e-01  -5.0849910e-01  -5.1753200e-01   2.6391094e-01   2.2046931e-01   3.4531860e-01   3.2799046e-01   2.2150531e-01   5.2239911e-01  -3.7887650e-01   5.7817266e-01  -3.5116113e-01  -2.4514714e-01  -3.8692647e-01   5.3392676e-02  -4.4060402e-02   5.4488929e-01   2.6455230e-01  -2.9806035e-02   2.1700315e-01  -3.7209901e-01   1.2048869e-01  -6.8351139e-02   5.7116153e-01  -4.2907688e-01  -3.0756467e-01   3.0271078e-01   4.0533946e-01   6.2224154e-01  -1.8750946e-01  -3.3749327e-01   5.9275979e-01  -2.7217228e-01  -5.0613598e-01  -4.0347886e-01   6.3275749e-01  -2.3533693e-01   3.0234913e-01   8.4865998e-01  -2.3529491e-01   7.5340241e-02   8.2707636e-01   6.1266975e-01   3.7336712e-01  -1.3407262e-01   2.1020734e-01  -3.6987504e-01  -2.5166195e-01   4.0747517e-01  -5.6164972e-01  -2.7875049e-01  -4.5567834e-01  -2.5068515e-01   4.7014478e-01   5.4261252e-01   4.5954755e-01   2.0453527e-01  -5.0626893e-01   5.7567792e-01   5.4807996e-01  -3.5702178e-01   4.4943988e-01   4.1885336e-01  -2.2920546e-01   4.5719007e-01  -3.5425786e-01   1.9189646e-01   5.6376264e-01  -2.8547174e-01  -3.5555816e-01   5.6282324e-01   4.4346775e-01  -3.3922063e-01  -3.2070562e-01  -1.0662085e-01   3.7502291e-02  -4.4872674e-01   2.4046594e-01  -4.8410332e-01   5.3659341e-01
   2.3776445e-01   7.0325193e-01  -1.9397056e-01  -2.1868036e-01   7.1453642e-02  -4.0918448e-01  -3.0375372e-01   1.8184267e-01   0.0000000e+00   6.0913050e-02  -4.2404038e-01   2.6160147e-01  -9.2214422e-02   3.2469896e-02  -4.4197887e-01  -3.0036146e-01  -1.8062746e-01  -2.0493586e-01   6.6479216e-02  -3.0216264e-01  -4.4927540e-01  -1.0070502e-01  -5.6225043e-01   2.8041674e-01   2.6926636e-01   1.3579117e-01  -4.4172185e-02   1.5814747e-02   7.5028194e-02   2.1252699e-01  -1.2891400e-01  -8.7506825e-02  -4.6267547e-02  -1.7867890e-01   8.2728339e-02  -3.9014416e-01  -3.9554252e-02   1.7263519e-01  -2.2568178e-01  -1.0971573e-01  -1.6271590e-01  -2.1327549e-01   2.1594879e-01   1.0771860e-01  -3.3772480e-02   1.9996760e-01  -4.3481826e-01   4.6733497e-02   4.1888442e-02  -1.1328545e-01  -3.3708004e-01   6.7698215e-02   4.2833503e-01  -2.1286875e-01   3.2108614e-03  -7.0934923e-02  -2.8566058e-01  -8.6844556e-02  -2.4934396e-01   7.7370403e-02  -2.7430003e-02  -1.4656180e-01   7.4382196e-01   4.6904105e-01   5.6788008e-01  -2.3619115e-01  -2.1583485e-01   3.0027779e-01  -3.9301749e-01   1.1166067e-01   1.6253566e-02  -2.3304023e-01  -1.6576625e-01   3.2836630e-01   2.1495381e-01   1.5256576e-01   7.9692459e-02   1.5005075e-01   4.3984716e-01  -7.9288664e-03  -3.5490342e-01  -1.6819308e-01  -2.6626746e-01  -9.8962630e-03   2.0553994e-01   9.8401630e-03  -1.1707738e-02   1.4624096e-01   4.1376786e-01   2.9215042e-01   4.7279373e-01  -8.1878360e-02  -2.4579807e-02   6.0909752e-01   1.1755346e-01  -3.5682747e-01  -1.3852090e-01   2.5476047e-02  -2.0701074e-01  -2.6348253e-01  -1.2117566e-01  -2.1158098e-01  -2.2852561e-01   6.8221468e-01  -3.7863910e-01  -4.2614290e-02  -7.2657564e-02  -1.0368043e-01  -4.3124699e-01  -3.5559420e-01  -4.1618929e-01  -1.7985743e-01  -1.1333362e-01   3.2032655e-01  -1.1923160e-01   3.2136766e-01   6.1552578e-02  -1.9133183e-01  -1.1633071e-01  -1.9607616e-01   1.4804742e-01  -6.0109639e-02   2.7761572e-01   4.6386568e-01   1.6227548e-01   2.1343977e-01  -1.2812891e-01  -3.6161007e-02   5.7595528e-02  -2.8298876e-03  -1.9611275e-01  -1.6143422e-01   1.3968905e-01  -1.4593147e-01  -6.6918840e-03   2.5111545e-01   9.5645241e-02  -5.5237073e-02  -3.2577123e-02   2.9400435e-01   3.0734724e-01  -6.3234985e-02  -1.1024536e-01  -2.8257212e-01  -4.6880888e-01  -2.3516986e-01  -1.0145720e-01  -2.5195957e-02  -4.2962401e-01  -8.6860045e-02   2.6994663e-01  -1.4089570e-01   1.2988791e-01   2.1671359e-01   4.8017064e-02   4.0851922e-01   2.7233118e-01  -2.8852602e-01  -5.3304411e-02  -2.0407325e-01  -7.8228736e-02  -6.9979372e-02  -1.9871636e-01  -7.2271913e-02   2.9663297e-02   2.6080882e-01  -8.4339755e-02   1.8118535e-01   1.3498968e-01  -2.1875168e-01   2.2254047e-01  -1.1171095e-01   8.4032621e-02  -6.7599442e-02   1.4912903e-01  -1.0396521e-01   4.6893249e-02
  -3.4907852e-01   1.3265222e-01   1.0538598e-01  -1.3103345e-01   2.9925124e-01   3.5843050e-01   5.5399941e-01  -4.8980679e-01   6.0913050e-02   0.0000000e+00  -6.9995220e-02   4.9594748e-01   1.4639122e-01  -5.7820225e-01   4.6258661e-01   2.5694685e-01   8.4889438e-02   4.9349990e-02  -2.4483523e-01   3.6086944e-01   2.3180052e-01  -3.8054464e-01   2.8257355e-01  -3.6586011e-01   9.5677074e-02  -3.6093305e-01   3.1184390e-01  -4.4911396e-01  -7.3858192e-02   6.9423770e-02  -2.1944502e-01  -5.6922312e-01  -7.2928316e-02   6.6744235e-01   6.1134107e-01   4.4763160e-01   2.3162599e-01  -3.1400135e-01   2.3018141e-01   3.1810574e-01   1.9012264e-01  -3.5541433e-02   1.3604439e-01  -4.4452609e-01   2.6259862e-01  -3.4911789e-01   2.0229278e-01   5.4973193e-01   1.6018844e-01   2.1947244e-01   1.2889018e-01  -5.5001614e-01   4.7999269e-01   6.5678761e-02  -4.1810376e-01  -2.3895492e-01  -6.7861882e-02  -4.6426253e-01   1.3418411e-01  -3.5724061e-02  -2.7056075e-01   3.0383127e-01   1.1479458e-01  -1.2633389e-01   4.7555978e-02   5.6301862e-01   3.2363872e-01   4.4243760e-02  -1.8241894e-01   5.4414767e-02   3.3477285e-01  -9.5004830e-02   4.3059745e-01  -4.1264732e-01  -1.6048394e-01  -5.5928971e-01  -3.7152884e-01  -2.2212309e-01   4.7582691e-01   1.3958317e-01  -2.5779071e-01   4.4836551e-01   2.5010338e-01  -5.1542122e-01  -2.5060919e-01  -4.5123775e-01   9.0432706e-02  -3.4471225e-01   4.8350675e-02  -4.1149270e-01   1.8004927e-01  -2.1933082e-01   6.4564333e-01  -1.3707421e-01  -2.9087576e-01   3.5257026e-01   1.2737125e-01  -4.7267592e-01   2.6506416e-01   5.3967527e-01  -3.9611553e-01   9.2963006e-02  -4.5626205e-01  -2.5840778e-01  -3.5937255e-01  -4.3995712e-01   1.4926079e-01  -3.6158378e-01   2.5676056e-01   1.4821812e-01   3.9961266e-01  -2.5264199e-01  -1.1499334e-01  -3.6624189e-01  -5.0411876e-01   1.2989795e-01  -2.2177531e-02   4.1707764e-01  -3.6683314e-01  -1.5665997e-01  -4.9527000e-01   4.7056751e-01   3.3020634e-01  -1.2709417e-01  -2.9340248e-01  -4.9747030e-01   9.3596395e-02   1.2143213e-01  -4.5177041e-01   7.0810029e-02   4.1850531e-01   4.1279848e-01  -4.7396725e-01   2.6817129e-01  -2.7621361e-01  -5.4577028e-01   2.4524917e-01  -2.2554631e-01  -4.9751490e-01  -4.5407074e-01  -3.5924524e-01   2.8943583e-02  -7.4138846e-02   1.6265805e-01   2.3681635e-01  -4.1192578e-01   4.9934166e-01   3.1514965e-01   4.9889874e-01   2.6773431e-01  -3.8018842e-01  -5.5249194e-01  -4.1887611e-01  -1.3527092e-01   4.5995094e-01  -3.9557739e-01  -4.3800414e-01   2.1611628e-01  -3.8968844e-01  -5.4052162e-01  -2.2774231e-02  -2.6630906e-01   5.0836919e-01  -2.4072726e-01  -4.9264250e-01   5.5958546e-01   4.1973590e-01  -5.2404759e-01  -4.3100409e-01   2.6693292e-01   5.9299225e-01   2.3300559e-02  -4.2308731e-03   2.2134441e-01  -1.6982002e-01   1.7053289e-01  -3.9281860e-01
  -1.2209360e-02  -6.4993435e-01  -3.5321397e-01   1.5437489e-01  -1.7603653e-01   3.0897177e-01   3.7128314e-01  -7.1387696e-02  -4.2404038e-01  -6.9995220e-02   0.0000000e+00  -2.6846747e-01   1.1587641e-01  -3.5287417e-02   4.8188732e-01  -5.7986372e-03  -2.8663004e-01   6.4462442e-01  -1.7006636e-01   7.5603977e-02   5.5178738e-01   1.4443387e-01   6.3513323e-01  -1.5801580e-01  -1.3332071e-01  -1.4873234e-01  -2.2404765e-01   2.5383944e-01  -7.4013569e-02   1.3165527e-01   3.9566088e-01   1.9419051e-01  -3.7238824e-01   9.5622257e-02  -9.0346583e-03   3.7169894e-01  -1.7919477e-01  -3.6461196e-01   4.2231896e-02  -2.1311325e-01   1.8224708e-01  -1.6444467e-01   5.7310267e-02  -3.1087772e-03   3.8224660e-01  -2.7771285e-01   5.0504001e-01   1.6135811e-01   7.3820687e-02  -3.4811337e-01   6.4486157e-01  -6.8051353e-02  -3.1413445e-01  -1.3892664e-01  -2.2270311e-02   1.4503839e-01   1.7975148e-01   1.2335702e-01   3.6070341e-01   1.0092589e-01  -2.2120879e-01   2.4447497e-01  -4.1504889e-01   1.4611108e-01  -1.3618523e-01   4.1392973e-01   3.5718229e-02  -9.3900654e-02   3.2321700e-01  -2.5166322e-01  -2.8658169e-01   4.8543992e-01   1.5811642e-01  -6.2992988e-02  -3.4731413e-01  -1.2042938e-01  -3.1521581e-01   1.3160741e-02  -1.6743045e-01   3.9742461e-02   4.1686028e-01   1.9658677e-01   7.4447040e-02  -4.6505985e-02  -1.2467509e-01   2.8017950e-01  -3.5909443e-02   1.9983520e-04  -4.9469237e-01  -1.1975903e-01  -3.6809358e-01  -2.8676427e-01  -2.8948381e-01  -2.9021723e-01  -3.4816908e-01   4.3737885e-02   1.2695864e-01   5.8625445e-02   2.5973242e-01   3.5988350e-01   4.8829898e-02   6.0850098e-01   1.5205665e-01  -1.7227003e-01   4.9283217e-01  -1.8309889e-02  -2.9076617e-01   9.4368857e-02   3.3616320e-01   2.9019817e-01   3.1222692e-01   1.9306562e-01   2.1848509e-01  -1.4640731e-01   1.6137234e-01  -5.0059599e-01   9.0276228e-02   1.8801402e-01  -2.4809893e-01   1.6030741e-01   4.9160012e-02  -2.6028742e-01  -7.7582775e-02   1.3429584e-01  -3.8252500e-01  -1.2159434e-01   3.3221812e-01  -2.5100309e-01   2.0185169e-02  -3.0676176e-01   1.1556604e-01   3.4528487e-01  -8.0073408e-02   4.3190625e-01   1.3859919e-01  -1.4090033e-01  -2.2169712e-01   2.0122871e-01   1.2034078e-01  -4.7327543e-02  -1.0359095e-01  -1.1584742e-01   4.8158477e-01  -6.6567440e-02   5.5055079e-01   3.0024806e-01  -3.1571855e-01   4.4626730e-01   5.4653182e-01   2.0002233e-01  -5.6716148e-02   1.5145282e-01  -9.9038928e-02   2.6360385e-01  -4.4240602e-01  -2.3186277e-01  -4.9088410e-02   4.8587006e-01  -2.4763843e-01   3.0644498e-01   2.2365422e-02   3.8800934e-01   2.7561526e-01   3.8852721e-01  -7.6309892e-02  -3.3810742e-01   3.5039224e-01  -4.4828140e-03   4.7503884e-03  -1.6126795e-01  -2.3557823e-01  -2.6152620e-02   4.2566584e-01  -4.1384432e-01  -5.3945673e-02  -1.4041513e-01  -2.6024959e-02
  -1.0762669e-01   3.4011710e-01   2.3678577e-01  -4.3840251e-02   3.4505821e-01   2.5028782e-01   4.5396594e-01  -3.1920770e-01   2.6160147e-01   4.9594748e-01  -2.6846747e-01   0.0000000e+00   2.5767916e-01  -2.1574780e-01   1.2958879e-01   8.5532556e-03   9.6303028e-02   6.8872229e-02  -9.0340917e-02   2.2782990e-01   7.3181621e-02  -9.0056019e-02  -1.0165525e-01  -4.2401499e-01   2.7207820e-01  -2.4935258e-01   1.3468195e-01  -3.5307156e-01   1.9247228e-01   3.7081918e-01  -5.2250060e-01  -2.9827439e-01  -1.5589783e-01   3.0140477e-01   4.1035975e-01   2.5032937e-01   7.6834914e-02  -3.6230246e-01  -7.0510050e-02  -2.2497136e-02   6.0588266e-02  -4.0373911e-02   3.4840661e-01  -1.7591299e-01   4.2467307e-01  -2.4620613e-01   1.9302784e-01   3.3134461e-01   1.4558839e-01   8.4589999e-03   8.9455756e-02  -3.8021762e-01   1.9926738e-01  -1.7334763e-03  -2.0858517e-01   2.3074692e-03   1.0574021e-01  -2.1913690e-01  -4.3697812e-02   4.6649116e-01  -2.1786281e-01   2.8924464e-01   3.4300267e-01  -2.6794500e-01   2.0104823e-01   3.7034990e-01   2.0334829e-01   3.7086196e-01   9.5835483e-02   1.5404354e-01   1.1656880e-01   1.2539366e-01   1.4759606e-01  -7.4722819e-02   1.3201193e-01  -3.9243257e-01  -2.9196375e-01   2.5167258e-02   4.0284821e-01   6.0241132e-02  -3.5943011e-01   2.8746935e-01   4.3646893e-02  -3.0056649e-01   1.4144483e-01  -2.7284225e-01  -8.0948592e-02  -2.1323513e-01   2.6218704e-01  -9.6043535e-02   2.7158098e-01  -2.2534766e-02   4.3442800e-01   2.7421809e-01  -3.1670748e-01   1.0784343e-01   2.3325197e-01  -2.7135155e-01   2.8995457e-01   7.6542521e-02  -3.3326130e-01   2.7381343e-02  -1.1818762e-01   9.9878174e-02  -9.3678233e-02  -1.0795198e-01   1.4980475e-01  -1.1772119e-01   8.4708559e-02  -5.6903350e-02   2.0043357e-01   7.7375843e-02   2.2815816e-01  -1.3143102e-01  -3.2337927e-01   1.1853033e-01   1.3458561e-01   2.2816592e-01  -3.3091827e-02   5.6468813e-02  -2.7630323e-01   4.9408970e-01   6.1908011e-01  -5.6760346e-02  -2.3051161e-01  -2.5827782e-01   2.2618792e-01   2.2810750e-01  -2.1643192e-01   1.4691004e-01   1.8329099e-01  -7.4123563e-02  -2.2143681e-01  -1.8165303e-01  -9.1267796e-02  -3.9943376e-01   3.3994909e-01  -4.3522073e-01  -3.0218041e-01  -3.3918136e-01  -1.0080400e-01  -2.1423739e-02   2.9702363e-02   1.8344900e-01  -4.8384226e-02  -3.2285928e-01   3.7821065e-01   2.5190048e-01   2.9353966e-01  -2.1844864e-01  -5.9551905e-03  -4.2028529e-01  -1.5547462e-01  -1.4976078e-01   3.5700977e-01  -2.7585037e-01  -1.9927417e-01   3.1507006e-02  -1.9995019e-01  -3.3546371e-01   2.6246486e-02  -1.2699588e-01  -5.7484706e-03  -1.7078855e-02  -3.0144244e-01   3.5812053e-01   4.8918254e-01  -1.7402325e-01  -6.1361685e-02   5.7268112e-02   6.8287773e-01  -4.5758476e-01   1.1583533e-01   3.6630417e-01   1.2563836e-01   8.2851607e-02  -1.6891913e-01
   2.3069494e-01  -2.2728209e-01  -8.7731120e-02   1.1835512e-01  -1.0952928e-01  -4.3541628e-02   2.5165342e-01  -2.3920794e-01  -9.2214422e-02   1.4639122e-01   1.1587641e-01   2.5767916e-01   0.0000000e+00   9.3786085e-02   9.9965234e-02  -1.3967059e-01  -2.1560010e-01   2.6213503e-02  -2.7362676e-01   1.2222345e-01   1.5113659e-01   3.9944766e-02   1.9239613e-01  -1.6202539e-01   3.0072862e-01  -1.7305471e-01  -2.2971381e-01   6.2369525e-03   1.1635484e-01   9.5980309e-02  -1.7310735e-01  -1.6797251e-01  -2.1927258e-01   1.1763661e-01   7.1892372e-02   1.5151831e-01  -2.5081875e-01  -3.3321923e-01  -2.2038749e-01  -2.8651894e-01   5.7199942e-01  -1.3035917e-01   2.2501748e-01  -1.6009230e-01   3.7941324e-01  -3.5654061e-01   2.1798123e-01  -4.5617071e-02   1.9663840e-01  -3.6486485e-01   2.2440465e-01  -3.6834409e-01  -2.4583815e-01  -1.0213849e-01   9.1786785e-02   1.2076354e-01  -3.6537389e-02   4.4458553e-02  -1.1183160e-01   2.2667929e-01  -4.4119286e-01   4.9083751e-01  -3.4427963e-02  -2.2787120e-01  -7.7163541e-02   2.9297863e-01  -1.8972743e-01   2.8841707e-01   9.4577434e-02  -1.6437902e-02  -1.6643828e-01   3.3953156e-01   2.0219666e-01  -7.5170026e-03   2.0047393e-01  -2.4490135e-01  -4.7584719e-01   8.9095607e-02  -4.3353879e-03   2.9143568e-01   4.8742114e-02   1.2901756e-01  -1.6860716e-01  -1.0811748e-01   4.4688647e-02  -7.7819295e-02  -1.4162598e-01   7.4828115e-02  -9.5534602e-02   1.3139283e-01   5.7655088e-02  -2.4669570e-01   1.1338860e-01   4.7462010e-02  -4.6230732e-01   5.1124665e-02   4.6689568e-01  -3.9052408e-01   2.9083231e-01   5.6699123e-02  -2.4545354e-01   1.2393050e-01   6.1504585e-02  -8.7609968e-02   1.9076472e-01  -4.5810640e-02  -1.9881480e-01  -2.2932147e-01   1.4510932e-01  -7.6787918e-02   2.4931205e-01   1.0323178e-01   3.4388910e-01   1.3606114e-01   6.4278814e-02  -3.0697415e-01   2.5121695e-02   5.2653278e-01   3.6411481e-03   1.4155323e-01  -1.6202624e-01   2.1244324e-01   1.8223566e-01  -7.5640637e-02  -3.3405198e-01  -8.6613723e-03   3.5448447e-01   5.2247789e-02   2.0614720e-02  -8.1835373e-02   2.3048862e-01  -7.0334759e-02  -1.4662607e-02  -4.3326521e-02   1.2374570e-01  -2.9231478e-01   4.2914775e-01  -1.5205233e-01  -2.4687880e-01  -8.9402772e-02   1.9091002e-01   4.1556138e-01   7.7038140e-02   1.5592170e-01   1.4008973e-01  -6.0126640e-03   1.8291366e-02   1.5438348e-01   2.5953742e-01  -1.9704947e-01   6.6245178e-02  -1.1721773e-01  -3.3075504e-03  -1.1517460e-01  -6.0421655e-02  -1.1009790e-01  -4.2948914e-03   1.5346335e-01  -3.9933605e-01  -8.0422220e-03   3.2054220e-01  -1.2815246e-01   2.0841379e-02   5.6732730e-02  -9.8931514e-02  -4.1589587e-02   2.1018341e-01  -9.5474629e-02   1.0156398e-01  -2.1268011e-01   1.9032253e-01  -4.0265206e-01   2.4144329e-01  -2.5964140e-02   3.2054420e-01   1.5824047e-02  -1.4795569e-01
   6.3821698e-01  -7.8917644e-02  -1.6272195e-01   2.8908808e-01  -3.1837448e-01  -3.8696987e-01  -3.9830616e-01   3.7231911e-01   3.2469896e-02  -5.7820225e-01  -3.5287417e-02  -2.1574780e-01   9.3786085e-02   0.0000000e+00  -4.8149501e-01  -4.6319222e-01  -3.4442621e-01  -6.2797832e-02   1.8553204e-01  -5.3986352e-01  -2.8887448e-01   5.0215055e-01  -3.3206098e-01   3.7895861e-01   1.8209369e-01   3.1376213e-01  -5.4034418e-01   5.8958027e-01  -5.6650016e-02   2.3111197e-01  -1.2540537e-01   4.4594400e-01  -1.4436871e-01  -6.4431598e-01  -5.5339043e-01  -4.9428891e-01  -2.6947949e-01   2.1085350e-01  -5.0568979e-01  -6.2268046e-01  -1.6528740e-01  -1.3594367e-01   9.8480843e-03   5.7150515e-01  -7.2682831e-02   3.5635266e-01  -1.6441147e-01  -5.9173731e-01   2.8291493e-02  -5.0781496e-01  -8.7780342e-02   3.2708318e-01  -5.7217071e-01  -2.0080966e-01   5.4913853e-01   4.2868357e-01   1.5973852e-01   3.6976076e-01  -3.2751442e-01   3.0599030e-01   1.1175358e-01  -5.4349084e-02  -4.2400578e-02  -4.4663858e-02   3.1036054e-02  -3.1203491e-01  -3.9273542e-01   1.6070414e-01   2.1562681e-01   1.2640116e-01  -5.8472856e-01   1.9110562e-01  -3.7920310e-01   5.9023792e-01   1.5750297e-01   4.3862831e-01   1.6356846e-01   3.4626584e-01  -2.7477356e-01  -1.7411792e-01   2.5667990e-01  -4.2885761e-01  -4.7677986e-01   4.7439243e-01   5.7351795e-01   3.4572042e-01  -1.3890554e-01   4.7541945e-01  -2.6892145e-01   6.0515836e-01   2.8236351e-02   1.6055579e-01  -5.5029860e-01   2.3880689e-01   1.1975977e-01  -5.6461592e-01   5.2988275e-02   2.2933507e-01  -2.1919167e-01  -6.4005768e-01   2.4448752e-01  -9.5408854e-04   6.5458261e-01   3.8086509e-01   4.0024984e-01   3.0880965e-01  -3.2073042e-01   2.4191368e-01  -3.1392724e-01  -3.8360348e-01  -3.5879399e-01   4.6542786e-01   3.2194196e-01   6.0313733e-01   5.1012177e-01  -2.0985250e-01   1.1137537e-01  -3.9440843e-01   4.7356474e-01   8.5063170e-02   5.3192536e-01  -3.5495919e-01  -1.5095621e-01   1.1895646e-01   2.3778298e-01   7.0875479e-01   1.8363380e-01  -2.4814203e-02   4.5627239e-01  -1.1652229e-01  -5.3128542e-01  -6.2186214e-01   6.8631503e-01  -4.7554309e-01   3.2601520e-01   3.5454784e-01   7.2585211e-02   1.9966628e-02   3.1543948e-01   5.2569411e-01   6.2605294e-01   1.0677970e-02   9.9667777e-02   6.8746369e-02  -2.3350754e-01   4.9726532e-01  -6.0262002e-01  -2.4436907e-01  -4.2141771e-01  -5.3679425e-01   6.0747046e-01   4.5256725e-01   5.5320856e-01  -1.0488510e-01  -5.1922354e-01   4.4946818e-01   5.8751203e-01  -3.8271575e-01   2.1534443e-01   5.5468817e-01   6.7917048e-02   2.4615701e-01  -4.2962294e-01   3.9094568e-01   3.0462129e-01  -4.6577557e-01  -2.6625706e-01   5.1796337e-01   6.5389460e-01  -5.6574980e-01  -3.1135466e-01  -3.3715890e-01   1.7400813e-01  -1.3086152e-01   3.7166639e-01  -3.0738662e-01   2.3251199e-01
