   0.0000000e+00   1.8751331e-01   2.0008289e-01  -6.7004097e-02  -3.7107294e-01  -3.2582344e-01  -2.4110792e-01   2.5320300e-01   2.6905378e-01  -1.3768924e-02  -4.2834929e-01   8.8175893e-02  -1.7266452e-01   5.2252925e-01  -1.2959598e-01  -5.8490825e-01   2.8383710e-01  -4.2783341e-01   3.0418391e-01  -4.3835497e-01  -1.8706972e-01   2.3868916e-01  -2.4339053e-01   7.0926769e-01   1.5580163e-01   2.5958320e-01  -3.4549087e-01   4.6179245e-01   5.7813486e-02  -7.3280213e-02   4.0427558e-02  -2.4387135e-01  -3.0894002e-01  -1.7843763e-01  -3.1777144e-01  -5.7852881e-01   2.5688738e-01   5.4342993e-01  -6.3916604e-01   4.4935571e-02  -2.9249935e-01  -1.3863978e-01   2.1585326e-01   8.3832180e-02  -4.6227749e-01   6.2409802e-01  -5.1737472e-01  -2.6063199e-01  -2.1980935e-01   5.0394596e-02  -2.8248133e-01   1.8286790e-01  -8.0290820e-02   9.0903754e-02   3.5053550e-01  -4.1327100e-02  -1.1466597e-01   1.6960586e-01  -2.6754857e-01   3.6317781e-01   5.6881342e-01  -5.2923514e-02   2.2140968e-01  -3.2633219e-02  -3.0451484e-01  -1.1349755e-01  -2.7265070e-01   2.9985730e-01  -1.8804791e-01   6.0850678e-01  -4.8287186e-03  -1.0471727e-01   2.4713222e-01   2.9284730e-01  -5.8746661e-02   2.3356178e-01   7.2344816e-01   1.4791257e-01  -4.3834067e-02  -5.1119462e-02  -2.0881229e-02   2.6855330e-02   2.1093284e-02   3.0259928e-01   3.3664073e-01   1.0184437e-01   2.9820991e-01   5.5166222e-01   1.0465860e-01   8.2933948e-01  -7.1909017e-02   5.6242242e-01  -2.0392852e-01   5.2447651e-02   4.9500291e-01  -2.9155528e-01  -1.3536343e-01   3.9738912e-01  -1.8711003e-02   1.6753519e-02   4.2826632e-01  -3.5180160e-01   6.9439362e-02   4.5692848e-01  -1.2957115e-01  -5.8383271e-02   3.9603902e-02   1.2706402e-01  -1.9695363e-01  -2.1636072e-01   1.0608018e-01  -2.9909164e-01   6.7019439e-02   8.6192640e-01   4.9147071e-01   2.3262019e-01   2.0748135e-01   2.3114406e-01   2.7092375e-01  -2.6902188e-01   7.5474288e-01  -4.9694993e-02   2.0388088e-02  -1.3876536e-01   7.1278390e-01   5.8086167e-01  -4.3720086e-01   1.2792098e-01   1.1439292e-01   1.7817115e-01  -2.4913461e-01  -4.2474783e-01   4.9271314e-01   2.2753099e-01   3.7665697e-01   2.3795316e-01  -2.8364105e-01  -1.3272443e-01   1.7252909e-01   7.5087510e-01   7.2404265e-01  -7.8547682e-02  -2.5880465e-01   1.8319497e-01  -3.3370380e-01  -1.4773097e-02   1.7036710e-02  -7.6789035e-02  -2.5113056e-01   2.2217006e-02   7.1907329e-01   4.4184233e-01   4.8560392e-01  -1.2397409e-01   7.8726430e-03   7.6842484e-01   6.9011089e-01  -3.3670507e-01   3.0785626e-01   2.3836572e-01   9.6158377e-02  -1.2606727e-01  -2.0315922e-01  -1.7137981e-01  -3.3933582e-02   2.6395400e-01  -3.5711361e-01   2.3026656e-01   2.7708723e-01  -1.2936732e-01  -1.6264663e-01   1.0186956e-01  -3.4483322e-01  -1.0455029e-01   1.2485985e-01  -2.2737879e-01   6.5489699e-02
   1.8751331e-01   0.0000000e+00   7.8416762e-02  -8.9144461e-03   2.8108648e-01  -3.2999271e-01  -7.7364082e-02   3.3839809e-01   5.1404418e-01  -5.1315415e-02  -2.7988536e-01   4.1757284e-01  -2.9585072e-01   2.7705880e-01   1.0839969e-01  -4.7576087e-01   3.8295177e-01  -1.4770146e-01   2.3032741e-01   1.7988405e-01   1.6820743e-01   2.5414625e-01  -1.7560789e-01  -8.5312080e-03   7.3151901e-02   2.1626584e-01   9.6170869e-02   7.9845777e-02  -3.8697345e-02   2.3048108e-01   4.1161441e-01  -1.1040381e-01  -2.2158733e-01   2.9122501e-01   2.1080171e-02  -8.8243451e-02   2.4933575e-01  -1.5756625e-01  -3.6511944e-01   5.3065515e-01  -3.2789899e-01  -2.7918930e-01   3.6528189e-01   1.6543392e-01  -1.1251009e-01  -2.1692567e-01  -2.6954604e-01   3.5932339e-01   2.0720706e-01   3.6687982e-01  -2.2002210e-01   1.8176337e-01   3.4662392e-01   3.0670630e-02   2.4393686e-02  -5.2631418e-02  -1.6020103e-01   1.9589792e-01  -2.8347792e-01   2.6097365e-01   1.9912587e-01   6.6492182e-02   3.7960389e-01   4.0517283e-01   2.0356703e-01   1.8423240e-02  -6.0159482e-02   3.1514636e-01  -6.5118075e-02  -2.4430575e-01   7.2792419e-01  -6.9458777e-02   1.9698443e-01   9.1041725e-02  -1.7063530e-01   2.6657995e-01   5.2639303e-02   1.9019467e-01   4.8566392e-01  -9.7072979e-02  -1.1653881e-01   1.0760479e-01   4.7553130e-01   1.4156416e-01   2.2844431e-01   1.6577259e-01   5.2522874e-01  -2.6440244e-02   2.1831483e-01   5.3984686e-02   4.7235329e-01   6.6879466e-03  -1.0604577e-02   2.1991860e-01  -1.5921237e-01   2.0075291e-01  -1.1976842e-01   2.4501273e-01   4.0245755e-01   2.0638097e-01   3.9419179e-01  -6.2245290e-02   1.7434575e-01   4.1944746e-01  -6.2115023e-02   1.3757804e-01   1.0515259e-01   2.0252530e-01   4.9194054e-02  -2.0677048e-01   4.4473202e-01  -2.1295119e-01   1.2638261e-01   1.1784731e-01   9.3660392e-02   7.0239587e-01   8.4623957e-02   2.4213637e-01   8.9610958e-02  -2.2330698e-01   2.3037207e-02   3.6502791e-01   1.1918260e-02   4.0563447e-01  -1.0411124e-01   3.5268617e-02  -8.4174397e-02   1.2307775e-01   2.2878924e-01  -3.1460575e-01  -2.0166988e-01   6.9732401e-02   3.9507777e-01   4.2774693e-01   2.9008214e-01   2.8785223e-01  -2.9838503e-01   4.1828428e-02   1.8439532e-01   1.4349520e-01   2.1770088e-01  -5.0077738e-03  -2.4685392e-01  -1.8616560e-01  -7.1821567e-02   4.1266979e-01   5.9746235e-01   2.4908998e-01  -1.9015262e-01   3.0286884e-01   1.8407641e-01   3.6733873e-01  -9.7227665e-02   2.0470474e-01   2.6691201e-01   3.2700722e-02   1.1236925e-02  -3.4928541e-01  -7.5800358e-02   1.5879094e-01   6.6322378e-02  -5.9797827e-02   1.0441020e-01   6.8994034e-02  -2.7501846e-02   5.0714752e-01  -4.3929709e-02   2.3968250e-02  -5.6203951e-02   4.0307122e-01   1.5229529e-01  -3.1096424e-01   6.8444328e-02  -2.0062998e-01  -1.4096857e-02  -1.9861892e-01   2.4920320e-01
   2.0008289e-01   7.8416762e-02   0.0000000e+00   5.9084752e-02  -8.0477479e-03   1.9600618e-01   3.5260607e-02  -1.6230122e-02   5.4424628e-02  -1.0402160e-01  -1.0462615e-01   3.4523704e-01  -1.1682935e-01   1.9629993e-01  -3.8080828e-02  -2.0829960e-01   6.0286744e-01  -3.9585677e-02   6.4181161e-02   2.8467698e-02  -1.0675919e-01   1.7493042e-01  -1.6984656e-01   1.3554942e-01  -1.5794412e-01   1.0519324e-01   2.3006967e-01   1.6241398e-01   3.1594262e-01   4.1905777e-02  -3.7490323e-02  -5.6334017e-02  -1.3264323e-01  -8.5183116e-02  -9.7611061e-02  -1.0654805e-01  -6.3203274e-03   1.3543540e-01  -2.5898072e-01   3.5424222e-01  -1.6281922e-01   2.6997390e-02   8.5257860e-02   7.6265028e-03  -1.5828059e-01   1.3117242e-01  -3.2583297e-02  -2.8634937e-02  -2.1329800e-02   3.4657792e-01  -3.8185591e-02  -2.7527496e-02  -1.9917269e-02   1.0887582e-01   5.7985466e-02   1.0882201e-01   1.3118329e-01  -5.4240546e-02  -2.6784380e-02   8.6538672e-02   1.9091117e-01  -4.1772202e-02   8.9036494e-02  -1.5995209e-01  -2.0410292e-01  -2.3246792e-01   9.5746897e-02   9.7082219e-02  -6.2838148e-02   3.0757812e-01   1.3479747e-01  -8.0166463e-02  -5.6735892e-02   2.9559470e-01   2.7681319e-03   1.1577497e-01   1.7515212e-01  -7.7988574e-02   4.3965552e-02  -1.2655318e-01   4.2420381e-02  -1.4014686e-01   5.2014752e-02  -5.2500066e-02   3.3532301e-01   8.7801640e-02  -2.7303967e-02   1.3290468e-01  -4.5408317e-02   1.3525588e-01  -2.6297451e-02   3.0305469e-01   2.0841468e-01  -3.3941886e-02   9.6882935e-02   3.8646002e-03  -9.0603935e-02  -6.4734070e-02   4.7663257e-02  -7.9259842e-02   2.4323141e-01  -1.3037724e-01   9.7973138e-02   4.5394253e-02  -2.8997150e-02   1.0675409e-01   1.0864325e-02  -2.4560343e-02   5.1879482e-02  -4.4495214e-02   2.4906726e-01  -1.3903988e-01  -3.7831315e-02   1.0830847e-01   3.0311146e-01  -2.5694485e-02   9.7366830e-02  -2.4660856e-02   2.2264846e-01  -1.3870987e-02   1.0086950e-01   1.5192007e-01   1.4963798e-01  -7.1073691e-02   1.4238236e-01   1.4497119e-01  -4.9149419e-02  -8.5862479e-02   4.7894691e-02   5.3164608e-01  -2.1487580e-01  -1.7336056e-01   3.1696155e-01   6.1897377e-02   1.3548616e-01   8.6710686e-02  -1.5914654e-01   2.3035424e-01   4.2238057e-02   9.7676433e-02   1.8258422e-01   7.8115763e-02  -1.2452476e-01   2.9692555e-01  -4.6719146e-02  -5.5838014e-02   2.1773155e-01  -3.0213869e-02  -2.3981039e-01  -2.2574727e-01   2.7343093e-01   2.0730786e-01   1.3860991e-01  -6.9834164e-02   5.3971301e-01   1.2651341e-01   2.8753184e-02  -1.0273020e-01   8.9261705e-02   5.5153780e-03   4.4565182e-02  -1.1033235e-01  -7.7051039e-02  -2.9064394e-02   8.8943214e-02   8.3154841e-02  -1.3606553e-01   3.4598660e-02   3.4286671e-02   2.8049185e-02  -1.2119930e-01  -1.1537444e-01  -1.3635436e-01   2.1493513e-01  -9.4880879e-03  -2.1202324e-01   1.6728758e-01
  -6.7004097e-02  -8.9144461e-03   5.9084752e-02   0.0000000e+00   2.5774484e-02   2.6132565e-01   8.3555691e-02   1.4460247e-02   4.8108389e-01   5.8075217e-03   1.5447525e-01   4.0938563e-01   3.8053428e-01   3.2195508e-01   4.5266501e-01   2.9076745e-01  -1.7971304e-01   5.8144480e-01   5.8665076e-02   1.4018176e-01   2.8213918e-01   4.0398815e-01   3.7387930e-01  -2.2657054e-01   5.4233164e-01   2.4886665e-01   2.0111387e-01  -5.0081528e-02   1.6916566e-01   4.4187600e-01   2.3390387e-01   6.6815613e-01   3.1440042e-01   1.4657038e-01   3.4933761e-01   2.4500737e-01   9.5944877e-02  -3.4254507e-01   2.7792608e-01  -2.7227709e-01   3.7456124e-01   1.8073188e-02   1.3316398e-01   3.1478079e-01   4.4819268e-01  -4.4567490e-01   6.1166287e-01   3.0656795e-02   3.7838049e-01  -3.3555710e-01   5.5835307e-01   4.8163602e-02   1.6669409e-02   1.6708380e-01  -1.4511383e-03   5.0484088e-01   9.4607750e-02   4.9598731e-01   4.9378144e-01   3.7403351e-01   1.7880505e-01   6.0859836e-01   5.0798209e-01  -4.3491700e-02   2.1881533e-01   2.1332607e-02  -9.8986991e-02   3.2544872e-01   6.2122989e-01  -2.7100025e-01  -3.1801512e-01   7.6913289e-01   5.5745786e-01   4.1052537e-01   1.6164853e-01   8.5569436e-02  -7.6994953e-02   1.6169948e-01  -2.2809824e-01   7.0504925e-01   1.3059492e-01   7.1429135e-01  -1.2218172e-01  -8.0078973e-02   1.4927748e-02   1.6247175e-01  -1.9189959e-02  -2.5726148e-01   2.1008058e-01  -2.6077571e-01  -2.9389771e-01  -6.2894456e-02   2.0342235e-01   5.4530815e-01  -3.7801234e-01   6.0673555e-02   6.1419889e-01  -1.7335593e-01   6.0858473e-01   1.8368511e-02  -1.9686760e-01   2.8723979e-01   2.0977900e-01   2.6607953e-01   7.0758448e-01   7.3102697e-01   5.1462894e-01   3.6427380e-01   1.7455909e-01   3.1810932e-02   9.6726446e-02   4.1075442e-01   7.3511701e-01  -2.2301299e-01  -6.3617899e-02  -3.1685887e-01   3.7097474e-01   4.8557979e-01  -1.9439731e-01   7.2631449e-01  -1.2065369e-01  -1.1691329e-01  -1.4658930e-01   2.6535106e-01  -3.4797250e-01   2.0483078e-01   4.9145569e-01   4.1171537e-01   6.1807028e-01  -1.6573963e-01  -2.1848053e-01  -1.0528675e-01   3.0510294e-01   2.0757738e-02   4.5866799e-01   8.5908666e-02   2.3486784e-01  -4.4291176e-04  -2.8032709e-03  -2.6854417e-01  -1.9634299e-02   3.6833569e-01   2.7140065e-01   4.2291400e-02   4.3824239e-01   1.0966007e-01  -2.4856148e-01  -1.6285567e-01   5.2185484e-02   1.0779785e-01  -4.2904598e-02   6.6960929e-02  -1.7456143e-01  -1.1011867e-01  -1.3650748e-01  -2.7911874e-01  -1.5613473e-01   4.2726195e-01  -8.6799721e-02  -4.6833013e-02   4.7559816e-01   2.1406804e-01  -3.7059572e-03   6.7448245e-01   7.1402143e-01  -2.4919837e-01  -2.5967908e-01  -2.2819183e-01   3.3387931e-01  -1.9032756e-01  -1.0712412e-01  -4.6980052e-01   4.5078706e-01  -2.5313093e-02   4.5972835e-01   2.2006233e-01   6.4667444e-01
  -3.7107294e-01   2.8108648e-01  -8.0477479e-03   2.5774484e-02   0.0000000e+00   3.0379376e-02  -1.4002022e-01  -1.6892347e-01   8.5585237e-02   5.8136154e-03  -7.4390700e-02   5.1187134e-02   2.8256292e-01  -1.7014114e-01  -1.5608135e-01   7.6218574e-02   1.6384492e-01   7.0181988e-02  -1.2396439e-01   7.4688814e-01  -5.9930329e-02  -1.1141295e-01  -2.1784096e-01  -2.8474917e-01  -2.7169234e-02  -1.5558456e-01   5.2356873e-01  -3.6288115e-01  -5.4658260e-02  -2.4727718e-02  -2.6044164e-02  -2.5255179e-02   1.1580809e-01  -2.5493519e-02  -1.9353766e-02   4.7844897e-01   1.4683341e-01  -2.6852067e-01   1.6005785e-01   4.3373697e-01   2.5692582e-01   1.1885211e-01   2.0423942e-01  -2.6968001e-01   1.0958701e-01  -3.4603168e-01   1.4526070e-01   8.6316557e-02   4.4203410e-01   4.5661267e-01   1.5517439e-02  -1.8227274e-01   6.0551068e-03   1.5849544e-01  -6.0138571e-02  -2.2892297e-01   3.4754477e-02  -1.4044576e-01  -4.5753617e-02  -2.7622349e-01  -1.8875797e-01   7.2229748e-02   1.4108463e-01  -1.3386105e-01   5.6218313e-02  -1.9057988e-01   1.3978287e-01   7.0957535e-02   5.0934012e-03  -3.9443408e-01   3.1641609e-01  -3.0581549e-03  -4.4450370e-02  -2.2836791e-01   8.2738165e-02  -1.7794164e-01  -3.2240314e-01  -2.4372302e-01   5.9062389e-01   1.2670750e-01  -2.5525508e-01  -7.4827091e-03   1.6321510e-01  -2.5912889e-01  -5.4125241e-02  -1.8109136e-01   3.9777933e-02  -3.6126767e-01   2.3235008e-01  -2.5266255e-01   7.0912716e-01  -1.2801881e-01   6.4502443e-02   6.9813666e-02  -3.1975943e-01   8.4998355e-01   8.6391817e-02  -2.5024587e-01   3.3951123e-01  -6.6370117e-02  -1.3108470e-01  -1.0214579e-01  -5.0095661e-02  -1.3354631e-01  -5.3733930e-02   4.3031079e-02   1.6255956e-01  -8.0235047e-02   3.4041324e-01  -3.7262826e-02   6.6036116e-02  -1.3875180e-01   6.9290612e-02  -2.8665302e-01  -3.9376633e-01   2.7774412e-01  -1.1497853e-01  -8.3035645e-03  -1.8829342e-01   3.8164180e-02  -3.5516482e-01   6.9297489e-01   1.9175356e-01   1.8077164e-01  -2.6059160e-01  -3.8908552e-01   5.5673230e-02   1.0022204e-01  -6.3020056e-02  -2.8733486e-01   1.5134645e-02   1.6139930e-01  -1.6450719e-01  -1.4700180e-01  -5.5908503e-02  -1.9191452e-01   1.2026494e-01  -1.8125053e-01  -1.5489825e-01  -2.4333294e-01  -1.4892278e-01   2.4902207e-01  -8.3551144e-02  -2.0935179e-01  -1.0540804e-01  -9.0055864e-02   2.6327866e-01   2.7910988e-01  -1.2402217e-01  -5.5849774e-02  -3.3115754e-01  -1.0498337e-01  -2.2086647e-01   5.7755927e-02   1.5967513e-01  -2.4586802e-01  -3.6824103e-01   8.3061144e-02   3.6337792e-02  -1.6806639e-01   4.5608451e-02  -1.4383521e-01   1.7147211e-01  -7.4088964e-02  -3.1672569e-02   2.4334773e-01  -7.3359658e-02  -3.3153450e-02  -1.8794606e-02   5.1882440e-01   2.9958702e-01  -1.5795716e-01   1.3808640e-01   5.1456438e-02   1.0897571e-01  -4.4140612e-03   2.4216968e-02
  -3.2582344e-01  -3.2999271e-01   1.9600618e-01   2.6132565e-01   3.0379376e-02   0.0000000e+00   5.4767906e-01  -1.5163738e-01  -1.7894010e-01   1.2769557e-01   5.0416569e-01   2.3397084e-01   1.2801600e-01  -3.6534626e-02   2.3389263e-01   3.9576267e-01  -2.0818942e-01   5.1536664e-01   1.6457974e-01   3.7470631e-01   1.4702959e-01   2.5274145e-01   3.4087996e-01  -5.4514469e-01  -1.7989295e-01   2.9248345e-03   4.9129118e-01  -3.4386659e-02  -1.5852568e-01   3.1117323e-01  -3.9368621e-02   3.9028640e-01   2.6028142e-01   2.0750736e-02   2.5990159e-01   5.6913317e-01  -1.4859190e-01  -3.9933336e-01   3.3415437e-01  -3.5427736e-02   4.2056739e-01  -7.2769449e-02  -1.7431015e-01   2.4101771e-04   2.5840697e-01  -3.6917907e-01   6.0546092e-01   2.9118417e-01  -9.3742785e-02  -2.1159458e-01   4.8514164e-01   6.7230742e-02   5.5300181e-02  -3.0785155e-01  -1.9238093e-01   1.7052597e-01   6.0312400e-01   5.3034147e-02   6.5275870e-01  -2.6863958e-02  -3.0634641e-01   1.6524147e-01  -1.7782033e-01  -9.2338855e-02   5.9898008e-02   1.8280487e-01   7.1886154e-01  -3.7062625e-01   4.3239957e-01  -1.4092820e-01  -2.5902502e-01   1.9076328e-01   1.9797458e-01   2.1960064e-01  -2.0796419e-01   6.8745106e-02  -3.5759914e-01   6.7184065e-02  -2.2109099e-01   1.6988414e-01   4.9292197e-01   2.2240701e-01  -3.9242854e-01  -5.9790408e-02   1.1628793e-01   1.9747817e-01  -3.2671242e-01  -3.1476884e-01  -8.5837599e-03  -4.3914916e-01  -2.1158316e-01  -3.6506324e-01   5.2108265e-01   9.4111911e-02  -4.2343015e-01   1.4000470e-01   1.9239706e-01  -3.5364033e-02   9.8134330e-02  -6.1231921e-02  -2.1169244e-01   3.1025840e-01   3.9772637e-01  -1.0988859e-01   2.9689672e-01   3.1934479e-01  -2.4312708e-01   1.6755087e-01   5.4800279e-02   5.0308722e-01  -2.5574108e-02   6.3145514e-01  -3.6199837e-02  -4.8164860e-01  -1.2649439e-02  -4.8281919e-01  -1.1961299e-01   2.7492427e-01   1.9215366e-01   3.7364354e-01  -4.0637587e-01  -5.4637563e-02  -3.1857023e-01   1.5524892e-01  -4.1890817e-01  -9.0010186e-02   3.4935927e-01  -4.0228905e-02   1.3325467e-01   1.4903403e-01   5.1097679e-02   3.7293039e-01   7.2333867e-02  -1.5405539e-01  -2.7745872e-01   5.1505527e-03  -1.8798460e-01   4.8559438e-01   1.3899302e-01  -5.0250454e-01  -4.7331315e-01   4.1868704e-02   3.2944312e-01   2.0902716e-01   3.8978558e-01   4.3308746e-02  -1.0957302e-01   1.5784168e-01   4.1147870e-01  -1.1724731e-01  -1.6828726e-01   5.0284896e-03  -3.8639810e-01   1.0841646e-02   2.2218388e-01  -5.1023743e-01  -4.4171559e-01   5.7270680e-01  -3.7976950e-01   1.1303130e-01  -3.5266438e-01   1.9790419e-01   2.2480166e-02   3.5940057e-01   3.1529639e-01  -4.0742661e-01   2.6896268e-01   4.5987089e-02  -2.9777961e-01  -1.0949029e-01   3.1316280e-02  -4.1894472e-01   3.2534851e-01   6.3571679e-01  -2.0858990e-01  -1.3429715e-01   3.0033148e-01
  -2.4110792e-01  -7.7364082e-02   3.5260607e-02   8.3555691e-02  -1.4002022e-01   5.4767906e-01   0.0000000e+00  -1.1061210e-01  -2.6986426e-02   3.7276766e-01   5.5101768e-01   2.4264888e-01   6.1939044e-02  -1.9570117e-01   2.9785422e-01   2.9741755e-01  -3.1861954e-01   5.3208115e-01   1.2166813e-01   2.2310297e-01   3.9498645e-01   1.2239714e-01   5.7414827e-01  -5.2540980e-01  -8.7579889e-02  -1.5871774e-01   1.7561734e-01  -1.3991355e-01  -1.0718222e-01   3.3802797e-01   1.1845483e-01   1.6019675e-01  -5.1052908e-02   4.9136332e-01   5.3224865e-01   4.1344501e-01   5.3728389e-02  -3.4483154e-01   1.8100040e-01  -1.7084673e-02   2.2213492e-01  -3.0288203e-01  -9.2536714e-02  -9.3042251e-02   4.8910476e-01  -2.6476081e-01   3.5482061e-01   6.0232237e-01  -3.8197270e-02  -4.5984039e-01   5.0908421e-01  -3.6300841e-02   2.9788624e-01  -4.6939579e-01  -1.2211313e-01  -1.2358879e-02   1.8675552e-01  -1.0285804e-01   4.1398036e-01   3.5655265e-02  -2.5273374e-01   3.2522983e-01  -1.1156061e-01   2.8110980e-01   3.9143824e-01   6.4451887e-01   3.6585416e-01  -2.3424836e-01   1.1976831e-01  -2.6539008e-01   3.7861409e-02   1.9404636e-01   1.7652806e-01  -1.8738818e-01  -3.2952867e-01   1.5459229e-01  -3.2516867e-01   2.6077376e-02  -2.1140155e-01   8.1572868e-02   3.2278353e-01   2.8853195e-01  -1.6955399e-01  -1.8171852e-01  -3.3554802e-01   2.9239125e-01  -1.5047915e-02  -3.6806809e-01  -4.8264570e-02  -4.4377493e-01  -2.2892050e-01  -4.9427681e-01   4.0120761e-01   1.7175763e-01  -2.8882202e-01  -1.0374424e-01   1.7970516e-01  -9.1679199e-02   2.4383707e-01   3.7703014e-01  -8.2258986e-02   5.9852874e-01   2.0431765e-01  -3.2165646e-02   3.3993916e-01   1.6900671e-01  -3.2642876e-01  -3.2728476e-02  -7.4210979e-02   4.8496259e-01   1.2078379e-01   3.9988444e-01  -4.3244155e-02  -4.0876124e-01   9.2481140e-02  -1.7853484e-01  -2.5686887e-01   2.9026333e-01  -2.9373218e-02   1.6829873e-01  -3.8887279e-01  -1.5608093e-01  -3.4783058e-01   3.5354946e-01  -3.9407569e-01  -3.3438726e-01   5.3076803e-01  -7.3469775e-02   3.5113128e-02  -8.8125207e-02  -2.4779921e-02   6.2256638e-01  -7.7569944e-02   2.1627537e-01  -9.6299970e-02   1.1895464e-01  -1.8834794e-01   4.1598162e-01   2.1746596e-01  -3.9526883e-01  -4.9423846e-01  -1.9773548e-02   3.2130645e-01  -2.5171800e-01   5.8450188e-01   2.8639383e-01   1.4286055e-01   1.9836729e-01   6.6886224e-01   3.1681313e-01  -3.1649062e-01  -1.3977207e-01  -3.8023437e-01   3.1839417e-01  -4.6286097e-02  -4.3282407e-01  -3.6414619e-01   3.7088984e-01  -3.9818990e-01   8.6603825e-02  -2.8750693e-01   2.2441074e-01   2.8091183e-01   3.8859147e-01   7.5586467e-02  -2.6970072e-01   4.9804628e-01  -2.6618173e-01  -3.5330108e-01  -1.3331173e-01   2.2262451e-01  -3.6034072e-01   4.1228147e-01   2.6849748e-02  -3.3044600e-01  -2.3321637e-01   1.5174449e-01
   2.5320300e-01   3.3839809e-01  -1.6230122e-02   1.4460247e-02  -1.6892347e-01  -1.5163738e-01  -1.1061210e-01   0.0000000e+00   4.1812046e-01  -1.5448912e-01  -1.0621674e-01   1.7070782e-01  -4.0846398e-01   3.4732017e-01   3.9301329e-01  -5.2575502e-01   1.9619079e-01  -4.6612088e-02   5.9546264e-01  -1.4944457e-01   1.2103648e-01   3.2938601e-01   6.3012865e-03   1.5510957e-01  -6.9284566e-03   7.2464285e-01  -1.5353191e-01   3.4505944e-01   1.0254957e-01   4.2052442e-01   4.5836748e-01   2.2405953e-01  -2.7699559e-01   2.4985392e-01  -1.0225478e-01  -2.9863550e-01   1.7621198e-02  -1.3563543e-01  -4.6459084e-01   4.1750159e-02  -3.3945341e-01  -4.0391375e-01   9.9060207e-02   5.5450060e-01  -2.6552151e-01  -7.9075367e-02  -2.9614473e-01   1.3959430e-01  -2.7352816e-01  -3.2734564e-02  -4.8325842e-02   7.3496363e-01   4.1882972e-01  -9.3286926e-02   1.6079355e-02   3.9438696e-01   1.2278527e-01   5.4934008e-01   1.2422766e-02   6.4464477e-01   3.4759791e-01  -6.1520038e-02   2.7373973e-01   5.1674197e-01   5.8912824e-02   6.1498718e-02   6.9133481e-02   1.3920461e-01   2.4617385e-01  -1.7857338e-02   1.9012483e-01  -5.5280631e-02   3.1020387e-01   2.3735082e-01  -2.0239372e-01   6.6437986e-01   1.8082275e-01   5.6152226e-01   1.2947013e-01  -2.0787541e-01   3.7705784e-01   9.3263453e-02   2.8087563e-01   7.9066642e-01   4.8313119e-02   5.1143784e-01   2.9239190e-01   1.9621569e-01   1.0762878e-01   1.0592894e-01   8.8294186e-02   2.2039449e-01  -1.1417368e-01   1.8837267e-01  -1.5115056e-01  -1.2903953e-01  -3.0733580e-01   7.6276735e-01   6.5676125e-02   1.3810592e-01   2.6123678e-01   1.3836540e-01   5.0029321e-01   6.0202303e-01   6.7441776e-02   3.1087991e-01  -2.7505889e-01   7.2381397e-01  -2.9442409e-01   1.3532622e-01   1.5622486e-01   7.7840450e-02   6.3506669e-04   2.2705292e-01   3.0471939e-01   4.0256490e-01   4.0911186e-01   2.8018548e-01   1.0624213e-01  -4.0450926e-02   2.0636204e-01  -2.8952163e-02  -1.0692132e-01   1.4348433e-01  -3.5575656e-02   3.8724685e-01  -7.4268653e-02  -1.8659224e-01   4.4848829e-01  -2.3954856e-01   7.7431749e-02  -9.7632284e-02   2.4517317e-01   4.7664592e-01   1.3881568e-01   6.5953599e-01  -3.7334199e-01   3.0724606e-01   5.1775058e-01   2.5801929e-01   2.8095034e-01  -2.9435707e-01   1.2852747e-01   1.0534257e-03   8.4337203e-02   6.0021664e-01   1.2518066e-01   2.1965539e-01   5.5978931e-02   1.4698853e-01   2.7904775e-01   7.4345433e-01   6.0100692e-02   1.8213072e-01   7.8562804e-02   1.4099154e-01   1.9125427e-01  -2.2511818e-01   4.9526913e-03   5.9315348e-01  -7.5129839e-02   4.3462853e-01  -8.4923655e-02   2.6369291e-01   2.6543716e-01   3.2116303e-01   1.6820964e-01   3.2452868e-01  -5.3895647e-02   8.6975085e-02   2.2871183e-01  -4.0756639e-01   4.4075875e-02  -1.3336539e-01  -9.1999379e-03  -2.4281916e-01   3.4320376e-01
   2.6905378e-01   5.1404418e-01   5.4424628e-02   4.8108389e-01   8.5585237e-02  -1.7894010e-01  -2.6986426e-02   4.1812046e-01   0.0000000e+00  -6.1994067e-02   7.4439137e-03   5.1887509e-01   6.4877279e-02   3.6066215e-01   4.2078080e-01  -3.4699679e-01   5.0096026e-03   1.9900007e-01   3.7304438e-01   6.5928640e-02   3.0251017e-01   4.6984802e-01   1.1341128e-01   1.0094607e-01   3.8336905e-01   3.4652638e-01   1.2351681e-01   1.7184770e-01   2.1932408e-01   5.0764687e-01   5.0653664e-01   2.6513526e-01   1.5903350e-02   3.0319172e-01   1.3850561e-01   1.0217910e-02   4.1976005e-01  -1.9312753e-01  -3.2802482e-01   9.8211178e-02  -5.3362667e-02  -2.4132566e-01   1.7752232e-01   2.4500306e-01   8.4567561e-02  -1.9097782e-01   7.6598378e-02   2.4803606e-01   2.5560406e-01  -1.0710926e-01   2.2816225e-01   3.1114824e-01   2.6477114e-01   5.3523674e-02   5.6145023e-02   2.1548701e-01  -1.3412188e-01   6.1198006e-01   6.5705168e-02   6.7157633e-01   3.7609713e-01   3.0046285e-01   6.6652746e-01   4.0190855e-01   3.9246768e-01  -4.2378454e-02  -7.6625724e-02   4.3708942e-01   3.1984233e-01  -1.3496346e-01   1.5186931e-01   4.5122070e-01   5.8274588e-01   1.8113673e-01  -1.5176958e-02   3.9099767e-01   1.7828386e-01   1.4921552e-01   1.1694036e-01   3.1269475e-01   5.1430229e-02   4.8177558e-01   1.3505562e-01   2.0661953e-01   8.7441139e-04   2.6963649e-01   3.0271336e-01  -1.5945006e-01   3.2146382e-01   7.9111467e-02   1.3686458e-01   1.4699293e-01  -7.8505384e-02   7.3067067e-01  -2.4421529e-01   3.6254156e-02   1.9798161e-01   2.9540632e-01   5.8168404e-01   2.7468068e-01   1.4406134e-01   2.1721563e-01   3.2250577e-01   7.5747985e-01   3.2247054e-01   4.7665992e-01   1.3417430e-01   4.1423205e-01   1.0719734e-01  -6.2749244e-02   2.0406228e-01  -5.3882598e-03   5.0966258e-01   2.0499915e-01   2.0185444e-01   3.9367606e-01   2.8299208e-01   5.5216237e-01  -8.8612253e-02   3.4362947e-01   1.8048003e-01   5.9618379e-02  -7.6594894e-02   5.1190633e-01  -4.6070180e-02   2.3968963e-01   1.8324692e-01   3.4093239e-01   5.6508675e-01  -3.7314179e-01  -1.7255666e-01   3.9393290e-02   4.1410808e-01   5.0517287e-01   6.1481384e-01   4.4039717e-01  -2.0860984e-01   8.1148759e-02   2.9410272e-01   1.6292805e-01   3.1988507e-01   9.4810056e-02   4.8726984e-02  -1.8187836e-01   2.5116303e-01   4.8475367e-01   1.8929092e-01  -1.9512666e-03  -5.0789104e-02   3.6700289e-01   2.0461359e-01   4.9133157e-01   4.0334461e-02   3.3649687e-01  -1.0026270e-01   8.3727005e-02   1.5197619e-01  -7.8801825e-02   6.4543409e-02   2.6346634e-01   2.3186849e-01   2.2834149e-01   2.7373943e-03   3.8688848e-01   4.6162815e-01   2.4859932e-01  -9.0346203e-02  -7.9179280e-02   1.2794704e-01  -2.1743521e-02   7.9742574e-02  -5.6318274e-01   3.7697195e-01  -2.5920059e-01   3.9206220e-01  -1.1725168e-01   5.8858446e-01
  -1.3768924e-02  -5.1315415e-02  -1.0402160e-01   5.8075217e-03   5.8136154e-03   1.2769557e-01   3.7276766e-01  -1.5448912e-01  -6.1994067e-02   0.0000000e+00   1.5446665e-01   2.4815370e-01   4.6382218e-02  -1.2899911e-01   1.9257025e-01   8.7988447e-02  -1.8851423e-01   1.5904670e-01  -5.3459143e-02   8.2042071e-02   2.5559301e-01   3.0836573e-02   4.9581755e-01  -2.2522460e-01   1.0757411e-02  -3.7998517e-01  -3.1840760e-02  -1.0002380e-01  -1.2398097e-01  -2.1454331e-02   1.0242042e-01  -6.2126746e-02  -2.1830537e-01   4.2131881e-01   2.9164631e-01   2.0774938e-01   2.9083556e-01  -1.0978207e-01   2.2534569e-02  -5.1228665e-02   2.4881262e-01  -2.5468390e-01   1.4519358e-01  -1.9474970e-02   3.9280404e-01  -9.5570953e-02   9.6119933e-02   2.0015956e-01   2.9690965e-02  -2.8647693e-01   2.1527997e-01  -3.8604154e-01   2.2516297e-01  -1.5871860e-01   7.4863955e-03  -9.2310233e-02   5.1759853e-02  -1.5863256e-01   1.0418316e-01  -3.8805755e-02  -1.3952279e-01   2.1280570e-01  -2.4359355e-04   1.6209675e-01   1.0060069e-01   6.4480266e-01   9.4018694e-02  -2.5587469e-04  -7.1681440e-02  -1.7102115e-01   5.4138805e-02   1.8741482e-01   1.1807942e-01  -1.7696187e-01  -1.5603190e-01  -1.6287644e-01  -9.5391789e-02  -8.1298440e-02   3.7114433e-02   1.7212275e-02  -6.1967509e-02   2.0801749e-01   1.0161632e-01  -1.4722348e-01  -2.7145223e-02  -7.8920785e-02   4.6303058e-02  -1.9173011e-01  -2.0669991e-01  -1.8344764e-01  -2.5248406e-02  -1.8660779e-01   3.5765353e-01   1.2145782e-01  -8.9370566e-02   5.3249711e-02   6.4618110e-02  -7.4432524e-02   1.1809184e-01   4.3178794e-01   5.2791510e-02   3.0319658e-01  -5.7970682e-02  -8.3029381e-02   1.6718376e-01  -7.9662273e-02  -2.0036195e-02  -7.7527570e-02   1.7941218e-01   2.0805679e-01   2.0506400e-01   7.3088729e-02  -3.4983201e-02  -1.3614264e-01  -5.2493638e-02   6.0407026e-02  -2.1085895e-01   2.2024993e-01  -1.1469048e-01   5.4018547e-02  -1.4202957e-01   1.4441993e-01  -2.3472848e-01   7.7725854e-02  -1.0054490e-01  -2.6290423e-01   3.6701676e-01   9.9797449e-02  -4.3033371e-02  -1.0988677e-01  -1.3521135e-01   3.5028500e-01  -7.4419945e-02   1.2008569e-01   9.3470475e-02  -1.6069947e-01  -1.0812187e-01   1.7003882e-03  -1.3225455e-01  -1.8261734e-01  -1.9023298e-01   3.6294193e-01   3.1636549e-02  -1.8000084e-01   3.1592040e-01  -2.1996203e-03   1.8347150e-01   1.4234406e-01   4.2086297e-01   3.8780593e-01  -9.7468617e-02  -1.7218756e-01  -1.4694055e-01   1.2965997e-01  -2.3362197e-01  -1.3904434e-01  -1.7561014e-01   1.9260785e-01  -2.0996270e-01  -1.4578431e-01  -2.3971413e-02  -3.3426754e-02   3.6762418e-01   1.0203438e-01  -1.2067225e-01   1.1624990e-01   1.9528844e-01  -1.1106132e-01  -1.7692849e-01   1.4432333e-01   2.0562495e-01  -1.0175108e-01   2.3201660e-01  -9.3021759e-02  -2.3513494e-01  -2.1981986e-01  -3.4937589e-02
  -4.2834929e-01  -2.7988536e-01  -1.0462615e-01   1.5447525e-01  -7.4390700e-02   5.0416569e-01   5.5101768e-01  -1.0621674e-01   7.4439137e-03   1.5446665e-01   0.0000000e+00   1.3885732e-01   1.6700666e-01  -3.6157343e-01   4.4870689e-01   4.5283320e-01  -4.8938058e-01   6.3246658e-01   2.9728007e-02   2.6590555e-01   3.7307574e-01   9.8742992e-02   5.2685649e-01  -5.4926176e-01  -1.9706406e-01  -1.7698189e-01   1.5786362e-01  -9.0438226e-02  -3.2172407e-03   2.1439455e-01   1.4520364e-01   3.2267571e-01   2.4964663e-01   2.5799265e-01   2.9783732e-01   6.2383827e-01  -8.6382885e-02  -3.4444525e-01   3.5755478e-01  -3.0088776e-01   3.7852432e-01  -1.9508413e-01  -3.6070166e-01  -5.2862542e-02   4.2408354e-01  -2.6573643e-01   6.5558919e-01   2.4257935e-01   1.7866699e-01  -4.6023254e-01   6.6172857e-01   6.0548503e-04   8.4571203e-04  -4.8288275e-01  -1.2455860e-01   1.3973780e-01   2.2741564e-01  -6.0548756e-02   4.9452132e-01   1.8190442e-02  -3.9108782e-01   1.8099674e-01  -1.4487804e-02   2.8587950e-01   4.1970862e-01   2.9421498e-01   4.0215472e-01  -4.1558927e-01   4.3682348e-01  -3.3099467e-01  -3.1759067e-01   2.8693426e-01   1.4513903e-01  -2.8395422e-01  -1.8837046e-01  -2.3005226e-02  -3.9122906e-01  -4.0299225e-02  -2.7118778e-01   2.0875129e-02   3.6967327e-01   2.6277986e-01  -3.0224321e-01  -2.1012548e-01  -4.0423738e-01   1.5885640e-01  -2.4709800e-01  -4.2755800e-01   2.7605380e-02  -6.0050080e-01  -1.8663135e-01  -5.6298810e-01   1.5399288e-01   3.0830129e-01  -3.1582745e-01  -5.1136696e-02   1.9640794e-01  -1.0874680e-01   6.8272227e-02   1.4497624e-01  -1.7466183e-01   6.9899954e-01   1.5769151e-01  -1.7840264e-02   4.0792145e-01   1.6825454e-01  -3.2266451e-01   5.6648226e-02  -1.9549559e-02   4.1316524e-01  -2.5080540e-01   4.6475218e-01  -5.9382739e-02  -5.0270481e-01  -6.5150872e-02  -3.8415489e-01  -2.0773740e-01   1.9003883e-01  -6.5286674e-03   3.9093519e-01  -5.3384379e-01  -1.0049625e-01  -1.5981683e-01   3.2831737e-01  -3.9082685e-01  -3.5408378e-01   5.1041397e-01  -3.3421522e-02   7.2623663e-02  -1.3621994e-01  -9.6006288e-02   5.6038841e-01  -1.8845544e-01   1.4957592e-01  -9.3884355e-02  -4.3639771e-02  -1.9155035e-01   4.8921239e-01   1.2997024e-01  -5.3524532e-01  -6.1943292e-01   1.6600101e-01   6.8151614e-01  -3.3038034e-01   6.5522261e-01   1.4538175e-01  -2.3993378e-01  -6.0374044e-02   7.1604948e-01   1.1380845e-01  -4.4135970e-01  -1.5017671e-01  -5.0077157e-01   3.8800006e-01  -2.7785994e-01  -5.2053387e-01  -4.2310612e-01   4.5233379e-01  -4.4638927e-01   8.5575500e-02  -3.3591896e-01   5.2769906e-01   1.2239365e-01   4.1802127e-01   1.1213912e-01  -5.0763937e-01   5.8236750e-01  -1.1132011e-01  -4.9312924e-01  -3.1489504e-01   1.1223771e-01  -3.2532730e-01   5.8783928e-01   1.8651831e-02  -1.7938769e-01  -1.9071415e-01   2.1209961e-01
   8.8175893e-02   4.1757284e-01   3.4523704e-01   4.0938563e-01   5.1187134e-02   2.3397084e-01   2.4264888e-01   1.7070782e-01   5.1887509e-01   2.4815370e-01   1.3885732e-01   0.0000000e+00  -6.6154411e-02   2.8957264e-01   4.3574331e-01  -1.2735635e-01   1.1297954e-01   2.2524017e-01   3.4967611e-01   2.2711048e-01   2.5439414e-01   6.1137977e-01   1.9080905e-01  -2.6870321e-01   9.8018041e-02   1.5184840e-01   2.5073690e-01   8.9852809e-02   4.5138839e-02   5.3193901e-01   3.3063269e-01   2.6164460e-01  -5.3686532e-02   3.0520285e-01   3.6004290e-01   2.1389957e-01   3.4220672e-01  -3.7978690e-01  -2.1137044e-01   1.1014573e-01   2.4506107e-02  -3.4180375e-01   2.5275790e-01   2.7394936e-01   1.8574220e-01  -4.0684237e-01   2.1956013e-01   3.2252314e-01   2.4175564e-01  -6.1872491e-02   2.8131972e-01   1.3527228e-01   3.4522806e-01  -1.1672799e-01   3.6406040e-02   1.3643144e-01   2.0840234e-01   3.2771255e-01   2.6095844e-01   5.0311441e-01  -2.1539055e-02   2.9590652e-01   3.3073030e-01   2.4269153e-01   2.3122090e-01   1.2796770e-01   2.3343880e-01   1.6269531e-01   2.8652591e-01  -2.5203092e-01   1.5613365e-01   3.3562959e-01   3.3974562e-01   3.8399976e-01  -2.6779420e-01   3.2580275e-01  -1.7142213e-01   1.6327369e-01   8.8983701e-02   8.6639867e-02   1.1510358e-01   3.8785076e-01   1.3959457e-01   6.1458740e-02   2.5265260e-01   3.8014367e-01   1.3026733e-01  -1.8784222e-01   8.0699840e-02  -1.9528019e-01   5.2584306e-02  -1.3221641e-01   3.5921634e-01   4.8530128e-01  -4.8842196e-01   1.3697138e-01   1.0535617e-01   1.1731267e-01   3.8643305e-01   2.8067923e-01   8.9665218e-02   3.8686856e-01   4.1100405e-01   4.4864821e-01   4.6045466e-01   4.8558272e-01   4.5520161e-02   3.0840822e-01   1.3453241e-01   1.0548740e-01   2.5968390e-01   2.7064046e-01   3.0647981e-01  -1.3751542e-01  -8.5686457e-03   1.6365297e-01   3.9173263e-02   4.3472586e-01   5.2327289e-02   2.9028550e-01  -1.8579209e-01   2.9870772e-01  -2.3147084e-01   4.0334496e-01  -2.6390389e-01   1.9141466e-01   4.6036393e-01   1.7055959e-01   4.2618837e-01  -2.0382284e-01  -4.9514685e-01   1.4042412e-01   6.1785475e-01   2.6924595e-01   3.2246322e-01   3.0374180e-01  -3.3537385e-01   3.1084636e-01   3.1167461e-01  -2.0835110e-01  -2.7835655e-02   3.7575436e-01   1.0774893e-01  -9.9932275e-02   3.9151184e-01   3.8125088e-01   3.1825828e-01   1.2336223e-01   4.5603886e-02   2.5377716e-01   1.4521955e-01   2.9474136e-01  -2.8231812e-01   1.6391385e-01   1.1455130e-01  -2.8441052e-01  -2.9260575e-01   1.5995366e-01  -2.9032238e-01   8.9449364e-02   6.5094771e-02   1.0361369e-01   1.4348057e-01   4.9025378e-01   3.6371100e-01   9.0519363e-02   9.0209554e-02  -2.0502767e-02  -1.1773864e-01   1.0608359e-01   1.6104782e-01  -6.1501245e-01   3.6663073e-01   6.6028490e-02   1.0329807e-02  -2.5334897e-01   6.2318140e-01
  -1.7266452e-01  -2.9585072e-01  -1.1682935e-01   3.8053428e-01   2.8256292e-01   1.2801600e-01   6.1939044e-02  -4.0846398e-01   6.4877279e-02   4.6382218e-02   1.6700666e-01  -6.6154411e-02   0.0000000e+00  -6.5900488e-02  -5.1462617e-02   5.0400094e-01  -3.1241275e-01   2.5317624e-01  -3.0279368e-01   2.1930354e-01   1.4155258e-01  -1.4125859e-01   1.3116954e-01  -1.7687962e-01   2.0529091e-01  -2.8233979e-01   2.1740963e-01  -4.1882138e-01   7.7990697e-02   2.3391995e-02  -1.1897771e-01   1.1407042e-01   3.6989354e-01  -1.2478451e-01   2.1918194e-01   3.1116630e-01   5.0013161e-02  -7.5612336e-02   4.4286612e-01  -1.5151645e-01   6.3759552e-01   3.1208117e-01  -5.5778858e-02  -3.3390613e-01   3.7760999e-01  -1.1230799e-01   3.6733295e-01  -1.4287613e-01   4.7786128e-01  -1.6350722e-01   2.5399277e-01  -4.4491991e-01  -2.9393386e-01   2.4134426e-01   1.3076897e-02  -1.4944071e-01  -1.0486811e-01  -7.3281952e-02   2.3911009e-01  -1.3908427e-01  -1.9093896e-02   2.5549043e-01   5.5551564e-02  -2.7209353e-01   6.2844651e-02  -6.8669781e-02  -1.3969046e-01   1.5952644e-01   8.7189820e-02  -1.8725060e-01  -3.1296272e-01   3.8674925e-01   1.5527597e-01  -2.2302304e-01   3.6964128e-01  -2.9715875e-01  -8.2667364e-02  -2.7179367e-01  -1.8779173e-01   5.5192946e-01  -2.7899211e-01   3.1958727e-01  -3.1528174e-01  -4.3612501e-01  -2.6224881e-01  -2.0746280e-01   5.2729452e-03  -2.8900557e-01   2.2667761e-01  -1.1128183e-01  -8.1166833e-02  -5.1017016e-02   3.2142667e-03   2.2335873e-01  -1.4150984e-01   3.1646405e-01   4.4834635e-01  -4.6576924e-01   2.7203194e-01  -1.7776909e-02  -3.0531071e-01   1.4552380e-01  -1.9786006e-01  -1.4009622e-01   2.3257406e-01   9.7573421e-02   3.6123426e-01  -2.2178132e-01   3.4243463e-01  -1.1626200e-01  -2.0790332e-01   3.4971385e-02   3.1525313e-01  -1.7110754e-01  -3.2286534e-01  -3.4152128e-01  -1.5783227e-01   2.1085411e-01  -4.6916717e-01   3.8236071e-01  -6.6470477e-02   6.7199454e-03   1.1261608e-01   4.9220526e-02  -8.5043563e-02  -2.4626012e-01   2.5087808e-01   3.3064763e-01  -8.5627282e-03  -1.2753483e-01   1.2241604e-01   2.2163513e-02  -1.8811790e-01  -2.3983107e-01   1.7939484e-01  -2.9677543e-01   4.5068233e-01  -3.1505387e-01  -2.5040911e-01  -2.4530033e-01  -1.4363277e-01   3.7857573e-01   9.0780480e-02  -3.0257522e-01   1.1843199e-01  -2.6053024e-01  -3.1355859e-01  -2.1945711e-01  -5.1411648e-02  -6.7061905e-03  -3.2316635e-01  -4.0848796e-01   4.6040956e-02   4.9823068e-02  -3.4508309e-01  -1.7346780e-01  -8.2765058e-02   4.2852745e-01   1.6606866e-01  -3.3933361e-01   2.5125910e-01  -7.5676523e-02   1.0093334e-02   1.2438066e-01   1.4488198e-01  -2.8541287e-01  -2.2132722e-01  -3.5462974e-01   2.9025619e-01  -1.0008205e-01  -1.4220794e-01   1.0626523e-02   1.7972361e-01  -1.5404823e-01   3.2982881e-01   2.3572889e-01   7.7626495e-02
   5.2252925e-01   2.7705880e-01   1.9629993e-01   3.2195508e-01  -1.7014114e-01  -3.6534626e-02  -1.9570117e-01   3.4732017e-01   3.6066215e-01  -1.2899911e-01  -3.6157343e-01   2.8957264e-01  -6.5900488e-02   0.0000000e+00   1.9477937e-01  -4.5377358e-01   2.7662687e-01  -5.4632294e-02   3.1744979e-01  -2.1631050e-01   1.5815670e-01   5.0720752e-01  -3.1830318e-02   2.8756698e-01   1.4906762e-01   4.6816705e-01  -4.8023950e-02   4.5569832e-01   5.0731375e-02   2.1679685e-01   4.6344385e-01   1.5888599e-01  -2.5072945e-01  -7.5739427e-02  -3.4415546e-02  -3.3031623e-01   1.9523685e-01  -5.8096484e-02  -3.9076247e-01   7.0243375e-02  -2.0537750e-01  -2.1629625e-01   3.4645841e-01   5.4093926e-01  -2.6645762e-01  -3.9615163e-03  -1.3814725e-01  -4.6141372e-02  -7.4798989e-02   2.8637051e-02  -1.3161878e-01   2.7886121e-01   2.0401423e-01   1.4098160e-01   3.9828683e-01   3.6565333e-01   6.1571231e-02   4.9696279e-01  -4.4113313e-02   5.3974180e-01   3.1474096e-01   3.7864421e-02   1.7540265e-01   1.5083794e-01  -2.0860764e-01  -1.3987974e-01  -1.2276618e-01   2.7282024e-01   2.0559379e-01   2.1341297e-01   8.2074245e-02   1.7232468e-02   3.6350422e-01   6.6716052e-01  -1.9508769e-02   4.4573942e-01   2.4925820e-01   3.7578889e-01  -4.5432874e-02   1.1280154e-01   2.8034459e-01   2.1608457e-01   1.5989844e-01   3.1232854e-01   5.6074715e-01   3.4949711e-01   4.8770089e-01   4.7189459e-01   8.4375118e-03   3.4844174e-01  -1.0953205e-01   2.8904913e-01   4.2718990e-02   1.7136324e-01  -1.0908522e-01  -1.1055266e-01  -1.0298991e-01   3.3774717e-01   1.9397399e-01  -9.8844015e-02   4.6329905e-01  -2.3733758e-01   4.4412208e-01   4.5869994e-01   5.2963965e-02   4.1392412e-01   1.8217696e-01   3.8232054e-01  -1.8849330e-01  -3.8342660e-02   3.8686875e-01   1.1236690e-01   2.6140467e-01   3.8557451e-01   4.4695232e-01   1.2890625e-01   3.9044471e-01   3.6851401e-01   3.1544517e-01  -4.3101511e-02   3.0428988e-01  -5.1768975e-02  -9.2095715e-02  -2.3066927e-02   8.5523484e-02   7.1537418e-01  -1.6904359e-01   2.4774938e-01   4.3310528e-01   1.0772944e-01  -2.3470964e-02  -3.9144654e-01   5.7351649e-01   2.7406007e-01   3.8131724e-01   3.4517823e-01  -2.0628439e-01   1.7740959e-01   2.9394859e-01   2.8913496e-01   5.1091374e-01  -5.1208413e-02  -1.5383302e-01   3.6302333e-01  -6.4062527e-02   2.7204205e-01   5.5917654e-02  -1.6147355e-02  -2.7346468e-01   6.4626919e-02   6.3076647e-01   5.7272466e-01   1.6937196e-01  -2.3119804e-01   2.2174870e-01   2.7383921e-01   2.0362536e-01  -2.2826475e-01   6.9193185e-02   3.1875292e-01   2.5713105e-01  -7.3704204e-03  -1.5641933e-02   2.3160509e-01   3.1544412e-01   1.6111158e-01  -4.0846167e-01   9.1727049e-02   2.4025059e-01   8.1425168e-02  -1.8635457e-01  -3.5233521e-01  -1.6645589e-01   2.5232904e-02   2.1638515e-01  -5.4851842e-02   3.6953076e-01
