   0.0000000e+00   4.3395127e-02   2.9460931e-01  -1.8567872e-01  -7.1091331e-02   3.8229391e-02  -4.5001097e-01  -1.2502955e-01  -1.5541993e-02  -1.9224234e-01  -3.5028740e-01  -1.0367274e-01   2.3882958e-01   4.1176289e-01  -4.4552011e-01  -1.5033831e-01   5.0167839e-02  -2.3217272e-01  -1.0980473e-01  -2.0340805e-01  -4.3411327e-01  -2.7581006e-01  -3.9225903e-01   3.5444016e-01   1.1530917e-02  -4.6668340e-02  -1.6147480e-01   4.7111430e-01   7.9784660e-02  -1.5144782e-01  -2.5427839e-01  -1.8803754e-01   1.3644699e-02  -5.4167241e-01  -1.5794314e-01  -2.0652240e-01  -2.5409566e-01   4.4532604e-01  -1.4150568e-01  -8.4286783e-02   1.6974241e-01   1.6617986e-01  -1.1728047e-01   4.0088294e-03  -4.0050903e-01   6.4185106e-01  -2.7341595e-01  -3.0119665e-01  -2.3719409e-01   1.0487752e-01  -1.7186146e-01  -2.0425483e-01  -5.7874083e-01   1.8309666e-01   1.6596393e-01  -1.0526857e-01   2.7830601e-01  -2.6165824e-01  -1.9108274e-01  -2.4271540e-01   2.2059033e-01  -3.8748851e-01  -1.3093186e-01  -3.1705431e-01  -1.9313033e-01  -1.2190801e-01  -2.6961583e-02  -1.0374461e-01  -3.2559523e-01   2.9420324e-01  -2.7661858e-01  -2.1843376e-01  -1.5066232e-01   5.8029945e-01   1.9700949e-01  -2.2346348e-01   3.8007632e-01  -5.8561746e-02  -3.0141938e-02   2.1643005e-01  -1.1983670e-02  -2.7917699e-01  -4.0835585e-01  -1.0424041e-02   3.5808506e-01  -1.6749748e-01  -3.8782063e-02   2.1524668e-01  -4.3387005e-02   7.1674911e-01   8.3633615e-02   4.0216299e-01  -4.2833456e-01   9.7013994e-03   5.6146912e-01   9.1537091e-02   1.6719203e-01  -1.6321002e-01  -1.3404907e-01  -3.7065070e-01   3.0206279e-01  -4.4687946e-01  -7.9240826e-02  -5.8127030e-02  -3.7284648e-01  -1.6032905e-01   1.7192034e-01  -2.5756738e-01  -2.7222604e-01  -2.1001319e-01  -4.3136639e-01  -7.8709298e-02  -1.0181783e-01   7.1252866e-01   4.0218294e-01   6.9466418e-03  -1.9824537e-01   2.3695990e-04   5.6847940e-01  -1.6102269e-01   1.1988525e-01  -5.7413449e-02   8.1129282e-02  -2.7629836e-01   6.7947283e-01   3.2265602e-01  -4.7883378e-01   7.4064664e-02  -3.1604272e-01   2.2405613e-01  -2.3239747e-01  -4.9256247e-01   2.2704835e-01  -2.8981007e-01  -1.5875669e-01  -1.7722070e-01   2.6546690e-01   2.6738516e-01  -2.1414234e-01   4.8246160e-01   5.2108323e-01   2.7666861e-01  -2.0036602e-01   5.2640880e-01  -3.8911998e-01  -3.9686186e-01  -1.8224719e-01  -2.1190034e-02  -1.9278204e-01  -2.8974434e-01   4.3792275e-01   8.5463801e-02   2.3819289e-01  -4.2468671e-01   7.0635713e-02   5.2640798e-01   1.8573606e-01  -1.4240594e-02   2.2893481e-01  -1.4431846e-01  -8.0701583e-02  -3.2243352e-01  -4.1105623e-02  -2.2050173e-01  -8.1577743e-02  -3.1703576e-01  -4.4062445e-01   2.4291693e-01   2.5870599e-01  -3.7926059e-01  -1.1767089e-01   1.3184308e-01  -3.2543005e-01   1.9207093e-01   9.9642041e-02   6.2318614e-02  -1.1596673e-01
   4.3395127e-02   0.0000000e+00   3.1979414e-01  -3.3761319e-01   2.1911161e-01  -1.4729181e-01  -1.7469707e-01   1.3906301e-01   5.6382767e-01   3.3936028e-02  -4.9884846e-01   2.1686927e-01  -3.2715474e-01   9.9742484e-02  -7.6819328e-02  -3.1957298e-01   3.8747020e-01  -5.5665643e-01   1.5261461e-01  -8.0848745e-02  -3.6091843e-01  -2.3273079e-01  -4.3248543e-01   1.5798663e-01  -3.7826846e-02   4.2096204e-03   8.1700114e-02   6.1524335e-02   6.9368034e-02  -3.2060965e-01  -5.3270595e-02  -1.1038747e-01   4.8335099e-02   1.4893800e-01   1.8625922e-02  -3.9732137e-01   3.3810062e-02   1.2671980e-01  -3.0903413e-01   9.2177272e-02  -4.0073436e-01   1.5112803e-01   3.7163423e-01  -2.7968378e-01  -2.8452069e-01   1.5307683e-03  -5.6866713e-01  -3.4005642e-01  -2.1430646e-01   5.7185914e-01  -4.9671267e-01   1.7979524e-01   1.7306579e-01   1.0642346e-01   5.6750059e-03  -1.5928155e-01   2.9502708e-01  -1.1589175e-01  -4.5681246e-01   2.1718438e-01   2.0765517e-01  -1.4996651e-01   6.9749435e-01   4.8777433e-01   2.4243298e-01  -4.0428389e-03  -4.5494226e-02  -2.2714778e-01  -1.9786093e-01  -8.6787350e-02   2.7361089e-01  -3.8795802e-01  -2.0282570e-01  -6.6030231e-02   6.2181323e-02   1.4006714e-02   3.6431388e-01  -2.6618894e-01   2.8428565e-01  -3.5281787e-01   7.4508770e-02  -9.4471767e-04  -1.5956105e-01   1.6799183e-01  -1.2729047e-01  -1.0442800e-01  -3.5158914e-01   4.8699489e-02   5.4110541e-01   5.7783107e-02   5.4762694e-01   1.5965309e-01  -2.1026670e-01   2.0497676e-01   2.9834235e-01  -1.8130096e-01  -2.2631873e-01   9.3169534e-02  -2.3635432e-01   9.1653691e-02  -1.1469438e-01   1.1349140e-01   8.0411206e-02   4.1081489e-01  -5.8233467e-01  -1.4916122e-01  -1.6412318e-02  -1.0534727e-01  -3.1770082e-01  -4.6140385e-01  -3.1796738e-02  -5.1925757e-01  -9.0394407e-02  -5.7928303e-02  -6.8106299e-02   3.7538858e-01   7.1117980e-02  -3.6701173e-01  -1.8914710e-01  -3.0233414e-01   2.6295599e-01   1.2375463e-01   3.8504693e-01  -3.3698293e-02   7.7065995e-02   7.6641251e-02  -3.7087356e-02   7.7623557e-02  -2.6861171e-01   1.2769611e-01  -3.0534324e-02  -6.6266649e-02   3.2302546e-01  -1.9112412e-01   1.7038151e-02   2.4743775e-01  -2.1289231e-01   3.5513525e-02   2.0895722e-01   2.9829402e-01   2.6109386e-01  -2.1821220e-01  -3.2392359e-01  -1.6799333e-01  -2.0959605e-01  -4.2213754e-01  -1.7704362e-02  -7.9428659e-02  -5.0924560e-01   6.3533979e-02  -2.1268317e-01   2.9274746e-01   3.6072786e-01   1.2985803e-01   3.2874939e-01   3.1609119e-01   3.6421357e-01  -2.9852399e-01   3.2915517e-01   8.3624832e-02   2.1386051e-01  -2.2568261e-01  -1.2897111e-01  -5.8347441e-01   1.2337030e-02   3.9894672e-01  -1.6713848e-01   2.0017028e-01   3.0321748e-01   2.4578226e-01   4.8476592e-01   3.6293802e-01  -4.1052104e-01  -3.0665869e-02   1.7634672e-01  -7.7272337e-02  -5.4806466e-02
   2.9460931e-01   3.1979414e-01   0.0000000e+00  -1.4525632e-01   3.2908396e-01   2.8494595e-01  -2.2225358e-01  -1.8751152e-01   4.1934417e-02  -2.6312898e-02  -5.3411017e-01   4.0844937e-01   1.0095497e-01  -3.4885528e-02  -3.7171259e-01  -4.7172954e-02   8.0442440e-01  -2.2908762e-01   3.6734931e-02   2.9528800e-01  -2.9855615e-01  -1.8821219e-01  -2.6332445e-01   1.0328188e-02   7.7547237e-03  -1.0248655e-01   3.5995955e-01  -1.9856437e-01   3.5777295e-02  -1.2624484e-01  -3.0890883e-01  -9.7606835e-02   2.0464801e-01  -1.8010134e-01  -8.4695647e-02  -1.0861705e-01  -1.6326054e-02   1.4476450e-02  -4.5695728e-02   4.9752100e-01   3.3012452e-02   3.4563052e-01   1.2615247e-01  -4.2174692e-01  -2.6395760e-01   4.9909624e-01  -2.0124391e-01  -3.0779309e-01  -8.7660796e-02   5.9788481e-01  -2.8605899e-01  -2.0453714e-01  -2.6020216e-01   2.1002887e-01   1.0301565e-01  -3.1759489e-01   1.2601259e-01  -7.3098129e-02  -1.7444746e-01  -1.6554850e-02   3.8948253e-01  -2.5511567e-02   1.5730766e-01  -1.1252516e-01  -3.9516366e-02  -1.7769508e-01   2.8047891e-01  -2.0005197e-03  -2.6764642e-01   6.0297431e-01  -8.3403605e-03  -2.3084753e-01   3.9467815e-02   3.1680112e-01   1.2774084e-02  -8.8876157e-02   3.5445197e-01  -2.0111419e-01   2.8601172e-01   9.2264302e-02  -3.0480280e-01   9.9537439e-02  -2.4806939e-01  -8.8248194e-02   2.9946501e-01  -1.1706393e-01  -2.0718798e-01  -1.1622541e-01   4.4366967e-01   1.3259123e-01   3.5807457e-01   4.8830665e-01  -1.2190449e-01  -5.8203629e-03   2.1502942e-01   3.2696157e-01   1.3092154e-01   7.5559187e-02   1.2482276e-01  -8.0251505e-02  -1.0623822e-01  -4.1020731e-01  -1.5405423e-01  -7.1057330e-02  -3.6942682e-01  -1.2147067e-01   3.6410646e-01  -1.4848277e-01  -1.3322261e-01  -1.3463806e-01  -4.6548676e-02  -1.5423337e-01   9.6399358e-03  -2.3594277e-02  -1.5501839e-01   1.8014926e-01  -1.5923305e-01  -1.6430315e-02   1.5803965e-01  -1.3092984e-01   1.6228885e-01   3.2902712e-01   4.5063065e-01  -2.2915052e-01  -1.7826910e-02  -6.5878075e-02  -2.9141929e-01   2.1730488e-01  -6.4478992e-02   4.6337096e-01   7.1893271e-02  -4.2209489e-01   4.3402622e-01  -3.0805164e-01   1.0122693e-01  -1.2962022e-01   7.2583844e-02  -2.7986362e-01  -1.7592798e-01   3.8043411e-02   1.6130680e-01   1.2164370e-01  -3.1964246e-01   8.1849332e-02  -3.5910773e-01  -3.7242584e-01   3.2176328e-01  -1.9789658e-01  -3.3745376e-01  -1.9724818e-01   2.0735612e-01  -1.4340820e-01   2.9960712e-01  -3.5446050e-01   6.0340750e-01   1.6156489e-01   2.3987674e-01  -1.8675396e-01   3.4784443e-01  -3.7144545e-01   1.8987743e-01  -4.1241593e-01  -1.6529559e-02  -2.6931299e-01   3.9235452e-02   2.5578571e-01  -3.5065222e-01  -3.6805232e-02   2.6918153e-01   9.1552158e-02   1.9574833e-01   3.5653303e-02  -2.7134908e-01   3.7573799e-01   1.0541259e-01   1.7925911e-01   6.9295341e-02
  -1.8567872e-01  -3.3761319e-01  -1.4525632e-01   0.0000000e+00  -1.0958708e-01  -7.2817910e-03   5.9675619e-02  -3.0722287e-01  -2.2961025e-02  -1.7960369e-01   3.4660475e-01  -6.9135584e-03  -1.6900658e-01   2.2969402e-02   1.1576544e-01   2.8726694e-01  -3.4192127e-02   5.5943951e-01  -6.6326679e-02   1.2501177e-01   2.3835988e-01   6.2530667e-01   2.8414292e-01  -2.7858378e-01   2.5412037e-01  -8.3615583e-02   5.2560642e-02  -2.6328736e-01   5.4267710e-01   4.9868681e-01   1.0937674e-01   6.2723112e-01  -2.7886402e-01   2.1108740e-02   5.7143419e-01   2.5449821e-01   1.0416073e-01   4.7924570e-02   2.5443541e-01  -2.5978625e-01   4.0635372e-02  -1.0866239e-01   2.2267197e-01   5.4163941e-03   5.0002558e-01  -1.5451324e-01   5.4941222e-01   1.3765324e-01   4.5435287e-01  -5.1516435e-01   5.3134799e-01  -2.6826856e-01  -4.2587055e-02   4.4390635e-01   1.2901257e-01  -1.0588649e-01  -2.7477706e-01   4.7091524e-01   5.1716649e-01   3.7445390e-01   5.4790195e-02   5.9077729e-01  -1.3840104e-01  -3.4809090e-01   2.6325909e-01  -4.3279490e-02   1.0879448e-01   3.0283447e-01   6.9220021e-01  -1.6839751e-01  -2.2154139e-01   8.2164487e-01   2.1706399e-01   7.3724868e-02   2.0508657e-01   1.2944679e-01  -2.6706554e-01   3.6172520e-02  -3.5465886e-01   5.0659164e-01  -3.6061366e-01   2.1828237e-01   2.2766770e-01  -2.9978394e-01  -6.4221175e-02   7.8301549e-03   4.6467481e-01   1.2528988e-02  -2.1098348e-01  -2.3909631e-01  -2.9339852e-01   8.9046456e-02   6.1544983e-02   2.1031623e-01  -2.0511170e-01  -3.1915238e-02   5.2882022e-01  -6.2375032e-02   6.6461082e-03   9.6135474e-02  -3.9211564e-01   1.7960998e-02   9.0774793e-02   1.9462200e-01   6.0157308e-01   6.5427902e-01   2.2978869e-01   2.2016663e-01   5.3042218e-01   1.7025144e-01   2.0916483e-01   4.2825376e-01   8.1172449e-01  -1.6574546e-01  -3.8022522e-01  -5.3629932e-01  -2.8444884e-01   1.9286139e-01  -1.5664188e-01   7.9543050e-01   4.7179966e-02  -6.3915793e-02   1.8356574e-01   1.9719596e-01  -2.3242428e-01   1.1864207e-01   3.5011117e-01   4.1055865e-01   5.5605987e-01  -3.7045846e-01  -7.4619517e-03  -1.4126133e-01   2.0224230e-01   1.8579722e-02   7.4464447e-01  -2.2393626e-01   5.5843685e-01  -2.2490823e-01  -5.6994504e-02  -7.4364198e-02  -6.8257009e-02  -3.1040044e-01   5.0538225e-01  -3.6260286e-01   2.6455215e-01   4.4633531e-01  -1.6915021e-01   1.0882223e-01   2.0773909e-01   3.2844018e-02  -2.1464426e-01  -3.1476099e-01  -1.6590777e-01   1.0068467e-01  -3.3243590e-01  -3.3594672e-01  -7.8217833e-02   2.6373979e-01   1.2033551e-01  -2.3603608e-01   4.7450497e-01   3.8286246e-01  -1.3634640e-01   5.7555290e-01   4.9559792e-01  -2.0561047e-01   2.2606951e-01  -3.4008701e-01   3.3175379e-02  -1.6613995e-02  -1.1613880e-01  -1.4579569e-01   7.1587514e-01  -2.1542674e-01   3.9697511e-02   1.0424006e-01   5.7192790e-01
  -7.1091331e-02   2.1911161e-01   3.2908396e-01  -1.0958708e-01   0.0000000e+00   2.3871944e-01   5.3020384e-02  -1.0427433e-01  -1.9349831e-01   1.3554502e-01  -3.5609666e-01   2.6405321e-01   2.7496880e-01  -2.7119634e-01  -2.0669587e-01   1.8328454e-01   3.6345671e-01  -4.6958518e-02  -1.3891536e-01   7.0569008e-01   4.0362470e-02  -1.9366498e-01   3.2970610e-03  -1.6267979e-01   1.3251691e-01  -1.2687859e-01   3.5826258e-01  -4.0386808e-01  -5.0617188e-02  -5.2400269e-02  -4.7338146e-02  -1.9096813e-01   1.7335309e-01  -3.6805791e-02  -2.2532630e-01   4.5255779e-01   3.8489517e-01  -8.3265805e-02   2.6089356e-01   4.6456901e-01   3.0435882e-01   1.1247488e-01   9.1591617e-02  -4.3805580e-01  -7.1251632e-02   1.6029381e-01   1.3218107e-02   1.1112241e-01   2.5362286e-01   2.3396311e-01  -1.8855282e-01  -1.8456177e-01   7.2160810e-02  -5.9599082e-04  -2.7347043e-02  -3.1827864e-01  -1.3863865e-01  -1.7819117e-01  -3.8920656e-02  -1.5928227e-01   5.3743867e-02  -1.3497215e-02   2.3453766e-01   6.1661704e-02   1.2131114e-01   1.8154856e-01   3.7740083e-01   2.0362997e-01  -3.3529836e-01   2.1688307e-01   3.2972458e-01  -2.0357703e-01   3.7108109e-01  -2.3431324e-01  -1.1076133e-01  -1.8129998e-01   2.5706355e-02  -2.8549235e-01   6.3142720e-01   1.0891703e-01  -3.0344809e-01   3.2054312e-01   3.5093510e-02  -8.3580004e-02   2.0902876e-01  -1.5706421e-01  -7.3654425e-02  -2.0675836e-01   2.2996684e-01  -9.9630299e-02   5.8633918e-01  -5.2474042e-02   7.9160326e-02  -2.7084692e-01  -6.2957349e-02   5.7739056e-01   1.6047851e-01  -1.6189313e-01   4.4104912e-01   8.1635033e-02  -1.5084060e-01  -2.3654677e-01  -1.9699003e-01  -2.2262644e-01  -1.8632262e-01  -1.3305082e-01   1.5415613e-01  -1.1456102e-01   9.1837096e-02   2.4934749e-01  -6.5182022e-02  -2.6125081e-02  -9.1346806e-02  -1.8524878e-01  -3.3946482e-01   4.5839923e-01  -4.2492694e-02   2.3149934e-01  -3.3556656e-02  -8.6594637e-02  -3.5904970e-01   6.1110687e-01   1.4012444e-01  -5.4685640e-02  -1.1428684e-01  -3.6153864e-01  -1.2387698e-01   1.0864554e-01  -1.5457524e-01   2.9065967e-01   2.0038314e-01   2.9211069e-02   1.8974568e-01  -1.0765127e-01  -7.7455213e-02  -2.3677988e-01  -2.1267265e-02  -2.1885448e-01  -2.8927296e-01  -2.6868606e-01  -2.6065505e-01   1.1146700e-01  -3.0854283e-01   6.0399690e-03  -3.6119256e-01  -8.5634539e-02   2.4554472e-01   7.8463954e-02  -5.3447634e-02   1.0415996e-01  -8.6730996e-02  -8.6195448e-02  -1.3095330e-01  -1.0427987e-01   5.9488351e-01  -1.6070662e-01  -1.8277386e-01   6.7830374e-03  -5.0744851e-02  -3.2833892e-01   2.8845956e-02  -4.7623799e-01   4.0449388e-01  -5.8757703e-02  -3.5478202e-02   3.0318788e-01  -1.0422907e-01  -6.5531538e-02  -1.5309959e-01   4.9343630e-01   2.8853261e-01  -2.6021569e-01  -1.1986437e-01   4.2383176e-01  -1.9163374e-02   1.5014077e-01  -9.2403136e-02
   3.8229391e-02  -1.4729181e-01   2.8494595e-01  -7.2817910e-03   2.3871944e-01   0.0000000e+00   2.0141739e-01   2.0784298e-01  -1.7974298e-01   1.3022968e-02  -1.3342287e-02   1.9289869e-01   9.8170216e-02  -2.4250129e-01  -7.2920689e-03   2.1286762e-01   1.7708113e-01   1.7570212e-01   1.4231933e-01   3.6789475e-01   3.3364862e-02  -8.0893187e-03   1.6198344e-01  -2.2289039e-01  -2.8202582e-02   9.7165828e-02   5.0930491e-01  -2.9867501e-01  -1.5865057e-01   1.9942399e-01  -1.1464689e-01  -7.8048704e-02   1.9201313e-01  -1.2682274e-01  -1.3083748e-01   3.6615087e-01   2.5508605e-01  -9.8141717e-02   2.0277187e-01   3.4105835e-01   2.4496108e-01   1.2822345e-01  -3.1493840e-03  -1.8797719e-01   2.0577476e-03   3.5736131e-01   2.7349764e-01   3.6668130e-02   1.5356841e-01   6.8874206e-02   1.0242978e-02   4.3725064e-02  -1.7434321e-01  -9.9330055e-05   1.7380692e-01  -9.6116337e-02   1.9923112e-01   6.7078134e-02   9.1504409e-02  -5.8912224e-02   1.0347857e-01  -1.5536003e-02  -2.2245504e-01  -1.1424007e-01  -1.8789090e-01  -1.8026718e-02   6.5234362e-01   1.9822358e-01  -6.8401220e-02   5.2015760e-01  -8.5152170e-02   6.0199210e-02   1.0359347e-01   2.6169946e-02  -3.1494089e-01  -2.9930377e-01   1.1286835e-03   2.6962766e-02   1.1667567e-02   8.7678542e-02  -2.3126968e-01   7.9439609e-02  -1.1116612e-01   1.8525729e-01   4.9522472e-02  -2.9735975e-01   2.1054465e-02  -2.2610931e-01  -2.0430242e-01  -1.4300647e-01   6.1229953e-02   2.7355543e-02   2.5583045e-01  -1.8206213e-01  -4.3526720e-02   4.9567350e-01   1.0378078e-01   3.7159997e-01   4.8280774e-01  -6.9134801e-02  -1.7796097e-01  -1.8526993e-01  -2.9603809e-01  -2.2663443e-01   1.2887420e-01  -7.7786207e-02   1.6165900e-01   2.6420572e-01   6.4750000e-02   3.4676127e-01  -2.9150996e-02   2.9572783e-01  -4.1433503e-03  -1.6462662e-01  -3.0360841e-01   1.1249081e-01   6.5551352e-02   1.9382889e-01   1.8577870e-01   1.0147157e-01  -1.1611747e-01   2.3155563e-01  -1.1736932e-01  -1.6313940e-01  -7.1719917e-02  -2.1926486e-01  -1.5456648e-01  -2.6263551e-01   5.6740409e-03   3.1056652e-01   2.1187532e-01  -9.2688637e-03  -1.2708100e-01  -1.7428707e-01   7.0957251e-02  -2.0645181e-01  -1.6523652e-01  -3.8672506e-01  -2.7687349e-01  -3.2719970e-01  -2.0918461e-01  -3.3188413e-02  -1.1761323e-01   2.4524105e-01  -1.1193910e-01  -3.0133487e-02   2.2102960e-01   7.2568117e-02   2.2486652e-01  -2.3893941e-01   7.9150384e-02  -5.7452913e-02  -3.0282067e-04  -2.1832262e-01   4.0137675e-01  -2.0923807e-01  -7.5834378e-02  -2.6876848e-02  -8.7317101e-02  -1.5324095e-01   8.2285619e-02  -1.1684266e-01   2.0674442e-01   1.7256171e-01   2.5453073e-01  -3.1300010e-02  -6.2535587e-02   3.7933241e-02   9.0221511e-02   7.6520815e-02  -3.5868042e-02  -1.8039128e-01   6.0314404e-02   7.1018950e-01  -5.4724332e-02   2.0339719e-01   2.3556930e-01
  -4.5001097e-01  -1.7469707e-01  -2.2225358e-01   5.9675619e-02   5.3020384e-02   2.0141739e-01   0.0000000e+00  -1.4007811e-01  -2.9321397e-01   4.6071448e-01   3.6924467e-01   4.9184154e-01   7.4448033e-02  -4.6088684e-01   4.3403526e-01   2.4485652e-01  -1.5939552e-01   3.7423302e-01  -3.0976228e-01   4.2488470e-01   5.7416654e-01  -9.3276033e-02   6.6304791e-01  -3.3127425e-01  -8.2061121e-03  -3.3703413e-01   1.1518094e-01  -3.5458223e-01  -1.4619172e-01   1.6155780e-01  -4.3559604e-02  -1.3706111e-01  -1.7027682e-01   6.3113410e-01  -1.5732950e-01   5.9319372e-01   3.6155661e-01  -2.8582227e-01   2.7025259e-01   7.3205510e-02   1.7803211e-01  -2.8945924e-01   1.9101211e-01   7.1260999e-02   4.7246948e-01  -1.9167588e-01   3.6897988e-01   5.3638259e-01   1.3530432e-01  -2.9024071e-01   2.5931298e-01  -1.9114949e-01   4.7353930e-01  -2.0196392e-01  -8.7749039e-02   1.6839509e-01  -3.9764262e-01  -2.8791396e-01   2.2788065e-01   1.5021497e-01  -4.1543574e-01   3.4673261e-01  -2.6854415e-01   1.1569271e-01  -1.0164885e-01   4.0682031e-01   9.2054585e-02   8.6945139e-02  -3.2912815e-02   1.6475541e-01   4.3226108e-01   1.5686659e-01   2.8061021e-01  -3.1381624e-01  -1.9247771e-01  -2.0022846e-01  -4.3968128e-01  -2.7975577e-03   1.3651352e-02  -6.1352473e-02  -9.9437082e-04   3.3641447e-01   3.6375221e-01  -3.0719341e-01  -3.2689170e-03  -1.5000843e-01   1.0118885e-01  -2.2515848e-01  -2.5085038e-01  -3.4670199e-01  -3.3351556e-01  -4.6290470e-01   7.3852218e-01  -2.4967483e-01  -4.5391244e-01   2.0186094e-01  -1.4201081e-02  -2.5674001e-01   3.7864949e-01   5.5492621e-01   4.1789129e-02   4.2153545e-01  -3.4324006e-01  -1.4793493e-01   4.4823249e-01  -1.8843317e-01  -3.1439724e-01  -1.1356178e-01   3.4968951e-01   4.7016387e-01   5.9341343e-01   2.6803761e-01  -1.3477256e-01  -2.1143807e-01  -7.7167312e-02  -1.6228581e-01  -1.3551675e-01   2.9313270e-01  -9.6166140e-02   3.1641375e-03  -4.3028661e-01   1.5319077e-01  -1.4174832e-01   1.6397311e-01  -2.3579680e-01  -3.8191961e-01   3.8388772e-01  -2.2068903e-01  -1.4282577e-01   1.3551051e-01  -2.3944828e-02   5.2500072e-01  -2.8668320e-01   6.8028104e-02  -3.4926721e-02  -2.0425604e-01  -7.0222644e-02  -2.3833843e-01  -2.2636966e-01  -3.9339088e-01  -3.6531066e-01  -2.1415431e-01   1.7491355e-01   1.1890897e-01   2.9735833e-01   2.8352805e-01   6.0754488e-01   1.3282101e-01   4.7077241e-01   2.5841226e-01  -3.2747326e-02  -3.0440441e-01  -5.2107171e-01   2.2663633e-01   1.8204855e-01  -4.4763956e-01  -5.1107814e-01   1.6765372e-01  -4.9443847e-01   1.1672055e-01  -3.1613504e-01   1.8584665e-01   3.8344453e-01   3.8082057e-01  -2.7473071e-01   1.6925419e-01   6.3486912e-01  -2.4286120e-01  -4.7763030e-01   1.7121007e-01  -9.2400113e-02  -4.3589877e-01   2.5694836e-01   1.0187347e-01  -1.1764301e-01  -1.9887789e-01  -2.0615047e-01
  -1.2502955e-01   1.3906301e-01  -1.8751152e-01  -3.0722287e-01  -1.0427433e-01   2.0784298e-01  -1.4007811e-01   0.0000000e+00   1.9674430e-01  -8.7311916e-02   1.1409194e-01  -3.0751391e-01  -1.2519437e-01   2.1557926e-02   3.1930750e-01  -1.0758429e-01  -1.2172162e-01  -2.4875570e-01   5.1888546e-01  -3.3360553e-01  -2.0969813e-01   1.2943151e-02  -1.3481116e-01  -2.9586600e-02  -8.2049746e-02   5.6420111e-01   9.8390926e-02   1.9352463e-01  -2.9668489e-01  -1.7960606e-01   3.1522519e-01  -3.2100126e-02   1.8460159e-01   4.7668377e-02  -2.3015410e-01  -3.1006521e-01  -5.3588601e-02  -1.7365951e-01  -1.5719316e-01  -6.1343316e-02  -1.7967229e-01  -2.0851525e-02  -3.2220365e-01   2.6412125e-01   1.2949469e-02  -2.1385655e-01  -1.9425675e-01  -1.0698336e-01  -8.5416458e-02   1.4471035e-01  -1.2709991e-01   8.0447403e-01   9.5325803e-02  -4.0230718e-01  -8.6873759e-02   1.5263531e-01   5.3556467e-01   2.6353277e-01  -1.6564865e-01  -1.5336287e-01   1.9950782e-02  -1.7997901e-01   1.4663479e-01   5.1602417e-01   4.3527636e-03  -1.2413335e-02  -2.4149020e-02  -5.0183981e-02   5.5524317e-02  -2.1725487e-01  -3.2017172e-02  -1.6896436e-01  -1.4817215e-01  -3.1279410e-01  -2.4788137e-01   1.6881771e-01   1.2529044e-02   2.0718781e-01   2.1599326e-02  -3.4590734e-01   4.7319018e-01   2.8113092e-02  -1.6475737e-01   7.8840494e-01  -4.2510253e-01   1.7614775e-01  -2.9490371e-01  -6.3162764e-02  -1.8343176e-01  -1.3128353e-01   1.5819203e-01  -1.8139979e-01  -2.0569099e-01   7.5878901e-02   2.5733668e-02  -4.2584438e-01  -3.4103192e-01   6.3178680e-01   1.9061394e-02   1.6224633e-02  -2.9716917e-02   3.7845713e-01   2.3070430e-01   1.2145681e-01  -8.2397639e-02   7.5204772e-02  -1.9377632e-01   5.5814190e-01  -3.2431836e-01  -3.0152844e-01  -2.9957891e-01  -1.8175047e-01  -1.9201896e-01  -2.1200667e-01   4.3491310e-02   4.5382315e-01   5.5541361e-01  -1.6872894e-01  -2.6082271e-01  -1.5062119e-01   5.1702438e-02  -2.2823573e-01  -2.8645929e-01  -1.9783050e-02  -9.7979950e-02  -9.4728732e-02   4.7265378e-03  -3.1018547e-01   2.5429429e-02  -2.8400209e-01   3.0430591e-01   3.0805404e-01  -2.7768418e-01   1.3089032e-01  -1.7220089e-01   5.6342624e-01  -3.9651031e-01   2.2309135e-01   3.9331194e-01  -1.3185375e-01  -7.5101257e-02  -1.5119976e-01  -1.0737349e-01  -2.0679661e-01   2.1270203e-01   5.1196348e-02  -2.5163280e-01  -1.5689801e-01  -1.3914158e-01  -9.4660988e-02  -1.5830320e-01   6.3341842e-01   1.9999563e-01   9.2515165e-02  -2.0887359e-01  -8.1777037e-02   9.3364626e-02  -1.2929794e-01  -6.0531704e-02   3.4054117e-01  -1.3778605e-03   1.0645366e-01  -3.3871904e-01  -1.5763940e-01   1.7813720e-01   1.1967068e-01  -1.4837345e-01   3.2965609e-01   9.8075478e-02  -7.3791358e-02   1.2457749e-01   5.8838940e-02  -1.4910523e-01  -1.5039866e-02   9.3836775e-02   2.0745094e-01   1.0056253e-01
  -1.5541993e-02   5.6382767e-01   4.1934417e-02  -2.2961025e-02  -1.9349831e-01  -1.7974298e-01  -2.9321397e-01   1.9674430e-01   0.0000000e+00  -9.4040666e-02  -2.5811760e-01  -2.0768069e-01  -3.8407447e-01   2.9018944e-01   4.7679436e-02  -4.2605207e-01   2.5067934e-02  -3.5764708e-01   3.5268561e-01  -4.4281345e-01  -2.7488590e-01   4.1756707e-02  -3.0205702e-01   1.6921144e-01   8.4338673e-02   2.6377347e-01  -7.8446829e-02   2.7150492e-01   2.6444648e-01  -2.9680198e-01  -1.3234440e-02   1.9665373e-01  -1.4545139e-01   7.5366825e-02   5.1337420e-01  -5.9868324e-01  -1.8682773e-01   1.3867014e-01  -5.2724519e-01  -2.7721487e-01  -4.6586832e-01   1.2864408e-01   4.2270030e-01  -9.8458646e-02  -1.2732652e-01  -1.3371094e-01  -4.1238343e-01  -4.9967137e-01  -1.7360130e-01   2.6251219e-01  -2.5168107e-01   3.2787815e-01   4.1394144e-02   1.5986997e-01  -9.3353195e-02   5.6937512e-02   3.5319104e-01   2.5815944e-01  -2.4895974e-01   5.1162939e-01   2.1371223e-01   3.7842161e-02   6.3132277e-01   2.9029531e-01   3.9491851e-01  -4.2996531e-02  -1.0175909e-01  -2.1372845e-01   1.1781276e-01  -2.9310518e-01  -2.3110391e-01  -3.5220897e-02  -2.9504749e-01   1.2255449e-02   1.0295923e-01   1.4942949e-01   2.7625831e-01  -2.3015926e-01  -2.2996986e-01  -3.2202967e-01   2.3229672e-01  -1.1537843e-01  -2.1812008e-01   1.8459642e-01  -3.9678597e-01   4.7391693e-02  -1.4093077e-01   1.0423946e-01   2.6502914e-01   8.5664723e-02   3.1317251e-01   2.4879159e-01  -2.8428154e-01   7.1901426e-01   2.9753499e-01  -4.3406962e-01  -1.8558088e-01   2.8283439e-01  -4.7783183e-01   2.3595501e-02  -2.2389285e-01   2.7966583e-01   3.0691496e-01   5.6561748e-01  -3.1099939e-01   6.2234319e-02  -8.1612509e-02   8.6791483e-02  -1.3260023e-01  -4.9602281e-01  -1.0978466e-01  -4.5242486e-01   2.3346150e-01  -1.1394038e-02  -3.8853734e-04   2.1831188e-03   5.8608567e-02  -4.2926152e-01  -2.8481323e-01  -9.0390420e-03   5.2269355e-01  -1.9402391e-01   2.7434653e-01   2.0997034e-01   8.7928915e-02   4.5786685e-01   2.2567184e-01   1.8514430e-01   1.4109905e-02  -2.8935872e-01  -7.0062722e-02  -2.0704914e-01   1.4496155e-02  -8.1784368e-02   3.5288132e-01   4.4550106e-01  -1.5511285e-01   1.8477099e-02   4.6078701e-01   4.0029942e-01   2.7645491e-01  -2.8823582e-01  -6.3432201e-02  -2.7920800e-01   1.8724124e-01  -3.1486973e-01  -3.8177149e-01   1.3074815e-01  -3.4733149e-01  -9.2182552e-02  -2.0329491e-01   3.5492500e-01   4.4214217e-01   1.9344936e-01  -2.1112512e-01   3.0599025e-01   4.9479559e-01  -2.0154933e-01   4.3579890e-01   1.7864155e-01   3.9718099e-01   3.1975543e-02  -2.5716067e-01  -4.5322582e-01   3.5099575e-01   1.0802404e-01  -1.3704767e-01   2.1815697e-01   3.9895291e-01  -6.1430400e-02   4.3717460e-01   4.6076496e-01  -3.5634356e-02  -3.1068134e-01   1.1611497e-01  -7.1548826e-02   1.9574195e-01
  -1.9224234e-01   3.3936028e-02  -2.6312898e-02  -1.7960369e-01   1.3554502e-01   1.3022968e-02   4.6071448e-01  -8.7311916e-02  -9.4040666e-02   0.0000000e+00   4.5662534e-02   2.8561596e-01   8.0970500e-02  -3.5200271e-01   4.4619793e-01   6.1073367e-02  -3.0469112e-02   1.1805379e-01  -2.2019258e-01   1.9183517e-01   4.7740636e-01  -2.6898685e-01   4.3740296e-01  -2.0808531e-01   8.4601539e-02  -1.4760210e-01  -3.4774757e-02  -2.0549076e-01  -1.2828603e-01  -2.3662632e-01   1.7308096e-01  -2.9741201e-01  -2.0861303e-01   5.8199436e-01  -1.3374051e-01   2.8014195e-01   3.8475890e-01  -1.5046503e-01   1.1120503e-01   2.2955078e-01   2.4497570e-01  -2.1093339e-01   1.1499549e-01  -1.7760485e-01   3.2181020e-01  -8.9959138e-02   7.4518692e-02   3.5018070e-01   1.2724059e-01   1.2900717e-02   1.3572646e-01  -1.6682171e-01   3.7673424e-01  -6.6394964e-02  -1.3939835e-01  -6.7791408e-02  -8.2601690e-02  -3.7655560e-01  -8.8779996e-02  -8.7085541e-03  -1.7462993e-01   2.0441859e-01  -1.2787166e-01   2.4633368e-01   2.3927105e-02   3.9353649e-01  -1.3433986e-01   1.4760470e-01  -3.7097255e-01   4.7558316e-02   6.0837407e-01  -1.8405162e-01   2.5194563e-01  -1.9578721e-01  -2.3693945e-01  -1.8815319e-01  -1.2150436e-01  -3.4680890e-01   3.3831467e-01  -8.7602798e-02   9.7641468e-02   2.4849995e-01  -4.5699172e-03  -1.4874224e-01   1.7756780e-01  -1.2072429e-01  -5.8740339e-02  -1.8733288e-01   3.3069598e-02  -1.7663523e-01  -7.8443269e-02  -2.1779073e-01   3.1330848e-01  -1.0522149e-01  -1.2895483e-01   6.5287677e-02   4.3025103e-02  -3.2576953e-01   2.8716613e-01   5.5177983e-01   2.5467417e-01   1.9644200e-01  -2.7459287e-01  -3.1740352e-02   4.7362581e-03  -2.8300105e-01  -2.0505175e-01  -3.2923606e-01   6.9049056e-02   1.0321323e-01   2.5885227e-01  -1.6523526e-01  -1.5503669e-01  -1.2962875e-01   9.8860158e-02   1.9737603e-01  -2.5327070e-01   2.2994646e-01  -1.6151563e-01  -2.0855053e-01  -2.6415504e-01   1.4154530e-02  -4.4331716e-02   2.0584998e-01  -1.0342470e-01  -2.6543495e-01   2.9349971e-01  -1.9495029e-01  -2.8114108e-01   1.4277233e-01  -1.6354109e-01   5.4465465e-01  -1.5498730e-01   3.1485544e-01  -1.2110645e-01  -1.4641768e-01  -1.3571439e-01  -3.1189070e-02  -1.5156796e-01  -2.6413170e-01  -2.5347020e-01  -7.1961552e-02  -3.3078247e-01   5.7851596e-02   2.0407497e-01   1.9912421e-01   5.8215877e-01   5.3097337e-02   6.7521445e-02   5.8516111e-01   1.0093744e-01  -5.0834567e-02  -3.0700472e-01  -1.0879021e-02   2.2614087e-01  -1.9439569e-01  -1.8316001e-01   9.5025718e-02  -2.8044471e-01   5.6442523e-02  -2.5471142e-01  -3.3745743e-01   4.5634298e-01  -7.6455124e-02  -2.2699980e-01   2.7096406e-01   2.5331911e-01   2.1630924e-02  -1.8849228e-01   3.8307266e-02  -7.6728545e-02  -2.5607514e-01  -8.1055819e-02   1.2480871e-01  -5.9439313e-02  -2.4283364e-01  -1.9468961e-01
  -3.5028740e-01  -4.9884846e-01  -5.3411017e-01   3.4660475e-01  -3.5609666e-01  -1.3342287e-02   3.6924467e-01   1.1409194e-01  -2.5811760e-01   4.5662534e-02   0.0000000e+00  -2.0247761e-01   1.2313720e-02  -2.8065567e-01   4.5091621e-01   2.6737432e-01  -5.0019938e-01   6.3776988e-01  -3.7241599e-02  -8.9630388e-02   5.0163202e-01   2.6044238e-01   4.1520715e-01  -3.0517706e-01   7.3988582e-02   3.1984609e-02   2.1321839e-02  -1.3062986e-01  -1.5890185e-02   3.1670042e-01   1.8393724e-01   2.9662183e-01  -1.8771672e-01   1.1795408e-01   4.6251502e-03   3.4648783e-01   1.8946264e-01  -2.0075739e-01   3.0068931e-01  -2.1295123e-01   1.2377476e-01  -3.3871540e-01  -2.2729169e-01   3.1926637e-01   4.8300588e-01  -2.2834845e-01   7.1952040e-01   2.5880720e-01   1.9146622e-01  -5.2725166e-01   7.1256216e-01   5.4725359e-02   1.7008963e-01  -2.0267414e-01  -2.4709941e-02   1.3415117e-01  -2.3102190e-01   1.7231553e-01   4.6392933e-01   9.8983532e-03  -2.3180448e-01   3.0592818e-01  -3.4035771e-01  -2.4427555e-02  -1.0229929e-02   1.5788103e-01  -4.6021726e-02   1.4832060e-01   5.5311594e-01  -5.7423971e-02  -8.2870855e-02   5.7588230e-01   1.8259616e-01  -1.8970041e-01  -3.7471060e-02   2.5157098e-01  -3.4639842e-01   2.3209585e-01  -4.9090441e-01   1.1958201e-01  -5.1282458e-02   9.6505526e-02   2.6894770e-01  -8.5436036e-02  -2.6666710e-01   2.1866846e-01   8.5166419e-02  -1.1048622e-01  -4.9352970e-01  -3.0333211e-01  -5.7582601e-01  -3.0996666e-01   2.5669098e-01  -5.6274679e-02  -2.9786952e-01  -9.9331428e-02   7.4418655e-02   3.9858747e-02   1.8429695e-01   3.5771977e-02  -2.2839271e-03   2.7729357e-01  -1.3089778e-01  -2.7886212e-02   6.7172231e-01   2.0496888e-01  -2.6361949e-01   2.9575677e-01   4.1429950e-01   3.8907302e-01   1.1695337e-01   4.4753543e-01   2.1056735e-01  -1.6000700e-01  -1.3893011e-01  -4.1445735e-01   6.3740287e-02   1.6298151e-01  -5.9336646e-02   4.3001847e-01  -1.3718072e-01  -2.8277864e-01  -3.6109740e-01   2.3539088e-01  -1.8047072e-01  -1.7386197e-01   3.7915961e-01  -9.2081173e-02   3.4818373e-01  -2.3442180e-01   1.2116058e-01   3.5859049e-01  -3.5170201e-01   2.7168101e-01   9.4534827e-02   1.6459145e-03   7.9235852e-02  -1.0493287e-01  -2.1546321e-03  -2.8317222e-01  -2.0047664e-01  -9.7728816e-02   6.7056659e-01  -5.8997788e-02   4.3421845e-01   5.7132712e-01  -9.6958023e-02   2.7610545e-01   6.0196064e-01   1.4044344e-01  -1.0321655e-01  -2.0264295e-01  -2.6430357e-01   3.2984857e-01  -3.9998892e-01  -3.8827502e-01  -2.5860573e-01   3.5351571e-01  -3.3927581e-01   4.7043867e-02  -3.1249033e-02   6.4670167e-01   4.7375388e-02   6.2060322e-01  -8.1468283e-03  -3.5657946e-01   4.1180314e-01  -1.4364600e-01  -2.2340007e-01  -1.5116564e-01  -2.6168192e-01  -2.1129918e-01   6.0648453e-01  -1.7529828e-01   6.0937220e-02   3.5986853e-04   5.9647228e-02
  -1.0367274e-01   2.1686927e-01   4.0844937e-01  -6.9135584e-03   2.6405321e-01   1.9289869e-01   4.9184154e-01  -3.0751391e-01  -2.0768069e-01   2.8561596e-01  -2.0247761e-01   0.0000000e+00   7.7355145e-02  -2.8884094e-01  -7.6018285e-02   8.0729451e-02   3.7095663e-01   7.3447131e-02  -3.2036651e-01   6.0491473e-01   4.4987870e-02  -1.5247728e-01   1.3052593e-01  -1.6881758e-01  -6.8109170e-03  -5.0435300e-01   2.0127675e-01  -3.7841003e-01  -3.4834497e-03   2.7257854e-02  -3.3143833e-01  -1.8940734e-01  -1.1396896e-01   3.4698610e-01  -1.8125258e-01   3.4002044e-01   1.9796936e-01  -1.5415177e-01   9.1252461e-02   3.5968505e-01   9.8826009e-02  -4.8024487e-02   4.9100293e-01  -2.8811939e-01   1.7551184e-01  -5.6223239e-03  -2.7768483e-02   6.5500719e-02  -6.6719904e-02   1.3625663e-01  -4.0273586e-02  -3.7282879e-01   1.4976945e-01   1.4331962e-01  -5.1055092e-02  -2.1714495e-01  -3.4611679e-01  -3.5538399e-01   7.3486207e-02   1.9267442e-01  -1.5098107e-01   2.3546748e-01  -1.4968588e-02   3.8897846e-02  -1.0782423e-02   2.4001111e-01   1.6911294e-01   1.6791163e-01  -2.2339584e-01   3.3131448e-01   3.7364258e-01  -3.7221537e-02   2.4700990e-01  -3.3018368e-02  -5.9653239e-02  -3.2615432e-01  -2.0097765e-01  -1.8440263e-01   4.0073996e-01   1.1201316e-01  -3.0513191e-01   3.0196914e-01   8.4699807e-02  -3.3195605e-01   2.6849133e-01  -2.6091127e-01  -1.0529275e-01  -2.3763665e-01   1.9863809e-01  -1.9280525e-01   7.1713879e-02  -8.7001044e-02   3.6033737e-01  -1.3205393e-01  -2.9798421e-01   3.4683858e-01   1.0729882e-01  -3.1097148e-01   2.6136600e-01   3.6892002e-01  -2.3053660e-02   5.0818866e-02  -3.9782942e-01  -4.6810177e-02  -4.2361495e-03  -1.3110200e-01   5.6488303e-02  -2.8135845e-01   2.0246265e-01   3.3084799e-02   5.2953480e-01   6.6248926e-02  -5.3777370e-02  -1.3998075e-01  -2.0734249e-01   9.0220799e-02  -2.6443019e-01   2.5665574e-01  -3.9793003e-02  -7.4596468e-02  -2.9181945e-01   4.6166558e-01   4.0187090e-01  -6.4589575e-02  -2.5811249e-01  -3.2480318e-01   1.5086383e-01   7.4650929e-02  -1.5071883e-01   3.1850559e-01  -8.3006389e-02   1.1119568e-01   1.6657666e-01  -3.6556529e-01   1.5941905e-01  -3.3337341e-01   1.3397095e-01  -3.8852830e-01  -2.8127009e-01  -1.8887785e-01  -3.7838160e-02   4.9165178e-03  -7.6921909e-02   5.3081435e-02  -1.6470886e-01  -1.0072227e-01   7.2857325e-01  -1.1275548e-01  -4.8839546e-02   1.3461306e-01   2.2700952e-02  -4.4559754e-01  -3.1130179e-01  -7.9457967e-02   5.5433139e-01  -1.5579560e-01  -3.0258387e-01   3.3911067e-03  -1.8807573e-01  -1.0083472e-01  -6.7543983e-02  -1.5544145e-01   2.2203921e-01   1.3840973e-01  -2.2615457e-01   4.4853134e-01   3.0824485e-01  -2.1789897e-01  -2.7611675e-01   1.5388976e-01   1.7742298e-01  -3.2600749e-01  -8.9887598e-05   1.1729922e-01   8.0768565e-02  -8.6623352e-03  -4.2510183e-02
   2.3882958e-01  -3.2715474e-01   1.0095497e-01  -1.6900658e-01   2.7496880e-01   9.8170216e-02   7.4448033e-02  -1.2519437e-01  -3.8407447e-01   8.0970500e-02   1.2313720e-02   7.7355145e-02   0.0000000e+00  -1.1579434e-01  -2.5960735e-01   3.5011990e-01  -4.2383183e-02   1.1388747e-01  -2.4463066e-01   3.3486653e-01  -5.1693311e-02  -3.3388039e-01  -4.9407474e-02  -1.0925449e-01   1.7923930e-02  -2.1369790e-02   8.3767529e-02  -3.3313830e-02  -1.9680256e-01  -2.0901743e-01  -2.1522040e-01  -3.4709875e-01   2.9079532e-02  -2.2090307e-01  -3.8176593e-01   3.3736880e-01  -1.6278369e-02  -5.2967356e-02   4.4435253e-01   3.0981807e-01   7.5128297e-01   2.4269404e-03  -1.8258484e-01  -1.7505955e-01  -8.0508957e-02   3.2398434e-01   1.7922007e-01   3.3379550e-02   3.6628838e-02  -1.0963293e-01   6.7710565e-02  -2.2843002e-01  -2.0078301e-01  -1.2445003e-01  -1.4536955e-01  -2.6482461e-01  -1.6010001e-01  -3.0774850e-01   1.0380332e-01  -3.4477246e-01  -9.2613199e-02  -8.2645945e-02  -2.2356339e-01  -2.4234747e-01  -5.2290059e-02   9.7678560e-02   1.1545813e-01   1.0974669e-01  -3.7053048e-01   2.9838678e-01   3.7092008e-02  -1.8098528e-01   4.7787119e-01  -8.7542701e-02   1.1465931e-01  -2.0037580e-01  -6.0864686e-02  -7.4334643e-02   2.2249077e-01   4.5041678e-01  -1.7984802e-01   2.1332196e-01  -1.2544312e-01  -4.3618781e-02   3.0835806e-01  -7.0480305e-02  -9.6438298e-02  -2.3282590e-01  -1.4916587e-01   1.5576818e-01  -2.7352743e-02  -1.4453909e-02  -3.5388945e-02  -2.3914879e-01  -7.4406297e-02   4.1867271e-01   2.8379561e-01  -2.7603192e-01   3.3662421e-01   2.4036372e-02   2.7438223e-01  -2.7972871e-01  -3.7761516e-01  -3.3408632e-01  -7.8814257e-02  -3.1415483e-01  -1.3474118e-01  -2.0705889e-01   1.1634429e-01   5.6955036e-02  -1.5001411e-01   8.2978483e-02  -3.1408871e-01   2.3466509e-01   7.7394316e-03   1.7174039e-01  -1.3511501e-01   6.3592188e-01   1.9358236e-01  -8.2905030e-02  -4.6627574e-01   2.5280881e-01  -1.7369968e-01  -1.0022960e-01   1.5369328e-01  -1.9787309e-01  -2.1335233e-01   1.7912958e-01  -1.7950644e-01   9.8143515e-02   1.3063309e-01  -2.0494609e-02  -1.6042765e-01  -1.6176001e-01  -2.7113826e-01  -3.4718611e-01   2.3957908e-01  -1.3712605e-01  -3.8158045e-01  -2.6234442e-01  -9.8149631e-02   5.7411695e-01  -1.7783157e-01   2.1398441e-01  -3.3988481e-01  -6.5636309e-02   2.4489920e-01  -2.7265394e-02   3.6254806e-02   3.4528716e-02   2.6367563e-01  -2.6578483e-01  -3.2734694e-01  -1.3352918e-01   1.7628442e-01  -1.6612221e-01  -3.4289462e-01   2.3617278e-01  -2.4288944e-01  -2.2831950e-01  -3.3629074e-01  -3.1191450e-01   2.8590409e-01   8.6335714e-02  -2.4060915e-01  -8.7547958e-02  -2.0500465e-02   6.9882627e-02  -3.3079947e-01  -1.7726086e-01  -1.8257923e-01  -3.9845651e-01  -9.2830940e-02   1.2287686e-01   1.0151829e-01   1.1287192e-01  -1.8013335e-01
   4.1176289e-01   9.9742484e-02  -3.4885528e-02   2.2969402e-02  -2.7119634e-01  -2.4250129e-01  -4.6088684e-01   2.1557926e-02   2.9018944e-01  -3.5200271e-01  -2.8065567e-01  -2.8884094e-01  -1.1579434e-01   0.0000000e+00  -2.3429257e-01  -2.2245816e-01  -8.6887321e-02  -2.1273279e-01   1.8493195e-01  -4.1996891e-01  -3.8069862e-01   2.3577770e-01  -2.7772782e-01   2.9529412e-01  -3.6222962e-02   1.1614068e-01  -3.1582270e-01   5.0866066e-01   1.7270826e-01   1.2463763e-01   1.4515608e-02   2.0149879e-01  -1.0151207e-01  -2.9230797e-01   2.9263991e-01  -4.4520346e-01  -3.5849168e-01   2.3132249e-01  -2.5133085e-01  -3.4533220e-01  -2.4141972e-01   4.2612025e-02  -2.5634392e-02   1.0817446e-01  -2.7910617e-01   1.0122669e-01  -3.6464391e-01  -2.2292277e-01  -1.7211095e-01  -5.5486559e-02  -5.6828626e-02   6.2889470e-02  -3.7309122e-01   9.5331458e-02   6.5148424e-02   2.3942800e-02   2.8494683e-01   1.9616906e-01  -1.3168433e-01   1.9799530e-02   9.7416761e-02  -2.0278687e-01   1.0207386e-01  -2.1214523e-01  -1.4015643e-01  -2.8963016e-01  -1.8724526e-01  -1.7345861e-02   3.1724608e-02  -2.4946683e-01  -2.6712442e-01  -2.7338506e-02  -1.7942818e-01   3.8763564e-01   2.7676592e-01   1.7607905e-02   2.4533541e-01   1.0349048e-01  -1.9898517e-01  -6.8625384e-06   3.2124925e-01  -2.2550762e-01  -2.5979868e-01   1.1298917e-01   1.3502707e-02   3.7841629e-02   1.4960426e-01   3.4394369e-01  -1.1870339e-01   3.3896323e-01  -2.6098313e-02   1.6138409e-01  -4.7454710e-01   3.1819131e-01   3.3540332e-01  -3.0879468e-01  -3.3680930e-02   4.0459209e-02  -3.7201380e-01  -2.8237323e-01   1.6565013e-01  -1.3544272e-01   4.2082723e-01   3.8267406e-01  -1.2839420e-01   2.1773323e-01  -5.5235707e-02   9.7782395e-03  -2.9327714e-01  -4.1765171e-01  -2.1507171e-01   5.1700102e-02   1.4982058e-01   3.0250297e-01   3.4009630e-01  -5.4664714e-02   6.6495013e-02  -1.8437437e-01   2.1134649e-01   5.3009621e-02   2.3091959e-01  -3.1585991e-01   1.0256158e-02  -1.3087912e-01   2.8981949e-01   6.6847214e-01  -1.2876413e-01   1.9450838e-01   6.3187553e-02  -2.2726014e-01  -8.1323298e-02  -3.0605805e-01   2.3378014e-01  -1.1696784e-01   5.5945191e-02   1.6775739e-01   1.2115392e-01   5.0561414e-01   2.1415699e-01   4.6331752e-01   4.6816749e-01   6.0165478e-02  -1.0080371e-01   7.4822372e-02  -4.5475170e-02  -1.9227704e-01  -3.7749969e-01  -2.0053513e-01  -2.5410477e-01  -2.1074889e-01   1.4213526e-01   2.5697243e-01   2.1328244e-01  -1.9096791e-01  -3.1572144e-01   2.8666000e-01   2.8070105e-01  -1.0174190e-01   1.9848842e-01   2.0715277e-01   1.3442287e-01  -6.1330701e-02  -4.1054218e-01  -1.6296452e-01   3.1954757e-01  -2.2749740e-01  -3.0794900e-01   2.6307185e-01   2.3747361e-01  -3.0650610e-01  -1.4110858e-01   2.2292433e-01  -1.7179413e-01  -2.3343447e-01   1.1577167e-01  -7.8608657e-03   2.7855438e-01
