   0.0000000e+00  -4.3239044e-01  -1.5408793e-01  -1.0936571e-01  -2.9663644e-01   1.0709844e-01  -6.4557138e-02   5.5214464e-01   3.6148126e-02  -1.6910684e-01  -1.1774461e-01  -4.0404371e-01  -2.0902583e-02   5.8362695e-01  -1.7266735e-01  -5.1675013e-01  -1.8763017e-02  -2.0709664e-01   2.1874880e-01  -3.5405121e-01  -2.3485007e-01   4.2802806e-02  -2.1535489e-01   8.1904367e-01  -1.7321335e-02   5.2796415e-01  -1.4309289e-01   3.6613123e-01   1.6071536e-01  -1.3385378e-01   9.4011994e-02   7.7153921e-02  -2.0506858e-01  -3.5357345e-01  -3.2835876e-01  -2.5997710e-01  -2.0761672e-01  -8.1979227e-02  -5.5751832e-01  -4.1528719e-01  -2.2861361e-01  -2.0296501e-01  -1.1715326e-01   3.0255326e-01  -2.6978230e-01   7.3066796e-01  -2.2925781e-01  -8.3767213e-02  -4.0387559e-01  -3.5293695e-01  -4.3267321e-02   5.7483596e-01  -3.2548684e-01  -1.9834681e-01   1.0885634e-01   2.3534586e-01   2.2411891e-01   1.4089860e-01  -2.7422982e-01  -2.8643144e-01   1.8296040e-01  -1.9423540e-01  -2.7758736e-01  -1.1139508e-01  -2.8762553e-01   2.0920592e-01  -6.8773519e-02  -1.7418834e-01  -7.2539427e-02   4.2603529e-01  -4.1042389e-01   4.6140246e-02  -3.9518654e-01   6.0172520e-01  -3.2991489e-02   4.9920011e-01   2.8276794e-01   1.5137359e-01  -3.0994975e-01  -3.8555084e-01   4.7162266e-01  -4.1247577e-01  -3.5361512e-01   6.0363982e-01   4.3410066e-01   4.9839722e-01  -2.2918332e-01   5.7303601e-01  -1.0160712e-01   8.1231213e-01  -2.0970751e-01   3.5904155e-01  -5.0519346e-01  -3.0696669e-01  -3.2019511e-01  -1.6028956e-01  -3.0294823e-01   2.8511624e-01  -1.3735689e-01   1.7553362e-01   5.2082630e-01  -1.0029873e-01   3.6657030e-01  -4.1977882e-02   1.3763489e-01   2.1933239e-01  -1.8020492e-01   4.0476796e-01  -2.6377704e-01  -2.2469337e-01  -2.5852595e-01  -4.6655182e-02  -1.6027669e-01   7.5818833e-01   3.4345743e-01  -1.9666131e-01   2.0653544e-01  -2.1359510e-01   2.4621200e-01  -9.5123868e-02   7.7986686e-01  -2.5382010e-01  -3.4615131e-01  -4.9455358e-01   8.2110830e-01   4.3729259e-01  -3.5691828e-01  -2.1640162e-01   1.0965208e-01   2.3546702e-01  -4.5746984e-01  -3.8386051e-01   7.1314911e-01  -3.6780005e-01  -1.6886538e-01   6.6729779e-01  -3.0927028e-01  -1.0894159e-01   6.5492618e-01   6.0314353e-01   7.3117336e-01  -1.4086783e-01  -1.3605526e-02   5.4172367e-01  -4.3916774e-01   4.9868881e-02  -4.4762767e-01  -8.1447747e-02   1.3769199e-01  -3.4831861e-01   2.1585702e-01   3.5752567e-01   5.9272310e-01  -1.4148909e-01  -3.1412446e-01   7.4769840e-01   5.8928367e-01  -2.7851271e-01   3.7142545e-01   6.6560631e-01  -8.9878189e-02  -2.5130756e-02   2.6538506e-02   4.8749389e-02   1.9649791e-01  -2.9391957e-01  -4.6843430e-02   3.5753283e-01   6.6561027e-01  -5.0728346e-01  -6.4252003e-02   3.7424475e-02   1.0207997e-02   1.9779763e-01  -1.5887659e-02  -4.5013051e-01   4.3378889e-03
  -4.3239044e-01   0.0000000e+00   2.8969891e-01  -2.8676460e-01   1.5788777e-01  -2.8386212e-01  -6.8909863e-02  -2.6518655e-01   2.1045180e-01  -3.6897544e-02  -2.6222680e-01   4.8680060e-01  -4.0369003e-01  -4.2813068e-01  -1.1612455e-01  -6.0771073e-03   2.9806430e-01  -1.6923718e-01  -1.2660972e-01   7.3306152e-02  -1.0594171e-02  -2.5952463e-01  -1.1902897e-01  -4.1846372e-01  -1.1578027e-01  -1.8182518e-01  -1.5579493e-01  -2.6673355e-01  -1.6002302e-01   2.7990493e-01  -6.7788121e-02  -4.3842284e-01   7.1300877e-03   9.1782968e-02   1.2719763e-01  -1.5933643e-01   1.4950209e-01   2.9722516e-01   1.3798110e-01   2.8985126e-01  -2.3905669e-01   1.2166814e-02   2.4259223e-01  -2.6990314e-01  -1.5100614e-01  -1.8440922e-01  -3.1886519e-01   3.7363177e-01   8.9117827e-02   4.7389642e-01  -3.9572301e-01  -3.0194152e-01   3.8512277e-01   1.0371722e-01  -2.4074861e-02  -3.0804348e-01  -8.5006694e-02  -4.1618546e-01  -1.9704487e-01   1.7051193e-01   2.0906831e-01  -9.4189706e-02   5.5927485e-01  -5.1463468e-03   1.8154599e-01  -3.7328329e-01  -3.5162129e-02   9.3046936e-02  -2.4632215e-01  -1.5041393e-01   5.1973060e-01  -4.4873905e-01   3.1736385e-02  -2.5379689e-01  -2.4224679e-01  -3.9480246e-01   1.7201631e-01  -2.0348131e-01   3.3056461e-01  -1.2563582e-01  -3.8346664e-01   2.4766471e-02   1.9568733e-01  -1.6754228e-01  -6.9594332e-02  -4.8659628e-01   4.3469247e-01  -2.5018224e-01   1.5203939e-01  -4.1375826e-01   2.0773705e-01   1.0862497e-01   3.6468365e-01   2.3711826e-01   3.5606757e-01   9.2361258e-02  -1.1782124e-01  -1.8378494e-02  -1.0624957e-01  -4.0422244e-01  -1.7254423e-02  -1.1005535e-01  -2.3614026e-01   1.9319372e-01  -4.6589156e-01  -4.1150178e-01   1.4177508e-01  -3.0024222e-01  -2.6999770e-02   9.0319987e-02   1.8890265e-01  -2.0089971e-01  -2.5944984e-01  -3.0288392e-01  -2.0455175e-01   2.8713557e-01   4.0306617e-03  -2.8065578e-01  -1.1712783e-01  -3.3137738e-01  -3.8486782e-01   2.3587160e-01   4.2315684e-01   3.5422888e-01  -3.1318624e-01  -2.6940527e-01  -2.1856736e-02   1.1048095e-01  -3.7203866e-01   1.3729901e-01   2.0244846e-02   7.6045817e-02  -1.7197153e-01   4.5708958e-01   1.6765459e-01  -3.7405396e-01   3.3531806e-02   2.3676205e-01  -3.5600082e-01  -2.3754237e-01  -2.6887961e-01  -4.6044348e-02  -7.6120197e-02  -3.0324796e-01   1.8875135e-01  -2.3106956e-01   4.2212999e-01  -2.3772080e-01  -3.2035543e-01   2.1604411e-01   1.5453122e-02  -1.5602730e-01  -1.4434720e-01  -6.1540837e-02   6.2496036e-01  -3.8974271e-01  -1.1725069e-01  -2.0068456e-01   9.3404118e-02  -4.6377593e-01   1.8174729e-01  -1.2695387e-01  -3.0092016e-01  -4.1728649e-01  -3.1890212e-01   2.6248981e-01  -1.3544548e-01  -2.5242666e-01  -1.7875006e-01   6.2333670e-01   1.1846006e-03   1.4269285e-01  -1.8937775e-01  -5.7301967e-02   1.0766499e-01   2.7872997e-01  -1.9971732e-01
  -1.5408793e-01   2.8969891e-01   0.0000000e+00  -1.2654099e-01   2.6095976e-01   1.1340666e-01  -1.0639937e-01  -1.3481639e-01  -7.1604800e-02   2.0326556e-01  -3.5143329e-01   3.1388323e-01   5.5875700e-03  -3.3327229e-01  -2.6261969e-01   4.2210059e-03   8.5841091e-01  -2.2073957e-01  -2.5388802e-01   1.1180524e-01  -9.1455215e-02  -3.1149746e-01  -1.2758507e-01  -2.2815181e-01  -1.2236870e-01  -1.7681075e-01   1.5059509e-01   2.0199667e-01   3.9061240e-02   9.2622427e-03  -3.0058873e-02  -2.4800981e-01   2.8202824e-01   1.8722127e-01  -3.4862743e-02   3.1349315e-02   7.9311504e-02   2.5780008e-01  -6.1769950e-03   5.2638388e-01  -1.4691365e-01   2.6914460e-01  -8.6725555e-02  -3.1066716e-01  -5.0450087e-01   1.5836074e-01  -1.4688670e-01   4.2226635e-02  -8.1296763e-03   5.0833364e-01  -2.6714075e-01  -2.1345860e-01  -1.3893045e-01   3.1083769e-01   3.6577166e-02  -4.8315163e-01  -1.0338730e-01  -1.7147873e-01  -3.3360299e-01  -2.0117665e-01   1.8521244e-01  -2.3827551e-01   1.8068051e-01  -4.6471456e-01  -3.3030748e-01  -2.6335930e-01   2.2416246e-01  -3.1549389e-01  -2.3821802e-01   5.5307086e-01   4.0801960e-01  -1.6314748e-01  -3.3992458e-01   1.8453101e-02  -1.0342866e-02  -9.9909602e-02   1.7736962e-01  -3.5135063e-01  -8.5767968e-02  -2.2649292e-01   9.2161955e-02  -1.6998453e-01   1.2886257e-02  -1.8817884e-01   2.8967610e-01  -1.5604542e-01  -1.0316379e-01  -1.6104636e-01   7.7464464e-02  -9.6480921e-02  -9.1193075e-02   3.2198415e-01   3.2090942e-01  -1.6085123e-01   2.1044400e-01   6.2898470e-02  -4.2916884e-02  -1.6976604e-01  -2.6009531e-01  -3.2787024e-01   3.6636908e-01  -5.0571085e-01  -1.4503687e-01  -7.6050566e-02  -4.1033071e-01  -1.5009913e-02   3.8364265e-01  -3.2582972e-01  -2.4827120e-01  -1.6346772e-01   3.7900304e-01  -3.1882359e-01  -8.8704262e-02   1.3617484e-01   2.9356211e-01  -1.5235031e-01  -2.5109349e-01  -2.6172668e-01   2.7695240e-01  -1.1162161e-01   4.9757958e-02  -3.1401707e-02   1.8761971e-02  -6.0669922e-02   8.8079549e-02  -2.3502857e-01  -3.3951089e-01   2.6464256e-01  -2.4288666e-01   6.8106215e-01  -1.2651903e-01  -1.7156073e-01  -2.3550945e-02   9.2541632e-03  -7.0967155e-03  -1.1820457e-01   1.0526706e-01   3.8864029e-01  -1.3726317e-01   8.4116617e-02  -1.4522316e-01   3.9655722e-01  -4.8926431e-01   6.3840886e-02  -1.9497528e-01  -2.9017897e-01   3.7551402e-01  -1.7886374e-01  -9.7651550e-02  -6.0117481e-02   3.1250822e-01   2.7698170e-02   2.3198146e-01  -1.8765053e-01   6.7847629e-01   2.0639896e-02   1.4342373e-01  -2.4747473e-01   2.4681937e-01  -2.5463281e-01  -1.4634146e-01  -3.6996060e-01  -1.6629329e-01  -2.7876249e-01  -4.3416810e-02  -1.7605357e-01  -1.9538568e-01  -2.3591933e-01   5.2817984e-02   1.0285655e-01  -2.7242539e-01   1.8168798e-01  -2.6682969e-01   2.7942371e-01   6.7272923e-02   5.1069612e-02  -8.6141171e-02
  -1.0936571e-01  -2.8676460e-01  -1.2654099e-01   0.0000000e+00  -6.0586572e-02   6.0843081e-01   8.6887104e-02   5.1907636e-02  -2.3054509e-01  -6.3895120e-02   3.5387575e-01  -2.9766854e-02   2.3010484e-01  -8.1821490e-03   3.2665024e-01   3.9988807e-01  -2.3524366e-01   4.7513594e-01   3.0802798e-02  -9.9338197e-02   4.5117486e-01   5.6246300e-01   1.9586871e-01  -5.0840648e-02   8.1707312e-02  -1.5085615e-01   3.8614333e-01   7.4696843e-02  -2.3616008e-02   9.1619354e-02  -1.0410960e-01   6.3147978e-01   1.5867538e-01   4.3483359e-02  -9.0322173e-02   1.9643663e-01  -6.8067240e-02  -3.0352252e-01   2.1934576e-01  -8.4727818e-02   3.5738474e-01   1.8407946e-01  -2.8013705e-01  -1.2852534e-01   9.8347842e-02  -3.1428269e-01   5.6591886e-01  -4.5208442e-01   2.4474291e-01  -2.7972028e-01   4.5708187e-01  -6.8427541e-02  -2.3768203e-01  -9.5484498e-02   1.3724065e-01   1.0975295e-02   7.7363067e-02   4.8274552e-01   3.9674025e-01   4.0850710e-01  -3.9585419e-01   6.0469490e-02  -3.6742518e-01   1.5316487e-01  -1.1812407e-01   1.7079975e-01   4.7522538e-01  -1.2424098e-01   4.6913250e-01   5.8612685e-02  -3.2489276e-01   5.1362239e-01   1.3834906e-01   5.8227400e-02   1.0325138e-01  -1.0567986e-01  -4.2339001e-01  -2.4762880e-02  -2.6144394e-01   4.2756780e-01  -1.8342190e-02   2.6491498e-01  -9.5159201e-02   3.2980773e-02  -6.6512287e-02   8.8143995e-02  -7.2522253e-02   1.3110782e-02  -1.3278163e-01  -1.6616734e-01  -2.7868311e-01  -3.5592371e-01  -1.3451570e-01  -1.0081082e-01  -2.7771086e-01  -2.6748424e-01   1.8578714e-01  -2.2730913e-01  -8.5375374e-03   3.6054238e-01  -2.0385929e-01   3.2187981e-01   1.1125353e-01   2.5022977e-01   4.9047022e-01   6.2973310e-01  -2.1433609e-01   7.8728858e-02  -9.7171426e-02   3.4380606e-02  -7.5416161e-03   5.0954034e-01   5.7469082e-01  -1.0277129e-01  -2.1882168e-01  -3.5696128e-01  -1.1308545e-01   1.9499548e-01   8.6535317e-02   7.6490514e-01  -1.2759415e-01  -2.8976892e-01  -1.9786459e-01  -3.5555558e-02  -2.0313528e-01   1.4876186e-01   2.4988834e-01   5.1211389e-02   5.7688807e-01   4.6229759e-02   4.7397934e-02   7.7783213e-02  -9.0233477e-02  -2.6380381e-01  -2.5975652e-02  -2.7032224e-02   9.6131814e-02  -7.2894805e-02  -1.6627971e-01  -1.4366550e-01  -1.0250138e-01  -1.3444874e-01   2.7117516e-01  -4.5608837e-02   1.7475000e-01   3.3678789e-01  -2.2527710e-01   1.3557470e-01   3.1638073e-01   1.8191760e-01  -7.2162704e-02   1.5537651e-01  -3.1987688e-01   1.9091899e-02  -1.4961122e-01   3.8963575e-03  -2.0102160e-01   3.8422065e-01  -3.9015747e-01  -2.9297811e-02  -1.0563537e-01   1.9134199e-01   3.1058916e-01   4.7184116e-01   3.8478396e-01  -2.5273591e-01   1.4601671e-01   1.3966554e-01  -2.7843578e-01  -2.5628734e-01  -1.5254655e-01  -3.1343013e-01  -1.0921150e-01   2.8261419e-01  -2.1880423e-01   9.0470420e-02   3.1784287e-01
  -2.9663644e-01   1.5788777e-01   2.6095976e-01  -6.0586572e-02   0.0000000e+00   3.5093833e-03   3.2549927e-01  -4.0805875e-01   2.2658739e-01   1.6874550e-01   8.7242104e-02   4.1702448e-01   1.4960424e-01  -3.4625116e-01  -1.0764677e-01   4.5670883e-01   2.4727062e-01   1.9156861e-01  -3.6024581e-01   7.6548461e-01  -1.2185923e-01  -1.6191198e-01  -2.5085922e-02  -4.0561592e-01   1.1988408e-01  -2.9284495e-01   3.6943335e-01  -3.4307852e-01  -1.1934104e-01  -3.0492367e-02  -4.3197693e-01  -1.3491475e-01   1.7673761e-01   1.9354845e-01   1.7676423e-02   6.6031643e-01  -2.4685476e-01   2.3692121e-02   4.2121851e-01   2.4833394e-01   2.3327838e-01   1.2369569e-01   4.6201216e-01  -2.7254102e-01   2.9747914e-01  -2.4156839e-01   2.4348262e-01   1.7260980e-01  -1.0002208e-01   2.7777393e-01   2.2957697e-01  -4.1474194e-01  -3.1754659e-03  -9.5801920e-02  -2.3143806e-01  -1.5376948e-01  -3.0673545e-01  -2.8516470e-01   3.8972242e-02   1.9379554e-01  -1.2061894e-01   1.9191895e-01   2.4036897e-01  -2.9078861e-01   3.8229172e-01   3.2760412e-01   1.4718055e-01   1.4407799e-01  -1.3415377e-01  -1.3421716e-01  -1.8803734e-02   4.6508367e-02   1.1836699e-01  -3.3275829e-01  -5.8331368e-02  -3.3289321e-01  -1.1599810e-01  -1.4220726e-01   5.9694893e-01   1.3634385e-01  -3.8440936e-01   2.4805616e-01  -2.9671087e-02  -3.9825503e-01  -4.3158644e-01  -2.9948130e-01  -1.6840984e-01  -3.4680962e-01  -1.0643578e-01  -2.9353755e-01   5.6429637e-01  -2.5916353e-01   4.2877576e-01   3.9028471e-01   5.0408232e-02   6.7179472e-01   1.8746708e-01  -2.1187923e-01   4.9042676e-01  -6.7602662e-02  -3.6974457e-01  -5.3123178e-02  -3.9531085e-01  -2.6908495e-02  -9.5599628e-02  -8.7882277e-02  -1.1038284e-01  -3.1498622e-01   2.6580839e-02   5.7189224e-01   1.7179235e-01  -1.4005274e-01   1.1123101e-02  -3.2850433e-01  -4.1023771e-01   3.1312912e-01  -8.6229716e-02   2.2469106e-01  -2.4569336e-01   6.2249367e-02  -2.9531280e-01   4.5455637e-01  -1.0768475e-01  -1.3280411e-01  -2.6752165e-01  -3.4854699e-01   2.3351067e-01   1.5626818e-01  -1.0085302e-01  -8.8555676e-02   2.9486736e-01   5.4086555e-01  -3.3325201e-01  -1.3082198e-01   3.8309271e-01  -3.7621678e-01   6.3382699e-02  -3.4530271e-01  -3.2175356e-01  -9.4101611e-02  -2.6356404e-01   2.1230821e-01  -2.1715394e-01  -3.3653366e-01  -6.4860744e-02  -3.2658597e-01   9.9460108e-02   4.5507582e-01   2.9835227e-01  -2.5630552e-01  -3.5757045e-01  -4.2404850e-01  -3.1090946e-01   3.2084773e-01   3.3429391e-01  -1.6193475e-01  -2.7147736e-01   8.4909460e-02  -1.8182282e-01  -3.2928558e-01   2.2129121e-01  -2.2968790e-01   4.3257710e-01   9.3464118e-03  -2.2231808e-01   4.1750347e-01   4.5917500e-01  -2.9147664e-01  -3.3870787e-01   2.6768063e-01   5.0761098e-01  -8.3432050e-02   3.3102570e-01  -6.3479678e-02  -1.8525874e-02   1.1133079e-01  -6.1956179e-02
   1.0709844e-01  -2.8386212e-01   1.1340666e-01   6.0843081e-01   3.5093833e-03   0.0000000e+00   1.0444526e-01   2.1742239e-01  -3.8836657e-01  -1.0708434e-01   3.3521133e-01   4.7110787e-02  -5.6601423e-03   1.6050418e-01   1.6450444e-01   2.3724610e-01   4.4034903e-04   3.6174628e-01   1.9527474e-01  -1.8805790e-01   4.3321753e-01   4.5415043e-01   1.1542850e-01   1.9886290e-02   2.0663292e-02   2.4775302e-02   4.4724441e-01   3.0992956e-01   3.3744229e-02   1.1825962e-02  -3.7063915e-02   4.4857940e-01   1.7179150e-01   5.3678563e-03  -8.2530615e-02   2.4192610e-01  -8.0090365e-02  -3.2145536e-01   1.3734476e-01  -3.6226943e-02   6.7509018e-02   5.6375400e-02  -3.3792297e-01  -1.6292320e-01  -1.0831259e-01  -1.0144727e-01   4.7359810e-01  -4.1427493e-01   1.4391090e-01  -3.1627441e-01   3.4751102e-01   1.2947574e-01  -3.0290214e-01  -1.4977888e-01   1.4910890e-01   2.2658096e-02   1.6836781e-01   3.0996405e-01   1.4222746e-01   3.7833997e-01  -3.3311893e-01  -1.1163121e-01  -4.6105883e-01  -1.9826393e-02  -3.6516979e-01   2.7564620e-01   7.9812286e-01  -3.5154750e-01   4.3213339e-01   4.1617712e-01  -2.9476450e-01   4.3936844e-01  -1.4637266e-01   2.9816142e-01   3.2240547e-02  -3.6133994e-02  -3.0932945e-01  -1.0877980e-01  -3.9443151e-01   1.4419459e-01   3.6511443e-01  -5.5623374e-03  -3.3921308e-03   1.9174745e-01   1.6811735e-01   6.0600656e-03   1.0482135e-02   2.6638869e-01  -2.4279352e-01   7.4171887e-02  -3.8533237e-01  -2.1728031e-01  -8.6352684e-02  -3.0238948e-01  -3.4648667e-01  -2.9616630e-01   9.1221471e-03  -8.9808680e-02  -1.9649848e-01   3.6633540e-01   1.0520176e-01   2.7675430e-01   3.9125633e-01   1.5375961e-01   4.4853972e-01   5.1754646e-01  -1.4137063e-01   1.5375523e-01  -3.5196979e-01   7.3458916e-02   1.3146156e-01   4.2552348e-01   2.5613971e-01   5.4625900e-02   1.2361524e-01  -5.3600500e-01  -1.0742642e-01  -5.5012589e-02   4.5480247e-01   4.8514889e-01   7.4588000e-02  -4.1487534e-01  -3.5367554e-01  -2.8920001e-01   2.6843077e-02   2.8225375e-01   7.8081003e-02   7.5230253e-03   2.4127828e-01   3.5739720e-01  -5.0454536e-02  -4.6197755e-02   1.3897749e-01  -4.2064467e-01  -6.0772221e-02   1.3903753e-01  -1.8497017e-01   1.5315150e-01   6.0282577e-02   5.8150984e-04  -3.1085790e-02  -3.4658742e-02   1.6490689e-01   3.1477420e-01   5.0378781e-03   2.3755465e-01  -1.4876792e-01   2.5060289e-01   4.8153292e-01   4.2310665e-02   1.5988791e-01   4.0617374e-01  -1.6212948e-01  -8.3435571e-03   1.5150054e-02   1.4725993e-01  -4.0150921e-02   1.6647142e-01  -3.0143282e-01   3.0243246e-01  -3.5270158e-01   1.4256617e-01   3.7018781e-01   3.8596387e-01   2.5756738e-01  -3.6775696e-01   2.8095698e-01   2.6277578e-01  -9.0802211e-02  -3.6658898e-01  -2.5510072e-01  -1.3787345e-01  -1.5515842e-01   6.1845079e-01  -1.2494246e-01  -2.8314369e-01   1.0045966e-01
  -6.4557138e-02  -6.8909863e-02  -1.0639937e-01   8.6887104e-02   3.2549927e-01   1.0444526e-01   0.0000000e+00  -2.9795707e-01   2.1832553e-01   5.7318013e-01   1.7544459e-01   4.9889871e-01   3.8460410e-02  -1.6348047e-01   1.6523362e-01   2.7687319e-01  -1.3143752e-01   2.2896570e-01  -2.8209088e-01   3.1763594e-01   5.3445232e-02  -9.9504682e-02   5.0899538e-01  -1.1864357e-01  -2.2038085e-01  -2.9538061e-01   2.0808769e-01   5.1945286e-02  -7.2583820e-02   3.2297973e-02  -2.5021052e-01   3.5653044e-02  -2.2438237e-01   6.0855523e-01   5.8027003e-01   5.5648620e-01  -1.4254619e-01  -4.3262714e-01   8.5562163e-02   1.2392349e-01   6.7250332e-02  -2.9509961e-01   4.5369197e-01  -2.0039476e-01   3.8512646e-01  -2.9578768e-01   1.9348216e-01   3.0764139e-01  -1.7329664e-01  -2.1293550e-01   4.5331161e-01  -3.0827866e-01   1.8373597e-01  -3.9971894e-01  -1.5674532e-01  -8.0642783e-02  -3.0436813e-01  -1.2288710e-01   1.1630419e-01   4.3189898e-01  -4.9275948e-01   3.6492347e-03   1.4963997e-01  -1.5490711e-01   3.0179366e-01   6.4007192e-01   5.5398208e-02  -1.0505400e-01  -1.6499256e-01   6.4621974e-02  -1.8546585e-01   2.1389907e-01   1.6699836e-01  -4.2202188e-01  -1.2152107e-01  -2.3655532e-01  -4.6395555e-01  -1.0246709e-01   2.7990016e-01   2.0016526e-02   8.4897891e-02   2.6585803e-01  -3.8371065e-02  -2.5770671e-01  -3.7744530e-01   2.7946947e-02   1.0356537e-01  -1.4867915e-01  -3.0278432e-02  -8.8884649e-02  -1.7782793e-02  -5.6317804e-01   3.7392495e-01   4.9759041e-01  -3.5897524e-01   2.0097213e-02   3.5978511e-02  -2.2972597e-01   2.8963176e-01   4.0222255e-01  -3.0856988e-01   2.5130201e-01  -1.9692449e-01  -8.5370940e-02   2.7595419e-01  -1.4441028e-01  -3.9831541e-01  -3.6023496e-01   3.8352264e-01   4.7433214e-01   3.5105741e-01  -5.9893072e-02   5.5215367e-02  -1.5478357e-01  -1.0166645e-01   8.6128902e-02  -1.8330626e-01   1.8964903e-01  -3.0896010e-01   4.7586616e-02  -1.3253632e-01  -7.7282673e-02  -1.1873882e-01  -1.2861050e-01  -1.4848796e-01  -2.4198379e-01   3.4608867e-01  -2.9284444e-01   1.2723331e-03  -1.1118618e-01   4.0353588e-02   5.0752612e-01  -3.1743325e-01  -4.0932398e-02   1.2460497e-01  -2.6400327e-01  -2.5466995e-01  -1.4711613e-01  -2.4423682e-01  -1.9920179e-01  -8.5950370e-02  -2.1072029e-01   5.0819388e-02  -2.7675261e-01   1.9853845e-01  -2.4581644e-01   1.2896276e-01   2.8257079e-01   5.1676383e-01  -8.4663167e-02  -3.0855844e-01  -2.4029951e-01  -3.4835968e-01   1.7761051e-01   1.0037252e-01  -1.5498191e-01  -2.8263279e-01   1.4955552e-01  -5.3716132e-01   2.7702892e-02   1.2034177e-01  -2.7849433e-02   4.9642627e-01   9.7981830e-02  -2.9503824e-01   3.9040511e-01   6.1581707e-01  -1.8739662e-01  -3.5207910e-01   5.1225604e-02   2.4270385e-01  -2.3221717e-01   1.8690447e-01  -2.4131835e-01   2.3237931e-02  -2.0854306e-01  -2.1033914e-01
   5.5214464e-01  -2.6518655e-01  -1.3481639e-01   5.1907636e-02  -4.0805875e-01   2.1742239e-01  -2.9795707e-01   0.0000000e+00  -1.9045058e-01  -3.1383715e-01  -1.0754695e-01  -4.5588881e-01  -1.5254278e-02   3.8492234e-01  -2.0680680e-01  -5.7141799e-01  -1.2443810e-01  -2.2948133e-01   5.7942057e-01  -5.1350198e-01  -9.0873159e-02   1.5111593e-01  -2.4050013e-01   4.6213429e-01  -1.0661174e-02   6.3170886e-01  -4.7706213e-02   2.3192838e-01   2.7041567e-01  -1.3061065e-01   6.2024369e-02   1.8952020e-01  -1.5914999e-01  -4.4364417e-01  -3.1842197e-01  -3.3639958e-01  -1.2208967e-01  -6.5055465e-02  -5.9715607e-01  -3.8944360e-01  -2.4622839e-01  -1.5956738e-01  -4.1856967e-01   4.1759639e-01  -3.4045855e-01   5.2685098e-01  -1.1920444e-01  -2.5782345e-01  -2.3406145e-01  -3.3969834e-01  -1.7146171e-01   7.6394439e-01  -2.6907591e-01  -1.3801365e-01   1.3482274e-01   1.8882805e-01   5.0478272e-01   2.6568128e-01  -2.0875690e-01  -2.1090530e-01   1.2182745e-01  -2.2028366e-01  -3.1674862e-01   1.6573829e-01  -4.2546326e-01  -5.2676695e-02   7.3910127e-02  -2.0132107e-01   2.3755954e-01   3.3020776e-01  -2.7077658e-01   2.0939783e-03  -3.6626073e-01   4.8552851e-01   4.8116256e-02   5.2501881e-01   1.9352265e-01   4.6866911e-01  -4.3989366e-01  -2.9583544e-01   2.5887850e-01  -3.8622164e-01  -2.4895681e-01   8.3602118e-01   4.3012991e-01   4.9773598e-01  -6.8730838e-02   3.6875747e-01  -4.2798840e-02   5.5556159e-01  -2.2814392e-01   3.6517701e-01  -4.9585722e-01  -5.4289061e-01  -2.4613789e-01  -2.3060594e-01  -1.2573532e-01   4.6458893e-01  -3.3355149e-01   7.6305463e-02   4.3286716e-01  -5.3006586e-02   4.2684142e-01  -2.4552887e-02   1.1871406e-01   3.2962775e-01  -4.5691440e-02   6.8777202e-01  -3.3908924e-01  -2.8058515e-01  -1.3846979e-01   1.3326034e-01  -1.0696300e-01   5.1505075e-01   2.4027490e-01  -2.9776824e-01   2.8682134e-01  -2.7525555e-01   2.1668658e-01   1.1693895e-01   5.5693169e-01  -2.8797838e-01  -1.9098629e-01  -4.4252897e-01   6.2601604e-01   3.6256245e-01  -3.9253287e-01  -8.8294816e-02   1.0187292e-01   2.0913696e-01  -3.3017810e-01  -5.0603772e-01   5.3140985e-01  -3.7799610e-01  -2.9638299e-01   7.2302365e-01  -1.6074727e-01   3.7640860e-02   5.9407424e-01   4.3745417e-01   5.4815015e-01  -7.4334583e-02  -2.8687696e-02   3.9237313e-01  -3.6203024e-01   2.1396353e-01  -3.1272051e-01  -1.8615036e-01  -5.1577335e-02  -1.7522048e-01   3.3435562e-01   3.9985549e-01   4.4246767e-01  -1.5319838e-01  -2.9841674e-01   4.4240575e-01   4.8888844e-01  -2.8573933e-01   3.0240422e-01   4.5737844e-01  -2.0618661e-01   7.4979691e-02  -1.9034198e-01  -6.5688076e-02   3.6603057e-01  -3.9135636e-01  -2.9256486e-01   4.6743053e-01   5.4643952e-01  -3.1406272e-01  -2.3463266e-01   9.3539965e-02  -2.6560009e-01   3.3586941e-01  -5.6285891e-02  -1.9534749e-01   2.1587446e-01
   3.6148126e-02   2.1045180e-01  -7.1604800e-02  -2.3054509e-01   2.2658739e-01  -3.8836657e-01   2.1832553e-01  -1.9045058e-01   0.0000000e+00   1.0769337e-01  -1.3873575e-01   1.0343280e-01  -1.3561303e-01  -2.4442991e-01  -1.2352740e-01  -1.8588785e-01   8.0193441e-02  -1.7263044e-01  -1.4076344e-01   2.9543165e-01  -3.8732613e-01  -3.1390242e-01  -2.1035847e-01   2.0932064e-02  -1.1999180e-01   1.0847070e-03  -4.3195221e-02  -3.2674482e-01   4.0908175e-02   3.9092351e-01  -6.3102449e-02  -2.8119760e-01  -2.0976170e-01  -9.8217494e-02   1.6490338e-02   3.5790177e-02  -2.6115333e-01   1.1893436e-01  -1.2825885e-01   4.8570214e-02  -7.5497533e-02  -1.9966952e-01   5.8522498e-01   1.2043201e-03   1.8503326e-01   6.3695643e-02  -2.5714440e-01   5.7977236e-01  -3.1664133e-01   1.7064155e-01  -8.1031783e-02  -1.5690985e-01   1.9752590e-01  -1.6383260e-01  -3.4678189e-01  -6.0491652e-02  -2.0458540e-01  -2.1011167e-01  -2.0216597e-01  -9.0410455e-02   9.8567859e-02   5.6741304e-02   7.0111589e-01  -1.2081842e-01   6.1531781e-01   1.5990307e-01  -2.7412473e-01   4.4954864e-01  -3.6009097e-01  -1.9367450e-01  -8.4934250e-03  -1.4219360e-01   2.4245309e-01  -2.6968194e-01  -1.1307355e-01   6.2569593e-02   1.5989579e-01  -4.3544760e-02   5.9409090e-01  -1.6337567e-01  -2.6927592e-01   1.1169747e-01  -1.3755944e-01  -9.6638346e-02  -3.2519510e-01   3.6800330e-02  -1.6807932e-02  -2.7231322e-01   2.8038547e-01   8.1747000e-03   4.7562555e-01   8.2439030e-03  -8.1399793e-02   5.5141375e-01   1.0741550e-01   3.1269927e-01  -1.3324448e-01   1.3168267e-02   5.6645443e-01  -1.5375290e-01  -1.8794218e-01  -2.1462283e-01  -2.7931556e-01  -6.4391378e-02  -2.1532741e-01  -2.9988901e-01  -1.5465420e-01  -1.7772966e-01   1.9685387e-01   1.7522695e-01  -2.9936770e-01  -3.2097274e-01  -1.5251589e-01  -1.5555798e-02  -3.3821823e-01   7.1668698e-01   1.5646094e-01   4.5573337e-02  -3.4659735e-01  -2.3984096e-01   3.8872589e-02   3.2546485e-01   9.4179772e-02   1.2286727e-01   7.1217088e-02  -3.7618691e-01  -1.5460426e-02  -1.7187048e-01  -9.9383914e-02  -1.9697526e-01  -4.3071268e-02   3.0403286e-01  -1.7753958e-01   2.4544408e-01   3.1376331e-01  -1.1291082e-01  -5.8436725e-02  -2.8241983e-01   5.4086123e-02   1.0303040e-01   6.6014373e-02  -7.8333244e-02  -1.0840081e-01  -1.9355063e-01  -1.0859818e-01  -2.8376611e-01  -1.9715178e-01  -7.1634087e-02  -3.5541007e-02  -2.7050542e-01  -3.8490498e-01  -2.7361828e-01   6.3499914e-02   1.9430488e-01   2.7661143e-01   6.0253269e-02   9.3437913e-02  -1.7476620e-01   7.9432454e-02  -2.1300596e-02   5.5759525e-01  -1.4829233e-01   1.3416609e-02  -2.5529192e-01  -1.5999471e-01   4.0828692e-01   8.5472648e-02  -2.3266030e-01   1.6698584e-02   2.3421879e-01   4.2368051e-01  -4.5554182e-02   4.1900529e-01  -3.8190059e-01  -6.5125560e-02  -1.1240427e-01  -6.8809218e-02
  -1.6910684e-01  -3.6897544e-02   2.0326556e-01  -6.3895120e-02   1.6874550e-01  -1.0708434e-01   5.7318013e-01  -3.1383715e-01   1.0769337e-01   0.0000000e+00  -1.0406280e-01   3.3348188e-01   1.8227203e-01  -2.9637624e-01  -6.4286001e-02   1.0421382e-01   1.2761879e-01   1.9827891e-02  -2.6920289e-01   3.1386052e-01  -3.0246022e-02  -1.9686244e-01   5.0353275e-01  -2.3131245e-01  -1.9612385e-01  -2.5706402e-01   1.4445713e-01   8.1162658e-02   6.4395706e-02  -1.2960653e-01  -9.9203509e-02  -6.3781758e-02  -7.6500399e-02   5.8560383e-01   4.4125020e-01   3.3895954e-01   3.8786060e-02  -2.8538388e-01  -3.5396374e-02   3.9443941e-01   7.9454171e-02  -6.8061418e-02   1.8228665e-01  -4.4596165e-02   6.6677679e-02  -2.7723103e-01   2.8134483e-02   2.9359119e-01  -7.3218237e-02   7.0316929e-02   1.6617540e-01  -3.2324327e-01   2.6674912e-01  -1.0533848e-01  -1.7080624e-01  -2.2164820e-01  -2.6187514e-01  -1.4893323e-01  -3.7212710e-02  -4.5219050e-02  -4.0061688e-01  -1.5024212e-01   2.0838003e-01  -1.8866353e-01   9.2237275e-02   2.8921779e-01  -1.1453980e-01  -1.7103756e-01  -1.7316030e-01   1.2852483e-01   1.7854367e-01   3.2558701e-02   5.1422211e-02  -4.5764188e-01  -3.3877559e-02  -1.2446625e-01  -4.1829156e-01  -1.3600740e-01   5.9605335e-02   5.7519114e-02   1.0328259e-01   1.3709253e-01   4.4945170e-02  -3.1686666e-01  -2.6887826e-01   8.0850493e-02  -9.6295020e-02  -3.7295606e-01   8.0854223e-02  -1.6552530e-01  -1.0731689e-01  -3.2903293e-01   4.5086755e-01   2.2281182e-01  -2.1367518e-01   4.3316609e-03   1.6622506e-01  -1.5733362e-01   7.8196415e-02   1.6189871e-01  -1.5315256e-01  -1.4753150e-01  -2.2950299e-01  -2.6314275e-01  -2.8843667e-02  -1.1433336e-01  -4.7476931e-04  -3.2456443e-01   4.8470942e-01   9.7013226e-02   4.6540103e-01  -2.7163985e-01   6.5882958e-02  -9.8248077e-02   7.7384568e-02   1.5151572e-02  -2.0633790e-01   1.8503938e-01  -2.0504077e-01  -1.1482315e-02  -1.1278075e-01  -6.5191973e-02   1.0091230e-01   5.6138250e-02  -1.4596873e-01  -3.9097839e-01   3.8362955e-02   1.6184963e-02  -8.9853108e-02   1.7057092e-02   1.2280161e-02   1.9327236e-01  -4.0584875e-01   1.0887003e-01  -1.8035010e-01  -2.1921367e-01   5.0726108e-03   1.7025496e-02  -2.5133837e-01  -8.8618745e-02  -1.4078962e-01  -1.4798733e-02  -1.3476553e-01  -2.4718693e-01   1.7336674e-01  -2.5642505e-01   3.4783711e-01   1.2077271e-02   2.5368467e-01   1.7765192e-02  -1.8793385e-01  -1.3768186e-01  -1.9381878e-01  -1.6031462e-01   2.2145609e-01  -1.4289912e-01  -1.4593695e-01  -1.0678816e-02  -3.3386723e-01  -1.8885325e-01   1.0683022e-02  -1.3040486e-01   1.9015239e-01  -8.1745684e-02  -1.8040522e-01   1.5887297e-01   2.1611596e-01  -2.5866955e-01  -2.4612550e-01   1.5622749e-01  -1.8712073e-02  -1.5114486e-01  -5.5530171e-04  -3.5050046e-01   5.0072114e-02  -1.2085997e-02  -1.6806561e-01
  -1.1774461e-01  -2.6222680e-01  -3.5143329e-01   3.5387575e-01   8.7242104e-02   3.3521133e-01   1.7544459e-01  -1.0754695e-01  -1.3873575e-01  -1.0406280e-01   0.0000000e+00   4.7450322e-02   8.6088296e-02   5.9442249e-02   5.3926547e-01   4.3684828e-01  -4.2718874e-01   7.7331078e-01  -4.9024208e-02  -7.8215392e-02   4.9344929e-01   3.0134610e-01   2.1503633e-01  -8.7290460e-02   1.2269375e-01  -2.6231273e-01   7.1383637e-02   3.8341971e-04  -1.7937028e-01   2.6564171e-01   7.8151390e-03   3.9953514e-01  -1.8098591e-02   2.1529902e-02  -7.8812044e-02   3.9193726e-01  -1.3235752e-01  -2.7405469e-01   3.7253709e-01  -3.3684790e-01   3.8534706e-01  -1.0144675e-01  -2.8395723e-02  -9.4209945e-02   3.2964273e-01  -3.1933891e-01   6.8370403e-01  -3.3183047e-01   1.4873599e-01  -4.7654424e-01   7.3224036e-01  -4.9397599e-02  -1.1973449e-01  -2.6309755e-01   1.2081260e-01   3.2485286e-01  -1.0396469e-01   2.5603571e-01   5.1547454e-01   5.2592776e-01  -2.4283856e-01   1.3596018e-01  -3.5406493e-01   1.3689932e-01   1.5533561e-01   4.7680432e-01   2.7039130e-01  -2.9699709e-03   3.4963571e-01  -1.8362082e-01  -4.2033481e-01   4.7196295e-01   2.8903019e-01  -1.1631166e-02  -1.5196615e-02  -2.1048346e-01  -3.0738002e-01   2.3077689e-02  -3.6491196e-02   3.3586997e-01  -8.3482660e-02   3.5376525e-01   6.2559447e-02  -1.2696742e-01  -1.9124693e-01  -4.8828692e-02   4.7341166e-02   1.1432925e-01  -1.2577184e-01  -1.7804166e-01  -1.5943577e-01  -4.1822983e-01  -1.4274982e-01   1.3244250e-01  -1.4791382e-01  -2.1337029e-01   2.6395914e-02  -1.8901004e-01   2.3545202e-01   3.9779413e-01  -3.3936696e-01   7.2144268e-01  -9.0539509e-02   3.7576131e-01   6.5998607e-01   1.0455068e-01  -3.2570055e-01  -1.2955825e-02  -1.8118423e-01   3.0027680e-01  -2.1303666e-01   5.2611336e-01   2.5605200e-01  -2.7256630e-01  -3.2749657e-01  -1.9795695e-01   1.5022899e-02   3.4970548e-01  -8.0293738e-02   2.5961486e-01  -1.6302543e-01  -2.3517973e-01  -3.7001865e-01   1.4848509e-01  -3.2123755e-01   1.2728530e-01   4.1960172e-01  -2.5317490e-01   3.6986005e-01  -2.3125805e-01   2.3234596e-01   5.0459766e-01  -6.5438032e-02   2.9481038e-02   2.4567068e-01  -2.5836099e-01  -2.2426125e-01  -2.1672451e-01  -1.8888053e-01  -2.9580317e-01  -8.4957475e-02  -3.3561445e-01   5.8484106e-01  -1.2103845e-01   3.2247065e-01   2.6615437e-01  -3.6590127e-01   6.3459849e-01   5.2178520e-01   1.0995925e-01  -1.6887058e-01  -1.3645941e-01  -4.0714708e-01   3.8012344e-01  -2.4715578e-01  -1.4537105e-01  -2.0538176e-01   5.3100559e-01  -3.7116130e-01   5.6042574e-02  -1.5491116e-01   4.4514241e-01   5.9590881e-01   5.7430223e-01  -6.1481110e-02  -1.5252015e-01   2.7389378e-01  -1.0511097e-01  -3.3979620e-01  -3.2844854e-01   2.5715035e-02  -1.5518008e-01   4.5858939e-01   1.3022053e-01  -7.2600535e-02  -1.3372506e-01   7.2217439e-02
  -4.0404371e-01   4.8680060e-01   3.1388323e-01  -2.9766854e-02   4.1702448e-01   4.7110787e-02   4.9889871e-01  -4.5588881e-01   1.0343280e-01   3.3348188e-01   4.7450322e-02   0.0000000e+00  -1.8053403e-01  -3.7208188e-01   1.5357288e-01   4.0396468e-01   2.4494727e-01   1.2817514e-01  -2.7939761e-01   3.5676410e-01   5.0009172e-02  -1.0460462e-01   1.6917024e-01  -4.7704418e-01  -1.8371739e-01  -4.3512587e-01   8.8618799e-02  -1.1389764e-01  -1.3533116e-01   1.2362894e-01  -2.2421163e-01  -2.2681941e-01  -4.9150382e-03   5.0787140e-01   3.9059666e-01   2.9849340e-01  -6.8773773e-02  -5.4082670e-02   3.7448600e-01   3.3206198e-01   4.1082724e-02  -5.2853177e-02   4.4975916e-01  -3.6089153e-01   6.4637642e-02  -3.7837214e-01   2.2299818e-02   2.4953446e-01  -5.8007654e-02   2.9432472e-01   4.4265801e-02  -4.6648230e-01   2.8678539e-01  -2.5312907e-01  -1.9517868e-02  -2.6066123e-01  -2.7261493e-01  -3.0393563e-01   9.6347699e-02   4.9099009e-01  -2.0667223e-01  -9.1942521e-02   2.6137938e-01  -1.5435147e-01   2.2079539e-01   1.4989842e-01   1.2841878e-01  -7.9004092e-02  -2.4793045e-01  -9.1984249e-02   2.0665939e-01  -2.1032000e-01   2.0683990e-01  -4.3040007e-01  -2.8829064e-01  -5.2463357e-01  -2.3855004e-01  -4.1187554e-01   3.4983705e-01  -4.9014691e-03  -2.4349654e-01   3.2328180e-01   1.6878516e-01  -4.2131718e-01  -2.8820202e-01  -3.8571849e-01   1.2370791e-01  -2.8181998e-01   1.0846866e-01  -4.1765509e-01   1.4982713e-01  -3.0355973e-01   6.7928391e-01   4.5582405e-01   8.2549243e-02   1.6841337e-01  -4.8660974e-02  -2.5696781e-01   4.2936644e-02  -1.5676946e-01  -3.1860078e-01   1.6902861e-01  -3.6350436e-01   1.3860040e-02  -1.9696269e-01  -2.6904786e-01  -8.4239176e-02  -4.7851237e-01   9.7326008e-02   5.0398711e-01   4.6053137e-01  -1.0761907e-01  -1.7848721e-01  -3.6589793e-01  -1.5491447e-01   1.2460744e-01  -2.4489235e-01   1.9449200e-02  -1.7942218e-01  -1.3731922e-01  -4.5557851e-01   2.2613289e-01   1.1055835e-01   1.4242666e-01  -4.0761397e-01  -2.6481260e-01   1.9752901e-01  -8.6038426e-02  -2.3343199e-01   3.4669458e-02   1.7206955e-01   4.2458377e-01  -3.3028785e-01   1.6929297e-01   2.9635695e-01  -4.4221753e-01  -8.1228738e-02   8.7131544e-03  -4.3199229e-01  -3.0562188e-01  -3.3737010e-01  -8.2220879e-02  -9.9464971e-02  -3.5706831e-01   3.3545399e-01  -2.4268065e-01   5.0253657e-01   2.0997738e-01   2.4411562e-01  -2.4899844e-02  -1.7370075e-01  -3.3651453e-01  -4.5297639e-01   3.8059525e-02   5.9570788e-01  -3.9301681e-01  -3.0557594e-01   1.8842502e-01  -3.2128499e-01  -3.2537315e-01   1.5351833e-01  -1.6436394e-01   2.1308093e-01  -1.9826159e-01  -2.7204248e-01   4.0505343e-01   2.9286810e-01  -2.6558780e-01  -4.4703051e-01   4.3586098e-01   2.1444328e-01  -7.7372558e-02  -7.6179541e-02  -3.7520093e-02  -4.0897128e-02   9.5380374e-03  -1.8556730e-01
  -2.0902583e-02  -4.0369003e-01   5.5875700e-03   2.3010484e-01   1.4960424e-01  -5.6601423e-03   3.8460410e-02  -1.5254278e-02  -1.3561303e-01   1.8227203e-01   8.6088296e-02  -1.8053403e-01   0.0000000e+00  -1.4240919e-01  -1.8830101e-01   1.8623608e-01  -3.8315220e-02   1.2848634e-01  -1.4697565e-01   2.9747983e-01   1.3205253e-02  -2.0933159e-02   6.5300713e-02   5.1304001e-02   2.8193633e-01  -9.3374622e-02   4.5170608e-01  -1.0994989e-01  -2.5972811e-02  -1.3885587e-01  -1.7619312e-01   2.6125263e-01   1.4977062e-01   4.5150714e-03  -1.4304154e-01   3.4635555e-01  -2.0529786e-01  -2.8246318e-01   7.9929891e-02   1.8182136e-01   4.6187889e-01   1.9900069e-01  -1.0598904e-01   7.9933328e-02   1.4262833e-01  -1.6524994e-01   3.8972201e-01  -2.6553761e-01   1.9685335e-01   1.2678574e-02   2.3929985e-01  -9.9145624e-02  -2.3775176e-01   8.2727121e-02  -8.2420925e-02  -1.2160227e-01   5.2223622e-02   2.5418878e-01   2.2460163e-02  -5.8853417e-02  -3.9380187e-01   1.3625556e-01  -1.2017691e-01  -1.3030048e-01  -1.3126173e-01   1.7761349e-01  -2.7591526e-02  -1.1211451e-01   1.8401232e-01   4.1486581e-02  -1.3344092e-01   3.6043293e-01  -8.0174765e-02  -9.8576728e-02   3.3027125e-01   5.8562605e-02  -3.6031578e-01   1.0709395e-01  -1.8051757e-01   4.1388587e-01  -1.4090965e-01  -7.2328282e-02  -1.9566379e-01  -1.3795541e-01  -1.8760944e-01   2.0113059e-01  -2.1245795e-01  -1.0747137e-01   1.2201873e-02   3.8432686e-02  -9.0592037e-02  -2.0721350e-01  -1.5442174e-02   2.1681153e-02  -2.6392654e-01   1.1722427e-01   3.9136204e-01  -1.8138212e-01   1.2519848e-01   2.1507190e-01  -1.6143105e-01  -1.5703264e-01  -2.1737001e-01  -8.9125475e-02   2.0034542e-01   1.3073059e-01  -2.7532704e-02   5.8942969e-02   6.9269143e-02  -8.9722481e-02  -1.2619704e-01  -1.9345191e-02   4.6465503e-01  -3.1564223e-02  -1.3728792e-01  -2.4713220e-01  -1.3153628e-01   3.7832875e-01  -2.2638611e-01   3.9623911e-01   5.7087344e-02  -2.0508246e-02  -1.4190423e-01  -2.2335507e-01  -9.7006494e-03  -2.1171721e-01   3.7790786e-02   1.6349310e-01   2.1137245e-01  -4.5303594e-02   1.2495057e-01  -6.6131057e-02  -2.7817832e-01  -2.1327219e-01  -1.5486691e-01   3.0289555e-02   3.2621096e-01  -3.2825261e-01  -6.8633739e-02   2.5753467e-02  -5.4695183e-02   4.8571705e-01  -9.5231015e-02  -1.6500538e-01  -8.3927591e-02  -8.2218197e-02  -4.8978098e-02   1.0521065e-01   1.4433985e-01  -6.3722335e-02  -2.3424640e-01  -2.1355784e-01  -2.4603458e-02  -6.7576562e-02  -2.0989106e-01   1.4914670e-01  -1.2271815e-01   7.7144838e-02  -2.2483861e-01  -1.9023720e-01   1.9886935e-02  -1.0357438e-01   1.7702887e-01   2.0676823e-01   6.9112057e-02  -6.4816792e-02  -4.8423379e-02  -9.0895406e-02  -1.4965206e-01  -1.7828013e-01   3.9297413e-02  -1.0817495e-01   2.1998045e-02  -1.6512264e-01   6.3361098e-02   7.6920856e-03   1.5662544e-01
   5.8362695e-01  -4.2813068e-01  -3.3327229e-01  -8.1821490e-03  -3.4625116e-01   1.6050418e-01  -1.6348047e-01   3.8492234e-01  -2.4442991e-01  -2.9637624e-01   5.9442249e-02  -3.7208188e-01  -1.4240919e-01   0.0000000e+00   6.1217494e-02  -2.6394563e-01  -2.7378802e-01  -1.4191779e-01   3.7087074e-01  -3.3780588e-01  -1.3775498e-01   3.1301341e-01  -1.0187960e-01   6.1471029e-01   3.9221085e-02   4.2627318e-01  -2.0711797e-01   3.2154536e-01  -6.1533326e-03  -2.7153428e-01   3.6453590e-01   7.6275358e-02  -7.7909616e-02  -2.5712962e-01  -1.3090702e-01  -2.9699169e-01  -4.6274922e-02  -7.8599852e-02  -2.7227610e-01  -4.2893265e-01  -1.5747578e-01  -6.8070596e-02  -2.4506807e-01   4.3516639e-01  -1.5467740e-01   3.7512668e-01  -1.5963802e-01  -2.0066380e-01  -2.2429803e-01  -3.5791142e-01  -1.9115667e-02   5.4559242e-01  -2.3994118e-01  -2.5003938e-03   1.9289730e-01   4.7063974e-01   3.4588642e-01   1.0284338e-01   6.7229701e-02  -2.1191667e-01   1.6202258e-01  -1.5285597e-01  -4.3589468e-01   2.9240081e-01  -2.6715159e-01   2.3619778e-02  -6.7875459e-02  -8.9265464e-02   1.1936136e-01   5.8423366e-02  -3.3173957e-01  -3.4977799e-02  -1.3323231e-01   5.8999765e-01   1.6493723e-01   5.3303620e-01   1.8981003e-01   2.1967382e-01  -3.5435639e-01  -1.4871011e-01   4.6907904e-01  -1.4880515e-01  -5.6917097e-02   3.8860997e-01   3.8106630e-01   3.7769755e-01  -2.2986479e-02   6.0276573e-01  -1.2978623e-01   5.4172091e-01  -1.7185371e-01   2.2360302e-01  -4.2366370e-01  -4.1746325e-01  -1.4689956e-01  -1.7191565e-01  -2.4269176e-01   2.8287232e-01  -2.4574085e-01   8.2531068e-02   3.0754580e-01   8.0413200e-02   6.5494375e-01   1.5381420e-02   1.4869397e-01   1.8398521e-01  -1.1252447e-01   4.8857946e-01  -1.7498223e-01  -2.5027900e-01  -1.7894692e-01   1.1355811e-01  -1.7500465e-01   3.5444347e-01   4.2930126e-01  -2.7012744e-01   2.0401856e-01  -1.2464483e-01   4.3865785e-01  -6.2096479e-02   3.8518618e-01  -1.5593031e-01  -1.6554941e-01  -2.5121584e-01   3.3602440e-01   7.2159643e-01  -1.8192743e-01  -1.7027054e-01   3.7096906e-02  -1.1690299e-01  -1.9762655e-01  -3.1502697e-01   6.2713890e-01  -3.0650162e-01  -1.8020032e-01   5.7110930e-01  -9.8571128e-02   2.4489152e-02   6.1047322e-01   2.9936889e-01   4.6016831e-01  -1.4365553e-01   1.0121141e-01   5.9417732e-01  -1.7622953e-01   4.3199172e-01  -3.0212518e-01  -7.8639371e-02  -1.4261748e-02  -2.5119680e-01   3.5470251e-01   3.7464435e-01   3.9009945e-01  -6.6981653e-03  -4.8491868e-01   2.9756656e-01   2.1016705e-01  -1.1366650e-02   2.0254525e-01   6.4565811e-01  -1.6554165e-01   1.5625694e-01  -1.0535216e-01   1.4172978e-01   1.8675979e-01  -3.0964581e-01  -9.2698502e-02   3.4192567e-01   4.4841041e-01  -4.6071747e-01  -8.8789501e-02  -2.7065934e-02   1.5802853e-02   1.3382067e-01   1.0497336e-02  -3.0150568e-01   7.8469498e-02
