   0.0000000e+00  -8.6118520e-02   8.7290643e-02   1.1420449e-01  -8.8655971e-02   2.5290788e-02  -2.5972360e-02  -5.7683005e-02   7.7579955e-02   1.6426153e-01  -1.6815475e-01  -9.0680690e-02   1.0905878e-01  -9.2142079e-02  -6.4479683e-02  -6.4590855e-02   4.3706503e-02  -2.6269491e-02   1.1012056e-01  -9.3974244e-02  -1.9679667e-01  -6.7959393e-02   6.5120090e-03   4.5661433e-01   1.7729421e-01   1.1755513e-02  -1.1439218e-02  -1.4948600e-01  -4.3262010e-02  -6.2742086e-02  -2.4963869e-01   6.4818171e-02  -8.4132059e-02  -1.3315235e-01  -1.8462215e-01  -1.4108811e-02  -1.8338347e-01  -2.7807965e-02  -1.2354304e-01   3.5040933e-02   7.5047757e-02  -2.5047141e-01  -2.7676087e-02  -1.6706291e-01  -2.4262831e-02   3.7074273e-01   9.0092327e-03  -1.2788849e-01   3.7912765e-02   1.7753660e-02  -4.7089500e-02   9.8044610e-02  -1.7235505e-01   2.6624830e-03  -1.7342892e-01  -1.8973796e-01   8.4696255e-02  -2.2300876e-02  -6.0051942e-02  -8.6377982e-02  -1.1622777e-01   8.1287760e-02   2.4458105e-02   1.1149268e-01  -4.8640917e-02   9.4065880e-02  -2.4618344e-01   1.7426150e-01  -4.5715626e-02  -2.7615127e-02   4.5859298e-03  -8.1604991e-02  -9.3919384e-02  -1.0544483e-01   9.0394683e-02  -3.4474406e-02  -7.9042651e-02   1.7178349e-01  -9.8600913e-02   1.2564194e-01  -1.1075531e-01   5.1832676e-02  -2.9101677e-01   9.8194760e-02  -2.2746526e-01  -1.3153890e-01  -2.9832008e-01   2.1744036e-01   1.1896852e-01   4.0090417e-01  -2.9973183e-02  -2.7475978e-02  -1.0730407e-01  -1.1869103e-01  -9.4383420e-02  -4.0727032e-03   1.4968413e-01  -5.6775147e-02   6.1333896e-02   3.5652952e-02  -1.5507184e-01   1.3979310e-01  -1.8748712e-01  -1.8241816e-02   1.2915692e-01   1.5091457e-01  -2.2715518e-01  -1.2184942e-01   1.6855885e-01   3.1733847e-02  -2.2098416e-01  -9.4901212e-02   1.1784959e-02   6.6471253e-01  -1.8785747e-01  -8.3316739e-02  -6.4255467e-02   3.8394463e-02  -1.2596802e-01  -8.9698569e-02   5.5975844e-01   3.3620711e-02   3.8763313e-02  -4.5632586e-02   5.7184892e-01   1.2993800e-01  -1.9484644e-01  -6.1617701e-02   8.2316513e-02  -1.1188344e-01  -6.7016682e-02  -1.3421981e-01   2.8352488e-01  -2.4937575e-01  -8.3945810e-02  -2.9098964e-02   4.3952001e-02  -2.1720949e-01  -1.0844649e-01   5.7338822e-01   2.1637484e-01   6.7891176e-02   9.3037966e-02  -1.6021535e-01  -1.9988886e-01  -2.2581867e-02   1.6069734e-02   1.1246005e-01   1.0196875e-01  -5.3991448e-02  -8.0694659e-02  -1.6620088e-01   1.9783304e-01  -1.1782068e-01  -3.9470319e-02   5.2295496e-01   5.2581022e-01   1.7293860e-01   8.3504817e-02  -1.7939775e-01   2.6498758e-02   3.2547430e-02  -2.3916099e-03  -5.4120915e-02   3.2647004e-02  -7.2411598e-02  -1.6362682e-01  -3.4097256e-02   2.3285997e-01  -2.4865784e-01  -7.3454588e-02   1.0559951e-01   4.9836650e-02  -2.4196958e-01   3.8060911e-03  -1.3148502e-01  -2.0589786e-02
  -8.6118520e-02   0.0000000e+00   5.5302846e-01  -4.0775713e-01   6.5495900e-01  -2.1678585e-01  -5.8141472e-02  -2.8726086e-01   6.4553103e-01  -2.7108016e-01  -3.3742210e-01   6.9654823e-01  -5.0058432e-02  -4.5676659e-01  -1.0863719e-01   6.0056180e-02   5.1367426e-01  -4.9202327e-01  -4.9135713e-02   5.2737767e-01  -5.7064144e-01  -3.7388675e-01  -2.6042283e-01  -1.7629927e-01  -9.3507909e-02  -1.5227226e-01   2.2707955e-01  -2.3463932e-01   2.7731365e-01   3.5373495e-01  -1.3559557e-01  -3.5150651e-01  -2.0003927e-01   6.4952295e-01   1.3171682e-02  -1.2038203e-01  -2.2217448e-02   6.4959057e-02   3.0665996e-01   4.5366402e-01  -2.2161914e-02   3.3494066e-02   4.7102597e-01  -1.2261409e-01   4.3576929e-01  -5.4145502e-02  -5.1560838e-01   3.6733616e-01  -1.7793600e-02   6.7380091e-01  -4.3814676e-01  -4.1431159e-01   7.2571267e-01   1.3794282e-01  -2.7150191e-01  -1.0465891e-01   1.8911958e-01  -5.0493159e-01  -2.4452920e-01   2.7167688e-01   2.6705916e-01   8.4434866e-02   6.5685350e-01  -1.8354634e-01   3.3013505e-01  -3.8508058e-01  -2.4601319e-03   3.5980655e-02  -1.5831489e-01  -1.6962599e-01   6.3720781e-01  -4.9774423e-01   2.0710303e-01  -3.9374644e-01   7.1345264e-02  -2.4537682e-01   1.2770165e-01   7.8005304e-02   6.6921289e-01  -6.3657987e-02  -2.8780255e-01   1.6629198e-01  -7.4263172e-02  -3.2004209e-01  -1.7560134e-01  -2.7772677e-01  -1.3928389e-01  -3.7770082e-01   6.0352505e-01  -2.0120025e-01   7.4890930e-01   2.5202609e-01  -1.6377319e-01   6.4483033e-01   3.3541373e-02   4.8586506e-01  -7.2630695e-02   3.9737908e-02  -4.5539072e-02  -4.7460247e-01  -3.1699378e-01  -4.8777768e-02  -4.7732430e-01   4.3411179e-01  -5.6683468e-01  -2.7410011e-01   1.3152141e-01  -9.0065331e-02  -1.5655338e-02   5.2938548e-01  -3.7510331e-01  -3.2528567e-01  -2.1383925e-01  -3.0052429e-01  -2.6432234e-01   7.0362051e-01  -1.8175339e-02   2.1305996e-01  -3.6333852e-01  -4.5197119e-01  -2.3995826e-01   3.2453771e-01   4.9462978e-01   2.5992305e-01  -2.0418724e-01  -1.6231118e-01   1.9753279e-01   3.7216722e-01  -3.5142008e-01  -6.1630276e-02   3.0683459e-01   3.0948683e-01   2.8995176e-01  -2.5390638e-01   5.4166506e-01  -1.3176358e-01   1.9164156e-01  -3.3340047e-01  -2.2066369e-01  -6.6758469e-02  -1.3112048e-01   9.2013146e-02  -2.3816039e-01  -3.2587786e-01  -4.7718305e-04  -4.5136830e-01   2.2294532e-01  -3.3374177e-01   6.0729139e-02  -7.8034061e-02  -4.1005910e-01  -3.4353167e-01   1.6460984e-02   1.9206718e-01   5.3397830e-01  -2.5465830e-01  -2.4290734e-01  -2.2818054e-01   2.1327937e-01  -4.1760487e-01   3.1499081e-01  -2.3028928e-01  -4.0855821e-01  -5.4705101e-01  -2.8199054e-01   6.0506593e-01  -4.2372795e-02   1.6897503e-01  -2.0223070e-01   5.9634116e-02   7.1199265e-01  -2.8274445e-01  -2.7157905e-02  -8.0449689e-02   2.7217694e-02   2.7598405e-01  -2.5759265e-01
   8.7290643e-02   5.5302846e-01   0.0000000e+00  -1.7747584e-01   3.5680010e-01   1.3922150e-01  -8.9057564e-02  -1.9491739e-01   1.8884059e-01  -7.4716530e-02  -2.1094141e-01   6.9935185e-01   1.2731803e-01  -3.2999191e-01   1.0991321e-01   6.4991935e-02   8.2688888e-01  -2.6282981e-01   1.1960945e-01   3.8818555e-01  -4.7242156e-01  -1.6786187e-01  -1.1626923e-01  -4.0738331e-02  -2.2989296e-01  -1.4591948e-01   4.3937638e-01  -1.2543832e-01   1.0976806e-01   7.7751996e-02  -2.8943850e-01  -1.3483618e-01  -1.1395926e-01   5.0511597e-01  -5.0794759e-02   4.2479016e-03  -3.1606401e-01   1.2366430e-02   2.5099025e-01   6.8055382e-01   1.3351433e-01   6.8821952e-02   2.2447653e-01  -1.3915574e-01   2.6685495e-01   2.3024009e-01  -2.3806653e-01  -2.4239878e-02  -1.1098340e-02   8.0991098e-01  -2.6818787e-01  -3.0540799e-01   2.8444161e-01   2.6607654e-01  -2.4999606e-01  -1.0506695e-01   1.3340275e-01  -2.2164912e-01  -1.3505712e-01   4.3374753e-01   3.7690144e-01   1.0597354e-01   3.0225771e-01  -1.6077272e-01   3.9924811e-02   5.2043850e-04   1.8816168e-01   1.2777426e-01   6.7051610e-02   4.1176765e-01   5.0305901e-01  -2.1859997e-01   1.2650165e-01  -1.2741147e-01   1.3310332e-01  -3.7540937e-02   1.4175874e-01   4.1203109e-02   3.3768764e-01  -6.4777390e-02  -2.2292352e-01   1.2870509e-01  -2.8412606e-01  -2.2258611e-01  -5.0254060e-02  -1.1464795e-02  -3.6896713e-01  -2.2190091e-01   3.8429924e-01   3.0002085e-02   3.8000439e-01   6.5561886e-01  -1.2022068e-01   3.1935488e-01  -3.2444733e-02   4.0294842e-01   1.2016896e-01  -1.4957944e-01  -1.3954870e-01  -3.8034082e-01  -2.7537729e-01   1.2240992e-01  -4.4343739e-01   3.2440893e-01  -3.0906566e-01  -1.5860715e-02   2.7410875e-01  -1.1878885e-01   5.0121167e-02   1.2457833e-01  -1.7251488e-01  -2.3606666e-01  -1.2312533e-01  -1.4682864e-01  -1.5204517e-01   4.6740916e-01  -2.1136732e-02   1.5259871e-01  -2.0169988e-01  -1.7645127e-01   3.8946280e-02   2.1444890e-01   3.6261625e-01  -4.5850720e-02   1.1695281e-01   1.6508092e-01   8.1183994e-02   3.5027627e-01  -1.6402972e-01   3.5582871e-01   1.6610070e-01   4.4319713e-02   3.1618476e-01  -3.4044951e-01   3.9653100e-01   2.2128835e-02   1.5057820e-01  -3.7738000e-01  -1.0028966e-01  -5.8921895e-02  -1.4968800e-01   1.4630455e-01  -2.5102990e-01   5.7185958e-02   3.4036385e-02  -4.3963873e-01   2.0359185e-01  -1.0393623e-01   2.2675575e-01  -3.0419345e-01  -1.3371370e-01  -3.0636862e-01   2.7306223e-01   9.0942898e-02   7.2874640e-01  -9.1385099e-02  -9.3116541e-03  -9.4077378e-02   4.8808889e-01  -3.9420094e-01   2.6991124e-01  -1.6428577e-01  -2.8297235e-01  -3.6437703e-01  -3.9439921e-02   2.9469823e-01   1.5983742e-03   5.0322315e-02   1.3277046e-01  -1.1962661e-02   4.7604885e-01  -2.2481674e-01  -1.0098667e-01   1.5924624e-01   2.1925084e-02   2.5725851e-01   3.9521446e-03
   1.1420449e-01  -4.0775713e-01  -1.7747584e-01   0.0000000e+00  -1.8681354e-01   3.8476583e-01  -1.0158657e-01   2.6615724e-01  -3.2649102e-01  -1.0881539e-01   3.1531504e-01  -2.1771700e-01   2.8819344e-01   1.6045316e-01   5.3216608e-02   2.9560080e-01  -1.4752917e-01   2.4804129e-01   7.6611297e-02  -1.2502593e-01   8.2506377e-02   6.9760174e-01  -7.0141340e-02   2.0780781e-01   1.5398058e-01   2.0704333e-01  -4.3795008e-02  -4.5374194e-02  -6.2281714e-03  -2.7301323e-01  -2.1847269e-01   4.7571212e-01   2.0003881e-01  -4.0108403e-01  -2.5414311e-01   1.4617751e-02   7.0624864e-02  -1.8086768e-01   1.6357894e-01  -2.8618476e-01   2.0762589e-01   1.2171541e-01  -2.3761886e-01   9.4799028e-02  -1.9436498e-01  -2.4881794e-01   3.2400378e-01  -4.3340897e-01   1.0436168e-01  -2.2237319e-01   3.6602156e-01   4.5346848e-01  -3.3767264e-01  -8.6210306e-02   7.9294810e-02   2.3273138e-01  -9.7784369e-02   6.3358323e-01   4.0104111e-01  -4.3471418e-02  -3.1368344e-01   4.9070701e-02  -3.4837469e-01   1.6514809e-01  -2.5357534e-01   3.1010567e-01   1.5008789e-01   3.3760649e-02   4.8328397e-01   6.1974164e-02  -3.7622439e-01   4.8621692e-01  -1.4419850e-01   2.8425009e-01   1.7020233e-01   1.8942103e-01  -2.4601294e-01   2.3455126e-01  -2.0680008e-01   2.2664861e-01   1.0731339e-01  -1.1376801e-01  -3.1998781e-01   1.6629656e-01   1.1009214e-01   2.7479076e-01  -2.7167786e-02   2.3256981e-01  -1.6939864e-01   5.3068045e-02  -2.5961070e-01  -7.7530635e-02  -2.0164820e-02  -4.2425715e-01  -2.0712423e-01  -6.7091257e-02   3.2281881e-01   9.8087693e-02   6.2217595e-02  -9.2288580e-03  -4.7826592e-02   1.3999476e-01   1.7614035e-01  -7.3618226e-02   5.6745679e-01   6.0054568e-01  -5.1847808e-02   4.6560740e-01  -7.7328258e-02  -3.8064484e-01   1.0598715e-01   6.5351248e-01   4.9395691e-01  -5.3939120e-02  -4.5144781e-02  -3.1870818e-01   2.7625224e-01   2.5597762e-02   1.0289702e-02   6.6487268e-01   1.7337556e-01  -1.8595059e-01  -1.0518329e-01  -3.8308904e-01   2.8453103e-02   1.0896767e-01  -3.0930175e-01  -1.9469155e-01   6.2076261e-01  -2.3730087e-01   8.0778057e-02  -2.9141392e-01   5.8308306e-02  -6.3532741e-02  -7.0760453e-02   2.5530392e-01   5.4882920e-02  -6.8922120e-02   4.1947001e-01   1.0091886e-01   1.2168829e-01   2.5386464e-01   4.3810421e-01   1.2453326e-01  -8.5123398e-02   2.8347320e-02  -2.4641062e-01   1.8427664e-01  -1.1307320e-01  -1.3374172e-01   1.2486590e-01  -1.7646942e-03   2.8187331e-02  -2.1392576e-01  -3.5648045e-01   9.2519794e-02   2.4816628e-01   3.8704724e-01  -1.9810453e-01   2.9943635e-01   1.6636363e-01   3.1356313e-01  -1.3734822e-01   4.1632578e-01   6.5432943e-01  -4.1657277e-01   5.0943671e-02  -2.0040181e-01   1.6684133e-01  -1.7207311e-01  -3.3250669e-01  -3.1019347e-03   1.8686042e-01   1.9275372e-02  -4.2386132e-02   1.1694882e-02   6.6657826e-01
  -8.8655971e-02   6.5495900e-01   3.5680010e-01  -1.8681354e-01   0.0000000e+00  -1.7794843e-02  -7.4497961e-02  -3.1144226e-01   5.2714036e-01  -1.7389509e-01  -1.3147106e-01   5.3237680e-01   1.7392219e-01  -6.0379818e-01  -3.9898721e-02   1.0952625e-01   2.3332369e-01  -1.7075232e-01  -1.0380756e-01   7.9638765e-01  -6.0386829e-01  -1.5995034e-01  -3.0345356e-01  -1.0609984e-01  -5.6195292e-02   2.2036242e-02   2.8416333e-01  -4.1346745e-01   1.7134633e-01   2.8778569e-01  -3.5962284e-01  -2.2510693e-01  -2.6432926e-02   4.7745697e-01  -1.2356014e-01   3.2901624e-01  -1.1036957e-02   2.1547820e-01   2.6931031e-01   3.7226106e-01   1.5642760e-01   1.5400531e-01   4.5885754e-01  -1.5781154e-01   7.1229646e-01   6.4520862e-02  -1.4362459e-01   2.1123523e-01  -5.3012989e-02   4.7615080e-01  -8.5168932e-02  -3.1656814e-01   5.5666821e-01   1.3314716e-01  -4.7417664e-01  -6.5918556e-02   8.4018737e-02  -3.9840604e-01  -8.3331448e-02   2.7270802e-01   3.5243394e-01   2.4150315e-01   5.4374007e-01  -1.6543747e-01   5.2978023e-01  -7.9904918e-02   2.7426714e-02   6.2477481e-02   5.1937670e-03  -2.0592602e-01   3.0727080e-01  -1.9510317e-01   3.3202312e-01  -2.9224881e-01   2.8530587e-02  -2.3886346e-01   2.7454945e-01   7.4382209e-02   6.9518537e-01  -6.7857468e-02  -3.7896626e-01   3.9942640e-01  -2.2624852e-01  -3.7368216e-01  -2.9462118e-01  -2.8777564e-01  -2.7624409e-01  -5.2520262e-01   3.1396790e-01  -2.1258890e-01   7.6457553e-01   2.5026429e-01  -1.5177607e-01   6.4877657e-01   2.2252537e-01   7.5066956e-01   1.1993201e-01  -7.4823123e-02   1.1777153e-01  -3.9139078e-01  -5.7565341e-01   8.5723174e-02  -5.8722372e-01   1.9189102e-01  -3.7553654e-01  -1.9760450e-01  -1.1195674e-03   9.2116455e-02  -7.1196302e-02   4.3214875e-01  -2.4160450e-01  -1.4475443e-01  -1.0277815e-01  -3.8380744e-01  -4.1076112e-01   6.6929500e-01   8.3177593e-02   4.3427345e-01  -6.1169679e-01  -2.0746422e-01  -2.1165337e-01   5.9687961e-01   4.7233635e-01   1.5379670e-01  -1.0454760e-01  -2.2405511e-01   6.8455561e-02   8.4314312e-02  -1.9630312e-01  -2.4166297e-01   4.0123933e-01   4.4263108e-01   1.8237852e-01  -4.2621996e-01   4.9238863e-01  -2.1720086e-01   6.8090010e-02  -5.4959640e-01  -2.1610405e-01  -1.6007871e-01  -2.2276022e-01   1.0643672e-01  -1.1077845e-01  -2.9800172e-01  -4.2904172e-02  -4.4266122e-01   1.1834462e-01  -1.0343048e-01   2.8546235e-01  -3.9381695e-02  -3.8943525e-01  -5.4253854e-01   1.9687815e-02   1.5236828e-01   1.3539137e-01  -3.0433855e-01  -3.2214714e-01  -6.0239742e-02   6.4743452e-02  -4.2575114e-01   4.0325280e-01  -2.0153229e-01  -3.0193470e-01  -4.1428002e-01   3.6692728e-02   6.1469481e-01   1.7251240e-01  -7.1228860e-02  -6.0935430e-03  -2.2421710e-01   6.7434743e-01  -1.0106500e-01   2.8257035e-01  -8.5851451e-02   3.6195410e-02   2.1665052e-01  -1.0427805e-01
   2.5290788e-02  -2.1678585e-01   1.3922150e-01   3.8476583e-01  -1.7794843e-02   0.0000000e+00  -2.0770087e-02   2.2310326e-01  -3.2059059e-01   8.0531195e-02   2.8095146e-01   2.0683403e-01   6.2484300e-02  -5.9352937e-02   3.9851300e-01   2.2576455e-01  -5.3296353e-02   3.6318484e-01   8.5410495e-02   1.2160427e-01  -7.3007474e-02   4.8854207e-01  -1.7579582e-01   1.0477276e-01   7.4308077e-02   2.5364454e-01   2.1821208e-01  -6.6379138e-02  -1.8639964e-01   8.8068430e-02  -3.4774870e-01   2.5175492e-01   2.6432526e-01  -2.0727476e-01  -1.4009672e-01   2.5781448e-01  -2.6254275e-01  -2.1416875e-01   7.5484295e-02  -9.4789031e-03  -1.4739661e-02   2.3594679e-01   5.7233669e-02   2.2294122e-01   1.0190697e-01  -1.8599144e-01   4.6048926e-01  -1.5291743e-01  -1.5802010e-01  -5.6717348e-02   4.7995266e-01   3.0401960e-01  -1.5895807e-01   1.0140170e-01  -7.6383311e-02   2.9040620e-01   1.3365965e-01   3.6752945e-01   2.7379018e-01   4.5116659e-01  -1.4994833e-01   1.0489890e-01  -1.2710900e-01   1.0500704e-01  -6.3955074e-02   6.4228274e-01   6.2220200e-01  -8.8601210e-02   5.4088287e-01   2.7982981e-01  -2.9256696e-01   4.8180727e-01  -1.6259954e-02   4.4204476e-01   4.5831594e-02   7.6513588e-02  -3.2947908e-01   1.7898301e-01  -2.0034830e-02  -8.4830971e-02  -1.1612807e-01  -3.5227985e-02  -1.7568811e-01   1.7935431e-01   2.5282245e-01   1.9990871e-01  -1.4447646e-01   4.7719117e-02  -7.8840127e-02   1.3618372e-01  -8.9119701e-02   1.4600983e-01  -6.9896016e-02  -1.3740618e-01  -3.3630491e-01   1.4280508e-01   2.0921924e-01   1.6567156e-01  -1.9943746e-01  -1.1884599e-01  -2.9081481e-01   3.8033596e-01  -4.7728325e-02   5.1946624e-02   3.9713972e-01   3.5012198e-01   1.2663352e-01   5.6033186e-01  -1.9146340e-01  -1.9119169e-01   2.4287927e-01   5.1625456e-01   3.2990036e-01  -1.5741419e-01  -1.1515382e-01  -7.8510114e-02   3.4847955e-01  -2.6294450e-02  -6.6173312e-02   3.8773663e-01   6.8848124e-02   2.0179746e-01  -5.5500024e-02  -1.6266054e-01   1.3161958e-01   3.1237776e-01  -2.2947392e-01  -2.0983626e-01   3.9664899e-01   5.8331894e-02  -4.0348150e-02  -1.7923941e-01   2.8295657e-01  -2.7701148e-01   2.6818252e-02   8.5678569e-02  -1.3497872e-02  -2.3222548e-01   3.1924640e-01  -3.2980218e-02   5.1718890e-02  -2.8047518e-02   3.5688915e-01   4.7753603e-01  -1.5433523e-01  -3.3124029e-02  -1.2215786e-01   5.7361292e-01   2.4953785e-01  -3.0351253e-01   2.1282290e-01  -1.2530706e-01   3.2244833e-01   9.1065158e-02  -2.9107008e-02  -2.1404171e-02  -1.1089624e-02   3.0421733e-01  -2.5617731e-01   2.1225487e-02   1.4693742e-01   3.6549967e-01   4.7434112e-02   3.5731248e-01   3.7415787e-01  -2.9662401e-01   3.0857634e-01  -6.3189477e-02   1.6927711e-01  -1.4789694e-01  -5.4548842e-02  -2.5979083e-01   3.4592480e-01   4.8331563e-01  -4.2670944e-02   4.0093373e-02   4.3149515e-01
  -2.5972360e-02  -5.8141472e-02  -8.9057564e-02  -1.0158657e-01  -7.4497961e-02  -2.0770087e-02   0.0000000e+00  -1.9153621e-02   1.3053096e-01   6.4732356e-01  -7.8418196e-02   1.2298828e-01  -2.4713545e-01  -1.1775930e-01   2.6392105e-01  -5.5220030e-02  -2.4317796e-01   6.9806108e-02  -2.3116296e-01   2.3332439e-02   4.5414856e-02  -1.4845939e-01   6.9065444e-01  -3.8363815e-02  -3.6217471e-02  -1.1434375e-01   5.0951955e-01   4.3848507e-01  -2.2414679e-01   2.6765162e-01   2.7222371e-01  -1.9739677e-01  -1.2717312e-01   2.4878585e-01   4.1596012e-01   1.3333605e-01   2.3960818e-01  -1.1241124e-01  -9.2841318e-02   3.0371780e-02  -2.4916146e-01  -2.1281942e-02   3.3613082e-01  -1.1033770e-01   4.3867179e-02   1.4430849e-02  -2.7578970e-02   6.0540251e-01  -5.4832122e-01  -2.0519528e-01   1.3740069e-02  -1.3790888e-01   2.4230933e-01  -2.6677186e-01  -4.8921572e-02  -8.8114698e-02  -2.1204931e-01   5.3894495e-02  -1.4271770e-01   1.1035020e-01  -1.2726716e-01  -2.4628757e-01   1.4959273e-01  -1.4237073e-01   1.1327735e-01  -6.6812847e-02  -1.4879073e-01  -2.0287721e-01  -1.7132071e-01   1.6674033e-01   3.0721060e-01  -3.1304573e-03   7.3819295e-02  -2.2183650e-01  -3.3579723e-01  -2.1043398e-01  -7.2916239e-02  -4.6176421e-02   1.2194914e-01  -3.2041287e-01   6.2942575e-01   1.0392420e-01   1.6077394e-01   1.1467138e-01  -3.0996554e-01  -1.7024976e-01   1.4214197e-01   4.4455887e-02  -1.4739479e-01  -1.9521715e-01  -2.5630908e-01  -2.5396538e-01   3.8923143e-01   3.7535434e-01  -1.3302159e-01  -3.5805385e-01  -3.4059081e-01  -2.1699059e-01  -2.9131417e-01   5.6292321e-01   5.1936729e-02  -2.8386669e-02   6.0985769e-02   9.3475518e-02   2.0580660e-02  -2.7613395e-01  -3.4213371e-01   7.4832242e-03   5.6828348e-02   4.3148360e-03   4.6874238e-01  -1.8656194e-02  -6.4846068e-03  -1.9144279e-01   4.7305855e-01  -1.0979299e-01  -8.3786089e-02  -3.8869998e-02  -1.2714064e-01  -9.6707512e-02  -4.1464390e-03  -4.5600710e-02  -1.1844422e-01   1.5623821e-01   7.2092341e-02  -8.3427299e-02   4.1842812e-01  -2.3420958e-01  -5.8558200e-02   9.5336180e-02  -4.7951864e-02   3.5292047e-01  -2.2467813e-01   2.2167773e-01  -3.2057631e-02  -3.6109706e-02  -3.0126565e-01   3.8328580e-01  -4.9796006e-02  -1.9765659e-01  -1.4550063e-01  -4.0954614e-01  -5.7512782e-03  -2.5571562e-01   6.9059714e-01  -1.9455570e-04   5.8396805e-01  -1.1891805e-01   2.3814977e-01   2.7822911e-01  -6.8694389e-03   2.9838027e-01  -1.7156617e-01   1.1058726e-01  -8.3615263e-02  -8.4270618e-02  -3.1012728e-02  -1.9593072e-01  -3.6990502e-01   3.2185864e-01  -6.5401958e-02  -4.3674941e-02   1.6936640e-01  -7.6160697e-02  -2.4396525e-01   2.7219291e-01   1.3783159e-01   1.7509083e-01  -8.9655119e-02  -7.3182936e-02  -4.5015618e-02  -2.1732658e-01  -1.1621352e-01  -3.4983957e-01  -1.3816278e-01  -1.6729214e-01  -1.0356625e-01
  -5.7683005e-02  -2.8726086e-01  -1.9491739e-01   2.6615724e-01  -3.1144226e-01   2.2310326e-01  -1.9153621e-02   0.0000000e+00  -2.0005375e-01   4.7206716e-02   5.3471648e-01  -1.7696735e-01  -6.5382350e-02   2.1034577e-01   1.8697534e-01   2.4856653e-01  -1.7091345e-01   3.6840729e-01   4.3996535e-02  -2.3522038e-01   2.0879586e-01   2.4603182e-01   6.7414545e-03   6.4557308e-02  -4.0678788e-02   5.0548020e-01  -1.7587429e-01   2.3685366e-01  -1.4237042e-01  -1.0295950e-01   1.7032581e-01   4.6752985e-01   1.1727201e-01  -2.6911748e-01   3.4276299e-02   7.5836792e-03  -5.3173885e-02  -1.2827686e-01  -8.8035800e-03  -3.1969741e-01   6.8578976e-03  -9.4312517e-02  -7.7323349e-02   4.1087827e-01  -2.1135700e-01  -2.0352187e-01   3.3916487e-01  -1.5987997e-01  -7.4819431e-02  -2.7858377e-01   2.5347112e-01   6.9071733e-01  -3.7753149e-01  -2.5561668e-01   2.6770262e-01   3.7440823e-01   1.5918631e-01   3.5772457e-01   4.0058347e-01  -5.4152347e-02  -2.3980430e-01  -1.3354061e-01  -1.6407994e-01   2.6292707e-01  -1.5329755e-01   1.7247483e-01   3.9985796e-02  -1.7451698e-01   3.0973769e-01  -1.0964394e-01  -2.5412624e-01   3.1858327e-01   1.2445756e-03   1.6752893e-01  -1.7378054e-01   5.2225957e-01  -1.0063361e-01   2.4737550e-01  -2.4895246e-01  -1.2984291e-02   2.0859493e-01  -1.0785167e-01  -1.7205407e-02   4.3266686e-01   2.0530516e-01   5.1024095e-01   1.5490804e-01   2.6356608e-01  -1.9312092e-01   6.5411729e-02  -3.0109652e-01  -1.2424130e-01  -9.2021457e-02  -2.5081469e-01  -1.5373725e-01  -3.6767194e-01  -8.3059827e-02   1.9632794e-01  -2.4371582e-01   4.8120298e-02   3.3586361e-02   1.3636150e-01   2.6916108e-01  -1.5734143e-01   4.3436818e-01   2.8383708e-01  -9.3486374e-02   4.5462196e-01  -1.5497219e-01  -4.0662283e-01   1.4891411e-01   3.3520211e-01   3.1528678e-02  -2.4714710e-02   2.3010051e-02  -3.0519023e-01   2.5074287e-01   5.8081701e-02   2.2071666e-01   2.5624744e-01   3.7704584e-02  -2.3926530e-01  -1.3764813e-01  -2.0378268e-01   1.1932471e-02   1.4406802e-01  -1.6267031e-01  -2.7098105e-01   3.8923105e-01  -9.9005327e-02  -1.3939002e-01  -2.1506434e-01   3.7245216e-02   5.7247423e-02  -1.5965947e-01   5.7091471e-01  -1.9145945e-01   2.0121385e-01   6.1487456e-01  -1.9469442e-02   4.8166519e-02   8.1603999e-02   4.3816256e-01   7.6304973e-02   5.7762372e-02   3.9992188e-01  -2.6241960e-01   2.0069447e-01  -1.8219456e-01  -1.2840692e-01   3.1656408e-02   4.2120025e-01  -2.5831346e-02  -9.4590578e-02  -2.3795733e-01   5.3871128e-02   7.1013558e-02   2.1432428e-01  -1.4384345e-01   3.9290571e-01  -1.6517005e-01   3.8362205e-01   1.0940975e-01   5.6974324e-01   1.6940727e-01  -3.6326445e-01   7.9628971e-02   1.1491901e-01  -3.3425580e-02  -5.0785432e-02  -2.8458383e-01  -5.7319080e-02   7.8526438e-02   8.6994700e-02  -2.4869506e-01  -1.8127560e-01   2.3860847e-01
   7.7579955e-02   6.4553103e-01   1.8884059e-01  -3.2649102e-01   5.2714036e-01  -3.2059059e-01   1.3053096e-01  -2.0005375e-01   0.0000000e+00  -4.5174534e-02  -1.7905167e-01   3.4568316e-01  -3.8906360e-02  -4.1342793e-01  -4.4902110e-02  -1.6386942e-02   1.1415537e-01  -2.6611722e-01  -1.2465380e-01   3.0712684e-01  -4.7893111e-01  -3.7774658e-01  -8.2950378e-02   2.0131142e-02  -3.6988327e-02  -1.5660400e-01   2.0158977e-01  -1.7284799e-01   2.1569979e-01   5.6455972e-01  -1.0678921e-01  -3.1769005e-01  -1.1610173e-01   3.5948218e-01   3.0718911e-02  -1.9636679e-02  -1.0074734e-04   8.3725069e-02   1.6157083e-01   1.7220976e-01  -2.6002390e-02  -1.9458113e-01   4.7914405e-01  -5.4349757e-02   4.5088901e-01   2.4044106e-02  -3.4260763e-01   4.4283706e-01  -1.2748642e-01   2.3782042e-01  -2.2667679e-01  -2.2794769e-01   5.8735320e-01  -6.0011148e-02  -2.9846258e-01  -7.0970910e-02   7.5764544e-02  -4.7829751e-01  -1.4077189e-01   1.6212627e-01   7.2763523e-02   1.4762332e-01   6.9318631e-01  -1.0008450e-01   5.7034247e-01  -4.1341621e-01  -2.2516315e-01   1.4838184e-01  -1.5926593e-01  -1.7696095e-01   4.2796310e-01  -4.0075809e-01   1.1734452e-01  -4.1852732e-01   5.2235192e-02  -2.9548282e-01   1.0477545e-01   2.3000681e-02   5.0258519e-01   4.0220034e-02  -1.2836108e-01   1.4273366e-01   8.6222777e-02  -1.7603494e-01  -4.4606416e-01  -4.0311978e-01  -4.5037238e-02  -2.2792489e-01   3.6801327e-01  -1.7499924e-01   6.1134280e-01  -7.0089044e-02  -1.8517208e-01   6.7905800e-01   1.2377465e-01   2.6252761e-01  -1.0727924e-01  -8.5341530e-02   1.8483167e-01  -2.7901902e-01  -3.1441419e-01   2.3472588e-02  -4.2496464e-01   4.0802635e-01  -4.3679959e-01  -3.1289666e-01  -1.0855093e-01   1.3160160e-02  -9.4063326e-02   4.6520352e-01  -2.2897816e-01  -3.0025225e-01  -2.0595347e-01  -9.7464930e-02  -2.4674107e-01   4.1008557e-01  -1.1605778e-01   1.9575592e-01  -4.0091557e-01  -4.3301753e-01  -6.9380045e-02   2.7504650e-01   2.2255637e-01   4.2682456e-01  -3.8283630e-02  -1.4132372e-01   1.1415515e-01   1.1810953e-01  -2.6997678e-01  -1.4970106e-01   8.5294210e-02   4.1376905e-01   8.3132840e-02  -2.0329259e-01   4.6516304e-01  -2.1367855e-01   5.9255672e-02  -2.3597925e-01  -2.7247525e-01   9.7171522e-03   2.6974277e-04   4.3596689e-02  -1.1228903e-01  -4.7194993e-01   3.1025883e-02  -2.8595456e-01   1.1100352e-01  -2.9484371e-01  -3.3441453e-02   1.0822852e-01  -4.5604443e-01  -2.5645339e-01   5.3682569e-02   2.0533909e-01   1.4203515e-01  -1.2487645e-01  -3.1065940e-02  -1.0725613e-01   1.0234555e-02  -2.5882955e-01   3.6019190e-01  -1.3335568e-01  -1.9047464e-01  -3.9580489e-01  -2.4392763e-01   5.1049458e-01   2.1089387e-02   1.1740356e-01  -9.6678860e-02  -2.5885929e-01   4.3022797e-01  -7.4294114e-02   3.5488663e-02  -3.5413535e-01   2.4234625e-03   5.9557641e-02  -2.5984834e-01
   1.6426153e-01  -2.7108016e-01  -7.4716530e-02  -1.0881539e-01  -1.7389509e-01   8.0531195e-02   6.4732356e-01   4.7206716e-02  -4.5174534e-02   0.0000000e+00   8.7825104e-03   2.0226779e-02  -8.5956935e-02  -1.8896715e-01   4.5892411e-01  -9.5354172e-02  -2.9405328e-01   2.8775131e-01  -2.0753927e-02  -9.5689795e-02   1.4820468e-01  -1.3191301e-01   6.6910123e-01   8.7402230e-02  -8.9515059e-02  -5.7552894e-02   3.2889618e-01   2.6571925e-01  -2.9291823e-01   1.9828100e-01   1.6312502e-01  -1.4913218e-01  -1.4740740e-01  -2.4060421e-02   3.6316509e-01   3.9592334e-01   2.6145803e-02   2.0470343e-02  -1.9701773e-01   3.4722802e-02  -6.3530868e-02  -1.9132560e-01   2.0399372e-01  -1.3967280e-01   8.9079924e-02   1.5247605e-01   1.7739454e-01   4.0577910e-01  -4.5680172e-01  -2.4631829e-01   2.4347269e-01   1.2170213e-02  -4.2372887e-04  -3.0640941e-01  -1.2067688e-01  -2.3448559e-01  -2.1864344e-01   1.5425888e-01   3.6140037e-03   1.8948505e-01  -1.6578800e-01  -2.0882170e-01  -3.0591090e-02   3.9951607e-02   1.3075181e-01   1.9559494e-01  -2.2769069e-01  -8.8108016e-02  -1.1984436e-01   1.7934062e-01   7.4295676e-02   9.9455111e-02   7.8790672e-02  -2.1343959e-01  -3.9251374e-01  -7.4057902e-02  -7.3620232e-02  -2.7531344e-02   1.2607678e-03  -2.2697090e-01   3.9364460e-01   1.3230465e-01  -1.0636578e-02   1.8269557e-01  -4.1051389e-01  -9.1884378e-02   5.5449727e-03   1.2776701e-01  -2.3733386e-01   1.3404110e-01  -3.4468718e-01  -2.7600483e-01   3.5369554e-01   1.5700505e-01  -6.3896740e-02  -3.0830218e-01  -2.5710542e-01  -3.4577894e-01  -1.0617373e-01   6.2422925e-01   3.3293524e-02   2.1020786e-01  -7.5882284e-02   2.1283601e-02   1.7633868e-01  -1.9082893e-01  -4.8548943e-01  -1.0079130e-01   1.3606206e-01  -1.2796145e-01   4.2768470e-01  -9.7687476e-02  -1.0373330e-01   1.0215314e-01   3.4414760e-01  -2.1543859e-01  -1.1835154e-01   5.3499188e-02  -1.7249208e-01  -4.0752471e-02   1.5083644e-01   3.5572020e-02  -2.3014618e-01   1.7572198e-01   4.0952986e-01   1.8051225e-02   2.1307787e-01  -3.7235405e-01   2.0910965e-02   5.7256107e-02  -4.3524904e-02   2.6492549e-01  -2.6987532e-01   1.4696649e-01  -4.2431362e-02  -2.4000125e-02  -2.7239210e-01   2.5264203e-01  -3.0444362e-02  -5.8910037e-02  -1.0431342e-01  -3.2564060e-01  -6.3421746e-02  -1.9671087e-01   5.0966193e-01   1.5817830e-01   3.8120672e-01   1.3231074e-01   4.5412941e-01   3.3282922e-01   6.6866652e-02   1.9444381e-01  -1.7552762e-01   7.8712505e-02  -6.1078608e-02   1.8402879e-01   8.5661010e-02   7.1711121e-02  -3.0644855e-01   1.1674713e-01  -1.6128449e-01  -9.6541479e-02   3.1775768e-01   7.8561095e-02  -6.2939274e-02   2.7829344e-02   1.8215319e-01  -2.8873701e-03  -9.2969436e-02  -1.2316540e-01  -2.2154399e-01   4.1687496e-03  -2.3154542e-02  -2.9987441e-01  -1.1052553e-01  -4.7029703e-01  -1.0940008e-02
  -1.6815475e-01  -3.3742210e-01  -2.1094141e-01   3.1531504e-01  -1.3147106e-01   2.8095146e-01  -7.8418196e-02   5.3471648e-01  -1.7905167e-01   8.7825104e-03   0.0000000e+00  -1.2438563e-01   8.9354356e-02   2.1655430e-01   3.4469358e-01   2.3633530e-01  -2.6446452e-01   6.3367061e-01  -7.8507879e-02  -1.0558314e-02   1.8007771e-01   3.7957791e-01  -5.3246718e-02   7.0554997e-02  -1.4840968e-01   3.5286242e-01  -8.2993682e-02   1.4702010e-01  -1.1469652e-01   9.7418816e-02   2.1031455e-02   5.3755213e-01   7.6428861e-02  -3.2710109e-01  -1.3476606e-01   3.3122003e-01  -1.3573016e-01  -3.5187314e-02   6.3917307e-02  -4.0847032e-01   1.8756177e-01  -2.1648567e-02  -1.1631263e-01   6.0633104e-01  -3.0978988e-02  -1.1854692e-01   7.1474420e-01  -1.4177809e-01  -2.6909907e-01  -3.2257000e-01   5.8090423e-01   5.3495350e-01  -3.4741139e-01  -3.2395105e-01   3.8885398e-02   5.1231435e-01  -2.0690382e-02   4.2649921e-01   4.7222620e-01   1.3736770e-01  -6.0728009e-02  -1.3743096e-01  -1.5282942e-01   2.8433502e-01  -1.4904361e-02   3.5377423e-01   6.8935658e-02  -9.0476236e-02   4.6965612e-01  -3.1008631e-02  -4.3877142e-01   5.6023527e-01   6.6201099e-02   1.7076414e-01  -1.7195332e-01   5.2981327e-01  -1.4533748e-02   1.6935478e-01  -2.2943404e-01  -6.7493210e-02   1.4061689e-01  -1.6003499e-02   9.1856662e-02   1.9321613e-01   7.1990552e-02   5.0354907e-01   1.1588395e-01   1.6211187e-01  -3.0071573e-01   1.0148997e-01  -2.6344117e-01  -9.4673357e-02  -1.6872634e-01  -1.8049433e-01  -1.1614003e-01  -1.6558835e-01  -4.1570641e-02   1.4030817e-01  -1.6610885e-01   5.4711957e-02  -1.2653442e-01   3.0384317e-01   2.5445020e-01  -7.7991071e-03   5.8266481e-01   3.2729805e-01  -1.5234524e-01   4.7509943e-01  -3.0213823e-01  -3.1712338e-01   2.3298317e-01   4.6618302e-01   2.1746658e-01  -1.5163692e-01  -1.4902586e-01  -3.0054518e-01   2.7469802e-01   1.2350209e-01   1.0787831e-01   3.6322221e-01   5.8640734e-02   1.8690597e-02  -1.6478487e-01  -9.8542103e-03   3.8132950e-02   2.3345472e-01  -5.7324453e-02  -3.8311083e-01   4.7549209e-01  -1.2263116e-01   2.5966989e-02   2.5130581e-02  -2.5013643e-02  -4.6138663e-02  -1.7034276e-01   3.4016265e-01  -2.7090623e-01   7.5179165e-02   5.0633948e-01  -1.0194549e-01  -9.7889334e-02  -1.1141927e-01   5.2116069e-01   1.2357330e-01   1.0113076e-01   4.1514287e-01  -3.9513786e-01   4.5194871e-01  -2.3724571e-02  -1.3741995e-01  -1.4369253e-02   2.5332049e-01   2.0785278e-02   2.0943464e-01  -2.7975148e-01  -1.6385838e-02   1.0643947e-02   2.9279121e-01  -2.1501476e-01   3.9334425e-01  -1.0816845e-01   5.6499322e-01   2.3880948e-01   6.4110935e-01   2.6650874e-01  -3.2810417e-01   5.4473286e-01   3.4477778e-02  -3.4978642e-02  -2.0550039e-01  -2.6288784e-01  -1.0180130e-02   3.5922974e-01   1.5482597e-01  -1.8733848e-01  -9.9811677e-02   1.7867752e-01
  -9.0680690e-02   6.9654823e-01   6.9935185e-01  -2.1771700e-01   5.3237680e-01   2.0683403e-01   1.2298828e-01  -1.7696735e-01   3.4568316e-01   2.0226779e-02  -1.2438563e-01   0.0000000e+00  -5.5666358e-02  -4.8368701e-01   2.9337772e-01   1.4555833e-01   4.9458620e-01  -3.0126826e-01  -6.6977486e-02   5.8891248e-01  -5.5975020e-01  -1.8043456e-01  -1.1580203e-01  -8.0385389e-02  -8.5224969e-02  -9.8476590e-02   4.3322226e-01  -2.0730384e-01   1.3872026e-01   3.5370716e-01  -2.9412583e-01  -2.1969920e-01  -2.0147891e-01   6.9379483e-01   1.4885590e-01   8.8717626e-02  -2.5079452e-01   1.2066662e-02   2.1320215e-01   5.4305564e-01  -2.4938227e-02   8.1350818e-02   6.5579208e-01  -5.7978801e-02   5.7727228e-01   2.6019542e-03  -2.3463256e-01   2.6042337e-01  -1.3352895e-01   6.6214758e-01  -1.6006065e-01  -2.5147449e-01   5.6152567e-01   1.7971968e-01  -2.9443316e-01   2.3496278e-02   4.1298666e-02  -2.3265470e-01  -1.6668933e-01   6.7535358e-01   2.2251000e-01   2.0111126e-01   5.0743423e-01  -1.8407257e-01   2.9137924e-01   3.8254797e-02   1.8208826e-01   1.2134321e-01   2.7190589e-02   8.2458891e-02   4.9665391e-01  -1.2525366e-01   1.5460915e-01  -2.7855028e-01   2.8454744e-02  -1.9638499e-01   5.4601931e-02   8.1136891e-02   6.5886863e-01  -7.6998663e-02  -2.6216557e-01   1.6167023e-01  -2.9354238e-01  -2.4647937e-01  -2.1270284e-01  -1.5536588e-01  -2.6718458e-01  -2.7056326e-01   5.4258077e-01  -1.3965945e-01   5.3828198e-01   3.5626458e-01  -4.4573885e-02   6.7327597e-01  -9.9104384e-02   5.1412286e-01   1.0615101e-01  -1.0625838e-01  -3.1292468e-02  -4.0407214e-01  -4.6611856e-01   2.5781560e-01  -5.4105763e-01   5.0092590e-01  -3.2992060e-01  -1.2030717e-01   8.6451583e-02   2.1622690e-02   4.7668254e-03   2.8158180e-01  -9.8105551e-02  -1.4487200e-01  -1.0926472e-01  -3.7196639e-01  -2.5680207e-01   5.7232002e-01   1.4530915e-01   1.5821555e-01  -4.5659451e-01  -2.0853379e-01  -1.8405524e-01   4.7094479e-01   5.0559072e-01   1.7783832e-01  -4.8394349e-02   9.7162826e-02   2.2825719e-01   2.0359776e-01  -1.7067975e-01   2.0889242e-02   1.8840332e-01   2.7443732e-01   3.0139925e-01  -3.1071619e-01   6.8967519e-01  -9.1350416e-02   1.6358558e-01  -4.0957674e-01  -1.5146948e-01  -2.1083028e-01  -2.2394982e-01   3.8108782e-02  -2.1189313e-01  -1.5982050e-01   1.7376855e-01  -5.1859389e-01   3.2733493e-01  -2.6373161e-02   4.1960735e-01  -1.8642666e-01  -3.9185593e-01  -3.2592593e-01   8.9494037e-02   2.3828107e-01   5.8027605e-01  -2.1772261e-01  -2.7698391e-01  -1.7297447e-01   4.1863301e-02  -3.9173308e-01   4.5236825e-01  -1.2500687e-01  -2.9843278e-01  -3.6951082e-01  -3.4687878e-02   5.1317583e-01   2.0133080e-01   8.7292209e-02  -1.2685167e-01  -6.1063257e-02   7.3747691e-01  -3.8369136e-01   1.0161708e-01   3.3119294e-02   8.7500347e-03   2.0150477e-01  -2.6240523e-02
   1.0905878e-01  -5.0058432e-02   1.2731803e-01   2.8819344e-01   1.7392219e-01   6.2484300e-02  -2.4713545e-01  -6.5382350e-02  -3.8906360e-02  -8.5956935e-02   8.9354356e-02  -5.5666358e-02   0.0000000e+00  -1.9835279e-01  -1.7793245e-01   1.5463705e-01   2.9810000e-02   1.8499115e-01   2.1287471e-01   1.7770322e-01  -1.4173374e-01   1.1325441e-01  -2.2757294e-01   2.8013189e-01  -8.1132311e-02   2.3216431e-01   6.1397874e-02  -3.4479334e-01  -1.2362991e-01  -1.1801650e-01  -3.7628379e-01   2.3580716e-01  -1.2650747e-01  -2.2731981e-01  -1.8613804e-01   3.3537708e-01  -1.0972487e-01  -4.1976742e-02   1.1177625e-01  -4.5234013e-02   6.8544925e-01   1.5123203e-01  -8.0023855e-02  -1.1113126e-01   2.1373774e-02   2.1042098e-01   2.2543306e-01  -2.3675069e-01  -2.1477615e-02   4.0181931e-02   2.1798279e-01   1.4112599e-01  -2.2036929e-01  -2.7777312e-02  -2.6556808e-01  -3.2511961e-02  -1.5241061e-02   1.5119768e-01   1.1763092e-01   4.9768780e-03   1.4019315e-02   1.6584905e-01  -1.0361239e-01  -2.9844177e-02  -3.6676735e-02   2.0179877e-01  -1.5438328e-01   2.2628700e-02   1.7479922e-01   1.0295778e-01  -1.6532279e-01   1.4341748e-01   1.7701524e-01   4.4805572e-02   1.5531082e-01   9.8102415e-02   9.3228026e-02   2.2044102e-01   3.4572776e-02   2.4769109e-01  -1.2708358e-01   2.1557548e-01  -2.6653803e-01  -1.7673259e-01  -1.2790263e-01   6.9329043e-03  -2.1791412e-01  -8.6125258e-02  -1.0337637e-01   1.2193993e-01   1.5599353e-02   4.5212148e-02  -2.3341224e-02  -1.3029698e-01  -1.5123679e-02   2.4523909e-01   2.4003777e-01   4.8977386e-02   1.5119841e-01  -8.9251066e-02  -2.4584789e-01   3.2372479e-02  -1.9278777e-01  -4.5696632e-02   2.4438162e-01   1.5131503e-01  -1.5595200e-01   1.0907467e-01  -4.5434655e-02  -2.1246773e-01  -9.5335922e-02   9.1922825e-02   1.2578884e-02   4.6353573e-02  -1.6565731e-01  -4.8454227e-02   1.0208501e-01   5.0618430e-01  -2.6999805e-01   2.0605837e-01   2.5310999e-01   1.1839120e-01   1.1742723e-01  -1.8830156e-01   2.0153716e-01   5.4014929e-02  -3.1137488e-01  -8.5712144e-02   1.4173959e-01  -7.9393573e-02   3.0494675e-01  -2.1252926e-02   1.1121654e-01  -3.3641994e-01   1.5392386e-02  -9.8809584e-02   2.3572791e-01  -3.4277806e-01  -5.1970059e-03  -9.5701321e-03  -4.5451971e-02   2.3454458e-01  -1.0021265e-02  -5.0682067e-02  -2.5495155e-01   5.5409593e-02  -7.8055300e-02   9.1420168e-02   1.6486215e-01  -1.3834654e-01  -2.5099791e-02  -2.9276998e-01  -1.8566351e-02  -5.7874895e-02  -1.6328757e-01   1.4680767e-01   2.4222790e-01   2.6749373e-01  -5.7338465e-02  -4.4333466e-02   2.5366140e-01   5.2855013e-02  -1.3498962e-01   3.5606122e-02   2.3530038e-01  -1.8198353e-01   7.5677679e-02  -7.9100991e-02   2.1982669e-02  -3.3365587e-01  -7.8118163e-02   7.3511194e-02   8.3518264e-02  -1.1490983e-01   1.0453382e-02   4.0214054e-02   9.1462744e-02
  -9.2142079e-02  -4.5676659e-01  -3.2999191e-01   1.6045316e-01  -6.0379818e-01  -5.9352937e-02  -1.1775930e-01   2.1034577e-01  -4.1342793e-01  -1.8896715e-01   2.1655430e-01  -4.8368701e-01  -1.9835279e-01   0.0000000e+00  -4.5598582e-02  -1.1636135e-01  -1.5690289e-01   8.5116545e-02   9.7284647e-02  -5.8144342e-01   5.3746679e-01   3.7292345e-01  -6.1325406e-02  -6.8090267e-02   7.8059467e-02  -1.0279648e-03  -3.2691999e-01   4.4628079e-01  -5.0888569e-02  -1.3951937e-01   3.3766275e-01   2.0699500e-01   1.4414305e-03  -4.2678574e-01   5.4961029e-02  -3.9420260e-01   2.2893611e-01  -2.3896699e-01  -1.3333689e-01  -3.2692184e-01  -2.2121717e-01  -1.9110940e-01  -4.7821112e-01   1.8898459e-01  -6.3125874e-01  -2.2811922e-01   9.9950265e-02  -2.0566057e-01   4.6072530e-02  -3.4673266e-01  -1.9726391e-02   2.2599978e-01  -4.3009502e-01   9.4758034e-03   5.5539860e-01   2.7883512e-01   5.1977160e-02   4.1884791e-01  -1.3679678e-02  -2.8361558e-01  -2.0331343e-01  -2.9124692e-01  -3.5467636e-01   1.4318834e-01  -4.5844701e-01  -2.8813814e-02   1.1337288e-01  -1.1894539e-01   7.2113749e-02   1.2388581e-01  -3.5273619e-01   2.4418295e-01  -3.1785476e-01   5.2198091e-01  -2.5872188e-02   1.7384717e-01  -2.2056519e-01   4.2046995e-02  -5.3868072e-01  -1.3461536e-02   3.5717043e-01  -4.2410025e-01   2.9484931e-01   3.1384631e-01   5.7379056e-01   1.4299646e-01   5.7185283e-01   3.2182957e-01  -3.2514046e-01   5.2350093e-03  -5.0267809e-01  -2.5243668e-01  -6.7398858e-03  -5.4938003e-01  -1.9368513e-01  -5.2675765e-01  -9.1496602e-02   9.2589494e-02  -1.9043995e-01   1.6066561e-01   5.6373636e-01  -1.8981522e-01   8.1110898e-01  -4.6458185e-02   3.3696789e-01   1.5432720e-01   1.4648462e-01  -1.9198584e-02  -1.3137906e-01  -2.8832822e-01   8.2634458e-02   3.2659683e-01   1.1821072e-01   8.4153277e-02   2.3274788e-01  -4.7948670e-01   2.9347285e-02  -4.0393616e-01   6.7821707e-01   2.9378970e-01  -1.7885463e-02  -4.3529752e-01  -2.5764133e-01  -1.3025183e-01  -2.2098182e-01   2.6590705e-01  -1.1926834e-02  -3.2185674e-02   2.2492959e-01   2.3566356e-01  -3.4312283e-01  -4.3823993e-01   3.4001787e-02   3.6069563e-01  -4.2342959e-01   2.0563244e-01  -1.5429577e-01   5.6740929e-01   1.6449182e-01  -1.4558543e-01   4.4706142e-02  -1.1457281e-01   1.9035413e-01   3.7091852e-01  -7.5710551e-02   2.5142583e-01  -3.3705811e-01  -2.1646352e-02  -4.4278578e-01  -3.5347413e-02   2.9792252e-01   6.4610376e-01  -2.1749645e-02  -1.8640102e-01  -8.4092961e-02   1.3483936e-01  -4.5302190e-03  -1.2191679e-01  -6.4849044e-02   5.8467496e-01  -2.4787029e-01   1.8033100e-01   1.6716740e-01   3.8505219e-01   1.1067535e-02  -4.6716979e-01  -1.9468252e-01   1.9814826e-01   9.3380487e-02   2.9671313e-01  -4.6197531e-01   4.6690589e-02  -1.6666381e-01   2.5733986e-01   2.0852747e-01  -1.4224031e-01   1.5050091e-01
