   0.0000000e+00  -6.4370406e-02  -1.0055196e-01   3.2882563e-02  -1.8653909e-01  -2.6795065e-01  -2.5434634e-01   3.6380951e-01   2.1512281e-02  -2.4905055e-01  -5.3435983e-02  -1.2516832e-01   1.7789388e-01   7.2207841e-02  -1.3270010e-01  -3.4306372e-01  -8.7229702e-02  -1.8114460e-01   2.2232501e-01  -2.0248597e-01  -2.6911391e-01   3.6519130e-02  -2.2623013e-01   6.9958358e-01  -3.3562309e-01   2.0482002e-01  -1.6602344e-01   2.9597802e-01   1.8614629e-01  -2.1368098e-01  -1.0956451e-01   2.5083329e-01  -1.9146119e-01  -1.9386160e-01  -2.9062502e-01  -3.2407672e-01  -1.4399170e-01   2.7450168e-01  -4.3101886e-01  -2.3295959e-01   7.6727809e-03   3.3827597e-02  -2.7602946e-03   1.8302005e-01  -1.1505998e-01   7.1723980e-01  -2.6267458e-01  -2.3785884e-01  -8.3170998e-02  -2.0371024e-01  -1.2774229e-01   2.9560570e-01  -9.6086847e-02  -1.1010136e-01   3.8916506e-01   1.2000561e-01  -1.0545098e-01   2.7553903e-01  -1.0707055e-01   1.6192050e-01   4.1517120e-01  -1.3812874e-01  -4.3323222e-02   1.4988584e-01   6.3151796e-02  -1.1064840e-01  -1.7659786e-01  -2.2806428e-02  -5.0145958e-02   6.7899603e-02  -2.2361807e-01  -6.4251586e-02  -1.9084103e-01   5.0951817e-01  -4.9724586e-02   3.0843054e-01   1.9339476e-01   1.4362401e-01  -1.7658190e-01  -5.3256104e-02   5.8876819e-02  -8.7602958e-02  -2.6951221e-01   2.4973956e-01  -1.3306430e-01   1.7099298e-01  -2.5832395e-01   5.2639654e-01  -2.2167421e-01   7.4253689e-01  -4.9219967e-02   2.7760971e-01  -2.5088492e-01  -6.1218093e-03   2.4487276e-01  -1.4176370e-01  -1.1071152e-01   2.9511603e-01  -1.7443192e-01  -1.0546826e-01  -1.2804851e-01   6.1938269e-02  -1.7306476e-01  -5.4513744e-02  -1.0777685e-01   2.4035632e-01  -1.7260296e-01   2.3469792e-01  -1.1275051e-01  -3.0551094e-01  -3.8009461e-01  -3.0660594e-02   2.5931115e-03   8.3790689e-01  -2.8670073e-01  -1.0643086e-01   2.4897492e-01   1.8674857e-02   4.1749725e-02  -1.5298876e-01   5.9703572e-01   1.0243433e-02  -1.3173895e-01  -2.8928475e-02   6.8724006e-01   3.5761950e-01  -1.5790436e-01   1.6979674e-02   1.9909317e-01  -2.5276330e-01  -1.8902133e-01  -1.9869068e-01   5.4916848e-01  -1.6196820e-01   1.3566388e-01   3.3702641e-01   5.3611950e-02  -2.5518523e-01   1.9930793e-01   4.7650469e-01   6.4558069e-01  -3.7141727e-02  -1.4643108e-02  -1.6099775e-01  -1.6966311e-01  -1.3579526e-01  -3.4138746e-01  -4.9485794e-02  -3.2781951e-01  -9.4145229e-02  -1.0680291e-01  -6.9152580e-03   5.0995397e-01  -1.0159135e-01  -1.8634156e-01   5.0161583e-01   6.2540523e-01  -6.8774209e-02   9.2553076e-02  -8.1021419e-02  -2.1591156e-01   3.8305580e-02   9.1949903e-02  -5.7377207e-02   4.2629844e-02  -1.0965463e-01  -1.8847467e-01   4.2760346e-01   6.1578455e-01  -1.9546067e-01  -8.5902484e-02   2.0092415e-01   5.2261864e-02  -1.4077337e-01  -1.6410559e-01  -1.6658454e-01   1.9057080e-01
  -6.4370406e-02   0.0000000e+00   6.1005968e-02  -1.5550112e-01   4.6957309e-01  -3.4967397e-01   1.6456539e-01  -9.3566584e-02   5.0560064e-01  -2.7912790e-01  -3.0753119e-01   3.9635841e-01  -1.6009068e-01  -4.9378507e-01  -5.1750412e-01  -1.2941513e-01   1.1706714e-01  -2.8446967e-01  -8.1958205e-02   2.6848440e-01  -4.9028065e-01  -4.4567492e-01  -5.3366285e-01   1.1743546e-01   5.0338419e-02  -1.6654224e-01   2.9959654e-01  -3.1234251e-01   3.8962513e-01  -2.6950970e-01   8.6726645e-02  -2.8631467e-02   6.7139402e-02   4.3049815e-02  -3.0624728e-01  -8.6112870e-03   5.8548575e-01   5.3454936e-03  -9.1791686e-05   1.8309187e-01  -1.7691154e-01  -1.0572595e-01   1.5029587e-01  -1.0546819e-01   2.5494214e-02  -2.2730565e-01  -1.5437919e-01   2.0822431e-01   4.0292224e-01   1.5324746e-01  -3.2258566e-01  -7.5790496e-02   7.3170843e-01   1.8527948e-02  -1.4495291e-01  -4.0269024e-01  -3.5338652e-01  -3.7471387e-01  -4.4875897e-02  -4.5356348e-01  -5.5804709e-02  -1.0849308e-01   5.8385822e-01   1.4248683e-01   5.4929084e-01  -1.6673716e-01  -7.0268114e-02   1.9046234e-01  -1.6627912e-01  -4.2143465e-01   5.9207197e-01  -1.2903934e-01   3.1211732e-02   8.8020101e-02   9.6273074e-02  -1.0383303e-01  -8.1638224e-02   4.0979486e-03   3.9053877e-01  -1.6598268e-02  -4.2921515e-01   6.2349302e-02  -3.8380614e-01   1.4709075e-01  -9.6361554e-02   1.2354058e-02  -3.0162194e-01  -2.2527231e-01   5.1836626e-01   7.4354371e-02   7.1172680e-01   1.9209585e-02   6.7419477e-02   4.1510182e-01  -5.7650696e-02   1.1751224e-01  -6.3008911e-02  -7.1088002e-02   8.3966902e-02  -3.4273211e-02  -4.1028661e-01  -2.5928840e-01  -5.6871576e-01  -1.4518174e-01  -3.8141727e-01   7.6224147e-03   1.7237354e-02  -1.3496586e-01   1.4107851e-02   2.8588109e-01  -3.1309591e-01  -4.1511150e-01  -1.9703886e-01  -3.0257689e-02  -6.3265646e-01   8.4628801e-01   9.2222809e-02  -7.5868712e-02  -2.9644144e-01  -2.2369258e-01  -1.3542073e-01   4.5246014e-01   2.0041697e-01   5.6011947e-01  -6.4274784e-02  -4.8309079e-01  -2.5108822e-01   2.5169973e-02  -8.4764002e-02  -1.8658126e-02  -1.5168527e-02  -1.4958842e-01   2.6666056e-01   2.2473329e-01  -1.2630076e-01  -1.1123109e-01  -7.9977009e-02  -4.3197897e-01  -3.7508676e-01  -4.5121203e-02   9.2683826e-02  -1.2330928e-01  -2.9933183e-01  -4.3825559e-01  -4.5039902e-01  -3.8086177e-01   2.2720281e-01  -1.9429240e-01  -3.9022176e-01   1.8060597e-01  -4.5254390e-01  -3.3258306e-01  -1.3083052e-02   3.2155983e-01   2.1660537e-01   2.3314374e-02  -2.0823420e-01  -5.7423632e-02   4.0265013e-03  -5.2078483e-01   1.6681571e-01  -3.0301763e-01   1.2782072e-02  -3.2043648e-01  -1.3048981e-01   5.7918260e-01   7.6883872e-02   2.0369494e-02  -8.1350409e-02   4.3030096e-01   6.3516514e-01  -1.6253163e-02   1.3168308e-01  -1.3723905e-01   7.6731781e-02  -4.8749337e-04  -2.5840579e-01
  -1.0055196e-01   6.1005968e-02   0.0000000e+00   2.0584085e-01   2.9570132e-01   1.4873453e-01  -3.6083740e-01  -1.0368062e-01  -2.2251121e-01  -3.8989330e-02  -4.4518862e-01   2.6448434e-01   2.1504196e-02  -7.7140638e-02  -1.5835798e-01   3.7070963e-01   8.4065642e-01  -2.6726416e-01  -2.0340924e-01   3.3659008e-01  -2.8958220e-01  -4.7604860e-02  -4.0628545e-01  -5.0402684e-02   1.5888672e-01  -7.2577871e-02   2.2244962e-01  -3.6354317e-01  -1.3771416e-01  -1.4875167e-01  -2.6051676e-01  -2.3870322e-02   4.7988622e-01  -1.7732281e-02  -2.3964955e-02  -1.1004535e-01  -3.8482410e-01   9.6230438e-02   2.6062802e-01   4.3812058e-01  -2.7538748e-01   5.4526105e-01   1.5170072e-01  -2.7163482e-01  -3.1360755e-01  -1.2244670e-01  -3.0665425e-02  -3.4678822e-01  -1.6439818e-01   6.9014359e-01  -3.0430777e-01  -1.5220545e-01   5.8844652e-02   6.5845723e-01   2.5976928e-01  -2.0749745e-01   1.7003995e-01  -1.4809384e-01   8.2816816e-02  -1.5306334e-01   2.4928738e-01  -2.3879097e-01   1.2852765e-01  -2.2235878e-01  -2.2292069e-01  -5.6726760e-01   9.4352471e-02   1.9110090e-01  -1.4838355e-02   5.3752934e-01   2.8419673e-01  -2.7486206e-01  -2.7234947e-01   3.0943940e-01   4.0126866e-01  -1.3344576e-01   3.3615953e-02   1.9231598e-02   5.7304000e-02   2.9959673e-01  -4.1434742e-01   1.0977894e-01  -5.1514946e-02  -1.0827177e-01   5.5568543e-01  -1.1940368e-01   1.1498927e-01   4.1168667e-02   5.1445402e-01  -7.2893988e-02   2.6214376e-02   5.2728562e-01   4.5294753e-01  -5.0816985e-02   4.8426262e-03   5.5738135e-01   2.6532224e-01  -2.1351259e-01  -7.9934278e-02  -3.7197980e-01   1.5409680e-01  -1.8541195e-01  -2.5254177e-01   6.1318796e-03  -2.8645718e-01  -2.0001404e-02   6.6729911e-01  -7.7233504e-02  -3.3809589e-01   1.6312921e-01   3.4437206e-02  -1.5527953e-01   7.2132522e-02  -5.7676350e-02   3.0158211e-02   8.6670500e-02  -3.8814235e-02  -6.3271488e-02   2.5981230e-01  -6.2444808e-03  -8.7999883e-02   3.0371551e-01   5.7245078e-01  -2.1993270e-01  -2.9501909e-01  -1.8022629e-01  -3.4857609e-01   4.5357553e-01  -1.3318164e-01   8.1748533e-01   6.5709033e-02  -4.9908326e-01   3.0286219e-01  -1.6759471e-01  -2.6156186e-02  -1.2659006e-01   3.2214879e-01  -2.5924059e-01  -1.8109334e-01  -1.1436778e-01  -7.5581245e-02   1.0380970e-01  -2.2424184e-01   3.5478972e-01  -2.6331962e-01  -4.4380140e-01   5.3464048e-01  -2.6339468e-01   3.0555401e-02  -4.8157874e-01   2.8360976e-01  -4.4261323e-01   2.9578303e-03  -4.1991872e-01   6.3863015e-01   8.3363358e-02  -3.2006626e-02   9.1798301e-02   5.6882797e-01  -4.8164776e-01   1.6447688e-01  -2.4997613e-01  -4.9762365e-01  -2.3064127e-01  -6.8957206e-03  -5.8782764e-02  -3.2362390e-01  -6.3082182e-02  -3.6283820e-02   3.7350220e-01   2.2854073e-01   1.8135915e-01  -3.5181573e-01   4.6515335e-01   4.0663792e-01   3.9489917e-01  -6.4392134e-02
   3.2882563e-02  -1.5550112e-01   2.0584085e-01   0.0000000e+00  -4.5019928e-02   1.4718477e-02  -2.2874293e-01   3.1220026e-02  -5.1581198e-02   1.1658724e-02  -9.3519059e-02   3.3100903e-02   7.7512781e-02   6.3837967e-02   2.4624591e-02   5.4900312e-03   1.1858914e-01   7.2635179e-02   9.6508635e-02  -4.8188901e-03   1.6406382e-01   4.9923377e-01   4.3568558e-02   3.6986161e-02   4.1648968e-02   7.9291933e-02  -1.6662991e-01  -1.5398967e-01  -9.0880038e-02   2.0975040e-01  -9.3876710e-02   4.0923022e-01   1.1263961e-01  -2.0500942e-02   2.4029725e-02  -6.7222452e-02  -8.2243435e-02  -4.7751167e-02  -9.5327483e-02  -9.7707536e-02   1.4212477e-01   1.1144250e-01   2.8634137e-02  -2.1796898e-03  -1.7178795e-01   1.2452872e-02   1.5949274e-03  -1.6154623e-01   1.8371049e-02  -2.5812067e-02   6.9107609e-02  -5.6711668e-02  -5.3918923e-02   1.2045202e-01   1.0556336e-01   6.3336371e-02   1.0386726e-01   5.2388850e-01   2.0218237e-01   1.9371901e-01   1.2980818e-01   4.4096398e-02  -5.0351294e-02   4.3779874e-02  -1.0555402e-01  -6.6578473e-02   6.9872845e-02   1.7948457e-01   3.1583153e-01   1.1804594e-01  -1.7150668e-01   2.5306939e-01  -1.9141175e-01   1.6598453e-01   1.9963963e-01   3.1791369e-01  -1.2691836e-01   9.1224879e-02  -1.0310916e-01   2.7380382e-01  -7.5250033e-02  -1.1645838e-02  -3.0356483e-02  -1.4327981e-02   3.4505636e-02   2.4261203e-01   8.2559821e-02  -6.6231097e-02  -7.5667807e-02  -5.9345856e-02  -5.5489421e-02   1.9361044e-01  -8.0239646e-02  -5.6556421e-02  -1.8241231e-01   1.9649661e-01   3.2341195e-01   5.2389441e-02   5.4214235e-02  -9.7381460e-02  -1.7494533e-02   2.8225466e-03   2.2400941e-01   1.6227194e-01   2.7488669e-01   4.8005128e-01   1.3315751e-01   3.2126963e-01   1.9051723e-02  -3.2807315e-02   3.0971699e-02   2.7983042e-01   5.2407586e-01  -7.4569397e-02  -5.3653240e-02  -1.8784836e-01   4.2892523e-02  -8.5106145e-02  -3.8190771e-02   4.0103329e-01   2.2657068e-01  -9.0471668e-02   2.3934507e-02  -8.1489432e-02   2.3061561e-03   8.4191239e-02  -3.4976799e-04   1.3159679e-01   5.4795429e-01   4.4654556e-02  -1.6051165e-01  -1.4634895e-01   1.6601609e-01  -1.2708428e-01   2.6276776e-01   3.2576959e-01   3.1190464e-01  -8.5733356e-02   2.9271447e-01  -4.8015283e-02  -2.5106497e-02   1.7413914e-01   6.6557474e-02  -2.0652271e-02  -1.0716310e-02   4.0377432e-02  -2.1639466e-01   1.4449934e-01   1.1387495e-01  -5.3170822e-02   8.9201715e-03  -8.7967978e-03   5.7735585e-03  -2.2954938e-01  -2.0496111e-02   1.6878531e-02   1.4045579e-01   2.1813663e-01   1.3046706e-01  -6.9169805e-02   1.9787997e-01   1.0797469e-01  -1.6117207e-01   2.8402709e-01   3.9285999e-01  -2.6931469e-01  -1.5501383e-01   4.6411817e-02   1.0581776e-01  -5.9414052e-02  -1.8093206e-01  -5.9049661e-02   1.4065859e-02   2.2526514e-02   3.1128216e-01   1.4594379e-01   5.0750615e-01
  -1.8653909e-01   4.6957309e-01   2.9570132e-01  -4.5019928e-02   0.0000000e+00  -1.0953584e-02  -8.0155497e-02  -1.7194495e-01  -2.2453647e-01  -2.6131328e-01  -4.4447003e-01   9.3281021e-02   1.0938106e-01  -2.3656723e-01  -3.3483052e-01   2.4050304e-01   5.1518598e-01  -4.6067552e-01  -9.3821093e-02   7.7255900e-01  -2.5994537e-01  -3.8482592e-01  -4.3352004e-01  -7.0376768e-03   5.6828849e-02   6.9918420e-03   5.7230703e-01  -3.8793798e-01   2.0957052e-01  -3.7791715e-01  -1.7513704e-01  -1.4358049e-01   3.0468586e-01  -1.5237429e-01  -2.0274170e-01   3.0702760e-01   1.2186595e-01   5.7220087e-02   2.5387356e-01   4.7362876e-01   1.1030641e-02   1.5518737e-01  -4.1962291e-02  -4.2786842e-01  -8.6512568e-02  -4.0826253e-01   1.7821876e-01  -1.3517236e-02   3.2099169e-01   6.2092372e-01  -4.7210472e-01  -1.9534223e-01   4.0836896e-01   3.8294301e-01  -5.6058185e-02  -4.5518208e-01  -1.9003581e-01  -4.0484632e-01   5.0976505e-03  -6.2087969e-01   1.1444338e-01  -1.8319738e-01   2.0119470e-01  -3.3323563e-01   3.2244871e-02  -4.3321882e-01   3.4859782e-01   1.0844160e-01  -4.1226081e-04  -3.8312697e-01   5.6271762e-01  -2.9825665e-01   6.1241471e-02   1.5795658e-01   3.6333623e-01  -2.5726533e-01   6.0751292e-02  -1.3589421e-01   2.6039055e-01   1.2728737e-01  -5.0610512e-01   2.6082619e-01  -3.5233627e-02  -7.8129299e-02   4.2859655e-01  -1.2289469e-01   1.1853618e-01   1.8377126e-02   6.8238571e-01  -1.1846789e-01   7.1231114e-01   3.3152878e-01   5.2570545e-01  -2.3325659e-01   2.6427426e-02   7.4929560e-01   3.6046323e-03  -1.9825704e-01  -1.4321379e-02  -3.0317342e-01  -1.8764785e-01  -4.9913585e-01  -3.7952214e-01  -5.1285401e-01  -4.7626198e-01  -4.2008003e-02   4.5126859e-01  -1.7229567e-01  -1.1787164e-01   5.4373883e-01  -7.0913924e-02  -3.4080089e-01  -2.3222008e-01  -1.8350458e-01  -4.0511001e-01   6.5790481e-01  -2.4306130e-02   1.3349949e-01  -1.3802647e-01  -1.6980447e-01  -3.1632054e-01   6.7722363e-01   4.7307329e-01   1.2839454e-02  -3.7400868e-01  -3.8735418e-01  -4.7441504e-01   4.7198449e-01  -2.2250656e-01   6.7604160e-02   2.0295705e-01  -8.6185324e-02   1.1776111e-01  -4.1589943e-02  -3.7145915e-01  -2.2911648e-01   1.1701000e-01  -5.2039495e-01  -4.2011796e-01  -2.8319437e-02   1.2849333e-02   2.1615049e-01  -4.4922811e-01  -2.8162415e-01  -2.2651844e-01  -3.5919235e-01   3.8868231e-01  -2.6106213e-01  -1.2225059e-01  -2.6255175e-01  -1.2668396e-01  -4.3196841e-01  -1.2010173e-01  -8.3478072e-02   3.0879823e-01  -1.6813026e-03  -3.6709395e-01   8.3056187e-02   4.3943480e-01  -4.5046990e-01   1.1329280e-02  -4.3207158e-01  -2.1755902e-01  -5.1141988e-01  -1.0564535e-01   5.0930587e-01  -3.9243201e-02   4.6776687e-02  -1.9164113e-01   6.8286057e-01   4.4659482e-01   8.3156968e-02  -2.1385045e-01   8.2833307e-02   9.2614051e-02   2.4532217e-01  -1.7868245e-01
  -2.6795065e-01  -3.4967397e-01   1.4873453e-01   1.4718477e-02  -1.0953584e-02   0.0000000e+00   3.8425032e-01  -1.8050719e-01  -2.7779710e-01   3.5419535e-01   1.1276801e-01   1.8809756e-01  -4.6243386e-02   1.7808051e-01   1.4429622e-01   2.0798173e-01  -2.4766108e-02   2.1771685e-01   2.2526783e-01   2.1557236e-01   5.2977560e-02   2.0371940e-01   1.3993197e-01  -2.7755187e-01   1.0680601e-01  -4.5630597e-02   2.7833225e-01  -1.3750648e-01  -3.2454290e-01   3.4036669e-01  -3.0456592e-01  -1.7424340e-01  -2.1685347e-01   1.5915506e-01   3.3729990e-01   3.5151236e-01  -3.1431861e-01  -3.7924705e-01   1.2494341e-01   3.6043404e-01   1.9725026e-02  -1.1447318e-01   2.4848309e-01  -3.0298260e-01   6.9570618e-02  -3.1158047e-01   4.5745501e-01   1.2263548e-01  -2.8298863e-01   2.1008425e-01   2.1122294e-01  -2.6006315e-01  -3.9519532e-01  -1.3994820e-01  -9.9045949e-02   1.0675324e-04   5.5950672e-01  -3.7007321e-02   1.7213752e-01   1.5064131e-01  -3.5124138e-01   1.5178497e-01  -1.4485152e-01  -4.0521549e-01  -5.0627234e-01   2.2930299e-01   5.9510658e-01  -5.3425278e-02   2.9221586e-01   2.3658581e-01  -1.8225614e-01   4.1528340e-02   8.6426063e-02  -2.0531715e-01  -2.5717795e-01  -1.2227101e-01  -2.8503156e-01  -4.2193592e-02   2.0794970e-01  -1.6924850e-01  -4.8744015e-02   2.2055614e-01   1.1319726e-02  -1.0755560e-01   2.0332310e-01  -1.8493033e-01   2.3609109e-01  -1.1416220e-01  -1.4168326e-01  -3.6793890e-01  -1.8854584e-01  -2.6403397e-01   2.9914959e-01  -1.4265284e-01  -3.5305475e-01   2.7647743e-01   7.4837861e-02  -1.1318177e-01  -4.3729518e-02  -5.1542688e-02   1.3132512e-02   1.2573751e-01   1.6615846e-02   1.6504635e-01   2.8839808e-01  -2.2130326e-01  -1.5403363e-01   1.5258057e-01  -7.0929410e-04   2.5544594e-02   3.9181034e-01   2.9488402e-01  -4.0652058e-02  -2.2005126e-01   2.6603902e-01  -2.5356760e-01  -1.6842248e-01   1.9148331e-01   3.5180483e-01   2.2206029e-01  -2.1702094e-01   1.1822361e-01   1.5969366e-01  -4.5546754e-01  -3.2467392e-01  -5.6636990e-03   1.9047300e-01  -2.4857664e-01  -1.3758411e-01   2.4025958e-01   1.9001213e-01  -3.1169302e-02  -2.1420380e-01  -3.0179369e-01   6.3844074e-02  -2.2094531e-01  -2.0989705e-01  -1.0976168e-01  -2.9023201e-02  -3.1299238e-01  -9.6486148e-02   1.2682954e-01   1.2595573e-01   4.7817507e-01   8.5299058e-02  -8.5002452e-02   2.8118304e-01   1.6384491e-01   5.9140364e-01  -3.9821833e-01   2.4125749e-01  -1.4321932e-01  -2.8733102e-01  -2.1500711e-01   3.7839863e-01  -3.0522675e-01  -3.8474393e-01   9.6667322e-02  -2.0374663e-01   1.7218196e-01  -3.3512265e-02   2.0703918e-01  -6.0524014e-02   3.2507007e-02   9.7245968e-02   1.0799243e-01   1.8557586e-01  -2.0945423e-01  -3.6645354e-01  -4.1217755e-02   5.8208377e-02  -3.9697430e-01  -9.6056880e-02   4.9599541e-01   4.7371497e-02  -1.4111137e-01   1.0155111e-01
  -2.5434634e-01   1.6456539e-01  -3.6083740e-01  -2.2874293e-01  -8.0155497e-02   3.8425032e-01   0.0000000e+00  -1.1189013e-01   3.3269865e-01   3.7490346e-01   2.0450877e-01   3.2726508e-01  -1.8282753e-01  -3.2433845e-01   1.3396699e-01  -2.9081635e-02  -4.8271527e-01   2.8512144e-01   5.5831354e-02   8.6204216e-02   4.1667493e-02  -2.6385020e-01   3.4015328e-01  -2.4344224e-01   8.2911278e-02  -1.4448862e-01   2.3641410e-01  -7.8040369e-02  -5.8694348e-02   3.6667208e-02   2.8673404e-01  -2.4981450e-01  -4.3699949e-01   5.9377992e-01   2.0762586e-01   3.6872395e-01   4.3900003e-01  -3.5734328e-01  -6.0775389e-02   1.3678516e-01  -4.3581613e-03  -4.4172327e-01   3.1812519e-01   2.5985873e-02   4.6841319e-01  -3.1151581e-01   2.0693536e-01   6.1095106e-01   2.0413643e-02  -2.0451846e-01   2.2778815e-01  -6.3406181e-02   9.4947366e-02  -4.2712592e-01  -3.9847474e-01   1.2419037e-01  -1.2582175e-03  -2.5123386e-01   9.0069261e-02   3.5543180e-02  -3.9658994e-01   4.2845221e-01   1.4822417e-01  -7.4075523e-02  -4.8832607e-02   5.9751043e-01   1.1682806e-01   9.0697055e-02  -5.4999011e-02  -3.0847315e-01   8.3448235e-02   1.7930307e-01   2.8610407e-01  -4.8752617e-01  -3.8707423e-01  -8.6398326e-02  -1.7083233e-01  -1.2124359e-01   4.5328245e-01  -2.5621615e-01   2.3229815e-01   2.9611816e-01  -2.0379057e-02  -2.0578654e-02  -3.5750039e-01   4.3864117e-03  -8.8379781e-02  -3.5798617e-01  -1.6698428e-01  -3.4395980e-01   1.2605221e-01  -5.3936185e-01   1.4780824e-01   2.8219682e-01  -1.7182565e-01  -2.1779373e-01  -5.0607360e-02  -1.0766483e-01   1.7093472e-01   5.0204468e-01  -2.3058647e-01   2.7937955e-01  -1.1581118e-01   1.2729300e-01   1.2425130e-01  -1.4835376e-01  -5.1332296e-01  -2.0197116e-02   4.8635789e-01   8.6435224e-02   4.5479563e-01  -1.8851600e-01  -3.9093140e-02  -2.4829132e-01   6.9407801e-03   1.6476282e-01  -6.0366475e-04   2.2448037e-01  -1.7634720e-01  -6.9688862e-02  -3.3056712e-01  -3.1591495e-02  -1.5816520e-01   7.3903781e-02  -2.1812159e-01  -3.6353286e-01   2.3769235e-01  -4.1574837e-01  -1.2053076e-01  -2.5023726e-01   2.0018266e-01   4.4882003e-01  -3.7584633e-01   1.7210400e-01   1.0525109e-01  -1.5310557e-01  -3.4280085e-01   4.6718547e-02  -1.6063917e-01  -2.0335595e-01  -7.3526884e-02  -1.8442996e-01   3.6222704e-02  -1.2643406e-01   3.0724493e-01   1.5766588e-01   2.5180531e-01   1.2094102e-02   3.4116302e-01   2.8519051e-01  -2.6861624e-01   1.8854342e-01  -2.9674528e-01   3.5391915e-01  -2.6720159e-02  -3.4475366e-01  -3.5233943e-01   8.5423495e-02  -4.8512160e-01   2.9184712e-01   2.0475448e-01   1.1938515e-01   3.2584734e-01  -1.8790110e-02   4.8789737e-03   4.0068022e-01   4.5749698e-01  -2.3450329e-01  -3.6876051e-01  -3.7106198e-02   3.0893526e-01  -2.6144089e-01   2.1478746e-01  -1.8016792e-01  -6.3053420e-02  -2.5405550e-01  -2.2091157e-01
   3.6380951e-01  -9.3566584e-02  -1.0368062e-01   3.1220026e-02  -1.7194495e-01  -1.8050719e-01  -1.1189013e-01   0.0000000e+00   1.7871332e-01  -1.8545288e-01  -5.3455110e-02  -1.5279726e-01  -1.1827658e-01   1.0435137e-01  -1.8784970e-02  -2.6607290e-01  -3.8700336e-02   2.5327972e-02   1.3098391e-01  -1.9383118e-01   1.2084020e-01   1.6375977e-01  -7.7044718e-02   3.9579997e-01  -1.9166646e-01   3.3551951e-01  -1.7955441e-01   1.6502962e-01  -5.3525560e-02  -3.4559928e-02   1.9557621e-01   3.3619313e-02  -3.8869206e-02  -1.5571567e-01  -2.2274888e-01  -2.6755148e-01  -4.5413248e-02   3.0459768e-02  -2.7095122e-01  -1.6409881e-01  -4.5335097e-02   3.0214225e-02   2.8861875e-02   2.7731800e-01  -1.3945814e-01   4.5364063e-01  -2.8321070e-01   6.6195168e-02   6.5813381e-02  -2.0826099e-01  -7.5868602e-02   6.3530716e-01   4.2365026e-02  -4.6668172e-02  -4.9972200e-02   9.8991462e-02   1.8241935e-02   2.3132875e-01  -7.0614378e-02   2.1830548e-01   3.8926790e-01  -1.0091846e-01   1.8401452e-02   3.8361459e-01   1.7495411e-01  -9.9845685e-02  -7.3911254e-02   6.6402297e-02  -9.4358137e-02   9.9287581e-03  -9.6527500e-02   1.1294971e-02  -9.7262827e-02   1.9553150e-01   1.6213046e-02   3.7755112e-01   1.8373876e-01   1.7059582e-01  -3.8363544e-03  -1.8406435e-02   2.0500847e-01  -1.9355821e-01   9.6429422e-02   6.0572269e-01  -1.3862026e-01   2.8779647e-01   5.4314273e-02   2.0675379e-01  -8.1723376e-02   2.6692600e-01  -3.8649659e-02   1.3954565e-01  -2.5986475e-01   1.2821277e-01   1.3471169e-01  -9.4189247e-02  -3.1061078e-02   2.7801563e-01  -1.4573659e-03  -1.2081062e-01   1.2286857e-01   1.7747901e-01   1.3725172e-01   1.5241963e-01  -5.6454034e-02   1.8254137e-01  -6.1741724e-02   3.2402195e-01  -9.2836313e-02   2.6328119e-03  -1.3394784e-01  -6.0131245e-02   1.5481998e-01   2.0461405e-01  -6.3848791e-02  -8.7297737e-02   1.4807734e-01  -1.3585534e-01   5.2203534e-02  -1.1412661e-01   2.7750930e-01  -1.1173941e-01  -1.8760446e-01   1.5064768e-01   4.2580561e-01   3.8208419e-01  -8.6131970e-02   9.0556681e-04   3.2182930e-01  -1.5230488e-01  -2.8666078e-01  -5.9300930e-03   3.0022490e-01   2.5547951e-01   1.1694684e-01   5.8850297e-01  -1.3634472e-01   9.5134941e-02   3.9261147e-01   9.5927100e-03   1.0708430e-01  -1.6772180e-01  -3.3293521e-04  -1.1717373e-01   8.3997498e-03   1.7665774e-01  -2.9503272e-01   2.1831518e-02  -1.6097594e-01   1.4353430e-01  -1.1400600e-01   4.3362437e-01   2.4720161e-01   7.6340400e-03  -1.2984320e-01   2.9567555e-01   4.1497337e-01   2.0487971e-03   1.6224016e-01   5.2904750e-02  -7.1339386e-02   7.7875633e-03   2.2096310e-02   6.0326699e-02   1.4143645e-01  -2.3738611e-01  -1.1639455e-01   2.9032443e-01   2.7123261e-01  -5.0856701e-04  -1.5717017e-01   9.0398996e-02   1.3227001e-01  -1.1076099e-01  -3.0964645e-02  -1.5244425e-01   1.6035997e-01
   2.1512281e-02   5.0560064e-01  -2.2251121e-01  -5.1581198e-02  -2.2453647e-01  -2.7779710e-01   3.3269865e-01   1.7871332e-01   0.0000000e+00   1.4089548e-01   8.4348233e-02   3.0989087e-01  -2.7259135e-01  -4.3714422e-01  -1.2110923e-01  -2.4741565e-01  -3.7559320e-01   1.3455208e-01   6.9415628e-02  -2.5186204e-01  -2.4021719e-01  -6.0677152e-02  -3.2556514e-02   1.1469909e-01   2.5648594e-02  -1.3920882e-01  -2.9320982e-02   4.1004663e-02   1.4792741e-01   6.1270342e-02   4.4852437e-01   2.7174630e-02  -2.2933680e-01   3.4851638e-01  -7.8225677e-02  -1.2852487e-01   5.1237578e-01  -1.4274726e-01  -2.3793930e-01  -1.3448917e-01  -1.7066719e-01  -2.3030601e-01   2.9211639e-01   3.0260731e-01   2.4606822e-01   1.1442917e-01  -2.0141022e-01   2.5003787e-01   2.2135440e-01  -3.0936804e-01   1.3180408e-01   9.6173882e-02   4.8449927e-01  -3.9991106e-01  -2.0313457e-01   2.2984805e-02  -1.5472040e-01   8.6877078e-02  -5.2727534e-03   2.5803755e-01  -2.2924380e-01   2.8763093e-01   4.8049743e-01   5.4788886e-01   5.9641348e-01   2.7362883e-01  -2.8381668e-01   2.2668996e-01  -1.0803260e-01  -1.5954376e-01   1.6553048e-01   1.4316316e-01   1.6287596e-02  -1.3939826e-01  -3.1853356e-01   1.5948190e-01  -2.0170421e-01   4.9168963e-02   3.6791531e-01  -8.2479703e-02   8.2046611e-02  -1.4270450e-01  -2.9957944e-01   1.5143796e-01  -4.9267049e-01   1.0981768e-01  -3.4379852e-01  -3.1069843e-01  -8.3327765e-03   2.3699261e-02   1.8048976e-01  -3.1905106e-01  -3.5609852e-01   7.0247256e-01  -2.0385130e-01  -4.2927939e-01  -6.7762438e-02   1.0773459e-01   1.9890916e-01   3.4736263e-01  -3.2682862e-01   2.2143799e-01  -2.5984820e-01   4.3436777e-01   3.2784484e-02   2.2969815e-02  -4.3013446e-01   7.2917303e-02   3.0664725e-01  -1.2088771e-01  -9.5068746e-02  -1.3991802e-01   1.4870018e-01   2.8998470e-02  -2.6434946e-01   3.5439360e-01   1.1938852e-01  -1.6952159e-01  -2.4971343e-01  -4.7841274e-02   9.7644909e-02  -7.6263497e-02  -3.1772398e-01   6.0018746e-01   2.5427530e-01  -1.5625285e-01   1.9807339e-01  -4.1747730e-01   2.0281356e-01  -1.3499647e-01  -1.5753373e-01   9.1107691e-02   1.1458538e-01   4.3807658e-01   2.7957860e-01   6.9468650e-02  -1.7849331e-01   2.7396405e-02  -2.9030198e-03  -1.0737332e-01   5.7069136e-02  -2.9225175e-01   9.7576167e-02  -3.0929471e-01  -8.1104385e-02  -6.8741470e-02  -1.3670889e-01  -4.3990336e-02  -1.2425233e-01   5.0823132e-01  -4.1812128e-01   1.0455835e-01   9.0606385e-02   3.8095750e-01  -7.1811415e-02  -5.9329482e-02   8.9544594e-02  -1.2424412e-02  -3.3108958e-01  -1.1432070e-01   2.4998875e-01   5.1908785e-02   2.9518194e-01   9.5494402e-02  -2.6014393e-03   2.0144893e-01   2.5453307e-01   6.9507821e-02   7.0195669e-02  -1.4770904e-01   2.4913711e-01  -1.4375753e-01   3.4436493e-01  -3.3506866e-01  -5.5638977e-03  -3.0629730e-01  -8.4238812e-02
  -2.4905055e-01  -2.7912790e-01  -3.8989330e-02   1.1658724e-02  -2.6131328e-01   3.5419535e-01   3.7490346e-01  -1.8545288e-01   1.4089548e-01   0.0000000e+00   2.9410001e-01   9.5775517e-02   2.9271320e-02  -9.7734489e-02   3.8865721e-01   1.0132702e-01  -2.4719501e-01   3.8319937e-01   4.7533659e-02  -1.7462810e-01   1.6943467e-01   8.9342811e-02   4.3237470e-01  -3.6506806e-01   1.0522117e-01  -8.6798747e-02   2.0821697e-02  -8.3780903e-02  -1.9198396e-01   2.4655422e-01   2.0871432e-01  -1.0766347e-01  -2.4525729e-01   3.9158746e-01   1.7296276e-01   1.4979729e-01   1.4406151e-02  -1.3907803e-01  -2.3839666e-02   5.3398109e-02   1.5820539e-02  -2.6683424e-01   2.0739154e-01   2.3393239e-02   2.1255894e-01  -1.2112619e-01   2.9384041e-01   2.1668406e-01  -2.8376749e-01  -9.6309061e-02   4.6318263e-01  -4.5401492e-02  -1.9317931e-01  -2.3829126e-01  -3.1034823e-02   2.4379042e-01   2.5199179e-01   1.1054033e-01   1.7950547e-01   2.4868056e-01  -2.5186373e-01   2.6866448e-01  -6.9944938e-02   9.4231327e-03  -3.3559678e-01   4.5477062e-01   9.9909342e-02  -1.7257928e-01   1.1828090e-01   2.3661551e-01  -1.5958352e-01   1.2830139e-01   1.5080205e-01  -3.7751051e-01  -2.7940030e-01   8.4271004e-02  -7.3255331e-02  -4.9170952e-02   3.1781139e-01  -1.4998994e-01   1.4496099e-01   1.4186847e-01   1.1944610e-01  -1.5401328e-01  -1.6133837e-01   3.2602774e-02   3.9953808e-02  -2.1906668e-01  -3.1435674e-01  -3.1129981e-01  -2.1434207e-01  -3.3146361e-01   7.7585053e-02  -2.5335383e-03  -6.5444358e-02  -1.1893174e-01   1.2236055e-01   4.8906390e-02   4.1937702e-02   2.7182472e-01   4.7120941e-02   3.1774175e-01   1.1053218e-01   2.8131410e-01   3.7730007e-01  -7.5389673e-02  -2.5203628e-01  -8.2017194e-02   2.0510887e-01  -7.9636466e-02   3.6602583e-01   1.1833864e-01   9.8477469e-02  -1.9392465e-01   3.2975656e-01  -2.2877395e-01  -9.1836761e-02   1.3399195e-01   1.0463044e-02   1.9921741e-01  -2.4988043e-01  -1.5833540e-01  -1.6872372e-01  -2.1651250e-01  -2.0018443e-01  -1.9760223e-01   3.5816701e-01  -3.2911803e-01  -9.2423727e-02   1.3249469e-01   9.2328807e-02   2.8756244e-01  -3.2392880e-01   1.1081273e-01   1.5828692e-01  -2.8287794e-02  -6.5706578e-02   1.7860794e-01   1.2109342e-01  -1.7750539e-01  -9.4131206e-03  -9.6398610e-02   2.4405236e-01   1.4724014e-01   3.9471940e-01   2.2285308e-01   5.1173671e-02   1.3074181e-01   5.7320630e-01   1.1816715e-01   7.7068349e-02   3.5388672e-02  -2.0124194e-01   4.0599274e-02   4.5910469e-02  -2.4169020e-01  -8.0148698e-02   1.6085769e-01  -2.3921541e-01   1.4819795e-01  -6.1618291e-04   2.2468325e-01   2.5422399e-01   1.9526796e-01  -1.3695853e-02  -2.9330227e-02   2.9696876e-01  -4.8351306e-01  -1.0012570e-01  -2.3341481e-01   3.6319141e-03  -1.0008950e-01   4.3945377e-02   8.6412872e-03  -6.9823285e-02  -1.5954420e-01   2.5985473e-02
  -5.3435983e-02  -3.0753119e-01  -4.4518862e-01  -9.3519059e-02  -4.4447003e-01   1.1276801e-01   2.0450877e-01  -5.3455110e-02   8.4348233e-02   2.9410001e-01   0.0000000e+00  -2.1485462e-01   4.7514265e-02  -8.5349644e-02   3.6284085e-01  -8.9048691e-03  -5.5139376e-01   6.8906176e-01   1.9460119e-01  -4.4513474e-01   3.0848253e-01   8.7560855e-02   5.5313689e-01  -3.1045716e-01  -1.4322282e-01  -7.7920559e-02  -1.2397010e-01   1.6184037e-01  -1.4695511e-01   4.4343734e-01   2.7857757e-01   6.6099860e-02  -3.6553037e-01   1.3293216e-01   5.6166305e-02   3.4581682e-01   1.4410817e-02  -1.3811699e-01   3.0203382e-02  -4.0777683e-01   2.2819151e-01  -3.5632557e-01  -4.5076879e-02   4.6338497e-01   4.3374597e-01   5.7640073e-02   4.6377338e-01   7.1307304e-02   1.9063909e-02  -4.6138473e-01   8.1369530e-01  -1.0591824e-01  -3.5625753e-01  -5.8949265e-01  -2.0386771e-01   3.5115534e-01   9.3517031e-02   7.8839406e-02   3.4944516e-01   3.3673242e-01  -2.7440902e-01   5.3047898e-01  -2.6908731e-01   2.8207357e-01   2.6503382e-02   6.4812888e-01  -1.2559761e-01  -1.2547538e-01   2.6605104e-01   1.3389276e-03  -4.4394140e-01   5.2895183e-01   3.2107179e-01  -5.4680768e-01  -4.7876815e-01  -2.1191936e-02  -8.8898024e-02   1.4083078e-02  -9.6530085e-02  -9.6733378e-02   2.8495998e-01  -2.2010085e-03   1.8253976e-01  -8.4919790e-02  -5.0134390e-01  -6.0252700e-02  -2.5582003e-01  -2.6783046e-01  -5.5910494e-01  -1.2672679e-01  -4.1852705e-01  -5.1622491e-01  -4.6647348e-01   3.5627764e-02  -1.0253207e-01  -5.1814566e-01  -2.7566844e-02   1.5773137e-02   3.6046405e-01   2.5168275e-01  -2.6165099e-01   5.1694975e-01   1.4084349e-01   1.0010005e-01   6.2390146e-01  -2.9546703e-02  -5.4437818e-01  -3.5467457e-02   4.5004421e-01  -3.2257033e-01   2.1903162e-01   2.4077075e-01   9.2229929e-02   1.8127185e-02   1.6622412e-01  -4.6558360e-01  -7.4279700e-02   1.6513786e-01  -1.0292391e-01   1.7650689e-01  -2.5406347e-03  -3.2283124e-01  -4.8151967e-01   8.3778514e-02   1.1426721e-01  -3.2905369e-02   5.0713634e-01  -4.6564745e-01   1.8661023e-02  -2.5037631e-01   8.6143849e-02   4.5082159e-01  -3.1938527e-01   1.0985301e-01   4.1477924e-02  -1.1775390e-01  -1.3179242e-01   3.4011062e-01   1.9956839e-01  -6.5665983e-02  -6.0686885e-02  -7.7510161e-02   4.8987867e-01   1.3481886e-02   4.0077281e-01   4.6295808e-01  -3.6275998e-01   5.7499386e-01   2.9884289e-01   1.1171373e-01  -1.4352402e-01   1.6637709e-01  -1.2512140e-01   5.5457362e-01  -3.8210757e-01  -2.2107546e-01   3.4876305e-02   2.3631986e-01  -3.9745941e-01   4.4177609e-01  -1.7253622e-01   7.1909235e-01   5.8129898e-01   6.2063789e-01  -5.2516558e-02  -1.9111634e-01   5.7672003e-01  -2.0126326e-01  -3.9161773e-02  -6.0816381e-01  -3.1856900e-01  -2.5365559e-01   5.6797861e-01  -2.6796032e-01  -2.5918916e-01  -2.8176343e-01  -4.7187034e-02
  -1.2516832e-01   3.9635841e-01   2.6448434e-01   3.3100903e-02   9.3281021e-02   1.8809756e-01   3.2726508e-01  -1.5279726e-01   3.0989087e-01   9.5775517e-02  -2.1485462e-01   0.0000000e+00  -1.0782952e-01  -3.0996097e-01  -1.4432825e-01   1.2360806e-01   4.2710363e-02  -8.2489084e-03   7.6214568e-02   1.5193811e-01  -3.6244795e-01  -1.3264208e-01  -2.9079146e-01  -1.4695061e-01   3.1734168e-01  -2.9591233e-01   6.1480599e-02  -3.7531328e-01  -1.2101626e-02   9.4728269e-02  -9.4342883e-02  -7.7123790e-02  -8.2270552e-02   2.6945316e-01   1.1555736e-01  -1.2420985e-02   2.3334935e-01  -2.8942544e-01  -3.2878254e-02   1.9373507e-01  -3.5258643e-05  -3.0084466e-02   6.2592877e-01  -1.5925882e-01   6.2524692e-02  -1.9935859e-01  -2.1424171e-02   1.7178461e-01  -1.6668138e-01   1.7804675e-01  -6.4209804e-02  -9.1869716e-02   1.5763053e-01   5.2073572e-02  -7.1381958e-02  -1.2535192e-01   3.0713609e-01  -1.1505159e-01   1.6291096e-01   1.9442327e-01  -1.9630782e-01   5.3273639e-02   3.9726197e-01  -6.7432712e-02   5.0436450e-02   4.3142092e-02   1.3529715e-01   2.0206613e-01  -9.4988924e-02   1.1320097e-01   8.4769019e-02  -2.6771431e-02   4.4405392e-02   7.3162058e-02   5.0990218e-03  -8.2411537e-02  -2.3237091e-01   9.1877244e-02   4.1496815e-01   6.8391237e-02  -3.2851294e-01   1.9770912e-01  -2.4796496e-01  -9.8134387e-02   6.4006997e-02  -1.7159836e-02  -9.9969008e-02  -3.2896508e-01   2.5238476e-01  -3.0170515e-01   2.5524111e-01  -2.0173401e-02   2.5992405e-01   5.6501304e-01  -3.0246411e-01   1.3119473e-01   2.5876098e-01  -1.7520743e-01   2.2501780e-01   1.1440454e-01  -9.7034222e-02   2.1434802e-01  -3.8840383e-01   4.0938861e-01   1.3408009e-02  -1.1169630e-01  -4.4473990e-02   2.8134678e-02  -5.0449063e-02   5.7869488e-02   9.1063354e-03  -8.4261663e-03  -6.0249062e-03  -2.1800136e-02  -2.1013967e-01   2.4666486e-01   4.6025509e-02   6.0433827e-02   4.3344341e-02   5.2052051e-02  -1.5559266e-01   4.2770658e-01   3.8277214e-01   1.1772008e-01  -2.4836419e-01  -3.5125324e-01   1.3278311e-01  -1.4126966e-01  -1.3117245e-01   2.7225536e-01   2.4371750e-02  -3.3291641e-01   1.4826580e-01  -3.5360158e-02   2.8528435e-01  -9.9570992e-02   7.4000689e-02  -2.7516194e-01  -1.4965629e-01  -2.3287253e-01   8.1215961e-02  -7.7189758e-02  -3.0607069e-03   1.3058972e-01  -2.3070606e-01  -3.0442292e-01   3.1527844e-01  -7.5784800e-02   1.8280819e-01  -8.3324391e-02  -2.0532732e-01  -3.2203136e-01  -1.6519807e-01  -3.8828281e-02   4.1375043e-01  -2.3812506e-01  -1.4150282e-01   1.6350950e-01  -1.0169306e-01  -2.8760667e-01   3.1283891e-01  -7.8787817e-02  -1.1066726e-01  -1.5245495e-01   5.2431383e-02   5.1341838e-01   1.7789824e-01  -1.2660882e-01  -7.7970018e-02   1.5296098e-01   5.9565956e-01  -2.5473166e-01   6.1181161e-02   2.0043759e-01   2.7630967e-01  -1.0950480e-02  -7.5319479e-02
   1.7789388e-01  -1.6009068e-01   2.1504196e-02   7.7512781e-02   1.0938106e-01  -4.6243386e-02  -1.8282753e-01  -1.1827658e-01  -2.7259135e-01   2.9271320e-02   4.7514265e-02  -1.0782952e-01   0.0000000e+00   9.2205877e-02   1.0644929e-01   1.9118053e-01   7.2422328e-02  -1.9330169e-01   1.4364656e-01   1.8841365e-01  -3.4304553e-02   6.7588144e-02   5.6919548e-02   3.2958046e-02   2.6980115e-02   2.0771397e-02   7.9490324e-02   4.6856381e-02   7.6004738e-02  -7.5913296e-02  -2.4830752e-01   2.0262732e-02   1.6963440e-01  -1.0872536e-01  -2.8799980e-02   1.2079726e-01  -2.1270585e-01   1.1380871e-01   1.6573283e-01  -8.9450087e-02   6.0510708e-01   5.3413813e-02  -2.5364231e-01  -1.3472075e-01  -7.5267279e-03   5.6118704e-02   1.4209585e-01  -2.8984380e-01  -1.5685421e-01   8.4318098e-02  -4.4290683e-03  -1.0593534e-02  -1.3975703e-01   7.1035526e-02   1.4808244e-01  -8.0769881e-02  -1.4660293e-01   1.2467363e-01   5.1449527e-02  -3.2273024e-02   2.5695057e-02   7.0843193e-02  -1.3831278e-01  -1.2917033e-01  -2.0219104e-01  -8.3496652e-02   1.4537165e-02  -1.2278961e-01   1.1873913e-01  -7.7378780e-02  -1.2899405e-01   1.4471757e-03   1.0516337e-01   1.2472219e-01   1.8551803e-01   4.9171525e-02   1.8875733e-02  -4.7041323e-02  -3.1822605e-01   1.5038468e-01   3.7579295e-03   2.5625084e-01   1.1205346e-01  -1.7959445e-01   1.0762271e-01   7.4821949e-02   9.1585206e-03   1.6699233e-01  -1.2007678e-01   1.1379393e-01  -1.7310020e-02   8.8537584e-02   1.1400030e-01  -2.7220770e-01   4.1503393e-02   4.7239304e-02   3.4995063e-01   2.2803124e-03   3.8848448e-02  -4.9554899e-02   5.7251358e-02  -5.3567476e-02   1.7613543e-02  -1.8139553e-01   3.0371718e-02   1.4920612e-01   1.1499023e-01  -5.8201126e-03  -9.3420070e-02  -1.4397393e-01   6.0571841e-02   8.3275944e-02  -6.8341506e-04   2.2807015e-01   8.4978651e-03  -1.7450769e-01  -2.3215211e-02   5.2717736e-01  -9.1116368e-02   1.4203666e-01   2.0235117e-02   4.5998906e-02   3.8615515e-02  -2.0215166e-01   5.0959245e-03   1.0753422e-01  -2.0817904e-01   2.3171157e-01   4.0475170e-02  -1.4667345e-01   3.4251696e-01   4.6356059e-02   4.9252441e-02  -2.9641760e-01   4.5403421e-02  -3.7706490e-02   4.8615161e-01  -9.9342378e-02   1.4561181e-01   1.7405721e-01   1.4737871e-01   6.0786748e-01  -7.6737956e-03  -1.5572875e-01   1.4371940e-01   6.9532497e-02   4.7512387e-02  -7.0887615e-03  -9.2013852e-02  -2.5470535e-01   9.0979280e-02  -1.3690211e-01  -8.1706687e-02  -1.4858444e-02  -1.4712592e-01   1.1099610e-01  -2.3080560e-02   2.4794999e-01   1.9664878e-01   7.1266290e-02  -1.3844635e-01   6.7567357e-02  -2.7994607e-02   2.9306486e-02  -4.7534979e-02  -1.7939442e-02  -2.1749410e-02  -1.7018074e-01  -6.7297616e-02  -1.0653099e-01  -1.4077936e-01   5.8900928e-02  -9.9086854e-02  -1.6264135e-01  -1.4143047e-02   6.4582799e-02   1.5757528e-01
   7.2207841e-02  -4.9378507e-01  -7.7140638e-02   6.3837967e-02  -2.3656723e-01   1.7808051e-01  -3.2433845e-01   1.0435137e-01  -4.3714422e-01  -9.7734489e-02  -8.5349644e-02  -3.0996097e-01   9.2205877e-02   0.0000000e+00   1.7216404e-01   4.7153464e-02  -2.9876692e-02   4.3266146e-03  -3.8549941e-02  -1.1442993e-01   3.5697803e-01   5.1304034e-01   1.2013147e-01   1.2454195e-01  -8.5403342e-02   1.8055057e-01  -1.8758358e-01   2.7664999e-01  -2.3351150e-01   2.7586131e-01  -2.8517995e-01   5.2495882e-02   7.8326008e-02  -3.0847378e-01   3.1218194e-01  -3.0575591e-01  -4.4949197e-01   6.1144252e-02   1.7725050e-02  -5.0532965e-02   7.0003645e-02   1.4609357e-01  -2.0296505e-01  -1.3770788e-01  -3.5612550e-01   1.8953179e-02  -1.1521738e-01  -2.0142358e-01  -1.0469969e-01  -1.1736386e-01  -9.7375796e-02   6.0344454e-02  -4.5015716e-01   1.4244669e-01   2.8814724e-01  -3.9950414e-02   1.8213584e-01   2.4378686e-01  -1.4830665e-01   1.2480224e-01  -2.1982024e-02  -2.7062898e-01  -3.1577487e-01  -1.3726749e-01  -2.9108465e-01  -2.1508577e-01   2.6043060e-01  -2.7368639e-01   1.3389866e-01   1.5624310e-01  -3.1949764e-01  -1.8038180e-01  -1.7179474e-01   1.8907236e-01   1.7757659e-01   6.1016946e-02  -6.4577311e-02   3.5360807e-02  -3.9878715e-01  -1.0115368e-01   2.1018769e-01  -9.6713662e-02   1.4892151e-01  -8.9434727e-03   2.0535436e-01  -4.8557707e-03   5.2222731e-01   4.8201602e-01  -2.2280107e-01   7.9672604e-02  -3.6978915e-01   1.1620086e-02  -4.5970640e-02  -3.3002071e-01  -4.7931306e-02   2.7967950e-02  -2.1383491e-02   1.0838088e-01  -3.1181330e-01  -1.7786043e-01   5.5239042e-01  -8.0126520e-02   5.8231266e-01   1.1254783e-01   9.0072332e-02   7.1743392e-02   1.5539515e-01   1.0706755e-01  -4.9802542e-01  -1.5033562e-01  -6.4809949e-02   4.6687284e-01   4.9473885e-02   1.0204731e-01   3.6145874e-01  -4.0906910e-01  -1.3188066e-01  -1.1445241e-01   2.8246748e-01   2.0842066e-01   1.2342437e-01  -2.5628286e-01  -5.1566052e-02  -3.2575365e-01  -8.7467160e-03   7.0727248e-01   3.0213781e-02  -3.3516888e-02   1.2596419e-01  -1.9181783e-02  -6.8053825e-02  -1.6982194e-01  -5.7190230e-03  -2.0719073e-01  -1.0834107e-02   1.1510134e-01   1.2956236e-03   3.4185515e-01   3.0834607e-01   5.0783030e-02  -1.2543090e-02   2.6661353e-01   4.0905818e-02   3.0439317e-01   6.4617517e-02   1.7661221e-01  -1.9005222e-01  -2.1840527e-02  -5.4086403e-02  -1.0094074e-01   4.5247818e-01   3.0245821e-01   2.0633746e-02  -3.4316242e-01  -1.5085964e-01   1.9755291e-01  -2.2383806e-02  -1.9372970e-01  -4.9434184e-02   2.6383545e-01  -2.0430997e-01   4.0474267e-02  -3.6059880e-01   8.5102088e-02  -1.1201271e-02  -3.2139698e-01  -3.6541451e-01   1.2069444e-01  -1.1433829e-02  -1.1901238e-01  -4.2924860e-01  -7.9845063e-02  -2.2961013e-01   2.2239933e-01   1.8623491e-01  -6.8834945e-02   2.2792179e-01
