   0.0000000e+00  -8.5106351e-02  -6.7722244e-02   2.5647604e-01  -6.6727930e-02  -1.3139206e-01  -1.9636473e-01  -5.8037461e-02  -5.4175711e-02  -2.7199673e-02   9.0945409e-02  -2.0140266e-01   1.3124166e-01   5.3956185e-01   8.3152075e-02  -1.3104936e-03   4.9888352e-04   1.4157976e-02  -1.0145118e-01   5.3171700e-02   1.0329401e-01   2.3941307e-01  -2.5612587e-02   4.3677789e-02  -2.3604890e-03  -8.7142523e-04  -1.9775495e-01   2.6128353e-01  -1.2058561e-01   1.4678453e-01   2.2876840e-01   4.5346664e-02   1.5669136e-03  -1.6645415e-01  -6.7124488e-02   3.0677684e-02   4.5934795e-02  -1.4737402e-01   4.8815213e-02  -2.6204406e-03   2.6197030e-01  -3.4617067e-02  -2.2068949e-01   2.8864733e-01   1.0181046e-01  -1.3926521e-01   4.6136191e-02  -1.5518859e-02   1.1118168e-01  -1.3043012e-01  -6.9830162e-02  -6.3106767e-03  -1.0721485e-01  -2.7671815e-02   2.1951396e-01   1.2721268e-01  -2.1797801e-01   5.4216728e-03   1.7835446e-01  -1.8531817e-01   8.0976329e-02  -1.1331083e-02  -1.2611896e-01   2.1554544e-01  -9.8223753e-02  -2.4957488e-01  -1.0692451e-01   1.0827822e-01   9.2150428e-02   2.2322594e-02  -8.8547918e-02   3.2202237e-02   8.6376713e-02   1.2966300e-01   1.2379002e-01   1.7912675e-01   1.1357148e-02   5.2430283e-02  -1.5159633e-01   9.1854426e-02   1.6237767e-01   1.4272385e-02   1.3722897e-01   2.0656279e-01   1.4459136e-01   7.9292648e-03  -4.6395144e-03   2.2728682e-01  -7.8537091e-02   3.1047340e-01  -8.0492343e-03   9.8954032e-02  -6.8080694e-02  -1.8224847e-01   1.7950067e-02  -5.8632995e-02   1.7947515e-03  -7.6384757e-02   1.1723237e-01   6.5045755e-02   3.3091269e-01  -2.7211990e-01   3.1938677e-01  -2.4225859e-03   5.9103804e-02   8.6610943e-02   3.1918776e-02  -9.1475245e-02  -4.7379565e-02   1.0721591e-02  -9.6681445e-02   2.7977384e-02  -3.9160258e-02   2.5117226e-01   2.0675718e-01  -6.3063325e-02   1.8482885e-01   4.9954541e-02   3.2915179e-01   1.6883744e-01   1.6535219e-02  -8.0414235e-03  -8.4435094e-02   2.7774270e-01   2.7337552e-02   2.8390354e-01   1.9505632e-01   1.1409344e-01   1.6879242e-01   9.4972679e-02  -8.7633169e-02   3.4944505e-02   3.5079189e-01   1.3973434e-01  -9.2588163e-03   4.7429010e-03  -2.0686305e-02   2.2408246e-01  -4.4861447e-02   3.5821092e-02   1.0458406e-01  -8.9216548e-02  -8.8406319e-02  -1.2228821e-03   3.4684652e-03   2.2121003e-01  -7.0565827e-02  -4.4549013e-02  -1.0091759e-01   1.1875920e-01   1.6217752e-01   3.5499379e-01   1.4365012e-01   1.0121061e-01  -6.3015625e-02   4.4601501e-02   6.8861634e-02   4.9508064e-02  -2.8209852e-02   1.4728148e-01  -1.0197306e-01   2.0865624e-01  -3.3189812e-02   2.2372806e-01   1.2168054e-01  -1.4420999e-01  -1.9156259e-01   1.7126688e-01  -5.8002106e-02  -3.4074893e-02  -1.1208752e-01  -8.8041716e-02   5.9750513e-02  -4.5062219e-02  -3.4114718e-02   1.4914842e-01   1.3631516e-01
  -8.5106351e-02   0.0000000e+00   2.1907921e-01  -1.3765341e-01   1.9786457e-01  -3.0675610e-01   2.1167374e-02  -2.9555405e-01   4.9977705e-01   8.2234820e-02  -4.3155737e-01   2.9585460e-01  -2.8415303e-01   1.8753586e-01  -2.3950188e-01  -3.1297130e-01   3.5806314e-01  -2.5160022e-01  -5.0638693e-02   5.3962210e-02  -1.8584376e-01  -2.2908421e-01  -2.4207692e-01  -2.1203370e-01   9.5748769e-02  -2.4080708e-01   3.2452819e-01  -3.1878979e-01   6.6418350e-02  -2.5253215e-01  -1.6985163e-01  -4.2041698e-01   5.7809404e-02   1.7094980e-01   2.6362334e-01   9.4171093e-02   9.6530128e-02   1.3643959e-01  -1.8941348e-01   1.2835966e-01  -4.2489136e-01  -1.2847841e-03   2.8113116e-01  -9.9875537e-02  -4.2934495e-02   1.7156194e-02  -3.1492793e-01   3.0862346e-01   7.3758054e-02   2.6022858e-01  -3.3754077e-01  -1.7230341e-01   5.5164615e-01   1.4021488e-01   8.0047651e-02  -2.8644073e-01  -2.9749481e-01  -2.9094437e-01  -2.7326000e-01  -2.5330186e-01   2.4176856e-01  -1.8133804e-01   3.7152460e-01  -1.4002568e-01   4.3217320e-01   6.9248013e-02  -2.4133885e-01   6.0501294e-02  -4.0692726e-01   9.3278669e-02   6.2575932e-01  -1.7839118e-01  -8.3200203e-02  -1.1128771e-01   1.1754522e-01  -1.9474489e-01   2.5148116e-01  -2.4643147e-01   5.0823260e-01  -1.8146376e-01  -3.9796196e-01  -3.0708568e-01   4.8806874e-01  -2.0084243e-01   3.5744429e-01  -3.9769407e-01   4.1163253e-01  -1.9193956e-01   3.4485859e-01  -2.1957677e-01   2.7741164e-01   1.9497942e-01   3.1453331e-01   2.7061535e-02   8.2720148e-02   1.6321961e-01  -2.5201287e-01  -2.5579850e-01  -7.9693359e-02  -3.7565431e-02   1.8572239e-01  -3.2046207e-01  -2.9960202e-01   5.9312882e-01  -2.7315714e-01  -4.1995353e-01   2.1324443e-01  -3.4423982e-01  -1.0982141e-01  -9.2781867e-02   2.9934926e-01  -3.9176123e-01  -1.2614574e-01  -2.4110047e-01  -2.5231863e-01   5.0350555e-01  -2.4757443e-01  -2.8258484e-01  -6.8572796e-02  -2.7421018e-01  -4.1988648e-02   1.6331779e-01   1.8541023e-01   2.0940544e-01   2.3807167e-03  -4.2735008e-01  -2.2002484e-01   9.8068261e-02  -3.9435465e-01   3.2186801e-01  -1.8124221e-01   2.2579845e-01   1.0458516e-01   4.2781708e-02   7.5587314e-02  -4.2262472e-01  -1.4964385e-01   1.0281577e-01  -3.7812103e-01  -1.3324679e-01  -8.2676765e-02  -5.3758781e-02  -4.5539235e-01  -1.2433017e-01  -3.1871734e-01  -3.0437285e-02   3.8225077e-01   3.4880131e-01  -1.0438276e-01  -1.6820744e-01   1.0569759e-01  -2.8320977e-01   2.0355283e-01   2.7558907e-01   3.5849739e-01  -1.0295812e-01   1.1985611e-02  -2.4362030e-01   1.6869692e-01  -3.8539946e-01  -5.6159038e-02  -4.3306874e-01   3.1634090e-01  -2.7154303e-01  -3.8949230e-01   4.0590276e-01  -6.5214764e-03  -3.2808921e-01   5.6341606e-02   5.2697417e-01   2.4792291e-01   1.5056673e-02   1.0992006e-01   1.0263148e-01  -1.3404509e-02  -3.6427176e-02  -2.6915613e-01
  -6.7722244e-02   2.1907921e-01   0.0000000e+00  -1.2201043e-01   9.5788349e-02   3.5697919e-02  -2.3270774e-01  -3.6665937e-02   1.2983538e-01   3.0510351e-01  -4.7335654e-01   2.5033031e-01   6.9654078e-02  -1.6878348e-01  -2.5614662e-01   3.7053713e-01   8.9728073e-01  -5.1938551e-01  -4.8787742e-02   2.4044369e-01  -5.3595876e-01  -1.0436957e-01  -2.4176912e-01  -6.0159731e-03   1.3998088e-01   1.5828831e-02   1.8133310e-01  -2.1524879e-01  -8.2627578e-03  -3.2141602e-01  -4.2871454e-01  -1.4191699e-01   3.3948953e-01  -8.0187231e-02   2.7246770e-01  -1.8289660e-01  -1.7178803e-01   2.4609226e-01   1.8885381e-01   6.4618125e-01  -1.4697085e-01   4.0169493e-01   2.4614550e-01  -2.7367924e-01  -2.9986854e-01   5.6884568e-01  -2.7464888e-01  -4.3706817e-01  -2.3795768e-01   6.5527703e-01  -2.7284223e-01  -1.4429943e-01  -2.6579944e-01   4.4474795e-01   1.5733317e-01  -2.5464507e-04  -2.0517383e-02  -1.5293416e-01  -7.5841588e-02  -2.1393007e-03   5.9135486e-01  -9.3644588e-02   7.3873805e-02  -4.6448305e-01  -2.4210040e-01  -9.2466868e-02  -1.1897383e-01  -1.1556206e-01  -8.6253196e-02   5.1031641e-01   2.1252375e-01  -1.9699088e-01  -5.4898975e-02   2.6842955e-02   2.0637590e-01  -1.5803698e-01   6.4380672e-01   4.9399991e-03   5.4703776e-02   1.6804171e-01  -2.7176969e-01  -7.2826619e-02  -2.8986121e-01  -1.8014176e-01   1.7272977e-01  -1.7974809e-01  -2.4680472e-01   7.0776387e-02   2.7504809e-01  -9.5130152e-02   2.9787540e-01   6.2695930e-01   4.1352707e-01   2.5557800e-01   1.7875711e-01   2.2512477e-02   6.1045824e-02  -4.3682493e-02  -1.1776583e-01  -2.4987701e-01  -2.7562923e-02  -3.0507170e-01  -2.7443311e-01   1.6177888e-01  -3.6572221e-01  -1.2674791e-01   4.5808388e-01  -4.2575171e-03  -1.6421473e-01  -4.3940738e-01   3.0583364e-01  -1.9885806e-01  -6.0572485e-02   1.2387592e-01   9.7471992e-02  -2.1064975e-02  -1.3346897e-02  -5.7565468e-02  -1.7571047e-01  -7.5035285e-02   1.2185822e-02   3.1535171e-01   2.5866647e-01  -2.6320849e-01   1.6287284e-01  -1.8749233e-01  -4.4959159e-01   3.1962896e-01  -4.0703212e-01   2.7861032e-01   1.4212011e-01  -3.6433458e-01  -1.4711048e-01  -5.0757474e-01   1.6594431e-01  -8.2114127e-04   2.3189514e-01  -1.7393317e-01  -3.7466261e-03   4.4292636e-02  -1.8097391e-02   2.4500151e-02  -1.5521968e-01   2.7407836e-01  -3.8742144e-01  -4.8279923e-01   4.7659944e-01  -1.4995604e-01  -1.2939846e-01  -3.4559230e-01   2.8493162e-01  -3.8080909e-01   5.6180497e-01  -3.5097476e-01   8.0040168e-01   7.2920030e-02  -8.4197736e-03  -7.9521480e-02   5.2617678e-01  -2.1348809e-01  -3.4641197e-02  -3.4427281e-01  -1.7928530e-01  -4.0346201e-01   6.4186570e-02   1.7507654e-01  -2.4148424e-01  -9.2053863e-02   3.5985802e-02  -8.7711628e-02   2.5711756e-01   1.3136542e-01  -3.5748751e-01   1.6342989e-01   2.0736507e-01   2.5817432e-01  -2.7633095e-02
   2.5647604e-01  -1.3765341e-01  -1.2201043e-01   0.0000000e+00  -1.9038127e-01   2.9467554e-01   5.5838526e-02  -2.2167696e-02  -2.4827123e-01  -2.6330091e-01   1.7630152e-01   2.2150476e-01   1.7076330e-01   2.0302218e-01  -1.2695144e-01   1.8030869e-01  -1.1144123e-01   3.9710209e-01   1.0555155e-01   5.0088730e-02   1.5572211e-01   7.5303496e-01   4.1935382e-01  -3.9833178e-03   7.0950953e-02  -8.3214279e-02  -1.2232543e-01   2.2822106e-01  -5.1889419e-02   2.7329066e-01  -1.2750951e-01   5.6578255e-01  -1.8802112e-01  -2.4023313e-01  -1.4688835e-01   8.7805152e-02   2.5247573e-02  -3.0053146e-01   8.0677275e-03  -1.8195006e-01   1.9457535e-01  -5.0572331e-03  -2.2115621e-01   1.1122520e-03   2.2784586e-01  -1.0179528e-01   3.5211306e-01  -1.9020924e-01   6.9976966e-02  -4.6566815e-01   4.6534883e-01  -7.0304880e-02  -4.1581682e-01  -3.2070060e-02   1.9487065e-03   2.5782970e-01   2.5752451e-01   6.0437801e-01   2.4158952e-01   1.9814013e-01  -1.1202390e-01   2.0233805e-01  -2.5542605e-01  -2.2570213e-01  -2.4060208e-01  -1.5260074e-01   1.9790045e-01   6.3462737e-01   3.9496183e-01   1.5981528e-01  -4.4213935e-01   7.2715905e-01   1.7035440e-01   4.3609961e-01  -1.6417605e-01   3.3392881e-01  -6.6149666e-02   1.0019761e-01  -2.1398299e-01   1.3129158e-01   1.6711817e-01   3.2454533e-01  -2.3709283e-01   1.0471198e-01  -3.8291827e-02   3.2149599e-01  -1.9047528e-01   6.2441751e-02  -2.7584902e-01   8.3210253e-02  -2.7139802e-01   2.6101207e-02  -1.3877784e-01   1.4697949e-01  -1.0947503e-01  -1.2982396e-01   4.8618288e-01   7.9992436e-02   3.3129601e-01   6.7386202e-02  -1.4782552e-01   8.4105059e-03   3.0760534e-01  -2.5047562e-01   5.3064442e-01   6.6092241e-01  -8.2539485e-02   3.2561868e-01   8.8973958e-02   1.7763373e-01  -3.0516952e-01   5.2697194e-01   6.2208836e-01   1.1918671e-01  -6.0263235e-02  -4.0456635e-01   3.1220579e-01   3.5134823e-02   8.1218786e-02   7.4215988e-01   3.6005332e-02  -2.4046994e-01  -1.7226473e-01   8.9663211e-02   1.0454987e-01   5.1381804e-01   5.3200975e-01  -1.5048038e-01   5.1953534e-01  -2.2177389e-01  -1.4781945e-01  -1.7799669e-01   3.2942493e-01   5.6342279e-02   1.4341853e-01   3.3079065e-02   7.0528407e-02  -2.8214225e-01   1.4052049e-01   1.1208222e-01  -1.2613552e-02   4.2279640e-01   2.9448756e-01   1.6869644e-01   1.7204082e-01   3.0528137e-01  -3.5657479e-01  -3.1250767e-01   6.1686920e-02   1.2175325e-01   1.4876096e-01   1.5034563e-03  -1.1532386e-01  -3.2265454e-01  -1.1490545e-01   1.9139766e-01   7.1261174e-02   3.3502949e-01  -2.6725334e-01   3.2808570e-01   4.6429402e-01   1.8708559e-01  -2.0778292e-01   5.3845885e-01   6.1096931e-01  -3.3527339e-01   1.3439120e-02   2.5267823e-01   1.4050536e-01  -2.2347142e-01  -2.1135082e-01  -7.3348226e-02   4.3869237e-01   1.9271772e-02  -3.5647326e-02   1.9885643e-01   5.6892244e-01
  -6.6727930e-02   1.9786457e-01   9.5788349e-02  -1.9038127e-01   0.0000000e+00  -1.8228307e-01  -9.2434610e-02  -1.9735572e-01   3.6503877e-02   1.1797196e-01  -3.5428888e-01   2.2827780e-02   2.2339281e-02  -2.4324114e-01  -2.7548124e-01  -9.5064259e-02   1.4045336e-01  -3.2631581e-01   2.1626412e-01   7.1136554e-01  -2.5211244e-01  -2.2744414e-01  -3.4353302e-01   1.0306805e-01   2.6609657e-01  -4.1691347e-02   3.9924933e-01  -5.3332938e-01   1.9798828e-02  -3.5315207e-01  -3.2574526e-01  -3.8438018e-01   5.4803942e-02  -1.0218749e-01  -9.6717086e-02   5.6026586e-01  -3.1074303e-02   4.4905014e-01   4.7671815e-03   1.5056676e-02   1.7753397e-01   5.3607810e-02   4.9794775e-01  -8.7979742e-02   2.7252058e-01   2.1061374e-01  -1.8064115e-01   5.9747484e-02   2.9701556e-01   4.1407796e-01  -2.6705425e-01   7.0869362e-02   2.1691736e-01   1.7514829e-01  -1.1530001e-01  -1.4945251e-01  -9.3953818e-02  -3.7887368e-01  -9.2849056e-02  -2.6233594e-01   2.6808984e-01   4.1287535e-01   4.1193900e-01  -1.6118058e-01   4.2759580e-01   2.6884812e-01  -2.0716039e-01   3.9017868e-02  -3.6721340e-01  -3.8092013e-01   3.3671551e-01  -1.1794104e-01   1.1922804e-01  -4.0739355e-01   1.9226953e-01  -3.3747804e-01   3.6977184e-01   4.9603908e-02   7.1283495e-01   3.5101939e-02  -5.0543603e-01  -1.2415456e-01  -4.3281661e-02  -2.3142800e-01  -2.3157964e-01  -3.7491089e-01  -2.0285949e-01  -2.2132346e-01   1.6433203e-01   6.8467514e-02   6.9294567e-01   3.1332548e-01   4.3855323e-01  -1.9377399e-02   4.9598301e-01   7.0328898e-01   1.2341643e-01  -6.4476383e-02   4.3589133e-01  -8.7149623e-02  -3.7613822e-01  -3.6808373e-01  -3.1264410e-01  -5.5080367e-02  -3.6144507e-01  -3.5629702e-01   6.7009403e-02  -2.1825529e-01  -1.2219140e-01  -1.0124414e-01   1.5075853e-01  -4.6688626e-01  -6.9930943e-02   2.5790730e-01  -4.2392977e-01   6.6221740e-01   5.0472843e-02   2.5749537e-01  -3.6897483e-01  -2.0349379e-01   3.0629311e-01   8.1176884e-01   1.9506959e-01  -3.0796827e-01   1.9299141e-01  -4.5497205e-01  -1.9191992e-01   1.9457016e-01  -2.9287875e-01  -1.6972761e-01   1.6216628e-01  -1.4073135e-01  -4.0640222e-01  -4.4045161e-01   1.3280484e-02  -2.1262438e-01   1.0695784e-01  -4.0769852e-01  -2.9898102e-01   2.5893397e-01   1.9664560e-01   3.2555404e-03  -4.1785261e-01  -2.7757216e-01  -3.5275520e-01  -3.4358412e-01   1.1931591e-01   7.1454484e-01   1.9053679e-01  -2.8550165e-01  -3.5293600e-01  -2.4919649e-01   5.5467970e-02   2.3681334e-01   1.3322678e-01   1.3840461e-01   3.0335683e-01  -8.0831222e-02   3.8911521e-01  -3.6207385e-01   7.6611481e-02  -3.3237370e-01   1.8150483e-01  -1.2444434e-01  -1.3524904e-01   5.1771224e-01  -5.0713497e-03  -3.0667934e-01  -9.2532382e-03   2.5666928e-01   7.6635228e-01   3.4902852e-01   1.6962597e-01  -7.3465047e-02   1.0842559e-01   7.2977436e-02  -6.5161034e-02
  -1.3139206e-01  -3.0675610e-01   3.5697919e-02   2.9467554e-01  -1.8228307e-01   0.0000000e+00   3.3879402e-01   2.5830201e-01  -4.1812077e-01  -1.7114176e-01   2.6411589e-01   2.7626657e-01   2.3464324e-02  -6.6539499e-02  -1.1457379e-01   2.1958480e-01  -1.4305979e-02   2.7913250e-01   2.7692511e-01  -7.8538836e-02   3.1595738e-01   2.2906941e-01   5.5978429e-01  -1.1797883e-01  -2.6767283e-01   2.3232931e-01   2.4970324e-01   3.5086205e-01  -2.4175118e-01   4.4495499e-01  -2.1148623e-01   4.1372990e-01  -9.7620825e-03  -9.9660437e-02  -3.6702511e-01   4.0360955e-02   1.1210190e-01  -3.5342347e-01  -8.2460394e-02   6.9039551e-02  -3.7686345e-02   4.6967056e-03  -3.0347200e-01   7.0399060e-02  -1.3041592e-01   1.9449713e-01   5.3867448e-01   2.3223603e-02   3.4893205e-02  -2.6362735e-01   4.8836022e-01   5.1691094e-02  -4.4081482e-01  -2.4751636e-01   1.0038945e-01   2.4331932e-01   6.5728057e-01   3.6145257e-01   2.7895672e-01   5.0447154e-01  -2.0399835e-01   1.6683750e-01  -3.4854219e-01  -6.3044542e-02  -3.9875883e-01   1.5225774e-01   8.3608664e-01  -4.4119523e-02   4.9655717e-01   3.9839349e-01  -5.7018276e-01   3.1367190e-01  -2.2914259e-03   5.5752407e-01  -3.6317309e-01   8.7357406e-02  -1.2304508e-01   2.2141247e-01  -4.0670248e-01  -2.0473840e-01   3.7241389e-01   9.0420340e-02  -4.6006533e-01   3.0559512e-01  -1.4127027e-01   1.3188564e-01  -2.7886814e-01  -9.1261829e-03  -3.7710211e-01   2.7346149e-02  -4.9762560e-01  -1.9843311e-01  -3.2564943e-01   1.7565763e-01  -3.5131007e-01  -2.7821791e-02  -2.7429251e-02   3.8491584e-01   3.8188372e-02  -1.4192788e-01  -3.1808125e-01   4.6423516e-01   3.7184800e-01  -4.2884217e-01   5.3267071e-01   3.7719653e-01  -2.2568053e-01   5.3807464e-01   1.0497691e-01   3.9070368e-01  -4.2897212e-01   6.1482508e-01   1.5660605e-01   3.8111885e-02   1.4629245e-01  -5.1676781e-01   2.5894739e-01  -1.9310758e-01   3.5117705e-01   3.4371369e-01  -1.3974813e-01  -2.9113925e-01  -4.7695436e-01  -2.6084923e-01   1.5231020e-01   4.8406215e-01   2.8813890e-01  -3.7603339e-01   2.7758133e-01  -1.3790656e-01   1.1327850e-01  -4.2835141e-01   2.6756547e-01  -6.8966070e-02  -1.5144866e-01   2.1349381e-01  -1.7033660e-01  -1.9713061e-01   2.0333107e-01   6.0864660e-02  -8.0670656e-03  -2.2556530e-01   4.5905996e-01   5.5585266e-01   1.3596297e-01   1.7305934e-01  -3.9295958e-01  -3.0714480e-01   4.4224982e-01  -9.1157189e-02   4.4009466e-02   1.8255699e-01  -2.0136173e-02  -3.4821099e-01   9.8824217e-02   2.0497343e-01  -1.5046564e-01   2.7084179e-01  -2.2845974e-01   4.9835587e-01   1.0740916e-01   2.2523340e-01  -2.9325461e-01   3.2337294e-01   3.6775813e-01  -5.3206303e-01   2.4497639e-01   4.3578116e-01  -2.5919896e-01  -5.1907290e-01  -1.7826870e-01  -1.0648284e-01  -7.0164283e-03   5.2340420e-01  -3.3367182e-01  -3.0114315e-01   1.2492505e-01
  -1.9636473e-01   2.1167374e-02  -2.3270774e-01   5.5838526e-02  -9.2434610e-02   3.3879402e-01   0.0000000e+00  -1.4931320e-01  -6.1689533e-02   2.5271027e-01   2.6426398e-01   2.9462976e-01  -1.2565394e-01   3.3019912e-04   4.7718290e-02  -2.1518376e-01  -2.4050017e-01   4.0644950e-01  -2.7180688e-02   2.5527192e-02   5.0253219e-01   9.3634070e-02   5.6291721e-01  -1.5299294e-01  -2.8064732e-01  -1.0708452e-01   5.0476527e-01   2.0657837e-01  -1.4592675e-01   2.7745859e-01  -1.3373773e-01   2.0935756e-01  -3.4207317e-01   5.2189329e-01  -1.0426106e-01   4.4937798e-01   4.1477158e-01  -1.8772216e-01  -4.8050730e-01  -2.4654503e-01  -1.2464146e-01  -2.9223833e-01  -1.8917051e-01  -1.2110439e-01   2.7558307e-01  -1.5934600e-01   4.9011856e-01   5.4817745e-01   2.4449565e-01  -4.9703282e-01   5.0269887e-01  -1.8518248e-01   1.3330956e-01  -4.7063927e-01  -1.7450484e-01  -4.8792161e-02   1.0549028e-01   1.7507466e-01  -6.6809692e-02   3.9312480e-01  -3.9647243e-01   3.6294496e-01   6.2415829e-03   8.9568843e-02   1.2072321e-01   5.7153220e-01   4.7742240e-01   7.3456783e-02   6.6765002e-02  -5.2110526e-03  -1.5852300e-01   4.0299951e-01  -1.6048986e-01   2.0920547e-01  -3.6470654e-01   6.3304473e-02  -1.5896051e-01  -1.7789520e-02  -8.5583304e-02  -5.8292409e-01   4.3119227e-01   8.3160313e-02  -1.0164549e-01  -2.1397362e-01  -3.1329738e-01   3.7924158e-02   1.4322368e-01  -2.6771154e-01  -2.0544601e-01  -2.1383361e-01  -4.7448176e-01  -5.0117277e-01  -3.5786788e-01   1.6163351e-01  -2.7030877e-01   2.7403598e-01  -1.3419665e-01  -1.2278554e-01   1.8103061e-01   3.7293883e-01  -2.1332102e-01   5.6179482e-01   1.0443441e-01  -1.9117925e-01   5.6836942e-01   3.3298456e-02  -5.3452667e-01  -4.0606806e-02   1.2417172e-01   4.3095555e-01  -2.3007759e-01   3.3198353e-01   1.7019019e-01  -9.4241715e-02  -1.9795522e-03  -1.4782575e-01  -3.1579866e-02  -1.3079542e-01   1.4379146e-01   2.2239594e-01   4.2464623e-02  -3.1696316e-01  -3.9123000e-01  -1.4402729e-01   9.4828442e-02   2.2608465e-01   5.0332746e-01  -5.0690836e-01   2.0727811e-01  -3.4914746e-01  -2.1656280e-01   1.2657989e-01   1.5250740e-01   1.1582061e-01  -2.6508527e-01  -1.4228244e-01  -5.1890540e-01   4.2611423e-02  -7.9568481e-02   5.5166797e-02   1.1571083e-01  -1.1107538e-01   2.2760125e-01   4.1858152e-02   1.6027100e-01   2.1543353e-01  -1.4026477e-01   7.2568143e-02   6.2018283e-01   2.4044367e-01  -2.8000622e-01   1.5197339e-01  -4.4289831e-01   5.8461858e-02  -2.6027609e-01   1.5887964e-01  -9.4564989e-02  -1.1036505e-02  -4.8004092e-01   3.5784649e-01   1.0300492e-01   1.2042742e-01   3.2157791e-01   3.5874425e-01   7.9930237e-03  -2.3235652e-01   3.3398298e-01  -1.1295914e-01  -2.0812749e-01  -2.5428260e-01  -7.1169918e-02  -2.0263022e-01   4.1111501e-01   2.0905120e-01  -2.6677395e-01  -3.9446571e-01  -6.0952490e-02
  -5.8037461e-02  -2.9555405e-01  -3.6665937e-02  -2.2167696e-02  -1.9735572e-01   2.5830201e-01  -1.4931320e-01   0.0000000e+00  -2.2778685e-01  -2.0313179e-01   2.6586540e-01  -1.9325317e-01   8.4794132e-02  -1.6606938e-01  -1.8416833e-02   2.4937401e-01  -1.5561529e-01   1.1015947e-01   8.6817258e-02  -2.4336338e-01  -9.0208737e-02  -6.7783713e-03  -1.7314208e-02   1.8395022e-01  -1.5808041e-01   5.4002921e-01  -1.4604284e-01   1.0500068e-01  -2.2357600e-01   4.5603812e-02  -3.1712876e-02   2.7036457e-01   2.2078967e-01  -1.8891794e-01  -2.7750882e-01  -3.1871425e-01  -1.6887549e-01   2.9553734e-02   2.9240950e-01  -4.9795494e-02   1.8172220e-01   1.1030695e-01   7.1888509e-03   2.2410813e-01  -1.9358155e-01   2.3337012e-01   3.5949366e-02  -1.9012403e-01  -1.6669195e-01   8.3546731e-02   1.5655362e-01   5.7494711e-01  -2.5303832e-01  -1.2073342e-01   1.3548579e-01   1.8375968e-01   2.5479693e-01   1.5508726e-01   3.9693868e-01   1.3432876e-01  -9.5284708e-02   1.9706419e-02  -1.1852112e-01   1.2678012e-01  -2.4211455e-01   2.6373561e-04   9.3655267e-02  -2.6395411e-01   3.2448745e-01  -2.8103351e-02  -1.7929204e-01  -8.5860569e-02   2.0312100e-01  -4.1393555e-02   3.1278107e-02   2.1248037e-01  -7.7352306e-02   6.5226200e-02  -2.4260912e-01   2.8535045e-01   1.4685932e-01   2.1626243e-02  -2.7449043e-01   3.7131943e-01  -1.8039483e-01   3.0158911e-01  -1.8914596e-01   1.1457937e-01   3.3080063e-02   3.1250135e-01  -1.3604458e-01  -9.8260203e-02  -2.4135366e-01  -2.3154110e-02   2.6131930e-02  -1.7265390e-01  -8.5947929e-02   3.5312295e-01  -1.7631259e-01  -1.0796346e-01  -2.5841748e-01   2.7143271e-01   8.2316011e-02  -6.2451118e-02   7.0348411e-02   2.4537468e-01  -3.1849505e-02   4.2647395e-01   8.7998350e-02  -9.4206011e-02  -1.7925605e-01   1.7167020e-01  -8.7074865e-02   2.3063205e-01   7.6778347e-02  -1.9362244e-01   4.3581021e-02   2.4720280e-01  -5.8958692e-02   2.4543726e-02  -6.1666053e-02  -1.4952996e-01  -2.1150811e-01  -1.7074884e-01   1.2646710e-01   6.8966682e-02  -9.4344023e-02   9.8033743e-02   1.7997582e-01  -1.0190098e-01   3.3771613e-01  -2.5699091e-01  -2.4522605e-01  -2.3509509e-01   1.7107314e-01   6.7560379e-01   3.0688969e-01  -1.0196945e-01   5.4915183e-01   1.4789750e-01   6.4464730e-02  -2.0206285e-01   4.5007936e-01   8.6243804e-02   4.9967529e-02  -6.5543200e-02  -2.0459431e-01  -1.5807825e-01   1.4069026e-02  -1.3157886e-01  -6.2903163e-02   5.8645308e-02   9.2298181e-02  -1.9188838e-01  -1.1897915e-01   5.1707988e-03  -3.2383387e-02   3.2034191e-01   8.1344433e-02   7.5006043e-02  -1.0697120e-01   3.2840609e-01  -2.9227892e-01  -2.1392573e-02   9.6916047e-02  -1.7481379e-01   1.5338604e-01   3.3008322e-01  -8.9748119e-02  -3.3820386e-01  -1.8697308e-01   5.8504545e-02  -2.1060252e-01  -1.6430303e-01  -3.5982947e-02  -4.0340504e-02   1.7902474e-02
  -5.4175711e-02   4.9977705e-01   1.2983538e-01  -2.4827123e-01   3.6503877e-02  -4.1812077e-01  -6.1689533e-02  -2.2778685e-01   0.0000000e+00   1.9260275e-01  -2.7104276e-01  -2.4044411e-01  -1.1042119e-01  -1.1657346e-01   7.8476175e-03  -2.9155760e-01   2.5237959e-01  -1.3185823e-01  -3.2923616e-02  -1.2357323e-02  -2.9316726e-01  -2.6721636e-01  -4.2926144e-01  -7.0560953e-02  -1.0323791e-01  -1.9625440e-01   5.6225814e-02  -3.1413868e-01   3.2868558e-02  -4.2120810e-01   1.0506496e-01  -3.2178959e-01  -2.2872943e-03   1.1044974e-01   4.7486499e-01   3.6164256e-02   2.4400861e-01   2.1696414e-01  -1.0620339e-01   2.5134257e-01  -6.5864919e-02  -1.0879537e-01   2.3295875e-01  -1.5128140e-01   4.9862082e-02  -8.2800586e-02  -3.8568885e-01   3.4135288e-01   1.2498520e-01   1.4033957e-01  -2.6969912e-01  -2.0532905e-01   5.7727950e-01   5.0215699e-02  -3.1112110e-02  -2.2066551e-01  -3.7741130e-01  -2.3021821e-01  -1.0818097e-01  -2.9569819e-01   3.1032425e-01  -1.5282932e-01   5.0210888e-01   4.2043073e-02   5.2727527e-01  -3.0622088e-02  -3.1405086e-01   7.5947445e-02  -5.1789277e-01  -1.7106573e-01   6.7450057e-01  -1.2646437e-01   6.4584166e-02  -4.2786682e-01   8.8374047e-02  -3.9727864e-01   2.3081155e-01  -1.5782178e-01   3.2941226e-01   5.0733760e-02  -3.3642083e-01  -1.6874805e-01   5.1538431e-01  -3.4060490e-01   2.4807988e-01  -3.9898954e-01   6.4967522e-01  -3.0884653e-01   5.8224859e-01  -3.1766618e-01   2.1033898e-01   7.0884318e-02   5.3569892e-02   8.3515264e-02   1.9063488e-01   8.5945055e-02  -1.0882278e-01  -1.2752377e-01  -2.6224924e-02   2.1109146e-01   3.2817515e-01  -1.9524451e-01  -5.0933161e-01   6.2724952e-01  -3.3616831e-01  -3.9782221e-01   3.1610389e-01  -3.9727850e-01   1.5834391e-01  -2.0660067e-01   2.2057171e-01  -5.1543000e-01  -4.7863705e-03  -1.6892598e-01  -1.2473518e-01   4.1760990e-01  -2.3543294e-01  -7.6898731e-03  -2.3160981e-01  -2.8147927e-01  -7.4262644e-02   4.1495782e-02   2.2058966e-01   3.4440261e-01  -8.5472048e-02  -5.5096584e-01  -3.2127475e-01   1.9070746e-01  -1.3396026e-01   1.2352788e-01  -2.2483290e-01   5.4177454e-01  -2.9110129e-01   1.2606698e-01   2.0065445e-01  -3.6446094e-01   5.0023960e-02   4.4639702e-01  -3.5204921e-01  -1.5804373e-01   4.9479998e-02  -1.4435704e-04  -3.1922706e-01  -4.6636198e-01  -2.2680482e-01  -1.4003617e-01   3.7851990e-01   2.9829485e-01  -3.0051661e-01   2.6638412e-01  -1.5200675e-01  -2.6375306e-01  -2.5419902e-02   3.5586357e-01   1.9100165e-01  -1.0973232e-01   1.1439604e-01  -1.0471646e-01   2.2843981e-01  -5.7359256e-01  -3.9604427e-02  -2.7199607e-01   5.7839695e-01  -2.3137704e-01  -3.3736107e-01   1.9711801e-01  -1.3830675e-01  -3.6437340e-01   1.5187220e-01   4.5577127e-01  -3.8243497e-02   1.6141891e-01   2.4391992e-01  -1.7032653e-01   4.0067078e-02   2.5175485e-01  -2.3900907e-01
  -2.7199673e-02   8.2234820e-02   3.0510351e-01  -2.6330091e-01   1.1797196e-01  -1.7114176e-01   2.5271027e-01  -2.0313179e-01   1.9260275e-01   0.0000000e+00  -2.8981375e-01  -8.0407854e-02  -7.9108187e-02  -1.7800718e-01   1.7952441e-01  -1.9292167e-01   3.1687537e-01  -2.3714568e-01  -2.5980584e-01   3.2742795e-01  -2.0525770e-01  -2.8611361e-01  -1.6914862e-01   1.2252248e-01  -1.1588796e-01   1.0562761e-01   2.7022621e-01  -1.0904256e-01   6.4152339e-02  -3.4885881e-01  -5.9818889e-02  -2.9369790e-01  -2.1168732e-01   5.6891229e-01   2.9076118e-01   2.1284873e-01   2.2848244e-01   3.0056793e-01  -3.2481445e-01   3.4532989e-01  -3.6234926e-02  -1.0863646e-01   8.2771089e-02  -2.1209400e-01   9.0003100e-02   1.9156310e-01  -2.4011938e-01   4.3758605e-02  -9.6810984e-02   1.8701324e-01  -1.2927656e-01   5.2826780e-02   2.2764498e-01   5.8561447e-02   2.5086294e-03  -2.3410199e-03  -2.8425163e-01  -2.1593505e-01  -1.4851250e-01  -1.9538889e-01   3.2623109e-01  -2.2004759e-02   1.1681155e-01  -1.2094924e-01   5.3237381e-02   3.1869001e-01  -1.4538670e-01  -8.0541355e-02  -2.8295045e-01  -1.0220899e-02   3.9954239e-01  -1.5942167e-01  -2.3119045e-01  -2.2065911e-01   1.3047134e-02  -3.0263371e-01   4.2257399e-01   1.3559286e-01   9.6676791e-02  -2.3445474e-01   2.6299935e-02  -1.3628566e-01   8.8234947e-02  -3.6022711e-01   4.7554869e-03  -2.0555796e-01   3.2435242e-02  -8.1296868e-02   2.3180823e-01  -1.1886086e-01   1.3206124e-01   1.3153161e-01   2.4470359e-01  -8.8317536e-02   2.0934216e-01   1.7102299e-01  -6.5386737e-02  -2.8532725e-01   2.7688641e-02   4.9146153e-01   1.2826176e-01  -7.9955443e-02  -3.2882361e-01   3.4920560e-02  -2.3854098e-01  -4.2358436e-01   4.1441262e-02  -2.0870222e-01   1.0713491e-01  -1.9564961e-01   3.7022329e-01  -3.3408190e-01  -1.5380681e-01   5.3722251e-02   1.8564343e-01   5.2556533e-02  -1.2481892e-01  -9.5284601e-02  -1.5156213e-01  -7.6706825e-02   1.9130405e-01   2.2353601e-01   1.3475813e-01  -2.5715752e-01   1.2670223e-01  -1.6785704e-01  -2.1511270e-01  -6.9203558e-02  -3.1893062e-01   7.7130087e-03  -2.5877474e-01   1.7814161e-01  -2.0731573e-01  -1.6403239e-01  -6.4979287e-02  -1.5079015e-01  -1.5544499e-01   1.8642502e-01  -1.0271312e-01   6.8066675e-02   9.9533136e-02  -4.1721295e-02  -1.4995882e-01  -1.8003594e-01  -1.0976356e-01  -4.3850586e-01   5.7698021e-01   1.5574887e-01   9.8089130e-03   2.6982293e-01  -5.4275365e-02  -1.0985637e-01  -4.9650676e-02   3.0929576e-03   1.4646470e-01   6.1672242e-02   1.3870063e-01  -9.4315036e-02   1.8652525e-01  -1.4270831e-01  -8.7131093e-02  -2.0267361e-01   3.3751160e-01  -3.4616336e-01  -1.2796132e-01   1.5584906e-01  -2.2713858e-01  -3.0766846e-01   1.9808920e-01   1.7810644e-01   7.5822228e-02   1.8127283e-01  -3.2500612e-02   3.7102507e-02   9.8770103e-02  -2.1421760e-02  -1.4803519e-01
   9.0945409e-02  -4.3155737e-01  -4.7335654e-01   1.7630152e-01  -3.5428888e-01   2.6411589e-01   2.6426398e-01   2.6586540e-01  -2.7104276e-01  -2.8981375e-01   0.0000000e+00  -9.3671752e-02   5.3702709e-02   1.1537317e-01   1.1263928e-01   1.3311519e-01  -5.6453936e-01   6.4361324e-01  -7.5551346e-02  -2.6811176e-01   5.6876867e-01   2.9173567e-01   3.8890118e-01  -1.3675440e-02  -1.0195772e-01   1.3493616e-01  -1.6403780e-01   3.5502243e-01  -1.0563911e-01   5.7053793e-01   2.9147884e-01   5.6463519e-01  -8.2499068e-02  -9.9956452e-02  -4.3351488e-01   7.8922421e-02   2.0570209e-02  -3.6578423e-01   5.4209476e-02  -4.3944564e-01   2.6024251e-01  -1.7017702e-01  -3.3224122e-01   2.6019872e-01   1.1660206e-02  -3.0139783e-01   7.1506151e-01   2.6150337e-01   1.6371661e-01  -5.5007774e-01   6.5708062e-01   8.0408632e-02  -1.4731705e-01  -5.1749476e-01  -2.4602377e-01   1.2734708e-01   1.7556669e-01   4.5536178e-01   4.8744946e-01   2.8681093e-01  -6.0886381e-01   1.3957802e-01  -2.7533279e-01   4.9754966e-01  -1.4050485e-01   8.4632895e-02   3.7151515e-01   2.3163740e-02   6.1087554e-01  -1.1318393e-01  -4.9753531e-01   3.5628542e-01   2.5893168e-01   1.0171473e-01  -4.5023306e-01   5.1317977e-01  -5.4158973e-01   7.4750634e-02  -4.6126954e-01  -1.0814466e-01   4.3432800e-01   3.1508772e-01  -1.0651666e-01   3.0950076e-01  -2.7299636e-01   5.8272466e-01  -1.4632557e-02  -7.8487393e-02  -3.7291409e-01   7.3052374e-02  -5.1710970e-01  -5.1412551e-01  -5.2704661e-01  -3.8225399e-02  -3.5834878e-01  -2.3957700e-01   3.9384740e-03   3.1629151e-02   1.5091245e-01  -2.9946484e-03  -8.2571195e-02   4.6185231e-01   4.4869773e-01  -1.1413677e-01   5.8023499e-01   5.0502206e-01  -4.5200780e-01   2.5207322e-01   1.6729636e-02   5.8094955e-01  -3.7433938e-01   6.3012124e-01   1.1129850e-01  -4.1419158e-02  -4.7505833e-02  -3.7501541e-01   9.1396623e-02   2.6548381e-01   2.7433103e-01   2.8976730e-01  -8.4452128e-02  -4.7787777e-01  -3.2560341e-01   1.2827605e-01  -1.0229990e-01   3.5545344e-01   3.7573388e-01  -4.4341819e-01   5.7525928e-01  -2.5793005e-01   1.6388018e-01   9.6601574e-02   1.0547444e-01   2.8598065e-01  -4.5538624e-02   4.3086613e-01  -1.8821690e-01   1.4874083e-01   4.6782693e-01   9.8195300e-02   7.3815239e-02  -6.4688691e-02   7.0515140e-01   7.7656837e-02   3.3880007e-01   5.3434921e-01  -5.1981893e-01  -2.5384245e-01   3.5972840e-01   3.2685812e-01  -1.6859678e-01   3.8737529e-01  -3.4039633e-01   9.1076937e-02  -4.5943222e-01   7.4242757e-02  -1.7818879e-01   4.4319477e-01  -5.2933969e-01   3.8452266e-01  -1.2921416e-02   7.4832366e-01  -2.9591090e-02   6.2918699e-01   2.5505637e-01  -4.9422677e-01   3.0643444e-01   2.3881478e-01  -2.7731005e-01  -3.8035973e-01  -4.3093056e-01  -2.2942512e-01   2.6353316e-01   2.4741243e-02  -2.3592241e-01  -1.6536383e-01   7.8595499e-02
  -2.0140266e-01   2.9585460e-01   2.5033031e-01   2.2150476e-01   2.2827780e-02   2.7626657e-01   2.9462976e-01  -1.9325317e-01  -2.4044411e-01  -8.0407854e-02  -9.3671752e-02   0.0000000e+00  -5.8866955e-02   1.0892266e-01  -2.6830766e-01   7.2628401e-02   2.2185418e-01  -9.8045810e-02   7.8279087e-02   1.3171398e-01   9.8916791e-02   1.8497894e-01   2.4873030e-01  -3.3217483e-01   1.7295123e-01  -1.7048728e-01   3.1532551e-01   4.2125634e-02   6.6809585e-02   1.5957680e-01  -4.8756550e-01  -8.1629350e-03  -4.0601362e-02   6.7395401e-02   1.1831324e-01   5.8985890e-02  -8.6613493e-02  -2.0925906e-01  -2.4629948e-01   4.8707432e-02  -2.8307674e-01   7.4336294e-02   1.8914935e-01  -1.1379068e-01  -2.2293845e-02   3.8608972e-02   1.7593443e-01  -9.8526544e-02  -1.3209247e-03   1.1195984e-03   5.0578344e-02  -2.7419275e-01  -2.4549890e-01   2.3625884e-01  -5.4662517e-02   3.2796069e-02   1.8440488e-01  -7.3596706e-03  -1.9878343e-01   4.8425766e-01  -2.4722437e-02   1.3337111e-01  -1.3241763e-01  -3.6045794e-01  -1.4573638e-01   1.4026203e-01   2.9899362e-01   1.9957507e-01   1.9035364e-01   3.8286589e-01  -1.7789140e-01   2.5178317e-01  -1.2969486e-01   4.5724338e-01  -2.0341040e-01   3.1196577e-02   5.0899425e-02  -1.0630753e-02   7.6082121e-02  -1.3676212e-01  -6.6269802e-02   8.3282316e-02  -1.8326514e-01   5.1236041e-02   1.2259494e-01  -4.7906433e-02  -2.9487355e-01   4.8220349e-02  -1.2977492e-01  -2.4396650e-01  -1.4398458e-02   1.7987723e-01   3.5950725e-01   4.0703632e-01  -2.0199139e-01   6.0691188e-02   1.3377205e-01  -8.2453696e-02   1.6396212e-01  -2.7043743e-01  -3.0054182e-01   1.3714123e-01   1.4604892e-01  -1.1835775e-01   2.0971910e-01   5.5781367e-02   2.9382486e-02   1.0623107e-01  -2.2828736e-01   1.5657854e-01   1.3917403e-01   2.4629783e-01   1.4642510e-01  -1.1406948e-01  -9.2326875e-02  -1.6694343e-01   1.1607131e-01  -1.8554912e-01   1.3245101e-01   9.6028974e-02  -4.4810606e-02   7.6973674e-02   5.7072121e-02  -2.6125635e-01  -1.6520808e-01   1.3649265e-01   2.2269204e-01  -7.9939508e-02  -6.2938995e-02   1.6516856e-01  -1.7544352e-02  -4.3903150e-01   3.8664435e-01  -1.3076050e-01   4.1866117e-02  -1.6550428e-01  -2.0554365e-01  -4.4698103e-01  -1.1568136e-01  -4.5216918e-02  -2.0246260e-01   1.9733238e-01  -4.1439604e-02   4.5446215e-01  -2.9113813e-02   5.6238007e-02   1.5668633e-01  -1.7176232e-01   2.2871005e-01  -4.1046039e-01   2.5497546e-01  -2.1967936e-01   5.6729057e-02  -1.9366532e-01   3.1833202e-01  -4.8217129e-02  -2.0898237e-01  -1.0027589e-01  -6.9666249e-02   1.1746880e-01   2.5234597e-01  -6.8581889e-02  -2.6354289e-01   8.5829243e-02   7.2007303e-02   1.3110096e-01   2.5409151e-01   1.0714189e-01  -1.5603774e-01  -7.4031378e-02   3.2945583e-01  -2.5372756e-01   8.6345988e-03   4.2824366e-01   8.1850287e-03  -3.2830441e-02   8.6614478e-02
   1.3124166e-01  -2.8415303e-01   6.9654078e-02   1.7076330e-01   2.2339281e-02   2.3464324e-02  -1.2565394e-01   8.4794132e-02  -1.1042119e-01  -7.9108187e-02   5.3702709e-02  -5.8866955e-02   0.0000000e+00   2.5816719e-02  -1.5081133e-01   2.3678215e-01   7.6551179e-02  -4.1042859e-02   5.5138254e-02   1.5516166e-01  -1.7123972e-02   2.7039233e-01   3.6036820e-03   6.4896586e-02   5.2254847e-02  -1.3500661e-01  -9.6047045e-02  -1.7376356e-01   5.0690362e-02   1.2867176e-01  -7.3411335e-02  -2.5570904e-03   1.4588504e-01  -2.4322119e-01  -1.2154611e-01   1.0352175e-01  -4.5676504e-02   5.9428886e-02   2.7114091e-01  -2.5523466e-03   6.4137360e-01   2.1482376e-01  -1.3524036e-01  -1.1287357e-01  -9.1697394e-02   1.5102050e-01   1.1960617e-01  -2.4276715e-01  -1.5257285e-01   2.8792413e-03   7.4509478e-03  -2.2692542e-01  -2.8234826e-01   7.5874735e-02   1.4499875e-01  -9.1130187e-02   1.5068871e-01   7.9415528e-02   1.0226672e-01  -4.1407645e-02   1.3431152e-01   7.1493833e-02  -1.6911806e-01   4.0928990e-02  -3.0817501e-01  -5.0304337e-02   6.4954448e-02   3.8217735e-02   1.4767977e-01   9.2907849e-02  -1.8513915e-01   8.0892560e-02   1.8959424e-01  -1.4400777e-02   1.0702340e-01   1.6823958e-01   1.0147666e-01   2.1541028e-02  -1.5511179e-01   1.9013694e-01  -1.0577399e-01   2.9387939e-01  -2.4098197e-01  -4.0732430e-02   2.9919403e-02   1.3022659e-01  -2.0781901e-01   1.9460253e-01  -5.9749115e-02   6.6371016e-03   7.5900248e-02   2.6373222e-01   3.0816345e-02  -2.6579144e-02   2.2479719e-01  -7.3584325e-02   2.1552072e-01   5.1505318e-02   1.0718479e-01  -2.0118666e-01  -8.8494243e-02  -1.1029181e-01   1.8215802e-02  -1.0460473e-01  -4.4059880e-02   1.6681564e-01   1.0695360e-01   1.6067724e-01  -3.5731559e-03   2.8579229e-02  -4.6793005e-02   3.0326359e-02   1.0784167e-01   2.3120388e-01  -1.0182276e-02  -2.4166025e-01  -2.4004054e-02   4.1269142e-01  -1.7970379e-02   9.0426086e-02   1.1487179e-01   1.0627570e-01  -2.7138819e-02  -8.6351388e-02   1.0416811e-01   6.7458994e-02   5.3087851e-02   1.2649433e-01   1.4543331e-01  -1.8007173e-02   2.6795735e-01  -1.8825650e-01  -9.5692516e-02  -8.4216122e-02   9.5877322e-03   1.6297464e-01   9.8612209e-02  -1.5375359e-01   1.2652294e-01   9.1566690e-02   1.5886833e-01   2.4380338e-01   6.9679469e-02   1.1002356e-01  -4.9154629e-02  -8.2984653e-02  -1.8620317e-01  -1.1251833e-01  -1.4257620e-01  -7.0688126e-02  -4.8720460e-02  -1.8048592e-01   5.2045788e-02  -8.3219040e-02   8.2910510e-02   7.7710620e-02   6.6038046e-02  -1.0488417e-01   1.9214727e-01  -4.2614149e-03   9.5612092e-02   1.3936404e-01  -1.0450052e-01   5.5515186e-02   1.5140876e-01  -1.6003082e-01  -2.6323658e-01  -2.8415342e-02   1.4033753e-01  -1.6817475e-01  -6.0510858e-02   1.6055127e-01  -8.4670699e-02   9.9700911e-02   5.1082235e-04   1.6628848e-01   2.4897918e-01
   5.3956185e-01   1.8753586e-01  -1.6878348e-01   2.0302218e-01  -2.4324114e-01  -6.6539499e-02   3.3019912e-04  -1.6606938e-01  -1.1657346e-01  -1.7800718e-01   1.1537317e-01   1.0892266e-01   2.5816719e-02   0.0000000e+00   4.9046438e-04  -3.0033643e-01  -1.0695387e-01   1.1320534e-01  -1.4929332e-01  -1.6234932e-01   4.0423973e-01   1.2211043e-01   1.9383924e-01  -9.0732770e-02   1.4103871e-01  -4.3855146e-02  -1.3750821e-01   3.1454299e-01   8.8216125e-03   4.3322493e-01   3.1017834e-01  -5.0769245e-02  -1.3172028e-01  -1.2707467e-01   1.5421262e-02  -1.0107078e-01   5.2297420e-02  -3.7707146e-01  -2.0395801e-01  -1.5038641e-01   6.6233202e-02   1.4884712e-02  -3.4788074e-01   2.6796749e-01  -3.8762176e-02  -2.6261025e-01   1.0680449e-01   2.2779850e-01   1.4908641e-01  -2.7313728e-01  -2.4478538e-02  -1.4590881e-01   6.4230276e-02  -6.5850370e-02   2.4513032e-01  -4.2793661e-02  -1.6249670e-01  -3.7674139e-02   9.1660021e-02   2.1886903e-02  -2.5520439e-01  -1.2020803e-01  -2.1448807e-01   3.1039053e-01  -9.8301220e-02  -1.4051708e-01   5.4706109e-02   4.0228664e-02   1.3365482e-01   2.1624080e-01  -1.5691319e-01   4.1280341e-02  -1.9875000e-01   3.3203323e-01   1.1903909e-02   1.7948873e-01  -2.6043025e-01  -1.6385607e-01  -1.4696676e-01  -1.4939367e-01   1.8219983e-01  -7.7998704e-02   3.1613238e-01   3.2670079e-01   2.8571139e-01   2.0824553e-02   2.2502350e-01   3.1682342e-01  -2.0435689e-01   6.5646315e-02  -1.8366023e-01  -8.5692361e-02  -5.2448761e-02  -1.5113604e-01  -2.1056022e-01  -1.6516546e-01  -1.5262105e-01  -2.6621352e-01   1.4368782e-02  -1.0558091e-01   4.1692056e-01  -1.0122273e-01   4.4096467e-01   1.9069008e-01   1.4872526e-01  -3.6715603e-02  -7.0738078e-02  -2.1384897e-01  -2.1187367e-01   2.6597541e-01  -6.8810611e-02   1.7813038e-01  -9.8235571e-02  -6.2554739e-02   1.8513699e-01  -1.7597196e-01  -4.8769536e-02  -2.3986339e-01   5.6000167e-01   3.9825541e-02   2.1732947e-03  -2.2469456e-01  -7.1857426e-02   4.4476105e-01  -8.1895505e-02   3.1673775e-01   2.7457570e-01  -7.7510197e-02   8.6393008e-02   3.0011483e-01  -2.0831544e-01   7.1388951e-02   6.3950292e-01   4.6151796e-01  -1.1773017e-01  -1.3572758e-01  -2.8756496e-01   2.8519488e-01  -8.6452547e-02  -2.3459693e-02  -2.5692074e-02  -1.1980805e-01  -6.1373642e-02   1.8066729e-01   7.3180977e-02   4.8368275e-01  -1.1834611e-01  -2.0714819e-01  -1.0835508e-01   6.4911252e-03   2.1725400e-01   4.0936491e-01   7.8349624e-02   1.7611984e-01  -7.8175311e-02  -9.4127383e-04  -2.4886552e-01  -7.6967578e-02  -2.7200871e-01   2.8832540e-01  -1.2467463e-01   1.7324395e-01  -4.4335784e-02   2.0573494e-01  -9.8765322e-02  -1.5172453e-01   4.4901432e-03   7.4347673e-02  -8.8686914e-02   7.4408212e-02  -1.9251092e-01  -2.9953956e-01   3.9299400e-02   2.1469224e-01  -8.7798595e-02  -1.4910328e-01  -1.4431088e-01
