   0.0000000e+00  -2.3872006e-02  -1.1875985e-01   2.5306524e-02  -3.2399603e-01   1.5338114e-01  -2.7202450e-01   4.0519950e-01  -1.8451867e-01  -4.0981811e-01  -2.7352881e-02   4.3419456e-01  -2.9046450e-01   9.1656106e-02   1.7354563e-01  -4.1389365e-01  -9.8177735e-02  -1.6423217e-01   3.2598853e-01  -4.6227473e-01  -1.1428532e-01   3.5662717e-01  -2.3284881e-01   4.8053054e-01  -8.1636318e-03   6.5338560e-01  -2.9206446e-01   5.5430905e-02  -2.7988475e-01  -7.6863099e-02  -5.0112841e-02   1.5584447e-01   1.5020008e-01  -2.8305172e-01  -7.0837323e-02  -4.3717400e-01  -2.4115160e-01   5.4486499e-02  -5.5403300e-01  -3.9020087e-01  -2.9225655e-01  -5.7935156e-02   3.0700199e-02   3.1365305e-01  -1.0816996e-01   6.9138031e-01  -3.4289694e-01  -3.7149364e-01  -2.5958072e-01  -1.1526643e-01  -1.3670496e-01   4.5378431e-01  -3.4049558e-01   3.3612845e-01   3.1598237e-01   2.4221645e-01   3.4687874e-01   4.7242482e-01  -3.1674059e-01   5.1323518e-01   5.4465326e-01  -2.6181422e-01  -1.3912839e-01   5.4075116e-02  -3.6721146e-01  -6.3036594e-03   2.0232341e-01   1.7578951e-01  -5.2595607e-02   5.2902816e-01  -3.1042256e-01  -1.0368468e-01  -2.4452321e-01   7.1801022e-01   8.6486607e-02   5.0082101e-01   5.8981014e-01   9.8254201e-02  -3.2923788e-01  -3.6595845e-01  -4.6286950e-02  -2.2242987e-01  -2.3895622e-02   4.1788381e-01   2.6433123e-01   3.8599761e-01  -3.0341247e-01   5.2909362e-01  -9.0508195e-02   6.6809160e-01  -1.2712395e-01   5.1183506e-01  -3.6123090e-01   9.7460584e-02   5.1074778e-01  -2.9480594e-01  -2.1312866e-01   1.7926980e-01  -3.4434818e-01  -1.2103874e-01  -2.3392198e-02   2.4212825e-01   2.2572291e-01   2.0917805e-01   9.4965504e-02   3.3029762e-01  -9.3029267e-02   2.1119756e-01  -3.0729502e-01  -3.7258404e-01  -1.2995481e-01   3.3853293e-01   5.3745270e-04   7.4435132e-01  -2.0345032e-02  -2.7648973e-01   1.0127691e-01  -1.1423790e-01   2.6252235e-01  -1.6974058e-01   5.7323606e-01  -1.0030968e-01   1.1464753e-01  -1.5670057e-01   5.5988827e-01   7.4468749e-01   2.5846604e-02  -1.2549115e-01   3.3178367e-01   2.1315323e-01  -3.3889511e-01  -3.5654020e-01   5.6711972e-01  -2.6499640e-01   4.5951790e-01   3.9508531e-01  -2.7879968e-01   2.0422882e-01   4.6272272e-01   6.3031678e-01   7.1503278e-01   4.2756111e-02   1.9077162e-01   1.8694515e-01   2.4040552e-01   1.8265894e-01  -2.1201052e-01  -1.1034014e-01  -2.5897300e-01  -1.9688442e-01   5.9649360e-01   4.8361141e-01   6.1006519e-01   1.9478497e-02  -8.6339881e-02   4.0363994e-01   7.1558502e-01  -2.1977284e-01   5.3221826e-01   3.5119844e-01   2.5338815e-02   1.2308728e-02  -3.4605918e-01  -1.7431294e-01   2.4745132e-01  -2.3319294e-01   1.9064010e-01   3.8672854e-01   4.2815768e-01  -3.6219302e-01  -1.3607606e-01   1.3451888e-01  -4.4088378e-02   1.5535191e-01   1.3568259e-01  -2.6190609e-01   5.8390805e-02
  -2.3872006e-02   0.0000000e+00   9.9788177e-02   1.8930363e-02  -3.7403599e-01   2.6855164e-01  -1.8251652e-02  -5.2080491e-02   4.6241757e-01  -1.8933573e-01  -1.7613220e-01   4.7172232e-01  -2.9947187e-01   6.2204221e-01   1.4185665e-01  -1.2060970e-01   5.7283532e-02  -1.1202262e-02   1.2119837e-01  -3.0657350e-01   2.6858454e-01   4.8543576e-02  -8.1902870e-02  -5.0350635e-02   9.7682102e-03   1.2995342e-02  -1.9514890e-01   1.0150275e-01   2.9545137e-02   4.9246497e-01   1.0849906e-01  -1.0772347e-01   6.5527783e-02  -2.0002583e-01   1.7866995e-01  -3.8623616e-01  -5.8612035e-02  -1.7827526e-01  -1.1544946e-01  -1.6070784e-01  -1.8102896e-01  -1.5684758e-01  -2.0470554e-01  -1.2711564e-01  -2.1187684e-01   5.0284222e-02  -2.6233875e-01   7.4576316e-02   7.1165242e-02  -1.0019556e-01  -1.0910932e-01  -3.1551627e-02   5.2066840e-02  -5.7066285e-03   2.2027297e-01   1.1968090e-01  -8.2624208e-03   8.2233269e-02  -1.9417654e-01   1.3174500e-01   1.2410871e-01  -1.8852275e-01   7.4763520e-01   3.2352227e-01  -1.4394058e-02  -2.1393628e-01   2.3365525e-01   1.1476060e-01  -1.6205468e-01   2.5308680e-01  -2.0921515e-02   1.0321083e-01  -2.0201234e-01   5.7534649e-02  -1.6075618e-02  -4.5604607e-03  -3.5604564e-02  -7.3635588e-02  -7.7383024e-02  -6.6192153e-02  -1.9019611e-03  -2.0547985e-01   3.6260985e-01  -6.5889745e-02   4.0647186e-01  -2.7484288e-03   2.2053891e-01   4.5797568e-02   3.0229866e-01  -2.4259446e-02  -1.4564286e-01   3.7608483e-02  -2.3856984e-01   1.7801818e-01  -6.8106708e-02  -3.6107335e-01  -1.4464264e-02  -3.9796527e-02  -3.4819565e-02  -1.0240157e-01   3.1597391e-01   5.2669685e-02   2.3848447e-01   6.5999735e-01   3.9844382e-02  -3.6834640e-02   1.3854316e-01  -1.0147231e-01  -1.4012063e-01   1.0645398e-01   1.6106123e-01   2.0149780e-01   3.0949459e-01  -8.6521662e-02   2.0182221e-01  -2.2343240e-01  -4.9276374e-02  -1.6066220e-01   3.5368329e-01   6.0691924e-02  -1.1669231e-01  -3.2419083e-01   1.3904852e-01   4.6927942e-01  -4.8794138e-02   1.2007195e-01  -2.1017818e-01  -8.7521576e-02   5.5538695e-02   5.2300564e-01  -3.5107272e-01  -5.0283881e-02   3.3517500e-01  -2.2854300e-02   6.4629520e-02  -7.1045785e-02  -1.1041468e-01   3.3330538e-01  -2.8324232e-02  -1.4084047e-01  -9.0177590e-02  -2.0876013e-01  -1.1240575e-01   4.2611769e-01   2.1760855e-01   2.5988219e-01   2.1441827e-01  -1.7521009e-01   7.4859171e-02   8.4184584e-02   3.6246997e-01  -2.5851307e-02  -5.1513248e-02  -1.9223165e-01   5.1471487e-01  -1.4580887e-01  -8.8651414e-02  -3.2811595e-01   4.4257239e-03   8.1072428e-02  -3.9217927e-02   8.0567755e-03  -2.1206295e-02  -1.4741617e-01   1.6351689e-02  -4.4665811e-01  -1.6489511e-01   7.5969527e-02   2.2864457e-01  -5.2097009e-02  -5.2117879e-01  -1.1207307e-01  -1.4844473e-01   5.3900976e-01  -6.1735138e-02  -4.8063330e-02   5.3650540e-02
  -1.1875985e-01   9.9788177e-02   0.0000000e+00  -1.7636319e-01   1.3455006e-01  -1.2326425e-01   2.0655486e-01   4.7897797e-02   2.8077139e-01   2.6434524e-01  -3.1435605e-01   6.6852541e-02   1.2205857e-01  -2.6009451e-01  -1.7987332e-01   9.3943217e-02   8.9798476e-01  -2.3681486e-01  -3.0182102e-02   2.6574522e-01  -3.1630139e-01  -2.4760426e-01   1.1361450e-01  -2.9181491e-01   1.0073185e-02  -1.0216924e-01   2.5873137e-01   4.4548545e-01   3.0983352e-01  -4.2923470e-01  -1.3881955e-01  -2.9226841e-01   1.6914977e-01   3.4781770e-01   3.1493439e-01   4.4363456e-02  -4.1272014e-01  -1.1692874e-01  -1.1511348e-02   6.5696299e-01   1.7630387e-01   1.3635815e-01   3.5319876e-02  -2.2432249e-02  -1.8704837e-01  -1.3647596e-01  -1.2777647e-01   1.1067636e-01  -1.6554414e-01   6.2689707e-01  -2.6407476e-01  -1.0986089e-02   2.1877695e-01   2.1913566e-01  -1.4667348e-01   6.8521743e-02  -2.3830548e-01  -4.7519390e-02  -9.9430219e-02  -4.7809857e-02   1.8469585e-01   1.8211916e-01   1.7600904e-01  -1.3963236e-01  -2.8217186e-01  -2.1850386e-01   1.3948155e-01   2.2611669e-01  -9.3741311e-02   2.5395994e-01   5.2203135e-01  -1.8984265e-01   1.4127865e-01  -2.1927563e-01   1.2354949e-01   9.1680974e-02  -2.8803481e-03  -4.7804180e-04   1.1912571e-01  -5.4587494e-02   2.4350255e-01   3.0082977e-01  -3.6153142e-02   7.7057331e-02  -2.4775230e-01   5.5359328e-02   1.5579531e-01  -2.3418848e-01   3.6571047e-01  -2.5738684e-01   2.5474184e-01   2.8485497e-01   4.4467411e-01   3.4580898e-01  -1.3383288e-01   3.2765644e-01   1.1538355e-02   7.8277280e-02   2.4024099e-01  -4.6344327e-01   3.1508725e-01  -1.4914969e-01  -3.0451474e-01  -2.0689695e-01  -2.6439166e-01  -9.1978714e-02   1.9777312e-01   2.9081591e-02  -1.8782803e-01  -2.9243583e-01   4.7371990e-01  -2.2740392e-01  -1.7064869e-02  -2.2127278e-01   4.2335849e-01   1.9599953e-01  -4.6442538e-03   2.3294203e-01   1.1876458e-01  -1.7910388e-01  -3.7442689e-01   2.1790669e-01   2.9722690e-01  -3.3029723e-01  -2.3018562e-01  -8.9623558e-02  -2.0986509e-01   2.0312377e-01  -8.9365044e-02   2.3269346e-01   1.6233162e-01  -1.1519029e-01  -3.0507987e-01   1.5523110e-01   1.9694165e-02   7.8505934e-02  -4.7372903e-02   2.0543563e-01   2.5898850e-02  -7.5165699e-02  -1.3260149e-01  -1.2981900e-02  -2.1464145e-02   3.0393315e-02   6.4018789e-02  -1.8473691e-01   5.2223272e-01  -1.9152323e-01  -1.6245235e-01  -5.0018472e-01   7.4744731e-02  -3.1846340e-02  -1.4214875e-01  -2.5478389e-01   7.0454699e-01  -1.5698893e-01  -1.9996677e-01  -4.6988260e-02   2.5879441e-01  -1.9499780e-01   1.4145379e-01  -4.2809639e-02   1.3860262e-01  -3.9486838e-01  -7.6868130e-02   8.9889479e-02  -1.3066229e-01  -1.0453674e-01   5.0384875e-02   3.9722859e-02  -4.2064631e-02  -2.8737677e-01  -3.4097289e-01  -1.3183656e-01  -9.4317376e-02   2.1210691e-01  -7.9055567e-02
   2.5306524e-02   1.8930363e-02  -1.7636319e-01   0.0000000e+00  -6.2049014e-02   2.3337689e-01  -2.9692215e-01  -5.4973966e-02  -8.4447048e-02  -2.9886647e-01   3.5382898e-01  -3.2861685e-02   3.5733567e-01   2.0630814e-01   3.2608410e-01   3.4713562e-01  -1.0111523e-01   5.6124584e-01  -6.8101403e-02  -3.2789577e-03   3.4278220e-01   3.6773368e-01  -8.3327681e-02  -3.4742714e-02   1.1967608e-02   9.6085727e-03   1.0580449e-01  -1.1672558e-01   2.0795546e-01   3.0724072e-01   3.3328769e-01   5.5668235e-01   3.0599559e-01  -2.5202363e-01  -2.1328435e-01   1.3916107e-01   1.2220623e-01   1.1144659e-01   3.3520598e-01  -2.2277555e-01   4.3901774e-01   7.6561004e-02  -3.3815311e-01   1.1146458e-01   2.3472414e-01   2.1653583e-02   3.6245838e-01  -2.4608666e-01   7.4645138e-02  -1.9653757e-01   5.3969557e-01   6.3128414e-02  -2.1593513e-01  -1.0049790e-01   2.6584010e-01   1.7294230e-01  -2.2446410e-02   1.1552977e-01   3.4992430e-01  -1.0978346e-01  -5.8354280e-02  -3.2267085e-02  -6.1884150e-02   4.4847370e-01   1.5517008e-01   1.3779695e-01  -2.5329227e-02   7.0702915e-02   5.5114506e-01  -1.0359409e-01  -4.0036785e-01   6.0504878e-01   4.1941143e-01   1.1872520e-01  -1.5033836e-01   1.3456775e-02   1.3941818e-02  -8.2188174e-03  -9.5396247e-02   1.9008117e-01  -4.9831393e-02   2.2957946e-01   6.7942639e-02   2.7933822e-02   3.3888534e-01  -8.3787473e-03  -2.4411532e-01   3.3810412e-03  -1.6273647e-01   8.0603646e-02  -1.5760197e-01  -1.6597193e-01  -4.0716371e-01  -1.8689602e-01   1.4605411e-01  -1.2690914e-01   1.1563663e-01  -2.1601821e-01   2.4696233e-02   2.1503803e-01  -8.9986452e-02   1.6585718e-02   4.4823877e-01   1.3101505e-01   4.8660652e-01   5.1812491e-01  -1.4716606e-01  -3.3087260e-03  -1.3318905e-02   3.5720736e-01  -2.4414319e-01   3.5417504e-01   5.7732390e-01   1.3414372e-01  -1.0389496e-01  -1.7810081e-01  -1.8775969e-01   3.9059107e-01   1.6992753e-01   6.4326871e-01   1.2061202e-01  -1.9076973e-01  -3.0259911e-01   1.8643426e-01   6.8390616e-02   3.0503850e-03  -1.3498962e-01  -1.4480335e-01   3.4197983e-01   1.1790568e-01   2.7536042e-01   1.7512066e-01   2.6812011e-01  -1.5898004e-01   1.1639512e-01  -1.2791099e-02   5.7256264e-02   2.1452125e-01   1.0236668e-02   2.2097185e-01   1.6224104e-01   1.6455547e-02   9.4018736e-02   1.7131030e-01   1.1683486e-01   4.4466537e-01  -3.7555178e-01   3.3115201e-01   3.6431456e-01   2.3368566e-01  -1.3001975e-01   1.6039522e-02   7.7549707e-02   1.4497704e-01  -8.6101673e-02   1.1582759e-01   9.6741615e-02   4.0176162e-01  -2.7296833e-02   2.9927355e-01   1.6847611e-01   2.4798684e-01  -9.7280611e-03   5.3541523e-01   2.0560179e-01  -2.6614624e-01   1.0854376e-01   3.2794387e-01   7.1628580e-02  -2.1879381e-01  -2.1018829e-01  -4.5315556e-04   4.7586210e-01   3.0317404e-01  -1.4747371e-01  -6.9426119e-02   2.9578824e-01
  -3.2399603e-01  -3.7403599e-01   1.3455006e-01  -6.2049014e-02   0.0000000e+00  -3.1658838e-01   2.1227951e-01  -2.4850550e-01  -2.0380140e-01   2.7414327e-01  -1.3571562e-01  -5.3101872e-01   5.3171527e-01  -4.7239573e-01  -5.4919444e-01   4.8638997e-01   2.5016711e-01   9.1261642e-02  -3.4794521e-01   8.3566955e-01  -3.2908128e-01  -3.7499961e-01   7.1585381e-02  -1.8634544e-01   2.3501214e-01  -3.4527421e-01   4.4544449e-01  -2.0088914e-01  -5.3993932e-02  -2.4197107e-01  -4.0682475e-01  -1.5186932e-01   9.6182750e-02   1.6561862e-01  -1.0199253e-01   7.6719395e-01   7.9377465e-02   2.2310831e-01   4.9232141e-01   5.0056342e-01   5.0107534e-01   2.4159719e-01  -9.3528478e-02  -3.5804662e-01  -5.5217323e-02  -2.8376066e-01   4.1562026e-01   3.4217477e-01   3.2511677e-01   1.5611067e-01  -9.7939761e-02  -3.0539058e-01   2.7974110e-01   9.5069012e-02  -3.0427054e-01  -5.4175054e-01  -3.3610521e-01  -4.5785191e-01   1.5932971e-01  -4.1762832e-01  -3.3464203e-01   3.0158378e-01  -3.7126011e-01  -5.1713314e-01   1.5979618e-01  -5.7016262e-02  -3.0356055e-01   4.9291089e-02  -7.9851068e-02  -3.9869706e-01   5.3044357e-01  -3.4093682e-02   5.0322791e-01  -3.3931931e-01   2.2863050e-01  -3.4381278e-01  -2.5531919e-01  -1.8616724e-01   5.3640582e-01   4.0154956e-01  -1.3380404e-01   5.0243469e-01  -2.7437923e-01  -3.4523030e-01  -3.0318357e-01  -3.0606353e-01   2.3075012e-01  -4.1610879e-01  -1.1524897e-01  -2.1607843e-01   5.1616276e-01  -2.5375769e-01   5.6067994e-01  -3.8935480e-01  -5.1846284e-02   7.0646645e-01   5.0554031e-01  -2.9792519e-01   5.5591460e-01  -1.0746677e-01  -3.1141226e-02  -4.5039629e-01  -4.5420236e-01  -5.6631973e-01  -4.1165057e-01  -1.3645687e-01   2.5832202e-01  -2.1717489e-01   4.0063875e-01   1.9237994e-01   3.0084842e-02  -4.5026271e-01  -7.8538412e-02  -1.7282112e-01  -7.6211051e-02   5.7241175e-01  -2.2465342e-01   5.0838585e-01  -2.0519437e-01  -2.7147868e-02  -3.0311079e-01   5.8214803e-01  -1.0857741e-01  -3.7137546e-01  -1.5207727e-01  -4.3911536e-01  -7.4851355e-02   4.5419128e-01  -4.2601097e-01  -3.3590824e-01   3.7750956e-01   1.9408610e-01  -5.4061533e-01   2.1058536e-02  -4.6648834e-01  -3.2628779e-01   3.5134678e-01  -4.6344002e-01  -3.4420238e-01  -2.3140456e-01  -3.0034564e-01  -1.1514264e-01  -3.8082429e-01  -3.5643605e-01  -5.9859353e-01  -5.0270901e-01   1.4152793e-01   2.3601644e-01  -3.6548924e-02   5.2670257e-02  -3.8102962e-01  -2.5107639e-01  -2.3089019e-01   3.3106602e-02  -7.8137377e-03  -1.6067828e-02  -3.7454831e-01   2.0523973e-01  -1.9273147e-01  -4.6493441e-01  -5.5432525e-02  -2.7723305e-01   2.4540119e-01   6.2298204e-02  -1.3964141e-01   5.3019071e-01  -1.4277354e-01  -3.4582750e-01  -1.8233875e-01   5.5163100e-01   4.8610631e-01   2.5010089e-02   8.4320497e-02  -3.7437274e-01   9.7430751e-02   3.2813755e-01  -6.1238661e-02
   1.5338114e-01   2.6855164e-01  -1.2326425e-01   2.3337689e-01  -3.1658838e-01   0.0000000e+00  -2.6338405e-01   5.3321941e-01   1.2955692e-02  -2.5577707e-01   1.6334321e-01   3.2801132e-01  -2.5446518e-01   1.6619454e-01   5.5265671e-01  -1.5478387e-01  -1.3389460e-01   3.9406094e-02   4.3232734e-01  -2.6501945e-01   2.4876972e-01   5.0278876e-01  -1.1407973e-01  -2.0978253e-01  -1.4039678e-01   3.5466472e-01   7.8009131e-02  -4.8719675e-03  -1.6248111e-02   2.7829709e-01   4.1376339e-01   2.5134971e-01   1.7708961e-01  -2.2930488e-01  -2.7586729e-01  -2.1493678e-01  -1.8153076e-01  -3.3983893e-01  -2.0783147e-01  -2.2780481e-01  -1.8694858e-01  -1.5605815e-01  -2.1457048e-01   3.9591485e-01  -1.1598148e-01   4.1252282e-01  -8.1019430e-03  -3.5439671e-01  -1.3080158e-01  -3.5142015e-01   5.1569161e-02   5.8729643e-01  -3.3149936e-01  -1.8149696e-01   1.9978476e-01   3.9712067e-01   4.3986333e-01   5.6393824e-01  -2.7801658e-01   2.4227781e-01   4.4110815e-01  -2.4620698e-01   6.5474868e-02   5.1082020e-01  -1.9630477e-01   3.5740223e-02   6.7326165e-01  -6.0882539e-02   3.5555778e-01   4.9535025e-01  -4.5441030e-01   1.2173349e-01  -2.2195912e-01   4.1428090e-01  -2.3202473e-01   4.1743666e-01   2.6703218e-01   1.1237536e-01  -3.5714295e-01  -2.3924468e-01   1.0528448e-01  -9.7240341e-02   2.1359418e-01   2.9465376e-01   3.9222598e-01   4.4152392e-01  -4.1596751e-01   1.2138420e-02  -1.5297038e-01   9.8130822e-03  -4.3847485e-01   3.5320961e-01  -4.0617167e-01   3.4060458e-02   8.5923283e-02  -1.8279125e-01  -2.0755080e-01   3.9027153e-01  -1.4879418e-01   1.0103192e-01  -1.0461009e-02   3.0545319e-01   4.5932113e-01   3.3245527e-01   4.2300566e-01   3.7977903e-01  -1.7798011e-01   5.3462825e-01  -2.3076854e-01   3.6335329e-02   9.1866891e-02   5.4387282e-01   1.4522021e-01  -6.4055222e-02   1.3169539e-01  -4.7085767e-01   1.2182139e-01  -2.4084708e-01   3.1142752e-01   8.3532819e-02   3.6977657e-02  -3.9388901e-01  -2.3592265e-01   1.1848016e-01   1.9569355e-01   2.7413472e-01  -1.0379367e-01  -3.2040791e-01   5.2061200e-01   4.2503842e-01  -2.7953624e-01  -1.8244702e-01   4.3603934e-01  -2.2499701e-01   4.3704271e-01   4.5443908e-01  -2.4418763e-01   2.8440142e-01   4.8151758e-01  -7.1303642e-02  -4.8387589e-02  -4.2381383e-04   3.1130400e-01   4.4701438e-01   3.8473491e-01   5.0020824e-01  -1.0711498e-01  -3.6621815e-02   2.0898705e-01   5.8781320e-02   3.3105542e-01   2.8717442e-01   1.5758288e-01   8.9509807e-03   2.3536721e-02  -2.2497517e-01   2.9532096e-01  -2.5553818e-01   2.9722124e-01   4.9074740e-01  -4.0397221e-02   3.5870999e-01  -2.9981308e-01   1.4964150e-02   4.4442100e-01  -3.9099005e-01   2.6178476e-01   2.5391219e-01   3.6169814e-02  -3.1825569e-01  -3.5108807e-01  -2.3212122e-01   4.1059241e-02   5.8924029e-01  -1.7727593e-02  -2.5758409e-01   4.3202972e-01
  -2.7202450e-01  -1.8251652e-02   2.0655486e-01  -2.9692215e-01   2.1227951e-01  -2.6338405e-01   0.0000000e+00  -1.4418215e-01   2.0495351e-01   6.1048847e-01  -2.8815726e-01   1.5352268e-02  -1.1125484e-01  -2.1652582e-01  -1.8209929e-01   7.4224556e-02   1.0178239e-01  -2.4525203e-01  -7.7475951e-03   1.8528952e-01  -1.2043748e-01  -4.5950031e-01   6.2398969e-01  -3.3033076e-03   1.0447485e-01  -2.3002976e-01   1.1234181e-01   3.4435006e-01   1.3854328e-01  -7.9031082e-02  -1.4620780e-03  -3.2216561e-01  -6.8123339e-02   6.9220406e-01   4.7394536e-01   2.5989774e-01  -3.9877873e-02   3.9342870e-03  -3.3316159e-02   3.8869259e-01  -1.1011807e-01  -5.0938160e-03   3.1918496e-01  -2.8881045e-01   1.9147909e-01  -3.4139325e-01  -2.4957902e-02   7.0305506e-01  -2.6842808e-01   4.4975570e-02  -2.4736768e-01  -1.4193961e-01   4.5459351e-01  -2.1292893e-01  -2.9388151e-01  -2.4727396e-01  -2.4674938e-01  -3.1704037e-01  -9.7225198e-02  -5.1813543e-02  -2.6234483e-01   2.6039819e-01  -1.1261775e-01  -2.8332414e-01   1.2543438e-01   8.4657709e-02  -1.1907629e-01  -1.9721725e-02  -3.5655861e-01  -1.8107665e-01   4.3974538e-01  -3.1522121e-01   4.2554554e-02  -4.0891904e-01  -1.5459143e-01  -1.1780055e-01  -2.0246153e-01  -1.6429734e-01   2.3022716e-01  -1.2918250e-01   5.4706055e-01   1.1200784e-01   2.3106719e-02  -1.8386693e-01  -4.1826719e-01  -7.6234893e-02   2.4078647e-01  -9.6330980e-02   1.5697843e-01  -3.2731440e-01   1.1248574e-01  -2.1985184e-01   5.8700385e-01   2.0995308e-01  -1.3614308e-01  -7.8658440e-02  -1.1847086e-01  -1.0930188e-01   2.7456056e-01   7.1953514e-02  -8.3767393e-02  -1.0469718e-01  -3.0154724e-01  -1.6948163e-01  -3.0468509e-01  -1.8538774e-01  -6.6507787e-02  -1.8417566e-01  -9.7341935e-02   1.5309849e-01   4.3070201e-01  -4.0046624e-01  -2.0186412e-01  -3.4611256e-01   1.7850838e-01   2.3730032e-01   9.5718791e-02   4.8221248e-02  -2.6048483e-01  -3.1876109e-01  -2.8561224e-01  -8.2584164e-03  -9.5669284e-02  -8.5811467e-02  -2.6075939e-01  -2.5505247e-01   1.4731879e-01  -1.6709213e-02  -3.4694106e-01  -2.4828646e-01   5.9225939e-02   3.7983656e-01  -4.0469422e-01   3.7391847e-01  -2.8372036e-01  -1.8316666e-02  -2.3626138e-01  -1.1335956e-01  -8.7471647e-02  -1.9890029e-01  -2.7137698e-01  -2.2319874e-01  -2.5661188e-01  -1.7280379e-01  -2.6244311e-02  -2.5570427e-01   3.8020308e-01  -3.7527848e-02   6.8225562e-02  -7.1097460e-02  -2.3885293e-01  -8.4721091e-03  -4.5437673e-01  -6.8153228e-02   1.0985761e-01  -5.0137687e-02  -3.9123463e-01  -1.5424855e-01  -2.5116135e-01  -7.9909572e-02  -2.0630145e-01  -2.6397905e-01   2.9824410e-01  -2.3844463e-01  -3.7186825e-01   5.1700864e-01   1.3919727e-01  -4.9521987e-01  -2.2119159e-01   3.6883170e-01   4.1115706e-01  -6.9342109e-02  -1.3623028e-01  -3.4239891e-01  -1.2786007e-01  -1.4069370e-01  -2.3909589e-01
   4.0519950e-01  -5.2080491e-02   4.7897797e-02  -5.4973966e-02  -2.4850550e-01   5.3321941e-01  -1.4418215e-01   0.0000000e+00  -4.1468045e-02  -1.7267509e-01  -7.5222355e-02   4.6855336e-01  -2.4188785e-01  -1.2462361e-01   3.5328288e-01  -2.4335758e-01  -1.1493822e-01  -3.5325565e-01   5.6656643e-01  -2.2148619e-01  -2.2337501e-01   4.6270963e-01  -9.8284403e-02  -9.2262416e-02  -1.0318830e-01   7.2480579e-01   1.0311326e-02   1.7410982e-01   1.1827217e-02  -2.9665479e-01   3.5313083e-01   1.4078054e-01   2.0787742e-01   3.4090473e-02   7.0420554e-02  -3.6540175e-01  -2.7834159e-01  -1.6910877e-01  -3.8980474e-01  -1.7935331e-01  -2.8442291e-01  -2.4797907e-02   1.5936395e-01   6.0127763e-01  -1.4818752e-01   4.5961909e-01  -3.6704240e-01  -3.3774056e-01  -4.6392767e-01  -5.7920000e-02  -2.1309520e-01   8.3319861e-01  -1.7355419e-01   1.7264283e-01   2.6426057e-01   3.7438203e-01   3.7475650e-01   6.9980656e-01  -4.8973383e-01   5.2242051e-01   6.2693048e-01  -9.4602645e-02  -1.2348834e-01   2.8448522e-01  -4.2336785e-01  -1.7667819e-01   6.1955018e-01  -2.0156982e-02   1.4835028e-01   3.6922224e-01  -1.4970708e-01  -3.0759615e-01  -1.9618185e-01   4.9285415e-01  -4.5914864e-02   7.9528006e-01   4.5542312e-01   2.5691029e-01  -2.3766977e-01  -3.4953584e-01   1.7750249e-01  -3.5364632e-02   9.8806018e-02   6.9180307e-01   1.0987049e-01   7.5335750e-01  -3.3780802e-01   1.9210147e-01  -1.3052531e-02   1.9083119e-02  -1.9105888e-01   6.6741555e-01  -5.5316861e-02   2.9481228e-01   2.4432502e-01  -2.3669781e-02  -2.9709359e-01   6.0636563e-01  -1.6008666e-01  -1.5701560e-01   5.5441486e-02   5.1094196e-01   2.3621844e-01   2.0404691e-02   1.0839372e-01   4.3882631e-01   3.4105335e-02   6.6612379e-01  -3.4770990e-01  -3.7893272e-01   2.9793862e-01   4.4435121e-01  -4.1140013e-02   3.5090988e-02   1.7870419e-01  -2.3090487e-01   4.0866165e-01  -2.0562200e-01   6.5285678e-02  -2.7798973e-01   1.6044585e-02  -7.2613490e-02   1.3451078e-02  -3.0594646e-01   1.8628963e-01   5.1352855e-01   1.0467308e-01  -1.4333184e-01   5.2676763e-01   1.0172326e-01  -1.3819193e-01  -3.1393477e-01   3.4513275e-01  -1.3214041e-02   5.6013270e-01   7.8673282e-01  -2.3646565e-01   1.7916476e-01   7.8149664e-01   1.3495233e-01   1.4460284e-01   1.0749686e-01   4.0150493e-01   1.2499680e-01   4.7082723e-01   3.5305803e-01   1.4134242e-01  -4.2167090e-01  -2.5775745e-01  -4.5961273e-01   3.9223409e-01   5.8261895e-01   2.5641853e-01  -1.5225900e-01  -7.6462140e-03  -1.3487027e-01   3.4062059e-01  -3.8940272e-01   5.5155135e-01   4.3213529e-01   2.3659037e-02   1.6308427e-01  -4.5826444e-01  -4.4376548e-01   3.9866166e-01  -7.9640967e-02   1.8281944e-01   2.2874588e-01   1.6961591e-01  -1.9560125e-01  -8.5186659e-02  -2.0655067e-01  -3.0554569e-01   1.3452766e-01   4.2155742e-02  -2.1348106e-01   3.0097988e-01
  -1.8451867e-01   4.6241757e-01   2.8077139e-01  -8.4447048e-02  -2.0380140e-01   1.2955692e-02   2.0495351e-01  -4.1468045e-02   0.0000000e+00   1.5325769e-01  -1.2331348e-03   2.5197349e-01  -2.7365006e-01   1.3171285e-01  -1.2104611e-02  -1.0590082e-01   2.7763472e-01  -2.2027117e-01   1.6401630e-01  -9.5146089e-02  -3.5161906e-03   6.1857395e-02   7.3392736e-02  -1.6815737e-01  -7.2916067e-03  -7.1590998e-02   2.1705642e-01   1.1565922e-01  -1.0611881e-02   1.8305125e-01   1.4748942e-01  -8.1558248e-02   2.4245839e-02   1.8944772e-01   4.2740910e-01  -1.3529283e-01  -7.3379692e-02  -2.5341326e-01  -1.2774131e-01   2.2849320e-01  -1.6080495e-01   3.5883817e-04   3.1965722e-01   5.6522472e-02   7.4236288e-02  -5.2773737e-02  -2.0674350e-01   1.8515771e-01  -8.8827729e-02   2.0026399e-01  -1.3206604e-01  -1.2690764e-01   3.4963322e-01  -1.0135778e-01  -2.6366684e-02   2.2517128e-01  -5.0960970e-03   1.3508043e-01  -2.4148801e-01   2.8254069e-01   1.2741575e-01   1.7609682e-01   6.0906992e-01   1.1793388e-01   2.0206048e-01  -6.3793364e-02   3.3078095e-01   9.8160459e-02  -9.9327568e-02   1.2014952e-02   1.1585351e-01  -4.2430164e-02  -2.1945027e-02  -2.2993644e-01  -1.3078377e-01   2.7445174e-02  -1.2713065e-01   1.4210805e-01   1.7623824e-01  -1.4983482e-01   6.8305622e-02  -2.3560701e-02   1.1528888e-01  -7.1289770e-02  -2.3394223e-01   6.4334749e-02   3.0541896e-01  -9.3434609e-02   4.8912142e-01  -2.5257156e-01   7.6348516e-02   8.7175085e-02   2.8750350e-03   5.5863602e-01  -2.2233146e-01  -2.5401076e-01  -1.4061627e-01   2.5629435e-01   2.5521755e-01  -3.2012045e-02  -8.0152211e-02   1.8642887e-01  -1.8324737e-01   5.3605064e-01  -1.8139701e-02  -8.4028036e-02   1.1406695e-02   8.3221239e-02  -5.4978387e-02  -1.3709886e-01   1.6753270e-01   6.9534216e-02   2.8666515e-01  -3.0118044e-01  -6.4096590e-02   1.3751045e-01   2.2762727e-01  -6.9572920e-02  -1.4013135e-01  -2.1908128e-02  -2.4044384e-01  -9.2115927e-02   2.7888128e-01   4.2715433e-01  -2.8357406e-01  -1.8570394e-02   1.5140191e-01  -9.4036870e-02   5.4086883e-02   6.5602539e-03  -4.0041695e-02   2.8932503e-01   1.4074718e-03   2.0029446e-01   3.2649391e-01  -1.8863384e-02  -1.5571088e-01   4.0181345e-02  -7.9055209e-02  -1.5086356e-01  -1.9853471e-01  -1.6942988e-01  -7.1116738e-02  -1.9744095e-01   2.6543319e-01  -2.4424687e-02   4.8450105e-02  -8.5947909e-02  -1.1824857e-01  -1.0043052e-01  -5.4893770e-02  -3.3131167e-02  -1.7491348e-01   1.0700103e-01   2.7512433e-01  -2.3950175e-01  -6.9970230e-02  -2.1162720e-01   6.9220006e-02  -4.3348388e-02  -2.5981596e-02  -1.4384373e-01   1.2931525e-01  -1.8547288e-01   1.3925077e-01   6.7669756e-03   4.2446612e-03  -2.1101397e-01  -4.0228669e-02  -7.7111567e-02  -4.3385568e-02  -3.0663336e-01  -8.0716305e-02  -4.9327246e-02  -8.3220011e-02   4.6893928e-02   2.5468954e-01
  -4.0981811e-01  -1.8933573e-01   2.6434524e-01  -2.9886647e-01   2.7414327e-01  -2.5577707e-01   6.1048847e-01  -1.7267509e-01   1.5325769e-01   0.0000000e+00  -4.5485581e-02  -2.0073111e-01   1.2595483e-01  -3.0297056e-01  -1.4891413e-01   2.8800237e-02   1.8757250e-01  -7.9653893e-02  -1.5919027e-01   4.3458181e-01   5.1231047e-02  -3.7309799e-01   6.1067862e-01  -1.2142273e-01  -1.0322117e-01  -3.3343289e-01   2.5052768e-01   3.7502435e-01   4.4129830e-02  -9.4940955e-02   7.9631066e-02  -3.1476128e-01  -2.4746545e-01   5.6165633e-01   3.4893787e-01   4.7025626e-01   4.3067816e-02  -2.0654765e-01   3.3396074e-02   5.3411601e-01   3.4881168e-02  -1.7936369e-01   2.6723116e-01  -1.1609624e-01   2.9897717e-01  -3.4431955e-01   1.9867935e-01   4.3055268e-01  -1.5929342e-01   6.5310432e-02  -2.6132292e-02  -1.7494555e-01   1.4803222e-01  -3.6911149e-01  -2.8151941e-01  -1.1087951e-01  -2.9462450e-01  -3.0530038e-01  -2.5452421e-02  -1.8392007e-01  -3.2420666e-01   3.5492462e-01  -3.5164798e-02  -3.1684917e-01   1.8132269e-01   3.5917880e-01  -7.7325017e-02  -2.8185737e-01  -2.3240673e-01  -1.7294433e-01   2.4202945e-01  -8.5010341e-02   5.7952970e-02  -5.3251689e-01  -8.7836479e-02  -2.4654176e-01  -2.8956858e-01  -2.3140013e-02   1.0518781e-01  -9.8673026e-02   4.3504005e-01   1.5222663e-02   4.4537707e-03  -1.3273454e-01  -4.6064031e-01  -1.5097790e-01   3.2043621e-02  -1.7445535e-01   1.1766930e-01  -4.3403657e-01  -4.4333514e-02  -2.4400475e-01   4.8619411e-01   1.6922481e-01  -4.1336022e-01   2.5938811e-01  -2.3674322e-02  -1.3178091e-01   2.2450161e-01   1.4709517e-01  -1.5751209e-01  -7.9053650e-02  -3.0134562e-01  -2.1970882e-01  -2.1423606e-01  -2.2865216e-01  -1.4870375e-01  -1.5647342e-01   4.5704472e-02   1.1643934e-01   3.4487366e-01  -3.6500373e-01  -2.2383008e-01  -3.9033975e-01   1.6669789e-01   7.0402639e-02   5.6061768e-02   5.5312615e-02  -2.5469279e-01  -3.0182374e-01  -3.2612151e-01  -9.3823682e-02  -1.6027525e-01  -3.1600781e-02  -3.7175224e-01  -3.4821158e-01   1.6211782e-01  -1.4264443e-01  -2.7359180e-01  -2.6184917e-01   1.7344446e-01   3.4553907e-01  -4.5764334e-01   2.9225484e-01  -2.2321883e-01  -1.5555083e-01  -2.2990119e-01  -6.8222907e-02  -2.2591092e-01  -3.4667822e-01  -3.8580341e-01   2.5720337e-02  -2.7563114e-01  -2.7927732e-01  -1.9227490e-02  -2.3355643e-01   2.0856680e-01   1.5797826e-01   2.4947791e-01   9.0578516e-02  -3.6000520e-01  -1.3337150e-01  -4.2596135e-01   2.4775069e-02   2.3527105e-02  -1.7326623e-01  -3.4709582e-01  -1.1666561e-01  -3.1094603e-01  -1.9206815e-01  -1.4750158e-01  -1.7523103e-01   5.5903312e-01  -8.9416862e-02  -3.0491252e-01   3.0630663e-01   9.5758314e-02  -3.2034394e-01  -3.9936817e-01   2.6493026e-01   3.1355225e-01  -2.9662289e-01   6.8130212e-02  -4.1020067e-01  -1.0234019e-01  -1.5727636e-01  -1.0989096e-01
  -2.7352881e-02  -1.7613220e-01  -3.1435605e-01   3.5382898e-01  -1.3571562e-01   1.6334321e-01  -2.8815726e-01  -7.5222355e-02  -1.2331348e-03  -4.5485581e-02   0.0000000e+00  -4.6748857e-02   1.4034039e-01   1.5000219e-01   3.3980232e-01  -6.9704337e-02  -2.2662793e-01   5.4565912e-01  -4.7055180e-02  -8.2069804e-02   4.1091316e-01   2.5748031e-01   1.7917768e-01  -1.4690451e-01  -2.1076355e-01  -1.6734499e-01   3.9746883e-02  -1.0609972e-01  -2.3009675e-01   3.3509094e-01   3.6197204e-01   4.6468188e-01  -3.1674241e-01  -1.9355334e-01  -2.3602007e-01   2.0614958e-01   2.5069746e-01  -2.8012357e-01   3.8320786e-02  -2.8966117e-01   1.6983102e-01  -2.9209761e-01  -3.0060542e-02   3.3570438e-01   4.6373449e-01   3.5810964e-02   5.8198109e-01  -2.5696198e-01   3.0072021e-01  -2.4303441e-01   6.8232453e-01  -5.7347475e-02  -2.3645817e-01  -3.5287569e-01   3.5642334e-02   2.8518408e-01   4.3364348e-02   1.0457781e-01   2.9619425e-01  -1.7045675e-02  -1.5037034e-01   9.9721969e-02  -6.3498035e-02   3.1233225e-01   3.3452579e-01   6.1541633e-01   1.0972533e-01  -2.9138794e-01   4.3983337e-01  -1.2505127e-01  -4.9704976e-01   4.0912736e-01   1.0587618e-01  -2.2731655e-02  -3.2790427e-01  -8.1871479e-02  -1.0402363e-01   1.8542292e-01  -8.0091470e-02   3.5400160e-02  -1.1678801e-01   3.4576588e-02   2.5942547e-01  -5.3822374e-02   1.4314861e-01  -1.9864029e-02  -1.3898121e-01   3.9345809e-04  -1.5309011e-01   2.1223377e-02  -2.0790089e-01  -1.7209860e-01  -4.7805994e-01  -8.7225681e-02  -1.7209988e-01  -1.0321830e-01  -2.3282450e-02  -5.1898833e-02   6.9232618e-03   4.1964192e-01  -2.4696631e-01   2.7251918e-01   2.2750910e-01   8.8827554e-02   5.9757869e-01   2.0635557e-01  -2.9098788e-01   1.2000424e-01   1.5138667e-01   1.7892141e-01  -2.4112256e-01   2.7237522e-01   5.6586125e-02   1.0309830e-01  -2.7056851e-01  -2.0613262e-01  -5.8969843e-02   2.5410079e-02   9.6073810e-02   2.6744276e-01   1.3305883e-01  -2.4006076e-01  -2.2635087e-01   4.0602780e-01  -7.6435582e-02  -9.6404337e-02   2.9738143e-01  -2.9269170e-01   2.5824413e-01  -1.0465953e-01   6.7660694e-02   3.6803853e-01   6.8790483e-02   6.8750060e-02   7.5769793e-02  -3.0370530e-02   8.1459796e-03   2.3013939e-01  -1.2508548e-02  -6.7596498e-02   4.0590647e-02   2.1613684e-01   3.1232931e-01  -5.4966081e-02   2.7714238e-01   3.6347030e-01  -5.3716465e-01   5.4742504e-01   4.0801997e-01   3.7787068e-01  -2.1974198e-01   2.0794322e-02  -7.1760799e-02   6.3343719e-01  -3.2675717e-01  -1.8101031e-01   1.7342807e-01   2.3569918e-01  -1.3917606e-01   1.8811286e-01  -2.8748821e-01   4.7877789e-01   2.5639330e-01   5.7917173e-01   2.0762136e-01  -2.9953633e-01   5.0578494e-01   2.7620813e-01  -2.3427367e-01  -1.9974460e-01  -2.3940901e-02  -1.9861165e-01   5.8830629e-01   9.6591793e-02  -1.4983932e-01  -2.2518113e-01   2.7983171e-01
   4.3419456e-01   4.7172232e-01   6.6852541e-02  -3.2861685e-02  -5.3101872e-01   3.2801132e-01   1.5352268e-02   4.6855336e-01   2.5197349e-01  -2.0073111e-01  -4.6748857e-02   0.0000000e+00  -4.5436135e-01   2.7416599e-01   2.6837837e-01  -2.7659896e-01  -1.0234608e-01  -2.4849406e-01   3.7054166e-01  -4.6192888e-01   4.7193634e-02   3.2995560e-01  -1.1843340e-02   2.4213184e-01  -1.4550566e-01   4.9604898e-01  -3.6090362e-01   2.7086863e-01  -4.1206353e-02   2.7584125e-02   2.1206649e-01   8.6088318e-02   1.7734215e-01  -5.7671595e-02   3.2275689e-01  -5.8511782e-01  -2.1252092e-01  -1.6087445e-01  -4.6267170e-01  -3.3328572e-01  -4.1525458e-01  -5.1447316e-02   7.4991173e-02   1.8888286e-01  -9.7062954e-02   3.5991865e-01  -4.5915564e-01  -1.4971129e-01  -4.1399727e-01  -1.0894669e-01  -1.3423268e-01   4.3388673e-01  -2.1076593e-01   1.3486479e-01   1.8890634e-01   2.8477889e-01   1.9763368e-01   4.8848724e-01  -3.2600060e-01   6.4833482e-01   4.5247239e-01  -2.7965621e-01   3.1052170e-01   2.4763031e-01  -2.8773930e-01  -1.1118748e-01   4.1257113e-01   6.0808548e-02  -7.3910034e-02   4.0291411e-01  -1.8272442e-01  -1.0619318e-01  -2.9937411e-01   4.6866675e-01  -1.1471769e-01   5.6025569e-01   2.4603525e-01   6.6115335e-02  -4.1079516e-01  -5.2394861e-01   1.8653562e-01  -2.3350832e-01   3.2081083e-01   3.0986234e-01   2.7241958e-01   4.6738902e-01  -9.6973890e-02   3.8394930e-01   1.6601666e-01   2.2493832e-01  -3.1977279e-01   4.7673817e-01  -2.4501918e-01   5.0633315e-01   2.2143369e-01  -4.0706659e-01  -3.2813852e-01   2.0983614e-01  -3.6679308e-01  -1.7218031e-01   1.7745635e-01   5.0158333e-01   3.3379241e-01   4.5311834e-01   1.6380298e-01   2.9925328e-01   4.0725273e-04   2.0507469e-01  -3.8890077e-01  -2.5906051e-01   3.9416776e-01   4.9047850e-01  -1.2929639e-02   1.7420364e-01   1.9827794e-01  -3.9916035e-01   1.8752058e-01  -2.3356683e-01   2.2619767e-01  -9.6519217e-02   8.8984798e-02  -3.1818199e-01   2.6592022e-01   6.3171549e-02   1.2330466e-01   6.0038906e-01   1.1118087e-01  -3.1021907e-01   3.8522667e-01   3.4012914e-01  -3.8850860e-01  -2.8397340e-01   4.5269432e-01   5.3617949e-02   5.3613143e-01   4.8239141e-01  -3.6134949e-01   4.1367487e-01   5.1668922e-01   2.6219622e-01   2.7921698e-01  -3.5348446e-02   2.5626920e-01   3.5575863e-01   5.7261070e-01   3.5873484e-01   2.3630668e-01  -3.1847156e-01  -1.3491224e-01  -2.8460866e-01   5.0274626e-01   4.2538870e-01   2.3355986e-01  -1.5823985e-01   3.6248259e-01   1.1241322e-01   2.9982250e-01  -3.1958551e-01   3.7771811e-01   4.3091504e-01  -7.6366722e-02   4.8021015e-02  -1.9930576e-01  -3.1199337e-01   1.5925202e-01  -4.1268265e-01   1.3227333e-01   1.3231195e-01   3.0979916e-01  -2.2290128e-01  -3.8437047e-01  -7.7754383e-02  -2.0389073e-01   3.9884899e-01  -4.8912722e-02  -3.0307690e-01   9.3288141e-02
  -2.9046450e-01  -2.9947187e-01   1.2205857e-01   3.5733567e-01   5.3171527e-01  -2.5446518e-01  -1.1125484e-01  -2.4188785e-01  -2.7365006e-01   1.2595483e-01   1.4034039e-01  -4.5436135e-01   0.0000000e+00  -2.7917326e-01  -2.2824231e-01   5.8165035e-01   1.8673142e-01   3.6742751e-01  -2.5023067e-01   5.7740760e-01  -8.1808951e-02  -8.0044672e-02  -1.1954055e-02  -1.8275175e-01   2.2488899e-01  -2.9354431e-01   2.0016865e-01  -2.7222474e-02   1.6528919e-01  -1.5611494e-01  -1.7448718e-01   1.4514873e-01   1.5675300e-01   7.7967450e-02  -1.0359916e-01   5.3742911e-01   4.2261266e-02   2.5270566e-01   5.3613508e-01   2.4305333e-01   7.4819201e-01   2.0108684e-01  -2.5476315e-01  -1.0165244e-01   1.5871647e-01  -2.5810335e-01   4.3977791e-01  -5.0040090e-02   2.5627541e-01   1.1980893e-01   3.3022835e-01  -2.0756178e-01  -5.1491098e-02  -9.4285974e-03  -5.3004080e-02  -2.1738792e-01  -2.4612653e-01  -2.5656753e-01   4.1479312e-01  -4.5104657e-01  -2.9502907e-01   2.8151263e-01  -1.8181846e-01  -1.5916705e-01   1.2258970e-01   2.6214122e-02  -3.2875392e-01  -1.5716667e-02   2.2682134e-01  -3.3062698e-01   1.5706754e-01   2.6485820e-01   5.6966764e-01  -3.3936514e-01   3.3329778e-01  -2.6631331e-01  -1.7578168e-01  -7.9251715e-02   2.2141297e-01   4.6788573e-01  -5.5116343e-02   4.8079857e-01  -2.3844631e-01  -1.6041697e-01  -1.5663202e-01  -2.8862092e-01   1.4080240e-02  -3.2989766e-01  -1.1457422e-01  -1.0686842e-01   2.0596355e-01  -2.4605123e-01   1.9312420e-01  -2.9044623e-01   1.2324431e-02   5.3501798e-01   4.7663859e-01  -3.6228132e-01   2.7103462e-01  -3.3293044e-02  -4.1080027e-02  -3.2735118e-01  -1.7612468e-01  -3.6287025e-01  -3.9712567e-02   7.9105546e-02   1.7601477e-01  -2.2393675e-01   1.5720665e-01   1.0048338e-01  -3.5727043e-02  -2.1762310e-01   1.8552303e-01  -3.1101079e-02   4.2074086e-02   1.9156260e-01  -2.6895578e-01   6.3537422e-01  -1.2553774e-01   4.2428397e-01  -1.4329272e-01   2.7629319e-01  -9.1169402e-02  -2.1455464e-01  -6.0633318e-02  -3.6380924e-01  -1.4551502e-01   3.2999961e-01  -1.0321986e-01  -2.2363381e-01   5.0206579e-01   1.0831374e-01  -2.7493738e-01  -1.2293458e-02  -3.1917114e-01  -3.1400510e-01   4.1397101e-01  -1.6740278e-01  -3.0793556e-01  -1.0691473e-01  -1.6641141e-01   9.4744816e-02  -1.6824131e-01  -1.7206720e-01  -3.1016700e-01  -1.5318797e-01  -1.8360787e-02   2.0120130e-01   1.0261236e-01   3.4399622e-04  -3.1411509e-01  -2.9546458e-01  -1.4780791e-01   2.5420156e-02  -2.8411567e-02   1.1079201e-02  -2.6827843e-01   4.7689581e-01  -1.7656695e-01  -2.6782200e-01   1.2995058e-01   1.6527728e-02   1.0492276e-01   2.9940753e-01  -8.1247146e-03   1.1360094e-01  -1.5956548e-01  -7.2948131e-02  -1.0744705e-01   1.3433008e-01   1.1161602e-01  -1.4712372e-02   2.6647231e-01  -1.9739260e-01   8.5059982e-02   2.5328956e-01   6.8933017e-02
   9.1656106e-02   6.2204221e-01  -2.6009451e-01   2.0630814e-01  -4.7239573e-01   1.6619454e-01  -2.1652582e-01  -1.2462361e-01   1.3171285e-01  -3.0297056e-01   1.5000219e-01   2.7416599e-01  -2.7917326e-01   0.0000000e+00   2.4730312e-01  -2.7794909e-01  -2.4308328e-01   2.0460264e-01   5.9418664e-02  -4.3931329e-01   4.9064853e-01   1.8732290e-02  -5.4184936e-02   8.2844722e-02  -1.7199767e-02   4.3059267e-02  -4.3035262e-01   3.9863606e-02   4.9049267e-02   5.2740898e-01   2.9544954e-01  -1.6890291e-02  -1.0526729e-01  -3.2399502e-01   3.9169284e-02  -4.1693315e-01   3.8847822e-01  -2.1487451e-01  -1.4544841e-01  -3.8682861e-01  -1.9849138e-01  -1.7460364e-01  -2.2294048e-01   3.3067261e-02   6.3769863e-02  -9.2014247e-02  -1.8934603e-01   4.9867908e-02   2.1513387e-01  -2.1220536e-01   2.0739769e-01   8.4493919e-03  -4.4825188e-02   2.1976876e-02   3.8290376e-01   2.1478386e-01   9.9240903e-02  -2.0856658e-02   1.2237644e-01   1.4557498e-02  -6.0363977e-02  -6.8972672e-02   4.8353713e-01   5.1144887e-01   2.0527652e-01   1.3273196e-02   1.6627597e-01   9.6613364e-02  -2.7851171e-02   8.8561921e-02  -2.6441566e-01   2.1827472e-01  -1.6871578e-01   1.5542259e-01  -1.5994839e-01  -1.4106030e-01  -8.1024896e-02  -7.3598470e-03  -1.4514308e-01  -6.9032726e-03  -7.6535727e-02  -3.7403366e-01   5.5584995e-01  -7.8695025e-02   6.3002282e-01  -1.8355641e-01   2.5177062e-01   2.9031206e-01  -7.1484037e-03   9.2848476e-02  -2.4010016e-01  -1.1499411e-01  -4.9501902e-01  -6.1052301e-02  -1.5164924e-01  -5.0489013e-01  -6.3018897e-02  -1.1021365e-01  -2.1826579e-01   2.4525636e-01   4.7425915e-01   1.3249516e-01   4.7289519e-01   4.9830899e-01   2.0457580e-01  -2.9709878e-03  -7.7056055e-02  -1.1578135e-01   5.8676021e-02   3.7163696e-01  -6.7897304e-02   1.6179368e-01   1.6379403e-01   9.5263079e-02   1.2130548e-01  -3.3684258e-01  -8.5239115e-02  -2.3050956e-01   5.0217437e-01   1.5570191e-01   1.2457636e-01  -4.0710528e-01  -9.4686244e-02   5.2781324e-01  -5.5872059e-02   1.6772754e-01  -1.9683739e-01  -2.6039165e-01   1.5606444e-02   4.6404439e-01  -2.8452088e-01   3.8915515e-02   3.9414439e-01   1.2149905e-01  -5.6327240e-03  -1.5032259e-01  -4.4431133e-03   5.5941842e-01  -1.1659079e-01   5.6307784e-02   2.2005160e-01   4.0666608e-02   2.3897720e-02   4.5263030e-01   1.9549083e-01   4.8140274e-01  -7.3386029e-02   5.3252668e-03   3.3784597e-01   3.7403194e-01   3.3494674e-01   2.3086888e-01   1.5014708e-01   3.0247660e-02   2.0450891e-01  -6.7102687e-03   7.1278666e-02  -9.2819715e-02  -3.4413204e-02   1.7470126e-01   1.1214405e-01   1.3443726e-01   8.1806589e-02   1.2343853e-01  -1.1923851e-01  -5.1989321e-01  -1.3331828e-02   3.9029207e-01   3.4491779e-01  -4.3068523e-03  -4.7546582e-01  -5.9323657e-02   1.2259533e-01   5.1376455e-01  -1.7986542e-01  -1.4824658e-01  -1.6433187e-01
