   0.0000000e+00   1.7122570e-02  -1.3087969e-01  -1.1524460e-01   8.6850473e-02  -4.2411661e-01  -3.8887092e-01   5.5240475e-02   2.2678536e-01   7.6406466e-02  -3.7050337e-01   2.0214099e-01   2.3776988e-01   1.1894870e-01  -3.8688500e-01  -4.0766281e-01  -1.6312917e-01  -4.0745757e-01   1.7705869e-01   2.6900734e-02  -2.7533977e-01   1.3638375e-01  -4.0482712e-01   6.6364278e-01  -2.8511302e-02   2.0182187e-01  -2.2313442e-01  -1.1874030e-01   3.3897885e-02  -3.5781280e-01  -3.1642235e-01  -5.8425379e-02  -2.2716280e-01  -3.2485196e-01  -2.2379073e-01  -3.0676325e-01  -3.0783958e-01   6.4210385e-02  -2.6455563e-01   2.6383272e-02   1.7531474e-01  -2.7315242e-02   1.6649529e-01   1.9087741e-02  -4.0380146e-03   4.9755278e-01  -5.2716275e-01  -4.6889136e-01  -8.7485922e-02   8.7863464e-02  -4.1849314e-01   7.7050152e-02  -1.6961096e-01   1.3755865e-01   1.3370833e-01  -3.2383704e-01  -1.6307405e-01   9.2773152e-02   8.1873416e-02   1.1220286e-01   1.8384513e-01  -9.6811401e-02   3.3003158e-01  -1.1429446e-01   2.8241457e-01   3.0872249e-01  -2.8900291e-01   3.4884939e-02  -3.7811444e-01  -2.1923557e-01  -5.1106569e-02  -1.5913872e-01   8.6412706e-02   4.1144404e-01   1.6170270e-01   1.9896532e-01   2.2178369e-01  -1.0474405e-01   2.7237485e-01   6.9306493e-02  -7.2230454e-02   9.1338550e-02   2.3315210e-02   1.8149685e-01   2.1634935e-01  -4.9025038e-03  -3.3922572e-01   1.1941127e-01   2.8791055e-01   7.3467279e-01   3.6155487e-01   1.8074697e-01   2.6945580e-01  -4.9015839e-02   8.5698166e-02   1.9630615e-01  -1.4416848e-01  -1.8308738e-01   4.9794447e-02  -4.8220641e-02  -2.2961747e-01  -3.4555268e-01   1.9039667e-02   2.0602897e-01  -2.8874956e-01   1.0974404e-01   2.2905942e-02  -1.6767687e-01  -2.3517215e-01  -1.9872477e-01  -2.1065156e-02  -2.7548203e-01  -1.0596477e-01   7.7980668e-01  -2.3446993e-01   3.8198595e-01  -1.3661864e-01   1.9584689e-01  -2.7058554e-01  -2.8536104e-01   4.5875127e-01   2.8756153e-03   2.1801392e-01  -3.5324682e-01   6.1978412e-01   2.7020610e-01  -8.9613957e-02   1.4976690e-01   2.0241247e-01  -3.6195639e-01  -6.1840047e-02  -1.8635978e-02   5.3935514e-01  -3.2470199e-01   2.3015419e-01   1.0706382e-01   1.7509078e-01  -9.9285435e-02  -1.5894354e-01   5.5624045e-01   6.4339738e-01   3.0107539e-01  -2.6877943e-01  -4.1461287e-01  -3.7747534e-01  -3.9689555e-01  -2.6310920e-01   3.5599196e-01   1.0116289e-01  -4.0729822e-02  -9.8455690e-02   2.9243928e-01   3.2590497e-01  -9.9960085e-02  -4.9798608e-02   5.8199431e-01   4.0708804e-01   5.5816680e-02   2.3159798e-01  -4.4155025e-02  -3.1386189e-02  -1.8783360e-01   1.2895294e-01  -3.6152819e-01   4.2585708e-02   1.8880733e-01  -2.8756038e-02   6.1374578e-02   4.5032689e-01   2.3096311e-01   3.8706990e-01  -1.3615541e-01  -1.5469387e-01  -4.5039548e-01  -1.3813754e-01  -1.4166340e-01   6.6198326e-02
   1.7122570e-02   0.0000000e+00   1.8251195e-01  -2.0702177e-01   5.0700574e-01  -3.4348717e-01  -1.6141732e-01  -1.9583804e-01   5.2234906e-01   8.2193409e-02  -5.4225640e-01   4.9049934e-01  -1.0715668e-01  -1.6556175e-01  -2.4821847e-01  -1.7360681e-01   2.2667711e-01  -4.1488046e-01  -3.6808758e-02   1.0986239e-01  -3.0886288e-01  -3.7102492e-01  -3.7697741e-01  -4.7584929e-02  -7.7481587e-02  -8.6781131e-02   6.9993443e-02  -1.2230797e-01   1.5396470e-01  -3.7030304e-01  -1.3373923e-01  -3.0942615e-01   7.4384806e-02  -2.4569510e-01  -1.6960177e-01  -1.5778746e-01  -2.8222914e-01   9.0697533e-02  -1.2265068e-01   5.1639407e-01  -2.8275937e-01  -5.5606115e-02   5.6078164e-01   5.9507133e-03   1.7585189e-01  -1.1583203e-01  -4.2435105e-01  -1.1206741e-01   3.6327178e-02   2.9213435e-01  -4.6967353e-01  -2.0423711e-01   5.3224267e-01   7.8890095e-03  -1.7967265e-01  -1.8411308e-01  -2.0873660e-01  -2.1025915e-01  -3.8875783e-01  -1.6377245e-02   5.0092079e-02   8.4708928e-02   6.8112818e-01   2.3047684e-01   2.5077939e-01   4.6264615e-01  -2.3969283e-01   3.2237535e-01  -4.1097069e-01  -2.6142741e-01   4.7419661e-01  -2.6069653e-01  -1.2123745e-01   7.6302326e-02   9.1765353e-02  -1.7788205e-01   2.5444444e-02  -3.0356410e-01   4.3220996e-01  -2.5427750e-01  -5.7832200e-02  -2.8868392e-02   3.3434114e-01   6.1746679e-02   1.0938932e-01  -2.8846385e-01   2.4316425e-02  -1.0974313e-01   4.2293090e-01   1.0622967e-01   4.6112497e-01  -8.0662937e-03   1.4112042e-01   1.4802241e-01   1.1715431e-01   1.9607161e-01  -2.3984551e-01  -1.5099653e-01   2.1231753e-01   2.1578116e-02  -2.1282520e-01  -1.1409910e-01   8.2600369e-02   1.5858356e-02  -4.8553362e-01  -1.7510664e-01  -8.7823295e-02  -3.0623135e-01  -1.7663783e-01  -2.7116432e-01   2.8115105e-01  -3.3159809e-01  -1.0357460e-01   8.6349775e-03  -1.5677583e-01   6.1740470e-01  -3.7297901e-01  -6.5654837e-02  -3.8526899e-01  -2.2485377e-01  -1.0155973e-01   1.6147660e-01   3.8927423e-01  -1.1079494e-01  -7.4318275e-02  -1.4626499e-01   1.0414826e-01  -1.5888854e-01  -8.7883892e-02  -2.6056115e-01  -1.5814862e-01   2.7481293e-01   4.5700883e-01  -3.7715894e-01   1.6887177e-01  -3.2832107e-01  -1.1846773e-01  -1.1710509e-01  -4.1447307e-01  -9.2448681e-02   6.8630526e-03  -5.2414822e-02  -4.9424989e-01  -3.3715563e-01  -2.3752559e-01  -4.4650364e-01   2.5665716e-01   4.6836819e-01   4.9885647e-02   8.3544804e-02  -2.2938272e-01   4.9612000e-02   1.2056687e-01   2.9038794e-03   4.9738639e-01   7.5836671e-02  -1.9740131e-01  -3.1600955e-01   1.0415867e-02   1.9704249e-02   3.5624215e-01  -5.3248287e-01   3.8481860e-01  -4.6958439e-01   3.0795186e-02   5.0297826e-01  -3.8997652e-03  -2.1286728e-01  -1.7286292e-01   4.5168413e-01   3.6719922e-01  -6.1345152e-02  -1.5390079e-01  -1.9778730e-01   7.0951185e-02  -1.3820357e-01  -3.7842532e-02
  -1.3087969e-01   1.8251195e-01   0.0000000e+00  -5.2069778e-02   1.2920984e-01   1.7381935e-01  -2.1419478e-01  -1.1962928e-01  -2.6849183e-01  -1.0356734e-01  -3.7509918e-01   4.8679056e-01  -1.6429663e-02  -2.7548786e-01  -1.4690585e-01   2.6018332e-01   8.9335587e-01  -3.2599316e-01   1.8244397e-01   3.6483635e-01  -3.8749936e-01  -4.3436963e-02  -2.7448922e-01  -8.2403621e-02  -1.7286341e-01  -1.6101870e-01   1.7800680e-01   7.2031833e-02   1.7473197e-01  -1.8191227e-01  -2.0637267e-01  -1.2653330e-01   3.3211169e-01  -2.3682024e-01  -4.0292377e-01  -9.6685817e-02  -4.0914089e-01   4.0936133e-02   7.4234524e-02   5.9551028e-01  -2.1264209e-01   4.6825414e-01  -1.8483334e-02  -2.6923363e-01  -2.6773571e-01   7.2708004e-02  -1.3369956e-01  -2.1282908e-03   1.7462058e-01   7.1823119e-01  -2.8702722e-01  -5.1457755e-02  -2.7954342e-01   5.1994918e-01  -1.6869410e-01   7.9369875e-02   3.2222521e-01  -3.3849960e-02  -3.3142069e-01  -1.1097829e-01   4.7332995e-01   9.5392979e-02   2.5472907e-01  -3.9661867e-01  -4.1589691e-01   1.7372856e-01   2.4713901e-01   1.3799853e-01  -1.4455180e-01   3.2062982e-01   1.9347065e-01  -2.2880273e-01  -3.6835594e-01   2.2267178e-01   1.1343039e-01  -8.8145222e-02   2.5760695e-01  -6.4326107e-02  -5.9838280e-02  -1.3017994e-01   6.4471643e-02  -1.5703989e-01   1.2943677e-02  -9.9029000e-02   4.1146192e-01  -9.2562680e-02  -2.8198702e-01  -1.7777985e-01   2.8864811e-01   9.4604178e-02  -1.0187141e-01   5.5378384e-01   2.3813915e-01  -3.0631795e-01   1.0493355e-01   3.0748342e-01  -8.9905087e-02   8.5503320e-02  -1.3702941e-01  -3.6902934e-01   7.1894114e-03  -1.7753421e-01  -7.5334265e-02  -2.9906778e-01  -3.2073165e-01  -6.9194709e-02   3.7214358e-01  -8.4344453e-02  -2.6475331e-01  -2.8283844e-01   5.4937492e-01   1.4678721e-02   5.7078178e-02  -1.7401553e-02  -2.3289875e-02  -2.3166854e-02  -1.6719182e-01  -2.0658416e-01  -2.5645362e-02  -2.0024542e-01  -1.0324298e-01  -6.9851022e-02   4.3629413e-01  -2.9720573e-01   1.2921900e-01   1.4801561e-01  -4.3104296e-01   1.6224424e-02  -7.2441444e-02   3.6063432e-01  -8.3339661e-02  -3.8561001e-01   1.7433369e-01  -2.9245013e-01  -9.7468778e-02  -8.8122858e-02   1.4597444e-01  -6.6304810e-02  -1.7981607e-01  -1.2035711e-01  -1.8292022e-01   5.2121063e-02  -2.3046023e-01   1.2510534e-01  -2.4578526e-01  -3.9594458e-01   5.0325973e-01  -2.0800751e-01  -3.7663134e-01  -3.6732307e-01   2.2265337e-01   6.2190188e-02   2.3337795e-02  -5.9426582e-01   6.6728635e-01   4.8225731e-02   3.4283580e-03  -2.5742952e-01   2.7411051e-01  -5.6267870e-02  -1.3314633e-02  -2.7852477e-01   6.1024305e-02  -4.9917298e-01   2.9560082e-02  -1.1641127e-01  -2.7051310e-01  -8.0078475e-02   4.9352159e-02   2.5567473e-01   2.1792064e-02   1.5160124e-02  -4.3521071e-01   2.3367067e-01   8.5440962e-02   2.5374942e-01   7.2287369e-02
  -1.1524460e-01  -2.0702177e-01  -5.2069778e-02   0.0000000e+00  -1.7374251e-01   1.0766012e-01  -3.4494564e-02   1.0323592e-01  -1.4717342e-01  -8.9821622e-02   1.9523487e-01  -1.4148885e-01  -7.2499107e-02   2.6103950e-01   2.1740268e-01   3.5462384e-01  -1.0181874e-01   3.2261354e-01  -1.2761726e-01  -1.4465838e-01   5.2980327e-02   5.5887675e-01   2.1587691e-01   6.8148752e-02   2.2108011e-01   8.5867390e-02  -1.2030226e-01   2.1127464e-01  -2.6042771e-01   3.4957635e-01   6.7291220e-02   4.8861144e-01   2.4168470e-01  -2.0636672e-03   1.2359577e-01   7.1224983e-02   1.0352159e-01  -8.3116957e-02   3.8154271e-01  -3.3132154e-01   1.6943425e-01   2.9602955e-01  -1.8027139e-01   1.0903293e-01   1.4152610e-01  -1.5049352e-01   3.2914780e-01   6.6686632e-02   4.8613675e-02  -1.0420201e-01   3.5766898e-01  -1.1032786e-01  -1.8885162e-01   1.0158131e-02   2.5184802e-01   7.8291983e-02  -1.2452174e-01   5.1148405e-01   3.0584240e-01   1.9474602e-01   1.0417948e-01   1.5554921e-01  -1.9713258e-01  -2.0234157e-02  -1.6666265e-02  -2.2566437e-01   9.7904431e-02   7.6363347e-02   3.3594447e-01  -1.5344081e-02  -1.9200371e-01   4.6130202e-01   1.2050425e-01   3.5364433e-03  -3.5647234e-02   4.0784533e-01   1.0370701e-01   2.7934102e-01  -1.8647770e-01   2.8461639e-01  -4.3760155e-02   9.5754867e-02  -1.9596740e-01   1.8471538e-01  -5.3159757e-02   3.2620962e-01   1.0245076e-01   1.1098314e-01  -3.9104259e-02  -1.8790026e-01  -2.0620933e-01   1.7242832e-01  -1.4764093e-01   1.5321665e-01  -1.0448752e-01  -2.0624882e-01   3.5451035e-01   8.3697096e-02   1.3620489e-01   1.0080642e-02   1.0996422e-02  -6.6703928e-03   3.5546700e-01   1.9301031e-01   4.7582269e-01   6.0186348e-01   1.0036100e-01   1.2628523e-01  -3.2572693e-02  -2.3940429e-02  -1.6366290e-01   4.5492122e-01   5.8863926e-01  -1.6139086e-01   4.5961224e-02  -3.7943031e-01   2.6878663e-01  -1.2980659e-02   1.2932797e-01   5.5741658e-01   2.1449642e-01  -7.0063138e-02  -1.1548382e-01   1.1049289e-01  -1.2158901e-01   1.3504731e-01   1.0599985e-01   1.5339379e-02   4.9991811e-01  -1.5107906e-02   2.2408509e-01  -1.8721673e-01  -1.2199693e-01   9.1437918e-02  -2.8855921e-02   2.2077528e-01   1.5393843e-01   1.1700648e-01   3.3200063e-01  -1.0763971e-01  -5.7862393e-02  -1.4382772e-01   1.9752610e-01   8.3422391e-02   1.4429380e-01   3.8521397e-01  -1.9776066e-01  -4.0906427e-01  -1.5979176e-01  -9.0799658e-02   1.2655788e-01   9.3417772e-02   2.4327822e-02  -4.1637262e-02  -2.0937694e-01  -1.1718105e-02   1.9631451e-01   1.6019928e-01   1.9807748e-01   1.8408682e-01  -2.3962851e-02   2.5560119e-01  -2.4092437e-01   3.6489467e-01   4.9260988e-01  -1.7047062e-01  -5.6903606e-02   9.9124118e-02   8.8752173e-02  -2.5880758e-01  -2.8797806e-01  -5.6468228e-02   3.1255993e-01   6.2552888e-02  -1.8281223e-01   2.7147725e-01   5.4801369e-01
   8.6850473e-02   5.0700574e-01   1.2920984e-01  -1.7374251e-01   0.0000000e+00  -2.4691564e-01  -2.1977381e-01   3.4403699e-02   2.6416066e-01  -1.5783453e-01  -3.8337894e-01   4.1352532e-01   1.9475966e-01  -2.5467598e-01  -3.1526908e-01  -1.0675025e-01   1.0953138e-01  -2.6788269e-01   2.5825502e-01   6.6321145e-01  -2.3980103e-01  -1.7295777e-01  -3.3120700e-01   1.1696469e-01  -7.2065966e-02   6.3929687e-02   2.5929451e-01  -3.3045895e-01   1.7401605e-01  -3.1317814e-01  -3.7976766e-01  -2.3757772e-01   9.2870910e-03  -2.3432456e-01  -2.2416521e-01   3.2629098e-01  -2.4441789e-01   2.0433547e-01  -4.1991428e-02   4.9264249e-01   2.7283111e-02  -2.6508171e-02   4.9005010e-01  -2.3786698e-01   4.3764554e-01  -1.0604045e-02  -1.9249385e-01  -2.9906326e-01   8.9530787e-02   3.2675225e-01  -3.0859883e-01  -1.6946730e-02   2.1604826e-01   1.0107879e-01  -3.2671397e-01  -3.8765596e-01  -3.0945258e-02  -1.3726649e-01  -2.2480109e-01  -6.6069617e-02   1.4953536e-01   3.2351868e-01   5.8632407e-01  -6.7118862e-02   3.5316908e-01   3.3338269e-01  -5.2097223e-02   4.0482642e-01  -2.0140431e-01  -2.6103382e-01   4.1857797e-02  -2.0703746e-02  -3.4639560e-02   1.3208725e-01  -2.3046566e-02  -6.0469022e-02   1.5863762e-01  -2.4812812e-01   7.8165126e-01  -9.0012433e-02  -1.3231541e-01   4.1841925e-02   6.5275188e-02   1.1222750e-01   5.4896768e-02  -1.2908785e-01  -2.8435287e-01  -8.4563641e-02   3.9700053e-01   1.9507287e-01   7.7166540e-01   4.9284755e-02   2.3064253e-01   9.3166717e-02   2.6580142e-01   5.9692058e-01  -2.5937857e-02   1.5676149e-02   5.1260834e-01  -1.5961297e-02  -3.4373296e-01  -2.8846264e-01   4.2323112e-02  -5.5681229e-02  -3.4096199e-01   2.6793335e-02   7.1855143e-03  -1.0112846e-01  -3.2614801e-02   1.2519255e-02   7.4074126e-02  -3.3660894e-01   3.1787073e-02   5.8300312e-02  -3.2383627e-01   5.6302274e-01  -2.9199270e-01   7.8202427e-02  -3.0357576e-01  -1.8634181e-01  -6.0095346e-02   6.0178578e-01   3.3305377e-01  -2.6074492e-01  -4.8140920e-03  -2.4116586e-01   1.9959237e-01   3.4339719e-02  -6.6177016e-02  -3.3190757e-01   6.4716478e-02   2.5857292e-01   3.9933935e-01  -4.5964605e-01   2.3935926e-01  -2.1588794e-02  -6.8967254e-02  -2.9280627e-01  -1.5779219e-01   6.2963293e-02   2.6813194e-01   7.6625003e-02  -3.0164043e-01  -3.3751205e-01  -2.6089122e-01  -4.0208046e-01  -6.2759571e-02   5.8410835e-01   1.6710140e-01  -2.1599834e-01  -1.7270988e-01   1.2573996e-01   7.9189835e-02   2.6055422e-02   3.6908445e-01   5.5480319e-02   3.0727989e-02  -1.5262062e-01   6.1917151e-02   1.1806111e-02   3.8969973e-01  -2.4907681e-01   8.7437537e-02  -3.7579364e-01  -1.5297588e-02   4.2732959e-01   2.2434136e-01  -1.6025141e-01  -7.2806349e-03   5.3064416e-01   5.7054993e-01  -1.8628835e-02   1.5950698e-01  -9.0369357e-02  -1.0783034e-01  -3.4384036e-02   1.0648424e-01
  -4.2411661e-01  -3.4348717e-01   1.7381935e-01   1.0766012e-01  -2.4691564e-01   0.0000000e+00   5.6506053e-01   9.1894357e-03  -2.6784462e-01  -1.0603653e-01   5.0869352e-01  -2.5923327e-01  -1.2851276e-01   3.0321325e-01   2.4018950e-01   3.9674419e-01   2.4034517e-01   5.2414678e-01   1.6696889e-01   1.3192830e-01   4.1631315e-01  -4.4180045e-02   6.1223352e-01  -2.4046644e-01  -9.8131583e-02   3.1415114e-02   5.0893353e-01   3.0698003e-01  -4.1830285e-02   5.8558998e-01   4.1714497e-02   5.4249340e-02   2.3308235e-01   4.9202849e-01   2.1889848e-01   4.7775594e-01   3.8012736e-01  -4.0621338e-01   2.3465267e-01  -1.9947329e-01   3.7785028e-02   1.2971260e-01  -3.2372771e-01  -3.3182581e-01  -1.5441343e-01   8.0034969e-02   7.1390876e-01   5.5529384e-01  -1.1775357e-02  -2.5070497e-01   5.9527097e-01   9.1686161e-02  -1.4137044e-01  -1.7731009e-01   2.2145280e-01   2.8999527e-01   6.2317067e-01  -1.1859877e-01   1.8194570e-01  -1.1498036e-01  -1.6670730e-01   1.9465343e-01  -5.1944415e-01  -2.3519041e-01  -3.5915274e-01  -5.7645686e-01   7.6655294e-01  -4.0176380e-01   5.9231033e-01   7.0441557e-01  -2.3415674e-01   1.8532838e-01  -1.4571495e-01  -3.8920190e-01  -1.9179590e-01  -2.4219543e-01  -2.3994571e-01   2.8317593e-01  -3.4573960e-01  -7.9209584e-02   2.3158073e-01  -1.2561213e-01  -3.4471074e-01  -6.9476113e-03  -5.9792194e-02  -1.6061114e-01   2.0324936e-01   1.6071937e-01  -5.7330803e-01  -2.7978872e-01  -4.3706099e-01   1.3470643e-02  -3.0289136e-01   3.1275671e-02  -3.7127749e-01  -3.0389617e-01   7.5218491e-02   6.1012918e-01  -4.9013401e-02  -1.4815588e-01   3.4556871e-01   1.4714063e-01  -2.4708321e-01  -1.5628037e-01   4.9812434e-01  -1.9013109e-01   5.1918738e-02   5.9330754e-01   3.2551702e-01   5.7584704e-01  -1.9813655e-01   4.3201589e-01   1.6033497e-01  -1.6410333e-01   3.7175788e-01  -7.1260668e-01   3.5671248e-01  -2.6098477e-01   6.8243046e-01   3.5043075e-01  -2.1960117e-01   2.0810181e-01  -5.0812350e-01   1.4746500e-01  -1.5015171e-01   2.1178791e-01  -1.3089268e-02  -1.5901629e-01  -1.6551361e-01   7.0439394e-01  -1.1645079e-02  -3.5918906e-01  -5.7194132e-01   4.5440518e-01  -3.1067158e-01  -1.2196707e-01  -2.4642773e-01   1.3681893e-01   1.3176894e-01  -3.3875460e-01  -2.7554517e-01  -2.9530340e-01   4.5929371e-01   8.5511851e-01   3.3143060e-01   3.2394034e-01   3.7925868e-02  -5.1360535e-01   5.3158515e-02  -2.2012255e-01   3.8500957e-01  -2.4492246e-01  -2.5074353e-01   4.8343174e-03  -7.3784458e-02  -3.1068038e-01  -1.4984352e-01   1.5127014e-01  -1.9686140e-01  -9.8258334e-02  -2.1957255e-01   2.4356586e-01  -4.2353825e-01   4.2152369e-01   1.1435806e-01  -3.2898356e-01  -5.5613512e-02   1.8402080e-01  -1.0716217e-01  -3.9725073e-01  -5.1222373e-01  -1.0120436e-01   1.7647677e-01   8.7552510e-01  -3.7014688e-02   1.8103691e-01   1.2101548e-02
  -3.8887092e-01  -1.6141732e-01  -2.1419478e-01  -3.4494564e-02  -2.1977381e-01   5.6506053e-01   0.0000000e+00  -8.6027093e-02   4.9954566e-03   1.5707779e-01   5.8460900e-01  -4.0394622e-01  -6.2665993e-02   3.8925400e-01   5.7408991e-01   2.1042343e-01  -4.2383883e-02   5.9219733e-01   1.5251819e-02  -4.5721518e-02   6.0585629e-01  -2.6235576e-01   7.1191247e-01  -2.7902681e-01  -3.2713410e-02  -2.2148414e-01   3.0178147e-01   2.5546902e-01  -2.0249916e-01   5.0045763e-01   4.1871852e-01   6.9280382e-02   9.9753089e-02   7.4769161e-01   5.2386515e-01   4.7966643e-01   5.8387678e-01  -4.5678150e-01   1.4800784e-01  -2.9256878e-01   9.6966376e-02  -8.5093508e-02  -2.3226140e-01  -6.0476997e-02  -1.3132517e-01   7.2072444e-02   5.9887846e-01   7.2268368e-01  -4.6051511e-02  -5.8430188e-01   6.5341803e-01  -6.2575915e-02   2.1522528e-01  -4.5365787e-01   1.3470950e-01   5.3629403e-01   1.5111971e-01  -2.2069410e-01   2.2510773e-01  -5.8666120e-02  -4.2582169e-01   1.0121653e-01  -5.9467628e-01   8.8413396e-02  -2.8488682e-01  -4.9499167e-01   4.3303780e-01  -4.4281084e-01   4.3827090e-01   5.6639578e-01   1.8687026e-02   1.7260336e-01   6.3486914e-02  -5.1791047e-01  -3.2607004e-01  -1.8188573e-01  -3.6783969e-01   3.6779081e-02  -3.8892601e-01  -1.1678150e-01   5.0087082e-01   9.1262604e-02  -1.9362591e-01  -1.7999599e-01  -2.7293595e-01   1.5696031e-02   4.9510261e-01   5.7857560e-02  -7.1765979e-01  -3.4880611e-01  -4.2655647e-01  -3.2685208e-01  -4.9012751e-01   1.7430204e-01  -3.9877051e-01  -4.7690100e-01  -6.8149692e-02   2.7300183e-01  -9.7088677e-02   3.8168858e-01   4.5166534e-01   5.0586118e-01  -1.4640028e-01   5.2577638e-02   5.6063733e-01  -3.0927803e-01  -1.9701477e-01   2.8973077e-01   6.1066055e-01   4.8880382e-01  -3.4215240e-01   2.3795016e-01   2.8364062e-03  -2.1537839e-01   5.7690847e-01  -5.4675514e-01   2.8553014e-01  -1.1969696e-01   5.0612701e-01   2.4062027e-01  -1.5372498e-01   1.9940113e-01  -7.0057972e-01   3.4217896e-01  -1.8341451e-01   1.2117743e-02   1.4501346e-01  -3.1599812e-01  -2.6824736e-01   5.3535486e-01   1.1942255e-01   8.5757466e-02  -6.3021430e-01   6.4964858e-01  -3.3404871e-01  -1.8839280e-01  -3.9452075e-01   3.9190925e-01   2.4997404e-01  -2.7385724e-01  -1.9657351e-01  -2.9939217e-01   3.8792617e-01   5.3106946e-01   6.5452641e-01   4.5375130e-01   1.9902882e-01  -3.8867806e-01   1.3551738e-01   2.4955663e-01   5.1112005e-02  -9.4342025e-02  -1.9316566e-01   2.5391852e-01  -2.5901613e-01  -2.9819845e-01  -1.7680740e-01   1.9628020e-01  -3.4345254e-01   1.3560934e-01  -1.6112565e-01   2.5347099e-01  -2.4116716e-01   5.1213528e-01  -1.2223887e-01  -2.6200484e-01   8.4859335e-03  -8.1898586e-03  -1.6841308e-01  -5.7830838e-01  -4.1223914e-01  -1.5661584e-01   2.0309425e-01   4.7349698e-01  -4.6486957e-02  -1.2571208e-01  -2.1796042e-01
   5.5240475e-02  -1.9583804e-01  -1.1962928e-01   1.0323592e-01   3.4403699e-02   9.1894357e-03  -8.6027093e-02   0.0000000e+00  -1.1986754e-01  -1.3120413e-01   1.8214299e-01  -2.1480750e-02   5.5888424e-02  -4.8895647e-02   5.5018696e-02   9.8663336e-02  -1.9288295e-01   1.4476492e-01   6.6748819e-02   1.6682255e-01   1.1379346e-01   2.6806692e-01   7.2606568e-02   1.0789989e-01   4.3507955e-02   5.7280143e-01  -9.5648771e-02  -9.0888761e-02   1.3034989e-01   9.7472096e-02   3.1223844e-02   1.3554260e-01  -3.2941440e-02  -8.5438582e-02   7.9470661e-02   1.3309978e-01   1.4896561e-01   3.8848717e-02   1.8786396e-01  -2.3723259e-01   1.7041607e-01   2.2132633e-02  -7.9818596e-02   1.4775733e-01   1.5882535e-01   5.5155367e-02   1.1302893e-01  -9.8731727e-02   1.2174567e-01  -9.7533405e-02   1.0539833e-01   6.7563046e-01  -1.5023893e-01   4.5438216e-02  -2.3663136e-02  -1.3185443e-01  -1.7804934e-01   2.8616300e-01   2.7820781e-01   3.6514248e-01   1.9626819e-01   1.1197974e-01  -1.0623585e-01   1.1871727e-01   1.4601193e-01  -3.7125351e-02   7.6074302e-02  -3.8348642e-05   1.9510813e-01  -6.3739153e-02  -1.6562637e-01   1.6127593e-01   1.2702330e-01   2.2516376e-02  -5.0646640e-02   2.6479586e-01   1.9279415e-01   1.3799130e-01   7.5337224e-02   7.4264483e-02  -1.2290524e-03   1.3561798e-01   2.1003072e-02   5.5137383e-01  -1.8435579e-01   3.6062143e-01  -1.3501582e-01   9.0119088e-02   5.7690692e-02   7.6857765e-03   8.5553572e-02   1.1541901e-01   6.5334811e-02   1.2512433e-01  -2.3725530e-02   1.0388904e-01   1.1340021e-01   5.1499968e-02   1.2955398e-01  -5.7842892e-02  -1.7361660e-01   1.1501341e-01  -1.7958092e-02   1.6434562e-01   2.1047235e-01   3.4655551e-01   1.4766676e-02   1.7429123e-01  -5.3327820e-02   8.0667444e-02  -2.5885529e-02   5.1595145e-02   2.3513435e-01  -2.7884962e-02  -1.5585113e-01  -1.6547539e-03   2.2131778e-01   4.7630375e-02  -1.4842832e-02   4.5338307e-02   1.1197613e-01   6.9631769e-02   2.4074503e-02   7.9855446e-02   9.7737003e-02   3.3060968e-02   2.6437841e-01   3.9449243e-02   2.6152151e-01  -1.9008014e-01   3.1910002e-01  -7.0807185e-02   3.1390593e-02   6.4019909e-02   6.8847629e-02   4.4803702e-01  -4.6470172e-02   1.9039986e-02   4.4501663e-01  -2.5251008e-02   8.7789276e-02  -1.1142798e-01   2.6065820e-01  -1.6106624e-01   1.3598608e-01   2.8721203e-01  -3.1051126e-01  -3.2616442e-02  -5.8842499e-03   5.5286869e-02  -1.2782382e-02   3.0088393e-01   2.5276643e-01   1.2270449e-01  -2.6970818e-01   4.2153713e-02   2.5693453e-01   2.1401049e-01   2.0044202e-01  -7.1028247e-02   1.4005804e-01   2.6571778e-01  -1.4261561e-01   1.7595939e-01   4.8629582e-02  -1.9929329e-02   1.1015403e-01   9.1547344e-02   1.5387400e-01  -4.4242606e-02   6.5589154e-02  -2.0404727e-01   1.7802603e-01  -1.1878988e-01  -9.7425891e-02   1.2548627e-01   2.7927404e-01
   2.2678536e-01   5.2234906e-01  -2.6849183e-01  -1.4717342e-01   2.6416066e-01  -2.6784462e-01   4.9954566e-03  -1.1986754e-01   0.0000000e+00   2.3897784e-01  -1.7748607e-01   1.9253717e-01  -5.2098515e-02  -5.7163722e-02  -2.3459319e-01  -5.2218844e-01  -2.2815206e-01  -9.8630001e-02   5.1063701e-02  -9.7262896e-02   3.2061650e-02  -1.4270479e-01  -7.7992975e-02   6.7667234e-02   3.5007662e-02   5.3881763e-02   3.4107849e-02  -2.2476158e-01   5.5637706e-02  -2.5096356e-01  -1.4277296e-01  -2.3158369e-01  -3.5816270e-01   8.8579767e-02   1.9186198e-01  -1.8732257e-02  -1.0127775e-01  -1.1342577e-01  -3.8137230e-01   7.5526868e-02  -6.2230963e-02  -4.5065895e-01   4.7768626e-01  -8.5451305e-02   2.6801560e-01   2.7168178e-01  -1.9557225e-01  -1.7731762e-01  -2.6580133e-01  -2.4847215e-01  -1.4417584e-01  -4.2439190e-02   3.1837846e-01  -4.1193332e-01  -1.9997496e-01  -2.5080597e-01  -1.8345023e-01  -1.1080960e-01  -1.1720116e-01   3.2010861e-01  -2.5653089e-01  -1.2076849e-01   4.3095161e-01   2.5653037e-01   5.1148850e-01   2.9845146e-01  -2.0955171e-01   7.2302876e-02  -3.7632509e-01  -1.1543411e-01   1.7916733e-01   3.6698287e-02  -3.6300111e-03  -9.7209329e-02  -1.2977770e-01  -4.9769806e-02  -1.8052392e-01  -2.8622877e-01   4.2436964e-01  -2.1228731e-01  -5.3697723e-02  -1.1122445e-01  -9.7621056e-02   1.4954001e-01  -1.4559571e-01  -1.3587218e-01   7.1719214e-02  -2.3422869e-01   1.0319680e-01   1.3007294e-01   4.4989659e-01  -2.8425320e-01   5.9938827e-02   5.8127336e-01  -6.2103469e-02  -5.5074907e-02  -1.7003828e-01  -1.1833953e-01   2.2375221e-01   2.7018664e-04  -2.6352358e-01  -6.7049775e-02  -4.9869781e-02   4.7290975e-01  -1.9675118e-01  -6.6054090e-02  -3.9008859e-01  -2.4301579e-01   5.9946390e-02   1.3559750e-01  -2.0961222e-01  -4.3204848e-01  -2.8162059e-02   2.6523112e-01  -1.6441568e-01   3.3434122e-01  -1.7358994e-01   7.8883598e-03  -2.5417311e-01  -1.6744805e-01   4.8583009e-02   3.5632009e-01  -1.2435421e-02  -9.9366652e-02   1.6598530e-01  -2.7899488e-01   1.8513440e-01  -2.4418899e-01   4.6855510e-02  -2.9118458e-01  -2.1831649e-01   2.5636166e-01   1.8243732e-01  -1.1687038e-01   4.4676974e-01  -3.0187948e-01  -2.8157708e-01  -1.5756997e-01  -2.2797575e-01   9.5192367e-02   2.1812588e-01   7.9586663e-02  -1.6366660e-01  -2.8213960e-01  -2.0943271e-01  -1.6316300e-01  -5.6912155e-02   4.7138220e-01   4.1574069e-01   3.1982072e-02  -4.1856038e-01  -1.5873222e-02  -9.1614747e-02   3.0052283e-01   2.6641044e-03   8.8001804e-02  -6.1204623e-02  -1.2721006e-01  -1.3606398e-01  -5.0950356e-02   2.2876954e-01  -2.0089720e-01   2.5260397e-01  -1.0964028e-01  -4.8501631e-02   4.0203300e-01   3.0391885e-02  -1.2749872e-01  -1.6725820e-02   3.1505155e-02   2.3417480e-01   1.2373392e-02   2.5783068e-01  -2.0614654e-01  -1.8196213e-02  -2.2737876e-01  -8.2249044e-02
   7.6406466e-02   8.2193409e-02  -1.0356734e-01  -8.9821622e-02  -1.5783453e-01  -1.0603653e-01   1.5707779e-01  -1.3120413e-01   2.3897784e-01   0.0000000e+00  -9.3489988e-02  -8.6588635e-03   6.7684959e-02   1.3320959e-01   1.2814856e-01  -2.2525504e-01  -1.1322213e-01  -6.8515693e-02   7.7868001e-03  -1.2352203e-01   8.6340714e-03  -2.0767350e-01  -2.1723299e-03  -6.2680348e-02   1.1877953e-01  -2.4090540e-01  -1.1328996e-01   3.2904374e-02  -8.8648219e-02  -8.1843687e-02   1.2954780e-01  -2.8670339e-01  -2.0482989e-01   2.1149196e-01   3.1568162e-01  -6.8663418e-02   5.5571023e-04  -2.5603420e-01  -1.7797768e-01   1.2820290e-02   7.4561673e-02  -1.8252855e-01   1.2617581e-01   9.2319147e-03   9.4462178e-02   4.3236577e-02  -1.3541859e-01   4.9014768e-02  -8.6856590e-02  -1.8323492e-01   8.9076351e-03  -1.0590914e-01   1.6942988e-01  -1.6358018e-01   1.3210345e-01   5.6139990e-02  -3.9947966e-02  -2.9242721e-01   1.5609982e-02   1.2590051e-01  -2.1210323e-01   2.0928138e-02  -7.1290652e-03   1.5356407e-01   1.3142093e-01   4.1401774e-01  -2.9335191e-02   1.4313761e-01  -2.6986073e-01   5.8394448e-02   2.7252876e-01  -1.3841558e-01   1.5570170e-01   3.6710756e-02  -9.4701618e-02  -2.1604173e-01  -2.1014395e-01  -1.9614606e-01  -8.3144175e-02  -5.7353371e-02   6.2702457e-02   1.1419682e-01   5.9276850e-02  -1.2169050e-01   8.4064399e-02  -1.7606524e-01   2.8382468e-01  -1.8272067e-03   4.7957043e-02  -4.0258251e-02  -5.1968044e-02  -1.7708121e-01   5.0984228e-03   1.0925657e-01  -1.6745038e-01  -1.7378125e-01   2.7075292e-02  -1.2003716e-01  -7.9463936e-02   2.4226853e-01   6.9430122e-02   2.7780525e-01  -1.3771491e-01   7.8919109e-02  -1.0619857e-01  -2.3323853e-01  -8.8004854e-02  -3.0439791e-01   7.5850198e-02  -1.0822731e-01   3.3983101e-03  -2.2538132e-01   6.0034373e-02   2.1408465e-01   1.8801339e-01   2.9753246e-02  -2.4756750e-01   1.3000879e-01   7.9698101e-02  -1.8368479e-01  -7.9287748e-02  -1.3736948e-02  -1.2372108e-01   1.1294788e-01   1.2902774e-02  -8.1856076e-02   5.1660596e-02  -7.9364522e-02  -3.4473734e-01   6.8209127e-02  -5.4535417e-02   2.4256558e-01   1.4320547e-02   4.6126358e-02   1.3891162e-02  -2.2333406e-01  -9.8656755e-02   1.0623134e-01  -2.3763812e-01   5.3450685e-02   1.1898606e-01  -5.1399897e-02  -1.5668258e-01  -7.5204316e-02   1.0025951e-01  -2.4815368e-02   2.7332587e-01   8.9108760e-02   7.6529495e-02   2.4369368e-01  -5.1563089e-02   1.3034365e-01  -1.3084279e-02   8.5432664e-03  -1.1096727e-01  -1.2302430e-02   6.9184125e-03   7.5986120e-02  -2.8730033e-01  -9.4046782e-02   1.2889325e-01  -1.9961138e-01   3.6810707e-01  -7.7580386e-02  -2.0017877e-01   1.7162209e-01  -9.2700097e-02  -5.5098024e-02   4.0958236e-02  -1.7874026e-01   6.2169861e-02  -1.0969661e-01  -8.0826139e-02  -1.0472384e-01   2.1513896e-02  -2.5491568e-01  -2.0545490e-01
  -3.7050337e-01  -5.4225640e-01  -3.7509918e-01   1.9523487e-01  -3.8337894e-01   5.0869352e-01   5.8460900e-01   1.8214299e-01  -1.7748607e-01  -9.3489988e-02   0.0000000e+00  -5.9995900e-01  -5.0032850e-03   2.2135084e-01   4.5228244e-01   3.7093410e-01  -2.9811042e-01   8.2557468e-01  -1.1030922e-01  -1.9389250e-01   7.3540837e-01   1.1350959e-01   6.8386838e-01  -1.5444239e-01   1.1020456e-01  -9.7261659e-03   1.4100845e-01   1.7790019e-01  -1.4725353e-01   6.1219032e-01   3.5781940e-01   4.0881163e-01   4.2839385e-02   6.3726276e-01   4.2033024e-01   4.6485250e-01   5.6273707e-01  -3.3130624e-01   3.9298443e-01  -6.0853041e-01   3.2279304e-01  -3.8641563e-02  -5.2282591e-01   1.0364649e-01  -8.5592349e-02  -7.4647102e-02   8.1839212e-01   4.7876165e-01  -3.5331767e-02  -5.8103556e-01   8.2429572e-01   1.3684377e-01   1.2543226e-02  -3.7822277e-01   1.5081340e-01   3.4013992e-01   3.7115852e-02   3.4990618e-02   5.3171007e-01   2.6820822e-02  -2.9516215e-01  -6.9933439e-02  -7.2861582e-01   1.5237232e-01  -1.3727729e-01  -6.0969536e-01   3.6139031e-01  -4.1520433e-01   6.7046045e-01   3.1940174e-01  -2.7314882e-01   3.4560999e-01   3.8558725e-01  -4.4021313e-01  -1.7062052e-01  -5.7194753e-05  -2.8288842e-01   3.2952294e-01  -3.8671083e-01   1.7031714e-01   1.7963696e-01   2.4077718e-01  -2.9062967e-01  -4.0873020e-02  -3.7428672e-01   2.2194916e-01   2.7197538e-01   1.4167644e-01  -6.5168722e-01  -4.1789600e-01  -4.2447880e-01  -2.7672972e-01  -3.9049031e-01   2.0384276e-01  -3.5267158e-01  -4.3809759e-01   9.9558633e-02   2.2985350e-01  -6.3034374e-02   1.8226046e-01   2.4012434e-01   4.1586631e-01  -5.0322805e-02   5.8876165e-02   7.2534182e-01   4.1845907e-02  -8.4659681e-02   4.0872585e-01   4.2274643e-01   6.1645263e-01  -4.9213539e-01   3.6920121e-01   7.0976602e-02  -3.2017467e-01   2.7925249e-01  -6.3689998e-01   4.7947653e-01   1.0445868e-01   4.6264606e-01   4.1386844e-01  -4.5501686e-02   5.0637660e-02  -7.0659186e-01   3.4893389e-01  -2.5766096e-01  -3.2273783e-02   1.7984400e-01  -6.1006930e-02   3.4671045e-02   2.6850953e-01   3.1755745e-01   1.9322642e-02  -7.2724469e-01   7.7734725e-01  -2.9832383e-01   1.3438483e-01  -1.5659092e-01   2.7813190e-01   4.8704028e-01  -2.9326425e-01  -1.2311240e-01  -2.5667509e-01   7.5965726e-01   4.3816147e-01   4.8749578e-01   7.0867755e-01  -1.8035931e-01  -4.1462314e-01   1.3219539e-01   1.4924299e-01   6.0667622e-02  -1.5920715e-01  -1.9617926e-01   5.3976823e-01  -5.2870502e-01  -3.2221140e-01  -1.1757270e-01   4.7391561e-01  -2.1305264e-01   4.2827018e-02  -2.8810185e-01   6.7557799e-01  -2.9462517e-01   8.0903273e-01  -1.6781807e-02  -4.4724069e-01   1.6940865e-01   1.4397431e-02  -7.8110663e-02  -5.7298842e-01  -4.7396402e-01  -1.7244505e-01   5.0532916e-01   3.7163625e-01  -6.3407075e-02   1.5027316e-01  -1.0719451e-02
   2.0214099e-01   4.9049934e-01   4.8679056e-01  -1.4148885e-01   4.1352532e-01  -2.5923327e-01  -4.0394622e-01  -2.1480750e-02   1.9253717e-01  -8.6588635e-03  -5.9995900e-01   0.0000000e+00  -5.6911459e-02  -4.4133998e-01  -3.6061462e-01  -1.1414613e-01   3.1015715e-01  -6.0128236e-01   5.6363649e-02   1.9066401e-01  -5.9898337e-01  -7.8058281e-02  -5.3114220e-01   3.2780109e-02  -2.7074612e-02   5.2528935e-02  -5.2479813e-02  -2.4084604e-01   4.4598476e-01  -3.9489930e-01  -5.2288904e-01  -2.7282074e-01  -8.9463110e-02  -3.7604228e-01  -2.1929797e-01  -3.0139364e-01  -5.7648508e-01   2.0809258e-01  -2.8625102e-01   5.2139127e-01  -3.0783153e-01   3.5140623e-02   6.2677360e-01  -2.4949518e-01   3.2496431e-01   3.3292519e-02  -4.9659245e-01  -5.1069375e-01  -2.3865624e-01   5.3918609e-01  -5.4995502e-01  -9.6775449e-02  -1.2569341e-01   3.6821552e-01  -1.7435480e-01  -2.5352199e-01  -5.7061434e-02  -8.1542965e-02  -4.9494670e-01   3.2916647e-01   3.3305757e-01  -5.6657316e-02   6.9002427e-01  -3.6417482e-01   7.3892333e-02   6.5925771e-01  -1.8846575e-01   3.9737545e-01  -3.8053185e-01  -2.3825063e-01  -7.4396855e-02  -1.0836824e-01  -3.7821462e-01   2.3864622e-01   1.4737935e-01   1.1875118e-01   2.2690957e-01  -1.8727981e-01   5.5189284e-01  -9.3235089e-02  -2.5069664e-01  -2.0523508e-01  -5.9414218e-02   7.5493671e-02   1.2448177e-01  -1.5155687e-02  -4.2752352e-01  -2.0796679e-01   5.3581133e-01   1.6193659e-01   4.5212347e-01   3.1234258e-01   5.6210933e-01   1.0053130e-01   2.3893266e-01   5.1387270e-01  -7.7493873e-02  -2.0482705e-01   4.5257783e-02  -3.0768973e-01  -4.4274629e-01  -1.4658715e-01   1.0284705e-02   8.3265371e-02  -4.6851126e-01   7.4079674e-02   1.0853692e-01  -2.1763480e-01  -4.5310076e-01  -3.1273542e-01   6.2841537e-01  -2.7523936e-01   1.8240491e-02   1.3779341e-01  -4.1670897e-01   4.3050467e-01  -2.9571872e-01  -1.7714157e-01  -3.7403811e-01  -3.8036207e-01  -1.2226568e-03   2.7867185e-01   6.6720687e-01  -5.0432250e-01   1.7579687e-01  -4.9225692e-02   1.5435979e-01   6.6328221e-02   4.9681899e-03  -2.3524893e-01  -2.3520064e-01  -1.9293129e-01   5.0077828e-01  -5.7396130e-01   4.8937803e-01  -1.0712848e-01   1.6914403e-01  -3.8042923e-01  -1.8021416e-01   1.2857832e-03   1.3260637e-01   2.0535368e-01  -4.0584984e-01  -2.9758887e-01  -3.4070992e-01  -5.4036449e-01   1.5961956e-01   2.6014668e-01   1.0234310e-01  -4.3227541e-01  -4.8644483e-02   1.0029659e-03   1.9742426e-02  -4.7784546e-01   6.4124850e-01   5.1499583e-02  -4.6063355e-02  -3.4971936e-01   1.4116052e-01  -1.6579906e-01   4.2537934e-01  -4.2675567e-01   8.3918162e-02  -5.8314983e-01  -1.0534793e-01   4.5416969e-01  -5.8546067e-02   1.5475530e-02   5.8901805e-02   4.5470261e-01   4.9490056e-01   1.2853756e-01  -2.0692080e-01  -9.5710403e-02   4.9724711e-02  -1.0155128e-01   1.1840621e-01
   2.3776988e-01  -1.0715668e-01  -1.6429663e-02  -7.2499107e-02   1.9475966e-01  -1.2851276e-01  -6.2665993e-02   5.5888424e-02  -5.2098515e-02   6.7684959e-02  -5.0032850e-03  -5.6911459e-02   0.0000000e+00   1.6542943e-02  -8.6007047e-02   2.8606551e-02  -3.7302515e-02   7.7390828e-02  -8.6128597e-03   3.2056913e-01  -2.3917223e-03  -3.4624962e-02  -1.6904762e-01   3.8552569e-01   5.3014034e-02  -1.0051626e-01  -7.6010536e-02  -1.5492492e-01   1.2609712e-01  -8.2944089e-02  -7.6439634e-02   6.8654376e-02   9.7236686e-02  -3.4224186e-02   1.3405339e-04   1.4035989e-01  -1.8022245e-01  -6.7840451e-02   2.1629119e-01   8.2036816e-02   7.1009021e-01   2.1380932e-01  -1.8179593e-02  -1.5369646e-01  -9.5453919e-02   7.6786427e-02  -2.8370568e-02  -4.9391027e-02  -1.4747755e-02   3.3760254e-02  -2.1244292e-02   6.5143595e-02  -1.2138662e-01   1.5950269e-01   1.0916220e-01  -7.9008552e-02  -1.2875317e-01   1.4306337e-01   2.0125978e-01  -1.1591719e-02   9.3659471e-02  -5.0365782e-02   5.1652138e-02  -8.5883991e-02  -5.8155852e-02  -3.5652204e-02  -3.0223601e-02   1.1168549e-01  -2.2350050e-02  -6.5374123e-02   1.7701840e-02   5.8841649e-02   3.6618209e-01   1.9666804e-01   3.3959144e-02   2.9125418e-01   9.7096742e-02   1.1632626e-01   5.1690428e-02   2.3834511e-01  -5.0935365e-02   4.3556399e-01  -1.0153509e-01  -5.1824367e-02  -1.7383769e-03   6.8001253e-02  -1.4557356e-01   3.0612841e-02   3.6887843e-02   3.4862386e-01   4.2012841e-02   1.3552568e-01   9.6188571e-02  -2.0551854e-02  -9.1198761e-02   3.1734221e-01   1.1880263e-01  -2.0843533e-01   5.8336656e-02  -3.8649840e-02  -1.1157851e-01  -1.6243790e-01  -1.0047701e-01   8.0163925e-02  -8.4125206e-02   1.5756909e-01   2.5392091e-01  -7.4537912e-02   3.7758744e-02  -5.5401941e-03  -6.2238330e-02  -1.4436767e-01  -6.5921135e-02   9.0914544e-02  -6.8103049e-02   1.7135127e-03  -1.4130806e-02   6.6387006e-01  -1.7598210e-01   1.1699123e-02   1.7126460e-01   5.2031206e-02   8.2745840e-02  -2.1912284e-01   1.4227313e-01   1.4737511e-01  -8.0443349e-02   1.8481631e-01  -1.1138623e-02  -1.8050740e-01   4.3004901e-01  -1.8724780e-02   8.9297750e-03  -6.7384563e-02   7.2313931e-02   1.5899654e-01   1.9881161e-01  -7.1071653e-02   1.5218978e-01   1.0136763e-01   3.2627204e-01   1.9423764e-01  -4.4682578e-02  -2.0133790e-01  -1.1626628e-01  -9.4428861e-02   1.0466404e-02  -7.0209194e-02  -4.5952165e-02  -1.7472182e-02  -6.7071762e-02   2.9528607e-02   3.3584541e-01  -1.0176816e-01  -1.0524231e-01   1.1648221e-01   1.8094881e-01   1.9230073e-01   1.8455332e-01  -5.5999604e-02  -8.6270046e-02   3.7627362e-03  -8.8410669e-02  -2.7951804e-02   2.8341423e-02   1.0397858e-02  -1.1481824e-01  -9.7783105e-02   2.0251484e-01   6.8931507e-02   1.2960416e-01  -2.9835391e-01   1.1075906e-01  -1.2074545e-01  -9.7411065e-02   9.4963536e-02   4.4216887e-02
   1.1894870e-01  -1.6556175e-01  -2.7548786e-01   2.6103950e-01  -2.5467598e-01   3.0321325e-01   3.8925400e-01  -4.8895647e-02  -5.7163722e-02   1.3320959e-01   2.2135084e-01  -4.4133998e-01   1.6542943e-02   0.0000000e+00   2.8220064e-01   4.4938840e-02  -1.0583703e-01   3.7181196e-01   6.4845580e-02  -1.2471397e-01   4.0459678e-01   7.2801330e-02   3.7048178e-01   1.3805964e-01   1.0478374e-01  -1.2573508e-01   1.3367262e-01   3.8479808e-01  -5.0264394e-01   4.8188505e-01   2.9088533e-01   1.6233305e-01   2.0556917e-01   1.9834240e-01   3.1628809e-01   1.1687591e-01   4.5701968e-01  -3.9184391e-01   2.0632008e-01  -2.6972930e-01   2.4212099e-01   4.3469182e-02  -3.2447183e-01   1.5232266e-01  -2.4325483e-01   1.4681285e-01   2.7204623e-01   5.0947433e-01   2.3999027e-01  -3.5295708e-01   3.1830818e-01  -2.0357889e-02   1.2668316e-01  -2.5287190e-01   6.1270790e-01   1.7131137e-01   5.8462069e-02   7.1823301e-02   4.5366277e-01  -1.3227380e-01  -2.5951556e-01   1.5586969e-01  -4.4600253e-01   1.0608419e-01  -1.1670872e-01  -4.0747290e-01   3.1754014e-01  -3.2444128e-01   3.2908351e-01   3.4953285e-01   6.6260042e-02   4.3912065e-02   2.2054352e-01  -7.0450789e-02  -8.1372194e-02   1.2676190e-02  -1.3057508e-01   1.7666426e-01  -3.9691971e-01   5.8475032e-02   3.5558980e-01   1.4305344e-01   6.1723429e-02   6.9753844e-02   1.6365956e-01  -4.7541682e-02   5.7433488e-01   4.9275058e-01  -3.3486804e-01   1.1806408e-01  -2.2903846e-01  -1.3031529e-01  -4.9407743e-01  -9.3501448e-02  -3.5529504e-01  -3.9983888e-01  -4.3439181e-03   2.5554382e-01   8.8806393e-02   1.9453052e-01   4.9573090e-01   6.0953414e-02   1.1360184e-01   8.2030828e-02   3.1236326e-01   2.8483405e-02   5.1259838e-02   2.1109969e-01   2.3049179e-01   2.0282103e-01  -4.5351244e-01   3.8627909e-01   9.9984342e-02   2.4547137e-01   5.0036862e-01  -3.4976413e-01   2.8483759e-01   4.1848809e-02   5.1257762e-01   3.6677783e-01   1.0715414e-01  -7.2457210e-02  -4.9383085e-01   3.6611660e-01   6.6288254e-02   5.0558112e-01  -3.8928875e-02  -2.1405968e-01   6.5469033e-02   3.6378772e-01   1.4807808e-01  -1.0044100e-01  -1.1371587e-01   4.0279976e-01  -4.2060800e-01  -9.3407126e-02  -2.2612651e-01   5.2673940e-01   9.0254372e-03   4.0628430e-02   2.5485270e-03  -2.1256992e-01   1.3462885e-01   3.2938806e-01   3.9694034e-01   3.4244976e-01  -1.6473343e-01  -1.7267604e-01  -1.5974754e-01   2.5580345e-01   3.0880337e-01   1.8163150e-01   1.5706958e-01   1.4413138e-01  -3.2746379e-01   6.1432283e-02   1.3640096e-01   2.1490459e-01  -6.1739477e-02   2.0372317e-01  -3.1640986e-01   1.2957254e-01   5.1965213e-02   3.3558082e-01   2.3678342e-01  -3.3190723e-01  -2.2807324e-01   9.8718419e-02   1.2515901e-01  -2.6315751e-01  -4.2765465e-01  -4.1645107e-01   2.8520917e-03   1.9376386e-01  -8.5158083e-02   2.2396867e-02   6.0989895e-02
