   0.0000000e+00  -3.1879709e-02  -1.7040863e-01  -3.4480528e-01  -2.0815778e-02  -1.2830982e-01  -3.5887496e-01   2.2051431e-02  -4.7008351e-02  -4.0846713e-02  -1.6551892e-01  -8.6833822e-02  -9.2253875e-02   3.5955916e-01  -2.7017675e-01  -4.8377708e-02  -1.7932786e-01  -3.2873597e-01   2.0950122e-01  -2.7074729e-01  -4.1539062e-01  -2.6553089e-01  -4.4344463e-01   6.1458566e-01   4.2269871e-02   9.3827273e-03  -2.7345149e-01   9.0440485e-02   1.0201973e-01  -4.2001473e-01  -1.9583801e-01  -3.4916424e-01   6.7002328e-02  -3.1858492e-01  -3.8953031e-02  -3.2166457e-01  -2.0605108e-01   6.8458264e-01  -1.9511436e-01   5.8703932e-02  -2.6976468e-01   1.8180013e-01  -1.8217288e-01  -2.0397852e-01  -2.5780844e-01   1.8997044e-01  -2.3242790e-01  -4.7754400e-01  -3.0241430e-01   3.2133874e-02  -4.7854827e-01  -2.9151024e-02  -1.4865278e-01   3.1303286e-01   4.1433927e-01  -1.6589743e-01   1.7367214e-01  -4.1276999e-02  -2.5968576e-01  -1.3484495e-01   2.3734190e-01  -2.1936387e-01   5.6405440e-03  -1.4535881e-01  -1.7382025e-01  -2.1990286e-01  -2.7371282e-01  -9.3670451e-02  -2.0743572e-01  -1.2312184e-01  -2.1117660e-01  -2.8500045e-01  -2.5634607e-01   4.2019570e-01   9.0255794e-02   8.7725000e-02   3.1252298e-01  -1.4566625e-03   9.5733780e-02  -1.4624332e-01  -1.0836949e-01   2.6246214e-02  -1.8687833e-01  -7.5586091e-03   3.1043861e-02   1.9858694e-02  -1.1898996e-01   5.6087034e-01  -3.9541728e-03   7.5609363e-01   2.4572935e-01   3.6133987e-01  -9.6351648e-02   1.2073577e-03   5.9102662e-01  -1.2461320e-01   9.2770304e-03   7.8810117e-02  -1.8632201e-01  -3.6464142e-01   2.2292906e-01  -2.9144461e-01  -2.4435940e-01  -1.5743850e-01  -4.3195212e-01  -3.5896821e-01   3.4732742e-01  -3.4709215e-02  -2.8967801e-01  -2.8937580e-01  -2.4593915e-01  -3.5025562e-01  -2.7084114e-01   8.1914663e-01   1.9498112e-01   1.2065784e-01  -1.7294583e-01  -1.8336754e-01   2.0863814e-01  -2.0413666e-01   5.9697683e-01   1.7728138e-01   9.1404662e-02  -2.9889125e-01   6.4753355e-01   3.9710666e-01  -2.3738006e-01   1.9106553e-02  -8.9449534e-02  -7.0204627e-02  -6.3723758e-02  -2.5487796e-01   1.5677383e-01  -3.6595643e-01  -1.8600408e-01   1.2780014e-01   8.8384496e-02  -1.3329855e-01   1.6073457e-01   5.7155530e-01   5.9312270e-01  -1.8177933e-01  -4.3527179e-02   1.1258151e-01  -3.7703283e-01  -4.0667854e-01  -1.5636205e-01  -9.8552198e-02  -2.4476852e-01  -3.9089136e-01   2.4143852e-01  -8.2011186e-02   4.2861188e-01  -1.3989475e-02   3.6732380e-02   5.8218467e-01   4.9399887e-01  -2.3099646e-01   2.7278005e-01  -2.8128145e-01  -1.1888555e-01  -9.8311280e-02  -3.1381818e-01  -3.3633552e-01  -2.0556822e-01   2.7880659e-02  -1.7872318e-01   2.9370197e-02   3.6564058e-01  -9.8716790e-02   1.3348292e-01   3.8705038e-01  -1.9411835e-01   1.9857769e-02  -3.0832597e-02  -6.9072508e-02  -1.4534190e-01
  -3.1879709e-02   0.0000000e+00   1.2475187e-01  -2.4031943e-01   4.8346436e-01  -2.9546592e-01  -2.7374676e-01  -1.7624835e-01   3.0076867e-01  -8.3733208e-03  -2.5556317e-01   6.8516464e-01  -2.2108504e-01  -7.7761292e-02  -1.3976819e-01  -1.5876342e-01   2.8046116e-01  -2.7632319e-01  -1.1622309e-01   1.6780998e-01  -3.3154592e-01  -2.7354530e-01  -2.7855312e-01  -1.9619166e-01  -1.1920647e-01   1.8155270e-02   1.7759807e-01  -8.9201899e-02  -1.9590165e-01   3.4954269e-02   9.7717399e-02  -8.2430075e-02  -1.3622482e-01   1.6172837e-01  -1.7052057e-01  -6.0683300e-02   3.1131771e-01  -2.1914116e-01  -9.0013873e-02   2.4083122e-01  -1.8924446e-01  -1.5625222e-01   3.3741983e-01  -5.3566370e-02   5.3746089e-01  -3.4103221e-02  -2.9524787e-01   3.2421534e-02   1.1420860e-01   4.2435372e-01  -3.6593996e-01  -1.3065660e-01   7.8805851e-01  -4.2953761e-03  -4.3713408e-02  -2.3524042e-01   2.0467128e-02  -2.6952077e-01  -2.9011744e-01  -9.9062009e-02  -9.5621348e-03  -1.2732930e-01   5.8945628e-01   5.7806905e-01   5.8088892e-01  -6.1413003e-02  -1.3118801e-02   2.9824259e-01  -3.8968910e-01  -2.9798060e-01   6.1612832e-01  -3.1963974e-01  -4.9720509e-02   2.3826466e-02  -7.9539050e-02   1.6678725e-03   6.7113724e-03  -3.9253418e-02   6.9226521e-01  -1.5609182e-01  -2.1992148e-01  -1.2415466e-01   4.6293223e-01  -5.9306548e-02   2.5390717e-01  -6.8895800e-02   2.9455423e-02  -1.6048799e-01   3.8773739e-01   7.3680993e-02   7.1933269e-01  -3.8750239e-02   1.6586206e-01  -9.6956835e-02  -1.6025679e-01   2.6338805e-01  -2.7175784e-01  -2.1515102e-01   2.2252947e-01  -1.9875756e-01   5.6044405e-02  -1.1389527e-01   2.8737878e-02   3.8420236e-01  -3.4374139e-01  -9.7682209e-02  -4.0998976e-02  -1.6299545e-01   3.5832580e-03  -1.8029540e-01   2.8971840e-02  -3.1345495e-01  -3.1548262e-02  -3.8893937e-02  -8.4751459e-02   4.2201296e-01  -2.0653324e-01  -1.8005723e-01   3.5405499e-02  -3.1936091e-01  -1.9188747e-01   5.5591509e-01   1.5087370e-01   3.9069035e-01  -1.3152069e-01  -8.3912987e-02   1.6066312e-01   2.4636018e-01  -1.3276350e-01   4.4387450e-03  -2.3252673e-01   2.0030048e-01   4.3625855e-01   1.3232470e-01   9.6252196e-02  -1.3878373e-01  -1.1357188e-01  -1.7980446e-03  -3.1069104e-02  -2.1685676e-01  -3.2967389e-02  -4.5844597e-02  -3.1675842e-01  -2.3366527e-01  -1.6860948e-01  -5.4655201e-02   2.7895105e-01   3.0263958e-01  -1.2383368e-01   1.5497150e-01  -8.8186357e-02  -7.4723540e-02  -1.4361706e-01   5.9370873e-01   4.6337802e-01  -1.2281259e-01  -1.2265067e-01  -2.4943579e-01  -5.0550601e-02  -3.0089027e-01   1.5461590e-01  -7.8053369e-02  -3.4163588e-02  -3.4208598e-01  -5.9080593e-02   4.2493489e-01   3.1855489e-01  -1.0344039e-03  -1.4398461e-01   5.9100588e-01   5.8511941e-01  -1.3721498e-01   1.0236562e-01  -1.9922869e-01  -7.5300206e-02  -1.6117051e-01  -2.6774938e-01
  -1.7040863e-01   1.2475187e-01   0.0000000e+00  -1.2635134e-02   3.5298783e-01  -1.3014294e-01   4.6089147e-02  -3.6438273e-01  -2.8921420e-01   2.1278601e-01  -9.7028824e-02   2.9994623e-01   7.8330457e-02  -1.5470095e-01   1.5151102e-01   4.4436586e-01   8.8648534e-01   4.5503362e-02  -1.7758304e-01   5.5130237e-01  -1.4490454e-01  -5.6523614e-02   9.7695039e-02  -3.7273598e-01   1.9070368e-01  -3.1108101e-01   4.9161411e-01  -3.8852289e-01   1.3464937e-01   4.6772510e-02  -1.1907926e-01  -1.4024277e-01   4.3085071e-01  -4.9366760e-02  -2.9370992e-01   3.6122622e-01   2.2626943e-01  -1.0440841e-01   4.4504992e-01   5.0243519e-01   3.1498040e-01   3.1204837e-01  -6.7538733e-03  -2.2523988e-01   1.0171476e-01   5.0763378e-01   1.9048291e-01  -8.6682662e-02   5.2084777e-02   4.7866400e-01   1.3447933e-01  -4.8293071e-01   9.5702314e-02   2.7589478e-01   1.6543106e-02  -6.5192738e-02  -3.1824750e-01  -3.4924521e-01  -6.3257220e-02  -1.0072586e-01   2.1671239e-01   2.1807808e-01   1.0524567e-01  -2.3787791e-01  -3.2379596e-02   7.6023668e-02   2.5792403e-01   2.1528710e-01  -1.0674649e-01   5.1098077e-01   4.4040060e-01   1.9946327e-02   9.0226864e-02   4.3397589e-02   1.3253191e-01  -3.9349457e-01   1.3513115e-01  -2.1533215e-01   1.4860721e-01   2.8847866e-01  -5.1799784e-01   2.3453647e-01   8.9958076e-02  -2.6074490e-01   3.0297664e-01  -3.3537644e-01  -7.4308805e-02  -3.8551391e-01   1.8803259e-01  -1.6900371e-01   1.4566364e-02   2.6196196e-01   2.0764009e-01  -3.6086598e-01  -1.1131947e-01   3.6412488e-01   3.1378059e-01  -3.7646692e-01   2.3551220e-01   1.3298072e-01  -1.1670207e-01   1.0945642e-01  -1.0941861e-01  -2.1027806e-01  -1.7330687e-01  -2.0311784e-02   2.0906761e-01  -3.3199393e-01   2.2256949e-01   6.0403591e-02   1.6220942e-01  -1.4781263e-01   4.0894933e-02  -1.4418629e-01  -1.3233351e-01  -3.5706381e-03  -4.0123945e-01   3.1496690e-01  -2.3569679e-01  -4.7613423e-02  -2.6146994e-01   1.0690471e-01   1.4333606e-01  -3.2186162e-01  -2.9287417e-01  -1.7515697e-01  -8.7773710e-02   3.6414386e-01  -3.6372420e-01   5.6309725e-01   8.8314638e-02   3.0901793e-02   1.3770643e-01   1.0056934e-01  -3.4145562e-02  -4.0920801e-01   2.9485753e-01  -1.0080890e-01  -4.4739428e-01  -6.3473465e-02  -2.6042656e-01   9.0423327e-02  -1.6353677e-01   5.9925286e-02  -1.4790950e-02  -1.6449629e-01   2.9244669e-01  -5.1685201e-03  -5.5139554e-02   7.4758767e-02   2.1747044e-03  -3.5910498e-01  -1.7447109e-01   9.6432022e-02   5.1358874e-01  -2.2032771e-01  -4.8346344e-02   6.1755074e-02   2.2719129e-01  -4.1695976e-01   8.0536564e-02  -2.7403344e-01   3.3212098e-02  -2.2938325e-01  -1.4765978e-01  -3.0211163e-02   6.6332277e-02  -1.4318067e-01  -1.5698709e-01   6.6566769e-02  -5.1135413e-02   1.0571930e-01  -2.1283989e-01   8.6150951e-02  -1.5393716e-01   2.2290223e-01   2.3279452e-02
  -3.4480528e-01  -2.4031943e-01  -1.2635134e-02   0.0000000e+00  -1.5058237e-01   3.3845357e-01   2.2208449e-01   1.4062154e-01   1.6474939e-02  -1.1625453e-01   1.6871655e-01  -3.0509112e-01   3.8645829e-02  -1.7059191e-01   1.3239804e-01   1.4187862e-01  -3.2144465e-02   4.4923914e-01  -5.9489086e-02   8.5787425e-02   4.5582105e-01   4.5162418e-01   3.0120050e-01  -2.4685449e-01   1.6549499e-01   1.2058701e-01   1.8926600e-01   2.1946407e-02   1.1113905e-01   3.5546782e-01   1.0349952e-01   5.2501244e-01  -4.1750184e-02   2.8161789e-02   2.3294625e-01   1.5223227e-01  -2.8365512e-02  -3.7907598e-01   8.8504817e-02  -2.1164570e-01   1.1877794e-01  -6.4659197e-02   4.9688631e-02   2.4980350e-01   1.0061321e-02  -1.0897405e-01   2.4551100e-01   2.8892345e-01   1.5725006e-01  -2.7487451e-01   4.4662472e-01   2.0462764e-01  -7.9893170e-02   3.7651764e-02  -6.6977059e-02   3.0642157e-01  -2.3890067e-01   3.1201857e-01   4.0394165e-01   1.8118603e-01  -2.1236905e-01   3.3295737e-01  -1.1774697e-01  -3.5756917e-02   2.0998512e-01   1.4058365e-01   2.2704656e-01   3.2646271e-01   2.7434085e-01   4.5052448e-02  -1.8544021e-01   5.1050115e-01   2.5409029e-01  -2.3404121e-01  -5.0709538e-02   1.6287156e-01  -2.2635262e-01   2.7835334e-01  -3.8137502e-01   2.4478904e-01   3.2528318e-01  -7.8720804e-02   9.1009823e-02   1.2909220e-01  -4.9586764e-02   1.5143076e-01   9.3294181e-02  -1.2840166e-01  -8.4464625e-02  -3.9059762e-01  -4.0651465e-01  -1.7919506e-01  -1.8368186e-01   2.3878571e-01  -3.2710225e-01  -2.5911586e-02   3.2436421e-01   4.7049367e-02   2.1082468e-01   1.3079243e-01  -3.1445779e-02   2.1642440e-01   2.8722527e-01   8.9618648e-02   5.4423855e-01   5.4039139e-01  -1.2032818e-01   1.3067263e-01   7.3009624e-02   2.8212999e-01  -7.8400734e-02   4.1865697e-01   6.1973734e-01  -3.5259520e-01  -1.3870282e-01  -3.6995683e-01   2.9581989e-01   2.5115195e-02  -1.5672044e-01   5.9849251e-01  -1.7148647e-01  -3.8893732e-01  -1.8781904e-01   2.4212433e-01  -2.4175303e-01  -1.9811935e-01   2.4670446e-01   1.5316745e-02   3.6644016e-01  -4.9469785e-02   3.8876982e-02   1.7535986e-01  -1.9144922e-01   2.2229920e-01   2.0023468e-01   1.5024469e-01   1.6841811e-01   1.1193792e-01   1.0417936e-01  -2.4467193e-01  -2.8118754e-01  -5.7986555e-02   1.0716818e-01  -1.4651356e-01   1.9960667e-01   3.6452436e-01  -2.6010726e-01  -7.3617263e-02   1.9952905e-01   1.5668032e-01  -1.3507093e-01   2.2477321e-01   4.1845963e-02  -9.6164161e-02  -3.1043335e-01  -2.2510593e-01  -2.5532469e-01   2.4765294e-01  -1.7322341e-01   4.2204132e-01   3.4038558e-01   1.0914487e-01   2.4808554e-01   4.5527332e-01   4.1060648e-01  -4.0323023e-01   3.7577426e-02  -5.3777387e-03  -3.9586088e-02  -1.6509969e-01  -3.9138369e-01  -3.3176909e-01   3.4546872e-01  -6.8976621e-02   2.8904421e-01   1.4789611e-01   4.4121382e-01
  -2.0815778e-02   4.8346436e-01   3.5298783e-01  -1.5058237e-01   0.0000000e+00  -3.6080780e-01  -2.2760885e-01  -4.0004183e-01  -8.7692888e-02  -1.8225541e-02  -4.2406694e-02   4.6657953e-01  -3.8108499e-02  -1.8157753e-01  -1.5128071e-01   1.0053336e-01   4.1873960e-01   6.1904188e-02  -3.9888350e-01   6.8925373e-01  -1.9160626e-01  -1.5389104e-01  -1.5415833e-01  -3.2131081e-01  -1.7792499e-01  -2.0942236e-01   3.8838833e-01  -4.5399685e-01  -1.0553653e-02   7.9250241e-02  -1.4729123e-01  -1.2783456e-01   3.6105350e-02   8.7207316e-02  -1.7580446e-01   3.8615201e-01   2.1148708e-01  -1.4603710e-01   1.5936065e-01   2.6441916e-01   4.5996206e-03  -3.4526576e-02   1.7351285e-01  -1.5583940e-01   3.2168802e-01   4.0792468e-02   2.1205439e-01  -2.1416911e-01   1.9356415e-01   4.3135154e-01  -1.0662169e-01  -3.9226128e-01   3.5444861e-01  -2.7034282e-02  -3.0406550e-02  -2.6669940e-01  -2.2516115e-01  -3.0613271e-01  -2.8823929e-03   2.1435025e-02   2.3145590e-02   2.8451404e-01   3.4175117e-01   6.4731831e-02   2.9619860e-01   1.7027213e-01  -1.4754190e-01   1.5060887e-01   4.8525567e-02  -9.5933791e-02   3.1242053e-01  -2.0838294e-01  -1.4559878e-01   8.8489614e-02  -9.2545721e-02  -2.8689744e-01  -6.5826280e-02  -8.3298796e-02   6.5807311e-01   2.1315614e-01  -4.1191944e-01  -5.6736906e-02   1.8581124e-01  -2.5241735e-01   9.3365975e-02  -2.2063160e-01  -1.2196700e-01  -2.4312387e-01   2.9169048e-01  -4.1769852e-02   6.4341043e-01  -4.4765385e-02   4.7483231e-01  -2.2006043e-01  -1.6116023e-01   7.4637062e-01   8.8181899e-02  -2.9140496e-01   4.3623338e-01  -1.4856589e-01  -1.6842161e-01   2.9860343e-03  -1.6233999e-01  -2.5743869e-02  -1.3652356e-01  -5.9983124e-02   3.7779800e-02  -1.1907848e-01   2.3864908e-01   9.8587727e-02   9.5646511e-02  -4.5519600e-02  -1.9811883e-01  -7.8680390e-02  -2.2789006e-01   5.3048634e-01  -3.1216761e-01   7.4672180e-02  -1.3948990e-01  -5.4843474e-02  -3.4262032e-01   6.8456169e-01   1.3254825e-01   2.0696637e-01  -1.2805218e-01  -8.0519932e-02   2.6792647e-01   3.3575633e-01  -3.3473895e-01   8.7666621e-02  -3.6921424e-01   9.9938110e-02   2.3872366e-01  -1.2149463e-01  -6.2511613e-02  -3.9480193e-01   1.9903442e-01  -1.7892124e-01  -2.9145411e-01  -2.4981266e-01  -1.5005358e-01   4.9512587e-02   4.4601803e-02  -1.2706291e-01  -1.0592607e-01  -1.8608065e-01   1.1368596e-01   4.7737187e-01   2.1044092e-01  -5.1510042e-02  -1.4536215e-01  -3.4891905e-01  -3.5714852e-01   5.3256070e-01   3.1625948e-01  -2.7442726e-01  -1.6551465e-01   1.1786317e-01  -8.0306139e-03  -3.9789165e-01   3.6855260e-03  -3.7153319e-02  -9.6595619e-02  -2.2174807e-02  -9.6653676e-02   3.7856589e-01   4.4896029e-01  -3.4716835e-02  -2.9463615e-01   4.9694617e-01   6.8186397e-01  -1.7117341e-01   6.0799808e-02  -1.3698392e-01  -2.1940499e-01  -7.1431355e-02  -1.2090155e-01
  -1.2830982e-01  -2.9546592e-01  -1.3014294e-01   3.3845357e-01  -3.6080780e-01   0.0000000e+00   4.2615966e-01   2.8038436e-01   6.1886370e-02   2.5006363e-02   3.7495306e-01  -1.5527363e-01  -4.8152277e-02   1.8710625e-02   2.9029342e-01   8.9438653e-02  -1.8805483e-01   3.2764994e-01   1.0350267e-01  -2.4060800e-02   5.2866272e-01   2.7432152e-01   4.4363320e-01   1.5277884e-02   1.1312894e-01   2.4149636e-01   3.1077129e-01   4.5567897e-01  -3.0431097e-02   3.3525320e-01  -3.3813399e-02   2.9878584e-01  -2.2740895e-01   2.8123025e-01   3.2020173e-01   2.3203542e-01  -6.5788431e-02  -2.1320242e-01   8.6464970e-03  -4.3400337e-01  -1.7795538e-02  -2.5892053e-01   8.4249891e-02   1.9746805e-01  -6.2804188e-02   6.7691512e-02   3.1289004e-01   3.3654462e-01  -6.3184083e-02  -5.0288520e-01   4.4262773e-01   4.7285215e-01  -1.7737105e-01  -1.8301941e-01  -1.0173277e-01   4.0953561e-01   1.2716959e-01   3.5938266e-01   1.7911225e-01   3.0813790e-01  -2.3192839e-01   1.9439183e-01  -3.0099974e-01  -4.5869187e-02  -7.5122491e-02   3.2124557e-01   4.4856674e-01   1.1743817e-01   3.2175516e-01   2.2218934e-01  -2.5854825e-01   4.2812867e-01   1.7200156e-01  -2.7820045e-03  -2.0805583e-01   1.5794152e-01  -1.2197863e-01   3.5192050e-01  -4.6055523e-01  -1.4567191e-01   3.5430100e-01  -1.5210038e-01  -1.2729433e-01   3.0078874e-01  -2.4483867e-01   3.3681435e-01   1.6849604e-02   1.8962913e-02  -3.0741492e-01  -3.3149825e-02  -4.0540812e-01  -2.3167563e-01  -1.5144996e-01   2.5288401e-01  -1.2748147e-01  -6.8135114e-02   6.7437616e-02   3.9327706e-01  -3.6408996e-03   1.9105185e-01  -1.0144696e-01   3.3781564e-01   1.8117427e-01  -4.1509902e-03   5.2590322e-01   7.8817518e-02  -3.2895192e-01   4.8227424e-01  -1.0649924e-01   3.1688882e-01   3.0326221e-02   5.1090480e-01   2.7661857e-01  -5.5111349e-03   4.9059785e-02  -5.0902777e-01   3.8539224e-01   1.2783834e-02   2.0786870e-01   3.4367286e-01  -4.1429030e-04  -5.1397155e-01  -4.1496296e-01   1.2109043e-01  -1.1889692e-03  -6.1860026e-02   1.7053710e-01  -3.3611552e-01   1.8937083e-01  -9.9713528e-02   6.4338270e-02   1.1394841e-01  -3.4233991e-01   8.9893816e-02   1.4349649e-01   2.3974049e-01  -2.0352401e-01   1.5172907e-01   3.2046381e-01  -5.9683863e-02  -4.3822554e-02  -2.0194683e-01   2.3536713e-01   2.7789625e-01   2.6450047e-01   1.2562870e-01  -1.3331688e-01   1.8204270e-02   4.3142329e-01  -3.8786879e-03   1.7114634e-02   1.8753601e-01   1.3586259e-01  -1.8117902e-01  -3.6328801e-01   3.3972648e-02  -1.7957068e-01   1.0181185e-01  -3.1228653e-01   4.9984533e-01   3.3829826e-01   2.9900887e-01   2.3538018e-01   3.3101343e-01   3.9435519e-01  -4.5138769e-01   5.3289623e-02   1.9922544e-01   1.3298737e-02  -3.9411562e-01  -3.5262163e-01  -2.0379182e-01   2.4003169e-01   3.2691179e-01   1.7471021e-01  -1.6260897e-01   3.6641566e-01
  -3.5887496e-01  -2.7374676e-01   4.6089147e-02   2.2208449e-01  -2.2760885e-01   4.2615966e-01   0.0000000e+00  -1.5622989e-01  -2.0234017e-01   3.5689370e-01   5.1032623e-01  -3.2274081e-02   1.6637603e-01  -4.6383767e-01   4.8094917e-01   1.4869086e-01   9.2729514e-03   5.5418805e-01  -2.9276918e-01   1.4932090e-01   6.9609638e-01   8.2242046e-02   8.2944507e-01  -4.2935339e-01  -6.9148743e-02  -2.3522534e-01   1.9582605e-01   5.1907923e-02  -8.6597912e-02   5.0165569e-01   7.2668417e-02  -9.4102468e-03  -1.7281453e-01   5.0148074e-01   7.7843688e-02   5.9117378e-01   2.1514334e-01  -4.4799994e-01   1.9801172e-01  -2.7766377e-01   2.3200578e-01  -2.6182029e-01  -1.4770644e-02   4.5294680e-01  -9.5950578e-02  -5.7697363e-02   5.6325592e-01   6.6613586e-01   1.0845036e-01  -4.6803865e-01   6.0770811e-01  -8.0889451e-02  -1.6648543e-01  -2.0566144e-01  -2.8285833e-01   5.1530657e-01  -2.0548858e-01  -4.9922970e-02   3.0209576e-01  -3.6691370e-02  -2.8227324e-01   2.0342896e-01  -4.5095312e-01  -3.1402973e-02  -1.0939207e-01   4.7960857e-01   1.6446780e-02  -1.1967943e-01   2.8652998e-01   5.8074563e-01   1.1150037e-01   2.9914928e-01   3.0444647e-01  -8.6598827e-02  -2.8528462e-01  -2.6987017e-01  -3.4436533e-01   1.4447746e-01  -3.7172102e-01   1.2022616e-01   4.7910242e-03   1.4861166e-01   9.8810815e-02  -2.3336371e-01  -1.7418086e-01  -4.6414859e-02  -1.8711655e-01  -4.0552335e-01  -3.6863371e-01  -3.4321729e-01  -4.9686979e-01  -4.4996796e-01  -3.5707888e-02  -9.3829050e-02  -4.4990577e-01  -7.9109956e-02   6.6542886e-02  -9.9003481e-03   2.7225880e-02   6.5175220e-01   4.5019911e-02   5.7512954e-01  -1.4408331e-01  -2.6136232e-01   4.9383009e-01  -1.6071806e-01  -3.5341030e-01   8.2197963e-02   2.2795265e-01   5.6878992e-01   4.8347425e-01   4.7182320e-01  -4.6066610e-03  -4.1911328e-01   2.3145545e-01  -3.5393535e-01   1.1905813e-01   3.3787683e-01   1.0199933e-01   3.6247096e-01  -4.5284784e-01  -5.2867136e-01  -4.9423893e-01   1.0190478e-01  -3.7984846e-01  -4.7338991e-01   1.3023399e-01  -1.7742511e-01  -2.2913875e-01   2.0351397e-01   1.8094126e-01   6.0204967e-01  -3.9519907e-01   3.7867706e-01  -1.6508400e-01  -2.3481063e-01  -9.8397343e-03   1.4628931e-01  -1.5241100e-01  -3.9301966e-01  -4.2446974e-01  -8.4779518e-02   2.7355799e-01   1.8095675e-01   6.1969435e-01   3.4042853e-01   3.3999014e-01   2.3217353e-01   4.6482095e-01   2.9974738e-01   9.7533123e-02  -1.5512806e-01  -3.6348504e-01  -8.3592911e-02  -3.1528323e-01  -4.1669243e-01  -4.0892179e-01   2.9557716e-01  -3.9780977e-01   1.5579839e-01  -8.8050100e-03   2.6157004e-01   4.4406328e-01   3.8937446e-01  -1.6096956e-01  -2.1967272e-01   2.1019123e-01  -5.2396714e-02  -2.6882111e-01  -3.7899469e-01  -3.8108415e-01  -3.4206601e-01   4.6668003e-02   1.2929793e-01   6.2281448e-02  -1.9050294e-02  -6.8384040e-02
   2.2051431e-02  -1.7624835e-01  -3.6438273e-01   1.4062154e-01  -4.0004183e-01   2.8038436e-01  -1.5622989e-01   0.0000000e+00   2.3749466e-01  -2.2981579e-01   2.8702385e-02  -3.2753127e-01  -3.2585137e-02   2.8723514e-01   5.0737434e-02  -1.7203237e-01  -3.3343131e-01  -1.1651088e-01   5.2353516e-01  -3.9370355e-01  -5.3745046e-02   4.7736677e-03  -1.1837222e-01   3.3618441e-01   1.4211413e-02   6.5002156e-01  -1.6708179e-01   5.2651609e-01  -5.0515736e-02  -2.9070798e-01   1.3166369e-01   4.1200426e-01  -2.2439938e-01  -1.5103539e-01   5.0056340e-02  -3.9140026e-01  -3.3259391e-01   1.0762525e-01  -1.7566748e-01  -2.8864464e-01  -1.5567545e-01  -1.8946338e-01   9.0049357e-03   1.2862999e-01  -1.1844742e-01   4.1086790e-02  -3.1503059e-01  -4.0448392e-02  -1.4703270e-01  -2.3288513e-01  -5.1522045e-02   7.9917956e-01  -4.6789347e-02  -8.3535636e-02  -1.7426542e-01   1.4342511e-01   4.5378667e-01   4.9815015e-01   9.4968580e-02   2.1033265e-01   1.5798935e-01  -1.2496731e-01   2.9334838e-02   1.3490732e-01  -1.3155535e-01  -1.8611939e-01   2.6508269e-01   1.1222182e-01   1.3137375e-01  -2.7675256e-01  -3.8014804e-01  -4.1757485e-02   1.1192480e-01  -2.2450511e-01   3.9928639e-02   5.5677992e-01   2.9804319e-01   3.9844777e-01  -2.8441957e-01  -1.8355208e-01   6.6237373e-01  -3.2059565e-01  -1.7579748e-01   7.9932412e-01  -2.0489320e-01   6.0632892e-01   3.2747032e-02   3.0781648e-01  -1.6460645e-01   2.4016537e-02  -1.2611367e-01   1.5648103e-01  -3.6099556e-01   2.7030497e-01   2.5219056e-01  -2.9452499e-01  -1.7740022e-01   5.3995578e-01  -1.8991658e-01  -1.7880064e-01  -1.1703450e-01  -2.1573010e-03   6.0345879e-01   2.2398772e-01   1.3402640e-01   4.1846354e-01  -1.5360545e-01   4.5779416e-01  -3.2453446e-01  -2.4979419e-01  -3.4551253e-01   7.3649204e-02   1.7159586e-01   4.8526841e-02  -1.5349355e-01  -3.1958753e-01   5.6937726e-01  -3.2606952e-01   9.7073936e-02  -4.3857349e-02   3.3732230e-01  -1.7164365e-01  -3.0390469e-02   5.8953988e-03   2.0094896e-01   2.7817409e-01  -1.1071556e-01  -4.0413848e-01   5.0668949e-01  -3.9662603e-01   3.1291044e-01  -2.1765939e-01  -1.3853330e-01  -5.7190893e-02   1.4370460e-01   7.2903928e-01  -2.5246475e-01   2.0139648e-01   6.1207805e-01   1.3312469e-01   9.7099453e-02  -8.1491143e-02   2.0428745e-01  -6.2274698e-03  -4.2973730e-02   1.7105770e-01  -4.1178950e-01  -3.5738900e-01  -1.6506223e-01  -4.1098690e-02  -2.6601574e-02   8.2594858e-01   3.9745784e-01  -3.0080651e-01  -3.2479484e-01   2.8095342e-01   2.6906444e-01  -6.1988956e-02   7.5967014e-02   6.1472909e-01   9.1406666e-02   2.1474858e-01  -1.5348857e-01  -1.3524718e-02   4.5505982e-01  -3.3975971e-01  -2.6368704e-01   2.3800093e-01   2.3700216e-01  -2.5672208e-01  -1.6332013e-01   1.5718872e-01   5.6010959e-03   1.6623090e-01   7.9927166e-02  -1.8497410e-01   3.5779841e-01
  -4.7008351e-02   3.0076867e-01  -2.8921420e-01   1.6474939e-02  -8.7692888e-02   6.1886370e-02  -2.0234017e-01   2.3749466e-01   0.0000000e+00  -3.4233256e-01  -2.3058734e-01  -1.8177639e-02  -2.9559441e-01   4.8275118e-01  -1.7759458e-01  -5.2108769e-01  -2.8217643e-01  -2.0714819e-01   3.9071993e-01  -1.7823027e-01  -9.8712831e-02   2.1174825e-01  -1.9617839e-01   3.2066798e-01  -2.8969630e-02   1.6492298e-01  -2.8910705e-02   3.5119085e-01  -1.1512588e-01  -7.9100022e-02   1.4803873e-01   1.7506322e-01  -3.6893497e-01  -9.2645028e-02   3.4646297e-01  -2.9640035e-01  -1.2150999e-01   1.8882318e-01  -6.5932287e-01   3.9122277e-02  -2.2391917e-01  -2.8471803e-01   3.8010882e-01  -1.4939033e-01   3.7789165e-02   1.8048519e-01  -3.0406285e-01  -9.4969255e-02  -2.8370437e-02  -1.2318023e-01  -2.2045509e-01   2.5668554e-01   9.7168009e-02  -7.2253944e-02  -5.1158651e-03  -2.4747736e-01   3.2504024e-01   3.4241305e-01  -1.3781471e-01   4.2853844e-01   1.7305668e-01  -1.1610315e-01   5.4031706e-01   3.9402100e-01   3.7621516e-01  -2.1283505e-01  -3.0981064e-02   2.9400086e-01  -3.1155186e-01  -4.4946331e-01  -9.6703643e-02   6.0103498e-02  -1.2048528e-01  -2.5620895e-01   2.1878836e-01   4.5323739e-01   2.3693672e-01   1.9825940e-01   1.0434157e-02  -2.2764255e-01   2.8095742e-01  -3.4681147e-01  -6.7350826e-02   1.9524568e-01  -1.6841395e-01   3.0846412e-01   4.2116587e-01   3.1166634e-01   3.1029868e-01  -9.6267093e-03   2.3481347e-01   1.4001055e-01  -2.8017145e-01   6.0463279e-01   3.1789250e-01  -7.6473076e-02  -7.3459320e-02   2.7802187e-01   1.0493528e-01   5.3877669e-03  -8.8522787e-02  -2.0737105e-01   1.5400430e-01   8.0875121e-01  -4.5694638e-02   1.5222489e-01   3.7590641e-02   4.9139948e-02  -2.6247781e-01  -4.2950529e-01  -3.8110975e-01  -1.0620871e-01   3.9539254e-01   8.0132704e-02  -1.7785235e-01  -2.3780746e-02   1.2711161e-01  -4.3352649e-01  -3.6524269e-02  -1.4591636e-01   3.1464003e-01  -1.9005042e-02   7.1202599e-02   4.5781552e-01   3.1594942e-01   3.3618963e-01   4.4198848e-02  -1.3186510e-01   5.1817317e-01  -5.6058609e-01  -1.5889524e-01  -2.1200199e-01   4.4257521e-02  -1.4906392e-01   4.8594092e-01   4.3817452e-01  -2.0336893e-01  -8.0874829e-03   4.1367341e-01   1.8852601e-01   2.3615883e-01  -1.8923889e-01  -1.8438132e-01  -2.0767806e-01  -1.5028200e-01   6.5047606e-02  -2.0941774e-01  -1.8540293e-01  -2.0627581e-01   4.5574774e-03  -2.5119622e-01   2.3914395e-01   3.6510422e-01   1.4108703e-01  -1.6961139e-01   3.7581723e-01   2.0866171e-01  -3.2653831e-01   1.2457716e-01   1.8472427e-01   2.7078588e-01   1.8512753e-01  -2.5927077e-01   6.3960737e-02   2.9300036e-01  -1.0503067e-01  -1.7942392e-01   9.6162357e-02   3.6923848e-01  -4.2375610e-02   2.4266974e-02   8.1002444e-02   4.2628394e-01  -4.6336404e-02   2.1918585e-01  -2.3195850e-01   1.7451095e-01
  -4.0846713e-02  -8.3733208e-03   2.1278601e-01  -1.1625453e-01  -1.8225541e-02   2.5006363e-02   3.5689370e-01  -2.2981579e-01  -3.4233256e-01   0.0000000e+00   2.8097660e-01   2.2266620e-01   2.0838395e-01  -2.0687548e-01   4.8494094e-01   1.5893488e-01   1.7147463e-01   1.0122041e-01  -1.1601843e-01   1.6343440e-01   1.5944342e-01  -8.5184441e-02   4.3475590e-01  -2.2562653e-01  -1.1056260e-01  -1.9273527e-01   7.5276473e-02  -3.9634726e-02  -2.4525218e-01   7.0102908e-02   1.8142665e-01  -2.5321919e-01  -9.2058382e-02   4.5077400e-01  -8.3554289e-02   3.9269779e-01   2.4281647e-01  -1.6617021e-01   2.3122311e-01   5.8052098e-02   9.6920482e-02  -1.0249766e-01   2.6334334e-02   2.3283374e-01  -8.0671757e-03   2.3643411e-02   2.9168411e-01   2.2129192e-01   1.0074017e-01  -5.9314924e-02   1.7980693e-01  -2.1547246e-01   2.2139057e-01  -4.5839415e-02  -2.1851313e-01   4.1567762e-01  -1.4661178e-01  -1.2974403e-01   5.5471790e-02  -5.7186075e-02  -1.0226564e-01  -5.4814801e-02  -3.8432453e-01  -9.0300887e-02  -2.2921625e-01   4.1633733e-01   5.3692279e-03  -1.4373040e-02  -1.3647653e-02   5.1318638e-01   2.9958792e-01  -1.8448760e-02   8.8808447e-02   1.5159562e-01  -3.0458524e-01  -2.9764203e-01  -1.6739595e-01   7.2629530e-02  -7.9586142e-02  -9.1828044e-02  -3.2614902e-01   1.6890313e-01   2.3414885e-01  -2.5462175e-01   2.5705691e-01  -1.4661971e-01  -2.4069650e-01  -2.7583256e-01  -1.2235524e-01  -4.4496362e-03  -2.4450408e-01  -1.7366716e-01   2.5723458e-01  -1.5053681e-01  -2.1887713e-01   6.7456101e-02  -1.6524752e-01  -1.9363062e-02  -1.5182055e-01   4.8514522e-01   1.3420617e-01   4.2217834e-01  -2.3140065e-01  -3.2758348e-01   4.5343142e-02  -3.8175609e-01  -1.6165798e-01   9.4265289e-03   1.9345407e-01   4.2270556e-01   5.7707745e-01   9.2909649e-03  -1.7530972e-01  -3.9287316e-02   4.5834912e-01  -1.6448443e-01   3.8247386e-02   2.9738193e-01   1.2029309e-01   2.1526467e-02  -2.1467315e-01  -1.4694539e-01  -3.3105562e-01  -2.4481759e-01  -2.0938714e-01  -1.7939617e-01   1.5360042e-01  -6.4491735e-02  -2.7026383e-01   4.8017708e-01   8.6628039e-02   4.6004062e-01  -1.1856379e-01   3.7429768e-01  -1.0431234e-01  -3.5155831e-01  -1.4836904e-01   4.3523481e-02  -2.2012202e-01  -1.0911839e-01  -3.1859088e-01   8.1290280e-02   8.7648794e-02   1.7387582e-01   4.4158986e-01  -5.8960573e-02   5.5804731e-01   3.0906869e-01   3.0521130e-01   2.1403779e-01   3.7277564e-01  -3.3708944e-01  -2.7236289e-01  -9.7902234e-02   1.4331795e-01  -1.8212258e-01  -1.7072243e-01   1.3180233e-01  -1.4569919e-01  -3.2815148e-01  -1.4229957e-01   5.8008955e-02   5.6507239e-01  -1.1764137e-01  -3.5972514e-01   1.3987522e-02   1.9589391e-01  -1.7380668e-01  -2.9051110e-01  -3.7271096e-02  -1.4700661e-02  -4.2291511e-02  -2.2606898e-01  -6.3815285e-02  -8.1338013e-02  -9.7759006e-02  -1.9906615e-01
  -1.6551892e-01  -2.5556317e-01  -9.7028824e-02   1.6871655e-01  -4.2406694e-02   3.7495306e-01   5.1032623e-01   2.8702385e-02  -2.3058734e-01   2.8097660e-01   0.0000000e+00   4.3403208e-03   2.0526060e-02  -3.4948563e-01   5.5502355e-01   4.5989976e-02  -3.5198407e-02   5.5378924e-01  -2.0074756e-01   7.3771990e-02   5.4840605e-01   1.1582961e-02   5.7429744e-01  -2.3013201e-01  -1.6122096e-01  -1.3067914e-02   1.6824581e-01   1.0734674e-01  -1.5240602e-01   2.9440469e-01   2.8535796e-01   1.4079082e-01  -2.8375069e-01   3.6997337e-01   2.0312275e-01   4.7536386e-01   1.5472666e-01  -2.9984714e-01   1.9094690e-01  -4.3994470e-01   9.9733446e-02  -3.4503707e-01   8.8967624e-02   5.5638201e-01   5.3857995e-02  -1.0264369e-01   5.6466571e-01   3.7219984e-01   3.5651255e-01  -4.7207056e-01   5.2267991e-01   1.4630078e-01  -9.9463995e-03  -2.5540963e-01  -1.3540290e-01   4.7352846e-01  -3.4739785e-02   1.5435782e-02   2.9878388e-01   2.1227339e-01  -1.6108322e-01   1.4498590e-01  -4.4964805e-01   4.6282245e-02  -3.2971438e-02   3.6836421e-01  -2.8042337e-02  -1.9474342e-01   3.0212349e-01   3.3409200e-01  -6.2874292e-03   2.3122162e-01   1.8268384e-01   9.8319921e-03  -3.8295642e-01  -1.4344692e-01  -2.0492621e-01   2.7475308e-01  -1.9155783e-01  -6.0283969e-02   2.7951275e-02  -2.3504142e-02   2.2263866e-01  -5.9693911e-02  -1.7146670e-01   1.0268537e-01  -1.7853917e-01  -3.3456146e-01  -3.4528136e-01  -1.4803650e-01  -3.0802404e-01  -3.6580416e-01   8.3961047e-02   2.9594693e-03  -2.8932874e-01   2.3654633e-02  -9.7106856e-03   1.9909885e-01   4.7586705e-02   3.5576708e-01   3.7975426e-02   7.1048302e-01  -1.3634261e-01  -2.7294447e-01   5.0133870e-01  -5.5937546e-02  -2.9646102e-01   3.1657308e-01   1.3401449e-01   4.4967593e-01   3.3335084e-01   4.0519945e-01  -8.9641866e-03  -2.6031954e-01   2.9475265e-01  -3.0866333e-01   2.7947381e-01   1.3790369e-01   9.4902062e-02   3.0645517e-01  -3.1475742e-01  -2.5870249e-01  -3.6956326e-01   1.7106932e-01  -1.8247025e-01  -1.9838964e-01   4.6061114e-01  -1.6104199e-01  -1.1114116e-01   5.8372510e-02   7.6105564e-02   5.9919127e-01  -3.4358983e-01   4.1688826e-01  -6.5890979e-02  -1.4618087e-01  -1.6651395e-01   1.0578348e-01   5.8430811e-02  -2.3937724e-01  -3.0869488e-01   6.7246612e-02   5.2987945e-01   2.4362586e-01   6.5710165e-01   2.4651484e-01   1.0905810e-01   1.9135920e-01   4.5755085e-01   7.2333558e-02   2.2254816e-01  -1.0191854e-01  -2.7282557e-01   1.7876475e-01  -3.7708716e-01  -1.9776917e-01  -2.7405515e-01   2.5741980e-01  -3.0111231e-01   1.1137540e-01   6.3612790e-03   5.3925989e-01   3.7297819e-01   4.4440409e-01  -4.6751068e-02  -1.4476645e-01   5.0736700e-01   1.6045679e-01  -2.6063762e-01  -1.8300539e-01  -1.3474655e-01  -2.4165665e-01   5.4027995e-02   6.4077833e-02  -9.8941439e-02  -1.0747192e-01  -1.2518413e-03
  -8.6833822e-02   6.8516464e-01   2.9994623e-01  -3.0509112e-01   4.6657953e-01  -1.5527363e-01  -3.2274081e-02  -3.2753127e-01  -1.8177639e-02   2.2266620e-01   4.3403208e-03   0.0000000e+00  -1.1775852e-01  -3.2347365e-01   2.2392034e-01   1.3939298e-01   3.6078754e-01  -1.8038760e-01  -2.0027723e-01   3.2340906e-01  -1.4416274e-01  -3.4097831e-01  -1.5783928e-02  -3.2911604e-01  -6.8922618e-02  -7.7497550e-02   2.3431378e-01  -1.5023987e-01  -3.1331709e-01   1.2693751e-01  -2.7284913e-02  -1.4134977e-01  -5.7998070e-02   4.7805048e-01  -2.5432725e-01   2.2446174e-01   3.0966477e-01  -3.5437700e-01   1.4922773e-01   7.7343008e-02  -1.2641729e-01  -1.2761226e-01   4.1603931e-01  -1.3754248e-03   5.7953752e-01  -7.6422767e-02  -7.8961688e-02   5.6215147e-02   1.5447007e-01   3.1498288e-01  -8.5280265e-02  -2.0939776e-01   6.4151590e-01  -1.1016878e-01  -4.2486532e-02   2.3102427e-02  -7.3039859e-02  -2.6252289e-01  -1.3463594e-01  -6.9359744e-02  -6.7070329e-02   1.0158597e-01   2.5385942e-01   3.2262538e-01   2.0094644e-01   2.5440661e-01   3.6870421e-02   2.9838791e-02  -3.1021802e-01   1.4897097e-02   5.2578433e-01  -2.0279153e-01   4.1438007e-02   2.4917348e-01  -2.5541213e-01  -2.3508394e-01  -4.8488350e-03  -9.4646183e-02   6.5307174e-01  -5.3572297e-02  -3.3548089e-01   6.3723525e-02   3.5992184e-01  -1.9813001e-01   2.1556724e-01  -8.5410144e-02  -1.5165141e-01  -3.3186720e-01   1.5347476e-01   8.6696019e-02   4.3813643e-01  -1.5973650e-01   4.2380131e-01  -2.0976486e-01  -2.4323768e-01   3.5008143e-01  -2.4199123e-01  -2.2536962e-01   9.3598547e-02  -5.3568866e-02  -8.4319040e-02   2.5928089e-01  -1.8266143e-01   6.2548714e-02  -1.6729196e-01  -2.4053870e-01  -1.7345146e-01  -1.0094238e-01   2.0154504e-01   9.1101459e-02   4.3677799e-01  -1.5564471e-01  -1.5260820e-01  -7.8632510e-02   4.7449925e-02   1.9195307e-01  -1.7898106e-01   3.5388162e-02   5.9510057e-02  -2.3762875e-01  -2.7452689e-01   5.1241188e-01  -3.2229135e-02   1.7359461e-01  -2.9384061e-01  -1.7807856e-01   3.2436121e-01   1.6806288e-01  -3.0466966e-01   2.4427465e-01  -6.6795481e-02   3.1467672e-01   3.1378478e-01   1.5284121e-01   1.7729207e-01  -3.5345975e-01  -6.8926308e-02  -9.1810715e-02  -1.3241083e-01  -3.2957050e-01  -2.3320527e-01  -9.5016533e-02  -6.8627327e-02   3.1343753e-02   1.5794490e-01  -1.0762914e-01   5.1764638e-01   3.6988743e-01   1.5508192e-01  -3.4474597e-02   7.3764678e-02  -3.0724445e-01  -2.8842119e-01   4.4890269e-01   4.1416095e-01  -2.5119330e-01  -1.6963360e-01  -4.2010626e-02  -1.8972610e-01  -3.4528884e-01   1.1045673e-01   7.2247895e-02   8.6256759e-02  -2.7533904e-01  -1.8766896e-01   4.7754429e-01   5.5753965e-01   4.8776137e-02  -3.4165425e-01   4.0729186e-01   6.3862539e-01  -6.2297103e-02  -1.4288271e-01  -2.1634251e-02  -1.6861724e-01  -1.1244395e-01  -2.7715012e-01
  -9.2253875e-02  -2.2108504e-01   7.8330457e-02   3.8645829e-02  -3.8108499e-02  -4.8152277e-02   1.6637603e-01  -3.2585137e-02  -2.9559441e-01   2.0838395e-01   2.0526060e-02  -1.1775852e-01   0.0000000e+00  -7.6598615e-02  -7.1938700e-02   5.5994427e-02   3.6783426e-02   9.2421394e-02  -2.4933686e-01   3.0665658e-02   5.4621725e-02   8.5221412e-02   1.1314599e-01  -7.4947641e-02  -1.5729106e-01   2.7609666e-02  -1.5555901e-01   3.0398306e-02   1.6311939e-01   1.5758361e-01  -2.7068674e-01  -2.5644323e-01   6.0114468e-03  -2.4208602e-03   1.0975274e-01   1.2246900e-01   5.5166732e-02  -1.1278854e-01   2.9540823e-01  -1.2848831e-01   5.1818448e-01  -1.3513500e-01  -2.1074586e-01  -2.5858407e-02  -3.3874784e-01   1.3336141e-01   9.4220108e-02   1.1317861e-01  -1.2699362e-01  -1.0319050e-01   1.8908943e-02  -2.3487997e-02  -2.4563778e-01  -2.0615507e-01  -2.6544937e-01  -2.8740097e-02   6.8352113e-02   5.9237931e-02  -2.7111668e-02  -5.3143863e-02  -2.7380084e-01  -1.7338811e-01  -3.0230366e-01  -2.7903981e-01  -2.0144856e-01   1.5780108e-01  -1.1095842e-01  -2.8761813e-01   1.9479353e-01   3.2969342e-01   1.5031663e-02  -1.8492945e-01   1.4316433e-01   1.1241377e-02  -2.6123340e-01  -7.9556394e-03  -2.8380412e-01   5.4866213e-02  -1.4112037e-01  -2.3295092e-02  -5.6665428e-02   8.2922858e-02  -1.4960532e-01  -1.0520313e-01   8.8194899e-02  -7.6703917e-02   3.4564566e-02  -1.2717846e-01  -2.3640479e-01  -8.1307238e-02  -1.9442875e-01  -1.8091840e-01  -1.1063678e-01  -1.9090802e-01  -1.3716633e-01  -1.4700103e-02  -3.8705892e-02  -1.2897803e-01  -2.9378898e-01   4.4987579e-02  -2.5732195e-02  -7.1651855e-02  -5.1200701e-02  -2.8587565e-01   5.8661146e-02  -8.6048118e-03  -3.6709962e-01   7.4174319e-03  -8.2902844e-02   1.6000380e-01   4.3388067e-02   1.7190444e-01  -2.1056958e-01  -1.1034685e-01   1.1847968e-01   7.2762320e-02  -1.2702802e-02   4.7617190e-01   1.4411545e-01   3.2821117e-02  -1.9111178e-01  -1.3229191e-01  -1.9000103e-01  -6.5252878e-02  -3.8888842e-03  -9.6547865e-02  -1.8370207e-01  -8.8066792e-02  -1.1321260e-01   2.8832997e-01   3.2893540e-01   4.3897331e-02  -2.2105021e-01  -8.1715155e-02  -2.2904466e-01  -9.1235951e-03  -6.7225322e-02   1.6345719e-01  -1.1346083e-01  -2.3763761e-01  -2.4471787e-01   4.4353612e-01   2.2642587e-01   2.0100038e-01   1.0575257e-02  -5.0723088e-02   1.0996260e-01   1.0619873e-01   2.1670878e-02   1.3928849e-01   1.3594844e-01  -5.3019471e-03  -2.1879057e-01  -9.7662077e-02   1.5291972e-03  -2.3867667e-01  -2.2590903e-01   3.6155602e-02  -2.8933760e-01  -3.1179734e-02  -2.0157421e-01   8.1560929e-02   1.2358042e-01   4.7195885e-02  -7.2229368e-02  -1.2658806e-01  -7.4019176e-02  -2.5992499e-02  -3.3269752e-01  -1.6219768e-01  -1.6687722e-01  -2.2938149e-01  -2.1035095e-01   1.6501721e-01  -4.0510167e-01  -1.9070062e-01   5.4711620e-02
   3.5955916e-01  -7.7761292e-02  -1.5470095e-01  -1.7059191e-01  -1.8157753e-01   1.8710625e-02  -4.6383767e-01   2.8723514e-01   4.8275118e-01  -2.0687548e-01  -3.4948563e-01  -3.2347365e-01  -7.6598615e-02   0.0000000e+00  -3.2653356e-01  -3.0133124e-01  -1.9661267e-01  -3.4801028e-01   4.3578700e-01  -2.9524940e-01  -4.2614410e-01   1.8368673e-01  -4.1799432e-01   6.7340670e-01   1.2438991e-01   1.7165584e-01  -1.9352608e-01   3.8985004e-01   1.1119171e-01  -3.5009869e-01  -9.7471281e-02  -4.3923837e-02  -4.2632720e-02  -4.1158116e-01   3.7476393e-01  -4.6368852e-01  -3.2633364e-01   5.8237057e-01  -4.5040586e-01   7.9590395e-02  -1.4590396e-01   4.7390358e-02   6.0172619e-02  -4.2990690e-01  -2.4873636e-01   4.8852593e-01  -3.6597089e-01  -4.2390814e-01  -3.9301089e-01  -4.7822212e-02  -3.6896456e-01   2.2385263e-01  -2.3428337e-01   8.4363021e-02   1.6187827e-01  -3.0307628e-01   3.1712836e-01   2.9289802e-01  -4.1069144e-01   3.8905309e-01   3.9297672e-01  -1.5811665e-01   2.6340235e-01  -1.1682336e-01  -1.0610654e-01  -3.2370721e-01  -1.3915181e-02   1.0362004e-01  -2.5153056e-01  -2.3696963e-01  -3.5359481e-01  -1.5906768e-02  -3.7051279e-01  -5.2787234e-02   2.5473401e-01   3.7639213e-01   4.7556845e-01   7.3088849e-02  -1.5515780e-01  -3.1798279e-01   1.8774437e-01  -1.6586358e-01  -4.4227256e-01   2.8906990e-01  -9.5398713e-02   2.1476541e-01   3.3068103e-01   6.2357407e-01   1.9827805e-01   3.4274603e-01   1.0062474e-01   4.6487301e-01  -3.4653902e-01   4.2185529e-01   6.9297910e-01  -1.4249348e-01   4.0721412e-02   2.4399922e-01  -8.3006240e-02  -1.5360857e-01  -2.6296800e-02  -4.4955640e-01   1.0374191e-01   4.7444260e-01  -3.1396182e-01   4.3019835e-02   3.2395516e-01  -2.0756247e-02  -4.0253582e-01  -5.2583255e-01  -5.6088474e-01  -1.6572095e-01   1.4296052e-01   5.4219422e-01  -3.8029857e-02  -1.0209785e-01   4.4623139e-02  -2.2562228e-01   3.0213500e-02  -1.9653116e-01   6.6165813e-01  -7.1705252e-02   1.7651923e-01  -1.9289241e-01   6.8897128e-01   7.1857210e-01  -2.6946710e-01  -2.0871018e-01   3.4755278e-01  -3.4602967e-01  -9.1791037e-02  -5.4370043e-01   2.2264242e-02  -4.2693255e-01   2.2666848e-01   4.2512318e-01  -2.0350921e-01   7.2036720e-02   3.2211842e-01   5.0609646e-01   5.5454747e-01  -1.2089901e-02  -1.6222439e-01  -2.8373209e-02  -3.9541552e-01  -2.7629622e-01  -4.0848545e-01  -3.6583724e-01  -3.4803095e-01  -2.3505217e-01  -1.1933040e-01   2.3532830e-01   6.0049658e-01  -2.0975987e-01  -9.4498821e-02   6.0448969e-01   5.6013841e-01  -3.7587056e-01   4.0841808e-01   6.8445525e-02   5.3214395e-02  -9.3014129e-02  -3.9731884e-01  -1.7698345e-01   1.7847105e-01  -3.0110402e-01  -4.6501938e-01   7.9798561e-02   5.9411241e-01  -2.6332637e-01  -1.4644395e-01   4.1679211e-01   6.5822347e-02  -1.8304018e-02   4.8996037e-02  -1.4637797e-01   2.4866063e-01
