   0.0000000e+00  -9.9236355e-02  -3.9627438e-02  -2.5528242e-01   3.5526997e-01   5.7335877e-02  -2.3317401e-01  -1.8921715e-01  -2.6766833e-02   5.9360432e-03  -3.8091567e-02  -1.1569207e-01   1.3179763e-01   1.6699692e-01  -3.6009705e-01  -1.9680437e-01   1.3303000e-02   2.2548780e-01   2.2312775e-01   1.5050038e-01  -6.3195447e-02   9.0654211e-03  -2.8127513e-01   4.4230676e-01  -1.3475604e-02   1.3547844e-02  -1.1379472e-01  -8.7104386e-02   1.4586025e-01   1.7476888e-01  -3.4190936e-01   1.3571691e-01  -2.2394794e-01  -7.0815782e-02   1.9126908e-01  -7.6559271e-03   1.0214819e-01   1.4074614e-01  -1.2787494e-01   1.5798373e-02  -3.1846278e-02  -1.2408471e-01   2.2883778e-02  -1.4175127e-01   9.0455577e-02   5.0166736e-01   1.0334213e-01  -2.3158698e-01   7.1392485e-02  -1.0112830e-01   1.4440152e-01   1.8300006e-02  -2.2497189e-01   2.6305075e-01   2.1086875e-01  -2.2953620e-01   2.5796833e-01   2.7093081e-02  -2.4139583e-02   3.4555106e-01   2.0029733e-01   1.2465562e-01   1.1488403e-01  -2.1163029e-01  -5.7194697e-03   1.5904248e-01  -9.0783535e-02   3.8672577e-01  -2.2603604e-01   2.8324820e-01  -2.2827306e-01   1.7052409e-01   1.8598801e-02   1.4452661e-01   1.9842154e-01   2.3827543e-03   8.6561460e-02  -1.2852240e-01   1.5809293e-01   1.0945862e-01  -2.4842132e-01   1.8278029e-01  -4.5723913e-01  -4.1300971e-02   2.0014062e-01  -9.8127006e-02  -7.8275241e-02   2.9171568e-01   9.2251233e-02   6.5929880e-01   2.3671349e-01   2.1372228e-01   1.5072482e-02   1.5323296e-01   1.2779240e-01   2.9284942e-01  -1.0666229e-01   1.9875442e-01   2.0409686e-01   7.8364903e-02  -2.3824846e-01  -1.0070447e-01  -3.6139702e-01   2.7928997e-01   2.0583801e-01   2.0656877e-04   1.7680773e-01  -5.9239032e-02   1.6452995e-01  -1.8801465e-01  -1.4289452e-01  -1.6050846e-01  -6.1374921e-02   7.9019553e-01  -5.4001168e-02  -8.2029395e-02  -1.8904430e-01  -3.8294834e-02  -1.1668065e-01  -3.8463454e-02   3.4980215e-01   2.7311798e-01  -2.3988407e-02   3.4005710e-02   5.7926087e-01   4.0885577e-01  -1.9097956e-01   8.8915304e-02   1.9292545e-01  -2.7234569e-02  -1.6459456e-01  -2.8071736e-01   9.6523983e-02  -3.8685843e-01   2.0210105e-01  -3.4677341e-01   1.3658354e-01  -3.2486272e-01  -2.4787917e-01   4.7911973e-01   6.3262126e-01   2.2142505e-01  -2.4560517e-01   1.5935906e-02  -2.9366116e-01  -1.2111661e-01  -2.6764123e-01   1.8843059e-01   4.6931178e-02   2.0861431e-02   1.9583024e-01  -3.0063086e-01   4.8166169e-01  -2.3325063e-02   1.1631528e-01   4.4625544e-01   4.5874976e-01  -2.4912821e-02   9.6882401e-02  -1.4096531e-01   1.4147153e-01  -9.0961204e-02  -1.9079889e-01   2.4777644e-01   4.4572168e-02  -1.6544077e-01  -2.4583916e-01  -1.4977396e-01   6.1848392e-01  -1.6603522e-01  -7.2678859e-02  -1.1250377e-01   2.6219541e-01   1.6523341e-01   8.5622532e-02   6.3150219e-02   1.1588094e-01
  -9.9236355e-02   0.0000000e+00   2.7321823e-01  -5.7306795e-02   2.4480803e-01  -2.2422770e-01  -4.7755692e-02  -4.0631250e-01   3.3493946e-01   2.7065540e-01  -2.0145092e-01   4.6390624e-01   2.2533132e-02   7.3089007e-02  -1.3023862e-01  -2.2306339e-01   2.0975960e-01   2.0511703e-01  -1.4424957e-01   4.0251690e-01   2.2876678e-02   3.7416503e-01  -2.5639571e-01  -3.6278473e-01   2.0822114e-01  -1.8322206e-01   1.3644315e-01  -4.0561984e-01   1.0551534e-01   2.9275832e-01  -2.9212038e-01   6.4115499e-02  -3.2661383e-01   1.6974320e-01   2.0325282e-02   1.8825164e-01   6.5463571e-02   1.4872948e-02   8.5043819e-02   3.6470992e-01  -8.6217583e-02  -2.4289866e-01   2.3178382e-01  -2.0291218e-01   2.1114753e-01  -1.7556008e-02  -1.7993490e-01   2.1563204e-01   1.3712458e-01  -6.1316183e-02   7.7260577e-03  -2.4182915e-01   1.8742654e-01   9.9627992e-02  -1.4017450e-01  -9.2109734e-02  -1.0917299e-01   2.4704483e-01  -1.5761851e-01   3.1343399e-01   1.1195558e-01   2.5599353e-01   3.3327963e-01  -2.0636142e-01   1.8911332e-01   2.3238335e-01  -2.7401402e-01   2.8373887e-01  -2.1369821e-01  -2.3192734e-01   4.5956693e-01  -4.3337047e-02   2.0301130e-02   2.1715712e-01   1.4820266e-01   7.3599082e-05   8.2118389e-02  -7.7109917e-02   3.4400676e-01  -9.5924663e-03  -4.5298004e-01   1.6528069e-01   8.6658191e-03  -3.7603560e-01   2.2676033e-01  -3.1907289e-01   2.3049191e-01  -2.0888448e-01   3.2577167e-01  -1.4949149e-01   1.9011020e-01  -2.6479985e-02   3.7972044e-01   1.6607998e-01   9.6605169e-02   2.8794618e-01  -1.1701553e-02  -1.9992986e-01   6.8072223e-02   3.0237416e-01  -2.0519338e-02   1.4823291e-02   1.1478459e-01   1.7839254e-01   9.8808700e-02   2.9144020e-01   1.6746380e-01  -3.3829969e-01   3.4285444e-01   1.4050237e-01   9.4017425e-02   1.6758762e-01   1.6271687e-01  -1.2854356e-01  -5.0772298e-01  -6.8625303e-03  -4.0557826e-02   1.5517056e-01  -2.8451101e-01  -7.2556435e-02  -3.6134709e-01   3.2643223e-01   1.1961231e-01   2.9153145e-01  -3.2871228e-01   5.1056498e-02   3.6410201e-01   2.0158465e-01   2.5441942e-01   4.0315934e-02  -3.9845921e-01  -1.9957612e-01   1.8941394e-01  -1.5402040e-01   9.9023453e-02  -2.6068204e-01   1.0468071e-01  -2.0737773e-01  -3.7290460e-01   8.2013628e-02  -1.4309959e-01   8.3359355e-02  -4.7257466e-01   1.2941329e-01  -3.4440054e-01   8.6740981e-02   1.9088229e-02   2.9549378e-02   1.0690654e-01   2.4749402e-01  -2.9456108e-01  -3.3933756e-01   3.1389025e-02  -1.2335300e-01   3.2757531e-01  -4.3242484e-01  -3.7308384e-01  -1.7367862e-01  -3.9542368e-02  -2.9154792e-01   1.2794350e-01  -3.1971189e-01   1.7114629e-01   1.4620038e-01   1.5395383e-01   1.9293252e-01  -3.7551973e-02  -2.5424121e-01  -1.1868096e-01   1.2829129e-01   1.5148105e-01  -2.5513669e-01   2.0639771e-01   1.1837444e-01   5.4932267e-02  -1.4178606e-01   3.7286639e-01
  -3.9627438e-02   2.7321823e-01   0.0000000e+00  -2.9367388e-01   1.4216391e-02  -1.9171298e-03   1.8413308e-02  -6.1334466e-02   2.5658612e-02   2.4618377e-01  -2.2755240e-01   4.8577288e-01  -8.8960143e-02  -1.6431350e-02   1.9011853e-02   9.1376920e-02   7.4910502e-01  -2.4653931e-01  -1.3129765e-01   1.9337554e-01  -2.4775219e-01  -1.6906604e-01  -2.7627594e-01  -8.1027949e-02   3.0469355e-02  -5.2330595e-02   2.6618636e-01  -1.3590563e-01  -1.8007945e-01  -1.8944196e-01  -2.0892758e-01  -2.0830655e-01  -3.7329867e-02   4.7444867e-02  -2.5487428e-01  -1.1113334e-01  -1.5370700e-01   1.0826645e-01  -1.7940086e-01   6.3165585e-01  -3.1958225e-02   1.3095959e-01   8.8338782e-02  -1.8115329e-02  -1.6616851e-01   3.5780892e-01  -1.9721165e-01  -1.3095054e-01  -3.7239192e-01   4.3546540e-01  -3.3939964e-01  -5.5289507e-02  -1.3220930e-01   2.5479061e-02   1.4459622e-01  -3.3182864e-02  -1.1837152e-01  -2.0903148e-01  -2.3163080e-01  -9.6284682e-04   3.1399106e-01   2.3283922e-02   2.0849936e-01  -3.6028108e-01  -3.4969641e-01  -2.3288262e-03  -2.9562516e-02  -1.4234836e-01  -2.1877421e-01   3.0678444e-02   3.0983627e-01  -2.8708607e-01  -3.1724849e-01   3.3616962e-01  -4.6010898e-03  -2.2573976e-01   3.8625697e-01   4.4982624e-02   2.6581077e-02  -9.4912283e-02  -6.2842195e-02  -7.7995967e-02  -1.9143835e-02   2.6511249e-02   5.0383938e-01  -2.6785169e-01  -1.5204827e-01   4.2988151e-03   9.3236354e-02  -6.3990603e-02   1.2262314e-01   4.1551649e-01   5.6318033e-01  -3.3557568e-01   2.0873336e-01   2.5025218e-01  -1.0378192e-01  -2.4646957e-01  -1.3290984e-01  -2.1676207e-01   1.1432100e-01  -1.2030560e-01  -4.2278097e-02  -1.9821223e-01  -2.4218478e-01  -1.6447789e-01   2.3773836e-01  -1.8386427e-01  -3.5074416e-02   5.0354468e-02   3.6519503e-01  -2.6451395e-01  -2.2761305e-02  -2.0278763e-02  -1.8039314e-01  -1.2152802e-01  -6.3839542e-02  -2.8198263e-01  -2.6129256e-02  -2.0621733e-01  -8.8302488e-02   2.9922975e-01   2.9975378e-01  -2.1740787e-01  -6.3284129e-02  -4.4074053e-02  -1.4280956e-03   3.8595386e-02  -1.1164118e-01   3.1077345e-01  -1.2083097e-01  -1.7891956e-01   4.2123361e-02  -1.5327256e-01   4.5192780e-02  -1.8985594e-01  -5.9841247e-02   7.7335428e-03  -1.9286511e-01   9.9085525e-02  -5.1508270e-03   2.9226863e-02  -2.3889156e-01   1.0566866e-01  -2.2967914e-01  -2.2717737e-01   2.8205756e-01   4.7723908e-02   1.8201154e-01  -3.1533793e-01   1.5276081e-01  -5.5435821e-02   1.2430778e-02  -2.4109800e-01   7.4931552e-01  -1.5807469e-01  -4.0296991e-02  -1.7701057e-01   3.3942887e-01   4.8115917e-02  -1.9313214e-01  -2.1689610e-01   8.0874636e-02  -1.9605267e-01  -1.8657908e-01   3.1420525e-01  -1.7111935e-01  -1.4867420e-01   3.7759897e-02   2.7367304e-01   7.7753795e-02  -7.0163724e-02  -2.5741496e-01   4.0723664e-02  -6.4477904e-02   1.4376554e-01  -1.5747526e-01
  -2.5528242e-01  -5.7306795e-02  -2.9367388e-01   0.0000000e+00  -3.3372909e-01   1.7016889e-01  -1.7975020e-01   2.3243270e-01  -4.9257557e-02  -4.4796823e-01   2.1507213e-01  -2.6741586e-01  -1.2675649e-01   2.9895616e-02   4.5059657e-02   4.1860603e-01  -2.3012428e-01  -6.1920198e-02  -5.4093484e-02  -4.0813082e-01   2.3266796e-01   2.6695959e-01   2.6382931e-02  -1.3764424e-01   2.4898830e-01   2.6747173e-01   7.9156080e-02   1.1748452e-02  -6.9724187e-02   1.3072996e-01   2.5274922e-01   1.1786758e-01   3.9428361e-01  -2.6638768e-01  -1.3850850e-01  -2.1924812e-01  -1.4333598e-01  -8.2049915e-02   3.6161671e-01  -3.1486685e-01   1.3352730e-01   2.8299427e-01  -3.4374341e-01   1.2694800e-01  -1.6155545e-01  -2.2376193e-01   2.6882475e-01   2.3807338e-03  -2.2792252e-02   7.7526124e-02   2.3339058e-01   3.7341718e-01  -1.2850550e-01   8.0268337e-02   5.8492157e-02   8.6936808e-02   9.8181418e-02   1.9051469e-01   3.6572014e-01  -2.3698645e-01  -4.6750421e-02  -2.2301372e-01  -2.0346579e-01   4.6694873e-01   7.6380160e-02  -2.5745191e-01   1.5436488e-01  -9.8352767e-02   5.1395910e-01  -1.5646831e-01  -2.0838460e-01   2.3701467e-01   3.1706065e-02  -9.3048604e-02   8.8124740e-02   2.8226269e-01  -3.2968156e-02   1.2352432e-02  -3.2941189e-01   1.9751673e-01   1.0796826e-01  -1.2747080e-01  -5.1705359e-02  -3.5382269e-02  -2.4711673e-01   2.8624681e-01  -2.5973122e-02   3.2116068e-02  -3.2664155e-02  -3.2024984e-02  -2.2819139e-01   2.9176090e-02  -2.9431740e-01  -2.5997976e-02  -1.0263766e-01  -3.0063084e-01   2.4387068e-01   1.8147959e-01   1.5527603e-02  -4.6721241e-02  -2.0637249e-01   2.8011548e-02   3.5707665e-01   3.2524240e-01   2.8087300e-01   1.0718137e-01   3.5374564e-03   4.0261052e-01  -1.3048574e-01  -7.7482228e-02  -2.6703852e-01   3.7443848e-01   5.1985953e-01  -1.5933111e-01   5.2825804e-04  -6.5077064e-03   2.5304738e-01  -3.4091952e-02   7.8002253e-02   4.6534606e-01   2.6526967e-01  -3.7555586e-01  -1.1672686e-01  -5.1044477e-03  -4.0200187e-03  -3.3382063e-01  -9.2608891e-02   7.8478525e-02   3.5649468e-02  -3.1314113e-01   2.9902357e-01   3.6941339e-02   4.4970746e-02   1.1938489e-01  -1.8713331e-01   3.0012297e-01   2.2810688e-02   9.8370808e-03   1.5767051e-01  -5.4886687e-02  -1.0602303e-02  -1.6502889e-01   4.6634485e-01  -4.4290704e-02  -1.0424229e-02   4.0497664e-01  -2.1617981e-01  -1.3712995e-01  -3.1349045e-01   3.0484286e-02  -9.0385123e-02   8.6736863e-02   5.9804539e-02   1.5812056e-01  -2.5648880e-01   8.0321626e-02   1.9594972e-01   3.4144191e-01   3.0734826e-02   3.0933285e-02   4.6874764e-02   5.8264639e-01  -1.0588514e-01   6.1928341e-02   2.6514988e-01  -2.2742694e-01   1.0908784e-01   1.2871125e-01   1.6623656e-02  -8.2581607e-02  -2.3475810e-01   1.8025926e-01   7.9063196e-02  -4.3742175e-02   6.8491655e-02   1.5180729e-01   9.9770694e-03
   3.5526997e-01   2.4480803e-01   1.4216391e-02  -3.3372909e-01   0.0000000e+00  -3.0228600e-01  -2.2212284e-01  -2.2221849e-01   3.2943197e-01   3.7605170e-01   1.5278565e-02   7.5502928e-02   4.0743503e-01  -1.7712570e-01  -4.8835080e-01  -4.2080939e-01   1.7612812e-01   4.5825665e-01   1.5676415e-01   7.6401521e-01  -1.7128727e-01   2.4047172e-01  -4.1424058e-01   2.3521297e-01  -2.3386423e-04  -7.6336351e-03   2.3128001e-01  -1.4294219e-01   1.5843229e-01   3.2759980e-01  -5.0488206e-01   2.3983352e-01  -4.1889026e-01   3.7995485e-02   1.8181497e-01   5.0198330e-01   3.5586567e-01  -4.6353922e-03  -7.1065850e-02   4.2776731e-01   1.6413028e-01  -3.4241698e-01   3.5699349e-01  -2.6057462e-01   3.9919649e-01  -8.6542746e-03   1.2965719e-01  -1.4653880e-01   1.5257387e-01  -2.3099068e-02   1.5397045e-01  -9.0940704e-02   2.1234711e-02   1.6405662e-01  -1.3442452e-01  -2.6963162e-01  -5.3045120e-02   3.0643092e-01  -7.6483347e-02   4.6729294e-01   6.5255215e-02   3.5310613e-01   5.5332926e-01  -3.7300633e-01   3.0444015e-01   3.6416195e-01  -2.8276811e-01   5.0529909e-01  -2.4390982e-01  -1.9878116e-01   3.1195189e-01   2.5748976e-01   4.0123966e-01   6.9987426e-03   1.4207323e-01   1.5989850e-01  -1.0518706e-01  -6.2698087e-02   6.7778759e-01   6.5467755e-02  -4.2829691e-01   4.3322612e-01  -5.1841025e-01  -1.1974525e-01  -4.4461793e-02   4.2238527e-02  -2.3362952e-01  -2.0967830e-01   1.8970593e-01   2.2553461e-01   7.2130150e-01   7.6931270e-02   9.7503857e-02   4.1193525e-01   3.4452796e-02   7.7774698e-01   3.3949501e-02   6.6000221e-02   5.5380602e-01   1.5091201e-01  -4.6044841e-01  -1.4494045e-01  -3.1871939e-01   1.5792540e-01   3.1429990e-01   2.8536282e-01   2.7163508e-02  -1.3711642e-01   2.5773544e-01  -7.0363161e-02  -2.6897400e-01  -1.5523623e-01   7.3730605e-02   2.6643220e-01  -3.4124535e-01   3.4305960e-01  -5.9978133e-03   1.9909507e-01  -4.0101542e-01  -1.0094649e-01  -3.6616812e-01   5.4821233e-01   1.4813073e-01   2.2338730e-01  -8.4386635e-02   3.0052530e-01   1.0876256e-01   1.6654330e-01   3.9869914e-01  -4.0151524e-01  -4.1169335e-01  -2.1355736e-01  -1.6289497e-01  -3.9531894e-01   5.2253801e-01  -1.9318615e-01   1.4565064e-01  -4.5029587e-01  -1.8308999e-01   2.8119459e-01   1.7714712e-01   2.7288891e-01  -4.1852025e-01  -2.4123811e-01  -3.7962198e-01  -7.3883999e-02  -1.4159681e-01   4.5832723e-01   5.7316070e-02   1.8100733e-01  -1.7628670e-01  -3.6309744e-01   5.8059973e-02   9.8793233e-02   2.0124218e-02   1.5836077e-01  -1.7111552e-01   8.7542617e-02  -7.1565974e-02  -2.4958598e-01   3.7368551e-01  -3.4904656e-01   1.5220157e-02   4.5211446e-01   1.7737684e-01   9.6959659e-02  -1.3024360e-01  -2.3458124e-01  -3.9305470e-02  -1.5250058e-01   3.7536053e-01  -3.9310668e-01   5.2412027e-01  -1.4241076e-01   1.4962153e-01  -1.2436197e-01   4.1069069e-01
   5.7335877e-02  -2.2422770e-01  -1.9171298e-03   1.7016889e-01  -3.0228600e-01   0.0000000e+00   2.5220033e-01   1.7742001e-01  -1.6257683e-01  -4.5368421e-01   1.8196194e-01  -3.8865423e-01  -7.6756275e-02   3.2712477e-01   1.2823305e-01   2.4181647e-01  -1.1772520e-01  -8.8666791e-02   1.1783886e-01  -4.5491051e-01   1.4967934e-01  -7.7940377e-02   3.3587792e-01   1.0156262e-02  -2.0670755e-01   4.3806140e-02   1.3476083e-01   3.7688488e-01  -1.1844514e-01  -1.2182778e-01   2.1233956e-01  -1.7648906e-01   1.3449341e-01  -1.1336705e-01   2.7673133e-02  -1.2272791e-01  -1.0918441e-01  -9.5075532e-02   1.9949085e-01  -2.7014207e-01   1.2935202e-01   1.0277858e-01  -2.6118318e-01  -2.7233310e-03  -3.1925209e-01   1.1455640e-01   1.6454077e-01   1.1086676e-01  -2.8238320e-03  -2.3002758e-01   7.9599304e-02  -1.8853831e-02  -9.4329366e-02   1.5282427e-02   2.0237854e-01   1.6097562e-01   4.5972799e-01  -1.2588361e-01   1.2621922e-01  -1.4555543e-01  -7.6390966e-02  -2.5128692e-01  -3.2267195e-01   2.7598216e-01  -1.1027927e-01   8.4676171e-02   7.2521483e-01  -1.3897247e-01   3.5435227e-01   3.8011761e-01  -3.7661175e-01   6.1110837e-02  -1.3087735e-01   1.7015280e-01  -4.6652068e-02  -2.0374053e-01  -1.2315595e-01  -7.0656178e-02  -3.4841898e-01  -1.7712140e-03   4.0869339e-01  -1.7729774e-01   1.5279205e-01   8.2258697e-02   8.3281206e-02  -2.8025501e-02  -3.0257933e-02   2.3643831e-01  -2.0023118e-01   1.3967546e-01  -3.5169050e-01   1.8223060e-02  -2.4928181e-01  -1.6129160e-01  -2.3518754e-01  -3.2614425e-01   8.7560706e-02   2.1004896e-01  -3.8350865e-02  -1.3330190e-01   6.5356479e-02  -2.5063195e-01   1.1841298e-01   2.5377536e-01  -6.9335470e-02  -2.2338411e-01   1.0940909e-01   3.5266320e-01  -2.2460494e-01   7.6271776e-02   1.0752314e-02   2.5554204e-01   6.1650543e-02   2.0091000e-01   3.1542121e-01  -2.7253203e-01   8.5940106e-02  -1.3756783e-02   5.6140897e-01   1.5894710e-01   3.6570082e-01  -4.7927871e-01  -3.2293722e-01  -1.8981113e-01   3.2589748e-01  -6.6324677e-02  -3.5783297e-01  -2.7834920e-01  -5.2543174e-02   2.6131095e-01   1.3238215e-01   1.4766785e-01   2.6939472e-01   8.9460644e-02  -2.0831740e-01  -6.5361059e-02  -2.1642365e-02   2.7647808e-01   2.5564882e-02  -2.4670010e-02   1.5246347e-01   1.2225121e-01   2.7952830e-01   5.4992572e-01   9.8915166e-02  -3.8410916e-02  -1.4843341e-01   8.7270078e-03   2.8385844e-01  -7.1039053e-02   2.6465828e-01   1.8595657e-01   1.9193512e-01   1.3889745e-01  -9.9468484e-02   1.7092246e-01   1.7125347e-01   2.0938023e-02  -5.6302290e-02   1.7509545e-01   3.9089673e-02   3.0212240e-01  -1.9482513e-01   1.5639415e-02   3.3814477e-02  -1.4243131e-01   6.7044032e-02   3.7653044e-01   2.6805742e-01  -2.1095969e-01  -3.3375149e-01  -7.3480470e-02  -6.8164722e-02   5.8478786e-01  -7.3095635e-02   3.6072744e-02  -1.4259237e-01
  -2.3317401e-01  -4.7755692e-02   1.8413308e-02  -1.7975020e-01  -2.2212284e-01   2.5220033e-01   0.0000000e+00   3.3249043e-02   1.2717388e-01   2.0678949e-01   2.8637164e-02   9.6759639e-02  -1.0475780e-01  -4.0317739e-02   5.6283888e-01  -9.9662737e-02  -2.6185112e-01  -1.1858687e-01  -4.2884795e-02  -2.3627827e-01  -6.7030297e-03  -3.2647095e-01   7.0348597e-01  -1.2362163e-01  -1.8316359e-01  -2.2517155e-01   7.4733012e-02  -2.8742931e-03  -1.6642499e-01  -1.9728387e-01   2.8182477e-01  -3.3532784e-01  -1.6637910e-01   5.4954724e-01   6.8556884e-02   3.1527134e-01   9.8074205e-02  -2.2101015e-01  -2.5099284e-01  -1.5760285e-01  -2.2891502e-01  -1.5350121e-01   3.4606190e-01  -2.1019874e-01   7.1944146e-02  -1.3611652e-01  -1.8818462e-01   6.4373809e-01  -6.4871074e-02  -3.6476533e-01   5.1918799e-02  -2.7031285e-01   5.7819065e-01  -2.1964388e-01  -1.4246652e-01  -1.3199725e-01  -7.6889466e-02  -2.7292019e-01  -1.7123685e-01  -7.1358998e-02  -3.8116559e-01   5.0119731e-02   2.7032828e-02   1.5271588e-01  -5.5433554e-02   2.9002389e-01   3.4708889e-01  -1.6256262e-01  -1.7345704e-01   8.7882131e-02   1.7320620e-01  -1.5439653e-01  -1.7917048e-01  -2.4256990e-01  -3.2844130e-01  -8.1010860e-02  -1.9882004e-01  -1.9662398e-01   4.6230117e-02  -2.6716253e-01   3.5395434e-01  -2.6434583e-01   2.6679158e-01  -9.1085857e-02  -1.3435877e-01  -6.6096019e-03   6.6831448e-02  -1.5763373e-01  -7.1953103e-02  -2.3839576e-01  -3.0271289e-01  -3.7820568e-01  -4.0718929e-02  -5.7634289e-02  -1.9761508e-01  -4.2707838e-01  -6.5952362e-02  -1.7197776e-01  -1.8818845e-01   3.1891307e-01   2.1327916e-01   5.8827625e-02  -5.4434282e-03  -7.3237101e-02  -3.2293507e-01  -2.9116076e-01  -1.2393907e-01  -1.0941513e-01  -2.0408612e-01   7.1651789e-03   4.3472545e-01   7.6586218e-02  -1.9295377e-01  -1.5737187e-01   3.2792979e-01  -1.1980323e-03  -1.9407662e-01   2.8465861e-02   1.9639086e-01  -2.3641706e-01  -1.1137545e-01  -3.3941887e-01  -2.2802814e-01  -8.4971236e-02  -1.3023033e-01  -1.1197145e-01   1.7497541e-01  -3.5888969e-01  -3.4624444e-01   1.5517135e-01   1.9595180e-01   4.8726078e-01  -2.1954077e-01   5.8873293e-01  -1.1461310e-01   1.9148251e-01  -1.9528505e-01   4.8112953e-01   8.1872603e-02  -3.4985630e-01  -3.7746082e-01  -1.1691634e-02   7.5456324e-02   1.6766964e-01   4.9775119e-01  -3.0413989e-01   5.3521300e-01  -1.1298525e-02   3.0200566e-01   7.7343833e-02   1.6601606e-01   1.9243799e-01  -1.2072095e-01   9.2379366e-02  -1.2083176e-01  -2.3645113e-01  -2.7012696e-01  -2.5572077e-01  -3.2839553e-01   1.3780001e-01   2.6481358e-02   6.8518553e-02   3.3533329e-01  -2.8939703e-01  -3.2045065e-01   8.4679138e-02   2.0762567e-01   5.1381928e-02  -9.7645958e-02  -1.0566394e-01  -4.1789259e-02   7.0201688e-02  -8.9104711e-02   1.0890976e-01  -1.6805769e-02  -1.0139903e-01  -2.8416040e-01
  -1.8921715e-01  -4.0631250e-01  -6.1334466e-02   2.3243270e-01  -2.2221849e-01   1.7742001e-01   3.3249043e-02   0.0000000e+00  -1.3191338e-01  -1.7805375e-01   1.1137327e-01  -5.4397874e-02  -6.3912693e-03  -2.1406479e-01   3.5669999e-01   3.0236770e-01  -9.8850011e-03  -2.6316764e-01   2.5331861e-01  -2.4894753e-01  -2.5449480e-01  -1.3502417e-01   1.4511968e-02   6.5193976e-02   5.9668946e-02   2.7645014e-01   1.9226849e-01   3.2544202e-01  -1.7695101e-01  -2.0491418e-01   1.4477257e-01  -3.5366651e-03   3.4063147e-01   8.7046217e-02  -3.8509249e-02  -8.0491548e-03  -1.0503336e-01  -4.0480283e-01  -4.8684017e-02  -1.3376179e-02   1.2100156e-01   2.0404723e-01  -7.5016374e-02   4.9794538e-01  -1.8235291e-01  -2.8937016e-01   9.9961882e-02  -2.2432602e-01  -2.5532704e-01   2.7040334e-01  -6.7709672e-02   4.5272632e-01  -4.7416220e-02  -8.0450554e-02  -8.3728280e-02   5.1254530e-02   2.3583208e-01  -1.8632633e-02   2.6152327e-01  -9.4266045e-02  -2.0562890e-01  -1.6165885e-01  -8.9913259e-02   4.4586483e-01  -1.8082586e-01  -1.3961248e-01   2.3252392e-01  -2.9141902e-01   2.1083467e-01  -2.7220257e-01  -1.0883058e-01   1.9145420e-02  -3.5720579e-02  -2.3212581e-01  -6.7936077e-03   2.4372277e-01  -2.0068754e-01   1.9968859e-01  -3.2370244e-01  -5.2583421e-02   3.4234983e-01  -1.1122355e-01   1.4181398e-01   7.3944817e-01  -2.6168479e-01   4.8225594e-01  -2.5818263e-01   1.8669127e-02  -1.9045961e-02  -2.2372652e-01  -1.2031199e-01   5.5596226e-02  -1.0394515e-02  -9.4635016e-02  -3.3357220e-01  -9.7347341e-02   1.5186493e-01   2.2928806e-01  -6.3189231e-02  -1.7810991e-01  -1.5967762e-01   1.9082829e-01  -5.7116283e-02   1.0164121e-02  -5.4005667e-03  -1.3363985e-01  -1.1990178e-01   4.8707264e-01  -3.4494251e-01   1.0604917e-01  -1.0841305e-01  -6.6053913e-02   1.4824646e-01  -1.7335601e-01   2.3930473e-01   1.2887611e-01   1.9222771e-01  -1.4391282e-02   1.3153283e-01   1.0502904e-01   1.7574613e-02  -1.7740350e-01   1.4479055e-01  -3.3642199e-01  -1.2210090e-01  -6.9943985e-02  -2.0833532e-01   3.3485732e-02  -2.7595656e-02  -3.2568710e-01   2.8317854e-01   3.2045717e-01  -2.6012225e-01   2.6863189e-02   7.1434728e-02   4.9391624e-01  -5.5585700e-02   1.0234153e-01   6.6376921e-01  -2.9890377e-01  -1.5337337e-01  -9.5621059e-02   4.3789127e-01  -3.4358449e-01   2.1387095e-01  -1.1665374e-01   1.3716520e-01  -5.3153922e-03   4.1506524e-02  -2.1043912e-01  -1.0288712e-01   3.8912209e-01  -4.9913209e-02   1.1145785e-01  -1.7444002e-01   8.6020856e-02   1.1103761e-01   2.7769587e-01  -3.1227789e-03   5.6992172e-01   6.0073143e-02   3.1762349e-01  -1.5146118e-01  -1.4328876e-01  -3.9264596e-02   9.5412508e-02   2.9088780e-01   7.3166035e-02  -3.8305905e-02   1.1441373e-01   5.4330336e-02  -1.1307275e-01  -1.2660378e-01  -3.2649136e-01   9.7983044e-02   4.1683004e-02  -2.1548611e-01
  -2.6766833e-02   3.3493946e-01   2.5658612e-02  -4.9257557e-02   3.2943197e-01  -1.6257683e-01   1.2717388e-01  -1.3191338e-01   0.0000000e+00   3.1656717e-01  -5.8068318e-02   2.6517364e-01   1.4925043e-01  -4.2632166e-02   1.3169772e-01   4.4483678e-02  -9.2218282e-02   1.8560646e-01   1.2974659e-02   1.7739422e-01  -4.2400405e-01   7.1128819e-02  -1.3599524e-01  -1.3077412e-01   1.0460223e-01   2.4525209e-02   3.0418115e-01  -4.9620669e-02   2.6145995e-01   1.9577161e-01  -2.9499204e-01  -8.4458468e-02  -2.1248034e-01   3.1069792e-01   4.8595009e-01   2.4255943e-01   8.0091321e-02  -4.0663879e-02   1.7103867e-01   1.2950540e-01  -5.6150905e-02  -1.6031666e-01   5.7830101e-01   9.1287499e-02   5.6188314e-01  -2.4857724e-01  -1.1510089e-01   6.1903680e-02   1.0504699e-01  -1.6585858e-01   9.7458186e-02  -1.1578992e-01   3.7107546e-01   1.2605126e-01  -1.3461246e-01  -6.6171955e-02   6.7283236e-02  -7.7849564e-02  -3.6194756e-02   4.1255709e-01   1.0965307e-01   5.4496274e-01   5.5039062e-01   3.9449567e-02   5.3607289e-01   1.1857016e-01  -1.8266182e-01   3.2372124e-01  -1.5613395e-01  -1.7014972e-01   3.4301550e-01   2.0411271e-01   1.0202153e-01  -2.5576244e-01   1.2233994e-01  -7.6143235e-02  -3.1184501e-02   1.7658365e-01   4.3214891e-01   2.5530291e-01  -1.8062615e-01   3.1718822e-01  -1.7199489e-01  -5.7628147e-02  -2.1839352e-01   8.0773569e-02   2.1202781e-01  -1.3906140e-01   2.9135214e-01  -1.3988261e-01   2.5942671e-01  -8.9528314e-02  -1.0350940e-01   5.3928223e-01   5.7658627e-02   1.0876047e-01   3.4682581e-01   2.0186252e-01   4.6264530e-01   2.8688353e-01  -1.2793977e-01   3.6185801e-01  -2.7294029e-01   2.5846792e-01   6.5923798e-02   7.6023292e-02   1.3039668e-01  -5.4138987e-03   1.6099042e-01  -3.7641780e-01  -1.4680082e-01   6.9817300e-02   3.6702783e-01  -8.6341179e-02  -2.0628595e-01   1.3247077e-01   1.2170152e-01   2.5655752e-01  -3.2075238e-01   1.2621100e-01  -2.4648641e-01   2.0805391e-01   1.1601668e-01   2.7122017e-01  -2.4571235e-01   1.9413988e-01   4.8395662e-01   6.8142996e-02   1.2378838e-01  -1.6239912e-01  -4.2510477e-01  -8.3522346e-02  -7.2719052e-02  -8.4020801e-03   4.5061604e-01  -1.1034170e-01   3.3545685e-01  -4.1014397e-02  -8.2342454e-02   5.8634706e-03  -8.0245692e-02   1.2019324e-01  -1.5802961e-01  -1.9023848e-01   2.5728291e-02  -2.6013168e-01   1.0378952e-01  -7.5216275e-02  -1.7958967e-01   1.8814584e-01  -3.0799262e-01  -2.7086172e-01   1.8751157e-01   1.4659851e-01  -6.6183634e-02  -1.3187275e-01  -3.5486060e-01   9.0523639e-02  -1.0486393e-01  -1.5338308e-01   4.4848716e-01  -1.4134374e-01   2.1540497e-01   1.8653935e-01   1.4195913e-01   1.6386349e-01   3.9741444e-01  -4.3154939e-02  -1.2400965e-02  -3.0858166e-01   3.7426957e-01  -1.7229203e-01   4.1244716e-01   3.5842218e-02   2.1376389e-01   3.5923832e-02   9.9381260e-02
   5.9360432e-03   2.7065540e-01   2.4618377e-01  -4.4796823e-01   3.7605170e-01  -4.5368421e-01   2.0678949e-01  -1.7805375e-01   3.1656717e-01   0.0000000e+00  -2.3969006e-01   5.5680418e-01   2.0605939e-01  -2.8879778e-01   1.0841732e-01  -3.9463452e-01   1.6560516e-01   1.0649953e-01   7.1265881e-02   5.5915389e-01  -3.7755538e-01  -4.1636914e-02  -1.7688455e-01   1.6083112e-01   6.1540856e-02   9.0325313e-03  -1.2021350e-01  -2.5575420e-01   3.8623733e-02   1.5722732e-02  -4.2104815e-01   1.3489802e-01  -4.5599189e-01   5.1735974e-01   1.6500496e-01   3.1784773e-01   1.9519372e-01  -1.3241147e-01  -3.0227099e-01   4.3407981e-01  -1.3087526e-01  -3.1319898e-01   5.0795779e-01  -2.5112618e-01   4.3270219e-01  -1.2728032e-01  -3.1518054e-01   7.5797858e-03  -2.0388293e-01  -6.4333107e-03  -1.3252233e-01  -1.0289203e-01   3.6324226e-01  -2.6979788e-02  -3.1279275e-01  -1.8017674e-01  -1.0517723e-01   1.6192094e-01  -1.7873738e-01   4.4521754e-01  -2.7143022e-03   4.1221438e-01   4.5287417e-01  -4.7430202e-01   2.8111283e-02   3.0361736e-01  -3.7483149e-01   2.0070911e-01  -4.4891485e-01  -2.8881468e-01   5.3077483e-01  -6.5176699e-02   1.1730122e-01  -1.0051117e-01   1.4605431e-02   8.7733356e-02   2.3571614e-02  -3.8524298e-02   4.9167584e-01  -9.7501847e-02  -3.2326381e-01   2.1235737e-01  -1.0527501e-01  -1.3538274e-01   8.6009528e-03  -3.9300133e-02  -1.1521640e-01  -2.6230367e-01   2.1899703e-01  -1.3166455e-01   2.5848332e-01  -3.9161428e-02   4.0323962e-01   1.8800862e-01   1.0628471e-01   3.2902972e-01  -1.1715457e-01  -1.4420585e-01   2.3347586e-02   2.4336723e-01  -1.4073537e-01   1.9244984e-01  -3.5222081e-01  -2.6691629e-01   3.0028950e-02   2.2305883e-01  -2.3214763e-02  -3.2935493e-01   2.6834550e-01  -1.9320471e-01   3.1947371e-01  -2.3083412e-01  -1.0824296e-01  -8.9626155e-02  -2.1336001e-01   1.4911562e-01  -7.0195697e-02   1.7749277e-01  -4.6859580e-01  -1.7890511e-01  -4.9979327e-01   5.3226414e-01   1.6359860e-01   3.3789662e-02  -3.6067634e-01   3.0292199e-01   3.5322870e-01   3.7761567e-02   1.6228675e-01  -1.9487538e-01  -3.7748590e-01  -1.5813987e-01  -2.5185802e-01  -1.2446999e-01   4.9777935e-01  -5.8487937e-02   1.3043642e-01  -1.8975281e-01  -1.0299539e-01  -1.3676974e-02  -9.2032560e-02   2.0335102e-02  -4.7365871e-01  -2.7842018e-01  -3.6324332e-02  -2.4384027e-01   4.7349208e-01   1.8933438e-01   1.0496743e-02   1.6454313e-01  -6.5539850e-02  -3.3683793e-01   3.8571467e-03  -2.8679572e-01   2.1313239e-01  -1.3310660e-01  -3.4685946e-01  -5.9839774e-03  -9.7565956e-02  -1.4472503e-01   4.6756077e-02  -3.6392591e-01   3.5302515e-01   2.4448290e-02  -1.6256408e-02   2.7377870e-01  -7.2888135e-02  -3.0536688e-01  -1.8664299e-01   1.2729581e-01   3.3640683e-01  -1.9029386e-01  -1.0278186e-02  -2.4666408e-01   5.5143919e-02  -1.8153424e-01   2.2639973e-01
  -3.8091567e-02  -2.0145092e-01  -2.2755240e-01   2.1507213e-01   1.5278565e-02   1.8196194e-01   2.8637164e-02   1.1137327e-01  -5.8068318e-02  -2.3969006e-01   0.0000000e+00  -4.5405706e-01  -2.3429991e-01   1.8615647e-01  -1.5243327e-02  -7.4663887e-02  -2.4924188e-01   3.6271941e-01  -1.4326405e-02  -1.9692895e-01   2.5027124e-01   2.5526661e-01   1.7311189e-01  -4.9647764e-02   3.0485063e-02  -1.3013357e-01  -1.9419243e-02   2.4517738e-01   7.7922118e-02   4.2515681e-01   2.8295519e-01   1.6830264e-01  -8.0379240e-02  -3.3474882e-01   2.2615534e-01   3.0585854e-01   2.2107882e-01  -9.5746353e-02   1.6663112e-01  -3.1915932e-01   7.0401849e-02  -2.4327116e-01  -1.5899874e-01   2.3615477e-01   9.1691143e-02  -3.4298557e-02   7.8401345e-01   2.4742580e-01   1.2409220e-02  -3.1904208e-01   6.3768906e-01  -1.2050667e-02  -1.6828533e-01  -1.0321253e-01   2.6565008e-02   1.9300977e-01  -1.8650382e-02   2.3882605e-01   3.0536497e-01   7.8266486e-02  -2.3309724e-01  -1.4623261e-01  -3.1187062e-01   2.4193257e-01   7.1063452e-02   3.2910154e-01   2.1039208e-01   4.4859908e-02   5.1015831e-01   6.7330002e-02  -4.7963368e-01   3.6927608e-01   2.2249930e-01  -8.5211154e-02  -3.3476645e-01   1.8509365e-01  -2.5768571e-01   1.8665172e-01  -1.5108335e-01  -2.1275627e-01   1.8341222e-01   4.9724065e-02   1.4645544e-01   4.3349970e-02  -1.0110721e-01   2.1960043e-01  -4.0999218e-02   2.2609807e-01  -2.3782294e-01   1.1331178e-02   6.5077719e-03  -3.4964400e-01  -4.8323086e-01   1.2899426e-01  -1.5842163e-01  -2.2800028e-01  -2.6347493e-01   3.9593320e-02   3.4779867e-02   3.2819787e-02   5.8777528e-03   1.4287936e-01   3.4801255e-01   3.8915761e-01   3.1231093e-01   1.6991837e-01  -2.0843728e-01   2.8055312e-01   6.1324818e-02   2.7382989e-01  -1.5375448e-01   4.8219681e-01  -3.2088305e-02   4.9853438e-03   1.9269272e-01  -2.8167749e-01   1.9013215e-01   1.0234857e-01   1.9624507e-01   2.4292720e-01   2.5977706e-02  -3.8148087e-01  -4.3234737e-01   2.4628118e-01   2.2958780e-02  -6.5285497e-02   2.6989340e-03  -3.3235466e-01   3.7728120e-02   2.8974566e-02   3.3353052e-02   2.2382298e-01   1.8727881e-01   2.0507678e-01  -8.1303881e-02   1.4663892e-01  -1.7504667e-01   3.2008380e-01   8.6634167e-02  -4.4551019e-02  -3.2351867e-02  -5.0457322e-03   3.8963222e-01   2.4425143e-01   2.6528722e-01   3.6709456e-01  -4.0249627e-01   4.1317087e-01   3.1513997e-01  -1.1276719e-01   6.2218979e-03   2.5226287e-01  -8.7823926e-02   5.4239048e-01  -1.6872202e-01   1.7236323e-01   3.0339618e-02   2.1134181e-01  -3.9875690e-01   1.3518566e-01   1.2779702e-01   3.7924524e-01   8.6275626e-02   3.2205598e-01   1.4138385e-01  -4.6101445e-01   1.5903988e-01   2.2313721e-01  -6.5032377e-02  -3.7569474e-01  -1.2018933e-01   9.2435993e-02   2.0800671e-01   1.5724003e-01  -1.7940596e-01  -1.5746179e-02   1.6239269e-01
  -1.1569207e-01   4.6390624e-01   4.8577288e-01  -2.6741586e-01   7.5502928e-02  -3.8865423e-01   9.6759639e-02  -5.4397874e-02   2.6517364e-01   5.5680418e-01  -4.5405706e-01   0.0000000e+00   1.3136771e-02  -3.7238784e-01   2.7274551e-01   1.2026049e-01   3.5899754e-01  -2.5650842e-01  -7.8106471e-02   4.0103422e-01  -5.5121255e-01  -1.4958123e-01  -2.9925315e-01  -1.2088735e-01   1.4589420e-01  -1.0239574e-01   8.6460875e-02  -3.8078056e-01  -2.5718141e-02  -2.2163839e-01  -3.2147163e-01  -7.6911453e-02  -6.3570828e-02   3.8989971e-01  -4.3023857e-02   3.8859170e-02  -1.3106014e-01   9.3457408e-02  -1.4094570e-01   5.5527116e-01  -1.6909089e-01   1.5366370e-01   3.5339979e-01  -1.1792244e-01   1.7564740e-01  -3.4686782e-03  -4.4813103e-01  -9.3545023e-02  -4.2476464e-01   3.5570883e-01  -4.1731903e-01  -1.3110861e-01   1.8013530e-01   1.6331088e-01  -9.4093238e-02  -1.1636578e-01  -2.7709682e-01  -1.5706012e-02  -1.7190538e-01   2.5811821e-01   3.5467136e-01   1.8561422e-01   3.7449967e-01  -4.1242076e-01  -1.4153596e-01  -7.3983341e-02  -2.8862366e-01   3.2632152e-02  -4.0847195e-01  -3.9402171e-01   6.7395624e-01  -2.7736379e-01  -1.3645811e-01   1.3198079e-01   2.6470117e-01   4.7303806e-02   3.8256821e-01  -5.7681326e-03   2.5592740e-01   8.1894314e-02  -4.1130452e-01   9.3691131e-02   5.0672271e-02  -6.2467991e-02   2.5008187e-01  -6.7337352e-02  -1.0822679e-01  -2.6934511e-01   3.1082455e-01  -2.7527537e-01   9.1689714e-02   3.1494962e-01   7.2385999e-01   4.7821762e-02   3.9146968e-01   2.7091164e-01   8.6104868e-03  -2.5610124e-01  -1.2719276e-01  -7.3584763e-02   4.1637670e-02   2.2765225e-01  -2.1602898e-01  -3.6857551e-01  -2.3056227e-01   1.0211899e-02   3.0200342e-01  -3.4004620e-01   1.1388733e-01  -1.2511477e-01   4.2339285e-01  -2.7368418e-01   8.0387160e-02  -2.0873872e-01  -2.9479843e-01   2.8090253e-01  -7.9862350e-02  -4.6705567e-02  -3.6729646e-01  -2.6619226e-01  -2.7576603e-01   5.3401716e-01   5.8173893e-01  -1.9860735e-01  -4.5131831e-01   1.4687501e-01   4.5491948e-01   3.5751774e-01  -9.6631717e-02  -3.9524048e-02  -1.5156573e-01  -1.4288471e-01  -1.6796593e-01  -1.0244309e-01   3.3747126e-01   1.3124038e-01   2.1772781e-01  -1.5090153e-01   4.9869446e-02  -5.0098140e-02  -1.8877869e-01  -3.8024797e-02  -3.7209291e-01  -2.6315411e-01   5.3209433e-02  -4.2101417e-01   5.7826347e-01  -1.8082208e-01  -7.8631928e-02  -2.3627979e-01  -1.8522583e-01  -2.2406329e-01   9.9071020e-02  -4.6041540e-01   5.2496949e-01  -4.0633070e-01  -1.7812992e-01  -1.3387487e-01   3.3526459e-01  -2.5167502e-02   7.4414844e-02  -4.0254876e-01   1.6498851e-02  -3.3598850e-01   2.9207680e-02   6.5196696e-01   9.7557926e-04  -1.6870634e-01  -8.1598084e-02   4.4229574e-01   4.2871853e-01  -6.5913217e-02  -2.3153016e-01  -3.1674159e-01   1.3240934e-01   3.3638361e-02  -2.1825998e-02
   1.3179763e-01   2.2533132e-02  -8.8960143e-02  -1.2675649e-01   4.0743503e-01  -7.6756275e-02  -1.0475780e-01  -6.3912693e-03   1.4925043e-01   2.0605939e-01  -2.3429991e-01   1.3136771e-02   0.0000000e+00   1.5652959e-02  -1.4564418e-01  -2.7917557e-01   9.0962092e-02   2.9699833e-01   2.4928210e-01   3.4090412e-01  -1.8405953e-01   1.0785148e-01  -1.6750605e-01   1.5071201e-01  -6.3848299e-02   7.4130812e-02   3.8524382e-02  -2.2262837e-02   2.9514663e-02  -1.2642298e-02  -2.8863195e-01   1.2696538e-01  -2.6150240e-01   8.3606053e-02   2.0935788e-01   1.5002201e-01   7.7233329e-02  -1.2315852e-01  -2.5851304e-02   1.2302186e-01   5.3268238e-01  -1.9675411e-01   1.1444514e-01  -1.8657319e-01   2.9571633e-01  -1.7410192e-01  -1.0708463e-01  -2.4721721e-01   1.8565023e-01   5.5805595e-03  -2.3538002e-02   4.9087144e-02   6.7197692e-02   4.7186742e-02  -2.7513511e-01  -1.1240232e-01   1.3003218e-01   1.3813496e-01   4.7033068e-03   2.5555561e-01   6.2577933e-02   3.7157916e-01   1.7282095e-01  -1.2991517e-01   2.7049602e-01   8.1238478e-02  -8.4631480e-02   2.7602910e-01  -2.1088583e-01  -2.4643462e-01   1.5907942e-01   2.8763182e-01   3.9130556e-01   1.8803946e-02   1.2280282e-01   2.7695272e-02  -9.1083095e-02  -1.7926305e-01   2.6721826e-01   3.1564527e-01  -2.0701406e-01   1.1763382e-01  -3.3393378e-01  -9.4086891e-02  -7.0364563e-02   1.9918166e-01   2.4475173e-02  -2.3707439e-01   2.3599384e-01   1.3979776e-01   2.6049699e-01   1.1034828e-01   9.8953002e-02   1.0678359e-01  -3.6460250e-02   3.8292688e-01   4.1768821e-01   9.6517784e-02   3.5094601e-01   1.7258407e-01  -1.8824494e-01  -2.6344251e-01  -3.4420616e-01   7.5570945e-02   1.4919961e-01   1.8311309e-01  -1.0886853e-01   9.9593228e-03   5.0275114e-02  -1.9383412e-01  -1.5054951e-01  -1.8153595e-01   5.0297536e-02   1.3252461e-01  -1.3995954e-01   2.4640286e-01  -6.4021072e-02   3.7332650e-01  -1.9675454e-01   8.3217202e-02  -2.6648571e-01   2.7506549e-01   2.6864316e-01   1.9265994e-02  -1.3920793e-01   3.4465253e-01  -1.9964175e-01   5.9625707e-02   3.9949431e-01  -2.7448730e-01  -2.0368111e-01  -1.4418450e-01  -7.8081764e-02  -2.3324508e-01   3.3434618e-01  -4.7126670e-02   2.3918154e-01  -3.2205825e-01   6.2153839e-02   1.9590784e-01   9.6082808e-02   5.5373402e-01  -1.7024572e-01  -1.8771087e-01  -2.6700364e-01  -1.7747419e-01   3.3718443e-03  -1.5234575e-01  -1.9250654e-02   3.4823908e-01  -1.1952821e-01  -1.9423267e-01   2.0187628e-02  -3.9107821e-02  -9.0534645e-02   1.4066955e-01  -1.7134686e-01   1.2922800e-01  -8.1427386e-02  -1.1873675e-01   1.5288311e-01  -1.6145888e-01  -3.5076156e-02   4.1693220e-01   3.0666635e-02   3.6263070e-02  -1.1416851e-01  -4.0662783e-02  -2.0074630e-01   4.0891131e-02   5.2400281e-02  -4.7217513e-01   3.6337913e-01  -9.6469882e-02   1.9204318e-02  -1.5946072e-01   2.8354242e-01
   1.6699692e-01   7.3089007e-02  -1.6431350e-02   2.9895616e-02  -1.7712570e-01   3.2712477e-01  -4.0317739e-02  -2.1406479e-01  -4.2632166e-02  -2.8879778e-01   1.8615647e-01  -3.7238784e-01   1.5652959e-02   0.0000000e+00  -6.1001646e-02  -1.0883797e-01  -9.7288841e-02   1.8233246e-01  -1.0980867e-01  -3.3202241e-01   4.5753789e-01   1.8610329e-01   1.7488547e-01  -7.5871057e-02   3.4156361e-03  -2.6282877e-01  -1.7591358e-01   2.8652929e-01   3.3000023e-01   1.3265416e-01   3.1758293e-01  -1.7914388e-02  -1.1467217e-01  -3.0801422e-01   1.6169827e-01  -1.6841999e-01   4.0640968e-02  -9.2052531e-02   1.7169172e-01  -3.4461092e-01   7.4707412e-02  -2.1876991e-01  -2.6597716e-01   1.9234008e-01  -8.0281077e-02   5.2195843e-02   2.5008337e-01   1.1520113e-01   3.0259380e-01  -3.4754429e-01   2.0809567e-01  -1.7762375e-01  -1.7803424e-01   1.7114550e-01   3.4928189e-01   2.8520619e-01   2.1634076e-01   1.6835711e-03  -2.9952049e-02   9.4580698e-02  -1.1119509e-01   5.4778601e-02  -2.8499155e-01   1.5908035e-01   1.4858417e-02  -1.2104994e-02   2.4218465e-01   2.1598749e-01   8.1992888e-02   4.8421271e-01  -4.1419636e-01   2.3784564e-01  -1.4420751e-01   3.7842573e-01   7.3159887e-02  -2.1586010e-01  -2.7113101e-01   1.6108275e-01  -2.8930885e-01   3.1069824e-01   2.2366219e-01  -1.2611953e-01   1.9525475e-01  -7.9069769e-02   2.5370531e-01  -1.4400414e-01   4.4486271e-01   4.6382867e-01  -9.3086223e-02   3.1519972e-01  -2.2869741e-01  -1.2553907e-01  -2.7997886e-01  -1.9805773e-01  -2.2068216e-01  -3.1667908e-01   1.3549306e-01  -3.1259954e-02   3.3752802e-02   5.6048763e-02   4.4042639e-01  -1.5097117e-01   3.4631222e-01   3.6295849e-01   7.2187183e-02   1.7949523e-02   1.7699420e-01  -9.0106818e-04   1.8568101e-02   8.5869388e-02   1.9104032e-02   2.8708211e-01  -3.3877929e-03   1.7498075e-01   2.8565029e-01  -5.1812807e-01   1.1313412e-01   4.9518574e-02   3.6438247e-01   1.5141243e-01   1.0950025e-01  -3.4359112e-01  -3.1270508e-01   1.1559541e-01   2.1518844e-01   3.5652045e-01  -2.8145413e-01  -1.5698323e-01   1.0926238e-01   5.1372546e-01  -1.3349793e-01  -2.0248216e-01   7.1893378e-01   7.8145781e-02  -2.2834227e-01  -2.6693348e-01   2.4085660e-01   3.5889881e-01  -2.6195904e-01   2.9252953e-01   2.3325515e-01   1.5122762e-01  -3.1872618e-02   5.7473432e-01  -8.7528132e-02   2.0922173e-01  -3.9692011e-01  -8.7878435e-02   1.1210161e-01   1.6132706e-01   3.5541175e-01   2.3815820e-01   2.2513968e-01   6.4939082e-02   1.2667288e-02   1.5208504e-01  -8.2778601e-02  -1.9053704e-01  -1.6468636e-01   1.1174542e-02   1.2286854e-01   2.0670500e-02   1.0994037e-01   2.7560037e-01   7.2655635e-03  -4.9385481e-01  -2.4314828e-01   2.1480863e-01   1.5380658e-01  -2.8066875e-01  -5.4981222e-01  -1.6261366e-01   2.1069219e-01   4.1864421e-01  -1.7247507e-03   2.2793435e-01   8.9974481e-02
