   0.0000000e+00  -1.6371844e-01  -1.8804018e-01  -1.6618986e-01   1.5529545e-03   4.1870542e-03  -1.8138888e-01  -3.8438114e-03   1.4976784e-01   5.6602986e-02  -9.6605025e-03  -1.7162012e-01   2.7688805e-01   2.3134155e-01  -1.8710292e-01  -1.1039192e-01  -1.2000114e-01   3.6894481e-02   1.0458154e-01  -8.4591564e-02   2.3811190e-02  -7.2777418e-02  -2.6108136e-01   5.3005049e-01  -2.1654609e-01  -1.5450290e-02  -1.0036173e-01   6.0765681e-02   6.1179652e-02  -1.1477313e-02  -1.2195926e-01   1.0320819e-01  -3.2005302e-01  -9.7375759e-02   2.9688707e-01   7.4703261e-03   1.7862698e-01   3.1009901e-01  -1.0710535e-01  -1.8955574e-01   2.3686467e-01  -7.2429584e-02   4.2356017e-02  -5.6421718e-02  -7.6674237e-02   2.9020677e-01   7.7015036e-02  -2.4732813e-01   9.7186606e-02  -2.0828441e-01   1.2664325e-01  -4.8597861e-02  -4.3565034e-03  -2.0740538e-01   4.4514531e-02   3.9799962e-02   9.8754108e-02   6.9739396e-02   5.6564616e-02  -9.7588462e-02   3.1812264e-01   7.5672418e-02   4.5063149e-02   1.7014579e-01  -1.7110587e-02  -9.2507975e-02  -1.3939007e-01   1.4339309e-01   1.7277539e-02  -1.8821047e-01  -2.3395107e-01  -1.8498985e-02   1.1471870e-01  -4.2361173e-02  -1.6710477e-01   1.5001973e-01   4.7193435e-01   3.5866971e-02   1.7669969e-02   6.7414357e-02  -7.3590912e-02  -7.8376430e-02  -1.6306142e-01   1.5315938e-01  -1.6235225e-01   2.0592334e-01   1.1685016e-01   1.1953755e-01   3.9844008e-02   5.7324390e-01   1.0500019e-01  -2.1948613e-02   1.7620660e-02   1.7915712e-01   2.7261461e-01  -1.1151241e-01   1.3400558e-01   5.3561487e-02   8.1426183e-02  -2.3518012e-02  -2.1148513e-01   6.0871631e-02  -5.7051468e-02   1.2455839e-02   4.6159213e-02   1.0543792e-01  -7.6629710e-02   7.2343263e-02   4.8270802e-02   3.5575620e-02  -1.2788047e-01   1.6926606e-02  -2.4804024e-02   5.7826005e-01  -7.2647887e-02  -8.6930735e-02   1.6718674e-01   1.7531548e-01  -4.9763781e-02  -4.4631668e-02   3.9650760e-01   8.9310203e-03  -4.5146608e-02   1.2364447e-01   4.4299779e-01   1.1824675e-01  -1.3926467e-01  -2.0155107e-01   1.0540847e-01  -3.0691051e-01  -5.9501869e-03  -2.2224598e-01  -1.5846607e-02  -1.2550083e-01   9.5687644e-02   1.4257761e-01   3.0961718e-03  -1.5876700e-01   1.1431720e-01   5.0214192e-01   6.2309397e-01  -1.4515448e-01   2.2339397e-01  -1.0832194e-01  -1.1528693e-01   1.2547046e-01  -2.1132402e-01   1.3670068e-01   1.4074163e-01   2.2345639e-02   1.5382856e-01  -7.9736913e-02   1.1194815e-01   1.3538396e-01  -2.0446457e-01   4.9324495e-01   4.7180346e-01   5.7916479e-02   9.3984073e-02  -4.0024145e-02  -6.6144311e-02   2.6917578e-01  -1.2681731e-01  -8.9609026e-03   1.6254012e-01   3.1975004e-02  -3.6695165e-02   7.2079381e-02   2.8544787e-01  -3.1548529e-01   1.2902824e-01   2.2296512e-01   3.3365327e-02  -4.0679002e-02   9.7170605e-02  -4.3392672e-02   1.1445844e-01
  -1.6371844e-01   0.0000000e+00   3.1700184e-01  -8.4875752e-02   5.1563490e-01  -3.7950217e-01  -1.6109898e-01   1.2188988e-01   4.3278034e-01  -2.5685141e-01  -2.7051592e-01   4.9400193e-01  -2.0203766e-02  -6.1733350e-02  -2.7847124e-02  -3.0591615e-01   4.8664350e-01  -3.7515410e-01  -4.4830832e-02   2.2695124e-01  -9.9895065e-02  -3.2604624e-01  -1.4059801e-01  -1.1445791e-01  -1.5995098e-01  -1.2116970e-01  -1.3329986e-01  -1.3846163e-01  -7.4112964e-02  -1.4620176e-01  -7.2017796e-02   2.8103030e-02  -1.5389545e-01   1.3615585e-01   2.9939477e-01   1.7761292e-01   1.1360253e-02  -6.9950361e-02  -8.0741401e-02   3.0695408e-01  -4.4560825e-02  -1.1151828e-01   5.0921818e-01  -3.3343238e-02   1.7542614e-01   5.4757026e-02  -1.7442890e-01  -7.6213045e-02   2.4634205e-01   3.9806440e-01  -3.9424872e-01  -8.4931691e-02   3.6260665e-01  -8.0360177e-02  -1.0517607e-01  -4.5922317e-01  -1.8975943e-01  -3.8126820e-01  -6.9195756e-02  -3.9388713e-02   1.5209299e-01   4.2693388e-02   5.3608222e-01   3.1666579e-01   3.7023154e-01  -3.6293486e-01  -8.0665870e-02   3.2973172e-02  -2.4223391e-01  -1.7255502e-01   6.2195054e-01  -2.1710256e-01   3.6183148e-02  -1.1344648e-01   2.6252722e-01  -4.3622513e-02  -1.0304294e-01  -1.2332203e-01   6.1433817e-01  -1.7255950e-02  -2.8706489e-01   7.8787579e-03  -6.2494221e-03  -3.4664198e-02   1.8324904e-01  -2.2786146e-01   1.0775223e-01  -3.4162308e-01   5.0751409e-01  -2.5068196e-01   4.5273458e-01   2.2405422e-01  -3.2829177e-01   1.6298079e-01  -1.6892583e-02   3.8072742e-01   5.2790819e-02  -1.5297289e-01   2.2395956e-01  -5.9585217e-02   2.0347205e-02  -1.9917252e-01  -1.6892225e-01  -1.5141216e-01  -4.8635828e-01  -5.0057113e-02   2.5237038e-01  -1.6388996e-01   9.1537779e-02  -4.3144866e-01  -5.6745046e-02  -4.2925000e-01   3.6980373e-02  -1.3446839e-01  -2.3485380e-01   5.3988138e-01  -2.1707801e-01  -8.7902827e-02  -2.1490307e-01  -1.5476153e-01  -2.1687009e-01   4.5547492e-01   3.5535247e-01   4.0209278e-01  -1.3728237e-01   9.6285776e-02   6.5607053e-02   6.6029996e-02  -3.5586649e-02   1.1029147e-02  -9.5100125e-02   2.5302022e-01   2.9050871e-02  -8.6355680e-03   2.9971794e-02   6.6554446e-02  -1.7633457e-01  -6.2933948e-02  -1.6476317e-01   2.6013843e-03   2.3427197e-02  -5.5935208e-02  -6.0464996e-02  -4.4301161e-01  -9.7799395e-02  -2.2408216e-01   5.3594639e-03  -6.8819756e-02  -3.8947761e-01   2.1807514e-01  -3.0422598e-01   2.8875622e-02  -1.1328681e-02   3.3461326e-01   4.2562737e-02  -9.9986826e-02  -2.9185879e-02   5.2824790e-02   2.9155051e-01  -1.5158197e-01  -1.2068738e-01  -1.0714986e-01  -1.4166979e-01  -3.5829743e-01  -3.4056652e-01   2.7791061e-01   2.6083957e-01  -7.6893087e-02   1.2109336e-01   1.0112844e-01   2.4360221e-01  -2.2415450e-02   1.1946341e-01  -3.0084318e-01   6.6793806e-02  -9.1547140e-02  -3.5258597e-01
  -1.8804018e-01   3.1700184e-01   0.0000000e+00  -5.1999551e-02   6.7936548e-03   1.1983654e-01   9.1360013e-02  -8.9932851e-02  -3.7885632e-02  -1.8267891e-01  -2.3836973e-01   5.4099227e-01  -1.2985744e-01   2.4926301e-02   2.8257071e-01   1.7211149e-01   8.2965456e-01  -1.5875183e-01   1.9042904e-02   1.0233065e-01  -1.7906557e-01  -1.1858612e-01   2.7990603e-01  -3.9857565e-01  -1.2148057e-01   1.5957388e-01  -1.1757936e-02   2.5443154e-01   5.7669364e-02  -2.0192014e-01   1.2439190e-01  -1.9633507e-02   1.3904741e-01   2.2140279e-01   5.0992884e-02  -5.2132866e-02  -2.2805127e-01  -1.1405375e-01  -5.0053252e-02   5.8825506e-01  -2.7131730e-01   1.4731023e-01   5.9301221e-02   8.4170028e-02  -5.7182640e-02   1.6161452e-01  -2.4510733e-01  -2.8586896e-02  -2.2015135e-01   7.1757125e-01  -1.7274023e-01   9.4899288e-02   1.8920752e-01   3.7575105e-01  -1.3260152e-01   1.8373339e-01  -9.3969182e-02  -2.3178045e-01  -2.9324291e-01   2.1148025e-01   4.2636073e-02  -1.3403764e-01  -8.5108047e-03  -1.5993160e-01  -3.9489726e-01  -1.0985686e-01   2.1616182e-02   3.0014928e-02  -7.4755679e-02   5.5388534e-01   3.0014059e-01  -2.3804432e-01  -2.9600115e-01   3.9655906e-01  -9.3563792e-02   8.9926981e-02  -2.1851329e-01   1.1658753e-01   1.2000403e-01  -1.1694995e-01   2.9155643e-01  -2.4640779e-01   1.3048380e-01  -6.4874069e-03   4.6769460e-01  -2.6254335e-03  -1.5521263e-01   5.9610088e-02   1.5630424e-01  -3.4663907e-01   7.4572173e-02   3.0200930e-01   1.0398428e-01  -1.7053738e-02  -6.5434498e-02   1.8305255e-01  -2.1720851e-02  -6.3058245e-02  -1.0489531e-01  -2.2956212e-01   3.2744527e-01   7.5316599e-02   1.4383867e-01  -1.6206310e-01  -3.6439986e-01  -1.9067726e-01   3.1995593e-01  -6.7984823e-02  -1.9210809e-01  -1.3715771e-02   4.2816279e-01  -5.0171856e-02  -4.7476911e-02  -1.8445740e-01   2.5859980e-01   4.5573980e-02   7.2753155e-02  -2.5659905e-01   3.0465528e-01  -1.5560252e-01  -3.1083246e-01   2.1739967e-01   2.8297000e-01  -2.4908295e-01  -1.7760600e-01   2.6577532e-01   5.2526362e-02  -1.4223481e-02  -1.5609298e-01   6.0741576e-01  -6.4622496e-02  -2.0822750e-01   3.2088461e-01  -3.5775071e-02  -1.3174747e-01  -1.9815259e-03   2.7722516e-02   2.4341439e-01   7.5660948e-03  -1.5058819e-01  -1.9338167e-01  -2.6201913e-01  -7.8866172e-02   2.5934379e-01   2.4897301e-01  -1.6042195e-01   5.5708440e-01  -2.4801002e-01  -2.0265384e-01  -3.0174288e-01   2.4649345e-01   1.8022781e-01   9.6423536e-02  -2.1773602e-01   6.2911597e-01  -2.8955242e-01  -1.3782019e-01  -1.5582837e-01  -1.0888372e-01   1.6462652e-01   2.1021434e-02  -1.0770380e-01  -1.0638755e-01  -4.0185343e-01  -1.4423475e-01   2.4048193e-01   3.1853647e-02   7.3746481e-02   7.8444807e-02   2.1008961e-01   3.4534537e-02  -7.2667609e-02  -4.1372558e-01   1.1340502e-03  -6.8110925e-03   6.7863095e-02  -3.1253711e-01
  -1.6618986e-01  -8.4875752e-02  -5.1999551e-02   0.0000000e+00   2.8449297e-02   4.4892648e-01   5.1239614e-02   3.6101115e-01  -6.7211665e-02   3.7197947e-02   2.8687573e-01  -2.2107292e-01   3.7377601e-01   3.0796254e-01   9.9017998e-02   2.1560486e-02  -6.7949726e-02   3.8528823e-01   3.2858599e-01   3.6591558e-03   3.6640485e-01   6.3637999e-01   1.9752524e-01  -3.0613482e-01   1.0325291e-01   3.6423711e-01   5.3258225e-01   2.7821823e-01   3.0836856e-01   3.0832566e-01   4.9618151e-01   4.1353776e-01  -5.5935312e-02   2.1138751e-02  -1.6623330e-01   1.2324175e-01   4.0160405e-01  -2.5535324e-01   6.5227635e-03   6.9715868e-02   3.7084503e-01  -2.6882628e-01  -1.5950626e-01   2.8896235e-01   8.2698414e-02  -8.8097297e-02   2.1048645e-01   2.4560789e-01   1.7649274e-01  -2.4756536e-01   3.3297105e-01   2.3724711e-01   2.9529053e-01  -1.4325296e-01   1.1375410e-01   3.0221000e-01   3.1266713e-01   6.3157225e-01   5.4706812e-01   2.2994680e-01  -1.1630010e-01   1.4096227e-01   3.3428099e-02   2.0640510e-01   1.1731977e-01   1.9876038e-01   5.1065897e-01   1.7040090e-02   4.2930246e-01   1.0159193e-01  -2.1471939e-02   4.8601198e-01   3.5250981e-01   1.4069365e-01  -7.2384492e-02   3.9890714e-01  -5.9815593e-02   2.4273314e-01  -1.3430395e-01   1.8207257e-01   3.2159751e-01   1.0708347e-01   2.8839718e-01   5.1665376e-01   2.0209168e-02   3.2032569e-01   1.5518056e-01   2.4237359e-01   1.6440619e-02  -5.4163243e-02   6.2000387e-03  -7.9014403e-02   1.2876386e-02   1.0322987e-01  -1.9751862e-01  -1.7819283e-01   3.5323121e-01   2.6272173e-01   3.7582022e-01   2.6433069e-01   1.9942271e-01   2.7070169e-03   3.7121711e-01   3.7885897e-01   4.5482569e-01   4.9133984e-01  -1.0360723e-01   4.3967467e-01   1.0002987e-01   2.3495356e-01  -9.6593902e-02   3.5958481e-01   6.6894437e-01  -2.8736987e-01   9.1537929e-02  -1.2083010e-01   2.8462777e-01   1.2787153e-01   2.8917396e-01   7.7695349e-01  -1.5329813e-01  -1.9169006e-01   2.1493244e-02   3.9342801e-02   8.8172318e-03   3.5327003e-02   1.8122233e-01  -3.2734644e-01   5.7152298e-01   3.5115286e-02   3.6459008e-01   1.3265183e-01   2.1041832e-01   3.1976748e-01   3.2653559e-01   2.7533198e-01  -1.4084199e-01   2.0031561e-01   2.5733280e-01  -8.0545217e-02  -5.9705905e-02  -3.0034113e-01   2.8416328e-02   1.6378827e-01   1.1589826e-01   4.4573940e-01  -2.9724686e-01   9.1792644e-02   2.2031255e-01   3.5363302e-01   7.9089248e-02   2.4265786e-01   1.4120693e-01  -8.4587211e-02   1.3435807e-01  -2.6445659e-01  -1.3914184e-01   5.2257552e-01  -1.0443608e-01   2.6764250e-01   5.3862340e-01   1.5971256e-01   1.4051367e-01   5.2415755e-01   5.1282644e-01  -1.2834129e-01  -8.6756404e-02   2.9242307e-01   1.4782533e-02   3.2818801e-01  -1.5880882e-01  -4.4114174e-01   2.5501692e-01   4.4309437e-01  -7.0035458e-02  -1.6527029e-01   5.2870510e-01
   1.5529545e-03   5.1563490e-01   6.7936548e-03   2.8449297e-02   0.0000000e+00  -3.1142962e-01  -2.5104636e-01   1.2973115e-01   5.3826586e-01   1.4110014e-01   1.0666392e-01   1.4681596e-01   3.4475071e-01  -1.5278129e-01  -1.7577730e-01   4.3910483e-02   1.6490503e-01   1.7114902e-02  -1.2340170e-01   7.3266063e-01  -3.3389108e-01  -2.9512987e-01  -2.6626208e-01  -1.9557051e-02  -1.2485648e-01  -8.9475074e-02   2.4253078e-01  -2.4065090e-01  -7.6264207e-02  -2.0245700e-01  -2.3825563e-01   1.7395108e-02  -7.1550868e-02   4.5879733e-02   1.6309630e-01   7.5279391e-01   1.0063385e-02  -2.0491049e-02   1.3854079e-01   1.7039909e-01   3.5229797e-01  -1.5385119e-01   4.4262232e-01  -1.3747124e-01   3.3006079e-01   1.1493828e-01   4.7665222e-01  -4.8991758e-01   4.5439820e-01   1.8908218e-01   2.1473416e-02  -7.8463994e-02   9.7702485e-02  -1.9951380e-01  -2.1673454e-01  -4.3927736e-01  -2.6223355e-01  -1.9917516e-01   2.3728846e-01  -2.2306234e-01   1.2906584e-01   4.9360331e-01   6.2008569e-01   2.1712757e-01   3.4283980e-01  -1.7066941e-01  -4.9071937e-02   2.5073885e-01  -2.6524906e-02  -3.5410380e-01  -8.0887760e-02   6.6102219e-02   4.1319631e-01  -3.0430553e-01   1.5651873e-01  -3.2789493e-02   7.7430339e-03  -1.5648406e-01   7.1292780e-01   1.8195093e-01  -3.2157886e-01   8.3635776e-02  -3.8333161e-01   1.0096843e-02  -2.0430916e-01  -4.1958006e-02   5.2685076e-03  -3.5357636e-01   4.2046062e-01  -5.6494704e-02   6.9088397e-01  -1.6121722e-02  -6.8115466e-03   2.6177933e-01   1.0958958e-02   6.4236681e-01   1.7874258e-01  -1.2966517e-01   5.7529757e-01  -4.9859604e-02  -3.6729461e-01  -1.4683979e-01  -3.4748025e-01  -1.5438208e-01  -2.2806724e-01   1.1414441e-01   1.8264180e-01  -3.9177286e-02   1.4816837e-01  -2.3599277e-01  -1.0265071e-01  -3.6987519e-01   1.8279553e-01   1.4479410e-01  -4.3467901e-01   5.8709931e-01  -1.9354145e-01   3.5289057e-01  -3.3405962e-01   4.9342548e-02   1.1154755e-02   7.9330305e-01   2.3986214e-01   4.3536298e-01   5.2611559e-02  -1.8132193e-01   2.5893935e-01  -8.3639888e-02   2.1108006e-02  -3.0545107e-01   3.3300598e-01   4.9974185e-02  -2.4510562e-01  -2.5074419e-01   1.1521390e-01   1.7443037e-01   4.1303094e-03  -4.3517666e-01   5.2997801e-03   6.9634290e-02   2.1939791e-01   8.1062468e-02   7.4108915e-02  -5.5072398e-01  -8.3889962e-02  -2.6683247e-01  -3.3036715e-01   4.4561998e-01  -7.1534210e-02  -2.1901568e-02  -3.5629265e-01  -8.0743000e-02  -4.7629141e-02   6.8620278e-01  -1.5177967e-01  -2.2568282e-03   9.7805393e-02   2.3758830e-01   1.3804950e-01  -7.2625990e-02   1.5780909e-01   1.0874619e-01   1.0557870e-02  -1.4372768e-01  -1.7920847e-01   3.2946495e-01   5.0419244e-01  -1.3909370e-01   7.3398930e-02   1.8879263e-01   4.6120238e-01  -2.5204174e-02   4.7849607e-01  -3.3647288e-01   1.5413926e-02  -4.1992932e-02  -1.1346893e-01
   4.1870542e-03  -3.7950217e-01   1.1983654e-01   4.4892648e-01  -3.1142962e-01   0.0000000e+00   2.2158264e-01   1.1399005e-01  -2.7368015e-01   1.7367395e-01   2.8608493e-01  -1.5652937e-01   1.6553008e-01   1.6176349e-01   2.4848750e-01   3.1227602e-01   1.7482599e-02   4.7709528e-01   3.2238191e-01  -1.6887258e-01   1.5107604e-01   6.7474145e-01   1.4901019e-01  -3.5296006e-01  -1.6903793e-02   4.3998989e-01   5.2538827e-01   5.1351805e-01   7.1666614e-02   3.8896148e-01   3.3260686e-01   2.7468090e-01  -3.5775156e-02  -7.9830498e-02  -1.1855640e-01  -2.1953510e-02   2.9599730e-02  -7.9278676e-02   1.8083875e-01   1.9089267e-01   1.4056253e-01  -3.1629252e-02  -1.4023819e-01   4.0869652e-01  -4.3851685e-02  -9.6023634e-02   2.1629445e-01   1.1000678e-01  -1.5980865e-01  -2.0175234e-01   5.2349096e-01   1.8482007e-01  -5.7087188e-02   3.7038660e-02   7.2033066e-02   7.1211178e-01   4.0388488e-01   6.1558292e-01   3.0290368e-01   4.2110810e-01  -9.4330767e-02  -2.9171741e-02  -2.0648904e-01  -9.3675116e-02  -3.0199356e-01   4.4189788e-01   6.3596625e-01   1.7741155e-01   5.6425607e-01   5.1070848e-01  -2.3263747e-01   2.4908221e-01   1.2588487e-01   4.5646371e-01  -2.9447795e-01   3.0294320e-01  -4.9142529e-02   4.9921660e-01  -5.1273804e-01   1.0794172e-01   5.9065323e-01  -2.1955182e-02   1.8642450e-01   3.8233326e-01   2.2695702e-01   3.5681131e-01  -6.5421349e-02   2.4055641e-01  -2.7265486e-01   7.8064049e-02  -3.6855454e-01  -2.3396017e-01   4.5123078e-01   7.8494384e-02  -6.1975919e-02  -3.7893521e-01   2.7177251e-01   3.6655515e-01   5.8115498e-02   4.1752731e-02   1.4732452e-01   1.6611132e-01   4.6202695e-01   3.1359008e-01   5.3570843e-01   2.6417317e-01  -1.9008023e-01   5.5597119e-01  -2.8996048e-01   5.2611985e-01   9.8613680e-02   6.9765386e-01   2.3790504e-01  -2.1554923e-01   2.6904605e-01  -5.4864253e-01   5.1885628e-01  -1.0181620e-01   6.2555443e-01   4.9993498e-01  -1.9276818e-01  -3.8300608e-01  -1.6798291e-01  -2.8351657e-01  -1.2054584e-01   2.2331072e-01   1.0853151e-01  -2.3533845e-01   2.7617758e-01   3.6067378e-01   1.7191942e-01  -2.3723205e-01   4.2346426e-01   2.8507188e-02   1.7830894e-01   6.9242883e-02   5.6899466e-02   3.6959550e-01   2.3517274e-01  -1.3403980e-01  -1.4906886e-01  -4.6773130e-01   1.7854925e-01   7.4163164e-01   1.6025656e-01   3.7468586e-01  -3.0720435e-02   2.6834004e-02   4.6742905e-01  -9.3635893e-02   1.0269194e-01   1.8134284e-01  -6.7002328e-02  -3.0906070e-01   4.6403849e-01  -2.9846843e-01  -5.9626213e-02   2.3955502e-01  -3.6161870e-01   4.3107302e-01   3.3429993e-01   9.0633920e-02   2.2767074e-01   4.3370635e-01   4.7216419e-01  -3.1034066e-01  -1.5900733e-01   4.5860971e-01  -8.6986216e-02   3.2819699e-01  -1.1492288e-01  -2.8123383e-01  -6.9882694e-02   6.7086338e-01  -2.0593130e-01  -4.1822676e-02   4.4761392e-01
  -1.8138888e-01  -1.6109898e-01   9.1360013e-02   5.1239614e-02  -2.5104636e-01   2.2158264e-01   0.0000000e+00  -9.6771604e-02  -2.0905284e-01   4.4916589e-01   1.9259489e-01   4.0668283e-01  -1.3572503e-01   6.2183631e-02   4.7439908e-01  -1.8844421e-02  -1.0736982e-01   1.3006021e-01   1.2833131e-02   8.7560156e-02   1.6821260e-01   2.1631457e-01   5.9622291e-01  -2.7364214e-01  -5.3404967e-02  -9.9125459e-02   2.9108142e-01   2.3023241e-02   1.2916088e-01   4.6231045e-01   1.4542061e-01  -1.8586675e-01  -1.6502131e-01   5.7028851e-01   5.0175115e-02   1.3934339e-01  -1.6915333e-01  -1.6872735e-01  -2.6768168e-01   3.1615982e-01  -8.7764439e-02  -5.7370191e-02   1.3093198e-01   1.2003621e-01   3.3029783e-01   3.7745222e-02   7.3987385e-02   4.9685027e-01  -3.1087895e-01  -1.8382694e-01   2.2517976e-01  -1.0235833e-01   4.9219492e-02  -1.0128477e-01  -8.0040322e-02   2.2100027e-01  -8.0366999e-03   1.4541568e-02  -3.1231503e-02   3.0692197e-01  -1.5637818e-01   9.3284562e-02  -1.6143735e-01  -2.3525336e-01  -2.1606082e-01   6.9036641e-01  -5.8368846e-02  -3.1885182e-02  -1.9336623e-01   2.9260228e-01  -2.4782133e-02   1.6997606e-01  -1.5432425e-01   2.6263726e-02  -2.3626362e-01  -3.4683145e-02  -1.3390681e-01   3.2626361e-02  -3.4420101e-01  -3.0913554e-01   3.0429962e-01  -1.2429071e-01   1.0609723e-01  -9.9010965e-02   1.1603778e-01   1.4597679e-01  -8.9728085e-02   1.4479998e-01  -2.4881522e-01  -1.4379677e-01  -1.8769068e-01  -3.0953481e-01   3.9639797e-01  -1.0818357e-01  -1.1467298e-01  -2.4977484e-01  -1.9724568e-01  -1.0600508e-01  -7.6344315e-02   3.4599891e-01   2.1549213e-01   5.6270574e-01   3.3809128e-01   2.1330319e-01   6.0548288e-02  -1.2421198e-01  -1.0545616e-01  -1.5308607e-01   1.1568974e-01   4.2621452e-01   5.4201177e-01   3.5549351e-01  -4.8238256e-02  -2.0024243e-01   3.8342934e-01  -4.6759596e-01  -1.0292397e-01  -1.1957973e-01   2.2555802e-01   9.9549140e-02  -1.9097437e-01  -1.5693509e-01  -7.9779338e-02  -3.0840107e-01  -1.0506554e-01   1.5282432e-01   3.9230132e-01  -2.6793482e-01  -1.7648419e-01   3.1804554e-01  -1.3975770e-01   1.7989045e-01   5.5166103e-02  -1.5281601e-03  -1.0869477e-02  -4.9204826e-02  -1.1508660e-01   1.8328233e-01   1.0313295e-02  -3.0618292e-01  -3.4624874e-01  -1.0676943e-01  -2.4307062e-01   3.0467296e-01   5.3616090e-01   1.0801692e-01   5.0576264e-01   1.1207796e-01   5.1004287e-01  -7.2209241e-02   2.2737406e-01   1.3245789e-01  -3.6605365e-01  -2.1563018e-01   2.6713459e-01  -3.0464711e-01  -1.5968483e-01   1.2631888e-02  -3.4961628e-01   2.9129094e-01   2.1923063e-01  -2.1273869e-01   4.9397418e-01   2.8549151e-02  -5.3773432e-02  -7.6403658e-02   2.4355590e-01  -1.5676601e-01  -2.2387807e-01   2.2522781e-01   3.2583990e-01  -2.6012169e-01  -6.2752666e-02   2.1203681e-02  -1.5204614e-01  -9.8379383e-02   6.3434162e-02
  -3.8438114e-03   1.2188988e-01  -8.9932851e-02   3.6101115e-01   1.2973115e-01   1.1399005e-01  -9.6771604e-02   0.0000000e+00   3.3916394e-02  -4.8520202e-02   1.1705983e-01  -3.9785280e-02   2.3744326e-01  -1.5467198e-02  -2.1656891e-03  -1.6237681e-01  -3.3430643e-02   6.2193215e-02   4.3129947e-01   4.6613504e-02   1.5985881e-01  -3.1798943e-02   2.5499844e-03  -1.7812346e-01   8.5486087e-02   4.0693678e-01   2.3596789e-01  -3.6560738e-02   5.0557227e-02   1.8491000e-01   2.1441307e-01   1.8720790e-01  -8.7235820e-02   4.9347043e-02   1.2665102e-01   4.3709729e-02   2.2961785e-01  -1.9976940e-01  -8.1964580e-02   5.3280738e-02   3.0784638e-01  -1.0143198e-01   7.0380186e-02   1.7239594e-01  -4.2970727e-02   1.3850725e-01  -1.6607586e-02   2.2754472e-01   1.2784094e-01  -2.1957665e-01  -3.1590890e-02   4.8397619e-01   3.4262273e-01  -3.3130975e-02   2.2064567e-01   7.0311556e-02   2.7027131e-01   1.3942694e-01   3.9915818e-01   4.5750694e-02   8.8329234e-02  -2.0842371e-02   1.7382412e-01   4.4826551e-01   9.3670921e-02  -1.6483265e-02   3.5179722e-01   5.3241698e-02   1.1901925e-01  -1.2722765e-01   2.1635622e-02   7.1672402e-02   2.9300600e-01  -1.1215998e-01   1.7650710e-01   3.9509460e-01   1.2624890e-01  -1.2310367e-01   1.1822656e-01   3.2166905e-01   8.8699406e-03   1.5486537e-01   1.9250218e-01   5.1802834e-01  -5.3212701e-02   2.6436812e-01   2.0846421e-01  -6.9891453e-02   2.5546127e-01   1.1432808e-01   1.2658093e-01   5.0454874e-02  -9.3547937e-02   1.6264501e-01  -1.9210710e-01   8.1816478e-02   3.3116480e-01   3.3966783e-01   1.5001804e-01  -4.3381533e-02   9.4029378e-02   8.3552939e-02   1.6901801e-02   2.7498157e-01   1.0818811e-02   2.3454363e-01  -1.1417704e-01   3.6408579e-01   1.1081667e-01   3.1733561e-02   7.5052909e-03  -1.2512641e-01   3.2666260e-01  -3.5652589e-02  -3.5578081e-02   1.0773887e-02   1.1605204e-02   1.1526992e-02   9.7577910e-03   3.5760172e-01   1.1059253e-01   1.0334759e-01   1.6266445e-01   1.4948213e-01   2.3217966e-01   1.0976105e-01   9.4330273e-02  -1.4851145e-01   2.2996911e-01  -1.4007425e-01   1.4933347e-01  -4.3262689e-02   7.0621699e-02   1.8569122e-01   1.1690604e-01   6.9362959e-01  -3.9798333e-02   1.0075251e-01   5.3920480e-01  -9.4167680e-02   2.5331882e-02  -2.9114827e-01   2.1224295e-01  -1.3659226e-01   4.4155321e-02   2.2855463e-01  -2.1643525e-01   2.0430020e-01   4.8629411e-02   2.3295799e-01   1.3475137e-01   3.5258056e-01   1.7620610e-01   6.0560549e-02   1.0597738e-01  -1.8231903e-01   1.0223413e-01   3.3189199e-01   8.3793901e-02   9.6039105e-02   2.8651490e-01   3.2842726e-01   7.8183412e-02   1.0679534e-01  -1.6740726e-02   1.3070742e-01  -9.0672573e-02  -3.0105495e-02   1.8454594e-01   2.2304447e-01   2.3915425e-02  -3.3963945e-01   3.5126535e-04   1.8958421e-01   9.4949251e-02  -9.3206954e-02   1.8442336e-01
   1.4976784e-01   4.3278034e-01  -3.7885632e-02  -6.7211665e-02   5.3826586e-01  -2.7368015e-01  -2.0905284e-01   3.3916394e-02   0.0000000e+00   5.3024003e-02  -5.4982896e-02   3.9768168e-02   3.3148340e-01   1.1835203e-01   1.1669812e-01  -1.5248464e-01   2.4708609e-02  -3.4093743e-02  -1.5439563e-01   2.8635993e-01  -3.0696226e-01  -1.9201908e-01  -2.8742549e-01   1.2641416e-01  -2.5211751e-02  -7.9110556e-02   5.5366842e-02  -1.6540350e-01   4.5586104e-02  -2.5932640e-02   2.6720263e-02   1.6503982e-01  -2.6483355e-01   5.6641862e-02   5.3173690e-01   3.7753228e-01  -2.0217413e-01   3.1328636e-02  -3.3884920e-02  -6.7953207e-02   3.0846002e-01  -1.7862883e-01   5.9487794e-01  -5.9677713e-02   2.8050430e-01   2.6851932e-01   1.4052230e-01  -2.9503324e-01   1.5087881e-01  -2.9630994e-02  -2.9501246e-02   3.9543889e-02   7.8223779e-02  -3.8541228e-01  -2.4306989e-01  -3.0699226e-01  -1.5181823e-01  -7.3198967e-02   2.5025687e-01   4.5504904e-02   9.0532554e-02   1.9353770e-01   7.3175337e-01   4.5969226e-01   4.2102362e-01  -2.5375631e-01  -5.1763803e-02   4.8185346e-02  -5.7450801e-02  -3.1086415e-01  -2.1806782e-02  -1.2333998e-02   2.8973004e-01  -3.5673235e-01   1.3829669e-01   6.2998650e-02   1.3447851e-01  -6.3099856e-02   4.3828909e-01   6.6943790e-02  -1.6704422e-01   3.7964072e-02  -3.2045563e-01  -6.7142852e-02  -2.8306356e-01   2.9550165e-02   4.8509138e-01  -2.8777329e-01   4.1056394e-01   1.8714514e-01   3.2371522e-01  -5.9927308e-02  -1.7914537e-01   5.6462928e-01   1.0150632e-01   2.0367594e-01   1.9112789e-01  -2.0042832e-01   3.6639504e-01  -1.4357984e-02  -2.9367191e-01   9.0405215e-02  -1.5868699e-01   1.7185011e-01  -3.9969989e-02   1.0988394e-01   4.7736308e-02   3.9683970e-03  -1.2111908e-01  -1.7425318e-01  -1.9616032e-01  -1.4569463e-01   1.2739306e-01   2.4023615e-01  -2.9833820e-01   2.9653226e-01   3.4646209e-02   2.0712921e-01  -3.3128527e-01  -4.4545341e-02   1.2585405e-01   4.5846804e-01   1.7138925e-01   5.0394157e-01   2.2419123e-01  -3.0893349e-04   1.8022506e-01  -1.5763627e-01   1.1488192e-01  -2.2905498e-01   1.4566164e-01  -1.8770459e-02  -1.0923107e-01  -2.0166585e-02   3.0177027e-01   1.7600356e-01  -3.9424075e-02  -2.3660985e-01   6.0110805e-02   2.4522867e-01   4.0065894e-01  -9.1091966e-02   1.9777420e-01  -4.6700810e-01   1.2194460e-01  -1.1181822e-01  -3.3973470e-01   3.1663320e-01   9.7287696e-03   5.1827479e-02  -3.7385959e-01  -8.7219612e-02   5.6144782e-02   5.4492790e-01  -8.7873785e-02   1.7605384e-01   1.6304049e-01   2.4996647e-01   1.1749076e-01   8.3523024e-02   3.8763531e-02   1.4828272e-01  -1.1710267e-01  -2.6013675e-02  -8.5577831e-02   6.4370616e-02   3.6437382e-01  -1.9094901e-02   1.3522291e-01  -1.3177800e-01   2.6531392e-01  -1.8057564e-02   4.5865552e-01  -1.9772307e-01   8.5550500e-02  -2.5368203e-01   4.6030011e-03
   5.6602986e-02  -2.5685141e-01  -1.8267891e-01   3.7197947e-02   1.4110014e-01   1.7367395e-01   4.4916589e-01  -4.8520202e-02   5.3024003e-02   0.0000000e+00   3.7698079e-01   8.4839113e-02   2.6479139e-01  -4.7996490e-03   2.8096786e-01   1.5452615e-01  -3.8284535e-01   4.7379675e-01   3.4307187e-02   4.3687436e-01  -1.2482654e-02   1.4241253e-01   2.0912817e-01   2.9314297e-02  -1.8613091e-01  -1.2994765e-01   3.4817099e-01  -2.6173352e-02   2.8445267e-01   3.9495851e-01  -6.8788923e-02  -1.2942755e-01  -1.8934904e-01   4.0280112e-01   1.6338182e-01   5.7051945e-01  -9.5061256e-02   2.9532240e-02  -4.1423990e-02   7.3089036e-02   2.1939877e-01  -5.3255883e-02   2.3785536e-01   1.2594383e-01   4.4460988e-01   1.7902167e-01   5.5098514e-01  -7.6827137e-02   1.3082117e-02  -4.3108395e-01   5.5110538e-01  -3.0665680e-02  -2.4915706e-02  -2.7850364e-01  -1.5358519e-01   1.7674529e-01  -4.5505506e-02   7.5360210e-02   1.7805773e-01   3.0083876e-01  -1.5829015e-01   4.9451729e-01  -7.7616599e-03  -1.3378506e-01  -5.3296756e-02   7.4771641e-01  -5.7335435e-02  -6.4880539e-02  -1.0704908e-01   1.2076960e-01  -4.2168234e-01   2.6263300e-01   1.2102098e-01  -1.1922696e-01  -3.4923922e-01  -1.1423021e-01   7.2027448e-02  -6.2253661e-03  -2.2373470e-01  -2.5352218e-01   4.1160286e-02  -1.0528210e-01  -1.7040907e-01  -5.7845823e-02  -1.3214840e-01   1.8833121e-02  -1.0828179e-01  -1.2435667e-01  -1.5571749e-01   9.1459059e-02   5.2835030e-02  -3.1642297e-01   6.8802221e-01   1.3795918e-02   5.0683515e-02  -8.3043284e-02  -4.5084643e-04  -7.4937178e-02   2.5564587e-01   3.8286971e-01  -1.7556550e-01   4.6449327e-01  -2.1673110e-02   1.7231277e-01   1.5022764e-01  -9.2326087e-02   1.1253961e-02  -1.3524633e-01   3.5405074e-04   5.2480290e-01   3.4941508e-01   2.3234528e-01  -1.3347555e-01   2.3177107e-01   6.5040740e-02  -2.4673187e-01   4.3962683e-02   2.5077952e-01   4.5428930e-02   2.0480944e-02   7.1246865e-02   8.6546622e-02  -1.1627269e-01  -1.2525898e-01   1.2038845e-01   1.7655210e-01   4.9397596e-01  -3.3600143e-01  -9.8971400e-02   6.9444036e-02   1.0545800e-01  -5.3002421e-02  -1.1426210e-01  -2.0711330e-01   7.8462965e-02  -1.0185385e-01  -1.8209265e-02  -1.7334794e-01  -6.3618684e-02   1.6672863e-03   6.0002856e-02  -3.9504351e-02  -5.5346249e-02   8.8202535e-02   2.8715093e-01  -1.8133313e-02   7.1593317e-02   6.2328818e-01   7.2884654e-01  -6.0968110e-02  -2.9324344e-02  -3.6793530e-02  -1.4590914e-01   2.2313706e-01   6.5409075e-02  -4.0386265e-02   9.1622908e-02   1.1838850e-01  -2.3784961e-01   1.5546423e-01   1.5622945e-01  -7.7689575e-02   7.6397683e-01   1.1369826e-01  -1.8389030e-02  -2.4962452e-01   4.4071970e-01  -1.5936785e-01  -4.9370049e-02   3.6064725e-01   3.5298781e-01  -4.6579041e-02   2.9333485e-01  -1.0857503e-01  -2.7524113e-01  -1.5226369e-01   1.0064295e-01
  -9.6605025e-03  -2.7051592e-01  -2.3836973e-01   2.8687573e-01   1.0666392e-01   2.8608493e-01   1.9259489e-01   1.1705983e-01  -5.4982896e-02   3.7698079e-01   0.0000000e+00  -5.1645475e-02   3.8918666e-01   2.8934285e-02   1.0736667e-01   2.2609380e-01  -2.5114332e-01   6.7626386e-01   1.0296551e-01   1.5107609e-01   1.3528313e-01   2.0256068e-01   3.4313309e-01  -2.8834536e-01  -1.0550168e-01   8.7825654e-02   3.9654678e-01   2.4576186e-01   1.1065398e-01   3.2336861e-01   3.0154376e-01   1.1861894e-01   6.3993748e-02   2.1921664e-01  -7.3668988e-02   4.3533468e-01   1.0443040e-01  -2.2858525e-02   1.7759366e-01   4.1995274e-02   5.1094848e-01   1.7416673e-02  -1.9024637e-01   4.8376725e-01   4.5016547e-01  -5.0824339e-02   6.0940434e-01   9.8516838e-02   4.2819979e-01  -3.2237719e-01   6.1152477e-01   1.3190948e-01   1.4367449e-01  -8.6393617e-02  -1.3794365e-01   2.8913535e-01   1.1097187e-01   2.7022374e-01   3.2428239e-01   3.2269794e-02   4.7380438e-02   5.4251711e-01   3.4108065e-02   2.9777133e-03   9.1447431e-02   3.3164381e-01   2.3266830e-01   2.1499355e-01   3.3105402e-01  -1.9647927e-03  -2.1224927e-01   3.8116736e-01   4.3283816e-01  -1.8919466e-02  -7.4898346e-02   9.7145300e-02   1.0478526e-01   1.1387201e-01  -2.5065013e-01   2.7108099e-01   2.1675054e-01   4.7124867e-03   1.6813041e-01   3.3377437e-01  -4.9836976e-02   2.5151328e-01  -4.5603308e-02   8.4208462e-02  -1.3161399e-01  -1.8548674e-02  -8.6079385e-02  -1.7617630e-01   2.8450107e-01   1.0631748e-01  -2.7478137e-02  -1.5520179e-01   1.1582639e-01   2.9850147e-01   4.8947542e-01   3.9335915e-01   9.4554063e-02   3.0157970e-01   2.1962571e-01   6.7025368e-02   2.8350229e-01   1.6365038e-01  -2.2767794e-02   2.4702658e-01   1.2118391e-01   4.0506768e-01   1.1326296e-01   2.5341076e-01   2.8775293e-01  -1.2865261e-01   3.9531087e-02  -2.5185086e-01   2.0904974e-01   4.4494160e-01   1.7612824e-01   3.2899987e-01   1.0762314e-03  -5.1477049e-02  -6.0285688e-02   7.1145616e-02   6.1539140e-02  -1.4396632e-01   4.8295513e-01  -5.0867411e-02   6.1863725e-02  -2.0451335e-02   3.9412243e-01   2.3053979e-01  -6.1855141e-02   2.6997383e-01   8.4587351e-02   2.5353614e-02   8.1524888e-02   1.6167973e-02   9.6869363e-02  -1.4579384e-01  -2.3429472e-01  -1.4482865e-01   1.8172643e-01   2.4292223e-02   2.9701327e-01   3.2299934e-01  -7.3903913e-02   4.0949078e-01   4.0676622e-01   9.7100559e-02   6.4702207e-02   1.8155255e-01  -1.6951908e-01   2.7494930e-01   8.0937997e-03  -1.6551993e-01  -1.3950930e-01   2.9481359e-01  -1.1101633e-01   3.3136725e-01   3.8448607e-01   3.0416973e-01   4.4249593e-01   3.5477821e-01   1.9172960e-01  -1.3645469e-01   4.1301207e-01   1.7850939e-02  -8.9425261e-02   3.8243359e-01  -9.9025508e-03  -3.2251136e-01   3.6549923e-01   1.9068860e-01  -5.8319573e-02   1.3054950e-02   2.0509844e-01
  -1.7162012e-01   4.9400193e-01   5.4099227e-01  -2.2107292e-01   1.4681596e-01  -1.5652937e-01   4.0668283e-01  -3.9785280e-02   3.9768168e-02   8.4839113e-02  -5.1645475e-02   0.0000000e+00  -1.7578883e-01  -6.6670652e-02   4.0315349e-01  -5.8771949e-02   4.5392796e-01  -2.0991219e-01  -4.8681114e-02   3.0659034e-01  -9.4409971e-02  -3.3244109e-01   3.3518338e-01  -2.8199179e-01  -1.8273019e-01  -1.7466976e-01  -3.4655517e-02  -1.1291232e-01   2.6205983e-02  -3.7770841e-02  -4.0671571e-02  -1.2522782e-01  -8.9427016e-02   6.4575780e-01   2.8097286e-01   1.3519930e-01  -2.4643653e-01  -7.4086786e-02  -2.1722545e-01   5.7886746e-01  -1.4067504e-01   6.3195021e-02   3.7841952e-01   4.4374735e-02   3.6104445e-01  -6.9309427e-02  -1.4702714e-01   4.7330128e-02  -1.2975482e-02   3.7424351e-01  -1.7916216e-01  -6.0825331e-02   2.1945243e-01   2.0219591e-01  -2.1422206e-01  -6.8993944e-02  -2.1704970e-01  -4.4470321e-01  -2.2224053e-01   1.5284829e-01  -4.4459700e-03   1.6035315e-01   1.5091402e-01  -7.6142100e-02  -7.5883181e-02   1.1372588e-01  -1.8983883e-01  -3.1313119e-02  -3.5080854e-01   1.8532082e-01   3.5378306e-01  -1.8355506e-01  -2.1954293e-01   1.9160762e-01  -9.5282537e-03  -7.6506578e-02  -1.9507370e-01  -9.4353945e-02   2.7348626e-01  -1.5415861e-01  -8.2104042e-02  -1.3613394e-01   8.1655114e-02  -1.4198186e-01   3.7854731e-01  -1.1383185e-01  -1.5315121e-01  -1.5493261e-01   2.4413868e-01  -3.5492526e-01   1.4035280e-01   1.8941904e-01   2.1754581e-01   2.5460974e-02   2.2836181e-02   2.0747332e-01  -1.5059131e-01  -2.6112285e-01   7.3118537e-02   2.1821462e-01   1.8892964e-01   3.1957462e-01   5.4425437e-02  -2.2084732e-01  -5.0784465e-01  -1.8615080e-01   3.6835814e-01  -3.4728463e-01   1.0899558e-01  -9.8817890e-02   6.4506099e-01  -1.9107287e-01  -1.4142545e-01  -1.5877282e-01   4.7859863e-02   8.2744080e-02  -1.9141567e-01  -9.3057318e-02   5.3375875e-02  -1.6950536e-01  -4.1249223e-01   3.4204118e-01   3.3660296e-01  -8.0599731e-02  -3.0938626e-01   3.2386967e-01   3.9658380e-01  -7.5384375e-02  -2.7477664e-01   3.2575347e-01  -1.9016094e-01   2.5198239e-01   1.6767264e-01  -1.1636793e-01  -8.8534245e-02  -1.8615614e-02  -1.1083386e-01  -1.0980607e-02  -1.0732400e-01  -1.7245060e-01  -2.7442502e-01  -1.6643294e-01  -1.8460666e-01  -4.6565994e-03   3.5992133e-01  -1.6983717e-01   6.2751398e-01  -8.6368970e-02  -1.1526526e-01  -1.5246435e-01  -8.9088665e-02   1.5664583e-01  -7.8208418e-02   7.7820963e-02   3.3951158e-01  -2.6921499e-01  -1.7740088e-01  -7.7009450e-02  -2.5090818e-02   6.3673718e-02   4.6100475e-03  -2.1829885e-01   1.1195603e-01  -4.5376393e-01  -3.9966519e-01   3.6045875e-01   5.0374465e-01  -1.5175367e-01   5.2582030e-03   2.8781704e-01   3.4114040e-01  -6.9629390e-02  -1.2352672e-01  -2.6801544e-01   2.4489301e-02   5.6765381e-03  -3.9876035e-01
   2.7688805e-01  -2.0203766e-02  -1.2985744e-01   3.7377601e-01   3.4475071e-01   1.6553008e-01  -1.3572503e-01   2.3744326e-01   3.3148340e-01   2.6479139e-01   3.8918666e-01  -1.7578883e-01   0.0000000e+00   1.3840157e-01   2.1663367e-03   1.9754488e-01  -1.0968707e-01   5.1351335e-01   1.4687603e-01   3.4454182e-01  -1.6573783e-02   1.1738898e-01   5.7118417e-03   8.9736565e-03  -4.2803172e-02   2.0489745e-01   4.1338535e-01   9.4432539e-02   2.5822251e-01   1.5086445e-01   2.4816058e-01   3.3665603e-01   7.3810364e-03   1.0462304e-01   8.1880900e-02   5.0643146e-01   1.3395269e-01   6.5433554e-03   1.2045872e-01  -2.0288968e-02   7.5216575e-01  -3.6461181e-02   1.0634626e-01   2.2674261e-01   3.0909562e-01   2.2451738e-01   4.8800143e-01  -1.6718619e-01   3.8266092e-01  -1.9116747e-01   5.1999584e-01   2.5092929e-01   2.0048018e-01  -2.6727104e-01  -1.5914539e-01   1.4461728e-01   1.3019895e-01   2.6602600e-01   5.5589845e-01   4.8010668e-03   7.5959381e-02   5.5699435e-01   2.5847897e-01   2.5534412e-01   2.2069685e-01   5.7657885e-02   2.2183392e-01   1.4424646e-01   2.1594914e-01  -6.6741903e-02  -2.5193732e-01   2.7538777e-01   5.8513074e-01  -1.3803683e-01   5.8530653e-02   2.1389724e-01   2.3728380e-01   8.8418830e-02   4.4748515e-02   3.0929771e-01   4.7954914e-02   4.7241834e-02  -5.8143386e-02   3.4111529e-01  -2.2267148e-01   2.2241707e-01   1.1539165e-01   3.4311648e-02   1.3989818e-01   1.6318138e-01   2.0637020e-01  -1.4868019e-01   1.2080668e-01   3.6977544e-01   8.4544334e-03   7.0459078e-02   3.9364580e-01   8.5702141e-02   6.3084072e-01   2.3121266e-01  -7.9787498e-02   1.7778555e-01   2.4972565e-02   2.1033573e-01   2.8917873e-01   2.7710231e-01   5.6906349e-02   2.5530180e-01   1.5152078e-01   1.1318039e-01  -1.3387467e-01   4.3896978e-02   3.6251077e-01   1.5052950e-01  -5.2242630e-02   7.2722194e-04   2.4381635e-01   6.5728892e-01  -3.8060676e-02   4.5868989e-01   1.5600537e-01   2.1821134e-01   2.0577907e-01   1.6653044e-01   2.9539739e-01   1.2334971e-02   2.3788547e-01  -2.2727176e-01   2.1177337e-01  -1.4545223e-01   6.2745676e-01  -9.6176841e-02  -4.9782729e-02   6.4889260e-02   2.6810311e-01   2.6437333e-01   5.7139092e-02  -1.6208573e-01   2.2424402e-01   1.5406128e-01   2.0658792e-01  -1.2256178e-01   2.1275529e-01  -1.7549697e-01   4.5570540e-02   2.6593799e-01  -2.5824340e-01   4.3240672e-01   2.6648077e-01   1.1075251e-01  -8.0771748e-02   2.0912945e-02   1.8560136e-01   3.2028368e-01  -2.6818463e-02   9.8342773e-02   9.2639263e-02   5.3104111e-01   8.9837429e-03   2.1351501e-01   3.5220026e-01   3.8852522e-01   1.2707933e-01   2.9722624e-01   2.0336564e-01  -8.8712971e-02   1.4427524e-01   1.0907616e-01   1.0241149e-01   1.3470730e-01   1.4156652e-02  -1.6369975e-01   3.9659443e-01   7.2447676e-02   8.4222086e-02   3.4888854e-03   2.5383679e-01
   2.3134155e-01  -6.1733350e-02   2.4926301e-02   3.0796254e-01  -1.5278129e-01   1.6176349e-01   6.2183631e-02  -1.5467198e-02   1.1835203e-01  -4.7996490e-03   2.8934285e-02  -6.6670652e-02   1.3840157e-01   0.0000000e+00   3.9803430e-01  -1.0715968e-01   1.7863765e-02   1.2420949e-01   4.3761261e-02  -2.7543981e-01   2.5194790e-01   4.2047502e-01   7.0760937e-02   3.0169508e-02   6.8806152e-02  -1.2662788e-03  -6.9232181e-02   3.5908004e-01   2.1700639e-01   3.2233926e-01   5.7412362e-01   2.1101149e-01  -8.3509417e-02   4.8159773e-03   1.7003121e-01  -1.5471179e-01   7.4578747e-02   3.7229952e-02  -1.7353573e-01  -2.1350926e-01   7.5248527e-02  -2.1794865e-01   2.5497867e-02   2.8007277e-01   9.9081586e-02  -3.6265383e-02  -1.1487082e-01   2.4403204e-01   9.2316921e-02  -2.2531696e-01   1.7095465e-01  -1.4403293e-02   7.8019930e-02  -1.6235898e-01   2.4615310e-01   3.2412833e-01   3.2605715e-02   2.0828184e-01   1.1195597e-01   3.6308928e-01  -1.5570428e-01  -5.5175329e-02   9.5418791e-02   3.3881104e-01   6.3051822e-02   2.4318333e-02   5.7992756e-02  -2.0240102e-01  -3.8519854e-02   2.5403124e-01  -4.2876069e-02   1.1394892e-02   1.0762985e-02   2.4490348e-01  -1.5857534e-01   2.9117425e-01   4.2166537e-02   1.6465430e-01  -2.7405494e-01  -1.7413166e-03   3.6701067e-01  -3.1639967e-01   1.3890759e-01   1.3432867e-01   2.1637351e-01   2.1199534e-01   3.1246170e-01   4.8785770e-01  -6.6607652e-02   7.4908017e-02  -2.8567053e-01  -5.8567815e-02  -9.5544082e-02   1.6732218e-01  -8.1281699e-03  -4.1414822e-01   1.6101101e-02  -1.3832314e-01   1.3583293e-01   8.3299046e-03   4.2303805e-01   2.5617258e-01   6.0022620e-01   2.2893551e-01   2.0326184e-01   6.4363928e-02   3.4770374e-02   1.2532856e-02  -2.2628548e-01   1.8722824e-01  -1.5316046e-01   4.8035718e-01   2.2253396e-01  -4.2642207e-02   3.3397578e-01  -2.4926038e-01   3.3111071e-01  -1.4795287e-01   3.4064022e-01   1.2516162e-01   3.1083016e-02  -2.8904201e-01  -2.3941429e-02   1.4449354e-01   2.2646765e-02   4.2575007e-01   1.1750099e-01  -2.1809355e-01   6.0265799e-02   2.2918830e-01  -6.2345370e-02  -1.1028051e-01   5.1736747e-01   4.1923179e-01   5.6158812e-02   3.9013987e-02  -5.5076288e-02   4.8703586e-01   5.0081537e-02   1.7326525e-01   2.0673148e-01  -2.3042319e-01  -2.8564289e-02   2.3664662e-01   2.5094925e-01   4.1528567e-01  -1.4415558e-01   1.9177440e-02   7.8535831e-02   7.3540999e-02   1.6242055e-01   3.3738679e-01   1.7745570e-01  -8.4508858e-02   1.9277247e-01   6.2603450e-02  -4.9168856e-03   1.3134335e-01  -1.2966894e-01   2.3384460e-01   3.3593230e-02  -4.6175818e-02   3.7989582e-02   3.2128025e-01   9.3311905e-02  -3.8442268e-01  -4.1286387e-02   2.5082394e-01   1.3799446e-01   7.5543319e-02  -2.8179694e-01  -5.3842062e-02   7.0061120e-02   1.6588203e-01   3.2373313e-02  -2.3018276e-01   3.8144929e-02
