   0.0000000e+00  -4.0152948e-01  -8.4570380e-02   5.0594640e-02  -9.5360885e-02  -6.1032144e-02   6.2245689e-02   1.9018311e-01  -2.4171331e-01   1.2079196e-01   8.4977644e-02  -3.7897282e-01   4.4974055e-02   3.8479818e-01   1.1041017e-01   8.7197857e-02  -1.8358245e-01   6.4436238e-02   1.4864042e-01  -9.1363757e-02   2.5589144e-01   1.2386472e-01   1.7616103e-01   2.0330584e-01  -2.2470309e-01   1.3509805e-01  -1.3555630e-01   4.3052998e-01  -1.1610331e-01  -2.6971270e-01  -5.1227038e-02   8.2943312e-02  -5.6698730e-02  -1.3966425e-01   8.4919229e-02   6.1691369e-02   7.6869975e-02   1.0661599e-01   7.5839717e-02  -2.0326884e-01  -5.2647412e-02  -3.8153869e-02  -2.6574259e-01   3.4613247e-01  -3.2287156e-02   2.1069099e-01   1.3106739e-02   1.6649353e-02   5.3021518e-02  -1.7548086e-01   6.4314645e-02   1.6527901e-01  -2.0395406e-01   4.4761043e-03   2.3730946e-01   1.3243797e-01  -7.5332642e-02   1.2107450e-01   5.7118168e-02  -3.4031251e-01   9.0943810e-02   1.7577748e-01  -3.2026597e-01  -2.6977269e-02  -1.5137662e-01   3.0772036e-03  -1.5967568e-01  -1.1207907e-01   6.8536363e-02  -2.0564966e-01  -1.4924352e-01   5.0706848e-02  -1.3105315e-01   4.3811783e-01   2.3858802e-02   2.0517220e-01   1.0684618e-01   2.5187944e-02  -3.3000616e-01   1.5035782e-02   4.6703095e-01  -1.4565517e-01  -4.1261573e-02   1.8672456e-02   2.8879993e-01   3.3386559e-01  -9.3071034e-02   2.5569975e-01  -2.5586221e-01   3.6245676e-01  -2.5369781e-01  -1.1794832e-01  -2.1881006e-01  -2.1004487e-01   2.2695988e-01  -1.8353354e-01  -4.1647523e-02  -1.0285004e-01  -2.4958531e-02   2.5350884e-01   1.0076798e-01   4.7132845e-02   3.2713844e-01  -3.7749616e-01   1.6779021e-01  -3.7765639e-02  -2.2154322e-01  -5.4472773e-02   1.4654623e-01   3.8311311e-03  -4.2474237e-02   1.3295410e-01  -2.5732012e-01   4.6694158e-01   2.3102423e-01  -2.7599500e-01   3.0069325e-02  -1.0674444e-01   1.5051945e-01  -2.8200324e-02   4.0251559e-02  -2.6433469e-01  -2.3408691e-01  -1.8254384e-01   6.1004853e-02   7.5301171e-02  -1.5984843e-01  -1.3733034e-01   1.7097431e-02  -1.8735354e-01  -6.8145315e-02   4.0035132e-02   3.6083579e-01  -4.4301050e-02  -1.5315320e-01   1.8962595e-01  -1.1020330e-01   3.3806680e-01   1.8669901e-01   2.3167109e-01   1.2805291e-01   9.6950388e-02   1.1091441e-02  -2.1738125e-01   1.6857467e-01   2.6814175e-01  -1.4566220e-01  -7.7378493e-02  -1.9041072e-02   4.2075731e-02   1.4165203e-01   4.4813701e-01  -1.5882846e-01  -3.3956343e-02  -2.9856454e-01   1.6477220e-01   9.9891515e-02   3.6155612e-02  -2.6667775e-02   4.1453109e-01  -2.6350501e-01   8.0019666e-02   8.6213201e-02  -9.0239539e-03  -1.1244360e-02  -1.5154772e-01   1.6528031e-02   3.7332532e-01  -3.0197211e-02  -2.0196617e-01  -2.0263991e-01  -1.7875788e-01  -8.1427762e-02  -2.2561734e-01  -1.4745985e-01  -3.2261214e-01   9.9008750e-02
  -4.0152948e-01   0.0000000e+00   3.8374937e-01  -3.5276055e-01   2.6170656e-01  -2.1269362e-01  -2.3623233e-01   2.8553010e-02   1.3929336e-01  -3.1737394e-01  -4.9664251e-01   6.8069331e-01  -2.9271534e-01  -4.4885539e-01  -2.3125495e-01  -2.7743218e-01   4.7462002e-01  -5.4387117e-01  -2.4898099e-01   1.8650213e-01  -5.6102840e-01  -3.1270495e-01  -3.6979676e-01  -1.5125580e-01   9.2906568e-02  -1.7838947e-01   1.6936817e-01  -3.9511064e-01   4.6341532e-01   1.9183138e-01  -6.9815225e-02  -2.6743795e-01   1.3308690e-01   2.4787112e-01  -2.5108423e-01  -3.4830761e-01   1.4416672e-01   2.3718454e-02  -2.3281326e-01   6.1816208e-01  -3.4579273e-01   1.4402099e-01   3.1404647e-01  -5.1418066e-01  -1.1454236e-01  -5.5245553e-02  -4.4518423e-01   5.8389216e-02   1.0414683e-01   5.3418161e-01  -5.2748135e-01  -1.0825332e-01   3.3324402e-01   2.6568940e-01  -3.2647290e-01  -4.7101779e-01  -2.6393116e-01  -8.2176746e-02  -3.9377422e-01   6.2995323e-02   2.0012158e-01  -3.0505441e-01   4.8018375e-01  -1.9325219e-02   2.0263149e-01  -3.1336687e-01   2.1610526e-01   6.5854992e-02  -3.2082290e-01   3.9789118e-01   5.7655437e-01  -3.4200637e-01  -8.6466804e-02  -2.6391228e-01   1.7799696e-01  -1.5986366e-01   5.3816186e-02  -1.9383655e-01   6.3430083e-01  -2.3880004e-01  -5.1193889e-01   8.4885898e-02  -8.8034932e-02  -2.2608633e-01  -1.4670023e-01  -2.4845903e-01   5.8275302e-02  -2.6280096e-01   4.9137300e-01  -1.1663915e-01   5.2138869e-01   2.1661382e-01   4.1306223e-01  -4.0376397e-03   7.6750581e-02   4.6161000e-01  -2.5408750e-01  -8.4290288e-02  -2.5932652e-01  -3.5541621e-01   7.9880144e-03  -2.3807783e-01  -5.0366993e-01   4.3039875e-01  -3.9508144e-01  -2.0617857e-01   3.7688323e-01  -1.7748773e-01   2.0435559e-02  -3.4316884e-01  -1.7362447e-02  -4.5453886e-01   1.4957783e-02  -1.5287419e-01  -2.1809934e-01   7.6990561e-01  -1.6183703e-01  -1.3497391e-01  -1.8046395e-01  -2.7740969e-01  -1.9161837e-01   5.0385526e-01   4.4018281e-01   6.3518423e-02  -3.2194163e-03  -4.8675828e-02   4.7733614e-02   3.2318005e-01  -8.0164434e-02   4.6614862e-01  -3.1327690e-02  -2.4013011e-01  -3.1845969e-01   6.6669681e-02  -4.5087174e-02   2.1000755e-02  -4.5924031e-02  -3.2592292e-01  -2.1468949e-01   1.2650579e-01  -1.0052144e-01  -2.5374656e-02  -2.7179521e-01   9.4769427e-02  -4.3811199e-01  -5.3916202e-01   4.8970037e-01  -2.7159893e-01  -3.3470942e-01   9.5429986e-03  -2.1815096e-03  -4.4211275e-01   8.6648066e-02  -5.1129581e-02   6.6319228e-01  -9.9370700e-03  -1.1483911e-01  -3.8951883e-01   2.0432671e-01  -5.3584236e-01   1.8195608e-01  -3.5440454e-01  -3.5795544e-01  -4.8593567e-01  -5.8769982e-02   3.6081356e-01  -2.7721470e-01  -3.0981603e-01   2.8254558e-02   4.4335606e-01   4.7648544e-01   1.2298951e-01  -2.0567589e-01   8.8080404e-02   1.4194819e-01   2.7899426e-01  -8.4059108e-02
  -8.4570380e-02   3.8374937e-01   0.0000000e+00  -2.6554445e-01   4.4123477e-01   8.4305364e-02  -6.3823562e-01   5.4507411e-01  -3.0933896e-01   2.9504948e-02  -5.1754766e-01   5.7597657e-01  -1.0396564e-01  -3.6133414e-01  -3.4782560e-01   3.4684174e-02   9.3443151e-01  -6.1647162e-01  -3.1116447e-02   5.2297531e-01  -5.6957393e-01  -3.3791299e-01  -6.2854723e-01   4.2743184e-02   2.3642587e-01   1.1002914e-01   2.2574905e-01  -3.1915358e-01   4.6284509e-01  -6.0934358e-01  -4.2636581e-01  -1.5882677e-01   3.3453809e-01   9.1118439e-02  -5.6538269e-01   3.5324554e-02  -5.5344511e-01   1.8310994e-01  -1.6453777e-02   6.8133616e-01  -5.0222314e-02   5.7605542e-01   2.9370273e-02  -4.0872635e-01  -4.6573600e-01   2.5156907e-01  -1.4104844e-01  -5.2717409e-01  -2.1305332e-01   9.1096396e-01  -6.1341228e-01   3.7295341e-01  -3.5877568e-01   7.3728136e-01  -1.7046827e-01  -5.0823285e-01   6.7481347e-02   1.1344858e-01  -2.1379605e-01  -5.7616983e-02   7.3414860e-01  -2.5545951e-01  -1.1029586e-01   3.9324066e-02  -5.6015306e-01  -4.7576676e-01   5.4276330e-02  -2.2186732e-01  -2.3919470e-02   7.1544143e-01   3.5181834e-01  -4.1271592e-01  -1.2765661e-01  -1.3930873e-01   5.1729533e-01  -1.2444144e-01   3.4996414e-01  -2.9545359e-01   2.6374545e-01   1.0938054e-01  -3.8080378e-01  -3.5672183e-02  -1.8156693e-01  -9.3353737e-02   1.0965847e-01  -1.6859266e-01  -5.5830006e-01  -6.3040599e-02  -5.4963151e-02   1.3244007e-01   3.5161769e-01   8.8095421e-01   7.0512828e-01  -1.3635255e-01   4.6520764e-01   5.7851961e-01  -9.3530334e-02  -5.6991151e-02  -3.9967093e-01  -4.1437631e-01   1.4700651e-01  -2.5905546e-01  -4.1944854e-01  -1.3219512e-02  -5.0577502e-01  -9.6687642e-02   7.1214564e-01  -1.3971641e-01  -2.6292745e-02  -1.8848903e-01   2.1703477e-01  -5.3036657e-01  -2.2270108e-01   2.7199196e-01  -2.5611175e-01   3.0589708e-01  -2.5170377e-01  -8.1529934e-02  -8.0177209e-02  -1.9922738e-01   4.1988855e-03   5.1447242e-01   2.7712076e-01  -4.4392661e-01   1.7410851e-01   3.6992255e-01  -3.2221855e-01   4.7829333e-01   7.7989819e-02   5.7652188e-01  -1.6881537e-01  -4.6892183e-01  -3.7522726e-01  -5.2896355e-01  -2.2240642e-01   2.7487133e-01   2.6741267e-01  -4.1386671e-01   1.8895193e-01   3.6293874e-01   2.4193557e-01   1.7660798e-01  -3.9565347e-01   2.8470309e-01  -6.7444737e-01  -4.5604817e-01   5.0235832e-01  -3.8362169e-01  -2.7273868e-01  -5.0183794e-01   2.6754925e-01  -3.0274571e-01   4.2659210e-01  -2.7834817e-01   7.4644828e-01   1.7962711e-01   5.5595908e-02  -1.0015393e-01   8.3557187e-01  -4.0014480e-01  -6.4319987e-03  -3.1177220e-01  -3.3379202e-01  -5.5988993e-01   3.8863760e-02  -2.9126636e-02  -4.2250389e-01  -2.1950224e-01   1.5652445e-01   5.1340515e-01   3.0906282e-01   2.0628458e-01  -4.4800377e-01   3.2381898e-01   2.9157285e-01   5.7558707e-01   8.2737500e-02
   5.0594640e-02  -3.5276055e-01  -2.6554445e-01   0.0000000e+00   1.9246519e-02   3.4955319e-01   1.7740459e-01  -1.2052011e-01  -6.9692547e-02  -1.6022196e-01   4.2537171e-01  -3.1207882e-01   2.4442315e-01   1.6945928e-01   9.1728092e-02   3.4855751e-01  -2.3149731e-01   4.7771780e-01   3.1802819e-01   4.6332517e-02   2.1134557e-01   6.8638458e-01   1.8252931e-01   2.4622492e-01  -6.4820419e-02   2.2671911e-01  -1.1442396e-01   2.9398906e-02  -2.4592565e-01   4.6011047e-02  -1.1804685e-02   5.5976531e-01   1.5973082e-01  -1.5563640e-01   1.0439543e-01   1.4522360e-01   3.3993930e-02  -1.4356464e-01   2.7780373e-01  -2.5717904e-01   2.8958074e-01   2.9878131e-02  -2.3644696e-01   1.8992752e-01   2.3950961e-01  -5.0260864e-02   3.4392544e-01  -2.2385430e-01   2.0315653e-01  -2.5509211e-01   5.1793317e-01  -1.3089143e-02  -2.3814409e-01  -1.0674979e-01   1.7483236e-01   4.0394542e-01   2.3688892e-01   3.3237127e-01   5.2719482e-01  -5.9759452e-02  -1.9126372e-01   3.0726361e-01  -1.4021455e-01   9.7561830e-02  -2.3113576e-03   2.4177679e-01   2.2055967e-01   2.0206076e-01   3.7167690e-01  -3.0950670e-01  -4.5609902e-01   6.4511130e-01   2.4201024e-01   1.2357075e-01  -1.6139139e-01   1.3271082e-01  -2.6415728e-02   3.5297517e-01  -1.4281006e-01   4.1637684e-01   1.9230030e-01   2.3716046e-01  -1.4609771e-01   4.6403189e-01  -1.1083754e-01  -7.7963858e-03   7.2820802e-03   2.9526215e-01  -1.6450122e-01   1.1152750e-01  -1.5063029e-01  -1.5303401e-01  -3.1205102e-01  -1.3620803e-01  -1.7202097e-01  -1.9989814e-01   5.3125532e-01   4.2019941e-01   4.3396600e-01   2.0867965e-01  -2.5841730e-01   3.0365241e-01   2.1201008e-01  -9.0858616e-02   5.7511359e-01   6.2955877e-01  -9.3928748e-02   5.8301535e-01  -8.2785119e-02   1.7493529e-01  -1.7593272e-01   5.7148147e-01   5.5852526e-01  -1.0004673e-01  -5.3034791e-02  -3.1032775e-01   4.7211161e-01   1.8695805e-01  -3.7582120e-01   7.6338412e-01   1.4670682e-01  -2.1725529e-01  -2.1293280e-01   5.5926210e-02   5.3814751e-02  -8.8830395e-02   8.3782438e-02  -8.8361262e-02   3.4700634e-01  -4.6909719e-01   1.2482203e-01   1.1723007e-01   1.6361168e-01  -5.0233669e-02  -4.8400417e-02  -5.7828122e-02   2.1684266e-01  -4.0209957e-02   4.2836118e-02  -2.1629504e-01   9.1619006e-02  -2.6563827e-02   3.9862812e-01  -2.5091164e-01   3.1036682e-01   1.8845109e-01  -4.8028816e-01   8.1312280e-02   2.6877447e-01  -1.4226348e-01  -7.3042063e-02   4.4244968e-02   4.4653596e-02  -1.3138776e-01  -3.1343440e-01  -5.7122740e-02   6.6307965e-02   4.5457659e-01  -9.9171026e-02   4.0484275e-01   1.6411617e-01   2.6149723e-01  -2.0493510e-01   5.3778755e-01   5.5361065e-01  -7.2592109e-02   2.0446504e-01   1.0590563e-01   1.0622219e-01  -3.3233926e-01  -2.7335056e-01  -2.4551526e-01   4.0469342e-01  -1.1564681e-01  -4.1722771e-02  -1.2071083e-01   5.2634934e-01
  -9.5360885e-02   2.6170656e-01   4.4123477e-01   1.9246519e-02   0.0000000e+00   1.3842363e-02  -4.6169191e-01   2.6930081e-01   4.0929000e-03  -2.3264368e-01  -2.1344345e-01   3.5702806e-01   5.7822683e-02  -3.3132159e-01  -5.2363388e-01  -3.2567262e-02   4.2991471e-01  -2.5780697e-01   1.8262968e-01   8.6205029e-01  -5.3695088e-01  -1.5413321e-02  -4.8632926e-01   1.7456425e-01   7.1718489e-02   1.4390205e-01   4.9432904e-01  -3.6104496e-01   6.7339126e-02  -1.4425394e-01  -3.7383345e-01  -1.0372471e-02  -7.9770622e-03  -8.4702259e-02  -3.1567276e-01   3.7183323e-01  -2.3221049e-01   5.6841151e-02   1.8439113e-02   5.3899439e-01   1.2690463e-01   2.3635229e-01   2.9595125e-01  -2.8626979e-01   2.0083287e-01   3.1288162e-01   2.2575682e-01  -5.6363111e-01   2.6495190e-01   4.0364455e-01  -9.7922472e-02   1.1820472e-01  -2.9751592e-01   1.5136844e-01  -1.7064354e-01  -3.6224055e-01   5.1553352e-02   1.8977416e-01  -1.1642427e-01   2.2222166e-01   3.1630193e-01   3.2243875e-01   5.8089958e-02   1.0687711e-01  -1.2900232e-01   1.1958007e-01  -9.4040320e-03  -1.4696482e-02   1.8653463e-01   2.6809309e-01  -9.0613042e-02  -1.8755477e-02   1.2817367e-01  -2.5639878e-01   8.8841867e-02  -9.8767067e-02   4.3153060e-01  -2.1305744e-02   6.3081068e-01   1.2605753e-01  -4.5613846e-01   2.0075789e-01  -4.3317162e-01   1.6338660e-01  -2.1661529e-01  -2.1549614e-01  -2.9626627e-01   4.0693753e-02   9.6963896e-02   1.7942925e-01   6.8990141e-01   3.9941461e-01   4.0007865e-01   1.3043182e-01   1.7846374e-01   7.4950246e-01   2.0957197e-01   1.0548206e-01   1.2433864e-01  -3.8672346e-01  -9.4785675e-02  -6.4633592e-02  -5.0288882e-01   1.1059948e-01  -1.0415000e-01   2.2231707e-02   1.4328028e-01   1.7019106e-01   2.3557107e-01  -6.8885890e-02  -2.0599215e-01  -1.6596586e-01   6.1639405e-05   7.7050422e-02  -4.9556655e-01   3.6317218e-01  -6.5366717e-02   1.8288952e-01  -4.3898048e-01  -1.2208975e-02   2.1564407e-01   7.2912488e-01   1.4039386e-01  -3.5290300e-02   2.6076332e-01   5.5822092e-02   1.9638986e-01   4.3737782e-02   1.2350035e-01   3.1604177e-03   1.0949867e-01  -4.0804703e-01  -3.3727435e-01  -4.7543093e-01  -7.7094778e-02   1.1721552e-01   2.4330436e-01  -4.6389459e-01   7.7867031e-02   1.3615438e-01   1.6283139e-01  -2.4919338e-02  -8.8611526e-02  -1.4515215e-01  -5.1950929e-01  -5.5315552e-01  -5.2456992e-02   1.6851839e-01   6.7551894e-02  -4.8824260e-01   1.6293476e-01  -3.7304083e-01   3.4411833e-01  -1.0264924e-01   4.7905921e-01   8.8467316e-02   1.9284092e-01  -2.6154096e-02   4.0777923e-01  -3.7024003e-01   8.6439321e-02  -1.0320884e-01  -4.3488174e-01  -2.8388069e-01   8.5605303e-02   8.6808715e-02   7.0584882e-02   1.5563263e-01   2.8483400e-01   5.1757190e-02   4.9213608e-01   2.3787074e-02   4.6690483e-04   2.9727839e-02   1.3120010e-01   1.5087732e-01   3.7015210e-01
  -6.1032144e-02  -2.1269362e-01   8.4305364e-02   3.4955319e-01   1.3842363e-02   0.0000000e+00   1.7738789e-01   6.9447302e-03  -3.7747593e-01   5.7265746e-02   1.2247789e-01  -7.6705678e-02  -5.1917837e-02   1.8046185e-01  -4.5917796e-02   2.1055169e-01   1.1073241e-01   1.7736949e-01   3.0647303e-01   1.4021276e-01   1.1841735e-01   3.1752270e-01   2.6355882e-03   7.4664281e-02  -4.5682870e-02   1.9690633e-02   7.9823329e-02   9.1360800e-02  -1.4004129e-01  -7.6962686e-02  -2.7947846e-01   1.8879385e-01   8.3670174e-02  -2.9645574e-02   7.7494551e-02   2.5995735e-01  -2.7529023e-01  -2.5323493e-01   9.7271688e-02  -5.2378896e-02   3.4165774e-02   1.9290929e-01  -3.6300139e-01   1.6645343e-01  -8.8301383e-02  -2.4046769e-01   4.7881164e-01  -2.5842100e-01  -6.7046419e-03  -3.6433748e-02   2.2846035e-01  -9.6102229e-02  -3.3287352e-01   2.3459404e-01   2.3824563e-01   3.7088842e-01   7.6189609e-01   1.5253816e-01   4.2989528e-02  -8.0328118e-02  -1.6231777e-01   2.2352176e-01  -2.0366332e-01  -1.0996576e-01  -3.4515940e-01   2.6143532e-01   6.2022291e-01  -1.2144740e-01   3.0000151e-01   2.1841954e-01  -3.7238893e-01   3.7940642e-01   5.9110367e-02   3.6138584e-01  -1.0541292e-01  -2.2031223e-01  -2.0354045e-01  -5.0639185e-02  -2.3781594e-01   2.6820591e-01   9.6690953e-02   1.0310960e-01  -5.3211843e-02   2.7332575e-01   2.6827022e-01  -2.4456409e-01   3.1562785e-02   7.7926354e-02  -3.7316725e-01   2.7157755e-02  -3.7171987e-01   1.4727960e-01   2.7697716e-02  -4.1987013e-01  -3.0718287e-01  -2.1134655e-01   2.5857748e-01   6.6480112e-02   1.1520551e-01  -6.1555432e-02   3.1947255e-01   1.5290318e-01   1.0865507e-01  -3.8353125e-02   2.1153594e-01   2.0036166e-01   1.1782101e-01   2.2784210e-01  -2.0772792e-01   6.7713247e-01   1.8460990e-01   3.8613558e-01   1.5040412e-01  -1.2082751e-01   2.2087756e-01  -4.8594617e-01   1.9899968e-01  -1.1272540e-01   6.3197866e-02   3.4774855e-01   3.6092224e-02  -2.9756882e-01  -2.8853743e-01  -1.8968984e-01  -2.3532145e-01   8.3953101e-02  -2.2515769e-01   3.9249837e-02   1.3990493e-01   1.1513024e-01  -1.1005079e-01   1.9839277e-02   2.2641301e-01  -3.0903871e-01  -2.2228615e-04  -2.2009440e-01   1.2338457e-01  -1.5146362e-01  -1.2634807e-01  -2.5346097e-01   2.7582324e-02  -2.1770305e-02  -1.1215700e-02   4.7126979e-01   1.1087902e-01  -2.2832849e-02  -1.8386464e-01   1.8191080e-01   5.5423420e-01  -4.2996963e-01   1.2622365e-02  -1.0950166e-01   1.6570678e-01  -1.9826256e-01   2.6688337e-02  -1.0260101e-01  -9.3338392e-02   1.0600180e-01   5.7639765e-03   2.8724172e-01   4.3681445e-03  -2.3618349e-02  -1.3545671e-02   1.4559092e-01   2.7306224e-01  -3.1545270e-01  -5.7008521e-02   1.6256503e-02   3.9980114e-02  -7.0750636e-02  -3.9637596e-01  -1.7520706e-01   1.2505322e-01   6.2169637e-01  -2.4770624e-02   2.3117860e-01   1.9182340e-01
   6.2245689e-02  -2.3623233e-01  -6.3823562e-01   1.7740459e-01  -4.6169191e-01   1.7738789e-01   0.0000000e+00  -3.8985251e-01   5.7129631e-02   2.4510745e-01   2.5421902e-01  -3.3657421e-01  -7.3555843e-02   3.3044934e-01   5.4816331e-01  -1.2453620e-03  -6.6420312e-01   3.8361692e-01  -1.0161488e-01  -3.9701564e-01   5.4298015e-01   5.2123787e-02   8.1907517e-01  -2.7906327e-01  -1.9581736e-01  -2.7949512e-01  -1.7359960e-01   3.9751703e-01  -3.1588168e-01   3.9210978e-01   2.4567891e-01  -8.1158317e-02  -1.9846855e-01   3.7867930e-01   5.9568295e-01  -1.1873695e-02   3.9100772e-01  -2.5562134e-01   6.2995308e-02  -5.0612581e-01  -1.0550653e-01  -3.5172642e-01  -5.8139697e-02   3.9882900e-01   1.7927283e-01  -4.4666122e-01   4.9667722e-02   6.4424420e-01  -4.5162312e-02  -6.3775857e-01   3.1038319e-01  -3.6638649e-01   2.7629629e-01  -4.1408319e-01   1.7097717e-01   4.5717546e-01   1.4324417e-01  -2.6908701e-01  -1.1178651e-02  -1.1011680e-01  -5.1593076e-01   2.2697605e-01  -4.4147122e-02  -2.7099435e-01   1.7361638e-01   4.3037228e-01   1.3233822e-01  -8.8970160e-03  -2.1208414e-01  -4.0892296e-01  -2.0768061e-01   2.0454624e-01   6.8572657e-02   1.5256133e-01  -3.7555642e-01  -5.0164447e-03  -5.5621402e-01  -5.8487599e-03  -3.3649160e-01  -1.3911828e-01   4.9731725e-01   1.4977371e-01   3.5378766e-01  -7.1053142e-02   4.4031137e-02   1.5098441e-01   4.1748430e-01  -1.4062083e-01  -1.7102949e-01  -3.2399267e-01  -4.9201816e-01  -6.5446536e-01  -3.2079771e-01  -1.1092112e-01  -5.1702180e-01  -4.8264784e-01  -4.1033742e-02  -2.0324868e-01   1.6804544e-01   6.5563293e-01  -4.0410932e-02   1.8151084e-01   4.5596864e-01  -1.1878217e-01   1.4686144e-01  -9.3880464e-02  -3.6369089e-01  -1.9283568e-01   2.9019430e-02   3.2710077e-01   2.6592531e-01   3.1431623e-01   6.3733555e-02  -3.6057145e-01   4.6839801e-01  -3.8340118e-01   7.9178624e-03  -1.3097102e-03   2.6615560e-01   8.7366067e-02  -3.9840361e-01  -5.3036067e-01  -2.9675825e-01   1.8458324e-01  -3.6553615e-01  -3.2842506e-01   1.1615751e-01  -2.5632500e-01  -1.0358250e-01  -3.1591125e-01   1.1337510e-01   5.4009100e-01   3.8368238e-01   2.4081304e-01   1.8463112e-01  -2.4230902e-01  -2.6500088e-01   3.5108217e-01  -2.5974709e-01  -3.2617752e-01  -4.0887619e-01  -1.9637411e-01   1.1006996e-02   1.8704711e-01   7.5024122e-01   3.8799835e-01  -1.2101045e-01   1.9103924e-01   3.6693837e-01   3.9599715e-01  -3.7249664e-01   3.7589249e-01  -5.1221143e-01   2.3218604e-01  -5.0830139e-01  -3.2429857e-01  -4.2452629e-01  -7.3774134e-02  -6.6769756e-01   4.7962021e-01  -1.1217967e-01  -3.8634989e-03   3.8866912e-01   2.6777043e-01  -1.5936179e-01   1.9160935e-01   3.1304814e-01  -5.1696405e-02  -3.4907300e-01  -2.1885619e-01  -3.3246116e-01  -3.2393643e-01   1.0255641e-01   5.2742015e-02  -1.4819032e-01  -3.6423335e-01  -1.1024667e-01
   1.9018311e-01   2.8553010e-02   5.4507411e-01  -1.2052011e-01   2.6930081e-01   6.9447302e-03  -3.8985251e-01   0.0000000e+00  -1.3598721e-01   6.5780799e-02  -2.3847625e-01   1.7628131e-01  -9.3467465e-02  -1.7258041e-01  -2.3259546e-01  -1.2520869e-02   5.2365382e-01  -3.2852940e-01   9.1564642e-02   2.3375831e-01  -3.0363304e-01  -1.0295769e-01  -3.4121727e-01   2.2737128e-01   6.2056482e-02   2.4970479e-01   2.7561535e-02  -9.4001355e-02   1.7785915e-01  -4.4754772e-01  -2.7471332e-01   2.4831464e-02   2.0772585e-01  -8.5557245e-02  -4.5383413e-01   2.3704385e-02  -4.5704117e-01   2.8921289e-01  -7.2070398e-02   2.5630882e-01  -4.7234912e-02   2.6775037e-01  -2.2352859e-03  -1.3156603e-01  -3.3686389e-01   4.1800600e-01  -9.7287928e-02  -4.0924631e-01  -1.7705780e-01   4.4537614e-01  -2.8519819e-01   6.5887118e-01  -3.1164920e-01   3.3996519e-01  -2.7998074e-02  -1.7465980e-01   1.0909203e-02   2.4562679e-01   2.7112244e-02  -8.3836455e-02   5.9517173e-01  -1.2852240e-01  -1.1534105e-01   1.0841052e-01  -4.8944375e-01  -2.0251999e-01  -1.2088381e-01  -1.5948496e-01   1.7132741e-02   4.0205552e-01   4.3427648e-02  -2.6415581e-01  -2.3935932e-01  -6.9829709e-03   2.7333105e-01   2.7584148e-01   4.6541197e-01  -7.3227618e-02   5.2905838e-02   1.1805338e-01  -1.2695322e-01  -1.1781359e-01  -1.7029511e-01   6.2631034e-02   4.7974715e-02   2.6266105e-01  -5.0599315e-01   1.5547887e-01  -1.1448112e-01   2.8437121e-01   1.1295906e-01   5.6545171e-01   3.2507650e-01  -4.6775513e-02   4.9275978e-01   2.4864760e-01  -4.9851609e-02   5.9525626e-02  -2.4806492e-01  -2.3824098e-01   1.0929595e-01  -6.4197658e-02  -2.3685012e-01  -1.0026301e-01  -1.4745075e-01  -8.6451457e-02   3.3465865e-01   1.1844918e-02  -1.7269079e-02  -1.6025865e-01   1.7758079e-01  -2.6872916e-01  -5.0248330e-02   4.8841122e-01  -1.4144670e-01   4.9867895e-02  -8.3878829e-02  -1.7709981e-02  -1.4663387e-01  -1.4350075e-01   2.8985990e-01   1.9896280e-01   9.4423356e-02  -3.9674553e-01   3.7018177e-01   3.3471838e-01  -2.5861387e-01   2.3681621e-01   2.3368879e-01   2.4111564e-01  -3.5837365e-01  -3.0775256e-01  -1.9295079e-01  -3.9786084e-01  -1.8140026e-01   4.7022820e-01   9.1072302e-02  -2.5388663e-01   4.3659793e-01   4.3639539e-01   3.6213874e-01   3.6866823e-03  -2.3709152e-01   8.3755414e-02  -3.4828667e-01  -2.2055816e-01   1.8734313e-01  -2.1292644e-01  -1.1684895e-01  -3.5652378e-01   3.9963539e-01  -1.5719655e-01   3.6034574e-01  -8.2774629e-02   3.3252618e-01   2.2527818e-01   3.5857842e-01   3.2550311e-02   5.8007817e-01  -5.9457722e-02  -7.6049739e-02  -1.3569632e-01  -2.0181553e-01  -3.1473519e-01   1.0224757e-01  -1.6491052e-01  -2.3911684e-01  -2.8749433e-02   2.8110978e-01   1.0538127e-01   9.4472062e-02   8.0413163e-02  -2.8210913e-01   4.9930751e-02   2.8202195e-02   3.1063429e-01   2.3845200e-01
  -2.4171331e-01   1.3929336e-01  -3.0933896e-01  -6.9692547e-02   4.0929000e-03  -3.7747593e-01   5.7129631e-02  -1.3598721e-01   0.0000000e+00  -1.6333330e-01   4.6428103e-02   2.0132325e-01  -6.2506726e-02  -2.3152232e-01  -4.6363665e-03  -1.6558999e-01  -2.7443566e-01   1.4933828e-01  -2.7008905e-01  -1.6693838e-01  -1.9317674e-01  -9.3385136e-02   4.3915796e-02   3.2454283e-03   5.0907699e-02  -1.4753035e-01  -1.2814392e-01  -1.5552731e-01  -4.0240705e-02   6.3629921e-01   2.7032494e-01  -1.0009939e-01  -1.5394589e-01  -1.6073194e-02   1.8212479e-01  -2.1550936e-01   7.9149609e-02   6.3611552e-02  -6.7825107e-02  -8.7720701e-02   3.5877140e-02  -3.6869895e-01   5.5130966e-01  -1.1045615e-01   4.2234496e-01   6.8892143e-02  -3.0234682e-01   1.0497140e-01   1.2036264e-03  -2.6041321e-01   6.9512907e-02  -1.2984431e-01   2.8195408e-01  -3.2804769e-01  -1.2810148e-01  -5.7342371e-02  -3.3335712e-01  -2.6818778e-01   5.6976652e-03   5.2784589e-01  -4.0290390e-03  -9.1696110e-02   6.8402135e-01   3.9693638e-01   6.2617052e-01   2.6231333e-01  -2.3404784e-01   4.1592268e-01  -3.4322470e-01  -1.2861953e-01  -1.3429364e-01  -3.0419279e-02   9.8867059e-02  -2.4437949e-01  -1.3648603e-01  -9.7837177e-02   4.9837706e-02   1.3326730e-01   3.5384898e-01  -1.1620958e-01  -2.5408076e-01   1.3194978e-01  -6.4355586e-02  -9.3968376e-02  -2.8332948e-01  -1.2809378e-01   3.5191393e-01  -5.6415098e-02   3.8217491e-01  -3.7824674e-02   3.7598933e-01  -2.6229873e-01  -2.0850157e-01   7.2446859e-01  -7.0898102e-02   1.2508865e-02   1.0837709e-02  -1.4582883e-01   3.2396531e-01  -2.4518700e-01  -2.3063451e-01   4.0336212e-01  -2.2628216e-01   5.5913073e-01  -8.4055162e-02  -6.3488631e-02  -2.0440411e-01  -5.4548858e-02  -2.7759348e-02  -2.9286601e-01  -1.7504312e-01  -1.5268665e-01   2.7681504e-01  -8.8997383e-02  -1.7473911e-01   2.5563000e-01   2.1741138e-02   1.5771593e-01  -1.4305501e-01  -1.8126269e-01   1.2768766e-01   2.0369660e-01   9.4524239e-02   6.0139075e-01   8.2340850e-02  -1.5616820e-01   5.7300069e-01  -1.2594690e-01  -7.6911447e-02  -1.5674263e-01   1.9655474e-02  -8.5512209e-04  -2.2480584e-01   3.3721373e-01   4.1498001e-01  -1.0595875e-01  -1.6559825e-01  -6.2322126e-02  -1.0346189e-01  -1.8661639e-02  -1.5146839e-02  -1.1500740e-01   9.7848140e-02  -8.0279367e-02   6.4181695e-02  -1.6248985e-02  -1.5134221e-01   4.1910616e-01  -1.1080647e-01   9.6985986e-02  -5.9358601e-02  -2.2618191e-01  -2.3794342e-02   3.2831711e-01   7.2506233e-03   1.0251480e-01   1.1933629e-01  -6.4900115e-03  -1.6918530e-01  -3.3304691e-01   3.8484072e-01   1.9920064e-01  -1.3494507e-01   6.3164195e-02  -1.7717439e-01   7.9725488e-02   3.4215043e-01   1.6451928e-02   5.2552713e-02  -3.0925667e-01   2.8499703e-01   1.1538120e-01   3.8415878e-01  -1.6597196e-01  -4.4134150e-02  -2.7262127e-01  -1.2018381e-01
   1.2079196e-01  -3.1737394e-01   2.9504948e-02  -1.6022196e-01  -2.3264368e-01   5.7265746e-02   2.4510745e-01   6.5780799e-02  -1.6333330e-01   0.0000000e+00  -1.6444538e-02  -1.8926016e-01  -1.4574086e-01   7.9049712e-02   2.5980973e-01  -1.3818883e-01  -2.3557815e-02  -1.0395990e-01  -4.1399592e-02  -8.7508541e-02   2.6772880e-01  -9.4798238e-02   4.1212791e-01  -2.6012091e-01  -2.0216703e-01  -2.1944148e-01  -1.2899239e-01   3.6841788e-01  -1.4672168e-01  -3.3434475e-01   1.0195793e-01  -1.8549723e-01  -1.9123293e-01   3.4610847e-01  -1.5320574e-01   2.4823938e-01  -1.1601203e-01  -7.4629494e-02  -4.1397051e-02  -2.1363394e-01  -1.3231979e-01  -1.0303750e-01  -8.1225903e-02   1.7171563e-01  -3.7582935e-01  -1.8380987e-01   6.0172651e-02   2.2517692e-01  -4.6544367e-01  -1.1561378e-01  -1.1172066e-01   2.3017646e-02   1.6172524e-01  -4.6575135e-02   2.4144810e-01   5.8640042e-02   1.7423844e-01  -5.5211821e-02  -1.2536065e-01  -2.6724458e-01   1.4789419e-02   4.7668341e-02  -2.4651854e-01   1.3836439e-02  -4.2249825e-01   7.8174665e-03  -9.1821814e-02  -3.3517853e-01  -1.2205102e-01  -3.6114145e-02   1.4111514e-01  -2.3343920e-01  -1.4890866e-01  -3.6863534e-02  -2.2131029e-01  -2.9013901e-02  -2.1087724e-01  -3.3297738e-01  -3.6529910e-01  -1.6339650e-01   2.5549797e-01  -1.3624021e-01   3.5415917e-01  -2.2375706e-01   1.9180586e-01  -3.6691583e-02  -2.4508538e-01  -1.6913539e-01  -3.2947875e-01  -1.9368179e-01  -4.3695786e-01   2.8234052e-02   1.5811388e-01  -1.7182452e-01  -8.7052384e-02  -1.5584664e-01  -2.3824101e-01  -2.0474419e-01  -3.2479820e-01   4.0306214e-01   1.2798294e-01  -4.7712310e-02   1.7410781e-01  -2.7863183e-01  -2.6117305e-01  -7.6995021e-02  -9.7530776e-02  -3.1716954e-01   2.1219047e-01   2.5227004e-01   4.1407750e-01  -2.1282059e-01  -3.5916729e-01  -3.7779004e-02   2.6967950e-01  -2.7862799e-01  -2.3988435e-01  -8.4370408e-02   4.8176391e-01  -1.2736387e-01  -2.4426156e-01  -3.3034613e-01  -3.1075348e-01  -2.5150467e-01  -2.0079713e-01  -1.7463811e-01  -2.4102854e-01  -1.6391649e-01  -7.9992607e-03   9.5416603e-02  -8.1796393e-02   2.8341108e-01   1.1628700e-01   4.0593567e-02   3.6597831e-03  -1.5049454e-01  -2.7865658e-01   3.5510083e-01  -1.0406192e-01  -1.4300691e-03  -5.7308501e-02  -4.0045115e-02  -3.5090286e-01   2.7044164e-01   1.9639201e-01   2.6621414e-01   2.5684548e-01   1.3105615e-02   2.2362697e-01   2.1322529e-01  -1.4446833e-01   2.9860083e-01  -6.6344770e-02   7.2113748e-02  -1.5312458e-01  -1.1001109e-01  -2.2329545e-01  -1.1209356e-01  -2.7180270e-02   1.1177397e-01  -4.0692584e-01  -1.8267372e-01   6.6870418e-01  -1.8529275e-01  -6.6611496e-02   6.8849526e-03  -1.4045615e-01   1.5934876e-01  -2.0141281e-01   1.9594292e-01  -2.8306776e-01  -1.0673997e-01  -3.5096656e-01   2.5672350e-01  -6.2510076e-02   7.4031785e-03   8.7672308e-02
   8.4977644e-02  -4.9664251e-01  -5.1754766e-01   4.2537171e-01  -2.1344345e-01   1.2247789e-01   2.5421902e-01  -2.3847625e-01   4.6428103e-02  -1.6444538e-02   0.0000000e+00  -4.6920097e-01   1.8493070e-01   2.6580083e-01   2.0276440e-01   3.2065266e-01  -5.2429714e-01   7.9912393e-01   1.3919611e-01  -1.8703105e-01   3.7206443e-01   3.6678992e-01   3.1357080e-01  -1.6574866e-01  -9.1737281e-02   1.2786269e-02  -1.3339839e-01   1.4804836e-01  -3.7896930e-01   1.8254987e-01   1.5092791e-01   4.4554285e-01   7.0231769e-02  -2.4636717e-01   1.7557106e-01   4.2802265e-01   1.3848600e-01  -2.3548987e-01   3.7827232e-01  -6.1777877e-01   3.1168812e-01  -2.6522486e-01  -2.2409687e-01   6.1451887e-01   2.9370172e-01  -2.7769510e-01   5.2222661e-01   1.7015188e-01   6.5309182e-02  -5.5288816e-01   8.1409049e-01  -2.0614695e-01   2.4192522e-02  -3.6581630e-01   1.2670802e-01   6.4526460e-01   2.2682041e-01   1.2382829e-01   4.0557092e-01   1.9852687e-02  -3.8786653e-01   2.5666819e-01  -3.0418085e-02   1.3592007e-01   1.5938606e-01   3.0953877e-01  -7.3324464e-02   1.7854949e-02   4.7908094e-01  -5.3987142e-01  -3.3516809e-01   5.1831035e-01   2.4388472e-01   7.8832917e-02  -2.6565326e-01   2.1728485e-01  -3.2225006e-01   4.2915605e-01  -3.1289538e-01   1.4539342e-01   2.9273556e-01   7.2503042e-02   2.5769532e-01   2.6909314e-01  -1.1013109e-01   2.6195446e-01   1.0379467e-01   2.5455309e-03  -5.7546380e-02  -2.4675902e-01  -3.6053198e-01  -4.2634833e-01  -4.7398484e-01  -1.1516367e-02  -3.3045975e-01  -4.2834279e-01   1.8731162e-01   1.7425531e-01   4.0672781e-01   1.7920867e-01  -1.3242130e-01   3.7039309e-01   4.4722563e-01  -1.7111977e-01   6.2060934e-01   3.5083762e-01  -3.1719383e-01   3.7717852e-01  -1.4547335e-01   2.9701214e-01  -3.2474787e-02   5.9170982e-01   2.3580169e-01  -2.7390071e-01   4.0452151e-02  -4.4358919e-01   4.4427767e-01   1.6643022e-01   6.5518353e-02   4.5430279e-01  -1.4105011e-01  -4.7872239e-01  -2.2763145e-01   2.7577236e-01  -3.1234821e-01  -1.7562388e-01   8.6327437e-02  -2.5252018e-01  -4.9025215e-02  -3.6329061e-01   2.9231106e-01   5.5535561e-01   2.4567382e-01   1.8917662e-01   1.0742683e-02  -3.0927388e-02  -1.3192044e-01   1.4293743e-01   1.7127952e-01  -3.7657215e-01  -1.4004789e-01  -4.8817866e-02   6.4651465e-01  -2.3994335e-01   5.3594392e-01   3.8485299e-01  -4.9979179e-01   2.8642196e-01   3.0895717e-01   1.3175109e-01  -4.2608378e-01   2.4794284e-01  -2.2696372e-01   1.6981887e-01  -5.7604885e-01  -2.9042242e-01  -2.2025629e-01   3.0066720e-01  -4.4394994e-01   4.2635953e-01   7.9264514e-03   6.7723418e-01   3.3192975e-01   6.2825783e-01   1.9490628e-01  -2.6205956e-01   5.1614024e-01  -1.4392973e-02  -1.2576303e-01  -4.1308010e-01  -4.7494806e-01  -4.0593524e-01   4.1258803e-01  -2.4754380e-01  -1.1792414e-01  -2.9479424e-01   6.9605010e-02
  -3.7897282e-01   6.8069331e-01   5.7597657e-01  -3.1207882e-01   3.5702806e-01  -7.6705678e-02  -3.3657421e-01   1.7628131e-01   2.0132325e-01  -1.8926016e-01  -4.6920097e-01   0.0000000e+00  -2.2777567e-01  -4.8733540e-01  -2.2180932e-01  -5.8658140e-02   5.7229072e-01  -4.4723509e-01  -1.5561649e-01   3.9304178e-01  -7.0988382e-01  -3.5265957e-01  -4.2354843e-01  -7.4112214e-02   2.3313925e-01  -1.7318154e-01   2.2423672e-01  -4.9809018e-01   6.2117334e-01   4.6745398e-03  -2.9337190e-01  -1.9686749e-01   1.7605524e-01   2.9196110e-01  -2.7373705e-01  -2.0207901e-01  -2.7834548e-01   8.6074346e-02  -8.2228461e-02   6.3880862e-01  -2.6266861e-01   2.0101620e-01   5.4438124e-01  -5.1650227e-01   1.2028755e-02   7.4118068e-02  -3.3217110e-01  -3.1250251e-01  -1.0844543e-01   6.0993440e-01  -4.7202390e-01   7.8001640e-03   3.4291857e-02   4.0415478e-01  -2.8994898e-01  -4.6829452e-01  -1.5758476e-01  -1.1732518e-01  -3.5381387e-01   4.0721719e-01   3.9648385e-01  -1.8218663e-01   4.2599894e-01   1.2806909e-01   3.2725749e-02  -1.2922613e-01  -1.4231598e-03   7.2480980e-02  -2.8392609e-01   6.0011109e-01   2.6095026e-01  -2.5409132e-01  -8.6755858e-02  -3.6995867e-01   3.8481172e-01  -1.7138008e-01   1.2627921e-01  -1.6829019e-01   6.5043149e-01  -2.5649337e-02  -5.8490745e-01   1.8979261e-01  -2.4016892e-01  -2.2972885e-01  -2.6581081e-01  -2.9092343e-01  -1.7101309e-01  -1.8047218e-01   2.3863996e-01   1.2454114e-03   5.8372672e-01   3.9359130e-01   6.6360299e-01   2.1602574e-01   1.7013504e-01   5.2374906e-01  -8.6958789e-03  -1.1345796e-01  -7.8516031e-02  -4.8055595e-01  -9.2078315e-02   1.2023765e-01  -5.8737496e-01   4.4347359e-01  -4.2126073e-01  -1.2084165e-01   4.9026360e-01  -1.5291918e-01  -3.6455185e-02  -3.3802332e-01   1.0418960e-01  -4.5438040e-01  -2.9451105e-02  -6.4992531e-03  -4.1565935e-01   5.8433014e-01  -2.6025646e-01  -6.6129774e-02  -2.9580771e-01  -2.8043754e-01  -1.4290910e-01   6.2632594e-01   5.0797260e-01   6.1898894e-02   1.1009202e-02   1.8223897e-01   2.5956799e-01   3.8622699e-01  -1.0082525e-02   4.0793605e-01   5.0526398e-02  -3.0398089e-01  -5.1814516e-01  -1.8558348e-01   1.8877881e-03   1.3711564e-02   1.7351904e-01  -5.4769588e-01  -9.8292700e-02   2.5205763e-01   9.1289883e-02  -4.9254394e-02  -2.8254138e-01   2.7306498e-01  -3.7470105e-01  -5.2115325e-01   4.0000220e-01  -1.4113607e-01  -1.6505626e-01  -2.8117716e-01   9.4963972e-03  -5.6977357e-01   2.1802021e-01  -1.1629470e-01   7.4190951e-01   1.0370545e-01  -3.2234111e-02  -3.1459739e-01   3.9590202e-01  -5.7850081e-01   4.0082307e-01  -2.9020143e-01  -4.5842210e-01  -4.7805573e-01  -7.9792981e-02   2.9822048e-01  -1.0346337e-01  -3.8895134e-01   1.0103235e-01   2.6067534e-01   6.4631651e-01   7.1936161e-02  -9.1119154e-02   1.9695975e-01   3.0167515e-01   3.8850554e-01  -5.6395759e-02
   4.4974055e-02  -2.9271534e-01  -1.0396564e-01   2.4442315e-01   5.7822683e-02  -5.1917837e-02  -7.3555843e-02  -9.3467465e-02  -6.2506726e-02  -1.4574086e-01   1.8493070e-01  -2.2777567e-01   0.0000000e+00   1.5059272e-02   3.5790682e-02   3.2093415e-01  -1.9820379e-01   1.4526538e-01   7.7104402e-02   1.1983223e-01   9.3387269e-03   8.6918521e-02  -3.1855237e-02   8.7967265e-02   1.5945242e-02   1.0314571e-01   2.0251670e-01  -4.8749048e-02  -2.5764259e-02  -1.4444790e-01  -2.4975184e-02   7.2013076e-02   3.8905106e-02  -1.0022325e-01  -1.4839842e-02   1.8641139e-01  -1.0737138e-01   1.2331856e-01   3.8024800e-01   2.7821572e-02   5.9395212e-01   1.1807540e-01   2.3572229e-02   1.2970947e-02   1.2312608e-01   3.4453000e-02   2.5382232e-01  -1.0520430e-01  -9.7075083e-02  -4.4731615e-02   1.6573219e-01  -1.0210570e-02  -1.7298832e-01  -1.6781169e-01  -4.0881255e-02   4.6534822e-04  -4.3862469e-02   1.9436238e-02   2.7907164e-01  -1.6443722e-01   8.7859965e-03   9.7476259e-02  -1.8080389e-01  -1.2425051e-02  -6.5838310e-02   3.5683289e-02  -9.8424578e-02   9.6602591e-02   2.7135200e-01  -2.1774918e-01  -2.1823288e-01   1.5416073e-01   3.0695482e-01  -5.3563853e-02   3.8302861e-02  -1.5640279e-01   1.2509957e-01   1.6681707e-01  -1.1761311e-01   2.0545687e-01   1.0491852e-01   2.0775062e-01  -8.5562870e-02   1.9614855e-01  -1.6626707e-01  -2.3623859e-02  -1.9365421e-01   1.4744011e-01  -2.8947130e-02   1.0564607e-01   6.2165157e-02  -9.8541641e-02  -1.1480627e-01  -5.2680692e-02  -9.6957820e-03   8.1972194e-02   1.3357458e-01   1.4263075e-01   3.1141784e-02   7.0523444e-02  -3.2015281e-01   2.1904341e-02   6.9952602e-03  -3.4917043e-01   1.4968696e-01   2.2435058e-01  -9.8722844e-02   1.5032758e-01  -6.0824781e-02  -1.6740004e-01  -1.2877873e-01   5.8749109e-02   3.2064753e-02  -2.7411771e-02  -6.0529757e-02   8.2675853e-03   7.2502658e-02   5.0264433e-01  -1.2470260e-01   1.9817667e-01   1.1441053e-01   6.4433707e-02  -7.6006337e-02   1.6565205e-03   1.2223247e-01  -9.6703084e-02   3.7623850e-02  -1.2928839e-01   6.6441560e-02  -3.2808997e-01   3.6379681e-01  -1.2892852e-02  -6.6017605e-02  -2.0064881e-01  -1.0759455e-01  -2.4643562e-02   2.8148315e-01  -1.3286841e-02   1.8877471e-02  -3.4096536e-02   1.9749048e-02   2.6186616e-01   1.7629229e-01  -1.1091738e-01  -6.3700670e-04   4.2247674e-02  -2.2416448e-01  -1.2872057e-02  -1.1412644e-01  -1.4426942e-01  -5.7677463e-02   6.9176842e-02  -3.1852057e-02   5.1177013e-02  -1.2509916e-01   6.4724333e-02   4.4678593e-02   2.6750182e-01  -2.8823102e-02   7.8740132e-02   3.5008239e-03   1.9716908e-01  -1.7975832e-01   1.7773095e-01   3.6453191e-02  -4.4159401e-02   9.0927680e-02   8.8610935e-02  -1.9112153e-02  -1.5803312e-01   3.6548533e-02   9.7467927e-02   8.4090258e-02  -2.3323064e-01   1.3842991e-01  -8.9409379e-02   1.8791776e-02
   3.8479818e-01  -4.4885539e-01  -3.6133414e-01   1.6945928e-01  -3.3132159e-01   1.8046185e-01   3.3044934e-01  -1.7258041e-01  -2.3152232e-01   7.9049712e-02   2.6580083e-01  -4.8733540e-01   1.5059272e-02   0.0000000e+00   2.7898236e-01   2.7046390e-01  -3.2243215e-01   3.1571631e-01  -7.9318439e-02  -3.9645474e-01   7.1004508e-01   2.2055114e-01   3.7417727e-01  -7.8767288e-02   1.3902072e-01  -1.8963553e-01  -4.4386775e-01   5.4662496e-01  -3.7632472e-01  -8.6908350e-02   5.9634536e-02   7.8560529e-02   7.2858928e-03  -1.2870434e-01   5.7240606e-01  -6.2688684e-02   1.5936854e-01  -2.5669190e-01   6.0305638e-02  -5.2570173e-01  -6.1505418e-02  -1.3879888e-01  -4.1229654e-01   6.4921967e-01   7.8034464e-02  -2.1469261e-01   1.7470854e-01   2.1563831e-01   1.1236302e-01  -4.2081511e-01   2.7331437e-01  -1.8096458e-01  -1.9300901e-01  -4.1692062e-02   4.4617862e-01   6.0425569e-01   1.8703259e-01  -2.0876135e-02   1.2083097e-01  -2.9999202e-01  -2.9631456e-01   2.8113555e-01  -3.8246005e-01  -1.1844410e-01  -1.3124326e-01   9.6574891e-02  -7.2158277e-02  -3.5011650e-02   1.6832625e-01  -3.7280939e-01  -2.9645560e-01   2.2380044e-01  -8.4845922e-03   4.8010995e-01  -7.1533863e-02   8.1940132e-02  -2.7483238e-01   2.3140261e-01  -4.8364957e-01   4.0527975e-02   6.6962536e-01  -9.4425777e-02   2.2488367e-01  -6.0485713e-02   2.8944447e-01   2.6289583e-01   4.1115072e-01   9.6624651e-02  -3.4589355e-01  -7.6380626e-02  -5.0202420e-01  -2.9777622e-01  -3.5147718e-01  -2.2184368e-01  -2.2839223e-01  -5.7380004e-01   1.3487215e-01  -2.0573324e-01   2.2243618e-01   4.2585330e-01   2.3254819e-01   1.1024504e-01   7.8742643e-01  -3.3513858e-01   2.1139638e-01  -1.3781644e-01  -1.5645878e-01  -1.3335899e-01  -1.0117457e-01   3.6853135e-01   1.1786995e-01   5.3966376e-01  -8.4391720e-02  -1.0110009e-01   4.7758888e-01  -5.7932053e-01   1.1887563e-01  -1.1731205e-01   1.8085069e-01   2.0125307e-01  -4.7808602e-02  -5.0832994e-01  -2.4185766e-01  -1.2152910e-01  -2.2335707e-01   1.4995854e-01  -1.5490841e-01  -1.0856722e-01  -1.7973900e-01  -3.3162994e-01   4.1688506e-03   2.5231635e-01   7.8638772e-01   5.2528715e-02  -1.5909847e-01   1.1723547e-02  -4.4326527e-02   4.1762859e-01  -3.1002405e-02  -3.7318686e-01  -1.1120895e-01  -3.5356706e-02   1.3345292e-01  -1.0374328e-01   4.5378809e-01   5.6343464e-01  -2.7709138e-01  -1.0429173e-01   1.5938830e-01   1.4829075e-01  -1.2215537e-01   6.1141580e-01  -2.6368608e-01  -3.5939635e-02  -5.7176907e-01  -3.0113797e-01  -1.3922788e-01   1.9400343e-02  -2.2753544e-01   6.1952765e-01  -2.0216961e-01   1.0566272e-01   2.8580539e-01   4.0045064e-01  -1.8643587e-01  -1.7978319e-01   7.6731799e-02   1.5722684e-01  -9.7210044e-02  -1.4684216e-01  -4.3401386e-01  -3.3671691e-01   1.1480333e-01  -4.6683252e-02  -3.8168157e-02  -3.6424030e-01  -2.1147563e-01
