   0.0000000e+00  -3.1148384e-01   2.3249778e-01  -4.0821395e-04   2.3917637e-02   7.5400963e-03  -9.6043226e-03  -1.6831160e-01  -3.8147842e-02   1.2015231e-01  -1.2025262e-01  -2.2263612e-01   1.8011249e-01   1.7996004e-01  -2.4950551e-01  -1.4972219e-01   1.7071566e-01  -7.8384539e-02   9.5425848e-02   1.9149758e-01  -2.0914074e-01  -1.5277251e-01   2.6447219e-03   4.6831567e-01   8.8058719e-03  -2.6452478e-01   1.1226549e-01   9.2889486e-02  -1.3052181e-02  -1.5143810e-01  -3.1893505e-01   5.5837942e-02   3.2558956e-02  -1.6043005e-01  -1.8735536e-01   1.6322320e-01   2.3213008e-01   3.0243519e-02  -2.4383392e-01   3.5839936e-02   7.7877489e-02   2.6996487e-01  -2.8177055e-02  -3.4484543e-01   1.0469563e-01   7.2098044e-01   2.2052726e-02  -2.7998876e-01  -2.1082593e-01   3.3166531e-02   3.3365955e-02  -4.5226310e-02  -2.2540333e-01   3.0800141e-01   2.6452814e-01  -2.3912966e-01  -1.7252179e-03  -1.3499732e-01  -2.5194439e-01  -1.0388162e-01   2.6873596e-01   2.8390220e-02   1.4975862e-02  -2.0395051e-01  -3.8273484e-02   6.4904013e-02  -2.3138065e-01   1.8295865e-01  -1.7819900e-01   7.1948065e-01  -1.1003410e-01   3.7780730e-02  -1.5432934e-01   6.7335810e-01   3.8786066e-02  -2.8196400e-01   3.5654510e-01  -3.4200552e-01  -1.4970953e-01  -6.4115434e-02  -1.9571909e-01   6.8754635e-02  -1.4785076e-01  -1.9185129e-01   1.7451136e-02  -2.5165665e-01  -1.5787651e-01   6.0369737e-01   1.7314341e-01   6.5053882e-01  -1.8835323e-01   4.0066012e-01  -9.0624705e-03  -3.0994387e-03   3.2649802e-01   1.0771205e-01  -5.3796612e-02  -1.0576529e-01  -1.3676447e-01   1.3863434e-01  -1.0838102e-01  -1.7704458e-01  -2.9144558e-01  -1.0277478e-02  -1.5903264e-01  -1.5895435e-01   3.0021975e-01  -2.2316401e-01   1.4858278e-01  -9.7441583e-03  -8.4719354e-02  -2.7666120e-01   1.4987114e-01   8.2817046e-01  -6.4780423e-02  -1.5528743e-01  -2.4486492e-01   1.7123624e-03  -9.5143533e-02  -2.1018538e-02   5.7490394e-01   1.1613356e-02   9.2811427e-02   6.5069459e-03   6.0546472e-01   5.8216850e-01  -2.0214411e-02   5.7796321e-02   4.1736051e-02   1.0437268e-01  -1.2479698e-01  -1.5050884e-01   5.7326565e-01  -2.1490944e-01   9.0856414e-02  -2.3821616e-01   5.7792780e-02  -2.7496067e-01  -3.9866634e-01   7.2757794e-01   6.8734872e-01  -3.0344382e-02  -2.5838713e-01   7.3160099e-02  -2.2514295e-01  -3.1847997e-01  -3.5418454e-02   6.7467768e-02   1.2668671e-01  -1.7220099e-01   3.9208673e-01  -3.1618478e-01   6.5592152e-01  -3.2925816e-01   5.4520090e-02   5.6117479e-01   6.6312260e-01  -2.0568645e-01   3.9890840e-01  -2.6876596e-01  -1.0080004e-03  -3.0824457e-01  -1.6502851e-01  -6.5292972e-02  -2.1892811e-01   9.2387451e-03  -1.3279707e-01  -1.2388357e-01   7.5355899e-01  -1.5667575e-01  -1.5554215e-01   1.9132044e-01  -3.8833018e-03  -4.2408370e-02   5.6720688e-02  -6.0141188e-02  -1.4693341e-01
  -3.1148384e-01   0.0000000e+00  -2.6960834e-01  -2.1181523e-01  -9.1863010e-02  -2.7927655e-01  -1.9451805e-01  -1.5070374e-01   5.3905484e-01  -3.0323194e-01  -4.3704660e-01   1.5436986e-02  -2.2709045e-01  -1.9078201e-01  -2.0972476e-01  -1.7143983e-01   4.3447459e-03  -2.8838229e-01  -9.4887253e-02  -1.4763290e-01  -1.3248390e-01  -2.2158869e-01  -3.6403339e-01  -5.2238161e-02   1.0950643e-01  -6.3548052e-02  -3.7443997e-02  -1.1627527e-01   1.7322582e-01   2.4925848e-02   1.5725526e-01  -1.1247625e-02   1.1318597e-01  -3.9568800e-02  -1.1008074e-01  -4.5351443e-01  -1.2419090e-01   1.0376841e-01   7.8504853e-02   2.0978714e-01  -6.5440399e-02   7.4227253e-03  -6.0113071e-02  -1.1834793e-01  -1.0439753e-01  -2.1918236e-01  -4.5051853e-01   5.0622287e-01   3.5322420e-01   3.5520827e-01  -4.3750866e-01  -1.1914074e-01   6.8021110e-01   1.4996037e-01   1.4386904e-01  -2.6069429e-01  -1.8042752e-01  -2.2362106e-01  -2.0124421e-02  -2.9140847e-01  -1.3053000e-02  -1.1744275e-01   4.6732783e-01   4.5426984e-01   5.5473558e-01  -2.7664462e-01   1.1661920e-01   1.1231840e-02  -2.2886882e-01  -3.0896500e-01   7.0890330e-01  -1.8230521e-01   1.5864431e-01  -1.0919281e-01   2.6349337e-01   2.1623439e-01  -4.1650522e-02   1.5996811e-02   3.5079116e-01   2.8358931e-01  -2.3080222e-01  -1.2480946e-02   4.8500668e-01  -6.8541244e-02   1.2218188e-02   3.0078966e-01   3.9228765e-01  -2.2168233e-01   3.5072720e-01  -1.0455286e-01   3.4144311e-01  -8.0976394e-02  -1.3795891e-01  -4.5431964e-02  -2.4844415e-02   4.9972154e-02  -2.0522482e-01   1.7900718e-01   3.4602856e-01  -3.6557126e-01   4.8676614e-02  -4.8625398e-01  -1.6374331e-01   4.1342151e-01  -3.0751025e-01   3.0792605e-02   7.2490267e-02   2.1704432e-02  -1.3177633e-01  -3.6400488e-01  -2.0321146e-01  -3.0192349e-01   1.2209157e-01  -3.0009828e-01   1.8047964e-02   6.4592085e-01  -7.2237823e-02  -5.7856058e-02  -7.4672893e-02  -1.8880347e-01  -3.0667758e-01   2.0636448e-01   1.8465932e-01   6.0435244e-01  -2.0239014e-01  -2.0143979e-01  -3.0680642e-01   3.4283801e-01   1.1177142e-02  -2.0379547e-01   9.3038448e-04   1.5652851e-01  -1.6818571e-01   9.7631946e-02   1.0626167e-01  -9.9308588e-03   1.2462059e-01   2.9297050e-01   1.0250113e-01  -2.4632585e-01  -1.9142649e-01   5.3543822e-03  -2.9093127e-01  -3.8995770e-01  -2.4038735e-01   1.6846916e-01   9.4791689e-02  -2.0851317e-01  -5.5796321e-01   4.1867977e-01  -9.9078299e-02  -4.2204841e-02  -2.7752733e-01   3.2463611e-01   1.3998222e-01  -1.7625029e-01  -2.0781694e-01  -2.5190520e-01  -3.4981270e-02  -1.8776511e-01   9.0422412e-02  -1.2832360e-01   6.0652860e-01  -2.5572779e-01   1.1969715e-01   1.3855944e-01  -2.4120458e-01  -1.8149259e-01  -2.4398257e-01   6.4885823e-01   3.5462872e-01  -1.2645298e-01   5.7099812e-02  -3.1991300e-01   1.2986985e-01   6.0906494e-02   1.1414110e-01
   2.3249778e-01  -2.6960834e-01   0.0000000e+00  -6.2750790e-03   4.6640781e-01   4.4523728e-01   2.8099022e-01  -1.3629610e-01  -1.0776961e-01   4.3739461e-01  -6.4700519e-02   4.2017901e-01   2.0986953e-01  -2.7236302e-01   1.6556743e-01   2.2325336e-01   8.3734370e-01  -8.2755139e-02   1.9540766e-01   5.9046449e-01  -5.1428093e-01   3.1180680e-02  -6.9507516e-02  -5.9847854e-02  -1.9751867e-01  -4.5812315e-02   4.6786684e-01  -2.1152506e-02   1.4480549e-01   1.1645134e-01  -3.1238003e-01  -1.8701937e-02  -8.6945272e-02   3.5193500e-01  -1.2600966e-02   2.9605245e-01   1.7515257e-01   3.9166301e-02  -1.2673935e-01   5.4850063e-01   8.5800979e-02   4.4838605e-01   5.2436359e-01  -3.9756294e-01   2.1088855e-01   3.1920555e-01   2.0228945e-01  -2.8358221e-01  -3.3934077e-01   3.4627704e-01   2.6908146e-01  -1.1554847e-01  -3.9984080e-01   3.2885072e-01  -1.1425570e-01  -2.8144937e-01   7.7885643e-02  -2.5700818e-02   5.6921210e-03   4.1556497e-01   4.4501432e-01   4.1947186e-01   1.2128454e-01  -3.8330431e-01  -2.1680410e-01   2.6900815e-01   1.3448044e-01  -1.5702756e-01  -8.7909739e-03   4.2900443e-01  -8.8998021e-02   6.6945285e-02  -5.9582636e-02   1.5771309e-01  -1.3959705e-02  -4.4380377e-01   3.4927675e-01  -2.3934351e-01   1.7388729e-01  -7.4108445e-02  -2.2298400e-01   2.4358606e-01  -2.9477186e-01  -9.2903385e-02  -2.3997435e-01  -2.9515715e-01  -4.5490050e-01  -5.8153795e-02   6.9869289e-02   1.7030300e-01   7.7806851e-02   3.7410724e-01   3.7198807e-01   2.6094657e-01   2.6219635e-01   3.1533696e-01   6.1521941e-02  -3.1563168e-02  -1.5582057e-02   1.8638280e-01  -2.0752492e-01   6.8847371e-03  -3.8479598e-01  -8.8725408e-02  -4.9219571e-02  -1.8866219e-01   3.5909475e-01  -1.0641611e-01   3.0357900e-01  -1.5417854e-01   2.0415164e-01  -7.5893388e-02   1.5879082e-01   2.6364234e-01  -9.0385656e-02  -6.4964661e-02  -2.0811557e-01   3.8802736e-02  -2.4569948e-01   1.1966379e-01   2.2858769e-01   3.4113594e-01   2.2341034e-01  -2.3206719e-01   2.4493164e-01   3.9439600e-02   7.8928781e-02   8.5065543e-03   3.9600566e-02   5.3969369e-01   2.7939526e-02  -2.4162031e-01   1.0362201e-02  -4.6543376e-01   3.1252676e-01  -3.0588630e-01   1.2595234e-01  -3.4420120e-01  -3.3090579e-01   2.8282723e-01   1.6011949e-01   8.1976335e-03  -1.6727079e-01   4.0852803e-01   4.7768707e-02  -4.1959685e-01   2.2865484e-01   8.1160690e-02   2.5618712e-01  -4.7367264e-01   2.1658665e-01  -5.0942574e-01   1.0496687e-01  -4.0292383e-01   6.7477331e-01   1.3502412e-01   3.3821830e-01   7.5028066e-02   3.6327866e-01  -3.5831693e-01   8.6482557e-02  -2.8433927e-01  -2.7541170e-01  -1.1663423e-01  -8.3464900e-02   2.3673930e-01   1.0500249e-01  -2.6236586e-01   3.6502626e-01  -2.7292583e-01   1.9133923e-01  -2.6700735e-02   4.4411212e-02   7.9683611e-02   1.6351254e-02   1.5695590e-01  -5.4506632e-02
  -4.0821395e-04  -2.1181523e-01  -6.2750790e-03   0.0000000e+00  -2.5477996e-02   6.4535390e-02  -2.3300357e-01   3.9136358e-01  -1.8160728e-01   1.1212810e-01   5.0666988e-01  -1.1562824e-01   1.0181047e-01   2.9875881e-02   2.4825658e-01   3.2141741e-01  -1.6958366e-01   6.6273927e-01   3.7173325e-02   5.1092399e-02   3.4411092e-01   5.7092667e-01  -5.2714554e-02  -2.8544229e-01  -1.8671183e-01   1.9552401e-01  -7.6504137e-02  -3.2135490e-01  -2.1414351e-01   4.6447884e-01   1.6705147e-01   4.3525242e-01   8.2418768e-03  -2.3690573e-01   2.2008752e-01   3.3016361e-01   3.3379292e-01  -2.2642072e-01   2.5075200e-01  -2.7600223e-01   3.1255758e-01   4.5916201e-03  -7.0277247e-02   2.2316767e-01   1.7195353e-01   1.8130279e-02   4.2609078e-01  -2.6764203e-01  -3.7650234e-02  -3.7081811e-01   5.3933701e-01   2.9802696e-01  -2.5055676e-01  -3.9527584e-01  -1.1679835e-01   3.6034672e-01   2.3247846e-01   4.3329158e-01   5.3217017e-01   2.9518937e-01  -6.9924876e-02   1.4754378e-01  -3.0121409e-01   5.1947573e-02  -8.6650057e-05   2.8976953e-01   1.6229678e-01  -5.5470747e-02   5.0869273e-01   8.1413847e-02  -4.9231650e-01   3.0008974e-01   2.7407404e-01   1.7289940e-01  -1.6295195e-01   2.2972469e-01  -1.1573291e-01   2.9264271e-01  -1.2417392e-01  -1.1386704e-01   4.2960565e-02   3.2561464e-01  -2.2000929e-01   3.2746648e-01   6.3374732e-02   1.8307551e-02  -1.5707965e-03  -9.3864802e-02  -2.8102000e-01  -1.5836331e-02  -2.6994909e-01  -2.1324181e-01  -2.6669566e-01   2.8846700e-01  -4.4498407e-02  -2.8431431e-01   5.3553294e-01  -2.7961902e-02   1.2775089e-01  -6.7384630e-02  -3.7499650e-03   1.3294811e-01   2.8718206e-01   9.7906557e-02   4.8307833e-01   6.3230303e-01  -3.3397111e-01   4.1725972e-01   1.8701910e-01   3.4172317e-01  -1.5393439e-01   5.6105017e-01   2.7031939e-01  -3.6497604e-02   1.4480892e-02  -3.2987093e-01   1.1026043e-01   3.9386500e-01   1.2398574e-02   7.0134277e-01   1.5889780e-01  -2.1019940e-01  -3.8175519e-01  -6.0436596e-02   1.0590690e-01   7.1657397e-02   3.4948019e-01  -3.4614398e-01   4.3683597e-01   1.1981885e-01   2.1212007e-01  -9.3666986e-02   8.8777963e-02   4.6505712e-02  -1.1347773e-01   2.6899135e-01   1.4258936e-01  -9.5638810e-02   2.1400102e-01  -3.8370472e-02   1.4341685e-02   4.1049451e-02   3.7514886e-01   8.5425658e-02   3.1291006e-02   1.4576748e-01  -2.7774348e-01   4.0100169e-01   2.9490763e-01  -7.2908261e-02   1.2993844e-01   1.4409997e-01  -2.8876702e-03   5.3215437e-02  -3.2781984e-01  -1.7217526e-01   5.1853372e-02   5.8250561e-01  -1.2890517e-01   2.9250053e-02   1.0811590e-01   3.1695976e-01  -2.2393476e-01   6.1312588e-01   5.4743545e-01  -3.1964417e-01   2.9036958e-01   1.5791836e-01  -1.0433577e-03  -3.8043842e-01  -3.1391375e-01  -3.7087897e-01   2.2328839e-01   1.8450422e-01  -6.9726252e-02   1.3939177e-01   4.4497586e-01
   2.3917637e-02  -9.1863010e-02   4.6640781e-01  -2.5477996e-02   0.0000000e+00   1.8038776e-01   1.1261566e-01  -1.6176792e-01   4.8323770e-03   5.0472972e-01   1.8580462e-01   1.2582786e-01   5.8373115e-02  -3.9818776e-01  -1.1879947e-01   1.3316702e-01   3.5680765e-01   1.6136025e-01  -4.9070637e-02   7.8317924e-01  -2.7362955e-01  -6.7414938e-03  -1.2535592e-01  -2.1929733e-01  -2.1280595e-01   2.4304813e-02   5.8371412e-01  -2.7975682e-01   2.8452372e-02   6.3599489e-02  -2.9399014e-01   1.0109074e-01  -4.1241263e-02   8.6996454e-02  -1.4069591e-01   6.6783845e-01   2.7335141e-01  -2.8473549e-02   2.0341538e-02   3.5160613e-01   1.5294094e-01   1.0292699e-01   4.7790893e-01  -2.2262826e-01   2.6512696e-01   2.1887567e-01   4.5146718e-01   1.4581833e-01  -1.0904419e-01   1.4213689e-01   3.6560594e-01  -2.7824528e-01  -3.3508513e-01  -4.8104914e-03  -1.8550662e-01  -2.4650155e-01  -8.2424055e-02   5.3220402e-02   1.8614767e-01   1.5539333e-01   2.5886827e-01   5.6491673e-01   1.5246916e-01  -2.7947399e-01   2.0408947e-02   5.9849467e-01  -3.8559242e-02  -8.5889954e-02   2.0254882e-01   1.7867058e-01   3.9765458e-03   5.5815935e-02   1.3612204e-01  -7.9384338e-02  -3.0164389e-01  -4.4512883e-01   2.3619878e-01  -7.3179648e-02   5.9220869e-01  -2.5821531e-01  -4.6791578e-01   9.4134905e-02  -1.6126326e-01  -2.0015516e-02  -4.5142122e-01  -3.5692749e-01  -4.7978613e-01  -1.5150306e-01  -1.5540369e-03  -7.1954808e-02   2.9799684e-01   1.4261020e-01   3.3767562e-01   2.7605621e-01   1.6816371e-01   6.4042486e-01  -4.9058210e-02   5.2090302e-02   1.4799822e-01   1.9074257e-01  -4.9197472e-01  -1.5939540e-01  -3.5688440e-01  -2.1000361e-01   1.0738413e-01  -4.4559895e-02   1.8016711e-01   1.0120340e-01   4.7750668e-01   2.0600318e-01  -2.2448090e-01   9.9144371e-02  -9.1139740e-02  -2.6133546e-02  -4.9672011e-01   1.9361879e-01  -1.8737330e-01   1.5302035e-01  -4.7290764e-01  -3.6890520e-02   2.0706744e-01   6.6802389e-01   2.2649717e-02   3.1696799e-03   7.9061118e-03  -1.2229127e-01   8.7738510e-02  -1.4099042e-01   1.4548438e-01   6.0174530e-02  -1.0594443e-02   7.2706398e-02  -6.9372737e-02  -4.6559685e-01  -5.4332786e-02  -3.0014836e-01  -1.4960157e-02  -4.6576447e-01  -2.8647435e-01   1.0740124e-01   3.7511490e-02   9.7877498e-02   7.3940925e-02  -1.2421265e-01  -2.2790460e-01  -3.3216901e-01  -2.6442862e-01   4.6662914e-01   4.6215451e-01  -3.3272623e-01  -1.9071742e-01  -4.7437640e-01   1.2313228e-01   3.5933614e-02   3.1374055e-01  -5.9895947e-03   2.2839298e-01   1.1827458e-01   2.0324648e-01  -3.4486653e-01  -1.5995877e-01   3.6982723e-02   5.3210481e-02   1.5612268e-01   8.0477191e-04   4.6320455e-01   1.9225112e-01  -1.5165474e-01   2.3674312e-01   3.2432116e-02   4.4949653e-01   7.0531559e-03   1.1815680e-01  -1.0134527e-01  -4.3743915e-02   6.8896305e-02  -4.0178815e-02
   7.5400963e-03  -2.7927655e-01   4.4523728e-01   6.4535390e-02   1.8038776e-01   0.0000000e+00   4.9954026e-01  -3.0425106e-01  -5.9644206e-01   3.8314338e-01   1.9758860e-01   4.6675903e-01  -1.7839847e-01  -5.2221240e-02   3.9230598e-01   1.2303008e-01   3.3875991e-01   1.0906404e-01   3.3049120e-01   1.8106054e-01  -1.7088321e-01   2.9842766e-01   3.9795318e-01  -1.9370079e-01  -2.3758949e-01  -1.1247229e-02   4.9125649e-02   2.7555932e-02  -2.8699691e-02   1.9940813e-01  -9.5447675e-02  -1.5873978e-01  -2.6660490e-01   5.3484086e-01   2.1219303e-01   2.1898071e-01   2.2240839e-01  -1.1135906e-01  -2.5649091e-01   8.7686643e-02  -1.0345374e-01   5.7808968e-02   2.1938337e-01  -1.0906009e-01   3.4857239e-01  -1.1083360e-01   1.3637570e-01  -2.4387583e-01  -1.9899291e-01   4.9097654e-03   3.8621767e-01  -2.7930427e-01  -4.1532358e-01   7.3704116e-02  -1.3808484e-02   1.7216032e-01   6.2558916e-01   1.3062595e-01   5.3194184e-03   3.2583045e-01   3.2337775e-02   2.6363197e-01  -3.9322086e-01  -4.1486136e-01  -5.5684596e-01   1.8171371e-01   5.0854880e-01  -3.1228813e-01   6.5413743e-02   6.1160537e-02  -2.8786539e-01  -3.9981388e-02  -1.0878886e-01  -1.9471665e-02  -6.6841271e-02  -2.1461521e-01  -4.6888113e-02  -1.3598032e-01  -2.5299600e-01  -9.5851794e-02   3.6150418e-01   6.4771422e-02  -8.8369511e-02  -9.8983512e-02   2.6133781e-01  -1.4059631e-01  -3.0460630e-01  -2.1425882e-03  -3.0791963e-01  -1.8416287e-01  -1.8108530e-01  -7.5666577e-02   5.3478875e-01  -9.5734848e-02  -7.5183108e-02  -1.5817674e-01   6.5232847e-02   5.5276783e-02  -2.3702678e-01   4.3110922e-01   3.2690172e-01   3.5445602e-01   9.4287592e-02  -4.0377791e-01   2.4067777e-02  -1.5378968e-01   5.4125713e-02   5.5385473e-02   2.7638969e-01   2.3191081e-01   5.7821666e-01   3.0697556e-01  -9.8080861e-02   5.2819101e-02   4.4008690e-01  -4.6083020e-01  -2.7854608e-01  -7.1237649e-02   1.6200535e-01   9.8837164e-02  -2.2307997e-01  -7.0432190e-02  -1.0848760e-01  -6.0069990e-01  -1.6076308e-01  -1.8254488e-01   1.3752223e-01  -2.9862858e-01  -1.3864862e-01   6.1145710e-01  -2.0678292e-01  -1.2991730e-01  -3.8490981e-02   4.8534712e-04  -1.1698596e-01  -3.5859014e-01  -6.6967006e-02  -5.8284664e-02  -2.1718634e-01  -1.5350417e-01  -8.3908489e-02   2.7041453e-02  -4.6993200e-02   7.1804216e-01   5.4116694e-01  -3.2511944e-01   5.4718381e-01  -8.9774922e-02   4.2015228e-01  -2.3865419e-01   2.1971858e-01   9.9844989e-02  -3.2559911e-01  -2.9927452e-01   1.6103201e-01  -9.0228881e-02  -1.1609830e-01   9.7027900e-02  -1.9065441e-01  -3.7556269e-02  -2.1445310e-01  -1.9051516e-01  -3.5032974e-01  -4.6334417e-02  -1.1679932e-01   4.9321244e-02   2.0960355e-01  -7.1336546e-02  -1.5438771e-02  -2.2873130e-01  -1.6642711e-01  -1.2021756e-01  -1.2293874e-01   5.8342106e-01  -3.8286852e-02   9.0873185e-03  -1.4116555e-01
  -9.6043226e-03  -1.9451805e-01   2.8099022e-01  -2.3300357e-01   1.1261566e-01   4.9954026e-01   0.0000000e+00  -3.8211574e-01  -1.6311098e-01   5.6182039e-01  -5.5008469e-02   4.4775075e-01  -2.1194478e-01  -3.5679866e-01   2.5239512e-01   3.2341770e-02   2.5347551e-01  -1.4769130e-01   9.3664561e-02   3.3349520e-01  -1.9843660e-01  -1.6974388e-03   6.4374915e-01  -1.5848008e-01  -4.5730245e-03  -3.1531228e-01   3.3512685e-01  -1.8557564e-02   1.5723405e-02   5.0238445e-02  -2.3618051e-01  -1.6891454e-01  -9.3788169e-02   7.7318198e-01   6.2055363e-02   1.7460469e-01   1.5114853e-02   7.1429203e-02  -3.9469389e-01   3.2897561e-01  -1.1105991e-01   2.8315183e-01   5.1192304e-01  -3.8897736e-01   5.7907066e-01  -3.8225362e-02  -1.0601129e-01   2.2950854e-01  -6.1236576e-02   8.7608754e-02   1.6748330e-01  -2.3435580e-01  -8.6564726e-02   1.1577340e-01   1.1096678e-01  -2.6666431e-01   1.3155970e-03  -2.7295879e-02  -1.8195123e-01   1.7198659e-01   4.7465897e-02   4.7095966e-01  -5.2600057e-02  -4.7377727e-01  -3.1500407e-01   1.1371313e-01  -9.8659664e-02  -1.7605893e-01  -2.9857647e-01  -6.3403005e-04  -3.3018273e-02   8.6906858e-02  -9.1472778e-02  -1.4606642e-01  -2.0856028e-02  -1.8715267e-01   7.0584223e-02  -4.6851119e-01   7.6124265e-02  -1.3247182e-01   2.4181139e-01   1.9464654e-01   6.3015462e-03  -3.3492070e-01  -1.2083447e-01  -1.4200608e-01  -2.4903707e-01  -7.3335673e-02  -1.0891063e-01  -1.2324411e-01  -6.2149165e-02  -3.3327748e-02   6.3446793e-01   1.7045023e-01   9.0697161e-02   7.6780530e-02   8.5367227e-03  -7.4358065e-02  -1.8889435e-01   6.4431642e-01  -3.5554424e-02   3.7242607e-01  -2.3505758e-01  -1.7760014e-01  -4.7983200e-02  -2.3947542e-01   1.7847767e-01  -3.3469275e-01   4.4123451e-01   3.2527001e-03   5.1031319e-01  -1.3027857e-01  -9.9203725e-02  -2.0012231e-02   4.4691118e-02  -1.2484721e-01  -1.5034906e-01   2.8662578e-02  -1.8090641e-01  -3.1580362e-02  -8.8089694e-02   1.4404997e-01   1.7147502e-01  -3.1500309e-01  -1.6647165e-01  -2.3595928e-01   2.8240770e-01   5.2236327e-03  -1.0122605e-01   2.5347350e-01  -4.6584450e-02   3.4471824e-01  -2.6079096e-01  -7.9185980e-02   2.1456347e-01  -3.6779682e-01   8.0938197e-03  -1.2189477e-01  -3.2296483e-01   3.1623602e-02  -5.7565782e-04  -1.2620715e-01  -2.2423903e-01   2.9622318e-01   3.5719461e-01  -2.9741917e-01   5.4773405e-01  -1.7806757e-01   2.9743812e-01  -1.4799620e-02  -9.9679052e-03  -1.0527754e-01  -1.2210782e-01  -2.3946637e-01   2.0654394e-01   6.4384393e-02  -6.1368456e-02  -1.6872698e-02  -2.9055109e-02   1.9261723e-02   1.0261406e-01  -4.4619648e-01  -1.8349412e-01  -2.7321487e-01  -2.7985107e-01   4.4416283e-01   2.3418492e-01  -4.6193768e-01   9.2140546e-02  -9.7280653e-02   1.3138517e-01  -9.2510902e-02  -2.0194577e-02   8.0255839e-02   1.0222248e-02   4.9073217e-02  -2.6740589e-01
  -1.6831160e-01  -1.5070374e-01  -1.3629610e-01   3.9136358e-01  -1.6176792e-01  -3.0425106e-01  -3.8211574e-01   0.0000000e+00   5.1900216e-03  -2.3592249e-01   3.1829528e-01  -2.8956789e-01   1.5265129e-01   3.9648041e-02  -1.7556313e-01   6.1725376e-02  -2.7275892e-01   2.0194835e-01   2.6980961e-02  -2.9199072e-01   2.0470398e-01   1.4607900e-01  -2.1501370e-01  -7.9879393e-02   3.8872264e-02   5.9509896e-01  -1.9184776e-01   8.5607743e-03  -2.3208939e-01  -6.0796176e-02   2.9784008e-02   2.4896506e-01   1.1704554e-01  -5.0959825e-01  -1.8566097e-01  -8.4146816e-02  -1.4307898e-01  -2.2006509e-01   2.6266231e-01  -2.2440506e-01   1.6551879e-03  -1.8804714e-01  -1.6099367e-01   6.6661696e-01  -3.4768113e-01  -1.3793024e-01   2.2912746e-01  -1.0499074e-01  -2.3307494e-01  -3.2842905e-01   2.3053343e-02   7.7102602e-01  -1.9738461e-01  -3.7821038e-01  -4.6524464e-01   5.3111153e-01   5.2470899e-02   1.9268030e-01   3.3032325e-01  -4.2657238e-02  -2.6432409e-01  -1.7230672e-01   8.4664752e-03   1.9436844e-01  -6.3496535e-02   4.3854703e-02  -7.7295220e-03   6.3668054e-02   4.6429180e-01  -1.7319891e-01  -2.7053199e-01   1.2459223e-01   1.0343907e-01  -1.2138300e-01  -2.0974913e-01   3.4034282e-01  -2.5375448e-01   6.8166042e-01  -1.5438326e-01  -1.1945816e-01   1.1782735e-02  -8.7733010e-02  -6.6012107e-02   7.4525028e-01  -1.8846407e-01   1.8142230e-01  -3.8152577e-02  -1.4318346e-01  -4.8858792e-02   6.8596716e-03  -1.2829333e-01  -2.5844484e-01  -3.9436655e-01  -3.4811443e-02  -2.4494264e-01  -1.1119979e-01   1.7160854e-01   1.6095292e-01  -1.6689713e-02  -3.7793750e-01  -1.9047585e-01   1.2525003e-01   2.8697307e-01   1.2569424e-01   2.9531771e-01   5.1645856e-01  -3.5954869e-01   5.3747193e-01  -2.5571303e-01   1.0929769e-01  -1.5184018e-01   2.4434184e-01   1.2729237e-01  -1.8603277e-01  -1.3307221e-01  -9.1428420e-02   6.2789019e-01  -3.1153548e-02   6.8880218e-02   2.1772766e-01   6.8636889e-02  -1.2677248e-01  -2.5825110e-01   4.1588509e-02   1.3225844e-01   1.8389564e-02  -9.8728494e-02  -7.1806062e-02   2.4295882e-01  -3.1274458e-01   7.1723865e-02  -2.2470923e-01   1.4129710e-03  -1.3399938e-01   5.4887761e-03   7.3522568e-01  -1.0076197e-01  -2.3039446e-02   5.2510507e-01  -1.0235786e-01  -1.3509263e-01  -7.1663662e-03   6.1589882e-01  -1.1096116e-01  -2.3754086e-01   2.4704990e-01  -4.3468655e-01   2.7291634e-01  -6.4232645e-03  -1.9997889e-01  -1.2290262e-01   1.4818457e-01   6.9323335e-02   2.6365322e-01  -2.1750999e-01  -1.3248173e-01  -6.9832414e-02   2.4246215e-01  -1.6416566e-01   3.6024800e-01  -2.6385548e-02   5.3454915e-01  -2.2016607e-01   3.6588961e-01   3.7346503e-01  -3.0505705e-01   7.4496936e-02   4.6932952e-01  -1.2657842e-01  -1.6579236e-01  -1.7644611e-01  -1.2723721e-01  -6.3257880e-02  -5.6166919e-03  -8.4169918e-02  -5.2518558e-02   3.0145416e-01
  -3.8147842e-02   5.3905484e-01  -1.0776961e-01  -1.8160728e-01   4.8323770e-03  -5.9644206e-01  -1.6311098e-01   5.1900216e-03   0.0000000e+00  -1.7065873e-01  -3.2860542e-01  -9.4129325e-02   4.1400433e-02  -2.6218703e-01  -2.2274160e-01  -1.0720807e-01   8.0184733e-02  -1.2531303e-01  -1.2383358e-01   5.7923502e-02  -1.3976777e-01  -3.0673872e-01  -4.1105733e-01   7.0723911e-02   1.7395381e-01  -6.0434387e-02   1.0981659e-01  -1.1410275e-01   2.9723208e-01   6.3753526e-02  -6.6414694e-02   5.2247551e-05   2.0969890e-01  -1.1458261e-01  -1.5039423e-01  -1.9882794e-01  -2.2410570e-01   1.6940138e-01   2.6558580e-02   2.2454879e-01   9.2114279e-02   1.2729715e-01   1.3030468e-01  -2.1034850e-01  -5.5962309e-02   1.7201848e-01  -2.7007853e-01   4.4994856e-01   1.9485103e-01   1.4963545e-01  -3.0088656e-01   2.1052353e-02   5.6667278e-01   1.5846707e-01   8.9601961e-02  -4.4113998e-01  -5.0191470e-01  -2.2998466e-01   7.9609616e-02  -1.1845043e-01   6.0641715e-02   4.1890897e-02   6.2749522e-01   4.7301857e-01   7.8471331e-01  -1.2075293e-01  -2.8959521e-01   2.0708730e-01  -2.4251734e-01  -1.5950849e-02   4.5139307e-01   5.9153911e-02   2.2259179e-01  -6.5026826e-02   5.6537405e-02   1.4195999e-01   7.1772568e-02   7.0504033e-03   4.9001215e-01   9.7556311e-02  -4.5009123e-01   6.8983087e-02   1.3156839e-01  -7.0753557e-02  -3.7925402e-01   1.4062578e-01   3.5039369e-01  -1.3577533e-01   3.4306559e-01   2.5216871e-01   3.4035406e-01   4.2693574e-02  -2.0078926e-01   3.7763485e-01   1.1035985e-01   1.6182442e-01  -4.3970932e-02   1.5390373e-01   5.1533233e-01  -3.9777936e-01  -3.8116439e-01  -3.8902560e-01  -4.4904499e-01   6.8544402e-01  -1.9459226e-01   4.9281788e-03   1.3745153e-01  -5.8940314e-02  -8.6645251e-02  -2.9119680e-01  -3.6243760e-01  -4.4497148e-01   1.4305167e-01  -4.6965942e-02  -4.2768117e-01   5.9748686e-01   1.4263470e-01   7.6214690e-02  -2.9662824e-01  -6.6932532e-02   6.2230907e-02   2.8080647e-01   2.4053091e-01   7.2568144e-01   2.0458470e-01   6.3598745e-02  -7.6258525e-02   4.1389852e-01   2.2311159e-01  -3.5723283e-01   1.6982246e-01   2.4275629e-01  -1.3941259e-01  -1.6758839e-01   3.6624693e-01   4.3054054e-02   1.0949768e-01   1.6867941e-02  -3.0828952e-02   2.2603321e-01   1.7041320e-01   3.4296868e-03  -2.3228227e-01  -5.4388103e-01  -5.0223662e-01   1.0524579e-01  -2.8346368e-01   1.5438691e-01  -3.5120719e-01   2.2293605e-01  -1.3906493e-01  -3.6950668e-01   1.7775648e-01   3.2748516e-01   1.3954122e-01   1.2224927e-01   8.7987790e-02  -6.0487488e-02   1.6875667e-01  -2.9578274e-01   3.7264049e-01  -6.9331222e-02   4.6177697e-01  -1.5543630e-01   7.2059629e-02   1.5777820e-01  -1.1240781e-01  -3.1298910e-01   2.6015334e-02   3.4168841e-01   3.6430667e-01  -4.5675640e-02   2.3328829e-01  -4.8644722e-01   1.3064703e-01   1.2340264e-01   1.6112993e-01
   1.2015231e-01  -3.0323194e-01   4.3739461e-01   1.1212810e-01   5.0472972e-01   3.8314338e-01   5.6182039e-01  -2.3592249e-01  -1.7065873e-01   0.0000000e+00   1.3445366e-01   3.5598589e-01  -7.1308154e-03  -4.3264639e-01   1.5466663e-01   8.1343375e-02   2.8886587e-01   1.2508624e-01   4.5360328e-02   6.1532732e-01  -2.4036196e-01   7.0275916e-02   3.5065123e-01  -1.9942919e-01  -5.0450666e-02  -3.1453335e-01   4.5169086e-01  -3.0191238e-01  -5.3664610e-02   1.4212631e-01  -4.4587176e-01   3.6784156e-03  -3.8239234e-01   5.0314844e-01   1.1755814e-01   5.5093654e-01   2.8031602e-01   2.4324921e-02  -3.5235925e-01   3.3948601e-01   1.6866747e-01   1.0922579e-01   6.6534930e-01  -3.7736359e-01   7.1451245e-01   1.6165379e-01   2.5063761e-01   2.1527139e-02  -1.5935807e-01   6.6358573e-02   4.8415941e-01  -2.4801925e-01  -3.0326207e-01  -3.9290755e-02  -6.7173802e-02  -2.7519319e-01   3.0067762e-02  -7.2180794e-02   9.7057598e-03   2.3958107e-01   1.5958266e-01   6.1266400e-01  -4.3397212e-02  -4.8180401e-01  -1.0409101e-01   7.1020273e-01  -1.9664832e-01  -2.5843980e-02  -5.9436279e-02   2.4105233e-01  -2.3828628e-01   1.3117734e-01   7.6273795e-02  -2.7085659e-02  -1.9749996e-01  -4.4749061e-01   1.9484110e-01  -3.6421161e-01   4.2677844e-01  -2.8375722e-01  -2.3024983e-01   3.4446787e-01  -1.3743229e-01  -2.0315076e-01  -3.6287159e-01  -3.7268490e-01  -4.6136110e-01  -2.0051343e-02  -1.8073403e-02  -5.3211167e-02   2.4886338e-02  -8.5076099e-03   6.9862053e-01   4.3156462e-01   2.2455730e-01   3.9493123e-01   5.5058969e-02  -2.3099985e-01  -6.2332838e-02   6.4456390e-01  -4.0045877e-01   1.7342275e-01  -3.8691305e-01  -1.4135890e-01   1.1307907e-02  -1.7175272e-01   1.0012067e-01  -1.2525434e-01   5.9103232e-01   2.7111880e-01   2.5297955e-01   1.3252990e-02  -7.5319873e-03   7.6472348e-02  -2.8206670e-01  -1.5869445e-01  -2.9355529e-01   2.0862895e-01  -3.8677837e-01   1.3406137e-01   7.6039843e-02   4.8573964e-01   1.1014757e-01  -1.5459132e-01   8.3647520e-02  -7.0905497e-02   4.6391937e-01  -1.6923275e-01   8.4596277e-02   1.8490242e-01   4.9565922e-02   2.5205763e-01  -1.6439000e-01  -3.7567618e-01   1.3777756e-01  -4.1208719e-01   2.3165062e-02  -5.2321245e-01  -4.7918009e-01   1.8785424e-01   1.2084156e-01  -9.4274681e-02  -8.1085282e-02   2.3507353e-01   6.5663495e-02  -4.2639285e-01   1.1619409e-01   2.9774065e-01   6.2458940e-01  -1.9225544e-01   3.2934056e-03  -3.7232883e-01   9.2254868e-02  -2.2763497e-01   2.4181092e-01   1.0662607e-01   1.3447175e-01   1.4033615e-01   4.5562227e-03  -3.3803452e-01   2.5033960e-02  -3.2662129e-01  -9.5548872e-02   4.4773473e-03  -2.0407294e-01   5.6389312e-01   4.5947392e-01  -3.7980982e-01   1.8539521e-01  -1.2192527e-01   3.0333595e-01  -1.4882971e-01   1.3675755e-01   7.8554089e-02   4.8577592e-02   5.6872397e-03  -2.1870565e-01
  -1.2025262e-01  -4.3704660e-01  -6.4700519e-02   5.0666988e-01   1.8580462e-01   1.9758860e-01  -5.5008469e-02   3.1829528e-01  -3.2860542e-01   1.3445366e-01   0.0000000e+00   2.2540862e-02   1.8140423e-02   1.0021586e-01   2.8098639e-01   2.0309326e-01  -3.2713726e-01   7.7979563e-01  -1.2463477e-01   2.6838783e-02   3.9652585e-01   4.2392477e-01   2.1888025e-01  -2.7954380e-01  -2.4456677e-01   2.3373437e-01  -9.6484692e-02  -2.1535770e-01  -3.3066633e-01   3.8791293e-01   1.8510980e-01   2.8729773e-01  -6.0983188e-02  -8.0896875e-02   2.5196253e-01   5.8033737e-01   2.1249405e-01  -3.8183649e-01   1.9011052e-01  -4.8592862e-01   5.9881522e-02  -1.9013532e-01  -8.9829339e-03   4.3945843e-01   1.3244216e-01  -1.0783040e-01   7.2859110e-01  -2.2253249e-01  -1.6950454e-01  -6.1352090e-01   7.6906459e-01   7.7549495e-02  -5.0190688e-01  -5.2285182e-01  -1.6849847e-01   5.3869843e-01   1.7931578e-01   4.8163994e-01   4.0268204e-01   2.5778244e-01  -3.0006026e-01   2.1729610e-01  -4.2742601e-01  -7.5864324e-02  -2.5975791e-01   3.6017944e-01   1.9997640e-02  -1.8573572e-01   5.9347524e-01  -1.0952155e-01  -6.8818796e-01   3.0365152e-01   1.0966161e-01  -1.3602368e-01  -4.5797804e-01   1.1604488e-01  -2.9872313e-01   4.4021793e-01  -2.1134279e-01  -3.0045319e-01   2.4749070e-01   4.6229516e-02  -3.0882942e-01   3.1155211e-01   4.9236314e-02  -5.2915529e-02  -1.9267012e-01  -7.8484323e-02  -4.0394004e-01  -1.2956297e-01  -2.1407602e-01  -3.8777112e-01  -7.1390553e-02   9.3267677e-02  -3.2517896e-01  -2.8168703e-01   3.6132395e-01  -3.1069794e-02  -7.8356845e-03   1.2754706e-01   9.6260658e-03   4.6763299e-01   4.2820449e-01  -3.2026405e-01   5.8194152e-01   3.4625953e-01  -2.9260282e-01   4.0018520e-01   2.1717438e-01   6.7070174e-01  -2.8215272e-03   7.0286062e-01  -1.9545314e-01  -9.3627431e-02   2.3074906e-03  -4.6915719e-01   2.3240751e-01   1.3890318e-01   7.1783992e-02   3.8186324e-01   2.0143862e-01  -2.6540986e-01  -5.2808919e-01  -3.7147231e-01  -4.0840610e-02  -6.8945263e-02   2.3321921e-01  -5.1814728e-01   8.8955706e-02   3.6979418e-02   1.7711865e-02   6.7764026e-02  -1.0752424e-01   1.1498841e-01  -2.8381987e-01   1.5044169e-01  -1.9666971e-01  -1.5863273e-01   2.3296856e-01  -1.0374727e-01  -3.6709383e-02   1.0804209e-02   6.8225595e-01   1.7169389e-01   2.2248772e-01   7.3994647e-02  -3.2096239e-01   5.2959765e-01   6.1430339e-01  -2.5500495e-01   1.7143163e-03   2.6063089e-01  -1.2215888e-02   1.8551486e-01  -4.5208486e-01  -1.5967399e-01  -5.7997980e-02   4.2750864e-01  -3.6762406e-01   2.9290292e-01  -1.4256307e-01   5.7275598e-01  -4.0727000e-01   6.4559514e-01   2.7822523e-01  -2.7398473e-01   3.7625462e-01   3.4550359e-01  -6.8522770e-02  -5.1347748e-01  -3.3316717e-01  -2.7837166e-01   2.0619000e-01   2.9660156e-01  -1.8178068e-01  -1.1535210e-01   6.9800923e-02
  -2.2263612e-01   1.5436986e-02   4.2017901e-01  -1.1562824e-01   1.2582786e-01   4.6675903e-01   4.4775075e-01  -2.8956789e-01  -9.4129325e-02   3.5598589e-01   2.2540862e-02   0.0000000e+00  -1.1438815e-01  -2.2274670e-01   5.5685639e-01   5.4714535e-02   3.9739635e-01  -7.2576118e-02   1.0173766e-01   2.0308502e-01  -1.9047289e-01   4.9728650e-02   1.3926995e-01  -2.6815859e-01  -3.9143452e-02  -1.5273833e-01   1.7903845e-01  -2.5728787e-02   1.6872787e-01   3.1435623e-01  -8.2425553e-02  -2.4852228e-01  -2.9252186e-01   5.7994621e-01   2.4020425e-01   1.0101578e-01  -8.6775573e-02   4.6389432e-02  -2.0942734e-01   1.6269599e-01  -5.5693195e-02   1.5255841e-01   3.9629852e-01  -2.2569617e-01   4.0967788e-01  -1.4245734e-01  -2.5726674e-03   8.5226098e-02  -1.1440854e-01   6.3500843e-02   1.8622334e-01  -2.9309967e-01  -7.7396409e-02   1.6129514e-01  -8.5072951e-04  -1.3531801e-01   5.8533298e-02  -6.4952322e-02  -1.2885771e-01   5.2808139e-01   9.8842155e-02   3.1725869e-01  -2.6470188e-03  -1.9504979e-01  -2.0465798e-01   2.4188526e-01   1.8959942e-01  -1.7848955e-01  -6.7610968e-02  -1.2396979e-01  -3.3397708e-02   5.3038654e-02   3.6600953e-02  -1.8130131e-01   6.5989349e-02  -2.5294745e-01  -4.1976253e-02  -1.5621375e-01   8.7743519e-02   5.0740015e-02   1.3600988e-01   2.1535168e-01   2.0022084e-05  -1.7130464e-01  -2.0327465e-02  -1.5308250e-01  -2.3276060e-01  -2.3930779e-01  -1.1124147e-02  -1.8518171e-01   1.0907688e-01  -5.0348662e-03   6.0384653e-01   2.1226197e-01  -2.5546465e-02   7.4775283e-02  -9.4205469e-03  -5.3293227e-03   9.5133878e-02   1.2148169e-01   4.6892561e-02   2.7829611e-01  -1.5205648e-01  -1.5464451e-01  -8.0533029e-02  -3.4681848e-01   2.5869232e-01  -7.9884590e-02   2.3088765e-01   1.2305422e-01   5.5344637e-01   8.5047284e-02  -5.9963596e-02  -1.1180690e-01   1.1153048e-01  -1.0582450e-01  -1.7911815e-01   1.5574815e-02  -3.3732955e-02   2.8877497e-02  -1.9570899e-01   1.4202190e-01   1.6742122e-01  -2.7949915e-01  -1.1113205e-01  -2.2889736e-01   2.0292193e-01  -3.6069754e-02  -2.2998530e-01   3.1448031e-01  -1.7717809e-02   1.5742754e-01  -3.6696105e-01  -5.1273849e-02   2.5716258e-01  -3.9760036e-01   5.2746506e-02  -4.9677725e-02  -2.4529297e-01  -6.2749189e-02  -1.4221143e-01  -1.0652077e-01  -1.3754816e-01   4.6399360e-01   4.1782460e-01  -2.8849712e-01   5.0032749e-01  -4.6096713e-02   2.9451244e-01  -2.1620252e-01   1.5271922e-01  -9.8226175e-02  -3.1799086e-01  -1.2405733e-01   4.1005570e-01  -1.3617630e-01  -7.5486682e-02   4.3577216e-02  -1.3386148e-01  -1.4030041e-01   1.3702401e-01  -2.5076545e-01  -1.3198423e-01  -2.3014744e-01  -1.5041918e-01   2.8459796e-01   3.8562573e-01  -2.3135959e-01  -1.0505441e-01  -2.6394718e-02   3.1558789e-01  -2.1305257e-01   8.1170352e-02   3.7214439e-01   1.3913392e-01   3.7094198e-02  -1.2809204e-01
   1.8011249e-01  -2.2709045e-01   2.0986953e-01   1.0181047e-01   5.8373115e-02  -1.7839847e-01  -2.1194478e-01   1.5265129e-01   4.1400433e-02  -7.1308154e-03   1.8140423e-02  -1.1438815e-01   0.0000000e+00  -9.3976244e-02   2.5735698e-03   3.1368970e-01   1.0661538e-01   4.1961479e-02  -3.6756325e-02   1.6941572e-01  -1.8146368e-02   3.9832949e-02  -2.2960847e-01  -9.9730238e-03   3.4527475e-02   3.4982030e-02   3.1397346e-01   8.5201629e-03   1.9923426e-01   7.4163978e-02  -1.1934547e-01   1.6171750e-01   7.9289082e-02  -2.6774052e-01   8.5635350e-02   2.3288947e-01  -1.1761104e-02  -9.3700170e-03   3.5550943e-01   1.4685345e-01   5.8428757e-01   1.5623332e-01  -2.0105867e-02  -6.4987594e-02  -1.0549436e-01   1.6549643e-01   2.7002468e-01  -2.1166046e-01  -2.3184652e-01   5.1983020e-02   1.9505957e-01   1.4117464e-01  -2.2488897e-01   1.6712769e-01  -2.5579432e-01  -4.4942865e-02  -1.5595602e-01   1.2216340e-01   1.2841895e-01   1.2157639e-01   3.1846879e-02   2.1481710e-02   2.4337256e-01  -8.4828067e-02   8.9984993e-02   7.4222706e-02  -3.3659418e-02   9.9919322e-02   1.4346367e-01   2.3488702e-01  -8.3619698e-02   3.5409492e-01   1.6774849e-01   1.6140838e-02   5.1396705e-02  -1.5112861e-01   7.1766736e-02   2.9355205e-02  -2.9331244e-03   2.2768917e-01  -1.8797006e-01   2.4897945e-01  -2.8385226e-01   1.1193395e-01  -3.3615521e-01  -2.9661090e-01  -3.3269926e-01   1.0707492e-01   1.7279774e-01   1.4138800e-01  -8.5564763e-02   9.8305118e-02  -2.1257675e-01   1.8544838e-01   9.4121499e-02   3.0730629e-01   1.6403842e-01  -1.0035097e-01   1.1137340e-01   4.8018653e-02  -3.0207092e-01  -2.0920081e-01  -1.7645920e-01   1.3791482e-01   1.1354691e-01   4.9291877e-02  -1.2095370e-02   9.0265724e-03  -4.1799861e-02  -9.0116691e-02  -1.5213542e-01  -1.7708142e-02   2.9631370e-01   2.7337008e-01  -2.0747324e-01  -3.6849697e-02   6.4841976e-03   3.3602512e-01  -1.4195349e-01   3.0271895e-01   2.6970349e-01   8.7572722e-02   4.9081441e-02   4.0631350e-02   2.3739377e-01   1.3756953e-01   2.6316576e-01   2.2885484e-01   2.3470164e-01  -8.1448712e-03   4.0637187e-01  -4.5624553e-01  -2.5266884e-02  -2.9433473e-01   2.9527326e-01   1.3513881e-01   1.6776924e-01  -2.1483115e-01  -1.7062727e-02   2.4147636e-01   1.0911490e-01   3.6965410e-01   7.8986732e-03   7.6480240e-02  -2.4612700e-01  -2.0771431e-01  -1.8105020e-01   2.1440408e-01   1.0943799e-01  -2.2398612e-01   3.5064742e-02  -3.0906893e-01   1.5594414e-01  -1.6614665e-01   2.0859946e-01  -2.5665587e-02   2.7893715e-01   1.8473617e-01   8.9871365e-02   1.0875651e-02   2.0896835e-01  -9.0350744e-03  -1.4110833e-01   2.0096139e-01   6.2450542e-02  -2.0131703e-01  -4.3727341e-02  -2.7305033e-02   1.3489509e-01  -2.6973016e-01  -8.4328587e-02  -2.9168771e-02   3.0941650e-01  -1.0036842e-01   1.6092434e-01   2.2669474e-01   5.9522535e-02
   1.7996004e-01  -1.9078201e-01  -2.7236302e-01   2.9875881e-02  -3.9818776e-01  -5.2221240e-02  -3.5679866e-01   3.9648041e-02  -2.6218703e-01  -4.3264639e-01   1.0021586e-01  -2.2274670e-01  -9.3976244e-02   0.0000000e+00   6.2275061e-02  -1.5251622e-01  -3.8302047e-01   5.9312027e-02   3.3658922e-02  -4.7019904e-01   3.0421607e-01   2.2842690e-01  -7.6689888e-03   3.0101877e-01   2.3671494e-02   1.7047063e-01  -4.3790154e-01   1.8511913e-01  -2.2651807e-01  -1.7149786e-02   2.5510845e-01  -6.9930485e-02   1.0277730e-02  -3.3288676e-01   2.4017817e-01  -1.8818060e-01   5.0370372e-02  -6.4415409e-02   6.8961165e-02  -5.2158189e-01  -2.0846973e-01  -2.1720415e-01  -5.2684164e-01   3.1506722e-01  -3.9088858e-01  -1.4893789e-02  -2.7508743e-02  -4.4880010e-01  -1.4388832e-02  -3.2034257e-01  -1.6614137e-01   1.1405185e-01  -1.3108764e-01  -1.8419617e-01   2.4913534e-01   2.7738323e-01   2.5075479e-01   9.6480534e-02  -1.1856795e-01  -5.9856373e-03  -1.6013995e-01  -4.7231470e-01  -3.6114265e-01   9.0839792e-02  -2.2862401e-01  -2.7854470e-01   6.7207819e-02   1.4560195e-01   1.1179752e-02   1.0338703e-02  -3.1610574e-01  -1.0133881e-01  -2.4734652e-01   1.6892267e-01   6.5090608e-02   3.0306272e-01  -1.0690339e-01   1.5619977e-01  -5.4064322e-01   1.0003670e-01   3.6426002e-01  -2.9810364e-01  -1.9884980e-01  -4.8254154e-02   5.4326374e-01   1.5703505e-01   4.2870646e-01   2.1771762e-01  -2.9809202e-01   1.6412209e-01  -3.3662373e-01  -3.6161618e-02  -3.4625511e-01  -3.1894059e-01  -1.3256435e-01  -4.7514387e-01  -1.0925879e-02   3.0111858e-02  -1.6571839e-01  -1.7703697e-01   4.5217158e-01   1.4729171e-01   5.3153961e-01  -9.9551140e-02  -2.8610607e-02   5.5912784e-03  -1.4149824e-01   8.8246857e-02  -1.3857153e-01   1.2649255e-01  -8.6624337e-02   2.4397267e-01  -1.3216988e-01   2.4167506e-01   2.9899125e-01  -3.8014037e-01   5.7670777e-02  -2.4747194e-01   4.0757133e-01  -3.4468411e-02   6.2008244e-02  -5.4205691e-01  -2.6455311e-01  -2.4026326e-01   2.2458857e-02   4.2184755e-01  -2.4060040e-01  -1.3951369e-01  -1.8951035e-01   4.4408626e-02  -1.9152533e-01  -2.3787123e-01   5.1233082e-01   3.5466760e-01  -2.2060418e-01   2.1286108e-01  -1.1216663e-01   2.5524184e-01   2.3782542e-01  -1.5023411e-02   1.2425935e-01  -4.8106756e-02   1.0374669e-01   2.7815967e-02   2.0023929e-01   2.9108846e-01  -1.3805528e-01  -7.6072100e-02  -9.5747854e-02   6.2251365e-02   6.6428000e-02   4.7579992e-01   1.3593916e-01  -1.1225628e-01  -4.6134137e-01   1.7353543e-01   1.4504903e-02  -9.6398023e-02  -1.1538007e-01   3.4210459e-01  -9.9038423e-02   2.4108583e-01  -2.1427156e-01   1.1892982e-01   7.1757687e-02  -5.1783701e-01  -1.7589667e-01   4.4674606e-01   2.8002152e-02  -2.3186899e-01  -4.5147520e-01   2.4681760e-01  -1.8960189e-01   1.3347026e-01  -1.8069673e-01  -2.8252880e-01   8.2930728e-02
