   0.0000000e+00  -3.4489694e-01  -1.5347661e-01  -1.3138554e-01  -2.2343747e-01  -2.9073330e-01  -2.5290894e-01   5.7896436e-02  -4.0986045e-01  -2.0558588e-01  -9.0945166e-02  -2.0745147e-01  -4.7899867e-02   3.6373042e-01   4.6034359e-01  -1.4488623e-02  -1.4603895e-01  -1.3495660e-01   1.1664229e-01  -2.6880275e-01  -2.6651553e-01  -9.2231177e-02   7.8043351e-03   8.5428875e-01   1.7935693e-02  -2.0164180e-02  -2.4659138e-01   5.3016291e-01  -2.7485836e-01  -3.1426764e-01   3.1912962e-01  -1.1045273e-03   1.8366476e-01  -1.9196089e-01  -3.2939516e-01  -2.0629732e-01  -1.5339102e-01   6.6551592e-01  -9.8224137e-02  -3.0104379e-01  -1.6155474e-01   1.8478010e-01  -3.4546647e-01   2.5235267e-01  -2.3841866e-01   5.5421625e-01  -8.4341098e-02  -3.6658692e-01  -2.8235562e-01  -1.6401185e-01  -1.4992533e-01  -3.2042737e-02  -3.5313020e-01   3.5241936e-01   5.6126804e-01   4.3544171e-01  -4.5249826e-02  -2.6315839e-01  -1.6458055e-01  -2.7470781e-01   5.1544877e-01  -2.4323675e-01  -3.2262146e-01   1.0700856e-01  -2.3199181e-01  -1.3907477e-01  -1.7840585e-01  -1.1156608e-01  -4.7515640e-02   2.4686384e-01  -4.5693114e-01   1.8866398e-02  -1.9209881e-01   4.8421747e-01   2.1234504e-02  -8.4620648e-02   5.5746015e-01  -1.6759501e-01  -3.0784090e-01  -6.7042076e-02   2.4690036e-01  -1.9640518e-01  -3.0441099e-02  -1.0769247e-01   2.6374582e-01  -2.7534196e-01  -4.3307085e-01   6.9491537e-01  -2.1620072e-01   8.5941773e-01  -2.3679537e-01   4.1345757e-01  -2.7906490e-01  -2.9769884e-01   6.3430326e-01  -2.3194549e-01  -1.3479634e-01  -2.2882844e-01  -1.9533047e-01  -2.0039192e-01   1.7264028e-01   1.5518861e-01   9.5895613e-02  -3.0283726e-01  -5.7804888e-03  -2.0275801e-01   3.1069532e-01  -1.8117936e-01  -8.5124572e-02  -1.8280114e-01  -1.9552460e-01  -1.5372327e-01  -2.4870436e-01   9.1897274e-01   6.7219577e-01  -2.3986914e-01   1.0580390e-01  -2.3813845e-01   6.2339856e-01  -9.2618932e-03   7.6732948e-01  -2.1023986e-01  -1.3291273e-01  -2.9057229e-01   6.2435409e-01   4.5161264e-01  -2.2396462e-01  -6.9199678e-02  -1.4639524e-01  -9.5500232e-02  -2.7250996e-01  -2.3397109e-01   2.5637221e-01  -3.5980749e-01  -2.0759136e-01  -2.2522757e-02  -6.5155676e-03   6.1354788e-02  -1.6444260e-01   6.9798756e-01   8.4582855e-01  -1.1600839e-01  -1.5511611e-01   2.0619062e-01  -3.9696663e-02   1.1951497e-01  -3.8237748e-01  -8.9463661e-02  -1.5088982e-01  -2.9069731e-01   6.1813805e-01   1.0574271e-01   7.3091850e-01  -1.2846563e-01  -3.1546661e-01   7.0574586e-01   6.3877822e-01  -1.0469556e-01   4.4832182e-01   2.4809330e-01  -2.4105889e-01  -2.2011227e-01  -2.1556450e-01  -6.3165701e-02  -2.3613292e-01  -2.3003775e-01  -8.4981226e-02   3.7321274e-01   7.6122624e-01  -8.2351687e-02  -3.1661409e-01   5.4571899e-01  -1.8863294e-01  -1.1094872e-01  -5.5915975e-02   1.8279420e-01  -1.4332557e-01
  -3.4489694e-01   0.0000000e+00  -1.1455438e-01   3.2896007e-01  -1.1526966e-03   5.4374954e-01   9.2190092e-02   8.8441717e-02   3.5482330e-01  -1.9313495e-01   9.0149334e-02   5.1428286e-01   1.6508801e-03   1.0771893e-01  -6.5504323e-02   3.6992700e-02  -1.0209485e-01   3.1002791e-01  -3.7545745e-02  -1.1238665e-01   3.1486269e-01   4.4056592e-01   1.5233246e-02  -4.0335793e-01   7.3362059e-02  -1.2675547e-02  -7.8072014e-02  -1.0267083e-01  -2.2108188e-02   2.4867556e-01   1.4129436e-01   1.5538217e-01  -5.5395877e-02  -8.0811939e-02  -3.0813342e-01  -1.0371925e-01   4.0092261e-02  -4.5074362e-01   9.8222566e-02  -3.3814292e-01   2.9684835e-02  -2.9209720e-01  -1.5872748e-01   3.1234774e-02  -3.8060290e-02  -5.8157430e-02   1.2990889e-01   4.5278750e-01   1.4253027e-01  -2.4998011e-01   1.6333204e-01  -3.4568761e-02  -1.2842525e-01  -1.7331385e-01   2.9135622e-02  -1.0160516e-02   3.6689488e-01   2.3300099e-01   1.5846271e-01   3.7707970e-01   8.1821758e-03   9.4688175e-03   4.6109161e-02   2.8676208e-01   3.7109508e-01   2.3858570e-02   4.6937190e-01   6.1554155e-02   3.0374211e-01  -1.7345712e-02  -5.4686656e-02   1.3953466e-01   8.6863445e-02  -1.7187911e-02  -2.6067210e-01   1.6895141e-01  -2.4798777e-01   1.0444531e-01   4.5364175e-02  -1.0956307e-01   2.8984259e-04   8.5624815e-02   2.7448130e-01   8.8876261e-02   2.9216401e-01   3.7599554e-02  -1.2296840e-01  -1.6764615e-01  -4.5353809e-03  -3.6402897e-01  -2.9958305e-02  -8.5825650e-02   7.3196161e-02  -1.6012436e-01  -2.4865316e-01  -7.0760147e-02  -3.7411731e-02   5.4605697e-02   1.4635431e-01  -2.4362857e-01  -1.2923387e-01   7.7679767e-03   4.2852073e-01   6.4372021e-01   1.7193604e-01   1.3738508e-01  -1.0297068e-01   3.7131792e-01  -1.8965957e-01   5.1213583e-01  -4.8401306e-02   3.7174948e-01   4.3377323e-01  -3.4268685e-01  -4.0457314e-01   1.3925403e-01  -1.6817246e-01  -5.2027793e-02  -2.1046746e-01   1.7549478e-01  -3.0855899e-01  -8.2049269e-02  -9.5640966e-02   5.0847729e-01  -1.4561337e-01   1.5508227e-01   2.0900900e-01  -1.5340062e-01   1.4992967e-01   1.1705317e-01  -1.1397165e-01  -1.6187255e-01   5.0725120e-01   2.3164301e-01  -1.2972359e-01   1.4623148e-01  -2.1689936e-01  -2.3202748e-01   2.7297640e-01  -3.9512267e-01  -3.7921441e-01   2.1057887e-01   6.5140550e-02   4.7507803e-01  -1.4095728e-01   2.1568091e-01  -2.8048746e-01   2.6871256e-01   3.2286390e-01   2.5081587e-01  -3.8886375e-02   4.8897034e-02  -2.0097073e-01   3.2197415e-01   2.1203425e-01  -4.3978304e-01  -2.4270979e-01   2.2418912e-02  -5.4102448e-02   3.4171747e-02  -1.3056779e-01   1.1640308e-01  -1.1766333e-01   3.5993489e-01   8.2268789e-02  -2.1398012e-01  -1.3536570e-01   5.4081093e-02  -2.7412125e-01   5.0346421e-01  -7.9555676e-02  -3.7955630e-01   2.1493458e-01   6.9330918e-01  -1.2685031e-01  -2.2120843e-01   1.4225964e-01
  -1.5347661e-01  -1.1455438e-01   0.0000000e+00  -4.0206925e-01   1.3937146e-01  -1.3821486e-01  -2.9264858e-02  -3.9193245e-02   1.0060245e-01   4.4217808e-02  -2.0882911e-01   2.0546523e-01  -2.5419204e-01  -2.2412564e-01  -5.9176517e-02  -1.8194101e-02   9.1474985e-01  -5.2355194e-01  -1.4013417e-02   2.1815534e-01  -2.8813419e-01  -2.9169682e-01  -3.9246834e-01  -8.3378407e-02  -5.9995519e-02  -1.8923538e-01   2.9940462e-01  -1.0127763e-01   2.1729251e-01  -3.5952055e-01  -1.3262547e-01  -1.9849226e-01   2.3993544e-01   2.9217668e-01   1.6895024e-01  -2.6081878e-03  -1.3971945e-01  -1.5657496e-02   3.2917288e-02   6.1970699e-01  -3.4601224e-02   2.2950658e-01   4.1281705e-01   6.1781313e-02  -3.0687601e-02  -6.3358293e-02  -2.3591727e-01  -2.7958142e-01  -6.7809891e-02   7.2325084e-01  -4.0186864e-01   1.0264387e-01   2.8612683e-01   3.7334642e-01  -2.3235738e-01  -9.1892781e-02  -1.4362607e-01  -2.2917589e-01  -1.2638731e-01  -2.3352132e-01   1.6061045e-01  -9.8321432e-02   6.3190468e-01  -2.0976464e-01  -4.1447492e-01  -2.1035515e-01   5.7261038e-02   1.0675346e-01  -2.9674704e-01   4.8492703e-01   5.7880690e-01  -4.4486193e-01   7.2620208e-02   3.3010527e-01   2.5871292e-01  -4.1284851e-02   1.5132640e-01  -5.9313176e-02   3.2272823e-01   1.1695800e-01  -2.5139144e-01  -3.8443998e-02   1.3773784e-01   1.1257573e-01   2.7752663e-01  -1.9845383e-02   2.4147641e-01  -1.3323457e-02   1.9350874e-01  -4.8453305e-02   3.6143005e-01   4.5222494e-01   1.5518975e-01   9.7421941e-02  -1.4831912e-01   3.9701247e-01  -1.8430345e-01  -1.6577825e-01  -1.7412690e-01   8.0182205e-02   3.3933464e-01  -1.9271086e-01  -3.7517912e-01  -1.5118129e-01  -4.8995211e-01  -3.3970903e-02   3.4259961e-01  -3.4344324e-01   2.1851911e-02  -3.7707950e-01   2.5178747e-01  -4.3177490e-01  -1.9114127e-01  -9.2759015e-02   1.4186999e-01   1.2737602e-01  -3.5867351e-02   2.1825289e-03   1.1075411e-01  -3.7342926e-01  -5.5892979e-02   4.4440589e-01   6.2414251e-01  -3.2369447e-01  -1.5769868e-01  -3.9931485e-01  -2.6286925e-01   3.4011191e-01  -1.5859199e-01   5.5576815e-01   2.3892794e-01   4.6063774e-02  -2.9957166e-01  -8.0213152e-02   3.5024598e-01  -3.0808245e-02   2.4547684e-01   2.6847422e-01  -7.6054839e-02  -1.2612100e-01  -4.5568419e-02   7.1450895e-02  -1.1470324e-01  -5.4097600e-02  -7.5055448e-02  -4.5440351e-01   6.3620227e-01  -4.0777356e-01  -4.7056498e-01  -2.5395563e-01   1.9253851e-01  -1.1707996e-01   6.8121887e-02  -5.9371905e-02   7.8168966e-01  -1.9589440e-02  -1.6634336e-01  -8.4468421e-02   2.5754385e-01  -4.3537206e-01   1.2562219e-02  -4.0627812e-02   1.0052385e-01  -4.8864343e-01  -1.5524327e-01   1.9219336e-01   1.9998833e-01   4.6391925e-02  -7.9844775e-03   1.1484168e-01   1.4385935e-01  -7.6680932e-03  -4.0261062e-01   6.7575811e-02   1.3356015e-03   2.7385809e-01  -1.6826727e-01
  -1.3138554e-01   3.2896007e-01  -4.0206925e-01   0.0000000e+00  -1.7263130e-01   3.5159490e-01  -1.6620516e-01   2.5533936e-01   2.3693472e-01  -2.2388422e-01   1.5032696e-01  -1.5883993e-01   1.1488451e-01   1.6137664e-01   2.3785858e-01   2.2561311e-01  -2.8804285e-01   3.9157853e-01   2.3392035e-01  -2.1857509e-01   3.3156171e-01   6.8085547e-01   3.4849530e-01  -1.9125302e-01   9.6779452e-02   3.5278317e-01  -2.7562926e-01   4.5546209e-02  -2.1984837e-01   4.0156234e-01   3.9446519e-01   5.2564063e-01   1.3228131e-01  -1.3390683e-01  -2.7483624e-01  -8.3075181e-02   4.5354443e-02  -1.8016786e-01   2.6149997e-01  -3.7277784e-01   1.2026342e-01   3.4623866e-02  -3.4995476e-01   1.0348130e-01  -1.5195181e-01  -5.7522629e-02   2.0220319e-01   9.1025224e-02   3.0661752e-01  -3.2661189e-01   1.7453070e-01   1.4321596e-01  -1.9857065e-01  -3.3532983e-03   2.2992456e-01   4.3435177e-02   2.6248197e-01   6.3002852e-01   4.1469904e-01   2.3028693e-01  -1.0161765e-01   2.5115783e-01  -1.0839627e-01   4.4315424e-01   2.2767115e-01  -1.6507037e-01   3.1156934e-01   2.5716834e-01   4.3226327e-01  -1.6430208e-01  -3.4530382e-01   6.7827921e-01   1.5989525e-01  -3.5872491e-02  -1.2598110e-03   4.0451837e-01  -1.3810689e-01   2.4711417e-01  -2.6579400e-01   3.0487178e-01   9.2266516e-02   2.1361997e-01  -1.8809137e-02   2.6541402e-01   9.0497838e-03   2.0140254e-01  -1.5884298e-01   7.4232556e-02  -1.6228072e-01  -2.0239198e-01  -2.0838279e-01  -5.9110661e-02  -3.0176925e-01  -2.9791197e-01  -2.1728263e-02  -5.2861167e-04   4.4459065e-01   3.1848313e-01   3.7344369e-01  -5.0756074e-02  -8.4339685e-02   1.7849944e-02   3.9872221e-01   4.2263432e-01   4.0266222e-01   6.0936057e-01   3.2145124e-02   4.4636273e-01   1.7203202e-01   2.0378964e-01  -1.8797459e-01   6.2031146e-01   7.1830022e-01  -1.2855973e-01  -1.6623242e-01  -1.9520655e-01   1.5789777e-01   2.0418858e-03  -9.2914894e-02   7.6940473e-01  -1.9246252e-01  -2.6069685e-01  -1.7786848e-01   2.7491342e-01  -1.8447353e-01   3.2010075e-01   7.3391494e-03   1.9242922e-02   6.1175931e-01  -2.2681821e-01  -1.2685511e-01  -3.3631607e-01   3.0588709e-01   2.7302204e-01  -1.5541568e-03   2.7398451e-01   1.5322968e-01  -1.4891494e-01   3.8802293e-01  -3.5177371e-02  -1.2179159e-01   1.6242465e-01   2.2981949e-01   1.5496210e-01   1.7489502e-01   4.1724406e-01  -4.0249852e-01   1.2152608e-02   1.2422833e-01   1.6225588e-01  -3.1232272e-02   1.3028074e-01  -8.7351976e-03  -1.1202352e-02  -2.4132812e-01  -3.0984414e-01  -6.4470318e-02   2.6091567e-01   7.9833688e-02   3.1766111e-01   1.2516734e-01   1.9369556e-01  -3.0586127e-01   6.8693703e-01   5.5040577e-01  -4.1313648e-01  -3.1492627e-01  -4.5574392e-02  -1.1646302e-01  -4.8710631e-02  -3.9970969e-01  -1.8928629e-01   6.1753573e-01   1.0389803e-01   5.5252607e-03   8.3654343e-03   6.0671668e-01
  -2.2343747e-01  -1.1526966e-03   1.3937146e-01  -1.7263130e-01   0.0000000e+00  -1.1493356e-01   1.0536373e-01  -3.0642786e-02   2.5734656e-01   1.3772683e-01   3.6656531e-03  -1.2024477e-01   1.7201169e-01  -5.5342443e-01  -4.3249255e-01   2.2522383e-02   9.0742067e-02   8.3701887e-02  -6.6807659e-02   8.8655826e-01  -2.2500419e-01  -1.0672277e-01  -4.0697798e-01  -1.6058681e-01  -4.8045864e-02  -9.0052576e-02   5.1055118e-01  -4.5898157e-01   7.5784801e-03   2.3970619e-02  -4.9269331e-01  -3.5301075e-02  -1.7416248e-01  -1.2380022e-01   1.7507801e-01   7.6877129e-01  -8.9706584e-02   5.2512860e-02   1.0484398e-01   3.1601561e-01   1.1882243e-01  -1.0428498e-01   5.2364925e-01  -2.4726198e-01   5.2691488e-01  -1.4873978e-01   4.4932006e-01  -4.5125100e-02   2.4007034e-01   9.0194042e-02   1.3842270e-01   6.7235144e-03  -1.8332301e-02  -3.3015327e-01  -4.5212203e-01  -3.7244131e-01  -1.3232832e-01  -5.4270162e-02   3.8064302e-02  -1.5310316e-01  -1.9997909e-01   3.2166156e-01   2.7274316e-01  -2.0328537e-01   3.2738242e-01   3.1574454e-01  -9.5416655e-02  -2.0265270e-03   1.7155506e-02  -2.2199458e-01   2.6350512e-01   4.5042735e-03   1.0524204e-01  -2.0608110e-01   1.2699573e-01   2.6403608e-02  -8.9885843e-02  -1.3440171e-02   7.3404594e-01  -3.1201917e-02  -3.3590584e-01   1.6354395e-01  -1.8605802e-01  -1.8832751e-02  -3.5625115e-01   5.4280917e-02   1.4196751e-01  -4.2132143e-01   2.1901626e-01  -7.6198751e-02   6.7768846e-01  -2.8000354e-01   5.2371712e-01   2.8270769e-01  -2.1374608e-02   6.4589935e-01   1.4462412e-01  -1.1367785e-01   4.7035617e-01  -4.9392900e-02  -4.0134531e-01  -1.2522528e-01  -4.1608104e-01  -1.4532820e-01  -1.9705049e-02   2.4204490e-03  -3.0443014e-01   5.2530188e-02   3.4738098e-02  -5.2285065e-02  -4.9805432e-02  -1.6669670e-01  -4.5887577e-02  -1.5305932e-01  -2.9790732e-01   6.9852641e-01  -2.4644229e-01   2.3344922e-01  -4.0996539e-01  -3.1417131e-02  -1.2133102e-02   6.0832408e-01   1.9928341e-01   2.0058780e-02  -1.5957653e-02  -3.2289598e-01   2.7005579e-01   1.1095159e-01   2.4338898e-02  -1.3597182e-01   2.1958870e-01   5.9443079e-01  -4.1556315e-01  -4.0865121e-01   2.6107212e-01   8.9647633e-03   5.1464050e-02  -4.1420809e-01  -2.5823495e-02  -4.7012364e-02  -2.1476910e-01   1.8914358e-01  -1.1981861e-01  -4.0002219e-01  -3.2858996e-01  -4.6949791e-01   2.1044660e-01   2.2157798e-01   1.0828434e-01  -1.7512102e-01  -3.5818987e-01  -4.7274290e-01  -3.0809616e-01  -2.7041988e-01   1.5999187e-01  -8.5360186e-02  -1.7337251e-02  -1.9535957e-03  -2.7176811e-01  -2.1563979e-01  -1.3901692e-02  -2.8586073e-02   2.2729088e-01  -1.0471524e-02   5.6478501e-03   5.1325426e-01   1.4455864e-01  -2.9572568e-01  -1.2946267e-01   2.7031436e-01   6.2510528e-01  -8.6567078e-02   2.1926586e-01  -1.5165711e-01  -6.8000317e-02  -2.6776367e-01   2.4602326e-02
  -2.9073330e-01   5.4374954e-01  -1.3821486e-01   3.5159490e-01  -1.1493356e-01   0.0000000e+00   2.7997073e-02   1.3269641e-01  -1.2244700e-01   5.4937989e-02   3.1332716e-01   1.5365393e-01  -2.0625752e-03   1.8907115e-01   1.6741609e-01   2.4037291e-01  -1.2802217e-01   4.4876620e-01   1.0320182e-01  -1.2459164e-01   3.7321712e-01   4.4267454e-01   3.2604013e-01  -2.9388174e-01  -1.5752055e-01   6.2779818e-02   6.4992642e-02   3.0634600e-02  -1.8425815e-01  -8.5282665e-03   2.6382172e-01   3.0044817e-01   1.7407388e-02  -9.1998774e-02  -3.4172700e-01   1.5494673e-01   9.1155079e-03  -4.8235435e-01   1.2429735e-01  -1.9625489e-01   1.0173875e-01  -8.4897486e-02  -4.5335928e-01   8.9824576e-02  -3.4036723e-01   2.2139210e-03   4.2341572e-01   3.5700107e-01   9.0013999e-02  -2.7622971e-01   3.1098288e-01   8.8307828e-02  -1.0537134e-03  -6.1071171e-02   6.3151003e-02   1.1566119e-01   5.4503092e-01   3.4462573e-01   6.5162609e-02   2.4172726e-01   8.0019151e-02  -3.4088051e-03  -2.3602886e-01   1.3326859e-01  -1.2700456e-02   1.6488662e-01   8.0572303e-01   1.2331022e-02   5.9782979e-01   2.5066026e-01  -2.5198363e-01   2.5632879e-01   1.1530162e-01  -2.7592300e-03  -2.2259906e-01   2.5187605e-01  -2.0338024e-01   1.5552072e-01  -3.0599793e-01  -4.0872638e-02   3.4246774e-01   1.2799875e-01   2.4236200e-01   9.3052536e-02   1.8620653e-01   1.7620944e-01  -2.9302912e-01  -5.2052058e-02  -2.4741906e-01  -2.8715484e-01  -2.2689030e-01   2.3603450e-02   8.7803355e-02  -4.0139983e-01  -3.4751195e-01  -1.3553848e-01  -2.3316975e-02   3.7380483e-01   1.6913562e-01  -7.9096344e-02   5.7385173e-02  -8.3272524e-02   4.8218241e-01   2.9479273e-01   3.3552221e-01   2.7118497e-01  -7.7782883e-03   6.3221281e-01  -2.2260715e-01   7.0653668e-01   1.7499756e-01   4.6350682e-01   2.4130854e-01  -3.5937893e-01  -1.8408216e-01  -2.3990903e-01   6.3812242e-02  -5.5233885e-02  -1.1705641e-01   3.3336009e-01  -3.7426662e-01  -4.1397162e-01  -3.0441635e-01   2.4884067e-01  -2.2079213e-01   3.1825144e-01   8.3327426e-02  -9.1614884e-02   1.6130946e-01   2.4832225e-01   2.5386693e-02  -6.3215551e-02   4.4269110e-01   2.6341117e-01  -3.9612210e-01   2.4477353e-01  -1.8615914e-01   1.2426431e-02   4.2712495e-01  -3.5843227e-01  -3.4774116e-01   2.5493357e-01   1.3019353e-01   5.3898213e-01  -8.3842699e-02   3.2838433e-01  -2.8615529e-01   3.1908974e-01   5.7063559e-01   5.3173418e-02  -2.3155518e-02   2.5226036e-01  -5.8674287e-02   3.1334167e-01   1.7402489e-02  -4.5140551e-01  -3.0080629e-01   1.8689800e-02   7.8025689e-02   2.7002074e-01  -1.7721541e-01   1.7912155e-01   1.2606840e-01   2.8323539e-01   2.3878374e-01  -3.8715195e-01  -1.1521213e-01   1.7626700e-01  -2.3357367e-01   3.8616657e-01  -2.7166656e-01  -4.4603492e-01   2.4984279e-01   6.3522487e-01  -1.0970050e-01   2.3556078e-02   1.5703914e-01
  -2.5290894e-01   9.2190092e-02  -2.9264858e-02  -1.6620516e-01   1.0536373e-01   2.7997073e-02   0.0000000e+00  -3.0316270e-01   2.6362249e-01   4.0437731e-01   1.3696455e-02   4.6778833e-01  -8.0957453e-02  -2.3193663e-01  -2.1163383e-01  -1.5969627e-01  -1.1637512e-01   1.2688638e-01  -4.5902363e-01   2.6975250e-01  -6.3202084e-02  -1.5117926e-01   5.3972271e-02  -3.0525814e-01  -6.8241380e-02  -1.7818451e-01   2.9601617e-01  -2.3625241e-01  -1.1452759e-01   2.1842821e-02  -2.2198378e-01  -4.1117265e-01  -3.3081203e-01   5.3193386e-01   5.8684794e-01   2.0355010e-01   2.3432653e-01  -1.0594096e-01  -1.7911488e-01   1.5928510e-01   2.6739273e-03  -3.4562751e-01   2.6609228e-01  -2.0446052e-01   3.6618173e-01  -2.7243197e-01  -8.0538965e-02   5.9627276e-01  -3.5506041e-01  -1.1802627e-01   3.4272926e-01  -3.1736090e-01   4.1927656e-01  -4.0324210e-01  -2.9194136e-01  -1.6497942e-01  -3.0562909e-01  -4.1602456e-01  -1.6332355e-01   4.5319049e-01  -3.2143598e-01   1.4440244e-01  -1.2318814e-01  -1.8243022e-01   3.1737981e-01   6.3168072e-01  -1.4370400e-01   5.0506173e-02  -3.3024828e-01  -2.4590013e-02   3.4151636e-01  -2.2798112e-01   2.4694274e-01  -4.1153447e-01  -3.0013013e-01  -3.0312046e-01  -1.8674826e-01  -2.4738693e-01   2.3225206e-01  -4.7235845e-01   1.2135627e-01   2.5375800e-01   2.8447020e-01  -1.2386617e-01  -2.1472311e-01  -2.1630226e-01   3.1753939e-01  -3.9638291e-01   4.7734902e-01  -1.8606839e-01  -2.2232590e-01  -4.8474928e-01   5.4729896e-01   5.2940458e-01  -1.5626328e-01  -1.7649011e-01  -3.5357560e-01  -2.9103695e-01   6.4067634e-02   4.2353156e-01  -1.6657085e-01   1.2427290e-01  -1.7403047e-01   1.0373980e-01  -2.5652597e-01  -2.4269945e-01  -5.0950166e-01  -2.1266922e-01  -2.8444953e-02   1.7323963e-01   6.3315649e-01  -2.9101637e-01  -8.7893361e-02  -1.7726373e-01  -2.2181815e-01   8.9479228e-02  -3.3365949e-01   2.6035167e-01  -3.4544053e-01  -2.7283248e-01  -2.9328641e-01  -6.4259042e-02  -6.4680863e-02   5.0353933e-01  -1.3536655e-01  -4.0384770e-01   6.5032689e-01  -3.6620499e-01  -2.3769184e-01   1.2057370e-01   1.4875294e-01   5.2544380e-01  -3.2442458e-01   2.3128841e-01  -6.3135576e-02  -4.0050854e-01  -3.3061888e-01   1.1242014e-01  -2.7595074e-01  -1.8610016e-01  -1.5741136e-01   1.3154277e-01  -2.6995013e-01  -1.9236976e-01   3.8148131e-02  -2.6239039e-01   3.5657058e-01   2.9897109e-01   3.0435030e-01   3.5488356e-01  -3.0253970e-01  -1.0835315e-01  -3.2191488e-01   3.0607656e-01   2.8718800e-02  -1.6397440e-01  -1.5158468e-01  -1.6214722e-01  -4.7704399e-01  -1.3055166e-01   1.1033274e-01  -2.6573760e-01   5.4609177e-01  -2.0748818e-01  -2.9996415e-01   4.0904685e-01   5.3171463e-01  -2.6724468e-01  -3.1922678e-01   2.1173652e-01   5.3796952e-01  -1.0886240e-01   8.7444429e-02  -5.0504096e-02  -1.2842814e-01  -3.7949563e-01  -1.0965224e-01
   5.7896436e-02   8.8441717e-02  -3.9193245e-02   2.5533936e-01  -3.0642786e-02   1.3269641e-01  -3.0316270e-01   0.0000000e+00   1.0098687e-01  -2.7201075e-01   8.0195882e-02  -1.5868442e-01  -3.3050269e-02   1.7196318e-01   3.2545014e-01   1.9798595e-01  -3.1040433e-02   4.3862708e-02   2.5078944e-01  -2.3020067e-01   6.2438676e-02   2.2605436e-01   2.7710523e-02   1.4283095e-01  -1.5506492e-03   3.1191752e-01  -1.4932844e-01   3.9575327e-01  -6.2142118e-02   1.1509177e-01   3.6330056e-01   3.7831228e-01   1.4635141e-01  -2.8003562e-02  -2.6292314e-01  -1.6336473e-01  -9.7453442e-02  -9.3197009e-02   2.1619888e-01  -1.9492397e-01   1.7571451e-01   1.6194561e-01  -1.0651637e-01   4.0364828e-01  -2.0486089e-01   1.0356561e-01  -4.5441074e-04  -2.4897247e-01   3.2911051e-01  -1.4380091e-01  -4.7947288e-02   4.5327595e-01  -1.1352756e-01   1.3853815e-01   2.4804395e-01   3.7456565e-01   2.7288187e-01   3.5044112e-01   3.1912828e-01  -9.2071385e-02   1.4043424e-01  -1.4128356e-01   1.4143119e-01   5.1317653e-01  -9.2598958e-02  -3.1308092e-01   2.4647598e-01   1.1400755e-01   2.0567776e-01  -3.6680859e-02  -1.4097375e-01   1.8277545e-01   2.7264418e-01   3.2358095e-01   1.0755251e-01   4.5659127e-01  -7.6995706e-02   1.0375102e-01  -9.0509927e-02   3.1978313e-01   1.4553114e-01   2.1243940e-01   5.7486142e-02   5.1957129e-01   2.7765576e-01   3.0066869e-01  -5.4795871e-02   1.4303444e-01  -1.6504793e-01   1.3814927e-01   1.0127982e-01   1.7617613e-01  -2.9872093e-01  -1.6340957e-01  -9.1600671e-02   1.3774643e-01   1.5025149e-01   2.8464637e-01   1.0349685e-01  -1.9521722e-01   7.0307438e-02   3.1322323e-01   2.1134001e-01  -7.2638526e-03   3.0336043e-01   2.3242915e-01   2.0985216e-01   2.6941446e-01  -3.4682777e-02   2.6081315e-03  -2.0422950e-01   2.3865922e-01   1.5974938e-01   6.2248973e-02   1.6230551e-01   9.7729495e-02   2.0624854e-01   1.7703035e-01   3.3927835e-01   2.7298663e-01   3.1411068e-02   7.3405057e-02   4.9014870e-02  -1.6454568e-02   5.5639383e-02   2.4755707e-01  -2.1693047e-01   1.3706890e-01   2.1997142e-01  -2.1085231e-01   1.3390723e-01  -2.4057458e-01   2.2104574e-01   4.6799529e-02   6.9186706e-02   4.6580395e-01   1.1523845e-01   1.0119477e-02   5.2167910e-01   6.5292769e-02   1.4676310e-02   1.4882716e-01   3.2817059e-01   2.4079072e-01   3.0230384e-01   3.1201850e-01  -2.0858566e-01  -7.3154122e-02  -7.3083516e-02   2.9822241e-02   2.2564908e-01   1.5161632e-01   2.7953497e-01  -2.1682738e-02  -8.0817288e-03  -9.8657968e-02  -1.0021708e-01   2.0986536e-01   2.8348241e-01   2.4128568e-01  -6.1310964e-02   2.6020207e-01  -2.2464652e-01   1.9175750e-01   1.3553362e-01  -2.1471210e-01  -1.6164841e-01   2.1682346e-01   1.3998215e-01   5.3319361e-02  -2.5621819e-01  -1.4804441e-01   9.8731926e-02   3.2133123e-02   1.4202127e-01   1.0974727e-01   1.6533046e-01
  -4.0986045e-01   3.5482330e-01   1.0060245e-01   2.3693472e-01   2.5734656e-01  -1.2244700e-01   2.6362249e-01   1.0098687e-01   0.0000000e+00  -1.3708137e-01   5.3844219e-03   2.6141838e-01   1.1016808e-01  -3.4992852e-01  -1.8230046e-01   3.1193693e-02   1.5895139e-01   3.4523799e-02  -1.9828482e-01   1.9215079e-01  -1.5030351e-01   2.0489731e-01  -2.6713659e-01  -4.5382512e-01   1.6911112e-01   1.4628553e-01  -5.9712398e-02  -2.3279323e-01   1.3356077e-01   4.5410175e-01  -5.9724026e-02   4.8314268e-02  -1.6140553e-01   3.1740761e-01   2.7833054e-01  -4.8381582e-02   5.7976630e-02  -1.8426230e-01   8.4994913e-02   1.5864083e-02   2.4739062e-01  -2.3528984e-01   4.2532670e-01  -6.9916998e-02   4.6530100e-01  -3.2044248e-01  -1.2733279e-01   1.7973717e-01   8.9408978e-02  -2.5512816e-03   1.1684756e-01   1.4999920e-01   7.0732676e-02  -2.4551904e-01  -2.3794440e-01  -2.7247555e-01  -2.5291903e-02   1.0991393e-01   3.2746836e-01   2.9062758e-01  -3.0896890e-01   1.3579536e-01   4.5620071e-01   2.8884505e-01   5.5248156e-01   5.7252677e-02  -1.1581770e-01   2.9376088e-01  -9.7133602e-02  -2.2625934e-01   3.2802200e-01   1.6031681e-01   3.8279783e-01  -1.8460908e-01   1.8071939e-02   4.4831844e-02  -2.3255838e-01   2.4207308e-02   3.7122415e-01   6.1816806e-02  -2.2472170e-01   3.4150344e-01   5.3033397e-02   1.9298439e-01  -8.5510091e-02   1.9057268e-02   4.2025889e-01  -3.2748101e-01   4.5310794e-01  -3.6994303e-01   1.3246907e-01  -2.7882155e-01   8.5381004e-02   4.1029403e-01  -1.8343331e-01   3.0781135e-01   8.9354359e-02  -1.2162472e-01   3.4805264e-01   2.0940367e-02  -2.0040657e-01   1.1525495e-01  -2.1222300e-01   4.8017253e-01  -1.1120301e-01   1.8882070e-01  -2.3607740e-01  -7.1705212e-02   2.0055321e-01  -1.1199746e-01  -6.9150361e-02   7.6543654e-02   4.8940624e-01  -3.2624427e-01  -3.5599652e-01   4.9111577e-01  -1.4127903e-01   4.2210223e-01  -2.9788767e-01   1.4974661e-01  -3.2296271e-01   3.2153521e-01   3.5054639e-01   5.1743655e-01  -2.3207323e-01  -3.5186160e-01   3.0287444e-01  -5.0452016e-02   3.2444193e-01  -6.8253146e-02   1.5758388e-02   5.3677567e-02  -2.6219035e-01   2.5408161e-01   4.2656426e-01  -7.7204040e-02   1.2423230e-02  -9.8480595e-02   8.3092352e-02  -1.5299630e-01  -3.3294140e-01   1.6114964e-01   9.7607494e-02  -1.4918992e-01   2.3993500e-01  -3.1235025e-01   2.0743475e-01   5.0993923e-02  -1.0591192e-01   3.5655908e-01  -2.5266171e-01  -2.7701269e-01  -3.2459359e-01   1.9249504e-01   3.1352425e-01  -3.1084904e-01  -2.4465422e-01   2.1700798e-01  -2.6221477e-01  -1.8835868e-01   2.4323390e-01   1.9819619e-02  -4.9960690e-03   1.2257689e-01   1.6060189e-01   2.1906242e-01   1.1952665e-01  -3.0846974e-01  -3.5409589e-01   1.0326412e-01   2.6997722e-01  -1.8710393e-01   3.2276756e-01  -8.6484799e-03   8.2019762e-03  -2.4520136e-01   3.2697629e-01
  -2.0558588e-01  -1.9313495e-01   4.4217808e-02  -2.2388422e-01   1.3772683e-01   5.4937989e-02   4.0437731e-01  -2.7201075e-01  -1.3708137e-01   0.0000000e+00  -2.7686718e-02  -4.2642987e-02   1.0263835e-01  -2.8345139e-01  -1.8296456e-01  -2.7485830e-01  -6.6171960e-02   2.4455330e-01  -3.9126286e-01   2.6017756e-01   2.7617448e-02  -1.2122230e-01   1.4003585e-01  -2.6668830e-01  -2.0660547e-01  -2.6130547e-01   3.6144922e-01  -2.7376794e-01  -1.1696502e-01  -7.0617634e-02  -1.9700937e-01  -4.2552403e-01  -4.7849650e-01   2.5217086e-01   2.9998413e-01   3.7848678e-01   2.1949018e-01  -2.4783679e-01  -3.5066628e-01   3.4773973e-01  -3.0810877e-02  -3.5510681e-01   4.9453413e-02  -1.9881310e-01   4.5123553e-02  -2.5569294e-01   1.0534562e-01   3.3960170e-01  -2.0427878e-01   1.7895270e-02   3.5361385e-01  -2.8803376e-01   3.7772576e-01  -2.6884969e-01  -2.8003401e-01  -1.7035508e-01  -3.9116783e-01  -3.0708154e-01  -2.2186969e-01   5.2115910e-03  -2.8454998e-01   2.8141065e-01  -2.0499098e-01  -3.0508823e-01  -2.1534542e-03   4.0443259e-01  -4.1425067e-02  -1.9566602e-01  -2.1927515e-01   4.8422256e-02   1.8030323e-01  -2.4222800e-01   8.2979139e-02  -3.6438306e-01  -2.4617370e-01  -2.3321978e-01  -1.5722684e-01  -1.2250819e-01   1.3550520e-01  -3.6443372e-01  -8.5330378e-02   1.0464292e-01  -4.7920404e-02  -1.9000768e-01  -3.4146734e-01  -1.3774844e-01   2.1012379e-01  -3.0195718e-01   1.4076707e-01  -2.0941413e-01  -8.4799255e-02  -2.7357897e-01   5.0339541e-01   8.8340494e-02  -2.0834728e-01   1.9322337e-02  -2.5989670e-01  -2.8284296e-01  -3.2541153e-03   5.7831506e-01  -1.0464054e-01  -1.6877769e-01  -3.3368424e-01  -9.5315332e-03  -1.9907465e-01  -2.3157374e-01  -3.4126709e-01  -1.6760068e-01   3.0633294e-01   1.1138463e-01   4.2993814e-01  -3.7059421e-01  -2.3655170e-01  -2.1627182e-01  -2.2394957e-01  -1.9358469e-01  -2.5628227e-01   1.0712005e-01  -3.4333494e-01  -2.0610824e-01  -2.7809284e-01  -1.4552396e-01  -1.6728809e-01   2.0273929e-01  -3.0103910e-01  -4.3617352e-01   3.8187585e-01  -1.3469825e-01  -1.6189171e-01   1.8147545e-01   1.2728260e-01   5.2145756e-01  -4.1253397e-01   1.6389510e-01  -2.4362759e-01  -2.7099166e-01  -3.5112301e-01   1.4775931e-01  -2.4421969e-01  -9.7281103e-02  -1.9915794e-01   1.2102642e-01  -2.7547595e-01  -3.1817969e-01  -2.0828691e-01  -2.0996156e-01   3.0464587e-01   1.5410642e-01   2.4627785e-01   2.5939791e-01  -3.6000103e-01  -1.3686460e-01  -3.5516247e-01   8.4947519e-02  -1.4922959e-02  -1.8506038e-01  -2.6295005e-01  -1.7391912e-01  -3.3836304e-01  -2.5107376e-01   4.7677045e-02  -1.8755843e-01   6.4193459e-01  -2.3020494e-01  -3.0247515e-01   1.0456351e-01   3.2312443e-01  -1.2667018e-01  -2.6872528e-01   1.0924950e-01   2.8038289e-01  -1.0986501e-01  -2.4418693e-02  -1.4995776e-01  -2.2749947e-01  -2.1480491e-01  -7.5488990e-02
  -9.0945166e-02   9.0149334e-02  -2.0882911e-01   1.5032696e-01   3.6656531e-03   3.1332716e-01   1.3696455e-02   8.0195882e-02   5.3844219e-03  -2.7686718e-02   0.0000000e+00  -5.1321320e-02   3.8988277e-02  -1.3215257e-01   2.4891375e-01   3.8375865e-01  -3.4014531e-01   6.3284569e-01   5.4549200e-02  -4.8808008e-02  -1.2116797e-01   1.9274289e-01  -5.1265660e-02  -1.2238604e-02  -2.7909303e-01   1.4476125e-01  -4.5011356e-02   2.0481852e-01   3.1888271e-02   1.8843828e-01   1.4726660e-01   3.5687522e-01  -6.6993309e-02  -7.9839993e-02  -1.6742853e-01   2.2546283e-01  -1.3674895e-01  -2.1193947e-01   1.1539977e-01  -3.0850103e-01   2.5925179e-01  -1.1850669e-01  -1.8896273e-01   4.2009497e-01   2.4755391e-02   1.5515857e-01   4.6139158e-01   1.3319217e-01  -2.6568100e-01  -4.6351714e-01   6.6158028e-01   1.7771811e-01  -2.4186027e-01  -3.9787077e-01  -4.7985489e-02   4.2065558e-01   3.6628292e-01   2.1747882e-01   3.5885861e-01   9.0296442e-02   3.6606391e-02  -1.6082663e-01  -3.2820192e-01   3.4903932e-01   1.7854712e-01   4.4591309e-01   9.7546451e-02  -2.8243081e-02   6.6020734e-01   8.7397795e-02  -3.1412303e-01   3.4455500e-01   5.6712141e-02  -1.5623397e-01  -3.0028298e-01   4.2813675e-01  -2.7815376e-02   2.1187845e-01  -2.5237732e-01  -1.3862736e-01   3.0765095e-01   2.0883058e-01   2.8408827e-01  -3.8674108e-02  -2.9215693e-01   3.2989321e-01  -2.5149504e-01  -5.5634089e-02  -3.2239111e-01  -1.1875999e-01  -2.8020790e-01  -9.1588822e-02   1.6922207e-01  -6.1289960e-03  -1.7137053e-01  -2.9073369e-01   7.4238981e-02   1.2176626e-01   3.3799886e-01  -2.5651926e-01  -2.3019821e-01   4.4609960e-01   2.4454937e-01   8.5039841e-02   6.2956915e-01   5.3341323e-02  -2.8148762e-01   4.9861995e-01  -3.8321536e-01   5.0720830e-01   4.6893848e-02   4.2842436e-01  -1.7355140e-03  -1.4321844e-01  -1.0991516e-01   1.4654309e-03   2.1384015e-01   2.5229544e-01   5.7629704e-02   2.7892187e-01  -5.4149638e-02  -2.3935028e-01  -2.9012161e-01   3.0851957e-01   1.5430333e-02   1.2999714e-01   3.2481689e-01  -2.9268031e-01   7.0403000e-02   1.1208912e-02   1.4693005e-02   8.3254948e-02   1.2459293e-01   4.6499258e-03  -2.5607803e-01   3.6053616e-01  -2.2089739e-01   1.1786414e-01   4.0254439e-01  -8.2535664e-02  -1.3302302e-01   1.2255278e-01   6.5329703e-01   2.3728591e-01   5.4154962e-02   2.6467215e-01  -3.2403911e-01   6.4086575e-01   5.7743682e-01  -8.0655435e-02  -1.1941890e-01   1.3647621e-01   3.0910734e-03   3.0589380e-01  -2.4892762e-01  -1.7389341e-01  -4.3094573e-02   5.3723447e-01  -3.9332465e-02   2.3440205e-01   6.3177120e-02   5.8789858e-01   2.4774482e-01   4.2340325e-01   1.9648907e-01  -1.0578987e-01   3.4429524e-01  -6.8479214e-02   4.0517061e-02   1.1349816e-01  -4.2247032e-02  -2.7518249e-01   3.8553588e-01   1.1952782e-01  -3.3091972e-02  -7.6932450e-02  -4.0269277e-02
  -2.0745147e-01   5.1428286e-01   2.0546523e-01  -1.5883993e-01  -1.2024477e-01   1.5365393e-01   4.6778833e-01  -1.5868442e-01   2.6141838e-01  -4.2642987e-02  -5.1321320e-02   0.0000000e+00  -1.0072255e-01   1.0341413e-01  -4.8280283e-02  -9.5603570e-03   1.4401136e-01  -5.8463641e-02  -1.8750743e-01  -1.1552898e-01   6.5015595e-02   5.2999091e-02   1.9487175e-03  -2.3288636e-01   3.6995707e-02  -1.5335518e-01  -2.3472372e-02   1.0625051e-02   8.9955403e-02   4.2186634e-02   1.1109742e-03  -1.9259036e-01  -1.1145853e-01   4.3032632e-01   2.1829475e-01  -2.3729363e-01   1.3877055e-01  -2.7313807e-01   4.0539920e-02  -7.5221901e-02   4.4940944e-02  -2.8629861e-01   1.6875692e-01   1.0073439e-01   1.6344544e-01  -1.7561039e-01  -2.7557814e-01   3.4884624e-01  -1.5302838e-01  -5.7275704e-02   1.2855522e-01  -2.2815291e-01   1.6880000e-01   1.4684799e-02   2.0643650e-02   1.2307762e-01   6.5736520e-02  -1.8667158e-01  -2.4207713e-02   5.8560361e-01  -9.0340484e-02  -2.5978199e-02   9.2168255e-02   5.8735626e-02   2.0762635e-01   2.1677628e-01   9.5157187e-02   1.7167162e-01  -1.6444017e-01   1.5343237e-01   2.7475590e-01  -2.7285477e-01   2.4629132e-01   1.2046764e-01  -1.7708662e-01  -1.2124587e-01  -2.5955215e-01   2.6688036e-03   1.4519204e-01  -2.5770153e-01   8.9389603e-02   2.0453014e-01   4.3240285e-01   5.3993878e-02   2.9778387e-01  -7.5847291e-02   1.7693848e-01  -8.6881138e-02   3.2234726e-01  -1.8171175e-01  -1.0766699e-01  -1.0121785e-01   1.9644587e-01   2.7564434e-01  -3.1451319e-01  -2.1658826e-01  -2.9905039e-01  -2.7391657e-01  -6.1099556e-02   8.9177320e-02   1.0262947e-01   2.2241503e-01   1.0017062e-01   3.4461665e-01  -2.3017610e-01  -1.2840028e-01  -1.2471323e-01  -1.8948319e-02  -1.5393945e-01   1.2063742e-01   4.4964909e-01  -4.7969396e-02   1.1419390e-01  -2.0588668e-01  -4.3785868e-02   1.1396678e-01  -1.8696899e-01   1.7953084e-01   3.0489463e-02  -2.5560192e-01  -2.9830663e-01   6.8170875e-02   2.1515064e-01   3.7341440e-01  -1.6725670e-01  -7.1538331e-02   2.8529263e-01  -2.3793553e-01  -1.5759556e-01   2.4303607e-01   1.5503392e-01   4.3269593e-02   1.7809656e-01   2.9099516e-01   3.1756470e-02  -2.0240046e-01  -1.6459547e-01   1.6136030e-01  -9.2944834e-02  -3.6227117e-01  -2.0406057e-01   1.7849428e-01  -4.8923297e-02   3.0916657e-01   8.2803625e-02   4.8216499e-03   2.4737136e-01   3.1612247e-02   1.0578939e-01   3.1119903e-01   1.2285183e-01  -6.1520408e-03  -1.0319135e-01   3.2011924e-01   2.9761312e-01  -2.8553223e-01  -2.9474492e-01  -5.8218533e-02  -1.7817510e-01  -2.0837940e-01  -1.3121234e-01  -3.7930883e-02   1.2257295e-01  -1.7194262e-01  -2.3560491e-01   1.8679047e-01   2.8263108e-01   5.2822867e-02  -1.4237766e-01   2.4668420e-01   1.8867331e-01  -3.3448396e-01  -1.5077728e-01   3.5108873e-01   7.5644858e-02  -2.3496004e-01  -1.4404670e-01
  -4.7899867e-02   1.6508801e-03  -2.5419204e-01   1.1488451e-01   1.7201169e-01  -2.0625752e-03  -8.0957453e-02  -3.3050269e-02   1.1016808e-01   1.0263835e-01   3.8988277e-02  -1.0072255e-01   0.0000000e+00  -7.1983977e-02  -1.5160239e-01  -1.6775769e-01  -2.0820129e-01   2.1626107e-01  -1.0867628e-01   1.5973007e-01   7.7859953e-02   1.8658657e-01   4.2022777e-02  -1.2941802e-01   9.2027457e-02  -9.7470612e-02   2.4186047e-01  -2.3300698e-01  -1.5104732e-01   2.9883542e-01  -6.1246319e-02   2.1085924e-02  -1.5546347e-01  -2.2807112e-01  -4.4154067e-02   2.3542361e-01   9.8400914e-02  -7.9528037e-02  -6.3006200e-02   2.2414248e-02   3.9851633e-01  -2.2384436e-01  -1.0419178e-01  -1.1225030e-01   7.1020158e-02  -1.3812757e-01   2.5184866e-01   1.1285361e-01   4.6480440e-02  -2.3206447e-01   2.0156353e-01  -1.8415434e-01  -1.2009758e-01  -2.0806742e-01  -6.5799672e-02  -7.6385224e-02  -5.9146375e-02   8.8741659e-02   9.9853141e-02   6.8791905e-02  -3.1885634e-01   1.7839215e-01  -2.2744935e-01   6.2875055e-02   2.9274616e-01   9.6625143e-02  -1.3290833e-01  -3.1756488e-02   1.4465021e-01  -1.4372356e-01  -9.8084094e-02   2.2757483e-01   8.9569942e-02  -2.9330012e-01   6.8077750e-02  -1.3086329e-01  -2.8719115e-01   8.6855350e-02  -1.1191315e-01  -4.8784020e-02  -1.7273817e-02   1.6616482e-01  -2.2108181e-01  -1.4457612e-01  -2.5079553e-01  -2.0909320e-01   1.6076268e-02  -1.9980824e-01   5.6688392e-02  -8.7669738e-02  -8.1875127e-02  -2.8124005e-01   2.4160223e-02  -3.3970155e-03  -6.8446994e-02   1.0904839e-01   1.7437274e-01  -2.2032971e-01   1.6812908e-01  -1.8194162e-02  -1.4237014e-01  -1.6821188e-02  -3.3688399e-02   1.8706239e-01   1.9530093e-01  -9.9423203e-02  -1.8953922e-01   6.8212722e-02   7.4677974e-02   1.0454985e-01  -1.9467189e-01   1.2066854e-01   2.0440883e-01  -4.8744227e-02  -1.4127013e-01   5.1939770e-02  -1.7647510e-02   2.5961032e-01  -1.6863178e-01   1.6115208e-01  -6.8958795e-02  -1.3282258e-01  -2.1366648e-01   8.8484901e-02  -1.4807292e-01  -4.8811603e-02   8.8881422e-02   8.9173074e-02   1.3652975e-01  -6.3615698e-02   1.1939303e-01   3.2627281e-02  -1.3883868e-01   4.3306515e-02  -7.0715286e-02  -1.9500748e-01  -9.4979637e-02  -1.8067659e-01  -1.9833883e-01   1.2717190e-01  -5.8935699e-02   3.0317410e-01   8.3065971e-02  -1.7928878e-01  -1.5546020e-01   9.0303342e-02  -1.4240781e-01   1.9556574e-01   1.3981992e-01   1.1251721e-01  -2.0360722e-01  -1.1443371e-01  -1.2939742e-01  -2.1445366e-01  -2.2566848e-01  -7.8688802e-02  -4.2031104e-02   1.2541788e-01  -3.1700929e-01  -5.8996402e-02  -1.0239200e-01  -1.0070650e-01   1.1160428e-01   2.4342370e-01   1.7027152e-02   7.9801280e-03  -1.3438621e-01  -6.3658242e-02  -5.8486295e-02  -8.8374124e-02   1.0521413e-02   9.7135331e-03   2.9107320e-01  -1.3396799e-01  -3.4443618e-02  -6.4274500e-02   1.1351587e-01
   3.6373042e-01   1.0771893e-01  -2.2412564e-01   1.6137664e-01  -5.5342443e-01   1.8907115e-01  -2.3193663e-01   1.7196318e-01  -3.4992852e-01  -2.8345139e-01  -1.3215257e-01   1.0341413e-01  -7.1983977e-02   0.0000000e+00   5.0224862e-01  -3.5056592e-02  -1.2924291e-01  -5.8781049e-02   1.3908624e-01  -6.2519052e-01   4.1909122e-01   5.1682880e-02   4.5440582e-01   2.5866356e-01   8.2963351e-02   1.2003612e-02  -3.5443851e-01   5.1889864e-01  -2.5522487e-01  -2.3966849e-01   5.6222478e-01   1.0352840e-01   2.7390556e-01  -1.1299235e-01  -2.5504230e-01  -5.2189030e-01   1.5477733e-01   3.2274955e-02  -2.5270905e-02  -3.0099193e-01  -1.1737358e-01   1.5775575e-01  -5.4416724e-01   2.7011461e-01  -5.5070238e-01   1.1043068e-01  -2.4909204e-01   9.3542589e-02   3.2953915e-02  -1.1719898e-01  -1.5178212e-01  -7.0146730e-02  -8.0088736e-02   4.8004727e-01   7.3732759e-01   4.2257617e-01   1.6195623e-01   9.5500152e-03  -1.4883421e-01   9.3819510e-02   2.2774310e-01  -1.3908021e-01  -2.5570115e-01   1.5861397e-01  -2.9408174e-01  -3.3338628e-01   2.4687216e-01  -1.0384532e-01   5.4660436e-02   2.5160115e-01  -3.2191618e-01  -3.5799619e-02  -6.1368560e-02   4.3419821e-01   8.1019314e-02  -5.7293518e-02  -2.5158957e-02  -1.5182162e-01  -4.7636740e-01  -1.7431114e-02   4.6657862e-01  -1.0569065e-01   1.9716258e-01  -1.6566428e-01   6.4724957e-01  -1.0817754e-01  -9.5415043e-02   5.7237358e-01  -3.2068013e-01   2.6562014e-01  -3.7608484e-01   2.6539633e-01  -4.6313848e-01  -4.5120660e-01   2.9587591e-02  -4.0990199e-01  -1.4305182e-01  -5.2877605e-02  -3.0334138e-01  -5.4096329e-02   6.5525833e-01   3.9409666e-02   5.3859648e-01   1.8828165e-02   2.8627539e-02  -2.4926610e-02   4.6003504e-01  -4.6442425e-02  -2.7274772e-02   4.7674785e-02  -1.0038802e-01   1.0342378e-01   3.8688409e-02   2.8970573e-01   5.4536252e-01  -4.3967137e-01   1.1444252e-01  -2.4366317e-01   5.8850066e-01   3.7571257e-02   4.6979166e-02  -4.7571222e-01  -2.6101799e-01  -1.0490365e-01   4.9958043e-02   6.0413297e-01  -3.4468971e-01  -4.5244270e-02  -1.3620036e-01   1.4639397e-01  -1.4237977e-01  -4.0477421e-01   6.2479729e-01   2.0814931e-01  -3.5722719e-01   1.4140842e-01   1.0356056e-02   3.9716456e-01   6.4433848e-02   6.8312036e-02   2.9123809e-01   2.8657581e-02  -8.1097230e-02   5.5042726e-01   2.2285917e-01   6.4783895e-01  -3.2890916e-01  -2.5560148e-01  -8.2667142e-02   7.3115092e-02   5.6955617e-01   5.9981842e-01   3.6271617e-01   6.6036431e-02  -1.5906133e-01   9.0643865e-02   1.2328788e-02  -1.1928604e-01   3.2760811e-01   3.0524419e-01  -2.4406857e-01  -1.3665464e-01  -3.1736165e-01   2.3707478e-02  -1.6760834e-01  -5.2908439e-01  -2.4387207e-01   3.6083352e-01   1.9661594e-01  -7.7117526e-02  -6.0416508e-01   1.8732163e-02  -2.0423182e-01   2.8115319e-01   6.5134835e-02   1.9803070e-01  -1.9141487e-01
