   0.0000000e+00  -2.8757713e-01   4.7175051e-03   2.0448371e-01  -2.2351566e-01  -2.1338282e-01  -3.7465097e-01   1.4955479e-01  -5.0184456e-02  -2.0517855e-01  -2.3491968e-01  -1.9464041e-01   1.5902297e-01   1.8558663e-01  -1.2061125e-01   1.9382220e-01  -4.7033452e-02  -2.2714405e-01   1.2606709e-01  -1.4144017e-01  -3.3684444e-01   2.7995137e-01  -3.7859128e-02   5.4440377e-01   5.6435232e-02   1.8104695e-01  -1.4650120e-01   5.5973642e-02  -5.6137984e-03  -2.8877169e-03  -3.5162136e-01   3.0183834e-01   2.3201328e-01  -3.1096789e-01  -9.7352802e-02  -2.8349299e-01  -2.7469921e-01   2.5560854e-01   1.8721091e-01  -1.4495262e-01   1.8536424e-01   3.1344398e-01  -2.2865963e-01   9.3057821e-02  -2.8450098e-01   3.8335530e-01  -2.4888168e-01  -4.4773721e-01  -8.0812623e-02  -9.3717237e-02  -1.6590129e-01   1.9631406e-02  -3.8417187e-01   2.2079482e-01   3.0576976e-01  -2.8421517e-02  -6.8267620e-02   2.9912570e-01   1.9568782e-01   1.0207113e-02   3.5982751e-01   2.7989231e-02  -2.6701662e-01  -3.0382416e-01  -1.6050764e-01  -1.4202285e-01  -1.7144383e-01   6.7824339e-02  -7.3476818e-02   2.3419873e-01  -1.9589349e-01  -1.1498096e-01  -9.8146355e-02   1.7060586e-01   2.0877938e-01   3.2503100e-01   3.9752931e-01   8.5736242e-02  -5.7103040e-02   1.7883896e-01   7.0497294e-04  -1.9610738e-01  -1.9554769e-01   2.0125692e-01  -2.1024039e-03   3.2129152e-01  -3.0589551e-01   1.5818131e-01   9.2704464e-02   5.6155919e-01   8.3806188e-02   2.7794031e-01  -2.5890430e-01  -5.6659614e-02   4.6633399e-01   4.0303094e-02   6.1953095e-02   1.0602586e-01  -1.1882024e-01  -1.6801522e-01   2.1275113e-02  -1.9772713e-01  -1.2899275e-01  -4.9321213e-02   5.4821510e-02   3.3194036e-01   7.8064180e-02   2.0896848e-01   3.7821072e-04  -1.6721320e-01  -2.1169371e-01   3.4596024e-02   1.4124311e-01   6.9804968e-01  -1.9076597e-02  -1.5829127e-01   3.0869629e-02  -6.1604038e-02   2.5861910e-02   1.4063785e-01   4.8931410e-01   1.0761033e-01   1.0514779e-01  -2.3234389e-01   3.4097704e-01   4.3228212e-01  -2.7540260e-01   1.0729710e-01   3.7030920e-01  -5.9012532e-03  -8.5088324e-02  -5.3819817e-01   5.2432688e-01  -4.4587267e-01  -5.5720810e-02   2.8120923e-01   2.4322755e-01  -1.4741480e-01   2.5174443e-01   5.3223430e-01   5.7671957e-01   1.5080385e-02   5.5237875e-02  -1.7230099e-01  -2.5798810e-01  -2.8849686e-01  -7.3904001e-02  -1.6452430e-01  -1.9295175e-01  -3.1455450e-01   2.2391130e-02  -2.4777139e-02   4.2450048e-01  -3.8737396e-01  -1.8280320e-01   4.2298886e-01   3.9916676e-01   2.6458240e-01   2.6309913e-01  -5.5726652e-02  -2.6446747e-01   9.3994119e-02  -1.9810272e-01   3.4593938e-02   1.5919032e-01   3.4285687e-02  -1.3433760e-01   1.5763700e-01   5.2738842e-01  -3.4471606e-01  -7.9093005e-02   1.1297991e-01  -9.8767319e-02  -1.9780254e-01   3.5843182e-01  -1.3620240e-01   2.6927795e-01
  -2.8757713e-01   0.0000000e+00   3.1368209e-01  -3.2353207e-01   4.2332037e-01  -2.8283125e-01   3.4082004e-02  -1.0428945e-01   7.9148579e-01  -1.6883555e-01  -9.1930024e-02   4.7765978e-01  -2.7423065e-02  -4.1872869e-01  -1.5960537e-01  -3.3188421e-01   4.5962982e-01  -1.5834488e-01  -5.4331160e-02   1.2754518e-01   4.7781645e-02  -4.4627878e-01  -3.6981344e-01  -4.8023258e-01   3.4735190e-02  -3.5313648e-01   1.5533327e-01  -4.1090024e-01   2.2605654e-02   1.8114747e-01   3.3227403e-01  -2.5884142e-01  -3.0753766e-01  -3.3087485e-02   1.1869911e-01  -2.5204994e-02   1.2649005e-01  -4.3547855e-02  -1.2107406e-01   3.6140668e-01  -2.0812108e-02  -1.9475315e-01   2.7999172e-01  -5.2577037e-01   2.1870445e-01   1.2148874e-01  -1.2097187e-01   4.7255253e-01   1.4971584e-01   3.7661609e-01  -2.0595534e-01  -1.5833416e-01   4.7953762e-01  -7.1037217e-02  -3.0040926e-01  -5.7261167e-01  -4.4674504e-01  -3.5796297e-01  -6.3752046e-02   9.9749421e-02   1.0429714e-03   8.5537258e-02   7.5710610e-01   3.6262309e-01   5.4449899e-01   7.2402901e-02  -3.0682752e-02   3.7451390e-02  -2.9053149e-01  -4.0114889e-02   6.9035147e-01   7.0382168e-02   3.5101516e-01  -3.5353034e-01  -9.2350830e-02  -1.3617419e-01  -1.5803140e-02  -2.4489435e-01   4.5728933e-01   1.7786060e-01  -4.9736666e-01   2.5615543e-01  -1.9527002e-01  -2.2626436e-01  -7.3774265e-02  -2.2529304e-01   3.0954117e-01  -5.0276008e-01   5.0346887e-01  -3.5343042e-01   4.2875871e-01   1.0327440e-01   3.9120604e-02   3.0926740e-01  -6.4298370e-02   2.2847158e-01  -4.1970669e-02   8.4761038e-02   2.8918842e-01  -2.6131932e-01  -2.1845987e-01  -1.4951892e-01  -3.9992618e-01   6.5943913e-01  -2.9723791e-01  -2.2168492e-01  -9.9174392e-02  -2.6719357e-01  -1.9002820e-01  -2.1189745e-01  -1.7997388e-01  -3.7229077e-01   1.8362482e-01  -1.4638826e-01  -3.0742172e-01   7.5507550e-01  -2.4021232e-01   1.1409900e-01  -3.0012434e-01  -2.8683356e-01  -2.2981585e-01   2.0993918e-01   3.0219840e-01   4.9986656e-01   8.2944657e-02  -5.2507527e-01  -9.9415500e-02   1.8670705e-01  -2.2513757e-01   2.4609723e-01   8.9608322e-02   2.9450306e-01   8.9262114e-03   3.6298472e-01   4.0866442e-01  -1.4182377e-01   4.9403491e-02  -3.6640045e-02  -2.1363335e-01  -3.8033920e-02  -2.4200518e-01   4.1930145e-02  -3.0293417e-01  -2.6493592e-01  -1.3836796e-01  -1.0886214e-01   1.5927991e-01   4.1476511e-01  -1.1138157e-01   3.5514760e-01  -2.5297037e-01  -3.7921606e-01  -1.9494373e-01   4.0742841e-01   6.2107564e-01  -1.2058856e-01  -9.8957171e-02  -3.0023326e-01   9.1618356e-03  -4.7054491e-01   3.3987688e-01  -9.0742284e-02   4.4618067e-02  -3.0711179e-01  -8.2265377e-02   3.3672024e-01   9.8846588e-02  -4.9103124e-01  -3.6953535e-01   4.0849053e-01   5.1058536e-01  -1.0806338e-01   4.4228211e-02  -2.6599169e-02  -1.3828975e-01   6.0581800e-03  -2.6338844e-01
   4.7175051e-03   3.1368209e-01   0.0000000e+00  -2.8100620e-01   2.5970046e-01   1.8092162e-02  -2.2689748e-01  -1.1377262e-01   1.9213376e-01   2.7142733e-01  -3.8995706e-01   4.7354858e-01   9.4028958e-02  -4.5809573e-02  -1.4150586e-01   1.2769810e-01   8.2810446e-01  -2.9421110e-01   1.2200193e-01   2.4552216e-01  -1.1977393e-01  -2.7186865e-01  -3.3965755e-01  -2.3254982e-01   1.6579490e-01  -5.6691825e-02   1.5058265e-01   5.5323761e-03  -3.2326591e-01  -1.2774303e-01   2.2140738e-01  -2.8105919e-01   2.1658716e-01  -1.8569475e-01  -5.6298798e-02  -1.4606118e-02  -1.8089943e-01   1.8876733e-02   3.5261835e-01   4.0777789e-01   1.7283160e-01   4.0615263e-01   1.7038072e-01  -2.9768991e-02  -1.5133317e-01   2.0847932e-01  -1.0719759e-01  -1.0665663e-01  -5.8181363e-02   6.2397405e-01  -3.5541924e-01  -3.2773114e-02  -5.8404452e-02   5.9198727e-01  -1.1346290e-01  -1.2377051e-01  -9.8145728e-02  -3.1833564e-01  -1.0676454e-01  -1.3935029e-01   1.0912425e-01  -1.1930053e-02   2.5815533e-01   7.3480584e-02  -1.0957100e-01  -1.2811534e-01   2.3768485e-01   5.7299769e-02  -1.9887654e-01   5.5717597e-01   1.7849301e-01  -3.1560554e-01   3.1231368e-01  -3.9524977e-02   2.1818440e-01  -1.7149488e-01   3.4974760e-02  -1.8355430e-01   2.3410300e-01   2.9979094e-01  -3.3170290e-02   2.3711355e-01   1.8195738e-01  -1.6790222e-01   2.8574245e-01  -1.3094901e-01  -6.2063504e-02   7.7730810e-03   2.0769438e-01  -8.2268347e-02   2.7388341e-01   4.9484089e-01   2.3396841e-01  -1.2245663e-01  -1.3332767e-02   3.6590603e-01  -1.6219971e-02  -7.7012731e-02   1.8285921e-01  -3.9136998e-01   2.1850236e-01  -2.4118213e-01  -2.8138329e-02   1.7416457e-01  -4.2735516e-01  -2.2194692e-01   3.9865703e-01  -1.2588255e-01  -2.7072867e-01  -1.0297734e-01   1.8949170e-01  -3.8708472e-01  -6.8578886e-03  -6.9015017e-03   2.2546720e-01   1.1260998e-01  -1.1685928e-01   2.1108801e-01   2.6434869e-01  -2.8418037e-01  -1.1566670e-01   2.5959256e-01   2.5592393e-01  -1.9296254e-01  -1.1816896e-01  -1.9892295e-01  -3.3628319e-01   3.5110605e-01  -1.7423112e-01   6.3594426e-01   2.1341286e-01  -2.2164025e-01   1.2421704e-01   1.6081255e-02   2.0172592e-01  -1.2882718e-01   1.5535525e-01   1.3799210e-01  -1.3180787e-01  -1.5385276e-01  -1.7881757e-01   2.8167548e-01  -4.3159822e-01   2.4473280e-01  -1.1645208e-01  -2.6885403e-01   1.7856616e-01  -2.9846678e-02  -9.0860077e-02  -2.1675551e-01   2.0614552e-01  -3.2399276e-02   6.6038070e-02  -1.1617145e-01   7.3525871e-01  -1.5762937e-01  -4.0008731e-02   1.7400287e-02   2.5360746e-01  -8.0605267e-02  -2.2593088e-01  -3.6883236e-01  -8.1924922e-02  -3.4186104e-01  -1.2457283e-01   1.5365277e-01  -1.8422259e-01  -2.3428840e-02   8.1704745e-03   3.5018155e-01   9.0583411e-02  -8.9592936e-02  -1.6333497e-01   3.9503007e-01  -2.1288751e-02   3.1728150e-01  -3.2196444e-01
   2.0448371e-01  -3.2353207e-01  -2.8100620e-01   0.0000000e+00  -3.1655877e-01   2.5856423e-01  -4.5473692e-02   3.7057483e-01  -2.8014210e-01  -3.3066776e-01   1.6859032e-01  -3.5035485e-01  -1.4156706e-03   2.5049018e-01   2.4460521e-01   4.3557392e-01  -2.5233154e-01   1.8057660e-01   1.7849032e-01  -2.9716377e-01  -1.5627745e-01   6.5798084e-01   1.8099408e-01   1.9138331e-01  -1.1335633e-01   3.7977779e-01  -1.8162847e-01  -1.5276839e-02  -4.4126100e-02   3.1384326e-01  -9.1708796e-02   5.7310121e-01   4.0935608e-01  -1.5355467e-01   1.2371220e-01  -1.8223457e-01  -8.2714674e-02  -9.4882585e-02   3.8900504e-01  -3.9121614e-01  -4.9536923e-02   1.1453393e-01  -3.2671833e-01   1.9530612e-01  -9.9256322e-02   5.6931961e-02   2.2187693e-02  -2.1889930e-01  -5.7430622e-03  -2.4804513e-01   3.1303881e-01   3.3522869e-01  -3.8879572e-01  -5.8169164e-02   3.2421799e-01   1.7963923e-01   3.5349657e-01   5.9720919e-01   3.9394654e-01   3.1075389e-01   1.6589551e-01  -1.6399333e-01  -3.2895523e-01  -3.0901004e-01  -2.0427075e-01  -2.2168660e-01   1.7822293e-01   1.3125362e-04   3.7260186e-01  -2.2744145e-01  -3.1509312e-01   2.5580079e-01  -1.6135058e-01   5.0769623e-02   1.6900839e-02   3.3831842e-01   1.7848410e-01   4.2557945e-01  -2.1494736e-01   6.4224977e-02   1.3692759e-01  -9.4571706e-02  -1.3837317e-01   4.8666571e-01  -3.5172706e-02   2.9755760e-01  -1.2378328e-03   2.6456075e-01   4.1521402e-02   1.4404916e-01  -1.7900920e-01   3.2271374e-02  -3.6460326e-01  -9.0750659e-03   1.1633530e-01  -1.6125399e-01   1.6362453e-01   1.3870631e-01  -3.3326093e-01   1.1444546e-01  -1.6428213e-01  -3.0424653e-02   2.1644536e-01  -1.2448704e-01   5.6819205e-01   5.7221419e-01   9.5539269e-03   5.1748043e-01   1.3019859e-01   9.0219711e-02  -2.8599161e-01   6.6810192e-01   3.5119539e-01   1.0088641e-01  -2.1565449e-01  -2.1528497e-01   3.1956179e-01  -1.4585245e-01  -1.0058494e-01   7.0469642e-01   2.2217642e-01  -2.1738441e-01  -1.9275997e-01  -1.4622032e-01   1.7663068e-01   2.6334959e-01   1.9785768e-01  -6.3217097e-02   5.2448734e-01  -3.1966014e-01   1.1259484e-01  -2.5525693e-01   1.6749701e-01  -1.4368066e-01  -1.8009551e-01   2.1743491e-01   3.1052866e-03  -1.9782484e-01   3.7997933e-01   1.4621648e-01   1.4938681e-01  -3.6904781e-03   4.6253479e-01  -8.5459000e-02   5.5365278e-02   2.1948290e-01  -3.2897597e-01  -2.4240437e-01  -2.3614883e-02  -1.3651781e-01  -5.4912751e-02   9.5372790e-02   8.7938234e-02  -2.2962500e-01  -4.2032962e-01   9.1689968e-02   2.4340069e-01   3.2629514e-01   1.1567721e-01   3.9907593e-01  -1.7429708e-01   2.6643730e-01  -1.9548032e-01   4.9093823e-01   5.8807901e-01  -3.0263559e-01   1.9197956e-02   6.2182864e-02   2.0429525e-01  -3.1603486e-01  -3.3947563e-01  -1.1575170e-01   1.1228260e-01  -1.5960790e-01   4.9665926e-02   2.3282286e-02   6.4575090e-01
  -2.2351566e-01   4.2332037e-01   2.5970046e-01  -3.1655877e-01   0.0000000e+00  -2.2585972e-01  -2.1150101e-01  -6.2862536e-02   3.1961313e-01  -3.0540394e-02   2.7505080e-01   1.6250842e-01  -5.8219795e-02  -4.8067229e-01  -3.1477333e-01  -3.7460947e-02   3.2832205e-01   2.9289133e-01  -1.7012118e-01   8.0757067e-01  -9.5868752e-02  -3.9343572e-01  -4.2907101e-01  -3.0186736e-01  -1.9008128e-01  -1.4521101e-01   6.9508426e-01  -5.1069446e-01  -1.3543784e-01  -1.0004143e-01  -4.1313079e-02  -1.9596052e-01  -2.0532617e-01  -2.0746062e-01  -8.0256143e-02   7.3532779e-01  -4.2231935e-02   1.8123053e-01   4.7353031e-03   1.5787844e-01   1.4377106e-01   3.8216939e-02   1.3287340e-01  -1.6232231e-01   4.5942754e-01   2.6031811e-01   6.2442137e-01  -2.9651493e-02  -8.0268718e-02   4.4631987e-01   1.4496196e-01  -7.2136688e-02   2.0618257e-01   2.4854976e-03  -2.0262629e-01  -3.3692764e-01  -3.1935220e-01  -1.8505399e-01   5.5773033e-02  -4.6050515e-02   1.4624461e-01   2.8590559e-01   4.9472921e-01   6.1034342e-02   5.9624576e-01   5.6776230e-01  -5.3374699e-03  -4.1113121e-02   1.7246043e-01   6.6237226e-02   2.0416215e-01   5.5763386e-03   2.2941599e-01  -3.2158656e-01  -1.4230880e-01  -1.3387644e-01   1.7002986e-01   2.1366454e-02   5.7703535e-01   5.2277728e-02  -5.6776860e-01   3.1952507e-01  -1.2002973e-01  -8.1799082e-02  -2.5658629e-01  -9.8556776e-02  -2.7036953e-01  -4.5771284e-01   2.3722111e-01  -3.2637655e-01   6.9109637e-01   2.4530594e-01   6.1179994e-02   1.7576317e-01   1.1101332e-01   7.1505377e-01  -1.8764016e-01  -8.5174063e-04   6.7348731e-01  -1.8841374e-01  -3.3418313e-01  -1.0164275e-02  -4.7576739e-01   1.9503846e-01  -2.8896294e-01  -1.8265922e-01  -1.4395260e-02  -1.7119184e-02  -1.8534269e-01   1.6949949e-01  -1.6020651e-01  -3.8301289e-01  -2.6963642e-02  -2.0444014e-01  -3.7794403e-01   4.9741293e-01  -2.9750745e-01   2.2453874e-01  -2.0550469e-01  -3.4055515e-01   4.2192734e-03   6.8095957e-01   1.0643377e-01   4.0591465e-01   1.6459665e-01  -3.9866195e-01   6.6509248e-02   1.7732441e-01  -1.4642616e-01   1.9000922e-01   1.2506067e-01   2.3655267e-01  -5.9416886e-02  -1.8193263e-01   1.5890070e-01  -3.9826375e-02   1.3033341e-02  -3.2052462e-01  -1.0956146e-01  -7.1172654e-02  -1.1105207e-01   6.0428256e-02  -8.0036819e-02  -2.2654327e-01  -3.6680611e-01  -1.7269766e-01  -1.7141598e-01   6.9587145e-01   4.4195957e-01  -1.1770077e-01  -3.3494823e-01  -3.3796813e-01  -2.5303290e-02   3.9599152e-01   2.0026228e-01   1.5997041e-02   4.4469223e-02  -9.6358819e-02   1.9029765e-01  -5.1529011e-01   7.5627854e-02   3.1338458e-02   4.5186108e-01  -1.9829335e-01  -9.9750743e-03   4.4725634e-01   4.3605043e-01  -2.8291247e-01  -6.2094657e-02   3.5486414e-01   4.7314847e-01   1.3946568e-01   2.5413712e-01  -7.7209242e-02  -4.3839688e-02   1.1665899e-01  -7.3168932e-02
  -2.1338282e-01  -2.8283125e-01   1.8092162e-02   2.5856423e-01  -2.2585972e-01   0.0000000e+00   4.4831431e-01   1.6992794e-01  -3.3461939e-01   1.6456025e-01   2.6558745e-01  -7.2626218e-03  -4.1993899e-01   2.9823194e-01   4.5888175e-01   1.9610114e-01  -1.3501821e-01   3.0012553e-01   3.9915199e-01  -2.1455878e-01   2.8601633e-01   1.5981441e-01   3.9024120e-01  -1.1516361e-02  -1.1525915e-01   2.7696440e-01   7.8112026e-02   3.3701321e-01  -2.0986086e-01   1.3843092e-01   1.8367003e-01   2.7146457e-02   6.8385191e-02   3.9271808e-01   2.3951575e-01   1.3120063e-01   3.5225913e-02  -4.8426750e-01   5.1295249e-02  -1.3302124e-01  -4.1125079e-01  -9.0037005e-02  -1.1190300e-02   3.2309670e-01   5.0703766e-03  -2.1155082e-01   2.7434598e-01   2.0287186e-01  -3.6153304e-02  -1.7652496e-01   3.2488112e-01   2.4541661e-01  -1.1886080e-01  -4.1156253e-03   1.8943345e-01   5.0558315e-01   7.8734456e-01   1.1534112e-01  -6.6557723e-02   2.3006779e-01  -3.1759037e-02  -3.4124484e-01  -1.8429858e-01   1.4115746e-02  -1.6155857e-01  -1.8431462e-02   6.8539225e-01  -1.4448740e-01   3.2632224e-01   1.8396848e-01  -4.7037592e-01   1.2652400e-01  -2.5086222e-01   3.7449110e-01  -3.7407295e-01   6.7291024e-03  -1.9424448e-01   1.1190428e-01  -3.7138978e-01  -4.4039737e-01   3.4806134e-01  -1.7067450e-01   3.6296651e-01   6.2169841e-02   2.6229518e-01   1.3033968e-01  -1.0068798e-01   4.0610530e-01  -4.2752537e-01   5.0565666e-03  -4.5736232e-01  -5.7844446e-02   5.1132936e-02  -7.1330558e-02  -3.0503328e-01  -2.9999984e-01  -2.7368768e-01   6.3649342e-02  -3.4699214e-01   3.4063113e-01   1.4188881e-01   3.7997288e-01   4.3835487e-01  -4.6744594e-02   3.8454986e-01   2.3719593e-03   7.3512109e-02   2.2423179e-01   4.6002112e-02   5.5275570e-01   2.6247003e-01   4.5029296e-01  -8.6334386e-02  -2.5825809e-01   1.2945552e-01  -5.4449683e-01   6.4559440e-02  -1.8233890e-01   4.4477627e-01   3.2335908e-01  -1.5635222e-01  -4.0329790e-01  -5.4294371e-01  -1.9620594e-02  -2.5946856e-01   2.8452657e-01   3.5713471e-01  -3.5008030e-01   3.9701709e-02   1.5676118e-01  -1.3102982e-01   1.0081462e-02  -2.0043069e-01   1.9294590e-01  -1.5306353e-01   7.5572432e-02  -4.8325588e-01   1.2813923e-01   1.4319922e-01  -4.3070508e-01  -2.5161720e-01  -2.4766930e-01   1.8893085e-01   6.2252180e-01   4.2532120e-01   1.9106514e-01  -2.6482140e-01  -3.1923703e-02   1.5680953e-01   1.2487839e-02   3.1571080e-01   2.9041407e-01  -8.5827690e-03   2.3869072e-02  -2.1682642e-01  -2.9452351e-01  -1.3912517e-01  -1.1402638e-01   1.1956579e-02   5.1956841e-01  -6.0204092e-02   6.7968806e-02   1.4791849e-01   1.8590922e-01   6.6175922e-02  -5.7819815e-01  -2.1933423e-02   3.8281258e-01  -1.0404643e-02  -1.1075093e-01  -5.3340581e-01  -3.5280440e-01   1.7744246e-01   5.6202900e-01  -2.7543347e-02   2.6039450e-02   1.7884374e-01
  -3.7465097e-01   3.4082004e-02  -2.2689748e-01  -4.5473692e-02  -2.1150101e-01   4.4831431e-01   0.0000000e+00  -2.1029876e-01  -5.4424368e-02   2.6566138e-01   1.0528018e-01   4.3058548e-01  -2.9766160e-01   2.2188442e-02   3.5879792e-01  -1.5084935e-01  -3.0462064e-01   1.6359879e-01   3.3411282e-02  -1.6492165e-01   3.7571369e-01  -2.1746463e-01   4.8437274e-01  -2.2144432e-01  -1.4556787e-01  -2.5393113e-01  -8.8368340e-02   2.6602798e-01   1.8213828e-01  -8.1779917e-03  -1.8663931e-02  -2.3571158e-01  -3.1272640e-01   8.5070024e-01   3.0720457e-01   1.0607523e-01   3.9087987e-01  -3.7556538e-01  -3.5451715e-01   5.2882476e-03  -3.7491080e-01  -4.1198720e-01   4.8806413e-01  -2.0590448e-01   3.3353472e-01  -3.8142289e-01  -4.7190183e-02   6.2669436e-01   2.3676968e-01  -2.5447311e-01   2.1475574e-01  -2.4313332e-01   4.1899944e-01  -4.3119740e-01  -1.2680902e-01   3.8220817e-02   1.3090554e-01  -1.8775719e-01  -2.5346761e-01   1.6900564e-01  -3.2573001e-01   2.1031149e-01   1.1216422e-01   4.2572241e-03  -3.3646769e-02   1.9969817e-01   2.1447315e-01  -6.8773474e-03  -1.4474167e-01  -1.5139682e-01   3.6840772e-02   1.8230633e-01  -1.2152200e-01   1.5448267e-01  -3.4084672e-01  -1.9127993e-01  -4.0237776e-01  -1.4894985e-01  -2.2835702e-01  -4.2339225e-01   1.5545069e-01   1.6066135e-02   1.3284698e-01  -2.1231176e-01  -1.9417778e-02  -2.1020039e-01   1.5902476e-01  -2.8892649e-02  -2.8372076e-01  -2.9440312e-01  -3.6772392e-01  -3.9481692e-01   4.3506837e-01   3.9057971e-02  -3.9331132e-01  -3.4106824e-01  -5.5325483e-02   4.8986809e-02  -1.3677200e-01   5.5967592e-01  -2.2318853e-02   4.7795448e-01   1.2521928e-01   9.8451221e-03   1.2378729e-01  -2.6867281e-01  -2.2559317e-01  -1.8159235e-01   4.1614514e-01   2.0134143e-01   4.2062568e-01   1.5350608e-01  -2.1830904e-01  -2.8835729e-01   9.0775070e-02  -1.6764444e-01  -1.6762023e-01  -1.0946307e-01  -4.9433935e-02   8.7878615e-02  -3.3651609e-01  -3.9144736e-01  -2.3033992e-01   1.3977689e-01  -3.1159654e-01   1.4571240e-02   4.1392556e-01  -3.0878144e-01  -2.5220602e-01  -1.6644308e-01  -9.8020625e-02   5.3090031e-01  -4.1102174e-01   3.2239903e-01   7.0569958e-02  -2.8304913e-01  -2.8355350e-01   1.4525927e-01  -2.4752274e-01  -3.0776867e-01  -3.9496184e-01  -2.9306218e-01  -1.5425119e-01   2.0098142e-01   6.0782898e-01   1.3540864e-01   2.9993780e-01   2.0976361e-02   1.9097090e-01   4.2605994e-01   1.1756752e-01   2.3046361e-02  -2.9929939e-01   1.7949138e-01  -1.2028233e-01  -2.1886658e-01  -2.9960513e-01  -3.1442709e-01  -2.7986862e-01   7.5394306e-02   4.5503110e-01  -2.3771351e-01   1.9739960e-01   5.6726748e-03  -2.0748589e-01  -2.2063871e-01   8.1108917e-02  -7.2789786e-02  -3.4245015e-01   2.3892257e-02  -3.7211078e-02  -2.8578083e-01   4.9740535e-02   1.0462134e-01  -9.7176377e-02  -2.4727692e-01  -1.3530935e-01
   1.4955479e-01  -1.0428945e-01  -1.1377262e-01   3.7057483e-01  -6.2862536e-02   1.6992794e-01  -2.1029876e-01   0.0000000e+00  -9.4106726e-02  -2.5247631e-01   2.4095896e-01  -3.0752641e-01   6.3014379e-02   9.6615179e-02   1.0919283e-01   2.3313920e-01  -1.1022697e-01   1.4089770e-01   1.6715669e-01  -7.0043412e-02  -1.9948979e-01   3.3985633e-01  -7.5959103e-02   1.5882306e-01  -1.5565290e-01   4.9050009e-01   4.0694311e-02  -1.6424086e-01  -5.7594787e-02   1.4008263e-01  -3.7148483e-02   4.7322692e-01   1.8522793e-01  -2.4920818e-01   4.4992121e-02  -7.9299755e-02  -1.1912322e-01   4.3531586e-02   1.8017790e-01  -3.3790871e-01  -3.8272131e-02   5.4645597e-02  -3.4370422e-01   2.5670764e-01  -6.8251582e-02   2.7613417e-01   1.6481039e-01  -1.6426135e-01  -7.4933281e-02  -1.6973956e-01   2.3709219e-01   6.6143961e-01  -3.5428630e-01   1.3893089e-01   3.0152464e-01   1.3961794e-01   2.5305524e-01   4.2064728e-01   2.7233547e-01   1.7236306e-01   3.9207225e-01  -6.9777958e-02  -9.6275057e-02  -8.6500973e-02  -3.2485494e-02  -4.7734984e-02   1.0252895e-01  -1.9066521e-01   4.6911215e-01  -5.4503196e-02  -2.5600502e-01   6.7811972e-02  -1.5315165e-01   1.2940836e-03   6.4732217e-02   3.0027740e-01   3.8609839e-01   3.3557541e-01  -4.9408938e-02  -3.6199343e-02  -1.7357505e-02  -1.5666621e-01  -1.4395523e-01   5.4790185e-01  -1.2517532e-01   3.4983180e-01  -6.6236128e-02   1.4161048e-01   6.1833325e-02   2.3316895e-01  -5.3796291e-02   2.3116987e-01  -5.1027648e-01   1.7051019e-02   3.2977733e-01  -9.7669759e-03   5.1577845e-02   2.0616021e-01  -1.0828886e-01  -2.4101546e-02  -2.3820531e-01   1.0470522e-01   1.3054167e-01  -1.0641908e-02   4.6819466e-01   4.2741291e-01  -3.3324679e-02   4.7589183e-01  -2.7402301e-03   7.0041878e-02  -3.9409159e-01   4.3137816e-01   9.6427602e-02   1.0838950e-01  -2.4400841e-01  -1.2691194e-01   2.6093041e-01  -1.0462448e-01  -7.7526820e-02   4.0240116e-01   3.3230442e-01  -5.4741345e-02  -1.4075816e-01  -2.3887205e-02   3.2280989e-01   2.0855239e-01   1.1885107e-01  -1.2660309e-01   3.4516808e-01  -1.4759657e-01  -2.2978469e-02  -3.4785290e-01   1.4773192e-01  -2.9496983e-01  -1.1953653e-01   5.4068894e-01  -3.1761096e-02  -2.2962554e-01   6.0792327e-01   1.6509185e-01   7.3555134e-02  -1.1115063e-02   5.0972292e-01  -1.2534701e-01  -1.8769689e-01   9.3394441e-02  -4.1387013e-01   7.3496672e-03  -2.8458502e-02  -2.6436182e-01  -1.1984469e-01   1.3832590e-01   1.9497123e-01  -8.8149827e-02  -2.9584447e-01   1.1989879e-01   3.8230078e-01   2.3490100e-01   3.5244174e-01   2.4525748e-01  -1.1273316e-01   3.9520863e-01  -9.6622849e-02   2.3440202e-01   4.4259641e-01  -2.0776225e-01   5.9599342e-02   8.9850425e-02   2.3939717e-01  -2.3991623e-01  -1.7144446e-01  -2.8586529e-02   1.6751245e-01  -1.1704179e-01   3.6852786e-02  -4.0025327e-03   4.0222539e-01
  -5.0184456e-02   7.9148579e-01   1.9213376e-01  -2.8014210e-01   3.1961313e-01  -3.3461939e-01  -5.4424368e-02  -9.4106726e-02   0.0000000e+00  -2.3496328e-01  -1.9045697e-01   3.4676774e-01   3.0893202e-02  -3.2834320e-01  -1.6334149e-01  -2.4514093e-01   2.6518612e-01  -2.2517204e-01  -2.3080531e-02   1.5805884e-01  -2.0870363e-01  -2.3339234e-01  -2.3269570e-01  -2.5300614e-01   1.6792497e-01  -2.9071002e-01   1.9634258e-01  -3.6876846e-01   5.6428378e-02   3.8135778e-01   2.1820781e-01  -1.4212852e-01  -2.3422357e-01  -2.3317605e-02   1.7319972e-01  -4.6401451e-02  -5.3499974e-02   3.5795195e-02  -9.8093474e-02   2.1658297e-01  -5.4068482e-03  -1.6803666e-01   2.9517072e-01  -5.3385517e-01   2.3647637e-01   1.9986197e-01  -1.1547346e-01   2.1421398e-01  -4.7058450e-02   1.9904292e-01  -1.6907771e-01  -1.8083029e-01   2.1363455e-01  -1.1481154e-01  -1.1675767e-01  -5.5978090e-01  -4.1614263e-01  -3.1122784e-01   8.1171161e-02   1.6831684e-01   1.0283080e-01   1.5248097e-01   6.4777633e-01   2.3461754e-01   6.0375123e-01   1.4715200e-01  -1.7664159e-01   1.3917102e-01  -2.1993010e-01   9.1020524e-03   4.2597620e-01   1.4116976e-01   2.4097627e-01  -3.0204258e-01  -1.1340464e-01   9.7118001e-02   1.2376846e-01  -2.4599921e-01   5.3938637e-01   9.3390564e-02  -4.3214519e-01   1.7504778e-01  -4.3331772e-01  -1.5277285e-01  -3.5089800e-01  -6.2253082e-02   1.1696233e-01  -4.1292786e-01   4.1522317e-01  -2.0772230e-01   3.7957955e-01   4.2974696e-02  -1.0445408e-02   5.2234821e-01   5.1174093e-02   1.9878766e-01   1.9047881e-02   2.5366265e-01   3.1905005e-01  -2.9213216e-01  -3.3704887e-01  -2.3753950e-01  -4.0049942e-01   7.7715337e-01  -1.9701539e-01  -3.8317623e-02  -2.3350237e-01  -1.0082941e-01  -1.5590455e-01  -2.8022778e-01  -2.5220222e-01  -2.9472459e-01   1.4113024e-01   1.0320276e-01  -3.4844655e-01   6.3839210e-01  -1.7843345e-01   4.6507193e-02  -4.4480741e-01  -1.9795324e-01  -4.2773511e-02   3.1588240e-01   1.8992321e-01   5.3223168e-01   1.6496346e-01  -3.2164369e-01  -1.4372805e-01   1.4011759e-01  -9.4128386e-02   1.5459995e-01   4.6488417e-02   1.1584195e-01   1.7016443e-01   1.1433130e-01   4.5242887e-01   7.1594778e-02   6.6289004e-02  -1.9778216e-01  -9.3964564e-02   1.2717765e-01  -3.0672153e-02   4.5277013e-03  -2.2174506e-01  -3.8259245e-01  -1.6582431e-01  -2.6677938e-01   1.0831410e-01   3.9169006e-01  -9.4422106e-02   1.7433365e-01  -4.0044701e-01  -4.4372123e-01  -9.5521013e-02   2.7427526e-01   3.9012405e-01   1.5087936e-02   6.6176400e-02  -1.6103960e-01   3.6533773e-02  -4.5205341e-01   3.7406016e-01   1.7470470e-02  -1.2091626e-01  -1.8336390e-01  -2.0671044e-02   4.5792971e-01   1.6043757e-01  -4.2998344e-01  -2.3710312e-01   4.0756439e-02   5.8503787e-01  -1.2534425e-01   1.6780607e-01  -2.5827818e-01  -7.4272214e-02  -6.5168674e-02  -1.6874614e-01
  -2.0517855e-01  -1.6883555e-01   2.7142733e-01  -3.3066776e-01  -3.0540394e-02   1.6456025e-01   2.6566138e-01  -2.5247631e-01  -2.3496328e-01   0.0000000e+00  -5.4838537e-02   3.5160397e-01  -1.0017722e-01  -7.6310769e-02  -8.1197750e-02   1.5569882e-01   4.5004839e-02   1.5885517e-01   2.1257007e-03   2.6096477e-01   2.4388514e-01  -4.3455473e-01   2.1610822e-01  -1.6195194e-01  -8.0830628e-02  -6.1834699e-02  -1.0203216e-01   2.6760816e-01  -6.9488719e-02  -3.3008479e-01  -2.0982477e-02  -1.2254055e-01  -1.0434319e-01   4.0728051e-01  -1.3986976e-01   2.4424763e-01   2.2135450e-01  -1.9833812e-01   1.3410742e-03   2.1102197e-01   1.6120546e-02   5.2825742e-02   3.3692182e-01   5.4798965e-03  -9.2025668e-02  -1.9179982e-01  -4.5868529e-02  -5.6318207e-03  -1.5380267e-01   1.4435632e-01   1.0899102e-01  -1.1389265e-01   2.1514839e-01   1.7374944e-02  -1.4440025e-01   7.4584239e-02  -3.1213674e-02  -6.0421047e-02  -7.5388651e-02  -2.0362367e-01  -2.7923683e-01   3.0884787e-02  -7.5065346e-02   1.3852411e-01  -4.1443985e-01   1.7526938e-01   9.5996751e-02  -7.2124100e-02  -2.3396645e-01   3.5666276e-01   8.7645720e-02  -2.7249283e-01   1.4086038e-01   8.3171262e-02   2.1296566e-02  -1.7233350e-01  -2.7555791e-01  -2.0083948e-01  -3.0435997e-01  -1.5289962e-01   1.3393446e-01   1.6356322e-01   3.1778531e-01  -2.5688951e-01   1.4250879e-01  -3.7032719e-02  -6.8770773e-02  -2.1149483e-02  -2.7476412e-01  -4.4122750e-02  -2.5419531e-01  -4.6961377e-02   7.1720828e-01  -1.4309275e-01  -2.6551508e-01   6.1764629e-02  -1.5378375e-01  -6.2731094e-02   7.3152854e-02   3.4370507e-01   4.0377464e-01   1.8595741e-01  -7.1555315e-02  -2.3903399e-01  -3.2958697e-02  -2.8965001e-01   5.3349450e-02  -1.0051866e-01  -5.2150825e-02   3.5994406e-02   7.7495611e-01  -1.7692650e-01  -4.1360003e-01  -1.0382718e-01   5.3328103e-01  -2.8720240e-01  -1.0628468e-01   2.4503715e-01   2.4896312e-01  -1.3758629e-01  -2.1169977e-01  -2.4636370e-01   3.0172940e-02  -3.0474691e-01  -2.5526299e-01  -2.9431825e-02  -1.3044943e-01  -1.4963189e-01  -1.5113861e-01   1.9247529e-01   5.2527861e-02   1.9663208e-01  -1.0663780e-01   6.4141831e-02   9.2826854e-02  -1.8427722e-01  -6.6828767e-02   2.8531491e-01  -9.6766748e-02  -2.4412379e-01  -2.8775512e-01  -2.1421778e-02  -1.0568163e-01   2.5141371e-01   1.6750354e-01   1.2791531e-01   5.0159835e-01  -1.8795086e-01   4.0970365e-01   5.9804194e-02   4.0015036e-01  -2.5577361e-02  -1.2198004e-01  -1.0357663e-01   1.0935841e-01  -1.8838380e-01  -1.8165078e-01   9.1875260e-02  -1.8215518e-01  -7.8966053e-02  -8.3924077e-02  -1.6661155e-01   3.3509106e-01  -2.9581108e-01  -1.4660299e-01  -1.9536604e-01  -2.2999857e-01   1.7219744e-01  -5.6213940e-02   3.1457745e-01  -1.2812989e-01  -1.7243599e-01  -2.3441077e-01   1.6617984e-01  -1.1715595e-01   1.3039582e-01  -2.4057699e-01
  -2.3491968e-01  -9.1930024e-02  -3.8995706e-01   1.6859032e-01   2.7505080e-01   2.6558745e-01   1.0528018e-01   2.4095896e-01  -1.9045697e-01  -5.4838537e-02   0.0000000e+00  -3.4610626e-01  -3.2093797e-01  -2.3676054e-01   1.2008897e-01   3.8924643e-02  -2.1652181e-01   8.5133108e-01   3.9569120e-02   1.5747546e-01   3.7371269e-01  -2.1327118e-02   1.2765497e-02  -8.1859500e-02  -2.5940320e-01   2.1259006e-01   2.6170339e-01  -2.4857848e-01   1.1446513e-01   1.2858698e-01   1.3527477e-01   2.1112308e-01  -1.3937879e-01   1.0973198e-01   3.5592147e-02   5.3858439e-01   1.1990253e-01  -9.2204975e-02  -1.0086231e-01  -2.9869834e-01  -4.1183095e-02  -2.9751904e-01  -2.4130224e-01   1.4359480e-01   3.6702724e-01   1.0072791e-01   6.6279553e-01   1.8836150e-01  -5.3050729e-02  -2.3400637e-01   7.6945927e-01   2.3413552e-01   2.1234619e-01  -3.7242443e-01   7.6935745e-02   1.1974013e-01   1.7442635e-01   2.1545011e-01   2.7255072e-01   2.0580477e-01   2.4881640e-01   2.6819394e-02   3.0888733e-03   3.4009467e-01   3.0568570e-01   4.2570869e-01   1.3348095e-01  -1.6153469e-01   4.7518017e-01  -9.1091982e-02  -2.1190686e-01   2.8076596e-01  -1.1912365e-01  -2.0372608e-01  -4.1762349e-01   1.6556723e-01   2.1427005e-01   1.8629274e-01  -1.4522061e-01  -3.8258727e-01  -2.3935525e-01   1.9280964e-03   1.4840063e-01   2.2107565e-01  -2.0276401e-01   1.9044842e-01  -2.0299326e-01  -1.9533383e-01  -2.2721928e-01  -2.2674314e-01  -9.5512995e-02   1.7857683e-02  -2.6176938e-01   2.3703927e-01   9.5995084e-02  -1.6101157e-02  -2.7273643e-01   4.8290911e-03   4.9337928e-02   2.8601903e-01  -2.3228626e-01   4.3771729e-01  -5.3649899e-02   3.2817897e-02   4.0555395e-01   1.6701248e-01  -2.1056514e-01   1.7144382e-01  -1.7625004e-02   5.5492285e-01  -9.1380286e-02   2.3388655e-01   5.7826160e-02  -3.7147413e-01  -2.9570223e-01  -1.8154175e-01  -1.7140158e-02  -7.8651645e-02   3.4264527e-02   1.5223858e-01   7.8867263e-02  -5.1880960e-02  -3.4800382e-01   4.7325495e-01   1.5051176e-01  -3.9720044e-02   4.3776385e-01  -3.5103391e-01   1.5831581e-01  -8.5027370e-02  -4.3993023e-02   3.3320723e-01  -1.8900370e-01   7.7818668e-02  -1.5088128e-01   1.6735962e-01  -4.0030793e-01  -1.6763114e-01   2.3538459e-01   1.9486499e-03  -1.3062786e-01  -2.3540123e-01   5.2457886e-01   5.0136524e-02   2.0719494e-03   3.5861358e-01  -4.6932504e-01   4.6047389e-01   5.0555252e-01   5.0380628e-02  -2.5846522e-01   2.1249829e-02  -1.6789557e-01   5.5170194e-01  -4.3148520e-01  -6.5804283e-02   2.1255852e-01   3.9708589e-02   1.5752248e-01  -8.2899222e-02   1.1298548e-01   5.0772680e-01   5.5395366e-01   3.6611987e-01   2.5102647e-01  -3.0198939e-01   3.5949207e-01   6.3749243e-02   1.0858965e-02   7.9391635e-02  -1.6171181e-01  -7.3618553e-03   4.2095547e-01   4.4208505e-02  -7.0388487e-02  -4.9712324e-02   2.7343689e-01
  -1.9464041e-01   4.7765978e-01   4.7354858e-01  -3.5035485e-01   1.6250842e-01  -7.2626218e-03   4.3058548e-01  -3.0752641e-01   3.4676774e-01   3.5160397e-01  -3.4610626e-01   0.0000000e+00  -1.3586812e-01  -1.7133859e-01   1.1832234e-01   9.2929538e-05   3.0747396e-01  -2.1719410e-01  -5.9968250e-02   2.0904700e-01  -5.6832712e-02  -4.0743225e-01  -1.0012558e-01  -3.1851295e-01  -2.6470611e-02  -2.5068010e-01   8.4403687e-02  -5.1004972e-04   8.5117462e-02  -9.4483141e-02  -1.0026869e-03  -3.2901148e-01  -1.6688357e-01   4.1617626e-01   3.4659063e-01   5.3308009e-02   9.2589422e-02  -3.6086599e-02  -2.1691250e-02   2.7365507e-01  -9.6251479e-02   1.1120220e-02   6.4444246e-01  -3.2436341e-01   2.6272871e-01   3.2369968e-02  -1.7359521e-01   3.3197824e-01   3.2676370e-02   2.8567503e-01  -2.2960272e-01  -2.8142357e-01   2.9268533e-01   3.0957586e-02  -2.5591972e-01  -3.3652167e-01  -2.9558739e-01  -3.8833994e-01  -1.0982472e-01   1.4921224e-01  -1.1919314e-01   1.6948534e-01   4.6319092e-01  -4.2793580e-02   5.6702202e-02   2.0292317e-01   8.7708584e-02   1.8603528e-02  -2.9099691e-01   1.9675555e-01   3.0854705e-01  -7.0136375e-02   1.9368095e-01  -6.4089742e-02   1.1829457e-02  -2.9228233e-01  -9.6357901e-02  -2.4548211e-01   1.9608346e-01   4.9431328e-02  -1.9638823e-01   2.5596320e-01  -3.4672315e-02  -2.9706354e-01  -2.2736746e-04  -3.1029154e-01   9.0358110e-03  -2.5952602e-01   1.0632185e-01  -2.1803218e-01   5.5694560e-02   1.2142634e-01   5.0329579e-01   1.9582911e-01  -1.2083665e-01   1.7865347e-01   2.4339354e-02   5.2606685e-02   1.7592613e-01   1.4427842e-03  -6.2312426e-02   5.9282375e-02  -1.8299770e-01   3.1730003e-01  -3.1087348e-01  -2.8364228e-01  -2.7696313e-02  -1.8302971e-01   1.2758510e-02  -1.3408470e-01   3.0206278e-01  -2.6183243e-01  -2.1153725e-01  -2.2612073e-02   4.2337779e-03   2.2946269e-01  -2.0620940e-01   7.8972702e-02  -1.0149997e-01  -2.2924354e-01  -9.7019256e-02   9.3546587e-02   2.3781880e-01   8.6657050e-03  -8.0665563e-02  -1.7427583e-01  -2.5152318e-02   6.0889492e-02  -3.2167985e-01   2.3347166e-01   1.1719668e-01   2.0776386e-01   9.6057542e-03   8.4290594e-02   4.5087037e-01  -3.7487189e-01   6.6810963e-02  -4.7600966e-02  -2.8698611e-01  -1.2477260e-01  -1.9289784e-01  -6.2257285e-02  -4.5286339e-01  -3.0668301e-04   1.6133959e-01  -2.4959606e-01   4.4655892e-01   1.2666130e-01   6.0283725e-02   1.3622697e-01   3.3575577e-02  -2.4708088e-01  -6.9832339e-02  -3.0361408e-03   4.7255431e-01  -3.9364297e-02  -1.0552168e-01  -1.8209038e-01   4.0051949e-02  -3.2486498e-01   3.0444796e-01  -4.3377269e-01   5.5833627e-02  -3.4050457e-01  -1.9787308e-01   2.6395894e-01  -3.6962516e-02  -2.9402150e-01  -2.1078417e-01   2.4621930e-01   3.8251281e-01  -1.1982706e-01  -1.7335033e-01   1.0909978e-01  -1.0551711e-01  -6.1756186e-02  -3.6740460e-01
   1.5902297e-01  -2.7423065e-02   9.4028958e-02  -1.4156706e-03  -5.8219795e-02  -4.1993899e-01  -2.9766160e-01   6.3014379e-02   3.0893202e-02  -1.0017722e-01  -3.2093797e-01  -1.3586812e-01   0.0000000e+00  -9.9835179e-02  -3.0011053e-01  -3.5394080e-02   8.8967562e-02  -4.0339327e-01  -3.5172914e-01  -2.2201484e-02  -2.2183887e-01   4.4310811e-02  -7.3354042e-02   1.0946070e-01   2.8133404e-01  -1.5041814e-01  -1.7409108e-01  -1.0917195e-01   3.6683499e-03  -3.8426220e-02  -1.4471067e-01   7.1326243e-02   1.4651170e-01  -3.1224320e-01  -1.5857486e-01  -2.3964132e-01  -1.1206455e-01   2.9644520e-01   1.8745285e-01   1.2461292e-01   5.7342469e-01   1.6178887e-01  -1.0752662e-01  -2.1345496e-01  -1.9178388e-01   1.4045971e-01  -3.0124017e-01  -2.2039793e-01   1.1421931e-01   8.7644989e-02  -2.6964711e-01  -2.8893259e-02  -1.3400132e-01   1.0400576e-01  -7.0044060e-02  -1.6949068e-01  -3.7000347e-01   7.6196515e-02   1.1441036e-02  -1.4645215e-01   6.5721078e-02   2.7475879e-01  -7.6551334e-02  -1.1806563e-01  -1.2438846e-01  -2.1268736e-01  -2.3597971e-01   1.8924775e-01  -1.3222257e-01  -1.2435329e-01   1.4087394e-01  -7.2371233e-02   1.7923378e-01  -1.8398780e-01   4.3059320e-01   2.0992596e-02   9.5164670e-02  -1.1761094e-01   7.1585075e-02   5.9592599e-01  -8.7876882e-02   1.7633749e-01  -2.4041903e-01   1.0133693e-01  -1.6883114e-01  -1.0393811e-02   1.7417247e-01  -9.4334755e-02   2.7058913e-01   5.9643933e-02   2.2424425e-01   1.3624845e-01  -8.5260125e-02  -1.2629040e-01   2.2673528e-01   1.9758098e-01   4.0313862e-01  -2.2303803e-02   1.1785318e-01  -1.7390336e-01  -1.2197992e-01  -3.1636453e-01  -1.3199679e-01  -1.4219184e-01  -1.1112449e-01   1.5661776e-01  -2.8960723e-02  -5.0227787e-02   1.1761037e-01  -4.0247273e-01  -1.4672529e-01  -1.1091941e-01   1.8146056e-01   9.6230778e-02  -2.4475779e-02   1.6378298e-01  -6.0995769e-03   4.5403636e-01  -2.5290867e-01  -6.4044936e-02  -5.7674955e-03   1.3051008e-01   2.1993924e-01  -2.3298830e-01   1.6417404e-01  -9.8927910e-02  -2.3283061e-01   2.2694343e-01   1.0985727e-02  -1.1028941e-01   3.9423855e-01  -2.1417697e-01   6.8845247e-02  -1.7504187e-01   8.4742423e-02   2.1271897e-02   3.7251444e-01  -8.7444985e-03   1.8260855e-02   2.3873234e-01   2.6769280e-02   5.9075059e-01  -4.6036667e-02  -3.2000722e-01  -2.2295737e-01  -1.1651053e-01   1.4822563e-01  -2.3689026e-01  -2.3070224e-01  -8.2484400e-02  -1.7868747e-01  -4.1724883e-02   4.5620819e-02  -2.7682531e-01   8.3975349e-02   7.4074786e-02  -3.7750169e-03   2.4091157e-01   9.5873206e-02  -9.0532441e-02  -3.2278121e-02  -1.9529626e-01  -2.6284661e-01  -9.8505184e-02   4.3534550e-03   2.0275343e-01  -1.6622218e-01  -1.7989216e-01  -4.6788191e-02  -2.0299066e-02   1.5244999e-01   6.1850359e-02  -1.3299752e-01  -3.2625863e-01  -2.2416896e-02  -3.8287607e-02  -4.8829681e-02
   1.8558663e-01  -4.1872869e-01  -4.5809573e-02   2.5049018e-01  -4.8067229e-01   2.9823194e-01   2.2188442e-02   9.6615179e-02  -3.2834320e-01  -7.6310769e-02  -2.3676054e-01  -1.7133859e-01  -9.9835179e-02   0.0000000e+00   4.7320515e-01   1.6068602e-01  -1.5666537e-01  -9.5981727e-02   5.3381781e-02  -4.1343489e-01  -4.6696606e-02   4.2593980e-01   1.8971450e-01   5.5643673e-01   1.0518727e-01   1.0748816e-01  -3.7436582e-01   5.7674010e-01   6.6020104e-02  -2.9940925e-02   1.8670392e-01   4.9571105e-02   2.4322547e-01   3.8275704e-02   1.4292563e-01  -3.4221243e-01  -1.0087711e-01  -3.2247082e-01   1.3590638e-01  -3.2483223e-01  -1.2508119e-01   3.9149343e-02  -2.8944821e-02   6.1685332e-01  -3.4656642e-01  -3.9358329e-01  -2.1894587e-01  -1.4581023e-01   7.6174964e-02  -3.5177012e-01  -1.8980506e-01   3.6896284e-02  -3.0685049e-01   3.3349755e-01   5.3962863e-01   6.8136012e-01   5.3452574e-01   8.0469266e-02  -3.1352101e-02  -4.8793005e-02  -1.6361247e-01  -3.3306417e-01  -3.8941223e-01  -1.1826749e-01  -3.7410146e-01  -3.7739843e-01   2.4586511e-01  -4.8197346e-02  -3.0126956e-02  -9.9183046e-02  -5.2287633e-01  -5.2614384e-02  -2.3116094e-01   6.6295780e-01   1.7025516e-01   9.6019147e-02  -2.2154253e-01   1.1547631e-01  -2.7244006e-01  -3.1052730e-02   6.5940159e-01  -2.8300925e-01   3.9063006e-01   6.7066891e-03   4.3969090e-01   1.2643968e-01   1.5295689e-01   8.3259402e-01  -3.8407683e-01   4.0261798e-01  -3.7739279e-01  -1.6398284e-01  -3.4744574e-02  -2.0237557e-01  -2.8234521e-01  -4.2039997e-01   5.7111860e-02  -9.7739886e-02  -3.2844831e-01  -8.0466598e-02   4.5416669e-01   1.0774231e-01   7.1690664e-01  -2.0527677e-01   1.9151436e-02   5.4228289e-02   3.3865372e-01  -2.1403108e-02  -3.4433587e-02   1.0407268e-01   1.6067009e-01   2.2905948e-01  -1.9460145e-02   4.0109876e-02   4.1788032e-01  -5.1393272e-01   4.0549452e-01  -1.8373263e-01   5.1315320e-01   2.4251215e-01  -1.9322361e-02  -2.5005355e-01  -2.5690387e-01  -3.1039097e-01  -3.9283466e-01   6.4764453e-01   3.1937314e-02  -1.4301678e-01   4.3331073e-02  -1.0075058e-01  -1.7815274e-01  -2.9577727e-01   3.8266341e-02   3.0713990e-02  -2.1914617e-01   4.0781367e-02   4.9676778e-02   3.3583575e-01   3.4042835e-02  -2.2456383e-01   2.0957378e-01  -1.2254285e-01  -7.9970461e-02   4.5994212e-01   3.2404110e-01   2.2723846e-01  -2.4805398e-01  -4.2763478e-01  -2.9944708e-01  -1.4044448e-01   4.9897698e-01   5.9065927e-01   2.5374640e-01  -3.1334640e-01  -1.9728034e-01  -2.6537892e-02  -1.4719761e-01   1.2126256e-01  -3.4778383e-02   6.6974749e-01  -2.4148382e-01  -2.1559810e-01  -2.8316684e-01   9.3440906e-02  -9.0510512e-02  -2.8915531e-01  -2.1991594e-01   5.2030995e-01   1.9222275e-01  -2.6385130e-01  -4.4332536e-01  -1.8840570e-01  -2.6380030e-02   3.1602228e-01   1.7425078e-01   6.2531526e-02   6.2942884e-02
