   0.0000000e+00  -1.7180538e-01  -1.2324971e-01  -9.7030734e-02  -1.7182599e-01   9.8914362e-02  -1.3643612e-01   1.2557488e-01  -1.7737271e-02  -7.9240414e-02  -1.9550027e-01  -1.1707611e-01  -1.6342301e-01   2.3333473e-01  -8.8631296e-02  -6.3584500e-02  -6.9283095e-02  -2.9109952e-01   2.2432504e-01  -2.0266753e-01  -1.5335544e-01  -2.9473000e-02  -8.7056300e-02   4.9012716e-01  -6.4092723e-02   2.1411235e-01   2.1013836e-02   1.3342678e-01  -1.1578565e-01  -4.5380735e-02  -1.7948561e-01  -5.0547925e-02   3.9263495e-03  -1.7614065e-01   1.9897501e-02  -1.3903073e-01   7.9701480e-02   6.7004994e-02  -4.9824662e-02  -2.4545714e-02  -2.2716826e-01   3.3938600e-02  -1.5135338e-01   2.4128908e-01  -2.9594276e-01   2.8959129e-01  -6.8263554e-02  -1.8450008e-01   4.5351452e-02  -4.2021043e-02  -1.9351645e-01   1.2296581e-01  -2.8905466e-01   5.8773030e-02   2.2439283e-01   9.6470877e-02   1.0707415e-01  -6.2691349e-02  -2.3532644e-02  -4.3639521e-02   1.4806549e-02  -1.4992046e-01  -8.4755446e-04  -2.4952203e-02   3.9960826e-02   4.6601260e-02   1.4801832e-01  -1.5831521e-01  -9.5685598e-02   8.4796541e-02  -1.1812679e-01  -1.8362403e-01  -1.7763232e-01   3.6571287e-01   1.1812756e-01   4.3848673e-02   9.0648385e-02  -9.1241482e-02  -1.7252293e-01  -2.6283487e-02  -7.2548321e-02  -5.4733824e-02  -6.0794292e-02   2.8316734e-01   2.3489662e-01  -3.9892295e-02   1.5329552e-02   1.5375911e-01   3.5018945e-02   4.3210529e-01   2.5666237e-02   6.3706800e-02  -1.2562042e-01   8.7663622e-03   1.3341487e-01   4.4924147e-02   5.7918778e-02   2.4852203e-01  -1.8555279e-01  -1.0298938e-01  -1.7447853e-01  -1.3056027e-01  -1.0394728e-01   6.4181701e-02   5.1205487e-02  -9.3950087e-02   4.4769799e-02   1.2151523e-01  -1.2798843e-01  -3.0650887e-01  -2.3184022e-02  -2.0141428e-02   1.4773972e-02   6.2562648e-01   9.8269338e-03  -1.1042601e-01  -2.7782724e-02  -1.2497675e-01   9.7436851e-02  -8.7626739e-02   3.0690426e-01  -8.4588330e-02   1.5303941e-01   6.8816934e-02   2.3195002e-01   1.6256516e-01  -6.5709423e-02   1.6431003e-01  -7.1638738e-02  -6.8583413e-02  -1.8010737e-01  -2.5354271e-01   3.0902619e-01  -2.7607072e-01  -1.5719814e-01   4.6845076e-02   9.9041267e-03  -9.4492647e-02   5.8764278e-03   2.4249539e-01   5.3004839e-01  -7.1129682e-02  -1.8544907e-01   7.2072592e-03  -2.0230025e-01  -2.1143812e-01  -8.5527599e-02  -6.7714645e-02  -7.0001595e-02  -1.1941041e-03   1.1421165e-01  -1.2260046e-01   1.0741971e-01   2.1484415e-02  -9.8831728e-02   1.6845848e-01   1.9156798e-01  -7.1688033e-02   5.7884160e-02  -2.1208757e-02  -6.7118139e-02  -1.4593269e-01  -2.8706214e-01  -2.2936078e-01   2.0225324e-02  -1.5987484e-01  -1.3478512e-01   1.8360176e-01   3.5823472e-01  -1.4044261e-01  -9.8061929e-02   1.0090534e-01  -2.2481721e-01   1.7786510e-01  -4.4887467e-02  -1.5855081e-01   9.4777623e-02
  -1.7180538e-01   0.0000000e+00   3.0925694e-01  -1.8196233e-01   3.2113176e-01  -7.6823957e-02   7.8292646e-02   7.7531742e-04   2.8641882e-01  -1.6819538e-01  -1.5513739e-01   4.3005848e-01  -6.1726981e-02  -1.4132861e-01  -2.7251862e-01  -1.5406810e-01   3.4802368e-01  -2.0280829e-01   1.4119640e-01   8.4082173e-02  -1.8961877e-01  -9.6040897e-02  -8.3324540e-02  -1.7342570e-01   8.4548160e-02   2.9070256e-02   2.0829230e-02  -1.8683121e-01   1.6914193e-01   1.5622800e-01   1.5837171e-01  -1.4402213e-01   5.4590558e-03   7.1308196e-02   1.2793356e-01  -1.0487669e-01  -1.9884391e-02  -1.7249140e-01  -2.0201658e-01   2.4324375e-01   1.3544846e-02   8.8526504e-03   1.5738789e-01  -1.5755721e-01  -4.9692359e-02  -1.6987151e-01  -2.9184611e-01   2.6078813e-01   3.1109575e-01   2.2109455e-01  -2.2796073e-01   7.2393679e-02   4.6531094e-01   1.9954230e-01  -1.4418608e-01  -2.7644744e-01  -1.1606749e-01  -4.3290717e-02  -2.3445874e-01  -4.1578669e-02  -2.1821152e-01  -1.3844851e-02   5.5789243e-01   3.7489348e-02   3.0011794e-02  -2.0408172e-01  -4.2997048e-02   2.6487338e-01  -1.3860031e-01   1.0447166e-01   4.9690904e-01  -1.7586800e-01  -1.9471730e-02  -1.3073427e-01   1.9952072e-01  -6.0697502e-02  -1.1588686e-01   1.7723592e-01   5.0878806e-01   9.9606092e-02  -1.2583331e-01  -1.3632123e-01  -1.6176334e-02  -1.3473847e-01   2.8890081e-01  -4.8413214e-02   5.3658884e-02  -1.6220239e-02   4.1981211e-01  -8.5876073e-02   3.1756812e-01  -7.4435715e-02   1.7295662e-01  -4.9084047e-02  -1.2240876e-01   1.6406370e-03   1.9251367e-02  -5.6086399e-02   1.4205483e-01   1.5867804e-01   2.2634782e-01  -2.7725919e-01  -2.2884452e-01   1.4799989e-01  -2.1009498e-01   7.3591801e-03   1.5135948e-01  -1.5739045e-01  -8.7810869e-02  -3.0713421e-02  -2.3952977e-01  -2.1721247e-01   3.8877594e-02  -1.3773741e-01   1.0230602e-01   3.9564276e-01   7.5601019e-02   6.4651345e-02  -5.0505872e-02  -2.4728941e-01  -1.8910882e-01   1.9453899e-01   2.6776913e-01   7.3008831e-03  -2.4918520e-01  -1.4466106e-01  -1.5766155e-01   1.4524077e-01  -1.0858360e-01   2.7444357e-01  -1.8892154e-02  -7.7706200e-02   1.2483172e-01   7.1429425e-02   1.6611573e-01   7.0848006e-02   4.6084810e-02   2.4231592e-01  -1.3621113e-01  -1.6315900e-01  -2.8376995e-01  -1.4037721e-01   6.1405466e-02  -3.8793526e-02  -7.8833235e-02  -2.2510935e-01   4.3935398e-01  -9.8754224e-02  -1.9687606e-01   1.6323268e-01   3.4796466e-02  -6.2789337e-02   4.5084658e-02   1.7506964e-02   3.9880073e-01   1.9284429e-03  -1.4149322e-01  -1.4885100e-01  -4.2510842e-02  -3.2087789e-01   1.6609421e-01   3.5425738e-02   2.0629058e-01  -1.7532788e-01  -4.7447917e-02   1.9541097e-01  -1.3211187e-01  -2.3845946e-02  -2.9249205e-01   2.8034071e-01   2.9077566e-01  -2.3587506e-01  -1.6318227e-02  -3.6829538e-02   8.1273302e-03  -1.0200751e-02  -8.3775348e-02
  -1.2324971e-01   3.0925694e-01   0.0000000e+00  -1.7812146e-01   6.4130349e-02   4.5466716e-01  -2.1982828e-02  -2.6105388e-01   2.1346161e-03  -1.3218441e-01  -3.1860062e-01   5.4558548e-01   1.3549159e-01  -3.1209344e-01  -1.7447766e-01   1.9180443e-02   8.9920416e-01  -1.6028716e-01   9.3913357e-02   2.6708218e-01  -5.7754423e-01  -2.3572064e-01  -2.3024903e-01  -5.3210179e-03   1.6317115e-01  -9.2918028e-02   3.0324586e-01  -2.8485665e-01   1.3075850e-01   3.7891442e-02  -2.8316657e-01  -2.7738658e-01   9.6125721e-02  -2.4611857e-01   2.4466284e-02  -1.8987086e-01  -3.1157566e-01  -3.2277258e-01  -1.2619632e-01   6.9332511e-01   1.0081679e-03   1.8139851e-01   4.3176186e-02   4.0468014e-02  -1.2748184e-01   1.3294659e-01  -2.6235403e-01  -3.5477220e-01  -5.7366986e-02   7.6727304e-01  -1.6061416e-01  -2.5344974e-01  -2.4167705e-02   2.5387605e-01  -2.0338131e-01  -2.8260659e-01   2.2853338e-01  -2.7505158e-01  -9.0323342e-02  -2.4515515e-01  -4.3362770e-02   1.2369149e-01   3.7581686e-01  -2.2968653e-01  -2.2812234e-01  -1.3087174e-01   2.8663222e-01   2.6427833e-02   5.7525034e-02   6.4468304e-01   1.7195479e-01  -1.4489525e-01  -2.4584457e-01   1.1527518e-03   3.4643958e-01  -1.4662127e-01  -1.3552788e-02  -3.1618634e-02  -1.5057024e-02   2.1347220e-01  -1.9177290e-01  -6.6760931e-02  -3.0737843e-01  -2.1831605e-01   4.1803229e-01  -1.6328455e-01  -2.8626339e-01   2.1716024e-01   3.5330829e-01  -6.5721601e-02   1.2967809e-01   2.0768550e-01   1.9511964e-01  -1.2278341e-01  -1.6621793e-01   3.3378993e-01   1.4876132e-01  -1.0139249e-01   2.3326626e-01   1.1634781e-02  -7.2446620e-02  -4.3467097e-01  -2.3598731e-01  -1.6656423e-01  -3.9513410e-01  -1.6177362e-01   3.2131834e-01  -3.3334563e-02  -1.6653140e-01  -5.1146725e-01  -2.5634512e-01  -2.0428256e-01  -1.1422742e-02  -2.4053983e-02   2.0196351e-01  -5.0384807e-02  -4.2329645e-02  -1.1567766e-01   4.8598487e-02  -2.8897392e-01  -5.5572515e-02   3.0816966e-01   4.6476045e-01  -1.7874095e-01  -1.2964405e-01  -1.4625780e-02  -1.6981427e-01   2.0294750e-01  -1.9253279e-01   7.3908033e-01   1.4397462e-01  -5.3572234e-01  -8.7582357e-02  -3.6249084e-01   2.1503584e-01  -1.0750866e-01   2.3420322e-01  -4.0565620e-02  -2.5450569e-01  -2.5760555e-01   6.3960214e-02   1.5337552e-01  -1.4929675e-01   4.6666629e-01  -3.1885646e-01  -6.2099398e-01   5.9076876e-01  -2.3820799e-01  -1.2468757e-01  -2.4530517e-01   2.3712569e-01  -2.2092546e-01   1.6835525e-01  -2.3827198e-01   7.2012220e-01  -8.5142827e-02  -1.4734123e-01  -3.3088346e-01   1.2927090e-01  -2.3792571e-01   1.6247908e-01  -8.4759754e-02  -2.1868838e-01  -3.1808605e-01  -6.8060670e-02   1.3120531e-01  -2.6302042e-01   1.2640215e-01  -2.1725810e-02  -9.7689560e-03   3.1461444e-01  -1.7311824e-01  -2.0491044e-01   4.6981696e-01   6.3500181e-02  -5.9014400e-02  -1.7523354e-01
  -9.7030734e-02  -1.8196233e-01  -1.7812146e-01   0.0000000e+00   9.5704503e-03   4.4414643e-02  -1.0347840e-01   2.9877825e-01  -1.1907106e-01  -1.4287853e-01   3.9829133e-01  -1.3964786e-01   1.9774965e-01  -1.6022980e-01   4.7661259e-01   3.0387348e-01  -1.8217757e-01   4.3066993e-01   1.0111098e-01  -6.3369420e-02   1.5397108e-01   6.5017679e-01   2.9000380e-01  -8.2844500e-02   6.7859634e-03   1.9392046e-01  -1.8205736e-01   2.8603242e-01  -1.1542469e-01   1.4486445e-01  -5.9854442e-02   6.0207559e-01   1.1599157e-01  -2.7416006e-01  -2.8636616e-01   1.1464303e-01   1.0089189e-02  -6.6581786e-02   4.0599300e-01  -3.8982947e-01   4.7985932e-01   8.2407482e-02  -5.9573971e-02   1.7242085e-01   1.9842802e-01   1.5879367e-01   2.8773654e-01  -1.4127023e-01   4.0266025e-02  -3.6019100e-01   4.6912595e-01   2.6160377e-01  -2.4320421e-01  -6.2185480e-02   1.2226001e-01   2.8209335e-01   2.1158516e-01   6.5015247e-01   4.3834704e-01   4.7694675e-01   3.6939013e-02   2.6077472e-01  -2.4801320e-01   7.5274861e-02  -8.5883509e-03  -3.1193534e-02   2.5762630e-01   2.6148753e-01   4.6026062e-01  -1.6928843e-01  -3.3341553e-01   5.5953967e-01   2.8356649e-01   7.0001074e-02  -7.0534883e-02   3.9761842e-01   4.0244435e-02   2.8638638e-01  -2.0080280e-01   3.0684976e-01   2.4992365e-02   1.8721658e-01  -2.2363404e-01   1.8147689e-01  -1.3353212e-01   3.8587470e-01  -2.2381233e-01  -2.8428120e-01  -1.7274698e-01   1.0156989e-02  -1.4578110e-01   2.0958252e-02  -1.8468521e-01  -2.2492456e-03  -7.6321871e-02  -1.1620038e-01   3.9730369e-01   1.6954922e-01   4.0636481e-01  -8.8492501e-02  -2.2857011e-01   1.2315194e-01   6.3664759e-01   2.6319135e-01   5.8856317e-01   5.9672002e-01   1.1573276e-01   4.4424118e-01   4.2522967e-02   4.8473416e-02  -5.7875950e-02   6.1028518e-01   6.2538978e-01  -1.9431902e-01  -9.8559976e-02  -2.0824246e-01   1.3845734e-01   3.1756194e-01   5.3189386e-02   6.7128017e-01   2.2923425e-01  -1.7796184e-01  -3.1454830e-01  -7.1229579e-03   3.6762088e-02   2.5222546e-01   2.4557738e-01   6.1782074e-02   5.5069657e-01  -2.6731823e-01   1.3750209e-01   2.9379680e-02   2.9634378e-01  -9.3607706e-02   2.4614058e-01   2.3010260e-01   1.8006819e-01  -3.5131028e-01   4.0628681e-01   4.6920849e-03   7.1351341e-02  -2.4586978e-02   4.0892807e-01  -2.0883203e-01   1.2725721e-01   1.5499786e-01  -4.2074713e-01  -4.9137456e-02   1.0722660e-01   2.3013554e-02   2.7128404e-01   1.0414500e-01   3.1698245e-01  -2.1443602e-01  -4.2534040e-01   7.3446881e-02   2.3598176e-01   4.8534041e-01   3.2301268e-03   4.0778367e-01   6.1974297e-03   2.3093444e-01  -2.0770171e-01   5.3581159e-01   5.9402451e-01  -2.1682365e-01   1.1726618e-01   1.3087850e-01   1.7298592e-01  -1.3775189e-01  -1.9651054e-01  -2.8418306e-02   3.8677290e-01  -8.8911157e-02   1.6503154e-01   1.7212717e-01   6.7665622e-01
  -1.7182599e-01   3.2113176e-01   6.4130349e-02   9.5704503e-03   0.0000000e+00   6.2139693e-02  -3.5537611e-02   6.5120524e-02   1.4023836e-01   9.5120291e-02  -6.9551471e-02   1.8786203e-01   2.5043018e-01  -2.5581845e-01  -5.5475641e-02  -1.3508379e-01   1.4514762e-01   1.5795484e-03  -7.3348318e-02   5.8113884e-01  -1.8319649e-01  -1.1224920e-02  -1.4906451e-01  -2.6800850e-01   1.6939738e-01   4.9019573e-02   2.4902705e-01  -3.2036058e-01   1.0992765e-01   6.5574918e-02  -1.3491652e-01  -7.9955433e-02  -2.0631228e-01   1.5060311e-01   1.7416293e-01   4.1145375e-01  -7.8950268e-02   1.1397724e-01  -9.6207892e-02   1.1432469e-01   2.5585590e-01  -2.3148450e-02   7.6466425e-02   1.5815802e-02   4.3979916e-01   8.3147081e-02   9.3498183e-02   9.3830639e-02   3.0928577e-01   1.2690282e-01  -1.0641453e-01   3.0984271e-02   3.7864173e-02   3.7860840e-02  -1.3773792e-01  -1.5740415e-01  -3.8257212e-02  -5.4050819e-02   1.7576501e-01   6.5072883e-02  -1.0059057e-01   3.0875397e-01   3.4875945e-01  -1.3278175e-01   3.3912283e-01   1.9152095e-01   1.1224762e-01   2.6880494e-01   1.3565221e-01   9.6607807e-02   3.9422079e-03   1.0477617e-01   1.9370569e-01   4.8200492e-02   1.6462047e-01  -1.7003089e-01   1.3540404e-01   9.4588129e-02   5.9249229e-01   1.3128371e-01  -2.3831168e-01   7.7652355e-02  -3.8964207e-01  -1.0832137e-02   1.4985296e-01  -9.9494957e-02  -1.3942293e-01  -2.5084720e-01   1.5881233e-01   1.2089912e-01   6.8295765e-01  -5.4112810e-02   2.7332942e-01   3.9166419e-01   1.6067188e-01   4.7644663e-01   1.2786809e-02   4.7380645e-02   4.2653551e-01   2.3225799e-01  -2.1803032e-01  -1.3255384e-01  -1.7588701e-01   1.4314745e-01  -1.9014315e-01  -7.3932467e-02   1.9690143e-02   9.1833243e-03   1.8174541e-01   5.6328246e-02  -2.3327041e-01  -1.4423854e-01   1.5007006e-01  -8.8028247e-02  -3.0701951e-01   4.0205262e-01   6.5802009e-02   3.5624169e-01  -2.9328879e-01   9.0051721e-02   4.7548523e-02   6.6261353e-01   1.1890815e-01   2.1440683e-02   4.4834952e-02  -9.3466593e-02   7.4271564e-02   1.6028720e-01   1.2237232e-01  -2.2193159e-02   2.0089372e-01  -1.8154353e-01  -4.0676805e-02  -1.8354861e-01   1.5657903e-01  -1.0242309e-01   1.2851272e-01  -2.3422755e-01  -2.1637929e-01  -2.3046523e-01  -2.7025829e-01   1.3537192e-01   5.4953040e-02  -1.2457678e-01  -2.6896588e-01  -2.7387760e-01   5.9906487e-02   7.7218881e-02   9.0121452e-02   2.7844073e-02  -3.1364193e-02  -2.1825770e-01  -1.5111700e-01   1.0453737e-01   1.2705432e-01  -1.4884953e-01   1.2334404e-01   1.1306061e-01   1.0996398e-02  -3.1845324e-01   1.0701098e-01   5.3018483e-02  -9.6666566e-02   8.0254662e-02  -1.0914721e-01   4.0097589e-01   1.3647947e-01   1.0875832e-01  -1.2960935e-01   1.3854398e-01   4.9867998e-01   5.8144529e-02   2.3074879e-01  -4.6039590e-02   7.8735880e-02  -1.6763663e-02  -7.2342631e-02
   9.8914362e-02  -7.6823957e-02   4.5466716e-01   4.4414643e-02   6.2139693e-02   0.0000000e+00   2.9201097e-01  -2.0883737e-01  -2.7808069e-01   1.4764146e-01  -2.4288511e-01   4.0601685e-01   7.5709357e-02  -3.4777487e-02   2.0330915e-01   1.9585235e-01   4.2777279e-01   2.8878307e-02   2.5393047e-01   3.7776731e-01  -2.5694941e-01   1.1311824e-01   3.6897739e-02   1.1724745e-01  -1.8370238e-02   5.6919222e-02   4.6066073e-01   2.0586976e-01  -9.3468622e-02  -1.3742944e-02  -4.4302816e-01  -1.0888719e-01   1.0612544e-02  -1.6039447e-01   6.9733883e-03   2.6677660e-01  -1.5760232e-01  -4.2765536e-01  -1.1389237e-01   2.8230949e-01   8.0547806e-02   3.1183051e-02   1.1816265e-01   2.9644465e-01   1.0246228e-01   2.0322141e-01   2.5661684e-01  -3.1927643e-01  -1.8313377e-01   3.6344730e-01   1.1853069e-01  -2.4379574e-01  -4.6130056e-01  -1.7216480e-02  -1.9579016e-01   9.3967633e-02   4.7067188e-01  -1.0596925e-02  -1.0096477e-01   2.5254111e-01  -2.8103064e-01   2.7079851e-01  -7.2096204e-02  -2.1181934e-01  -1.8428233e-01   3.0784161e-01   7.0689308e-01  -1.6018561e-01   4.1240499e-01   4.9536882e-01  -3.4410903e-01   2.1227310e-01  -1.4710888e-01   1.7100637e-01   6.5329320e-02  -2.1348515e-01  -2.0220436e-01  -1.1373672e-01  -1.4061911e-01  -2.4200907e-03   1.0418090e-01   1.9493466e-01  -2.3747160e-01  -3.8339729e-03   1.8781016e-01  -1.1872169e-01  -4.1799001e-01   6.0051594e-02  -1.0749056e-01   3.0611353e-02  -1.0537471e-01  -1.1923194e-01   1.4124453e-01  -9.4829724e-02  -2.7953741e-01   3.0427651e-01   4.0196186e-02  -1.2156648e-01   1.7426214e-01  -2.7994214e-01  -3.9524062e-01   5.7777756e-02   1.6601153e-01   1.1714875e-01   3.3545320e-02  -1.1331925e-02   1.4732989e-01   1.5269171e-01  -1.1027950e-01  -2.6725746e-01   1.4403063e-01   3.0784906e-01   1.3084710e-01  -7.8514092e-02   2.5220815e-01  -3.5495472e-01   1.6266116e-03  -5.4328532e-02   2.3277262e-01   2.8748267e-02   1.4854330e-01   1.6174080e-01   1.8694284e-01  -1.8007487e-01  -4.1928791e-02   4.6922227e-01   2.3142698e-01  -1.2860940e-02  -8.9907765e-02   4.2572909e-01   1.3312069e-01  -3.3995102e-01   1.9783201e-01  -4.6431462e-01  -2.1417486e-03  -2.0254729e-01  -3.7411296e-02  -2.4054585e-01  -1.2259685e-01  -4.7771269e-01   1.7468900e-01   3.1298949e-01  -2.3360234e-02   5.2607272e-01  -1.3875795e-01  -4.0909702e-01   1.5980523e-01   8.6948809e-02   3.9435469e-01  -4.4948954e-01   3.9318903e-01  -1.5242519e-01   3.8714090e-02  -3.5590465e-01   1.6752935e-01  -2.0113112e-01   6.2143946e-02  -2.2797667e-01  -1.8334864e-01   2.8500746e-01   8.9799616e-02  -2.4544178e-01  -3.2701314e-01  -6.2794351e-03   1.3393009e-02  -1.1751653e-01   1.0334943e-01   1.4126184e-01   4.7412634e-02  -3.3515472e-01   1.5881309e-01  -1.8631228e-01   3.7502421e-02   7.1578609e-01  -1.1420099e-01  -1.8290736e-01   7.8200585e-02
  -1.3643612e-01   7.8292646e-02  -2.1982828e-02  -1.0347840e-01  -3.5537611e-02   2.9201097e-01   0.0000000e+00  -2.4159536e-01  -4.0950173e-02   4.3068179e-01  -1.8894558e-01   4.8602538e-01  -3.5290931e-02  -1.9892429e-02   1.1513826e-01   2.6126708e-01  -4.4631162e-02   8.5938516e-02  -9.7291416e-02   3.9541063e-01   7.1951512e-02  -1.2648800e-01   1.7246084e-01  -4.6205435e-02  -2.2533007e-01  -2.6958833e-01   2.8895644e-01   3.4753823e-01   9.8689770e-02  -3.0974645e-02  -1.2470125e-02  -2.1148801e-01  -1.2324397e-01   6.1139458e-01   3.8570507e-01   4.2127532e-01  -9.3459263e-02  -3.7437466e-01  -1.6149169e-01  -3.9692428e-02  -1.3128251e-02  -9.3212798e-02   5.4520297e-01  -1.4738708e-01   2.8721430e-01  -3.2608895e-01   1.4669752e-01   4.6507494e-01  -3.3669981e-01  -1.0909638e-01   8.9641086e-02  -2.9479332e-01  -1.8809820e-01  -7.3241477e-02  -2.5703296e-01   5.3236832e-02  -1.3329361e-01  -1.8021433e-01  -2.5137210e-01   3.0582697e-01  -3.9460787e-01   2.4969502e-01  -1.7565762e-01  -2.1072383e-01  -3.4214190e-01   4.2269738e-01   1.8908759e-01  -4.5586929e-02   9.9300729e-02   2.1377778e-01  -5.3740375e-02   1.2032690e-01  -1.1205668e-02  -2.0522676e-01  -2.2276367e-01  -2.3272522e-01  -3.6532888e-01  -1.3861676e-01   1.4065880e-01  -3.7072546e-01   6.0886551e-01   1.7915851e-01   1.4460249e-01  -1.7487235e-01  -3.3893465e-01  -1.8308218e-01  -2.4896909e-01  -1.3948713e-02  -8.2230486e-02  -1.9105792e-01  -3.5277784e-01  -4.1953043e-01   4.0431713e-01  -2.2938635e-02  -4.3625896e-01  -6.7472126e-02  -1.6000765e-01  -2.3481236e-01  -1.8690411e-01  -7.8514960e-02  -1.1390074e-01   5.5159818e-01  -9.5954716e-02  -3.5598037e-02   8.2148056e-02  -1.2725602e-01  -4.7286156e-02  -2.3989401e-01   2.1778514e-01   1.7259893e-01   7.1338498e-01   1.7947643e-01   1.1998360e-02  -2.2077129e-01   5.1532949e-01  -2.9397818e-01  -2.5055109e-01   1.2216862e-02   1.5338812e-01  -1.8298825e-01  -9.3703492e-03   2.2898333e-03   8.0201542e-03  -2.7507529e-01  -1.8063801e-01   6.0316540e-02   3.6882162e-01  -2.6553201e-01  -1.5297664e-01   2.3865032e-01  -1.9434705e-03   2.9383153e-01  -7.4708648e-02  -4.1816699e-02  -5.2836063e-02  -2.5971478e-01  -3.0887785e-01   1.6726033e-01  -1.6363271e-01  -2.9724497e-01  -2.2427673e-01   1.3878018e-02   2.6786798e-02   4.4024637e-01   3.3851042e-01  -2.9978101e-02   3.5686139e-01   2.0607894e-01   5.0181635e-01  -4.1813193e-01   6.0323011e-02   2.0967722e-02  -3.0035750e-01  -1.6298609e-01   3.2434971e-02  -5.1659380e-02  -1.6854546e-01  -1.3202270e-01  -3.6465701e-01   4.3618504e-01   3.7982902e-02  -1.8854128e-01   2.9973498e-02  -5.7672969e-02  -2.0235178e-01   6.5812776e-02   2.8825512e-01  -2.1427862e-01  -2.1425842e-01  -2.2818792e-01   3.0400610e-01  -1.1796834e-01  -2.5833257e-02   9.2812298e-02  -1.8763935e-01   6.7743091e-02  -1.3540205e-01
   1.2557488e-01   7.7531742e-04  -2.6105388e-01   2.9877825e-01   6.5120524e-02  -2.0883737e-01  -2.4159536e-01   0.0000000e+00   4.0951596e-02  -3.5654682e-01   2.7427621e-01  -6.4490308e-02   7.4135642e-02  -1.9979133e-01   3.2624854e-02   5.5748584e-02  -2.0978704e-01   7.9600466e-02   2.5031806e-01  -3.1768235e-01  -2.5995361e-02   3.7527194e-01  -1.0134745e-02  -1.3664998e-01   1.1261955e-01   4.5820861e-01  -4.1839953e-01   7.0362695e-02   5.3631014e-02   2.0266981e-01   5.3039552e-02   3.1704573e-01   2.6390013e-01  -1.3743439e-01  -3.8397626e-01  -1.4505070e-01  -1.2373210e-01   7.0191899e-02   5.7257859e-02  -4.7605355e-01   1.6756839e-01   3.1517856e-01  -1.7470522e-01   1.7252391e-01  -5.3061730e-02   2.0612007e-01  -1.8528312e-02   1.0127927e-02   8.1053426e-02  -4.5809512e-01   1.2774728e-01   7.1406380e-01   2.0539183e-02   1.9230158e-01   4.0560031e-02   1.8839985e-01  -2.4233987e-02   4.1258982e-01   2.4476776e-01   8.3817526e-02   1.5390257e-01   7.0592603e-03  -2.3481408e-02  -4.2670458e-03   1.3637772e-01  -3.7873715e-01  -7.2618819e-02   2.7204150e-01   2.3142637e-02  -4.3384553e-01   5.4673834e-02   1.7438484e-01  -2.0667354e-02   2.5778555e-01   1.3272512e-01   5.2752167e-01   1.3004433e-01   3.6521650e-01  -2.1793802e-01   2.8277115e-01   7.6011125e-03  -5.9684138e-02  -6.7466104e-02   6.1166428e-01  -2.2969274e-02   5.0601824e-01  -7.3991222e-02  -2.1227617e-01   3.3960305e-02   2.1854800e-01   4.5287191e-03   3.2024404e-01  -2.9940337e-01   8.6126809e-03   1.7203113e-01  -2.9645411e-01   2.5779743e-01   5.3013106e-01   6.6592981e-02   1.7577339e-01  -3.7215476e-02  -1.2616504e-02   7.5445208e-02   1.8036852e-02   2.0290345e-01   4.1367507e-01   2.0788307e-01   5.8336225e-01  -7.6216143e-02  -9.3129340e-02  -7.1737548e-02   2.3329723e-01   2.9605590e-01   1.4139114e-01  -1.9197013e-01  -3.1452005e-02   3.7840080e-01   1.4826119e-01  -3.0367766e-01   4.0635542e-01   2.8420933e-01  -2.0784921e-01  -3.1902809e-02   1.0480970e-02   2.4627364e-01  -1.4555012e-01  -2.1919390e-02   2.5931347e-01   2.3476724e-01  -4.8761856e-01  -9.6024413e-02  -4.4779789e-02   2.0249363e-01   2.0578558e-02  -7.4473104e-02   6.5744451e-01   2.6282516e-01   9.4123136e-03   4.1443666e-01   1.9349257e-01   1.0759533e-01  -1.7010080e-01   4.6382516e-01  -5.5293608e-01  -8.3260720e-02   6.6375777e-02  -9.2256626e-02  -1.4522024e-01  -1.9405639e-01   9.5211956e-02   3.0324334e-02   2.6033675e-01   3.1866853e-01   3.5415834e-02  -4.0065166e-01   1.4817444e-02   3.2574148e-01   4.2627416e-01   3.7931343e-01  -1.1778090e-01   1.0809712e-01   4.1613611e-01  -9.1455918e-02   2.6619043e-01   3.7560022e-01   1.5399878e-03   1.7801737e-01   2.7053069e-01   1.2649464e-01   2.4947993e-02  -1.6971848e-01  -3.1555332e-02   8.9862206e-02  -4.2430480e-01   1.0190051e-01   6.1908915e-02   4.3001936e-01
  -1.7737271e-02   2.8641882e-01   2.1346161e-03  -1.1907106e-01   1.4023836e-01  -2.7808069e-01  -4.0950173e-02   4.0951596e-02   0.0000000e+00  -1.4710071e-01  -2.6545002e-02  -8.8348917e-02  -1.4851112e-01  -2.6147669e-01  -2.5052226e-01  -2.9860576e-01   3.7182154e-02  -8.9650703e-02   1.0039912e-01  -6.4167950e-02  -2.0785318e-01   8.9738616e-03  -2.1556777e-01  -3.3917877e-02  -1.0999583e-02   8.5783834e-02  -1.2392089e-01  -2.4406914e-01   8.7684366e-02   6.4379759e-01   2.3959343e-01  -8.1974869e-02   2.5230594e-02   2.2955596e-01   2.4594238e-01  -1.6111281e-01  -1.5115810e-01   4.0091994e-02  -2.3422958e-01   4.6273734e-02   4.2680264e-02   1.4447685e-01   2.2502751e-01  -3.1884162e-01   4.8241070e-02   8.9576525e-02  -3.4834207e-01   3.2758460e-01   2.4180399e-01   3.2100492e-02  -2.0225564e-01   5.4670988e-02   3.9165642e-01   2.9565119e-01   4.2153694e-02  -2.0638445e-01  -1.0695855e-01  -6.5301977e-02   1.6104436e-02  -1.7090177e-01   1.2611119e-01   2.5978680e-02   5.6854981e-01   1.8603415e-01   5.1582394e-01  -2.4889212e-01  -2.4856068e-01   1.7752428e-01  -2.0027451e-01  -2.7921903e-02   3.0571091e-01  -1.0372925e-01  -1.7575905e-02  -1.0616256e-01   1.2867225e-01   3.4892759e-02   7.5639258e-02   1.2947965e-01   2.6245673e-01  -7.4501765e-02  -1.1215533e-01  -1.3811654e-01  -2.8050825e-01  -8.8014230e-02  -2.4880792e-02   3.9050099e-02   1.7471642e-01  -2.0229412e-02   4.0923597e-01   1.4276029e-01   1.0590054e-01   1.3967893e-01  -2.0857389e-01   5.5337285e-01   1.0255220e-01  -7.0595461e-02  -2.0984344e-01   6.4456324e-02   8.8233666e-02   1.2139002e-01   9.8421142e-02  -4.8952603e-02  -4.0170136e-01   2.8735150e-01  -4.2181971e-02  -7.0157803e-02   2.4531871e-01  -4.7980201e-02   2.9386727e-02  -9.6475393e-02  -2.3984470e-01  -7.3993307e-02  -9.4109595e-02   1.6311762e-01  -2.1806694e-02   3.4632841e-01   4.0954686e-02  -4.8145320e-02  -2.7978863e-01  -1.2389578e-01   1.0001224e-02  -2.7088626e-03   1.1282861e-01   4.4216073e-01  -6.3947373e-02  -3.0657805e-01   7.4859907e-02   1.3851398e-01   1.5466881e-01   2.1459599e-02  -2.1466015e-01   3.0456759e-02  -1.1462844e-01   1.6535329e-01   3.2437716e-01   5.6978904e-02  -6.2746323e-02   3.0111190e-02  -7.9382008e-02   2.0186497e-01  -1.7014045e-01  -1.8656300e-01  -5.8190244e-02  -2.2635652e-01   2.3237756e-03  -2.2947733e-02   8.6868222e-02  -2.8496396e-02  -3.3195293e-01   1.9439828e-01  -8.7477471e-02  -2.7547107e-01   2.1846931e-01   4.7612175e-01   8.7682790e-02  -2.8958174e-02  -9.9739074e-03  -3.8430936e-02   1.2348940e-01  -3.4000372e-01  -1.1608015e-01   1.4210111e-01   1.4077113e-01   2.8845110e-03   2.0390663e-01   1.1023740e-01  -9.3172568e-02  -9.5028427e-02   1.2791279e-01  -6.6580296e-02   2.3536449e-02   7.6437588e-02   2.1762968e-01  -1.6856369e-01   2.8308345e-02   2.2039757e-02   1.8181441e-01
  -7.9240414e-02  -1.6819538e-01  -1.3218441e-01  -1.4287853e-01   9.5120291e-02   1.4764146e-01   4.3068179e-01  -3.5654682e-01  -1.4710071e-01   0.0000000e+00  -4.6845788e-02   7.9846245e-02   1.4316788e-02  -1.1422453e-01   2.0222961e-01   1.8837420e-03  -1.1406096e-01   1.9327318e-01  -2.5323701e-01   3.7071989e-01   9.2343538e-02  -1.4592338e-01   3.3961743e-01  -3.5115144e-02  -1.9663691e-01  -1.9610515e-01   2.8246407e-01   9.2024795e-02  -1.1814551e-01  -2.2668260e-01   1.2024143e-01  -2.3087847e-01  -3.9443183e-01   5.7145085e-01   3.7832178e-01   4.7378258e-01   1.8557190e-01  -1.4629302e-01  -1.0611355e-02  -3.5174053e-02  -3.1437199e-02  -2.3369104e-01   3.1720341e-01  -9.6222973e-02   4.2447176e-01  -2.6508465e-01   3.7745963e-01   1.4147067e-01  -1.9531046e-01  -2.1099560e-02   9.9453685e-02  -4.3162903e-01  -2.4846456e-01  -2.5212914e-01  -1.0942252e-01   7.0588875e-02  -1.8997033e-01  -2.4212488e-01  -3.8054446e-02   1.0825168e-01  -2.1393629e-01   2.0823567e-01  -2.4034634e-01  -6.7023644e-02  -1.0408368e-01   6.9551093e-01   7.4033687e-03  -1.2843386e-01   5.5303840e-02   1.0415523e-01  -3.9870825e-01   1.1510248e-01   8.0494167e-02  -2.4669076e-01  -4.9139628e-01  -3.6591870e-01  -2.7184414e-01  -2.5970384e-01   1.2622297e-01  -3.1128220e-01   3.1858540e-01   1.0559154e-01   1.9801867e-01  -3.3994305e-01  -3.3831164e-01  -3.8118784e-01  -2.3996805e-01  -9.3739306e-02  -2.6598012e-01  -1.2522934e-01  -6.4592855e-02  -2.5762979e-01   4.4113833e-01   2.1687081e-01  -1.6554329e-01   1.9242301e-01  -2.2746132e-01  -3.1348261e-01  -1.9104946e-01  -3.6056145e-02  -6.9246634e-02   4.8147503e-01  -5.0680446e-02  -1.1586600e-01   6.3852215e-02  -2.2009982e-01  -2.1661355e-01  -3.4180639e-01   3.1088052e-01   3.0602651e-01   5.5941488e-01  -1.1231472e-02   3.2392381e-02  -6.8704492e-02   2.3480554e-01  -1.1464876e-01  -2.8465215e-01   1.2004157e-02   1.1750568e-01  -4.9089695e-02  -1.4734229e-02   2.0127205e-01  -1.3654299e-01  -1.4853192e-01  -1.1059347e-01  -2.1775214e-02   2.6524907e-01  -4.0862528e-01  -1.5677168e-01   9.8638629e-02   5.5513913e-02   2.9166518e-01  -2.8315763e-01   1.2559256e-01  -9.0918297e-03  -4.1833264e-01  -3.7211037e-01   5.7975829e-02  -2.4834248e-01  -1.8176657e-01  -2.3596661e-01   1.5214393e-02  -2.4500545e-02   4.6315860e-01   2.6950493e-01   8.4244866e-02  -1.7736482e-03   4.1116823e-01   6.2388223e-01  -3.0614890e-01  -1.9406763e-01   4.6065351e-02  -3.4806000e-01  -6.6629899e-02   4.1287230e-02  -7.1697741e-03  -6.0938612e-02  -8.3739078e-02  -1.2750338e-01   2.9169952e-01  -2.6983233e-02  -1.0817198e-01   2.1531025e-01   7.9407325e-02  -3.3513056e-01  -2.8147616e-02   4.1821388e-01  -1.2819539e-01  -1.0764838e-01  -1.0298324e-01   2.4701646e-01  -8.0228386e-02   1.8598650e-01   1.8712021e-01  -4.1697741e-01  -1.2059314e-01  -2.7135915e-01
  -1.9550027e-01  -1.5513739e-01  -3.1860062e-01   3.9829133e-01  -6.9551471e-02  -2.4288511e-01  -1.8894558e-01   2.7427621e-01  -2.6545002e-02  -4.6845788e-02   0.0000000e+00  -3.0837603e-01   7.7353302e-03  -1.1190187e-01   3.6218035e-01   1.8093186e-01  -3.5659348e-01   4.9090142e-01   3.3807627e-02  -2.7111188e-01   2.2317334e-01   3.2908752e-01   2.5084038e-01  -1.7122248e-01  -1.7397168e-01   2.3962911e-01  -3.4355968e-01   2.7916878e-01  -1.1540439e-01   3.3986882e-01   3.3074223e-01   4.2735235e-01  -1.0025718e-01  -1.4011108e-01  -4.9532001e-01   6.8811195e-02   3.6438160e-02   9.2742048e-02   3.4362636e-01  -4.6492231e-01   2.2101617e-01  -1.1391418e-01  -2.1024245e-02   2.2530387e-01   1.7857931e-01   1.5310459e-01   3.6054258e-01   1.2787010e-01   4.5347678e-02  -4.7231545e-01   4.4974166e-01   2.8996460e-01   5.9350343e-02  -5.9590702e-02   1.7971349e-01   2.5773584e-01  -4.4198617e-02   3.7106844e-01   4.6746259e-01   1.9280509e-01   7.9561914e-02   8.9332390e-02  -1.4431975e-01   3.5402144e-01   1.2049116e-01  -1.0591458e-01  -2.9951936e-01   2.6762028e-01   3.1558524e-01  -3.2081582e-01  -5.3100930e-02   3.9481564e-01   2.4434311e-01   7.1777015e-02  -2.6547385e-01   4.6381375e-01   7.7441197e-03   4.4955405e-01  -1.6776931e-01   4.4812461e-04   2.3818493e-01  -5.1601250e-02   5.0517958e-02   1.6787915e-01  -2.1985406e-01   5.0078000e-01   1.3748133e-01  -2.0748016e-01  -1.9386341e-01  -1.2309350e-01  -1.8578924e-01   4.7836421e-02  -3.0738813e-01   3.9701871e-02   5.2613818e-02  -2.9752756e-01   1.7769899e-02   3.3263280e-01   7.0599019e-02  -1.5406370e-02   3.0082764e-01   3.7034893e-01   3.7728398e-01   1.5065035e-01   4.0098504e-01   3.1675974e-01  -5.0590186e-02   4.2185432e-01   1.0925536e-02   2.1212380e-01  -6.1978681e-03   2.9593242e-01   1.3320128e-01  -1.4948172e-01  -3.9757768e-02   3.9323563e-03   1.5196162e-01   4.7123710e-02  -1.6335358e-03   3.9076765e-01  -7.4094592e-02  -3.3773787e-01  -4.0681973e-01   2.7225427e-01   1.3538903e-01  -1.6858079e-01   1.8872768e-01  -1.3775706e-01   3.8976999e-01  -3.8641543e-01  -1.0718967e-01   4.9707912e-01   1.2987756e-01   3.0621287e-01   6.7334214e-02   4.0727172e-01  -1.2311800e-01   1.3320481e-01   5.1829440e-01   2.0328617e-01  -1.3132966e-01  -2.8029782e-01   5.4919986e-01  -4.0839803e-01   3.9180765e-01   4.4922130e-01  -4.1042605e-01   1.0575087e-01  -5.0450046e-02   1.4840412e-01   3.8251089e-02   2.8275353e-01   1.5996630e-01   3.7519701e-01  -4.8105859e-01   1.3794801e-02  -6.3722919e-02   4.8646930e-01   1.8013618e-02   2.6142831e-01  -4.8903748e-02   6.5566554e-01   9.0125102e-02   5.2534721e-01   4.0309767e-01  -2.6183082e-01   4.1544367e-01   1.5745622e-01  -1.7835177e-02   3.6276367e-02  -3.9624089e-01  -4.6489384e-02   2.8133250e-01  -2.5990816e-01   7.0730553e-02   2.5464727e-01   4.5909697e-01
  -1.1707611e-01   4.3005848e-01   5.4558548e-01  -1.3964786e-01   1.8786203e-01   4.0601685e-01   4.8602538e-01  -6.4490308e-02  -8.8348917e-02   7.9846245e-02  -3.0837603e-01   0.0000000e+00   1.2095181e-01  -1.8621307e-01   7.1881216e-02   1.5550798e-01   5.3335109e-01  -1.7335561e-01   1.4706625e-01   3.9294622e-01  -3.0254540e-01  -9.1942251e-02  -8.1432405e-02  -5.7060487e-02   1.1489182e-01  -9.5042493e-02   2.9828952e-01   8.8438153e-03   2.7366315e-01  -8.1517771e-02  -1.6046348e-01  -2.1409644e-01   5.5024937e-02   1.0765166e-01   1.7378284e-01   7.2570209e-02  -2.2182409e-01  -4.1289568e-01  -1.6444713e-01   2.9695163e-01  -1.3545041e-02   1.2320682e-01   3.7540620e-01  -7.3711084e-03   4.9194584e-02  -1.9086829e-01  -7.6200902e-02  -6.7003691e-02  -1.2684955e-01   3.3198390e-01  -1.5859318e-01  -6.7409457e-02  -1.9742673e-01   2.6106173e-01  -3.5560756e-01  -2.0855897e-01   1.3207428e-01  -1.9696684e-01  -2.0208438e-01   1.7035111e-01  -3.8648634e-01   1.3105954e-01   1.3836645e-01  -3.4812412e-01  -4.3208654e-01   1.0935717e-01   2.6751498e-01   8.2147297e-02   1.1612167e-01   3.3848962e-01   6.4263755e-02   1.9740775e-02  -1.3622198e-01   5.3740526e-02   2.6036533e-01  -2.0201056e-01  -2.2354123e-01  -8.6453501e-03   1.4056285e-01   1.3744093e-01   1.0663984e-01   1.4466137e-01  -1.4355211e-01  -1.4492020e-01   2.2830231e-01  -1.1801208e-01  -3.7572418e-01   1.0384307e-01   2.3771369e-01  -5.2165517e-02   7.1106608e-02  -1.6885877e-01   4.0698087e-01  -1.1346526e-01  -3.6114911e-01   1.7543495e-01   1.4440449e-01  -9.7722117e-02   6.0053666e-02   6.6039504e-02  -2.2060414e-01  -2.2824015e-02  -1.7717148e-01  -1.6011411e-02  -2.2457321e-01  -8.2981357e-02   2.5396743e-01  -5.1657962e-02  -1.2176498e-01  -1.6721514e-01   1.4875298e-01  -4.5932449e-02   1.3384677e-01  -2.0102054e-01   2.9643914e-01  -1.9703412e-01  -2.8536761e-02   5.3314416e-02   3.4724820e-02  -1.7559803e-01  -1.1745380e-01   3.1125843e-01   4.7054403e-01  -4.1370485e-01  -2.0905159e-01   1.5079210e-01   6.9361810e-04   1.6495305e-01  -2.3859346e-01   4.7205587e-01   1.6893625e-01  -3.2749920e-01   5.2922531e-02  -3.1573367e-01   4.7039324e-02  -1.2046894e-01   2.0266337e-01   6.9886554e-02  -2.7000903e-01  -2.9798162e-01  -1.2543948e-01   2.0342737e-01   2.0172165e-02   4.0657661e-01  -9.4029388e-02  -4.1810538e-01   6.4284863e-01   6.4405131e-02   1.6664434e-01  -4.4393638e-01   1.8514046e-01   5.9174398e-02  -4.6725693e-02  -3.6316892e-01   4.0219317e-01  -1.9585092e-01  -1.3803166e-01  -2.2854203e-01  -8.1056487e-02  -2.2498776e-02   1.8248480e-01  -5.4812781e-02  -1.6863680e-01  -2.4016613e-01  -1.6202696e-01   2.1337626e-01  -8.1106202e-03   4.3714369e-02  -3.1672972e-01  -5.4882172e-02   4.6352498e-01  -2.3561737e-01  -1.7637666e-01   2.6537212e-01   1.5976989e-01   3.3777702e-02  -1.2992465e-01
  -1.6342301e-01  -6.1726981e-02   1.3549159e-01   1.9774965e-01   2.5043018e-01   7.5709357e-02  -3.5290931e-02   7.4135642e-02  -1.4851112e-01   1.4316788e-02   7.7353302e-03   1.2095181e-01   0.0000000e+00  -1.4388811e-01   1.0979134e-01   2.7598722e-01   2.0812582e-01   1.6658265e-01  -4.9224909e-02   3.3105399e-01  -7.5395387e-02   1.3966613e-01  -6.4476434e-02  -2.4648661e-01   2.1652592e-01  -5.2157660e-02   2.2937855e-01  -1.0141220e-01  -1.0837061e-01  -4.1906160e-02  -6.3265556e-02   6.2116299e-02  -1.1909404e-01  -1.0786460e-01  -1.3665856e-01   3.0800963e-01  -6.2673636e-02   1.0351879e-01   3.7633371e-01   9.2776145e-02   5.4953944e-01   7.6699379e-03   6.5121402e-02   1.1689314e-01   1.9890422e-01   6.8672266e-02   3.1023147e-01  -1.0859482e-01  -8.8099472e-03   7.4973249e-02   1.9703405e-01  -4.6308694e-02  -7.3804985e-02  -2.3709313e-02  -1.3501133e-01  -7.4932574e-02   9.0386241e-02   1.0332977e-01   1.0296475e-01   1.2944321e-01   8.7356953e-02   2.3561001e-01  -1.1745162e-01   1.0029975e-02  -1.8327576e-01  -6.4072574e-02   1.2208394e-01   1.5083403e-01   2.4488559e-01   1.8053026e-02  -1.0746699e-01   1.9167637e-01   1.9960960e-01  -9.7359162e-02  -2.5416644e-02  -3.9149131e-02   1.2532547e-01   3.3353946e-02  -8.6506032e-02   1.4306706e-01  -2.5646663e-02   2.9602887e-01  -3.7059584e-02  -2.2983454e-02   1.2297850e-01  -7.5620615e-02  -8.7865812e-02   4.5228780e-04   4.0142947e-03  -5.3586000e-02   3.9610043e-02  -3.7744703e-03  -2.0157573e-02  -8.4958358e-03   5.7331717e-02   2.5442393e-01   1.1521039e-01  -8.5129011e-02   3.4000209e-01  -2.0026310e-02  -5.5797951e-02  -1.5027467e-02   7.8712382e-03   2.1051134e-02   7.3860914e-02   1.3871976e-01   1.7459801e-02  -5.7314725e-02   2.3810969e-01   6.4931494e-03  -4.6182611e-02   7.9420446e-02   1.7711070e-01  -8.8970341e-02   1.6899227e-03  -2.0544672e-01   1.0876710e-01   5.3083314e-01  -6.1870025e-02   1.3212136e-01   1.8979588e-03   1.3482331e-01   3.4382985e-02  -1.1719804e-01  -4.8169926e-02   7.6021811e-02   8.6558093e-02   8.1756571e-02   1.8291213e-01   1.1777834e-01   5.6694083e-01  -8.6235116e-02  -1.5762828e-02  -9.4341935e-02   1.5903833e-01   6.5184588e-02   1.3510185e-01  -9.9516696e-02  -4.3680745e-02  -1.9734965e-01  -1.1549384e-01   3.6497192e-01  -9.7766515e-02  -7.3881348e-03  -5.9414623e-02  -1.4459631e-01   6.2414708e-02  -3.0074316e-02  -1.0760835e-02  -5.2823502e-02   1.2584577e-01   1.0587189e-02   1.7933152e-02  -1.5274701e-01   7.0882350e-02  -7.0336426e-02   2.3391708e-02   7.3178425e-02  -1.3142357e-01  -3.7553957e-02  -9.6196335e-02  -9.2834853e-02   8.6762958e-03   1.0944648e-01   5.8854899e-02  -5.0331129e-02   6.8080719e-02   1.1844787e-01   1.3646024e-03   8.9807314e-03  -3.8733690e-02  -1.0300873e-01   1.4144932e-01   5.3702898e-02  -1.4345859e-02   1.2015600e-01   1.4603344e-01
   2.3333473e-01  -1.4132861e-01  -3.1209344e-01  -1.6022980e-01  -2.5581845e-01  -3.4777487e-02  -1.9892429e-02  -1.9979133e-01  -2.6147669e-01  -1.1422453e-01  -1.1190187e-01  -1.8621307e-01  -1.4388811e-01   0.0000000e+00  -1.1055044e-01   2.4171713e-02  -3.1161754e-01  -1.4939945e-01   7.9500990e-03  -2.8211139e-01   4.7624940e-01  -1.0597694e-01   2.4476568e-02   3.4737796e-01  -2.4336405e-02  -1.5414735e-01  -1.5367628e-01   2.8876814e-01  -1.2824507e-01  -2.6156083e-01   2.3191658e-02  -4.3545382e-02  -1.6260407e-02  -1.9303885e-01  -8.7164817e-02  -6.3133006e-02   3.3738107e-01   1.0521655e-01   7.0132772e-02  -1.6740174e-01  -9.1437660e-02  -2.6899800e-01  -2.1582707e-01   2.9232739e-01  -3.3517131e-01  -8.9336401e-02  -1.3133888e-03  -3.8168365e-02   2.0435232e-02  -1.9501964e-01  -5.2829308e-02  -8.6933163e-02   2.8444781e-03  -1.4836870e-01   3.5067237e-01   1.3183562e-01   1.0043859e-01  -1.4908866e-01  -1.3211616e-01  -7.6371969e-02   3.8364471e-03  -2.7975424e-01  -2.7743502e-01   3.5216881e-01  -6.2281961e-02  -2.9805179e-03   9.4336256e-02  -4.0236049e-01  -2.0986940e-01  -2.8493851e-01  -1.9251508e-02  -2.3066915e-01   1.4726556e-02   1.8752213e-01  -3.0013914e-02  -4.5137049e-02  -8.8694287e-03  -7.9493138e-02  -1.2138914e-01  -1.5263156e-01  -7.8940688e-02   1.1045099e-01   4.8901366e-01   2.6858603e-03   1.5209428e-01  -5.7772276e-02   4.5670500e-01   3.4156830e-01  -2.3950012e-01   3.8846839e-02  -1.1303568e-01  -2.0466518e-01  -8.0424946e-02  -3.4074503e-01   2.0036924e-02  -1.6259114e-01  -6.7256602e-02  -1.8038575e-01  -2.9691313e-01  -1.7073132e-01   2.1131069e-01  -9.3738814e-02   2.3120652e-01   7.8121588e-02  -2.5902609e-02  -1.6539429e-01  -2.5825380e-01  -1.8540056e-01  -6.1611910e-02   3.8596125e-01   1.3437415e-01  -7.0669337e-02  -2.7965130e-01   1.4722959e-01  -8.6626718e-03  -8.9725226e-02   1.8607260e-02  -4.2693194e-02   4.0593266e-01  -7.2278723e-02  -1.0558773e-01  -1.7464715e-01  -1.2489011e-01   1.2604342e-01  -1.6700310e-02   4.0326893e-01  -1.0847771e-01  -8.1114796e-02  -2.7888252e-01  -2.4883902e-01  -8.1939171e-02   4.3020002e-02   2.9463227e-01   1.2811198e-01  -2.8498975e-01  -1.1086764e-01  -1.7615339e-01   1.5859909e-01  -1.5240805e-01   2.0773918e-01   2.9066392e-01   3.3019876e-02  -2.0342671e-01  -1.1511821e-01  -1.3269773e-03   2.6204038e-01  -2.6165711e-01   2.0634711e-01  -7.0886673e-03   1.8555217e-01   8.9434533e-02   1.9144249e-01  -1.1941975e-01   5.5216525e-02  -1.5703440e-01   1.1116238e-01  -1.0920269e-01  -1.2838075e-01  -1.8441547e-01   1.3885730e-01  -3.4197395e-01  -2.6806332e-01   1.8391536e-01  -1.6381347e-01  -2.6582335e-01  -1.2723914e-01  -2.2385705e-01   2.2079385e-02  -1.9867749e-02   2.1201175e-01  -3.0591973e-01   1.0753157e-01  -2.3599852e-01   7.2487789e-02   1.2564071e-01  -2.3087608e-01  -1.8881903e-01
