   0.0000000e+00  -2.2504880e-01   4.1142338e-02  -1.1949273e-01  -3.2734302e-01   1.0679598e-02  -4.0262060e-01   4.2980791e-02   6.1293933e-02  -4.2760962e-01   8.3324401e-02  -2.7611002e-01  -2.0766688e-01   1.4870591e-01  -3.5513070e-01  -3.5009705e-01   1.5567168e-02  -2.6161287e-03   1.2152792e-01  -2.3504185e-01  -2.6586240e-01   1.5903567e-01  -2.5634358e-01   8.7153658e-01   8.8179460e-02   8.1733720e-02  -1.9024642e-01   3.7785118e-01  -2.0831435e-02   1.1154065e-01  -4.9814446e-01   4.3560657e-02  -2.7052264e-01  -5.2856964e-01  -2.6117050e-01  -2.3268258e-01  -1.1910768e-01   4.8755745e-01  -3.8570989e-01  -3.7204308e-01  -3.6455449e-01  -1.0013872e-01  -1.0499571e-02  -1.1583695e-02  -1.4120178e-01   6.9911243e-01   4.7183355e-02  -4.9275223e-01  -1.1348017e-01  -2.0861728e-01  -8.5345012e-03   7.8833506e-02  -5.4093605e-01   3.7839730e-02   4.0460122e-01   1.6666878e-01   5.5957340e-02   1.0357141e-01  -3.5911158e-01   2.1944704e-01   3.1644631e-01  -1.7274809e-01   6.7130938e-02  -6.9876074e-02  -2.7401676e-01  -2.6790598e-01  -3.8867724e-03   1.1739263e-01   1.4787700e-01   4.0677473e-01  -5.4794992e-01   1.6928101e-01  -4.6478964e-01   6.8823593e-01  -3.3316952e-03   2.6424060e-02   4.1168289e-01  -1.3330169e-01  -1.1697903e-01  -1.9248933e-01  -3.5957000e-01  -3.7428354e-01  -3.1515379e-01   1.6505093e-01   1.9382860e-01   7.0894894e-02  -3.7796271e-01   3.3723358e-01  -2.7007213e-01   8.9153617e-01  -2.0451367e-01   3.4956422e-01  -4.6159458e-01   1.8996160e-01   5.0643899e-01  -2.0521726e-01  -8.5223739e-02  -1.3259497e-01   2.8231967e-02  -4.0257489e-01   3.5531351e-01   2.0212941e-01  -7.7494458e-02   2.7642567e-01   3.4392300e-03  -2.1536922e-02  -6.5556807e-02  -2.4452953e-02  -3.5618114e-01  -2.2747069e-01  -4.2407933e-01   2.9835257e-01   1.4468954e-01   8.9727371e-01   1.6962924e-01  -2.8151457e-01  -7.2528564e-02  -3.2844791e-01   4.1041375e-01  -9.3059901e-02   7.1673845e-01  -3.7935495e-01  -1.1420376e-01  -9.0873701e-02   7.5479785e-01   7.4748167e-01  -4.5846875e-02  -1.4736229e-01   8.1355011e-02   5.6438697e-02  -3.8810880e-01  -3.1822684e-01   8.0498204e-01  -4.7462839e-01   5.7262359e-02   8.8903841e-02  -3.0010788e-01  -2.5441547e-01   1.3850764e-01   6.7933766e-01   7.9260190e-01   4.2521204e-02   2.5326416e-01   1.8273908e-01  -3.6285304e-01  -3.2192309e-01  -5.3059402e-01  -7.0561927e-02  -1.5605037e-01  -4.2322201e-01   6.9007033e-01  -1.6374484e-01   6.1409147e-01  -3.8160328e-01  -2.1716369e-01   6.1122960e-01   6.2557524e-01  -3.2264050e-01   2.7752989e-01   1.3135655e-02   7.4828841e-02   1.8497232e-01  -3.8966603e-01   1.8270809e-01  -1.4574171e-01  -2.8002463e-01  -3.4521630e-01   2.7476035e-01   6.7122018e-01  -4.5845455e-01  -2.6048803e-01   6.3252908e-01  -2.0554643e-02   1.9599581e-01  -1.8236333e-01  -3.1182914e-01   1.1307326e-01
  -2.2504880e-01   0.0000000e+00  -1.3469666e-02  -3.3493020e-01   2.1168477e-01  -1.6323782e-01   1.2927386e-01  -2.4650605e-01   1.4075179e-01   4.9110018e-02  -4.2395010e-01   6.0516684e-01  -1.7111643e-03  -2.1168034e-01  -3.9846747e-01  -4.2040848e-02  -4.5848818e-02  -2.9774859e-01  -1.2597436e-01   3.5697320e-02  -4.2861830e-01  -4.3749689e-01  -4.1645642e-01  -2.3346049e-01  -1.2642148e-01  -4.0934802e-02   2.6991630e-02  -3.9624068e-01   5.7907846e-02   3.2213346e-02  -3.6367597e-02  -4.1973426e-01  -2.3052599e-01   1.7602446e-01   2.5584941e-01   2.4664392e-02  -3.4933741e-01  -1.4230684e-01   3.3821113e-03   1.2975015e-01   7.3372327e-03  -2.2292295e-01   5.7030252e-01  -1.2511380e-01   4.1424198e-01  -2.0914403e-01  -3.9030312e-01   1.6173225e-01   8.9798284e-02   1.1521093e-01  -3.6011435e-01  -1.9020214e-01   5.3956332e-01  -2.3565858e-01  -2.4614800e-01  -2.7398102e-01  -1.5750411e-01  -4.1323140e-01  -6.1877677e-02  -1.0355614e-01  -2.0121729e-01  -5.1044544e-02   2.0636565e-01  -8.7974388e-03   6.4495140e-01   1.3001364e-01  -1.8964443e-01  -8.4985198e-02  -4.8989292e-01  -1.3083705e-01   3.6818721e-01  -4.2865157e-01   1.3423373e-01  -1.7409780e-01  -1.5784981e-02  -1.7213840e-01  -1.9551050e-01  -4.3193966e-02   5.2100304e-01  -1.2606132e-01  -3.5122438e-01  -2.2496401e-02  -2.6186324e-02  -4.6655200e-02   4.7588911e-02  -2.3616937e-01   3.4288948e-01  -2.6566251e-01   3.0642108e-01  -1.0434646e-01   6.0162078e-01  -2.8948937e-01   4.1863681e-01  -2.0032609e-01  -2.0969011e-01   1.3582079e-01  -2.5011828e-01  -1.2745069e-02   9.8340559e-02   4.8873081e-02  -2.4826408e-01  -3.6910122e-01  -3.3521300e-01  -9.1711665e-02  -3.5192908e-01  -3.5797893e-01  -1.9404648e-01  -1.5163168e-01  -3.1162775e-01   1.8589038e-02   2.9665931e-02  -2.8808147e-01  -3.4497208e-01  -1.4400642e-01  -2.7092466e-01   6.3635407e-01  -1.0156428e-01   6.4635375e-02  -1.2973748e-01  -2.9225936e-01  -2.2023084e-01   3.4192225e-01   2.6127195e-01  -1.1359257e-01  -2.3547324e-01  -1.5989987e-01  -7.2088063e-02  -1.2407190e-01  -2.8128979e-01   5.5259703e-02  -5.5581895e-03   3.1542348e-01   2.0162532e-02  -1.9099009e-01   1.0731133e-02  -1.7649838e-01   4.5444717e-03  -3.3341324e-01  -1.7022290e-01  -1.7950966e-01  -1.7661292e-01  -1.5550365e-01  -3.5833271e-01  -4.0850204e-02  -2.4465249e-01  -6.0060019e-02   3.5577837e-01   3.2986591e-01  -1.2339525e-01   1.3423489e-02  -2.8934737e-01  -1.9760105e-01  -2.7429957e-01   4.2693300e-02   3.8074362e-01  -1.5457003e-01  -1.6770729e-01  -5.6451132e-02  -2.8745782e-01  -3.4284392e-01  -6.4972011e-02  -3.7626867e-01  -9.0765969e-02  -3.3916505e-01  -2.3005819e-01   5.2946326e-01   3.6529205e-03  -1.7379624e-01  -2.0788026e-01   1.8018146e-01   5.4131715e-01  -1.7511274e-01  -1.0561771e-01   1.6942157e-03   8.5522035e-02  -1.8209299e-01  -3.5453269e-01
   4.1142338e-02  -1.3469666e-02   0.0000000e+00  -2.4040680e-01   1.4052213e-01   9.7727243e-02  -3.1403660e-01  -2.1800062e-01  -3.4879610e-01  -2.2117553e-01  -2.1137668e-01   2.4879497e-01  -2.5513409e-02   7.2003050e-02  -1.1750084e-01   2.2198857e-01   8.9965280e-01  -3.3058515e-01  -9.4085472e-02   8.9285538e-02  -1.6072702e-01  -2.4666240e-01  -2.0861579e-01  -6.2232231e-02  -1.6737536e-01  -6.8284761e-02   1.6318019e-01   1.6324555e-01  -1.0550123e-02  -3.5348376e-01  -2.8147132e-01  -2.2227233e-01   3.4348566e-01   1.0303276e-01  -1.2355135e-01  -3.3367475e-02  -1.8170240e-01  -1.0616610e-01   1.7341935e-01   3.7816439e-01   4.4379161e-03   2.9702962e-01  -9.4725994e-02  -2.7734816e-02  -1.6420660e-01   2.1554482e-01  -1.2142942e-01  -3.6944965e-01   3.1690772e-02   6.0458182e-01  -3.0652607e-01  -2.1278787e-01  -2.4012215e-01   3.5033233e-01   8.6036117e-02  -6.5438859e-02   9.2769020e-02  -2.7791460e-01  -8.7372311e-02   5.5129002e-02   2.7710529e-01   6.7133270e-02  -7.3822794e-02  -2.2520473e-01  -3.2048188e-01  -2.3546544e-01   1.6431243e-01   8.0124898e-03  -9.6719629e-02   5.1186187e-01   3.0509648e-02  -1.7173620e-01   5.8164186e-04   3.0352228e-01   9.1403878e-02  -1.4776578e-01   7.3907822e-02  -2.6943616e-01   1.0678854e-01  -6.9443584e-02  -1.3327994e-01   6.6204457e-02   1.1592031e-03  -1.7270424e-01   6.5090257e-01  -1.9230891e-01  -2.5356573e-01  -1.2287036e-01   6.5803245e-02  -5.4868276e-02   7.8780881e-03   4.3963855e-01   7.2788995e-02  -3.0352057e-01  -1.0325641e-01   2.7105261e-01  -2.0933270e-02  -1.8743490e-01   1.5263675e-01  -3.5385270e-01   2.4453079e-01  -2.1872237e-01  -3.4567975e-02  -1.2179234e-01  -3.8347640e-01  -2.3062366e-01   3.7834308e-01  -2.0179217e-01   1.8108901e-02  -1.0654390e-01   8.9062707e-02  -2.4994171e-01  -1.7551647e-01  -2.2734887e-02   3.3856385e-01  -8.9623749e-02  -2.2681227e-01   1.8777982e-02   2.8213388e-01  -1.5553384e-01  -1.1348382e-01   1.2262348e-02   2.1758108e-01  -3.0474642e-01  -4.3399376e-02   4.5862975e-02  -2.0111002e-01   4.5669403e-02  -2.5534391e-01   5.9977496e-01   1.0890033e-01  -3.6464542e-01   1.0101836e-01  -2.2047187e-01  -1.0587334e-01  -1.8553963e-01   1.2180666e-02  -7.8750916e-02  -2.6541052e-01  -2.1867634e-01  -7.7147135e-02   2.8763341e-01  -2.4988834e-01   5.5619534e-01  -1.6659402e-01  -3.1833759e-01   2.1867206e-01  -2.9257189e-01  -1.7711695e-01  -3.4552694e-01   2.7732290e-01  -1.3458089e-01   9.8617176e-02  -3.3709520e-01   6.0169937e-01  -2.0094524e-01   3.3829032e-02   1.8125479e-02   4.4049057e-01  -1.6006671e-01  -1.1906883e-01  -2.5334656e-01  -3.2345057e-01  -3.3336269e-01  -1.5855285e-01   1.6567368e-01  -1.0021764e-01   1.9445896e-02   2.5878173e-01   1.8314548e-01   3.3914756e-02  -1.2982744e-01  -3.7247729e-01   3.4949581e-01  -2.5071197e-02   2.4471937e-01  -2.7176703e-01
  -1.1949273e-01  -3.3493020e-01  -2.4040680e-01   0.0000000e+00  -7.0965539e-02   3.7670746e-02  -3.3097856e-02   4.1939293e-01   1.7946978e-01   6.6323118e-02   4.4036345e-01  -3.5308860e-01   1.5567267e-01  -7.9964062e-02   2.2691171e-01   5.2723424e-02  -2.1628839e-01   3.6504232e-01   1.8011818e-01   1.0094176e-01   3.0971727e-01   6.8528892e-01   3.1457844e-01  -1.0456933e-01   1.6116819e-01   1.7726073e-01   9.1571174e-02  -1.8110004e-01  -5.8983692e-02   1.8696833e-01   9.5240581e-02   6.7432721e-01   1.0969264e-01  -1.3865019e-01  -5.9906497e-02   1.3549369e-01   3.4396665e-01  -2.5729379e-01   3.5801539e-02  -6.0375794e-02   2.0947763e-01   7.7591252e-02  -1.8311901e-01   1.5223760e-01   5.9984709e-02  -2.9636491e-01   3.8996043e-01  -2.1150198e-02   2.0662493e-01  -2.0612467e-01   4.2371687e-01   3.6510161e-01  -1.0146636e-01  -7.9733253e-02   5.8616700e-02   1.0296077e-01   1.4759054e-01   6.7646315e-01   4.3570224e-01   9.5763276e-02  -2.4370241e-01   2.1966912e-01   5.6371169e-02   6.4832025e-02  -1.0952690e-01   7.8251437e-02   3.5317485e-02   2.0862157e-01   4.9737889e-01  -2.8308618e-01  -1.4717921e-01   5.4695893e-01   5.3993893e-02  -2.1708033e-01  -8.7869650e-03   4.2444609e-01  -1.9665660e-01   2.1304379e-01  -1.1604494e-01   4.0264550e-01   1.2133366e-01   1.4950231e-01  -1.3163584e-01   1.1167276e-01  -4.7291538e-01   4.3521998e-01  -7.3703503e-02   3.4284140e-02  -9.1720512e-02  -2.1984680e-01  -1.3058446e-01  -1.7812251e-01  -2.3575365e-01   3.8339575e-01  -1.8424161e-01  -3.1958882e-02   5.0857039e-01   2.9185033e-01   2.2203431e-01   3.7753436e-02  -3.0540298e-01   2.3434955e-01   3.3559175e-01   1.5841043e-01   6.3026960e-01   7.4730667e-01   4.4604151e-02   3.6950517e-01   1.5869482e-01  -2.5957098e-02  -2.1450420e-01   4.9601651e-01   6.1411438e-01  -1.6772898e-01  -3.1271020e-01  -7.8982379e-02   6.7612930e-02   8.6540514e-02  -2.4255214e-01   7.7363189e-01  -7.2832016e-02  -7.0306492e-02  -1.2561668e-01   2.7461025e-01  -2.6126861e-01   2.3945451e-02   2.8767158e-01   8.9701316e-02   5.7648122e-01  -2.2548730e-01   1.1911360e-01   8.7949038e-03  -1.9886304e-01   1.2307017e-01   2.8031434e-01   3.4832794e-01   3.0780712e-01   6.4063526e-02   3.9885932e-01  -4.8970133e-02  -7.7187164e-02  -1.6821069e-01   4.8439058e-01  -3.6203584e-01   5.5614580e-02   3.2456773e-01  -2.7595409e-01  -2.8449405e-02   2.6822289e-02   2.1210500e-01  -2.0839403e-01   1.0482121e-01   7.0597443e-03   1.0803778e-01  -2.7189633e-01  -7.8313840e-02  -1.5844254e-01   3.2529226e-01  -1.6747203e-01   3.6829460e-01   1.8887876e-01   4.4199383e-01   1.1438612e-01   6.5010275e-01   5.4834421e-01  -3.0427829e-01  -4.7650706e-02   3.3856641e-02  -1.7399723e-01  -1.7715305e-01  -1.8807499e-01  -1.8550396e-01   4.5301299e-01  -2.7779420e-01   5.0735443e-02   7.2724134e-02   6.3051301e-01
  -3.2734302e-01   2.1168477e-01   1.4052213e-01  -7.0965539e-02   0.0000000e+00  -1.8121797e-02   1.1372476e-01  -4.2106958e-01  -3.7112152e-01   2.7173542e-01  -1.4417282e-01   3.2926379e-01   4.6524427e-01  -2.9701618e-01  -1.6726004e-01   6.0723441e-01   3.3293171e-01  -8.0112822e-02  -3.6693955e-01   7.8033938e-01  -8.9083447e-02  -4.6088139e-01  -3.5821907e-02  -4.1970240e-01  -2.7700886e-01  -2.3797089e-01   6.6302192e-01  -4.8493479e-01  -7.5049052e-02  -4.5312734e-01  -1.1823024e-01  -3.6647445e-01   4.3756050e-01   1.2012750e-01  -1.4330707e-01   7.7436818e-01  -1.0407556e-01  -1.7603570e-01   6.0619520e-01   6.4891851e-01   5.5098723e-01   3.4157208e-01   2.2675696e-03  -3.3079339e-01   1.6122336e-01  -3.0526474e-01   2.7380597e-01   3.8733654e-02   2.2826271e-02   5.6445364e-01  -5.7778803e-02  -4.3556082e-01   2.8669868e-01   7.9053736e-02  -3.5481429e-01  -2.8504977e-01  -1.1050255e-01  -3.1771227e-01   2.9896331e-01  -3.7038608e-01  -3.2573818e-01   3.4900250e-01  -1.9474094e-01  -5.1825923e-01   1.4379366e-02   2.4839626e-01  -1.0607362e-01  -1.8448596e-01  -2.8558766e-01  -2.0238942e-01   4.2272893e-01  -2.6063343e-01   5.2513620e-01  -4.3019398e-01   1.3315519e-02  -4.0408666e-01  -3.3422404e-01  -2.1520012e-01   5.1470258e-01   1.5114798e-01  -9.2779932e-02   3.8863233e-01  -6.2441150e-02  -4.0854253e-01  -5.8089428e-02  -4.6060071e-01  -1.2676274e-01  -3.1060365e-01   1.2933201e-01  -3.5988898e-01   5.2701847e-01  -3.2118875e-01   4.4236801e-01  -4.9582541e-01  -3.4862757e-01   8.1171253e-01   1.8888905e-01  -1.5453480e-01   3.2958629e-01   2.3315495e-01  -4.3150117e-01  -4.4410314e-01  -2.5790696e-01  -5.1815588e-01  -1.8099808e-01  -2.7964634e-01   3.3129680e-02  -2.3436315e-01   2.5964468e-01   4.2308664e-02   1.9753042e-01  -4.2182224e-01  -4.5115177e-01  -3.8908463e-01  -3.2558589e-01   3.7168984e-01  -1.0548241e-01   5.1949247e-01  -5.1263146e-01  -1.4256800e-01  -4.3584833e-01   7.6055329e-01   1.7640119e-01  -4.1757616e-01  -3.8855271e-01  -4.0601252e-01  -2.4244021e-01   2.1551250e-01  -4.1381742e-01   1.5937806e-01   5.4274426e-01   3.5765248e-01  -4.1261158e-01  -8.5051035e-02  -3.1987863e-01  -4.6719452e-01   2.5712772e-01  -2.0203233e-01  -4.6649882e-01  -2.8693682e-01  -4.2064885e-01   3.0447259e-01  -3.2342336e-01  -3.0603782e-01  -8.4412056e-02  -2.6075491e-01   4.4875124e-01   9.7752869e-02  -3.3362478e-02   7.0449882e-02  -5.4050147e-01  -2.5477507e-01  -5.1717267e-01   6.1572114e-02   4.2912858e-01  -2.8793521e-01  -4.4681323e-01   4.3426174e-01  -2.0851816e-01  -3.0419340e-01  -1.1986273e-01  -4.4553908e-01   7.9196871e-02  -3.2275380e-01   9.2377260e-03   3.7713740e-01   3.0725549e-01  -3.8451259e-01  -4.2313362e-01   5.5059589e-01   5.5839325e-01  -2.5630242e-01  -1.9727558e-01  -1.9497514e-01  -5.1306018e-02   3.7992192e-01  -3.3517316e-01
   1.0679598e-02  -1.6323782e-01   9.7727243e-02   3.7670746e-02  -1.8121797e-02   0.0000000e+00   4.6616371e-01  -1.1149859e-01  -2.7004330e-01   6.7566724e-02   4.7810928e-01   1.9543910e-02  -8.2417568e-02   3.0436154e-01   5.2783218e-02   2.4750599e-01   9.6586196e-02   4.3412918e-01   1.0841955e-01   2.3200251e-01   5.3770113e-01   9.2489368e-02   2.9748645e-01  -1.0585414e-01  -2.7355090e-01  -3.2366625e-01   3.1798355e-01   8.6775493e-02  -2.0460958e-01   3.6239733e-01  -1.7651576e-01   1.9120045e-01   8.1793411e-02  -3.1229577e-02   1.0632193e-01   7.0564261e-02   5.1908439e-01  -2.8049387e-01   1.8635517e-01   1.5792422e-02  -6.4730127e-02  -1.3669181e-01  -5.6647491e-01   2.2672296e-01  -2.3173876e-02  -1.0393037e-02   3.9248514e-01   1.5815841e-01  -2.5728566e-01  -1.8760294e-01   4.7693063e-01  -1.5710539e-01  -2.4673861e-01  -1.6561357e-01   1.0692194e-02   2.1456301e-01   7.4829459e-01  -6.2774289e-02   5.7413602e-02   2.7768248e-01  -1.6124425e-01   1.2211916e-01  -5.0141915e-01  -3.1187228e-01  -1.6678448e-01   5.7631552e-01   8.5501768e-01  -1.4595901e-01   3.2179601e-01   2.2809798e-01  -1.2764612e-01   4.6373365e-01  -9.1233903e-02   1.9055244e-01  -3.6390861e-01  -9.5501954e-02  -2.9870940e-01  -5.8985802e-02  -4.6259693e-01  -3.2885475e-01   2.2764482e-01  -3.0545297e-02   4.0429559e-01  -2.9935285e-01   1.4802437e-01  -8.4432753e-02  -3.8301767e-02  -1.8593924e-01  -1.7932691e-01  -9.1941839e-02  -3.1156130e-01  -7.7760994e-02   2.3645667e-01  -9.0331544e-02  -2.4533032e-01  -5.0159846e-02   2.0274913e-02  -1.2788388e-02  -2.3763271e-01   2.8552881e-01   5.0265294e-02   3.7529543e-01   2.4327110e-01   4.6321497e-02   4.2756095e-01  -1.0006064e-01  -1.2830100e-01   1.0903283e-01   3.0321011e-01   6.6655355e-01   3.4583682e-01   3.2956117e-01  -3.8013844e-02  -6.8832748e-02   2.0299694e-01  -3.9205530e-01  -8.5899342e-02  -4.6374112e-02   4.1399976e-01   1.7634484e-01  -1.7900102e-01   8.2304983e-02  -2.2594253e-01   1.1331615e-01  -1.8082722e-01   8.5693446e-02   3.3574311e-01  -3.3815752e-01  -1.3377783e-01   3.5827461e-01  -4.7626118e-02   7.5563243e-02  -1.4938901e-01   1.2067769e-01  -2.3284568e-01  -1.6993504e-01  -3.1139328e-01   8.3520193e-02  -1.1370022e-01  -9.6310175e-02  -1.5476071e-01   7.8195824e-02   2.6862360e-01   4.5844862e-01   3.1844817e-01   1.1600456e-01   2.1772156e-01   8.0306039e-02   7.4466012e-01   5.7138824e-03   1.4456109e-02  -3.0428711e-01  -1.0775727e-01   6.7091773e-02  -8.5442817e-02  -1.2814700e-01  -1.1666438e-01   1.7029868e-01  -7.3213567e-02   3.0799470e-01  -8.8010786e-02   1.4070800e-01   2.8712507e-01   2.5369213e-01  -1.7013759e-01  -3.4361481e-01   4.3818111e-01   2.0225161e-01  -5.8491618e-02  -7.2231023e-02  -5.5006088e-02  -1.5933291e-01   1.4385278e-01   6.5206942e-01  -3.1901749e-01  -1.5048935e-01  -1.3102350e-01
  -4.0262060e-01   1.2927386e-01  -3.1403660e-01  -3.3097856e-02   1.1372476e-01   4.6616371e-01   0.0000000e+00  -1.2434658e-01   1.2603934e-02   5.2966031e-01   1.7658114e-01   2.8369986e-01  -1.1797670e-01   8.6879458e-02   3.7791977e-01   1.6074847e-01  -2.9883537e-01   4.0673130e-01  -7.0528808e-02   2.6380383e-01   4.2258783e-01  -8.8462529e-02   4.7754107e-01  -3.9122911e-01  -2.2139728e-01  -3.7055966e-01   2.5642821e-01  -1.0841473e-01   1.2665774e-02   2.7287451e-01   2.7509554e-01  -1.4302109e-02  -6.8065814e-02   4.1322237e-01   3.8772195e-01   2.7487638e-01   4.0161577e-01  -3.4035113e-01   1.0988209e-01   5.8796881e-02  -3.0035356e-02  -1.7625355e-01  -2.4370172e-01  -5.3653209e-02   1.9141876e-01  -2.6829292e-01   2.4905553e-01   7.6122697e-01  -2.0927925e-01  -3.3954096e-01   4.5012052e-01  -1.9635304e-01   3.4271334e-01  -2.4194094e-01  -2.2954715e-01  -1.8218978e-01   1.8028933e-01  -6.2944852e-02   8.2457227e-02   1.3470079e-01  -2.7968835e-01   4.3675112e-02  -2.9053136e-01  -1.3720172e-01   2.6983232e-01   6.8173289e-01   3.5851086e-01  -2.1703047e-01  -1.4223641e-01  -6.3768495e-02   3.6311319e-01   1.4004879e-01   1.2285856e-01  -2.7182153e-01  -2.9047554e-01  -2.3631211e-02  -3.7179739e-01  -7.0452968e-02  -3.0366728e-01  -3.2243247e-01   6.0287202e-01   3.9106995e-02   3.5227519e-01  -2.7683967e-01  -1.7737430e-01  -8.1493408e-02   4.3178466e-01  -1.8021344e-01   5.2610021e-02  -4.0667331e-01  -7.8389536e-02  -2.7653117e-01   4.8627501e-01  -4.6980594e-03  -3.7117280e-01  -1.0931757e-01  -7.8815854e-02  -1.4518522e-01  -2.0985326e-01   7.8000274e-01  -1.4453374e-01   1.2680436e-01   3.9155299e-02   1.9011804e-02   2.8805082e-01  -7.1449513e-02  -1.9924645e-01  -2.0460900e-01   4.1994678e-01   5.0226212e-01   5.3520611e-01  -3.0040138e-02  -4.1543544e-02  -4.1610812e-01   2.9592135e-02  -2.5265440e-02  -1.1492708e-01   1.6931745e-02  -9.6784299e-02   8.8553846e-03  -3.6055452e-01   2.7140783e-01  -1.3943465e-01   2.0594193e-01  -3.5438906e-01  -3.5908412e-01   3.1191705e-01  -2.5703117e-01  -1.7864162e-01   1.6081753e-02  -9.1418653e-02   5.7822882e-01  -4.3976153e-01   4.1580709e-01  -2.5737889e-01  -1.4277649e-01  -2.8666788e-01   2.3089406e-01  -7.0458694e-02  -3.3999215e-01  -4.2666895e-01  -1.2309494e-01  -7.1863940e-02  -1.3505629e-02   7.1210263e-01   3.0121472e-01   4.9714958e-01   2.3407894e-01   6.1617013e-01   4.4543972e-01  -4.1334714e-01  -8.9496684e-02  -4.4709293e-01   4.1938467e-01  -2.2372371e-01  -2.8370851e-01  -3.4634096e-01   5.9264092e-02  -2.8542228e-01   1.1250150e-01  -1.2910122e-01  -4.4982158e-02   4.3810792e-01   8.7758730e-03  -1.3771790e-01  -1.2495951e-01   6.4411526e-01  -2.2839006e-01  -4.5757640e-01   3.9486967e-02   9.6993344e-02  -3.4834114e-01   1.6732123e-01   2.0439073e-01  -1.7438758e-01  -6.4458400e-02  -1.8437285e-01
   4.2980791e-02  -2.4650605e-01  -2.1800062e-01   4.1939293e-01  -4.2106958e-01  -1.1149859e-01  -1.2434658e-01   0.0000000e+00   5.0712865e-01  -7.5795926e-02   3.0916865e-01  -3.0640483e-01  -2.5506065e-02  -9.7450861e-02   2.1433523e-01  -3.8989401e-01  -2.9913971e-01   2.3170213e-01   4.0678107e-01  -3.2592528e-01   1.4059063e-01   5.7209044e-01   1.4320103e-01   1.3303318e-01   3.8488461e-01   5.2786847e-01  -3.5852861e-01   7.1524924e-02   1.8616170e-01   2.6520822e-01   5.2261200e-02   5.2592953e-01  -1.9088553e-01  -1.6306824e-01   1.4844076e-02  -2.7082630e-01   1.1102557e-01  -7.1948905e-02  -3.6748046e-01  -3.7708215e-01  -5.6649977e-02   3.1973519e-02   4.1662739e-03   3.0325737e-01  -2.1588487e-02  -1.1440192e-01  -5.6893186e-03  -1.0362361e-01   1.8596778e-01  -3.5953356e-01   2.1981838e-01   8.2500508e-01  -2.5601041e-01   4.2777307e-02   1.6768929e-01   2.7459209e-01  -5.6509822e-03   5.8104803e-01   2.0670598e-01   2.7772026e-01   8.3562283e-02  -6.2372032e-02   3.3353745e-01   4.1847829e-01  -1.7027938e-01  -1.3750929e-01  -5.7579719e-02   2.9942063e-01   3.9914716e-01  -2.4651915e-01  -3.0021917e-01   3.2487845e-01  -1.6024725e-01  -4.2060844e-02   1.4794282e-01   6.5530465e-01   1.4999955e-01   5.9859320e-01  -2.1919603e-01   3.0245273e-01   9.1714963e-02  -1.6177925e-02  -1.1414632e-01   6.5004041e-01  -2.9145879e-01   6.5894397e-01  -4.0749894e-02   1.7735022e-01  -1.3666210e-02   5.6093270e-03  -1.9068094e-01   8.7462997e-02  -2.7274791e-01   5.6755585e-01   1.2237994e-01  -3.5240116e-01   2.2000295e-01   5.7654713e-01  -1.0597521e-02  -8.6207777e-02  -3.5661788e-02   4.1466396e-01   2.0096862e-01   4.7178990e-01   3.2530429e-01   6.4934293e-01   1.5069625e-01   6.8411263e-01  -1.9856059e-01  -9.1254807e-02  -1.7320157e-01   3.2672526e-01   5.3099528e-01   6.3212564e-02  -1.4214080e-01  -2.0909050e-01   3.4339928e-01  -7.0747274e-02  -5.6941176e-03   3.0144061e-01   2.2255506e-01  -2.9848779e-01  -1.0362604e-01   3.7928478e-01  -3.0147997e-03   7.7161423e-02   3.0993539e-01   7.5319191e-02   7.2273087e-01  -3.9278253e-01  -1.2593610e-01  -2.0542411e-01   5.4477563e-02   4.5351483e-02   5.3164593e-01   7.9037435e-01   1.7277103e-01   4.4050699e-02   6.9862254e-01   1.2281732e-01   2.1619051e-01  -1.6232778e-01   4.4168440e-01  -1.5711918e-01   1.8668306e-02   4.3124816e-01  -3.9633129e-01   1.2452571e-02  -9.2072404e-03   3.7987365e-02   9.4135448e-02   4.2335458e-01   3.4417176e-01   1.0213194e-01  -3.0837529e-01   6.5213581e-02   1.0917370e-01  -2.6441796e-02   3.3266697e-03   1.7873518e-01   2.7079295e-01   6.6456598e-01   1.4359246e-01   5.5323713e-01   3.6183061e-01  -3.0645718e-01  -4.8287815e-02   1.3796824e-01   9.5246339e-02  -1.8660426e-01  -2.1490871e-01  -2.0287854e-02   4.2598544e-01  -2.5574277e-01   9.3059182e-02  -7.5404478e-02   5.6056424e-01
   6.1293933e-02   1.4075179e-01  -3.4879610e-01   1.7946978e-01  -3.7112152e-01  -2.7004330e-01   1.2603934e-02   5.0712865e-01   0.0000000e+00  -1.2731212e-01   1.1328173e-01  -8.2809420e-02  -1.1146671e-01  -2.0767637e-01   1.6195172e-02  -6.3210019e-01  -4.4885555e-01   2.1375851e-02   2.6025008e-01  -3.1587693e-01  -1.2013252e-01   4.4475850e-01  -2.2206663e-02   2.3177440e-01   4.7716134e-01   4.3641949e-01  -3.3100334e-01   2.2812431e-02   2.8013582e-01   4.4778346e-01   3.9847723e-02   2.4726118e-01  -4.6563975e-01  -1.6907898e-01   4.3987631e-01  -2.3397710e-01  -1.3504835e-01  -3.7139806e-02  -5.9713717e-01  -4.3773160e-01  -1.7805146e-01  -1.9465616e-01   4.5266361e-01   1.6654642e-01   1.5169912e-01  -2.6262417e-01  -2.8261844e-02   8.3513329e-02   2.6733501e-01  -5.4047205e-01   4.1225678e-02   4.4806224e-01   2.0419921e-02   3.6086972e-02   4.0841180e-02   4.6169692e-02  -1.4252857e-01   4.0269317e-01  -1.9684395e-02   4.0200943e-01  -1.4740522e-01  -2.3064074e-01   7.5782064e-01   4.5648921e-01   2.5294888e-01  -1.1009372e-01  -2.3745643e-01   4.0928486e-01   1.0397328e-01  -3.2325871e-01  -1.5196222e-01   2.2433057e-01  -1.1908927e-01  -4.6713719e-02   2.9829861e-01   4.6153993e-01  -3.6877833e-03   2.7208806e-01   6.3671880e-02   2.1269642e-01   2.7855764e-02  -1.5060288e-01  -1.6660262e-01   5.7230369e-01  -3.7567920e-01   4.3649223e-01   2.8513793e-01   2.5802471e-01   2.1706836e-01   1.3669873e-01   1.0215086e-01  -1.0158502e-01  -2.3392792e-01   7.8340714e-01   4.4438370e-02  -3.5688040e-01   1.4839857e-01   2.9696774e-01   6.6819649e-02  -4.2042206e-02  -1.2875716e-01   1.8769741e-01  -1.0814078e-01   7.0275882e-01   2.0120090e-01   4.1080404e-01  -4.1318358e-02   2.8644859e-01  -3.7970621e-01  -1.6789968e-01  -1.4654033e-01   2.3729843e-01   5.3009076e-01   1.1571359e-01  -1.7155779e-01   7.8827024e-02   2.6231599e-01  -8.0873356e-02  -1.2457427e-01   1.8070013e-01   2.0102684e-01  -1.5136652e-01   6.8918291e-02   4.6545983e-01  -1.1378846e-02   1.4073085e-01   3.0232889e-01   2.0383181e-01   6.1497169e-01  -4.2260893e-01  -2.9030337e-01  -2.7983110e-02   1.5218742e-01   1.9665528e-02   6.3603797e-01   5.6340512e-01   1.1642129e-01   8.9766538e-03   5.2717652e-01   3.2803390e-01   3.2998908e-01  -2.1240632e-01   1.8368827e-01  -1.9817869e-01  -1.1429834e-01   3.3084817e-01  -2.9564741e-01   2.2866397e-01  -1.0850963e-01   5.3608925e-02   2.4148354e-02   3.7417724e-01   2.8706863e-01   1.4900148e-01  -2.3197021e-01   2.4991491e-01   5.2559065e-02  -2.1653412e-01  -2.3275411e-01   1.1095461e-01   4.9236213e-01   3.2049142e-01   8.7950340e-02   4.2434875e-01   2.9551334e-01  -1.7033790e-01  -2.7915974e-02   1.2328385e-01  -1.9193671e-02  -2.7824032e-01  -9.9929201e-02  -9.5610340e-03   5.0811057e-01  -2.9272960e-01   2.7968390e-01  -2.3552807e-01   4.3694674e-01
  -4.2760962e-01   4.9110018e-02  -2.2117553e-01   6.6323118e-02   2.7173542e-01   6.7566724e-02   5.2966031e-01  -7.5795926e-02  -1.2731212e-01   0.0000000e+00  -8.2984273e-02   1.9736858e-01   1.9497849e-01  -3.2118823e-01   2.3525127e-01   2.2101766e-01  -1.5357847e-01   2.5891786e-01  -1.0200826e-01   3.1763384e-01   1.5050092e-01  -1.1789945e-01   3.6281610e-01  -4.6984983e-01  -1.5233563e-01  -2.2860368e-01   1.7168968e-01  -2.8355277e-01  -6.5296884e-02  -2.8678696e-01   2.9737576e-01  -7.4767379e-02  -9.7353124e-02   4.9306551e-01   6.9210095e-02   4.6505796e-01   1.4342509e-01  -2.3306818e-01   1.8975714e-01   2.9590719e-01   2.9782086e-01  -6.1099918e-02  -7.4235700e-02  -2.2348239e-01   1.2268076e-01  -1.9056283e-01   1.8083717e-01   4.3312944e-01  -1.7872320e-01   2.5706117e-02   3.3775081e-01  -1.9099040e-01   5.7515711e-01  -1.7532343e-01  -2.3180846e-01  -2.2217131e-01  -5.5735959e-02   6.3449687e-02   2.6805668e-01  -3.1514640e-01  -1.0531612e-01   1.4262427e-01  -3.0487824e-01  -1.5105398e-01   1.3057513e-01   5.8126079e-01  -3.2436268e-02  -1.3349677e-01  -3.2816815e-01  -1.7991741e-01   4.5455260e-01  -9.3058811e-02   3.4854932e-01  -4.0704218e-01  -1.8908212e-01  -5.6133418e-02  -1.3027688e-01   2.1354469e-02  -4.4082233e-02  -1.3926151e-01   2.9585279e-01   2.5777695e-01   6.6602367e-02  -1.3855660e-01  -1.9786692e-01  -5.9309756e-02   9.3559333e-02  -2.7553833e-01  -5.3897595e-02  -3.9024010e-01   1.4077818e-01  -7.1433757e-02   5.3038546e-01  -1.0594748e-01  -2.0352989e-01   2.3637644e-01  -1.7348967e-01   2.0917117e-02  -1.1694024e-01   6.5657014e-01  -2.1428818e-01  -1.4567461e-01  -1.0310526e-01  -2.9210908e-01  -1.6926340e-02   3.9335965e-02  -2.0673525e-01  -7.4675472e-02   4.3131457e-01   2.0494175e-01   3.7148060e-01  -2.6606513e-01  -2.3263413e-01  -3.8815777e-01  -8.5731614e-02   1.3639090e-01  -1.2831673e-01   2.6713474e-01  -3.6922922e-01  -4.0720617e-02  -2.3033948e-01   3.2802058e-01  -1.6082914e-02  -1.7513362e-01  -2.4262982e-01  -5.5183620e-01  -1.9317836e-01  -5.4397718e-02  -6.8922371e-02  -1.2567925e-01   1.2608470e-01   6.3803527e-01  -5.5157015e-01   3.7236582e-01  -2.1120133e-01  -9.0723892e-02  -1.1574835e-01   3.0778174e-02  -8.7245068e-02  -3.8563913e-01  -4.7795233e-01   7.0571905e-02  -1.8696686e-01  -3.5691586e-01   3.9740585e-01   5.1967818e-02   4.6436692e-01   3.1488571e-01   3.6808742e-01   6.0742294e-01  -3.7313616e-01  -1.0634661e-01  -3.2362828e-01   2.3968653e-01  -7.7203790e-02  -3.1690486e-01  -9.3448952e-02   1.8129124e-01  -1.3523064e-01  -1.7205213e-01  -1.3167223e-01  -8.2090408e-02   5.3519308e-01  -1.5547273e-01   1.1071481e-01   6.7435340e-02   4.1970973e-01  -4.5381040e-01  -3.0187656e-01   2.8943865e-01   2.9516737e-01  -2.2096775e-01  -5.5589854e-02  -1.9706442e-01  -5.5444897e-02   6.6957569e-02   1.9066548e-02
   8.3324401e-02  -4.2395010e-01  -2.1137668e-01   4.4036345e-01  -1.4417282e-01   4.7810928e-01   1.7658114e-01   3.0916865e-01   1.1328173e-01  -8.2984273e-02   0.0000000e+00  -3.7178742e-01   3.5134883e-02   1.4235763e-01   2.6006184e-01   4.3741473e-02  -2.7411496e-01   7.2361731e-01   1.1365337e-01   1.0744697e-01   5.5820918e-01   4.2628721e-01   4.1975112e-01   2.4880163e-02   5.6870828e-02   5.5424950e-02   9.6584418e-02   9.6079424e-02  -5.3991623e-02   5.6863844e-01  -8.0093160e-02   6.1879792e-01   7.4347086e-02  -2.7092618e-01   1.0398672e-01   1.2641186e-01   5.1917712e-01  -1.6988272e-01   4.9797328e-02  -3.9029116e-01   1.2322565e-01  -3.7231529e-02  -4.0849868e-01   3.6941752e-01  -2.0139468e-02  -1.0632200e-01   6.4587331e-01   3.5794269e-02   7.5116843e-02  -4.6455195e-01   7.0695414e-01   3.3167312e-01  -3.9731506e-01  -1.3146164e-01   1.2475450e-01   4.7306489e-01   4.6960480e-01   3.5461104e-01   3.4499491e-01   2.7138357e-01  -1.1429958e-01   1.7653084e-01  -1.6493815e-01   4.4543272e-02  -1.6031809e-01   3.0390396e-01   4.3475510e-01  -4.1262589e-02   6.8128234e-01  -6.0085448e-02  -4.4015724e-01   6.7174936e-01  -6.4531680e-02  -1.2034792e-02  -1.6674206e-01   2.9696064e-01  -1.5861015e-01   2.0290058e-01  -3.1852109e-01   8.0105476e-02   2.5220874e-01   2.9047061e-02   1.7705392e-01  -1.3338500e-02  -3.5233023e-01   3.8879653e-01  -7.4354114e-02   1.0684721e-02  -1.9837513e-01  -1.1562438e-01  -2.8023312e-01  -1.4632894e-01  -1.8953379e-01   2.9474579e-01  -1.4880437e-01  -2.5654406e-01   3.4062969e-01   8.5624338e-02  -8.2106405e-02   1.3845563e-01  -1.1966038e-01   7.0501833e-01   4.2188102e-01   2.4266309e-01   7.6580991e-01   2.9544719e-01  -5.5832273e-02   3.2658951e-01   1.6960801e-01   3.3781837e-01   3.0149234e-02   6.0571904e-01   3.6942513e-01  -5.2727352e-02  -8.0248399e-02  -3.9772572e-01   1.4714934e-01   7.0377518e-03   1.7388892e-01   4.1947680e-01  -6.3051270e-02  -1.8734314e-02  -3.1632255e-01   3.7395578e-01  -1.4091174e-01   2.5331034e-01   4.9805451e-01  -1.4441835e-01   3.0017850e-01  -6.9300943e-02  -4.6463838e-03   5.9492584e-02  -1.1915622e-01   1.8258289e-01   3.7211950e-02   2.7313769e-01  -6.4304743e-02   1.9548473e-01   3.2562319e-01   5.0839897e-02   6.8195343e-03  -4.4864690e-02   6.5133720e-01   4.2192898e-02   2.2955907e-01   5.0839011e-01  -3.0045096e-01   1.5475235e-01   4.5990831e-01   7.3757638e-02  -3.2026074e-02   1.1306877e-01   1.9560442e-02   3.8044052e-01  -4.2279553e-01  -4.0016270e-02  -1.2744418e-01   3.5888497e-01  -6.8788517e-02   5.7576017e-01   1.8184969e-01   6.4845258e-01   2.5509868e-01   7.6394978e-01   3.9429735e-02  -5.1586717e-01   4.4852739e-01   3.3981855e-01  -1.0248775e-01  -2.8061464e-01  -2.5545991e-01  -1.3826323e-01   5.3783032e-01   1.7591050e-01  -2.8424170e-01  -6.9647718e-02   2.0862867e-01
  -2.7611002e-01   6.0516684e-01   2.4879497e-01  -3.5308860e-01   3.2926379e-01   1.9543910e-02   2.8369986e-01  -3.0640483e-01  -8.2809420e-02   1.9736858e-01  -3.7178742e-01   0.0000000e+00   1.1704464e-03  -1.8989269e-01  -2.3512677e-01   1.8557298e-01   2.3014294e-01  -3.7548747e-01  -1.8137823e-01   3.2470758e-01  -3.9226789e-01  -4.4779435e-01  -4.0678776e-01  -3.1365587e-01  -1.5344084e-01  -7.8728824e-02   2.1258115e-01  -3.3356293e-01  -1.5455743e-02  -1.4272874e-01  -2.2665631e-01  -4.4209560e-01   1.6575434e-02   5.4667801e-01   4.1896219e-01   8.4829544e-02  -2.8356795e-01  -1.8295652e-01   1.3627421e-01   4.0149747e-01  -1.9388365e-03   1.1094083e-01   3.9808892e-01  -1.6287485e-01   3.5652339e-01  -2.0488125e-01  -3.1224655e-01   1.3577890e-01  -1.2468887e-01   3.0745119e-01  -3.0039146e-01  -2.7543405e-01   3.1118945e-01   4.8116676e-02  -1.7070175e-01  -4.0498751e-01  -1.5799239e-01  -4.5169047e-01  -6.2895115e-02   1.5771261e-01  -2.3912953e-01   4.8795648e-02   1.0723514e-01  -3.1558264e-01   2.7701155e-01   9.0655321e-02  -3.1330918e-02  -1.2981669e-01  -4.0516487e-01   2.9781440e-02   4.7265694e-01  -3.8884894e-01   1.1327049e-01  -1.2726896e-01   1.2100980e-01  -2.9093265e-01  -2.8520144e-01  -1.5926690e-01   3.5074017e-01  -1.2672965e-01  -1.2633467e-01   9.8843957e-02  -6.1317893e-02  -7.3450444e-02   3.3368576e-01  -3.3495115e-01   2.8991614e-01  -1.3909065e-01   2.9955805e-01  -2.3473868e-01   3.0068857e-01  -1.6282172e-01   6.6133511e-01  -2.7382739e-01  -3.0565542e-01   2.1118963e-01  -1.1152291e-01  -2.0610850e-01   4.7680356e-02   2.5350938e-01  -2.2903067e-01  -3.4558525e-01  -3.7505369e-01  -1.2575026e-01  -3.6463722e-01  -3.6136818e-01  -4.7969875e-02  -3.0042832e-01   2.2921799e-02  -4.5053192e-02   2.5898586e-01  -3.1884727e-01  -3.6255131e-01  -2.4427496e-01  -6.0613542e-02   3.1490663e-01  -8.5116008e-02   1.2182327e-01  -1.3258472e-01  -2.5289039e-01  -3.5365813e-01   3.9104397e-01   5.2775216e-01  -2.6192123e-01  -2.8032652e-01  -2.6458315e-01   1.0824851e-02  -2.2308106e-02  -4.0021705e-01   1.6249759e-01   3.4922062e-02   1.6606685e-01  -8.4948879e-02  -2.4767592e-01  -5.2163914e-03  -3.2434964e-01   1.2170213e-01  -2.6620600e-01  -3.0123619e-01  -2.5071435e-01  -2.3668158e-01  -8.3624064e-03  -3.7434591e-01   1.6293439e-01   1.0296822e-01  -3.2223218e-01   7.2891120e-01  -5.0997357e-02  -5.2131655e-02  -1.2209115e-01  -3.1446024e-01  -1.8734716e-01  -2.7602637e-01  -9.7518838e-02   5.5324894e-01  -2.0729510e-01  -2.4233562e-01  -6.9203801e-03  -2.3235548e-01  -3.7316312e-01  -9.2680661e-02  -4.1103307e-01  -1.8668607e-01  -4.3236385e-01  -1.9766324e-01   6.5014831e-01   1.8374115e-01  -2.2403811e-01  -1.8876765e-01   2.5428056e-01   5.6567461e-01  -2.6214082e-01  -3.4975119e-01   1.2537050e-01   6.1236627e-02   1.1717039e-01  -4.2254000e-01
  -2.0766688e-01  -1.7111643e-03  -2.5513409e-02   1.5567267e-01   4.6524427e-01  -8.2417568e-02  -1.1797670e-01  -2.5506065e-02  -1.1146671e-01   1.9497849e-01   3.5134883e-02   1.1704464e-03   0.0000000e+00  -2.8148927e-01  -1.6889740e-01   3.9460383e-01   6.0719407e-02  -2.2574465e-02  -1.9840767e-01   4.4253333e-01  -4.1308632e-02  -8.8078572e-02  -2.3392945e-02  -3.3609657e-01  -6.1076249e-02  -1.3480845e-02   3.2334321e-01  -4.1951811e-01  -1.2802526e-04  -2.5999104e-01  -1.0302057e-01  -6.6710468e-02   1.7278573e-01  -5.5472242e-02  -6.6934575e-02   4.9267157e-01  -1.0974784e-02  -1.9533926e-01   4.4546852e-01   3.6379504e-01   7.6982908e-01   1.3759047e-01  -4.5668602e-02  -1.1369111e-01   1.7549141e-01  -2.4989892e-01   2.8838832e-01  -1.3675571e-01   2.3507600e-01   3.0657683e-01   7.5930897e-02  -6.3839191e-02   7.1365062e-02  -1.2256234e-02  -2.2635274e-01  -6.2691890e-02  -6.4200640e-02  -5.5854193e-02   5.7254960e-01  -1.6861518e-01  -2.2898381e-01   4.0609073e-01  -2.4342951e-02  -1.5400519e-01  -9.7334603e-02   9.1756836e-02  -1.4012466e-01   4.6322744e-02   1.6188069e-02  -2.3337443e-01   9.4774873e-02  -1.7831065e-02   5.2597892e-01  -3.4643206e-01   3.7097234e-02  -1.2601166e-01  -1.7421022e-01   3.4163411e-02   2.9103637e-01   4.1691196e-01  -1.9398681e-01   5.8322557e-01  -2.1695973e-01  -6.6713296e-02  -3.0045309e-01  -1.7681889e-01  -1.2459490e-01  -1.9900052e-01   1.5785825e-01  -2.7301053e-01   3.0311504e-01  -2.6417850e-01   1.5800960e-02  -1.6587251e-01  -2.5897188e-01   5.5604782e-01   3.6830186e-01   1.1819393e-01   2.7679693e-01   1.7404673e-02  -3.8523728e-01  -8.1051310e-02  -1.2179138e-01  -2.2154420e-01   2.1548699e-02  -2.5330436e-02  -1.4312788e-01   1.3228171e-01   1.2507952e-01  -9.2594395e-02   2.8811590e-03  -1.3445755e-01  -6.8112831e-02  -2.8455816e-01  -2.9222364e-01   1.7178733e-01  -2.8711867e-02   7.3265301e-01  -3.8420598e-01   7.4078979e-02  -2.9000025e-01   3.7007151e-01   6.5395460e-02  -6.2924008e-02  -2.9722821e-01  -1.6835905e-01  -1.1094158e-01   2.6501305e-01  -3.5080100e-02   7.0929906e-02   6.9832186e-01   1.4152326e-01  -3.1103233e-01  -4.9162637e-02  -2.5912781e-02  -1.0234083e-01   4.4683593e-01  -1.7282482e-01  -1.8192445e-01  -2.9366597e-01  -3.1469318e-01   5.0909008e-01  -2.0007377e-02  -3.1599977e-01  -2.0237990e-01  -2.5571179e-02   6.9861114e-02   1.4052457e-01  -1.2885762e-01   2.9195468e-02  -3.4293219e-01  -7.2365871e-02  -3.0958521e-01  -9.1559621e-02   1.9164546e-01  -2.8327074e-01  -2.9805939e-01   5.5003861e-01  -1.9527942e-01  -1.8493519e-01   1.9750390e-01  -9.5528367e-02   3.9934662e-02   5.1820702e-02   1.6649492e-01   1.3305874e-01   1.9311138e-01  -1.6351318e-01  -2.5734301e-01   2.6922199e-01   2.8736585e-01  -2.6208330e-01   6.9179700e-02  -2.8343827e-01   1.1676591e-01   1.1635341e-01   8.5899680e-02
   1.4870591e-01  -2.1168034e-01   7.2003050e-02  -7.9964062e-02  -2.9701618e-01   3.0436154e-01   8.6879458e-02  -9.7450861e-02  -2.0767637e-01  -3.2118823e-01   1.4235763e-01  -1.8989269e-01  -2.8148927e-01   0.0000000e+00   3.3906998e-01   2.2451006e-02   1.4901535e-02   6.4904731e-02  -1.0444097e-01  -3.0106046e-01   4.2891101e-01   9.1998638e-03   2.6129779e-01   1.4724032e-01   7.1312382e-02  -7.0045660e-02  -1.5006538e-01   5.6443981e-01  -1.7879542e-01   2.6094551e-01   2.2168165e-01   1.2595896e-01   1.1483400e-01  -1.6445039e-02   5.4985812e-02  -3.2821089e-01   2.5747005e-01  -6.8778550e-02  -2.1572483e-02  -2.1188317e-01  -3.6931642e-01  -2.2228146e-03  -3.2266999e-01   3.2618061e-01  -2.7122008e-01   8.4049377e-02  -2.1135722e-02   1.4312159e-01  -3.0672577e-03  -2.2698862e-01   1.9055379e-02   6.1965468e-03  -2.6558593e-01   1.6850663e-01   4.0403830e-01   2.4885325e-01   1.8481729e-01  -2.3873046e-01  -2.4153495e-01   1.1069547e-01   7.0350315e-02  -1.0403148e-01  -2.5910449e-01   7.7173101e-02  -2.0432308e-01  -7.8538559e-02   3.9045367e-01  -1.6145433e-01   1.9427301e-01   1.8346629e-01  -1.8254253e-01   8.5612927e-02  -3.2945909e-01   3.0484818e-01  -9.4761554e-02  -2.0042974e-02  -3.8664849e-02  -3.5223827e-02  -4.2687512e-01  -1.9555999e-01   4.0224210e-01  -1.5283552e-01   4.9209778e-01  -1.1024685e-01   3.3081546e-01   1.0081630e-01   1.5569041e-01   3.8830862e-01  -1.4936651e-01   1.9795070e-02  -4.3334727e-01   3.4593367e-02  -1.8537265e-01  -1.8323425e-01  -2.7311876e-03  -3.8754827e-01  -6.4271694e-02  -2.5571383e-01  -1.9827906e-01  -6.7096811e-02   5.3063832e-01   2.6617404e-01   4.7612027e-01   6.9533925e-02   1.0589287e-01  -2.2743209e-01   1.6372611e-01  -1.6004159e-01   1.2924729e-01   2.9561107e-01   1.4978739e-01   1.6083660e-01   7.6337461e-02   4.3163502e-02   4.6373569e-01  -3.7498467e-01   1.3935565e-02  -3.2404510e-01   4.3144304e-01  -5.4835513e-02  -7.3588758e-02  -3.8185121e-01  -1.0711664e-01   1.9805308e-01   4.7379766e-02   3.4529605e-01   1.9401268e-01  -1.1087314e-01  -1.5981630e-01   1.2371722e-01  -2.3289010e-01  -2.8517847e-01   2.4450607e-01   1.9249840e-01  -3.0121555e-01  -3.5862605e-02  -1.9167095e-01   5.5041169e-01   3.5222999e-02   5.2553715e-02   1.6136872e-01  -1.3872658e-01  -6.6246773e-03   3.8204462e-01   2.8463231e-01   2.1125407e-01  -6.1633416e-02  -2.5819784e-01   2.2894096e-01  -7.6041331e-02   3.2696959e-01   2.2941186e-01  -5.4236730e-03   1.8274446e-02  -1.9706830e-01   1.2914276e-03   1.7642285e-02  -8.6235756e-02   6.7037010e-02   4.3059475e-01  -2.0863952e-01   5.7848518e-02   3.2835974e-02  -1.2429065e-02  -3.5715873e-01  -2.5337297e-01  -8.3475111e-02   4.9490474e-01   7.9082264e-02  -1.3593303e-01  -4.3505944e-01  -5.4117138e-02  -1.5788798e-01   3.3779425e-01   2.0915996e-03  -4.3114301e-02  -2.4385633e-01
