   0.0000000e+00  -9.7840998e-02   2.7042858e-01   4.0699081e-02   3.5583641e-01  -2.8531266e-01  -4.2156083e-01   3.6359459e-01  -9.8173776e-02  -4.6452683e-02  -2.2637298e-01   2.3587891e-01   1.3088808e-01  -2.4009653e-01  -4.1144978e-01  -1.2169458e-01   1.9372087e-01  -2.4670447e-01   3.2832792e-01   3.0205930e-01  -4.0525513e-01  -1.5612721e-02  -3.8745299e-01   3.8755745e-01   1.5976812e-01   3.3080575e-01  -2.7177673e-02   1.1404751e-01   1.0300003e-01  -2.9394443e-01  -3.1735511e-01  -7.6252227e-02   8.8889223e-02  -9.5108362e-03  -3.4942274e-01   1.3204462e-01  -4.0222413e-02   3.7946823e-01  -2.6093928e-02  -9.0040076e-02   1.8024734e-01  -4.7187288e-02  -1.7232848e-01  -1.6139155e-01  -4.3971954e-01   4.2891458e-01  -7.2401143e-02  -4.6831742e-01  -2.5985376e-01   2.4950373e-01  -2.8782032e-01   5.9407844e-01   3.7199094e-02   2.7702165e-01   6.0369562e-02  -2.4179800e-01   2.1689022e-01  -5.0807062e-02  -1.5015917e-01  -1.9172080e-01   1.8178092e-01  -1.8439495e-01   1.2505644e-01  -1.0549569e-01  -1.8868438e-01  -2.5702018e-01   3.5956480e-02  -4.2310250e-02   1.3098279e-03   9.8930047e-02   6.2467257e-02  -4.6955053e-02   5.7173889e-02   1.7754594e-02   5.1104433e-01   2.3384328e-01   4.4105533e-01  -1.2713292e-02   1.5527398e-01   5.7143947e-02  -3.8236866e-01   7.9472548e-02  -8.8984166e-02   5.0974255e-01   3.0575044e-03   8.3339530e-02  -2.2113385e-01  -6.9246657e-02   3.1685917e-01   6.1312332e-01   2.4022284e-01   5.6891502e-01   2.9770504e-01  -2.3957096e-01   4.5988267e-01   2.3071662e-01   7.0607129e-02   4.0778028e-01   6.5134766e-02  -4.0390503e-01  -2.1070457e-01  -3.4014475e-01  -2.3974812e-01  -1.0833651e-01  -1.9132140e-01   3.4505062e-02   1.6512335e-01   1.1446272e-01   9.3008373e-02  -1.8275094e-02  -1.0535357e-01  -3.1219484e-01   1.8601261e-02   7.5411466e-01  -2.1454050e-01   2.6861805e-01  -6.6015541e-02   1.6773825e-01  -1.5920479e-01   4.0188624e-02   6.0682648e-01   1.1319645e-01   2.3228995e-01  -2.1441491e-01   6.7781880e-01   1.1027112e-01  -5.3460301e-01   3.2925558e-01   2.8304301e-01  -8.9082340e-02   2.8244432e-01  -3.3293090e-01   1.9888382e-01  -1.8659374e-01   2.2682364e-01   4.1123595e-01   1.8869092e-01  -3.2901546e-01   3.0850467e-01   5.7196863e-01   5.8448312e-01  -4.5949333e-02  -2.1661424e-01  -1.8887026e-01  -5.1654000e-01  -2.5157536e-01  -1.8039645e-01   3.5121893e-01   7.5721071e-02  -2.2005012e-01   1.3626084e-01  -9.2429490e-02   4.7288596e-01   1.1095204e-01   1.0269032e-01   5.8097684e-01   4.4138026e-01   6.5255112e-04   4.3468785e-01  -2.7322352e-01  -7.1439090e-02  -2.6252562e-01   1.5589013e-01  -1.3810584e-01   2.0276263e-01   1.1683411e-01   4.3164176e-02  -2.7928570e-02   4.0347324e-01   2.7294659e-01   2.1558520e-01   2.3829574e-01  -1.7133900e-01   1.1519596e-01   1.9223284e-01   3.7266507e-01   2.1469209e-01
  -9.7840998e-02   0.0000000e+00   2.5356926e-01  -4.8003241e-01   3.1510504e-01  -3.7734261e-01  -6.6625978e-02  -3.8141638e-01   6.9517286e-01   3.2607619e-01  -2.4717248e-01   4.7187420e-01   6.4301377e-02  -1.3603469e-01  -1.1213866e-01  -2.4271048e-01   3.9727471e-01  -3.7591278e-01  -2.0629328e-01   3.7556673e-02  -3.5258680e-01  -4.4492528e-01  -2.3808429e-01   3.1271028e-02  -2.2391624e-01  -2.6866630e-01  -2.2517731e-02  -5.2255430e-01   8.2055284e-02   6.6984262e-02   7.1788411e-02  -4.2623512e-01  -1.9012955e-01   4.1426447e-01   5.6067876e-03  -2.2973133e-02   4.2087552e-01   3.2802496e-01   2.5534891e-01   1.2358718e-01   2.3702329e-01  -2.6255809e-01   5.9035795e-01  -8.1429338e-03  -3.1050973e-01   2.4917490e-01  -3.8244469e-01   3.8507186e-02  -1.9720698e-01   3.8184469e-01  -4.8014051e-01  -8.5378466e-02   4.4564962e-01  -3.7563640e-02  -3.4719679e-02  -4.4573636e-01  -3.2535091e-01  -5.1091096e-01  -8.4082523e-02   4.9084196e-01   1.1693176e-01   1.7626009e-01   7.0764486e-01   4.7743654e-01   4.7338640e-01  -3.1103504e-01  -1.0188814e-01   3.2863472e-01  -4.7970987e-01   1.5107725e-01   4.6404503e-01  -5.0844156e-01   1.1465905e-01  -2.2616561e-01  -2.0229312e-01  -3.3430030e-01   2.0621246e-02  -3.8505669e-01   6.5059253e-01  -2.0189585e-01  -4.7304568e-01   5.7828888e-03   3.4232294e-01  -2.2705083e-01   2.8557492e-01  -4.3340292e-01   8.1713666e-02  -3.9380620e-01   3.6069713e-01  -9.0575327e-02   4.5595280e-01   8.0884313e-02   4.1123583e-01   5.6362048e-01   5.1769768e-02   1.7443297e-01  -3.4194016e-01  -3.0364932e-01   4.9147940e-03  -3.6973161e-01  -1.4537213e-01  -5.1141892e-01  -4.5038229e-01   5.9185062e-01  -4.7030576e-01  -4.6499679e-01  -3.9268871e-03  -5.0608119e-01  -8.7929157e-02   2.8785086e-01   1.5182435e-01  -5.0627140e-01  -2.5040733e-02  -1.3234957e-01  -2.8508135e-01   4.7478050e-01  -3.7662946e-01   1.7948184e-01  -1.7067419e-01  -4.6640933e-01  -4.4060744e-02   3.4232643e-01   3.9443521e-01   5.4333835e-01  -1.1291592e-01  -3.2271824e-01  -3.3247562e-01  -1.8825232e-01  -4.2787246e-01   2.7935673e-01  -6.4621685e-02   2.1809616e-01   7.3923501e-02   2.0666359e-01  -1.0988695e-01  -2.5446064e-01  -1.1863745e-01  -1.7890076e-01  -3.7500091e-01   4.4830745e-02  -7.4374342e-02   2.2292730e-02  -3.8009090e-01   1.4690989e-02   1.5353776e-01   6.8331958e-02  -3.9572978e-02   1.8432049e-01   6.6723516e-02   3.8640908e-01  -3.7838357e-02  -4.3404452e-01  -5.7731541e-02   6.3154917e-01   5.5400386e-01   1.3872862e-01  -1.3998122e-01  -1.6932899e-01   1.7098883e-01  -4.5109698e-01  -5.1022000e-02  -1.0798385e-01   3.7846254e-01  -1.5900325e-01  -3.8219743e-01   4.5910044e-01   1.7034290e-01  -2.5909607e-01  -1.6055346e-01   2.2001515e-01   5.1714132e-01   3.1047717e-01   1.8376903e-01   1.5564895e-01  -2.5805594e-01   7.6346199e-02  -3.2586251e-01
   2.7042858e-01   2.5356926e-01   0.0000000e+00  -2.4621098e-01   3.4261084e-01   1.7236562e-01  -8.9164700e-02   1.5366979e-02   1.0223460e-01   2.2710346e-01  -2.4293253e-01   5.9733416e-01   1.2965485e-01  -3.2213620e-01  -1.6029942e-01   1.0185920e-02   7.6778875e-01  -2.3729587e-01   1.0918174e-01   3.9926870e-01  -5.2186833e-01  -2.5067866e-01  -1.1187986e-01  -1.7485535e-01  -1.3233279e-01   1.0818787e-02   3.7414916e-01  -2.5160747e-01  -8.1972867e-02  -2.1421866e-01  -4.9297496e-01  -2.3905539e-01   6.6143882e-02   1.7164724e-01  -1.2470656e-01   2.2930441e-01  -1.1487647e-01   4.4093374e-01  -4.6150472e-02   1.7400651e-01   2.2164050e-01   1.9517306e-02   3.1995252e-01  -1.8002839e-01  -2.1136654e-01   6.7009955e-01  -4.9870424e-02  -2.9511250e-01  -2.1825074e-01   6.9215207e-01  -3.4693882e-01   1.8719076e-01  -1.2317653e-01   5.7141993e-01  -8.5636942e-03  -2.5084422e-01   3.4817960e-02  -3.4804959e-01  -1.6206690e-01   3.8878169e-01   6.5785029e-01   1.1329022e-01   3.3867975e-01  -9.8234009e-02  -3.3581120e-01   1.3946492e-01   3.1325390e-01   9.0437592e-02  -1.7296415e-01   7.0234541e-01  -2.3334403e-02  -3.6710836e-02   1.9980325e-01   2.4311123e-01   6.4546547e-02  -1.1876642e-01   3.8710579e-01  -2.1048974e-01   1.3314473e-01  -2.2316938e-02  -3.7228322e-01   2.4562925e-02   3.3297718e-02   1.3296648e-01   1.6219163e-01  -2.2620693e-01  -4.1265011e-01  -1.6366780e-01   3.8277868e-02  -2.0429966e-02   2.0108486e-01   6.5516912e-01   5.9083900e-01   2.2533768e-01   3.2646024e-01   5.6073149e-01  -4.8190197e-02   1.1715044e-01   2.7004514e-01  -2.0625095e-01  -3.2046997e-01  -3.7278355e-01  -3.3226525e-01  -1.0443285e-01  -3.5522606e-01  -1.6232236e-01   4.4107662e-01  -8.1679282e-02  -1.4107133e-01   2.3381056e-01   2.0703604e-01  -3.0534749e-01   7.3176969e-02   9.1592407e-02  -2.2040269e-01   1.0913159e-01  -1.8450527e-01   1.6496372e-01   8.0446083e-02  -1.0418128e-01  -9.0228633e-02   2.5024039e-01   4.4914154e-01  -6.6629991e-02   1.5055175e-01  -6.1157916e-02  -2.6805900e-01   2.2271724e-01  -1.6921059e-01   5.2678861e-01   2.1263691e-01  -2.2702291e-01   1.1104766e-01  -3.0641683e-01   1.0161736e-01   1.1027445e-01   1.1019108e-01  -2.8500256e-01  -1.0548285e-01   2.4318517e-01   1.8764547e-01  -4.0685393e-02  -2.9749426e-01   4.2967399e-01  -5.2779988e-02  -3.0150228e-01   9.6465872e-02   4.2779646e-01   5.9901666e-01  -2.6416253e-01   3.3918515e-01  -4.3438817e-01   1.8172061e-01   1.3568358e-01   6.4985502e-01   1.2255283e-01   3.5189197e-02  -1.9354291e-01   6.9602485e-01  -2.5799209e-01   2.7568084e-01  -1.2677181e-01   1.0332495e-01  -1.7995969e-01  -1.2308064e-01   2.2890555e-01   1.8965832e-01  -1.7722423e-04   2.9047968e-01   1.2329203e-02   3.3937623e-01   1.4450714e-01   4.0621835e-02   4.8867319e-01  -2.2651285e-01   3.9383120e-01  -9.1617979e-02
   4.0699081e-02  -4.8003241e-01  -2.4621098e-01   0.0000000e+00  -1.8440618e-01   4.4023542e-01  -1.8799138e-01   5.7790190e-01  -5.9199197e-01  -5.5059400e-01   3.8207732e-01  -3.5153071e-01  -1.6416580e-01   9.4843504e-02  -1.3535802e-01   5.1546352e-01  -3.8394759e-01   4.9212463e-01   2.0069948e-01  -1.6259779e-02   3.0174051e-01   7.1425205e-01  -1.3661351e-01  -1.4823385e-01   3.2046732e-01   4.3291111e-01   2.2773132e-02   4.0643933e-01  -9.1369377e-02   1.6498686e-01  -1.8240095e-01   7.5332847e-01   4.3792259e-01  -5.2479369e-01  -2.6371154e-01   2.1201220e-03  -3.2741445e-01  -3.7142036e-01   6.6313961e-02  -1.6483913e-01   1.0221325e-02   3.2039140e-01  -5.3097496e-01   5.0875621e-02   9.2936901e-02  -3.3040529e-01   6.1412056e-01  -1.6510080e-01   2.1724728e-01  -2.9470051e-01   6.5259403e-01   1.3946973e-01  -4.1029999e-01   6.9582302e-02   2.6380431e-01   5.9410650e-01   3.7905956e-01   7.5564440e-01   4.4428772e-01  -3.6194451e-01  -1.0292205e-01  -1.6834701e-01  -4.8850808e-01  -5.6878990e-01  -4.6323350e-01   1.4105374e-01   4.0173904e-01  -8.0179618e-02   7.3494930e-01  -2.9591102e-01  -3.0982538e-01   6.9430218e-01   1.0544286e-01   3.1385274e-01   3.4298943e-01   6.5861900e-01  -5.7645076e-02   5.8277255e-01  -4.1308635e-01   6.0217184e-01   2.8402344e-01   1.9520866e-01  -3.2295301e-01   3.1127233e-01  -2.7151490e-01   5.9322644e-01  -1.1870979e-01   2.6594595e-01   1.4875858e-03   3.9975502e-02  -1.8987117e-01  -7.1089151e-02  -3.8518471e-01  -4.6906131e-01  -1.7223397e-01  -1.3806200e-01   4.7656879e-01   5.5899214e-01   1.0797243e-01  -5.0885249e-02  -1.2669087e-01   4.5001647e-01   5.8492381e-01  -3.2770193e-01   6.8150879e-01   8.6134483e-01   5.5002759e-02   7.1754469e-01  -1.3960210e-01  -6.4096723e-02  -3.6280188e-01   6.3716481e-01   4.5226867e-01   5.4850353e-02  -1.0043400e-01  -2.6387910e-01   6.2402530e-01   4.2428535e-02   2.9945116e-01   8.2421521e-01   1.3540135e-01  -7.2743839e-02  -2.5906530e-01  -3.9414853e-01  -3.8062820e-02   4.7518000e-01   6.9693318e-02   2.4383256e-01   6.7948041e-01  -3.9861991e-01   1.4799242e-01  -2.1192206e-01   4.2935513e-01  -3.5750562e-01   3.3375807e-01   4.4548483e-01   2.7381665e-01   1.0058828e-02   5.4016191e-01  -5.0183509e-03   2.2454405e-01  -1.6930728e-02   6.0797885e-01  -3.8362313e-02  -2.4655909e-01   1.3670914e-01  -3.3214868e-01  -1.4276946e-01  -1.0441965e-01  -4.5285195e-01  -1.5024244e-01   3.5135621e-01   1.6219777e-01  -4.4848040e-01  -5.4749237e-01  -2.0760129e-01   1.0568386e-01   5.2858644e-01  -1.9960240e-01   3.2822170e-01   2.3895617e-01   2.4502550e-01  -4.4178027e-01   3.4839900e-01   7.1901550e-01  -5.4389829e-01  -8.2762620e-03   4.4287160e-01   1.5138932e-01  -1.2958201e-01  -4.6357828e-01  -4.1691648e-01  -5.4302863e-03   2.9082900e-02   4.0763935e-01  -1.3185151e-02   7.3105137e-01
   3.5583641e-01   3.1510504e-01   3.4261084e-01  -1.8440618e-01   0.0000000e+00  -3.7143975e-01  -5.2274323e-01   7.4364115e-03   2.4324871e-01   1.4787394e-01  -3.7148060e-01   5.6763618e-01   3.9800977e-01  -3.4587165e-01  -4.7511816e-01  -2.4632053e-01   5.2794535e-01  -4.3532590e-01   1.9429005e-02   7.6055679e-01  -5.7662069e-01  -3.0787234e-01  -4.9813007e-01   1.1581302e-01  -3.8150846e-02   1.3083624e-01   2.4690666e-01  -3.8455494e-01   2.1012893e-01  -4.1255635e-01  -2.7102726e-01  -3.1077013e-01   1.0541221e-01   2.2015598e-01  -3.3937022e-01   6.3295482e-01   2.3241948e-01   3.7096677e-01   1.0828108e-01   2.5499342e-01   5.0723884e-01  -1.4719921e-01   1.3860563e-01  -3.1357236e-01  -2.6935789e-01   2.6926113e-01  -5.0383923e-02  -4.3503938e-01  -1.5357820e-02   4.9007467e-01  -4.7681183e-01   3.1759720e-01   4.0915705e-01   3.3454044e-01  -1.6634801e-01  -5.4234618e-01   3.2540332e-02  -3.4513203e-01  -1.1526109e-01  -9.0389983e-02   3.6890629e-01   2.8238034e-01   6.5528007e-01   1.3900166e-01   1.2947232e-01  -1.9932421e-01   9.1626539e-02   4.2297993e-01  -1.9052298e-01  -2.0141194e-02   4.8238984e-01  -1.3293405e-01   3.4095891e-01  -1.8866905e-01   2.6823794e-01  -1.2699037e-01   3.7774348e-01  -7.5324744e-02   7.1782830e-01   9.0260948e-02  -7.6759538e-01   1.0947532e-01   6.2790485e-02   1.6314491e-01  -3.4998259e-02  -2.1473462e-01  -4.2120708e-02  -3.0012609e-01   5.8533678e-01   1.5217289e-01   7.6708222e-01   4.9067976e-01   4.5542280e-01   1.1089986e-01   3.0364880e-01   7.5120133e-01   1.4292474e-01   4.6394215e-02   4.2285392e-01  -5.0341612e-01  -3.4431429e-01  -6.4001768e-01  -6.0793839e-01   8.9331155e-02  -4.0474720e-01  -1.8647618e-01   2.5526956e-01  -1.7240940e-01   1.0828287e-01   1.8011875e-01  -9.1864274e-02  -5.6238277e-01   1.5912980e-01   1.9321774e-01  -4.9065972e-01   7.7817686e-01  -3.1119189e-01   4.8019951e-01  -3.6443474e-01  -1.1949472e-01   3.0788277e-01   6.3909112e-01   4.9461343e-01   1.8744021e-01   3.2548521e-01  -1.8752453e-01  -5.8327206e-01   1.8586479e-01  -6.1745972e-02  -8.3924843e-02   3.9148857e-01  -3.9957877e-02   1.9119648e-01  -1.1947545e-01  -2.6361577e-02   1.0052412e-01   2.9509687e-01  -7.4309485e-01  -3.7008671e-02   2.6427614e-01   2.8262242e-01   5.9661430e-02  -4.0552193e-01  -2.5543056e-01  -3.5140883e-01  -3.3255581e-01  -2.1454556e-01   6.0759936e-01   3.6395262e-01  -1.0029073e-01  -2.1436420e-01  -5.0206814e-01   2.7155913e-01   3.5666164e-01   4.9801976e-01   2.8680252e-01   9.2337562e-02  -7.1384372e-02   5.3390754e-01  -6.2775491e-01   2.6997906e-01  -2.9262421e-01   3.8152880e-01  -2.7088172e-01  -4.9854145e-02   6.1522685e-01   1.5850159e-01  -1.4872119e-01   1.5577195e-01   5.8119075e-01   7.2981219e-01   2.0306627e-01   1.6334030e-01   2.2896857e-01  -6.6765068e-02   3.9324013e-01  -5.3611431e-02
  -2.8531266e-01  -3.7734261e-01   1.7236562e-01   4.4023542e-01  -3.7143975e-01   0.0000000e+00   3.1386608e-01   1.3916886e-01  -5.2511376e-01  -1.9745862e-01   3.5000293e-01  -1.9578603e-01  -2.2964839e-01   4.3244263e-02   1.2999094e-01   4.5273619e-01  -1.4341016e-01   4.6869574e-01  -6.7806957e-02  -7.6948284e-02   2.9165584e-01   4.5786819e-01   3.8349080e-01  -3.9231123e-01   9.5065945e-02   1.3611976e-01   3.8640499e-01   2.7291781e-01  -2.7241526e-01   2.5152467e-01  -2.9564186e-01   4.0016316e-01   2.4881341e-01  -3.5790134e-01   1.1905375e-01   5.6803000e-02  -5.1688270e-01  -4.2395476e-01  -1.7336010e-01  -9.6948063e-02  -1.8884314e-01   3.4655250e-01  -9.4416345e-02   1.7777259e-01   2.9960023e-01   4.2692200e-02   5.4284207e-01   8.7577947e-02   2.7827449e-01  -1.0988947e-01   5.4561542e-01  -1.3881799e-01  -6.6478333e-01   2.5439578e-01   1.9457967e-01   6.6986130e-01   1.8512134e-01   3.9208875e-01   2.5102955e-01   1.1125737e-01   1.0443918e-01  -1.5747136e-02  -5.5172245e-01  -6.4303838e-01  -6.5338995e-01   6.8089309e-01   5.6358233e-01  -2.0307280e-01   5.0090976e-01   3.5012063e-01  -6.2557811e-01   4.8365537e-01   8.3010692e-03   5.3448577e-01  -7.7789556e-02   9.7694704e-02  -1.8643089e-01   3.1738592e-01  -5.9064840e-01   2.7645799e-01   4.7222250e-01  -2.3023033e-02  -2.1698781e-01  -8.0258247e-03  -1.9522766e-01   1.3091253e-01  -3.1019729e-01   3.3449724e-01  -4.7477481e-01  -2.4106372e-01  -4.6042643e-01  -6.1955679e-02  -1.8663423e-01  -7.3616808e-02  -2.8191570e-01  -6.8485900e-02   2.2780513e-01   1.7198802e-01   7.5331847e-02   3.5723845e-01  -1.1566373e-01   5.2495975e-01   5.0757325e-01  -3.7837637e-01   4.6823784e-01   3.6749356e-01   2.1194090e-01   4.3614747e-01  -1.9189278e-01   1.9262027e-01   4.1168694e-02   6.7236288e-01   2.0484607e-01  -2.2749667e-01   1.5208350e-01  -5.8584767e-01   4.6702938e-01  -1.5121291e-01   6.8443440e-01   4.3070446e-01  -3.7052423e-01  -1.7737819e-01  -2.0360132e-01  -4.7669834e-01  -3.2347562e-01   4.1424617e-01   3.6299244e-01   2.5228488e-02   1.8915302e-01   2.6506465e-01  -9.4421085e-02  -6.2748347e-02   2.4376192e-01  -4.4590202e-01   1.2911844e-01  -2.9021588e-02  -6.6989958e-02   2.3912711e-01   3.0275725e-02  -3.2377422e-01  -1.1180623e-01  -2.0877295e-01   5.0633562e-01   6.7713503e-01   1.6581973e-01   4.3784251e-02   2.0774982e-02  -9.7477920e-02   3.5361160e-01  -4.6909628e-01   2.2110219e-01   1.6523163e-01   8.4559226e-02  -4.7621879e-01  -1.8930820e-01  -4.7830344e-01  -1.5709115e-01   2.6668861e-01  -1.1911183e-01   4.2629975e-01   1.6349354e-01   2.3119757e-01  -3.8701004e-01   2.2508209e-01   3.0037783e-01  -4.7088459e-01   6.0978099e-02   5.1867258e-01   2.2896597e-01  -4.6565325e-01  -4.7694760e-01  -4.9014666e-01  -2.1822553e-03   3.4066184e-01   1.0166640e-01  -1.4990592e-01   2.9649779e-01
  -4.2156083e-01  -6.6625978e-02  -8.9164700e-02  -1.8799138e-01  -5.2274323e-01   3.1386608e-01   0.0000000e+00  -4.0287379e-01   1.4412726e-01   4.1680054e-01  -6.3723575e-02  -8.4094032e-02  -2.1142862e-01   2.3728298e-01   7.3464494e-01   7.7830463e-02  -1.5082461e-01  -2.6519921e-02  -1.2999763e-01  -3.2786766e-01   2.7574328e-01  -2.1824119e-01   8.8230100e-01  -3.7976478e-01  -3.0352131e-01  -3.0601232e-01   1.3762522e-02   1.4475302e-03  -1.0069947e-01   4.8682488e-02   2.1204023e-01  -2.3099476e-01  -1.3728702e-01   4.0458539e-01   8.0493495e-01  -1.2644485e-01  -1.8793560e-01  -1.7904604e-01  -1.8744403e-01   1.5492548e-01  -2.9423438e-01   6.8088229e-02   2.6062079e-01   2.9075473e-01   3.3524047e-01  -1.3635526e-02  -2.3042723e-01   6.8124404e-01  -1.9548284e-01  -1.9856075e-01   5.2145288e-02  -3.3016908e-01  -1.1721424e-01  -2.2796361e-01  -2.6372591e-01   2.0009308e-01  -2.5795983e-01  -2.1545091e-01  -2.6417241e-01   4.4057887e-01  -2.7531796e-01   1.5906033e-01  -3.0181288e-01   8.5006156e-02  -3.9800779e-02   3.2081826e-01  -5.5797979e-02  -2.8070907e-01  -2.7042521e-01   4.1304012e-01  -2.4454362e-01  -2.0968446e-01  -9.7714983e-02  -7.9405069e-02  -3.9463654e-01  -3.3841281e-01  -3.2786264e-01  -2.6048922e-01  -3.2375766e-01  -3.8979884e-01   6.4476024e-01  -1.5580342e-01   3.3636684e-01  -2.2784514e-01   2.2514065e-01  -2.2898135e-01   7.3324889e-02   2.4745701e-01  -5.6952405e-01  -5.1296687e-01  -7.3682418e-01  -4.4110138e-01   3.3369552e-02   2.5317344e-01  -2.4733067e-01  -3.5488863e-01  -2.6869951e-01  -2.8582398e-01  -2.1872688e-01   7.3456866e-01   4.8010632e-01   5.1848688e-01   1.6615477e-01  -9.6670394e-02  -1.8093960e-01  -2.1916589e-01  -3.6212506e-01  -2.3373406e-01   2.7512274e-01   5.9328702e-02   7.2989150e-01   5.4150425e-02  -3.1978095e-01  -2.6042200e-01   7.3001958e-01  -5.7539605e-01  -1.4750059e-01  -1.5008373e-01   2.2226967e-01  -2.3684290e-01  -4.7814362e-01  -5.5416338e-01  -2.0531006e-01  -4.3804946e-02  -4.5199141e-01  -2.1862537e-01   5.9702730e-01  -3.6512041e-01  -3.5030887e-01   4.0999851e-01  -2.5844684e-01   4.3376284e-01  -5.1926928e-01   3.2229620e-01  -1.6362274e-01  -3.9531850e-01  -3.8155582e-01   5.8119070e-01  -3.7539221e-01  -2.3137774e-01  -3.5779737e-01  -6.9355630e-02  -1.6153174e-01   3.6725176e-01   5.5238224e-01  -1.5968399e-01   7.5521028e-01  -2.8760737e-01   1.8438691e-01   2.7448097e-01   2.7437552e-01   3.2390921e-01  -2.6442101e-01  -8.8980261e-02   5.3935872e-02  -2.9232178e-01  -3.2626650e-01  -2.8758265e-01  -3.8867111e-01   5.4039327e-01  -1.1928910e-02  -1.5238677e-01  -5.4526860e-04  -1.9753145e-01  -4.1202518e-01  -3.0409945e-02  -2.5606314e-02  -2.4704729e-02  -3.4263733e-01  -3.5639588e-01  -3.1460034e-01  -4.6373803e-02  -2.2560307e-01  -1.4647451e-01  -6.7653191e-02  -4.4799693e-01  -2.6479791e-01
   3.6359459e-01  -3.8141638e-01   1.5366979e-02   5.7790190e-01   7.4364115e-03   1.3916886e-01  -4.0287379e-01   0.0000000e+00  -4.6786652e-01  -4.2637538e-01   4.2804081e-01  -1.4460940e-01  -1.1659501e-01  -4.8790537e-02  -2.2227690e-01   3.7747308e-01  -1.4697468e-01   2.7769362e-01   5.0784963e-01   7.0864171e-02   7.5657688e-02   4.5461746e-01  -3.1804934e-01   5.0093097e-02   3.1283246e-01   5.8524003e-01  -8.9056369e-02   3.2367477e-01  -5.3629137e-02   6.0243972e-02  -1.3977738e-01   5.4921124e-01   3.1981517e-01  -3.9690868e-01  -4.2831617e-01  -1.0792790e-02  -3.0061679e-01  -7.8901353e-02   4.6125642e-02  -2.0921452e-01   1.2684245e-01   1.6737421e-01  -3.8467392e-01   2.0061736e-01  -7.2482711e-02  -7.7502650e-02   4.4955929e-01  -3.8536125e-01   8.3395158e-02  -1.0035108e-01   3.1091140e-01   4.6610247e-01  -2.6523502e-01   2.2024342e-01   3.3647130e-01   3.1563331e-01   5.3727496e-01   4.7612211e-01   3.8407731e-01  -3.4689056e-01   1.6753640e-01  -2.5558466e-01  -2.3812774e-01  -3.2603769e-01  -3.3541507e-01  -1.1410694e-01   3.6236600e-01  -1.2479921e-01   6.2289323e-01  -1.4466745e-01  -2.4792939e-01   4.4651336e-01   2.4525395e-01   2.1386553e-01   5.3208053e-01   7.5173612e-01   2.4616662e-01   4.6098299e-01  -2.4160841e-01   5.2018803e-01   1.8891737e-02   2.4168115e-01  -2.4664081e-01   5.1370294e-01  -2.4907682e-01   6.4010108e-01  -2.2744937e-01   9.5225147e-02   7.4090958e-02   1.9523786e-01   5.8321161e-02   2.7586383e-01  -1.3566987e-01  -4.9282980e-01   7.1863738e-02   6.9403597e-03   3.0725776e-01   6.7195056e-01   1.9052376e-01  -2.2824700e-01  -2.2690822e-01   2.5169581e-01   3.5669659e-01  -2.2605541e-01   4.5113570e-01   6.0837162e-01   1.1895512e-01   6.9732731e-01  -2.7896459e-01  -1.3744236e-01  -3.6879836e-01   2.9569810e-01   3.6828475e-01   2.4446773e-01  -2.1054492e-01  -9.3722462e-02   3.7641639e-01   1.1971352e-01   6.2563746e-03   5.3306219e-01   2.1584006e-01   2.9967873e-02   1.8126357e-02  -1.4136777e-01   2.1217862e-01   3.7089984e-01  -4.3749385e-02   3.7886810e-01   6.5907668e-01  -3.7371972e-01   2.0864734e-01  -3.0875452e-01   2.3468354e-01  -2.4541695e-01   3.6455339e-01   7.8750246e-01   2.5312322e-01  -1.1005913e-01   8.0861731e-01   1.3871805e-01   3.0210141e-01  -2.5635629e-02   4.1251239e-01  -1.8638643e-01  -2.8279091e-01   1.8865125e-01  -3.6632970e-01   1.5625187e-02  -6.8265566e-02  -3.6212359e-01  -4.7260575e-02   2.2655908e-01   2.4076828e-01  -1.5810377e-01  -3.5141189e-01   6.9739975e-02   2.3139793e-01   3.8748901e-01   1.3491862e-01   1.1967302e-01   2.6166287e-01   3.8067797e-01  -2.1361560e-01   3.9917214e-01   5.2826662e-01  -3.5144550e-01   1.2065525e-01   2.6823257e-01   3.0969532e-01   1.8557498e-02  -2.3479321e-01  -2.4022431e-01   7.4455816e-02   1.3082677e-02   3.9646742e-01   1.8139708e-01   6.1711414e-01
  -9.8173776e-02   6.9517286e-01   1.0223460e-01  -5.9199197e-01   2.4324871e-01  -5.2511376e-01   1.4412726e-01  -4.6786652e-01   0.0000000e+00   4.3371376e-01  -3.1089093e-01   3.4006719e-01   1.0429592e-01  -5.3721696e-02   6.8802938e-02  -3.7130127e-01   3.6686387e-01  -4.6319599e-01  -2.1183153e-01   1.9491924e-02  -2.5481499e-01  -5.6499061e-01   5.8336639e-02  -8.4065790e-02  -2.3354670e-01  -4.0707947e-01  -2.4757486e-02  -5.1254576e-01   1.6399425e-01  -1.8404266e-01   1.7253466e-01  -5.7946311e-01  -2.2362541e-01   5.5788912e-01   2.9120802e-01  -1.0335520e-02   4.9267768e-01   3.7708368e-01   2.5905655e-02   2.8932920e-01   1.8344025e-01  -2.3566899e-01   5.9591650e-01  -6.0058953e-02  -1.7980498e-01   2.4132997e-01  -5.0348600e-01   2.2255363e-01  -2.3244169e-01   2.5332780e-01  -5.5660360e-01  -2.0103180e-01   5.6464751e-01  -2.1391820e-01  -1.9167468e-01  -5.0476809e-01  -3.0165471e-01  -6.3317385e-01  -2.2993743e-01   3.8057095e-01   2.0940298e-02   2.0313979e-01   6.9615099e-01   6.0881208e-01   5.8178798e-01  -2.8725952e-01  -3.4442899e-01   3.2243925e-01  -5.9074575e-01   1.5314977e-01   5.5088964e-01  -6.2277475e-01   3.0795923e-02  -5.0165672e-01  -2.1521044e-01  -3.6596694e-01   8.3895914e-02  -4.4731293e-01   5.9579228e-01  -3.6652488e-01  -3.0898664e-01  -6.0610091e-02   4.3589426e-01  -3.3305227e-01   2.7463082e-01  -4.2710978e-01   2.1035579e-01  -4.2012567e-01   3.4116664e-01  -2.1495630e-01   3.2375313e-01  -3.4392944e-02   3.0454000e-01   5.9287867e-01   1.0304739e-01   9.9824178e-02  -3.7982097e-01  -3.8752489e-01  -1.3588347e-02  -3.1321172e-02   1.8150080e-01  -4.3574976e-01  -5.2587783e-01   5.7566117e-01  -5.7149047e-01  -6.0090648e-01  -1.2093570e-01  -6.0116612e-01   1.1163679e-01   5.5752432e-02   3.1952790e-01  -6.4494606e-01  -1.0472829e-01  -7.1412838e-02   3.4236800e-02   4.0115162e-01  -5.0318603e-01   1.3224974e-01  -3.7371783e-01  -5.8352242e-01  -3.2683157e-02   1.2401822e-01   2.0174448e-01   5.7798220e-01  -9.5797608e-02  -6.0273111e-01  -2.2438196e-01  -1.0457702e-01  -5.0712370e-01   2.2130569e-01  -3.1403136e-02   3.1944017e-01  -3.2889880e-01   3.7749159e-01  -2.7140352e-01  -2.8394710e-01  -1.0388458e-01  -5.5006503e-02  -4.1744955e-01   1.1804651e-01  -9.7340532e-02   7.0998756e-02  -5.2434498e-01  -1.6844474e-01   1.4063994e-01  -3.7493622e-02   3.1384609e-01   4.0048017e-02  -7.3811794e-02   5.8339021e-01  -1.0490475e-01  -3.4147248e-01  -9.1654273e-02   5.8355430e-01   5.7908141e-01   1.3301761e-01  -1.0604072e-01  -3.1420309e-01   9.1381295e-02  -3.1069127e-01  -7.6541610e-02  -1.9663403e-01   3.8156113e-01  -2.9724025e-01  -5.9641388e-01   5.8046560e-01   9.3196915e-02  -4.3790954e-01  -2.9880225e-01   1.7230095e-01   5.3394563e-01   3.6093245e-01   8.1945414e-02  -1.1241410e-02  -2.7427218e-01  -1.9307802e-02  -5.4170576e-01
  -4.6452683e-02   3.2607619e-01   2.2710346e-01  -5.5059400e-01   1.4787394e-01  -1.9745862e-01   4.1680054e-01  -4.2637538e-01   4.3371376e-01   0.0000000e+00  -3.6355646e-01   5.1176713e-01   1.4506096e-01  -1.0436406e-01   3.2614103e-01  -1.2530871e-01   2.8551022e-01  -4.5654346e-01  -4.6515646e-02   9.7095405e-02  -3.2343318e-01  -5.4970553e-01   3.5713595e-01   1.2374980e-02  -2.9012624e-01  -1.2600345e-01   3.0020355e-03  -4.0756707e-01   2.2354239e-01  -2.3373943e-01   3.7159222e-02  -5.3905119e-01  -2.4703372e-01   6.9612962e-01   3.9984063e-01   1.6343612e-01   1.7627165e-01   2.7682854e-01   1.0183254e-02   3.3649058e-01   9.8975982e-02  -1.9578043e-01   5.3314484e-01   2.0633783e-03   6.6823307e-02   3.1804080e-01  -4.6931872e-01   1.7513189e-01  -3.9545186e-01   2.9233056e-01  -4.7252332e-01   4.9077409e-02   3.2601047e-01  -1.9728479e-01  -3.4135611e-01  -3.6067403e-01  -1.2990880e-01  -5.5128480e-01  -3.8055497e-01   4.5036657e-01   8.9009766e-02   3.6502690e-01   3.5963486e-01   3.7752568e-01   2.5073399e-01   9.5089434e-02  -2.6229056e-01   9.2830331e-02  -5.5779702e-01   3.5886598e-01   1.8925990e-01  -5.0033311e-01   9.6000541e-02  -3.1499635e-01  -3.0358860e-01  -4.2945839e-01   6.7720898e-02  -4.8649820e-01   3.5940374e-01  -4.5231091e-01  -1.4469575e-01  -1.2570304e-01   3.9074080e-01  -8.5854318e-02   1.8862987e-01  -4.0232389e-01   8.6279146e-02  -2.1394174e-01  -2.7872487e-02  -2.0075595e-01  -2.7398752e-02  -9.7247284e-03   5.1484044e-01   4.7912963e-01   9.2792790e-02   1.8295970e-01  -1.8768488e-01  -3.9166841e-01   1.5196564e-03   2.1512383e-01   1.4426241e-01  -1.4811573e-01  -5.1567975e-01   1.5410958e-01  -5.6605189e-01  -5.1286319e-01  -2.8154738e-01  -5.0734948e-01   3.8472433e-01   1.7802270e-01   6.2353613e-01  -4.8059674e-01  -3.1649082e-01  -2.1214456e-02   1.8371012e-01   1.2355340e-01  -4.4130600e-01   1.9867752e-01  -2.5293929e-01  -4.9748271e-01  -1.5760516e-01   9.1020087e-03   2.0265367e-01   1.7645057e-01  -4.4766102e-02  -4.0575500e-01  -4.6861594e-03  -2.8789022e-01  -4.8373767e-01   3.0941929e-01  -6.5945363e-02   2.6291385e-01  -4.8779817e-01   3.0818103e-01  -2.6588530e-01  -3.0417918e-01  -1.9457985e-01  -2.6607995e-02  -2.9548283e-01  -3.7568827e-02  -1.3508473e-01  -3.7961515e-02  -5.2358008e-01   9.5155224e-02   3.2258130e-01  -3.2159289e-01   4.7341553e-01   2.3573349e-01   3.0675499e-01   4.1500552e-01   5.4956582e-02  -2.4018479e-01  -1.5362113e-01   3.6515737e-01   5.8626107e-01   1.5091299e-01  -1.6153244e-01  -3.7561660e-01   9.4553244e-02  -1.8947815e-01   1.1178739e-02  -2.8161259e-01   4.3286660e-01  -3.6519640e-01  -5.2540826e-01   5.8426954e-01   2.4478184e-02  -3.3292865e-01  -2.2744126e-01   1.0341134e-01   3.1591927e-01   2.9736072e-01  -1.2309611e-01  -5.2028352e-02  -3.3192279e-01  -1.3498896e-01  -3.6739367e-01
  -2.2637298e-01  -2.4717248e-01  -2.4293253e-01   3.8207732e-01  -3.7148060e-01   3.5000293e-01  -6.3723575e-02   4.2804081e-01  -3.1089093e-01  -3.6355646e-01   0.0000000e+00  -4.7956846e-01  -4.2617199e-01  -5.8715273e-02   9.5634274e-02   2.1835007e-01  -4.0709718e-01   7.8095292e-01  -3.0677759e-02  -3.6081136e-01   4.8676201e-01   5.1172865e-01   4.5940787e-02  -1.1486615e-01   1.4978502e-01   1.4146278e-01  -5.9701933e-02   2.9971937e-01   8.7369894e-02   5.6799051e-01   1.1825476e-01   5.2472461e-01  -6.8645538e-02  -4.4301541e-01  -2.4985074e-01  -1.2453484e-02  -1.6032124e-01  -3.1080419e-01   2.2527290e-03  -4.0623796e-01  -5.8888776e-02  -4.1719685e-02  -2.9320921e-01   4.0831291e-01   4.1482746e-01  -2.8679050e-01   6.5592606e-01  -7.0420471e-02   3.3818208e-01  -4.0947635e-01   6.0511017e-01  -1.7808259e-01  -3.5486858e-01  -1.0416648e-01   2.6812378e-01   5.7843154e-01   2.3183111e-01   4.8764175e-01   6.2362594e-01  -1.8457627e-01   4.8696314e-02  -1.0992581e-01  -3.9737362e-01  -1.5283434e-01  -1.0612141e-01   2.6231135e-01   1.5478025e-01  -2.6692381e-01   6.1266284e-01  -2.1112406e-01  -4.4473893e-01   4.7082332e-01   1.2623642e-01   2.5915085e-01  -7.7164855e-02   4.2074793e-01  -6.4658787e-02   3.5447350e-01  -4.1118793e-01   2.9540835e-01   2.5718406e-01   2.3289393e-01  -2.4528825e-01  -1.1189144e-01  -4.0901739e-01   4.8354098e-01  -1.5103370e-01   4.3706496e-02  -3.1766488e-01  -5.4028828e-02  -1.1267281e-01  -1.4416184e-01  -4.5227461e-01  -2.1748898e-01  -1.3450283e-01  -1.8282189e-01   5.8368116e-02   1.8158829e-01   1.6426103e-01   2.0155128e-01  -1.2498656e-01   4.9688651e-01   5.1573650e-01   2.7046631e-02   6.9141285e-01   3.8055203e-01  -5.1511077e-02   4.9417303e-01  -3.4252279e-01  -1.9292005e-02  -3.2136963e-01   5.9827544e-01   2.1342019e-01  -2.2080123e-01  -1.2283971e-01  -4.4667314e-01   4.7906038e-01  -3.7907010e-02   1.9357474e-01   3.1909651e-01  -8.8311163e-02  -1.2024147e-02  -3.2865810e-01   1.0729169e-01  -1.8461489e-01   1.5655001e-01   2.8670235e-01   8.0019344e-02   4.4197076e-01  -2.7399761e-01  -3.2989657e-02   2.0958171e-01   3.6093628e-02  -9.0164835e-02   4.9731042e-02   2.4928029e-01   3.4327762e-02   2.6939696e-01   3.4409496e-01  -1.3787118e-01  -6.8797016e-02  -1.8756675e-01   7.8297213e-01   4.4003244e-02   1.2041800e-01   6.8134376e-01  -3.4221889e-01  -1.6375075e-01  -2.5290152e-01  -9.0229813e-02  -1.3209773e-01   1.7272620e-01  -1.0832940e-01   2.3022832e-02  -5.1266194e-01  -2.3714539e-01   1.8657136e-01   4.3842752e-01  -2.7120155e-01   2.4418137e-01   2.8683010e-02   8.2590052e-01  -1.3684227e-01   7.7402215e-01   2.3351512e-01  -5.0014565e-01   3.7574041e-01   2.4074500e-01   1.1192662e-01  -4.6238314e-01  -5.0531010e-01  -3.0652620e-01   4.6227490e-01  -1.5047493e-01   1.2854633e-01  -3.0699234e-01   3.4119596e-01
   2.3587891e-01   4.7187420e-01   5.9733416e-01  -3.5153071e-01   5.6763618e-01  -1.9578603e-01  -8.4094032e-02  -1.4460940e-01   3.4006719e-01   5.1176713e-01  -4.7956846e-01   0.0000000e+00   3.0987423e-01  -3.1797786e-01  -1.5433563e-01  -1.2805966e-01   6.5180142e-01  -4.7371706e-01   1.5588232e-01   4.5233949e-01  -6.1471855e-01  -4.7957040e-01  -1.8953897e-01  -3.9186078e-02  -7.0420157e-02  -1.2406054e-02   1.7866835e-01  -4.7699185e-01   6.7545454e-02  -3.8243817e-01  -3.4374153e-01  -4.6030133e-01   1.1344674e-01   5.8010839e-01  -1.9920299e-02   2.6812341e-01   1.6407815e-01   3.3880165e-01   9.8697973e-02   3.2302243e-01   3.5946763e-01  -8.3391801e-02   4.4565711e-01  -3.0922588e-01  -2.1126543e-01   4.1681597e-01  -3.0134960e-01  -1.8440574e-01  -1.8633307e-01   6.2322524e-01  -5.3247646e-01   2.3719725e-01   3.2382284e-01   3.4695177e-01  -2.5143272e-01  -4.8107370e-01  -9.3522214e-02  -5.0999032e-01  -3.1776991e-01   5.1998050e-01   3.2866989e-01   2.1077526e-01   6.0179050e-01   1.3492750e-01   4.7658565e-02  -8.0543216e-02   6.4118760e-02   2.9227942e-01  -3.9747671e-01   3.9378821e-01   3.9643387e-01  -3.3310208e-01   3.0655965e-01  -1.3178247e-01   2.4421930e-02  -2.5919088e-01   1.9210439e-01  -4.3444634e-01   5.6932094e-01  -1.3439094e-01  -5.6603443e-01   3.6858384e-02   1.8803370e-01   8.8085095e-02   2.2222155e-01  -3.8042613e-01  -1.4912985e-01  -2.6390044e-01   3.6444483e-01  -6.7966548e-02   4.1115952e-01   4.1955527e-01   8.0452894e-01   3.8187353e-01   1.8944871e-01   5.7502996e-01  -1.2916610e-01  -6.3703931e-02   1.0014343e-01  -3.0518133e-01  -2.8417638e-01  -4.7117337e-01  -5.7526934e-01   2.9467472e-02  -6.1869662e-01  -3.3145288e-01   2.2570963e-01  -3.4948243e-01   5.9707626e-02   2.8757928e-01   3.3039094e-01  -5.7683577e-01   1.0050717e-02   1.7096371e-01  -3.0938554e-01   5.0849157e-01  -4.3994752e-01   3.0670562e-01  -1.7807440e-01  -3.3257713e-01  -3.7150076e-03   4.1017485e-01   5.7293198e-01   1.5702216e-01   1.3981432e-01  -1.2242358e-01  -3.5905750e-01   1.6205748e-02  -3.8532178e-01   2.7720948e-01   2.0467217e-01  -4.7889769e-03   8.1829121e-02  -6.4615900e-02  -9.8359151e-02  -2.4740826e-02  -4.9004445e-02  -4.8544679e-01  -1.3732276e-01   1.8666683e-01   1.2818101e-01   1.0526517e-01  -5.0223486e-01   1.0234348e-01   1.5176015e-03  -4.2968437e-01   1.2842086e-01   5.2259534e-01   6.1948330e-01   4.3014313e-02   4.5278439e-02  -4.8786470e-01   2.1952093e-01   3.8977243e-01   7.6794180e-01   1.9247593e-01  -1.4891214e-01  -2.4075620e-01   5.6294449e-01  -4.6065336e-01   1.6713074e-01  -3.7348055e-01   3.5971924e-01  -3.8697267e-01  -2.8844989e-01   6.8229852e-01   1.6043412e-01  -2.0750879e-01   1.0799275e-01   4.0207795e-01   6.3076264e-01   2.1259098e-01  -7.8216037e-02   2.2087195e-01  -1.5998153e-01   3.2376760e-01  -1.9324519e-01
   1.3088808e-01   6.4301377e-02   1.2965485e-01  -1.6416580e-01   3.9800977e-01  -2.2964839e-01  -2.1142862e-01  -1.1659501e-01   1.0429592e-01   1.4506096e-01  -4.2617199e-01   3.0987423e-01   0.0000000e+00  -7.4584751e-02  -2.0504699e-01  -7.7641363e-02   2.3290302e-01  -2.6850645e-01   1.1782711e-01   4.1567579e-01  -2.2675063e-01  -1.7363848e-01  -2.1970335e-01  -5.2394194e-02  -6.5540496e-02  -4.9679761e-02   1.1912841e-01  -1.7174964e-01  -2.5014423e-02  -2.4492760e-01  -1.6474539e-01  -2.3055206e-01   4.1162086e-02   1.4996751e-01  -3.0401551e-03   2.6089979e-01   1.9017552e-01   2.7632609e-01   1.7666279e-01   2.0173814e-01   5.7745203e-01   4.9554357e-02   7.6175106e-02  -3.8410157e-01  -6.1829998e-02   1.1949176e-02  -1.1466154e-01  -1.5683440e-01   5.0827450e-02   2.7147309e-01  -2.4173770e-01   3.5295510e-02   1.8940353e-01   1.3294481e-01  -8.1520014e-02  -4.1356525e-01  -1.4047596e-01  -1.9457672e-01  -1.2152715e-01  -3.7658088e-02   1.5954881e-01   2.9100484e-01   3.1769977e-01   7.1829819e-02   1.0432135e-01  -1.8877134e-01  -9.2087654e-03   2.4658878e-01  -1.6685114e-01  -3.5201655e-02   3.1943997e-01  -1.0764955e-01   5.4139066e-02  -1.4228947e-01   4.1643450e-02  -9.4117999e-02   1.3458623e-01  -1.4625938e-01   3.3243173e-01   9.8788260e-02  -3.4053205e-01   1.7133391e-01   3.7918163e-02   1.5338467e-03   5.6585029e-02  -1.7963727e-01   3.6444759e-02   1.7972169e-03   3.3289024e-01  -3.7850941e-02   3.4874514e-01   1.7123582e-01   1.9319667e-01  -2.0481629e-03   1.7850912e-01   3.0903177e-01   1.7891614e-01  -3.2170156e-02   1.9834232e-01  -1.8611874e-01  -1.2922312e-01  -3.6918745e-01  -3.6522884e-01   6.6957340e-02  -2.8052558e-01  -1.6502100e-01   1.2570185e-01  -1.4023001e-01   1.4589645e-01  -7.1969798e-02  -5.8694311e-02  -3.3522857e-01  -3.0101577e-02   9.0902666e-02  -1.2733109e-01   4.8479646e-01  -3.7461719e-01   3.8226111e-01  -2.6628689e-01  -2.0871158e-02  -3.8237260e-02   2.1143708e-01   1.6667723e-01  -7.0793812e-03   1.7919074e-01   9.8921895e-04  -2.0491141e-01   7.4863757e-02  -1.4307774e-01  -6.7770517e-02   3.6420647e-01  -1.4216488e-01  -5.1338028e-03  -1.1355536e-01  -5.6850016e-02  -3.0747672e-02   1.2887563e-01  -4.8498393e-01  -9.3670705e-02   4.6454397e-02   9.6224091e-02   4.6027655e-01  -3.5097087e-01  -4.4047560e-02  -1.6072858e-01  -2.1345701e-01   2.1374521e-02   1.5718496e-01   1.2829625e-01  -5.0747143e-02  -3.7499452e-02  -2.2761976e-01   6.2172931e-02   8.2546734e-02   2.8529892e-01   3.0379045e-02  -7.4469417e-02  -7.6050024e-03   2.9696857e-01  -3.0135792e-01   2.0671575e-01  -3.4989082e-01   6.2462542e-02  -1.8949828e-01  -8.9159775e-02   3.3420127e-01  -1.7003860e-01  -1.0370556e-01  -7.2371391e-02   3.2708397e-01   3.0812057e-01   1.1580728e-01  -1.3785706e-02   1.2781144e-01  -8.9600141e-02   2.4432556e-01  -5.8360811e-02
  -2.4009653e-01  -1.3603469e-01  -3.2213620e-01   9.4843504e-02  -3.4587165e-01   4.3244263e-02   2.3728298e-01  -4.8790537e-02  -5.3721696e-02  -1.0436406e-01  -5.8715273e-02  -3.1797786e-01  -7.4584751e-02   0.0000000e+00   4.5289101e-01  -2.0154711e-02  -2.3802439e-01  -4.6974044e-04  -1.1978299e-01  -3.8527768e-01   3.9722790e-01  -8.8339989e-02   3.0676428e-01  -2.0604143e-01  -8.7267701e-02  -1.2860501e-01  -2.1620118e-01   7.0852603e-02  -1.4666596e-01  -1.5375340e-02   5.4946958e-01  -1.1735973e-02   1.6417783e-01  -7.4209627e-02   3.5730769e-01  -3.7331518e-01  -1.0647568e-01  -1.2464835e-01  -7.6800876e-02   2.4252869e-01  -1.1810402e-01   2.1804126e-01  -2.3589780e-01   2.0175708e-01   5.4370697e-02  -2.2140399e-01  -1.8443569e-01   5.1304857e-01   1.6936096e-01  -1.9838163e-01   5.1367247e-02  -2.1798847e-01   1.0994291e-01  -1.5724083e-01   1.7620223e-01   1.4189222e-01   3.5664736e-02   1.6565604e-02  -2.4280161e-02  -1.7612341e-01  -2.0662370e-01   4.5643421e-03  -3.2375419e-01   2.1765202e-01   1.2649668e-01  -2.1400415e-01   5.7071013e-02  -1.1868644e-01  -1.1789743e-01  -9.4791297e-02   2.4642965e-02  -9.8930325e-02  -1.1294317e-01   6.2055775e-02  -5.3578109e-02   7.7343822e-03  -1.2788116e-01  -5.3667040e-02  -2.5998957e-01  -1.4941444e-01   4.1166769e-01  -1.1224388e-01   3.1369546e-01  -7.1679950e-02   5.7755113e-01   1.2514120e-02   6.5611930e-01   3.5584675e-01  -1.8326514e-01  -1.7814105e-01  -3.2693540e-01  -2.4115216e-01  -3.0105548e-01  -2.4069507e-01  -1.9495371e-01  -4.5273577e-01  -1.2750511e-01  -1.4085282e-01  -2.8119648e-01   1.5685474e-01   7.5810309e-01   2.0444927e-01   2.4601257e-01   4.0532879e-02  -6.8887881e-02  -8.7584344e-03  -7.6711339e-02  -1.1655241e-01   3.5454435e-02  -1.4427871e-01   1.3685696e-01   9.7699480e-02  -1.6477363e-01   3.6660584e-02   5.5732160e-01  -1.6640287e-01   6.0599746e-02  -1.5940784e-01   1.4538350e-01   4.2375062e-02  -1.4443783e-01  -4.2310439e-01  -3.7011828e-01  -9.0569072e-03  -3.4802156e-01   1.0730053e-02   4.4136002e-01   1.8933109e-02  -1.4643978e-01   1.4694916e-01  -2.5857234e-01   2.0104589e-01  -6.2544721e-02   4.2338485e-01  -1.8073970e-01  -1.9475482e-01  -2.1176421e-01   5.0716985e-01  -1.0255769e-01  -3.1052955e-01  -1.7707566e-01   1.4516052e-01  -6.6476667e-02   2.4089494e-02   9.8582655e-02  -9.7485315e-02   3.4990371e-01  -4.5220543e-01  -2.3464753e-01   2.4673390e-01   2.2844730e-01   4.4492115e-01   5.4836348e-02  -1.8795740e-01  -2.3830008e-01  -2.7618901e-01  -9.0324351e-02  -8.1946724e-02  -2.8053748e-01   3.4804886e-01  -1.2558178e-01  -6.4872448e-02  -1.5629729e-01  -1.4698868e-01  -7.8245507e-02  -3.0091667e-01  -3.3472383e-01   6.7591722e-03  -3.8576138e-02   4.4814944e-02  -2.8872275e-01  -2.8264324e-02  -3.4882622e-01   2.1441804e-02   2.0773818e-02  -1.8780735e-01  -1.8098384e-01
