   0.0000000e+00  -2.6452548e-01  -1.8082095e-02   5.7792669e-03  -3.3964957e-01  -2.4920616e-01  -2.2021408e-01   3.8853256e-01   1.2980564e-01  -2.4847304e-01   6.7151946e-02  -2.4005903e-01  -1.5840436e-02   2.8025853e-01   6.4217229e-02  -4.4609253e-03  -4.6661794e-02  -3.2759809e-03   1.3362884e-01  -4.3759810e-01  -1.4996928e-01   2.3894430e-01  -1.2850242e-02   5.6270882e-01  -6.6125182e-02   3.5347822e-01  -2.1669702e-01   3.1580115e-01   6.8839330e-02  -6.3815007e-02  -1.0100935e-01   2.2001447e-01   1.3692297e-02  -3.0449204e-01  -2.0069110e-01  -2.4330317e-01  -1.7347873e-02  -1.0413161e-01   2.6426685e-03  -2.1481878e-01   5.9513687e-02   1.2580941e-03  -1.1228468e-01   1.0356755e-01  -6.6426256e-02   4.2950681e-01  -4.6928093e-02  -1.9300953e-01   1.6724233e-03  -6.7914412e-02   1.0125117e-01   2.4212726e-01  -2.3215119e-01  -8.0539826e-02   7.8655888e-02   2.0680902e-02   4.1885014e-02   1.4618455e-01  -1.0633264e-01   1.9542696e-01   2.0296909e-01  -1.2896143e-01  -4.6123185e-02   8.1178596e-02  -4.3311322e-02  -1.4134855e-01  -1.8380280e-01   1.1614251e-02   8.5152326e-02  -4.3931126e-02  -2.7369292e-01   8.7259922e-02  -1.8099038e-01  -2.8799971e-02  -1.7073167e-01   3.9840647e-01   5.0115504e-02   3.7563497e-02  -3.8505548e-01  -8.6726580e-02   7.6613832e-02  -2.2829142e-01  -1.7973649e-01   2.9689853e-01   5.2189413e-02   4.4560183e-01  -2.5755407e-01   7.7830555e-02   8.9024155e-02   6.4707121e-01  -4.0533393e-02   2.6885954e-01  -3.0546887e-01  -8.6462815e-02  -7.3885005e-02  -5.3580095e-02  -7.2557196e-02   1.5177060e-01  -1.3375295e-01  -1.3086731e-01  -1.6888963e-01  -1.5385686e-01  -1.8109412e-01  -2.3551944e-02   2.7330926e-01   2.2353027e-01  -2.2373554e-01   1.1869985e-01   1.5134833e-02  -3.4791950e-01  -1.0960495e-01   5.9419816e-02   3.3908494e-02   7.0149454e-01  -2.0231655e-01  -1.0288342e-01   2.1662235e-01  -1.5156668e-01  -2.2772429e-01   8.6625762e-02   5.0861561e-01  -3.2388652e-01  -3.6186691e-02  -6.4169183e-02   6.3578688e-01   3.2101602e-01  -4.6567650e-02  -2.2613689e-02   2.4113841e-01  -1.0073361e-01  -1.5594941e-01  -1.9513494e-01   4.1509903e-02  -2.0842655e-01  -1.0491558e-01   3.3732802e-01  -5.9119518e-02   9.8360800e-04   3.9524044e-01   3.6295279e-01   6.4244555e-01  -2.3573280e-02   1.9709355e-01  -3.1692818e-01  -1.3948622e-02   9.6349234e-02  -2.9983582e-01   1.4226283e-02  -1.0703135e-01  -1.2705050e-02   2.5929258e-01   1.2948599e-01   3.3809986e-01  -7.8533348e-02  -1.2459078e-01   4.8656794e-01   5.3738171e-01  -6.9426876e-02   3.3315485e-01   1.8082268e-01  -1.1902160e-01   1.0864951e-01   1.5363953e-02   9.9180543e-02   2.6719925e-01  -7.6483863e-02  -2.2064694e-01  -2.6516748e-02   4.6036176e-01  -1.0747429e-01  -2.2030152e-01  -4.1151861e-02  -4.6337394e-02  -3.6190382e-01  -1.4872477e-01  -1.5653964e-01   2.2813228e-01
  -2.6452548e-01   0.0000000e+00   1.4867128e-01   1.7371559e-02  -5.5836427e-02   2.0721515e-01  -5.0036757e-02   1.3357046e-01  -1.7424328e-02  -1.5542748e-01  -5.2821174e-01   4.7994983e-01  -1.0155676e-01   1.7300487e-01  -3.4420467e-01   2.0822128e-01   2.1616080e-01  -4.8049224e-01   1.8449737e-01  -2.1993005e-01   1.4995653e-01  -3.4044756e-01  -2.8012707e-01  -1.0323117e-01   1.0854253e-01  -8.4744267e-02  -1.8475968e-01   4.2814959e-02   1.5014590e-01  -2.5608224e-02   2.0167320e-01  -1.1778059e-02   2.2046941e-01   1.8204216e-02  -2.7835556e-01  -3.8235811e-01   2.3560663e-01   3.0769608e-01   3.0627508e-01  -9.7761843e-02  -2.1571065e-02   4.1650144e-03  -2.3538942e-01   2.7101356e-01  -3.8039084e-01  -2.9277565e-03  -3.8781480e-01   3.3673560e-01   2.5268447e-01   2.7551438e-01  -4.1693856e-01   6.7899335e-02   2.2827610e-01   1.3723620e-01   1.6365753e-01   1.4507433e-01   3.9306740e-02  -9.5061932e-02   5.5084405e-02  -2.9392715e-01   1.3347529e-02  -2.5937433e-01   2.3327001e-02   9.7856112e-02  -2.2209853e-01  -2.9920325e-01   2.9282727e-01   1.0534306e-01  -2.4999412e-01  -3.7613094e-01   4.6716527e-01  -3.0980519e-01  -4.4405337e-02   3.4724725e-01   1.8739357e-01   1.4463836e-02   2.0559940e-01   2.2806424e-01   7.0890641e-02   1.1296235e-01   1.3014512e-01  -2.2512532e-02   3.6519990e-01   1.7960176e-01   3.1241822e-01   4.9522227e-02   2.4484737e-01   7.4275004e-03   1.2642407e-01  -3.9541209e-02  -1.4297820e-02   1.5222633e-02   1.8389000e-01  -2.8322244e-01   2.6564862e-01  -5.8123232e-02  -2.0140019e-01   8.3886197e-02  -2.1217714e-01  -2.7773670e-01  -2.5834437e-02  -3.9335814e-01   3.3834919e-01   2.2004955e-01  -4.6016001e-01   1.2476367e-02   2.1662799e-01  -2.3983767e-01   6.6151562e-02   3.8751614e-01   7.8466047e-02  -5.3224976e-01   1.2462512e-02   1.0527018e-02   1.6809648e-01   2.7043467e-01   7.2474539e-02  -1.9360575e-01   3.8620541e-01  -1.9298135e-01  -2.1950351e-01  -1.5945237e-01   2.1232303e-02  -2.1712595e-01  -1.0588981e-01   4.7246725e-02  -4.7646017e-01   2.0472085e-01  -5.9139087e-02  -1.4894238e-01   1.8939376e-01  -1.8837983e-01   5.0124777e-01   1.2815986e-01  -2.6170120e-01   1.7701188e-01  -3.2014884e-02   2.6745536e-01   3.3167922e-02   1.1723659e-01  -2.1768249e-02  -1.7144711e-01  -4.4620404e-01   1.3253551e-01  -4.1537827e-01   2.7289068e-02   3.3105921e-01  -2.1950836e-01  -2.1140498e-01  -5.9532552e-02   2.7401896e-01   2.8592090e-01  -6.9202288e-02   1.0457179e-01   1.4934316e-01   7.7004985e-02  -3.8714841e-02   7.8162852e-02  -1.0157630e-02  -2.9552844e-01   4.5270979e-02  -3.1278678e-01  -7.8549108e-02  -3.2160180e-01  -2.5382332e-02   2.4811693e-01  -1.3020578e-01   1.7948656e-01   4.1524208e-02   5.1527332e-01  -9.0042918e-02   1.1977799e-01  -2.4648333e-01   2.7915921e-01   1.0077528e-01   1.3357953e-02  -2.7630773e-03
  -1.8082095e-02   1.4867128e-01   0.0000000e+00  -1.1705383e-01   1.0309899e-01   1.8652354e-01  -4.8792001e-01   8.0101238e-02   2.4320480e-03  -1.5772791e-01  -5.0812449e-01   3.5795685e-02   3.8393609e-02   1.3443084e-02  -2.0982479e-01   2.5000972e-01   8.9383046e-01  -4.2209495e-01   8.5726341e-02   1.3988370e-01  -4.2003649e-01  -3.0918921e-01  -4.5420088e-01  -2.2818226e-02   2.1271210e-01   1.9064892e-01   9.8741181e-03  -5.6383060e-02   4.6356722e-01   1.4979714e-02  -2.9246285e-01   9.6840852e-02   3.3690669e-01  -1.5188356e-01   8.1276844e-02  -4.1438130e-01  -3.6345243e-01   5.5174212e-02   1.1930410e-01   3.9522243e-01  -2.6799748e-01   2.0466748e-01  -1.2613011e-02  -2.4418506e-01  -4.9399807e-01   6.0583828e-02  -3.9053746e-01  -2.4933734e-01   2.9149887e-03   7.0319337e-01  -5.2745080e-01  -1.6001310e-01  -4.3416188e-01   4.3410961e-01   7.1152147e-02  -1.7208974e-01  -2.0582835e-02   1.3155539e-01  -3.5667043e-01  -2.2787836e-01   2.6717482e-01  -4.2230235e-01  -6.1136205e-02  -3.7702936e-01  -5.4028463e-01  -4.8921914e-01   2.1306922e-01   1.2087389e-01  -2.8396126e-01   4.9058288e-01   1.8369567e-01  -2.2376069e-01  -4.0169422e-01   4.9430188e-01   5.2829867e-01   5.3336785e-02  -9.9991359e-02   4.5415567e-02   5.3525496e-02   2.4842346e-01  -1.9672582e-01  -3.4063958e-01  -2.1254893e-01   2.5016924e-01   4.0600451e-01   3.8288268e-02  -2.3201684e-01   2.4970104e-01   8.0682121e-02  -1.0441934e-01   2.3673491e-01   4.0355836e-01   2.0140623e-01   1.9102904e-01   3.3088997e-02   4.8616002e-01   1.6296838e-01   2.0350018e-01  -1.0229934e-01  -5.3785791e-01   3.6449346e-01  -4.6255182e-01  -2.9906970e-01   5.3028586e-02  -3.6518795e-01   3.0002552e-01   3.9803569e-01  -2.4415434e-02  -3.7477157e-01  -1.3546192e-01  -5.9677602e-02  -3.0177934e-01   1.0965076e-01   2.1782097e-02   3.6964535e-01  -5.5251210e-02  -2.4673356e-01  -3.8668201e-01   5.9041436e-01  -7.3696012e-02  -2.4552855e-01   2.0421615e-01   4.0930104e-01  -4.3925254e-01  -2.6707034e-01   6.8635262e-02  -6.0000949e-01   4.4088260e-01   1.4924517e-01   5.1615089e-01  -9.1358015e-02  -6.0982294e-01   2.6938997e-01  -3.1978779e-01   1.6137916e-01   2.1636131e-01   3.6013090e-01  -6.9521741e-02   1.4067110e-01   1.1008626e-01   1.0502373e-01   3.0225633e-01  -4.6612311e-01   5.9719383e-01  -2.6779241e-01  -4.6625187e-01   6.0326487e-01  -2.2799271e-01  -5.1571031e-01  -4.6580003e-01   4.0787440e-01   1.0364406e-01   3.2750763e-01  -2.9552164e-01   7.3600977e-01  -1.5424210e-01  -4.1904905e-02  -2.8374555e-01   4.1676089e-01  -3.8203191e-01   1.4841070e-01  -3.0290320e-01  -4.1106827e-01  -1.8015626e-01   2.4803982e-01   4.4875608e-01  -2.4479524e-01  -2.6271948e-02   5.6062103e-02   7.5638498e-02   7.3032983e-02  -1.2726022e-01  -1.8272841e-01   4.3124324e-01   1.3744282e-01   2.3811165e-02   1.6571315e-02
   5.7792669e-03   1.7371559e-02  -1.1705383e-01   0.0000000e+00  -1.0683573e-01   3.0377144e-03  -2.2681547e-01   1.6489126e-01  -1.3112695e-01  -3.3360290e-01   2.8526298e-01   1.2465203e-01   2.5964851e-02   3.3286818e-01   2.4655750e-01   7.7026157e-02  -1.9940305e-02   3.5520348e-01  -1.0947895e-01   6.8396688e-03   2.9753410e-01   5.7552954e-01   1.7287175e-01  -1.2064276e-01  -3.3152046e-02   1.1888078e-01  -9.1241259e-02   2.8256118e-01  -1.7788168e-01  -1.7088924e-01   2.9335401e-01   4.3012719e-01  -1.1774336e-02  -3.6661372e-01  -1.4137938e-01   1.1912145e-01   1.9652755e-01   1.6172243e-01   1.7013696e-01  -1.0768238e-01   2.4139284e-01   1.0461148e-01  -3.4801987e-01   1.8024541e-02   1.1462727e-01   2.5523287e-01   3.9097450e-01  -2.5301354e-01   3.0575541e-01  -1.3025244e-01   4.1121558e-01   1.9873862e-01  -2.4815794e-02   1.7413727e-01   1.5707757e-01   9.1420036e-02   2.7915831e-01   4.3674240e-01   2.6793867e-01   4.9650788e-01   2.8112097e-01   1.7705205e-01  -2.8715290e-01   3.4661115e-02   3.0973402e-03  -2.5125645e-01   2.0135201e-01  -1.9486900e-02   4.3804154e-01  -1.5888418e-01  -9.2985507e-02   5.3400592e-01   1.7583078e-01   5.0374684e-02  -7.5882143e-02   2.8060745e-01   2.7822559e-01  -5.4660324e-02   3.1123257e-02   2.2983336e-01   8.0604252e-02   2.4164819e-01  -2.2144052e-01   1.3086630e-01   6.2903949e-02   2.1508251e-01   2.4884755e-01  -2.3624529e-02  -1.7271905e-01   3.9792477e-02  -1.9071364e-01   1.7614359e-01  -1.3256877e-01  -2.3538034e-01   5.9359546e-02  -3.6814030e-01   2.7362912e-01   5.3541412e-02   3.7970059e-01  -1.6770405e-02  -2.0171324e-02   3.1641814e-02   3.6379764e-01   4.7098826e-01   4.6846100e-01   4.3448619e-01   2.3090666e-01   3.5404559e-01   1.1806843e-01  -3.0475696e-02  -2.1766224e-01   3.3567130e-01   3.7827508e-01  -1.4464067e-02   1.4811834e-03  -5.4551060e-02   6.0025822e-02   1.1181210e-01  -9.5878846e-02   6.4606715e-01   1.2869469e-01  -2.6173964e-01  -2.6772475e-01   1.6437188e-01   3.3314533e-02   3.1113477e-01   2.9781004e-01   1.3856083e-02   3.2920304e-01  -2.0393818e-01   1.4930127e-01   1.9367994e-01   1.9749184e-01   2.1018979e-01   1.5453112e-01   2.2733665e-01   8.1503687e-02   1.8918394e-01   2.5683787e-01  -1.9517488e-01   1.5882050e-01   1.0345306e-01   2.2400440e-01  -2.5116866e-01   1.5480049e-01   5.0110351e-01  -4.3340750e-01  -3.2435665e-02   3.2587315e-02   2.6802263e-02   4.1913460e-02   6.5481568e-02   1.6647137e-01  -1.0046696e-01  -3.1646917e-01  -1.0421113e-02   1.0467243e-01   2.8130626e-01   1.0387108e-01   8.2086836e-02   3.1605910e-02   1.3203166e-01  -2.5465309e-01   3.0123052e-01   4.5790132e-01  -2.4218961e-01   3.4233874e-03   4.8009551e-02   1.7533116e-01  -1.1248226e-01  -3.0430449e-01  -2.7023550e-01   3.4548934e-01  -1.7071804e-01  -9.8956303e-02   6.2637425e-02   4.5090589e-01
  -3.3964957e-01  -5.5836427e-02   1.0309899e-01  -1.0683573e-01   0.0000000e+00  -7.1096691e-02   6.7730339e-02  -2.7068487e-01   2.4490875e-01   1.2138372e-01   6.1103444e-02  -5.0686327e-02   3.2763592e-04  -2.9652128e-01  -3.7018285e-01  -4.2228333e-02   1.0942375e-01  -2.1464462e-02  -1.2092820e-01   6.5253208e-01  -4.0137151e-01  -2.8605093e-01  -1.9829733e-01  -1.7428530e-01   9.6688867e-02  -2.0195292e-01   1.8395021e-01  -1.9515160e-01   2.9484497e-01   2.6384160e-01  -3.8589363e-01  -1.5054429e-01   2.3179306e-02   8.7122221e-02   1.8482806e-01   3.7395650e-01  -2.8586763e-01  -1.3042641e-01  -5.1227685e-02   1.0722823e-01  -7.3832089e-02  -2.3770072e-02   4.8147227e-01  -1.5902077e-01   3.3907833e-01  -2.8658869e-01  -4.8642409e-02   1.4775586e-01   2.1633074e-01   8.7344939e-02   3.7809627e-02  -9.3955746e-02  -5.6162008e-02  -2.9662709e-01  -1.5456142e-01  -2.4248729e-01  -2.0888930e-01  -2.6991907e-01  -6.5139849e-02  -1.9359762e-01  -1.8875675e-01   1.9371099e-01   2.8627951e-01   4.1766663e-02   3.7116836e-01   3.4759070e-01  -1.6168624e-01   2.3157132e-01  -2.2898051e-01   1.1015582e-01  -1.3306972e-01  -2.3178147e-01   1.2254458e-01  -1.5878610e-01  -2.2651324e-01  -3.8552928e-01  -2.0422540e-01   1.3511808e-02   6.5199830e-01  -1.0734917e-01  -3.2845878e-01   7.2723729e-02  -1.6211485e-01  -1.1244166e-01  -2.3078466e-01  -3.6650071e-01  -1.8926199e-01  -1.1736764e-01   2.3121663e-01  -2.3685956e-01   6.9039605e-01  -1.3048421e-01   1.4253137e-01   3.7386262e-01  -1.8584886e-01   6.0504445e-01  -3.7663207e-02  -2.6458506e-01   2.6092221e-01  -1.0857052e-01  -2.0943746e-01  -6.1065743e-03  -2.7425687e-01  -3.3095918e-02  -3.1886651e-01  -2.4405827e-01  -7.5792485e-02  -2.6269321e-01  -2.0760697e-01   1.7602583e-01  -6.0110186e-03  -4.1528779e-02  -1.1738144e-01  -4.2275251e-01  -2.5045297e-01   5.0603894e-01  -3.2145249e-01   1.2789534e-02   9.4478336e-03  -2.9337959e-01  -1.0168447e-01   6.8211595e-01   6.9209006e-02   3.2481567e-01  -2.5729899e-01  -2.5430802e-01   1.3487410e-02  -1.4041652e-01  -3.3235275e-01   1.7247953e-01   1.4681336e-01  -1.1016248e-02  -1.7589093e-01  -2.0072781e-01  -8.1578102e-03  -3.7479038e-01  -1.8981705e-01  -4.0371265e-01  -4.0293535e-01  -2.1780456e-01  -2.7838874e-01   8.5037872e-02  -9.4544092e-02   1.9620391e-01  -7.7339432e-03  -2.6633155e-01   4.4006853e-02   2.7367327e-01   2.3892649e-01  -3.2805452e-01  -2.9941467e-01  -3.7236911e-01  -2.0200198e-01   3.0002236e-01   2.6665271e-01  -1.2087883e-01  -3.0689060e-01   7.3978502e-02  -1.8817177e-01  -1.7777663e-01  -1.3985767e-01   2.6590353e-02  -2.2714307e-03  -3.6093782e-01  -2.5022164e-01   3.3346998e-01   4.1940206e-01  -3.4755994e-04  -2.8405179e-01  -5.3538477e-03   6.6185581e-01   1.3803030e-02  -2.8971992e-02   1.2677304e-01  -1.1562791e-02  -4.6968283e-02  -2.8776309e-01
  -2.4920616e-01   2.0721515e-01   1.8652354e-01   3.0377144e-03  -7.1096691e-02   0.0000000e+00   6.8342855e-02  -1.9934353e-01  -2.2522851e-01   1.2841104e-01  -2.9358481e-01   5.5120912e-01   1.7654487e-01   8.7099805e-02  -8.8459260e-02   3.2634458e-01   1.6861686e-01   1.0030720e-01   1.4377306e-01   1.6125395e-01   1.1164721e-01  -1.2340834e-01   2.6759417e-02  -1.3544822e-01  -1.1964298e-01   2.3332527e-01   5.6099445e-01   2.9071094e-02  -2.5361569e-01  -3.4194983e-01   6.7328420e-02   1.0593946e-01   1.3159292e-01   1.3489238e-01  -1.8954647e-01   1.2576746e-01  -1.2596239e-02   7.7819726e-02   2.0708156e-01   4.7200702e-01  -4.3159161e-02   3.2526682e-01  -1.1604112e-01   2.6605467e-01  -1.0132217e-01  -2.5834420e-01   1.6394714e-01  -1.9838346e-01  -1.9953737e-01   1.3585883e-01   3.5910405e-02  -4.8782980e-02  -1.1031096e-01   5.3777304e-01   1.0821428e-01   6.3436691e-01   5.8830115e-01   6.5677612e-02  -1.5978092e-01  -1.4544885e-01  -1.2217508e-01  -2.0174399e-01  -2.2955260e-01  -3.7417806e-01  -3.7370621e-01  -4.3444986e-02   7.5937524e-01  -5.5124915e-01   1.6909061e-01   2.5613935e-01  -6.4061957e-02   1.2001371e-01  -1.9212285e-01   3.0915384e-01   2.5456494e-01  -2.7130035e-01  -8.4206835e-02   2.0695236e-01  -6.2677676e-02   2.9194884e-01   3.4564607e-01  -1.9725463e-01   2.4835187e-02   5.2169033e-02   1.0711389e-02  -2.0903110e-01   2.0337313e-01   1.6163546e-01  -3.8855038e-01  -2.4142872e-01  -2.6055265e-01  -1.4769827e-01   4.2633378e-01  -1.8876627e-01  -2.8613291e-02  -5.5293030e-03   2.9409996e-01   2.5418257e-01  -2.2950031e-01  -1.1527999e-01   3.6944137e-01  -3.7108640e-03   3.6581191e-01   1.9445420e-01   2.0516971e-02   3.0368213e-01   2.5277034e-01   3.5521880e-01  -9.9719236e-02   2.9514213e-01   2.3256270e-02   5.9672322e-02   6.2384730e-02  -9.6800096e-02   4.8062211e-01  -3.3188419e-01   2.6965906e-01  -1.9031076e-01   3.8876476e-01   1.1735425e-01  -2.4345352e-01  -3.4142085e-02  -1.6226734e-01  -1.4366847e-01  -2.6405404e-01   5.7514932e-02  -3.7718008e-02   1.1328269e-01   1.9022088e-01   1.3641384e-01  -2.0460824e-01  -6.8295247e-02   2.9972096e-01  -1.3844854e-01  -4.9650184e-02  -1.0344891e-01   2.8364403e-01   1.4534970e-01  -6.8846148e-02  -1.0324529e-01   1.5263593e-02   5.7619639e-02  -2.4106986e-01   5.3593993e-01  -2.8834132e-01  -1.2379306e-01   3.1537208e-01  -1.2536312e-01   9.3888370e-02  -1.0766425e-01   1.5443951e-01   3.7309502e-01   4.0565907e-02  -8.0456469e-02   1.8570608e-01  -1.7030475e-01  -3.2031551e-01  -5.2097651e-02  -1.1107504e-01   1.8543834e-01   3.4457676e-01  -1.3915724e-01   2.6623801e-02   2.9243878e-01   1.2190289e-01  -2.4390341e-01  -7.2325182e-02   1.1637701e-01  -1.1617631e-01  -2.2332864e-01  -1.8024766e-01   4.3097241e-02  -2.2093621e-02   6.0043961e-01   6.2912194e-03  -1.2663564e-01  -1.4599499e-01
  -2.2021408e-01  -5.0036757e-02  -4.8792001e-01  -2.2681547e-01   6.7730339e-02   6.8342855e-02   0.0000000e+00  -3.4135553e-01  -2.6604131e-02   6.5124252e-01   1.2784324e-01   4.4031766e-02  -1.7756469e-01  -3.4056472e-01   1.3367467e-01  -3.1687962e-01  -4.8062807e-01   7.0314127e-02  -1.3748828e-01   1.5213413e-01   2.3035611e-01  -7.3471158e-02   6.0603516e-01  -1.6459450e-01  -1.8728355e-01  -2.9326647e-01   1.1297981e-01  -2.3614096e-01  -4.1030184e-01   2.0810404e-01   9.9665378e-02  -2.5114650e-01  -4.4559721e-01   6.1377789e-01   2.9720504e-02   5.0679065e-01   2.6858417e-01  -1.8594006e-01  -3.1527757e-01   1.0251321e-03  -1.3921916e-01  -3.7448149e-01   2.9524579e-01  -1.1490300e-01   2.1728180e-01  -1.8005411e-01   9.2528077e-02   5.6820135e-01  -3.3308279e-01  -4.9407051e-01   1.2667841e-01  -2.4511125e-01   4.7935115e-01  -4.3035035e-01  -2.8520520e-02   7.6023290e-02  -1.9318415e-01  -1.7893546e-01   2.8699998e-02  -2.0448333e-01  -4.7316486e-01   1.4506948e-01   2.1814073e-01   4.3827827e-02   2.8809977e-01   6.0851313e-01  -1.4032843e-01  -2.3263662e-01  -1.0906486e-01   5.9695983e-02   2.2454371e-01  -5.0913961e-02   1.4560656e-01  -4.2312587e-01  -4.8275443e-01  -2.3274447e-01  -1.4262406e-01  -2.2108087e-01   7.5337375e-02  -4.0181739e-01   2.2170402e-01   1.4990411e-01   4.8371239e-01  -3.9433413e-01  -3.1130587e-01  -2.9426865e-01   1.6409176e-01  -1.9105878e-01  -1.5051827e-01  -2.3084746e-01  -2.1692817e-01  -5.8902478e-01   4.2978318e-01  -1.4292906e-02  -2.4435269e-01  -2.0399250e-01  -3.4783678e-01  -2.0013677e-01  -1.8535189e-02   6.8242604e-01   2.9568681e-02   2.7781339e-01   7.1932115e-02  -2.3595843e-01  -3.9823906e-02  -3.7687867e-01  -4.4785099e-01  -2.1425460e-01   2.8324357e-01   2.6668023e-01   6.5544281e-01   6.6436973e-02  -2.6032961e-01  -2.2470265e-01   3.7906212e-02   3.7136875e-02  -1.1519775e-01   2.2094711e-01  -2.0648458e-01  -1.9875779e-01  -7.7667615e-02   1.2551639e-02  -2.9435276e-01   1.0539212e-01  -4.0473804e-02  -3.2786924e-01   2.7267224e-01  -3.8845769e-01  -3.0272599e-01   3.3584084e-02  -1.5458691e-01   5.5016557e-01  -4.4683265e-01   1.6289914e-01  -2.5006678e-02  -3.0984140e-01  -3.5729866e-01   2.0308455e-02  -3.8170523e-01  -3.4764253e-01  -2.3741436e-01  -3.5630891e-01  -1.7026256e-02   6.4094287e-02   2.0956534e-01  -4.7704755e-02   1.1126679e-01   8.2944570e-02   4.9811654e-01   4.5804803e-01  -3.7937844e-01  -1.4217767e-01  -4.3447298e-01   1.2607420e-01  -2.6616612e-01  -1.6022505e-01  -1.8501344e-01   6.8425540e-02  -5.3939313e-01   4.4588816e-01  -1.1886539e-01  -7.5330759e-02   5.3366707e-01  -1.3643219e-01  -3.4016032e-01  -2.4272566e-01   2.3756610e-01   9.3595947e-03  -2.2304370e-01   9.5677833e-02   1.1965448e-01  -1.3180691e-02  -1.3336712e-02  -9.8315624e-02  -1.7033873e-01  -1.1816688e-01  -1.6416824e-01
   3.8853256e-01   1.3357046e-01   8.0101238e-02   1.6489126e-01  -2.7068487e-01  -1.9934353e-01  -3.4135553e-01   0.0000000e+00   2.1402599e-01  -4.5061671e-01   2.6570378e-02  -1.2904074e-01   8.8140192e-02   2.3392273e-01  -1.3727865e-01   2.6367485e-01   1.1321946e-01  -1.6224275e-01   2.1021215e-01  -4.6081518e-01  -9.3076439e-02   1.1029682e-01  -3.2877632e-01   1.8799437e-01   1.3813658e-01   3.8762987e-01  -3.5261271e-01   1.4830373e-01   2.8193733e-01   4.8805804e-02   6.0760472e-02   2.5785027e-01   3.1134973e-01  -2.6045543e-01  -2.4029195e-01  -3.3472973e-01   8.7640575e-02   1.4966916e-01   3.7219833e-01  -3.2117663e-01   2.2106026e-01   1.7938937e-01  -1.6937685e-01   2.3568851e-01  -2.2040041e-01   3.9939254e-01  -8.7314458e-02   5.2186736e-02   1.5371875e-01   1.9980015e-01  -1.4163117e-02   6.2239306e-01   5.1685852e-02   4.8935097e-02  -3.4506455e-02  -1.3785672e-01   1.7698801e-02   8.4126144e-02   6.4168614e-02   3.8424872e-02   3.8815102e-01  -2.1036962e-01   2.4444285e-02   3.1044662e-01  -6.7764639e-02  -4.3509724e-01   3.7870759e-02   4.4041011e-01   2.0529375e-01  -3.0491010e-01   7.2133099e-02  -1.9687871e-02  -3.0977563e-02   8.4517373e-02   8.9874557e-02   5.1717057e-01   3.3421558e-01   1.2215188e-01  -1.3902878e-01   5.5304015e-02  -8.1878844e-02  -6.9916098e-02   1.3949775e-02   5.7574731e-01   2.7946053e-01   5.3089888e-01  -8.6192627e-03  -9.1964776e-02   1.8415422e-01   2.5780707e-01  -9.0531545e-03   4.8400636e-01  -3.2339594e-01  -6.7704456e-02   1.8215054e-01  -1.4607511e-01  -1.1706542e-01   3.2366755e-01   1.9343734e-03  -2.8377222e-01  -2.1597810e-01  -2.2736359e-01   2.1950214e-02   4.2192061e-02   1.0132895e-01   3.1201511e-01   3.7729026e-03   2.4433937e-01  -1.5481704e-01  -2.2680991e-01  -1.6390134e-01  -1.5684040e-01   1.7215672e-01   3.7709653e-01  -2.8360189e-01   1.1940279e-01   1.5772311e-01   9.1732374e-02  -4.3478661e-02   1.5987840e-02   2.8651333e-01  -3.6913363e-01   8.1981308e-02  -6.5940687e-02   3.2902495e-01   1.7585261e-01  -2.4216718e-01   1.6580181e-01   2.9245446e-01  -1.7799819e-01   1.9831106e-01  -1.3736040e-01   9.5757640e-02   6.1987909e-02   2.8343228e-02   6.6770937e-01   2.5442212e-02   1.4361009e-01   6.1371497e-01   2.2637407e-01   2.9553964e-01   1.3311247e-02   1.2741418e-01  -2.8723016e-01  -1.2195061e-01   2.1887988e-01  -1.5182795e-01  -1.3077015e-01  -3.5132350e-01   5.7065267e-02   9.7253125e-02   2.5275015e-01   3.5455564e-01  -5.6633822e-03  -7.0491138e-03   1.2848759e-01   4.9975411e-01   9.7738254e-02   5.0470787e-01  -1.4907468e-01  -9.7161088e-02   2.4361989e-01  -2.6274963e-01  -2.0311060e-03   1.5239364e-01   5.1683070e-02  -1.5978797e-01   4.8627756e-02   4.0780165e-01   1.7729558e-01  -2.1530389e-01  -1.8856565e-01  -1.4268088e-02  -7.4300907e-02   2.4970027e-02   1.4804759e-01   2.5180473e-01
   1.2980564e-01  -1.7424328e-02   2.4320480e-03  -1.3112695e-01   2.4490875e-01  -2.2522851e-01  -2.6604131e-02   2.1402599e-01   0.0000000e+00   2.1810232e-02   8.7138598e-02  -3.7205425e-01  -1.0002017e-01  -1.3718063e-01  -3.1052158e-01  -1.9685345e-01   2.6157659e-02  -6.2303891e-02   1.3704953e-01   1.2902278e-02  -3.6280250e-01   9.8333928e-02  -2.5100946e-01   1.6724731e-01   1.1812071e-01   1.9297895e-01  -5.4232452e-02  -1.6157765e-01   1.6169015e-01   5.5385116e-01  -2.8929759e-01  -3.1603745e-02  -2.0004418e-01  -1.5450130e-01   1.0475944e-01   2.3746971e-02   3.1211378e-02  -1.5609677e-01  -2.2981029e-01  -4.6594392e-02  -1.4814315e-01  -2.9711093e-01   3.6781881e-01  -3.0328803e-02   1.3735295e-01   6.1703750e-02  -1.6238084e-01   3.0932709e-01   1.7313653e-01  -6.1993229e-02  -3.2250529e-02   6.5346506e-02   1.5458024e-03  -2.2156741e-01  -1.1693453e-01  -7.0828584e-02  -1.7739109e-01  -3.5775385e-02   3.1257468e-02  -3.2828990e-02  -9.7418061e-02  -2.8713390e-02   5.8792711e-01   3.4526633e-01   4.1773734e-01   8.1428397e-02  -2.3503166e-01   2.7418987e-01  -1.5146520e-01  -6.1636169e-02  -4.1500684e-02  -2.9200992e-02  -2.8235424e-02  -2.3433686e-01  -1.5448373e-01   9.0228710e-02  -6.4425388e-02   1.1772468e-01   1.4851437e-01  -2.0568448e-01  -2.9077519e-01  -2.0474030e-02   4.7291500e-02   4.7800934e-02  -1.4242927e-01   1.3227833e-01  -1.1750924e-01  -1.4965171e-01   4.0185516e-01  -9.1849292e-03   3.7709782e-01  -1.2788103e-01  -1.5515293e-01   4.0712700e-01  -2.3975087e-01   2.8338928e-01  -1.6244671e-01   2.2507498e-02   1.2133773e-01  -2.4128826e-02  -3.6960477e-01  -1.6885649e-01  -4.0973341e-01  -3.3512278e-02  -4.0744852e-02   3.9744422e-02  -1.4247784e-01  -1.8600225e-02  -1.4379618e-01  -1.8122198e-01   6.2037736e-02  -7.3426041e-02   2.2883350e-01  -3.3959817e-02  -4.2373951e-01   4.1544476e-01   1.2450790e-01   4.0183485e-02  -1.6619304e-01  -1.8181393e-01   7.4872840e-02   1.4369879e-01   3.0515515e-01   3.5434973e-01   1.1996570e-02  -8.8417312e-02  -1.4303835e-01  -4.6751782e-02   1.6306512e-01   8.6277459e-02  -1.6014885e-01  -6.2526504e-02  -2.7752168e-01  -7.0098150e-02   2.1362266e-01   1.0087001e-01  -8.4414993e-02  -2.5897423e-01   1.1385792e-02  -1.4972896e-01   5.5798613e-02  -1.0030709e-01  -2.7877726e-02  -1.9512364e-01  -7.8978497e-02  -6.5229417e-02  -1.0717338e-01   9.5819080e-02  -1.0842222e-01  -6.2023927e-02  -2.2163702e-01  -2.3780806e-01   4.2667067e-02   3.5884427e-01   1.9686525e-01  -6.9465222e-03   2.8866185e-02   3.2432131e-02  -1.1125065e-01  -1.5933063e-01   8.2522701e-02   2.4152083e-01   1.1155902e-01  -2.0433483e-01  -4.9541506e-02   2.2031359e-01   7.9082962e-02  -1.1124208e-01  -2.3003414e-02   2.2022621e-01   2.2945397e-01  -1.8171088e-01   1.8652312e-01  -1.1790424e-01   4.2756600e-02  -1.7526944e-01   1.2966141e-01
  -2.4847304e-01  -1.5542748e-01  -1.5772791e-01  -3.3360290e-01   1.2138372e-01   1.2841104e-01   6.5124252e-01  -4.5061671e-01   2.1810232e-02   0.0000000e+00   1.8075546e-02   7.3682146e-02  -8.8767453e-05  -3.9018375e-01  -3.7936112e-02  -4.1195959e-01  -2.3640982e-01   7.8881228e-02  -1.6118323e-01   2.9320541e-01  -2.1419657e-03  -1.1695298e-01   3.1473642e-01  -1.3066690e-01   1.3752074e-03  -2.1950784e-01   1.6244275e-02  -2.7069099e-01  -2.5106556e-01   1.0501897e-01  -1.9686820e-01  -3.0194480e-01  -4.3998280e-01   4.3766944e-01   1.7244363e-01   3.5231200e-01  -4.1023586e-02  -2.4532242e-01  -4.7639320e-01   9.6078423e-03  -2.4212140e-01  -3.6876117e-01   3.2923160e-01  -2.3962660e-01   1.1454923e-01  -2.4086838e-01   6.3734064e-02   2.4127216e-01  -4.8080024e-01  -4.0917628e-01  -4.5533477e-02  -4.8346849e-01   3.3652841e-02  -2.4404997e-01   2.3856611e-02   5.4729443e-02  -1.0177086e-01  -1.2640508e-01  -1.2618715e-01  -2.2078375e-01  -4.7466615e-01   3.5084578e-02   1.1861214e-01  -2.0521631e-01   1.1659555e-01   6.3053680e-01  -1.2494920e-01  -2.8160879e-01  -2.0096941e-01   2.5811501e-01   5.8675623e-02  -1.7158276e-01  -4.4863345e-02  -2.3602491e-01  -3.1874519e-01  -3.0613358e-01  -3.1049222e-01  -2.7846444e-01   1.3352336e-02  -2.9856012e-01   6.0562364e-02  -7.3438654e-02   1.9270410e-01  -4.3291623e-01  -2.5376516e-01  -4.5709759e-01  -3.8368168e-02   5.0329417e-02  -1.9129844e-02  -2.4989545e-01  -2.7535554e-02  -5.7354017e-01   4.5236666e-01   1.6618935e-01  -2.5210269e-01   2.4441236e-02  -2.1994609e-01  -1.1287402e-01  -4.7181107e-02   5.1344825e-01   1.0849135e-01   2.1748429e-01  -1.5655317e-01  -3.1883733e-01  -9.3053529e-02  -2.7572035e-01  -2.6687817e-01  -1.9036258e-01   2.7365902e-02   2.4999521e-01   4.7677193e-01   7.4288565e-02  -2.6444675e-01  -1.9423149e-01   1.4682032e-01  -1.1603769e-01  -2.5851330e-01   9.0212283e-02   3.1676466e-03  -1.8162215e-01  -1.4001672e-01   2.3367977e-01  -3.0448999e-02   4.9275689e-02  -1.5377144e-01  -2.4131247e-01   1.1149360e-01  -1.8677606e-01  -2.4668449e-01   1.7816470e-01  -3.2174982e-01   2.0444951e-01  -4.1695067e-01  -6.9105215e-02   1.4889228e-01  -3.9583133e-01  -2.4324520e-01  -1.9108081e-01  -4.7558090e-01  -2.2258789e-01  -3.0689697e-01  -1.5987520e-01  -1.5407432e-01   2.8439854e-01   7.3182678e-02  -2.3035807e-01   3.1448957e-01   1.5225553e-01   3.7106556e-01   1.9089459e-01  -2.7183677e-01  -2.1568983e-01  -3.1461013e-01   1.0570542e-01  -1.3109603e-02  -1.6814447e-01  -2.3649639e-01  -1.4079756e-01  -5.6116436e-01   1.5443853e-01  -8.5231822e-02  -8.3079748e-02   5.6473745e-01  -1.0116859e-01  -2.8345553e-01  -7.8034333e-02   1.2726990e-01  -1.1589462e-01  -3.2443760e-01  -5.4318987e-02   2.1705920e-01   6.6418387e-02  -2.3778767e-02   4.9599820e-02  -1.3277421e-01  -7.0400955e-02  -1.4197106e-01
   6.7151946e-02  -5.2821174e-01  -5.0812449e-01   2.8526298e-01   6.1103444e-02  -2.9358481e-01   1.2784324e-01   2.6570378e-02   8.7138598e-02   1.8075546e-02   0.0000000e+00  -2.5369870e-01   1.0992202e-01  -1.0816161e-01   3.1597754e-01  -8.1568348e-02  -5.4108460e-01   7.1120807e-01  -1.7957022e-01   1.2462507e-01   1.1571309e-01   4.1380528e-01   3.0698417e-01  -4.8612537e-02  -2.1433920e-01  -1.1485573e-01   5.1702817e-02   1.1736878e-01  -3.0333106e-01   1.9852973e-01   1.3442408e-01   5.1727022e-02  -2.4349693e-01  -6.5285553e-03   2.2059217e-01   6.1695498e-01  -2.9983475e-02  -2.5801738e-01  -5.8696960e-02  -2.5980160e-01   3.2937342e-01  -1.0879253e-01   1.8203913e-01   1.0594024e-01   7.3537809e-01  -2.2532330e-02   7.4197688e-01  -1.2184023e-02  -4.6393796e-02  -5.3265861e-01   7.0530759e-01   1.1966426e-01   1.6198121e-01  -3.4022958e-01  -1.6036082e-01   4.2143823e-02   8.2657280e-02  -1.6640330e-01   3.9844709e-01   3.0263312e-01  -1.2714543e-01   4.1073813e-01   4.8284292e-02   3.0125658e-01   5.6310015e-01   3.8592588e-01  -2.3397017e-01   1.8135497e-01   6.1343022e-01  -3.3466845e-02  -3.2519135e-01   3.5636184e-01   4.0961433e-01  -3.2459554e-01  -4.4671031e-01   1.8722485e-01  -3.5688552e-02  -1.6161150e-01  -4.5146803e-02  -2.1533617e-01  -8.9758420e-02   3.2178360e-01  -1.6737213e-01  -6.9029498e-02  -2.3160404e-01   6.1899216e-02  -3.5417183e-02  -1.9146314e-01  -3.6400675e-02   4.4393173e-02  -5.5208668e-03  -1.8405634e-01  -2.5674830e-01   3.1156744e-01  -3.0885411e-01  -2.4633057e-01   6.9032998e-04  -7.9194920e-02   5.1143026e-01   2.4390402e-01  -1.0547002e-01   6.0508104e-01   5.5100880e-02   1.2858316e-02   4.9719786e-01  -1.4076969e-01  -2.5623905e-01   2.9008765e-01  -2.9497229e-02  -1.1133386e-01  -1.4230360e-01   5.5553398e-01   6.4201257e-03  -9.6776374e-02  -3.3763752e-01  -1.3317810e-01   1.1014965e-01   3.8746678e-01  -5.0501070e-01   1.3589122e-01   3.3411871e-01   8.5113425e-02  -2.8535430e-01   6.8781698e-01   1.4615446e-01  -4.9244030e-03   7.2198888e-01  -3.6197087e-01  -1.2177109e-01  -1.2629781e-01   1.5753158e-01   5.2007471e-01  -3.3363023e-01   2.7055588e-01   8.7160740e-02  -8.7296619e-02  -2.6733711e-01  -6.4711312e-02   1.3307485e-02  -2.3145617e-01  -4.6690090e-03  -5.6771604e-02   7.8133812e-01  -3.6774895e-01   5.4205810e-01   4.9655569e-01  -5.5490027e-01   5.2156579e-01   4.5136330e-01   2.6044452e-01  -3.6467210e-01  -1.0618894e-01  -1.7502270e-01   3.5436651e-01  -4.9492515e-01  -9.0917920e-02   1.2535672e-01   3.5820360e-01  -1.5184371e-01   2.9433250e-01  -1.3143123e-01   6.9917292e-01   2.3917867e-01   2.9985144e-01  -2.5145452e-01  -3.8485678e-01   5.1679321e-01  -5.6464713e-02  -5.8199457e-02  -3.9503502e-01   1.1428325e-01  -1.6404937e-01   4.7510159e-01  -3.0698584e-01  -2.4334976e-01   8.2762725e-02  -9.3017343e-02
  -2.4005903e-01   4.7994983e-01   3.5795685e-02   1.2465203e-01  -5.0686327e-02   5.5120912e-01   4.4031766e-02  -1.2904074e-01  -3.7205425e-01   7.3682146e-02  -2.5369870e-01   0.0000000e+00  -1.5004484e-03   2.2771324e-01   4.7308425e-02   2.2992735e-01   1.5164254e-02   1.5541722e-02  -5.7188569e-03   1.0804364e-01   2.6606667e-01  -4.1593829e-02   3.7953365e-02  -4.0026196e-02   1.5038900e-02  -1.5459362e-01  -2.5157382e-02   2.2553035e-01  -1.4913504e-01  -4.4150641e-01   1.8901996e-01   1.1425396e-01   9.9753157e-02   1.6951961e-01  -2.8604306e-02  -4.7489777e-02  -3.0272263e-02   1.4919038e-01   2.4751610e-01  -9.4819616e-02   2.1381326e-02   1.7047170e-01  -2.8645153e-01   2.4337823e-01  -5.8810572e-02  -1.9827314e-01   1.1057964e-01  -2.2654807e-01  -7.9581249e-02  -2.0682124e-02  -1.9165832e-02  -1.1410899e-01  -1.6865366e-01   2.6564259e-01   2.6554309e-01   4.3311143e-01   5.6778834e-01  -5.1535815e-02   6.3196231e-02   5.6979011e-02  -9.3843981e-02  -8.9382618e-02  -4.8825067e-01  -1.9711354e-01  -3.8908638e-01  -1.3774327e-02   3.8005543e-01  -2.4662559e-01   1.3740253e-01  -2.2463293e-03  -9.4379547e-02  -5.3782557e-02  -9.6142806e-02   5.4933896e-01   6.3305039e-02  -3.7131330e-03   2.1223749e-02   1.1296201e-01  -2.8966087e-02   5.4460948e-02   5.4189203e-01  -9.0355527e-02  -1.4359099e-01   9.2267549e-02   2.0345401e-01  -7.6568830e-02   3.2384813e-01   2.5985650e-01  -4.0916028e-01  -4.9632313e-03  -2.4415621e-01  -5.7439102e-02   2.4784042e-01  -2.6102033e-01   4.9813289e-02  -9.5821105e-02   1.9498172e-02   8.9552757e-02  -7.0009607e-02  -1.5289022e-01   2.5955600e-01   1.0998012e-01   6.3067201e-01   4.1533456e-01  -8.5399526e-02   6.3674024e-02   3.3762262e-01   6.0854412e-03  -7.2700275e-03   6.0516985e-01  -2.1634600e-01   9.2423495e-02  -3.1157215e-01  -4.5027260e-02   5.0747802e-01  -3.7234039e-01   1.2968430e-01  -1.3704386e-01   4.4045238e-01   2.2582179e-02  -9.1559520e-02  -3.1890623e-02  -3.6218727e-01  -6.2312171e-02  -1.2741729e-01   3.4820877e-01   8.8975195e-02  -8.8161012e-02  -1.7679833e-01  -1.3593052e-01  -4.2683115e-02  -1.5579412e-01   5.9918077e-01   1.3204241e-01  -2.5311749e-01   8.7771662e-03  -5.7683785e-02   2.7083739e-01   5.4002347e-02   3.0303984e-02  -1.6259935e-02   1.1214999e-01  -2.3241606e-01   3.5790691e-01  -6.8000084e-02   2.3008412e-01   2.7427158e-01   7.7001595e-02   2.8408635e-01  -1.6035960e-01   3.5169471e-01   2.8011249e-01  -5.5444454e-02  -1.1305096e-01  -1.9172360e-01   2.6496042e-02  -1.7655824e-01   8.2840618e-03  -7.7766452e-02   1.5214837e-01  -9.1396171e-02  -1.4893880e-01   1.0842660e-01  -2.9119118e-02  -4.8841607e-02  -2.5801340e-01   1.6461874e-02   3.8790983e-01  -4.7052400e-02  -2.7759420e-01  -9.2167901e-02   6.2095684e-02  -1.8670232e-01   3.9401864e-01   9.8471751e-02   1.5168022e-01  -1.6746101e-01
  -1.5840436e-02  -1.0155676e-01   3.8393609e-02   2.5964851e-02   3.2763592e-04   1.7654487e-01  -1.7756469e-01   8.8140192e-02  -1.0002017e-01  -8.8767453e-05   1.0992202e-01  -1.5004484e-03   0.0000000e+00   8.2360435e-03   3.0482195e-02   2.0679409e-01   3.8031065e-02   1.1788606e-01   1.6491100e-01   1.6831723e-01  -8.3616126e-02   3.1037062e-02  -1.3755819e-01  -4.8104875e-02   8.2935710e-02   8.5604337e-02   8.4600328e-02   1.7974895e-02  -2.2159659e-03  -1.7184055e-01  -2.8747150e-02   2.0412136e-01   1.2336497e-01  -2.3727412e-01  -1.2384404e-01   1.1384609e-01  -2.3614489e-01   1.2823969e-01   1.7021079e-01  -5.3993727e-02   5.5531293e-01   3.5007808e-01  -2.0862917e-01  -7.0846557e-02   7.8586655e-02  -7.2076826e-02   2.7476187e-01  -2.1530644e-01  -7.7417265e-02   9.8774075e-03   2.1706248e-01   1.3704929e-01  -1.3729791e-01   2.0244162e-01   2.0209396e-02   4.6917167e-02   2.3909643e-01   1.0638562e-01   1.1291198e-01   5.8362349e-02   6.3096626e-02   5.6220410e-02  -1.2767431e-01  -2.3855774e-01  -1.8254610e-01  -1.4258593e-01   2.2681124e-01  -1.0551437e-02   3.4518918e-01   5.8840050e-02  -5.9189683e-02   1.3544495e-01   2.3182511e-01   6.7087875e-02  -7.0775831e-04   9.0244676e-02   1.2291880e-01  -3.6461621e-02   4.0143609e-02   2.1876949e-01  -4.1477522e-02   2.5209959e-01  -2.1895056e-01   6.4217775e-02  -7.2925763e-02   1.8772660e-01  -6.7485056e-03   4.2582118e-02  -5.5738043e-02  -4.4073133e-02  -6.3294081e-02   3.6436121e-03  -8.1321818e-02  -1.0803048e-01   8.3873191e-03   7.7574273e-02   3.2469323e-01   1.9336235e-01   1.4282206e-01  -1.1191998e-01   4.4022169e-02   1.6555756e-02   1.2615521e-02  -8.9952961e-03   1.9557804e-01   2.1498534e-01   1.0694723e-02   3.3961122e-01  -1.4031172e-01  -1.1730618e-01  -2.2487017e-01   1.0618856e-01   7.3858161e-02  -2.8138377e-02  -5.0605948e-02  -1.6908487e-01   6.0779188e-02   5.0755641e-01   3.7749589e-02   1.4505041e-01   4.1447776e-02   4.7214880e-02  -4.9762642e-02  -1.1198665e-01  -7.3705530e-02   9.6837650e-02   1.0387804e-01   1.7336523e-01   6.6359423e-02   6.4658918e-02   2.1915300e-01   9.6594087e-03  -3.4603092e-02  -1.2132927e-01  -8.1863704e-02   7.0736178e-02   2.2196665e-01  -9.1199107e-03   2.5289785e-01  -4.5780406e-03  -9.7240024e-02   2.9445676e-01   8.7411931e-02   6.6248330e-02  -6.2965763e-02   1.0477569e-01   1.2726752e-02  -1.3608120e-01  -1.2009382e-01  -2.4267196e-02  -8.0902996e-02   8.6887410e-04   3.5933111e-02  -1.5803504e-01   6.3113114e-02  -8.7735467e-02  -2.4879666e-01   3.2904923e-01  -3.6932505e-03  -7.2619632e-02   5.7723390e-02   7.2063287e-03  -1.2904567e-01   2.1712884e-01   1.7081200e-01  -4.6613748e-02  -1.4510893e-02   7.6072143e-02   3.3536111e-02  -1.5466290e-01  -1.1903485e-01  -7.0770182e-02   4.9308971e-02   6.0617656e-02  -9.0311823e-02   4.5958828e-02   4.5779601e-02
   2.8025853e-01   1.7300487e-01   1.3443084e-02   3.3286818e-01  -2.9652128e-01   8.7099805e-02  -3.4056472e-01   2.3392273e-01  -1.3718063e-01  -3.9018375e-01  -1.0816161e-01   2.2771324e-01   8.2360435e-03   0.0000000e+00   2.2181624e-01   1.1844803e-01   3.1071071e-02   1.3232172e-03   1.3575758e-01  -3.1269731e-01   1.9227070e-01   2.2385651e-01  -1.1715271e-01   3.8185824e-01   2.1163077e-02   1.2998390e-01  -1.7809507e-01   6.9749092e-01  -4.0075349e-02  -2.3163317e-01   2.7090759e-01   2.5858223e-01   1.7026229e-01  -3.7456885e-01  -2.1178560e-01  -2.8746638e-01   5.6115450e-02   1.5742200e-01   3.0505480e-01  -2.3881102e-01   1.0269058e-01   1.6516954e-01  -3.7392304e-01   2.9603586e-01  -1.5021305e-01   1.6875869e-01  -5.1379480e-02  -3.1862499e-01   1.2927118e-01   8.1700889e-02   9.7775751e-02   3.3156636e-01  -9.5342795e-02   3.4849879e-01   3.1848481e-01   2.3430480e-01   4.0932353e-01   2.1669744e-01   1.4942598e-01   4.4678275e-01   2.7511650e-01   5.8742953e-02  -3.3526638e-01   1.3491810e-01  -9.4547028e-02  -3.1368536e-01   1.4909190e-01  -2.5946719e-02   1.7071665e-01  -2.6863241e-01  -2.7319990e-01   2.2494564e-01  -5.8611103e-02   4.1403197e-01   5.2055789e-02   2.6723835e-01   1.6685945e-01   2.0120657e-01  -1.3883212e-01   1.5230912e-01   2.7519959e-01  -1.1014421e-01  -1.9871007e-01   2.4978929e-01   3.6021689e-01   3.8908607e-01   2.2869870e-01   4.2580846e-01  -2.7950180e-01   4.5231055e-01  -2.5773424e-01   3.6325975e-01  -3.6644036e-01  -3.3413065e-01   1.2929589e-01  -2.4678826e-01   1.4950530e-01   1.7433021e-01  -4.1782199e-03  -2.2995682e-01  -4.4014763e-03  -9.0073145e-02   3.9261803e-01   3.8572663e-01   2.4333583e-01   2.9638896e-01   3.2796227e-01   1.6795871e-01   1.1148243e-01  -1.5045578e-02  -3.6573200e-01   7.6248323e-02   7.4851666e-02   2.4453391e-01   1.1191482e-01  -1.8021111e-01   3.2247352e-01  -1.1597111e-01  -7.2121967e-02   2.7373512e-01   2.0633834e-01  -3.7576750e-01  -1.6913961e-01  -7.1811670e-02   2.2125830e-01   6.9503491e-01   1.6574733e-02   7.6900063e-02   1.9159853e-01  -3.4114473e-01   4.3415418e-02  -1.7080924e-01   5.3284435e-01   1.5247557e-01  -6.8753819e-02   2.6372620e-01   8.4547855e-02   3.0742189e-01   4.4987986e-01   1.2990529e-01   5.5850450e-01   1.2665938e-01   3.4400813e-02  -2.4572327e-01  -4.9462025e-02   3.5061069e-01  -3.2446295e-01  -4.4798691e-02  -7.1779569e-02  -1.0732879e-01   4.3800144e-01   2.0613086e-01   3.0518830e-01  -8.6170767e-02  -3.4082136e-01   2.4075195e-01   1.8047449e-01   3.8367725e-02   2.4136207e-01   7.4647007e-02   1.7321901e-02   1.6633730e-03  -2.4978185e-01   2.0658496e-01   2.7081149e-01  -1.6876605e-01  -1.4594705e-01   1.4298540e-01   4.0565055e-01  -1.1547156e-01  -2.7967763e-01  -2.4121710e-02   7.6534975e-02  -7.2515244e-02   9.0409959e-02   7.9989668e-03   2.2860484e-01
