   0.0000000e+00  -4.0010573e-01   2.5712828e-01  -4.2330570e-02  -3.9693737e-01   1.8375834e-01  -8.0848998e-02   1.9650712e-02  -1.5842981e-01  -5.6866879e-02   2.5343242e-02  -3.4998466e-01  -4.7349679e-02   4.3381360e-01   4.9346058e-01  -3.8546934e-02   2.9548550e-01   3.1049676e-01  -3.9020453e-02  -3.8575837e-01   1.0673964e-01   4.1831367e-02   1.5224734e-01   5.5245010e-01  -2.2665530e-02  -3.2543466e-02  -1.6871117e-01   5.9148565e-01   2.5349763e-01  -3.5476514e-01   1.2846852e-01  -9.2077002e-02  -3.8095676e-02  -1.1946063e-01  -5.8508646e-02  -2.1067186e-01   1.0201613e-02   4.1649207e-01  -1.9391132e-01  -9.1392245e-03  -8.3483610e-02  -3.1192035e-02   4.2576885e-02   3.2575738e-01  -3.7797148e-02  -1.7359187e-02  -3.9451162e-01  -2.9464629e-01   1.8679175e-02  -2.1209698e-01   1.5102979e-01  -1.7056236e-01  -2.9261542e-01   5.3248450e-01   1.1212875e-01   5.0006484e-01  -9.7541729e-02  -1.8559811e-01  -1.0716863e-01   1.2897923e-02   7.4284243e-02   5.7602018e-02  -9.4229777e-02  -4.4312665e-01  -4.0674409e-01  -8.3985028e-02   8.6086742e-02   4.8871497e-02  -3.1313736e-01   4.3329372e-01  -3.0605231e-01   1.5901306e-01   3.6977407e-02   6.8487109e-01   2.6664206e-01  -2.7519692e-01   6.1727582e-02   2.1578916e-01  -4.3775069e-01  -1.3358818e-01   3.0487746e-01   1.5218969e-02   6.2528711e-02   2.1447823e-01   3.8959799e-01  -6.1190092e-02  -1.5483998e-01   6.5945434e-01  -1.1885875e-01   6.9259407e-01  -3.2405560e-01  -1.1003129e-01  -2.9903791e-01  -1.6126158e-01   2.4797174e-01  -4.1322480e-01   4.0357795e-02  -3.1097349e-02  -5.5392242e-02  -2.1866355e-01   4.4682805e-01   2.0545439e-01  -5.8522425e-02  -1.0125579e-01  -1.7394803e-01  -3.0452701e-02   5.6212365e-01  -8.2312163e-02  -1.1787197e-01  -1.1514780e-02   1.9079053e-01  -5.5389456e-02   2.0637759e-01   8.3990351e-01   4.9349538e-01  -5.0704775e-01  -6.4141331e-02   1.2577062e-01   5.0828509e-01  -1.3665339e-01   6.4584369e-01  -2.6917815e-01  -5.1921577e-02  -3.8795574e-01   2.1104472e-02   1.1696423e-01  -1.3385872e-01   3.8344543e-02  -1.3788873e-02   4.7834388e-01  -4.4813374e-02  -2.9460426e-01   2.2840482e-01   5.8548330e-02   3.2977539e-02  -3.3528357e-01   1.3170713e-01   3.9089975e-01  -2.8929323e-01   3.6568431e-01   4.9396917e-01   2.1125881e-01  -2.9058179e-01   3.9887619e-01   1.3150698e-01  -1.0528206e-02  -3.2756024e-01  -1.0376061e-01   2.7231847e-01  -2.0402299e-01   6.8087616e-01   1.6784514e-01   5.0297592e-01  -3.9584350e-01  -1.4043337e-01   4.3602442e-01   2.8022416e-01  -2.5148693e-01   5.9160770e-02   2.8472462e-02   2.1709767e-01  -2.9248662e-01  -1.3910064e-01  -8.7331248e-02  -1.5084519e-01  -5.6015102e-01  -2.5674746e-01   1.0219136e-01   5.5710936e-01  -4.3038103e-01  -5.7218100e-01   3.3181387e-01   2.5765078e-04   1.3101485e-01   1.6174158e-01   2.4560761e-01   1.6347379e-01
  -4.0010573e-01   0.0000000e+00  -2.6338683e-01  -6.8210118e-02   2.9169502e-01  -1.9777368e-01  -3.2395688e-02  -3.3257271e-01   6.4013525e-01   1.2434886e-02  -3.7771650e-01   5.8809044e-01  -6.1369715e-02   9.2116904e-02  -2.3167919e-01  -1.6427947e-01  -1.3664610e-01  -2.8625740e-01  -1.5254490e-01   2.5227594e-01  -4.9499295e-01   9.7856144e-02  -2.6944682e-01  -2.5465426e-01   2.3917357e-01  -1.8521600e-01   4.4506885e-03  -3.4100596e-01   3.7351121e-02   5.4750544e-01  -1.3345457e-01   6.7919372e-02  -1.3950298e-01   1.9923702e-02   2.5435621e-01  -1.8885488e-01  -9.4750084e-02  -3.1993500e-01  -1.6864034e-01   3.8199196e-02  -4.2837430e-02  -1.3282246e-01   5.4526786e-01  -2.4202310e-01   2.2656040e-02  -1.6294523e-01  -8.2841675e-02   1.6482861e-01   1.2439742e-01   3.5158653e-02  -2.1853196e-01  -8.8104129e-02   2.2308734e-01  -2.5151867e-01   9.5088643e-02  -1.9205624e-01  -2.0200689e-02   4.3134131e-01  -1.1287319e-01   1.3172929e-01  -5.6117670e-02   1.9828873e-01   6.9960114e-01   5.0380903e-01   4.8157915e-01  -3.1766192e-01  -2.2046054e-01   3.7620257e-01  -1.0318528e-02  -4.7894302e-01   3.2380589e-01   6.5400341e-02   1.7809322e-01  -4.3774991e-01   7.7009337e-02   3.0280819e-01  -2.6649059e-01  -9.2580287e-02   5.0892601e-01   3.1801039e-01  -1.4226746e-01   1.5007302e-01  -1.2947183e-01  -2.3741175e-01  -3.0782041e-01   2.2055281e-01   6.0077069e-01  -3.4151868e-01   6.1842960e-01  -4.5080373e-01   5.9219979e-01  -1.9039707e-01   4.3266993e-02   4.3489038e-01  -3.0609171e-01   3.3867511e-01   3.4823934e-01  -9.3596226e-02   2.8953177e-01   1.7262363e-01  -2.6144377e-01  -4.5074342e-02   2.8583850e-02   5.5883475e-01  -6.1510971e-04   1.2262929e-01  -3.5414490e-01  -9.1598175e-02   2.2628277e-01  -1.4026741e-01  -1.1244593e-01   7.9838128e-02   2.7223746e-01  -4.9432741e-01  -2.3249371e-01   7.2217918e-01   1.0042787e-01   1.1042809e-01  -8.8388912e-02   2.3194739e-01  -3.2313234e-01   3.0399041e-01   5.7399120e-01   5.2763890e-01  -2.1323454e-01   3.9696382e-02   5.6765131e-02   3.1932178e-01   2.5385121e-01  -4.2246485e-01  -1.1406281e-01  -6.3555765e-02   1.3698847e-01  -2.0689801e-01   4.6301055e-01   1.6382613e-01   1.2495429e-01  -2.5382952e-01   2.3986384e-01  -2.7668066e-01  -1.1230703e-01   9.7626886e-02  -1.1575046e-01  -3.6473109e-01  -4.2423178e-02  -2.6655500e-02   2.8537329e-01  -2.8707152e-01  -5.5101845e-01   1.4644610e-01  -5.1434571e-01  -2.6625496e-01  -3.7367469e-01   1.3719736e-01   2.6441765e-01  -3.3332451e-01  -2.6009746e-01   8.1506937e-02  -1.6399775e-01  -5.9504895e-03   2.3430260e-01  -1.9197336e-01  -1.1163136e-01  -3.0248719e-01   1.9752139e-01   6.4900886e-01   7.8205818e-02  -2.0416831e-01  -3.9086526e-01   5.6220311e-01   6.2037197e-01  -2.9755399e-01  -1.3224149e-02  -2.1989130e-01   1.6405042e-01   6.3594103e-02   6.4188052e-02
   2.5712828e-01  -2.6338683e-01   0.0000000e+00  -7.3176563e-02  -5.8354339e-02   3.1340405e-01   1.5815816e-01   3.6403125e-03  -1.0295262e-01   3.8826603e-01   2.8847633e-02  -2.9629699e-02  -1.5386556e-01   9.7868913e-02   1.2217306e-01   2.5812140e-02   8.2232643e-01   1.0618813e-01   7.7701230e-02   3.7650807e-03  -4.1302392e-02   2.1841347e-01   7.7745374e-02   1.4011354e-01  -1.1850475e-01   6.8136101e-02   2.5294181e-01   2.8272501e-01   1.2711152e-01  -2.7040897e-01  -2.9085336e-02   1.6099176e-01   2.8630077e-02   9.7507110e-02   2.2342126e-02   4.3538992e-02   7.1042690e-02   7.6152016e-02  -5.7882974e-02   4.5300742e-01   1.4114380e-02  -8.7164639e-02  -6.6246714e-02   1.2237384e-01   1.8600848e-01   1.0734298e-01  -1.4609551e-01  -1.4315687e-01   1.2088267e-01   4.5771024e-01   1.3075293e-01   1.0058919e-01  -2.5904616e-01   1.5125082e-01  -1.6156052e-01   1.8378071e-01  -1.4758063e-01   7.2333499e-02  -2.7419307e-02   1.2336319e-01   3.3689956e-02  -6.2821574e-02  -1.2786445e-01  -3.5625143e-01  -2.3676992e-01   1.8160473e-01   1.1922245e-01  -7.9619495e-02  -1.0353455e-01   5.1836430e-01  -3.1250573e-02   2.0297700e-02  -8.8526061e-02   1.9896819e-01  -1.7141106e-01  -4.3323061e-02   2.5273983e-02  -8.4211839e-02  -2.5781630e-01  -9.6066248e-02   1.5558217e-01  -1.3769191e-01   1.1874559e-01   9.6625925e-02   4.6783627e-01   1.3360004e-02  -2.5852566e-01   1.8102100e-01  -1.5997011e-01   2.0223445e-01  -1.5811695e-01  -1.1414485e-02   4.0939259e-02  -9.6185996e-02   2.4660591e-02   2.1198622e-02  -1.7295919e-01   1.2019083e-01  -1.0548417e-01   4.6643357e-02   2.8541698e-01  -7.4574220e-02   1.3341274e-01  -1.5043122e-01   3.5320444e-02   1.7108142e-01   1.0719016e-01   8.1728018e-03   1.4056378e-01   8.7575098e-02   2.4742047e-01   1.6262107e-01  -1.3032579e-01   2.2200970e-01   2.9920782e-01  -4.0643211e-01  -8.5372571e-02  -6.4632058e-02   1.7873827e-01   6.9099246e-02   1.0462444e-01  -1.0549694e-01  -1.7752590e-01  -2.2986590e-01  -8.8658646e-02  -2.3164951e-02  -1.6852360e-01  -1.3235528e-03   1.3506437e-01   6.7975422e-01  -2.5170246e-01  -1.8777062e-01  -8.0825389e-02  -4.6009619e-02   2.3622443e-02  -1.6680389e-01  -7.6932106e-02   1.2968642e-01  -9.8718594e-02   1.2837892e-01   7.0069472e-02   2.0514606e-01   1.5817701e-02   4.3883338e-01  -3.0832368e-02  -1.4479027e-01   2.2665956e-01   1.0349869e-01   2.7207805e-01  -7.0423896e-02   4.1135457e-01   4.9427758e-02   1.5302498e-03  -2.1216643e-01   5.0216568e-01   1.4176787e-01  -5.8154813e-02   2.5106440e-02   3.7639194e-03   2.1232109e-01  -1.5837952e-01  -4.2813805e-02   2.7674940e-01   1.2290350e-04   2.2558261e-01  -4.9610088e-01  -9.7845542e-02  -3.9980232e-02  -2.7027329e-02  -2.4735165e-01  -3.6062992e-01   1.1440378e-01  -9.7675806e-02   1.5794169e-01  -1.9317630e-01   1.3480533e-02   1.9227377e-01
  -4.2330570e-02  -6.8210118e-02  -7.3176563e-02   0.0000000e+00   1.8075829e-02  -8.0489467e-03   2.2931500e-02  -2.1196135e-02   2.2174670e-02  -1.2436536e-01   1.3870313e-01  -6.2560439e-02  -1.0042025e-01  -1.3926802e-01   1.0106737e-01   2.9876698e-01   1.5175113e-03   4.9098786e-01   2.0283185e-02  -9.9711576e-03   1.3334598e-01   1.1481434e-01   1.9093382e-01  -2.2648480e-02   2.5470071e-01  -2.2714587e-03  -2.1375347e-02   1.9903642e-01   1.9799422e-01   3.6604401e-02   1.0417665e-01   4.7836780e-01   4.4762234e-01   3.5525097e-02   7.5262406e-02   1.3131143e-01  -8.2905834e-02  -6.9240689e-02   3.4078412e-01   3.4538008e-02  -4.5494422e-03   7.1866186e-02  -1.4892193e-01   2.7824076e-01   3.2406119e-01  -4.3140634e-01   1.2639657e-01   4.1665833e-02   2.2691675e-01   1.0377885e-02   4.6402237e-01  -5.2192218e-02   7.9072148e-02   5.9597695e-02  -1.1001330e-01   2.3057821e-01  -2.9351493e-01   1.1045077e-01   3.4436615e-01  -4.9524965e-02  -3.2521026e-01   2.1012603e-01  -2.5693340e-03   1.0152508e-01   3.0670537e-01  -2.2447761e-01  -1.3227840e-01   2.3035780e-01   6.9392794e-02  -2.3604382e-01  -3.8089105e-02   4.8305455e-01   1.7953083e-01  -7.5265190e-02   1.6513590e-02  -1.3572072e-01  -1.9998247e-01  -8.5632520e-02  -1.4164558e-01   3.9624312e-01   2.4026778e-01   1.7423615e-01   1.7755431e-02   9.1945067e-02  -1.6181699e-01   7.5017270e-02  -6.8906540e-02   2.3851046e-02  -1.5915673e-02  -1.1120172e-01   7.9911736e-03  -2.9257215e-01  -9.1534151e-02  -1.3895316e-02  -3.2535644e-02  -2.2037368e-03   1.0596047e-01   1.7924772e-01   3.3439802e-01  -2.3651571e-02   6.2636534e-02   3.6119380e-01   1.7980195e-03   5.1964176e-02   2.3360724e-01   4.5103353e-01   8.5783739e-02   2.1432005e-01  -4.2005957e-02  -2.2837937e-01   8.8330400e-02  -1.9190381e-02   3.8387950e-01  -6.7328263e-02   1.3571052e-01  -1.6139990e-02  -7.1181046e-02  -1.7470861e-01   2.0698267e-02   5.0820834e-01  -8.2135171e-02  -1.6501532e-01  -6.4273268e-03   7.4809269e-02  -3.1853934e-01  -1.8769859e-01   1.7646365e-01   2.2793779e-01   2.9427574e-01  -2.5332076e-02  -7.5810207e-03   5.5809712e-02   8.0194689e-02   3.1093121e-02   2.1336566e-01  -2.1380180e-01   3.1701432e-01   2.2213507e-01  -2.2972542e-01   8.8954879e-02   8.6607054e-02   2.1745182e-01   1.1554013e-01  -2.4209336e-02  -4.2689746e-02   2.9470683e-01  -3.9512876e-02  -1.1019557e-01   8.8793840e-02  -4.0022240e-02  -4.3851888e-02  -2.1451741e-02  -3.2412343e-01  -1.3236205e-01  -5.6535351e-02   7.7105180e-02  -1.2801096e-01   1.3150672e-01  -2.2627050e-01  -2.7848701e-02   3.0150105e-01  -8.5420854e-02  -2.1781842e-01   5.1590474e-01   1.6991671e-01  -1.9077254e-02  -1.3057022e-01  -1.6282000e-01  -2.0468093e-01  -3.6365584e-02  -5.3993567e-02  -2.9870119e-02   4.5645219e-01  -2.3125894e-01   2.9070439e-01   2.8792327e-01   2.8337113e-01
  -3.9693737e-01   2.9169502e-01  -5.8354339e-02   1.8075829e-02   0.0000000e+00   1.5732292e-02   3.1767456e-01  -1.5039982e-01   2.8547290e-01   3.6418501e-01   4.7210838e-02   3.0467462e-01   1.2464796e-01  -2.2192078e-01  -2.3736530e-01   2.8576689e-02   1.7121789e-01  -2.2207470e-02  -2.6371939e-01   7.7046469e-01   7.3300696e-02  -1.2516752e-02   1.1610054e-01  -3.6644110e-01  -2.0364963e-02  -1.1026859e-01   4.4888487e-01  -2.9950939e-01  -2.0818767e-01   8.3182868e-02  -8.7064812e-02   7.3125260e-02   5.9053502e-02   1.7467002e-01   1.9102378e-01   5.3744499e-01   1.8389129e-01  -5.4769426e-01   2.0031426e-01   1.5100775e-01   2.9286740e-01  -7.5698860e-02   3.1067042e-01  -5.7048155e-02   2.9039276e-01  -1.9280218e-01   4.1413432e-01   2.2629081e-01   2.0634762e-01   3.8014615e-01   1.0061941e-01  -3.7084511e-02   2.7828482e-01  -2.9129369e-01  -1.6635730e-01  -1.4949938e-01  -1.2491874e-01   1.1688479e-01   1.7690248e-01   5.3682914e-02  -1.5307789e-01   3.4107893e-01   1.8490238e-01   1.4184206e-01   3.5774929e-01   3.4554218e-01  -1.1824464e-01  -1.2118495e-01   1.2629608e-01  -4.2057947e-01   6.6754993e-02   3.4072204e-02   3.2085373e-01  -3.7904108e-01  -1.1025345e-01   1.7552839e-02  -3.2317784e-01  -9.2558711e-02   6.4590540e-01   2.0241992e-01  -1.0357199e-01   3.0659418e-01   2.1049516e-01  -2.0472275e-01  -1.5553431e-01  -1.6853302e-02   1.1333349e-01  -3.4375690e-01   1.5516152e-01  -3.2243297e-01   5.6942745e-01  -1.5806810e-01   3.5982035e-01   3.4688205e-01  -4.5563896e-01   7.3861884e-01   2.7821970e-01  -2.1675307e-01   3.7346687e-01   2.2148420e-01  -2.6526299e-01  -1.1755246e-02  -2.5070432e-02   2.2971157e-01   1.2400060e-01  -6.0363994e-02  -3.1296434e-01  -1.0352590e-01   1.4976321e-01   3.9658547e-01   1.2998590e-01  -1.2457702e-01   8.6497857e-02  -4.1581189e-01  -1.3743125e-01   2.8356526e-01  -1.3149122e-02   2.1320977e-01  -1.0934464e-01   3.3845634e-01  -3.8647863e-01   6.8231957e-01   1.1156902e-01   1.9745296e-01  -2.5059902e-01  -2.2306234e-01   3.0438635e-01   1.9367648e-01   9.8029670e-02  -1.5064703e-01   1.6407948e-01   2.8175794e-01  -1.0717652e-01   1.1217910e-01   2.4901140e-01  -4.0482806e-02  -1.6727692e-01  -2.7168682e-01  -8.5921496e-03  -4.8978953e-01  -2.8220769e-01  -2.9832888e-02   2.7713620e-02  -1.6144938e-01   5.4921726e-02  -3.1000629e-02   8.0056697e-02   4.1022077e-01   6.3160352e-02   1.6115950e-01  -4.6178819e-01  -1.4293704e-01  -3.3132034e-01   2.7503888e-01   2.3748906e-01  -3.6313740e-01  -3.6517044e-01   3.4716619e-01  -1.9968388e-01  -4.6631782e-02  -1.4133724e-03   7.8846592e-02   3.1557804e-01   1.1276482e-01   8.9221507e-02   2.6910315e-01   4.0949184e-01  -3.0425827e-01  -3.9734491e-01   4.6365829e-01   3.9808342e-01  -5.1008623e-01   2.8864665e-01  -1.1825430e-01  -2.0206257e-01  -2.2427122e-02  -1.2052499e-01
   1.8375834e-01  -1.9777368e-01   3.1340405e-01  -8.0489467e-03   1.5732292e-02   0.0000000e+00   3.1336092e-01   2.8289461e-01  -2.7042102e-01   1.2010410e-01   2.5592825e-01   3.2601916e-02  -3.6452665e-01   9.1715047e-02   1.2716690e-01   2.9493334e-01   3.1287021e-01   1.9982396e-01   3.5126742e-01   1.4697273e-01   3.8279646e-03   4.1468906e-01   2.8378207e-01  -1.2121519e-01   4.3485426e-02   3.1094756e-01   3.5302616e-01   3.0563972e-01  -1.4140593e-02  -1.4436731e-01  -5.7927609e-02   3.2096527e-01   1.5552714e-01   1.2249709e-01  -9.0702398e-02   1.3766538e-01   1.9756972e-01  -9.9246392e-02   1.1642201e-01   1.2771842e-01  -2.1002992e-01   4.6791017e-02   1.1689535e-02   1.9195321e-01   2.3515700e-01  -1.0136934e-02   3.7783227e-02  -1.0503405e-01   1.1073936e-01   6.6988311e-02   3.2778497e-01   2.5665927e-01  -1.5172119e-01   1.3878748e-01  -2.1936573e-01   1.8774795e-01   2.6600059e-01   1.1314942e-01  -1.8289470e-01  -1.0753194e-02   1.7444088e-01   2.2732970e-01  -2.3425398e-01  -2.1842902e-01  -1.4435051e-01   1.8981952e-01   7.7351064e-01   1.7466203e-01   4.2545273e-01   2.2327705e-01  -3.2949758e-01   4.3170520e-01  -9.2749711e-02   1.6501863e-01   4.8430476e-02  -2.3887773e-01  -1.4999825e-01   1.5489731e-01  -1.2181784e-01  -7.3372323e-02   2.1808872e-01   1.5085454e-02  -1.1439947e-02   3.7327192e-01   1.6400127e-01  -1.0839066e-01  -3.7791022e-01  -5.7231039e-02  -1.7745611e-01  -7.5651021e-02  -1.5894754e-01   5.6967528e-02   1.9933066e-01  -2.5763478e-01  -5.0417303e-02   5.7632060e-02   2.1242279e-01   3.0864033e-01   1.5203429e-01  -3.9390829e-02   2.3328371e-02   3.0972917e-01   1.5912053e-01  -1.7207237e-01   3.0454345e-01   2.7619974e-01   1.5197704e-03   5.2730581e-01  -3.4841936e-02   1.3193104e-01   3.8914716e-01   2.9141756e-01   3.2417714e-01   4.6755508e-02   2.9448356e-02  -3.9435750e-01   1.0038418e-01  -8.2815012e-02   3.2996469e-01   3.6456696e-01  -6.4119478e-02   6.2875452e-02  -1.0224461e-01  -3.2789544e-01  -1.3938993e-01   2.5856891e-02  -1.2386003e-01   7.4064817e-03   2.1148964e-01   2.7889286e-01  -4.9070731e-02  -1.1726783e-02   1.7492225e-01  -1.6249058e-02  -6.5072741e-02  -2.0674095e-01  -3.1411084e-02   2.3168898e-01  -9.6743978e-02  -1.3206531e-01   4.9413519e-02   2.2219146e-01   1.8793917e-01   3.9251664e-01  -4.4927719e-03  -8.9548695e-02   1.0175726e-03   1.7369480e-01   4.2506919e-01  -3.3771437e-01   1.7978289e-01   3.9253118e-01   3.6075232e-02  -1.3066902e-01   6.6810775e-02  -2.0132950e-01   1.3600270e-02  -2.2676899e-01   1.8196464e-01   4.9019324e-01   1.6168915e-01   1.9664304e-01  -5.5128878e-02   2.2710019e-01   4.4683112e-01  -4.1618407e-01   2.2814216e-01   3.1378705e-01  -6.0747968e-03  -2.9622909e-01  -2.1329299e-01  -2.5317936e-01   2.0299388e-01   4.1206568e-01  -8.3525018e-02   2.0379453e-01   5.0562484e-01
  -8.0848998e-02  -3.2395688e-02   1.5815816e-01   2.2931500e-02   3.1767456e-01   3.1336092e-01   0.0000000e+00  -9.6356744e-02  -6.8677207e-02   4.5099471e-01   8.6523386e-02   3.4534074e-01  -2.3677046e-01   1.7779119e-01   4.9381298e-02   1.2625681e-01   1.8687481e-01   3.4930021e-01  -1.9946571e-01   2.6385261e-01   3.2584816e-01   1.0330654e-01   5.5276733e-01  -3.7150570e-02   5.4831948e-02  -1.7590621e-01   3.1397670e-02   4.4711906e-03  -7.1825813e-03  -4.5592329e-02  -1.6468351e-02   2.4610478e-01   6.0433783e-02   5.6168958e-01   1.8563671e-01   2.9699522e-01   3.4096105e-01  -3.7406704e-01   1.8176486e-01   7.6685996e-02   1.5315841e-01  -7.2060873e-02   5.0999354e-02   7.7026746e-02   5.3873348e-01  -3.3935142e-01   2.1783061e-02   4.5536056e-01   1.7099094e-01  -3.4935883e-02   3.6726577e-01  -1.2156137e-01   3.5262910e-01  -5.3353154e-02  -1.3444234e-01  -3.5198600e-02  -1.6376684e-01   6.1943755e-02   1.2479992e-01   2.7156130e-01  -2.0743100e-01   2.3261153e-01  -2.1589090e-01  -1.2111428e-01   3.3600437e-02   3.8523461e-01   1.6159131e-01   1.3346202e-01  -1.1017805e-01  -2.5528757e-01   1.2846456e-01   1.9208838e-01   3.1716653e-01  -5.5275654e-02   4.9755005e-03   6.3742450e-02  -3.9191832e-01  -6.7924024e-02   2.6221319e-01  -1.8553247e-02   1.9349251e-01   2.2489092e-01   3.1609487e-01  -6.4511759e-02   2.4617575e-01   8.8146299e-02  -2.9099945e-01  -7.0046595e-02  -8.2326338e-02  -2.7509850e-01   4.0725856e-02  -2.9095310e-01   3.3566861e-01   4.4415982e-03  -3.6013860e-01   2.5602236e-01   9.6620357e-02  -2.8428161e-01   8.2183195e-02   5.5927666e-01  -3.5649038e-02   9.3538161e-02   3.3820274e-01   1.1345766e-01   1.8110583e-01   6.6048576e-02  -7.0992773e-02  -1.8490229e-01   1.2011073e-01   3.1027688e-01   3.9268525e-01   1.5398816e-01   8.4293932e-02  -2.1923095e-01  -1.9599403e-02  -1.4101440e-01  -1.5340845e-01   5.5316212e-02   1.9258098e-01   1.7970936e-01  -1.5828891e-01   2.5085425e-01  -1.6487283e-01  -1.6285616e-01  -4.3367715e-01   2.7447790e-02   4.1189344e-01  -1.5003474e-02   2.2460823e-01   8.8960760e-02  -2.9059224e-02   3.6966622e-01   3.1349166e-01   4.9449516e-01  -2.0425398e-02  -7.8461296e-02  -1.5964122e-01   2.0360856e-01  -2.8879628e-02  -2.0192355e-01  -1.5394923e-01  -3.5557518e-02  -1.2661176e-01   2.8306736e-01   3.0789960e-01   8.1811052e-02   3.1819344e-01   2.6807621e-01   3.7989695e-01   2.9593193e-01  -1.4134473e-01   7.4595361e-02  -2.2236870e-01  -1.8436212e-01   1.4924235e-01  -2.0237794e-01  -2.2777260e-01   7.4845235e-02  -2.8505747e-01   2.5694235e-01   1.2575148e-01  -1.4150271e-01   3.0859136e-01   1.7024361e-01   2.0571358e-02  -1.1871389e-01   1.7130157e-01  -1.0421573e-01  -2.5726743e-01  -1.4434839e-01   5.0068422e-02  -3.0752876e-01   3.1277659e-01   1.4405974e-01  -1.6042693e-02   1.8923704e-02   2.6545372e-02
   1.9650712e-02  -3.3257271e-01   3.6403125e-03  -2.1196135e-02  -1.5039982e-01   2.8289461e-01  -9.6356744e-02   0.0000000e+00  -3.4615857e-01  -1.5387194e-01   2.1441819e-01  -1.8185572e-01  -2.5174905e-01  -6.5382875e-02  -7.5509864e-02   1.3699649e-01   2.8597392e-03   4.8440988e-02   4.4949182e-01  -2.8529874e-01   1.1956930e-01   1.3701152e-01  -3.0715859e-02  -1.2648477e-01  -3.9090078e-02   5.2230773e-01  -1.0852131e-01   2.5355603e-01   7.4633061e-02  -1.2259562e-01   8.3655601e-02  -4.5515688e-02   1.3866471e-01   2.9866078e-02  -2.6138570e-01  -1.2801880e-01   5.7472642e-02   2.3890110e-01  -5.3039453e-02  -5.2897905e-02  -2.5845953e-01  -5.0095110e-02  -1.8217510e-01   1.7768091e-01  -1.2197438e-01   2.9556504e-01  -1.4595965e-01  -8.7083468e-02   7.6235506e-02   2.9116502e-02  -5.5021003e-02   4.9823926e-01  -5.1033899e-02  -1.8152931e-01  -1.6773272e-01   5.6390932e-02   1.9238076e-01  -2.5831836e-02  -5.1309213e-02  -1.8203293e-01   2.0666330e-01  -1.4764920e-01  -3.7875021e-01   9.3716115e-02  -1.0677392e-01   7.1783201e-02   3.3668638e-01  -1.3428947e-01   1.2263389e-01   2.1555948e-01  -2.2396545e-01  -1.3621244e-01  -1.4132063e-01  -1.4692848e-01  -2.3352625e-01   1.1588630e-01   3.4411984e-01   2.8435063e-01  -2.2088754e-01  -2.4148460e-01  -4.7425328e-02  -1.9252269e-01   8.6427696e-02   7.5284842e-01   1.7686013e-02   4.6709347e-02  -2.5559252e-01  -1.5582945e-01  -2.8537371e-01  -5.2596061e-02  -2.8088551e-01   2.8100083e-01   1.2947626e-01  -2.6945331e-01   2.9245678e-01  -1.3066098e-01  -1.9583475e-01   4.1448297e-01  -2.3140607e-01  -1.4586004e-01  -4.3386813e-02   2.7201367e-01   4.7631303e-02  -2.3195974e-01  -2.0200588e-02  -3.5658283e-02  -1.3328681e-01   4.4870400e-01  -2.1339844e-01   1.9450795e-01   1.8040375e-01  -5.1553916e-02  -1.2990680e-01   6.6269712e-02  -1.6726576e-01  -2.7501760e-01   1.7293701e-01  -6.0849020e-02   1.2218514e-01  -1.2021444e-01   6.4669875e-02  -1.1591728e-01  -2.0024052e-01  -1.8928164e-01   2.5850517e-01  -8.1439076e-02  -1.8767028e-01  -2.9142899e-01  -7.6177035e-02   8.7147356e-02  -1.8078253e-01   1.3535293e-01  -1.8762880e-01  -6.4028607e-02  -2.6683809e-01   4.0884573e-01  -1.9104279e-01   5.8786262e-02   2.9606884e-01   1.7845087e-01   1.5312443e-02  -1.6013339e-01   1.9545273e-01   9.5872580e-02  -1.6226088e-01  -1.2965557e-01  -1.6012990e-01   1.4295156e-01   1.3234977e-01  -1.5245623e-01   1.0461752e-02   6.7930593e-01   1.4091863e-01   1.2467053e-01  -7.0575735e-02   9.8012233e-02   2.3990883e-01  -1.7504776e-01   2.4257465e-01   2.9455915e-01  -4.1361485e-02   2.8271842e-01  -7.4124142e-03   1.6271278e-01   6.6019491e-02  -2.1716694e-01   2.6338042e-01   4.3610405e-01   1.2197319e-01  -8.0205017e-02  -2.9473465e-01   8.8378265e-02   1.5476593e-02   2.4754571e-01  -1.7840833e-01  -1.2530448e-01   1.3868580e-01
  -1.5842981e-01   6.4013525e-01  -1.0295262e-01   2.2174670e-02   2.8547290e-01  -2.7042102e-01  -6.8677207e-02  -3.4615857e-01   0.0000000e+00  -4.4830939e-02  -2.4682780e-01   3.1188901e-01  -1.0884804e-02   7.2950709e-02   8.1375979e-03  -4.0255204e-01  -7.3874644e-02  -7.1411047e-02  -2.0468985e-01   1.8804321e-01  -2.6146610e-01   9.5538494e-03  -1.8388001e-01  -3.1401786e-02   2.9735652e-01  -3.4752299e-01   2.7119825e-02  -2.5048716e-01   1.2212117e-01   4.9094739e-01   5.7653424e-02   7.4545384e-03  -2.5552827e-01  -1.6152304e-01   4.2486548e-01  -1.4204842e-01  -2.0133606e-02  -2.8367016e-01  -2.4002246e-01  -1.0559321e-01   1.1827068e-01  -2.7935011e-01   5.9202117e-01   2.0522325e-02  -2.1752196e-02  -3.7483855e-01  -1.0273567e-01   7.5899124e-02   9.8917685e-02   2.5704990e-02  -2.4884615e-02  -1.5397725e-01   1.9475986e-02  -3.5449005e-02   1.9888549e-01   6.4061099e-02  -2.2552904e-01   4.3542500e-01   3.9693634e-02   1.9261248e-01  -2.8268137e-01   2.3380020e-01   8.4354672e-01   4.0076134e-01   4.2792104e-01  -2.4749384e-01  -3.5735778e-01   2.2282905e-01  -1.7870335e-01  -3.0683608e-01   8.4237859e-02  -4.1857296e-02   3.0105073e-01  -1.5750723e-01   7.1529002e-02   1.9436215e-01  -3.1362430e-01  -2.5444199e-01   4.0993532e-01   3.4214126e-01   1.0878082e-01   2.1094564e-01  -6.6325960e-02  -2.8548617e-01  -1.8475790e-01   3.0238842e-01   7.7187896e-01   2.2186044e-02   6.8690920e-01  -2.1642328e-01   6.0762184e-01  -2.9226147e-01  -1.8647807e-01   7.8214653e-01  -3.5312299e-01   1.4056594e-01   2.7363191e-01  -1.4174554e-01   3.4078353e-01  -4.0704003e-02   3.6864850e-02  -9.1057682e-03  -7.5500632e-02   7.4557374e-01  -1.1107569e-01   1.1988439e-01  -1.9191702e-01  -1.9852799e-01   1.1556026e-01  -2.1304535e-01  -1.8733682e-02  -1.1702776e-01   1.4331693e-01  -2.2227828e-01   1.7288807e-01   5.1121736e-01  -1.5974778e-01   1.6937386e-01   8.8944575e-02   4.2717775e-02  -1.0553023e-01   3.4684209e-01   6.2091841e-01   5.7437008e-01  -2.9196229e-01  -1.4755011e-01   2.9006260e-01   2.6550625e-01   2.5312156e-01  -2.3251957e-01  -4.8435522e-02   1.1289036e-02   6.3483373e-02  -6.3904017e-02   7.2926881e-01   4.2431186e-02   7.4841070e-02  -1.4972043e-02   1.1595807e-01  -4.8891384e-02   1.0242660e-01   1.2481655e-01  -2.3810255e-01  -1.8432328e-01   1.3149579e-01   2.2076825e-01  -7.2965885e-02  -2.2836968e-01  -3.6487833e-01   4.2107278e-02  -1.7815773e-01  -3.4511193e-01  -2.2711019e-01   1.4666945e-01   1.1661255e-01  -1.0429549e-01  -2.8415122e-01   1.7921220e-01  -3.6451207e-01  -2.4035735e-01   2.6321325e-01  -2.8418056e-01  -1.4409257e-01  -2.8072115e-01   5.3510017e-02   2.9934449e-01  -1.9634036e-02  -3.1372166e-01  -3.0460685e-01   1.6719246e-01   3.2275591e-01  -2.4451495e-01   2.0570848e-02  -2.6484348e-01   2.5538097e-01   7.1173058e-03   6.8888213e-02
  -5.6866879e-02   1.2434886e-02   3.8826603e-01  -1.2436536e-01   3.6418501e-01   1.2010410e-01   4.5099471e-01  -1.5387194e-01  -4.4830939e-02   0.0000000e+00   6.0040025e-02   1.7945862e-01  -2.1849924e-02  -8.3906896e-02  -5.8661566e-02  -3.6957664e-02   5.4604883e-01   2.1425057e-02  -1.8876801e-01   4.2255489e-01   1.8902528e-01   2.0246172e-01   4.6623945e-01  -1.7570682e-01  -2.8002562e-01  -1.7802366e-02   1.6141607e-01   6.9088137e-02   9.5722438e-04  -2.1413185e-01  -5.3310984e-02   1.7164156e-01  -1.0806339e-01   5.5867785e-01  -2.9466796e-02   3.8396834e-01   3.9974825e-01  -2.7546187e-01   3.8147861e-02   6.1749097e-01   2.0731525e-01  -1.9665801e-01   2.8892746e-02  -1.4345751e-02   5.1475775e-01  -2.4328406e-01  -5.8681673e-03   1.0021004e-01   3.5848353e-03   2.5235496e-01   1.5320665e-01   3.3185734e-02   2.2339332e-01  -1.8000815e-01  -1.0441931e-01  -1.2512559e-03  -2.5297680e-01   1.1482004e-01   9.3855262e-02  -2.5440171e-02  -2.4592755e-01   1.1545420e-01  -7.3577178e-02  -1.5562018e-01  -8.1328277e-03   4.5377348e-01  -1.3160369e-01  -6.2441915e-03  -5.4580106e-02  -1.7953789e-01   3.2551852e-01   8.0640895e-02   2.4919298e-01  -9.2998964e-02  -1.7736630e-01   1.6545852e-02  -2.7747040e-01  -4.2299376e-02   1.6732003e-01  -1.9132246e-01   3.5615513e-02   7.8045289e-02   3.6175919e-01  -1.9054833e-01   2.8230172e-01  -4.6542017e-03  -7.8855439e-02  -4.7666174e-02  -9.6114398e-02  -2.9440940e-02   4.0005420e-02  -3.2693184e-01   3.0741248e-01  -3.5997598e-02  -3.6737983e-01   4.9118584e-01  -4.5334066e-02  -3.0994225e-01  -1.2815055e-03   6.9583085e-01   7.1765640e-02  -2.0942406e-01   2.2712884e-01   4.9747791e-02   1.1658169e-01   2.3699343e-02  -1.3482018e-01  -3.0637392e-01   4.9442197e-01   2.7362376e-01   2.6372579e-01   1.0534980e-01  -8.9071721e-02  -1.5036545e-01   9.2422902e-02  -7.3821717e-02   8.3368682e-02   2.7794454e-01  -5.0651344e-02   2.4646518e-01  -8.1963545e-02   1.4440502e-01  -1.2625610e-01  -9.8063318e-02  -4.2214995e-01  -1.6060778e-01   1.6460916e-01   2.1773767e-02   1.9453385e-01   3.2816098e-01  -1.7079630e-01   2.1012713e-01  -8.3429190e-02   2.6445015e-01   5.2594877e-02  -1.5957252e-01  -2.8512280e-01  -9.9406055e-02  -9.9782620e-02  -1.7104661e-01  -8.9290187e-02  -8.1229186e-02  -1.1359654e-01   3.1430168e-02   7.5411591e-02  -7.4308649e-02   5.8684327e-01   2.0376881e-01   3.0544120e-01   5.0836465e-01  -8.3764447e-02  -3.4582065e-02  -2.5909969e-01  -2.2079086e-01   4.7495764e-01  -9.3029860e-02  -2.7991671e-01   2.2357602e-01  -3.5887954e-01   2.3225446e-01  -1.0671892e-01  -4.0399626e-02   5.8707159e-01  -4.6553218e-02   1.8116629e-01  -5.1671667e-02   2.5202214e-02  -2.9789640e-01  -2.7320516e-01   8.4541263e-02   4.5885167e-02  -2.7408619e-01   7.9102313e-02  -3.2590023e-01  -2.5881892e-01  -1.0521609e-01  -2.7629363e-02
   2.5343242e-02  -3.7771650e-01   2.8847633e-02   1.3870313e-01   4.7210838e-02   2.5592825e-01   8.6523386e-02   2.1441819e-01  -2.4682780e-01   6.0040025e-02   0.0000000e+00  -3.1175982e-01   7.1204502e-02  -2.0514333e-01   3.6107872e-01   3.1267473e-01   5.2386846e-02   4.1497611e-01   9.7258049e-02   1.0755811e-01   4.8991206e-01  -1.2601555e-01   3.9544731e-01  -8.8352334e-02  -9.5941703e-02   6.8452262e-02   1.3509210e-01   2.1971985e-01   4.1331573e-02   3.3005742e-03   3.9351467e-01  -6.8267619e-03   9.2374955e-02   1.5997136e-01  -1.9819410e-01   5.7339693e-01  -2.4127102e-02  -1.1085729e-01   3.7005852e-01   3.8020929e-02   1.4462266e-01  -1.1300867e-01  -3.9039502e-01   4.8071990e-01   6.4270805e-02  -1.2874052e-01   4.3652751e-01   1.0350612e-01  -2.2182144e-01   8.5259642e-02   4.4948015e-01   1.1323963e-02   8.4275696e-02  -1.4627665e-01  -2.4487276e-01   3.3953170e-01   4.9377215e-03  -3.6835414e-01   2.3806964e-01  -2.1280160e-01  -3.0344163e-01  -1.6166573e-01  -3.2779518e-01   1.8786948e-01  -2.7217405e-02   3.3742308e-01   8.0719156e-02  -3.4162644e-01   3.4509806e-01   1.0521479e-01  -2.1255206e-01   8.6808906e-02   1.5125317e-01   1.0630192e-01  -3.2912322e-01  -3.9243663e-01  -6.0438687e-02  -5.4262384e-02  -1.3964880e-01  -2.9720556e-01   2.0523356e-01   1.6629447e-01   2.5769697e-01   1.4446793e-01  -3.7391177e-02  -1.1711063e-01  -1.6502685e-01  -2.9225766e-02  -4.0505278e-01   5.6432374e-02  -1.0978041e-01  -2.4447723e-01   6.1982382e-02  -1.5055852e-01  -1.0910860e-01  -1.7854735e-01  -2.6138667e-01   1.2411019e-01   3.2873914e-02  -1.1508904e-01   2.5603689e-01   1.9018985e-01   1.2495668e-02  -2.2381998e-01   2.4351488e-01  -1.2925814e-01  -1.1906275e-01   2.2076895e-01  -2.7959915e-01   8.8364770e-02   2.6352626e-01  -1.5378313e-01  -1.6539554e-01   3.8539422e-02   2.2943130e-01  -1.6021425e-01   3.5718523e-03  -2.3651516e-03   2.0362960e-01   5.0240484e-02  -1.7266636e-01  -5.7966278e-02  -3.3597054e-01   4.5714804e-02  -1.3022740e-01  -2.9980652e-01   1.5489268e-01  -2.5518046e-01  -2.3572906e-01   2.6957526e-01   2.1529595e-01   5.2514702e-01  -1.0507693e-01   2.2006237e-01  -1.3271398e-01  -3.3785542e-01  -4.6562273e-01   3.0542127e-01  -4.2217598e-01  -6.6403574e-02   1.5203961e-02  -2.6964136e-01   3.0124012e-01   1.8430899e-01   2.2513762e-01   4.6299917e-01  -1.6143568e-01   3.2939950e-01   5.6508897e-01  -1.5257447e-01   1.0893263e-01   1.0417135e-01  -1.7102111e-01   3.7791261e-01  -2.0052323e-01  -4.6627849e-02  -2.0952760e-01   2.1564123e-01  -2.3466331e-01  -5.6262281e-02  -1.4319395e-01   5.0337668e-01   4.4823057e-02   4.6201806e-01  -1.5748808e-01  -2.5452424e-01   1.9709946e-01   4.5856798e-02  -1.4664391e-01  -2.0386533e-01  -2.7191010e-01  -1.4079106e-01   2.9984181e-01  -6.6970907e-02  -2.3408603e-01  -3.1690662e-01  -7.3297597e-02
  -3.4998466e-01   5.8809044e-01  -2.9629699e-02  -6.2560439e-02   3.0467462e-01   3.2601916e-02   3.4534074e-01  -1.8185572e-01   3.1188901e-01   1.7945862e-01  -3.1175982e-01   0.0000000e+00  -3.6292546e-01   1.6992705e-01  -3.7332750e-01   6.5472653e-02   4.8662552e-02  -1.6327519e-01  -9.4819084e-02   2.1567994e-01  -3.1664510e-01   1.4854420e-01  -1.0959001e-01  -6.2316860e-02   1.2588929e-01  -5.1685675e-02  -4.4730314e-02  -2.9025024e-01  -6.0599395e-02   2.3282651e-01  -3.5109539e-01   3.6231530e-01  -2.2925810e-02  -6.6515580e-03   4.5537317e-01  -2.3282526e-01   3.0395952e-03  -3.9300315e-01  -6.6472163e-03  -7.1808901e-02  -9.7360771e-02  -2.5879710e-02   5.0372438e-01  -2.3832875e-01   1.4932480e-01  -8.9986993e-02  -7.8272792e-02  -3.2912301e-02   6.0091956e-03   2.4175370e-01  -8.7937611e-03  -3.9289908e-03  -5.7673871e-02  -2.4095980e-01  -4.7183950e-02  -2.1042694e-01  -5.6844277e-02   3.3936986e-01   5.3813769e-02   4.9036490e-01   9.7572447e-02   3.0148624e-01   3.4526548e-01   1.2233348e-01   1.0133798e-01   1.2540312e-01   6.8001164e-02   1.9276778e-01   1.0408862e-01  -5.0183961e-01   1.5114631e-02   1.3899677e-01   1.3460128e-01  -2.5262344e-01   1.5662598e-01   3.5279002e-01  -2.2132653e-01  -6.2162385e-02   4.8202465e-01   2.5379801e-01  -2.4352127e-01   1.8559523e-01  -1.3857227e-01  -1.1615880e-01   1.8278967e-02   1.9847729e-01   2.6138025e-01  -2.8044722e-01   2.8382622e-01  -4.0074484e-01   4.3100071e-01  -8.0028006e-02   4.3563054e-01   2.6844299e-01  -3.3981727e-01   4.0521299e-01   3.4183163e-01  -1.7192534e-01   1.9320660e-01   2.1152282e-01  -4.8439704e-01   1.3820395e-01   1.3406463e-01   3.7545710e-01   2.0933483e-01   1.7052803e-01  -2.6024386e-01  -5.8233731e-02   2.3631504e-01   1.4739182e-01   2.9313145e-02   3.4772991e-01   1.7846332e-01  -4.7163104e-01  -4.0826971e-01   3.3950674e-01  -9.6616384e-02   6.1879454e-02  -2.0421757e-02   2.8270561e-01  -2.2163139e-01   4.6884122e-01   4.4616487e-01   2.3035110e-01  -1.6265636e-01   2.2951930e-01   3.0021371e-01   2.8628040e-01   3.0306268e-01  -4.0778586e-01   3.9657583e-02  -1.6629136e-01   1.4357442e-01  -1.7598022e-01   1.7210677e-01   1.9947073e-01   6.5527977e-02  -4.0135943e-01   2.8784204e-01  -3.6288773e-01  -2.7834153e-01   5.0159077e-02  -2.6696967e-02   5.3021884e-02   1.6271329e-01  -1.8323808e-01   2.3344958e-01   3.4811243e-02  -1.2051967e-01   4.2745489e-02  -3.1211118e-01  -2.5477558e-01  -2.9489607e-01  -5.6978221e-02   4.0154874e-01  -2.3887585e-01  -1.8507353e-01   2.1104070e-01  -5.4268279e-02   2.5819271e-01   1.9197444e-01  -2.2078364e-01   5.7651457e-02  -9.4824791e-02   2.0417236e-01   3.8224634e-01   1.9104304e-01  -7.5769883e-02  -4.0223921e-01   4.3789346e-01   6.0212679e-01  -2.9295435e-01   5.4262701e-02   1.7970215e-01   1.3962906e-01   4.6861674e-02  -2.4041556e-02
  -4.7349679e-02  -6.1369715e-02  -1.5386556e-01  -1.0042025e-01   1.2464796e-01  -3.6452665e-01  -2.3677046e-01  -2.5174905e-01  -1.0884804e-02  -2.1849924e-02   7.1204502e-02  -3.6292546e-01   0.0000000e+00  -2.6076991e-01   3.3473106e-02   3.6099921e-03  -7.7949296e-02  -1.6992941e-01  -3.0751645e-01   2.0075779e-01   1.7149878e-01  -2.9280261e-01  -8.1899791e-02   2.2877206e-02  -1.6024699e-01  -1.9146946e-01   1.5184997e-01  -1.6963278e-01  -1.0965904e-02  -1.2583522e-01   2.0364560e-01  -2.4998088e-01  -3.1386986e-02  -9.1445335e-02  -1.4301252e-01   3.2045806e-01   5.8145898e-02  -3.9416255e-03   2.2512882e-01   1.1559537e-02   6.1726261e-01   4.1519578e-02  -1.2117538e-01  -1.1293705e-01  -1.5239602e-01  -3.5721693e-03   3.4270605e-01   8.3405287e-02  -6.9513609e-02  -2.6537027e-02  -1.8629754e-01  -2.3217553e-01   6.7687456e-02  -1.1294564e-01   1.7178898e-01  -3.0905854e-02  -8.7346781e-02  -2.7539310e-01   1.6579002e-01  -2.7245289e-01  -2.2304589e-01  -1.0081209e-01  -3.4671842e-02   2.2014082e-02  -2.1213965e-02  -9.3780648e-03  -4.1566322e-01  -2.5770716e-01  -1.3941896e-02  -3.5915675e-02   2.0148974e-01  -2.4269435e-01   1.2679675e-01   4.1646342e-02  -2.4273522e-02  -1.2810144e-01  -3.3492856e-02   1.1383320e-02  -1.2677730e-02   8.8203375e-03  -9.6619737e-02   1.1080762e-01   3.8868117e-02  -3.0036032e-01  -4.2593175e-02  -1.1391184e-01   9.1794014e-02   8.9159527e-02  -1.5458751e-02   1.3724333e-01  -6.9734259e-02  -1.1929147e-01  -2.4451197e-01   5.5482968e-02  -3.4116327e-02   1.2493600e-02  -2.8003520e-02  -1.9359900e-01  -5.4485165e-02  -8.7479521e-02   1.8342684e-01  -3.3726602e-01  -1.1835266e-01  -1.1998415e-01  -1.2489806e-01  -3.2847884e-01  -1.1205898e-01  -1.7672268e-01   6.4013421e-03  -6.2619620e-02  -2.8609956e-01  -3.0186388e-01  -2.8891709e-01   5.9543003e-02   1.5675687e-01   1.0028060e-02   1.7826061e-01   3.7921329e-01  -2.4710156e-01  -1.6929904e-01  -1.0091439e-01  -4.4623829e-02  -1.0121708e-01   1.1562960e-01   6.2809944e-02  -1.4748473e-01  -6.1121982e-02  -2.7147072e-02  -3.3840164e-01   4.1375359e-02   3.4161182e-01   7.3853367e-03  -7.6979878e-02   1.0025037e-01  -1.1842942e-01  -1.7962622e-01  -1.2767259e-01  -1.0672713e-01  -1.9987682e-01  -6.1011344e-03   7.2132379e-04  -1.9163214e-01  -1.3049319e-02  -2.6741220e-01  -8.7605341e-02   6.1259984e-02  -5.9390209e-02   3.0775909e-02  -9.2457097e-02   7.5237848e-02  -2.6937611e-02  -1.9611358e-01  -7.5686244e-02   1.3730137e-01  -2.1623557e-01  -1.4859963e-03  -6.7024703e-02   3.2893942e-01  -1.8295068e-01  -3.0731333e-01  -2.4983313e-01   2.0846775e-01   2.3751853e-02  -1.1468199e-01  -1.7172940e-01   4.5030990e-02  -1.3882668e-01  -2.8217537e-01   1.8995674e-02   5.4846234e-02  -4.8658753e-02   5.0040249e-02  -1.8633885e-01  -3.2496208e-01  -1.1717884e-01  -2.2001096e-01  -2.7652878e-01
   4.3381360e-01   9.2116904e-02   9.7868913e-02  -1.3926802e-01  -2.2192078e-01   9.1715047e-02   1.7779119e-01  -6.5382875e-02   7.2950709e-02  -8.3906896e-02  -2.0514333e-01   1.6992705e-01  -2.6076991e-01   0.0000000e+00   1.8178975e-01   2.5938127e-02  -2.1537417e-02   2.6861305e-01  -1.2204954e-01  -2.7339427e-01  -6.5298718e-02   2.2556989e-01   4.7647368e-02   5.9695889e-01   1.9683076e-01  -1.8927822e-01  -3.5444321e-01   2.0415086e-01   1.9626868e-01   1.0532769e-01  -1.6468570e-01  -3.9640483e-02  -5.4902878e-02  -6.5354914e-02   4.5724756e-01  -4.0133786e-01  -8.1457344e-02   3.0711706e-01  -1.1131304e-01  -1.9084807e-01  -1.6015079e-01   3.7695561e-02   2.6607312e-01   5.7649016e-02   6.5687982e-02  -4.3508125e-02  -4.7033935e-01  -1.9623378e-01   7.7663871e-02  -3.1637073e-01   6.1441801e-02  -3.7510544e-01  -1.7169616e-01   2.9980516e-01   3.0552918e-02   1.0773016e-01   3.9618564e-02   1.8007474e-01  -1.1712956e-01   6.1225489e-01   1.6388993e-01   9.8160867e-02   8.0767536e-02  -2.4272613e-01  -2.7363454e-01  -1.4131727e-01   1.3216899e-01   1.6953635e-01  -3.7729924e-01   7.3302289e-02  -2.1300047e-01   1.6477693e-01   5.9513142e-02   2.2770455e-01   4.2987322e-01   4.8274394e-02   1.0309442e-01   1.6447801e-01  -9.8203369e-02   5.2610267e-03  -9.2963591e-02   1.0512393e-01  -1.0386120e-01   6.2673803e-02   1.8746028e-01   8.9059276e-02  -2.5804363e-02   3.7152085e-01  -2.9361643e-02   7.6544344e-02  -1.0088357e-01  -4.6573038e-02   6.3138907e-02   7.6175679e-02   1.8735550e-01  -2.4800142e-01   1.6679434e-01  -1.3795743e-01  -3.1210473e-02   5.2165958e-02  -7.6473802e-02   3.5537908e-01   1.6429735e-01   4.0270780e-01   1.9228075e-02   1.1700496e-01   2.6698867e-01  -1.4318999e-01  -8.9005363e-02  -4.5524793e-02   1.5531958e-01   2.5505339e-01   2.3614073e-01   2.3211356e-01  -5.6040180e-02  -2.0067649e-01  -1.7939065e-01   7.0467051e-02   1.6236450e-01  -5.2705959e-02   3.5595565e-01   4.5755438e-02   1.2295258e-01  -2.0843174e-01   2.8792201e-02   6.8941028e-01   6.6723647e-02   2.8447385e-02   2.9484277e-01  -7.2105106e-02  -1.2531779e-01  -2.4709121e-01   5.3958817e-01  -7.1448999e-02   1.8190692e-01  -1.0049205e-01   2.7522625e-01   9.7248429e-02  -1.1990023e-02   1.0789544e-01   7.8109119e-02   1.6897203e-01  -5.9884322e-02   2.2684104e-01   3.5423572e-01   7.4925075e-04  -1.1358369e-01  -1.4980522e-01   2.5853684e-02  -9.2306819e-02   2.0276253e-01  -1.5376992e-01   1.4490828e-01  -3.0455730e-01  -3.8813770e-03   1.4370057e-01   2.3681172e-01  -2.3933902e-01  -5.5350403e-02   8.4273640e-03   2.1622840e-01  -2.0439472e-01  -2.5996269e-01  -1.0595234e-01  -1.0830198e-01  -1.2273848e-01  -2.5024457e-02   2.7164855e-02   1.4842409e-01  -2.0765933e-01  -2.2701741e-01   2.1625120e-01   3.1204110e-02   3.1579577e-01   1.8790303e-01   2.1575833e-01   1.7921498e-01
