   0.0000000e+00  -4.2203745e-01   1.9029891e-01  -2.0648124e-01  -1.2730665e-01  -4.6159372e-01  -4.1467360e-01  -4.0721006e-02  -1.1379492e-01  -2.7216048e-01  -6.5589867e-02  -2.0693888e-01  -1.1157198e-01   5.1926406e-01  -3.0482803e-01   2.2982856e-02   2.5796868e-01  -1.6549059e-01  -7.0683108e-03   9.3625898e-02  -2.8028815e-01  -3.0413826e-01  -4.1946242e-01   6.7357516e-01  -5.0951054e-02   1.7941203e-01  -2.8681988e-01  -3.0844885e-01  -1.6314813e-01  -3.8711175e-01  -3.4988285e-01  -1.5479476e-01  -9.4011818e-02  -3.6977334e-01  -1.0505626e-01   2.2029626e-02   1.5327657e-02   7.5993880e-01   5.2057635e-02  -2.0555077e-01  -4.3988178e-02   3.5946103e-01  -2.4332874e-03   1.8820542e-01   8.2141186e-02   7.1135959e-01  -8.7265993e-02  -3.8836542e-01   5.0175939e-02  -1.5527034e-01  -2.0161581e-01   8.3788613e-04  -3.4094337e-01   1.8780687e-01   4.3823606e-01   1.6427314e-01  -1.8201343e-01  -2.8553855e-02  -1.5809794e-01  -4.7970933e-02   6.5260629e-01  -1.4688513e-01  -1.8636979e-01  -1.5688893e-01  -5.3942291e-02  -1.6121900e-01  -2.5590780e-01   2.1451464e-01  -1.7154328e-01   6.6886018e-02  -3.0503509e-01   1.3710493e-02   1.9940956e-02   2.3497385e-02   7.7341644e-02  -3.0401798e-01   7.8140405e-01   1.8066456e-01  -6.6259756e-02   5.5411821e-02  -4.3682409e-01   1.1015411e-01  -1.0796244e-01   1.1773927e-01   4.3934554e-01  -2.3721824e-01  -1.9275184e-01  -4.9928503e-02   5.8747384e-03   9.3806705e-01   9.4263170e-02   5.8326540e-01  -2.3491281e-01   2.9517940e-01   7.6533127e-01  -6.4964040e-02  -1.2520427e-01  -1.5945817e-01   1.3371994e-01  -2.0586799e-01   3.7941219e-01  -1.3073135e-01  -3.6380083e-01  -2.1607706e-01  -1.1927430e-01  -4.2668482e-02   2.8173123e-01  -2.5856322e-01  -3.7690957e-02  -3.0150116e-01  -4.4041507e-01  -3.5911721e-01   2.9568686e-02   7.8251064e-01  -1.0502656e-01  -1.2318251e-01   2.2402020e-01   1.5831975e-01   2.8408729e-01  -1.3484643e-01   8.3782340e-01   4.7705812e-02   8.0565296e-02  -3.1566489e-01   8.8318654e-01  -2.8099602e-01  -2.3875226e-02   1.0707289e-01  -2.6577306e-02  -3.5125237e-01  -2.2424170e-01  -3.2228900e-01   1.9490409e-01  -2.3915682e-01   1.1415898e-02  -2.8488924e-01   6.0943272e-02  -4.4945435e-01  -3.7954537e-01   7.8137677e-01   7.6789450e-01   1.0593839e-01  -8.0573581e-03  -2.9969140e-01  -2.9407192e-01  -3.3988065e-01  -3.6630042e-01  -4.5675483e-02  -3.8521253e-01  -1.2081931e-01   3.1187810e-01  -2.3340404e-01   4.2395221e-01   1.6367272e-02  -3.0283340e-01   8.3268574e-01   8.1479659e-01  -7.5896236e-02   6.8361121e-01  -4.5793965e-01   8.5381410e-02   4.3700278e-02  -1.6327518e-01  -1.7797736e-01  -9.9039502e-02   4.0690867e-02   2.7015207e-02   3.1430409e-01   7.2978306e-01  -7.3085535e-02   2.5451578e-01   7.8897668e-01   9.0661782e-02  -3.5449535e-01  -1.7578754e-02   5.6135129e-02   1.8817707e-03
  -4.2203745e-01   0.0000000e+00   8.5158957e-02   3.2963050e-01   3.5907324e-01   1.2975455e-01   6.0140296e-03  -1.2180188e-01   3.1336493e-01  -2.8250030e-02  -2.9534538e-01   1.1168320e-01  -1.1579728e-01  -2.4921343e-01  -4.8077350e-02  -1.6901116e-01   4.4165666e-02  -2.5193847e-02   8.9753206e-03  -4.4716303e-02   1.5322449e-01   2.0015903e-01  -1.0467469e-01  -4.4774844e-01   8.0096677e-02  -8.4697509e-02   2.3982881e-01   7.0140186e-02   1.4677417e-01   2.8273295e-01   1.3417067e-01  -1.4958609e-02   2.2332749e-01   1.2785214e-01   4.3518319e-02  -2.7157842e-01   1.5827848e-01  -2.7746440e-01   1.3297843e-01   2.4154591e-01  -1.1728407e-01  -8.1538973e-02   1.7357725e-01  -1.2973208e-01  -3.9528039e-03  -2.8450729e-01  -2.1564222e-01   3.9794789e-01   1.3268786e-01   3.3791927e-01  -1.1214832e-01  -2.0423629e-01   2.5847347e-01  -1.1584021e-01  -1.1662760e-01  -1.3506935e-01  -5.8392403e-02  -7.6915404e-02   2.3573333e-02  -8.1114414e-02  -3.2851470e-01   1.4947853e-01   2.8570202e-01   7.4032702e-02   3.4326995e-01  -5.7624868e-02   2.3787995e-01  -1.4222410e-01  -8.0573784e-02  -7.0442932e-02   4.2045494e-01  -1.0610943e-01   1.5681770e-01  -3.9211544e-02  -3.9626255e-02   1.0114092e-01  -2.6557482e-01   2.3707666e-02   4.4952511e-01  -1.9887773e-02   4.9581707e-02   6.4710671e-03   1.7236183e-01  -3.7742050e-02   3.9188659e-02  -9.1408791e-02   3.3980265e-01  -2.3306682e-01  -4.3423559e-02  -4.6926492e-01   2.8364595e-01  -1.7963015e-01   1.3292050e-01   3.1176246e-02  -2.9511371e-01   2.7673191e-01   5.7166906e-02   2.4637250e-02  -1.4125135e-02  -9.8141017e-02  -2.0964680e-01  -1.0465946e-01   2.6047713e-01   6.5256927e-02  -1.6946665e-01  -1.7610965e-02  -8.0671243e-03   1.0442655e-01   3.2899219e-02   4.2533598e-01   1.5214164e-02   1.5609462e-02   8.8190937e-02  -4.3318211e-01  -2.9330182e-01   3.5931847e-01  -5.1851873e-02  -1.5419164e-01  -2.6445932e-02   1.3832608e-01  -3.5227122e-01   2.9230147e-01   1.6291140e-01   3.3853033e-01  -3.4711958e-01  -6.6116133e-02   7.9506084e-02  -1.3754157e-02  -1.2086959e-01   3.3139378e-01   2.1951282e-02   1.2099549e-01   7.3249946e-02   6.1643389e-02   4.3641565e-02  -4.5413173e-02  -1.1635979e-01   4.0270304e-01   2.5749753e-02  -3.1556641e-01  -4.4730140e-01  -8.2957869e-02  -2.5187865e-01   1.7624278e-01  -1.2427258e-01   2.2685015e-01   2.5084972e-01  -1.9716331e-01  -1.4068842e-02   1.3501529e-02  -2.1179700e-01  -1.2230289e-02  -2.6964142e-01  -3.6212434e-02   4.4117217e-01  -3.7495828e-01  -3.4573408e-01  -1.7542284e-01  -2.0719453e-01   6.6975363e-02  -2.4598860e-02  -1.8751386e-01  -3.7474902e-02  -9.9600140e-02   2.5981727e-02   2.1513645e-01   4.0655722e-02  -2.0859662e-01  -3.3107845e-01   3.3349167e-01   8.7217409e-02  -2.8083371e-01  -1.3435955e-02   2.5131023e-01  -2.3976000e-02  -2.9677861e-02  -5.8087467e-02
   1.9029891e-01   8.5158957e-02   0.0000000e+00  -1.8149615e-01   2.4713404e-01  -1.3523862e-01  -2.6636391e-01  -3.1408249e-01   7.5258452e-02  -2.6815520e-01  -4.0725275e-01   1.2606659e-01  -1.7804827e-02   2.1382246e-02  -2.4768547e-01  -7.8257893e-02   8.4318861e-01  -1.3151640e-01  -5.4731400e-03   3.5864121e-01  -2.0478397e-01  -1.6103680e-01  -2.8685566e-01   1.0246516e-02   1.0310848e-01  -6.7287495e-03   4.2391222e-02  -4.7237080e-01  -8.5234681e-02  -3.2888474e-01  -2.8124120e-01  -2.6909545e-01   1.6473532e-02  -2.1053318e-01   1.2655805e-01   6.1511929e-02   2.1886311e-01   2.2241936e-01   1.2279908e-01   4.0443552e-01  -1.5116859e-01   1.9387027e-01   2.7111038e-01  -6.8036005e-02   4.1092010e-02   4.3323315e-01  -7.5108752e-02  -2.7580720e-01   1.9902755e-01   6.2716680e-01  -3.2958896e-01  -3.2027172e-01  -1.8795755e-01   2.5931875e-01  -8.5891021e-04  -1.3707841e-02  -1.7986831e-01  -6.1375639e-02  -2.4547791e-01   6.2535833e-03   4.4444309e-01  -3.6702620e-02   1.1689067e-01  -4.3731058e-01   7.9199659e-02  -2.4881429e-01   2.5543363e-01   1.1231664e-01  -1.8990999e-01   3.4408593e-01   1.3095782e-01  -1.0283717e-01  -1.6412262e-01  -5.7164882e-02   6.4010623e-02  -2.9779408e-01   3.8449223e-01   1.0379214e-01   2.4970109e-01   2.6877563e-02  -5.0704382e-01  -8.7143721e-02  -1.1919831e-01  -9.5348928e-02   3.9162349e-01  -2.2675842e-01   9.9236127e-02  -1.3669706e-01   1.3068891e-01   1.4359769e-01   3.0762941e-01   4.9034903e-01   1.4092146e-01   1.9114808e-01   2.8821225e-01   2.8912872e-01   1.1949576e-01   3.7512124e-02   2.6689171e-01  -1.0187685e-01   8.9172234e-02  -2.8757840e-01  -3.4557658e-01  -5.2771361e-02  -2.4626483e-01  -4.1718992e-02   4.9917511e-01  -2.2107695e-01   8.8037504e-02   4.7009574e-02  -2.4756937e-01  -3.2652802e-01   5.0939797e-02   1.2994446e-01  -2.3477505e-01   1.1167740e-01   9.1824616e-02  -6.1411736e-02   1.9101921e-01  -1.7041604e-01   3.1119810e-01   3.5631784e-01   1.9105231e-01  -1.8483256e-01   2.7789445e-01  -9.7011493e-02  -5.2757765e-02   1.6440377e-01  -1.4273735e-01   4.2915947e-01  -1.4927402e-01  -3.8266687e-01  -1.4944035e-01  -2.7114133e-01   2.6115784e-01  -4.1967159e-01  -6.3557182e-02  -3.4236431e-01  -3.6507183e-01   1.2658935e-01   4.9502419e-02   6.3863144e-03  -2.2800505e-01   5.5990998e-02  -1.4494626e-01  -3.6117691e-01   1.0568880e-01  -1.7298872e-01  -3.4315934e-01  -1.9994554e-01   2.0970618e-01  -5.0341807e-01   3.6573748e-01  -2.4964683e-01   4.7159567e-01   1.1959747e-01   2.7262402e-01  -1.6331594e-01   4.6743855e-01  -4.3249268e-01   1.8425985e-02  -3.4152172e-01  -3.7509032e-01  -2.4493355e-01  -1.0116978e-01   2.0033492e-01  -1.3525647e-01  -2.5368126e-01   2.9583494e-01   1.7866572e-01   2.9917654e-01   3.9489835e-01  -5.0461653e-02  -6.4718349e-02  -1.1322665e-01   2.4934884e-01   4.3210382e-02
  -2.0648124e-01   3.2963050e-01  -1.8149615e-01   0.0000000e+00  -1.1178816e-01   2.4949163e-01  -6.2574204e-02   1.2092735e-01   7.9803383e-02   2.2094757e-01   1.5751788e-01   9.2008674e-02   1.0014209e-01   2.6580740e-02  -8.3778809e-03   9.0589742e-02  -1.3318179e-01   4.2867017e-01   2.1847014e-01   7.2196616e-02   3.0475253e-01   5.8621933e-01   1.4501360e-01  -1.7314051e-01  -9.6248104e-02   5.9079069e-02   4.7574787e-02   2.1269798e-01  -1.1815966e-01   3.2263349e-01   8.4123132e-02   5.4869252e-01  -1.5951534e-01  -2.6956552e-01  -1.9376213e-01   5.0822876e-02  -1.9601197e-02  -2.0269639e-01   1.2632230e-01  -2.3624876e-01   2.6013971e-01  -1.3201766e-01  -1.3026601e-01   5.7433804e-02   5.9942924e-02  -2.0177569e-01   1.6533529e-01   2.6109121e-02  -3.2675103e-02  -1.5910960e-01   3.9030771e-01   1.4380231e-01  -8.6471300e-02  -4.0460716e-02  -7.6800518e-02   1.2486063e-01   6.8902437e-02   5.1048293e-01   5.6390642e-01   1.1087994e-01  -2.5787509e-01  -2.2740783e-02   1.1086874e-01   2.2895597e-02   3.0633099e-02   7.4025455e-02   1.9802907e-01   8.1359192e-02   2.6010540e-01   9.7951368e-02  -1.1102018e-01   4.5162542e-01   1.7343142e-01   3.2336192e-01   4.6041372e-02   2.5700495e-01  -2.5630331e-01   1.2689932e-01  -9.4056441e-02   2.4008989e-01   2.9221069e-01   1.1607597e-01   1.6445563e-03   6.7633967e-02  -1.3990983e-01   9.6201386e-02   2.8356177e-01   8.3739831e-02  -1.1324219e-01  -2.5317186e-01  -1.4656475e-01  -1.0201915e-01  -3.4456898e-01   2.3145362e-02  -2.3747311e-01  -7.1045076e-02   1.9681402e-01   2.3516840e-01   9.0366815e-02   1.8293270e-01  -9.1113596e-02   7.9699601e-02   2.9222850e-01   3.3969520e-01   5.2690040e-01   5.8545896e-01  -9.1206234e-02   4.7751374e-01  -1.3646046e-01  -1.4856519e-02   1.6855817e-02   4.0051655e-01   3.3513412e-01  -1.7152580e-01  -6.6754033e-02  -1.7605852e-01   1.0206907e-01   2.3614583e-01  -8.6353357e-03   6.4628650e-01  -2.2652423e-01  -2.0206619e-01  -9.4189918e-02  -5.4621289e-02  -2.3338495e-01   3.3525884e-01   1.1287085e-01   8.7009251e-02   5.4838923e-01   1.1609944e-01  -1.5043069e-01  -1.8257776e-02   2.6550838e-01   1.5668021e-02   1.1633231e-01   1.2370489e-01   6.6478744e-02   2.0146452e-01   1.7179438e-01  -1.8949317e-01  -1.6026097e-01   5.1813001e-02   2.3711529e-01   2.0932308e-01  -3.8688243e-02   3.1803939e-01  -1.8688099e-01   6.2203883e-02   1.3961969e-01   1.6965341e-01  -1.7675074e-01   8.2525010e-02  -2.4904351e-01   8.6319681e-02  -4.9311425e-02  -2.3456318e-01  -2.0273561e-01   3.3367613e-01  -1.7729000e-01   1.9510462e-01  -9.2665818e-03   2.5417212e-01   4.8288190e-02   5.7974641e-01   4.7502592e-01  -2.4408769e-01   9.1547409e-02  -1.6828207e-01  -2.9344404e-01  -1.7690399e-01  -2.0013240e-01  -2.4657067e-01   3.6213447e-01   8.1934047e-02  -5.2205405e-02  -1.7683384e-01   4.7516881e-01
  -1.2730665e-01   3.5907324e-01   2.4713404e-01  -1.1178816e-01   0.0000000e+00   2.4725079e-03   1.8036690e-01  -3.4608824e-01   6.2767817e-01   1.4368553e-01  -5.1821717e-01   1.0023378e-01   1.5014096e-01  -3.0174834e-01  -4.5599701e-01  -2.4858603e-01   1.2346980e-01  -1.1510211e-01   1.6175099e-01   5.8538963e-01  -4.8965169e-01  -2.5647421e-01  -4.5177166e-01  -2.1328959e-01  -1.3785360e-01  -1.3204076e-01   3.4940810e-01  -4.0108220e-01   8.1009031e-02  -1.8625591e-01  -4.7436128e-01  -2.9045907e-01  -6.4753334e-02   2.4501995e-01   4.8458334e-01   2.0888433e-01   1.8076104e-01  -1.2970283e-01  -4.3996751e-02   6.5413167e-01   1.5166302e-01  -6.4627008e-02   5.7429793e-01  -4.3427227e-01   2.8040552e-01  -2.3838708e-01  -1.7447818e-01   4.4857195e-01   1.4451209e-01   4.7819451e-01  -3.6051388e-01  -3.2319338e-01   2.8354929e-01   1.6126489e-01  -2.1922814e-01  -4.3748730e-01  -2.1381309e-01  -2.4555945e-01   7.9561940e-02  -5.5832787e-02  -2.2145134e-01   2.4749559e-01   6.0841115e-01  -4.3357493e-01   6.0758400e-01   1.1332831e-01   2.3125479e-01   1.4605366e-01  -1.7673182e-01  -3.5954592e-01   5.8008038e-01   1.0108514e-02   3.0603346e-01  -4.7351136e-01   1.5774309e-01  -1.0146421e-01  -1.6679815e-01   2.5175163e-02   7.6324295e-01   6.2337452e-02  -4.1535785e-01   1.7246036e-01  -2.2133009e-01  -3.0550088e-01  -3.7195812e-01  -9.4956117e-02  -2.1691429e-01  -4.4352474e-01   2.4700946e-01  -1.3444980e-01   8.0887825e-01  -5.4102666e-02   6.3153821e-01   5.2168414e-01  -1.2418490e-01   7.9585268e-01   1.9513326e-01   1.8274855e-01   4.1917866e-01  -5.6261327e-02  -3.5456216e-01  -3.7201316e-01  -3.7233582e-01  -7.9108010e-02  -2.5122884e-01  -1.4515430e-01   3.0790920e-01  -3.7848588e-02   5.3518394e-01   6.6818546e-01  -2.1610775e-01  -4.6249701e-01   1.4209221e-01  -1.0509820e-01  -3.2884017e-01   8.5880243e-01   7.8834313e-02   2.2946462e-01  -4.6269188e-01  -2.7324564e-02  -2.0308595e-01   7.3162207e-01   3.8841517e-01   3.9997923e-01  -1.7393742e-01  -4.3792603e-01   2.1766986e-01   2.7333317e-01   3.6976524e-02   7.2254675e-02   4.0042624e-03  -1.0124106e-01  -4.1584547e-01  -2.6115615e-01   3.6354894e-01  -1.5930289e-01   7.4217992e-02  -1.7172592e-01  -2.2774610e-01  -1.9566433e-02   6.7290371e-03  -4.5857468e-02  -3.6141714e-01  -4.5590570e-01  -2.6036904e-01  -3.7108372e-01   5.6706650e-01  -2.8352299e-02  -3.4786521e-01   7.7239982e-02  -4.0430331e-01  -2.4497381e-01  -2.1048521e-01  -1.6176215e-01   6.3744045e-01  -7.3854048e-02  -1.2431984e-01   8.2974293e-02  -1.2654403e-01  -3.4403910e-01   2.2782213e-01  -3.5811345e-01   7.6001388e-02  -3.1876219e-01  -1.5763024e-01   6.5716365e-01   1.8088034e-01  -3.9110968e-01  -1.9635450e-01   7.8330934e-01   6.7656557e-01  -4.5078911e-02   1.1578713e-01  -2.2873586e-01  -1.2989187e-01  -3.8511028e-02  -1.7850705e-01
  -4.6159372e-01   1.2975455e-01  -1.3523862e-01   2.4949163e-01   2.4725079e-03   0.0000000e+00   5.0445161e-01   8.4178750e-02  -2.8931074e-02   3.6433848e-01   1.2705760e-01   3.0259633e-01   1.6045418e-01  -4.9893315e-01   8.4132436e-02   1.3878030e-02  -1.3885125e-01   4.0468683e-01   2.8066245e-02   7.7671170e-03   9.1680004e-02   2.0897536e-01   1.2700842e-01  -4.8828359e-01  -1.5574253e-01  -3.5971005e-02   5.1723353e-01   1.3292805e-01   1.1650003e-01   2.4319099e-01   3.9043156e-03   9.6561170e-02  -4.7428084e-02   2.0342593e-01   1.8488214e-02   1.9994924e-01  -1.4148833e-01  -4.0156732e-01  -8.2317501e-02   1.1270589e-01   2.7686896e-02  -4.2687168e-01   1.0333901e-01  -1.0690726e-01   1.5781845e-02  -2.9659125e-01   1.4808625e-01   2.1104717e-01  -2.3219718e-01   1.0578728e-01   3.2768057e-01   1.0807568e-01   6.5855842e-02  -2.1020315e-01  -5.9217195e-01   6.8623834e-02   5.2727791e-01   5.1794995e-03   2.5763459e-01   6.0899732e-02  -2.9706397e-01   1.0085753e-01   4.8726508e-02  -7.6668260e-02  -1.4175422e-01   4.9757136e-01   6.0653417e-01   6.1024099e-02   4.5992230e-01   2.6817816e-01  -7.5963694e-02   1.8548131e-01  -1.0523356e-01   5.7550813e-02  -2.9514107e-01   1.4192102e-01  -3.2153815e-01   8.2395305e-02  -1.2511513e-01  -1.4151043e-02   3.0014667e-01  -1.4366957e-01  -6.1105322e-02   3.5826191e-02  -2.5937737e-01   1.7195288e-02  -1.9354130e-01  -2.2925481e-01  -9.9555543e-02  -5.0038938e-01  -2.2037497e-01  -1.5481583e-01   1.6617798e-01  -2.8667334e-02  -3.5847827e-01   9.0021716e-02   8.2027266e-02   2.5743950e-01  -3.5356743e-02  -5.0382019e-02  -5.3502416e-01   2.1951023e-01   6.2544310e-02  -1.5036278e-02   3.6431237e-01   1.8400642e-01  -1.9036148e-01   6.4002380e-01  -3.2720545e-02   1.4948397e-01   3.0608408e-01   3.8382206e-01  -2.5944864e-02  -3.5629027e-01  -2.8938976e-01  -5.2802367e-02   5.4903919e-02  -9.2877062e-03  -1.2391201e-01   2.8998350e-01  -4.0136945e-01  -2.2011314e-01   4.5455427e-02   7.7933813e-02  -4.6495291e-01   2.7781161e-02   1.2301308e-01  -2.0333924e-01   1.2891523e-01   3.3182243e-01  -1.2497979e-02   1.1556976e-01  -3.0747610e-01  -1.4428113e-01   6.1435111e-02   6.8043527e-02   6.9462439e-02   1.6711620e-01   1.7871736e-01  -4.2278282e-01  -3.8287875e-01  -8.5556411e-02   3.3732171e-01   3.5785357e-01  -1.2561147e-03   1.1941753e-01   1.6222435e-01   2.9727529e-01   5.3366195e-01   4.4461117e-02  -4.5069411e-01  -5.0441294e-02  -2.4570319e-01  -2.1825591e-02   2.1130272e-01  -4.4567889e-01  -3.9251547e-01   1.3561946e-01  -2.3826465e-01   1.5609829e-01   1.0898722e-01   1.2380509e-01   6.9312644e-02   2.8425405e-01   1.4052850e-01   2.6923506e-02   3.0529228e-01  -2.9937329e-01  -2.9884050e-01  -5.7100257e-02  -4.6139613e-02  -4.2269930e-01   1.7814401e-02   5.0924769e-01  -1.9304503e-01  -2.7218659e-01  -9.7828189e-04
  -4.1467360e-01   6.0140296e-03  -2.6636391e-01  -6.2574204e-02   1.8036690e-01   5.0445161e-01   0.0000000e+00  -1.0081613e-01   2.6410269e-01   5.4569325e-01  -1.1776353e-01   2.6762624e-01   2.2057274e-02  -5.3694069e-01   1.7614354e-01  -1.3684255e-01  -2.8796121e-01   9.6061177e-02  -1.6254597e-01  -5.1341377e-03  -2.9261133e-02  -1.8616121e-02   2.7757272e-01  -3.6521317e-01  -4.4490825e-02  -2.2443189e-01   4.1036766e-01   8.1114221e-02  -9.3429495e-02   1.2126019e-01   4.9954321e-02  -2.3903078e-01   6.2420625e-02   5.8570362e-01   3.6558379e-01   3.0090777e-01   4.5338859e-02  -4.3515074e-01  -3.2040900e-01   2.3630997e-01   1.7289936e-02  -3.6492380e-01   2.6214329e-01  -4.8471854e-01  -5.9423288e-02  -3.8203147e-01   4.4151327e-02   5.6315454e-01  -2.5512530e-01  -8.9142618e-02   1.9456813e-01  -1.2192657e-01   4.6274463e-01  -3.5937332e-01  -4.5086680e-01  -4.3764262e-01   8.6322562e-02  -1.1955804e-01   1.5014545e-02   1.8737389e-01  -4.1642241e-01   6.2954503e-02   1.6615747e-01  -1.2745283e-01  -5.3464572e-02   6.0853713e-01  -1.7280346e-02  -2.3152347e-01  -2.8137259e-02   3.5343414e-02   1.9257688e-01  -1.2028837e-01  -3.1277445e-02  -3.3789079e-01  -2.8876656e-01   1.8193302e-01  -4.2003974e-01  -3.0863151e-01   1.1901038e-01  -3.0796997e-01   2.3331141e-01  -4.9162811e-02  -7.5974433e-02  -1.6208127e-01  -4.2403042e-01   1.7679183e-01  -1.8048409e-01  -2.9510245e-01  -1.6008424e-01  -4.0878628e-01  -8.2484202e-02  -4.4251826e-01   4.8281340e-01   2.2969125e-02  -4.1370064e-01   2.6569237e-02  -2.3552921e-01  -1.4334715e-01  -1.7224000e-01   3.2886227e-01  -4.3003644e-01   9.4176506e-02   9.5060311e-02  -6.4142446e-02   1.6254771e-02  -8.2006771e-02  -3.5849025e-01  -1.1786617e-02   2.6217984e-01   4.0351160e-01   3.8747508e-01   1.0092351e-01  -2.6411107e-01  -2.8428616e-01  -2.2492622e-02   1.1902651e-01  -3.2383188e-01  -3.9905121e-02  -4.0497766e-01  -1.7299797e-01  -4.2176566e-01  -1.2443660e-01  -1.8368498e-01   4.3638568e-01  -4.0351099e-01  -1.1241770e-01   1.4185770e-01  -2.6078089e-01   3.7731773e-02   1.9004144e-01   1.1671764e-01   4.6378576e-01  -4.5704232e-01   2.0780981e-01   1.3405474e-01   2.5829322e-01  -2.6044279e-01   2.2209383e-01   2.1943613e-01  -3.0444653e-01  -3.2468672e-01  -6.5256967e-02  -1.9808228e-01  -3.8103933e-02   3.1744837e-01  -1.0026509e-01   5.1533959e-01   2.2287245e-01   5.4415202e-01   2.7909401e-01  -4.7481962e-01   1.4427335e-01  -3.9591021e-01  -2.0267737e-01   3.4161271e-01  -3.7380047e-01  -3.7801938e-01  -9.3293396e-03  -4.8203423e-01   2.1281728e-01  -1.2235108e-01  -3.2385632e-01   4.1371502e-01  -3.9943603e-02  -2.3202553e-01   1.9107890e-01   2.5325238e-01  -3.4823841e-01  -4.4184178e-01   1.5511046e-01   2.1243982e-02  -4.1156671e-01  -1.9142038e-01   1.3816793e-01  -4.3253710e-02  -1.7922117e-01  -1.5206144e-01
  -4.0721006e-02  -1.2180188e-01  -3.1408249e-01   1.2092735e-01  -3.4608824e-01   8.4178750e-02  -1.0081613e-01   0.0000000e+00  -2.8077718e-01   5.3574198e-02   3.1439979e-01  -7.9525922e-02  -2.1055357e-01   1.6999708e-03   2.0140151e-01   1.6445181e-01  -2.6115543e-01  -1.5555328e-01   6.4927342e-02  -5.1723474e-01   6.3485876e-02  -7.0495574e-03   4.3821355e-03  -4.6286124e-02  -5.0925882e-02   5.6952452e-01  -1.2334668e-01   2.9939207e-01  -5.4412186e-02   1.2806536e-01   1.6092728e-01   3.0958687e-01   3.2335271e-01   1.5510661e-01  -9.6645147e-02  -4.4164129e-01  -2.4468095e-01  -3.1887561e-02  -3.8320464e-02  -2.7158249e-01  -6.3842528e-03   1.4431069e-01  -1.9865949e-01   6.3675247e-01  -2.3226543e-01  -1.8011046e-02  -1.6104841e-01  -6.2834053e-02  -3.0937031e-01  -3.1412838e-01  -2.9546878e-02   8.2870036e-01  -1.2716629e-01  -3.5274035e-01   8.0328038e-02   3.7853907e-01   2.8002029e-01   5.9780608e-02   2.2853254e-01   1.7966778e-01   5.2550398e-02  -1.3526391e-01  -2.1648777e-01   5.1318613e-01  -3.2925188e-01  -8.3902127e-02   8.2338071e-02  -1.7221084e-01   1.6899879e-01   8.8486983e-02  -2.9706773e-01  -1.8738341e-01  -4.8755628e-02   3.1158328e-02  -1.4607712e-01   3.1253608e-01   2.0040776e-02   1.6654247e-01  -3.9387059e-01  -1.1508600e-01   3.9133646e-01  -8.8854443e-02   2.9676526e-01   7.2898849e-01  -2.5610088e-02   2.3046212e-01  -1.1559010e-01  -1.2183090e-03  -2.7664107e-01  -2.6903501e-02  -3.8530076e-01   8.1259872e-03  -2.2132494e-01  -1.1768096e-01  -6.2689474e-02  -2.9577917e-01  -2.1293545e-02  -3.2851392e-02  -3.8411413e-01  -1.9090823e-01   1.3941080e-01   5.4809614e-01   1.8811778e-01  -3.9459261e-02   2.8472314e-02   7.8548006e-02  -3.4820745e-01   3.5700296e-01  -1.9006845e-01  -1.7318871e-01   1.9974631e-01   1.4211322e-01  -1.0871675e-01  -1.2379462e-01   6.9422945e-02  -2.6622514e-01   2.1052035e-01  -1.3120925e-01   2.5484586e-01   7.5032701e-02   8.7878295e-02  -3.6206059e-01  -5.7215926e-02  -2.1382942e-01  -1.3379130e-02  -4.7566509e-02  -2.1757515e-01  -3.4971532e-01  -4.4947420e-02  -9.4496001e-02   1.2441922e-01  -1.4859601e-01   9.3813282e-02  -7.0938738e-02  -1.7413774e-01   3.5466657e-01   1.1347337e-02   1.4675105e-01   3.7784003e-01  -8.3266204e-02  -3.3973999e-02  -5.2570544e-02   5.3950886e-01   1.9751174e-01  -1.0018504e-01   1.5038989e-01  -2.5875094e-01  -7.6430078e-02   2.0034747e-01  -1.8725885e-01  -3.5315713e-02   3.7080423e-01   1.5892594e-02   2.3472461e-01  -3.4331636e-01  -1.1089183e-01   2.2050041e-02   1.1757069e-01   2.1594918e-03   1.4176040e-01   5.0093139e-03   5.5466559e-01  -1.4773470e-02   4.9381935e-03   2.6578798e-01  -2.5231885e-01   1.2076805e-01   4.1841012e-01   1.3379260e-01  -2.0364651e-01  -2.0597524e-01  -8.2160177e-02  -2.6383102e-01   2.6845528e-01   2.3262461e-01  -1.0032385e-01  -1.7937171e-01
  -1.1379492e-01   3.1336493e-01   7.5258452e-02   7.9803383e-02   6.2767817e-01  -2.8931074e-02   2.6410269e-01  -2.8077718e-01   0.0000000e+00   2.6424083e-01  -3.8821138e-01  -2.7550175e-02   9.4887401e-02  -1.9328680e-01  -4.0175428e-01  -3.5609714e-01  -1.2902006e-02   6.1911884e-02   7.6374578e-02   4.7588296e-01  -3.2082691e-01  -1.6138541e-01  -2.5631430e-01  -1.6564825e-01  -9.9259881e-02  -3.1088266e-01   2.1227743e-01  -2.5519354e-01  -1.1090888e-01  -3.5979038e-02  -3.7305780e-01  -2.6512591e-01  -2.1103311e-01   1.8236975e-01   4.2681734e-01   1.4563080e-01   1.9699939e-01  -1.9802649e-01  -1.9877269e-01   4.2064600e-01   1.1354302e-01  -1.7784094e-01   3.9585678e-01  -3.8588709e-01   1.5582038e-01  -2.9418127e-01  -1.7196289e-01   4.4165163e-01   2.3439573e-02   2.7779373e-01  -2.1319135e-01  -3.6840167e-01   3.0690710e-01   1.4659604e-01  -1.9645050e-01  -4.3649876e-01  -2.9807272e-01  -3.7616665e-02   1.2361778e-01   4.2490470e-02  -3.0003986e-01   1.0412640e-02   6.8362277e-01  -2.5995209e-01   7.1403804e-01   7.7620598e-02  -1.1983859e-02   1.2688573e-01  -2.9929642e-01  -3.2254565e-01   4.9220687e-01   1.0704016e-01   2.3534424e-01  -3.9662898e-01   1.5168744e-01  -2.5132204e-02  -2.9509587e-01   1.4380510e-01   5.1990037e-01   8.3266837e-02  -2.8962976e-01   1.6875717e-01  -2.0849801e-01  -4.2232652e-01  -4.3712349e-01  -1.7986525e-02   9.0501829e-02  -3.0745718e-01   3.2084705e-01  -1.2847602e-01   5.9407973e-01  -1.8938328e-01   3.9362308e-01   4.8020063e-01  -2.0131521e-01   4.5292157e-01   1.2578523e-01   4.2289830e-02   4.1527155e-01   1.5174579e-01  -2.7372240e-01  -2.6999857e-01  -2.7627774e-01   2.9136684e-01  -3.1449473e-02  -7.6812758e-02   1.7761592e-01  -1.0136652e-01   5.0212067e-01   4.5708739e-01  -1.4522440e-01  -3.7262618e-01   2.7144036e-01  -8.7956463e-02  -1.8770375e-01   6.7839766e-01  -5.5994481e-02   1.7307185e-01  -4.5854474e-01   2.1751562e-02  -2.7447375e-01   4.4033396e-01   2.2892350e-01   5.3547785e-01  -1.9888425e-01  -1.8081679e-01   1.4026604e-01   3.3855197e-01   2.4919226e-01   2.7378596e-02  -1.1830584e-01   3.8281090e-02  -3.1211107e-01  -1.0284561e-01   3.6469372e-01  -3.1762243e-02   6.2407207e-02  -2.4911359e-02  -1.2628019e-01  -5.5912697e-02   5.6062685e-03   2.5815249e-01  -4.0506899e-01  -4.2937691e-01  -2.0313865e-01  -2.6540548e-01   4.2156814e-01  -1.1582513e-01  -2.1292773e-01   2.2300612e-01  -3.5987700e-01  -1.6999041e-01  -2.9152124e-01  -1.3029958e-02   3.9654628e-01  -1.1416292e-01  -1.6635434e-01   3.6084952e-02  -2.1628972e-01  -2.1593543e-01   1.1703495e-01  -3.2730153e-01   2.4945016e-01  -6.0819870e-02  -1.7651417e-01   4.5093024e-01   1.2443604e-01  -3.1264895e-01  -3.0833683e-01   5.5982047e-01   4.5674303e-01  -1.9419297e-01   2.9056879e-01  -3.2192954e-01  -2.8470687e-02   6.0288397e-03  -7.2456148e-02
  -2.7216048e-01  -2.8250030e-02  -2.6815520e-01   2.2094757e-01   1.4368553e-01   3.6433848e-01   5.4569325e-01   5.3574198e-02   2.6424083e-01   0.0000000e+00   1.6685091e-02   1.1298761e-02   1.1154993e-01  -3.0528131e-01  -5.5726609e-02  -1.3610097e-01  -2.5173673e-01   2.2791566e-01   3.5529219e-02   1.0613246e-01   5.7537687e-02   1.4159306e-01   1.9919493e-01  -2.5389051e-01  -1.3239157e-01  -7.7182272e-02   1.8166070e-01   1.2195552e-01  -2.1209520e-01   1.4945118e-01  -3.4559428e-02   8.9023693e-02  -1.1870594e-01   2.4264904e-01   9.6132795e-02   2.6548141e-01  -6.9044012e-02  -3.3160552e-01  -2.4294360e-01   7.0691909e-02   1.4031239e-01  -3.2950702e-01   1.0861000e-01  -2.8719343e-01  -2.2200550e-02  -3.7289069e-01   1.7434786e-01   4.0146699e-01  -9.7256189e-02  -1.0448564e-01   2.5773756e-01  -5.4758694e-03   2.5475472e-01  -2.3163983e-01  -3.0787472e-01  -2.3586958e-01   1.2249631e-02   1.7002165e-01   2.1693254e-01   1.1852271e-02  -3.7958850e-01   7.8481929e-02   1.9760166e-01  -1.1387105e-01  -5.6111606e-03   5.1756489e-01   3.9315257e-03  -4.6883412e-02   3.3046514e-02   3.9174348e-02   8.0609295e-02   1.6236105e-01   6.3186115e-02  -1.6838582e-01  -1.0195555e-01   2.5956319e-01  -3.8370819e-01  -9.3994588e-02   1.5000547e-02  -1.8376697e-01   2.4737165e-01  -1.1946756e-02   6.4151251e-02  -7.7137450e-02  -3.8401772e-01   2.7288378e-01  -1.1310421e-01  -1.7180067e-01  -9.2300184e-02  -2.5966739e-01   2.9964163e-02  -3.9000605e-01   1.6701607e-01   8.4048030e-02  -3.4177770e-01   6.3570286e-02  -1.1528382e-01   6.7731189e-02   2.9997048e-02   4.1386429e-01  -2.6419430e-01  -5.3889975e-02   1.1710469e-01   1.1241606e-01   2.5815614e-01   1.8477182e-01  -2.8997224e-01   9.8769414e-02   2.6829994e-01   4.1003176e-01   3.0995501e-01   1.4332320e-01  -3.8107313e-02  -1.6187621e-01   2.9765466e-02   3.7375368e-02  -1.4043639e-01   9.1186180e-02  -2.8569576e-01   1.3510562e-01  -3.9288120e-01  -1.1490944e-01  -1.3949126e-01   3.3135325e-01  -3.0414638e-01  -3.8233119e-02   7.5503126e-02  -1.0493972e-01   3.1794003e-01   1.3748284e-01   4.4761122e-03   2.2835363e-01  -2.3339336e-01   6.9516914e-02   5.4808310e-02   2.3892392e-01  -1.3918779e-01   2.0973044e-01   2.6414823e-01  -1.9962229e-01  -1.7829612e-01   5.0006588e-02   2.6928846e-02   5.9730371e-03   1.0836945e-01   5.3950553e-02   1.7361733e-01   3.2245518e-01   4.7057433e-01   2.6856937e-01  -3.8130675e-01   1.4460313e-01  -4.1248460e-01   2.0490002e-02   2.0347735e-01  -2.5536032e-01  -3.0618896e-01   1.7265213e-01  -4.2271109e-01   1.0504218e-01  -1.4343200e-01   2.2071627e-02   5.0726059e-01   2.3640458e-01   1.0163800e-01  -1.9107606e-02   7.9570920e-02  -2.5834041e-01  -4.5963012e-01   1.6583604e-01   2.8429169e-02  -3.1802453e-01   6.2276842e-02   4.0825674e-02  -3.7456881e-02  -2.4060209e-01  -3.3208933e-02
  -6.5589867e-02  -2.9534538e-01  -4.0725275e-01   1.5751788e-01  -5.1821717e-01   1.2705760e-01  -1.1776353e-01   3.1439979e-01  -3.8821138e-01   1.6685091e-02   0.0000000e+00  -1.2484860e-01   2.4377119e-02   6.9671491e-02   2.7529755e-01   2.6589128e-01  -2.9500234e-01   4.1659185e-01   4.2925428e-02  -4.6949585e-01   3.0737688e-01   2.3034486e-01   3.6139937e-01   4.0697313e-03  -1.3445020e-01   1.5873657e-01  -1.3040762e-01   3.0535083e-01  -2.5588570e-02   4.0647350e-01   3.3634261e-01   5.3668876e-01  -1.0123711e-01  -2.1994485e-01  -4.5837139e-01   1.5164852e-01  -2.0837319e-01  -2.8210476e-02   1.3469202e-01  -5.4565235e-01   9.4841043e-02  -7.7191322e-02  -5.9154986e-01   3.0315848e-01  -2.9696940e-01  -5.8194466e-03   5.7385873e-01  -2.2182208e-01  -2.7052152e-01  -5.3397257e-01   4.8851060e-01   3.6152567e-01  -1.2664584e-01  -2.6890137e-01  -1.7249521e-02   3.0094560e-01   4.0930788e-01   2.0753802e-01   2.8363545e-01  -7.4355300e-02   6.1189029e-02  -1.5977348e-01  -2.7377458e-01   4.7797931e-01  -2.5063915e-01   8.8105434e-02  -1.0129949e-01  -1.0060024e-01   5.4876318e-01   2.3967006e-01  -4.2283724e-01   1.7293683e-01   6.1592637e-02   3.1125844e-01  -2.6053138e-01   2.3768865e-01  -1.8485133e-02  -3.1806370e-02  -5.6808514e-01  -1.3710283e-01   4.0812079e-01   2.9268152e-02   3.0967702e-01   1.5396603e-01  -7.3858971e-03   2.5869434e-01  -1.1572095e-02   2.5991327e-01  -2.5127010e-01  -3.5048897e-03  -4.8876915e-01  -5.1824909e-02  -5.5284903e-01  -4.0491840e-01  -5.9076990e-02  -4.7483297e-01  -2.1196979e-01   1.2999254e-02  -2.6657430e-01  -6.3871994e-02   1.3821867e-01   3.2049018e-01   2.1730683e-01   1.1222469e-01   4.4591513e-01   2.8717356e-01  -3.5970881e-01   2.7659635e-01  -5.6368574e-01  -3.4842712e-01   1.6199826e-01   5.6764903e-01  -8.9166040e-02  -4.7069433e-02   3.2283470e-01  -4.8448847e-01  -4.5899865e-02   6.4692951e-02   2.3684772e-01   1.5241329e-01  -3.5849463e-02  -6.9502083e-01  -2.8961455e-01  -8.5957184e-02  -5.0277408e-02   2.4707241e-01  -1.2485679e-01  -3.4596208e-01   1.1448800e-01  -5.2895231e-02   9.6497063e-02   1.4789058e-01   1.9208276e-01   2.0837531e-01  -5.5941240e-01   2.5418470e-01  -1.0125664e-01   1.4912665e-01   3.3118166e-01  -1.3353831e-01  -1.2203185e-01  -3.4013012e-02   6.0611027e-01   3.7984984e-01   1.8177115e-01   4.8061190e-01  -5.7789378e-01   4.4529504e-01   4.1189004e-01   4.2246587e-02   1.7863944e-01   2.2905242e-01  -2.5286902e-02   5.6125466e-01  -4.6112331e-01  -1.0490427e-01  -4.3773487e-02   2.4770246e-01  -1.0624500e-01   3.9927161e-01  -1.5793329e-01   6.8748995e-01   2.3800613e-01   5.5417869e-01   3.3090229e-01  -6.4831146e-01   1.0710138e-01   2.3809200e-01  -5.3797043e-03  -4.5756310e-01  -5.2074334e-01  -1.7884697e-01   7.5210045e-02   2.6543190e-01  -2.0220632e-03  -1.3492966e-01   1.9006579e-01
  -2.0693888e-01   1.1168320e-01   1.2606659e-01   9.2008674e-02   1.0023378e-01   3.0259633e-01   2.6762624e-01  -7.9525922e-02  -2.7550175e-02   1.1298761e-02  -1.2484860e-01   0.0000000e+00  -8.4197366e-02  -5.2296582e-02   3.0584804e-01   2.1931971e-01  -4.4254613e-02   2.7037204e-01  -8.8593344e-02   1.5197555e-01  -1.9483670e-01   1.2015320e-01   3.4649015e-02  -7.2798435e-02  -1.2096875e-01   1.1875267e-01   8.4907565e-02  -1.4087586e-01   2.1441143e-01  -2.7414876e-02  -2.6844019e-01  -2.8478389e-02  -1.4552074e-01  -6.7428810e-02   4.9980202e-01   1.5760192e-01  -1.5474158e-01  -3.4702164e-01  -3.8735102e-02  -6.2168175e-03   1.9911464e-02  -1.2487105e-01   3.3598739e-01  -6.3076519e-03   3.2377852e-01  -1.2630324e-01  -9.1376057e-02   2.3032005e-02  -3.4354927e-01  -6.8714537e-03   2.1690153e-01   2.6186922e-02  -2.4515587e-01   4.8339660e-02  -3.1717059e-01   1.4712543e-01   1.9545611e-01   1.7312574e-02  -6.4485343e-02   6.1571127e-01  -3.0127569e-02   2.1261119e-01   1.6433463e-01  -3.8512443e-01  -1.1611804e-01   4.1942488e-01   2.2656778e-01   1.2869476e-01   2.1726027e-02   8.6134031e-02  -2.3068413e-01   1.4371913e-01   6.9470128e-02   4.5656617e-02  -1.5424551e-01  -1.8802502e-01  -9.9980214e-02   1.3215043e-01   2.2463053e-01   5.6333433e-02  -3.5406131e-02   1.8379230e-01  -1.4983310e-01   3.7332082e-02  -2.4198071e-02  -1.3808261e-01  -1.1299081e-01   5.8769885e-02  -6.6167992e-02  -2.1110660e-01  -2.2042347e-02   1.8794266e-02   1.6188782e-01   3.4209320e-01  -2.3714516e-01   1.3236502e-01   1.6959639e-01   1.3511540e-01   8.7231889e-02  -1.6917536e-01  -5.1633793e-01   4.3322664e-01  -2.4367679e-01   7.3313480e-02   9.9485664e-02  -5.4404470e-02  -6.7651053e-02   1.3813450e-01  -3.1007812e-02   3.1251585e-02   1.4974205e-01   1.3821124e-01  -5.0199731e-02  -2.6721186e-01  -3.1839533e-01  -1.2706946e-01   2.4651985e-01   1.8701829e-01   7.2024839e-02  -5.4141408e-02  -1.4472038e-01   6.8122061e-02   2.3565054e-01  -3.8404571e-02  -2.1556427e-01   2.2585497e-01   5.9909146e-01  -1.5799925e-01   1.0692262e-01   1.1896517e-01  -1.5933108e-02  -5.8028914e-02  -5.2809542e-02  -2.6752765e-01   4.4781257e-01  -2.7292191e-01   7.0384596e-02  -2.1935797e-01  -1.3229688e-01  -3.4608157e-01  -1.7307770e-01  -5.4930187e-02   1.4029418e-01   2.3551048e-01   3.7208151e-01  -2.0003200e-01   8.9664259e-02   1.9481401e-02   1.3266741e-01  -1.5179527e-01  -6.4970257e-02  -3.4111022e-01   5.6195491e-02  -1.8913393e-01   2.5699895e-01  -2.8956756e-01  -1.7380194e-01   1.7364483e-01  -1.2283933e-01  -1.3151839e-01   2.4519753e-01  -1.2006287e-01  -4.1936510e-02   2.3346074e-02  -1.6132334e-01   2.3740523e-01   4.9975990e-01  -1.6998938e-01  -7.8635280e-02  -1.6796702e-01   2.9047005e-01  -1.1753532e-01   2.8631878e-02   3.5353918e-02  -1.2022821e-01  -1.3007405e-01   7.2481766e-02
  -1.1157198e-01  -1.1579728e-01  -1.7804827e-02   1.0014209e-01   1.5014096e-01   1.6045418e-01   2.2057274e-02  -2.1055357e-01   9.4887401e-02   1.1154993e-01   2.4377119e-02  -8.4197366e-02   0.0000000e+00   6.4106442e-02  -1.6863448e-01   7.3330609e-03  -7.1751360e-02   2.7010630e-01   1.6479315e-01   4.1094198e-01  -4.1754959e-02   8.2329639e-02   2.5186381e-02   2.4020044e-02  -7.2764694e-02  -3.3321868e-01   1.1182573e-01  -1.2896109e-01   1.2389437e-01  -1.6565242e-02  -1.6095965e-01   4.0579906e-02  -2.7254869e-01  -9.1143151e-02   1.2278737e-01   2.8543083e-01   1.4927629e-01  -3.1330253e-01   2.2694256e-01   1.8184348e-01   5.9939325e-01  -2.3616360e-01   1.3804505e-01  -1.7097210e-01   2.6831473e-01  -2.9344164e-01   2.4057776e-01  -1.2671327e-01   2.0866593e-01   1.9464631e-01   1.4050140e-01  -1.1987873e-01  -1.1507181e-02   2.6166146e-01  -2.5094575e-01  -1.2959710e-01  -1.5694992e-03   8.3710431e-02   2.6003188e-01  -1.1852729e-01  -3.0737011e-01   1.0564720e-01   1.2445220e-01  -1.8292185e-01   1.4550439e-01   6.0822148e-02   1.7172256e-01   1.5702612e-01   2.3249282e-01  -2.2338444e-01   7.8774603e-02   2.3609979e-01   2.9905582e-01   5.3336431e-02   3.1315941e-01  -1.7246724e-02  -3.3392755e-01  -2.3675918e-02  -9.1233035e-02   4.1126080e-01  -1.6838521e-01   3.6369909e-01  -3.0771138e-01  -2.6217319e-01  -2.8831877e-01  -1.1817597e-01   7.5775864e-02   1.5301041e-01   2.5450553e-01  -1.0149710e-01   1.2304099e-01  -1.4006859e-01   1.7990674e-01   3.0252438e-02  -3.5749508e-01   2.6449131e-01   3.4547751e-01   3.6736113e-01   3.0073667e-01   8.0051407e-02  -1.8549748e-01  -2.0330397e-01  -1.8080510e-01   2.2314371e-01   2.1554154e-01   1.7280239e-01   1.7626467e-01   1.9650637e-01   1.6921889e-01  -3.7212142e-02  -8.5951021e-02  -3.9665187e-02   2.3446255e-01  -1.4431831e-01  -4.0983296e-02   1.4624456e-01   6.6732939e-02   5.4033734e-01  -2.8401360e-01   1.7359593e-01  -2.4076922e-01   1.6275197e-01   5.0237629e-02   8.3137111e-03  -2.1656798e-01   2.1190625e-01   3.4675056e-02   3.6180457e-01   3.7413943e-01  -1.6367464e-01   3.7167358e-01  -1.0807573e-01  -3.3771589e-02  -8.1416251e-02   1.6642944e-01   1.1380147e-02   3.4026451e-01  -1.5298020e-01  -7.7420590e-02  -2.0684165e-01  -2.9616086e-02   2.4315664e-01   9.9710249e-02  -1.2977001e-01  -5.6702018e-02  -1.8814944e-02   5.3478210e-02   2.4728055e-01  -1.4696737e-01   1.6635048e-02  -9.9291600e-02  -1.6510997e-01  -5.7088245e-02   2.3407311e-02   1.4410758e-02  -1.1672798e-01  -2.4723535e-01   4.0546365e-01  -1.3993219e-01  -8.6376602e-02   9.7116734e-02   1.3313535e-01   2.6157457e-03   1.8348141e-01   1.3515905e-01   6.1973867e-02  -3.2652392e-02  -1.2896566e-01  -2.2360703e-01   1.1761189e-01   9.0775085e-02  -2.9034034e-01   2.2717321e-01  -6.2727620e-02  -3.1430904e-01  -4.5211242e-02   1.6786251e-01
   5.1926406e-01  -2.4921343e-01   2.1382246e-02   2.6580740e-02  -3.0174834e-01  -4.9893315e-01  -5.3694069e-01   1.6999708e-03  -1.9328680e-01  -3.0528131e-01   6.9671491e-02  -5.2296582e-02   6.4106442e-02   0.0000000e+00   1.2479355e-01   2.8409800e-01  -2.0742038e-02   6.3274960e-02  -3.1671888e-03  -1.9461592e-03  -1.4085765e-01  -4.7907409e-02  -1.6034534e-01   8.1109544e-01  -5.6161506e-02   1.7864599e-01  -5.2697133e-01   4.1644011e-03   2.5691264e-02  -1.9642479e-01  -8.0525092e-02   1.6298614e-02  -1.9721828e-01  -4.2915884e-01  -1.2794015e-01  -1.2316879e-01  -3.7445187e-02   2.8231419e-01   2.8924719e-01  -4.9151943e-01  -2.7513212e-02   2.7762351e-01  -4.4801565e-02   3.9276539e-01   1.6353736e-01   2.6331479e-01  -1.1732591e-01  -4.3552809e-01   2.9641900e-02  -2.9930054e-01   5.1774489e-02   4.8082822e-02  -3.5709257e-01   3.7982310e-01   6.0002349e-01   4.4696531e-01  -1.9978458e-01   1.5387241e-01  -1.4565053e-01   3.9251104e-03   2.7761005e-01  -1.9821030e-01  -7.8957549e-02   3.9299226e-02   1.1175648e-02  -2.6505643e-01  -2.4669476e-01   2.8553378e-01  -1.3550004e-01  -5.6028482e-02  -4.2886815e-01   1.7739762e-01   1.5925991e-01   3.5928430e-01   2.6030557e-01  -2.8013945e-01   3.1435237e-01   2.0336879e-01  -9.2194971e-02   2.4403108e-01  -7.8023126e-02   2.6748768e-01   1.0252527e-01  -3.8202299e-02   4.9620470e-01  -2.6660925e-01   3.1966979e-01   5.4552011e-01   4.8558869e-02   5.4935857e-01  -6.3863645e-02   2.8749476e-01  -4.2307153e-01   1.0412768e-01   2.6860578e-01  -2.2505753e-01   4.9612892e-02  -5.4199399e-02   1.3378288e-01  -1.3066320e-01   4.5169386e-01   3.2811246e-03  -1.0883674e-01   1.6466298e-01  -1.0501202e-02  -2.4923498e-03   3.0167300e-01  -1.5808305e-01  -2.0003315e-01  -4.3733279e-01  -6.1843068e-02  -2.0587447e-01   1.3694598e-01   2.0903379e-01   3.4044031e-01  -3.0962542e-01   2.9618504e-01   3.0355066e-01   4.4286646e-01   5.9788601e-02   5.2718263e-01  -8.6264773e-02   3.7400894e-02  -2.5118090e-01   4.2686415e-01   3.7659382e-01   3.6742090e-02   2.1876839e-01   1.1916927e-01  -4.3625624e-01  -1.0956710e-01  -1.6956628e-01   6.5060042e-01  -1.2287060e-01   7.8404378e-02  -3.1035623e-01   2.5657634e-01  -2.3436278e-01  -3.0326362e-01   2.5501664e-01   5.1450448e-01   5.0430823e-02   8.4173883e-02  -2.3792789e-02  -5.6921198e-02  -1.2318776e-01  -4.9787242e-01  -1.8891578e-01  -3.5165624e-01  -1.7516884e-01   7.2162684e-01  -6.9793735e-02   6.4022178e-01   9.1089707e-02  -4.7160946e-01   4.5200289e-01   4.0147365e-01   4.6630273e-02   3.3846099e-01  -1.7699086e-01   1.6154731e-01   1.5040508e-01  -2.0305314e-01  -3.5935801e-02  -1.4857609e-02  -1.2802355e-01   5.9750952e-02   4.4566875e-01   4.9726580e-01  -3.0589660e-01  -3.5749923e-02   3.2708109e-01   1.7274457e-01  -2.9798309e-01  -1.9276015e-01   1.0234036e-01   1.9035813e-01
