   0.0000000e+00  -1.3785607e-01   2.1340207e-01   1.6311388e-01   3.5121547e-02  -1.5243148e-01  -1.5580824e-01  -4.5150681e-02  -5.7790662e-02  -3.2296564e-01  -2.5007125e-01  -3.0534031e-02   1.5084399e-01   3.7721109e-01  -3.4788011e-01  -3.1815454e-02   9.5007746e-02  -1.8135365e-01   4.6805858e-02   1.7002387e-01  -1.2928632e-01  -1.0168881e-01  -1.6119160e-01   2.7182383e-01   6.3141750e-02   1.8922357e-01   5.5139110e-02  -1.2087213e-01  -1.1262261e-02  -4.6789423e-01  -1.4129964e-01   3.4389252e-02   1.8397534e-01  -2.3213566e-01  -3.2114742e-02   5.3543475e-02  -2.9642635e-01   4.5421969e-01  -4.4659514e-02   1.2883722e-01   1.1906689e-01   2.0010926e-01   4.9231971e-02  -1.3250386e-01  -1.3013602e-01   3.9842434e-01  -1.1217133e-01  -1.0059297e-01  -3.8291368e-02   2.1413085e-01  -1.5009709e-01   4.0870200e-02  -1.6008978e-01   2.2668410e-01  -9.7874597e-02  -1.5155950e-01  -1.0380627e-02  -4.0811224e-02   1.4456164e-01  -2.5047321e-01   3.8360482e-01  -1.0092224e-01  -2.0353190e-01  -3.5541019e-01  -3.3698614e-01  -2.7551369e-01  -6.7489933e-02   1.2149346e-01   6.8533410e-02   1.4038578e-01  -8.5736695e-02  -2.7018508e-03  -1.8678808e-01   2.1638637e-01   1.7705878e-01   2.4685956e-02   4.9307762e-01   4.4533546e-02  -3.1569095e-03   1.4854640e-01   2.8875479e-02  -9.5265798e-02  -2.2483687e-01   9.4063561e-02   4.2518529e-02  -1.3121981e-02  -1.1959012e-01   3.8630350e-01  -5.1921014e-03   4.6035892e-01   4.4543351e-02   3.3576121e-01  -2.1710166e-01  -1.1884426e-01   5.1412198e-01   2.4411800e-01   4.8872619e-02  -2.0124285e-02   4.0374354e-02  -2.2869185e-01   3.1468435e-01  -4.3121067e-01  -5.3137066e-02  -2.3874944e-01  -1.1376336e-01   1.0243262e-01   2.9039025e-01  -2.7423526e-02   1.8066626e-01  -2.5433832e-01  -7.1831039e-02  -2.8001558e-01  -9.2140600e-02   6.5585367e-01   2.3436547e-01  -2.1110788e-02   4.0828189e-02   2.7174365e-02  -1.5710915e-01  -8.4477070e-02   5.6551099e-01   1.5382365e-01   2.2952963e-01  -3.1622620e-01   5.4936976e-01   2.4667656e-01  -2.7344120e-01   3.8905141e-01  -5.7082587e-05  -1.6673991e-02  -2.3760282e-02  -3.1454598e-01   1.2017850e-01  -1.8097702e-01   1.7694675e-01  -1.6821251e-02   9.8134640e-02   1.1406855e-01  -4.7181485e-02   5.8308869e-01   3.7988570e-01   1.5183504e-01  -1.5431891e-01  -1.1868446e-01  -1.6285303e-01  -8.9237911e-02  -2.0186818e-02  -2.0429418e-01  -2.3035045e-01  -1.6442891e-01   1.4732535e-01   2.2942015e-01   5.3022136e-01  -2.0620635e-01   4.8038524e-02   3.2169652e-01   4.0651912e-01  -4.4819757e-02   3.5835122e-01   8.3509338e-02   4.0317907e-02  -2.0613107e-01  -3.1343374e-01  -1.2026657e-01   1.0787352e-01  -6.4356300e-02  -2.4402577e-01   2.2990124e-02   5.3769898e-01  -6.3666195e-02  -8.2654830e-02   4.9258935e-01  -1.5332867e-01  -1.1969391e-01   7.7074828e-02   1.6990828e-01   8.0831512e-03
  -1.3785607e-01   0.0000000e+00   3.5938769e-01  -1.5256713e-01   3.5402733e-01  -4.2642714e-01   6.8052699e-03  -1.8973473e-01   1.4014969e-01   3.2638663e-02  -4.4972310e-01   7.7498347e-01  -1.6087053e-01  -2.7838067e-01  -1.6821609e-01  -3.2741095e-01   3.7607321e-01  -4.2612029e-01  -1.0611584e-01   2.4346047e-01  -5.1932377e-01  -4.7032720e-01  -4.8233461e-01  -1.8898998e-01   4.7962517e-02  -3.1831812e-01   2.0722887e-01  -2.5134533e-01   1.5827292e-01   2.0466892e-01  -1.4574883e-01  -5.7858000e-01  -2.0632904e-01   5.5146077e-01   1.9937700e-01   9.1251766e-02   3.3040702e-01   1.8085146e-01  -2.5191722e-01   5.3334539e-01  -1.3175694e-01   7.6134395e-03   2.8104231e-01  -1.7014809e-01   1.6999546e-01  -3.9280494e-01  -4.5493830e-01   1.1209271e-02   3.1644849e-01   5.3944289e-01  -6.6797065e-01  -2.8343004e-01   6.2480546e-01   2.4270925e-01  -1.7962073e-01  -2.5982632e-01  -1.5665953e-01  -5.5340365e-01  -4.9695238e-01   6.0664130e-01   2.1080415e-01   2.2169025e-01   3.2313746e-01   1.9499323e-01   3.9584444e-01  -1.9482607e-01  -3.3030009e-01   2.5187114e-01  -4.4695727e-01  -3.9488323e-01   5.0278015e-01  -5.2860851e-01   1.7355281e-01  -2.3981156e-02   3.1575098e-01  -3.7021920e-01   6.3908028e-02  -4.0073737e-01   5.7565873e-01   1.7450624e-01  -4.6127523e-01   1.7254639e-01   5.3538643e-01  -2.8811066e-01   1.6950287e-01  -2.9597547e-01  -1.1395250e-01  -3.1490942e-01   5.0442637e-01   7.0797029e-03   4.5075280e-01   2.0632054e-01   3.4184573e-01   1.0694285e-01   5.9973112e-02   3.4910609e-01  -1.7747532e-01  -3.5087965e-01   9.0284043e-02   8.2726071e-02  -2.3788966e-01   7.6289109e-02  -3.7877029e-01   5.6534563e-01  -5.4355233e-01  -5.9335750e-01   1.8953571e-01  -5.2396155e-01   2.2852936e-01  -1.8944839e-01   6.4478666e-01  -4.0455098e-01  -3.2424991e-01  -8.5995056e-02  -2.6423768e-01   7.1001031e-01  -3.7646978e-01   2.0143596e-02   2.9851022e-02  -4.4325861e-01  -6.7096674e-02   5.1689011e-01   2.7617969e-01   5.2196804e-01   1.5985560e-02   6.4106920e-02   1.9704934e-01   1.5225759e-01  -6.1121997e-01  -9.7194402e-02  -2.5976539e-01   2.8759296e-01   2.8813392e-01  -1.8364466e-01  -4.1132639e-01  -2.8780459e-01   4.0018790e-01  -2.4372596e-01  -3.2370855e-01  -1.1561505e-01  -1.4748766e-01  -1.8264588e-01  -5.5014316e-01  -6.1428162e-02  -3.5544866e-01  -5.3908915e-01   2.8572502e-01   1.4611021e-01  -4.7729659e-01   3.7438952e-01  -1.9081756e-02  -1.9705139e-01   3.1647419e-02   4.0657600e-01   6.5139208e-01   3.2348261e-02  -1.4748252e-01  -3.7552953e-01   1.1180331e-01  -3.8648604e-01  -1.1713862e-01  -4.7816804e-01   4.3293796e-01  -6.6402257e-01  -3.0769571e-01   6.3793046e-01   2.4843808e-01  -2.6049955e-01  -9.2946897e-02   8.1684654e-01   3.8594330e-01   1.4726340e-01  -3.6974156e-01  -2.9966339e-01   2.3410372e-01   1.5343852e-01  -3.8413635e-01
   2.1340207e-01   3.5938769e-01   0.0000000e+00  -7.9951842e-02   3.4510349e-01  -2.7718304e-01  -4.9146906e-02  -2.8389093e-01  -5.0515966e-02  -4.6342854e-02  -5.6699436e-01   5.6916529e-01   2.8204240e-01  -1.9733462e-01  -3.0392987e-01   3.4396697e-02   8.4463783e-01  -5.1714479e-01  -1.5432916e-01   5.2135396e-01  -4.6893250e-01  -4.8168196e-01  -4.2947549e-01  -1.0472156e-01   1.7977156e-01  -1.6269380e-01   2.6978391e-01  -3.7039988e-01   4.6847285e-03  -3.4260448e-01  -4.1766871e-01  -3.1296579e-01   1.4267837e-01   2.6453179e-01  -2.1835371e-02   2.2676310e-01   2.7543709e-02   2.6751525e-01  -1.5585353e-01   6.2228364e-01   1.3967998e-01   3.6889011e-01   2.6131924e-01  -4.8447410e-01   7.3022825e-02   1.6509680e-01  -2.0550567e-01  -2.7708741e-01   7.1314091e-02   6.9243555e-01  -4.5567345e-01  -1.1882169e-01  -3.3756138e-02   4.0926713e-01  -2.1273768e-01  -4.9000211e-01  -1.5925194e-01  -4.0181415e-01  -2.1185272e-01   3.5830158e-01   5.6988643e-01   2.7132731e-01   2.2612886e-01  -3.9143660e-01  -1.8115415e-01  -3.9280336e-01  -1.9376246e-01   7.8925995e-02  -3.6491157e-01   2.7195000e-01   3.0214237e-01  -3.7247668e-01  -1.2367389e-02  -8.4977218e-02   3.4555052e-01  -2.9430022e-01   3.1130683e-01  -3.8523153e-01   4.4979739e-01   2.9442754e-01  -3.4663725e-01   1.6417106e-01  -4.7751396e-02  -1.8716571e-01  -5.1316705e-02  -1.5431569e-01  -4.2656790e-01  -5.7804174e-02   4.5378637e-01   1.7568518e-01   2.3231712e-01   6.5758023e-01   1.2798944e-01   2.3207968e-01   2.8968006e-01   6.5477975e-01   4.0526799e-02  -3.2424643e-01   1.7293150e-01  -8.0455250e-02  -1.7899039e-01  -2.1740529e-01  -4.7853696e-01   2.9382096e-01  -3.9692179e-01  -1.5478618e-01   4.8376482e-01  -3.6007746e-01   3.6113413e-01  -3.5768430e-01   4.7897455e-01  -4.8471596e-01  -3.1476346e-02   1.2003270e-01  -2.8562258e-01   3.7206569e-01  -3.8349758e-01   9.0999564e-02  -5.9527294e-02  -3.3868991e-01   2.0257875e-01   5.6287001e-01   4.2769105e-01  -8.0891844e-02   3.4610903e-01  -1.8216045e-01   2.0863510e-02   3.5704814e-01  -2.9403866e-01   2.8921963e-01   7.6965825e-02  -1.8374704e-01   1.3308263e-01  -4.4770236e-01   6.1293301e-03  -2.1548409e-01   4.8653766e-01  -2.9187156e-01  -1.9290539e-01   1.2595625e-01   2.6205686e-02   1.7225161e-01  -4.6214349e-01   2.1071496e-03  -3.2208224e-01  -4.9380730e-01   3.5681489e-01  -2.3340524e-01  -4.7348323e-01  -8.4670436e-02   1.2214036e-01  -8.9900193e-02   3.0520394e-01  -9.7242888e-02   8.1479410e-01   5.9325119e-02   1.5892089e-01  -2.7750323e-01   6.2086041e-01  -2.8956379e-01  -3.8213523e-02  -5.6401340e-01  -8.3965521e-02  -5.2548037e-01  -2.1821934e-01   3.2390041e-01   3.4520890e-02  -1.9754394e-01   2.4088285e-01   4.5074884e-01   1.8206187e-01   3.3833677e-01  -3.4758200e-01  -2.2740714e-01   2.7776318e-01   2.7693094e-01  -9.5597531e-02
   1.6311388e-01  -1.5256713e-01  -7.9951842e-02   0.0000000e+00  -3.0382471e-01   2.1495058e-01  -5.1945682e-02   1.7091638e-01  -3.7238949e-02  -2.3235797e-01   1.3923435e-01  -1.7372312e-01  -3.9729655e-02   2.4616280e-01   8.8313026e-03  -3.1305147e-02  -5.2305992e-02   2.7019340e-01   5.1706879e-02  -3.6760384e-01   1.3378784e-01   3.7815110e-01   5.7139686e-02  -9.4908624e-02  -2.0627093e-01   1.4601170e-01  -3.7525562e-01   3.4867918e-01  -1.2619363e-03  -1.0602450e-01   3.1594767e-03   2.2068844e-01   4.0779743e-02  -2.8034661e-01   2.8449963e-01  -3.0780935e-01  -2.9812046e-01  -8.6946007e-02   9.9982227e-02  -2.6013780e-01  -7.4812812e-02  -1.5974555e-01  -2.3542536e-01   2.8191906e-01  -2.2961796e-01   5.5291842e-02   1.9298473e-03  -1.9380195e-01  -9.5205903e-02  -1.9694774e-01   2.5235592e-01   2.1595279e-02  -2.6118205e-01   8.1469445e-02   5.1911089e-02   3.9778207e-01   2.1066743e-01   3.7808304e-01   2.9122088e-01  -3.3749169e-01  -7.4350526e-02  -4.7595580e-02  -1.3025742e-01  -1.3193157e-01  -3.2291251e-01  -2.1627030e-01   3.3284701e-01   4.2980434e-01   3.0798213e-01   1.7414171e-01  -1.8036142e-01   1.1308776e-01  -6.6443843e-02   1.5416549e-01  -8.4502510e-02   6.8277639e-03  -1.8696678e-01   3.6480202e-01  -3.7076299e-01   2.9901530e-02   1.8743059e-01   2.2856771e-01   1.6555864e-02   1.7238776e-01   1.0954873e-01   2.1273809e-02   1.6000445e-01  -2.1023203e-02  -2.1088686e-01  -1.0008200e-01  -3.0782702e-01  -3.3138706e-02  -2.2466483e-01  -6.2570346e-02  -1.3505010e-01  -3.3232627e-01  -2.6843031e-01   3.8462849e-01  -1.1617360e-01  -4.0880569e-01  -1.1876654e-01   1.8600272e-02   1.6738861e-01   9.5474201e-02   2.0347281e-01   3.0515679e-01   5.5726447e-02   3.6097046e-01  -2.2882094e-01   1.5368543e-01  -1.4383856e-01   1.9087574e-01   4.9818377e-02   1.8643295e-01   1.7614923e-02  -4.1505681e-01   5.0869601e-01  -3.8799673e-02   5.7116928e-02   3.0014367e-01  -1.2413293e-02  -4.4787708e-01   1.4675117e-01  -3.5503148e-01   4.4912874e-02   1.7223877e-01  -2.9354496e-01   2.1069160e-01   2.7873581e-01   3.6599819e-02  -1.7097562e-01  -2.1941134e-01   1.8930727e-01  -7.9157829e-02   9.8971574e-02   2.4455937e-02  -1.5053259e-01   2.0712799e-01   3.3653076e-02   5.8523846e-02   2.7229046e-02  -4.9552924e-04   2.5071177e-01   1.6549575e-01   3.7227755e-02   2.1241695e-01  -1.4092388e-01  -1.8799505e-01   1.3251225e-01  -2.1538590e-01  -1.7409632e-02   2.0731682e-01  -1.4277148e-02  -2.2881896e-01  -1.7716120e-01  -4.5789136e-02  -1.5880562e-01   1.5815078e-02  -1.9193008e-01   5.7656391e-02  -1.4982744e-01   2.3445494e-01  -1.9543590e-01   3.9072606e-01   3.3497427e-01  -2.9836216e-01  -3.2810375e-02   9.0088108e-02  -1.4481083e-01  -2.5549868e-01  -3.3606737e-01  -1.5778233e-02  -7.6584589e-02   2.6283803e-01  -2.8428059e-01   7.1891246e-02   8.9295147e-02
   3.5121547e-02   3.5402733e-01   3.4510349e-01  -3.0382471e-01   0.0000000e+00  -2.5225124e-01  -3.8096528e-01  -3.6574529e-02   3.2447478e-01   1.6021922e-01  -2.5554715e-01   3.3291317e-01   2.7878686e-01  -4.0635100e-01  -4.6413353e-01  -1.4615852e-01   2.2264161e-01  -2.3382427e-02   1.8243939e-02   8.4997335e-01  -5.6544460e-01  -4.0908574e-01  -5.2092654e-01   1.0507877e-01  -2.7173739e-02  -1.2993788e-01   7.7012767e-01  -4.3734840e-01   9.9659465e-02   1.9772865e-01  -5.1108055e-01  -4.6661698e-01  -2.7279553e-01   3.4029025e-01  -4.0865491e-01   8.5595020e-01   1.3242119e-01   1.7451730e-01  -1.6661052e-01   4.0056454e-01   3.4498407e-01   8.0150608e-02   6.1759374e-01  -2.7401106e-01   6.1920455e-01   1.1947080e-01   3.6826208e-01  -4.3926894e-01   3.2322566e-01   4.2508015e-01  -2.5663109e-01  -3.5902030e-02   4.6253684e-02  -7.3981192e-02  -4.5995400e-01  -5.6881985e-01  -4.1283730e-02  -4.6868560e-01  -1.4525237e-01   4.6485429e-01   2.6992140e-01   6.6437398e-01   4.4242004e-01  -1.5688616e-02   4.9015767e-01   2.5358901e-01  -2.4698879e-01   3.9382014e-02  -8.4123144e-02  -2.0324531e-01  -1.5013240e-01  -7.0217018e-02   2.0190850e-01  -2.8136864e-01   1.3160645e-01  -3.5585753e-01   3.9129536e-01  -1.9096179e-01   8.3632739e-01   2.4250030e-01  -5.3645638e-01   6.2134836e-02  -1.2206052e-01  -2.0688909e-01  -4.9207327e-01  -2.2819930e-01  -5.8095409e-01  -1.8270987e-01   4.2799496e-01  -6.0445074e-02   8.7926634e-01  -1.5179386e-02   3.9709643e-01   1.4670997e-02   2.9654366e-01   7.3495515e-01   8.9966250e-02  -1.2781397e-01   7.9144817e-01  -1.3230554e-02  -1.1723194e-01   4.4617224e-02  -5.8895445e-01   2.2941138e-01  -4.4527932e-01  -4.0123375e-01  -2.0117878e-01  -1.7491696e-01   1.7161128e-01  -4.5262366e-02   3.0581114e-01  -4.1831797e-01  -3.1750822e-01  -7.9523715e-02  -2.9665872e-01   6.7423743e-01  -2.4638854e-01   2.1891077e-01   2.2611431e-01  -3.7431749e-01   9.5544241e-02   7.3288044e-01   3.1084952e-01   1.3161242e-01   1.6575540e-01  -1.9221186e-01   2.2016020e-01   9.8752511e-02  -4.1717201e-01  -2.0531148e-01   2.1650809e-01   1.8008847e-01  -1.0578874e-01  -4.5612756e-01  -2.3424819e-01  -1.8649603e-01   2.1224020e-01  -1.6428816e-01  -2.0831078e-01  -1.3558635e-01   1.1246133e-01   8.2607669e-02  -3.4948534e-01  -3.5077563e-01  -5.4008019e-01  -7.0379377e-01  -2.9262976e-01   6.2532656e-01  -9.9169461e-03  -2.0125647e-01  -4.1329461e-01  -1.2412195e-01   9.0745387e-02   3.8075263e-01   4.2421007e-01  -1.3841316e-01   1.2761218e-01  -6.8111561e-02   2.8333621e-01  -4.3678783e-01  -1.3747704e-01  -2.4519269e-01   4.4752215e-01  -4.9872123e-01  -2.2062591e-01   6.6828639e-01   2.5515088e-01  -9.6339364e-02   1.5112587e-02   5.4003951e-01   8.1648924e-01   4.2186724e-01   2.4299405e-01  -1.2797899e-01  -2.9187870e-02   1.1444047e-01  -4.0445673e-02
  -1.5243148e-01  -4.2642714e-01  -2.7718304e-01   2.1495058e-01  -2.5225124e-01   0.0000000e+00   2.5068210e-01  -1.0267145e-01  -3.4807844e-02   2.6520526e-01   5.2638152e-01  -4.5512297e-01  -1.4439297e-01   3.3457252e-01   3.9422950e-01   1.3512415e-01  -1.5993698e-01   4.8331711e-01   9.0935317e-02  -3.9091548e-01   6.0776204e-01   7.5531802e-01   6.3893939e-01  -1.6104789e-01  -1.2387472e-01  -2.5175382e-01  -1.5343321e-01   6.8685064e-01  -1.7708046e-01   4.8326316e-01   1.1086390e-01   1.1353616e-01   8.6129379e-02  -2.1681848e-01   2.9195660e-01  -1.0480649e-01  -7.7715282e-02  -5.0299844e-01   2.9872554e-02  -5.8092690e-01  -2.1287460e-01  -1.9209035e-01  -2.3045848e-01   1.8182628e-01   8.7390194e-02   1.3913781e-01   4.0023270e-01   5.2378175e-03  -5.7174104e-02  -6.7965684e-01   4.9745021e-01  -1.8262876e-01  -4.4901850e-01  -1.4211809e-01   2.2055320e-01   4.2906292e-01   3.3873683e-01   4.7883802e-01   1.1836470e-01  -6.5944981e-02  -3.1837325e-01  -4.7654745e-02   9.4513380e-02   6.6848998e-02  -3.2075807e-02   3.1036454e-01   8.8323989e-01   1.1872811e-02   4.1280180e-01   5.4684612e-01  -3.8658710e-01   4.0177370e-01  -1.7378092e-01   3.0756270e-01  -4.6839307e-01  -1.0075781e-01  -3.5073723e-01   3.0909914e-01  -4.4901143e-01  -3.9653027e-01   4.8294393e-01  -1.3876533e-01  -1.8050593e-01  -5.7136079e-02   1.2019446e-01  -1.9377184e-01   3.5944881e-01  -1.3937938e-01  -3.1124609e-01  -1.5799287e-01  -2.7547601e-01  -2.3191092e-01   4.7235683e-02  -1.0210868e-01  -4.3050404e-01  -4.7949846e-01  -1.4796037e-01   1.2134140e-01  -1.2348972e-03  -3.0552582e-02  -4.6025840e-02   4.0118342e-01   4.9487863e-01   1.1771599e-02   2.0673028e-01   1.2678948e-01  -1.4786432e-01   4.1682042e-01  -4.6122312e-01   7.1908159e-01  -2.8880770e-01   7.5454553e-01   4.2316991e-01  -8.4130007e-02   2.6740026e-01  -6.2403022e-01   3.8175334e-01  -3.4309237e-02   5.1472507e-01   3.9348152e-01  -1.6613988e-01  -5.7522145e-01  -4.8567466e-01  -2.3498805e-01  -3.1342433e-01  -3.2772291e-02   2.5317398e-01  -2.6721540e-01   1.8240161e-01   4.3144460e-01  -9.5579861e-02  -1.6640320e-02   1.7470064e-01   1.8405833e-01  -7.4378954e-02  -1.7500227e-01  -5.0106762e-01   2.6193225e-01  -1.7440074e-01  -1.2879219e-01  -1.3908427e-01  -7.1694146e-03   2.7203691e-01   6.0676251e-01   4.3638057e-01   1.7700486e-01  -1.9442059e-01   1.2902956e-01   7.2852876e-01  -4.8220471e-01   1.1657465e-01   1.3420809e-02  -3.6878437e-01  -6.2049318e-02  -3.7808474e-01  -2.6151123e-01  -1.5092001e-01   5.7830911e-02  -2.6591086e-01   2.7815602e-01   2.8019011e-01   3.3035834e-01  -2.1938436e-01   5.4701820e-01   2.2394792e-01  -3.9301984e-01   1.7031051e-01   3.0511201e-01  -9.9419432e-02  -5.6839784e-01  -2.5135759e-01  -4.0193176e-01   4.6459724e-01   8.2550984e-01  -3.1666506e-01  -2.7416395e-01   2.8108958e-01
  -1.5580824e-01   6.8052699e-03  -4.9146906e-02  -5.1945682e-02  -3.8096528e-01   2.5068210e-01   0.0000000e+00  -1.4616972e-01  -1.1943468e-01   4.2176553e-01   8.5903242e-02   5.9306399e-02  -1.5555453e-01   2.4564725e-03   6.1680451e-01   5.3378116e-02  -4.5219215e-02  -5.8395671e-02  -6.6394948e-02  -3.0993130e-01   4.2369824e-01   4.0571164e-02   5.4673739e-01  -1.4173122e-01  -1.2133180e-02  -3.2094377e-01  -2.0091796e-01   1.8804413e-01  -2.9987839e-02   1.1465923e-01   3.9210386e-01  -9.4320660e-02  -7.3596173e-02   4.1330809e-01   3.6281404e-01  -2.4475968e-01   1.8650481e-01  -2.0370162e-01  -7.8716429e-02   6.3929748e-02  -1.5544116e-01  -1.4148842e-01  -2.7643582e-01   4.5660286e-02  -5.1959818e-02  -2.2384788e-01  -2.3041508e-01   6.8953634e-01  -1.4575145e-01  -1.7871863e-01  -9.3543713e-02  -2.4966543e-01   3.0854775e-01   7.5388664e-02   1.2629969e-01   2.3391583e-01  -1.6138932e-01  -3.1044347e-02  -1.1389245e-01  -1.7166121e-02  -1.4908067e-01  -1.7735567e-01  -8.8085380e-02   2.7293780e-02  -1.3062801e-01   2.9111686e-01   1.2774101e-01  -1.0814567e-01  -2.9492650e-01   1.1342068e-01   3.4534635e-01  -1.6329144e-01   5.1300442e-02   9.8524255e-02  -1.4547435e-01  -2.7910108e-02  -2.0113902e-01  -8.2391599e-03  -2.8539767e-01  -2.0877321e-01   3.3772534e-01   1.0382659e-01   2.1997228e-01  -2.7669735e-01   2.1385313e-01  -2.1747225e-01   2.1856947e-01  -1.7662983e-01  -2.7803777e-01  -8.7857112e-02  -3.3257696e-01   1.2554718e-01   3.3070166e-01   1.4073032e-01  -1.8808666e-01  -2.7502010e-01  -8.8651514e-02  -4.1589501e-01  -3.0925241e-01   4.7364488e-01   5.0564670e-02   2.5229643e-01   4.5176348e-01  -9.3781250e-02  -1.6133221e-01  -9.5070260e-02   3.4318873e-02  -2.9348602e-01   2.1844514e-01   1.0989078e-01   1.4364554e-01   1.3853845e-01   2.4777423e-02  -1.0335152e-01   1.4702220e-01  -2.6007945e-01  -1.4439141e-01   2.0106006e-01  -2.3346450e-02   4.5012436e-02  -5.5421137e-02  -1.1704937e-01  -3.2452164e-01   1.0811985e-01  -3.1173446e-01  -4.8335399e-02   2.4650160e-01  -1.7303923e-01  -1.1652536e-01   2.4295030e-01  -1.1691272e-01   4.2795967e-01  -1.1599343e-02   5.1527399e-01  -1.2833816e-01  -1.5263190e-01  -6.9474464e-02   1.7520055e-02  -1.9821970e-01  -1.1175741e-01  -2.1196458e-01  -2.2559850e-01  -1.5615729e-01   2.6827392e-01   5.6308436e-01   1.6328026e-01   6.0145364e-01  -2.5927525e-01   2.3792218e-02   3.6456035e-01   2.2862913e-01   1.1414943e-01  -2.1958422e-02  -9.5846723e-02  -8.5661214e-02  -5.8867233e-02  -1.7851202e-01  -1.8758256e-02  -8.4830589e-02   3.7040929e-01   2.1953877e-01  -1.7783801e-01   5.0596149e-02  -1.2821124e-02  -1.1210914e-01  -8.2319713e-02   1.8892459e-01  -6.9172262e-02  -6.9114885e-02  -1.4137251e-01  -3.1410890e-01  -2.8040898e-01  -1.6474555e-01  -1.1645398e-04   9.6458553e-02  -5.1697029e-02  -3.0183432e-02
  -4.5150681e-02  -1.8973473e-01  -2.8389093e-01   1.7091638e-01  -3.6574529e-02  -1.0267145e-01  -1.4616972e-01   0.0000000e+00  -5.1644595e-02  -1.3562314e-02   3.9229667e-01  -2.6949877e-01   1.2829397e-01  -2.1597706e-01   1.8099586e-02  -5.9980589e-02  -2.0112071e-01   4.2767624e-01   2.9621687e-01  -5.0435802e-02  -1.5725078e-02  -5.5433570e-02  -9.9527383e-02  -1.2235849e-01  -2.3387115e-01   5.2976591e-01  -1.6068164e-01   1.7560910e-03   8.2465769e-02  -5.0488793e-02   1.6490935e-01   3.1006889e-01  -1.0776147e-01  -8.3254225e-02  -2.0096587e-01  -2.9625929e-03  -1.4685532e-01   1.4728437e-03  -7.8229687e-02  -2.4393577e-01   2.4777855e-01  -7.8666510e-02  -9.7855949e-02   3.1782489e-01  -9.1735723e-02   6.6470917e-02   1.6129282e-01   8.3603477e-03  -1.7205551e-01  -1.0553970e-01   3.2717006e-01   6.7947834e-01   1.7906979e-02  -2.7979894e-01   8.4286655e-02   1.8922943e-01   1.0456975e-01   1.6112867e-01   2.6255659e-01  -2.1422534e-01  -1.6850250e-01  -1.1802924e-01  -1.7242109e-03   3.2960330e-01   4.9343907e-02   5.2889813e-02  -1.3771196e-01  -2.3352170e-02   2.3831346e-01  -1.8578871e-01  -1.6425552e-01   1.4497027e-01   2.4633771e-01  -2.7070640e-01  -1.5677223e-01   3.8526254e-01   8.5191382e-03   2.7918161e-01  -9.5553592e-02   2.1645493e-01   6.0662286e-02   2.1012385e-01   2.7334691e-02   4.7732104e-01  -2.1204719e-01   4.3949434e-01  -1.4866725e-01   8.8426003e-02  -1.5580581e-01  -2.4464057e-01  -1.0626744e-01  -2.5979185e-01   4.3669099e-02  -1.5479514e-01  -7.5656357e-03  -2.9296057e-02   1.8517949e-02   4.9051214e-01  -4.9756414e-03  -2.3731413e-03  -1.0964223e-01   1.7560207e-01   5.0902599e-02  -1.3508790e-01   4.7297423e-01   3.1460109e-01  -2.3410302e-01   4.6623086e-01  -1.5352924e-01   4.5926353e-02  -1.0361820e-01   1.8706621e-02  -2.3184585e-01  -3.4592938e-02  -1.1211163e-01  -1.1665011e-01   3.0869392e-01   2.1634633e-01  -1.3178336e-01   1.4250738e-01  -1.1148259e-01  -1.1371994e-01  -5.8767620e-02   1.1345210e-02   1.2961717e-02  -1.3889484e-01   5.5906529e-02   6.7156105e-02   3.6714658e-01  -2.6010728e-01   2.7583467e-01   1.1611569e-01   4.8475679e-02   8.6111770e-02   2.4806125e-01   5.9870994e-01  -4.5214844e-02   1.1061323e-01   5.1001402e-01   4.1317409e-02   2.2306034e-01   7.1542081e-02   5.4628998e-01  -1.7775514e-01  -8.9788953e-02   3.2505213e-01  -2.1614473e-01   7.3128201e-02   2.1017745e-01   1.6150727e-01  -3.2930574e-01   3.8183234e-01  -1.0577881e-01  -6.4292409e-03  -2.9282270e-01  -5.1882080e-02   6.3489548e-02   3.6447596e-01  -1.1659350e-01  -1.1482663e-02  -2.0737665e-01   4.8038037e-01   9.9719942e-02   3.1784663e-01  -3.7354768e-02  -8.7828197e-02   7.3315764e-02   2.3280028e-01  -2.1888302e-01  -1.0201158e-01  -7.4885576e-02   1.0796892e-01   1.7126903e-01  -1.1766120e-01  -1.7860241e-01  -7.2671543e-02  -1.9829680e-03
  -5.7790662e-02   1.4014969e-01  -5.0515966e-02  -3.7238949e-02   3.2447478e-01  -3.4807844e-02  -1.1943468e-01  -5.1644595e-02   0.0000000e+00   1.2588535e-01  -3.2038361e-02  -1.0824472e-01  -1.2223047e-01  -1.1283664e-01  -3.0514881e-01  -3.1153281e-01  -1.8153626e-03   3.7467483e-02   9.4081901e-02   2.2264411e-01  -2.2016793e-01  -6.6114913e-02  -1.5093444e-01   3.7945050e-01   3.3378709e-02  -8.6607415e-02   4.1027483e-01  -2.1271374e-01   2.4353837e-01   2.5802270e-01  -2.8874981e-01  -1.1769500e-01  -2.0537870e-01   4.2579814e-02  -9.6089717e-02   2.0980190e-01  -1.9839974e-01  -7.8071981e-02  -1.5924073e-01   1.6054965e-01  -4.1234318e-02  -2.6766741e-01   5.0677842e-01  -2.0232274e-01   4.6316850e-01   2.8524416e-01   1.1392738e-01  -1.7554496e-01   7.0734974e-02  -4.4615209e-02  -1.6964416e-02  -5.2029118e-02  -1.5304919e-02  -3.0556816e-01  -1.1360872e-01  -3.6185241e-01  -4.0388319e-02  -5.3505086e-02  -7.8880136e-02   3.4797411e-01  -1.6071861e-01   2.7940550e-01   4.7558120e-01   4.2476314e-01   5.6324570e-01   2.1086068e-01  -5.7598495e-02   8.6096653e-02  -1.6949397e-01   5.8207316e-02  -1.4473715e-01   1.2817997e-01  -7.2339795e-02  -8.2427731e-02  -1.0970581e-01  -1.7422662e-01   6.0357550e-03  -1.2694072e-01   2.7187028e-01  -2.1637859e-01  -1.5106137e-01  -5.3466244e-02  -2.7100692e-01  -1.3427081e-01  -4.0664107e-01  -9.6871928e-02  -8.6069980e-02   2.9163436e-02   9.4413922e-02   7.1175898e-02   4.9563027e-01  -3.9555238e-01  -7.1080729e-02   3.8832145e-01  -2.8501498e-02   1.5971821e-01  -9.0851771e-02  -5.4957213e-02   2.6694718e-01   1.3145559e-02   1.1537568e-01   2.3988198e-02  -2.6744519e-01   5.2730158e-01  -1.1202408e-01  -1.5056400e-01  -3.3286581e-01  -1.0374696e-01  -1.4891446e-01  -6.8406857e-02  -1.6924453e-01  -1.1893405e-01  -8.7534355e-02   1.8703936e-01  -3.3716232e-02   3.1510271e-01  -2.9340986e-02   8.8335497e-02   7.8016307e-02   1.9223263e-02   1.4753060e-01   2.0740602e-01   3.3770695e-02   2.2969765e-01   1.8262501e-01   1.0465488e-01   1.4066967e-01  -2.8479229e-01  -8.3950026e-02   4.9434931e-02  -1.6412052e-01  -4.9243688e-02  -8.9173244e-02  -2.3826235e-01   9.1431245e-02  -8.7701430e-02  -1.6160601e-01   6.0053266e-03  -1.2428481e-01  -1.1462879e-02   2.6266913e-01  -2.3616421e-01  -1.4006622e-01  -3.9650683e-01  -2.9085190e-01  -2.4585952e-01  -4.2811675e-01   4.6758307e-01   1.1038210e-01  -1.3250285e-01  -4.3733947e-01  -3.0912539e-02   4.4580910e-02   3.9080218e-01   3.0691681e-02   1.3569425e-01   2.4858182e-01  -1.1366795e-01  -1.0588886e-01  -7.6180192e-02   1.9890770e-01   8.2660845e-02   1.9708376e-01  -8.9901149e-02   8.3760221e-02   3.1091905e-01   1.2374539e-01  -4.6154211e-02   4.5270395e-02  -3.4335755e-03   4.8054630e-01   1.9314878e-01   3.9201434e-01  -1.0664425e-01  -8.5091836e-03  -1.4856281e-01   6.1967159e-02
  -3.2296564e-01   3.2638663e-02  -4.6342854e-02  -2.3235797e-01   1.6021922e-01   2.6520526e-01   4.2176553e-01  -1.3562314e-02   1.2588535e-01   0.0000000e+00   2.3184187e-01   1.1770936e-01   6.8250872e-02  -3.0988096e-01   3.8160554e-01  -1.2184056e-01  -7.3778790e-02   2.2355692e-01   1.9055217e-01   1.4155993e-01   1.2097053e-01   1.4400094e-02   2.2533362e-01  -3.3972205e-02  -7.9971549e-02  -2.9129998e-01   1.5307352e-01   9.6798613e-02  -1.0762803e-02   3.6735388e-01   4.9821887e-02  -2.1876585e-01  -3.6410269e-01   4.9495951e-01  -2.8999296e-02   2.9421195e-01   3.1786528e-01  -3.0271428e-01  -2.1188565e-01  -4.6163815e-02   1.7018865e-01  -2.5903530e-01   1.9659514e-01   1.3381307e-01   3.9993393e-01  -5.6177849e-02   2.2730533e-01   1.5107584e-01   6.2857196e-02  -1.7098232e-01   8.2695226e-02  -1.3058122e-01   1.0147795e-01  -1.4394725e-01  -6.1708360e-02   5.7081189e-02  -5.1189234e-02  -1.5384951e-01  -2.5606324e-04   2.4915325e-01  -1.2611561e-01   2.6090910e-01   2.9905801e-01   2.2338185e-01   3.3316890e-01   6.6788960e-01   6.5634273e-02  -1.0698700e-01  -6.4183113e-03   3.6826372e-03  -5.7897325e-02  -9.2946483e-02   1.8066923e-01   3.4240046e-02  -2.9590904e-01  -1.1421089e-01  -3.6737053e-02   1.3876442e-01   1.7618901e-01  -5.0321180e-02  -1.8902320e-02   1.1419011e-01   1.3260730e-01  -1.3931569e-01  -9.8439769e-02  -2.3362620e-01  -1.0407764e-01  -2.0929290e-01   6.5738289e-02  -2.5886564e-01   1.7018679e-01  -1.5421568e-02   5.8531281e-01   1.3633314e-01  -1.5031342e-01   4.6853402e-03  -3.3317593e-02  -1.6695157e-01   1.8845611e-01   3.2132212e-01  -4.5243200e-02   3.8535901e-01   1.6552167e-02   6.6173345e-02  -2.4177432e-01  -2.7535051e-01  -3.3123602e-01  -5.3244987e-02  -4.7611915e-03   3.7729076e-01   2.6853507e-01   1.0909125e-01   6.1276975e-02  -1.7092888e-01   8.9055158e-02   6.1720582e-02   9.1676516e-02   2.1679079e-01   3.8742813e-01  -5.2464250e-02  -3.1597346e-02   1.5905418e-01  -3.4664157e-01   2.0275247e-01  -1.9538796e-01  -1.8612271e-01   4.9815619e-01  -3.7722235e-01  -1.7206625e-01   8.7636548e-03   3.7837683e-03   4.5376011e-01  -3.3429769e-03   1.5273538e-01  -2.2172571e-01  -1.3305085e-01  -1.0602821e-01   7.8282424e-02  -2.0474169e-01  -2.3518130e-01  -1.4653659e-01  -1.7887697e-01  -9.9661658e-03   1.6446704e-01   1.9497953e-01  -1.8079884e-01   1.3999679e-01   3.7816237e-01   3.5608306e-01   1.0702932e-01  -4.9000717e-02  -3.8600431e-02  -1.6473721e-01   3.0362988e-01  -3.0131119e-02  -1.9052350e-01  -1.0702510e-01   1.8737132e-01  -2.1049994e-02  -6.9694609e-02   1.2823819e-01   5.4089931e-02   4.4875649e-01  -6.7794304e-02  -1.9331924e-01   3.3367980e-01   4.6234580e-01   1.1284727e-01  -2.0203317e-01   3.3469129e-02   2.3464462e-01  -4.2141329e-02   2.1698467e-01   1.9319544e-01  -4.4278638e-02  -3.1264371e-01   6.1701298e-02
  -2.5007125e-01  -4.4972310e-01  -5.6699436e-01   1.3923435e-01  -2.5554715e-01   5.2638152e-01   8.5903242e-02   3.9229667e-01  -3.2038361e-02   2.3184187e-01   0.0000000e+00  -5.3226979e-01  -7.3672571e-02   2.5268036e-02   4.6384492e-01  -4.8524465e-02  -4.1416570e-01   7.3839084e-01   2.4739712e-01  -3.9223414e-01   4.8468679e-01   5.3192792e-01   4.1827770e-01  -8.8687603e-02  -2.5757290e-01   1.3240936e-01  -3.4444816e-01   4.6890711e-01  -7.6102514e-02   3.2959716e-01   4.2241782e-01   3.7335440e-01  -2.0878882e-01  -2.0306424e-01  -8.4222557e-03  -3.7108724e-02  -8.9413769e-02  -3.5961257e-01   4.3790426e-02  -6.3757894e-01   5.1646335e-02  -2.9100312e-01  -2.4257963e-01   5.5352164e-01   3.3103213e-02  -7.4327544e-02   4.4936497e-01   1.6807455e-01  -8.6625337e-02  -6.3958152e-01   6.7245317e-01   2.3699719e-01  -7.2119672e-02  -2.6024138e-01   2.4564190e-01   5.7022245e-01   3.0084076e-01   4.5226832e-01   2.7882728e-01  -2.6493389e-01  -3.8095002e-01  -1.9040128e-01   5.1707800e-02   4.9323500e-01   1.3084238e-01   3.7098474e-01   3.8042629e-01  -1.1066740e-01   5.0336584e-01   5.9278214e-02  -1.7304946e-01   3.6375345e-01   1.5991952e-01   7.9666022e-03  -5.0957088e-01   2.5207562e-01  -3.0465856e-01   3.3661163e-01  -4.5615542e-01  -3.3173066e-01   4.3974170e-01   2.1481801e-02   1.0324801e-01   2.0340439e-01   4.6202291e-02   1.3044534e-01   2.5136299e-01  -1.3292404e-01  -3.3170248e-01  -1.8289847e-01  -3.1679016e-01  -4.3422885e-01   8.7664376e-02  -1.2774448e-01  -3.5346921e-01  -5.1225391e-01  -1.6909764e-01   4.0722103e-01  -6.2278264e-02  -7.0891144e-03   1.7272271e-01   5.2803671e-01   4.3552541e-01  -1.6149269e-01   4.6591465e-01   3.1476646e-01  -3.4087161e-01   5.2208515e-01  -4.0057417e-01   5.1341972e-01  -2.9253292e-01   5.6403917e-01   7.0280787e-02  -2.1435919e-01   3.1547944e-01  -4.9431208e-01   4.1007519e-01   1.7212272e-01   2.1849198e-01   4.4258788e-01  -1.6858293e-01  -5.6282375e-01  -4.5311070e-01   8.4417359e-02  -2.8665291e-01  -2.8008767e-02   1.8913144e-01  -4.1273219e-01   3.3813485e-01   8.2361303e-02  -2.2005296e-02   3.1182887e-01  -6.1749895e-02   4.2652297e-01   6.0649008e-02   2.6433604e-01  -5.0305640e-01   3.5529793e-01   1.9457377e-01  -1.4898358e-01  -7.7983671e-02  -1.4189731e-01   6.0139509e-01   2.4677854e-01   4.0046512e-01   4.1659873e-01  -1.4984718e-01   2.4679551e-01   6.3210873e-01  -1.4206447e-02  -1.4186688e-03   1.8697264e-01  -3.9431661e-01   2.0685785e-01  -5.9206066e-01  -1.2589316e-01  -2.1925773e-01   3.8849872e-01  -4.3663115e-01   2.9598857e-01   9.0832231e-02   6.7461258e-01   7.7425241e-02   6.0263414e-01   2.0700888e-01  -3.7056519e-01   2.0086577e-01   3.4584107e-01  -2.6818475e-01  -4.1606453e-01  -2.6170027e-01  -3.3772493e-01   5.0013344e-01   3.6682994e-01  -4.9204474e-01  -3.7229010e-01   2.2079993e-01
  -3.0534031e-02   7.7498347e-01   5.6916529e-01  -1.7372312e-01   3.3291317e-01  -4.5512297e-01   5.9306399e-02  -2.6949877e-01  -1.0824472e-01   1.1770936e-01  -5.3226979e-01   0.0000000e+00   1.5623112e-02  -3.5227815e-01  -1.2243119e-01  -2.2243523e-01   3.8643600e-01  -5.4310391e-01  -6.1285155e-02   3.9158884e-01  -5.4440777e-01  -5.6951422e-01  -5.2526871e-01  -2.8327103e-01   1.4866920e-01  -2.3247785e-01   1.7201932e-01  -2.3301277e-01   6.8203074e-02  -4.7854212e-02  -2.4121542e-01  -5.4213440e-01  -2.0657710e-01   6.5523481e-01   1.9413534e-01   1.5901512e-01   2.7500365e-01   2.6568582e-01  -2.7297238e-01   6.0419618e-01  -3.1736016e-02   9.7517812e-02   2.3490917e-01  -2.5476206e-01   7.0912802e-02  -3.7441383e-01  -3.7538345e-01  -8.1057099e-02   1.6286120e-01   6.3279302e-01  -7.3134192e-01  -2.5319380e-01   4.2095193e-01   3.4697798e-01  -2.3713589e-01  -2.7305731e-01  -1.8402568e-01  -5.7912231e-01  -4.0959666e-01   5.6823108e-01   3.3963224e-01   2.4799507e-01   1.7081473e-01  -1.5918008e-01   1.1634660e-01  -2.5183054e-01  -4.1563970e-01   1.7140733e-01  -4.4094068e-01  -3.5546348e-01   4.0261087e-01  -5.9431516e-01   1.0901856e-01  -9.1984176e-03   4.0702846e-01  -3.2656980e-01   1.5869738e-01  -4.2263084e-01   6.2809312e-01   2.6294254e-01  -4.1312667e-01   2.1879989e-01   3.9109285e-01  -2.0547273e-01   8.4847755e-02  -2.6517164e-01  -2.6139159e-01  -2.3259921e-01   4.7546679e-01   2.7244402e-02   3.5244247e-01   4.6600422e-01   4.3610879e-01   1.0572373e-01   1.8359605e-01   5.3261971e-01  -9.9082077e-02  -3.7701677e-01   4.5444041e-02   1.2489414e-01  -3.8151432e-01   4.8640033e-02  -4.1060387e-01   3.5037887e-01  -5.8151486e-01  -5.5273085e-01   2.7301076e-01  -5.2772992e-01   3.8679102e-01  -2.7995089e-01   8.3431093e-01  -4.7085668e-01  -2.5195586e-01  -1.1553733e-01  -2.9904872e-01   5.8657987e-01  -4.7125294e-01   7.4603555e-02   6.2433911e-04  -5.0730978e-01   2.4489679e-02   6.6488437e-01   4.1571989e-01   1.9987975e-01   9.3983995e-02   2.8871958e-03   1.3519770e-01   2.1556573e-01  -5.5988300e-01  -1.6653870e-01  -1.2364404e-01   1.8079245e-01   2.1625794e-01  -2.4931772e-01  -3.7757558e-01  -2.7509411e-01   4.9282193e-01  -2.9388669e-01  -2.7357674e-01  -7.7143151e-02  -1.4525864e-01  -2.7506925e-02  -5.6689880e-01   9.6658509e-02  -3.1485423e-01  -5.3829658e-01   5.0225125e-01  -4.2255032e-02  -5.4863453e-01   2.6828301e-01   1.0922627e-01  -7.4885236e-02   1.5051243e-01   1.3732991e-01   7.3929971e-01  -2.3079947e-02  -9.9057117e-02  -3.2350051e-01   3.0195280e-01  -3.5664009e-01  -2.0017803e-01  -5.7263159e-01   1.9648322e-01  -6.8385077e-01  -4.1367628e-01   5.9013227e-01   2.1952711e-01  -2.5050968e-01  -4.7267268e-02   7.4744202e-01   3.3241865e-01   2.1220396e-01  -5.1210739e-01  -3.1137888e-01   3.5352354e-01   2.5164127e-01  -4.0033414e-01
   1.5084399e-01  -1.6087053e-01   2.8204240e-01  -3.9729655e-02   2.7878686e-01  -1.4439297e-01  -1.5555453e-01   1.2829397e-01  -1.2223047e-01   6.8250872e-02  -7.3672571e-02   1.5623112e-02   0.0000000e+00  -2.2844204e-01  -1.3410920e-01   2.0964673e-01   2.2212955e-01  -9.9705825e-02  -1.2350248e-01   4.9144218e-01  -1.8421053e-01  -2.8941050e-01  -1.4410054e-01   2.1769543e-01  -3.6867929e-02   4.5239655e-02   2.8043272e-01  -2.9707763e-01   2.3610210e-02  -3.5623011e-01  -9.8971846e-02   1.0728769e-01   6.7899791e-02  -5.8855014e-02  -2.4712267e-01   4.5773921e-01  -5.1526933e-02   1.1093092e-01  -1.6359930e-02   2.0023362e-01   6.2759203e-01   3.3120050e-01   7.4590443e-02  -1.4546761e-01   1.3549543e-02   1.8701202e-01   2.8786595e-01  -1.7172540e-01   8.9472218e-02   3.2298684e-01   5.3971877e-03   1.5011969e-01  -1.7802653e-01   7.1805769e-02  -1.5746352e-01  -2.2536497e-01  -5.7284468e-02  -3.5249339e-02  -1.1237885e-02  -1.6693090e-01   2.7596438e-01   1.7282184e-01  -5.4008879e-02  -2.4994904e-01  -2.7083508e-01   3.1176114e-02  -1.3976345e-01   8.4366914e-02   1.6592622e-02   4.8817738e-02  -4.4299482e-02   1.1301998e-01   1.2922267e-01  -2.4620881e-01   2.0107008e-01  -6.6651007e-02   3.2906027e-01  -3.3204019e-02   1.5920034e-01   3.5339425e-01  -1.6014321e-01   2.1053773e-01  -1.4619412e-01   3.5895954e-02  -2.4158244e-01   6.4167926e-03  -3.8138541e-01   1.0984384e-01   1.3718374e-01   5.9267795e-03   1.0569996e-01   1.9608444e-01   8.2451494e-02   1.1546487e-01   2.5942696e-01   3.6470888e-01   2.3919057e-01   2.5053823e-02   2.1577234e-01  -1.0472389e-01   1.9526699e-02  -1.0190933e-01  -2.5267703e-01  -2.9837640e-01  -7.7251259e-02   1.2977217e-01   9.6992102e-02   3.3086426e-02   1.8036421e-01  -2.4534096e-01   1.9293405e-02  -2.2269000e-01   6.7023503e-03  -1.6471888e-02  -9.7894865e-02   1.4196295e-01  -5.5222409e-02   2.9211655e-01  -2.1978913e-01  -6.4082614e-02   1.7574445e-01   2.6453806e-01   2.3942372e-01  -1.4489747e-01   1.3330475e-01  -1.3159634e-01  -4.8246943e-02   3.7440980e-01   6.5295936e-02  -5.2567045e-02   6.4164405e-01  -6.9786915e-02  -1.1944750e-01  -1.5445574e-01   1.0800818e-01  -3.5547179e-03   3.0807746e-01  -2.3406836e-01   1.5968452e-02  -2.6249321e-02   3.7134862e-02   5.0118120e-01  -6.0534445e-02  -2.5281054e-01  -1.2701010e-01  -1.8774383e-01   1.6356792e-03  -1.0403217e-01  -3.6025562e-02  -1.2565441e-01  -1.0440428e-01  -1.3733545e-03   7.7061068e-02  -1.5088965e-01   1.1691556e-01  -1.6195221e-02   2.1130268e-01   1.7174972e-01   4.1834265e-01  -1.1195691e-01  -1.1302004e-01  -1.7847577e-01   4.0857615e-02  -2.0040364e-01   1.6472555e-02   4.5660229e-02  -7.5968711e-02  -4.6808089e-02   7.6892384e-03   7.6225209e-02   7.5096543e-02   2.7278750e-01  -4.0566644e-02  -2.2161542e-01   1.3108248e-01   3.3232043e-01   6.8977229e-02
   3.7721109e-01  -2.7838067e-01  -1.9733462e-01   2.4616280e-01  -4.0635100e-01   3.3457252e-01   2.4564725e-03  -2.1597706e-01  -1.1283664e-01  -3.0988096e-01   2.5268036e-02  -3.5227815e-01  -2.2844204e-01   0.0000000e+00   4.9733455e-02  -3.7857911e-02  -8.5781156e-02  -1.6711747e-02   3.0302581e-02  -4.6263609e-01   4.5919529e-01   5.3878165e-01   3.8836409e-01   1.3534237e-01  -6.8878241e-02  -5.8524755e-02  -3.8162498e-01   4.1832945e-01  -1.6926618e-01  -9.2799798e-03   1.9052433e-01   1.4338488e-01   2.6227343e-01  -4.9242520e-01   2.2568699e-01  -4.6467880e-01  -1.6623622e-01   1.0598804e-01   8.2326636e-02  -3.7567816e-01  -3.1246642e-01  -2.7106837e-02  -2.5605108e-01   1.2730027e-01  -3.2787014e-01   3.2150466e-01  -1.9085103e-01   7.0598996e-02   7.4533778e-02  -3.3726930e-01   7.9791421e-02  -1.8658340e-01  -2.5279874e-01   1.5552659e-01   4.5630573e-01   2.4319307e-01   1.2117115e-01   3.2895189e-01   1.3196473e-01  -3.8092329e-01   3.8323940e-02  -2.8836135e-01  -2.7707461e-01  -7.7245170e-02  -2.0918776e-01  -2.4679108e-01   4.2324237e-01  -1.7438591e-02   1.3234713e-01   3.1810112e-01  -1.2762473e-01   3.6474953e-02  -3.3028103e-01   5.5212965e-01  -2.0365375e-01   1.0242607e-01   3.1172836e-02   1.7391139e-01  -4.2728999e-01  -2.4909612e-01   4.3078614e-01  -2.3660613e-01  -1.1190561e-01   1.4012626e-02   4.7091928e-01  -5.2416779e-02   5.5367387e-01   2.8113517e-01  -1.7604639e-01   4.1174980e-01  -3.2293995e-01   7.8758719e-03  -4.3009579e-01  -1.6477621e-01   3.3795209e-02  -3.7993316e-01  -1.1795318e-01   2.4218173e-03  -2.4227262e-01  -2.3017595e-01   3.9981603e-01  -2.1447751e-01   4.9031519e-01  -1.5532959e-01   4.3426653e-02   1.2105885e-01   2.2593140e-01   5.6633729e-02  -2.0860835e-01   1.7894929e-01  -4.6291772e-01   3.3156786e-01   3.0095970e-01   4.4076288e-01   3.9503121e-01  -4.0564028e-01   2.4472220e-01  -2.3483957e-01   8.1273642e-02   1.9334137e-01   1.9983612e-01  -4.4939203e-01  -3.0404234e-01  -1.8695563e-01   2.5556535e-01   3.9040607e-01  -2.8876284e-01   6.4386229e-02   1.0152550e-01   1.8579142e-01  -2.9975570e-01  -3.7217006e-01   3.7340737e-01   1.7689735e-01   2.7598894e-02  -1.0800110e-01  -2.6462697e-01   3.2224032e-01  -1.0712039e-01   3.4476845e-01   1.5292639e-01  -4.2856682e-03  -1.7493812e-02   2.5952200e-01   3.0873843e-01   3.2884928e-01  -1.2320546e-01  -2.5182754e-01   1.2139979e-01  -2.1784130e-01   5.2018139e-01  -4.3492386e-02   1.0501511e-01  -1.7813545e-01  -3.0507535e-01   2.5993009e-01   1.3439268e-01  -2.1220084e-01  -6.5725511e-02   4.3585836e-01   2.7455316e-01   8.4500112e-02  -4.4302361e-01   2.4995826e-01   2.8359064e-01  -4.4375451e-01  -2.6338766e-01  -4.9704809e-02   3.6866888e-01  -3.8752678e-01  -4.3726729e-01   8.1687494e-02  -2.8863124e-02   3.3728833e-01  -8.7750491e-02  -2.1440872e-01   1.1754358e-01
