   0.0000000e+00  -3.7264800e-01  -1.8798102e-01  -1.2022940e-01  -3.0103902e-01   2.0406192e-01   1.2981372e-01  -4.9634077e-02  -3.4764898e-02   4.5007800e-02   3.8373271e-04  -1.4418753e-01   1.0671050e-01   1.5238791e-01  -1.0015710e-01  -4.4505483e-01  -2.3054557e-01   2.2655214e-01   1.8500897e-01  -1.4211568e-01  -1.4206511e-01   4.5998813e-02   1.9313308e-01   7.6115950e-01  -1.3296805e-01  -1.2820258e-01  -8.5441017e-02   2.0852811e-01  -1.5343821e-01   2.5445931e-01  -1.3478054e-01   1.8278235e-01  -3.7661634e-01  -1.1934120e-01  -1.1075951e-01   2.2823359e-03  -3.7243642e-01   3.2576679e-01  -4.3337732e-01  -4.5990020e-01  -7.7732719e-02  -3.7104400e-01  -2.4404655e-01   1.6794768e-03  -1.8563462e-01   7.4490961e-01   3.1226763e-01  -5.4729550e-02  -2.7322227e-01  -4.1634913e-01   1.1433581e-01   1.6079491e-01  -3.6683852e-01  -2.9635268e-01   6.6412486e-02   9.9771790e-02  -5.4380105e-02  -5.3530395e-03   1.1436466e-01   2.1959519e-01   1.2148105e-01  -2.5465624e-01  -2.8254709e-01   1.2208736e-01  -4.5613709e-01  -1.6902143e-01  -3.3356799e-03  -7.9870347e-02   3.0388596e-01   9.4156359e-02  -3.4399852e-01   3.1429499e-01  -1.8792674e-01   2.7006990e-01  -4.5600413e-03   2.5816364e-01   3.4281748e-01   1.1411780e-01  -3.9797002e-01  -3.6531683e-02   1.5645316e-01  -2.1680131e-01  -2.6524295e-02  -9.1517401e-02  -2.5067205e-01   1.5369000e-01  -8.9161154e-02   3.6372334e-01  -3.0453309e-01   6.5254731e-01  -3.5196950e-01  -9.2907478e-02  -2.8944293e-01   6.4249857e-02   2.2750405e-01  -1.7824697e-01   2.7063116e-02   2.2510025e-01  -1.0595656e-01   2.1667404e-01  -8.1347528e-02   3.3541507e-02  -1.0615161e-01   3.0136758e-01   3.5433903e-01  -6.2637065e-02  -2.8993649e-01   1.5897528e-01  -4.0277021e-01   1.8126741e-02  -9.1948027e-02   7.6582559e-02  -3.4560533e-02   7.7200500e-01   2.0914190e-01  -4.1341549e-01   6.8016742e-02   3.3053464e-02   6.1577570e-02   7.1632725e-02   7.1381295e-01  -2.9854795e-01  -3.2536955e-01  -1.0483323e-01   7.4559160e-01   2.1928870e-01  -4.2316395e-02  -2.6026091e-01   1.4933086e-01  -2.6341628e-01  -8.6670693e-02  -3.3061096e-01  -5.0639960e-05  -1.1936425e-01   2.2420118e-02   1.9409627e-01  -1.2624245e-01   1.1968361e-01   1.5465049e-01   7.5540925e-01   7.0986275e-01   1.0552654e-01   3.4475609e-01   2.9832538e-02   1.7111123e-02   4.2323373e-02  -1.3327171e-01   2.0417585e-01   2.9751338e-01  -1.0848191e-01   2.0079187e-01   1.7586142e-02   5.7349092e-01  -1.9173736e-01  -3.9841443e-01   6.9663511e-01   7.6942023e-01   6.8193546e-02   1.3156911e-01   3.3540037e-02  -1.8722534e-02   1.6533881e-01   2.8550764e-01   3.1374945e-01  -1.6882992e-01  -4.1730231e-01  -1.0867629e-01   1.3285261e-01   5.7723737e-01  -4.1675886e-01  -2.1098857e-01   5.2629278e-01   1.4475497e-01  -4.5077999e-03   1.7944684e-01  -2.1130496e-01  -7.1091664e-02
  -3.7264800e-01   0.0000000e+00   4.3701972e-01   1.2282928e-02   7.4799670e-01   2.5626429e-02  -4.0647726e-01   1.4370191e-02   4.0489393e-01  -4.1175058e-02  -2.6635963e-01   5.5579058e-01  -1.5668971e-01  -3.9899057e-01  -3.2689335e-01   3.1302873e-01   5.9185623e-01  -5.3764501e-01   9.6661030e-02   4.6824898e-01  -4.6831601e-01   3.7804398e-02  -6.6542901e-01  -3.3737933e-01  -2.4082320e-02   5.7136152e-02   3.2209253e-01  -3.7858421e-01   3.6196700e-01  -2.0206770e-01  -4.0714974e-01  -9.0525775e-02   2.4249673e-01  -3.4458237e-02   4.9037297e-01   2.8112932e-01   3.7844471e-01  -2.2056401e-01   2.8578873e-01   5.3497886e-01   2.5026876e-02   1.3221935e-01   6.7299646e-01  -1.1174816e-01   4.0282328e-02  -4.1307900e-01  -5.5763592e-01  -3.8433098e-01  -3.3932525e-01   6.2815706e-01  -3.2929916e-01  -4.2964652e-02   6.9048315e-01   2.1652279e-01  -3.4815467e-01  -2.6643330e-01   1.5625446e-01   4.4632990e-02  -4.9965176e-02  -1.8586698e-01  -8.1189386e-02   6.7163531e-03   7.1276726e-01  -1.3994804e-01   7.8665730e-01   5.9607602e-01  -2.0407598e-02   3.2157240e-01  -2.1642911e-01  -6.8005489e-02   2.4670659e-01  -3.9535200e-01   3.5322811e-01  -7.3065431e-02  -7.5067843e-04  -1.1136237e-01  -4.4255401e-03   9.8550042e-02   7.9351084e-01   9.1433611e-02  -3.8551917e-01   2.0448250e-01  -1.9260299e-01   7.2033730e-02   2.9297825e-01  -7.4724251e-02  -2.8143277e-01  -4.3692903e-01   5.7568973e-01  -2.3900394e-01   7.6854037e-01   1.1454532e-01   5.6010881e-01   3.1974652e-01  -2.0865270e-01   4.6237737e-01   1.1857937e-01  -7.8256214e-02   4.1729226e-01  -2.9204253e-01  -4.2725395e-01   2.2268836e-01  -9.7028442e-02  -3.3522045e-01  -3.4909448e-01   1.6450281e-01   8.7640290e-02   2.1729645e-02   1.6299723e-01   9.8258700e-02   1.2348981e-01  -1.0126185e-01  -1.2512811e-01  -4.2856121e-01  -5.7135719e-01   5.8831324e-01  -1.4267400e-01   4.4443507e-02  -2.0322528e-01  -2.3273372e-01  -3.4533106e-01   6.1779194e-01   4.8197738e-01   2.7602264e-01  -4.4537750e-01  -5.0456793e-01   2.0502977e-01   7.7350330e-02  -1.2717912e-01   6.2463837e-02   1.2692736e-01   2.1332420e-01   1.4123953e-01  -2.3556323e-01   3.3767023e-02  -8.2390979e-02   1.5275592e-01  -2.9837872e-01  -1.9659221e-02  -3.5027251e-01  -2.5759795e-01  -1.3811468e-01  -3.5264566e-01  -1.4084542e-01  -3.7444204e-01  -4.8024179e-01  -1.8223962e-02  -2.7397321e-01  -3.2891867e-01  -2.0490225e-03  -4.6498331e-01  -2.3648648e-01  -2.3020949e-01   3.0503701e-01   3.4125162e-01  -4.3095477e-01  -3.5422591e-01   5.5857367e-02  -1.0993666e-01  -2.4609599e-01   3.6428163e-01  -2.8887908e-01  -3.9788464e-01  -3.6854891e-01   1.1662029e-01   5.5905123e-01   3.5437334e-02   2.6013291e-01  -4.2237324e-01   5.9962113e-01   5.9167408e-01  -2.7814567e-01  -2.1784876e-01  -2.3014866e-02  -1.7003096e-01   1.8639348e-01   2.2966128e-01
  -1.8798102e-01   4.3701972e-01   0.0000000e+00  -1.4252401e-01   4.6491662e-01   1.9988596e-01  -4.3493622e-01  -1.6339240e-01  -4.8959885e-04   2.7651685e-02  -1.4683430e-01   6.5196341e-01   5.2448425e-02  -1.1756258e-02  -3.7596609e-01   4.2798124e-01   8.8707779e-01  -2.9737378e-01   1.7792194e-01   5.4939247e-01  -5.2786677e-01   2.3979923e-02  -6.1488897e-01  -1.4374297e-01   1.6462739e-02  -1.4494095e-02   4.2174651e-01  -1.9011765e-01   8.0965238e-02  -1.8457946e-01  -4.5894504e-01  -3.0303410e-01   2.6085383e-01  -7.1938826e-02   2.4866428e-01   4.4242923e-01  -1.9093364e-01   1.8310859e-02   2.9286714e-01   6.0558816e-01   5.4987082e-02   2.7034587e-01   2.0546657e-01  -1.1032635e-01  -3.2640108e-01   6.4828915e-02  -1.1518984e-01  -5.6304721e-01  -1.9968334e-01   7.9346785e-01  -2.0029682e-01  -2.8355484e-01  -2.8956455e-02   4.1219558e-01  -9.6843146e-02  -2.3013395e-01   7.9665773e-02  -1.9913126e-01  -3.4384670e-01  -2.2425559e-01   4.5457191e-01  -1.1099351e-01   4.8577116e-01  -3.0101586e-01   2.2275053e-01   2.3676832e-01   3.1486040e-01   1.0536859e-01  -2.3996577e-01   5.5734304e-01   5.7773490e-02  -4.3335438e-01   2.4559833e-01   1.7469741e-01   7.1614098e-02  -2.1178774e-01   4.0469858e-01  -6.3701351e-02   4.1046924e-01  -2.5144492e-03  -3.4126145e-01   7.5470854e-02   5.6153409e-02  -4.9126484e-02   5.7807075e-01  -3.7638623e-01  -3.6762134e-01  -3.0470872e-01   2.2177973e-01  -1.0421221e-01   4.4450379e-01   6.4200476e-01   6.5855412e-01   1.8777739e-01   1.2625726e-01   6.6017375e-01   1.0702031e-01  -3.0203161e-01   2.4640342e-01  -4.7419829e-01  -1.6413318e-01  -9.7750820e-02  -1.2294381e-01  -4.0809783e-01  -4.9282530e-01  -1.2423478e-01   3.4656910e-01  -2.3979785e-01  -1.4653295e-01   2.2539998e-01   4.5372762e-01  -1.1856483e-01  -2.7335189e-01  -1.3281963e-01  -2.8777485e-01  -3.0682645e-02  -2.4203312e-01  -1.4138165e-01   1.1163562e-01  -1.8980480e-01  -1.8641262e-01   5.3178719e-01   5.0756835e-01  -1.0982004e-01  -1.4854854e-01  -2.9639290e-01  -3.0185398e-02   2.1981177e-01  -1.8533477e-01   6.1475043e-01   6.0737786e-02  -2.8003297e-01   1.5718237e-01  -4.6346902e-01   1.2814158e-01  -2.5410911e-01   7.2345205e-02  -2.6686481e-01  -2.0062084e-01  -1.4697069e-01  -1.2725516e-01   1.3388009e-01  -4.2738283e-01   1.7315234e-01  -4.8178270e-01  -5.3104095e-01   1.2835700e-01   2.8027252e-02   8.2861386e-02  -4.3183157e-01  -1.9459578e-01  -3.0220453e-01  -1.4882334e-01  -1.7337739e-02   7.5974907e-01  -2.9127647e-01  -1.6115147e-01  -1.2363627e-01   2.6140956e-01  -2.7228127e-01   1.2344939e-01  -3.0491939e-01  -3.5590910e-02  -3.3971573e-01  -1.6728906e-01   4.8675625e-02   9.1310617e-02   1.3901069e-01  -1.7342698e-01   4.6052816e-01   4.0744338e-01  -2.3621881e-02  -3.9296418e-01   1.7549607e-01  -2.0549081e-01   3.8471706e-01   9.2825402e-02
  -1.2022940e-01   1.2282928e-02  -1.4252401e-01   0.0000000e+00   1.7578268e-02   1.5837226e-01   1.6147065e-02   2.3567126e-01   1.5249036e-01  -7.8345707e-02  -7.6322392e-02   4.0637293e-02  -1.7841520e-01   7.3874992e-02   1.0329084e-01   2.2584035e-01  -1.8806370e-01   2.6084160e-01  -1.1821586e-01   4.1085670e-02   8.0437086e-02   2.4178408e-01   1.2754937e-01  -6.0520340e-02   2.1095488e-01  -2.4643848e-02   1.2635032e-01   2.6075640e-01   4.4506043e-02   3.8866721e-01   7.4241527e-02   3.0637064e-01  -8.6502443e-03  -1.5863611e-01   4.7117278e-02  -8.8786073e-02   1.8709320e-02  -1.6569182e-01   1.2876467e-01  -1.1861077e-01  -1.2157093e-01   9.8824894e-03   1.3244137e-01   1.0866933e-01   1.0447525e-01  -1.5464788e-01   1.4337541e-01  -1.2289308e-02   6.8791903e-02  -1.8411012e-01   9.6039071e-02   5.1327284e-02  -6.2296662e-02  -7.6479986e-02  -3.1075789e-02  -6.2793766e-02   1.2337029e-02   4.5119307e-01   1.4089696e-01   3.6994831e-01  -1.3089711e-01   2.0795218e-01   7.1048599e-02   2.1235741e-02   1.1762747e-01  -5.5313159e-02   5.5851083e-02  -1.0526622e-01   3.6716155e-01  -6.7938370e-02  -1.8206789e-01   3.7288556e-01  -5.4174755e-02   1.1022558e-01  -6.0308932e-02  -3.6935215e-02  -1.2177040e-01   2.8119293e-01   4.6570807e-02   1.9708163e-01   2.0929777e-01  -2.1486709e-02  -8.0394082e-02   1.5921916e-01  -1.6984414e-01   2.0406747e-01   1.1630692e-01   9.4011601e-02   1.6680959e-01   8.9124369e-02  -2.3092417e-02  -1.1696504e-01  -1.3339622e-01   8.8255567e-02  -2.3204110e-01  -1.8405715e-01   1.8317268e-01   8.4844737e-02   1.1814089e-01   1.0288800e-01   1.5136826e-02   4.3096793e-02   3.1019254e-01   2.0254354e-01   3.8890856e-01   5.0938478e-01  -1.3720635e-01   3.1089347e-01  -7.7679470e-02   2.1338315e-02  -1.6560526e-01   4.0281868e-01   5.4620016e-01  -1.7424086e-01  -2.6429551e-02   7.5307205e-04   8.5587055e-02  -9.8356729e-03   6.4242273e-02   6.1113732e-01   1.1037394e-01  -1.1993002e-02  -1.4916119e-01  -5.7111657e-02   4.5213509e-02   2.4092312e-01   1.8891241e-01  -3.4266823e-02   3.4354316e-01  -2.1324985e-01  -4.6192871e-02   1.3976687e-02   1.9654045e-01  -9.2801762e-03   2.2371452e-01  -7.3698855e-02   1.0902867e-02   1.7305225e-01   1.0438177e-02  -1.5252749e-01   1.2683559e-02  -8.0540915e-02   2.3866252e-01   1.7722416e-01   2.8086235e-03   5.3647408e-02  -1.7340294e-01  -1.1754327e-01  -1.7364426e-02   2.2090183e-01   4.6565818e-02   1.8195810e-01   1.2614316e-01  -1.1296220e-01  -1.5734249e-01  -8.3485852e-02   1.1032797e-03   9.7999498e-03  -2.5017226e-01   5.6748564e-02   1.1928120e-01   2.5341981e-01  -1.5274833e-01   3.0235521e-01   2.2628744e-01  -4.1205938e-03   2.0198080e-01   5.6144921e-02   1.8835541e-02  -1.9549394e-01  -2.2831398e-02   1.0584511e-01   3.8198349e-01   7.6716837e-02   6.5206165e-02  -3.2132412e-01   2.5916443e-01
  -3.0103902e-01   7.4799670e-01   4.6491662e-01   1.7578268e-02   0.0000000e+00   1.5229912e-01  -6.5970677e-01   4.7756791e-02   2.4773844e-01  -1.8540951e-01  -3.4314589e-01   5.4225131e-01   9.6777818e-02  -1.9167140e-01  -4.9913137e-01   3.0184480e-01   6.2878154e-01  -4.6275195e-01   1.3699433e-01   7.5003509e-01  -4.8785617e-01   4.9083986e-03  -5.8919796e-01  -1.8560601e-01   9.2807577e-03   1.1910267e-01   6.8373967e-01  -2.8545917e-01   2.5149329e-01  -1.3563305e-01  -5.0055807e-01  -8.1951220e-02   2.4237819e-01  -3.4999520e-01   3.7091497e-01   5.5680404e-01   3.2185976e-01  -1.0331991e-01   3.2057294e-01   5.6187375e-01   1.6097769e-01   2.1617964e-01   5.9203698e-01  -1.4753245e-01  -2.3779908e-01  -3.1891668e-01  -3.3051581e-01  -6.2773525e-01  -2.5540465e-01   6.8735695e-01  -3.6499477e-01   3.1125539e-02   3.6597444e-01   2.6596389e-01  -2.1130513e-01  -4.2825637e-01   1.1773882e-01   5.0159282e-02  -5.9644482e-02  -6.2816770e-02   1.9185698e-01  -6.8536879e-02   7.1950035e-01  -2.0554070e-01   7.0635349e-01   6.2460849e-01   2.9290105e-01   3.0238938e-01  -1.5971652e-01  -1.8734270e-01  -1.7473288e-01  -3.5918531e-01   3.7885828e-01   4.6874473e-02  -2.9642051e-02  -9.6270107e-02   9.1565370e-02   5.1947479e-02   9.0075253e-01   2.6881758e-01  -4.1330765e-01   2.3822620e-01  -2.2909274e-01   1.3920701e-01   3.2390547e-01  -1.5003506e-01  -4.7182238e-01  -2.8240962e-01   5.2042779e-01  -7.2481631e-02   9.0169425e-01   2.5810440e-01   6.7023908e-01   3.8586670e-01  -8.0449741e-02   7.7786449e-01   2.8616969e-01   2.6951854e-02   5.9719339e-01  -2.2272893e-01  -4.2624845e-01   2.0542807e-01  -2.9984063e-02  -4.0154147e-01  -3.7590573e-01   8.3033788e-02   1.5463306e-01   8.4107620e-02  -8.6686049e-02   2.9950204e-01   1.3368719e-01  -1.3530922e-01  -1.1518029e-01  -3.0742519e-01  -6.4064851e-01   6.0474736e-01  -2.7127383e-01   1.5693890e-01  -1.7368027e-02  -2.0769536e-01  -3.5522565e-01   8.6490937e-01   5.2688196e-01   9.8021735e-02  -3.0716652e-01  -4.6230727e-01   2.2987871e-01   1.8229399e-01  -1.0154407e-01   9.3229373e-02   1.6144535e-01  -4.3009573e-02   2.3803340e-01  -4.5833389e-01   9.8214257e-02  -8.0423941e-02   3.0473098e-01  -3.6409584e-01  -3.2636726e-02  -3.0103690e-01  -1.1570795e-01  -8.3640150e-02  -3.5860818e-01  -5.4637914e-03  -5.8542428e-01  -5.6964196e-01  -3.8370527e-01   8.0162169e-02  -1.6219682e-01  -1.5055593e-01  -5.1164631e-01  -2.0635773e-01  -1.4249531e-01   1.8022102e-01   4.2854166e-01  -3.6968557e-01  -2.7952004e-01   8.2124914e-02   1.6785814e-01  -3.3850758e-01   3.5435212e-01  -3.3638777e-01  -3.3650736e-01  -3.5610180e-01   6.6679042e-02   4.5626978e-01   5.1600575e-02   2.5731872e-01  -2.9848077e-01   6.2988782e-01   8.1187507e-01  -1.4938773e-01  -2.5982392e-01   1.9183625e-01  -1.8078339e-01   2.4871838e-01   1.8881489e-01
   2.0406192e-01   2.5626429e-02   1.9988596e-01   1.5837226e-01   1.5229912e-01   0.0000000e+00  -2.5377890e-01   1.9605972e-01   7.9485280e-02  -1.1023310e-01  -1.6518948e-01   3.1099182e-01  -1.2964481e-01   3.1175723e-01  -2.5264402e-01  -1.0470810e-04   1.5142325e-01   2.4886544e-01   1.6190777e-01   3.1896202e-01  -2.8870347e-01   1.6876875e-01   2.8555385e-02   3.0261764e-01   7.1445035e-03  -1.0336068e-01   5.6104340e-01   4.6720359e-01   5.8156354e-02   6.4042596e-01  -3.0979347e-01   3.9930343e-01  -1.0728023e-01  -3.5208367e-01   2.7330721e-01   2.2687768e-01  -2.3152793e-01  -2.7954665e-02  -1.8860103e-02  -6.2729729e-03   3.8054457e-03  -1.9061804e-01   1.0321312e-01   7.8370597e-02  -3.1585565e-01   2.8512124e-01   3.5057580e-01  -3.0585531e-01  -1.9013207e-01  -3.9754322e-02   1.4077681e-01   1.8775279e-01  -2.8160540e-01  -3.0583848e-01   6.9021222e-02   3.6329636e-02   3.6422557e-01   2.7359757e-01   2.4601019e-01   5.1683085e-01   8.9181945e-02  -1.3485334e-01   3.0520831e-02  -8.2703319e-02  -2.7821804e-02   1.6483193e-02   6.5204289e-01   9.3280425e-02   5.7894796e-01   2.2182965e-01  -4.8088154e-01   3.8055674e-01   8.0006562e-02   4.2256025e-01  -1.7494285e-01  -5.6655149e-02   1.2024913e-01   3.7052005e-01   6.3301222e-02   2.5482402e-01   1.5783453e-01  -1.6100652e-01   3.3409253e-02   6.3527367e-02  -5.8128394e-02   5.9145906e-02  -2.5498431e-02   2.1919408e-01  -3.2240438e-02   4.7698559e-01   8.9755375e-02   6.8516495e-03   5.8709295e-02   5.3108060e-01  -2.5119328e-01   1.6379827e-01   9.5866207e-02   2.2805017e-01   3.9938784e-02   1.9319027e-01  -8.3631423e-02   2.1337870e-01  -1.9768045e-03   2.2941546e-01   2.8691221e-01   1.1502995e-01  -3.4029189e-01   3.8551758e-01  -6.4141196e-01   4.5462227e-01   9.1413493e-02   3.9161673e-01   1.6129025e-01   2.4993663e-01  -1.3547700e-01  -2.4256919e-01   6.4962844e-02   7.1119470e-02   5.3439821e-01   3.1232579e-01   3.6127200e-01   1.8269887e-01  -1.2392205e-01  -1.3165345e-01   3.9703522e-01   2.9233792e-01   9.5265620e-02  -2.6831157e-01   1.8764414e-01   9.4090825e-02  -6.2134793e-02  -3.9423915e-01   4.0244614e-01  -4.3499488e-01   1.4767214e-01   3.7878034e-03  -3.0660234e-02  -2.1205096e-02   1.4646212e-01   2.4013811e-01   4.0808195e-01  -2.8242043e-01   2.8939061e-01   7.0263663e-01  -4.2987686e-01  -2.8681626e-01  -3.6683154e-01   3.3923642e-01   4.1194146e-01  -9.8343388e-03   1.1531011e-01  -1.0768396e-01   1.5865005e-01  -2.1349032e-01   1.6369107e-01   1.2584436e-01   3.6527034e-01   1.7162424e-01  -9.1807049e-02  -1.6824195e-01   6.5414468e-02   9.9920317e-02   2.7258184e-01   3.1733812e-01   1.4251238e-01  -2.3859198e-01   3.7410837e-01   3.3146551e-01   2.1066684e-01  -1.4326407e-01   1.8493669e-01   3.0960233e-01   2.6430076e-01   5.8028890e-01   2.6220988e-01  -2.5600766e-01   2.3408866e-01
   1.2981372e-01  -4.0647726e-01  -4.3493622e-01   1.6147065e-02  -6.5970677e-01  -2.5377890e-01   0.0000000e+00  -4.7470917e-02  -4.4840292e-02   4.2434192e-01   3.7184487e-01  -4.8012085e-01  -1.2879495e-01  -1.1785549e-01   6.0331560e-01  -1.3081675e-01  -5.5105291e-01   4.0019551e-01  -1.8595965e-01  -4.5403546e-01   3.2899154e-01  -2.6755245e-02   5.3935345e-01  -2.6556064e-02  -1.6340923e-01  -9.1339391e-02  -6.5218722e-01   8.4033548e-02  -2.2500861e-01  -5.5763039e-03   4.5643418e-01  -6.4459052e-02  -3.6420731e-01   6.7393989e-01  -3.4144421e-01  -2.8585857e-01   1.3340668e-02  -2.2033545e-02  -2.6633707e-01  -2.8803148e-01  -8.3072085e-02  -1.2732248e-01  -4.0611537e-01   1.7571607e-01   4.9450298e-01   1.5836782e-02   1.8583020e-01   6.5746966e-01   9.5322577e-02  -5.4990755e-01   4.4234390e-01   4.4684735e-02   6.1730383e-02  -2.8199631e-01   2.5786815e-02   5.4912872e-01  -9.3423277e-02  -9.4441085e-02   4.4880763e-02  -3.8846995e-02  -3.1171406e-01   2.8001110e-01  -5.1256944e-01   2.7358572e-01  -4.5767935e-01  -3.3161161e-01  -4.8650083e-01  -2.5433954e-01   8.4396826e-02   9.1416265e-02   4.1366684e-01   2.0881489e-01  -1.8608284e-01  -1.5553098e-01  -8.0616012e-02  -3.3226235e-02  -1.4771810e-01   5.5674721e-02  -5.6194060e-01  -2.5875031e-01   3.6499865e-01  -2.1133915e-01   2.8960078e-02  -1.7207988e-01  -3.9366386e-01   1.5592155e-01   3.4691666e-01   1.2290447e-02  -3.2053713e-01  -9.2414269e-02  -5.8196354e-01  -2.9483551e-01  -4.7368239e-01  -4.2443087e-01   4.2585661e-02  -5.8484049e-01  -3.7974506e-01   6.0353622e-03  -4.3436879e-01   3.3010132e-01   2.8220911e-01  -2.1937858e-01  -1.0621942e-01   2.9535244e-01   3.6261770e-01  -1.2305575e-01  -2.8472007e-01  -4.3990425e-02   4.1935736e-01  -4.6692902e-01  -7.0833449e-02  -1.8748979e-02  -3.9696725e-02   7.0774362e-02   6.1646029e-01  -2.3284670e-01   3.1917990e-01   1.5335972e-02  -2.7039320e-01   1.1386885e-01   5.1276788e-02  -6.6075071e-01  -3.7317331e-01   1.1283954e-01  -7.7279999e-03   7.0686217e-02  -1.8649428e-01  -1.5570035e-01   1.3187754e-01  -3.2970695e-01  -5.7629625e-02   3.9190889e-01  -4.1250228e-01   4.1168593e-01  -2.5008663e-01  -2.2935025e-02  -2.7524943e-01   3.2053808e-01   2.0225590e-02   6.3627328e-02  -4.4818081e-02  -5.0906293e-02   2.8778626e-01  -2.1801469e-01   7.4720013e-01   5.7029969e-01   6.8821021e-01  -3.1976902e-01   1.7078899e-01   1.5192693e-01   5.6215801e-01   1.4666430e-01  -5.0588992e-02   9.5805116e-02  -5.0647653e-01   7.1525677e-02   2.9461048e-02  -1.0386857e-01  -2.8749042e-01   2.9650653e-01  -2.4827395e-01   3.9220240e-01   1.4620672e-01   2.1408437e-01   5.5620647e-02  -2.9256876e-02  -2.9419046e-02  -2.4090258e-01   4.8306699e-02  -4.5339068e-01  -5.6267602e-01  -8.1503345e-02   2.0060488e-01  -4.1444776e-01   3.5570256e-02  -2.1432796e-01  -5.1277727e-02
  -4.9634077e-02   1.4370191e-02  -1.6339240e-01   2.3567126e-01   4.7756791e-02   1.9605972e-01  -4.7470917e-02   0.0000000e+00   1.6528905e-01   7.9616028e-02   2.4127687e-01  -1.2302470e-01  -1.6352396e-01  -1.5733064e-01   1.5459805e-01   1.9081272e-02  -1.3210756e-01   1.6407591e-01   2.5291789e-01  -4.3403139e-02   2.2914304e-02   3.8386428e-01  -8.1044211e-03   3.0599312e-02   4.4759382e-02   1.5365687e-01  -1.0404225e-04   1.2369104e-01  -5.7994764e-02   6.2261948e-02  -6.3978890e-04   2.8295246e-01  -6.0075152e-02  -7.4127882e-02  -1.6704488e-02  -4.0235674e-02   2.9306163e-02  -8.0994440e-02   1.1696975e-01  -1.0255406e-01   9.5938862e-02  -1.0000750e-01  -2.0738884e-02   3.5257661e-01   2.1713307e-01  -1.3662417e-01   1.6480547e-01  -3.5526523e-02   7.2948978e-02  -7.0923385e-02   2.2155632e-01   5.2267928e-01   5.8381458e-02  -2.2116431e-01  -7.0326691e-03   1.5829800e-01   4.0338197e-01   3.3266109e-01   1.7683705e-01   1.8318552e-01  -1.4207474e-01   1.0518631e-01  -1.0187714e-01   3.4658153e-01   1.3184464e-01   1.4271353e-01   8.1964582e-02  -1.6019098e-02   3.9379450e-01  -1.3684809e-01  -7.3074249e-02   1.0295603e-01   1.5812004e-01  -4.2952153e-02  -1.0082323e-02   1.7066003e-01  -1.3068942e-01   2.3122465e-01   4.5635483e-02   1.5102822e-01   2.6871502e-01  -7.9588203e-02  -2.0570950e-01   6.3645314e-01  -2.1031461e-01   2.2709358e-01  -1.5132660e-01   2.5101229e-02   1.0432218e-01   1.4353726e-01  -1.7141027e-02  -1.9284765e-01  -8.5987884e-02   4.5911562e-03  -2.0925549e-01  -8.3743006e-02  -1.0669498e-01   4.0466247e-01   2.7661581e-02  -2.0962069e-02  -1.3429596e-01   2.2962848e-01   2.8166646e-01   8.1313973e-02   3.0706025e-01   3.9014223e-01  -2.3663147e-01   5.6693787e-01   1.4316872e-01  -1.1631265e-01  -3.1048181e-01   2.0393061e-01   1.3958814e-01   1.8902639e-02  -2.1939082e-02   1.0297521e-01   2.5137442e-01   1.6198289e-01   8.9569639e-03   2.0498606e-01   6.0082754e-02  -4.5955447e-02  -8.5423233e-02   9.4495087e-02   7.1671142e-02  -2.7395866e-03   9.1455461e-02   3.1739071e-02   3.2302022e-01  -2.4044522e-01   2.3870635e-02   1.6259696e-01  -1.2751712e-01   2.2178774e-02   8.9013252e-02   3.4097162e-01   5.7372332e-02   3.0311893e-01   1.9894523e-01   4.2709534e-02   6.5463036e-02  -1.8244620e-01   4.2698056e-01  -4.4305555e-02   4.6640121e-02   1.3428253e-01  -2.0097853e-01  -1.0170540e-01  -2.4173956e-02   1.0887319e-01  -1.3094639e-01   4.7952978e-01   3.5688152e-02   5.0441552e-02  -2.1001474e-01   1.1133608e-02  -2.2933523e-02   1.4212011e-01  -1.4605628e-01   1.2901012e-01  -2.3658675e-01   2.8944666e-01   3.8900768e-02   2.5495789e-01   3.5304233e-01   7.7835797e-02   1.1026890e-01   3.5803466e-01  -3.8824179e-02  -1.3952265e-01  -4.8109659e-02  -1.8844009e-02   4.3410616e-01   2.4372466e-01   5.2750550e-02  -2.2626564e-01   3.9821836e-01
  -3.4764898e-02   4.0489393e-01  -4.8959885e-04   1.5249036e-01   2.4773844e-01   7.9485280e-02  -4.4840292e-02   1.6528905e-01   0.0000000e+00   5.9637376e-02   1.1051941e-01   1.8482302e-01  -1.4556205e-01  -3.2371282e-01  -8.6687810e-02   5.5782521e-02   4.9495427e-02   2.7096330e-02   8.1491969e-02   1.0828013e-01  -1.6817605e-01   5.2520158e-02  -3.0407691e-01  -5.2244305e-02  -9.8949024e-03   1.8473831e-01   1.1177176e-01   1.6247337e-02   2.9257834e-01   4.4411819e-02  -9.6167332e-02   1.8772513e-01  -5.0480814e-02  -1.3044362e-01   3.4640799e-01  -4.3233339e-02   2.2864640e-01  -2.2727604e-01   7.1378280e-02  -1.9982832e-02  -3.9166984e-04  -1.6029811e-01   4.6932628e-01   9.9692336e-02   2.1422492e-01  -1.6958866e-01  -1.8077588e-01  -1.3353547e-01  -1.7250517e-01   2.6936481e-02   9.7233212e-03   3.5257381e-01   2.5879438e-01  -1.3413553e-01  -2.1983346e-01  -8.9451812e-02   2.2728406e-01   1.6725218e-01   1.7512617e-01   1.6982120e-01  -1.9696318e-01   6.3944076e-02   4.6660629e-01   3.9226681e-01   5.3119969e-01   2.7623511e-01  -2.5599432e-01   3.7544708e-01   1.8979503e-01  -1.8500419e-01  -5.0127793e-02   6.1620904e-02   2.1435004e-01  -4.1568481e-02   9.5667964e-03   2.7694411e-01   4.9545901e-04   2.5956085e-01   3.6285567e-01   2.6096937e-01   1.2995160e-01  -8.3028470e-02  -2.4180849e-01   1.2631389e-01  -2.1980704e-01   2.8121286e-01   8.3976129e-02  -1.3133014e-01   5.3055071e-01   1.0417999e-01   2.4136555e-01  -1.8140863e-01  -1.1555607e-01   4.0947766e-01  -2.0859937e-01  -5.5886095e-02   1.0104655e-01   7.3011716e-02   3.1590371e-01  -6.8395684e-02  -2.6775668e-01   4.0408565e-01   8.4540917e-02   4.0353410e-01   1.4644550e-01   2.6932919e-01  -2.4708738e-01   3.5570338e-01   7.7928678e-02  -2.2043189e-01  -2.2060015e-01   1.2964571e-01   2.4368200e-01  -1.4020933e-01  -1.4426348e-01   1.9913895e-01   9.9555039e-02  -1.8030618e-02  -1.2803310e-01   7.8588402e-02   3.7044112e-02   1.1423467e-01   1.9371029e-01   4.9488415e-01  -8.7741517e-02  -1.9570685e-01   3.4191144e-01  -1.6287768e-01   1.4307431e-02  -3.3018115e-01  -6.1513762e-03   1.7811642e-01   7.8819162e-02   1.0293089e-01   2.2456866e-01   1.8290615e-01   8.3751457e-02   3.3607256e-02   3.2439449e-01  -1.1658621e-01   1.8915692e-02  -2.0945359e-01   1.8010183e-01  -1.5543222e-01  -1.0854609e-02  -9.0408994e-02  -1.3086876e-01  -1.4993534e-01  -1.9718127e-01   1.1033459e-01  -1.1916080e-01   4.4612959e-02   7.6243386e-02   4.6339771e-01  -1.7836563e-01  -3.8139580e-02  -8.9625057e-02   1.3443348e-01  -2.5559013e-01   2.3137266e-01   3.2453315e-01   3.1061376e-01  -8.7580829e-02   4.1700337e-02   1.6055461e-01   3.1087653e-01   1.7351188e-01   1.5967642e-01  -1.2744732e-01  -1.2354112e-01   1.4294502e-01  -1.6337695e-01   2.5596549e-01  -4.6140996e-02   8.0819228e-02  -7.5565197e-02   2.0579272e-01
   4.5007800e-02  -4.1175058e-02   2.7651685e-02  -7.8345707e-02  -1.8540951e-01  -1.1023310e-01   4.2434192e-01   7.9616028e-02   5.9637376e-02   0.0000000e+00   3.0586293e-01  -2.5967773e-01   5.7238645e-02  -2.9743102e-01   3.2212698e-01   1.4549887e-01   1.9836641e-02   3.3609930e-01  -5.7644225e-02   8.8686391e-02  -1.0786728e-02  -6.4246246e-02   1.1068495e-01  -1.1303313e-01  -2.7747899e-01  -8.6999045e-02  -2.5374234e-01  -2.4326785e-01  -4.2022653e-01  -2.4551790e-01  -1.5546757e-02  -2.0605242e-01  -9.9416015e-02   6.0140556e-01  -1.0580076e-01   2.3609782e-01   5.4966765e-02  -3.1561618e-02   3.6870072e-02   1.5776057e-01   2.2062914e-01  -3.2088973e-02  -2.2242093e-01   3.2151492e-02   5.0601572e-01   6.5788699e-02   1.8166837e-01   1.2763866e-01   3.1897969e-02  -1.3458824e-01   5.6662388e-01  -4.9069157e-03   2.6065105e-01  -2.0215282e-01  -3.5496443e-01   2.0558836e-01  -2.4719215e-02  -1.8786278e-01  -1.2311019e-01  -2.4331366e-02  -4.5608285e-02   2.3938470e-01  -2.3671214e-01   7.9209350e-02  -6.3701897e-02   1.2425425e-01  -1.2119121e-01  -9.4056529e-02  -1.2086451e-01   1.2198008e-01   4.4218624e-01   1.1315250e-01   1.7602869e-01  -1.4775276e-01  -2.6493330e-01  -1.2903873e-01   6.3065105e-02  -7.2033466e-02  -2.7529512e-01  -2.3901619e-01  -6.3161715e-02   3.1361736e-02  -9.4847827e-02  -6.2800271e-02  -1.6231470e-01  -1.1074164e-01  -4.2077293e-02  -2.9206583e-01  -2.6823457e-01  -8.1281006e-02  -1.9357502e-01  -1.2789736e-02  -9.7839136e-02  -1.9867646e-01   3.5173790e-02   1.6810560e-02  -1.1189826e-01  -6.3416973e-03  -7.9787896e-02   1.2962231e-01  -1.3005336e-01  -1.4531293e-01  -2.7113260e-01  -2.0419785e-02   3.4805486e-02  -7.4792489e-02  -4.0129138e-02  -7.6382463e-02   3.2612265e-01  -1.6909020e-01  -1.0032891e-03  -1.9336036e-01  -2.0543032e-01   6.7048804e-02   1.0022251e-01  -4.0226558e-03   1.4940196e-01   8.0697747e-02  -3.9870882e-01  -9.0281902e-02  -1.4498470e-02  -3.6084736e-01  -2.7958413e-01   1.6790173e-01  -8.5819050e-02  -1.6495008e-01  -8.0881792e-02  -2.0359314e-01  -2.5403223e-02  -9.4460487e-02   5.2742963e-02   4.0060402e-01  -4.6056194e-01   9.6081351e-02  -2.7511350e-01  -7.8803110e-02  -1.1624745e-01  -2.5947361e-02  -1.0420499e-01  -1.4128374e-02  -1.6355083e-01   6.6798178e-02   4.3818433e-02  -2.4633505e-01   3.2298995e-01   1.5385121e-01   5.0962126e-01  -1.0793946e-01   4.0579284e-01   8.0386688e-03   1.7145530e-01  -4.3591022e-02  -3.7705762e-02   6.9144037e-02  -1.4209332e-01  -1.9492966e-01  -3.0748792e-02   4.4439377e-02   1.0153383e-01  -5.3582652e-02  -1.8349877e-01   2.6782055e-02   3.7624122e-01  -2.5311614e-02  -2.2868827e-02   3.8288091e-02   1.0905210e-01  -1.4161855e-01   1.2291574e-02  -1.3440862e-01  -3.0139344e-01  -1.0892062e-01   1.7080398e-01  -3.4493172e-01  -2.0773807e-02   1.2090509e-01   1.4137123e-01
   3.8373271e-04  -2.6635963e-01  -1.4683430e-01  -7.6322392e-02  -3.4314589e-01  -1.6518948e-01   3.7184487e-01   2.4127687e-01   1.1051941e-01   3.0586293e-01   0.0000000e+00  -2.6491956e-01   2.9517303e-02  -2.4022724e-01   5.1764882e-01   1.9162242e-01  -2.0157787e-01   5.2088274e-01   1.3745827e-01  -3.1514337e-01   3.5479175e-01  -6.8638168e-02   2.1469896e-01  -1.9313562e-01  -1.3889005e-01   1.4935083e-01  -3.3075005e-01   3.7728618e-02  -1.3824580e-01  -2.6963259e-01   4.5041668e-01  -1.6070213e-01  -9.4631564e-03   3.6445230e-01  -2.2196736e-01  -5.4395919e-02  -2.2267293e-02  -6.5358845e-02   2.4453950e-01  -2.0057206e-01   3.2519187e-01  -6.1615643e-03  -3.4170204e-01   4.0600368e-01   3.4135540e-01  -1.8723689e-02   4.7100953e-01   3.9016823e-01   1.6943276e-01  -2.6459766e-01   4.8041156e-01   2.5295130e-01  -1.0327669e-01  -2.2359579e-01  -4.0017655e-02   6.7574367e-01  -6.1036773e-02  -1.6233751e-01   6.0676191e-02  -5.3798933e-02   4.7252129e-02   1.3287652e-01  -2.7556475e-01   4.8783333e-01  -9.5740115e-02  -3.4770464e-02  -6.9398216e-02  -8.2175753e-02   1.0824796e-01   1.7440280e-01   2.5213850e-01   4.4854555e-02   4.2672674e-01  -1.5377145e-01  -1.1026300e-01   9.9443125e-02   5.3042329e-02   1.2623462e-01  -2.9641877e-01  -1.1674685e-01   2.9314921e-01   2.4605428e-01   2.8667190e-01   9.5164673e-02  -1.9395209e-01   1.6761205e-01   2.0238350e-01  -2.0717680e-01  -1.4677890e-01  -2.0098514e-01  -3.8766807e-01  -4.1098770e-02  -2.9231734e-01  -2.3946933e-01   6.9199743e-02  -3.3258318e-01  -8.6189566e-02   1.9137118e-01   5.0069610e-03   6.2300494e-02   2.4835711e-01   7.9558057e-02  -7.2858569e-02   2.1429418e-01   1.5039634e-01   1.3716395e-01  -1.0801266e-01   7.3583805e-02   2.6712015e-01  -1.7868666e-01   1.6851818e-02  -1.9763534e-01   2.6077506e-02  -1.0391985e-01   3.4644723e-01  -1.8825167e-01   4.6705284e-01   3.2691868e-01  -1.3642614e-01   3.0413973e-02  -8.8366021e-03  -4.3344584e-01  -2.3376884e-01   5.2170350e-01  -6.4217864e-02  -1.7403751e-01   7.5010458e-02  -2.4205281e-01  -1.1501962e-01   6.7607101e-02   3.6186188e-01   5.0702381e-01  -3.7001045e-01   4.8410809e-01  -1.8110241e-01   9.4915276e-02  -1.5367065e-01   2.6333913e-01  -6.2311211e-03  -1.9631725e-02  -1.8446380e-01  -1.2184041e-02   3.3874070e-01  -4.7857426e-02   5.2905791e-01   5.1766902e-01   3.2004478e-01   9.8019039e-02   1.5027800e-01   1.9312539e-01   3.2314123e-01   1.2365069e-01  -2.7429882e-02   5.5797863e-01  -4.7661654e-02  -9.3700633e-02  -1.2031095e-01   8.6895144e-02   5.5940879e-04   3.4098583e-01  -2.3346839e-01   4.1172877e-01   5.1768751e-01   6.3714026e-02   7.3089851e-02  -8.1259240e-02   2.8482504e-01  -1.6750478e-01  -1.3616907e-01  -3.1390676e-01  -3.8743428e-01  -1.5136499e-01   3.2480445e-01  -1.7168907e-02   1.1834656e-02  -1.4046757e-01   9.6305659e-02
  -1.4418753e-01   5.5579058e-01   6.5196341e-01   4.0637293e-02   5.4225131e-01   3.1099182e-01  -4.8012085e-01  -1.2302470e-01   1.8482302e-01  -2.5967773e-01  -2.6491956e-01   0.0000000e+00  -8.3557370e-02  -8.1081704e-02  -3.7887433e-01   3.1971552e-01   5.5295299e-01  -2.6921991e-01   2.5329378e-01   5.2834742e-01  -5.0875504e-01  -4.8159303e-02  -5.3906901e-01  -6.9765216e-02   5.5408971e-02  -9.5116383e-02   5.5719744e-01  -5.6043698e-02   3.1382212e-01   1.6250798e-01  -4.1828709e-01  -1.5805834e-02   4.4922911e-02  -3.2950785e-01   4.8260427e-01   2.2790992e-01  -1.2839676e-01  -1.6870628e-01   2.0872738e-01   2.9423686e-01  -5.5017096e-02   1.3477214e-01   5.3154119e-01  -1.9473363e-01  -1.5861977e-01  -3.4519819e-02  -2.2717742e-01  -5.4521083e-01  -4.0784982e-01   5.7137420e-01  -2.6979943e-01  -1.2526471e-01   1.8431299e-02   1.6320200e-01  -1.1635288e-01  -2.6325377e-01   1.3785744e-01  -4.2274130e-02  -9.1186410e-02   1.4637008e-01   2.2266016e-01   4.3209210e-02   5.5861739e-01  -1.1132237e-01   3.9288993e-01   4.2144074e-01   2.3700812e-01   1.9642899e-01   3.0114389e-02   3.0126812e-01  -2.5726376e-01  -1.1374573e-01   2.3607159e-01   3.5990144e-01   1.7308343e-01  -4.1945839e-02   1.9130587e-01   1.5102317e-01   6.2640031e-01   2.0259761e-01  -2.7306387e-01   1.0660607e-01  -1.2654769e-01  -9.4493383e-02   3.9527973e-01  -2.0624387e-01  -2.2507430e-01  -1.8316576e-01   3.4904041e-01   2.8461858e-02   5.1981746e-01   3.0933301e-01   6.0023601e-01   4.8396362e-01  -7.8814521e-02   4.2322477e-01   3.6769210e-01  -1.5119673e-01   4.0410930e-01  -1.3588330e-01  -2.8658965e-01   3.9511890e-01  -8.9599506e-02  -1.0815132e-01  -2.1332939e-01   2.0392398e-02   3.4964570e-02  -9.4344845e-03  -2.2801764e-01   1.4990887e-01   2.5711476e-01   3.9597731e-02   6.9770004e-02  -1.0149427e-01  -4.4730732e-01   4.8289429e-02  -1.3307265e-01  -8.2273167e-02   1.6841863e-01   8.3605359e-02  -8.5195824e-02   6.6648053e-01   5.8494627e-01  -2.2212647e-02  -8.5366509e-02  -6.2061522e-02   3.9772711e-01   1.5706974e-01  -1.3296869e-01   2.6027764e-01  -3.0992020e-02  -2.7883228e-01   4.3832226e-01  -4.1744321e-01   3.3633459e-01  -6.8796343e-02   1.0701352e-01  -2.3674221e-01  -8.3948146e-03  -6.0084099e-02   3.7864051e-02  -7.2461360e-02  -1.3361423e-01   2.6992825e-01  -4.0736546e-01  -5.7474533e-01  -1.0953078e-01  -9.0973959e-02  -1.8084910e-01  -1.5517713e-01  -1.8807777e-01  -3.3533275e-01  -5.4693852e-02   9.3173255e-02   5.2419717e-01  -1.7129322e-01  -6.4102400e-02   1.0676001e-02   3.1378238e-02  -3.0942180e-01   3.2393470e-01  -1.3801850e-01  -2.9306316e-01  -1.1718412e-01  -1.1969546e-01   2.6545950e-01   2.8716832e-01   2.9181231e-01  -1.2130341e-01   2.7631812e-01   5.6671353e-01  -6.9631323e-02  -7.6306251e-02   3.2401237e-01  -5.1901484e-03   1.4037358e-01   8.8031064e-02
   1.0671050e-01  -1.5668971e-01   5.2448425e-02  -1.7841520e-01   9.6777818e-02  -1.2964481e-01  -1.2879495e-01  -1.6352396e-01  -1.4556205e-01   5.7238645e-02   2.9517303e-02  -8.3557370e-02   0.0000000e+00   2.2803875e-03  -1.7716355e-01  -7.1372396e-03   6.7276001e-02   4.5610744e-02   1.3560614e-02   2.2768132e-01  -1.7184896e-01  -5.6170929e-02  -8.0756463e-02   8.9553027e-03  -1.7987223e-01  -3.3846857e-02   1.1150407e-01  -1.8055543e-01  -8.7332377e-02  -1.3966228e-01  -2.8052599e-01  -2.8086130e-01   2.1163015e-02  -4.0015054e-02  -1.6250601e-01   3.5281764e-01  -7.6756647e-02   1.5639553e-01   1.3806547e-02   1.3068715e-02   3.2664204e-01   4.6147529e-02  -7.3047082e-02  -4.2221331e-01  -9.0085618e-02   1.2855875e-01   1.5704614e-01  -1.6902334e-01  -9.3364751e-02   3.6676816e-02   3.5333739e-02  -1.3938063e-01  -1.4179828e-01   1.7715653e-02  -9.9094272e-02  -1.7494671e-01  -1.3975288e-01  -1.7799217e-01  -9.9120768e-02  -3.3405649e-02   1.0394809e-01  -1.6940082e-01   1.2746863e-01  -2.1281017e-01  -1.3245179e-01   2.8571401e-02  -2.1102425e-02  -1.7575331e-02  -1.0892380e-01  -8.4863259e-02  -1.4889284e-01  -5.2862543e-02   5.3676422e-02   7.8946126e-03  -1.7930621e-02  -1.0716100e-01   5.4651861e-02  -2.9214496e-01   2.5510780e-02   7.7418899e-02  -1.4714308e-01   3.3130781e-01  -1.3118447e-01  -2.4978170e-01  -1.3102064e-01  -2.7425182e-01  -3.2082928e-01  -1.3710601e-01   1.0586230e-04   5.8659807e-02   1.1768591e-01   6.7312593e-02   3.4785507e-02  -9.4434367e-02   2.3498375e-01   2.9817901e-01   1.4906328e-01  -8.5640551e-02   1.3134374e-01  -3.1403539e-02  -2.4574779e-01  -3.2275590e-02  -2.0442033e-01  -2.1191796e-01  -1.0348295e-01  -2.6233514e-01   4.3584476e-02  -2.4390860e-01  -9.8023824e-02  -2.0234840e-03  -4.8416428e-03  -8.5926716e-02  -6.2949979e-02   1.5902571e-01  -1.2452025e-01  -1.3420639e-03  -2.2573163e-01   2.6309243e-01  -8.6489322e-02  -7.3794116e-02  -8.7981817e-02   1.2230871e-01   8.0026770e-02  -8.3945743e-02   1.8268580e-02  -1.2925266e-01  -1.0782655e-01  -1.5312459e-02  -1.3695323e-01   1.9700358e-02   3.7549892e-01  -1.1654844e-01  -3.1281732e-01  -2.1163757e-01   2.5332858e-02  -2.1194423e-01   1.9930103e-01  -2.8273010e-01  -3.3606700e-01   4.6212857e-02   1.4912471e-02   4.1590723e-01  -2.9718398e-02  -7.2949890e-02  -1.1440103e-01  -1.4997207e-01  -8.2756625e-03   2.4553646e-01   1.1327453e-01  -4.1205640e-01  -1.0558329e-01  -2.1643239e-01   1.2500330e-02  -7.8643481e-02   3.5110668e-02   3.0101790e-03  -5.3604151e-02   1.9333669e-01   1.1655726e-01  -1.1245182e-01   6.3487984e-02  -2.5680823e-01   6.3157293e-02  -1.8754177e-01  -2.0709322e-01  -7.2419265e-02  -5.4368601e-02  -1.1032625e-01   6.8556820e-02  -1.2364735e-02   1.3934926e-01   5.4234313e-02  -1.6688900e-01  -1.0479155e-01   3.3301992e-02   1.0773099e-01  -6.7069229e-02
   1.5238791e-01  -3.9899057e-01  -1.1756258e-02   7.3874992e-02  -1.9167140e-01   3.1175723e-01  -1.1785549e-01  -1.5733064e-01  -3.2371282e-01  -2.9743102e-01  -2.4022724e-01  -8.1081704e-02   2.2803875e-03   0.0000000e+00   8.9887849e-02  -6.0561423e-02  -3.4610670e-02   1.0263331e-01   4.8255777e-02  -1.3433283e-01   3.1541186e-01  -1.1807930e-02   4.3181038e-01   3.5279742e-01  -1.1281062e-02  -2.0413722e-01   1.3126359e-01   5.6795253e-01   1.6820561e-02   4.1637292e-01   2.9293105e-01   1.8806837e-01  -2.9922991e-02  -3.8257099e-01  -2.8043551e-01  -2.0186094e-01  -3.4705546e-01   2.3965527e-01  -6.0740424e-02  -1.7897984e-01  -6.8360357e-02  -9.9191184e-02  -2.8542734e-01   1.2680694e-01  -5.1552425e-01   3.7784325e-01   1.9804679e-01   1.0831062e-01   3.5080824e-01  -1.0298856e-01  -1.2287304e-01  -1.0476053e-01  -5.6553365e-01  -9.1511008e-02   4.0159000e-01  -1.7373792e-02  -1.0777875e-01  -2.3421391e-02   2.1492860e-01   1.0180526e-01   1.9288880e-01  -7.1960119e-02  -1.6070905e-01  -1.2180337e-01  -4.3955545e-01  -4.1925004e-01   2.7588931e-01  -2.7224819e-01   1.9986802e-01   2.6382329e-01  -3.7046610e-01   1.1128055e-01  -2.9293361e-01   2.8117880e-01   8.1085207e-02   3.6182449e-02   2.2675086e-01   2.5253152e-02  -2.7172832e-01   1.6466066e-01   2.3869915e-01  -1.5783981e-01   1.7951326e-01   1.6696696e-02   1.0591383e-01   7.5348641e-03   1.9599026e-01   5.9571402e-01  -1.4225551e-01   3.8237955e-01  -1.8739008e-01   1.9595232e-02  -2.2859229e-01  -5.0241212e-03   1.1924758e-01  -1.0478152e-01  -4.0027504e-02   6.1923013e-03  -3.2001392e-01  -6.1589524e-02   5.5635119e-01  -2.9569231e-01   2.7466448e-01   5.9462828e-02   6.9763030e-02  -1.8664922e-01  -3.8337186e-03  -7.3046554e-02  -4.9727165e-01   2.2887333e-01   1.4722142e-02   2.9946663e-01   1.7399838e-01   2.9483096e-01   4.2856334e-01  -3.4082684e-01   1.6758572e-02  -1.3263297e-01   5.7616872e-01   1.8728571e-01   3.3373100e-01  -8.4715626e-02  -1.8432057e-01  -4.8123325e-01   4.0479171e-01   5.4326196e-01  -3.0120123e-01   1.1586104e-02   4.3409287e-02   1.8746976e-01  -1.7493343e-01  -5.6777507e-01   2.8404148e-01  -2.9708502e-02  -1.2572789e-02  -3.4725593e-02   1.4663889e-02   3.0233075e-01   1.1280597e-01   3.0254542e-01   3.2129620e-01  -1.1733579e-01   4.6502862e-02   4.8059303e-01  -1.8751591e-01   1.7284384e-01  -2.8667955e-01   1.7071295e-01   1.5159771e-02  -2.0229990e-02   4.3197223e-01   2.4551757e-01   1.8622256e-01  -4.2467357e-01   1.2611162e-01   3.5578291e-01   3.5449023e-01   8.5950547e-02   1.2139361e-01   1.4923393e-02  -1.4223804e-01  -8.8912457e-03   2.1212070e-02   1.6331427e-01  -1.8406876e-01  -5.3396865e-01  -8.3171203e-02   3.8648890e-04   3.3378412e-01  -1.4409806e-01  -2.3142095e-01   4.1205455e-01  -1.1957612e-01   3.2055757e-01   2.0213906e-01  -1.5967031e-01  -2.6518176e-01
