   0.0000000e+00  -2.2529036e-01   1.7160221e-01   2.5071960e-01  -2.6057285e-01   2.2689311e-01  -4.0214295e-01  -1.7024448e-01  -3.3208423e-01  -3.8869699e-01  -2.8093514e-01  -3.3860891e-01   9.5153879e-02   5.6145384e-01  -8.2301225e-02   1.9216038e-01   2.2554774e-01  -8.9710574e-03  -1.1101062e-01  -2.7059623e-01  -3.7716943e-02   3.5637225e-01  -3.6664238e-01   3.0201018e-02  -1.7966507e-02   1.3729448e-01  -4.3488197e-01   5.4942577e-01   9.5346439e-02   1.5826212e-02   1.9080576e-01  -1.3284414e-01   1.7583656e-01  -3.9597097e-01  -3.6024308e-01  -4.8808376e-01  -6.1780249e-02  -1.2943645e-01  -6.9114921e-03  -1.1541348e-01   2.9844817e-03   2.0490199e-02  -2.1845799e-01   3.2307811e-01  -2.1970853e-01   1.5609834e-02  -2.1519215e-01   9.5084206e-02   2.4125861e-01   1.2895001e-01  -1.3697877e-01   2.4793020e-02  -2.8994252e-01   3.5829155e-01   5.1877195e-01   3.7955770e-01   1.1717871e-02   1.6938438e-01  -1.6380392e-01   3.0559950e-02   1.6667054e-01  -1.4431987e-02  -1.9734637e-01  -4.9842702e-01  -3.3293585e-01  -1.3713422e-01   9.7912713e-02  -6.0141797e-02  -8.2888392e-03   3.1092177e-01  -1.3821043e-01  -5.7790741e-02  -9.0511130e-02   7.0604479e-01  -4.3855367e-02  -1.4118363e-01   1.1750332e-01   2.8552712e-01  -9.7701386e-02   9.8354400e-02   5.2025061e-01  -1.3134136e-01   3.4053485e-01  -1.1102725e-01   3.0070331e-01  -1.9147495e-01  -4.1902857e-01   5.8278257e-01  -4.1315912e-01   1.6783165e-02  -2.4759190e-01   1.3543380e-01  -1.9138953e-01  -2.4578207e-01  -1.8200466e-01  -6.8835056e-02   2.4423161e-01  -1.2877404e-01  -9.3818099e-02  -3.8441780e-01   4.7537619e-01  -9.9458024e-02   5.1536956e-01   1.8655040e-01  -1.6946149e-01  -8.4637693e-02   9.8902271e-02   1.3798569e-02  -2.1393920e-01   4.9636376e-02   1.4533792e-01   1.5288702e-01   1.9637171e-01   7.4542652e-01   4.6335410e-01  -2.2623966e-01   1.8898107e-01  -1.4394786e-01   7.3598206e-01   2.3967285e-01  -4.0384450e-02  -3.4520476e-01  -1.5265711e-01   5.7670130e-02  -1.8103574e-01   2.7058769e-01   1.9404946e-01   7.7289197e-02   8.1460906e-02   6.4168730e-01  -7.5440231e-02  -1.9955744e-01  -4.8732219e-02   1.9610775e-01  -1.0692659e-01  -2.3841530e-01  -1.1336467e-01   6.6730225e-01  -1.6868994e-01   5.1665754e-02  -1.0217985e-01   1.6413667e-01  -1.4338631e-01   6.7826557e-01  -2.7952879e-01   2.1103075e-01  -1.7387039e-01  -2.7072396e-01  -2.6492886e-01  -2.6355869e-01   3.9549491e-01   1.3869052e-01   2.8956956e-01  -3.8155093e-01   3.2482606e-01  -3.7736109e-02  -1.4488003e-01  -1.3679880e-01   3.3287937e-02   3.0359509e-01   8.1097522e-02  -2.2342270e-01  -1.5374004e-01  -1.1338235e-01   3.5933340e-01  -2.4116038e-01  -2.2673169e-01   1.7283000e-01   2.4174451e-01   7.3355405e-02  -1.5231546e-01  -1.2979315e-01  -1.4870441e-01   4.2762393e-01  -6.5886507e-02  -4.6651420e-02   3.0129841e-01
  -2.2529036e-01   0.0000000e+00  -2.3993601e-01  -3.4031810e-01   3.9211704e-01  -3.9844655e-01   5.5971005e-01  -3.9172126e-01   3.3418566e-01   3.5413661e-01   1.6057155e-01   4.8064863e-01  -9.2670935e-02   1.8440456e-01   1.4790362e-01  -4.5796254e-01  -5.6915268e-02  -2.2450698e-01  -2.4442555e-01   2.1561534e-01   3.9072547e-01  -4.3141849e-01   1.5323351e-01  -2.7863044e-01  -9.7744760e-02  -4.1829368e-01   6.2971987e-02  -1.9899633e-01   9.9424608e-02   2.1532173e-01  -1.4735909e-01  -4.7257571e-01  -2.9668982e-01   5.0474979e-01   2.6643939e-01   4.6215420e-01   4.6436149e-01  -1.9233868e-01  -3.4810782e-01   2.3995288e-02   4.4204906e-02  -4.3780611e-01   3.7492063e-01  -1.2160480e-01   3.6847963e-01  -2.8859481e-01  -2.1200101e-01   4.5685921e-01   2.2120080e-01   2.8462607e-02  -2.1686553e-01  -4.2012709e-01   7.8839517e-01  -2.5936166e-01  -1.7286367e-01  -2.2137542e-01  -2.5986541e-01  -3.6261714e-01  -1.5271304e-01  -1.3017973e-01  -2.8357147e-01   7.3962123e-02   1.1310172e-01   4.0942021e-01   4.5781038e-01  -7.3949579e-02  -3.7432248e-01   3.0462483e-01  -4.6734983e-01  -4.5559864e-01   6.2928566e-01  -1.1077410e-01   3.4837996e-02  -1.5598337e-01  -9.3397484e-02  -2.8286977e-01  -2.5346013e-01  -3.6630809e-01   6.1728045e-01  -4.0504928e-01  -2.3978939e-01  -2.1933480e-01   1.7476710e-01  -4.7793216e-01   1.1112401e-02  -2.7593986e-01   5.4293149e-01  -2.1398242e-01   4.1453915e-01  -2.8901563e-01   6.1812406e-01  -2.9837220e-01   2.1296297e-01   9.8214051e-02  -4.5354627e-01   2.5561924e-01  -3.3715178e-01  -4.1288120e-01   5.5921810e-02   2.7338658e-01  -1.0080875e-02  -1.3118821e-01  -6.0408491e-02  -2.1398703e-01  -1.1710363e-01  -4.4492011e-01  -1.0277629e-01  -5.7037760e-01   4.2891481e-01   4.0859697e-01   4.7623438e-02   1.1113763e-01  -8.4336626e-02  -3.0758567e-01  -3.2288126e-01   5.4322160e-01  -4.5924064e-01   8.2591129e-02  -2.9143664e-01  -4.3216748e-01  -4.2276180e-01   4.5268287e-01   1.1593883e-01   5.3076112e-01  -2.4352103e-01  -1.8626247e-01  -7.6624743e-02  -1.2041837e-01  -5.2651449e-01  -1.1913493e-01  -3.1754861e-02   6.3681892e-01   3.8563420e-01   9.9893433e-02   5.4458102e-02  -3.1195874e-01  -3.5837491e-01  -2.0146245e-01  -3.0263103e-01  -2.7941917e-01  -1.9098293e-01  -3.6908396e-02  -3.1206425e-01  -2.1165884e-01  -1.5402835e-02   2.2383246e-01  -1.1379489e-02   2.4997165e-01   2.5135518e-01   4.9570999e-01  -5.2608296e-01  -2.8369702e-01  -4.0641681e-01   4.9442050e-01   3.9021953e-02  -2.3147426e-01  -3.9542321e-01  -1.5009561e-01  -3.0067883e-01  -1.8067327e-01   1.8238361e-01  -1.4948146e-01   2.4275107e-01  -1.1166160e-02  -5.4165130e-01   2.7951831e-01   4.4249784e-01  -4.5673917e-01  -3.6472571e-01   2.7277321e-01   2.1632073e-01  -2.1682560e-01   1.9334347e-02  -1.8629769e-01  -7.7503444e-02  -2.2217161e-01  -5.3115772e-01
   1.7160221e-01  -2.3993601e-01   0.0000000e+00  -2.1139861e-01   8.9319955e-02   2.0562229e-02  -3.8921803e-01   9.0373505e-02  -3.7167179e-01  -1.7572786e-01  -4.4371912e-01   4.5774081e-01   2.9160609e-01  -2.4372354e-01  -3.6671341e-02   3.2771072e-01   8.4268672e-01  -5.1222316e-01   5.7338368e-03   4.7356033e-01  -4.9814708e-01  -3.9842521e-01  -4.1054568e-01  -1.9298972e-01   1.5879491e-01   1.1314873e-01   1.5294198e-01  -1.8187296e-01   1.0803425e-01  -7.1434564e-01   2.7476204e-03  -3.5423045e-01   3.4576741e-01   1.2342806e-01  -2.0877175e-01  -1.8153432e-01  -2.1827523e-01  -9.1334469e-02   2.9118043e-01   6.4716098e-01   7.0692247e-02   5.9441733e-01  -3.8759634e-01   1.1182379e-02  -3.7030244e-01   3.9326382e-01  -2.9204345e-01  -6.4950534e-01   3.5748455e-03   6.6943402e-01  -4.4262888e-01   9.4305599e-02  -2.8109566e-01   7.1779418e-01   9.7336720e-02  -5.2846194e-02  -6.8457939e-02  -3.8869185e-01  -2.6797974e-01  -2.7301260e-01   7.3935224e-01  -3.1879912e-02   3.6768407e-01  -3.0461089e-01  -5.1350448e-01  -5.2522127e-01   2.3099331e-01  -1.1998294e-01  -2.1422451e-01   6.2430637e-01  -1.2879213e-01  -5.1144110e-01   1.3939244e-01   2.3660467e-01   3.6941076e-01  -4.9812041e-02   3.7669855e-01  -1.7029280e-02  -1.0448032e-01   7.7545727e-02  -2.6348543e-01   2.9712811e-01   2.6943221e-01   1.1644353e-01   6.0068797e-01  -1.9541686e-01  -1.5478138e-01  -4.7901330e-02   1.6687493e-01  -1.2030634e-01   7.1533131e-02   7.3249872e-01   5.7362308e-01  -4.0363258e-01   1.8543087e-02   3.8591558e-01   1.7863730e-01  -1.1360035e-01  -3.2845303e-02  -4.8215947e-01   3.2306148e-01  -1.9880562e-01  -3.7249929e-01  -3.8697272e-01  -6.2383722e-01  -1.3922378e-01   6.1358598e-01  -1.4685881e-01   6.5940823e-02  -2.3344206e-01   4.0137061e-01  -6.2215050e-01  -1.6459908e-01   3.0115416e-01   2.4906462e-01  -1.6663546e-02   1.4297429e-02   2.0781970e-01   5.3322802e-03  -1.5682812e-01   1.1441103e-01   1.6393057e-02   5.4200385e-01  -4.2211325e-01   4.2058486e-02   4.6849802e-01  -5.9771804e-02   3.6227180e-01  -2.2435042e-01   5.7079960e-01   1.5950218e-01  -4.2855189e-01   3.0556814e-01  -2.6506614e-02  -1.7636171e-01  -6.8718948e-03   4.0483557e-01  -1.8891408e-01  -2.7439026e-01  -4.8402833e-02  -8.3858169e-02   3.3687013e-01  -3.7397309e-01   4.5918342e-01  -8.6422518e-02  -3.3962997e-01   5.2600040e-01  -3.1238007e-01  -2.7513844e-01  -4.1948878e-01   4.5058642e-01  -5.0778296e-03   4.3671499e-01  -2.5164988e-01   8.1435768e-01   1.3524741e-02   2.0395507e-01  -7.4444477e-02   6.8389678e-01  -3.7065103e-01  -1.0110753e-01  -2.9416032e-01  -3.1628868e-01  -6.1121245e-01  -2.4413977e-02   2.2150374e-01  -2.1134753e-01  -1.1562196e-01   5.1912589e-01   3.5353676e-01   3.3906039e-01   2.9546034e-02  -5.4195675e-01   2.5973527e-01   8.4988935e-02   2.1093670e-01  -2.2368922e-02
   2.5071960e-01  -3.4031810e-01  -2.1139861e-01   0.0000000e+00  -3.4290838e-01   3.3991832e-01  -1.7631801e-01   6.7257597e-02   9.8709458e-02  -1.9086985e-01   2.8687309e-02  -5.2959812e-01   1.8621378e-01   2.8963596e-01  -2.7512649e-02   1.7585759e-01  -3.0838022e-01   4.8075971e-01   4.9992588e-02  -4.3932371e-01  -3.5491434e-02   6.8149263e-01  -3.9044110e-02   3.0199743e-01   1.7085302e-01   2.9281155e-01  -3.6706970e-01   2.9700096e-01  -1.8722839e-01   2.5534794e-01   1.6848364e-01   5.1685824e-01   7.0246457e-02  -4.8551570e-01  -1.9238200e-02  -4.2150238e-01  -9.5658249e-02  -3.2773780e-01   8.8762577e-02  -1.9487133e-01   2.1840828e-01  -8.8784745e-02   1.0435880e-01  -3.2457595e-02   1.4257622e-01  -6.9245753e-02   3.0459232e-02   1.2201651e-01   1.0350606e-01  -2.4967214e-01   3.7472360e-01   1.6555870e-01  -4.6432352e-01  -1.7407244e-01   1.2497783e-01   1.1762789e-01   2.1124854e-01   6.1128167e-01   4.3132148e-01   5.4697393e-01  -1.5327893e-01   8.2866717e-02  -1.3787688e-01  -1.7952937e-01   1.3394214e-01   2.5042036e-01   8.4014775e-02   1.5299734e-01   2.7306782e-01  -3.8156475e-02  -3.0984813e-01   5.6292568e-01   9.9223288e-02   1.9539522e-01  -1.3941783e-01   1.7632922e-01   9.0291974e-02   7.4201563e-02  -2.7696755e-01   3.0851105e-01   2.4600644e-01  -7.5620913e-02  -1.2378689e-01   2.7546146e-01  -1.7257582e-01   2.9153937e-01  -2.2339418e-01   2.6362054e-01  -2.7845224e-01   2.8268284e-01  -4.2355320e-01  -7.4617686e-02  -4.5518424e-01   2.9322801e-01  -1.0307344e-02  -4.3265274e-01   4.3986045e-01   1.7619255e-01   1.1773918e-01   6.1917602e-02  -1.1425763e-01   4.8658535e-02   2.1879371e-01   5.7812282e-01   4.6885848e-01   5.9488122e-01  -4.8618594e-02   4.0920607e-01  -3.2977862e-01  -1.9358579e-01  -2.4667975e-01   3.0986103e-01   6.3240135e-01   1.8759125e-01   8.0153251e-02  -3.9581896e-01   1.1953929e-01  -1.7174840e-01   2.1114664e-01   7.2638956e-01   7.7670193e-03  -4.5924535e-01  -2.1711436e-01   1.7493410e-02   4.7099152e-03  -1.1969678e-02   1.3528382e-01  -1.3112101e-01   6.5170262e-01  -4.1756214e-02   9.7410762e-02  -2.9160388e-01  -2.1261926e-01  -9.5767514e-02   4.3299015e-01   1.9126754e-01   1.7238609e-02   2.8864525e-01   3.0820489e-01   9.9691447e-03   1.5472456e-01  -7.1941125e-02   4.1408027e-01   4.4511674e-02  -2.2980761e-02   6.8236553e-02  -3.4172123e-01  -1.1165285e-01  -1.4386587e-01  -1.8998404e-01   1.2433308e-01   1.5189782e-01   1.5863854e-02  -3.9411802e-01  -2.5429688e-01  -4.0679191e-02   5.6417623e-02   3.4513203e-01  -1.9485702e-01   2.6018913e-01   3.8268756e-01   1.2087355e-01  -1.6251503e-01   3.3575689e-01   6.2640946e-01  -4.9302207e-01  -4.1441006e-01   3.6959899e-01   2.9482218e-02  -2.5953169e-01  -3.0902979e-01  -2.3913761e-01   4.3586245e-01  -1.8640160e-02   1.4912757e-01  -2.1713237e-01   7.2604218e-01
  -2.6057285e-01   3.9211704e-01   8.9319955e-02  -3.4290838e-01   0.0000000e+00  -3.4760117e-01  -4.3472118e-02  -1.2669488e-01   2.1973808e-01   1.3284743e-01   1.6960018e-01   4.0549077e-01   1.1999322e-01  -2.6348091e-01  -5.2105865e-02  -1.7163548e-01   3.0589848e-01  -2.6661449e-01  -1.1827633e-01   7.4171827e-01   1.1356911e-01  -5.2182304e-01  -7.4374768e-02  -2.9224288e-01   6.5346201e-02  -1.9086905e-01   4.5616672e-01  -3.2072670e-01   2.6633159e-01  -2.9722796e-01  -1.0164030e-01  -3.7331727e-01   4.6475973e-02   3.7402479e-01   1.6122783e-01   6.3460449e-01   2.4631151e-01   1.1204336e-01   5.4164324e-02   2.5999173e-01   2.1219685e-01  -2.0793934e-02   8.6087329e-02  -2.6384959e-01   2.4635530e-01  -7.5830863e-02   5.1409236e-03  -3.4449769e-01   3.2192571e-01   3.1696589e-01  -2.7664030e-01  -2.4284954e-01   5.5719267e-01   1.2113228e-02  -2.9782123e-01  -3.1922721e-01  -2.4674848e-01  -3.9201756e-01  -9.7221379e-02  -2.8839564e-01   1.1813928e-01   3.0673051e-01   4.5667734e-01   1.5302582e-01   2.8875565e-01  -2.4452989e-01  -1.3126153e-01   1.9298599e-01  -2.4488272e-01  -3.3902470e-01   1.7434716e-01  -2.5971996e-01   1.1520308e-01  -3.7034265e-01   1.5348971e-01  -2.5276811e-01  -1.1484467e-02  -2.1274840e-01   6.3145266e-01   5.2908712e-02  -4.4686064e-01   4.3029878e-02  -8.5679239e-02  -1.1485841e-01   7.3684224e-02  -3.2224230e-01   2.6741182e-01  -3.5414958e-01   4.5568225e-01  -1.1777673e-01   7.8976999e-01   7.8167914e-02   2.6526651e-01  -9.0734660e-02  -9.6861329e-02   8.4063058e-01  -8.4340787e-02  -4.4852851e-01   3.4282889e-01   1.7050928e-01  -6.8237489e-02  -2.2844384e-01  -4.3958927e-01  -3.5132509e-01  -4.2031465e-01  -3.3659779e-01   1.3951044e-01  -4.5889018e-01   4.3528482e-01   1.4600830e-01  -2.6207126e-01  -3.5140159e-01  -1.4794035e-01  -2.1510664e-01  -2.6843204e-01   6.7624448e-01  -2.6752066e-01   2.0991168e-01  -3.9134246e-01  -5.2049146e-01  -6.5606824e-02   7.7594760e-01   4.7761525e-01   3.8811521e-02   5.8525577e-02   8.2005945e-02  -1.8375065e-01   2.3264254e-01  -4.2681084e-01  -1.8946752e-01   2.2854878e-01   4.8076251e-01   4.7340438e-01   8.7510429e-02  -1.8448058e-01  -1.9021172e-01  -4.9571419e-02  -4.2116882e-01  -2.4844387e-01   7.9466906e-03  -4.2584944e-02   2.3372686e-01  -3.2388751e-01  -2.5762175e-01  -1.3750434e-01  -3.7321967e-01   1.9793427e-02   2.8750261e-01   2.7258792e-01   2.7355715e-01  -4.4570403e-01  -1.9881769e-01  -1.6466591e-01   5.7401204e-01   1.3474966e-01  -1.8763801e-01  -1.5187933e-01  -1.2825706e-01   1.7203120e-01  -5.0314636e-01  -4.3890684e-02  -1.9124032e-01   3.2748876e-01  -2.6038600e-01  -4.6596899e-01   3.9191155e-01   3.6862745e-01  -2.9200378e-01  -1.1214279e-01   3.8735769e-01   2.4500331e-01   1.9429966e-02   2.7123996e-02  -7.9541873e-02   6.7637755e-02   2.0006825e-01  -4.7917804e-01
   2.2689311e-01  -3.9844655e-01   2.0562229e-02   3.3991832e-01  -3.4760117e-01   0.0000000e+00  -4.5446736e-02   7.0503148e-02  -5.6068978e-02   1.1435419e-01   1.9344092e-03  -3.1291501e-01  -2.4416110e-02   4.0802283e-02   4.5312001e-02   1.3797293e-01  -1.0042778e-01   5.7312042e-01   9.8760340e-02  -2.7595910e-01   3.7152388e-02   5.5080922e-01   8.2360235e-02   1.0846190e-01  -4.1422405e-02   1.3596609e-01   2.3702793e-01   4.1301367e-01  -5.8946452e-02   3.2477180e-01  -1.8065007e-01   4.4197203e-01  -1.3814394e-01  -3.4464601e-01   4.1963238e-02  -2.5896316e-01  -4.0243762e-01  -3.2448863e-01  -1.8150817e-01  -2.3823968e-01  -1.5580505e-01  -1.6585007e-01   1.0709357e-01   1.6277320e-01   4.8484830e-02   2.3506225e-01   4.9359507e-01   3.0788210e-02  -1.5230680e-01  -3.0795545e-01   5.8058305e-01   9.6081534e-02  -3.2030508e-01  -1.2959862e-01  -9.7155476e-02   3.5431202e-01   3.2387196e-01   4.8995412e-01   1.5684624e-01   4.1055426e-01  -2.6923312e-01   1.1783350e-01  -3.5231041e-01  -2.4338593e-01  -2.0524071e-01   6.3173843e-01   7.3433896e-01  -4.1788414e-02   5.4843540e-01   3.6250798e-01  -5.7798509e-01   3.9982600e-01  -1.8362029e-01   3.6945912e-01  -3.3997967e-01   1.2760993e-01  -2.6025001e-01   3.3939257e-01  -3.5219477e-01  -6.0229406e-03   5.0774840e-01  -1.1743913e-01  -1.2531092e-01   1.5671134e-01  -4.1964769e-01   1.7277435e-01  -4.6624081e-01   8.8421726e-02  -2.0269155e-01   2.9916011e-02  -4.5903067e-01  -2.3841045e-01  -1.6230362e-01   2.7074897e-01  -4.1387756e-02  -2.8565114e-01   2.1090279e-01   2.1285214e-01   1.2252206e-01  -2.6453262e-02  -4.0345064e-01   7.9450118e-02   3.0713490e-01   3.3626720e-01   4.5024904e-01   2.0230651e-01  -3.2930631e-01   4.7142213e-01  -2.1512912e-01   2.1409558e-01   2.6722123e-02   4.2906052e-01   2.2259291e-01   5.0975472e-02  -1.6587426e-02  -5.9487678e-01   4.5539569e-01  -3.1158947e-01   5.0216369e-01   4.4271283e-01  -1.2700702e-02  -1.4609083e-01  -3.2896119e-01  -3.6518242e-01  -1.6475768e-01   3.5578730e-02  -1.4051936e-01  -3.1985229e-01   3.6211497e-01   1.8784149e-02  -1.2557724e-01  -2.4457608e-01  -6.7237575e-01  -2.8388174e-01   1.2395923e-01   1.0946031e-01  -7.0372885e-02   4.1347701e-01   1.8655313e-01   1.4897777e-01   3.6550171e-03  -7.6861288e-02   3.8108467e-01   3.9007210e-01  -2.5114791e-01  -9.4872534e-02  -3.7488441e-01   2.9473852e-01   3.2093699e-01  -5.2656984e-01   2.6095322e-01   2.1364411e-01  -1.5976735e-02  -2.6480418e-01   9.9092890e-02  -1.2152693e-01  -8.6584038e-02   6.1260184e-03  -3.1205633e-01   3.3234544e-01   1.0418023e-01   1.6574631e-01   1.8321349e-01   4.4232821e-01   5.9613019e-01  -4.8713511e-01  -4.6260755e-02   6.0751272e-01  -1.0744394e-01  -5.4345935e-01  -2.3514259e-01  -3.8778844e-01   3.1633336e-01   6.7783371e-01  -1.5428820e-01  -1.3391334e-01   6.1505821e-01
  -4.0214295e-01   5.5971005e-01  -3.8921803e-01  -1.7631801e-01  -4.3472118e-02  -4.5446736e-02   0.0000000e+00  -3.5517152e-01   3.7265036e-01   7.1028610e-01   3.0018495e-02   2.5848979e-01  -6.5683047e-02   5.6195602e-02   3.2222356e-01  -3.1457994e-01  -4.5241193e-01   1.4494627e-01  -1.3556126e-01  -3.3560413e-02   3.3998431e-01  -1.1057996e-01   7.1703313e-01   1.7581187e-02  -1.5951765e-01  -4.4529197e-01   2.1132851e-01  -2.8132184e-02   8.0507129e-02   3.8221464e-01  -2.8560730e-01  -1.4534902e-01  -4.3689896e-01   5.4671862e-01   3.2556482e-01   3.9539384e-01   1.0554305e-01  -2.2106013e-01  -4.2629480e-01  -1.6853941e-01  -2.6738235e-02  -3.8630697e-01   5.2167072e-01  -2.3953815e-01   3.0414559e-01  -1.2045316e-01   3.9226424e-02   5.5458101e-01  -9.0561796e-02  -3.5538579e-01   1.4563853e-01  -4.1147487e-01   4.3199927e-01  -4.4347694e-01  -2.3018478e-01  -3.0438621e-01  -1.2827391e-01  -5.9867904e-02  -1.3943713e-01   1.8060081e-01  -4.8603771e-01   6.7960738e-02  -1.7758829e-01   2.3789541e-01   3.3139832e-01   3.4452246e-01  -1.8840985e-01   2.1301462e-01  -2.5235693e-01  -2.2494721e-01   2.0605294e-01   2.0697991e-01  -1.2436045e-01  -2.0022936e-01  -2.2825929e-01  -1.5698443e-01  -2.6877544e-01  -4.0120809e-01   2.3459247e-01  -5.3893820e-01   5.2600306e-04  -3.2962753e-01  -1.2285309e-01  -4.0811794e-01  -4.0846693e-01  -6.4571114e-02   2.5727511e-01  -1.4972282e-01   1.7339738e-01  -1.7187450e-01   8.0636635e-02  -3.8252020e-01   1.2347849e-01   3.2600923e-01  -2.1667710e-01  -1.7208827e-01  -4.2981721e-01  -1.2873454e-01   2.0068379e-02   6.1090503e-01  -4.0963771e-01   2.0702179e-01  -1.2022022e-02  -4.0295028e-02   3.6856238e-01  -2.6544125e-01  -3.2858892e-01  -3.5967678e-01   2.5561243e-01   2.6946966e-01   1.9028044e-01   4.4437133e-01   9.2893343e-03  -5.1016887e-01  -2.5594668e-01   2.5902616e-02  -3.8020928e-01  -4.0495231e-02  -3.4207487e-01  -1.5077657e-01  -3.2071776e-01   2.6666448e-01  -2.2343975e-01   2.6914520e-01  -1.4153176e-01  -3.2166933e-01   7.4441662e-02  -4.0417138e-01  -1.9679198e-01  -4.0297174e-01  -1.4702679e-01   4.8563004e-01  -1.7423534e-01  -1.4127798e-01   3.5497811e-01  -2.5242635e-01  -3.8067466e-01  -1.8860423e-01  -1.6204550e-01  -1.3449003e-01  -1.3917110e-01  -3.4987815e-01  -6.4731692e-02  -3.3413281e-01   4.0979598e-01   1.7685621e-01   1.0832014e-01   2.6872794e-01   4.0486433e-01   2.0632408e-01  -2.9578862e-01  -2.7786118e-01  -3.6397643e-01   2.0575133e-01  -2.1658550e-01  -7.3094458e-02  -1.8944196e-01  -9.5499663e-02  -4.3734637e-01   1.7775067e-01   3.0387366e-01  -9.0926112e-02   2.2301521e-01   1.9707725e-01  -3.4159410e-01   1.6946358e-01   3.9090743e-01  -2.8035235e-01  -4.3143961e-01  -2.2805970e-01   2.4119605e-01  -3.4519742e-01   2.4369271e-01  -2.4985814e-01  -1.9193025e-01  -3.3567682e-01  -2.6684693e-01
  -1.7024448e-01  -3.9172126e-01   9.0373505e-02   6.7257597e-02  -1.2669488e-01   7.0503148e-02  -3.5517152e-01   0.0000000e+00  -1.1571928e-01  -3.1780098e-01   8.2129090e-02  -1.9787629e-01   4.8824932e-02  -3.2541866e-01  -9.0189720e-02   2.7039999e-01   4.0695784e-02   1.2932985e-01   2.8944422e-01  -1.5821861e-02  -1.6640187e-01   4.0308971e-02  -1.9431952e-01   5.2002041e-02   3.0916574e-02   2.9465810e-01   6.9158737e-02  -1.6590419e-01  -8.5598341e-02  -1.6281251e-01   1.4022718e-01   3.0954358e-01   2.4070550e-01  -3.0379680e-01  -9.5977204e-02  -5.7252436e-02  -2.4927729e-01   1.3364386e-01   3.2495342e-01  -3.9051744e-02  -2.3983644e-02   2.1648542e-01  -3.1434956e-01   1.9630254e-01  -2.0901787e-01   1.5098683e-01   2.4763056e-01  -2.7339373e-01  -3.0255575e-01  -3.0784922e-02   2.0500090e-01   6.2275584e-01  -2.9801026e-01   8.7973085e-02  -3.5879739e-02   1.3952291e-01   1.5148317e-01   5.3261566e-02   3.4536414e-01  -1.0896863e-01   1.1586705e-01  -7.1580051e-02   3.0377684e-02   1.4353300e-01  -1.6617541e-01  -6.9653635e-04   2.8269898e-01  -1.7204008e-02   3.9654637e-01   1.5770500e-01  -2.3915887e-01  -6.3291054e-02   8.7559696e-02  -1.8493744e-01   1.1568918e-01   4.8020853e-01   9.5957323e-02   3.9502205e-01  -3.7217865e-01   3.2628808e-01  -5.2245337e-02   2.3139298e-01  -1.2959226e-01   7.5560255e-01  -7.5278461e-02   4.2013535e-01  -9.2080277e-02  -1.1326030e-01   1.0086649e-03   1.0048569e-01  -2.5567587e-01   3.5345606e-02  -8.9810396e-02   2.5101539e-03   3.1795826e-01  -3.1675349e-02   1.7434486e-01   3.4223676e-01   3.2135000e-02  -1.9616316e-01  -8.2036545e-02   7.7566896e-02   6.0701241e-02  -7.2210398e-02   3.6394289e-02   5.2240665e-01   4.7912333e-02   5.5089004e-01  -1.9773333e-01  -2.0880093e-01  -1.4337445e-01  -2.1695865e-01  -8.9112867e-02  -5.4705707e-02  -3.0873344e-02  -1.9402536e-01   3.3280268e-01   4.6388774e-02  -2.3825097e-02   1.2501336e-01   3.0657312e-01  -1.9573641e-01  -3.9779140e-02  -2.3641097e-01   1.5811706e-01   2.9600291e-03   2.3623998e-03   1.3350411e-01   2.3578058e-01  -1.1649280e-01   6.2197213e-02  -2.9046145e-01  -1.1202113e-01  -1.9452329e-02  -2.4449596e-01   7.1392956e-01   3.7894400e-01  -2.0502681e-02   4.6642652e-01   8.8777835e-02   2.1702875e-01  -1.1212702e-01   2.0091182e-01  -8.1885734e-02   5.2350604e-02   2.1175675e-02  -4.3321519e-02  -5.6283627e-02  -1.6550020e-01  -1.5147951e-01   1.3199731e-01   7.1016212e-01   1.0482069e-01  -3.9468229e-02  -1.2510200e-01   6.7751031e-02   2.8922224e-01   2.9962620e-01   1.2949765e-01   3.1182948e-02  -3.4251735e-01   3.2848666e-01  -1.4299359e-01   1.1616642e-01   9.4746395e-02  -1.1687066e-01  -1.9859338e-01   3.2805913e-01   1.5079383e-01  -1.3784580e-01  -2.7643169e-01   2.5903813e-01  -1.2515569e-01  -3.4700015e-02  -2.6131306e-02   2.0512915e-01   1.2401118e-01
  -3.3208423e-01   3.3418566e-01  -3.7167179e-01   9.8709458e-02   2.1973808e-01  -5.6068978e-02   3.7265036e-01  -1.1571928e-01   0.0000000e+00   3.3718546e-01   2.3898489e-01  -4.1056046e-02  -4.8816584e-02   1.5243841e-01   2.5964534e-01  -3.3710251e-01  -3.4616997e-01   1.7444673e-01   2.1450203e-03  -1.5916392e-02   2.3516764e-01   9.2832237e-02   2.6541004e-01   2.5636149e-01  -7.4321714e-03  -2.9864625e-01   2.1480581e-01  -1.7986454e-01   1.5350795e-01   3.1170523e-01   2.0399814e-01   2.8858962e-02  -3.0583605e-01   3.0532735e-01   5.6583174e-01   2.9614718e-01   3.0386244e-02  -8.7871062e-02  -2.2657350e-01  -1.9673021e-01   1.0768968e-01  -4.1557950e-01   5.5427473e-01  -1.9799425e-01   5.0824552e-01   5.8685976e-02   1.1040958e-01   2.0251341e-01   1.4691993e-01  -3.4758252e-01   1.1733337e-01  -2.1145107e-01   3.0040431e-01  -5.9910586e-01  -2.0138233e-01  -1.9193616e-01   5.0918889e-02   1.1098061e-01   1.0307342e-01   3.9854318e-01  -4.2381532e-01   4.4943831e-01   2.3925274e-01   3.8736899e-01   6.2301120e-01   2.8838887e-01  -6.1734144e-02   3.3836552e-01  -5.4976238e-02  -3.4907573e-01   4.9842440e-02   3.8069520e-01  -2.4171960e-02  -5.0223376e-01  -2.2732692e-01  -3.8158045e-02  -2.3165710e-01  -5.8792884e-02   4.4684790e-01  -6.0374081e-02  -1.3428479e-01  -9.6112506e-02  -3.5019362e-01  -1.0580432e-01  -4.9800594e-01  -2.3841137e-02   2.9576547e-01  -1.7298709e-01   2.6543733e-01   1.5506954e-01   1.9418641e-01  -3.4273554e-01  -3.3466229e-01   6.2880356e-01  -4.1588848e-02  -5.8410180e-02  -1.0828837e-02  -7.4766757e-02   3.1460763e-01   4.0172785e-01  -3.8111584e-01   9.6617181e-02  -1.6647078e-01   3.6507086e-01   2.2961705e-01  -8.2569272e-02  -3.3820486e-01  -1.2936642e-01   2.9692407e-01   8.2808478e-02  -4.7561386e-01   1.2040922e-01   2.7425555e-01  -3.4949490e-01  -4.0754197e-01   1.1988966e-01  -1.4610493e-01  -9.6799280e-02  -2.9910070e-01  -3.5064159e-02   3.3951773e-02   2.9842027e-01   4.1764044e-02   1.3721005e-01   2.1796880e-01  -4.4705768e-02  -5.7891867e-02  -1.1745495e-01   2.7026677e-02  -4.7225055e-01  -9.1261615e-02   5.1055938e-01   5.1473262e-02  -6.2799968e-02   4.9816220e-01  -8.8468063e-02  -2.5735200e-01  -2.1347694e-01  -7.3869063e-02   8.1555890e-02   8.4521817e-02  -1.5240251e-01   5.6805927e-02  -4.6697465e-01   4.0789789e-02  -1.4474211e-01  -3.1306298e-01   2.2499960e-01   3.6815621e-01   2.0319482e-01  -4.3204458e-01  -1.5161328e-01  -2.5696679e-01   2.4922581e-01  -2.2453041e-01   7.8922247e-02  -7.9912274e-02  -1.0410019e-02  -3.7904508e-01  -1.1556006e-01   3.7224085e-01   3.3769965e-02   2.7758817e-01   1.6403695e-01  -1.8889263e-01  -9.4592987e-02   2.1791244e-01  -5.1766927e-02  -3.7997201e-01  -2.7158611e-01  -2.3738986e-01  -1.0753958e-01   4.6086226e-01  -2.4547305e-01  -2.0706482e-02  -2.1074753e-01  -5.6973093e-02
  -3.8869699e-01   3.5413661e-01  -1.7572786e-01  -1.9086985e-01   1.3284743e-01   1.1435419e-01   7.1028610e-01  -3.1780098e-01   3.3718546e-01   0.0000000e+00  -1.3858786e-02   3.9414177e-01  -9.9654721e-03  -2.0795056e-01   1.0991382e-01  -1.7206909e-01  -2.2119876e-01   1.7401614e-01  -1.1139347e-01   2.6525274e-01   3.2655735e-01  -1.5006844e-01   5.4412891e-01  -1.3333688e-01  -1.3143777e-01  -3.4529040e-01   4.3060052e-01  -1.9580338e-01   1.6387446e-01   1.6056614e-01  -3.4606406e-01  -2.2807764e-01  -3.0121731e-01   6.1062749e-01   2.1180145e-01   5.1127508e-01   9.8229171e-02  -1.6407922e-01  -2.2582927e-01  -2.7773072e-02   1.0514756e-01  -1.4021045e-01   4.0886510e-01  -1.9810264e-01   3.5147042e-01   2.0342762e-02   1.7595500e-01   1.7643666e-01  -5.9281522e-02  -1.5843585e-01   2.4059574e-01  -2.3070284e-01   4.1966308e-01  -3.0460987e-01  -3.8171376e-01  -1.5564692e-01  -1.3048440e-01  -1.4419304e-01  -2.1321217e-02   8.7359806e-02  -3.1227708e-01   2.0168373e-01  -8.7113816e-03   1.5810696e-01   3.0965048e-01   4.0325624e-01   5.7476383e-02   2.2497889e-01  -4.6095901e-02  -1.4592322e-01   2.9540437e-02   7.9798097e-02  -4.9562875e-02  -2.3384840e-01  -1.2969439e-01  -1.9035430e-01  -1.8242611e-01  -1.9534194e-01   2.8256987e-01  -3.5310527e-01  -1.1581691e-01  -1.2649169e-01  -2.3311974e-01  -3.5282992e-01  -3.8218568e-01  -2.2407004e-01   1.7898264e-01  -4.2695818e-01   2.6116891e-01  -1.8064206e-01   1.7302008e-01  -1.5790734e-01   2.8227934e-01   2.7960748e-01  -1.6105763e-01   6.3243827e-02  -3.1340039e-01  -1.3558263e-01   1.9892723e-01   6.0228314e-01  -4.9128123e-01   3.5288680e-02  -1.3798094e-01  -1.0644124e-01   1.6359161e-01  -3.6715639e-01  -2.2819110e-01  -3.0346463e-01   3.9421117e-01   2.9473781e-01   1.7339909e-01   1.4655505e-01  -2.8286690e-02  -5.2378051e-01  -3.6311094e-01   1.0615279e-01  -1.9282582e-01   8.4778922e-03  -2.7291714e-01  -2.1227970e-01  -2.0082130e-01   4.0912767e-01  -2.5819529e-02   2.0589422e-02  -2.7155122e-02  -1.9399262e-01  -1.6175090e-01  -2.3116872e-01  -2.5148859e-01  -4.0555201e-01   6.2355188e-02   4.7859069e-01  -1.4401215e-01  -1.9017605e-01   2.4750778e-01  -2.5925160e-01  -3.3412389e-01  -2.9273966e-01  -2.6312641e-01   3.3308803e-02  -9.0505313e-02  -2.3472760e-01  -2.7981575e-02  -2.1587032e-01   1.1972378e-01  -1.0602170e-01   1.1725774e-01   3.7299797e-01   5.2456094e-01   2.1448917e-01  -3.3421300e-01  -2.1592087e-01  -2.8354734e-01   2.3056545e-01  -4.8300885e-02  -2.8827727e-02  -1.2174915e-01  -1.1531703e-01  -1.8971720e-01  -7.1891768e-02   1.9527851e-01  -7.8439153e-02   3.9959883e-01   1.2912643e-01  -2.2737334e-01   2.5244188e-01   3.9837089e-01  -1.2894050e-01  -2.8155425e-01  -1.9360526e-01   1.6623287e-01  -2.3063208e-01   2.6119544e-01  -4.4746741e-02  -2.6530272e-01  -1.4353881e-01  -2.0661912e-01
  -2.8093514e-01   1.6057155e-01  -4.4371912e-01   2.8687309e-02   1.6960018e-01   1.9344092e-03   3.0018495e-02   8.2129090e-02   2.3898489e-01  -1.3858786e-02   0.0000000e+00  -1.9562199e-01  -1.8234912e-01  -5.8421481e-02   2.6492785e-01  -2.1422766e-01  -2.7465967e-01   4.3897905e-01  -1.9472827e-01  -2.0312975e-01   4.5782070e-01   2.1446402e-02   2.4504354e-01  -1.2313064e-01   4.4285955e-02  -1.9946229e-01   1.0337176e-02  -2.7572473e-02  -1.3592943e-01   3.8791318e-01   1.5324854e-01   2.9568771e-01  -7.5668931e-02  -7.0183558e-02   3.2083030e-01   4.0565444e-01  -7.5463996e-02  -1.2843448e-01  -2.1656440e-01  -4.5106958e-01  -3.4897704e-02  -2.7237528e-01   1.2151497e-01   2.2839100e-01   4.9246392e-01  -1.4483346e-01   6.2225214e-01   2.6828538e-01   4.7687652e-03  -3.7710538e-01   4.4634727e-01   9.2879042e-02   3.5924796e-01  -4.4836083e-01  -2.2153925e-01   1.3941231e-01  -1.6718902e-02   1.2140479e-01   3.8735172e-01   1.5295800e-01  -2.6260459e-01   2.0300786e-01  -2.1393479e-01   5.4434292e-01   4.1313197e-01   4.2702586e-01  -3.5389744e-02   5.8495924e-02   3.1942581e-01  -2.8578823e-01  -3.5489707e-02   3.6862250e-01   1.3725955e-01  -2.6735829e-01  -2.2621355e-01   3.2679504e-01  -1.5512863e-01   3.4129398e-02   1.5120677e-01   5.6211934e-02   2.3018764e-02  -7.2009365e-02   1.4343042e-01   9.5513575e-03  -3.9093007e-01   2.8755795e-01  -7.1321824e-02   9.4688240e-03  -3.0512433e-02  -9.7113300e-02   8.3007466e-02  -4.6241355e-01  -2.6225698e-01   3.1956438e-01   4.3476898e-02  -6.0615471e-02   6.2728463e-02  -1.0439324e-01   3.8128732e-01   2.1019957e-01  -1.5990168e-01   3.6897480e-01   2.0543953e-01   7.7859954e-02   2.6474361e-01   1.7184722e-01  -2.6199342e-01   1.5825339e-01  -1.8783072e-01   4.7018469e-01  -2.6214133e-01   2.5172722e-01  -1.6674725e-01  -2.8408883e-01  -7.5584825e-02   5.6660765e-02   1.1239222e-01   6.6728740e-02  -4.3337469e-02   4.4422744e-02  -3.9427026e-03   1.8989112e-01  -2.5768608e-01   2.1733660e-01  -8.1569305e-02  -1.7050398e-01   1.1071758e-01  -3.2739108e-01   2.1266342e-02  -2.4143182e-01  -8.1917944e-02   3.7747015e-01  -2.0569746e-01   2.3957010e-01  -7.7362609e-02   2.6527530e-01  -1.6828246e-01   4.7060561e-02   3.2172397e-01  -7.7148330e-02   1.0803406e-01  -1.3846013e-01   4.6372776e-01  -2.4440752e-01   5.6079047e-02   2.4565631e-01  -3.7178312e-01   5.7981821e-01   5.1057954e-01   1.2419376e-01  -2.7552485e-01   1.8548855e-01  -3.0086140e-01   6.4761913e-01  -2.8921364e-01  -3.0031183e-01  -1.0405444e-01   1.7520831e-01  -2.5912574e-01   5.4017848e-02   1.2539336e-02   5.6274472e-01   5.5623540e-01   5.5638064e-01  -9.5917831e-02  -3.8062954e-01   3.8291019e-01  -2.1551788e-02  -2.0470713e-01  -2.1198071e-01  -3.5177823e-01  -1.4064622e-01   4.3818227e-01  -1.0789169e-01   2.6765073e-02  -1.4925010e-01  -1.2714555e-01
  -3.3860891e-01   4.8064863e-01   4.5774081e-01  -5.2959812e-01   4.0549077e-01  -3.1291501e-01   2.5848979e-01  -1.9787629e-01  -4.1056046e-02   3.9414177e-01  -1.9562199e-01   0.0000000e+00   1.1960944e-01  -2.9059236e-01   1.2220907e-01  -7.4018099e-02   3.9746645e-01  -5.7215467e-01  -5.6284831e-02   7.1160552e-01  -1.5013099e-01  -7.4674724e-01  -9.5807304e-02  -3.2775216e-01   2.3969565e-02  -2.2388015e-01   2.4453510e-01  -4.7022355e-01   1.9124879e-01  -4.1913735e-01  -3.4055764e-01  -5.2983357e-01   2.8259278e-02   7.3918390e-01   1.7819810e-01   3.6987302e-01   2.1460409e-01  -1.4313056e-01   5.8446871e-02   4.9126597e-01   9.1375110e-02   2.0690497e-01   7.6928129e-02  -2.4556801e-01   8.0702679e-02  -1.2109145e-01  -3.4848376e-01  -2.4976319e-01  -3.8420427e-02   4.2139166e-01  -4.5241376e-01  -1.7175084e-01   4.3008963e-01   3.1054049e-01  -2.4743398e-01  -3.0133147e-01  -2.2803819e-01  -6.1097890e-01  -2.7668181e-01  -2.6513248e-01   2.5344192e-01   9.6410275e-02   4.2666539e-01   1.0732258e-01   1.9593477e-02  -3.9728169e-01  -9.0554103e-02   2.2426831e-01  -4.6576298e-01  -1.1884089e-01   3.2582335e-01  -4.2792775e-01   1.3345664e-01  -1.3951845e-01   3.8631118e-01  -2.9984133e-01   5.3845616e-02  -3.5074989e-01   3.8908361e-01  -1.5929517e-01  -5.5813754e-01   1.4919784e-01   4.4027731e-02  -2.1663816e-01   2.8619103e-01  -4.0345316e-01   3.8776026e-01  -4.0551556e-01   4.9385175e-01  -3.1647811e-01   5.3874030e-01   3.1701581e-01   7.6370888e-01  -1.8108059e-01  -1.8579783e-01   5.4306313e-01  -1.7189927e-01  -2.7452567e-01   5.2161984e-02   2.9020410e-02  -3.6216709e-02  -2.2933614e-01  -4.9420667e-01  -4.9704810e-01  -4.7267510e-01  -4.6640573e-01   3.7281732e-01  -5.0900161e-01   5.7776193e-01  -2.3694962e-02   3.5574045e-01  -4.5796408e-01  -2.6106252e-01  -2.5448654e-01  -2.9770478e-01   4.8676533e-01  -3.1291760e-01   3.5801660e-01  -4.5776015e-01  -4.9144881e-01  -2.1863155e-01   5.0511934e-01   6.5608432e-01  -5.4174960e-02  -9.0195972e-02   2.7249408e-01  -2.3041490e-01   2.8774759e-01  -6.2091329e-01  -3.3610051e-02   1.7079260e-01   1.9019083e-01   4.8706427e-01  -1.4524741e-01  -6.2954630e-02  -2.2468287e-01   1.0518859e-01  -5.5739682e-01  -4.2952820e-01  -1.5501844e-01  -1.6056508e-01   1.0535799e-01  -4.5001418e-01  -5.3549381e-02  -3.8122942e-02  -2.8575369e-01   5.1826603e-01  -9.6578383e-03   6.9625775e-02   1.3808884e-01  -2.9088330e-01  -3.0425698e-01   1.9276741e-02   2.5484061e-01   4.0851877e-01  -1.0726703e-01  -2.9692857e-02  -1.1242398e-01   3.0835447e-01  -5.4231504e-01   8.8622267e-02  -3.1988295e-01  -6.5463634e-02  -4.6521122e-01  -4.7458534e-01   6.1614942e-01   2.9437726e-01  -4.5554675e-01   1.1609895e-01   3.9068959e-01   4.9450564e-01  -9.6678709e-02  -3.0705012e-01  -1.0165857e-01   1.4041037e-01   1.7399536e-01  -5.1265264e-01
   9.5153879e-02  -9.2670935e-02   2.9160609e-01   1.8621378e-01   1.1999322e-01  -2.4416110e-02  -6.5683047e-02   4.8824932e-02  -4.8816584e-02  -9.9654721e-03  -1.8234912e-01   1.1960944e-01   0.0000000e+00  -1.6942773e-01  -2.9698985e-02   1.3025181e-01   2.3664376e-01  -1.3701448e-01  -6.2239743e-03   2.5980236e-01  -1.5559066e-01  -5.5245471e-02  -5.1635936e-02  -8.6356790e-03   9.1596230e-02   1.4198881e-01   2.8298618e-02  -1.2186299e-01   8.0022256e-03  -3.2067725e-01   7.9434605e-04  -1.1667221e-01   1.6966791e-01   7.4863097e-02  -1.5954545e-01   1.1891872e-01   8.6640723e-02  -2.4241535e-01   2.0156065e-01   3.3184422e-01   4.0464423e-01   3.1156396e-01  -8.2430961e-02  -1.0602513e-01  -1.3927147e-02   1.5964490e-01  -1.9804116e-01  -2.2060108e-01   2.1671821e-01   1.5195429e-01  -1.2303237e-01   2.6636486e-03  -1.1386494e-01   2.3457263e-01  -1.8815871e-02  -1.4240078e-01  -6.0796108e-02  -6.2983138e-02  -5.5701578e-02   8.2686098e-03   3.8460467e-01   2.5071084e-01   2.8426295e-01  -1.6095398e-01  -6.5514920e-02  -2.3719918e-01   1.2840710e-01   2.3658392e-01  -1.6001188e-01   1.3560816e-01  -8.5137100e-02   2.7875720e-02   2.4975872e-01   1.1727210e-02   2.5100009e-01  -2.1864906e-01   3.6764264e-01  -1.1446287e-02  -6.9947252e-02   1.2168546e-01  -2.0986043e-01   1.3080475e-01  -1.4082216e-02   1.3895617e-01   1.7012503e-01  -2.4792261e-01   9.6390624e-03  -1.0589863e-01   1.6067713e-01   1.4287062e-01  -9.4001181e-03   4.2979839e-01   1.2398452e-01  -1.6103647e-01   1.9076437e-01   1.2885989e-01   2.1979876e-01  -1.5490377e-01   1.6309727e-01   6.0144261e-02  -1.2209678e-02  -1.0069204e-01  -1.6647212e-01  -7.5333114e-02  -2.0218738e-01   1.0150295e-02   3.2667815e-01  -1.1296626e-01   2.5877070e-02  -1.4529965e-01   2.1024538e-03  -2.4123459e-01   1.1402256e-01   1.0815329e-01   1.1013443e-01   1.2131634e-02  -2.0594495e-02   4.9095135e-01  -1.0370641e-01   1.6128206e-01   7.8284502e-02  -5.3092787e-02   2.4814503e-01  -9.1743546e-02   2.6921416e-01   1.4152946e-01   1.1000278e-01   2.2139561e-01  -1.4178943e-01   4.1452634e-02   3.2874505e-01  -1.3298925e-01   1.3718992e-01  -1.3176615e-01   1.2659315e-01  -1.0407285e-01   2.0148109e-01  -1.8686929e-01  -2.5743650e-01   1.0416881e-01  -6.6259428e-02   3.2126671e-01  -2.3572021e-01   4.4157458e-02   2.1317565e-01  -1.8094250e-01   2.3438796e-01  -1.6389224e-01  -1.1984371e-01  -1.2624824e-01   3.6354737e-02   5.8676263e-02   2.0486430e-01  -1.4564938e-01   2.0640739e-01  -5.7902942e-02   2.4289823e-01   1.2552318e-01   3.8018163e-01  -1.7045294e-01   3.2693117e-01  -2.3152921e-01  -1.3386362e-01  -2.3871448e-01   8.9232460e-02   1.3234200e-01  -5.3969751e-02   2.6528050e-02   3.0577364e-01   2.2835097e-01   2.4085386e-01   8.7664369e-03  -6.2333404e-02  -3.9743594e-02   1.3862417e-01   1.9270767e-01   6.6410529e-02
   5.6145384e-01   1.8440456e-01  -2.4372354e-01   2.8963596e-01  -2.6348091e-01   4.0802283e-02   5.6195602e-02  -3.2541866e-01   1.5243841e-01  -2.0795056e-01  -5.8421481e-02  -2.9059236e-01  -1.6942773e-01   0.0000000e+00   2.6660848e-01  -1.0406244e-01  -2.2044162e-01   1.1522392e-01  -1.3595526e-01  -4.6310644e-01   1.3657935e-01   3.8561033e-01  -1.1415675e-01   1.5540049e-01   9.0692031e-02  -1.3402345e-01  -4.5655340e-01   4.8236147e-01  -7.6919637e-03   4.9044866e-01   2.5142098e-01  -1.1636680e-02  -5.2108819e-02  -1.9163914e-01   2.0043961e-01  -3.3383021e-01   9.8209512e-02  -2.7061844e-01  -2.6817618e-01  -3.1758741e-01  -5.7356152e-02  -3.2605823e-01   3.4747628e-01   1.4522559e-01   2.2119736e-01  -1.2818373e-01  -2.1790003e-01   5.0425310e-01   2.7453899e-01  -1.7758202e-01  -1.6636787e-02  -1.8795652e-01  -8.9338681e-02  -1.6102027e-01   4.8269989e-01   1.9433730e-01  -3.1441913e-04   2.1919341e-01  -2.8040735e-02   3.6642170e-01  -3.1004030e-01   1.4789182e-01  -2.0527470e-01  -6.4595146e-02   2.0090016e-01   7.0576322e-02  -1.3293711e-01   1.2995664e-01  -1.2570960e-01  -1.0141174e-01   3.6375401e-02   2.3587384e-01  -1.3895599e-01   3.9539203e-01  -1.6230991e-01  -8.5870200e-02  -1.8523462e-01  -2.2142984e-03   2.0395869e-01  -1.2089678e-01   4.7596651e-01  -3.1536144e-01   1.1690663e-01  -2.5728354e-01  -3.3055281e-02  -2.7420426e-02  -8.9276629e-02   6.5976318e-01  -2.9404399e-01  -9.3995341e-02  -1.9083428e-01  -2.9150978e-01  -4.8920127e-01   2.6249368e-01  -3.5865151e-01  -2.9943528e-01   1.5908578e-01  -1.5112778e-01  -8.8630543e-04  -7.1571191e-02   2.0707144e-01   4.1735966e-02   4.9166289e-01   5.5203784e-01   2.0307165e-01  -4.3140336e-02  -1.4131636e-01  -1.0822165e-01  -8.5089294e-02   6.5637450e-02  -1.2654624e-01   4.5141486e-01   3.8611963e-01   3.7012396e-01   1.1389562e-01  -1.9394533e-01  -4.3179566e-02  -3.0736751e-01   4.3502152e-01   2.1349207e-01  -2.4529802e-01  -1.8007036e-01  -2.7347836e-01   3.6546549e-01  -2.9769605e-01   1.7337963e-01   2.7987651e-01  -2.2263521e-01   6.9503198e-02   2.7348068e-01  -2.2250930e-01   1.7135049e-01  -1.0806767e-01   1.1811480e-01   2.3081181e-01  -2.6148685e-01  -2.5557771e-01   5.7341887e-01  -2.2242155e-02  -2.1957415e-01  -5.2950775e-02  -7.1317574e-02  -3.5018285e-02   2.2503920e-01  -1.3631661e-01   3.3553584e-01  -4.0199324e-01  -2.0338070e-01  -6.0862652e-02  -1.4951081e-02   6.2356119e-02  -8.9708136e-02  -6.8972078e-02  -1.8847561e-01   1.0531834e-02  -1.4631062e-01  -2.8484610e-01  -5.9972701e-02  -3.9229224e-01   3.6061820e-01   3.3703268e-01  -1.0947373e-01  -1.0064472e-01   1.4171500e-01   1.1601611e-01  -3.4876216e-01  -1.2171634e-01   1.0558592e-03  -9.7987391e-02  -2.0907273e-01  -3.0343621e-01  -3.4508133e-01   1.5112129e-01   8.4016290e-02  -2.3420469e-02  -3.9885299e-01   1.8445581e-01
