   0.0000000e+00  -1.2871946e-01   2.6127196e-01  -1.0553026e-01  -1.6542580e-02   2.8074186e-02  -2.2807206e-01   1.1279181e-02  -4.3384865e-02   1.2229160e-01  -2.9009387e-01   8.0518939e-02   5.0046408e-02  -1.3925415e-01  -3.1073474e-01   1.4451116e-01   3.3317519e-01  -3.0337091e-01   4.6993599e-02  -4.5306498e-02  -3.1805261e-01  -2.6352607e-02  -3.1990844e-01   5.5821492e-01   6.2401704e-02  -2.3144578e-02  -5.6764713e-02  -7.7698083e-02  -2.2844804e-01  -3.9979725e-01  -1.1353491e-01  -1.8681492e-01   2.1737128e-01  -9.5717128e-03  -2.5521466e-01  -1.0691718e-01  -1.1288932e-01   4.7594268e-01   2.7098465e-01   7.1523631e-02  -1.5257087e-03   2.6502905e-01  -9.4296977e-02  -5.0317603e-04  -2.8796452e-01   2.2306867e-01  -2.1098883e-01  -3.2890828e-01  -5.2356222e-02   3.5251876e-01  -3.6928204e-01  -6.3369904e-02   8.9914447e-02   2.4512135e-01   2.2638284e-01  -1.8021743e-01  -1.8453582e-01   4.8375094e-03  -1.1186734e-01  -2.5062109e-01   4.6292450e-01  -1.9707104e-01   2.2699259e-01  -1.7013023e-01  -3.5553278e-01  -3.0907110e-01  -8.8644103e-02  -2.6551770e-01  -1.5222701e-01  -8.4214902e-03   1.3522699e-01  -3.0719741e-01   7.2770631e-02   4.8018580e-01   1.4686877e-01  -8.2341882e-03   5.2082758e-01   3.4060547e-02   1.9381464e-01   8.2828379e-02  -2.7801645e-01   1.0609895e-01   1.1366708e-01   1.1189858e-03   3.5197350e-01  -1.6049956e-01  -1.1404798e-01   3.1454934e-01   2.0418563e-01   6.0186858e-01   1.5490903e-01   4.3995838e-01   1.2267957e-01  -4.4509329e-02   4.3401288e-01   1.1507620e-01  -4.0375495e-02  -5.9232948e-02  -1.6455518e-01  -3.1659395e-01   2.2135954e-02  -3.6343064e-01  -1.9899020e-01  -1.9310013e-01  -3.6030106e-01  -3.0285882e-02   2.7747114e-01  -7.6153144e-02  -8.3465271e-02   8.6402741e-02  -1.6844163e-01  -2.2268735e-01   1.0885825e-02   4.5667447e-01   5.2859988e-03   6.3900080e-02  -1.8206066e-02   1.1902249e-01   5.7467462e-02  -2.0931341e-01   3.9586179e-01   4.1754343e-02   2.4868990e-01  -2.4589264e-01   3.1742585e-01  -1.9244688e-02  -3.6232711e-01   9.3434404e-02   1.0067730e-01   4.1944071e-02   5.3874855e-02  -1.7459405e-01   2.0994140e-01  -2.0500325e-01   8.8011692e-02  -1.7496675e-02   3.8342894e-02  -1.0499801e-01  -8.7381165e-02   5.3767763e-01   5.2510348e-01   2.6252758e-01  -1.7178474e-01   5.0655089e-02  -3.8491814e-01  -3.6492027e-01   2.2267542e-01  -2.0106207e-01  -3.7160894e-01  -2.6118801e-01   3.4609225e-01  -8.2003832e-02   5.1050190e-01  -9.8638078e-02   2.0836887e-01   4.5825841e-01   1.9016570e-01  -1.9494695e-02   4.2280560e-01  -1.9111399e-01  -1.6549051e-01   6.6100215e-02  -1.9272711e-01  -3.7208767e-01   1.2404291e-01   2.4532977e-01  -2.0297022e-01   1.0015799e-01   3.7550070e-01   1.4878731e-01   2.7565146e-02   2.8918730e-01  -3.2927977e-01   5.5006442e-02  -1.7334139e-01   2.1141079e-01   1.1995475e-01
  -1.2871946e-01   0.0000000e+00   2.1923498e-01  -2.0420002e-02   2.6648023e-01  -1.2910089e-01   1.5586078e-01  -1.1797360e-02   6.4987708e-01   4.0120753e-02  -2.0894215e-01   4.7898596e-01  -4.7986894e-02  -1.4403182e-01  -2.1974130e-01  -2.4281123e-01   2.3758363e-01  -2.6976283e-01  -3.0363128e-02  -1.2048679e-02  -2.1247015e-01  -7.2573971e-02  -4.7534561e-01  -5.3378076e-02   4.1574236e-02  -1.6902938e-01  -1.1662741e-03  -4.4027881e-01   1.0946680e-01   1.7078526e-01  -3.0765169e-01  -2.2166860e-01  -1.2860281e-01   1.9470820e-01  -9.9420155e-03  -2.1468743e-01  -1.5527581e-02  -2.4155754e-02  -3.7852415e-02   2.2326035e-01  -1.2411382e-01   6.2961829e-03   4.9972605e-01   1.1865163e-01   2.0134484e-01   2.2056980e-01  -3.6519661e-01  -1.4217599e-01   8.5302348e-02   2.2323609e-01  -1.7753380e-01  -1.1201337e-01   3.1717042e-01   3.3543564e-02  -1.0419092e-01  -2.1165379e-01  -2.0272594e-01  -1.1548312e-01  -2.4759389e-02   2.5453432e-01   4.4947621e-02   1.5747480e-01   4.6889106e-01   2.5499796e-01   3.8780468e-01  -7.4430067e-03  -3.9628928e-02   3.3347688e-01  -5.2361833e-01   1.2096867e-01   4.6949672e-01  -1.4964804e-01   9.0537167e-02  -5.5550842e-02   1.7601441e-01  -2.0690879e-02   7.0573173e-02   1.9806891e-01   3.7192035e-01   1.2264207e-01  -5.4562487e-01   1.4078030e-01   1.3000687e-03   8.1303446e-02   1.0813403e-02  -3.9398654e-01   4.1063240e-01  -4.0855143e-01   4.1278631e-01   5.0015981e-02   3.2610424e-01   6.2597274e-02  -9.5239088e-02   6.3139922e-01  -1.2965100e-02   3.5143097e-01   8.7293342e-02  -5.3622104e-02   1.4032439e-01  -2.7569305e-01  -3.5181511e-01  -2.5613607e-01  -2.6148473e-01   5.3413738e-01  -3.0010445e-01  -2.3918089e-01   7.7529823e-02  -2.6303721e-01   2.0811017e-02  -2.3670461e-02  -4.1403349e-01  -1.5472524e-01   4.4251312e-01  -1.2486122e-01  -4.9554313e-01   5.3193940e-01  -1.3975049e-01   1.6151502e-02  -1.4905758e-01  -1.6690521e-01   1.1425455e-01   3.6445235e-01   2.9899802e-01   4.2295666e-01  -6.3057084e-03  -2.4917001e-01  -2.1472716e-01   1.0958965e-01   2.5978062e-01   1.4419706e-01   5.6697504e-02   2.0383491e-02   2.8736973e-01  -2.5665354e-01   4.6759592e-01  -1.0192846e-02  -5.7870821e-03  -2.1581215e-01  -1.8655429e-01   2.2595212e-02  -1.0743024e-01  -1.9912908e-01  -1.3962121e-01  -1.5996311e-01  -1.9846332e-01  -3.0932113e-01   1.1002267e-01  -3.1306573e-03  -2.6488196e-01  -1.2747096e-02  -1.3482588e-01  -4.0396221e-01   1.0523027e-01   2.3752502e-01   4.1544087e-01   1.8275605e-02  -2.7288602e-02  -1.4598471e-01   7.4946166e-02  -4.7779953e-01   3.7008040e-01   1.7145463e-02   1.0694214e-01  -4.9883869e-02  -3.7827712e-02   3.0969070e-01  -1.8567768e-01   1.8540260e-01   5.3843155e-02   1.1476485e-01   2.8195204e-01  -6.8340822e-02   8.4929769e-02   2.0704319e-02  -7.4420204e-03   1.6654483e-01   1.6208431e-02
   2.6127196e-01   2.1923498e-01   0.0000000e+00  -9.4581194e-02   5.3659099e-02   4.9099028e-01   1.0410456e-01  -3.2957266e-01   6.7694563e-02   3.7607865e-01  -5.1687251e-01   6.6767534e-01   1.3868529e-01  -4.1948346e-01  -3.9292926e-01   2.8628393e-01   8.8141982e-01  -5.6952899e-01   2.7374897e-01   2.0886411e-01  -5.9291787e-01  -1.4836717e-01  -5.2786396e-01   1.6864745e-01  -3.0782221e-02  -2.1446355e-01   3.8737322e-01  -3.9051822e-01   1.4996626e-01  -4.3061638e-01  -4.1470638e-01  -2.6945895e-01   3.7941624e-01   1.7539846e-01  -5.0436843e-03  -1.3286208e-01  -2.0413137e-01   3.7484505e-01   1.5337024e-01   4.8296812e-01  -2.3398864e-02   6.0394795e-01   3.4704354e-01  -2.5022405e-01  -3.5087570e-01   5.6847349e-01  -2.2846032e-01  -4.3560314e-01  -8.0568870e-02   6.9791742e-01  -4.7399570e-01  -2.5929253e-01  -6.0661259e-02   6.9730778e-01  -6.1908838e-02  -2.6207563e-01  -3.1301863e-02  -3.7421189e-02  -1.5934752e-02  -2.1309598e-01   7.4505139e-01  -1.7136324e-01   1.4797732e-01  -4.7278893e-01  -5.0760429e-01  -2.6918636e-01   1.5347616e-01  -1.2880156e-02  -1.4970258e-01   6.5421143e-01   2.2573096e-01  -3.6702602e-01   1.1444979e-02   3.7723566e-01   3.5852001e-01  -2.7680097e-01   4.1894294e-01   5.2734418e-02   2.1659616e-01   1.0329168e-01  -3.3078925e-01   2.1281794e-01   2.1608453e-02  -1.6458383e-01   2.6325687e-01  -4.3078751e-01  -1.8150742e-01   1.4847062e-01   3.9496494e-01   8.3335157e-02   1.3148989e-01   7.9805155e-01   4.5720699e-01   2.4759667e-01   3.4638985e-01   5.0626919e-01  -4.3456200e-02   1.6525705e-01  -1.6262093e-01  -5.8681518e-01  -1.1378136e-01  -4.5570817e-01  -2.8063089e-01  -3.0092353e-01  -4.8127184e-01  -1.3870283e-01   6.3195012e-01   5.3487471e-02  -7.3804977e-02   1.4474706e-01  -2.4642181e-01  -3.1555258e-01   5.6680436e-02  -7.4453482e-02  -9.9961598e-02   1.1686372e-01  -5.4960432e-02   6.0784938e-02   2.6025709e-01  -1.9741114e-01   1.7832239e-01   2.6724288e-01   4.5775656e-01  -4.5080698e-01  -2.9417074e-02  -1.2951436e-01  -4.6868859e-01   3.8398930e-01   8.8695573e-02   6.7667260e-01   2.5245470e-01  -4.7421604e-01   1.5302833e-01  -5.3227350e-01   3.1654673e-01  -2.9936586e-01   1.9860193e-01  -3.7914454e-01  -4.2193438e-01   4.1837472e-01   1.9663178e-01   2.3128191e-01  -2.7546386e-01   4.3881373e-01  -5.4726865e-01  -7.0207300e-01   5.7599835e-01  -2.8768985e-01  -2.5787041e-01  -5.0813743e-01   1.6729313e-01  -3.6548453e-01   4.6527131e-01  -3.8973727e-01   8.3133428e-01   1.4313631e-01   5.8661978e-02   7.4744942e-03   7.7625269e-01  -2.3195863e-01   2.9693424e-02  -8.3190196e-02  -2.5059974e-01  -4.8521001e-01  -6.4215825e-03   5.2289395e-01  -1.0009431e-01   1.6342880e-01   4.4372547e-01   4.1933728e-02   2.3589176e-01   1.9355253e-01  -3.6976308e-01   4.9737079e-01   5.8003847e-02   5.6087619e-01   3.4906627e-03
  -1.0553026e-01  -2.0420002e-02  -9.4581194e-02   0.0000000e+00  -1.2108150e-01   1.7787031e-01  -5.8643863e-02   2.4800813e-01  -2.0801302e-01  -1.0612703e-01   2.4440790e-01  -1.9725731e-01   1.8144600e-01   1.0339712e-01   1.3894828e-02   1.0148141e-01  -1.5927664e-01   9.0421989e-02   7.6031177e-02  -1.1273944e-01   7.2261617e-02   5.3086397e-01   1.3269917e-01  -2.8609035e-02   1.4400208e-01   2.1766948e-01  -6.9062167e-02   1.4513571e-01   1.4048163e-01   5.1066557e-01  -1.4965853e-01   6.2141451e-01   1.1234906e-02  -3.2722210e-01  -1.3794336e-01   3.8940370e-02  -3.6263139e-01  -3.6305448e-01   6.3515545e-02  -3.0556736e-01   1.1066948e-01  -1.1953390e-01  -1.3904980e-01   2.3012316e-01   1.6260896e-03   9.9468336e-02   3.3059866e-01  -2.5884493e-01  -8.7804855e-02  -2.4990433e-01   3.7463297e-01   6.1156318e-02  -2.4438510e-01  -6.0699559e-02   4.0757821e-02   1.9648804e-01   3.7418179e-01   3.3194248e-01   3.3580547e-01   2.9969861e-01  -2.3035095e-01  -3.1378048e-02  -1.5412684e-01   9.3072194e-03   4.7821152e-02   2.0970209e-01   3.5799052e-01   1.1114975e-01   2.1559993e-01   1.3091369e-01  -4.2666378e-01   5.7615680e-01   1.0234620e-01   1.9287472e-01   1.3392997e-01   2.1827995e-01  -1.8241483e-01   2.7519396e-02  -2.2926791e-01   7.1791969e-02   9.2916562e-02   7.3223989e-02  -3.6702668e-01   2.6145553e-01   9.9738396e-02   2.9688873e-01  -4.0581703e-01   4.7447176e-02  -6.3975432e-02  -1.6229046e-01  -2.4358943e-01  -1.6413765e-01  -2.4675752e-01  -1.2310192e-01  -2.5723869e-01  -2.8915216e-01   3.2523831e-01   7.2960187e-02   1.3205309e-01   2.8576141e-02  -2.0409705e-01   3.4768361e-01   3.4825133e-01   1.7264038e-01   4.5537895e-01   6.0329798e-01  -4.3345975e-02   3.7846263e-01  -1.1464592e-01   8.7218914e-02  -1.6519549e-01   5.7669815e-01   3.0943656e-01   1.6383993e-01  -4.5018011e-02  -4.8351213e-02   1.3717565e-01   6.6118377e-02   1.0577394e-01   6.1307913e-01   2.8394210e-02  -2.1920055e-01  -2.3797419e-01  -3.0016272e-02  -2.3506873e-02   2.2760159e-01   1.7878802e-01   3.6683333e-02   3.3074108e-01  -9.1187830e-02  -1.1624045e-02  -1.9263777e-01   2.4135090e-01   2.9185180e-02   6.2011083e-02   2.1463010e-01  -2.0120807e-02  -1.0873854e-01   7.3369520e-02  -6.3523405e-02   4.8794750e-02   8.2218007e-02   2.9269162e-01   9.7550655e-02   1.8661343e-01   8.1174166e-02  -3.3180074e-01   1.8461508e-01   3.3005108e-01  -3.1691974e-02   1.4748504e-01   6.9491412e-02   1.3881146e-01   2.3376051e-02  -2.0196700e-01  -1.0110363e-01   1.4071566e-01   2.0266725e-01  -1.9009529e-01   2.6256016e-01   3.0244869e-02   2.8844371e-01  -9.6080862e-02   4.5145557e-01   6.2599576e-01  -3.0937896e-01   4.0014517e-02   2.3209659e-01   1.4895399e-01  -4.4707278e-01  -2.5100385e-01  -3.0770365e-01   2.0687526e-01   1.4489410e-01   2.3996897e-01  -5.4961892e-02   4.6737689e-01
  -1.6542580e-02   2.6648023e-01   5.3659099e-02  -1.2108150e-01   0.0000000e+00  -2.2000787e-01   1.3080924e-01  -1.6572865e-02   2.9865671e-01   4.5848380e-02   9.7666974e-02   1.2022562e-01  -1.1472793e-01  -4.9855977e-01  -3.6330398e-01   1.3446428e-01   2.0598361e-01   7.1901229e-04   6.3272944e-02   7.0667139e-01  -1.9916897e-01  -1.2632650e-01  -2.0401843e-01   1.0233683e-01  -1.7271319e-02  -6.8363090e-02   4.2545838e-01  -4.5328988e-01   7.5891277e-02  -1.6884827e-01  -4.4882546e-01  -7.8933725e-02  -2.2163395e-02   4.2272278e-01  -2.2223684e-01   6.0219221e-01   9.6134471e-02   1.5407732e-01   1.0921636e-01   3.7202115e-01   7.2104040e-03   1.3195954e-02   2.4422745e-01  -2.3908577e-01   4.7664451e-01   2.1232925e-02   7.2328747e-02  -2.5570319e-01   4.4057218e-02   3.6311522e-01   1.0368182e-01   8.3734317e-03   4.3537369e-01  -2.0074011e-01  -2.2879538e-01  -3.2928638e-01  -3.4867374e-01  -6.0156755e-02   8.7437957e-02   3.6316345e-02   2.5380031e-02   4.3320722e-01   5.2842961e-01  -9.0902892e-02   2.7837600e-01   1.9214266e-01  -2.1468204e-01   3.3802757e-01  -2.6447995e-01  -2.8569452e-01   4.3031147e-01   4.5886581e-02   1.6070560e-01  -2.6021446e-01  -8.5867543e-02  -1.8879341e-02   1.3303914e-01  -5.4093230e-02   6.7691331e-01   2.7078678e-01  -4.9459228e-01   2.6616530e-01  -8.2755939e-02   5.1380284e-02  -3.3748352e-01  -1.9786136e-01   1.5706817e-01  -2.9406794e-01   2.5522326e-01   2.5430615e-01   7.1783750e-01  -1.7028809e-02   2.0809537e-01   4.0112679e-01   1.2807894e-01   7.1327479e-01   2.7890745e-01  -4.9592043e-02   5.0822170e-01   4.3086173e-02  -5.9824723e-01  -2.7469308e-01  -3.7667817e-01   7.4263843e-02  -1.6774936e-01  -1.4094684e-01  -9.7598624e-02  -2.3630649e-01   1.2177069e-01   2.3241501e-01  -1.6587933e-01  -1.2698429e-01   2.1114526e-01  -1.2080682e-01  -6.1927069e-01   7.6371508e-01  -1.9356567e-04   1.9083933e-01  -4.5723134e-01   7.7871740e-04   1.9968398e-01   7.7899836e-01   2.2243196e-01  -8.3095765e-02   8.2488982e-02  -2.8820589e-01  -2.1132487e-01  -8.8606249e-02   1.3888515e-01  -2.1962476e-01   1.4534241e-01   3.5245076e-01  -1.1179682e-01  -4.8148146e-01   3.0281542e-01  -6.3347726e-02   2.1561566e-01  -5.8809760e-01   2.9402496e-02  -7.7193298e-02  -1.0778993e-01  -1.5114628e-01  -1.1638705e-01  -4.5623144e-01  -1.9568593e-01  -3.5939337e-01   4.7559949e-02   1.9289679e-01  -2.1010041e-01  -1.7573465e-01  -5.1379655e-01  -4.1618421e-01   1.3405799e-01   3.9421540e-01   3.1022107e-01   1.7484902e-01  -2.2609125e-02   1.2283996e-01  -7.3241868e-03  -2.7759807e-01   4.1179805e-01  -3.5472148e-02   2.5242258e-01  -2.8532748e-02  -1.1880338e-02   5.8816536e-01   2.1033571e-01  -1.6954497e-01  -1.7140099e-01   4.9198781e-01   7.3190179e-01  -5.3058831e-02   3.1681330e-01  -3.4320864e-01  -1.2229737e-01   4.3806022e-02   5.2395376e-02
   2.8074186e-02  -1.2910089e-01   4.9099028e-01   1.7787031e-01  -2.2000787e-01   0.0000000e+00   2.8685797e-01  -2.2782964e-01  -3.2353409e-01   2.8803124e-01  -1.4314399e-01   4.0921523e-01   1.1263996e-01   5.7585947e-03   1.2776949e-02   3.0056172e-01   2.8069118e-01  -1.9074505e-01   3.7339526e-01  -1.7709177e-02  -2.1522739e-01  -3.2243205e-02  -2.3235299e-02  -1.5419413e-01  -1.4233041e-01  -1.2988553e-01   4.0660272e-01   1.2928552e-03   2.1535071e-01  -1.4225927e-02  -2.1705575e-01   9.6935503e-03   2.4511092e-01  -9.6334175e-02   1.2248471e-01  -8.9818342e-02  -2.8697620e-01   1.3379747e-02   8.1857256e-02   1.3664266e-01  -1.5256827e-01   2.7561255e-01   1.0172937e-01  -2.3879852e-01  -2.7224376e-01   3.0807124e-01   8.9538751e-02  -1.0867841e-01  -1.9881063e-01   1.0531926e-01  -1.2769875e-01  -1.8968081e-01  -3.8558123e-01   3.5928008e-01  -3.6852898e-02   1.0056682e-01   5.7611473e-01  -8.9819948e-02   4.8044710e-02  -1.8911917e-02   3.0770512e-01  -1.3061164e-01  -3.2662089e-01  -4.3142609e-01  -5.1940529e-01   3.4604342e-02   5.8150383e-01   1.1386282e-01   2.6633883e-01   7.2349952e-01  -1.5907863e-01   1.7092488e-02  -8.7423673e-02   5.2611412e-01   1.7371100e-01  -2.1118916e-01   1.1642290e-02  -1.0847713e-01  -2.1524336e-01  -1.8999100e-01   1.3224270e-01   6.5747225e-02  -4.2885559e-02  -1.1192238e-01   4.6408201e-01  -1.0255139e-01  -4.2311798e-01   1.0946937e-01  -3.5325037e-02  -2.3428952e-01  -3.1014277e-01   3.7680718e-01   4.5610933e-01  -1.3059687e-01   1.4064994e-01   2.0630046e-02  -1.2310157e-01   4.2338844e-01  -1.1062035e-01  -2.6970512e-01  -3.2777404e-03   2.3179529e-02   1.3847973e-01  -2.5125017e-01  -3.6868252e-02   2.6705960e-02   3.3848008e-01   4.9273817e-01  -1.9556557e-01   2.7934550e-01   6.2743715e-02   5.5592933e-02  -4.4078983e-02   4.1597964e-03   1.9007782e-01  -2.4054330e-01  -1.0246287e-01  -4.6936949e-03   5.1769830e-01   8.3510214e-02  -2.9350572e-01  -4.3316450e-02  -3.1691622e-02  -4.1434852e-01  -1.1683088e-01   2.9590648e-01   1.7830166e-03   8.2790012e-02  -2.2863445e-01   6.4534613e-01  -2.5523238e-02  -4.2556245e-01   2.3018955e-01  -1.3643890e-01   8.0079967e-02  -2.8424603e-01  -1.0775366e-01  -1.7723364e-01  -1.9653109e-01   2.2122653e-01   6.3428206e-02   1.2424808e-01   1.1801766e-02   7.6249882e-01  -1.3106961e-01  -2.1688405e-01   3.1516324e-01  -5.2939679e-02   3.2895146e-01  -3.7077620e-01   3.7506882e-01  -7.7932968e-02   1.3702099e-01  -3.7320523e-01   3.3610815e-01  -2.1680143e-01  -6.4338555e-02  -8.4318033e-02   2.9952005e-01   2.0479543e-01  -6.2014332e-02  -6.3254406e-02  -1.4461733e-01  -1.1410158e-01   4.4302299e-02   2.6151411e-02   1.0524916e-01   5.5235669e-02   3.1487783e-01  -1.8114285e-01  -5.9754823e-02  -1.0456987e-01  -1.5569182e-01   7.5198676e-01   1.5698077e-01   1.1822304e-01  -6.5956548e-02
  -2.2807206e-01   1.5586078e-01   1.0410456e-01  -5.8643863e-02   1.3080924e-01   2.8685797e-01   0.0000000e+00  -2.9632904e-01   1.5372227e-01   3.3998405e-01   4.6277467e-02   4.6314535e-01  -1.6867336e-01  -8.6666522e-02   1.9129599e-01  -8.7531074e-02  -8.4784574e-02   4.9911426e-02   5.5120249e-02   2.3574449e-01   1.5950375e-01  -3.4952389e-01   3.5588400e-01  -2.3278186e-01  -8.1993541e-02  -2.4639432e-01   2.3743593e-01  -8.9247424e-02   1.7336216e-01   2.5024269e-01  -2.1577997e-01  -1.6607943e-01  -2.4282477e-01   4.1487485e-01   5.1523464e-01   1.6856038e-01   5.7240144e-02  -1.4113235e-01  -2.9504752e-01  -5.8066790e-02  -2.7269393e-01  -1.2428048e-01   6.3443311e-01  -2.4182577e-01   4.6729875e-01  -4.4590725e-02   2.3734072e-03   4.4397382e-01  -3.3773918e-01  -2.6935206e-01   2.0029798e-01  -2.9175989e-01  -1.2348267e-01  -2.4829448e-01  -1.8504145e-01  -2.4920841e-01   7.5725482e-02  -4.3558065e-01  -1.5278271e-01   2.6834404e-01  -1.1782019e-01   2.2307833e-02  -2.5905682e-01   4.4486503e-02   1.5336536e-01   6.0246595e-01   8.2827930e-02   2.2299347e-01  -2.2384992e-01   2.1676326e-01   1.7056839e-01   1.5273287e-01  -1.1710379e-01  -1.2583750e-01  -2.1436004e-01  -5.6077264e-02  -2.1817994e-01  -1.0147908e-01  -1.2985662e-01  -4.6716165e-01   1.8513502e-01   9.5293044e-02  -1.1545622e-01  -9.7965079e-03  -1.2086884e-01  -2.5877232e-01  -4.2581734e-02  -2.3558452e-01  -8.9521370e-02  -2.8230783e-01  -1.6664253e-01  -1.7108107e-01   3.7316443e-01   3.9144874e-01  -1.0342210e-01   1.5687641e-01  -2.0114316e-01   2.3985809e-01   2.1019828e-01   2.4492559e-01  -2.0172174e-01   5.5803804e-02  -8.4414814e-02   1.2809955e-01   3.2253390e-02  -3.3876898e-01  -2.1830241e-01  -2.0130628e-02  -3.7390051e-02   1.3033705e-01   3.9832147e-01  -2.3016889e-01  -1.5994432e-01  -3.8856499e-01  -8.3179630e-02   8.9198841e-03  -2.8637807e-01  -1.2530241e-02   1.6440262e-01  -1.0438845e-01  -3.3575928e-01   1.6702402e-01  -1.4595366e-01  -4.4727269e-02  -2.5280805e-01   6.4092104e-02   4.4224243e-02  -2.2202258e-01  -2.9227905e-01   2.2374886e-01  -8.4905265e-02   1.7634293e-01  -1.1301649e-01   1.1847693e-02   2.7046177e-01  -2.1022518e-01  -3.0110025e-01  -5.2053124e-03  -3.8673198e-01  -2.0492230e-01  -3.8379993e-01  -1.5405750e-01  -1.7648563e-01   1.9085679e-01   2.5054311e-01   4.4199529e-02   2.6380655e-01   1.9543104e-01   4.7492936e-01  -6.5759048e-02  -2.2204482e-01  -1.2662571e-01  -2.7717229e-01  -3.3260637e-02   9.0999212e-02  -2.0201003e-01  -1.5784965e-01  -2.6977921e-01  -2.0060325e-01  -9.3529710e-02   2.3803923e-01  -1.2996766e-01   3.7900319e-01   1.3745116e-01  -3.3692445e-01   1.5144473e-01   3.8891153e-01  -2.2048032e-02  -2.4947164e-01  -2.9210327e-02   4.2182396e-01  -2.3357504e-01   3.6032740e-01   6.9651523e-02   5.1827379e-02  -1.1870206e-01  -4.1204490e-01
   1.1279181e-02  -1.1797360e-02  -3.2957266e-01   2.4800813e-01  -1.6572865e-02  -2.2782964e-01  -2.9632904e-01   0.0000000e+00  -4.2540770e-03  -1.3304905e-01   4.5254617e-01  -3.2928975e-01  -1.9177204e-02  -3.5802609e-02   2.1719103e-01  -1.4941446e-02  -2.7176536e-01   3.6347840e-01   1.0895803e-01  -9.1539331e-02   1.0662662e-01   3.3576252e-01   1.0369757e-01  -8.3129213e-02   9.5543728e-03   4.3783264e-01  -2.1746263e-01   1.3783887e-01  -1.4808784e-01   1.4444237e-01   1.4084641e-01   4.1558908e-01  -2.1495558e-01  -1.5552488e-01  -2.6449237e-01   1.3938084e-01  -4.3779841e-02  -3.3701603e-01   1.0293583e-01  -1.7304947e-01   7.3810452e-02  -1.7871945e-01  -2.5587262e-01   3.4758666e-01   4.0292250e-02   3.0043432e-02   1.8744945e-01  -1.2849417e-01   8.6517321e-02  -1.7396481e-01   2.9562081e-01   6.4442573e-01   4.1688588e-02  -1.9635372e-01   4.0475265e-02   1.3303948e-01   1.0189917e-01   2.7959426e-01   2.1962681e-01   2.0851560e-01  -2.1473222e-01   1.7000526e-01   4.8475511e-02   3.4888697e-01   3.1159604e-01  -2.1626618e-02   1.1402446e-01  -9.9534240e-03   1.0851036e-01  -2.9272769e-01  -2.1855111e-01   2.9179003e-01   1.4355715e-01  -4.4904632e-02  -7.0823260e-02   3.9711408e-01  -1.8198233e-01   6.4388285e-02  -3.3770196e-02   3.4887482e-02   1.6435988e-02  -1.0900558e-01  -1.9694750e-02   5.8343275e-01  -1.4083013e-01   2.5204640e-01  -1.4130596e-02  -1.0010753e-01  -1.4168926e-01   6.2975007e-02  -5.0104854e-02  -2.2965209e-01  -2.3344574e-01  -1.5082785e-01  -2.4059854e-01  -2.9413460e-01   7.0776571e-02   9.3775870e-02   5.2298226e-02   2.2068125e-01  -1.2872248e-01   1.8960818e-01  -3.2878707e-02   2.2361553e-01   3.1937265e-01   3.5667814e-01  -1.5011038e-01   1.6904003e-01   1.3373812e-01  -1.1532306e-01  -6.0672968e-03   2.2866650e-01   1.2151030e-01   3.1402322e-01  -1.2081596e-01   3.8006228e-02   2.0212366e-02   7.3214894e-02  -2.4908404e-01   2.9832996e-01   1.6656597e-03  -1.4509153e-01  -3.2991060e-02   3.4354568e-01   6.9804549e-02  -1.7338495e-01   7.8133233e-02  -6.7714143e-02   3.2148352e-01  -3.9710617e-01   5.4976559e-02   2.3911816e-01  -2.4815883e-02   1.0253303e-01   5.8835632e-02   4.4793409e-01   1.9110368e-03   5.1627091e-02   5.2506209e-01  -1.6360790e-01  -1.5585407e-02  -1.5285991e-01   4.5096976e-01  -2.8945784e-01   1.6153201e-01   1.8928761e-01  -3.1218476e-01   1.6578673e-01  -4.3206286e-02   2.4540196e-01  -2.0065025e-02   5.6929759e-02  -2.7297808e-03   2.8795088e-01  -3.1832446e-01  -3.8196582e-02   2.0433772e-01   2.3337221e-01  -1.8448331e-01   2.6319622e-02   5.7347430e-03   3.1622814e-01  -5.3560632e-02   2.8330774e-01   3.1321618e-01  -2.5874730e-01  -9.3773848e-02   3.0430784e-02   2.8145359e-02  -5.0877073e-02  -2.6678225e-01  -1.2717656e-01   2.1205323e-01  -1.2449670e-01   3.5888099e-02  -1.3026387e-01   4.6919663e-01
  -4.3384865e-02   6.4987708e-01   6.7694563e-02  -2.0801302e-01   2.9865671e-01  -3.2353409e-01   1.5372227e-01  -4.2540770e-03   0.0000000e+00  -1.4692561e-01   1.4777704e-02   2.8018917e-01  -1.4272392e-02  -1.7598534e-01  -8.6123145e-02  -2.9457393e-01   2.2432958e-02  -1.7472019e-01  -2.2372371e-01   1.3644962e-02  -4.4660636e-02  -1.2687990e-01  -3.0009304e-01  -6.7866007e-02   1.8111055e-01  -8.3667499e-02   3.2511392e-02  -3.5702910e-01   1.0489310e-01   8.6308016e-02  -2.3689406e-01  -1.5938887e-01  -1.7787195e-01   1.4653897e-01  -4.4256763e-02  -1.3904843e-02  -8.6216456e-02  -4.6279968e-02  -9.6591727e-02   1.4582107e-01   1.0162014e-02  -5.7483951e-02   4.1803009e-01   1.4780738e-01   2.5077470e-01   1.5489385e-01  -1.1595442e-01  -4.4380805e-02  -7.7635981e-02   1.9065359e-02  -1.3001147e-01  -2.1217434e-02   1.2647111e-01  -1.2884278e-01  -1.8334387e-01  -1.1926677e-01  -2.2980227e-01  -1.6668442e-01  -4.3586022e-02   1.6464667e-01  -2.9873580e-02  -1.7071279e-02   3.6383817e-01   3.9578429e-01   4.6486318e-01   1.2127699e-01  -1.3768467e-01   3.1159745e-01  -3.3129757e-01  -4.0409877e-02   3.2279795e-01  -1.4536139e-01   7.2371960e-02  -2.8291177e-01   4.1018322e-02   2.0519087e-01   4.7153615e-03   2.0061116e-01   1.7931520e-01   1.5605006e-01  -3.9932085e-01   2.7739190e-02   1.0669782e-01  -1.4142104e-02  -2.7995764e-01  -1.9182083e-01   4.6726982e-01  -3.4858332e-01   2.2545088e-01   1.2040521e-01   2.0769064e-01  -7.4597294e-02  -2.4857821e-01   7.4168107e-01  -3.2580561e-02   2.5950632e-01   1.8471145e-01  -1.2402390e-01   2.4792360e-01  -1.2642148e-01  -3.0944787e-01  -8.7037730e-02  -3.0247094e-01   4.6717086e-01  -1.8903694e-01  -2.9678664e-01  -1.0030341e-01  -2.6756930e-01   1.3460331e-02  -5.2114376e-02  -2.3080588e-01  -1.9508362e-01   2.5627852e-01  -4.1973739e-02  -4.1154722e-01   5.2175601e-01  -1.7432569e-02   8.7028372e-02  -2.9209258e-01  -2.2429419e-01   9.9040222e-02   2.7177208e-01   2.2566601e-01   3.6721683e-01   3.2796605e-02  -2.1077620e-01  -9.2183440e-02   1.1010631e-01   1.7240595e-01  -4.6085622e-03   3.9816747e-02   5.3474250e-02  -4.7907561e-02  -2.5108745e-01   2.7072951e-01   9.1181382e-02   6.9712605e-02  -2.5487781e-01  -1.1532782e-01   3.5721288e-02   2.8565756e-02  -1.6563668e-01  -5.5040096e-02  -3.4154254e-01  -1.1618263e-01  -2.0398632e-01  -3.2674617e-02   2.2410931e-01  -1.7426032e-01  -8.6009949e-02  -2.8299946e-01  -2.7574595e-01   1.4131978e-02   3.9008853e-01   1.2810227e-01   3.9680039e-02   1.1027753e-01  -9.5862002e-02  -6.3177505e-02  -3.3134339e-01   2.7354645e-01   6.4533937e-02   8.5153302e-02   1.1814550e-01  -1.2766223e-01   2.9896375e-01   6.2131809e-02   1.5570752e-01  -1.0544202e-01  -9.2146126e-04   3.2178363e-01  -2.8177577e-02   2.7591993e-01  -2.6705309e-01  -1.6511424e-05  -4.5816455e-02  -8.0660430e-02
   1.2229160e-01   4.0120753e-02   3.7607865e-01  -1.0612703e-01   4.5848380e-02   2.8803124e-01   3.3998405e-01  -1.3304905e-01  -1.4692561e-01   0.0000000e+00  -1.4713866e-01   3.4704511e-01   7.1604338e-03  -3.5713532e-01   4.5602485e-02   1.8914577e-01   4.0304771e-01  -9.1314448e-02   2.7379659e-01   2.8946613e-01  -1.8829502e-01  -2.7114212e-01   5.4047475e-03  -7.5909348e-02  -3.1456175e-01  -2.0918327e-01   1.2001605e-01  -9.0644757e-02   4.1813736e-02  -2.7940778e-01   3.8512391e-02  -2.5497025e-01   5.3235065e-02   5.7877382e-01   3.6021496e-01   5.5653758e-02   3.2884242e-01   2.8614387e-01   1.6122987e-02   2.9603325e-01  -1.8289979e-01   3.4603482e-01   2.8413962e-01  -1.6398746e-01   4.0208845e-02  -5.0374977e-02  -2.8507298e-01  -2.7397259e-02   3.5026597e-02   3.6449690e-01  -1.4492754e-01  -5.2732220e-02   2.2983280e-01   3.2021293e-01   7.2488536e-02  -2.0187259e-01  -2.9446461e-01  -1.3664852e-01  -1.3722478e-01  -3.8810415e-03   3.5801732e-01   1.3993784e-01  -3.0953308e-03  -1.2379691e-01  -1.6285987e-01   9.8189567e-02  -7.5760470e-02   7.9221284e-02  -3.2074015e-01   9.5234557e-02   3.5076338e-01  -2.6508861e-01   1.3211591e-01   6.3982737e-02  -3.4650172e-02  -2.1849166e-01   1.8828123e-01  -2.7045985e-01   1.8634368e-01  -1.4651540e-01  -1.1417866e-02   3.9605353e-01   2.2918977e-01  -1.3669494e-01   5.7289194e-02  -3.2775163e-01   5.9483813e-03   4.3208245e-02   1.1085399e-01  -1.2164210e-03   1.9583153e-01   3.3459885e-01   7.2382641e-01  -4.7454047e-02   2.0948027e-01   2.2178827e-01  -2.3900127e-01   2.0702681e-01  -9.7002423e-02   1.0854937e-01  -4.6575964e-02  -3.7970471e-01  -3.1222046e-01  -1.1401055e-01  -3.4464148e-01  -2.2688157e-01   2.3810605e-01  -3.1432205e-01   3.1295706e-01   6.2867279e-02   3.9502992e-01  -3.6356423e-01  -7.1708009e-02  -3.0855941e-01   7.0778578e-02  -1.4906324e-01  -2.4763322e-01   5.7460938e-03   7.4651667e-03  -2.2484866e-01   2.2446951e-02   2.4615660e-01   3.3595861e-01  -8.4500873e-02  -1.4139024e-01  -2.9910813e-01  -2.0903795e-01  -1.4987430e-02  -1.4542497e-01   1.9150482e-01   2.5476782e-01   1.6193564e-01  -3.7968012e-02  -1.5328192e-02   2.5673319e-01  -2.7073923e-01   1.8987844e-02  -2.4151476e-02  -2.6192157e-01   1.7381019e-01  -1.4346344e-01   7.1710979e-02  -2.7576020e-01   1.0494641e-01  -2.1643299e-02  -1.8738751e-01   6.7736438e-01  -1.5707484e-01  -1.5410726e-01   5.9069758e-02   5.9709609e-02  -2.3675263e-01   2.6886297e-01  -1.0050535e-01   3.7988529e-01   3.9430266e-02  -2.3530131e-01  -1.6190275e-01   3.9125599e-01  -2.9122810e-01   1.6912457e-01  -1.4930786e-01   2.4947106e-01  -4.2346334e-01  -1.3338115e-01   1.6561969e-01  -4.4995171e-02   3.3998533e-02   1.2700655e-01   3.9176572e-01   1.8607146e-01  -1.4823961e-02  -1.8033111e-01   1.1353960e-01  -1.5088218e-02   2.2955965e-01  -8.7804344e-02
  -2.9009387e-01  -2.0894215e-01  -5.1687251e-01   2.4440790e-01   9.7666974e-02  -1.4314399e-01   4.6277467e-02   4.5254617e-01   1.4777704e-02  -1.4713866e-01   0.0000000e+00  -3.8188655e-01  -1.3644186e-01  -2.8550828e-02   4.5568450e-01  -3.1443757e-02  -5.5742126e-01   7.7755019e-01  -1.7593973e-02   8.5070137e-02   5.3082771e-01   2.8514817e-01   5.3734581e-01  -2.0024685e-01  -1.6268698e-01   3.2565833e-01  -3.5613332e-03   3.3925267e-01  -1.7730710e-01   3.6667240e-01   1.4254851e-01   5.1630692e-01  -2.8732546e-01  -1.5986096e-01  -1.3089255e-01   5.4529019e-01  -3.0218998e-02  -4.6609963e-01  -3.5819026e-02  -3.4433216e-01   9.1827551e-02  -3.2226940e-01  -1.3214262e-01   3.1393345e-01   3.4422294e-01  -1.1555215e-01   6.7865383e-01   1.5446720e-01  -3.4189918e-01  -4.9039406e-01   7.8014164e-01   4.5681941e-01  -2.3800886e-01  -5.5358213e-01  -3.0051437e-03   3.4169310e-01   1.6440650e-01   1.3929373e-01   3.2699400e-01   3.8658936e-01  -6.2293497e-01   9.4022166e-02  -2.4232042e-01   4.7758874e-01   3.8849194e-01   5.5715134e-01   4.5606757e-02   1.3231497e-01   3.5345238e-01  -1.7718100e-01  -4.2480794e-01   5.5382779e-01   1.6996159e-01  -3.2822255e-01  -3.5079086e-01   3.1260481e-01  -5.1344298e-01  -1.0851302e-01  -3.6448166e-01  -1.7627842e-01   4.3400510e-01  -1.2206631e-01  -4.9113699e-02   4.1980551e-01  -4.3891546e-01   4.7296639e-01  -1.8520418e-01  -1.4865140e-01  -3.7741535e-01  -1.9249093e-01  -3.1499281e-01  -5.6623190e-01  -2.4884951e-01  -1.0227332e-01  -4.2767125e-01  -3.7378241e-01   7.3358817e-02  -5.1725280e-02   2.1056439e-01   5.6098930e-01  -1.0628781e-01   6.1252664e-01   1.0006141e-01   2.6412707e-01   6.4176092e-01   2.1101360e-01  -5.1791325e-01   1.2859166e-01   1.3360742e-02  -3.1244406e-02   3.8884588e-01   4.2888979e-01  -9.9742272e-02   1.1112855e-01  -1.2228219e-02  -1.5975446e-01   1.5262997e-01   1.2923525e-01  -2.2377061e-01   3.0961558e-01  -7.5208503e-02  -2.1607020e-01  -2.8407803e-01   2.4841904e-01   4.3605254e-02   5.5842021e-02   3.9907966e-01  -3.8172087e-01   5.1669335e-03  -2.7002671e-01   1.3579720e-02   2.6585916e-01  -2.7678801e-01   1.8793319e-01  -5.8294783e-02   3.0846198e-01  -5.4555005e-02  -4.4625478e-03   5.0100677e-01  -2.0908985e-01  -1.0998523e-01  -2.7735316e-01   5.8468650e-01  -1.8428797e-01   6.3631663e-01   4.9383140e-01  -4.7023517e-01   6.2332637e-01   4.5299853e-01   2.3733558e-01  -2.0904961e-01   2.1690014e-01  -2.8379799e-01   5.6562468e-01  -4.9124223e-01  -2.1141633e-01   1.5612434e-01   3.7480139e-01  -5.5439045e-01   3.9046699e-01  -5.6670543e-03   3.2590174e-01   1.3303349e-01   6.5380298e-01   9.4397685e-02  -4.0318518e-01   5.1723034e-01  -2.3046250e-01  -3.9399833e-01  -2.3423195e-01  -1.0280229e-01  -2.6372647e-01   6.4331519e-01  -1.6829637e-01   1.6329679e-02  -3.9563280e-01   1.4006250e-01
   8.0518939e-02   4.7898596e-01   6.6767534e-01  -1.9725731e-01   1.2022562e-01   4.0921523e-01   4.6314535e-01  -3.2928975e-01   2.8018917e-01   3.4704511e-01  -3.8188655e-01   0.0000000e+00  -1.1185273e-01  -2.8739777e-01  -1.6930964e-01   1.2354522e-01   5.1331886e-01  -4.4324132e-01   2.2776138e-01   1.4464439e-01  -3.8246363e-01  -3.3548943e-01  -4.4781712e-01  -1.5013057e-02  -3.9725111e-04  -3.3184718e-01   2.2088171e-01  -4.1552247e-01   2.2119992e-01  -1.5471553e-01  -5.1991265e-01  -3.7693000e-01   1.3972609e-01   2.2937571e-01   2.4119948e-01  -1.8103417e-01  -8.6761799e-02   2.3321232e-01   2.8279935e-02   2.1740369e-01  -2.2544063e-01   3.4844261e-01   7.0807723e-01  -1.2643036e-01  -5.9128794e-02   2.4939656e-01  -2.7366865e-01  -1.0291134e-01  -3.0866057e-01   3.6569592e-01  -3.8018975e-01  -2.9228337e-01  -5.9011353e-02   3.5465933e-01  -1.7199452e-01  -2.0875418e-01  -8.6694616e-02  -3.7907507e-01  -5.3207496e-03   1.1324281e-01   4.3668592e-01  -1.3466201e-01   6.8581805e-02  -1.8497281e-01  -2.0033107e-01   3.1622466e-02   1.2042312e-01   1.2991558e-01  -3.6733299e-01   4.4892099e-01   3.5483048e-01  -3.5468145e-01  -2.3370324e-02   2.9164745e-01   2.4036194e-01  -2.2760520e-01   2.2427720e-01   5.5128090e-02   1.8789159e-01  -1.8461047e-02  -3.5978353e-01   1.3907156e-01   1.7994238e-02  -7.9648458e-02   2.9074729e-01  -4.9650814e-01   1.1560524e-02  -1.5368888e-01   3.2648338e-01  -3.0847293e-02   9.4009434e-02   4.9468626e-01   4.5597812e-01   5.6378784e-01   1.8401194e-01   4.5711630e-01  -1.2846077e-01   4.3404882e-02  -3.5809198e-02  -5.1935555e-01  -2.5181090e-01  -2.3236854e-01  -2.7447298e-01  -2.7321018e-03  -4.6092634e-01  -4.3923385e-01   3.8148783e-01  -9.4819526e-02  -9.9909131e-02   2.4620600e-01  -1.5120911e-01  -4.2189462e-01   2.7953593e-02  -1.2090092e-01  -2.4249353e-01   2.0430908e-01  -2.0997903e-01   1.1100070e-02   3.1529779e-01  -3.3962383e-01   8.9178286e-02   3.5680809e-01   4.5843246e-01  -1.8935960e-01  -5.4770316e-02  -3.9524833e-03  -4.0979977e-01   2.1302412e-01  -1.4174582e-01   5.5635720e-01   1.0363467e-01  -3.5840330e-01   3.1135578e-01  -3.9646483e-01   5.3139629e-01  -2.2389467e-01  -5.4971710e-02  -2.9649518e-01  -3.7506490e-01   1.7818510e-01   1.9628515e-03   2.8841272e-02  -2.1748585e-01   3.5563102e-01  -2.9600631e-01  -5.8137736e-01   5.2318147e-01   3.1447890e-02  -6.7500078e-02  -4.5363191e-01   7.6888657e-02  -3.7406623e-01   1.7306358e-01  -2.0175242e-01   6.8489046e-01   1.6955897e-02   2.0084714e-02  -8.8928096e-02   4.4061794e-01  -3.2440500e-01   1.4374363e-01  -3.7820497e-02   9.6499248e-02  -2.7708764e-01  -3.8168645e-01   6.2028309e-01   5.7515174e-02   1.7309336e-01   2.3074828e-01   1.1962822e-01   4.4779091e-01   1.3007223e-01  -1.5139635e-01   4.1107189e-01  -7.5742460e-02   3.9645753e-01  -3.0993408e-01
   5.0046408e-02  -4.7986894e-02   1.3868529e-01   1.8144600e-01  -1.1472793e-01   1.1263996e-01  -1.6867336e-01  -1.9177204e-02  -1.4272392e-02   7.1604338e-03  -1.3644186e-01  -1.1185273e-01   0.0000000e+00  -2.2286076e-02  -2.4259018e-01  -1.1996003e-01   9.9601669e-02  -2.5674709e-01  -4.2995116e-04  -3.1660056e-02  -2.0489286e-01   2.4585352e-01  -1.7265511e-01   6.0280212e-02   1.0221488e-01   4.2676025e-02   1.6022722e-01  -1.9094562e-01   1.6203223e-02   1.1545439e-01  -2.3684703e-01   1.2022766e-01  -4.9741746e-02  -2.1070646e-01  -2.0653060e-01  -3.7419400e-02  -4.4737515e-01  -1.3223166e-01  -6.6758332e-02   3.8047157e-02   6.3145103e-01   9.2770741e-02  -6.2604678e-02  -1.1927632e-01  -2.8557867e-01   1.4074359e-01   1.8511023e-01  -2.1783640e-01   4.7225910e-03   4.6339620e-04  -4.8263658e-02  -2.5937983e-04  -3.0670173e-01   1.4910548e-01  -4.5727712e-02  -8.2928925e-02   1.7157627e-01   3.4343955e-01  -2.3712254e-01   2.8390064e-02   1.2688013e-01  -1.6276966e-01  -9.1363684e-02  -2.3098700e-01  -1.8797164e-01  -7.8428428e-02   1.3002180e-01  -9.5375613e-02   1.9869712e-01   1.5681022e-01  -2.3467572e-01   1.1628834e-01  -6.9721376e-02   1.5995160e-01   1.9313097e-01   1.3918600e-01  -1.4274003e-02  -3.2176319e-02  -1.6683639e-01   2.7609834e-01  -9.1638784e-02  -3.9577771e-02  -1.3077745e-01  -1.1159845e-01   2.0858516e-02   4.3167739e-02  -3.2687130e-01   7.1851068e-02  -2.7171239e-02  -1.3674925e-01  -1.1702827e-01   1.2648425e-01  -1.7493705e-01  -1.0830274e-01  -5.9636837e-02   6.4860158e-03   3.2607010e-01   2.7154451e-01   1.0267952e-01  -2.3096607e-01  -7.2497396e-02  -7.3839616e-02   5.5418531e-02   2.8834224e-02   4.1795432e-02   3.0044690e-01   6.3484650e-02   2.3448091e-01  -1.2839658e-01   3.9472784e-02  -2.9560303e-01   1.2127833e-01   2.2100832e-01   1.0125854e-01  -1.0732928e-01  -4.7831696e-02   7.8446642e-02   2.2992408e-01   1.5057401e-02   1.8267959e-02  -1.4459650e-01  -5.0465569e-02   5.6091958e-02  -3.1148359e-01  -1.9642057e-01   1.1488436e-01  -1.7324627e-01   1.1075983e-01   2.1597655e-01   1.0717544e-01   2.3378407e-01  -3.4821191e-01   1.3404678e-01  -2.6586599e-01   1.0795395e-01   3.8625684e-03   3.1500713e-01  -1.9854874e-01  -9.6704712e-02   9.1781901e-02   8.0252296e-02   5.4620689e-01  -8.2482466e-02   1.6283439e-01  -2.7317602e-01  -1.8940843e-01  -1.1218152e-01  -6.2144463e-02   2.0651758e-03  -3.1381044e-01  -1.9712925e-02  -4.0454274e-02   1.1125202e-01  -2.0634468e-01   9.0946305e-02  -6.6236408e-02  -3.8241703e-02  -1.0450094e-01   1.5052550e-01  -9.0209662e-03   1.6551711e-01   4.5698698e-02  -2.8492405e-01   8.6427237e-02   2.6451341e-01  -8.5087398e-02  -1.7673878e-01   7.7582876e-02   6.5016634e-02  -2.1829296e-01  -1.2560483e-01  -1.4750307e-01   7.9013868e-03   1.9541667e-01   3.7349112e-01   3.1273713e-02   2.0736969e-01
  -1.3925415e-01  -1.4403182e-01  -4.1948346e-01   1.0339712e-01  -4.9855977e-01   5.7585947e-03  -8.6666522e-02  -3.5802609e-02  -1.7598534e-01  -3.5713532e-01  -2.8550828e-02  -2.8739777e-01  -2.2286076e-02   0.0000000e+00   2.9768447e-01  -2.0617947e-01  -5.0252297e-01   3.3393219e-02  -1.9227173e-01  -4.9690271e-01   4.1863744e-01   1.2487315e-01   2.9367543e-01  -1.6761217e-01   2.3764621e-01  -1.0603135e-01  -3.7191481e-01   3.6908449e-01   5.2806373e-03   4.4580652e-01   3.4157198e-01   7.5972088e-02  -3.4742973e-02  -4.1360961e-01   5.4530116e-02  -3.2546564e-01  -1.4608401e-01  -2.0518337e-01  -1.3610370e-01  -5.1551527e-01  -6.2024326e-02  -3.7298336e-01  -2.3443376e-01   8.4440970e-02  -8.4887291e-02  -2.1633867e-01   3.6541222e-02   4.5407074e-01   1.2464213e-01  -5.6583936e-01   7.4392360e-02  -1.7978079e-01  -3.2997089e-01  -2.6223465e-01   9.2923007e-02   1.8841330e-01   3.0504491e-01  -3.0868782e-02  -2.0150559e-01   1.2621053e-01  -2.9474729e-01  -2.4582132e-01  -3.5908047e-01   1.2663344e-01   7.2623390e-02  -3.5425642e-02   9.4898147e-02  -2.0548970e-01   1.5932760e-01  -5.1499214e-02  -3.2400880e-01   1.1519873e-01  -2.7999526e-01   6.7468623e-02  -1.0664009e-01   7.2293481e-02  -1.9871912e-01   1.7925014e-02  -4.3765477e-01  -2.8291107e-01   3.3738610e-01  -4.4209341e-01  -1.8470873e-01  -3.7242569e-02   3.2216446e-01   3.5274986e-01  -4.9919952e-02   1.5969342e-01  -2.1779677e-01  -2.4961375e-01  -4.6265773e-01  -3.0784687e-01  -4.6280600e-01  -2.4131869e-01  -4.2549017e-02  -5.5702371e-01  -1.5663153e-01  -1.2097221e-01  -1.8026734e-01   6.4070209e-02   4.7526019e-01   4.0198776e-01   6.9887077e-01   1.6904469e-01   2.9758094e-01   1.5148616e-01  -1.9970415e-01   1.6232936e-01  -1.3207607e-01  -7.3922370e-02  -8.0499606e-02   3.7831001e-01  -1.4475981e-01   4.2122018e-02   3.8223132e-01  -2.8772725e-01  -1.3681210e-01  -2.3069441e-01   3.3172439e-01   3.3885180e-02  -3.5011540e-01  -5.5573721e-01  -5.6515935e-01   2.1274779e-01  -4.1007316e-02   6.2547951e-01   4.4937868e-01  -9.1624631e-02  -1.8382106e-01  -7.0193770e-02  -4.3244144e-01  -1.0786378e-01   3.5689648e-01   5.3877462e-01  -3.3366413e-01   8.6340954e-02  -4.2365189e-01   5.4251827e-01   5.1366801e-02  -1.7914076e-01   5.6675985e-02  -7.4519736e-02  -5.3232505e-03   2.3342537e-01   2.4404446e-01   4.6399871e-01  -4.5709201e-01  -6.4047385e-02   3.0390828e-01   3.1829595e-01   2.4288596e-01   5.5105253e-01  -4.1166153e-01  -1.8771125e-01  -4.6137258e-01  -2.8837603e-01  -1.3567893e-01  -2.5807732e-01  -3.9756263e-01   4.1484236e-01  -3.8781640e-01  -8.6338586e-02  -2.0824794e-02   2.3955229e-01  -1.2030961e-01  -4.8814663e-01  -9.8156422e-02  -2.6541346e-03  -2.0217738e-01  -3.9331864e-01  -5.1801523e-01  -1.6769450e-01  -1.0910462e-01   9.7246736e-02   4.3849196e-02  -3.0567847e-01  -1.4768766e-01
