   0.0000000e+00  -5.3616270e-02   1.7993973e-02  -1.6891377e-01   2.5454993e-01  -2.5338894e-01  -1.3218172e-01   1.1295608e-01   6.7042823e-02  -7.8250295e-02  -9.1020647e-02  -2.0629917e-01   7.1282900e-02   4.1802099e-01  -3.0560174e-01  -1.1370495e-01   5.4004138e-02  -7.1109708e-02   1.1101046e-01   1.6689429e-01  -3.1939938e-01  -1.8819683e-01  -3.7866772e-01   1.6177439e-01  -1.7299658e-01   1.3748560e-01   5.9801996e-02  -3.5228201e-01  -6.4476879e-02  -2.7859974e-01  -4.5789286e-01   1.3757507e-01  -1.7001644e-01   8.8110990e-03  -3.2870170e-01   2.2846249e-01  -5.3328184e-02   8.0787814e-02   8.8424901e-02   6.4484079e-04  -1.5240093e-02  -5.6313158e-02   8.3799117e-03  -3.3587365e-01   1.0394620e-01   4.3538219e-01  -1.3636790e-02  -1.3629099e-01  -1.4926044e-01   7.0816125e-02  -5.5613775e-02   2.8676333e-02   6.8857156e-02  -2.1221572e-02   2.6314627e-01  -3.0448861e-01   1.4246549e-02  -5.4367953e-02   1.4312073e-01   1.2313227e-01   8.7652918e-02  -1.0720250e-01   7.9912776e-02   3.8059155e-02   1.7931499e-01   1.1392822e-01  -3.1847133e-01   2.1866969e-02  -2.2163488e-01   1.3618228e-01   2.9488794e-02  -2.4910575e-02  -1.5219477e-02   3.1576655e-01   6.2418757e-03  -2.1884962e-02   3.3318980e-01  -2.1470213e-01   1.1878348e-01  -4.7381809e-02  -2.8911259e-01  -9.1110620e-02  -1.3952663e-01   2.4384411e-01  -1.7481847e-01  -4.8726806e-02  -2.8831527e-01   3.1852698e-01   1.9076353e-01   1.0148176e-02   3.3178646e-01   1.6668197e-02   2.7941729e-02   1.0931204e-01   3.0721141e-01   1.6880571e-01  -1.8642967e-01   2.9635255e-02   5.0526652e-02  -6.0260743e-02  -1.8405220e-01  -3.4263491e-01  -2.9056287e-01  -1.7350952e-02  -6.6610941e-02  -4.9144689e-02  -1.1575998e-01   4.0509138e-02  -1.5321910e-02  -1.4544528e-01  -9.5191592e-03  -2.7895755e-01  -1.4965328e-01   5.5455176e-01  -2.3946544e-01   4.5703983e-02  -1.0562527e-01   8.1850865e-02  -2.2030862e-01  -1.5737648e-01   3.4099254e-01   1.8029039e-01  -7.6621545e-02   1.5044159e-01   3.7115012e-01   4.5009845e-01   2.0093787e-02  -2.0940458e-02   7.1052313e-02  -1.1945490e-01   1.2281471e-01  -3.4820035e-02   1.4730090e-01  -2.5394324e-01  -9.5531282e-02   5.3160921e-02  -1.0283362e-02  -2.1390830e-01   4.8976351e-02   3.0722813e-01   4.6005326e-01   1.0423082e-01  -2.3693820e-01  -2.1435478e-01  -2.6929332e-01  -2.4458881e-01  -1.6087985e-01   3.6209785e-01  -1.1524179e-01  -7.2073913e-02   9.3151197e-02  -4.6204959e-01   2.5991595e-01   4.7499170e-02   9.2793921e-02   3.0356193e-02   5.9756312e-01   4.3001592e-02   1.8142204e-01  -1.7662876e-01  -5.9390197e-02  -5.4131951e-02   4.6192465e-02  -1.5666201e-01  -3.0910311e-02   1.0663459e-01   2.1783352e-01  -6.0994012e-02   3.3113007e-01   1.5115109e-01   2.7022522e-01   2.0520913e-01   1.6961097e-01  -2.6213352e-01  -2.1816560e-01   1.9389366e-01  -8.5321283e-02
  -5.3616270e-02   0.0000000e+00  -1.1202630e-01  -5.6236172e-03   3.8890496e-01  -3.6421525e-02  -3.2488850e-02  -4.0309045e-02   5.2732449e-01   2.5867633e-01  -3.7899878e-01   5.5415645e-01  -2.1580777e-01   9.2939706e-02   1.1566459e-02   7.2871075e-02  -1.1369507e-01  -1.0959946e-01  -2.0294538e-01   1.6724964e-01  -2.2022435e-01  -8.1122063e-02  -4.6653746e-01  -3.3822651e-02   1.6326018e-01   6.3192616e-03   2.3521325e-01  -4.5891702e-01  -8.0331995e-03   3.3129228e-01  -2.4810025e-01   6.6661848e-02  -7.9505970e-02   2.2246223e-01   1.1551430e-02  -7.7100261e-02  -2.0147207e-01  -1.4937498e-01   1.0353163e-01   1.4721437e-01  -2.1911540e-01  -7.1801323e-02   4.2967583e-01  -2.1245565e-01   4.7724642e-01  -1.5634276e-01  -4.8338957e-02   2.8653513e-01  -2.6900402e-01  -2.5053344e-02  -2.2230953e-01   1.0233249e-01   1.2946694e-01  -4.5546457e-03  -6.7010164e-02  -2.4900773e-01  -2.6405629e-01  -1.4861519e-02   5.2415208e-03   3.8119343e-01  -2.5657772e-01  -1.2390400e-01   4.9883628e-01   2.0602452e-01   5.9228720e-01   1.5862405e-01   2.6696012e-02   3.6914243e-01  -1.3400210e-01  -9.2475110e-02   4.6834509e-01  -1.1242469e-01   1.1208727e-01  -5.4972775e-02  -8.2441113e-02  -1.1481094e-01  -5.9234357e-02  -5.8834358e-02   5.6317911e-01   9.4048693e-02  -3.6243874e-01   1.1989144e-01  -9.7885038e-02   6.6873220e-02   1.1048105e-01  -1.0135086e-01   3.3279117e-02  -7.6306718e-02   2.6364826e-01  -2.8788844e-02   4.4107555e-01  -1.7071652e-01   3.3225772e-01   1.2435919e-01  -1.9552189e-01   3.2691043e-01   5.5651098e-02  -1.1975324e-01   2.0449451e-01  -4.7288668e-01  -3.7246849e-01  -1.1304832e-01  -2.9585186e-01   2.4235688e-01  -3.5926726e-01  -9.9187948e-02   1.9282112e-01   8.0633064e-02  -2.8278511e-01  -1.2040176e-01   1.2813270e-02   4.5273340e-02   2.4666080e-03  -5.3882362e-02  -5.0916426e-01   5.6686645e-01  -1.0490992e-01   1.6416125e-02  -3.2078478e-01   4.4203624e-02  -6.7934679e-02   5.1806531e-01   3.0020747e-01   5.4387863e-01  -2.4061965e-01   8.0874544e-02   4.5019418e-01   8.2180901e-02  -1.3457658e-01   3.5191220e-03   7.1256637e-02   5.5019218e-02   2.2177637e-01  -4.1961010e-01   2.3328035e-01  -1.0681849e-01  -1.0251333e-01  -2.3488448e-01   4.5831948e-02  -1.9575931e-01   4.2029118e-02  -6.6194057e-02  -1.6305819e-01  -2.6798342e-01  -2.1265047e-01  -4.3043101e-01  -1.5086017e-01   3.4530596e-01  -3.2667288e-02   9.6380486e-03  -1.3072645e-01  -1.8276892e-01  -1.8473421e-01  -8.2298680e-03   3.3968060e-01  -1.5656056e-01  -1.4611279e-01  -6.8593248e-02  -1.4910230e-01  -3.7466843e-01   7.3292170e-02   4.2937978e-02   2.8539760e-01  -1.6699298e-01  -2.5003187e-02   4.6275042e-01   3.2810083e-01  -1.9542312e-01   2.7603299e-02   5.0409099e-01   2.3918454e-01  -1.7359523e-01   3.3574774e-02  -8.0060009e-02   6.4208943e-02   5.1651414e-02  -2.5891286e-02
   1.7993973e-02  -1.1202630e-01   0.0000000e+00  -2.3677324e-01  -1.4824249e-01   1.7128289e-01   3.2544519e-02   2.4105692e-02  -3.8081493e-01  -2.3553311e-02  -3.6208853e-01   1.5816420e-02   2.6939280e-02  -5.7109236e-02  -1.1333702e-01   1.8879106e-02   9.0647347e-01  -4.2706110e-01   1.0764551e-02   1.2413514e-01  -4.0895539e-01  -8.6939688e-02  -2.1158950e-02  -2.5965806e-01  -1.3185063e-01  -2.1993696e-01  -1.2185021e-01  -6.0616641e-02  -6.8100555e-02  -5.0661117e-01  -1.4075683e-01  -1.6035191e-01   1.4264974e-01   2.1611029e-01  -1.9142558e-01  -1.6614616e-01  -4.1328880e-01   2.2999064e-01  -1.7254817e-01   5.1118935e-01  -2.5952776e-01   5.1936571e-01  -4.0677664e-01   8.7451970e-02  -2.4441955e-01   3.9799806e-01  -3.6132790e-01  -2.6191399e-01  -4.2011081e-03   6.7983562e-01  -3.2222056e-01  -1.9287065e-01  -2.7498560e-02   4.1087492e-01  -2.1631987e-01   4.8419807e-02  -2.1165088e-02  -1.6797231e-01  -3.0056633e-01  -1.2400560e-01   2.9671173e-01  -1.8404188e-01  -1.5125424e-01  -4.5321276e-01  -3.6225964e-01  -3.5048758e-01   4.3745215e-02  -1.8305506e-01  -2.6270855e-01   5.0673547e-01   2.4118352e-01  -2.7190604e-01  -1.5782264e-01   2.4985021e-01   9.7467130e-02  -1.3406828e-01   3.2119940e-01  -1.7628225e-01  -3.5865561e-01  -2.1422778e-01   4.4977443e-02   3.3619614e-02   2.9003240e-01  -1.4186550e-01   3.0289934e-01  -1.4233498e-01  -2.5701727e-01  -2.0115898e-01   3.6217720e-02  -2.1675796e-01   2.4641918e-02   7.0265215e-01   4.6974596e-01  -2.5560582e-01   3.1436309e-01   4.0223682e-01  -1.5258161e-01  -7.9787539e-02  -1.6931803e-01   5.8039863e-02   1.4406648e-01   2.1312504e-02  -5.6869999e-02  -2.8621455e-01  -1.8425543e-01  -1.8512339e-01   3.6022939e-01  -2.5851742e-01   1.5085712e-01  -1.1929310e-01   3.3736661e-01  -2.1458037e-01  -1.2416368e-01   1.1245589e-01   2.7362109e-01  -1.9888894e-01  -2.0462933e-01   2.1614592e-02   1.0408869e-01  -1.3589431e-01   4.7421425e-02   1.7825472e-02   1.9241312e-01  -3.8118107e-01   2.6278917e-01  -5.4583313e-02  -4.7008990e-01   2.0267332e-01  -1.6415971e-01   5.6923104e-01   5.8702044e-02  -4.1747598e-01  -5.6344608e-02  -5.1130527e-02  -4.0913371e-02  -9.7840478e-02   1.2661281e-01  -1.3302618e-02  -1.1837610e-01   1.1151078e-01  -7.9286280e-02   6.5285546e-02  -2.9180387e-01   5.0590284e-01   7.4082329e-02  -9.9906471e-02   6.0461786e-01  -4.8278695e-02  -1.2923704e-01  -4.5407401e-01   9.5837420e-02  -1.3920719e-01   4.1748709e-01  -3.6025034e-01   5.7055363e-01  -2.5517416e-02   6.4863371e-02  -2.8755220e-01   6.9074645e-01   4.6656813e-03  -1.0001571e-01  -2.7312719e-01  -3.0371820e-01  -4.2917166e-01  -2.8905249e-01   8.3694352e-02  -7.4775590e-02  -9.3564978e-02   1.3374857e-01   1.8331603e-01   2.7646062e-01   2.4376184e-02  -4.0335605e-01   1.3571841e-01  -3.6021285e-03   3.1465840e-01  -1.5529199e-01
  -1.6891377e-01  -5.6236172e-03  -2.3677324e-01   0.0000000e+00   3.1305665e-02   3.2851903e-01  -3.0666393e-01   2.4335126e-01  -1.2827287e-01  -4.5379340e-01   2.5708614e-01   1.0829348e-02   1.9989627e-01  -7.0050697e-02   2.3283445e-02   1.7065840e-01  -3.1332499e-01   2.8155831e-01  -8.6005978e-02   1.5790466e-01   5.7369560e-01   7.9291301e-01   1.2932051e-01   3.0551876e-02   4.2332381e-01   1.5115517e-01   3.0109708e-01   8.0839180e-02  -1.3469191e-01   4.6051922e-01   7.7946287e-02   2.2919757e-01   2.4717261e-01  -4.6610505e-01   4.3004336e-01   1.4172108e-01   2.9804136e-01  -2.2825338e-01   1.8731439e-01  -3.4345557e-01   3.2056536e-01   1.2102929e-02  -8.2326406e-02   3.1162245e-02  -2.2897468e-01  -5.6664874e-02   5.4505719e-01  -3.4762314e-01   5.0565578e-01  -1.3778351e-01   3.2749041e-01   9.1123105e-03  -4.8845265e-01   1.0658206e-01   1.6002232e-01   4.7605238e-02   4.2016415e-02   6.0004456e-01   2.1731293e-01   6.0433380e-02  -2.8900526e-02   2.3661065e-01  -1.9203975e-01  -1.3995850e-01  -1.5685066e-01  -9.0870869e-02   2.8850305e-01   4.7792764e-02   5.5579017e-01  -1.2856581e-01  -4.9703735e-01   6.7124609e-01  -2.1499035e-01  -1.4040328e-01   1.9674823e-01   1.9966439e-01   4.7823016e-02   4.8981228e-01  -4.3697628e-02   4.2836403e-01  -1.1627444e-01  -1.6673023e-01  -2.8826598e-01   3.2585245e-01   1.3501545e-01  -2.4433039e-01   5.1322918e-01   1.7097164e-01  -1.0259527e-01  -1.7068035e-01  -2.4305646e-01  -1.9447143e-01  -3.1142218e-01   1.9691150e-01  -1.1523378e-01  -1.6589375e-01   3.7406425e-01   4.9684728e-02   3.8672290e-01   1.4217731e-01  -2.5209951e-01  -8.1304393e-02   2.2765115e-01   2.3538335e-01   2.5235272e-01   4.9818284e-01   1.2892923e-01   3.4901347e-01   1.2472627e-01   3.5211926e-01  -5.0189835e-01   7.4824674e-01   6.3018106e-01  -1.3358160e-01  -1.7508687e-01  -2.5277273e-02   4.8460622e-01  -1.0131723e-01  -4.8330962e-02   6.3819586e-01  -1.3070353e-01  -8.1256619e-02  -1.0795255e-01  -4.3945208e-02   2.3152281e-02   5.6249008e-02   1.4646838e-01   2.2355739e-01   5.2831988e-01  -1.9847955e-01   3.4134679e-02  -2.2407442e-01   2.9391347e-01  -1.8921228e-01   2.9986693e-01  -1.0152798e-01   1.7277694e-01  -3.0923845e-01   1.3081095e-01  -1.4249222e-01  -3.9546771e-02  -6.4950937e-02   2.6405733e-01  -1.6346113e-01  -2.7361082e-01  -1.8335124e-01  -3.9438745e-01  -2.4792783e-01   2.9124488e-01  -2.0506513e-01   2.6962098e-02   2.9996040e-02  -1.6174307e-01   1.2450274e-01  -4.0732481e-01  -2.6204362e-01  -5.6283089e-02   1.9902775e-01  -2.0965611e-01  -9.1177248e-02   2.3526711e-01   1.9645229e-02  -3.0026134e-01   5.6199725e-01   3.4595050e-01  -2.8898777e-01  -4.2273745e-01   2.7699900e-01   8.5928230e-02  -3.0638296e-01  -4.0639909e-01  -3.1110685e-01   2.7208926e-01   3.7198477e-01   1.2608471e-01  -1.5251777e-01   4.3588519e-01
   2.5454993e-01   3.8890496e-01  -1.4824249e-01   3.1305665e-02   0.0000000e+00  -1.1054008e-01  -3.0824244e-01   1.7972761e-01   3.0635367e-01  -6.7552316e-02  -3.2337193e-01  -1.3011352e-02   1.3413659e-01   1.8599126e-01  -3.2288590e-01   9.4340054e-03  -2.4691116e-02  -1.1769864e-01   1.2984889e-01   7.2961077e-01  -2.6706051e-01  -2.3220212e-02  -6.0790861e-01   2.7930761e-02   1.6805701e-01   7.5867667e-02   4.8481299e-01  -5.8566198e-01  -1.3596916e-01   9.4954964e-02  -5.4791989e-01   1.1610084e-01   1.9699033e-02  -1.8174789e-01  -1.6229308e-01   6.3850551e-01   1.6433786e-01  -1.0162447e-01   2.2714308e-01   5.3303376e-02   4.6912103e-02  -8.1721876e-02   3.1641072e-01  -5.9702437e-01   4.6282038e-01   1.1374938e-01   2.3128115e-01  -1.6901865e-01  -1.3957801e-02   1.2804389e-01  -8.7216724e-02   1.5503965e-01  -2.0518582e-01   1.0915578e-01   4.1133256e-02  -3.3147823e-01   4.4249029e-02  -1.4477728e-02   1.2982379e-01   1.5185525e-01  -1.6498842e-01   8.9692904e-02   4.9427164e-01  -6.6941456e-02   5.8709230e-01   4.1579704e-01  -1.9012424e-01   4.2556673e-01  -1.2556053e-01  -8.0258687e-02   9.8552320e-02   1.6227221e-01   5.2190075e-02  -7.7861257e-02   1.3166934e-02  -5.1344021e-02   1.5292899e-01  -1.7138644e-01   7.9177238e-01   1.9570613e-01  -6.3526868e-01  -5.1323957e-02  -2.7656963e-01   5.5493686e-03  -1.5364221e-01  -6.8700894e-02  -2.2892436e-01   6.2888298e-02   4.1079963e-01   1.1821690e-01   7.8195653e-01  -1.1314384e-01   1.3422143e-01   1.6422213e-01   6.1878292e-02   5.9273445e-01   2.3022959e-01   1.6778283e-01   6.5115089e-01  -2.3926133e-01  -5.3672465e-01  -6.3883043e-01  -4.5964173e-01  -6.7834426e-02  -3.0438324e-01   5.5589420e-02   1.3676534e-01   2.8431870e-01   1.8875034e-02  -4.9528636e-02  -3.2108214e-01  -3.6872707e-02   2.0522408e-01   2.5819166e-01  -6.2231772e-01   6.1234528e-01  -6.8497110e-02   2.3325388e-01  -5.9065561e-01   7.8149500e-02   2.2905639e-01   7.9797093e-01   1.4227751e-01   5.1260134e-01   1.7067397e-01   1.1973852e-01   4.4695470e-01   2.0882931e-01   8.0983933e-02  -2.2128825e-01   2.5969514e-01  -2.7731905e-02  -4.4826534e-02  -5.7669746e-01   1.4296882e-01   5.1379015e-02   6.2867636e-02  -5.8360173e-01   5.0893472e-02   1.7590250e-01   2.6024563e-01   1.1248549e-01  -2.0210614e-01  -5.9565319e-01  -4.9883003e-01  -4.9344853e-01  -5.6202976e-01   6.8366632e-01   1.8621631e-01  -1.9717003e-01  -1.8545208e-01  -5.2306253e-01   1.4034768e-01  -5.5811131e-02   1.0310389e-01  -1.4487012e-01   2.5735020e-01  -6.0357647e-02   2.3325415e-02  -4.4734009e-01   1.7073779e-01  -4.3144686e-03   2.1658394e-01  -1.1423299e-01   2.3290191e-01   4.0403849e-01   3.0140096e-01  -1.4190948e-01   8.9863782e-02   4.8695333e-01   4.1941283e-01  -1.3751741e-01   3.4233220e-01  -1.5396526e-01  -3.1331613e-02   1.5864022e-01   1.0370779e-01
  -2.5338894e-01  -3.6421525e-02   1.7128289e-01   3.2851903e-01  -1.1054008e-01   0.0000000e+00   2.8542859e-01   1.0578835e-01  -3.5360345e-01  -2.2386684e-01   1.3149392e-01   4.2893324e-01   1.4052643e-02  -1.2001140e-01   1.3045336e-01   2.4724897e-01   9.1392383e-02   1.2799522e-01  -3.8022325e-02   1.8640914e-01   3.1879199e-01   3.7651915e-01   2.9796053e-01  -3.0856216e-01   3.3924596e-01  -2.0356052e-01   3.6461240e-01   1.3584724e-01  -4.0990687e-02   1.8768585e-01   1.2534697e-01  -2.5982251e-02   2.0858516e-01  -1.2082067e-01   5.1800557e-01   2.3503271e-01   2.7205859e-01  -2.2367056e-01  -1.4850640e-01   1.6463399e-01   1.1694399e-02   3.0694942e-01  -2.5435767e-02   2.3309646e-02  -2.6878536e-01  -1.3965153e-01   4.2666543e-01  -2.2195425e-01   2.2139904e-01   4.2385269e-02   3.4909969e-01  -2.2781848e-01  -5.6839092e-01   3.4244409e-01   1.1046291e-01   2.3315445e-01   2.1302808e-01   2.3322049e-01   1.0741933e-01   2.8264767e-01   6.0895429e-02   8.0637844e-02  -2.8332628e-01  -4.8105841e-01  -3.7189691e-01   1.3180644e-01   6.7307691e-01  -5.7418415e-02   5.3516092e-01   1.7878029e-01  -2.9366448e-01   3.7493230e-01  -3.6906168e-01   6.7642253e-02   1.5465911e-01   1.4923823e-01  -7.6462109e-02   1.8606303e-01  -1.9398475e-01   1.1188115e-01   1.0171319e-01  -1.6318437e-01   1.4850933e-01   9.4797472e-02   5.2620068e-01  -2.5868894e-01   2.1704715e-01  -1.2481498e-01  -4.3942385e-02  -2.2398505e-01  -2.8522841e-01   2.2742414e-02   1.1247904e-01   2.9499098e-02  -2.0797242e-01  -2.9543108e-02   2.3855758e-01   4.5866197e-02   1.3559342e-01   2.2460276e-01  -7.9984289e-02   1.3954322e-01   2.9480974e-01   1.6366597e-01   1.1192649e-01   3.0074927e-01   4.5325235e-01   1.2671580e-01   4.8460452e-01   5.5915117e-01  -4.7053057e-02   4.6132623e-01   3.6162185e-01  -1.6737466e-01   9.6057253e-02  -1.7779808e-01   2.3010673e-01  -1.1265173e-01   1.2133944e-01   2.2783646e-01  -3.2935791e-01  -8.9745548e-02   1.2087875e-01  -4.0061329e-01  -7.6888476e-02  -1.0648629e-01  -5.0658165e-02  -6.5209813e-03   2.1350303e-01   2.5613868e-01  -1.8363554e-01  -1.4980601e-01   2.8696956e-01  -8.4480071e-02   1.3404431e-01  -2.4288630e-01   1.0414719e-01  -2.1987132e-01  -1.2410689e-02  -2.9147579e-01  -3.6670530e-03  -1.6323314e-01   1.1682002e-01   3.5627873e-01   6.7631656e-02   2.4513346e-02   1.7816184e-01  -2.5231705e-01   5.7417777e-01  -3.0937935e-01   4.4242922e-04   1.5726051e-01   4.1417558e-02  -6.7206220e-02  -5.5652935e-02  -3.3670538e-01  -2.4521382e-01   4.2040727e-03  -5.4971426e-02   1.3401251e-01   2.3347283e-01  -2.3244428e-01  -4.3071365e-01   3.1230895e-01   1.5558242e-02  -2.1090853e-01  -2.9428451e-01   9.1909970e-02   6.0666985e-02  -2.4653576e-01  -6.4466321e-02  -3.6346586e-01  -6.0642236e-02   6.3082614e-01   2.7004012e-01  -2.2144109e-01   2.5448024e-01
  -1.3218172e-01  -3.2488850e-02   3.2544519e-02  -3.0666393e-01  -3.0824244e-01   2.8542859e-01   0.0000000e+00  -2.6992851e-01  -6.1088575e-03   4.9197840e-01  -1.6682433e-02   2.9256434e-01  -3.2133186e-01  -2.0954476e-01  -1.2562834e-02   3.8215459e-02   3.1092356e-03   1.1031973e-01  -5.1708285e-02  -2.7428672e-01  -1.2438797e-01  -2.9254878e-01   3.2073852e-01  -1.2693653e-01  -2.5207094e-01  -3.1374691e-01  -1.4806792e-01   1.6994611e-01  -4.7057549e-02  -1.4366036e-01   4.5355507e-02  -1.8015882e-01  -1.6386231e-01   5.9799123e-01  -8.8205131e-02  -9.1448629e-02   2.0734495e-02  -1.0471622e-01  -2.2997192e-01   1.8908653e-01  -3.2303688e-01   2.5068988e-02   2.1912402e-01   1.4576570e-01   3.7846948e-02  -2.1219975e-01  -2.4872044e-01   5.7351742e-01  -3.4456023e-01  -6.0641451e-02   9.5744151e-02  -2.6788137e-01   3.2681494e-01  -3.6301463e-02  -1.3014594e-01   1.3489663e-01  -7.6178785e-02  -2.0530954e-01  -5.7960893e-02  -1.5942159e-02  -1.2226519e-01  -1.1299534e-01   2.6351177e-02  -5.3672910e-02  -1.6585664e-01   2.7437355e-01   2.0858251e-01  -5.3038845e-02  -1.0586568e-01   7.4763206e-02   2.6520578e-01  -3.7748520e-01   5.8114267e-02  -1.0907686e-01  -2.6008497e-01   1.0738936e-01  -2.6987570e-01  -1.0096906e-01  -1.3418548e-01  -4.2097211e-01   3.5376385e-01   1.3773545e-01   4.6011610e-01  -2.8338014e-01  -3.5251128e-02  -5.6098512e-02  -1.9514372e-01  -2.1129389e-01   2.0074359e-02  -8.8752586e-02  -2.7672110e-01  -8.9465695e-02   3.5095271e-01  -2.6333164e-01  -1.5657707e-01  -2.6736440e-01  -3.3105023e-01  -1.1064657e-01  -3.7122031e-01   2.7675768e-01   1.8481625e-01   3.4652944e-01   1.1827352e-01  -1.4159052e-01  -4.4966012e-03  -4.2779783e-02  -8.6191898e-02  -1.5805804e-01   3.4083634e-01   1.4090458e-01   6.8508466e-01  -2.2801303e-01  -3.2277303e-01  -1.9416760e-01   3.2503749e-01  -2.3078557e-01  -2.0224511e-01  -1.6153257e-01   2.6307215e-01  -3.3815810e-01  -2.6735352e-01  -2.8042508e-01  -3.8954914e-02  -2.2669271e-01  -2.9796060e-01  -2.2693350e-01  -1.3598897e-01  -1.5205763e-01  -2.2504884e-01   2.2305925e-01  -1.0755838e-01   4.1435351e-01  -2.0840853e-01   3.2333478e-01  -2.0823205e-01  -2.5538338e-01  -3.0896361e-01   3.3386152e-01  -2.1886553e-01  -8.3781713e-02   8.8096607e-02  -2.8397586e-01  -1.0297959e-01   4.3302355e-01   4.8499152e-01   3.4510677e-01   5.6678084e-01  -1.3953379e-01   7.2553782e-02   2.4075269e-01  -2.4690656e-01   2.0260760e-01  -2.2052680e-01  -1.8269966e-01   3.2053806e-02   5.7552575e-02  -2.3079657e-01  -6.4333323e-03  -4.1880041e-02   3.4312536e-01  -6.1501156e-02  -1.6812122e-01   1.1839190e-01  -1.9540005e-01  -1.9513907e-01   1.5086138e-01   2.4531811e-01  -1.0390965e-01  -1.6685047e-01  -4.9300238e-02   1.1441559e-01  -9.5767404e-03  -2.6610565e-01  -1.0700179e-01  -1.7796170e-02  -8.8536136e-02  -3.2710188e-02
   1.1295608e-01  -4.0309045e-02   2.4105692e-02   2.4335126e-01   1.7972761e-01   1.0578835e-01  -2.6992851e-01   0.0000000e+00  -1.4365694e-01  -3.1651936e-01  -7.6703246e-02  -6.7370793e-02   1.4805146e-01   1.1650544e-01  -4.9305776e-02   1.3065114e-01   6.4152064e-02  -1.6028086e-01   6.2571735e-02   2.3427869e-01   8.0495046e-02   2.0140036e-01  -6.3568682e-02  -2.2970670e-02   1.0240815e-01   2.4048826e-01   1.6801566e-01  -5.9276078e-02  -7.9869425e-02  -6.8542916e-02  -5.8551939e-02   1.6784797e-01   1.5705296e-01  -2.3543323e-01   1.2365481e-01   2.1969705e-01   1.2763285e-01  -1.1548517e-02   2.4451007e-01   5.4061015e-03   1.5763074e-01   1.9752606e-01  -5.5698424e-02  -1.3091110e-01  -2.1377771e-01   1.4139497e-01   1.9828873e-01  -3.7466532e-01   3.4433863e-01   1.2113509e-01   2.1460248e-02   2.8434834e-01  -3.4032641e-01   3.3445641e-01   1.5107354e-01  -1.1852317e-01   1.0417080e-01   2.4293369e-01   1.6804893e-01   3.3301467e-02   1.8817679e-01  -1.4375926e-02   3.8397655e-02  -2.5335040e-01  -4.3103956e-02  -1.1387719e-01   1.5296181e-01   1.7152798e-01   1.7714051e-01  -6.3726393e-02  -1.7403504e-01   2.4934575e-01  -9.7189881e-02   1.4895471e-01   9.8782464e-02   2.5415291e-03   1.4481588e-01   9.7439405e-02   3.9958705e-02   2.8435406e-01  -2.5089428e-01  -5.4869215e-02  -9.0493381e-02   2.9850641e-01   2.3257364e-01  -1.0066961e-02   1.1324160e-01   2.8837921e-02   7.8302024e-04  -2.6423525e-02   1.1892675e-01   1.0141963e-01   6.1280681e-03   1.7852133e-01   2.3920610e-01   1.6384406e-01   3.3423226e-01   2.4552826e-02   1.6553563e-01   7.7991362e-02  -1.3467730e-02  -1.7732700e-01  -2.4350819e-03   4.1069605e-03   1.1676919e-01   3.4552484e-01   3.2165826e-01   2.3689404e-01   8.5158356e-02   5.8501418e-02  -2.2766456e-01   1.3704615e-01   2.4731571e-01   1.4728539e-01  -1.4040389e-01   7.8322521e-02   8.9250993e-02  -1.3388564e-02  -1.6485614e-01   2.9137950e-01   6.5240728e-02   1.1505562e-01  -8.5119888e-02  -7.8688093e-02   2.0005965e-01   5.8071138e-02  -1.9915055e-02   1.1209823e-01   2.1732583e-01  -1.4896321e-01   6.0673927e-02  -2.8320540e-01   1.9918146e-01  -2.2864080e-01   1.5264429e-01   1.7147123e-01   2.7642044e-01  -3.2809659e-01   3.2213918e-01   1.0307237e-02   1.1843770e-01  -1.2216302e-01   3.2097752e-02  -1.4456214e-01  -2.0011689e-01  -2.9974379e-01  -2.2130039e-01  -5.3860247e-02   9.9294574e-02  -3.9745314e-01  -2.9056772e-02  -1.6460230e-01   1.1579914e-01  -4.3620681e-02  -5.3007481e-02  -2.4419705e-01   1.6365274e-01   1.8228003e-01   1.9106575e-01  -9.7216182e-02  -1.5686643e-02  -1.5383197e-01  -3.7066948e-01   1.1660902e-01   2.0995393e-01  -3.5569002e-02  -1.3019819e-01   2.1627588e-02   2.4725567e-01   8.4558903e-02   8.1146143e-02  -1.9588589e-01   3.1919745e-02   1.8024428e-01  -3.2535358e-02   2.1144689e-02   1.8371943e-01
   6.7042823e-02   5.2732449e-01  -3.8081493e-01  -1.2827287e-01   3.0635367e-01  -3.5360345e-01  -6.1088575e-03  -1.4365694e-01   0.0000000e+00   4.1926905e-01  -1.5190374e-01   3.3435914e-02  -1.5831114e-01   6.3591988e-02  -1.1273732e-01  -1.7413605e-01  -3.0878880e-01   1.7743256e-01  -1.7897523e-01   5.5247112e-02  -2.0375263e-01  -2.0310828e-01  -5.0299761e-01   2.7634805e-01  -6.9883631e-03   1.0470217e-01   1.7847153e-01  -4.7010649e-01   9.7535093e-03   3.6067137e-01  -2.3181791e-01   4.8132845e-02  -2.3421951e-01   1.7927744e-01  -1.4393447e-01  -2.0669229e-02  -6.1296791e-02  -2.5661454e-01   8.0687002e-02   9.0530636e-04  -2.0480479e-01  -4.0102795e-01   5.1478343e-01  -3.4527468e-01   6.6783257e-01  -5.5766748e-02  -3.5505495e-02   4.3663803e-01  -3.1273444e-01  -1.3588930e-01  -3.6977583e-02   1.0708781e-01   3.3512345e-01  -3.0258728e-01   3.4718423e-02  -5.2012656e-01  -1.2563817e-01  -6.6460532e-02   1.1398847e-02   2.6106936e-01  -3.0210283e-01  -1.3537369e-02   5.7289024e-01   5.9643687e-01   7.4623501e-01   2.9540092e-01  -1.3172456e-01   3.5031310e-01  -1.3676671e-01  -1.5522498e-01   4.0497854e-01  -8.2853911e-02   8.7160197e-02  -1.7273800e-01  -2.3086122e-01  -3.6466759e-02  -9.6550186e-02  -8.6206374e-02   6.0125731e-01  -3.8405191e-02  -3.9282170e-01   1.4878844e-02  -3.9851604e-01  -1.6667419e-02  -3.6278602e-01  -6.8860313e-02  -6.2482450e-02   8.0673335e-02   2.9151133e-01   1.5265131e-01   3.6720757e-01  -3.4289494e-01  -6.8815943e-02   2.4155831e-01  -1.5222313e-01   7.4549641e-02  -9.1037935e-02  -1.7316687e-02   2.0723429e-01  -2.6912306e-01  -3.5215522e-01  -2.0754555e-01  -4.8921736e-01   3.1052657e-01  -2.0742076e-01  -1.4957403e-01  -2.4266945e-01   2.2014289e-01  -2.8720298e-01  -3.0731729e-01  -1.4565162e-01  -2.0201104e-01  -6.9025099e-02   1.3932056e-01  -4.5985861e-01   5.2475613e-01  -2.3193421e-01   2.7937456e-02  -3.7102443e-01   4.2396924e-03   1.2086995e-01   3.2006349e-01   1.1618228e-01   7.3318884e-01  -1.2597562e-01  -2.7833698e-02   4.6925971e-01  -7.1398571e-02  -4.6230687e-02  -1.0949306e-01   8.6056880e-02   3.5354017e-01  -1.6183286e-01  -2.6971161e-01   2.0339493e-01   1.6361888e-03  -2.0651933e-01  -2.9952365e-02   4.8940143e-02  -4.6438178e-02   2.1269355e-01  -5.9024124e-02   1.0075967e-01  -4.9470566e-01  -1.8155343e-01  -2.7425676e-01  -3.4093917e-01   2.9805102e-01  -2.1947928e-01   4.3141941e-01  -1.7861971e-01  -2.6789681e-01  -1.8430293e-01   9.9139886e-02   5.6412815e-02  -3.7855410e-02   9.7726382e-02  -7.0838222e-02  -3.1221360e-01  -3.3588652e-01   2.0378558e-01   2.9613171e-01   5.3487030e-01  -2.4631175e-02   5.4206122e-02   3.7503727e-01   4.0498801e-01  -1.3133402e-01  -1.0774141e-01   2.6732504e-01   3.5666852e-02   2.7782486e-02   3.5060919e-01  -2.9350419e-01  -5.2102878e-02   5.9026671e-02   7.7902191e-02
  -7.8250295e-02   2.5867633e-01  -2.3553311e-02  -4.5379340e-01  -6.7552316e-02  -2.2386684e-01   4.9197840e-01  -3.1651936e-01   4.1926905e-01   0.0000000e+00  -2.5872694e-01   1.9703532e-01  -2.3331493e-01  -2.1122343e-01   6.8278973e-02  -4.9979030e-02  -2.5921086e-02   4.0301008e-02  -1.4799771e-01  -1.3148227e-01  -3.2442365e-01  -4.1791173e-01  -1.6121392e-01   9.7190509e-02  -2.2215175e-01  -1.6913904e-01  -2.1865130e-01  -1.7652520e-01  -1.9249690e-03  -3.0851871e-02  -9.2409062e-02  -1.5245265e-01  -3.5520213e-01   6.7600502e-01  -2.0290379e-01  -1.4283226e-01  -1.9073136e-01  -6.2189996e-02  -1.2462438e-01   9.6966093e-02  -3.7392900e-01  -1.9100642e-01   4.6289787e-01  -6.0189502e-02   5.4309444e-01  -3.9302625e-02  -3.9119605e-01   5.8624613e-01  -4.7496415e-01  -1.4670591e-02  -8.0172937e-02  -6.8179070e-02   5.0476313e-01  -8.6777807e-02  -1.2704321e-01  -1.8981116e-01  -1.8382115e-01  -2.7128313e-01  -8.3172022e-02   1.5002256e-01  -9.0984511e-02  -7.0397291e-02   3.9638453e-01   3.0085765e-01   3.2675568e-01   3.2390714e-01  -7.4825584e-02   1.2567583e-01  -3.4782243e-01   5.4274752e-03   4.0363188e-01  -4.2305591e-01   2.6537352e-01   2.8961488e-02  -3.3776810e-01  -1.0029780e-01  -1.5166300e-01  -2.5204410e-01   2.3124769e-01  -3.6159631e-01  -2.5648897e-02   2.4652238e-01   1.1293739e-01  -3.9979892e-01  -1.2493935e-01   8.5250483e-03  -2.3542211e-01  -1.4450018e-01   1.5609736e-01   8.0382227e-03   3.9653309e-02  -3.6117607e-02   3.3619814e-01   8.7869595e-03  -1.6492557e-01  -1.9153330e-02  -2.3289954e-01  -1.4641236e-01  -1.4546259e-01  -9.2278649e-02  -6.3701327e-02   1.8124006e-01  -2.9501045e-01   7.2089846e-03  -3.4574310e-01  -1.8475536e-01  -1.6819708e-01  -2.0374935e-01  -3.6355200e-02  -2.7996212e-01   4.6125289e-01  -4.1231731e-01  -3.1687829e-01  -1.4565393e-01  -3.4185298e-02   1.5668378e-01  -4.1953539e-01  -6.1194094e-02  -1.3606268e-01  -2.6163355e-01  -1.2579134e-01   5.2209528e-02   9.9747434e-02   2.4917970e-01  -1.7690630e-01  -2.1048195e-01   2.6024118e-01  -3.1235743e-02  -1.5726113e-01  -3.1888497e-02   3.7759876e-02   4.0052631e-01  -1.7763780e-01  -2.4666190e-02   9.0473908e-02  -2.0846702e-01  -2.6925801e-01   1.5854938e-01  -7.8052986e-02  -8.9197081e-02  -3.5736166e-03  -1.6466891e-01  -1.5170805e-01  -4.6672753e-02   2.5193909e-01  -3.4734567e-02   1.9333965e-01   1.3248517e-01  -2.1478501e-01   4.2191657e-01  -2.0252702e-01  -6.9578737e-02  -1.6307652e-01  -8.0125738e-02   1.4400007e-01  -2.7816572e-03  -2.1403706e-01   3.4596651e-02   2.1709111e-02  -1.4804110e-01   7.3759840e-02  -1.1107026e-02   5.0850343e-01  -3.1889160e-01  -1.2393354e-01   5.3437516e-01   3.5353862e-01  -3.2209609e-01  -9.2581983e-02   2.2537096e-01   1.8620889e-01   1.8380981e-02  -7.1107175e-02  -3.4540244e-01  -1.1629274e-01   6.0369046e-02  -7.8592171e-02
  -9.1020647e-02  -3.7899878e-01  -3.6208853e-01   2.5708614e-01  -3.2337193e-01   1.3149392e-01  -1.6682433e-02  -7.6703246e-02  -1.5190374e-01  -2.5872694e-01   0.0000000e+00  -1.8122782e-01   1.6083632e-02  -3.9676719e-02   3.3043732e-01   1.0696303e-01  -4.4880812e-01   6.4051268e-01   7.1796447e-02  -2.9948895e-01   5.9470277e-01   3.0298972e-01   3.7210559e-01   1.6002499e-01  -2.3377117e-02   3.2870221e-02  -3.9184725e-02   4.7546891e-01   6.5116526e-02   2.8721342e-01   4.8379225e-01   1.1183191e-01   1.6392042e-01  -2.7153917e-01   2.8061490e-01   5.3715969e-02   2.4810441e-01  -1.8799433e-01   1.1770022e-01  -4.5939432e-01   3.4061718e-01  -1.3676261e-01  -2.0380468e-01   3.2534942e-01  -2.6431901e-01  -1.5747643e-01   5.0438958e-01   2.7852699e-02   9.3011480e-02  -4.3804711e-01   5.3852396e-01   7.9473746e-02  -1.2070390e-01  -2.6394695e-01   1.5998921e-01   3.3428029e-01   5.0454240e-02   3.0480722e-01   2.6812563e-01  -8.7529737e-03   1.4951434e-01   1.0434403e-01  -3.9477098e-01   3.0535621e-01  -2.7689995e-01   6.9186403e-02   1.0356153e-01  -2.2957134e-01   4.9274888e-01  -1.7789195e-01  -5.0518380e-01   3.2410280e-01   6.9915778e-02  -1.3693613e-01  -6.1215516e-02   1.4700469e-01  -4.3011106e-02   1.8607954e-01  -3.7291907e-01   1.4997549e-01   3.9988657e-01  -9.2151993e-02  -3.8477127e-02   1.3756787e-01  -5.8334526e-02   1.0255700e-01   2.9012655e-01   2.1944392e-01  -2.9292116e-01  -1.7988250e-01  -4.6929643e-01  -3.3019900e-01  -5.5569844e-01   1.4200802e-01  -1.7902567e-01  -5.8921261e-01   7.2167562e-02   6.3632077e-02  -1.7429638e-01   1.8925303e-01   2.6988630e-01   3.9472825e-01   4.5820479e-01   2.5917640e-01   5.0065742e-01   1.4766258e-01  -2.9386241e-01   9.2401055e-02   8.7487919e-03   3.7148436e-01  -2.2916773e-01   3.0090252e-01   3.0287068e-02  -1.0976597e-02   2.3953429e-01  -3.7658453e-01   3.6854960e-01  -1.2525594e-01   3.4648419e-01   1.1763733e-01  -3.3622360e-02  -4.4984312e-01  -1.7678674e-01  -1.7596472e-01  -5.5987706e-02  -5.0579185e-02   3.0129424e-02  -2.4108706e-01   1.6614302e-01  -1.4918213e-01  -1.3326423e-01   2.6110638e-01   5.5822655e-02   3.7916258e-01  -1.5241128e-01   2.0862517e-01  -8.1299648e-02   3.4027470e-01   1.4833395e-01  -2.1341487e-01  -1.0034994e-01  -9.4445552e-02   5.0869899e-01   1.2244587e-01   1.8088677e-01   4.4294193e-01  -1.1114715e-01  -2.1756273e-01   3.4610175e-01   2.1373074e-01   9.3578661e-02   4.5191743e-01  -1.7657075e-01   5.5397171e-01  -5.5585656e-01  -7.4843109e-02  -1.2013071e-05   3.3625214e-01  -3.7104621e-01   3.0109120e-01   8.3117139e-03   4.7754116e-01  -9.5456067e-02   5.0016960e-01   2.0634180e-01  -6.0892621e-01  -2.2880695e-01   2.9907395e-01  -9.0046952e-02  -5.8476405e-01  -6.3659937e-01  -7.3530473e-02   3.2433877e-01   2.1421031e-01   5.3914826e-02  -3.0096505e-01   2.5050381e-01
  -2.0629917e-01   5.5415645e-01   1.5816420e-02   1.0829348e-02  -1.3011352e-02   4.2893324e-01   2.9256434e-01  -6.7370793e-02   3.3435914e-02   1.9703532e-01  -1.8122782e-01   0.0000000e+00  -8.7350903e-02  -1.0387591e-01   1.9595893e-01   2.0103935e-01  -1.0576261e-01   1.0921500e-02  -1.3167394e-01   6.3342658e-02  -8.3708355e-03   5.2890483e-03   2.7277927e-02  -3.6131905e-01   2.6657622e-01  -1.7699796e-01   1.5783383e-01  -5.8925289e-02   7.5939353e-02   2.8924588e-01  -1.4969457e-02   8.5030595e-02   7.4813909e-02   1.6270481e-01   3.3019781e-01  -3.5607490e-02   8.6614251e-03  -2.6817413e-01  -1.5779705e-01   1.3171499e-01  -1.2160381e-01   1.4128679e-01   2.5997283e-01   8.2653010e-03   1.3065994e-01  -3.1113740e-01   1.0154218e-01   8.3902895e-02  -1.9040613e-02  -2.0997473e-01   5.2622112e-02  -6.1662428e-02  -1.5661625e-01   2.2235257e-01  -4.3698815e-03   1.4895722e-01  -1.1119495e-01  -8.0283856e-03   3.6257208e-02   3.9636186e-01  -3.6572511e-02   6.3461141e-02   1.8359606e-01  -1.6610828e-01   6.5240722e-02   6.9180116e-02   3.3603319e-01   2.1304360e-01   1.8851649e-01   3.7772933e-02   1.2102701e-01   1.6788897e-02  -1.0840582e-01   1.5477671e-01   3.4877329e-02   1.5709929e-02  -2.1504165e-01   1.0842760e-01   1.2325218e-01   1.1731372e-01   1.2179963e-02   7.8361657e-02   1.4339777e-01  -1.6902231e-02   4.3830885e-01  -1.5741045e-02   8.1003471e-02  -2.3997666e-01   7.4076896e-02  -1.9669438e-01  -3.9370311e-02  -9.5656229e-02   3.5990646e-01   5.9949843e-02  -2.9200845e-01   1.1433506e-01   1.8933746e-01  -9.9262954e-02   2.3676983e-02  -1.2974845e-01  -1.7539930e-01   1.3426716e-01   7.2058706e-02   2.1867013e-01  -8.3402684e-02   4.1738398e-02   3.7182148e-01  -2.5739295e-02   1.9168391e-01   1.9716868e-01   1.7367264e-01   2.1669780e-01   8.5933675e-02  -2.1649583e-01  -1.0722950e-01   9.8431336e-02  -3.2030211e-03  -6.1655432e-02  -5.4821807e-03   4.5927095e-02  -2.8689060e-01   1.6750860e-01   4.0108721e-01  -1.9724840e-02  -3.2872815e-01  -3.1403482e-02   2.3356719e-01   4.3055097e-02  -8.6146161e-02   1.0605662e-01  -2.1472456e-01  -1.0838133e-01   2.2728013e-01  -2.0583563e-01   1.5187162e-01  -1.4034108e-01   1.5460713e-01  -1.6773380e-01  -4.8149327e-02  -2.6964994e-01  -1.0419159e-01  -6.8082922e-02  -9.7640250e-02   1.5594089e-01   8.1242585e-02  -9.9045795e-02   1.8379607e-01  -1.1952393e-01   2.0891687e-01  -1.2732717e-01  -3.0719340e-02   1.0054262e-01  -1.1457039e-01  -3.7549372e-02   1.0619506e-01  -2.9453204e-01  -3.2169209e-01   9.0654717e-03  -1.8209544e-01  -8.3897120e-02   1.7404211e-01  -5.4168769e-02  -2.2294187e-01   6.0222573e-02  -1.1945922e-02   2.2707773e-01   7.6410913e-02  -1.1534270e-01   1.2579693e-01   1.0406399e-01   2.0365639e-01  -3.9082179e-01  -8.6335431e-02   1.4829781e-01   1.9990098e-01  -6.3659628e-02   1.3695307e-01
   7.1282900e-02  -2.1580777e-01   2.6939280e-02   1.9989627e-01   1.3413659e-01   1.4052643e-02  -3.2133186e-01   1.4805146e-01  -1.5831114e-01  -2.3331493e-01   1.6083632e-02  -8.7350903e-02   0.0000000e+00  -2.2702780e-02  -3.3153447e-01  -2.2105778e-01  -5.6666552e-02  -1.1034635e-01   2.5951730e-01   3.8602004e-01  -3.2952351e-02   2.8584487e-01  -2.2977932e-01  -2.0812687e-01   2.2542784e-01  -1.4133613e-01  -1.3110843e-04  -1.8712347e-01   2.2151288e-01  -4.8788440e-03  -2.8538063e-01   8.6134986e-02   4.1023013e-02  -3.6395093e-01   8.8873741e-02   1.9365210e-01   7.4569421e-02  -1.7849267e-01  -5.2363291e-02  -2.4035887e-01   5.2080019e-01   8.1957842e-02  -8.0000385e-02  -2.4492938e-01  -1.0127828e-01   8.4608009e-02   1.4493206e-01  -4.9063732e-01   6.5945696e-01  -2.5848077e-01  -5.9372073e-03  -1.3561353e-01  -4.2304524e-01   4.8474173e-02  -6.2185320e-02  -1.6807725e-01   1.5597968e-01   1.1388489e-01  -2.2056857e-01   5.7938062e-02   4.9116012e-02   6.5074024e-01  -7.7746324e-02  -2.2630981e-01  -1.6861034e-01  -1.8700472e-01  -1.8550460e-01   1.9368884e-01   6.8338024e-02   8.4784727e-02  -4.4424817e-01   3.7767588e-01  -2.1602801e-01   1.1670207e-01   3.0717912e-01  -2.3180262e-01   1.4812159e-01   1.2556081e-01  -1.5952437e-01   5.0215342e-01  -2.8527410e-01  -3.1085734e-01  -3.8570599e-01   3.9894280e-03  -1.4964962e-01  -2.2875869e-01  -6.3556581e-02   1.0763811e-01   1.6323414e-01  -1.6343804e-01  -1.1536527e-01   3.5847133e-02  -2.4308827e-01   1.2230921e-01   1.1600069e-01   1.8888791e-01   5.1366110e-01   2.0943421e-01   4.9915300e-01  -8.1006280e-02  -2.3804566e-01  -3.5113008e-01  -6.1729813e-02  -3.1045381e-03   9.2655763e-03   2.5335889e-01   1.5518192e-01   1.6361276e-01  -5.3042019e-02  -1.4871741e-01  -3.5783351e-01   8.0275805e-02   4.5805115e-01   1.5157759e-01  -1.7726941e-01  -2.7641534e-01  -5.1168926e-03   2.3266713e-01  -2.2663312e-01   2.0966778e-01   1.8892286e-01  -5.5066305e-02   1.1004117e-01  -1.3786769e-01   1.5782045e-01   2.4631905e-01   2.0068381e-02   1.1777305e-01   2.9289113e-01  -2.4810659e-01   1.9441528e-02  -4.7709497e-01  -3.0603597e-02  -3.0410666e-01   1.6651093e-01  -1.7738763e-02   4.5886773e-01  -3.4150472e-01  -1.1647904e-01   1.8839594e-01  -4.3286752e-02   7.1775350e-01  -1.1212577e-02  -1.8874820e-01  -3.0098368e-01  -3.1783869e-01  -2.7107980e-01  -1.0975556e-01  -1.1955128e-01  -2.5038987e-01   1.1115191e-01  -2.0952290e-01   1.7935223e-01   6.3688659e-02  -1.4049665e-01  -1.7219937e-01   2.1735010e-01  -1.4638674e-01  -1.8546647e-02  -2.6461534e-01   4.0523648e-01  -8.3961373e-02  -4.1024893e-01   1.8356379e-01   3.6849698e-01  -2.2414529e-01  -1.7411312e-01   3.8031438e-02   2.9180823e-01  -2.5580992e-01  -2.1518207e-02  -1.9714996e-01   2.5052985e-01   2.2784696e-02   2.1827400e-01   1.4942618e-01   2.8652820e-01
   4.1802099e-01   9.2939706e-02  -5.7109236e-02  -7.0050697e-02   1.8599126e-01  -1.2001140e-01  -2.0954476e-01   1.1650544e-01   6.3591988e-02  -2.1122343e-01  -3.9676719e-02  -1.0387591e-01  -2.2702780e-02   0.0000000e+00  -1.8659791e-03  -1.0907428e-01  -1.3186262e-03  -1.6503628e-01  -4.2221602e-02   1.1245480e-02  -1.5873004e-01  -1.6954928e-01  -1.6577350e-01   1.4589129e-01  -3.8380989e-02  -1.7169732e-02   3.3773433e-02  -1.5098778e-01  -5.4570194e-04  -9.6621370e-02  -6.0562662e-02   1.0144016e-01  -6.4999496e-02  -1.7254332e-01  -1.3334944e-01   1.0979403e-01  -7.6591401e-02   6.2509761e-02   1.0660398e-01  -5.3021409e-02   6.2819711e-02  -6.1637521e-02  -5.0688414e-02  -1.9656558e-01  -1.1236269e-01   2.7314392e-01   4.0836754e-02  -1.3926642e-01  -7.1550050e-02   7.8452760e-03  -1.8205883e-01   1.3275666e-01  -2.9470971e-02  -4.2298089e-02   2.8745976e-01  -1.5178252e-01   1.1122167e-01  -1.8814697e-01   2.2151690e-01   1.1835278e-01   8.0351337e-02  -1.9566662e-01   3.6159660e-02   4.0518586e-02   1.3389629e-01   2.1802966e-03  -1.7610455e-01  -8.9807782e-02  -7.5085910e-02   2.6588489e-03   1.7744046e-02  -7.5920785e-02   3.0320682e-02   3.6372542e-01   3.6579984e-02  -7.5828141e-02   2.1296302e-01  -1.6126911e-01   8.7178307e-02   1.6579728e-02  -1.0007870e-01  -1.1630688e-01  -7.7550063e-02   2.4467737e-01   1.1200248e-01   1.6445214e-02  -3.6253804e-02   2.5665467e-01   2.9191284e-02   1.0532975e-01   2.0675821e-01   9.9035067e-02  -1.3491149e-02   2.0224632e-02   2.2948742e-01   6.1173751e-02  -9.0092030e-02   1.2168897e-01   8.2733256e-03  -7.7180839e-02   2.0011825e-01  -1.4377560e-01   1.6423302e-03   1.4852154e-01   5.1605754e-02   3.8926749e-02   5.3173165e-02  -8.2086890e-03  -2.7865334e-01  -9.5362835e-02  -1.1903109e-01  -1.5158048e-01  -9.2666055e-02   3.9926679e-01  -9.6314072e-02   3.6223251e-03  -4.6217268e-02   2.4428295e-01  -2.8539457e-02  -6.9264980e-02   1.7283494e-01   1.5996372e-01  -2.1390236e-02   1.2242229e-01   1.6979581e-01   2.9344860e-01  -3.6569958e-02  -8.5965734e-02  -4.1051766e-02  -9.0420629e-03  -8.3742204e-02  -8.2125623e-02   2.7461126e-01  -1.2074993e-01  -2.0293665e-01  -1.1184996e-01   5.1250939e-02  -2.6806002e-03   4.4442193e-02   1.8996231e-01   3.8987412e-01  -2.4209279e-02  -1.7061712e-01  -1.2264883e-01  -1.3167808e-01  -7.3850893e-03  -1.0916569e-01   2.2499949e-01  -4.4408314e-02  -8.4625954e-02   1.5998702e-01  -1.6719883e-01   1.8545924e-01   9.9286732e-02   6.4076982e-02   1.5888176e-02   2.4534448e-01   7.2553923e-02   2.5010855e-02  -5.5321512e-02  -1.2921214e-01  -1.1027036e-02   3.1557269e-02  -5.7202710e-02  -4.7014715e-02  -3.2073198e-02   1.5221366e-01   8.9800734e-02   2.2922731e-01   1.2066489e-01   5.2256650e-02   6.2873290e-02   3.9141548e-02  -6.2928060e-02  -7.7768518e-02  -4.9252844e-02  -1.6647509e-03
