   0.0000000e+00  -1.3439543e-01   1.9113059e-01  -6.2297957e-02  -9.3541423e-02  -1.4426651e-01  -2.1133151e-01   1.3207957e-01  -1.1574326e-01  -2.0511821e-01  -1.1542347e-01   7.5869046e-03  -1.7107150e-01   3.8914046e-01   1.6220506e-01  -5.4245022e-01  -2.6511098e-02  -1.1585966e-01   8.7257938e-02  -2.0519749e-01  -2.8406466e-01   6.7262495e-02  -2.2136579e-01   6.1863306e-01   2.6125418e-01   3.3896679e-01  -2.4446633e-01   2.2980742e-01   3.4214461e-02   1.7342883e-01  -1.4524482e-01   4.3613312e-01  -3.9005410e-01  -2.8109721e-01  -4.5198389e-02  -2.2115465e-01  -2.4654978e-01   3.5473831e-01  -6.1439232e-01  -1.2846469e-01  -2.6336194e-01   1.9936608e-01  -1.0476362e-01   5.3468495e-02  -1.2210357e-01   5.7969469e-01  -1.8602746e-01  -2.7258717e-01  -1.8912736e-01  -1.0557087e-01  -1.0891236e-01   4.0147188e-01  -3.4906668e-01   1.3478603e-01   4.9587122e-01   1.9536826e-01  -1.1248599e-01   2.2971980e-01  -2.2275787e-01   8.4333517e-02   4.8991449e-01  -2.9115316e-01   1.9211845e-01   1.2832476e-01   2.9060201e-02  -1.0049067e-01  -9.7930543e-02   1.0737013e-01  -7.4749686e-02   2.6375450e-01  -2.5317332e-01   8.5086439e-02  -4.1848584e-01   7.7435288e-01   1.1952492e-01   3.5521734e-01   5.4722048e-01   2.9592660e-01  -3.4685421e-01  -1.8963357e-01   1.4900759e-01  -4.5701866e-01  -2.5569906e-02   1.6192593e-01   1.9321114e-01   2.9154711e-01  -7.5332060e-02   5.4944784e-01   8.1880124e-02   6.8279164e-01   3.2038090e-02   4.3322903e-01  -9.5789453e-02   9.5161252e-02   5.5350877e-01  -3.1665593e-02   7.5297559e-02   2.7299638e-01  -9.2991660e-02  -1.4084022e-01   2.1190709e-01   1.1759148e-01   1.0630074e-01   3.1111348e-01   1.7031411e-02   2.7866063e-01   7.9604082e-02   9.2645166e-02  -2.1846753e-01  -2.5317950e-01  -4.8694104e-02   1.2862017e-01  -4.3935059e-02   7.4899975e-01  -4.5080291e-04  -1.8467889e-01   3.3981300e-01  -2.4530115e-01   1.4786860e-01   2.7942952e-03   6.8732159e-01   5.9511470e-02   1.8880230e-01  -1.7810546e-01   6.6992938e-01   3.9897686e-01  -1.4716753e-01  -9.9647839e-02   3.9233192e-01   3.4822674e-02  -4.1858940e-01  -2.5036958e-01   5.9786485e-01  -2.5779685e-01   1.7154146e-01   4.0571494e-01   2.0034690e-01   2.5261567e-01   3.6918660e-01   5.9460711e-01   5.4270584e-01  -1.0711513e-01  -3.2726172e-03   9.7105589e-02   2.1240598e-02  -1.3850136e-02  -1.4575594e-01   2.0511076e-01  -8.3890178e-02  -3.9076414e-01   5.8278343e-01   2.9742744e-01   4.6699765e-01   1.3994906e-01   7.3073163e-02   6.6819368e-01   6.7046035e-01  -2.4204056e-01   3.3989454e-01   2.3819262e-01   2.5595798e-01   4.4869021e-02  -2.3614150e-01   1.1052465e-02   2.6611901e-01  -1.2814219e-01  -1.6392269e-01   2.8782643e-01   5.8520717e-01  -7.5449398e-02  -1.3491334e-01   2.9676498e-01  -1.1482607e-01  -1.0057885e-01   5.5338517e-02  -1.5105004e-01   2.9869539e-01
  -1.3439543e-01   0.0000000e+00   3.0568786e-01  -3.2594080e-01   4.1577344e-01  -2.7830654e-01   3.3431820e-01   1.3452556e-01   5.6897898e-01  -3.8644401e-02  -5.1424275e-01   4.4927332e-01  -4.3538808e-02  -1.8699623e-01  -8.2263209e-02  -6.8035170e-02   5.1092890e-01  -3.8075644e-01  -8.3721771e-02   3.0196506e-02  -3.3266685e-01  -2.8560885e-01  -2.8258797e-01  -2.4718554e-01  -3.3316327e-02  -9.7726945e-02   1.8077169e-01   1.2985050e-01   2.3434880e-01   7.6696268e-02   2.9479438e-01  -1.9379784e-01   6.2505862e-02   2.8178885e-01   9.0059192e-02  -1.9614862e-01   1.1252822e-02  -9.5608506e-02   5.5445155e-02   4.8843121e-01  -3.2338942e-02   9.8863444e-03   2.0070003e-01  -8.2435290e-02  -3.3825756e-01  -1.2992340e-01  -4.3605426e-01   4.5408149e-01  -1.8100100e-01   5.1997209e-01  -3.9539804e-01  -2.0584952e-02   5.9290979e-01  -9.6338780e-02  -3.0589835e-01  -2.2120605e-01  -2.6058559e-01  -4.2201349e-01   4.0531471e-02   2.7611257e-01  -1.4710325e-03  -3.3585426e-01   4.0142885e-01   3.9973258e-01   4.1998126e-01  -3.0162251e-01   4.1588422e-02   1.4640142e-01  -3.6517177e-01  -2.4472889e-01   6.4017028e-01  -5.2045575e-01   1.4822043e-01  -3.4131496e-02  -9.1395282e-02   2.2147429e-01  -1.6296016e-01   1.8385101e-01   4.5913229e-01  -7.1473454e-02  -2.3123907e-01  -2.8077618e-02   1.3841148e-01   6.6416436e-02   3.8405855e-01   1.1698797e-01   5.2777050e-01  -2.7852521e-01   3.3125991e-01  -1.0980470e-01   4.6022906e-01  -1.1429479e-01   1.8281819e-01  -4.4027833e-03  -2.1506838e-01   2.5250024e-01  -3.3361424e-01  -9.4418006e-02   3.4616030e-02  -5.7723847e-01   2.9385798e-01  -2.0364961e-01  -1.5344097e-01   2.5516434e-02  -4.7649673e-01  -1.2921162e-01  -4.8279109e-02  -1.3779144e-01  -3.5377885e-01   2.9391059e-01  -7.7446030e-03  -4.4954378e-01  -2.6659085e-01  -3.1812833e-01  -1.0628899e-01   6.2494660e-01  -6.7327680e-02   2.8613647e-02  -1.0701117e-02  -4.6725466e-01  -2.8131173e-01   5.0931287e-01   3.9027476e-01   9.7291687e-02  -1.6152491e-01  -4.4701954e-01  -3.3970867e-02   4.7927782e-02  -2.0456981e-01   1.6974850e-01   1.2955458e-01  -7.3582026e-02   2.4722253e-01   3.7633702e-01  -2.2251107e-02   2.0475539e-01  -1.8864093e-01  -8.4431002e-02   8.2037668e-02  -7.2204263e-02  -9.0676406e-02   5.0602697e-03  -2.8520926e-01   1.4862216e-02  -1.9951301e-01   4.3594781e-02   4.6447506e-01   4.8449026e-01   7.5912799e-02   1.1218710e-01  -6.1579988e-03  -8.6352690e-02  -2.4124567e-01   2.2719312e-01   6.4065920e-01  -1.4983749e-01  -2.6688449e-01  -1.1608765e-01   7.8754035e-02  -3.8938122e-01   2.0065967e-01  -1.6720797e-01  -2.2735132e-01  -3.9828289e-01  -1.5619998e-01   2.5145961e-01  -6.2380964e-02   1.4177178e-01  -1.8569067e-01   4.0118088e-01   3.8738432e-01  -1.7819331e-01  -2.0797851e-02  -2.2758951e-01   7.3096834e-02   1.7782244e-01  -2.5302037e-01
   1.9113059e-01   3.0568786e-01   0.0000000e+00  -1.0118197e-01   2.5096543e-01   1.1689787e-01   2.3649275e-01   1.4451204e-01   3.5798548e-02  -1.4485628e-01  -2.1357367e-01   4.2339816e-01   3.2135871e-03  -9.5500293e-02  -2.5972685e-02   3.5500425e-02   7.5742675e-01  -1.9621608e-01   8.0588348e-02   2.4827304e-01  -2.9532897e-01   6.6691266e-03  -2.4661760e-02  -1.2862898e-01  -6.8400293e-02   6.1874829e-02   4.0636453e-01   2.0988419e-01   3.6240831e-01   3.5477884e-02  -1.0913779e-01   1.6281873e-01  -3.8454545e-03   2.4410087e-01  -6.4452814e-02   6.3545998e-02  -2.7396953e-01   1.8453279e-01  -1.1081735e-01   4.4910851e-01  -1.5436491e-01   2.0071643e-01  -1.9351686e-01  -1.2710152e-01  -1.5625176e-01   4.6783894e-01  -2.4040505e-01  -1.3923089e-01  -1.6855934e-01   5.0122737e-01  -9.6980865e-02   1.2102364e-01   1.4799609e-02   1.3894664e-01  -1.2716189e-01  -9.0204322e-02  -5.2386781e-02   7.1210071e-02  -1.2890101e-01   1.2434945e-01   5.6423568e-01  -8.7249110e-02   1.9227949e-01   8.0999837e-03  -8.9040415e-02  -1.9793511e-01   3.8210558e-02   5.6296427e-03  -1.4273797e-01   5.6728311e-01   2.6012920e-01  -1.0261493e-01  -1.6453356e-02   3.1612408e-01  -3.1564725e-02   2.2435074e-01   3.9129791e-01   8.3296515e-02   3.4459515e-02  -2.9735395e-01   1.2143926e-01  -5.5874394e-02  -4.8971800e-02   1.1645610e-01   3.4021899e-01   1.3423030e-02  -6.1523011e-02  -1.1479277e-01  -7.9532203e-02   1.4084487e-01  -1.0524046e-02   5.0322993e-01   1.4075384e-01  -4.4605369e-02   1.5768964e-01   3.0082670e-01  -1.8949949e-01   1.1729510e-01  -1.2462442e-01  -3.0156497e-01   2.0317307e-01  -1.5605736e-01  -1.1537839e-02   1.1354886e-01  -2.2102244e-01   3.2997321e-01   1.2674110e-01   8.7729464e-02  -2.4631273e-01   7.1363557e-02   1.2127340e-01  -1.7404480e-01  -2.0371348e-01   7.8055858e-02   2.9221884e-01  -1.1338026e-01  -4.4143962e-02  -1.6694862e-01   6.6589598e-02  -1.8337885e-01   1.7875433e-01   1.1653769e-01   8.0723615e-02  -2.2717634e-01   2.7312809e-01  -1.6297859e-01  -4.1415747e-02  -1.0927471e-01   2.4395319e-01   5.7287345e-01   1.7279358e-02  -2.0808345e-01   2.2169110e-01   9.4956535e-02  -2.1431462e-02   1.9714370e-01  -1.1622600e-01   5.9759401e-02   1.4046370e-01   1.0757854e-01  -7.6486559e-02  -4.5490107e-02  -2.1326099e-01   1.8005225e-01  -1.3603346e-01  -8.0090800e-03   3.7469060e-01   1.5286006e-02   1.9295867e-01  -1.2995553e-01   3.5810705e-01   6.2022260e-03   5.5843425e-02  -2.1564182e-02   5.1734989e-01   8.2323490e-02   2.4428272e-01  -1.8605971e-01   5.3575396e-01  -1.5041070e-02   2.1994349e-01  -3.7242362e-02  -3.4901652e-01  -1.6415407e-01   2.2138762e-01  -7.0118856e-02  -2.0731577e-01   7.8885842e-02  -2.3897547e-02  -2.9487117e-02  -3.2451070e-04   9.8161975e-02  -1.8621189e-01   6.9733360e-02   1.1411854e-01  -7.2310852e-03   1.3812617e-01
  -6.2297957e-02  -3.2594080e-01  -1.0118197e-01   0.0000000e+00  -2.1399449e-01   3.2128752e-01  -4.2820230e-01   6.2778054e-02   4.0262401e-02  -5.2715893e-02   4.6431703e-01  -2.6986916e-01   2.2517816e-01   2.2316991e-01  -9.2698642e-02   2.2562825e-01  -2.0222481e-01   6.0271913e-01   3.0444640e-01   1.3501062e-01   2.4046183e-01   5.8323377e-01  -2.1445625e-01   5.1124837e-02   1.7477403e-01   3.1041109e-02  -1.2217827e-01  -7.0860821e-02   3.1030808e-02   2.5305670e-01  -1.3327370e-01   4.2517130e-01   1.7428543e-01  -4.8571475e-01  -3.5870538e-01   2.6625899e-01  -1.0438025e-01  -7.2030747e-03   1.7584690e-01  -3.5376994e-01   3.5423515e-01  -1.3292211e-01  -1.8569465e-02   2.6151274e-01   3.7929236e-01   3.0575693e-02   5.9154197e-01  -3.8333545e-01   1.2060088e-01  -3.4529028e-01   6.1565524e-01  -1.3697221e-02  -4.6664164e-01   2.0145012e-02   2.5001375e-02   2.3334445e-01   5.5389816e-01   6.0364183e-01   5.6284793e-01  -1.4349036e-01  -1.1305530e-02   2.7157454e-01  -1.2598995e-01  -2.4695494e-01  -1.5827929e-01   3.9111603e-01   3.0454369e-01   1.4327997e-01   3.9188566e-01   1.5316906e-01  -3.9655620e-01   6.7098386e-01   1.3048292e-01  -1.6423419e-02   9.0120811e-02  -1.3750059e-01  -3.7035979e-02  -1.6594704e-01  -2.1400981e-01   5.0055290e-01  -1.7776293e-01   8.2565577e-02  -2.3502755e-01   9.2884608e-02   3.8891206e-02  -3.8012166e-02  -2.2520727e-01  -7.2268321e-02  -1.3145311e-01   8.1255836e-02  -2.0405048e-01   7.9639916e-03  -4.7684217e-01   2.4050843e-01  -3.3559864e-03  -2.4121531e-01   3.1081485e-01   2.1584091e-01   3.5639504e-01   2.1170729e-01  -1.8853952e-01   2.4736073e-01   2.6316700e-01   2.0661029e-01   4.9053406e-01   4.4023638e-01  -1.1105520e-01   3.4700859e-01   8.1333056e-02  -2.2157359e-01  -4.4905081e-01   5.7943431e-01   5.7245463e-01   1.6164737e-01  -1.2039614e-01  -2.8463902e-01   9.0671015e-02   8.5201841e-02   4.7848726e-02   6.6129565e-01   1.4694916e-02  -3.1736829e-01  -1.3121446e-01   2.4769589e-01   4.9473994e-02   2.5637976e-01  -1.7653231e-02   1.0586144e-01   3.6460743e-01  -2.4466639e-02   2.6375979e-01  -5.3973295e-02  -5.2409701e-02  -3.2815413e-01   3.8125692e-01  -1.3818349e-01   2.4720918e-01  -1.7319972e-01  -2.5297506e-02  -6.0869314e-02   4.1750182e-02  -6.9406167e-02   4.3450015e-01   8.3790476e-02  -1.6326048e-01   2.2649080e-01  -3.6073337e-01  -1.1357023e-01  -1.2461102e-01  -5.9171269e-02  -3.1854257e-02   6.3404490e-02   2.1508701e-01  -3.0036791e-01  -2.5388615e-01   3.0791317e-02   6.8454703e-02   4.9652120e-01  -5.9412560e-02   6.0117216e-02  -3.1692297e-01   3.2126799e-01   3.5356473e-01   6.5371570e-01   4.7515558e-01  -4.4163148e-01  -3.0450214e-01  -5.6871901e-02   3.3991701e-02  -5.1936217e-01  -3.2407242e-01   4.9277860e-02   4.7609902e-01   3.7942910e-01  -7.3592663e-02   9.2301570e-03   4.4693652e-01
  -9.3541423e-02   4.1577344e-01   2.5096543e-01  -2.1399449e-01   0.0000000e+00  -3.3558425e-01   5.6816820e-02  -7.1321666e-02   1.9717361e-01   3.8913866e-03  -4.1726202e-01  -2.7066734e-02   2.8068180e-01  -4.1244540e-01  -4.0330063e-01   1.5281764e-01   4.1932614e-01  -2.9430662e-01  -1.6730835e-01   6.2333167e-01  -2.6159611e-01  -5.3049015e-01  -8.7250968e-02  -2.1382182e-01   2.7376882e-02  -2.0773298e-01   5.8535951e-01  -3.2446733e-01  -9.3454850e-02  -1.7165315e-01  -3.3370467e-02  -2.0330072e-01   2.8077700e-01   4.9497634e-03  -1.0439863e-02   3.6336364e-01   2.2998586e-01   1.5530423e-01   2.9386248e-01   5.7770485e-01   1.6790139e-01   3.0282195e-01   1.8937952e-02  -3.4424313e-01   6.9428700e-02  -9.0039113e-02  -2.8754674e-01   1.5029258e-01   2.0296623e-01   5.3168609e-01  -3.4859212e-01  -2.0095778e-01   4.4547899e-01   1.6206282e-01  -1.7170191e-01  -5.0899496e-01  -3.8543727e-01  -3.8477617e-01  -3.4636716e-02  -2.1578300e-01  -4.2529621e-02   1.0937131e-01   3.4306263e-01   2.6503423e-02   4.5372207e-01  -1.9870881e-01  -7.5951878e-02   2.7981733e-01  -2.4876233e-01  -1.6339574e-01   3.6752824e-01  -1.6103272e-01   3.2573980e-01  -1.3243150e-01   1.2260914e-01  -6.8371151e-02  -5.7233156e-02   1.4823349e-01   4.4589720e-01   1.5137432e-01  -3.4341244e-01   8.9550133e-02  -2.2906118e-01  -1.9109023e-01  -5.5002370e-02  -1.0817528e-01   1.0870725e-01  -3.7990333e-01   3.9520733e-01  -3.2401645e-02   6.8662746e-01   1.3695064e-01   1.5390192e-01  -2.1615782e-01   1.0355016e-02   8.4983247e-01  -3.1057887e-01  -3.1836934e-01   3.1898546e-01  -2.3300166e-01  -1.7579547e-01  -3.0325097e-01  -4.8923722e-01  -3.4305688e-01  -5.0233635e-01  -2.3808171e-01   3.5297600e-01  -3.5576017e-01   3.5475028e-02   3.4442845e-01  -1.5707234e-01  -4.6483431e-01  -1.2926745e-01  -2.8387355e-01  -2.0203645e-01   6.5050532e-01  -2.8312763e-01   2.5518710e-01  -3.5218794e-01  -8.8275431e-02  -1.9229394e-01   6.8613532e-01   2.0601774e-01   1.3552816e-01  -1.1560608e-01  -5.8513357e-01   5.7189519e-02   3.0962977e-01  -3.2639041e-01  -1.1736981e-01   2.1962119e-01  -3.2387287e-02  -2.2685292e-01   3.0958257e-01  -2.0511866e-01  -7.5779126e-02  -6.9633734e-02  -2.2466833e-01  -2.6399236e-01  -9.0039999e-02  -1.3328703e-01   1.5564580e-01  -2.3038431e-01  -4.1348317e-01  -2.2848350e-01  -2.6066987e-01   2.2974025e-01   4.9024452e-01  -3.5369662e-02   2.1145524e-01  -2.3999888e-01  -3.2622870e-01  -2.0913367e-01   3.3450895e-01   3.0326414e-01  -2.0861236e-02  -2.4199374e-01  -1.3372150e-01   2.1573655e-01  -4.9704857e-01   1.6738904e-01  -2.4064201e-01  -8.2438267e-02  -3.5823822e-01  -1.2366479e-01   3.1093074e-01  -1.1989523e-01  -1.6583216e-01  -1.3178259e-01   5.0239769e-01   1.8545030e-01  -3.9888292e-02   2.9262991e-01  -3.4011276e-01  -3.9432122e-02   3.8743889e-01  -3.2831693e-01
  -1.4426651e-01  -2.7830654e-01   1.1689787e-01   3.2128752e-01  -3.3558425e-01   0.0000000e+00   2.7949545e-01  -7.9038431e-02  -6.5201191e-02   3.1561844e-01   5.8771452e-01   1.7345474e-01   3.2733382e-02  -8.6435024e-02  -2.7902707e-02   3.2081934e-01   4.2790825e-02   3.9766072e-01   1.8639660e-01   1.6860969e-01   3.5031430e-01   2.2577863e-01   1.5591179e-01  -6.5755138e-02  -1.3309863e-01  -1.5096586e-01   2.6575517e-01   1.3194375e-01   2.1068513e-01  -2.7019133e-02  -2.6313797e-01   1.5297618e-02   1.1972874e-01   2.4094779e-01  -1.9978748e-01   4.1877035e-01   1.6742905e-02  -8.7714513e-02   9.2460090e-02  -2.8536876e-01   7.3001184e-02  -1.9689089e-01   4.6915276e-02   3.5092610e-02   1.6746112e-01   3.1430151e-02   5.6288984e-01   1.4392309e-02  -1.9814262e-01  -2.3586320e-01   5.7603440e-01  -1.6764352e-01  -3.4683809e-01  -1.0863374e-01  -7.1497965e-02   2.9897248e-01   4.7966276e-01   1.5509326e-01   2.1579932e-01   5.9280146e-02  -4.5011975e-02   2.4527460e-01  -5.3736516e-01  -3.9387796e-01  -5.8590269e-01   6.2575075e-01   6.9471105e-01  -1.2409628e-01   5.5990682e-01   5.0724402e-01  -2.7628137e-01   2.3833098e-01   3.3386360e-02  -2.2022663e-01  -3.8261513e-01  -2.4217828e-01  -1.0919930e-01  -2.5879840e-01   3.3638234e-02  -7.7391292e-02   8.0343689e-02   2.7186690e-02   2.0081880e-01  -1.2795091e-02   1.0298718e-02  -2.0946065e-01  -1.7641445e-01  -1.0882100e-01  -3.3662366e-01  -2.5149446e-01  -3.3973232e-01  -9.2989159e-02  -1.3855063e-01   1.8268705e-01  -1.1283897e-01  -2.5375506e-01   1.7742122e-01   1.2122223e-01   1.2520448e-01   3.8815978e-01  -2.8067603e-01   3.8413631e-01   3.1809478e-01  -1.3079157e-01   4.2609338e-01   1.9831796e-01  -1.9085646e-01   3.9422924e-01   1.1757811e-01   2.1592003e-01   2.6946127e-01   3.2214130e-01   9.8599268e-02  -6.5734605e-02   1.4833326e-01  -4.2353724e-01  -4.4555549e-02  -5.4256392e-02   4.1855432e-01   1.4643060e-01  -1.2184742e-01  -4.7058316e-01  -4.5177270e-01   5.0485143e-02  -1.2086472e-01   3.1198942e-01   2.9988375e-01  -2.9483930e-01  -1.2604336e-01   4.0797262e-01   1.6464488e-01   3.8902391e-01  -2.7563996e-01  -2.5396802e-01   6.3757459e-02  -2.5418815e-01  -2.3261765e-01  -2.3607148e-01  -1.1975728e-01  -8.2220123e-02  -1.1418444e-01  -3.5999573e-01   3.3636599e-01   5.3230218e-01  -1.6221194e-01  -1.2793908e-01  -1.6335651e-01  -3.5037203e-01   5.3506003e-01   4.7475038e-03   7.1403168e-02  -4.6618592e-02   5.9651479e-02  -1.9965959e-01   3.7570287e-02  -1.9583818e-01  -5.5817672e-02   4.1192978e-01  -1.9481826e-01   1.7611917e-01  -1.0669254e-01   7.9473572e-02   4.2323716e-01   1.9343627e-01   1.2878250e-01  -1.2253703e-01   3.0493064e-01  -1.9461135e-01  -3.0960386e-01  -4.2124203e-01   2.0733959e-02  -1.3556469e-01  -5.5254624e-02   8.1824195e-01  -2.3140485e-02  -2.4195972e-01  -4.2378608e-04
  -2.1133151e-01   3.3431820e-01   2.3649275e-01  -4.2820230e-01   5.6816820e-02   2.7949545e-01   0.0000000e+00  -1.5377766e-01   1.6957482e-01   4.2573946e-01  -2.1253668e-01   4.6973552e-01   5.2899108e-02  -3.9417329e-01  -4.5140576e-02   1.6595599e-01   3.2770979e-01  -3.2178343e-01  -2.2779769e-01   1.3427309e-01  -1.8049277e-01  -3.6849349e-01   3.3161841e-01  -2.1668934e-01  -3.0020501e-01  -1.8286677e-01   4.2654777e-01   2.2377524e-01   1.8488030e-01  -2.1686654e-01  -1.6742800e-01  -3.3886112e-01   3.6094482e-02   7.8224271e-01   3.6400225e-01   5.1160673e-02   8.9917171e-02  -1.2796354e-01   2.0926472e-02   3.1119382e-01  -8.8779066e-02  -9.3863924e-03   3.7134446e-01  -1.7933704e-01  -1.0348257e-01  -1.6176959e-01  -3.6383127e-01   5.1560820e-01  -3.1197911e-01   1.4664072e-01  -1.1639670e-01  -1.4915822e-01   2.6862976e-01  -5.1786340e-02  -2.3472743e-01  -9.1167482e-02  -2.6268318e-01  -4.4759655e-01  -1.8487889e-01   3.5100375e-01  -1.9651303e-01   1.8326332e-01  -2.7825859e-01  -1.8807185e-01  -2.8294123e-01   8.9364375e-02   1.0366237e-01  -7.7270298e-02  -1.9364257e-01   1.9100474e-01   3.6395759e-01  -3.4894132e-01   1.5124801e-01  -2.7098807e-01  -2.8007429e-01  -6.6668224e-02  -2.6287827e-01  -3.0771479e-02   4.9976295e-01  -2.7554980e-01   2.3565036e-01   1.6297009e-01   9.6090587e-02  -2.1732874e-01  -1.1280549e-01  -8.5241079e-02   2.5766030e-01  -1.8484822e-01  -2.9820684e-02  -3.4939698e-01  -4.9928535e-02  -2.9844437e-01   4.4540031e-01   1.2906393e-01  -2.1254576e-01   7.7213507e-02  -1.1255492e-01  -2.6108149e-01  -2.1918391e-02   6.6052727e-02  -1.0384544e-01  -1.9544863e-02  -1.9756507e-01  -2.5166879e-01  -1.3842818e-01  -2.5878976e-01  -1.6322418e-02  -1.1991756e-01   2.1402698e-01   1.6603257e-01   5.9605061e-01  -3.6819965e-01  -3.4619920e-01  -4.0053414e-01   1.9315993e-01   1.0080538e-01  -1.3935624e-01   1.9004651e-01  -1.7327673e-02  -3.2672482e-01  -3.0726177e-01   1.1808461e-01  -5.3387318e-02  -9.7953907e-02  -2.8715384e-01  -1.3715588e-01   5.2666436e-01  -1.4697104e-01  -4.2748610e-01   2.1186278e-01   9.3304496e-02   2.3948159e-01  -1.4703381e-01   6.0325627e-05  -1.5556764e-01  -1.2619479e-01  -3.2554325e-01  -1.2738777e-01  -1.1579832e-01  -1.2349272e-01  -2.5377062e-01  -1.6771891e-01  -2.2869935e-01   9.2512481e-02   1.4687862e-02  -2.7062605e-01   3.8228343e-01  -2.1927229e-01   4.4077986e-01   7.5565905e-02  -1.8404882e-01  -2.6558590e-01  -2.2291756e-01  -9.9988379e-03   2.6997730e-01  -1.5046799e-01  -2.8088976e-01   2.6283301e-02  -1.9588273e-01  -4.7684521e-02   2.2171991e-01  -2.5639286e-01  -1.0551626e-01  -5.0622535e-01  -3.4177043e-01   4.8855571e-01   4.9352619e-01  -1.2386091e-01  -2.7606827e-01   1.1357804e-01   6.3541687e-01  -2.0103359e-01  -3.7454697e-01   9.0475054e-02  -4.7302479e-02  -1.1207625e-01  -4.5078267e-01
   1.3207957e-01   1.3452556e-01   1.4451204e-01   6.2778054e-02  -7.1321666e-02  -7.9038431e-02  -1.5377766e-01   0.0000000e+00   1.2886944e-01  -2.9330684e-01   2.4395871e-02  -1.5763625e-02  -4.8284740e-02   2.5684480e-01   1.0181757e-01  -3.4729684e-01   5.6386255e-02   3.0387869e-03   3.3156271e-01  -2.0935101e-01  -1.8274098e-01   2.7255020e-01  -3.4385061e-01   1.4908624e-02   7.5110092e-02   6.7013847e-01  -1.4960338e-01   4.0023432e-01   4.0923705e-02   3.1198401e-01   1.2738155e-01   3.5253618e-01  -1.9243358e-01  -1.7654274e-01  -1.5539421e-01  -1.7117110e-01  -2.3331193e-02  -9.6333679e-02  -4.0575505e-01   5.9986637e-03   3.2250636e-02  -1.0677146e-01  -2.6903346e-01   5.1934516e-01  -1.6434101e-01   3.2656266e-01  -1.8659197e-02  -1.6982022e-01  -1.0302815e-01  -6.5521883e-02   1.2155844e-02   7.2080215e-01  -8.7902606e-02  -1.6631479e-01   2.4946623e-01   4.1411977e-01   1.3428655e-01   2.7974722e-01   2.3026936e-01   2.6615300e-02   1.6170227e-01  -1.9781760e-01   1.6504595e-01   4.2858720e-01   1.7141704e-01  -1.1569797e-01   2.3473740e-01   3.7861333e-03   6.8814562e-02  -1.9271250e-02  -1.0510855e-02   1.9472283e-02  -1.2845942e-01   2.5710442e-01   1.0732385e-02   5.3007370e-01   1.3478312e-01   4.0592424e-01  -1.4068259e-01   4.7045047e-02   1.5407008e-01  -2.5433892e-01   1.8427106e-01   8.6861241e-01   1.4891958e-01   4.7580959e-01   6.9676674e-02   1.4903523e-01  -2.6715185e-02   6.3584949e-02   7.7937379e-03   1.3505565e-02  -8.1476539e-02   2.1815417e-02   3.8358925e-02  -1.3784123e-01  -1.7478004e-02   4.5270194e-01  -5.6062911e-02  -3.2619026e-01   1.5210680e-01   3.0010784e-01   3.6394084e-01   2.6218227e-01   1.2727938e-01   3.1598476e-01  -2.1308142e-01   4.7486823e-01  -3.2984817e-01  -1.6491555e-01  -1.7668573e-01   1.6082244e-01  -9.0166981e-02   1.1127521e-01  -5.0072662e-02  -2.0756017e-03   5.6898663e-01  -1.8085734e-01   2.7809966e-02  -6.7107862e-02   2.0614160e-01   1.3747070e-01   1.8457257e-01   3.9442018e-03   1.9003604e-01   7.1785745e-02  -2.3570948e-01  -7.9726381e-02   4.8065146e-01  -2.6114746e-02   5.7859528e-02  -1.2908217e-01   3.3606424e-01  -3.3542033e-02   2.4767511e-01   6.6197929e-01  -1.8562534e-02   3.4743230e-01   6.2799952e-01   2.8129297e-02   1.2733531e-01   2.5336080e-01   1.9663030e-01  -6.5294785e-02  -9.7651405e-02   3.5514071e-01  -1.1784587e-01   1.5715620e-01  -1.7833532e-01  -2.4550091e-01   1.1048635e-01   6.5061399e-01   4.1345922e-02   2.6491504e-01  -4.7967168e-02  -1.9274214e-03   2.1393959e-01  -9.8770979e-02   5.6438043e-02   1.8777944e-01  -6.2465555e-02   3.4625897e-01  -2.0164426e-01   1.8371525e-01   3.3360877e-01  -1.5646356e-01  -1.5861995e-01   4.5597472e-01   1.5543715e-01   4.8157996e-03  -3.3537395e-02  -1.6296127e-01  -5.0460540e-02  -1.3395239e-01   2.0507696e-02  -1.5884531e-01   4.0819718e-01
  -1.1574326e-01   5.6897898e-01   3.5798548e-02   4.0262401e-02   1.9717361e-01  -6.5201191e-02   1.6957482e-01   1.2886944e-01   0.0000000e+00   8.1414715e-02  -1.0055592e-01   2.9312961e-01   1.2319384e-01  -1.2100200e-01   1.9089791e-02   2.4759502e-02   2.8285167e-01   4.8912282e-02  -1.1722091e-01   7.4326982e-02  -4.2908841e-02  -2.0898146e-01  -3.9521384e-01  -1.4381647e-01   1.2402407e-01  -1.7038076e-01   3.3547564e-02  -3.3932272e-02   1.9254523e-02   3.1035622e-01   2.8310287e-01  -1.0141376e-01   9.0383514e-02   1.3631861e-01   3.7870331e-02  -2.7407036e-02   8.1246828e-03  -1.6952078e-01   1.3413404e-01  -1.3523188e-02   2.6175686e-01  -1.4336076e-01   5.4363219e-01  -1.0102843e-03  -3.9435911e-02  -9.6355301e-02  -2.8600711e-02   2.8151345e-01  -1.1385420e-01   5.1454981e-02  -5.5566557e-02  -4.7234035e-02   1.9940094e-01   2.0227931e-02  -1.2512580e-01  -1.9777549e-02  -1.5335481e-01  -2.0721980e-01   3.0885759e-01   4.3446535e-01  -1.1426932e-01  -4.8486620e-02   2.6223482e-01   3.5692174e-01   2.5502140e-01   1.1922820e-01   3.9582737e-01   2.3502803e-01  -8.2499483e-02  -1.9584845e-01   1.0439383e-01  -2.8108665e-03   2.7994025e-01  -1.4557493e-01   9.1711630e-02   1.5433872e-03  -2.5711234e-01   1.4581073e-02   4.2884531e-01   1.9453588e-01  -3.6985570e-01   9.3710219e-02   1.2036301e-01   3.4780329e-02   2.1521186e-02   6.5547039e-02   6.4812748e-01  -1.2538442e-01   3.5902386e-01  -1.6220743e-01   4.1531691e-01  -2.3056200e-01  -2.4368382e-01   5.2804316e-01  -2.1512462e-01   2.3602430e-02  -4.5340060e-02  -1.2418836e-01   3.9200752e-01  -3.0790192e-01  -9.9754711e-02   2.0751590e-01  -1.1011570e-01   1.9165683e-01  -2.6228679e-01  -1.7554709e-01   1.1378213e-02   2.1433034e-02  -2.6216013e-01   1.6131584e-01  -1.7671365e-01  -1.2438437e-01   1.8011694e-01  -2.3608182e-01  -3.0855205e-01   4.1366445e-01  -1.2535104e-01   1.7652057e-01   1.9859846e-02  -5.2612428e-02  -1.7371530e-01   3.2240162e-01   3.0418255e-01   4.4141592e-01  -2.0346601e-01  -2.0266401e-01   2.3138317e-01   9.3351722e-02  -1.5764584e-01   7.0413239e-02   3.3647962e-01   1.0482023e-01   9.9859143e-02   1.6584042e-01   4.8773499e-01   4.9005953e-02  -1.0248673e-01  -2.0155061e-01  -4.9331225e-03  -6.9991935e-02  -4.9721181e-02  -2.2984137e-02   4.1584115e-02  -2.6067956e-02  -2.6756352e-01   1.0614466e-01  -1.2513202e-01   4.7215450e-01  -4.1837153e-02   1.5224547e-02  -1.7776622e-01  -9.0098298e-02  -1.2093100e-02   1.8283444e-01   3.8981201e-01  -1.7282878e-01  -1.8624885e-01   1.5439009e-01  -2.2451762e-02  -4.3137697e-01   1.7535170e-01  -1.7896480e-02   2.1192007e-01  -8.6885831e-02  -9.8078920e-02  -4.2893728e-02   8.3962675e-02   6.7002503e-02  -3.2701767e-02   6.8362211e-03   3.0764340e-01  -2.3236166e-01   2.6515574e-01   2.0916440e-02  -1.5039765e-01   1.6694914e-01  -1.2149587e-01
  -2.0511821e-01  -3.8644401e-02  -1.4485628e-01  -5.2715893e-02   3.8913866e-03   3.1561844e-01   4.2573946e-01  -2.9330684e-01   8.1414715e-02   0.0000000e+00   2.2438130e-01  -1.7505279e-02   1.1521759e-01  -4.4046390e-01  -3.7294113e-01   2.2667814e-01  -7.0136867e-02   1.9242957e-01  -2.5018527e-02   1.6697429e-01   2.8287236e-01  -2.6285846e-01   1.4138676e-01   5.0773514e-03  -3.2722458e-01  -2.0931715e-01   2.4359585e-01  -2.4411399e-01   3.1369993e-02  -2.6967342e-01  -1.6690522e-01  -3.0422356e-01   3.4411703e-02   2.9562361e-01  -5.4349362e-03   2.8795115e-01   1.5417915e-01  -1.7506076e-01   2.0628622e-01  -1.0478619e-01   1.2953726e-01  -3.0607882e-01   2.7095346e-01  -1.2457733e-01  -7.3739207e-02  -1.8569512e-01   1.0908059e-01   3.1205581e-01  -2.0475039e-01  -8.3228406e-02   1.0453756e-01  -2.9545348e-01   1.8251334e-01  -1.9443576e-01  -2.4775204e-01  -5.0787154e-02  -5.9095636e-02  -3.0132843e-01   7.6359583e-02  -8.3405634e-02  -3.4083405e-01   3.2359307e-01  -4.4147932e-01  -1.8938742e-01  -2.4388158e-01   3.4478343e-01   2.3092811e-01  -1.7949366e-01   1.1674381e-01   5.3060695e-02   5.3076803e-02  -1.9459191e-01   2.9445391e-01  -2.9560017e-01  -2.8536161e-01  -2.6263126e-01  -2.6132707e-01  -1.0685545e-01   5.1124028e-01  -1.2377241e-01  -2.0773336e-01   2.0731927e-01   7.6728417e-02  -3.0242309e-01  -2.4358003e-01  -2.2226161e-01   1.7144648e-01  -2.1638023e-01  -1.1390285e-01  -1.6914617e-01  -5.3043463e-03  -3.1962745e-01   1.1931144e-01   5.3549126e-02  -1.3833040e-01   9.3726699e-02  -1.6066812e-01  -1.6074498e-01   1.5279462e-01   1.6221183e-01  -2.8941496e-01   6.6486333e-02  -3.1124850e-01  -3.8461128e-01  -5.8842111e-02  -2.8272055e-01  -1.8649179e-01   3.0737720e-02   2.5001025e-01   3.7916950e-01   2.8016324e-01  -1.8018549e-01  -1.9470705e-01  -1.7368445e-01  -1.8977423e-01   7.7397504e-02  -2.0617390e-01   4.0937412e-01  -3.3551601e-02  -1.0909690e-01  -1.5555974e-01  -1.1445522e-01  -3.7043141e-01   1.9227253e-01  -1.9686344e-01  -2.1145611e-01   4.0990198e-01  -2.0557278e-01  -3.7136461e-01   9.7478271e-04   7.9734082e-02   4.6682762e-01  -4.5407226e-01   3.1046434e-02  -1.2306039e-01  -2.6175038e-01  -3.0142596e-01  -3.4402388e-01  -2.8920764e-01  -1.3494667e-01  -7.7557170e-02  -2.5021042e-01   9.1893703e-02   1.8000189e-02  -2.6939421e-01  -3.4006832e-01  -7.5856246e-02  -8.8126708e-02   3.7472299e-01   2.9269010e-01  -2.1951453e-01  -3.1569449e-01   4.3883221e-02   5.8887388e-02  -1.9750251e-02  -1.2984608e-01  -2.3276476e-01   2.7782005e-01  -3.4538932e-01  -3.2653909e-01  -1.5887142e-01  -3.9763616e-02   3.7108656e-01  -1.8585388e-01  -8.8603335e-02   2.4210331e-01   4.5638574e-01  -2.8823989e-01  -1.6839494e-01   6.5249790e-02   3.6364079e-01  -2.2041929e-01  -1.6064773e-01   1.7657363e-01  -2.9252143e-01  -1.6625182e-01  -2.6954169e-01
  -1.1542347e-01  -5.1424275e-01  -2.1357367e-01   4.6431703e-01  -4.1726202e-01   5.8771452e-01  -2.1253668e-01   2.4395871e-02  -1.0055592e-01   2.2438130e-01   0.0000000e+00  -2.7483740e-01   1.4376321e-01  -4.3889606e-02  -2.8287624e-02   2.2848092e-01  -3.8441378e-01   6.6443054e-01   2.9350608e-01  -1.4096060e-02   4.8118798e-01   3.7375854e-01  -6.7356900e-02   2.0749836e-02  -2.2856597e-01   5.7503753e-02  -1.6997147e-01  -4.1633185e-02   6.5550455e-04   3.0084389e-01  -1.3977405e-01   2.1757677e-01  -3.5270836e-02  -2.3009230e-01  -3.6218884e-01   4.3933173e-01  -2.3785743e-01  -2.5053453e-01   1.2646332e-01  -6.3431834e-01   2.0832096e-01  -4.1333332e-01  -1.5075121e-01   2.8398208e-01   2.2753348e-01   6.7388296e-02   7.9491796e-01  -2.3482574e-01  -1.8525250e-01  -6.1084036e-01   6.5190695e-01   7.1298870e-03  -5.3484254e-01  -2.1442274e-01   1.7370844e-02   3.9770676e-01   5.9496990e-01   4.3611671e-01   4.5305632e-01  -8.9398185e-02  -1.7309600e-01   1.8907147e-01  -4.9838700e-01  -2.2824682e-01  -4.2904923e-01   6.5744775e-01   5.1956672e-01  -3.5739829e-01   7.3488695e-01   2.5186844e-01  -5.4458205e-01   4.8362395e-01   4.5264126e-02  -8.5960617e-02  -1.4784899e-01  -1.4968967e-01  -5.4036532e-02  -1.4246553e-01  -1.1692774e-01  -1.6339598e-02  -4.2506863e-02   1.3488517e-01   9.1500883e-02   1.2725639e-01  -2.2273729e-01  -7.8773070e-02  -1.4877454e-01  -6.2295376e-02  -3.4609972e-01  -5.2685118e-02  -3.8494603e-01  -1.1490884e-01  -3.6001062e-01   2.1886947e-01  -1.2937740e-01  -4.3734096e-01   2.3277625e-01   2.6741451e-01  -1.7887066e-02   4.5762116e-01  -3.4402632e-01   5.2886871e-01   2.2823424e-01   9.2651638e-02   6.0333065e-01   3.0664211e-01  -3.0227422e-01   5.2489320e-01   1.1322876e-01  -1.1251987e-01  -1.5668427e-01   6.1659498e-01   1.6774890e-01   1.6494753e-01  -1.3300167e-01  -4.9873767e-01   1.7676155e-01   8.6483492e-02   1.3086711e-01   3.0766838e-01   7.6177218e-02  -5.9311656e-01  -5.6647665e-01   2.2206062e-01   3.7053711e-02   3.3553274e-01   1.7694812e-01  -3.7048695e-01   1.3664981e-01   1.6019399e-02   1.6372031e-01   3.7294181e-01  -2.4038276e-01  -2.8240486e-01   1.3095742e-01  -1.4957122e-01  -1.0721130e-01  -1.7588199e-01  -4.7909714e-02  -1.0987035e-01  -1.1856002e-02  -1.4713748e-01   6.7301381e-01   1.7362185e-01  -1.2703090e-01   1.2828634e-01  -5.6000253e-01  -1.6312617e-01  -2.5818108e-02  -2.3441806e-02   3.9762109e-02   9.2709112e-02   1.0290893e-01  -8.5265642e-02  -4.1437408e-01  -2.0916028e-01   7.2228524e-02   5.4060975e-01  -3.2454520e-01   1.3062593e-01  -3.6323263e-01   5.1186408e-01   6.1324292e-01   6.2668063e-01   3.4456411e-01  -3.7103619e-01   1.5294431e-01  -1.3776764e-01  -8.5245560e-02  -4.3924093e-01  -2.7015422e-01  -1.5837084e-01   1.0318441e-01   5.1544883e-01  -2.3799461e-02  -3.8857778e-01   3.2772815e-01
   7.5869046e-03   4.4927332e-01   4.2339816e-01  -2.6986916e-01  -2.7066734e-02   1.7345474e-01   4.6973552e-01  -1.5763625e-02   2.9312961e-01  -1.7505279e-02  -2.7483740e-01   0.0000000e+00  -4.4446964e-02  -8.6920826e-02   2.7971793e-01   9.3576626e-02   4.0089641e-01  -2.7799269e-01  -1.5238591e-01   3.5194395e-03  -1.8224899e-01  -2.3659532e-01  -1.2975869e-01  -1.9229707e-01   4.2423471e-02  -1.0334156e-01   9.0048817e-02   2.0486753e-01   3.4860036e-01   1.0087323e-02  -2.9822879e-02  -2.1902556e-01   3.5377749e-02   5.8651657e-01   1.5825031e-01  -1.6624412e-01  -1.0107547e-01  -2.9870969e-02  -7.3750406e-02   1.9989118e-01  -1.3002319e-01   7.5958414e-02   2.7616293e-01  -3.3282628e-01  -1.9847929e-01   6.2345411e-03  -2.4092316e-01   2.7235366e-01  -1.8563004e-01   3.2178104e-01  -1.7884609e-01  -4.7567943e-02   2.1961232e-01  -2.1053145e-02  -1.1826510e-01  -1.6805304e-01  -2.2195587e-01  -2.6064660e-01  -1.3705678e-01   6.3860947e-01   2.1597320e-01  -2.1486211e-01   2.5836232e-02   1.4785929e-01  -1.2184369e-01   4.6259743e-02   1.6542951e-01  -1.4754517e-01  -2.3170067e-01   9.0407827e-02   1.9303673e-01  -2.2639365e-01  -1.0900073e-01   6.3073620e-02  -7.4759789e-02   4.4621730e-02  -4.3961148e-02  -3.6770753e-03   2.1598238e-01  -2.7433907e-01  -8.2569686e-02  -5.3547773e-02   2.8370200e-01  -6.3736915e-02   4.4879391e-01  -4.1876058e-02   1.1523933e-01  -1.6778958e-02   1.8647748e-02  -8.2556073e-02   2.3975040e-02   4.8524031e-02   2.3597116e-01   2.2905423e-01  -1.2793207e-01   7.4801494e-02  -1.0975425e-01  -2.0028213e-01  -1.5896855e-01  -3.3341909e-01   2.3636217e-01   6.2563263e-02  -2.9946476e-02   4.9039649e-02  -3.5049831e-01  -1.0330876e-01   2.6730952e-02  -1.2119087e-01  -2.9901793e-01   2.7917685e-01   3.9932350e-01  -2.8152521e-01  -2.5022389e-01  -1.2321310e-01   7.6950059e-02   7.6971573e-02  -1.8406674e-01  -1.3956743e-01   3.4402001e-01  -3.6973146e-01  -2.0075708e-01   1.9252573e-01   3.2229759e-01  -1.1737653e-01  -8.1483427e-02   2.3098183e-02   1.3923263e-01  -1.6857360e-01  -1.7421494e-01   4.0467514e-01  -4.8985872e-02  -1.9475956e-02   1.8727799e-01   6.6962605e-02   1.6670480e-01   7.7057728e-03  -1.6525134e-01  -2.2351285e-01   2.2162735e-03  -2.3904632e-02  -1.3016025e-01  -4.4112286e-02  -2.5014032e-01   4.3355305e-01  -2.8383266e-02  -1.9704693e-01   4.0970709e-01   4.2069674e-02   4.1950521e-01  -9.3673928e-02   1.1193296e-01  -1.5165630e-01  -2.0241509e-01   7.5760088e-02   6.7408693e-01  -9.9277610e-02  -7.4495308e-02  -1.4047511e-01   1.0574549e-01  -1.5762165e-01   1.8052317e-01  -3.2776914e-01  -1.6483942e-01  -3.0658401e-01  -1.4081180e-01   1.5865735e-01   1.0577034e-01  -6.8280214e-02  -2.0271915e-01   7.1505530e-03   3.3261241e-01  -9.9469993e-02  -2.8548982e-01   1.6592614e-01   1.8676144e-01   5.2255542e-02  -2.3195801e-01
  -1.7107150e-01  -4.3538808e-02   3.2135871e-03   2.2517816e-01   2.8068180e-01   3.2733382e-02   5.2899108e-02  -4.8284740e-02   1.2319384e-01   1.1521759e-01   1.4376321e-01  -4.4446964e-02   0.0000000e+00  -3.7015132e-01  -1.4114717e-01   3.2205152e-01   2.4334130e-02   1.9747063e-01   3.2934050e-02   3.2504127e-01   3.2608386e-02  -7.1239323e-02  -2.1987807e-02  -2.5807287e-01  -1.9565130e-01  -1.6205876e-01   1.7477693e-01  -2.3019207e-01   4.1710023e-02   2.0346152e-01  -1.4955322e-01   8.5935825e-02   2.4043631e-01  -7.8048760e-02  -1.9964662e-01   4.7685778e-01  -9.6142338e-02  -2.9014246e-01   4.1587371e-01  -4.7530766e-03   6.9994394e-01  -1.4343065e-01   6.8947426e-02  -6.9779947e-02   3.6920408e-01  -1.0121384e-01   1.0438042e-01   3.2199219e-02   9.1365247e-03  -1.3228500e-01   2.0971364e-01  -1.5429506e-01  -4.3091918e-02  -1.5825727e-01  -2.0762826e-01  -2.2026815e-01   3.3107783e-02   1.2197228e-01   3.4077588e-01   6.0874562e-03  -3.0003252e-01   3.3667216e-01  -1.8493829e-01  -1.9924340e-01  -6.6897585e-02   2.7801410e-01   1.2902424e-01   6.8059556e-03   8.1495205e-02  -7.8045980e-03  -1.6539081e-02   2.8100727e-01   5.1715890e-01  -1.7144529e-01   7.3218031e-02  -1.5716822e-01  -2.3365794e-01  -1.9755986e-01   1.6720890e-01   1.7368459e-01  -2.2953379e-01   3.6573802e-01  -2.9559554e-01  -5.5578708e-02  -2.7049717e-01  -1.4188318e-01   1.0863185e-01  -3.8822064e-01   9.5351901e-02  -1.7166493e-01   1.7639969e-01  -2.6304825e-01  -1.9095524e-01   2.3348959e-01  -2.4872676e-01   2.5548851e-01  -5.0806091e-02  -1.5486023e-01   2.1147614e-01   1.8275116e-01  -1.9068713e-01   1.4654165e-01  -2.9994556e-01   9.3768775e-02   4.5298067e-02  -3.4557235e-02  -6.1701330e-02  -6.1473113e-02   2.2216415e-01  -1.2240345e-01  -2.0936030e-01   1.4888774e-01   1.4168762e-02  -1.1516492e-01  -1.6749950e-01   1.1030474e-01  -1.3243485e-01   5.7784499e-01  -3.0270831e-01   2.2629529e-01  -3.6054647e-01   1.0947893e-02  -7.1769233e-02   2.5508336e-01  -2.0451689e-01  -1.0865336e-01   3.4620490e-01  -1.2287315e-01  -1.4880483e-02  -1.3910672e-01   6.1463537e-01   8.6744105e-02  -1.8026907e-01  -5.0281136e-02   1.2668558e-01  -2.1629345e-01  -9.6173608e-02  -3.4397326e-01  -2.2464285e-01  -2.2503797e-01  -2.2387609e-01   4.2594527e-01   2.2930580e-01  -3.2811780e-01  -1.2154242e-01   1.6368513e-02  -1.8367625e-01   1.3183767e-01  -1.0777070e-01   1.4294220e-01  -2.4351869e-01  -3.0521449e-01  -2.2661621e-01   5.5202126e-02  -1.2005054e-01  -2.3796023e-01  -2.0151925e-01   4.0990683e-01  -2.1526369e-01  -2.7576456e-01  -1.9897447e-01   1.6897363e-01   2.9907929e-01   1.7870890e-01   1.1105732e-01  -3.0773293e-02  -9.9240153e-03  -2.1250742e-01  -1.0144861e-01  -1.0756645e-01  -3.4795733e-02  -2.1533457e-01   2.4244242e-01  -5.7887717e-02   1.0871420e-02   1.3989450e-01  -4.4750591e-02
   3.8914046e-01  -1.8699623e-01  -9.5500293e-02   2.2316991e-01  -4.1244540e-01  -8.6435024e-02  -3.9417329e-01   2.5684480e-01  -1.2100200e-01  -4.4046390e-01  -4.3889606e-02  -8.6920826e-02  -3.7015132e-01   0.0000000e+00   4.2603022e-01  -5.2482008e-01  -2.2524475e-01   3.0529892e-02   7.6355720e-02  -4.3428540e-01   1.3084992e-02   4.1854844e-01  -2.2461535e-02   3.3366450e-01   3.7261712e-01   2.9044141e-01  -4.6691758e-01   3.4686889e-01  -1.1936176e-01   2.3939944e-01   2.7075858e-01   3.1328000e-01  -3.9171555e-01  -2.7907446e-01   1.6222268e-01  -4.2456926e-01   1.2566990e-02   2.3946498e-01  -5.2998753e-01  -1.7715518e-01  -1.8722352e-01  -2.7797227e-02  -1.7339173e-01   2.4820590e-01   9.6449332e-02   2.8950559e-01   1.5595283e-02  -2.0550847e-01   2.2517383e-01  -1.6989457e-01   3.4928390e-02   3.5625310e-01  -2.4828063e-01   1.7488489e-01   5.1500966e-01   3.5678557e-01   2.1024822e-01   3.9598023e-01  -1.2490308e-01   1.1031417e-01   4.1106582e-01  -1.1836954e-01   2.1961224e-01   2.5128389e-01   1.1929732e-01  -1.5646644e-01  -1.2093440e-01   9.3434491e-02  -7.7308985e-03   5.1770558e-02  -1.1725733e-01   2.0642722e-01  -3.9036564e-01   4.3680612e-01   2.4950912e-01   3.1365243e-01   4.0635586e-01   1.5118969e-01  -5.3981250e-01   7.7978003e-02   2.5280701e-01  -2.8646455e-01   1.6403365e-01   2.6194151e-01   3.2034345e-01   3.5805255e-01  -1.1402355e-01   5.7253393e-01  -1.4688234e-01   3.1313778e-01  -2.6576869e-01   2.8957279e-01  -1.2908409e-01   8.1059305e-02   3.3271755e-01  -4.1616653e-01   3.1514703e-01   2.9008270e-01  -1.1228846e-01  -4.2873181e-02   4.4192302e-01   1.9357904e-01   5.3897232e-01   3.7658858e-01   2.8633884e-01   2.3943984e-01  -7.4142203e-02   1.3649277e-01  -1.8370909e-01  -2.0576933e-01  -1.2579822e-01   4.0622488e-01   3.9003961e-01   4.0833983e-01   2.3125124e-01  -2.6375588e-01   3.5962553e-01  -3.5478885e-01   2.4290995e-01   2.4764170e-01   3.9536043e-01  -2.0275716e-01   1.4466435e-01  -1.3195439e-01   3.6160922e-01   5.6824323e-01  -3.7126025e-01   1.0067886e-01   4.6333890e-01   5.1338082e-03  -2.7476567e-01  -2.5543328e-01   4.9696003e-01  -9.0901453e-03   2.6202425e-01   3.4991296e-01   2.6848074e-01   4.4642501e-01   4.4222174e-01   3.0980537e-01   3.8838379e-01   2.1821688e-03   8.1355103e-02   1.3925812e-01   3.3110514e-01   3.6155227e-01  -9.6612532e-02  -1.3581002e-01  -1.2095734e-01  -1.3467888e-01   3.4285338e-01   4.7410636e-01   3.2958769e-01  -1.7569845e-01  -1.9111835e-01   3.4827353e-01   4.4972839e-01  -1.8186237e-01   2.3692344e-01   4.4322646e-01   1.4525876e-01   6.8723274e-02  -1.9463434e-01   2.0068359e-01   1.8435469e-01  -3.0406371e-01  -3.6291552e-01   2.6361046e-01   3.6437978e-01  -1.1861546e-01  -3.3619909e-01   2.5266592e-01  -3.0159093e-02   3.3330448e-02  -1.8560462e-01  -1.6053723e-01   4.0042384e-01
