   0.0000000e+00  -9.4542877e-03   9.1154583e-02  -9.2988617e-02   1.4795861e-01  -1.4137641e-02  -1.1539304e-01  -1.0975271e-01   1.5698346e-02   1.7789857e-02  -3.9727068e-02  -2.0995921e-01   1.9901774e-03  -8.2735322e-02  -2.7190092e-01  -3.0166099e-01   9.3094192e-02   5.6612883e-02   2.9834592e-01   1.8371135e-01  -2.1289202e-01   1.8620900e-01   3.9547060e-02   7.1902596e-01   2.0762188e-02   5.0163921e-02   3.0548087e-02  -5.2737292e-02   1.5895034e-02  -9.1825430e-02  -4.1643252e-01   1.1803319e-03  -1.4403439e-01  -3.3608233e-01  -1.7508817e-01   1.5068768e-01  -1.7340371e-01  -3.1921398e-02  -3.9555549e-01   2.4149740e-02  -2.0629485e-01  -5.0261550e-02  -1.2417903e-01   3.6232491e-02   2.6037649e-02   6.0248623e-01  -3.5766227e-02  -3.1085745e-01  -8.9421892e-02  -8.5680246e-02   4.5616311e-02  -5.9888451e-02  -2.1075589e-01   1.0032629e-01   7.7727695e-02  -6.2334797e-02   1.6681249e-01   2.3638026e-01  -3.0643589e-01  -6.4598033e-02   2.0083228e-01  -7.8057531e-02   2.9843238e-02  -4.8887919e-01   1.1173874e-01   1.1297875e-01  -8.5862903e-02   1.0231663e-02  -1.0797929e-01   2.0805423e-01  -6.2349086e-02   2.1710070e-01  -3.2117532e-01   3.5780416e-01   3.2609260e-01   6.7437732e-02   3.0995108e-01   1.6582665e-01  -7.6480252e-02  -1.0959223e-02  -9.5136459e-02  -4.3608454e-01  -1.9372627e-01  -8.0160982e-03  -1.5349086e-01   6.8476547e-02  -2.3400454e-01   2.1775814e-01   4.7387069e-03   6.5202885e-01   7.3537492e-02   3.5119808e-01  -2.9290754e-01   5.5450538e-03   7.5349275e-02   8.0125771e-02   3.8341143e-02   2.9558128e-01  -4.4204377e-03   5.6883269e-03  -3.0139891e-01  -1.8203510e-01  -2.3875128e-01   2.5027296e-01   7.1375884e-02   2.6188611e-01   3.1750467e-02   1.0841410e-01  -1.6509669e-01  -2.0859013e-01  -2.7892862e-01  -7.3318024e-02   2.3287266e-01   8.0440345e-01  -2.5185832e-01  -2.3177057e-02   4.5403638e-02  -1.4527349e-01  -1.5718153e-01   8.2927951e-04   5.9674366e-01   8.3741222e-02   1.8119601e-02  -1.4404962e-01   7.1944674e-01   3.2835708e-01  -7.2246146e-02   1.5742412e-01   2.7665202e-01  -8.6368789e-02  -3.5100499e-01  -1.2465370e-01   4.1165901e-01  -3.2508111e-01   2.7836576e-01   6.3098749e-02   1.6552665e-01  -2.9774485e-01   4.8206434e-02   6.1238234e-01   5.7241605e-01   1.7770488e-01   1.0837132e-02   1.0402430e-01  -2.6242442e-01  -3.6619320e-01  -1.3816573e-01   1.2627716e-01  -1.4995259e-02  -2.5928603e-01   3.8072870e-01  -1.5034874e-01   5.1969143e-01   1.9206070e-01  -1.3498829e-02   6.5824958e-01   5.9561403e-01  -3.3595039e-01   3.1141311e-01  -1.7327994e-01   1.6067674e-01  -1.3252393e-02   3.0527864e-02   9.7457217e-02   1.0495194e-01  -1.1996224e-01   3.5116344e-02   8.8183111e-02   5.0155880e-01  -1.6875539e-01  -4.6869366e-02   1.2290347e-01   1.1312276e-01   1.5686451e-02   9.8929212e-02   9.4935159e-02   2.0505728e-01
  -9.4542877e-03   0.0000000e+00  -1.8859499e-01   9.5282158e-02   9.5705086e-02  -2.8035875e-01  -5.0793202e-02  -1.8936144e-01   1.5269295e-01  -2.0892147e-03  -1.5511379e-01   3.5820200e-01  -2.6923754e-03   1.5714575e-01  -6.0121988e-02  -5.0605361e-01  -2.6616609e-02   1.9894672e-01   1.8775734e-01   4.7496975e-02   7.3618823e-02   3.1247643e-01  -2.5225502e-02  -2.8455692e-02   1.0313248e-01   1.0791680e-01  -5.1206363e-01   1.4216782e-01   1.1217162e-01   5.3523211e-02  -1.6704350e-02   1.9430198e-01  -3.3953653e-01  -7.4354988e-02   5.1411568e-01  -1.3080942e-01  -5.6321217e-02   1.0901096e-02  -4.3034584e-01  -3.8027358e-01   5.1583634e-02  -2.9675979e-01  -1.4774646e-01  -3.5835472e-01  -4.5026754e-02   2.9913669e-02  -3.8649551e-01   6.0418485e-02   2.1198941e-01  -4.8751948e-01   2.6494120e-02  -2.0521776e-01   6.1203666e-02  -1.5966275e-02   1.5818530e-01  -5.2440708e-02   1.6141074e-01   6.9353539e-02   2.6300426e-01   2.9497661e-01   3.6755126e-02  -6.2482542e-02  -7.4477568e-02  -2.5877027e-02   1.3504868e-01  -1.5680196e-01  -1.4749536e-01  -2.5737461e-01  -4.8923433e-01  -2.2431217e-01   1.4613709e-01   1.9081019e-01   5.5458421e-03   3.6125468e-01   1.3840484e-01   4.8014316e-02   5.5781280e-02   1.3012196e-01  -1.1374431e-01   1.1475671e-01   5.1028491e-02  -1.8869902e-01  -5.2219051e-02  -1.7681768e-01   4.5745382e-01   7.4096748e-02   3.9499717e-01   2.2951780e-01   5.2236945e-02   1.7098442e-01  -1.0461024e-02  -2.2994591e-01   5.8591490e-02   4.2906161e-01  -1.3987186e-02  -2.4828900e-01  -1.0448671e-01   2.5708325e-01  -9.8480257e-02   2.1458776e-01   2.5526100e-01   4.8926601e-02   1.4917018e-01   5.7473542e-01   4.3444192e-01   4.1957183e-01  -1.2480000e-02  -7.3629003e-02  -2.0471334e-02  -3.3013977e-02  -1.2850116e-02   2.4423114e-01   4.7947406e-02  -6.5392717e-03  -6.2707197e-02   1.3033761e-01   9.0628433e-02   4.8107000e-02   1.4327360e-01   2.7597764e-01  -5.1750432e-02  -3.5602609e-03   7.2013583e-02   3.4766593e-01   1.1621784e-01   3.6942678e-01   2.6439050e-01   2.5448158e-01   3.7475569e-01  -1.2302220e-01  -2.7064310e-01  -6.2101319e-02   1.7762358e-01   3.4493758e-02   1.2322011e-01  -8.4582670e-02  -1.6563899e-01   1.2611833e-01  -1.5001774e-02   3.5276089e-02   3.7230056e-03   3.8778366e-02   1.3524389e-01  -1.6434270e-02   4.7941227e-02   2.5616623e-01   1.2002716e-01  -1.8253059e-01  -9.3723533e-02   2.0213310e-01   1.7261381e-01  -9.7817307e-02  -1.5441718e-01  -1.0179181e-01  -1.5009264e-01   1.3053013e-02  -2.0751493e-02   2.0282709e-01  -2.2259905e-01  -1.1928986e-01   8.4412399e-02   1.3802455e-01  -1.5813439e-01   3.6535862e-01   1.0341960e-01   4.2070848e-02  -1.5872509e-01   2.6927268e-01  -1.7354747e-01   5.5623252e-02   2.5070736e-02  -1.5942918e-02  -4.1426387e-02  -2.1695320e-01   1.8247175e-01   1.2945272e-01   3.8316246e-01
   9.1154583e-02  -1.8859499e-01   0.0000000e+00  -3.9192620e-01   2.2517817e-01   3.2620778e-01   7.0246718e-02  -7.8589328e-02   2.9881127e-01   2.7742448e-01  -2.6500559e-01  -2.1248421e-02   4.2075394e-02  -3.4076438e-01  -4.8688667e-01   3.1280006e-01   8.6043151e-01  -1.1870244e-01  -2.7994650e-01   3.0057815e-01  -6.3637140e-01  -1.9229510e-01  -1.5420762e-01   8.2006980e-02   2.7402432e-01  -1.7479725e-01   5.6631592e-01  -4.6784250e-01   1.0956025e-01  -3.6735752e-01  -4.4521417e-01  -1.7486511e-01   7.2736486e-02   1.5839788e-01   1.3991352e-01   1.8616913e-01  -4.9457090e-01   3.4828375e-01   2.1853313e-01   8.0592820e-01   1.4716688e-01   1.8592754e-01   2.4741112e-01  -1.9813653e-01  -1.4153637e-01   6.1863069e-01   5.4747410e-05  -5.6730239e-01  -1.2124329e-01   6.8490364e-01  -1.9010362e-01  -1.2309926e-01  -4.1581442e-01   3.5738665e-01  -1.9029859e-01  -1.2726127e-01  -1.9404310e-01  -2.1197261e-01  -2.8363731e-01  -3.2922715e-01   4.1570409e-01   2.9661863e-01   4.5964506e-01  -1.9564341e-01  -1.4883377e-01  -1.3161395e-01   9.1506080e-02   2.8183065e-01  -1.9803994e-02   7.3612646e-01   2.8888163e-01  -1.3987048e-01  -6.9066519e-04  -1.7058627e-01   3.0151859e-01   1.1050930e-01   3.6445763e-01  -7.4978851e-02   1.9589077e-01   3.9834845e-01  -4.1548976e-01   1.0047669e-01  -6.5789495e-02  -4.7737327e-02  -3.2455779e-01  -1.0862879e-01   1.6793032e-03  -1.2978270e-01   5.2850427e-01   1.3656676e-02   1.7389910e-01   2.5804562e-01   3.1976526e-01  -9.6579009e-02   3.6375769e-01   2.9542122e-01   4.1620777e-01  -2.2077742e-01   2.9637205e-01  -3.1616562e-02  -1.6883135e-01  -3.0821290e-01  -4.3313483e-01  -2.0726905e-01  -1.5354813e-01  -3.5584197e-02   2.2859232e-01  -3.1566949e-01  -1.7938718e-01  -4.8295159e-01   2.4192374e-01  -2.1214978e-01   1.8662195e-01   1.5677261e-01   8.9392200e-03  -1.7627706e-01  -1.9148222e-01   1.3642945e-01  -2.8719972e-01  -1.8465988e-01   9.4310397e-02   3.4156152e-01   3.6686433e-01  -5.7422677e-01  -2.8013174e-02  -3.8476635e-01  -4.3743357e-01   2.0925463e-01  -4.1988510e-02   4.4259181e-01   2.0319267e-01  -3.6924314e-01  -3.6564344e-02  -4.5874193e-01   7.8565483e-02  -1.9452310e-02   4.1465165e-01  -4.3103968e-01  -1.3714816e-01   1.0063850e-01   1.1207576e-01   1.4861888e-01  -5.2711814e-02   3.4316647e-01  -3.6729016e-01  -4.1754433e-01   6.0339693e-01  -1.1816240e-01  -6.7481519e-02  -2.9652312e-01   3.4513505e-02  -2.3351638e-01   7.8688141e-02  -8.5634693e-02   8.0037995e-01   1.2625363e-01   4.3415106e-02  -2.1949217e-01   6.1796349e-02  -3.7640164e-01   3.7537763e-01   7.7418130e-02  -1.2547059e-01  -2.4414842e-01  -3.5806415e-01   3.2304261e-01   1.3788267e-01  -7.3122979e-02  -1.7348853e-02   1.2517359e-01   3.9341426e-01   3.7647961e-01   1.4263063e-01   1.7874942e-01   1.1662010e-01  -1.4713534e-03  -1.2311428e-01
  -9.2988617e-02   9.5282158e-02  -3.9192620e-01   0.0000000e+00  -2.5085267e-01   4.2506851e-02  -8.0772321e-02   3.3861786e-01  -1.8101102e-01  -3.2081488e-01   2.8757402e-01   1.4190172e-01   8.8114017e-02   1.9943191e-01   4.5177044e-01  -9.2173781e-04  -4.1156052e-01   1.9495822e-01  -8.2499970e-02  -1.4766428e-01   1.8717556e-01   3.8357358e-01   4.3253948e-02  -8.7737994e-02  -1.8901368e-01   1.6583276e-01  -1.8862733e-01   2.7064588e-01  -1.6174148e-01   6.0428571e-01   3.0601125e-01   4.1800099e-01   4.2915738e-02  -2.6640660e-01  -9.1098943e-02  -3.6906001e-02   1.1552659e-01  -3.2306947e-01   2.2630510e-02  -3.7777720e-01   6.6130021e-02   1.1814706e-01  -2.8288657e-02   1.1868019e-01   1.2114502e-01  -3.3326584e-01   2.6952518e-01   3.0551820e-01   1.1360011e-02  -2.8926756e-01   3.4699976e-01   3.6675123e-01  -1.5156361e-01  -1.1885153e-01  -4.9826356e-02   2.1887600e-01   2.1580854e-01   4.3987628e-01   4.0350883e-01   5.2318421e-01  -2.8941669e-01  -9.8030957e-02  -4.4029143e-01   8.4869034e-02  -1.3074937e-01   5.3300819e-02   5.3892539e-02   1.4350299e-01   3.6445129e-01  -3.0304680e-01  -3.9542277e-01   3.3686595e-01   8.3193602e-02   2.2484554e-01  -3.9499275e-01   2.7332703e-01  -1.9062882e-01   2.2542702e-01  -3.4237460e-01  -1.4137985e-01   2.2235855e-01  -1.3349763e-01   4.8187141e-02   1.0786149e-02   1.5922867e-01   2.8178707e-01  -2.4173660e-01   9.2123438e-02  -3.9815440e-01   6.3099337e-02  -2.5430554e-01   3.6156539e-02  -2.4631152e-01   1.1055312e-01  -3.0242483e-01  -1.8558840e-01  -6.4455291e-02   2.0487045e-01  -1.5242768e-01  -2.1439858e-01   8.8849768e-02   3.0323511e-01   4.9350015e-01   1.9748442e-01   1.8515684e-01   2.1014096e-01  -9.1396573e-02   4.5397826e-01   2.0017795e-02   2.1658542e-01  -2.0839344e-01   4.6978559e-01   1.5736295e-01   9.1192098e-02   9.7372563e-02  -2.0139534e-01   2.3262235e-01   9.3141457e-03   1.4190504e-01   4.7038779e-01   6.8459276e-02  -3.5660011e-01  -3.1031454e-01   2.6145959e-01  -4.7090633e-02   2.0143128e-01   3.1369857e-01  -2.2467650e-01   2.6415361e-01  -1.8831940e-01   1.2486296e-02  -7.2467777e-02   1.1101703e-01   3.0633593e-02   1.4790007e-01   1.3653644e-01  -1.6636107e-01   1.3885810e-01   3.6142962e-01  -8.6454242e-02  -1.0356482e-01   2.0677771e-02   3.7502090e-01  -6.0303771e-02   2.3289133e-01   3.0400991e-01  -2.7436491e-01   1.1306133e-01  -4.2871315e-02  -1.2638811e-01   1.7847965e-01   1.5315853e-01   5.9886727e-02  -1.4586562e-01  -5.2673851e-01  -5.1816467e-02  -1.7261950e-02   2.6545882e-01   2.1569676e-02   3.1968351e-01  -8.8740024e-02   3.6384115e-01  -1.8933910e-01   3.6263013e-01   5.1201291e-01  -2.9426643e-01  -2.4326797e-01   1.4923703e-01   6.0591911e-02  -2.8261595e-01  -3.6930676e-01  -3.2661105e-01  -2.2253793e-02  -1.4394343e-01  -1.1822721e-01  -2.6536307e-02   3.3673834e-01
   1.4795861e-01   9.5705086e-02   2.2517817e-01  -2.5085267e-01   0.0000000e+00  -6.7960526e-02   3.4001472e-02  -2.0932012e-01   4.0991466e-01   2.4088940e-01  -1.1346461e-01  -2.7808812e-01   1.0972986e-01  -4.2726394e-01  -4.2017260e-01  -1.3704290e-01   2.7082376e-01   1.9983437e-01  -2.4527634e-01   8.3057121e-01  -2.7109238e-01   2.6070776e-02  -1.9192804e-01   1.3745025e-01   3.5309803e-02  -3.1507022e-01   4.0091032e-01  -3.7453769e-01   9.8267535e-02  -3.3286899e-01  -4.0883952e-01  -9.9494375e-02  -3.2253872e-01  -5.5397343e-02   4.1372797e-02   6.0546225e-01  -7.3518046e-02   1.2122247e-01  -1.1008222e-01   3.5306114e-01   1.0630696e-01  -2.8818999e-01   3.1074522e-01  -2.8111756e-01   3.4360726e-01   3.1048817e-01   1.2790763e-01  -3.1928200e-01   4.0548915e-01  -1.2479545e-02   3.9773527e-03  -3.3586834e-01   1.1514564e-01   1.4258476e-01  -1.4700660e-01  -2.2280952e-01  -2.7827178e-01  -2.1599193e-01  -2.0416116e-03  -2.4680978e-01   2.1004198e-01   5.7167156e-01   5.3917398e-01  -1.8257404e-01   6.2100121e-01   1.3391649e-01  -1.1089107e-01   4.9235868e-02  -9.5700947e-02  -6.7469943e-02   4.3532713e-01   2.1087218e-01   4.4146091e-02  -8.6722485e-02   2.6468114e-01  -3.8860007e-02   2.1199373e-01  -1.8382855e-01   7.0949161e-01   1.8804309e-01  -3.5536082e-01   4.8163450e-02  -2.4275689e-01  -1.9341359e-01  -2.0886394e-01  -3.5521021e-02   9.5495196e-02  -2.2200389e-01   4.8226420e-01   1.0395755e-01   6.7841402e-01  -2.1752378e-02  -5.5313732e-02   2.7865984e-01   1.5669890e-01   7.8805990e-01   1.9173505e-01  -2.1397316e-01   6.7088145e-01   2.1673674e-01  -3.2942326e-01  -2.1688532e-01  -4.1136746e-01   2.6587044e-01   4.8617455e-02   6.1582987e-02  -2.5375653e-02  -3.2105718e-01   5.8255436e-02  -4.4383564e-01  -2.3540611e-01  -2.2225708e-01   4.5155867e-01   1.1314231e-01  -3.0386231e-01   4.2542909e-01  -3.6114385e-01   1.1546292e-01  -3.2197760e-01   3.7286763e-02  -8.5509338e-02   7.3548491e-01   1.9573058e-01   5.6940022e-03   1.0997534e-01  -2.1855426e-01  -1.8523080e-01   2.4661100e-01   1.7667518e-01  -2.7774065e-01   1.2267216e-01   1.2266647e-01   3.0124159e-02  -2.6653050e-01   1.8756378e-01   3.7524666e-02   1.8749553e-01  -2.6124107e-01  -1.7287059e-01  -1.9697729e-02   7.4497606e-02   3.1398126e-01  -2.9311748e-01  -2.7971380e-01  -3.4594479e-01  -4.8089003e-01   1.2131321e-01   1.4802386e-01  -2.1230235e-01   1.0783548e-01  -6.9544653e-02  -1.5611999e-01  -2.7258657e-02   2.1800870e-01   1.3087788e-01  -1.0830948e-01  -6.0361306e-02  -1.6455079e-01  -7.6163589e-02  -3.0837606e-01   4.1802118e-01  -2.1119742e-01   8.9442537e-02   6.1263972e-02  -2.2761986e-01   1.4703929e-01   1.1686894e-01   3.7922418e-02  -9.6268925e-02   6.8289217e-02   4.0798014e-01   1.4102928e-01   4.5826944e-01  -1.5350970e-01  -3.8704603e-02  -3.7839888e-02   4.7735604e-02
  -1.4137641e-02  -2.8035875e-01   3.2620778e-01   4.2506851e-02  -6.7960526e-02   0.0000000e+00   5.7921512e-01  -7.0081249e-02  -3.4663681e-01   3.4383824e-01   5.0265840e-02   4.1409506e-01   1.7336662e-01  -2.0091156e-01  -1.0597524e-01   3.7799541e-01   2.0236386e-02   2.5988711e-01  -4.8743099e-02   3.2112559e-02  -1.1533854e-01  -3.5159010e-01   3.1441537e-01  -4.1403498e-02   2.1591324e-02  -2.6874045e-01   5.8265303e-01  -1.5460086e-02  -1.7773998e-01   2.9589042e-02  -3.0731932e-01  -6.9818568e-02   3.4514775e-02   5.2011813e-02  -1.9208735e-01   2.7626030e-01   9.8535568e-02   1.6975181e-01   2.7314491e-01   3.7998154e-01   1.7187593e-01   1.7932439e-01   4.5978894e-01   6.2777218e-02   2.5787058e-01   1.3321326e-01   4.1644464e-01   7.1669233e-02  -2.5388296e-01   1.7476688e-01   3.2284187e-01  -5.7337718e-02  -3.0284162e-01   3.5777888e-02  -2.0504146e-01   2.4737909e-01   2.3673340e-02  -3.0317675e-01  -1.4421085e-01   5.4869365e-02  -1.0307358e-01   3.0520426e-01  -3.5752065e-03  -2.7211655e-01  -3.1754774e-01   3.6842789e-01   4.8696142e-01   2.2912971e-01   4.4215286e-01   5.1980443e-01  -5.7380746e-03   1.7714347e-01  -5.4188403e-02   7.9887373e-03  -1.3108957e-01  -5.8633723e-02  -2.0167440e-02   1.0436605e-01  -1.0604950e-02   5.3310712e-03  -2.7301780e-01   1.6093393e-01   1.8171051e-01  -1.6803648e-01  -3.0515486e-01  -1.4421203e-01  -4.7773115e-01  -3.8590874e-02  -8.7584313e-03  -2.0921937e-02  -3.7636767e-01  -1.3894597e-01  -4.9887943e-02  -3.0570844e-04   2.2286876e-01   1.2309816e-01   2.5874638e-01  -1.7728799e-01   2.8647965e-01  -3.2659509e-02  -7.7309000e-02   2.0197321e-01  -3.1081899e-01  -3.8836184e-01  -6.2212872e-02  -4.9322912e-02  -6.4378124e-02   1.1429443e-02   6.7982017e-02   5.2833387e-02   2.7758263e-01  -3.3466541e-02   1.7401208e-01   9.5691061e-02   3.8627743e-01  -5.4279375e-01  -3.7025309e-02   4.9065444e-02  -2.4077475e-01   1.8497198e-01   1.9218642e-02  -1.4835369e-01  -4.9161722e-02  -3.9681434e-01  -4.4999728e-02  -1.8838585e-01   3.8614643e-02  -2.0432964e-01  -6.9684326e-02   4.6266405e-01   1.1912225e-01  -8.1632270e-02  -8.9150946e-02  -3.3597779e-01   1.0774180e-01  -2.8696433e-01   1.3212944e-01  -3.4553925e-01  -1.7992589e-01   5.2928775e-02   7.3025072e-02   2.3179156e-01   2.8355690e-01   4.7298875e-01  -2.8511951e-01  -2.5266123e-01   1.5735835e-01   1.8270221e-01   5.6403988e-01  -2.4445255e-01  -6.8906217e-02  -2.9214410e-01  -1.2848095e-01  -2.8701603e-01   1.6292549e-01  -5.5458665e-02   3.3901648e-02  -1.3171076e-01  -1.9657032e-01  -2.0497477e-01   6.5005624e-02   2.4388605e-01  -8.6835965e-02   4.9390489e-02  -1.4799436e-01   4.9052064e-02   4.0504755e-01   7.2687919e-02  -8.5318342e-02  -3.4050381e-01   1.4074955e-01   7.9779033e-02   2.2263710e-01   5.7919926e-01  -2.9362424e-02  -4.2911966e-01  -5.0375898e-02
  -1.1539304e-01  -5.0793202e-02   7.0246718e-02  -8.0772321e-02   3.4001472e-02   5.7921512e-01   0.0000000e+00  -2.7557160e-01  -2.9017383e-01   5.8156143e-01  -7.7660915e-02   5.2142611e-01   1.4015845e-01  -1.6365941e-01   1.7035376e-02   2.1507630e-01  -2.3298787e-01   2.5048193e-01  -1.3948508e-01   7.8717516e-02   1.2261479e-01  -4.1156858e-01   6.5213661e-01  -1.7813657e-01  -9.2682388e-02  -5.0694276e-01   3.6500182e-01   8.1970264e-02  -1.8455145e-01  -4.4324104e-02  -1.2077273e-01  -1.5358252e-01  -1.7226020e-01   4.0632882e-01  -9.0346706e-02   3.4292832e-01   3.4311555e-01   5.7656686e-02   1.2397170e-01   1.7739610e-01   2.5849494e-01  -8.4129198e-02   5.1372718e-01  -2.0995031e-01   4.2853569e-01  -4.4504798e-02   1.4079013e-01   2.1627955e-01  -1.4445864e-01  -8.3252702e-02   3.6811403e-01  -2.9877300e-01   2.4854802e-02  -2.0987283e-01  -1.9616513e-01  -1.4037965e-01  -3.0508697e-01  -4.5830781e-01  -1.0849420e-01   5.6373078e-02  -3.4439993e-01   3.9936838e-01   7.0572172e-02  -6.4152803e-02  -1.3203852e-01   4.6242415e-01   1.3382853e-01   4.9203216e-02   8.5169380e-02   3.9748525e-01   2.7780046e-01   1.6043358e-01   8.7987635e-02  -2.2048738e-01  -2.4421440e-01  -1.7944146e-01  -2.3332339e-01  -1.9062321e-01   2.4256536e-01  -1.3640084e-01  -1.6648817e-01   3.2132110e-01  -4.6618682e-02  -3.0906187e-01  -3.2606341e-01  -1.0408752e-01  -3.1710880e-01  -1.4205986e-01   2.4254935e-02  -1.2089485e-01  -2.4013663e-01  -4.4359518e-01   8.3043546e-02   1.3757450e-01   2.0836517e-03   7.7045420e-03   5.3849437e-02  -2.4991242e-01   3.1126186e-01   4.1276576e-01  -9.1352849e-03   3.3853431e-01  -8.7267998e-02  -2.6600432e-01   7.1363897e-02  -1.7077406e-01  -3.6975134e-01  -1.8230533e-01   2.4967435e-01   5.3060395e-02   2.8122251e-01  -7.5262246e-02   1.3346175e-01  -1.4685780e-01   4.3231192e-01  -2.7771735e-01  -3.0784000e-01   1.6994617e-01  -9.2531620e-02   4.8152497e-02  -2.6319662e-01  -1.8106748e-01  -5.7856746e-02  -1.5532727e-01  -2.5545428e-01  -2.4626353e-01   2.8524077e-01  -3.0495800e-01  -1.4869509e-01   3.9307878e-01   3.1595206e-01   2.6155825e-01  -1.4130068e-01  -9.9831229e-02   1.6396117e-01  -2.0580443e-01  -1.0816382e-01  -7.2475061e-02  -2.2984943e-01  -1.7513278e-01  -1.1856831e-01   3.7406895e-02  -1.9882642e-02   2.8942148e-01   1.2147530e-01  -1.6202645e-01   3.4864763e-01   1.4594282e-01   6.0648539e-01   1.1930656e-01  -7.5461948e-02  -2.4783451e-01  -3.4640502e-01  -1.6231106e-01   1.4611672e-02  -2.3140629e-01  -2.7350816e-01  -1.1887179e-02  -5.3026472e-01  -1.8885873e-01   7.2572057e-02  -2.4978143e-02  -1.8675377e-02  -3.5926545e-02  -3.4160303e-01   1.6588466e-01   2.6899728e-01   4.2670003e-02  -3.4112077e-01  -3.7584248e-01   2.1734736e-01  -7.7924056e-02   1.7346214e-01   2.8244810e-01  -9.8592668e-02  -4.5493831e-01  -2.0366119e-01
  -1.0975271e-01  -1.8936144e-01  -7.8589328e-02   3.3861786e-01  -2.0932012e-01  -7.0081249e-02  -2.7557160e-01   0.0000000e+00  -1.0715630e-01  -2.9366137e-01   2.8372078e-01  -1.7965098e-01   9.8922785e-02   9.3838273e-02   1.4819315e-01   7.6980877e-02  -9.6873553e-02  -1.0423910e-01  -5.4742825e-02  -1.3353485e-01   3.5402495e-02   3.4532114e-01  -1.0168145e-01  -1.2510966e-01  -1.7877741e-01   4.1881254e-01  -2.8739706e-02   9.9468537e-02  -8.8653175e-02   1.9977601e-01   2.0055287e-01   9.8197352e-02   2.2007987e-01  -1.9496694e-01  -1.3427498e-01  -1.5575655e-01  -1.2423279e-01  -3.1826013e-01   5.8539346e-02  -6.1592808e-02   7.5102979e-03   2.2311932e-01  -2.0102782e-01   3.7344108e-01  -1.3165946e-01  -1.3269055e-01   7.9352601e-02  -2.6342165e-02  -1.2195970e-01   9.0349316e-02   3.0966887e-02   7.9351610e-01  -1.5189348e-02  -7.1590033e-02   1.1754314e-02   9.0896700e-02   1.2709342e-01   2.1036018e-01   2.4500635e-01   1.0249173e-01  -1.0324983e-01  -2.7665847e-01  -2.2926261e-01   2.4125670e-01  -1.4045866e-01  -2.7771834e-02   2.7843976e-02   1.8547731e-01   3.9654582e-01  -1.6020349e-01  -2.4307878e-01  -6.4878173e-02   5.4026704e-02  -1.4658816e-01  -1.8847027e-01   1.1443890e-01  -1.8050642e-01   2.2003218e-01  -2.6062848e-01  -5.4219052e-02   2.5473016e-01   4.7093216e-02  -2.7603061e-02   5.4731814e-01  -7.6282531e-02   5.8408120e-02  -4.6767839e-02  -6.1969591e-02  -2.0471983e-01  -1.1842143e-01  -1.1596123e-02   2.1278108e-01  -1.0791735e-01  -2.3532448e-01  -3.7257879e-01  -6.7488316e-02  -2.0219209e-01   1.2762505e-01  -2.5191999e-01  -3.4280267e-01  -3.6819144e-02   1.0036383e-01   2.2674958e-01  -4.2958518e-03  -1.0409967e-01  -1.6401220e-02   1.6215382e-01   4.5346482e-01  -1.1474896e-01  -1.4642890e-02  -4.9355818e-02   2.1981305e-01  -1.0288777e-01  -2.5286450e-02  -6.2717955e-02  -9.5365075e-02   2.5732065e-01  -7.2071784e-02   3.2114901e-03   2.7456005e-02   1.0406305e-01  -1.6286968e-01  -2.5281048e-01   1.0804396e-01  -4.8158637e-02   9.4613875e-03   1.4147082e-02  -1.1138024e-01  -3.4605081e-03  -2.1842450e-01   7.9873150e-02  -3.5988007e-02   3.5946772e-02   8.0198325e-02  -1.5050322e-01   1.4099594e-01  -1.0192372e-01   2.0384128e-01   2.3293395e-01  -1.0550064e-01   5.4018381e-03   7.8383710e-02   2.1470096e-01  -1.5564333e-01   1.3702724e-01   1.7060904e-01  -2.1263421e-01   7.6960687e-02  -1.7479860e-01  -7.8027668e-02  -2.5097247e-02   4.0626708e-01   1.6121009e-01   3.6485100e-02  -1.5677055e-01  -1.4734363e-01  -1.3708221e-01   1.4511687e-01   3.0151587e-01   3.3146328e-01  -1.2890632e-01   3.2359532e-01   1.9467244e-02  -6.9802955e-03   2.2207109e-01  -1.8721020e-01  -7.8592240e-04   6.7028284e-02   1.8822446e-01   5.2736430e-03  -3.5393819e-01  -2.8576121e-01  -1.9520325e-01  -1.8891206e-01  -1.4390588e-01   1.0229986e-01   2.6673425e-02
   1.5698346e-02   1.5269295e-01   2.9881127e-01  -1.8101102e-01   4.0991466e-01  -3.4663681e-01  -2.9017383e-01  -1.0715630e-01   0.0000000e+00  -3.3338594e-02  -2.0215205e-01  -2.1002278e-01  -1.1127963e-01   7.1165266e-02  -3.3786828e-01  -2.2840765e-02   4.0435701e-01  -1.9645800e-01  -2.2778945e-01   2.4755374e-01  -3.3534510e-01  -1.8749908e-02  -3.7258753e-01   5.4645301e-02   2.2024528e-01  -6.1439445e-02   7.4829587e-02  -4.4407527e-01   3.3942025e-01  -3.5286439e-01  -9.2334204e-02  -1.0199650e-01   1.6454786e-03   1.3592080e-01   4.3452908e-01  -2.7182982e-02  -2.7253668e-01   2.8502436e-03   9.4244061e-02   2.3431558e-01   1.3193106e-03   1.5117157e-03   1.0874691e-01  -3.2361749e-01  -1.4135492e-01   2.3533570e-01  -2.0203831e-01  -2.7641712e-01   2.9726932e-01   1.8262182e-01  -3.4452391e-01  -1.2490851e-01   1.5797798e-01   2.5700344e-01   7.1395114e-02  -2.7943020e-01  -1.1102674e-01  -1.7398334e-02   7.8587886e-02  -1.9096632e-01   2.4388054e-01   1.8311942e-01   5.8264479e-01   1.2692580e-01   4.2262661e-01  -2.0576448e-01  -1.2310246e-01  -3.2836791e-02  -2.2442452e-01  -1.4036713e-03   4.1159599e-01  -2.6505247e-02   7.5636684e-02  -1.6833513e-01   2.3342150e-01   8.0247570e-02   1.6328231e-01  -2.8090913e-01   2.8999975e-01   2.9678591e-01  -2.6504684e-01  -4.2394626e-03  -2.1849496e-01  -6.0288500e-02  -2.3679519e-03   9.6834642e-02   5.7149984e-01  -7.3512305e-03   5.6598889e-01   1.2120221e-01   5.3298203e-01   1.0592632e-01   1.0718319e-01   1.6242605e-01   5.2630535e-02   2.7068656e-01   2.3361208e-01  -3.8446725e-02   2.2274322e-01   1.1117151e-02   4.6935058e-02  -2.7341728e-01  -2.6343102e-01   2.8120620e-01  -1.4204450e-01  -9.0498102e-02   1.6962067e-01  -1.9610164e-01  -4.8853170e-02  -4.1066637e-01  -2.2590797e-01  -2.1509629e-01   2.6078724e-01  -2.3288682e-03  -3.0336115e-01   3.0570396e-01  -1.5100859e-01  -1.7384580e-02  -1.8376885e-01  -2.8046608e-02   3.5754370e-02   4.4845986e-01   4.4619084e-01   1.5881342e-01   1.1041344e-02  -2.1182669e-01  -3.2493885e-01   3.4515823e-01  -5.3290155e-02  -9.6703069e-02   3.8915418e-02  -6.1239816e-02  -1.5450167e-01  -5.5724151e-02   1.2871002e-01   1.8346527e-01   2.2496014e-01  -5.1973366e-02  -1.3532874e-01  -5.6846549e-02   2.1104179e-01   2.0102432e-02  -2.7342706e-01  -2.9091980e-01  -2.0393126e-01  -2.8980105e-01   2.0468926e-01  -1.4868948e-01  -3.9295637e-01   1.3479419e-03   7.4714536e-03  -1.4700979e-01   1.2230671e-01   1.2954801e-01   3.5812883e-01   6.2972471e-02   1.2256242e-01  -3.7363678e-02   9.4781090e-02  -2.5609056e-01   4.3032308e-01  -2.1516755e-01  -1.1248713e-02  -1.5485289e-01  -4.7275644e-02   1.9945186e-01  -2.0591056e-01  -2.1992971e-01  -5.4647218e-02   3.5076546e-01   2.2725510e-01   9.6532567e-02   1.7221153e-01  -3.3465554e-01   1.3158183e-01   3.4822086e-01   2.9865492e-02
   1.7789857e-02  -2.0892147e-03   2.7742448e-01  -3.2081488e-01   2.4088940e-01   3.4383824e-01   5.8156143e-01  -2.9366137e-01  -3.3338594e-02   0.0000000e+00  -1.2513295e-01   2.7967364e-01   2.9056960e-01  -2.2096725e-01  -1.2264628e-01   1.1583160e-02   7.4933996e-02   2.0116581e-01  -2.4096108e-01   3.4752843e-01  -4.8020811e-02  -2.5795015e-01   4.6528716e-01   9.1277853e-02   2.2856261e-02  -5.1904856e-01   3.6532523e-01   3.0177128e-02  -2.7185778e-02  -2.1628508e-01  -2.3225617e-01  -1.9129732e-01  -2.8005306e-01   3.1186588e-01   4.1041505e-02   4.4777924e-01   1.6437110e-01   5.0734421e-02  -1.4644516e-01   3.2922470e-01   3.6454386e-01  -1.4444441e-01   3.9548081e-01  -2.0782235e-01   3.1794185e-01   2.6086942e-01   2.1474491e-02  -1.9940528e-01  -2.9263487e-02   8.4858707e-03   2.9179573e-01  -3.2791908e-01  -9.9695989e-02  -7.7927793e-02  -2.9304910e-01  -2.2679348e-01  -3.9976804e-01  -3.8878192e-01  -4.3409856e-02   4.9959421e-02  -1.9676751e-01   3.2674689e-01   2.1893759e-01   9.2960132e-03  -5.8803485e-02   4.6177997e-01  -1.7666985e-01   6.8160182e-02  -1.3394466e-01   4.6361414e-01   2.0079056e-01   6.9437167e-02   8.6091205e-02  -1.6239881e-01   1.9510656e-02  -1.7050302e-01  -1.3379797e-01  -2.7913267e-01   2.3559741e-01  -1.9672333e-02  -2.0604893e-01   2.7266383e-01  -2.3133889e-01  -1.6905391e-01  -4.4071594e-01  -5.9930267e-02  -2.5110159e-01  -8.1671883e-02   1.1096378e-01   1.7715626e-02  -5.6082456e-02  -3.1454355e-01   8.5547106e-02   1.8853796e-01   2.3855687e-02   1.9734237e-01   5.4889505e-02  -3.2587513e-01   3.2139721e-01   3.4036859e-01  -2.4680804e-01   1.9039595e-01  -2.0870958e-01  -4.4804287e-03   9.3507580e-02  -9.6823969e-02  -2.9813651e-01  -4.4133064e-01   1.6397668e-02  -1.9858647e-01   1.4014910e-01  -1.8235511e-01   5.8746791e-02   6.0154667e-02   2.1469195e-01  -2.0938439e-01  -5.1979117e-01   3.7538518e-01  -1.4983562e-01   6.9479888e-03  -9.4792800e-02   1.0219189e-01   2.9435680e-02  -2.2111123e-01  -1.0973231e-01  -1.3192331e-01   1.5129834e-01  -1.9853124e-01  -2.7692801e-02   2.9866769e-01   2.8327744e-01   7.9709359e-02  -8.6166135e-02  -1.3004554e-01   1.5519536e-01  -1.3632034e-01  -1.1692249e-01  -2.7071405e-01  -2.4481007e-01   2.5325486e-03   8.5445895e-02   1.7425061e-01  -1.1340993e-01   2.2254482e-01   1.1599378e-01  -3.5659171e-01   2.6345767e-01   1.1050177e-01   4.8155403e-01   5.6344754e-02  -6.6123576e-03  -2.6258309e-01  -1.1768962e-01  -9.3241346e-02   1.1991442e-01  -7.9324818e-02  -1.2958568e-01   6.4319412e-02  -3.2804922e-01  -3.1586435e-01   1.8130696e-01  -6.5284797e-02   2.7390544e-01  -5.9017595e-02  -3.6594461e-01   3.1123563e-02   1.3644796e-01   7.1381748e-02  -1.9914220e-01  -3.2248822e-01   3.0998276e-01   6.1044284e-03   5.5852236e-02   9.9182727e-02  -1.0249663e-01  -2.7974548e-01  -1.7931701e-01
  -3.9727068e-02  -1.5511379e-01  -2.6500559e-01   2.8757402e-01  -1.1346461e-01   5.0265840e-02  -7.7660915e-02   2.8372078e-01  -2.0215205e-01  -1.2513295e-01   0.0000000e+00   6.5363452e-02   2.2627921e-02   1.7473746e-01   6.2508260e-01   1.0465436e-01  -4.1263645e-01   3.6379505e-01  -2.4125711e-01  -1.6357601e-01   3.5860610e-01  -7.2244082e-02   2.1586551e-01   2.9526232e-03  -2.9420228e-01   3.3286294e-02   3.8453610e-02   2.6575636e-01  -2.7701371e-01   2.3593449e-01   3.8986767e-01   9.2571608e-02   1.1857508e-01  -2.6101335e-01  -2.2532942e-01   3.2700106e-01   2.1723520e-01  -1.5416904e-01   9.1980713e-02  -1.7700793e-01   2.6020242e-01   1.4943239e-02  -2.8121643e-02   3.2789305e-01   2.8933817e-01  -1.7899466e-01   6.4519952e-01   4.0614345e-01  -3.3083884e-02  -2.0715749e-01   6.3127776e-01   4.2500975e-01   7.5068336e-02  -2.8429986e-01   4.3500236e-02   2.1536645e-01  -1.6380930e-01   2.1463103e-02   4.5299385e-01   3.2327095e-01  -3.7233944e-01  -8.6156661e-02  -2.9007870e-01   4.1698436e-01   9.8049369e-02   5.1295292e-01  -1.2046018e-01   1.8622979e-01   4.8483536e-01  -1.3699693e-01  -3.7275652e-01   2.2423052e-01   4.1207154e-01   5.2399161e-02  -4.4766290e-01   2.4887701e-03  -2.9040875e-01  -5.4277144e-02  -1.8647277e-01  -2.7816191e-01   2.0845931e-01   2.8000911e-01  -3.4184964e-02   1.6694331e-01  -9.3244003e-02   6.8638977e-02  -2.3709832e-01   4.9698417e-02  -4.2782559e-01   5.5136217e-04   1.6238107e-02  -8.4911644e-02  -3.8737446e-01  -6.3415277e-02  -2.6953703e-01  -4.2569891e-02  -1.1469973e-01  -3.7456913e-01  -4.5004449e-02  -3.5494265e-01  -1.0056895e-01   5.8368592e-01   1.5581346e-01   7.5934481e-02   1.2813107e-01  -1.6309962e-01  -1.3006028e-01   7.7415187e-02   8.3930001e-02   3.1891578e-01  -3.2136933e-01   2.4738998e-01  -1.0596331e-01  -2.2827046e-02  -1.1349809e-01  -1.2960414e-01   7.3344083e-02   2.1087570e-01   1.7564149e-01   2.0193652e-01   1.1834538e-02  -1.5272351e-01  -4.3159771e-01   3.6781104e-01   1.1018209e-02  -4.6375853e-02   4.1694358e-01  -4.8083051e-01  -1.0410229e-01   1.6600423e-02   2.3304294e-01   4.5951726e-01  -1.6729958e-01   2.0719629e-01  -9.6338081e-02   3.5998634e-02  -3.2568222e-01   2.1079644e-01   1.6422289e-01   2.1230283e-02  -1.3591253e-01  -3.1494275e-01   2.2713429e-01  -5.9114623e-02   3.3122514e-01   8.9305418e-02  -5.3577590e-01   5.2356699e-01   1.5035125e-01  -1.0530879e-01  -1.3383598e-01   2.9718524e-01   2.1548736e-01   3.7895136e-01  -4.5691327e-01   1.3176232e-02   4.7190839e-02   4.7398143e-01   1.3146433e-02   3.3927776e-01  -2.2047016e-01   1.7605237e-01   3.5446821e-01   2.5356130e-01   1.9090964e-01  -5.1291358e-01   2.7627688e-01   3.8429478e-02   1.2256513e-01  -2.6271264e-01  -3.0150119e-01  -2.6754133e-01   1.1224101e-01   9.9615430e-02  -9.0611304e-02  -2.2687370e-02  -1.3719465e-01
  -2.0995921e-01   3.5820200e-01  -2.1248421e-02   1.4190172e-01  -2.7808812e-01   4.1409506e-01   5.2142611e-01  -1.7965098e-01  -2.1002278e-01   2.7967364e-01   6.5363452e-02   0.0000000e+00   2.9561866e-02   1.9242602e-01   1.9206139e-01   5.6679922e-02  -1.8241836e-01   3.5163786e-01   6.7670715e-04  -2.6579566e-01   1.9149326e-01  -6.5667868e-02   3.8118789e-01  -2.1784519e-01   4.1999698e-02  -1.8272003e-01  -2.5278466e-02   2.2358244e-01  -2.0789724e-01   1.6468538e-01   4.3166351e-02   1.1303162e-01  -1.8962149e-01   2.1382756e-01   3.3531761e-01  -1.3343301e-02   2.3444689e-01   4.7999902e-02   1.1928800e-02  -1.4805756e-01   1.9019475e-01  -9.4281384e-02   3.3844094e-01  -1.3389685e-01   2.3498215e-01  -1.5027156e-01   5.0605165e-02   3.7687094e-01  -9.3592890e-02  -2.4743712e-01   3.6702409e-01  -8.3292449e-02  -7.2411163e-02  -3.6838410e-02  -1.0158495e-02   1.8687526e-01   6.3541953e-02  -1.1065956e-01   1.1207595e-01   5.3163554e-01  -2.3402954e-01   1.3832457e-01  -2.2300385e-01   2.2753119e-02  -2.3863362e-01   2.5576910e-01   1.2763404e-01   1.7553059e-03  -1.6201346e-02   2.1628431e-01  -3.0339718e-02   2.8687921e-01   1.4034449e-01   9.8336701e-02  -1.4572128e-01   4.1287201e-03  -2.3920575e-01   1.0600949e-01  -2.2922129e-01  -4.2583288e-02  -3.0851152e-02   2.2940974e-01   1.6032595e-01  -2.4195439e-01   1.6610441e-01   1.3563582e-02  -3.3772554e-02   8.5201770e-02  -1.4404705e-01  -7.1309685e-02  -4.6986158e-01  -4.2965452e-01   1.0420633e-01   3.3237051e-01  -8.9144591e-03  -3.2606974e-01   1.5552761e-01  -6.5657980e-02   2.8693155e-02   1.2082011e-01   2.3949064e-01   4.6529994e-01   1.1142868e-01  -4.9354287e-02   2.8917996e-01   7.1947147e-02  -1.3655734e-01  -8.1801116e-02   2.2218417e-01   2.6766858e-01   2.5720536e-01   2.1715757e-01   1.8262475e-02  -1.5634745e-01   3.9954672e-01  -4.1664226e-01   1.0393708e-02   1.1579418e-01   1.0131416e-01   2.4782950e-01  -2.0716704e-01  -3.5119354e-01   1.7074597e-01   3.9588749e-02  -2.1204996e-01   9.5717798e-02   3.9677713e-01  -1.6055384e-01   9.0991825e-02   3.4750746e-01   7.9368884e-02   7.9893146e-03  -1.0693896e-01  -6.1771382e-02   3.5673909e-01  -2.5461582e-01   7.1321274e-03  -2.3591642e-02   1.0720190e-02  -1.1573733e-01  -1.2449147e-01  -6.3594213e-02   3.3294955e-01   3.8795048e-01   1.2443124e-01   1.9620085e-01   1.9107011e-01   1.1212296e-01   4.8383603e-01  -2.9466920e-02   8.2709844e-02  -2.0435689e-01  -3.8007108e-01  -2.5419167e-01  -3.8451456e-02  -1.3309299e-01  -9.3317226e-02   1.8421770e-01  -4.9329491e-01  -1.1123738e-01   7.6244205e-02   2.4471719e-01  -1.0731444e-01   2.5069552e-01  -2.5750614e-02   7.3038787e-02   2.3300948e-01   2.3027328e-01  -2.8243749e-01  -2.6474066e-01   1.7339376e-01  -1.3219472e-01   1.2137604e-01   2.6645437e-01   1.4415551e-01  -3.6514018e-01   1.0098883e-01
   1.9901774e-03  -2.6923754e-03   4.2075394e-02   8.8114017e-02   1.0972986e-01   1.7336662e-01   1.4015845e-01   9.8922785e-02  -1.1127963e-01   2.9056960e-01   2.2627921e-02   2.9561866e-02   0.0000000e+00  -2.3401295e-01  -5.5891304e-03  -4.3834439e-03  -3.0415433e-02   1.8660377e-01  -1.6156038e-01   1.7422402e-01  -1.1006492e-01   1.3278198e-01   1.0126161e-01   3.1378677e-02  -1.1104457e-01  -2.8588915e-01   2.4096091e-01   1.2311403e-01  -3.3523099e-01   3.4923454e-01  -1.8324354e-01   4.6302585e-02  -2.3924804e-01  -1.9338263e-01  -1.8112210e-01   1.5073435e-01  -2.5403298e-02  -2.0029043e-01  -1.1141803e-01   9.6571424e-02   5.8023574e-01  -1.7583926e-01   1.9268399e-01   8.9165887e-03   3.1587781e-01   8.8531274e-02   1.3730827e-01  -7.5680243e-02   1.9521154e-01  -6.6486617e-02   2.9951721e-01  -5.6913781e-02  -3.4341991e-01  -1.5785619e-01  -2.0636289e-01   1.0760052e-01  -1.3512493e-01  -3.7808295e-02   1.7008952e-01   2.6681794e-01  -1.6537150e-01   1.9753935e-01  -1.0420551e-01   7.5969644e-03  -2.3230578e-01   1.6620006e-01  -2.1202395e-01   3.5056329e-01   2.1032768e-01   7.8264302e-02  -3.9733712e-02   1.9968740e-01  -6.4910763e-02  -1.4678643e-02  -5.7705978e-02   5.4427646e-03  -1.5013860e-01   5.6340640e-02  -8.4450896e-02   1.3742483e-01  -8.1892973e-02   6.6201318e-02  -2.0464376e-01  -1.7358555e-01  -2.9732722e-01  -1.5902858e-02  -3.1687685e-01   4.1382149e-02  -4.6727486e-02  -1.0651880e-01  -1.0728639e-01  -1.5686080e-01  -1.8911934e-01   1.3132573e-01  -2.1912963e-01   2.0319370e-01   1.2146761e-01   8.8707750e-02   2.0533909e-01  -9.2267827e-02  -2.3324882e-01   1.5408848e-01   2.5420251e-02   4.9775459e-02   1.6583472e-01   4.3907545e-02  -2.8447149e-01   1.5796244e-01  -2.3714786e-01  -1.6368508e-01  -7.0732235e-02   2.8673927e-01   7.2813750e-02  -2.8070061e-02   5.2301402e-02  -1.9338617e-01  -1.1906109e-01   4.1966719e-01  -1.7588690e-01   7.4850135e-02  -5.8352400e-02   7.5782807e-03  -1.0737027e-01  -2.3205306e-01   3.8616297e-02   1.5602321e-01   3.7840881e-02  -6.7686970e-02   1.3614873e-01  -7.3388929e-02   2.8452182e-01  -2.5491749e-01  -6.5872974e-03  -2.3986578e-01   7.7385784e-02  -1.4907852e-01  -3.5116584e-02  -1.8995955e-01  -1.5065737e-02  -1.7968153e-01   9.4708692e-02   5.6466229e-01   3.7160112e-01   5.7875706e-02  -6.3281858e-02  -1.9414832e-01  -6.2543268e-02   8.6458012e-02   9.0461865e-03   1.0333690e-02   7.9115236e-02  -2.1216222e-01  -8.9306547e-02  -3.1272507e-01  -1.3383871e-01  -1.2059028e-01  -1.5016666e-01   8.2110083e-02  -1.5463228e-01  -5.5065288e-02   8.7227228e-02   4.2956491e-01  -6.0763838e-02   1.2239851e-01  -3.3987203e-02  -1.8820653e-01  -7.7329355e-02   2.0380086e-01  -7.2429438e-02  -3.1507942e-01  -9.3738428e-02  -2.0915595e-01   1.2565492e-01  -8.4689379e-02  -2.2844084e-01  -4.7768112e-01   6.6259937e-02
  -8.2735322e-02   1.5714575e-01  -3.4076438e-01   1.9943191e-01  -4.2726394e-01  -2.0091156e-01  -1.6365941e-01   9.3838273e-02   7.1165266e-02  -2.2096725e-01   1.7473746e-01   1.9242602e-01  -2.3401295e-01   0.0000000e+00   3.5638402e-01  -6.3349437e-02  -3.3650206e-01   1.2882164e-02   3.0937418e-02  -4.6048134e-01   4.4167551e-01   1.0071291e-02   1.1392635e-02  -1.6892990e-02   4.4500835e-03   3.4505368e-01  -3.8924422e-01   3.4697407e-01   8.7023264e-02   1.0744614e-01   5.5007277e-01   3.5127913e-02   2.1577750e-01  -1.0129962e-01   1.7519251e-01  -2.5782222e-01   1.7161930e-01  -1.1025237e-01   3.6029821e-02  -4.5832602e-01  -1.4182764e-01   1.7607386e-01  -2.6652858e-01   2.8785190e-01  -1.7683539e-01  -2.8747183e-01   7.1233331e-03   5.4603025e-01  -1.6114169e-01  -1.7987110e-01   8.2103122e-02   2.5039165e-01   2.0650728e-01   2.8685690e-02   4.2103653e-01   1.3108135e-01   1.4644842e-01   8.7981329e-02   1.4505335e-01   3.7090780e-01  -1.1579285e-01  -3.2333821e-01  -3.4885272e-01   2.4451448e-01  -1.8446327e-01   6.9700713e-02   1.1834910e-01  -3.1748891e-01   3.0493300e-03  -2.6169091e-01  -2.6145653e-01  -2.3026693e-02   9.9186035e-02   1.7373324e-01  -9.6836185e-02  -1.5293696e-01  -1.5443649e-01   1.5407938e-02  -4.3111067e-01  -2.6144431e-01   3.5166437e-01  -1.1820285e-01   2.4072013e-01   2.4581030e-01   4.9811018e-01  -1.3458240e-02   3.4953433e-01   3.8601749e-01  -4.2032298e-01   1.2204952e-01  -3.5817276e-01   1.1246676e-01  -3.8732912e-02  -2.6497350e-02  -1.8526980e-01  -4.4354849e-01  -1.7305275e-01   4.1804014e-02  -3.8027369e-01  -1.8961604e-01   5.3225043e-01   8.1322075e-02   3.4332278e-01   5.1812637e-02   1.1674843e-02  -1.7156942e-01   2.1295803e-01   7.4857433e-02   1.1397302e-01   5.3687833e-01  -1.2231241e-01  -2.6403815e-02  -2.7818917e-01  -7.9627988e-03   1.4913079e-01  -9.8073938e-02   2.0321442e-01  -1.3361528e-01   4.4037643e-01   1.7687096e-02   1.1459910e-01  -4.5096493e-01  -1.2924470e-01   3.9395304e-01  -4.3158201e-02   1.3490448e-01   2.5330864e-01  -5.1394820e-02  -2.1620108e-01   1.1177885e-01  -1.6722292e-01   2.2979680e-01   7.7359473e-02   4.0974633e-01  -6.2619708e-02  -4.7383326e-02  -1.7821245e-01   4.5461277e-01  -4.3179401e-02   6.4733221e-02   2.7921072e-02  -3.8110636e-01  -1.1708476e-01   4.4236207e-02   2.5793097e-01   4.4090096e-01  -2.7622867e-01   9.2198207e-02   1.1920276e-01  -6.3840760e-02   8.9932947e-02   2.8910673e-01   1.6067781e-01   1.6643462e-01  -2.9025636e-01   1.9982198e-01   1.1152239e-01   1.5716535e-01   1.4369099e-01   3.2351309e-01  -1.7607925e-01  -2.3399930e-01   2.9121324e-01   5.2419370e-02   2.0576944e-01  -1.6221923e-01  -5.0857669e-02  -4.9476553e-02   2.3533893e-01   1.4832615e-01  -3.5272950e-01  -1.4732664e-01  -2.1897328e-01   1.3530172e-01   1.3843793e-01   2.9188048e-01  -4.0697972e-02
