   0.0000000e+00  -2.8467658e-01  -1.1611359e-01   6.6418011e-03  -1.5422751e-01   6.1419982e-02  -7.4818737e-03   9.4293894e-02   2.9636078e-02  -6.4654944e-02   5.8396790e-03  -2.3765885e-01  -9.1429624e-03   1.6521423e-01  -1.4258542e-01  -1.7418064e-01  -2.6711380e-01   1.5815505e-01  -3.3826649e-02  -1.2372606e-01  -1.9112085e-02   6.6925295e-02  -7.6048544e-03   6.3757008e-01   1.7764790e-02   6.1423810e-02  -3.8545721e-02  -3.4032866e-02  -8.7113563e-02  -1.6955461e-02  -2.5353777e-01   1.4468031e-01  -2.7599457e-01  -5.9409003e-02  -1.4057739e-01   4.3014947e-02   1.3074744e-01   6.0030790e-02  -2.0749757e-01  -1.4407309e-01   1.9243844e-02  -2.2776805e-01   7.6077558e-04  -1.3978630e-01  -1.1472532e-01   2.5692720e-03   3.4614593e-02  -1.7857793e-01  -1.0068136e-01  -1.4843356e-01   1.1703910e-01   1.5617627e-01  -5.8660537e-02   6.9976333e-02  -1.2316453e-01  -1.9876061e-01  -9.8395949e-02   5.5905364e-02   2.6006520e-01  -8.9865580e-02   4.6605376e-02  -9.4258975e-02  -2.0582933e-01  -2.6358562e-01   2.5640191e-02   2.4758690e-01  -4.9241585e-02   4.7685643e-03  -3.8975706e-02  -1.5099518e-01  -3.4230528e-01  -5.6133470e-02  -3.5719498e-02   8.6125473e-02   1.0182287e-01   1.0057132e-01   3.2151442e-01   3.3010327e-02  -1.7333568e-01   1.7819310e-01  -5.6654963e-02   1.1437875e-02  -2.5620611e-01   1.7195313e-01  -1.6629997e-01   8.1084461e-02  -2.2652426e-01   3.5098699e-01  -6.4258601e-02   6.2377376e-01  -2.2757391e-01   5.7931787e-02  -1.5084260e-01  -3.0646267e-02   3.3098405e-01  -8.0191236e-02   1.4564656e-02   9.2016570e-02  -3.9059727e-02   1.2180020e-01  -2.0513545e-01   2.4473163e-02  -2.2321871e-01  -1.7826605e-02   4.6689755e-02   1.2253072e-02  -2.6587148e-01  -4.4952426e-03   3.1327902e-01  -2.9785678e-02  -1.0307315e-01   6.0666654e-02  -1.8602130e-02   6.9292834e-01  -5.2652557e-02  -4.6159319e-02   1.8227232e-02  -5.6780742e-02  -1.9716431e-01  -6.7406555e-02   4.7629663e-01  -1.2269235e-01  -3.8105990e-02  -1.0863705e-01   3.4984349e-01   3.8397604e-01   1.9051635e-02   1.8599750e-02   5.3838188e-02  -3.2943350e-01  -2.4285911e-01  -1.1076634e-01   2.2738106e-01  -3.4247907e-01  -7.1879884e-02   1.7186335e-01   1.3441382e-01  -1.7727399e-01   1.5292442e-01   5.3882679e-01   5.8853710e-01   2.8868387e-02   1.7187517e-01  -3.0706857e-01  -3.0440762e-01   2.6890878e-02  -1.4950087e-01   1.4854997e-01   1.0629510e-01  -1.7193220e-02   4.0172644e-01  -1.9229191e-01   4.2935506e-01  -7.8814621e-02  -3.2054222e-01   3.2036677e-01   4.7039049e-01   2.9460753e-01   7.8262285e-02   4.5028293e-02  -1.2643851e-01   1.3439377e-01   9.8822332e-02   1.0723896e-01   2.5321134e-02  -8.5266575e-02   1.7253725e-01   5.5938242e-02   2.4290310e-01  -1.7292181e-01  -7.2442741e-02   1.4719255e-02   1.9861132e-02  -2.2889201e-01   6.9991699e-02  -3.3048110e-01   1.7211441e-01
  -2.8467658e-01   0.0000000e+00   3.3356924e-01  -3.2564891e-01   3.6603115e-01   2.9997305e-02   4.9178799e-01  -2.3708132e-01   5.5306401e-01   4.1459020e-01  -6.0341396e-01   7.2719680e-01  -1.0601481e-01  -4.6051287e-01  -2.7362665e-01  -2.3408922e-01   4.0244599e-01  -6.4886329e-01   1.1492092e-01   1.9603706e-01  -5.1364428e-01  -6.0048119e-01  -5.5173899e-01  -4.1836596e-01   1.7854800e-01  -1.0502174e-01   1.6258009e-01  -5.1770421e-01   3.7570135e-01   3.2982984e-01  -1.0305345e-02  -4.7285066e-01   4.3352417e-02   4.6288989e-01  -3.9879737e-01  -3.4002195e-01  -2.5769825e-01  -4.2603109e-02  -2.1775089e-01   5.8145564e-01  -9.6154895e-02  -4.6152322e-05   4.6568063e-01  -1.1856133e-01   5.0193390e-02   2.4893454e-01  -6.4687779e-01   5.6837218e-01  -1.6017401e-01   5.1098996e-01  -6.2395149e-01  -2.4211561e-01   6.2059291e-01   2.5904210e-01  -2.5796081e-01  -2.7004028e-01  -1.6736970e-01  -5.4970432e-01  -3.2287300e-01   1.2511393e-01  -5.1507897e-02  -2.7803136e-01   7.3184594e-01   3.5480982e-01   2.6769984e-01  -4.2772635e-01  -4.4574789e-02   2.0192180e-01  -5.9740943e-01   9.5593592e-03   5.0912602e-01  -5.3158875e-01  -5.1973068e-02  -4.1352381e-01   3.1554107e-01  -5.2842745e-01  -2.0345814e-01  -6.4900370e-02   3.2494406e-01  -2.2267343e-01  -3.4495406e-01  -1.4758280e-01   3.0578510e-01  -2.0398416e-01  -1.9563093e-02  -3.5568048e-01  -2.7042056e-01  -4.6033642e-01   6.1491242e-01  -3.7777343e-01   6.3471909e-01   7.6856628e-02   7.1997028e-01   2.7266117e-01  -3.4599864e-01   4.9504410e-01  -3.6183999e-01   3.7410876e-02  -3.6598789e-01   2.0265980e-01  -2.6399440e-01  -4.3014175e-01  -3.2173297e-01   3.5767004e-01  -5.0237572e-01  -3.2809474e-01   4.2123577e-01  -4.3308128e-01  -2.8399257e-01   5.3562554e-02   2.1859505e-01  -3.8164744e-01   3.9278201e-01  -2.8955680e-01  -4.1093763e-01   5.7335371e-01  -8.1272110e-02  -9.0869897e-02  -1.5237156e-01  -3.4224513e-01  -4.0117208e-01   4.5788117e-01   7.6327198e-01  -2.8409627e-02  -3.8025690e-01  -4.0708177e-01  -3.6331329e-01   4.2383531e-01  -5.1487313e-01   3.0181085e-01  -1.1471246e-01  -9.0524236e-02  -5.1321200e-02  -2.2803379e-01   4.4626022e-01  -3.6075173e-01  -6.2661247e-02  -3.1720606e-01  -4.6364524e-01  -1.4914464e-01  -1.5842959e-01  -7.0323386e-02  -5.7164412e-01  -1.1985570e-01  -1.9008521e-01  -5.6043441e-01   3.8396740e-01  -3.0206969e-01  -1.5667520e-01   4.4061581e-02  -3.5530623e-01  -8.6202504e-02  -2.4902974e-01   3.3539300e-02   5.8725996e-01  -1.5986158e-01  -3.9788680e-01  -3.0461952e-01  -3.4747587e-02  -1.5312858e-01   1.4497619e-02  -4.5595334e-01  -4.8625765e-02  -5.6420858e-01  -2.6560958e-01   2.7150958e-01  -4.5044592e-01  -4.8901516e-01  -2.0378837e-01   6.1532326e-01   4.7305379e-01  -3.4559516e-02  -4.6573472e-01  -8.4112513e-02   1.9472484e-01  -1.2173058e-01  -3.5133295e-01
  -1.1611359e-01   3.3356924e-01   0.0000000e+00  -1.9079357e-01   4.5749395e-01   4.4899808e-01   1.2092097e-01  -2.4265565e-01  -3.2191515e-02  -1.0665471e-02  -3.2222352e-01   5.1388508e-01   2.1209984e-01  -4.0238795e-01  -9.5502851e-02   1.9927504e-01   9.0730986e-01  -3.4394694e-01   3.2624851e-02   5.9248516e-01  -5.0124528e-01  -3.3121884e-01  -3.7939118e-02  -2.8706834e-01   1.5030280e-01   5.5186255e-02   4.0931727e-01  -6.9671545e-02   1.2247918e-01  -7.9098768e-02  -4.1260300e-01  -1.7172835e-01   2.7835096e-01   6.6931348e-02  -2.2748244e-01   1.0160295e-01  -2.8941412e-01  -1.3561746e-01   1.4977269e-02   6.2961331e-01   1.5854711e-01   4.3463408e-01   5.6614994e-05  -2.4721732e-01  -1.1202804e-01   7.8206543e-01  -1.4311848e-01  -9.5387259e-02  -7.2267238e-03   7.5821538e-01  -2.6700095e-01  -4.8575404e-02  -1.5538337e-02   5.6780116e-01  -1.4182749e-01   2.7084314e-02   2.7092313e-01  -2.8934705e-01  -2.3694551e-01   1.6476582e-01   6.2525009e-01   5.6129138e-02   2.3169974e-01  -4.9735010e-02  -3.3626012e-01  -1.8898386e-02   1.5676605e-01   1.7657195e-01  -1.3481702e-01   6.6148976e-01   2.2227134e-01  -2.7847664e-01   7.0139457e-02   7.4361126e-02   3.2467584e-01  -3.7216591e-01   1.0874555e-01  -2.2502533e-01   1.0002259e-01  -3.7042229e-02  -1.2779921e-01  -3.2760400e-02   1.0928143e-01  -8.8725901e-02   3.7565222e-02  -1.7566692e-01  -4.2887925e-01  -1.5676025e-01   4.0456075e-01  -1.2182481e-01   4.5581742e-01   7.3078800e-01   5.0863707e-01  -5.0895357e-02  -4.9509994e-02   5.8734891e-01  -4.4525553e-02   1.2708700e-02   1.2536698e-01  -3.4102389e-01   1.3749026e-02  -1.0891518e-01  -5.4742081e-01   8.1688217e-02  -3.1724096e-01  -2.9010113e-02   5.5894633e-01  -1.7340670e-01   9.4662976e-02   3.9685681e-01   2.3406589e-01  -2.8357752e-01   1.7468382e-01  -2.0153872e-01   3.3086012e-02   5.1132833e-04   1.4298302e-02   1.4112798e-01   8.2967869e-02  -1.1445825e-01  -3.5834776e-01   4.8810661e-01   3.7497777e-01  -5.5439390e-01   5.6509003e-02  -2.0591998e-01  -2.0651779e-01   4.6152537e-01  -4.4927132e-01   7.2878733e-01   1.4030015e-01  -1.9373836e-01   1.7374223e-01  -2.2062137e-01   1.6937210e-01  -1.7009054e-01   9.0527186e-02  -3.2863301e-01  -1.5131967e-01  -2.9523264e-02  -1.2338530e-01   3.9579684e-01  -2.9151942e-01   2.1476849e-01  -1.9221400e-01  -5.5628338e-01   3.5617293e-01   1.2700236e-01   4.7368815e-01  -4.6207277e-01   7.8596937e-02  -3.8968642e-01  -9.7959903e-02  -3.2161947e-01   7.1676915e-01  -3.4327358e-01  -2.9843464e-01  -2.4797010e-01   6.1544364e-01  -3.1748310e-01  -7.1840264e-02  -3.2731633e-01  -4.6303952e-02  -3.8278208e-01  -1.3991633e-01  -5.8872136e-02  -1.3729177e-01  -1.2385665e-01   2.4386612e-01   2.1666505e-01   3.6819467e-01  -3.0614022e-01  -3.4052359e-01   3.6202370e-01  -5.2297412e-03   1.0410501e-01  -7.2849151e-02
   6.6418011e-03  -3.2564891e-01  -1.9079357e-01   0.0000000e+00  -1.7330765e-02  -2.2577148e-02  -4.6693788e-01   3.6693144e-01  -8.6969258e-02  -3.7450519e-01   4.3404733e-01  -4.5587641e-01   2.2385788e-01   3.3783720e-01   4.1379276e-01   1.9631680e-01  -2.0761065e-01   5.4512247e-01   4.7447091e-02   5.4558747e-02   2.3318443e-01   7.4247219e-01   1.3329918e-01  -5.9459579e-02  -1.2273923e-01   1.8372538e-01   2.0607964e-01   2.4313982e-01  -5.1058836e-02   7.8504455e-02  -2.5506284e-01   5.9476131e-01  -6.0975595e-02  -4.1509796e-01   3.4768823e-01   8.9111305e-02  -5.5324224e-02  -1.9293423e-01   3.6057490e-01  -3.5762588e-01   1.8770685e-01  -1.0844490e-01  -6.3244440e-02  -5.9559901e-02   3.2002812e-01  -7.2895404e-02   5.0788643e-01  -4.1864908e-01   3.3314565e-01  -3.6034211e-01   5.9337620e-01   3.7593973e-01  -4.1519295e-01  -2.6585256e-01  -7.6684982e-02   2.4542108e-01   7.2901141e-02   7.9299529e-01   4.8631154e-01   2.2398031e-01  -4.2407148e-02   4.7964053e-01  -1.6318297e-01  -3.4764077e-01   1.0437884e-01   1.1107969e-01   3.5422888e-01  -5.8153428e-03   6.1771129e-01  -1.4556023e-01  -5.5670347e-01   7.5084439e-01   5.4919088e-02   1.7131796e-02  -3.0800442e-01   4.1942200e-01   1.1205654e-01   1.6446259e-01   1.0295100e-01   4.7046361e-01  -9.6660392e-02   2.3972715e-01  -4.3553409e-01   4.5578373e-01  -1.6672078e-01   3.6137124e-01   2.6365965e-01  -1.2368397e-01  -2.3258639e-01   6.9500578e-02  -2.0773118e-01  -1.7830047e-01  -4.4380128e-01  -1.3143123e-02   2.0775045e-01  -1.9809046e-01   5.9916797e-01   2.4744907e-01   4.4651970e-01  -2.8002552e-02  -1.9572418e-01   3.6229164e-01   1.4446606e-01   3.3215103e-02   7.3034118e-01   7.1168587e-01  -2.9934375e-01   6.2322809e-01   1.0307957e-01  -3.8984762e-01  -4.7173268e-01   5.2094915e-01   3.3498881e-01   2.2673521e-01  -2.0051248e-01  -1.1726084e-01   2.6240884e-01   2.6418206e-01  -1.9691568e-01   8.2193502e-01   2.6836202e-01  -5.4246722e-02  -4.3532654e-01   1.9316107e-01   1.9213771e-01   2.8522318e-01   3.1466927e-01  -2.0648041e-01   6.1143385e-01  -4.4508179e-01   2.2771968e-01  -1.1206665e-01   2.0829224e-01   5.1420946e-02   1.8590447e-01   4.0464227e-01   1.0158842e-01   5.4747873e-02   3.9990237e-01   2.0772209e-02   2.0842088e-01   1.0535364e-01   4.9751298e-01  -1.5775199e-01  -3.2712059e-02   5.0240590e-01  -5.8958801e-01  -1.4768156e-01  -8.4052565e-02  -7.0943514e-02  -2.1329620e-02  -6.7576356e-02   6.4394556e-02  -1.5928813e-01  -5.4652263e-01  -1.8104162e-01   4.2889968e-01   4.4568428e-01  -1.3474307e-01  -2.1722786e-01   3.2726494e-01   3.6665453e-01  -3.8554889e-01   7.3366536e-01   8.2695780e-01   1.2375467e-01   4.0754393e-01   4.9621581e-01  -1.5287020e-02  -5.2074535e-01  -2.8003936e-01  -2.6822746e-01   5.6775409e-01   1.1840895e-01  -4.8893028e-02   1.8191115e-01   8.1153060e-01
  -1.5422751e-01   3.6603115e-01   4.5749395e-01  -1.7330765e-02   0.0000000e+00   2.2344600e-01   8.3361161e-02  -9.7608582e-02   3.6878119e-01   1.0708741e-01  -3.0970925e-01   2.1429206e-01   3.0606779e-01  -3.3655812e-01  -1.3038141e-01   1.0355920e-01   5.3624526e-01  -1.3299357e-01   9.0648233e-03   8.0001901e-01  -2.6698199e-01  -2.6433189e-01  -2.3155025e-01  -2.0338593e-01   2.3827400e-03  -1.6572431e-01   6.4933179e-01  -3.9354195e-01   2.4049435e-01   3.1088690e-01  -3.7285610e-01  -2.2601890e-01   1.2093974e-01   1.3362595e-01  -3.6032508e-01   3.9946989e-01  -1.4091929e-01  -8.3100245e-02   1.0370061e-01   4.6273273e-01   2.6339935e-01   7.4348320e-02   2.8261136e-01  -1.9251150e-01   3.4729766e-01   4.4224711e-01  -2.5122868e-02   6.1170714e-02   2.2377002e-01   4.5365269e-01  -1.3576445e-01  -2.0093157e-01   2.8086320e-01   1.7425841e-01  -2.7406993e-01  -1.7843873e-01   8.7850815e-03  -2.2503449e-01  -3.0959871e-01   8.8458030e-02   1.3563307e-01   3.7214251e-01   5.0019423e-01   1.0854318e-01   3.2242813e-01   1.0272976e-01   1.9442621e-01   2.2959250e-01  -1.6551780e-01   1.5108200e-01  -4.1384264e-02  -9.2619265e-02   2.3309697e-01  -3.6668083e-01   1.7343586e-01  -4.4030186e-01  -1.1679833e-01   1.1906951e-01   6.3909125e-01  -6.8775182e-02  -4.8946995e-01  -2.5921339e-02  -4.5723912e-03  -1.4376841e-01  -3.7504480e-01  -3.3642834e-01  -4.3522363e-01  -3.1503999e-01   4.1785165e-01  -1.2636756e-01   6.4604653e-01   2.2001767e-01   3.7527419e-01   2.0950370e-01  -8.9093120e-02   5.2189024e-01  -1.0151723e-01   1.2248030e-01   4.1004380e-01   8.8307727e-02  -2.9633943e-01  -2.4827805e-01  -3.6882403e-01   1.7549673e-01  -2.0758124e-01  -8.6214776e-02   1.6342461e-01  -9.5666344e-02   2.5984683e-01   4.2067875e-01  -4.8751145e-02  -1.4837374e-01   2.6285228e-01  -1.5706659e-01  -2.9283455e-01   5.2417127e-01  -1.3577754e-01   2.9322457e-01  -2.6358602e-01  -5.7327906e-02  -3.7127649e-01   6.6693609e-01   2.9582906e-01  -6.3140679e-02  -2.2895822e-02  -1.7183687e-01  -2.1717960e-02   3.8218876e-01  -3.2413783e-01   2.1246258e-01   2.5080087e-01   1.5413834e-01  -1.3787548e-01  -2.1904721e-01   3.5673399e-01  -2.6971002e-01   4.5805462e-02  -5.1898908e-01  -3.7803448e-01  -4.5316226e-02  -9.2700081e-02   1.9480351e-01  -2.8076543e-01  -2.0341723e-01  -2.9677393e-01  -4.3565070e-01  -5.7430198e-02   2.8900572e-01   2.3693087e-01  -1.2404765e-01  -1.9486621e-01  -3.4010668e-01  -1.6447875e-01  -3.3293638e-02   2.9765852e-01  -2.0128644e-01  -3.8772310e-01  -2.2200588e-01   1.6971437e-01  -4.6376285e-01   2.1451573e-01  -2.0980231e-01   1.1608851e-01  -2.0366782e-01  -2.5159549e-02   2.8394229e-01  -1.0369179e-01  -2.4560844e-01  -2.8021322e-01   3.2991502e-01   5.5145227e-01  -2.3554842e-01   1.1443931e-01   7.0627633e-02  -5.4075557e-02   8.5041217e-03  -6.0820954e-02
   6.1419982e-02   2.9997305e-02   4.4899808e-01  -2.2577148e-02   2.2344600e-01   0.0000000e+00   1.1361398e-01  -1.5341602e-01  -3.0438992e-02  -6.0110308e-02   5.6785539e-02  -9.9162726e-03   1.8961860e-01   2.6543634e-02   1.1029774e-01   1.6083933e-01   4.1008475e-01   1.0078389e-01   1.3047385e-01   2.1518073e-01  -1.9707051e-01  -3.9646660e-02   9.6169531e-02  -6.4148824e-02  -6.2952657e-02   6.1955352e-02   4.8448734e-01   2.7031458e-01  -8.0463520e-02   1.8133487e-01  -2.4666793e-01  -6.4238064e-02   1.2268499e-01   2.5087789e-03   2.1234938e-01   5.3480214e-01   8.4257836e-02  -7.7725288e-02  -1.5364983e-01   2.6026903e-01   1.1667525e-01   1.3239578e-01   1.5924082e-02   5.5756063e-02  -6.3378647e-02   4.8358691e-01   2.7304809e-01   1.6000940e-01  -2.2818552e-01   8.3709634e-02   1.5337847e-01  -4.0461666e-02  -4.0057292e-02   1.6755430e-01   6.0822550e-03   3.9129811e-01   6.9003184e-01   2.7116786e-02  -9.9187733e-02   3.3459864e-01   2.7340093e-01   6.1951294e-02  -2.4570562e-02  -1.1930935e-01  -1.9452033e-01   6.1344244e-01   5.4579970e-01   1.5412724e-01   2.5158624e-01   6.9749533e-01   1.0438893e-01  -2.0478335e-02  -6.0446169e-02   1.9783334e-01  -2.5169012e-02  -3.0997903e-01  -7.9652925e-02   1.6288491e-01  -8.9530196e-02  -6.9811412e-02   2.8830599e-01  -1.3290754e-01   5.2242791e-02   2.3740203e-01   2.1883793e-02  -2.6085060e-01   2.4877553e-02   7.2843008e-02  -6.6988129e-02   2.8127499e-02  -1.9099513e-01   2.0004985e-01  -3.9548980e-03   1.2723025e-01   5.4110033e-02  -1.4576574e-01  -8.3637327e-02   1.4909477e-01   1.9218494e-01  -1.6499520e-01   2.5683519e-01   1.8026750e-01  -7.3546699e-02   9.5569831e-02  -6.3002056e-02   3.2446304e-02   3.3048859e-02   1.1509965e-01   1.8570065e-01   4.1303410e-01   2.8239143e-01   3.4318825e-01  -4.5438492e-02  -1.2055974e-01   3.1296993e-01  -1.4676681e-01   7.2017598e-02  -5.3244875e-02   3.7604302e-01  -7.6911211e-02  -2.3916920e-01  -1.0419460e-01  -7.3764220e-02  -2.2745217e-01   9.1472548e-02  -4.3615193e-02   1.6185709e-02   6.5212029e-02  -2.0627920e-01   4.6787719e-01  -1.2348119e-01   1.3147026e-01   1.0467414e-01  -9.0246839e-02  -1.2287900e-01  -2.2872467e-01  -1.7163250e-01   1.1828554e-01  -1.2648050e-01  -7.8082317e-02  -7.3734630e-02   1.7769833e-01  -7.7376771e-02   4.1897295e-01  -1.6301947e-01  -3.2068536e-01   1.1223920e-01   4.4033122e-01   5.1676418e-01  -3.3156800e-01   1.9163879e-01  -2.6003728e-02  -1.6815590e-01  -3.6362141e-02   2.0172780e-01  -2.5048995e-01  -1.4230957e-01  -1.9519584e-01   1.6017463e-01   1.8639302e-01   9.7450612e-03  -8.6736063e-02   1.9666764e-02  -1.2376150e-01  -7.8463593e-03  -1.1047558e-01   2.5986889e-01   2.3427708e-01   7.3468491e-02  -1.4761108e-01   7.0744435e-03  -3.0134705e-01  -5.4235194e-03   6.0316553e-01  -5.5557650e-02  -3.4169471e-02  -1.2716566e-03
  -7.4818737e-03   4.9178799e-01   1.2092097e-01  -4.6693788e-01   8.3361161e-02   1.1361398e-01   0.0000000e+00  -4.0782568e-01   4.0261494e-01   6.5538470e-01  -5.7727164e-01   5.2281654e-01  -1.9149987e-01  -5.4097424e-01  -4.6492710e-01  -2.9691454e-01   1.1711467e-01  -6.1356531e-01  -6.2271833e-02   8.0768336e-02  -3.3961090e-01  -6.6382561e-01  -2.0128720e-01  -5.5663428e-02   3.3193575e-02  -3.2704417e-01  -1.1105115e-01  -4.8912298e-01   7.5204227e-02   1.2824230e-01   2.1905885e-01  -5.5878394e-01   1.8172702e-02   7.4532357e-01  -4.4267130e-01  -1.7583883e-01   6.4230239e-02   1.4796861e-01  -4.0604053e-01   5.0901202e-01  -2.2319569e-01  -5.0974477e-02   3.8960739e-01  -2.9484773e-01  -1.9826883e-01   1.0958021e-01  -6.3172878e-01   6.0361658e-01  -4.8377765e-01   2.5462202e-01  -5.8743144e-01  -3.1583707e-01   6.1398702e-01   1.5702165e-01  -2.1392323e-01  -4.3006195e-01  -2.8766908e-01  -6.0312061e-01  -4.8551360e-01  -1.9117884e-01  -1.9996090e-01  -5.2777495e-01   3.7619969e-01   3.4038243e-01   6.0407436e-02  -8.8968379e-02  -2.8910593e-01   2.4171822e-02  -6.5824760e-01   8.3774981e-02   5.4600731e-01  -6.0479993e-01  -2.2514843e-01  -4.1976612e-01   3.0937122e-01  -4.8892104e-01  -2.1265605e-01  -8.0185925e-02   1.1917652e-03  -3.0635100e-01  -9.1935549e-02  -2.1335835e-01   2.2201770e-01  -4.1691868e-01  -1.6919315e-01  -3.5682004e-01  -3.7100757e-01  -9.9278669e-02   3.2964210e-01  -3.1112435e-01   1.6396479e-01  -7.1897745e-02   4.8198594e-01   9.9657691e-02  -2.1205547e-01   2.6358567e-01  -5.4677495e-01  -2.3213536e-01  -5.1921152e-01   5.1816499e-01  -1.8959541e-01  -4.2455702e-01  -2.6846705e-01   7.3351308e-02  -6.1590375e-01  -4.1587691e-01   1.0233025e-01  -5.8699026e-01  -1.7115593e-01   2.3677311e-02   4.6037824e-01  -3.9315158e-01   7.4245330e-02  -1.6247671e-01  -1.3637316e-01   3.6156439e-01  -3.3354685e-01  -1.9581928e-01  -2.2128205e-01  -5.5200367e-01  -3.4150744e-01   1.4900902e-01   5.5300387e-01  -1.4160822e-01  -2.0725441e-01  -3.5976894e-01  -3.5143973e-01   2.2922419e-01  -4.9787913e-01   1.8214116e-01  -2.9681604e-01   1.4706376e-01  -2.4125213e-01  -1.6225608e-01   2.1714310e-01  -3.5092149e-01  -1.0998179e-01  -2.8605111e-01  -4.5994117e-01  -1.6685737e-02  -1.1828447e-01  -4.4148851e-02  -5.5985592e-01  -1.7874706e-01   3.0139125e-02  -4.8527267e-01   6.3599451e-01  -1.8873589e-01  -1.4142446e-01   3.0174227e-01  -1.7552121e-01  -2.2891629e-02  -2.2940132e-01  -5.3632222e-02   4.4772289e-01   6.4279295e-02  -3.7853319e-01  -4.6178253e-01  -1.1636064e-01   3.9767353e-01  -1.0954674e-01  -4.0419201e-01   2.6023979e-01  -5.4359752e-01  -4.3691302e-01   1.7700967e-01  -5.1916036e-01  -5.2198269e-01  -2.5258524e-01   4.9610364e-01   3.6520009e-01   2.1427570e-01  -5.2663911e-01  -2.7344872e-01   8.8869969e-02  -2.3809599e-01  -3.7382877e-01
   9.4293894e-02  -2.3708132e-01  -2.4265565e-01   3.6693144e-01  -9.7608582e-02  -1.5341602e-01  -4.0782568e-01   0.0000000e+00   6.8189533e-02  -3.2719313e-01   4.8057802e-01  -2.1172075e-01   2.0132412e-01   2.6520403e-01   2.0069331e-01   6.0910000e-02  -2.3026998e-01   4.0654958e-01   5.5980909e-02  -6.0747751e-02   9.0077846e-03   3.1899639e-01  -2.3967437e-01   8.8448137e-02  -1.4689417e-02   3.8494165e-01  -2.8596966e-03   1.7753621e-01   1.3518023e-01   1.9552057e-01  -1.4390981e-01   4.8042671e-01  -1.6182730e-01  -3.2894787e-01   3.5804201e-02  -7.1736710e-02  -2.3799994e-01  -1.3749564e-01   1.6677063e-01  -3.2410076e-01   2.6992537e-01  -1.5639094e-01  -8.5733385e-02   4.1247224e-01   2.1647481e-01  -6.9451448e-02   3.0387861e-01  -3.0085578e-01   1.6636796e-01  -1.7008157e-01   3.3698608e-01   3.7661764e-01  -2.5664804e-01  -2.4001840e-01   3.9483870e-03   1.3826400e-01  -6.1302199e-02   3.5536679e-01   5.6314742e-01   2.2651253e-01   3.8821119e-02   2.1262801e-01  -4.3603678e-02  -5.6704911e-02   8.4876822e-02  -1.2654695e-01   2.5077304e-01   4.7607018e-02   3.6036605e-01  -2.4892671e-01  -3.4765785e-01   3.9327892e-01  -3.9845143e-02  -1.7047193e-02  -2.7502941e-01   4.4668633e-01   2.2266862e-01   3.0888034e-01   3.9075012e-02   3.6658812e-01   2.7999516e-02  -1.0353979e-01  -3.9579864e-01   5.1648044e-01  -1.1285477e-01   4.2778842e-01   7.2544233e-02  -1.4617411e-01  -1.2016268e-01   1.9406593e-01  -1.2019301e-01  -1.0071577e-01  -2.0517954e-01   1.8564495e-01   1.6779711e-01  -8.7390652e-02   3.0981834e-01   3.1006580e-01   2.7416596e-01  -1.6300593e-01  -1.1979295e-01   2.4707748e-01   9.3708972e-02   2.5463348e-01   5.1145755e-01   5.3971047e-01  -2.9429021e-01   5.3398220e-01  -1.3425970e-02  -2.3416560e-01  -3.6435012e-01   2.1652135e-01   2.8741330e-01   2.1950474e-01  -2.0990525e-01  -3.8063182e-02   3.5564369e-01   4.6523980e-02  -8.7255012e-02   3.5404980e-01   4.4875507e-01  -1.1996037e-01  -2.6257395e-01   3.0878717e-01   1.8631953e-01   3.5358233e-01   1.5815216e-01  -1.7267008e-01   4.7282306e-01  -3.7700040e-01   3.5527975e-02  -1.1341272e-01   1.4607031e-01  -1.7585682e-01   1.0433873e-01   5.1777185e-01   2.9128156e-02   5.7376852e-02   4.6005720e-01   1.3677141e-01   2.4070946e-01   1.6778219e-01   5.5705691e-01  -1.7641096e-01  -4.9859811e-02   3.9445961e-01  -3.7952157e-01  -1.4533490e-01  -9.2959176e-02  -7.2877695e-02  -1.9641022e-02   1.8935408e-01   2.0446045e-01   9.6994066e-02  -4.2435049e-01  -1.6722915e-01   4.6563210e-01   4.2035926e-01  -1.3252152e-01  -1.2034782e-01   1.2033019e-01   6.3417571e-01  -2.3962007e-01   5.6288869e-01   2.8565745e-01  -7.2743369e-03   1.9854955e-01   2.8508928e-01  -3.8275554e-02  -2.6933817e-01  -1.8618396e-01  -2.5787570e-01   3.4036643e-01  -9.6550645e-02   7.3790258e-02   1.4877854e-01   3.9543364e-01
   2.9636078e-02   5.5306401e-01  -3.2191515e-02  -8.6969258e-02   3.6878119e-01  -3.0438992e-02   4.0261494e-01   6.8189533e-02   0.0000000e+00   3.8291319e-01  -4.0767513e-01   2.8192742e-01  -1.6026293e-01  -3.0501898e-01  -2.8384171e-01  -4.9866120e-01   5.2304709e-02  -3.6911799e-01   1.2221895e-01   1.3907056e-01  -2.7380241e-01  -3.9557639e-01  -6.4447787e-01  -1.7376882e-02   5.7479802e-02  -1.5065052e-01   2.5422204e-01  -5.5374671e-01   3.1499810e-01   7.1888721e-01  -1.3987657e-01  -3.0150065e-01  -2.2957075e-01   4.1443000e-01  -4.0349776e-01  -2.0120360e-01  -2.2514974e-01   4.1037255e-02  -3.0436525e-01   3.5764361e-01  -1.2806533e-01  -2.4865834e-01   7.0697128e-01  -9.0311231e-02   3.2883609e-01   1.1544757e-01  -4.6452202e-01   4.1548967e-01  -6.2778211e-02   1.5037419e-01  -4.3406212e-01  -1.2020417e-01   6.7180621e-01  -8.9081110e-02  -3.2431793e-01  -5.0412885e-01  -4.0369740e-01  -3.6057938e-01  -1.9226532e-01   6.3585612e-02  -3.9609064e-01  -1.2833579e-01   7.8902680e-01   3.7303919e-01   6.9073687e-01  -2.3787407e-01   8.4495311e-02   3.7966732e-01  -4.4388291e-01  -2.8351701e-01   1.1309997e-01  -1.9920611e-01  -1.6557766e-01  -6.2187576e-01   1.7547176e-01  -4.0480997e-01  -1.7626740e-01   1.5532804e-01   5.6763830e-01  -6.8335685e-02  -4.6440224e-01  -2.2222898e-01  -1.6295868e-01  -7.8402294e-02  -4.7696898e-01  -2.8425810e-01  -2.8453092e-01  -1.7999986e-01   6.0564838e-01  -6.9918274e-02   3.3112088e-01  -3.0489884e-01   3.4540837e-01   4.9111255e-01  -1.4051882e-01   2.8098248e-01  -3.1819835e-01   2.0654426e-01  -1.6738709e-01   3.2943621e-01  -4.5051106e-01  -4.3412761e-01  -2.8327746e-01   6.3699123e-01  -2.5520449e-01  -2.2528882e-01  -1.6155231e-01  -1.9710085e-01  -1.0383721e-01  -8.6387404e-02  -2.0257529e-01  -2.2275587e-01   4.6249772e-01   1.0108216e-01  -5.5378119e-01   6.2423141e-01  -6.8291453e-02  -1.6727358e-01  -4.6377844e-01  -1.4808121e-01  -1.0597087e-01   2.8447650e-01   4.7961015e-01   3.7993443e-01  -2.8545674e-01  -5.9331604e-02  -1.8170247e-01   2.3235625e-01  -1.9341534e-01  -2.1412484e-01  -2.1863984e-01   3.4153919e-02  -3.1252309e-01  -2.4641021e-01   6.7792487e-01  -2.1288658e-01  -8.9153192e-03  -4.7390153e-01  -3.6486717e-01   6.5184939e-02   1.2448254e-01  -1.2241717e-01  -3.1432786e-01  -5.9001139e-01  -3.7336240e-01  -3.8163787e-01  -7.5794002e-02  -2.1814952e-01  -3.4193548e-01   2.5822435e-01  -2.6222396e-01  -1.6709854e-01  -6.5783542e-02   1.3086611e-01   3.7965944e-02   1.1868719e-01  -8.5884880e-02  -1.9405796e-01  -2.7758906e-01  -1.4150355e-01   3.2388083e-01  -2.6665749e-02   1.3871470e-01  -1.7919900e-01  -1.7908991e-01   4.4701396e-01  -2.9496579e-01  -3.8357064e-01  -5.0761561e-01   3.3217926e-01   4.2047022e-01   6.6305168e-02  -5.9315227e-02  -3.3319766e-01   1.8363606e-01  -3.1517056e-01  -1.2650639e-01
  -6.4654944e-02   4.1459020e-01  -1.0665471e-02  -3.7450519e-01   1.0708741e-01  -6.0110308e-02   6.5538470e-01  -3.2719313e-01   3.8291319e-01   0.0000000e+00  -4.6767615e-01   4.2152799e-01  -1.2611191e-01  -4.1312182e-01  -3.5560328e-01  -2.7255646e-01   2.4100849e-02  -4.2412258e-01  -1.9245446e-01   1.0854852e-02  -1.7984599e-01  -5.0577893e-01  -2.0732118e-01  -4.1416933e-02  -1.2137291e-02  -2.2300809e-01  -1.4860963e-01  -5.4916988e-01   9.4449827e-02   2.0268079e-01   1.8558683e-01  -5.1729875e-01  -2.1445013e-02   7.2379644e-01  -4.9910789e-01  -1.3587765e-01   3.3130214e-02   1.6297214e-01  -1.6193966e-01   3.7607932e-01  -2.1192310e-01  -8.6794481e-02   4.6282516e-01  -2.8702322e-01   5.3600272e-02  -5.1930759e-02  -4.8143877e-01   4.5462887e-01  -2.9086403e-01   1.7611449e-01  -4.9078674e-01  -2.5334082e-01   6.2086398e-01  -7.2967434e-02  -1.3069900e-01  -4.8523577e-01  -4.2287170e-01  -5.0726018e-01  -3.9536454e-01  -1.5131207e-01  -3.5580037e-01  -2.8996682e-01   3.5170677e-01   3.0451753e-01   1.8429999e-01  -9.8805247e-02  -3.0562382e-01   7.5267766e-02  -5.8961729e-01  -5.8367627e-02   3.7154380e-01  -4.5270043e-01   1.9437344e-02  -4.8619121e-01   1.1460365e-01  -3.5463753e-01  -2.1499981e-01  -1.3757325e-01   2.2936720e-01  -2.7718125e-01  -2.6531462e-01  -8.0434588e-02   1.9777839e-01  -3.8664055e-01  -2.4275929e-01  -3.0484545e-01  -2.8562512e-01  -1.1106721e-01   2.1577158e-01  -2.5166256e-01   1.5549463e-01  -1.4026779e-01   4.8167605e-01   1.1278121e-01  -1.7634298e-01   1.9313431e-01  -4.5725906e-01  -2.5081867e-01  -3.4461127e-01   5.1897295e-01  -2.3568924e-01  -4.4873568e-01  -2.2169082e-01   1.8069471e-02  -4.9536529e-01  -4.1779689e-01  -2.3154419e-02  -4.6925734e-01  -1.6584623e-01   6.8124803e-04   3.2632613e-01  -3.1796419e-01  -2.5321180e-02  -1.7223800e-01  -2.4862493e-01   4.1617262e-01  -2.2141129e-01  -1.7037104e-01  -2.8281479e-01  -3.8248304e-01  -1.9652716e-01   2.0740341e-01   4.3543965e-01   7.5086946e-03  -2.5541534e-01  -3.4140216e-01  -2.2601257e-01   7.6447371e-02  -3.9215769e-01   9.9104742e-02  -1.1497273e-01   2.3355978e-01  -3.3674186e-01  -3.3371801e-02   2.1707535e-01  -2.8119281e-01  -1.4312877e-01  -2.9790977e-01  -4.0990734e-01   1.1693477e-01  -1.2487150e-01  -1.3953372e-01  -4.4542285e-01  -2.4243122e-01   1.1860258e-01  -3.5182062e-01   4.2563375e-01  -1.0553807e-01  -1.8203738e-01   3.7158946e-01  -2.9101912e-01  -9.5614234e-02  -3.4724440e-01   9.6854847e-03   3.3395457e-01   1.9727455e-01  -2.6771360e-01  -2.3292873e-01  -1.4188107e-01   8.7287595e-02  -6.1816918e-02  -2.7856028e-01   4.4722146e-01  -4.1162192e-01  -3.9613613e-01   3.2612331e-01  -3.4147220e-01  -4.6541210e-01  -3.4629667e-01   4.1690347e-01   3.4814233e-01   2.8010424e-01  -3.0227113e-01  -3.4802803e-01  -5.0866484e-04  -1.0897550e-01  -3.2738264e-01
   5.8396790e-03  -6.0341396e-01  -3.2222352e-01   4.3404733e-01  -3.0970925e-01   5.6785539e-02  -5.7727164e-01   4.8057802e-01  -4.0767513e-01  -4.6767615e-01   0.0000000e+00  -5.0733995e-01   2.2714980e-01   4.7508032e-01   4.9587924e-01   3.7286813e-01  -3.3174458e-01   8.1925733e-01  -2.4809851e-02  -2.8336656e-01   2.6138929e-01   5.9105847e-01   2.3495171e-01   9.1862790e-02  -3.6148827e-01   2.2037864e-01  -1.1585543e-01   6.0398085e-01  -2.2879794e-01  -7.2057228e-02   5.1212207e-02   6.2794653e-01  -5.0574835e-02  -4.1034862e-01   4.0088624e-01   3.5238495e-01  -4.9317005e-02  -2.8568290e-01   4.0383567e-01  -6.3426230e-01   3.2690423e-01  -8.5446540e-02  -3.9387223e-01   5.0077677e-01   1.3964645e-01  -1.9741743e-01   7.9687639e-01  -3.9902845e-01   5.0767370e-02  -5.4337584e-01   7.6114451e-01   3.8641732e-01  -4.9800893e-01  -3.9124644e-01   9.3803707e-02   5.2483415e-01   2.3946723e-01   6.4680369e-01   6.1016301e-01   1.7982322e-01   3.1690378e-02   2.4080726e-01  -4.7138152e-01  -6.3633337e-02  -2.4421119e-01   2.1624364e-01   1.9179237e-01  -2.1077780e-01   7.2950618e-01  -1.5574092e-02  -2.8781110e-01   6.2303111e-01   2.9133098e-01   3.3121544e-01  -5.5749633e-01   6.6711595e-01   4.4686072e-02   2.9066326e-01  -2.2983722e-01   1.6729425e-01   4.0693220e-01   2.6895864e-01  -1.2383908e-01   3.7755486e-01   1.4416946e-01   5.6281907e-01   3.2809580e-01   8.8941543e-02  -5.3033995e-01   1.7293655e-01  -5.2663867e-01  -1.8756423e-01  -5.0998137e-01  -1.0380887e-01   1.2396498e-01  -5.9065166e-01   3.3064727e-01   1.2936850e-01   4.5662224e-01  -3.5689027e-01   2.6750868e-01   6.8476580e-01   3.7777894e-01  -7.4955120e-02   7.7239782e-01   5.3437477e-01  -3.5737428e-01   7.0043164e-01  -8.3644709e-02   4.8822161e-02  -1.8027959e-01   5.7581268e-01  -2.3607589e-01   5.1842100e-02   2.6407757e-01  -4.9459132e-01   3.2555297e-01   2.0300931e-01   3.7403665e-01   4.6008248e-01   4.5173881e-01  -5.3127324e-01  -7.0493182e-01   2.4775033e-01   2.1888993e-01   2.8423299e-01   4.4164324e-01  -5.9975514e-01   6.1186930e-01  -2.1749117e-01   2.4859305e-01   2.9399882e-01   1.0746514e-01   2.1473563e-01  -3.3629326e-01   5.8939460e-01  -1.9713787e-01   4.8751901e-01   6.7777785e-01  -1.4497106e-01   4.9467019e-02  -2.9745896e-03   8.3200755e-01   2.7962425e-01   3.7609683e-01   6.2685320e-01  -3.4239858e-01   2.4659445e-01   2.5426235e-01  -1.5998022e-01   1.8558377e-01   2.2608744e-01   1.6458892e-01   2.7419525e-01  -5.0966878e-01  -1.8161627e-01   4.1509867e-01   5.6430694e-01  -1.5015314e-01   2.2296114e-02   3.8671176e-02   6.9772771e-01  -7.8017663e-02   7.3573320e-01   3.0297167e-01  -1.6628747e-01   6.6654039e-01   6.2361511e-01   1.3890685e-01  -5.2417737e-01  -5.1200764e-01  -2.4008368e-01   5.6896752e-01   2.5128805e-01  -3.2675663e-01   2.8085090e-01   3.5786919e-01
  -2.3765885e-01   7.2719680e-01   5.1388508e-01  -4.5587641e-01   2.1429206e-01  -9.9162726e-03   5.2281654e-01  -2.1172075e-01   2.8192742e-01   4.2152799e-01  -5.0733995e-01   0.0000000e+00   1.3208463e-02  -5.3427654e-01  -2.7933960e-01  -1.0623299e-01   4.9756242e-01  -6.8098044e-01  -1.9308308e-02   2.4096588e-01  -5.9927630e-01  -6.3712520e-01  -4.7930785e-01  -4.2232387e-01   1.3419767e-01  -7.7335299e-02  -4.6741192e-02  -3.8548748e-01   2.3081952e-01   4.0731792e-02  -5.1592562e-02  -3.8723181e-01   7.3499786e-02   4.8180140e-01  -3.9494759e-01  -3.5949983e-01  -3.6634530e-01  -7.9727774e-02  -1.2454589e-01   6.2399426e-01  -6.2048476e-02   1.0279653e-01   3.0520134e-01  -1.6300897e-01  -5.2828346e-02   2.9145054e-01  -6.6448553e-01   2.9702903e-01  -2.9854337e-01   6.8443782e-01  -6.5786539e-01  -1.1082265e-01   4.2967167e-01   3.8294457e-01  -2.2343125e-01  -2.1651261e-01  -1.4045544e-01  -5.6817119e-01  -3.2311394e-01   8.8218690e-02   7.7921468e-02  -3.3073266e-01   5.7015653e-01   3.1071967e-01  -7.2580822e-02  -5.2016023e-01  -1.8977226e-01   2.1582893e-02  -6.1510820e-01   1.5160147e-01   5.0648425e-01  -6.0690031e-01  -9.2633122e-02  -2.5073313e-01   2.9324197e-01  -3.8575189e-01  -1.7091486e-01  -1.6970527e-01   1.4615823e-01  -2.1322810e-01  -1.6322180e-01  -1.1143595e-01   2.7209540e-01  -2.9532077e-01   1.8640179e-02  -1.8644080e-01  -4.7103873e-01  -2.8758959e-01   5.4733620e-01  -4.1343512e-01   5.8856383e-01   2.7935236e-01   8.2902927e-01   1.0476853e-01  -3.6451425e-01   6.2372047e-01  -3.3088374e-01  -1.3034194e-01  -4.0656567e-01   6.0868813e-02  -1.9127379e-01  -3.4287636e-01  -4.2765405e-01   1.0094475e-01  -5.1945220e-01  -2.7591584e-01   5.4822855e-01  -5.0649854e-01  -3.3710784e-01   1.1621920e-01   3.2248022e-01  -5.0214747e-01   2.5543508e-01  -3.7537392e-01  -2.2791830e-01   3.2449333e-01   3.5629728e-03  -5.6202545e-02  -8.1855959e-02  -4.2421812e-01  -4.3264583e-01   5.3891612e-01   8.0408206e-01  -2.5724228e-01  -2.6688082e-01  -4.1749825e-01  -3.1310896e-01   3.6293559e-01  -4.5338762e-01   4.5901586e-01  -1.8043913e-03  -1.7160456e-01  -4.6567719e-02  -2.4645604e-01   3.0016827e-01  -1.9895346e-01  -1.8406621e-03  -3.3850750e-01  -2.8812234e-01  -1.2259691e-01  -1.7654751e-01   8.0000296e-02  -4.7271685e-01  -1.9907024e-03  -2.3860890e-02  -5.3119583e-01   6.4363426e-01  -2.9955820e-01   2.6338914e-02  -4.7584384e-02  -2.6870642e-01  -1.3476377e-01  -2.4734513e-01  -1.1609868e-01   7.5721881e-01  -2.6379864e-01  -4.4539031e-01  -2.5745013e-01   1.2097886e-01  -8.3186434e-02  -1.1887472e-01  -4.1672603e-01  -5.6251953e-03  -5.7989901e-01  -4.0602959e-01   1.6102258e-01  -4.1239464e-01  -4.2191611e-01  -8.2124411e-02   5.4171495e-01   5.4142824e-01  -6.9016007e-02  -6.5892543e-01  -9.4035969e-02   2.2783967e-01  -3.9894068e-03  -4.0576707e-01
  -9.1429624e-03  -1.0601481e-01   2.1209984e-01   2.2385788e-01   3.0606779e-01   1.8961860e-01  -1.9149987e-01   2.0132412e-01  -1.6026293e-01  -1.2611191e-01   2.2714980e-01   1.3208463e-02   0.0000000e+00   1.2624620e-01   1.4669382e-01   3.5097398e-01   2.3939957e-01   3.2172095e-01  -1.2227492e-01   3.7062562e-01  -1.4465670e-02   1.6316417e-01   8.1896499e-02  -1.3781664e-01   2.3325515e-02   1.4499824e-01   2.2885110e-01   1.5318884e-01  -9.6069769e-03  -6.6022479e-02  -9.3471474e-02   1.9346479e-01   5.3875762e-02  -1.6189820e-01   1.1376274e-01   4.3662793e-01  -5.8628238e-02  -2.5943642e-01   3.1991595e-01   9.9596592e-02   6.9600659e-01   5.4356138e-02  -2.5815573e-01   1.1908705e-01   9.7400816e-02   2.3271249e-01   2.8437978e-01  -1.7596012e-01   2.6447659e-02   1.2701893e-01   2.5664019e-01   9.7275467e-02  -1.2931644e-01   1.0646301e-01  -6.8326206e-02   2.5557072e-01   2.7191470e-01   2.4920162e-01   2.0311452e-01   1.6196062e-01   2.1554837e-01   2.9321350e-01  -6.2839113e-02  -5.1035079e-02  -4.2712545e-02   6.3456306e-02   2.1098289e-01  -1.8532356e-01   2.3027093e-01   1.7126272e-01  -6.2289122e-02   1.4371191e-01   4.2235393e-01   8.1194293e-02  -6.9955215e-02   4.0621137e-02  -3.2648533e-02   1.7675973e-01   7.3106886e-02   1.7635625e-01   4.9126514e-04   3.2483979e-01   2.8888343e-02   2.4550832e-01  -1.9065138e-02   5.8966195e-02  -1.5774089e-01   5.7631654e-02  -5.0187301e-02   3.7125030e-02   5.8768910e-02   2.3161715e-01   5.4984052e-02  -9.7212371e-02   7.8171533e-02   9.2337670e-02   3.0791386e-01   2.4740816e-01   3.6704059e-01  -1.2063554e-01   3.1149895e-02   1.6338785e-01  -1.1232342e-01  -1.4586101e-01   1.9683690e-01   2.1271638e-01   1.4976918e-01   2.3817854e-01   8.4825445e-02   1.7800133e-01  -3.1299967e-02   1.2039720e-01  -1.0757692e-02  -7.3461683e-02   1.0876410e-01   8.9699381e-02   9.6712108e-02   6.6847026e-01   7.7514826e-02   2.6396213e-01  -1.8201205e-01   1.3305925e-01  -1.1673402e-01  -6.2830640e-02   3.0878988e-01   8.7359854e-02   1.0163130e-01   1.4368160e-01   1.4516246e-02   1.1900094e-01   4.8207205e-01   2.2434276e-01   1.2579884e-01   2.3399129e-02  -6.9530852e-02   7.6712502e-02   1.6246999e-01   3.4983773e-02   6.8391581e-02  -1.8560490e-01  -1.0857520e-01   4.0511022e-01   1.8388888e-01   7.8671664e-02   1.4075054e-01  -1.7195359e-02  -1.2261627e-02   2.5071964e-01   3.1412359e-01  -3.1372638e-02   1.1732531e-01   3.5709993e-02  -1.8581874e-02   1.4185260e-01   3.2389593e-02  -2.8709274e-01  -1.2024881e-01   2.6337188e-01   1.7898078e-01  -1.6517163e-01  -1.5758563e-01   7.5831385e-02   7.1172092e-02   1.0387798e-01   2.7816513e-01   4.6274793e-02   3.0501709e-01   1.6146953e-01   9.4957557e-02   2.8952484e-02   1.0861352e-01  -4.7548953e-01   1.1689037e-01   2.7584499e-01  -1.2227874e-01   1.2210459e-01   2.4737652e-01
   1.6521423e-01  -4.6051287e-01  -4.0238795e-01   3.3783720e-01  -3.3655812e-01   2.6543634e-02  -5.4097424e-01   2.6520403e-01  -3.0501898e-01  -4.1312182e-01   4.7508032e-01  -5.3427654e-01   1.2624620e-01   0.0000000e+00   3.0216587e-01   1.5295762e-01  -3.9644294e-01   4.4705285e-01   2.4743888e-01  -2.5889190e-01   3.6913721e-01   6.5174997e-01   2.2756769e-01   2.8876657e-01  -1.7759629e-02   3.5227336e-01  -7.2523694e-02   6.2589070e-01  -1.8139259e-01  -8.7026816e-02   6.0308859e-02   3.5535164e-01  -1.0021513e-01  -6.5030199e-01   6.0919390e-01   1.6817223e-01   2.4446626e-01  -1.6368800e-01   4.7374503e-02  -5.4805191e-01   1.7525669e-01  -1.2297744e-01  -4.5474725e-01   3.5127960e-01  -4.2096065e-02  -2.5943726e-01   3.8692246e-01  -2.3820420e-01   1.4967834e-01  -4.9932964e-01   4.5272395e-01   2.3709200e-01  -4.5468408e-01  -1.2909752e-01   3.7674384e-01   5.3503475e-01   3.1629644e-01   5.4256199e-01   4.1001173e-01   1.0891679e-02  -2.2449920e-02   1.9460416e-01  -5.1953872e-01  -3.4455444e-01  -1.1517193e-02   1.7336064e-01   2.4347523e-01  -1.6903959e-01   4.9309280e-01  -1.7107316e-01  -4.3459828e-01   3.8826077e-01  -3.8993065e-04   5.0694162e-01  -1.7794047e-01   3.8295527e-01   3.4474760e-02   2.8358864e-01  -2.6545713e-01   2.9642694e-01   3.7179068e-01   7.7851227e-02  -1.5027270e-01   5.0010263e-01   3.0830932e-01   1.1331258e-01   6.2952137e-01   3.9502343e-01  -5.1757684e-01   3.7398970e-01  -4.0412956e-01  -2.2997955e-01  -5.5995822e-01  -1.8508613e-01   1.7602825e-01  -4.2823082e-01   3.9437106e-01   3.6549597e-01   1.4271806e-01  -1.2340647e-01   3.8391577e-01   3.7423047e-01   5.8935705e-01  -1.4397159e-01   4.0655887e-01   2.5726771e-01  -1.9168776e-01   4.4619187e-01   1.7815625e-01  -2.3330510e-01  -2.8332441e-01   4.5349529e-01  -1.6391319e-01   2.3565043e-01   3.8842258e-01  -2.8824185e-01   2.4368510e-01   8.4771218e-02   4.2836949e-01   3.0729691e-01   2.2091609e-01  -3.4401024e-01  -4.6920388e-01   2.7679244e-01   2.6773764e-01   5.4486933e-01   1.9001046e-01  -2.2142944e-01   5.2547400e-01  -3.6064484e-01  -1.7765118e-02  -7.9307764e-02   3.5652906e-01   5.1413587e-02  -3.3339182e-01   5.4065128e-02   1.3860995e-01   5.8035883e-01   2.2964200e-01  -1.0871751e-02   1.7815441e-01  -1.1164887e-01   3.1697269e-01   2.5784733e-01   2.6335085e-02   4.9717200e-01  -3.8386859e-01   1.2044413e-01  -8.5893794e-02  -1.1419869e-01   3.2703863e-01   4.1263284e-01   2.0512766e-01   2.8147999e-01  -5.7268453e-01   2.0868351e-02   2.3459755e-01   4.1327320e-01  -1.4517507e-01   1.1363147e-01  -7.6923463e-02   2.8880545e-01  -2.7077539e-01   3.4034262e-01   3.9615516e-01  -2.0749957e-01   3.2588940e-01   5.7818701e-01   1.9271071e-01  -4.4438254e-01  -4.1276635e-01  -2.1422190e-01   3.0786101e-01   2.6080898e-01   2.6744809e-02   4.7589556e-03   3.2439741e-01
