   0.0000000e+00  -3.7984939e-01  -1.5890108e-01   4.3382773e-02  -4.8012811e-01  -1.6746930e-01  -3.1470946e-01   8.4098641e-02  -3.1930473e-01  -2.2990272e-01  -7.0358422e-02  -3.3614550e-01   2.7972256e-01   6.3079527e-01  -2.2557605e-01  -3.8731158e-01  -2.5593136e-01  -2.0449532e-01   3.6750241e-02  -4.1741769e-01  -2.2298845e-01   4.9059811e-02  -1.3455674e-01   6.7067952e-01   4.1926525e-03   4.3423730e-02  -3.7286157e-01   2.1867969e-01   1.7582452e-01  -3.8301436e-01  -3.3513358e-01   8.6064913e-02  -1.3749093e-01  -3.9591305e-01  -2.1766887e-01  -4.9633222e-01  -3.1950770e-01   4.9755217e-01  -4.1562927e-01  -3.3328353e-01  -7.1496411e-02  -4.7923853e-02  -3.1369574e-01   2.0069046e-01  -2.7842844e-01   5.1054032e-01  -3.0971265e-01  -4.4629689e-01  -2.9682706e-01  -2.8805702e-01  -1.4080380e-01  -4.8536572e-03  -5.9078598e-01   2.7516921e-02   1.0274405e-01   1.3682705e-01   1.3417974e-01   6.7687216e-02  -1.8891920e-01  -3.9053406e-01   1.9693191e-01  -2.3369657e-02  -4.0167589e-01  -2.1079906e-01  -4.9389644e-01  -3.9358390e-01  -1.2137904e-01  -6.5745542e-02  -1.6523656e-01   1.3643654e-01  -5.2780536e-01  -4.3740367e-02  -3.0684250e-01   3.4961434e-02   2.4630739e-01   1.7548705e-01   1.8753304e-01   1.3121546e-01  -4.5253409e-01   4.0290549e-02   7.9453206e-03  -4.4146208e-01  -2.8966586e-01   2.2567811e-01   4.1730964e-01   7.6903170e-02  -1.2815379e-01   2.9730752e-01   8.0365544e-02   6.6433706e-01  -4.0071481e-01   6.9455804e-02  -3.0162405e-01  -1.8927135e-01   5.7139268e-01  -7.6627775e-02   2.8813425e-01   1.6711222e-01   7.6704565e-02  -1.9416617e-01   2.8130355e-01  -5.1443352e-02   5.2917088e-02  -1.0095023e-01  -1.5810168e-01   8.1022875e-02   4.1091762e-01   2.6218944e-02   2.2658722e-01  -4.6794417e-01  -3.8262261e-01  -1.5310190e-01   3.9601344e-02   8.2128841e-01   3.4707738e-01  -4.0141780e-01   2.1101336e-01  -1.1316915e-01   1.5564278e-01  -6.5371059e-02   4.1746827e-01  -1.4439648e-01  -9.2099170e-02  -3.0532065e-01   4.4844262e-01  -1.0132699e-01  -2.5125440e-01  -1.0558625e-01   1.1137832e-01   2.0179344e-01  -5.0087570e-01  -6.1967586e-01   1.2830487e-01  -5.3174636e-01  -1.0309714e-01   1.2957630e-01   1.8993281e-01   1.3560700e-01   1.0043120e-01   7.3894719e-01   5.9609114e-01   4.6486367e-02   5.2779319e-03  -7.3905130e-03  -1.8095824e-01  -1.9028432e-02  -3.7203106e-01  -1.3614550e-01  -1.9331332e-01  -2.9041920e-01   2.9173600e-01   7.6837230e-02   3.3730994e-01  -2.3048079e-01  -2.3754535e-01   7.2167342e-01   3.9631797e-01  -1.7094829e-02   1.2538015e-01   5.2312461e-02  -2.2464866e-01   8.3735501e-02  -1.8352649e-01  -3.7970120e-02   1.6863259e-01  -3.1288112e-01  -1.6329453e-01   1.7101667e-01   4.6624854e-01  -4.0005349e-01  -1.4329197e-01   1.7972194e-01  -3.4014910e-01   1.7639321e-02   2.0876535e-01   5.1130655e-03   1.6736567e-01
  -3.7984939e-01   0.0000000e+00   4.9507593e-02  -2.1422001e-01   3.2982217e-01   4.9883903e-02   1.0468167e-01   1.7080940e-01   5.0926135e-01   2.5878281e-01  -1.6921740e-01   5.9659976e-01  -1.2867364e-01  -2.2632405e-01   6.6607633e-02  -5.7225218e-02   1.7898697e-01  -2.6989904e-01   1.7602224e-01   2.2165336e-01  -1.6530507e-01  -3.2202118e-01  -1.4364714e-01  -1.8091449e-01   1.5195542e-02   1.1378156e-01   2.4377481e-02  -3.5097260e-02   1.1171482e-02  -4.4991177e-02   3.0102982e-01  -1.7075574e-01  -1.2901769e-01   3.4831854e-01   3.0753524e-01   1.0845526e-02  -2.0354536e-02  -2.1229091e-01  -3.2124253e-02   3.3616924e-01  -8.1159861e-02  -2.3841740e-01   3.5143142e-01   1.2595560e-01  -1.0958463e-02  -1.5060417e-01  -2.7799135e-01   3.4056140e-01   1.4112251e-01   4.5689051e-01  -2.6289916e-01   2.0876301e-01   5.2116653e-01  -2.8601445e-02  -1.5793217e-01   6.5790034e-02   1.7840441e-01  -1.7583750e-01  -2.4760506e-01   3.4809683e-01   6.7363407e-02   2.5200437e-03   3.3463583e-01   2.5941548e-01   3.0927482e-01  -8.6679026e-02  -1.2816464e-01  -1.7861563e-02  -1.4256032e-01  -2.6660750e-02   7.2600183e-01  -2.0420853e-01   4.5885501e-02   1.9214707e-01   7.1509499e-02   4.9212363e-02   9.9680834e-03   5.4808628e-02   3.1661370e-01  -1.5755067e-01  -1.1829247e-01   1.2586242e-01   3.8305736e-01   8.9942648e-02  -1.7295935e-02   3.4352721e-02   9.9662043e-02  -1.9775595e-01   2.4818740e-01  -2.3809528e-01   3.8337197e-01   1.3440478e-01   1.7724022e-01   1.0557190e-01  -2.6825770e-01   9.8923751e-02  -2.4576258e-01   7.0114448e-02  -8.7039372e-02  -1.4971787e-01   1.2039715e-01  -7.2772889e-02  -4.0250150e-02   6.0172923e-01  -1.8404289e-01  -1.4552107e-01  -1.2903883e-01   6.4483739e-02  -1.3941171e-02   1.4616215e-01   1.2890187e-01  -3.2434085e-01   9.6336969e-03  -3.0177272e-01  -1.2723729e-01   6.4031560e-01   1.8112392e-02   1.3447333e-01  -5.8600550e-02  -9.9676106e-02  -1.9967607e-01   7.3818660e-02   3.6925905e-01   1.3320933e-01  -6.4759736e-02   3.4489155e-01   8.1787095e-02   4.1505268e-02  -1.4361293e-01   7.0684639e-02   7.2192934e-02   2.5573211e-01   1.6919224e-01   3.9025604e-01   1.1905063e-01   1.1621162e-01  -1.5561362e-01   1.2757889e-01   1.1404766e-01  -2.7040129e-01  -1.4692073e-01   2.6860153e-01  -1.3488648e-01  -6.0498832e-02   7.8611762e-02   1.8269612e-01   1.9995572e-01  -3.0647603e-01  -2.8710978e-01  -4.6502896e-02  -7.9251812e-02   1.7254163e-01  -1.6886538e-01   2.0632407e-01   3.4752827e-01  -3.4824660e-01  -7.6484802e-02  -2.0141549e-01   1.7779917e-01  -1.1627830e-01   3.1986270e-01   1.3424846e-02  -1.1503549e-01  -1.3956732e-01  -9.0653500e-02   3.2505674e-01  -2.5348740e-02  -1.4386058e-01  -2.0190015e-01   5.0612858e-01   1.5817924e-01  -1.1281009e-01   3.6712696e-02  -1.3875108e-01  -5.8431143e-03  -9.2004140e-02  -1.1693315e-01
  -1.5890108e-01   4.9507593e-02   0.0000000e+00  -1.7621118e-01   1.1755165e-01   3.9667471e-01   2.4253875e-01  -2.7675307e-01   1.4427021e-01   3.6086446e-01  -6.7490564e-02   3.6211867e-01  -6.8406457e-02  -2.0851804e-01  -8.8978615e-02   4.3023477e-01   8.2540001e-01   1.9534527e-01  -1.9412981e-01   3.7212753e-01   7.6279943e-02  -1.7669105e-01   1.3552997e-01  -2.3624991e-01   3.1763022e-02   3.3461788e-02   5.0775272e-01  -3.0913450e-02  -1.8940003e-01   5.4080632e-03  -2.7534307e-01  -2.9352434e-01   1.6707960e-01   2.5950536e-01   1.0075562e-01   3.2822841e-01   2.7013559e-01  -1.8684402e-01   3.9096083e-01   7.0848006e-01   1.5960818e-02   1.8621491e-02   2.4467837e-01  -2.3460655e-01   6.9870128e-02   1.7748505e-02   5.0253089e-01   1.1688683e-01  -6.3158482e-02   4.0697934e-01   1.0870883e-01  -2.3175504e-01   1.6229748e-01   1.5142701e-01   1.3193198e-01  -3.9533594e-02  -1.3622809e-01  -3.0490430e-01  -1.8438918e-02   3.2423051e-01  -2.9641382e-01  -3.0413634e-01   1.8001132e-01  -1.4558386e-01   4.7921063e-02   2.0306565e-01   2.6563882e-01   1.9101615e-01   2.9164905e-01   4.2320720e-01   2.9145844e-01   3.2370096e-03   1.7804517e-01   6.3569791e-02  -1.8468964e-01  -4.7612548e-01  -3.5088526e-01  -2.1348213e-01  -2.2950545e-02   6.0374940e-02  -6.6726478e-02   2.5892750e-01  -8.0933516e-02  -8.8769651e-02  -1.9979543e-01  -4.5243857e-01  -2.2247101e-01  -7.2725351e-02  -1.1801795e-01  -2.9332882e-01  -6.0384449e-02  -5.1183309e-03   1.4781503e-01  -2.1288154e-01  -2.2028414e-01  -1.7549067e-01  -5.9701790e-02  -3.3623315e-01   7.3272372e-02   3.0309615e-01  -8.4277341e-02  -1.1322384e-01  -3.3033610e-01  -1.3201816e-01  -1.6701444e-01  -2.9795588e-01  -1.4905233e-01  -1.1467149e-01  -2.5198449e-01   1.6738861e-01   2.3750111e-01  -2.6855733e-02  -2.9205216e-01  -1.8227876e-01  -1.2987619e-01  -1.3320785e-01  -2.9741305e-01   4.3457538e-02   1.9518943e-01  -2.6185764e-01  -3.4332696e-01  -1.2054048e-01   3.8176154e-02  -1.6128621e-01  -3.7776710e-01   1.9426933e-02   1.5728094e-01   5.3644752e-02  -3.1400057e-01   7.9222623e-02   4.0472975e-01   9.3425013e-02  -7.7468766e-02   1.0988849e-01  -1.0285378e-02  -4.1191001e-01  -5.8065007e-03  -2.5827232e-01  -3.8880208e-01  -1.5099981e-01  -1.4409981e-01  -1.8572502e-01  -1.4630409e-01   3.3074661e-01  -2.1309640e-03  -3.9896327e-01   5.2202968e-01   2.6735248e-01   1.8921919e-01   4.2358926e-02  -1.0076242e-01  -1.4178630e-01  -1.6427302e-01  -1.3513469e-01   5.5455797e-01  -1.0908144e-01  -4.0319641e-01   8.1387593e-02  -1.4378950e-01  -6.4756835e-02   2.1431798e-01  -3.6414945e-01   1.7830462e-01  -3.8666418e-01  -2.1691135e-01  -7.1943264e-02   6.1138668e-02   9.2758929e-02  -1.7254555e-01   2.6165832e-02  -6.6977460e-02  -2.1569529e-01   1.3902507e-02   3.5872083e-01  -2.4743403e-01   9.3120770e-02  -1.9961420e-01
   4.3382773e-02  -2.1422001e-01  -1.7621118e-01   0.0000000e+00  -9.9801063e-02   2.0018681e-01   1.0975594e-01   2.8255249e-01  -2.0662789e-01  -1.1488768e-01   1.7826042e-01  -1.5390360e-01  -1.3343967e-01   2.0884406e-01   2.3777905e-01   1.7013531e-01  -2.3723646e-01   1.7214777e-01  -1.9947423e-01  -4.7607351e-02  -1.2055121e-02   4.6053013e-01   1.3984132e-01   6.6352676e-02   9.9496515e-02   2.3068950e-01  -8.7947989e-02   1.3183618e-01   1.4489782e-02   1.9330538e-01   4.2590114e-02   4.6850474e-01  -7.0676237e-02  -1.5108657e-01  -8.4131699e-02  -7.4952079e-03   5.0829819e-02  -9.5504107e-02   1.3270811e-01  -2.2569120e-01   9.6049734e-02   6.6917801e-02  -4.8378753e-02   5.9034011e-02   1.6736981e-01  -1.9027303e-01  -7.1816988e-03  -1.5355506e-01  -4.2322665e-02  -3.5399180e-02   3.6610955e-01   1.6334330e-01  -9.8639085e-02  -1.5687324e-01   5.9586888e-02   1.0028596e-01   2.2557525e-01   4.4872912e-01   5.0303766e-01  -5.7642208e-02   2.4739475e-01   7.9201997e-02   1.2895975e-01  -3.0085973e-02  -9.4790424e-02   1.2898513e-01   1.8530410e-01  -3.7181620e-02   1.6334886e-01  -2.8412460e-01  -3.8373028e-01   3.3830768e-01   2.5506648e-01  -1.1986761e-01  -6.9991201e-02   2.4668201e-01   2.0094886e-01  -1.3068639e-01  -7.7449190e-03  -8.4188376e-02   2.3783653e-01   2.4869436e-01  -9.0681838e-02   2.5533485e-01  -1.7125438e-02   3.1165891e-01  -9.1565795e-02  -7.6229751e-02  -1.8240083e-02   3.9725130e-02  -1.0622656e-02   1.2870943e-01  -1.2824556e-01   1.7590638e-01  -1.1286375e-01   4.8453117e-03   3.9251402e-02   2.2107253e-01   5.6877420e-02   2.5167613e-01  -1.6970529e-01   2.5387915e-01   3.0827809e-01   7.0393219e-02   5.3189749e-01   4.3277010e-01   1.0494005e-01   3.0234261e-01   3.9988386e-02  -4.7208644e-02  -1.8276846e-01   2.9837764e-01   4.3301893e-01  -4.3487653e-02   8.4303967e-02  -1.6283244e-01  -3.4329509e-02   1.0529402e-01  -3.9337813e-02   4.7384044e-01   1.3600862e-01   2.3196064e-02  -8.4154284e-02   2.5215233e-02  -3.2878077e-02   8.2208078e-02   1.2876314e-01   4.9947368e-02   3.5566336e-01  -2.1815287e-01   1.5441949e-02  -8.7255875e-02   6.0255205e-02  -2.5086932e-01   1.3776989e-01   3.6188717e-01  -2.2429317e-01   1.6745127e-01   2.2284624e-01  -9.7510092e-02   2.4181405e-02   1.4188296e-01   2.1384512e-01  -9.6846828e-02   2.4273053e-01   3.2468871e-01  -4.0331367e-02   7.1268090e-02   2.4975638e-02   1.8570212e-02  -5.4436441e-04   9.0010287e-02   1.7934672e-01  -1.9166970e-01  -2.7627745e-01  -5.2159187e-02   1.7063685e-01   2.8163497e-01   1.0816876e-01   2.2416599e-01  -1.0068174e-01   5.4580078e-03  -2.6704979e-02   4.9814905e-01   3.1616562e-01  -5.5958615e-02   1.2876683e-01   1.6237758e-01   1.9065649e-01  -2.5074063e-01  -2.7711960e-02   2.8186295e-02   1.5889738e-01  -1.4049808e-01   1.2166823e-01  -2.0945030e-01   5.1989813e-01
  -4.8012811e-01   3.2982217e-01   1.1755165e-01  -9.9801063e-02   0.0000000e+00   7.0898895e-02   1.9725325e-01  -1.9187575e-01   5.4370347e-01   4.4128917e-01  -1.3730048e-01   5.4473853e-01  -5.5028853e-02  -3.4232973e-01   1.1902188e-02   2.8760488e-01   5.9141598e-02  -4.4700539e-02  -1.0766847e-01   7.8419292e-01  -1.3871479e-01  -2.4630852e-01  -1.4628511e-01  -4.3896726e-01  -3.9050326e-02  -1.6531685e-01   5.4523602e-01  -4.2108681e-01  -1.0738963e-01   3.1212044e-01   5.2146275e-02  -3.5184061e-01   2.7367768e-02   4.5301752e-01   3.9371387e-01   6.9936332e-01   2.0362425e-01  -3.5860933e-01   4.0508709e-01   3.9109913e-01   3.2333532e-01  -1.0256847e-01   5.0148203e-01  -3.5206743e-01   3.4237614e-01  -4.2766715e-01   2.2946175e-01   4.7265338e-01   5.4893930e-01   1.2341441e-01  -1.5379697e-01  -9.4277008e-02   5.0349214e-01  -1.2986121e-01  -2.2631356e-01  -2.9470503e-01  -2.1846251e-01  -2.7302302e-01   2.6106766e-02   4.5403767e-01  -2.1621953e-01   2.8946528e-01   3.8230482e-01   1.9738951e-01   5.6945990e-01   3.5944145e-01   1.4470426e-02   7.4002049e-02   2.1861988e-02  -3.1265984e-01   3.4314757e-01  -3.9480285e-02   2.4283514e-01  -1.3925587e-01  -1.3625130e-01  -1.8043667e-01  -1.9843278e-01  -1.4565510e-01   8.0678264e-01   1.0259384e-01  -2.8382374e-01   3.7754923e-01  -1.2823920e-01  -2.6865583e-01  -3.6542837e-01  -1.5977912e-01   6.9214285e-02  -2.0637772e-01  -1.3849554e-02  -3.8619295e-01   7.2465685e-01  -1.4552525e-01   3.8564597e-01   3.1922438e-01  -4.8126597e-01   5.4340756e-01  -1.0173766e-01  -1.8255731e-01   2.7063488e-01   9.4119289e-02  -2.5881023e-01  -2.2160899e-02  -2.8561207e-01   1.4369431e-01  -5.2046783e-02  -1.9909978e-01  -3.3202742e-01  -8.9929593e-02   9.9293267e-02   5.5352977e-01   4.1369879e-02  -1.6030554e-01  -1.1987747e-01  -4.1267950e-01  -4.1334432e-01   6.5788816e-01  -1.2087142e-01   1.7851513e-01  -2.5060610e-01  -3.7347677e-02  -4.2084419e-01   6.4190618e-01   2.2618979e-01   3.0830561e-01  -2.8423246e-01   7.6299318e-02   2.4899899e-01  -3.1043321e-02  -1.9276759e-01  -3.5187855e-01   3.3505099e-01   5.9221764e-01  -1.5648275e-01   3.3990068e-01  -3.3504500e-02  -1.3243594e-01  -2.5655181e-01  -3.0117662e-01  -1.0870795e-01  -5.3077089e-01  -4.3467812e-01  -4.1339620e-02  -1.0082160e-01  -2.2178390e-01  -1.6416977e-01  -1.2678948e-01   2.6557264e-01   1.1015412e-02   1.8621751e-01   7.1334263e-02  -2.2621317e-01  -2.9001496e-01  -2.6709265e-01   3.1147339e-01   2.1755191e-01  -4.9616234e-01  -3.3822297e-01   9.2745110e-02  -2.4072819e-01  -3.9010299e-01   2.2966867e-01  -2.2620149e-02   1.7509306e-01  -2.5430254e-01  -1.9699394e-01   7.1637762e-01   2.1298539e-01  -2.3405509e-01  -3.1545927e-01   4.1026754e-01   5.2204519e-01  -2.1955872e-01   3.0200304e-01  -1.8017568e-01  -1.6548113e-01  -1.7495806e-01  -1.5898153e-01
  -1.6746930e-01   4.9883903e-02   3.9667471e-01   2.0018681e-01   7.0898895e-02   0.0000000e+00   3.3710476e-01   3.4902582e-01   2.9929821e-02   2.8712816e-01   2.5278248e-01   3.3231070e-01  -1.3692731e-01   1.2671196e-01   5.0613741e-02   2.3223523e-01   3.1169026e-01   1.3323944e-01   3.7866255e-02   2.4241943e-01  -2.6645611e-03   2.9883788e-01   1.2664047e-01  -7.2964123e-03   4.7357070e-02   4.7089500e-01   4.2825481e-01   2.8257323e-01  -1.7636052e-01  -9.2067680e-03   2.5019202e-03   1.3252372e-01  -5.0327409e-02   2.4351002e-01   6.3867449e-02   2.6672097e-01   7.1988689e-02  -2.0133987e-01   2.2079385e-01   4.0036216e-01  -3.9184951e-02  -1.6811188e-01   1.1164023e-01   2.0966552e-02  -5.4804932e-02  -4.6112851e-02   3.2818725e-01   1.6951117e-01  -1.7148277e-01   2.4365126e-01   1.8144916e-01   3.0051356e-01   4.5681286e-02   1.8503033e-02  -1.5033830e-01   1.2555947e-01   4.7131699e-01   1.4627948e-01   1.7563216e-01   2.9912623e-01   2.1527541e-01  -3.1555650e-01   1.5102805e-01  -3.2335634e-02  -2.6007216e-01   3.6380430e-01   5.9296168e-01  -1.5419530e-01   5.4286093e-01   2.3557918e-01   9.7443804e-02   1.2969265e-02   2.1699309e-01   1.7707577e-01  -2.1062358e-01   9.5597178e-02   1.3556378e-01  -1.0038878e-02  -6.0920014e-02  -3.0905462e-01   3.2119052e-01   2.5653097e-01   1.1266284e-02   3.6643912e-01  -1.3386466e-01   1.8442695e-01  -3.6131300e-01  -1.4529094e-01  -7.5857806e-02  -1.0202821e-02   1.5390985e-02   1.4401958e-01   3.0603057e-01   7.0895873e-02  -3.1344407e-01  -2.1832346e-01  -3.5048869e-01   2.6881021e-01  -2.8992431e-01   1.6998147e-01  -3.7714299e-02   7.1253079e-02   1.8578180e-01   9.1483859e-02   2.3620251e-01   8.7492288e-02  -1.2266925e-01   5.5654892e-01  -2.6651163e-01   1.4424120e-01   2.1861784e-01   2.2522801e-01  -1.6829093e-01  -2.6419330e-01   8.1596486e-03  -1.1200777e-01  -1.0333316e-01   3.1211064e-01   9.5028040e-02   6.9895251e-03  -3.8387859e-02  -2.3447064e-01  -4.2403392e-02  -1.3652205e-01  -2.6274647e-02   2.5520734e-01   2.0064214e-02  -4.4626665e-02   1.9391390e-02  -1.7971706e-01   2.3102181e-01  -6.8167112e-02   1.7607173e-02  -1.3346655e-01   1.0246273e-01   2.8595274e-01  -2.5994125e-01   1.5421910e-01   2.5386229e-01  -1.8025833e-01   1.2571877e-02   1.6217924e-01   1.4997642e-01   2.8449049e-01   6.4187017e-02   1.2181751e-01   3.3332485e-01   3.5843962e-01   4.4211487e-01  -4.7098968e-03   1.6196841e-02   2.6074602e-01  -2.1683104e-02  -4.0532772e-02   3.8391576e-01  -1.0069169e-01   5.9602336e-02   1.4810788e-01   3.3508078e-02   3.3794440e-01   1.3249905e-01   8.9773624e-05   1.8920380e-03   1.3586655e-01   2.1833535e-01  -3.5373683e-02   7.7863405e-02   4.0195759e-01   1.2373275e-02   1.3621078e-01  -2.6988352e-01   5.2721289e-02  -1.6735135e-01   2.9300908e-01  -1.3281266e-01  -3.2261989e-01   3.5182419e-01
  -3.1470946e-01   1.0468167e-01   2.4253875e-01   1.0975594e-01   1.9725325e-01   3.3710476e-01   0.0000000e+00  -1.0236611e-02   1.4725056e-01   5.0747499e-01  -1.1628378e-01   6.0123422e-01  -8.8649436e-02  -1.8327163e-01   5.7863934e-01   2.5314610e-01   1.2211848e-01   2.4582111e-01   5.8398230e-02   2.6716155e-01   2.8909428e-02  -4.7229360e-03   5.9689841e-01  -2.3573213e-01   7.4992696e-02   1.6646759e-02   2.9528081e-01  -8.5592973e-02  -1.5594877e-01   2.1233073e-01  -3.5599307e-02   1.8818155e-01  -1.3282561e-01   5.2719164e-01   5.8649688e-01   4.7414331e-01   1.2356276e-01  -4.8161934e-01   1.9601788e-01   3.5383519e-01  -7.9508349e-02  -2.3637246e-01   3.0905147e-01  -1.9165847e-01   4.0546063e-01  -2.2241131e-01   1.0855448e-01   3.6092023e-01   1.5349697e-01  -4.7402606e-03   3.3983420e-01  -1.4845251e-02   3.9141668e-01  -9.1408055e-02  -1.7479139e-01  -2.6773529e-01   1.2282080e-01   1.4487605e-01   2.0178590e-01   5.8196592e-01  -9.7292068e-02   2.7679452e-02   1.2260708e-01   3.8143697e-02   1.5571204e-01   5.0307740e-01   7.6500616e-02  -4.5752408e-02   9.3288712e-02   4.4743588e-02   2.5582896e-01   2.1698397e-01   3.4239204e-01   4.4976290e-02  -3.2342246e-01  -1.0903028e-01  -1.4275622e-01  -1.5631858e-03   2.5922117e-01  -1.1665643e-01   7.8423107e-02   4.4967679e-01  -6.3565440e-02  -8.3166840e-03  -2.3065412e-01  -1.4335515e-02  -2.1399350e-01  -4.3186131e-02  -3.3865942e-01  -2.0534298e-01   5.9698718e-02  -1.8636102e-01   7.0177172e-01   3.0916304e-01  -4.3288949e-01  -5.6003444e-02  -1.2260697e-01   5.6444500e-02  -1.9217676e-01   5.0829483e-01  -1.0360776e-01   2.7020686e-01  -6.8885824e-02   1.2784375e-02   2.6383157e-01  -2.4647216e-02  -2.9280660e-01   1.1260158e-01   4.8501987e-02   2.9755377e-02   5.4286495e-01   2.4578536e-01  -9.9628438e-02  -3.4443545e-01  -6.4369040e-02   6.7722280e-02  -1.6782153e-01   3.5484378e-01  -3.1464120e-01   1.5741839e-01  -2.7653819e-01   5.7723562e-03  -1.0244807e-01   1.3215065e-01  -2.2756424e-01   4.0906426e-01   4.0533322e-01  -7.7105035e-02   1.5098539e-02  -3.8140362e-01   1.9621967e-01   3.0954916e-01   5.3342076e-02   3.0692109e-01   1.5488602e-01  -3.2217493e-02  -4.0998388e-02   5.7980528e-03   1.8671372e-02  -4.4945660e-01  -1.0605096e-01   7.6889457e-02   6.3548041e-02   5.9455743e-05   5.6346898e-01  -7.7176924e-02   7.9528837e-01  -6.7379920e-02   4.9335629e-01   2.1235252e-01   5.9946158e-02  -9.0523403e-02  -1.7395174e-01   4.1372446e-03   1.9806260e-01  -4.1446531e-01  -1.3998513e-01   3.1745534e-01  -2.9195218e-01   1.6743396e-01   2.3057531e-01  -4.0506033e-02   2.2904017e-02   4.1642180e-02  -4.6875223e-02   2.3698638e-01   9.3174420e-02   5.7031823e-02  -2.0197361e-01  -4.1252325e-04   1.7163540e-01  -2.8002532e-01   2.6634380e-02  -8.8839075e-02  -2.0173873e-01  -2.9682074e-01   5.2999745e-02
   8.4098641e-02   1.7080940e-01  -2.7675307e-01   2.8255249e-01  -1.9187575e-01   3.4902582e-01  -1.0236611e-02   0.0000000e+00   1.5588162e-02  -2.2981840e-01   3.3167778e-01   3.6198559e-02  -3.0285320e-01   2.9630142e-01   1.3053663e-01  -4.1390040e-01  -2.8188962e-01  -1.5690978e-01   3.9196655e-01  -1.9664306e-01  -1.1086886e-01   3.7973279e-01   1.5979715e-02   2.8286114e-01   1.0431340e-01   6.1659388e-01  -2.1682799e-01   3.6867850e-01  -2.6040263e-02  -1.0629478e-01   4.1859298e-01   4.0723652e-01  -3.0741085e-01  -1.1895606e-01   8.1953089e-02  -2.3100157e-01  -2.2011374e-01   1.5605207e-01  -4.0529296e-01  -2.1781453e-01  -3.4529351e-01  -2.4926664e-01  -6.3307173e-02   7.0251903e-01  -1.3180558e-01   2.4870192e-01  -3.3364398e-01  -7.6360249e-02  -9.9908404e-02  -1.5746305e-02   1.4077668e-02   6.9930136e-01  -1.4445016e-01  -3.7568506e-02  -2.1078008e-01   3.9500547e-01   6.0367562e-01   5.1191165e-01   6.9266688e-02  -6.1721668e-02   5.7437215e-01  -1.0883144e-01  -1.1699114e-01   2.0161442e-01  -2.3164967e-01  -1.3739293e-02   1.8733124e-01  -2.6450927e-01   1.6017253e-01  -3.8721765e-02  -1.9614711e-02   3.0333967e-02  -1.8715061e-01   2.6290572e-03   1.2122683e-02   7.6539803e-01   5.5539709e-01   5.0111545e-01  -1.8549386e-01  -3.8026645e-01   3.3550028e-01  -5.0844607e-02   3.0611692e-01   7.6179171e-01   1.7623727e-01   6.6644089e-01  -1.3215907e-01  -1.3600630e-01   1.2030228e-01   2.3409253e-01  -4.2159036e-02   4.5148999e-01  -1.0155803e-03   1.1659332e-01   7.2078147e-02  -2.5725284e-01  -2.9506754e-01   7.3613853e-01  -3.2444959e-01  -1.0034912e-01   1.5520783e-01   3.5599917e-01   5.0689853e-01   3.3216884e-01   4.0727459e-01   5.1149957e-01   1.5866745e-01   6.9534020e-01  -1.4980337e-01  -3.1712110e-01  -9.4576928e-02   3.2795319e-02   1.6460145e-01   4.7016472e-02   1.7836962e-01   3.7685562e-02   3.6664235e-01  -7.8837938e-03  -1.7781167e-01  -9.8956966e-03   3.2237825e-01  -2.6770610e-01  -1.3350012e-01   1.2217451e-01   4.4664757e-01   1.2621720e-01  -8.1576388e-02  -1.1532411e-01   4.6371865e-01  -2.0999402e-01  -2.7246352e-01  -2.3004694e-01  -5.1767095e-03  -1.4124671e-01   2.5328586e-01   7.8102822e-01  -2.0130040e-01   5.6546020e-01   7.1941808e-01   8.4042154e-02   1.8477325e-01   3.1041404e-01   2.7893314e-01  -2.2980215e-01   1.6019794e-01   7.0522777e-01  -1.2074757e-01  -1.2350988e-01  -3.7382032e-02  -2.3087318e-01   1.3430451e-01   6.3522844e-01   3.8471330e-01   1.5863595e-01  -2.6879360e-01   9.1405333e-02   5.3099189e-01  -5.6099368e-02   4.5116008e-01   3.3527578e-01  -2.2108123e-02   4.8145672e-01  -3.2080320e-01   4.5759285e-01   4.3935728e-01  -1.4994708e-01   1.6098130e-01   3.1362946e-01   3.7367920e-01  -1.7706108e-02  -2.9769699e-01   2.1920033e-01  -1.5313323e-01  -2.0569626e-01   4.2121850e-02  -1.6879992e-01   5.7182279e-01
  -3.1930473e-01   5.0926135e-01   1.4427021e-01  -2.0662789e-01   5.4370347e-01   2.9929821e-02   1.4725056e-01   1.5588162e-02   0.0000000e+00   3.7624776e-01  -2.8819634e-01   5.4130764e-01  -6.4241965e-02  -1.0700158e-01   1.2520572e-02   2.0379699e-01   8.1001985e-02  -1.8927617e-01  -1.4024796e-01   5.0803519e-01  -3.3919851e-01  -3.2466517e-01  -1.2088470e-01  -7.4619590e-02   1.6666284e-01   5.6852358e-02   2.8195876e-01  -8.6536502e-02  -1.1701092e-01   1.6346992e-01   2.3632959e-02  -3.6555183e-01  -1.1137332e-01   4.9179755e-01   3.7498907e-01   3.6349636e-01   4.3510334e-02  -1.2958857e-01   1.8294965e-01   2.9878066e-01   1.0664639e-01  -1.3071413e-01   5.4216512e-01  -2.0366690e-01   1.9506777e-01  -1.5962642e-01  -1.0369420e-01   4.1235853e-01   3.1284788e-01   1.8521269e-01  -2.8897574e-01   3.4892589e-02   4.7781872e-01  -1.7108989e-01  -6.3897876e-02  -2.7321074e-01   7.2342213e-03  -2.9852266e-01  -1.9011943e-01   4.1290158e-01  -1.1761834e-02   8.1196821e-02   3.8574731e-01   4.3209162e-01   4.5542973e-01   1.1099245e-01  -2.7716287e-01   7.9065197e-02  -1.7061374e-01  -2.6437573e-01   4.6580046e-01  -9.8329141e-02   1.0660427e-01  -1.8034716e-01  -9.4265128e-02  -1.3182463e-01   2.1486514e-02  -2.0415724e-01   5.8234547e-01  -1.6316978e-01  -2.8631132e-01   3.2585183e-01  -6.2479008e-02  -6.6587486e-02  -2.9799910e-01  -1.7924691e-01   2.9174426e-02  -1.4848646e-01   8.8340280e-02  -2.9266700e-01   5.6994209e-01  -3.7214299e-02   2.4850831e-01   3.2734963e-01  -2.3484944e-01   2.9784889e-01  -1.7152964e-01   2.1512573e-03   1.3923059e-01   4.4380358e-02  -1.2160622e-01  -1.1552379e-01  -2.6931099e-01   5.2347880e-01  -2.0803890e-01  -2.4527776e-01  -2.3269741e-01  -8.5532446e-02  -9.8917700e-03   1.6418709e-01  -4.6875456e-03  -3.6790133e-01  -1.6406745e-01  -2.7596436e-01  -2.4099390e-01   5.6448439e-01  -1.8496138e-01   2.0996058e-01  -2.3972162e-01  -1.2363755e-01  -1.5953354e-01   3.7402526e-01   2.8419063e-01   3.7856425e-01  -3.8681058e-02   1.2539449e-01   2.7301200e-01  -2.9758357e-02  -1.7385788e-01  -3.6651420e-01   3.1224910e-01   4.1473600e-01  -3.4026019e-01   3.7362528e-01   1.5148328e-01  -5.6771579e-02  -2.4227429e-01  -5.8994509e-02  -8.9317430e-02  -3.5141277e-01  -1.0352127e-01   4.3966024e-02  -2.8474771e-01  -3.4203208e-01  -8.6257764e-02  -1.0075004e-01   1.8957746e-01  -2.6768483e-01  -7.1590501e-02  -5.1856579e-02  -1.7425596e-01  -1.3144450e-02  -4.5010291e-02   5.1844191e-01   1.8808660e-01  -2.5807078e-01  -8.2506689e-02  -6.9264586e-02  -9.8720787e-02  -3.5327408e-01   3.0882233e-01  -1.4794900e-01   6.9211370e-02  -2.0626288e-01  -1.6687287e-01   5.0513936e-01   1.6213483e-01  -1.8990590e-01  -1.0493972e-01   2.2064289e-01   3.1933787e-01  -5.0355916e-02   2.8071714e-01  -3.2884989e-01  -8.9117719e-02  -6.5373548e-02  -1.2087322e-01
  -2.2990272e-01   2.5878281e-01   3.6086446e-01  -1.1488768e-01   4.4128917e-01   2.8712816e-01   5.0747499e-01  -2.2981840e-01   3.7624776e-01   0.0000000e+00  -3.3092328e-01   6.8117535e-01   2.0465270e-01  -6.1437605e-02   1.3973231e-01   2.4724798e-01   2.6344985e-01  -1.2883053e-01  -1.3406944e-01   5.9033987e-01  -2.3355822e-01  -4.1170538e-01   5.5291036e-02  -2.1405478e-01   1.2659847e-01  -9.0439562e-03   5.1355893e-01  -1.4186569e-01  -5.5946367e-02  -4.4197820e-02  -2.7856961e-01  -3.3741588e-01  -1.9701703e-01   6.8437777e-01   5.2268949e-01   4.5688563e-01   4.3020030e-02  -4.3083988e-01   3.3972600e-01   4.5382955e-01   2.6590004e-01  -2.4769204e-01   5.3144004e-01  -3.0343427e-01   2.9444153e-01  -2.6440113e-01   1.1129716e-01   3.1907292e-01   1.9481713e-02   3.0553109e-01  -1.0248556e-01  -1.8438853e-01   3.5316879e-01  -9.5502901e-02  -8.0761191e-02  -2.9756693e-01  -3.3345025e-02  -3.8796841e-01   7.9762229e-02   5.9813411e-01  -2.1721494e-01   1.6067437e-01   3.5267969e-01   3.6713400e-02   1.7799728e-01   3.0437906e-01  -4.8867697e-02  -3.0375332e-02  -5.5260593e-02  -2.4516192e-02   2.9842514e-01  -6.0928336e-02   2.9860734e-01   5.0807084e-02  -2.2263572e-01  -4.0969952e-01  -3.1174313e-01  -2.2754931e-01   5.1516571e-01   3.7377800e-02  -2.1630216e-01   4.3187948e-01  -2.1600215e-01  -1.0830541e-01  -2.8587250e-01  -3.7200941e-01  -1.9194628e-01  -5.3153647e-02  -1.1909986e-01  -1.3235430e-01   3.9010477e-01  -3.2989959e-01   5.6415174e-01   1.6618417e-01  -4.9062398e-01   3.4665922e-01  -2.7126191e-02  -2.4459084e-01   4.7795128e-02   2.7360718e-01  -1.4149568e-01  -1.3550983e-01  -3.3821100e-01   1.4327115e-01  -2.6382884e-01  -4.2220963e-01  -3.4474737e-01  -1.2211242e-01   1.6710791e-01   2.5855818e-01   2.4078155e-01  -3.0277362e-01  -3.2792077e-01  -2.7393605e-01  -1.9129797e-01   3.0516253e-01  -2.7685208e-01   4.3091543e-01  -1.2030889e-01  -1.2065131e-01  -3.1033208e-01   3.9009500e-01   3.0884247e-01  -2.2072780e-02  -2.6919293e-01   2.7714443e-01   2.7157939e-01  -9.2603730e-02  -3.4326039e-01  -2.4174777e-01   3.4567446e-01   3.0799834e-01  -1.2464698e-01   1.7985007e-01  -2.5688343e-02  -2.5339469e-01  -1.0514636e-01  -2.1460968e-01  -3.3402869e-01  -4.5338858e-01  -1.1252768e-01  -1.6721351e-02  -2.6593621e-01   5.1165916e-02   3.4938510e-02  -3.2869781e-01   5.3921463e-01  -4.0492066e-02   3.6291694e-01  -1.0906661e-01  -3.4527660e-02  -1.9514094e-01  -2.7426110e-01   1.9421025e-02   4.8081087e-01  -2.9373795e-01  -2.7677021e-01   2.2083574e-01  -2.9271296e-01  -2.2964736e-01   2.8149366e-01  -2.4744181e-01   1.7221446e-01  -4.1196242e-01  -3.0294347e-01   5.3299228e-01   7.1137893e-03  -1.3871247e-01  -2.0976698e-01   1.3897905e-01   5.0348419e-01  -3.3425594e-01  -1.3315327e-01   1.3227910e-02  -1.2935909e-01  -3.3346077e-01  -1.9095478e-01
  -7.0358422e-02  -1.6921740e-01  -6.7490564e-02   1.7826042e-01  -1.3730048e-01   2.5278248e-01  -1.1628378e-01   3.3167778e-01  -2.8819634e-01  -3.3092328e-01   0.0000000e+00  -2.0519418e-01  -3.1884197e-01   4.6812896e-02   8.8524971e-03  -8.7927615e-02  -5.9927577e-02   4.3416163e-01   1.3549143e-01  -1.3862968e-01   1.9640315e-01   4.2613039e-01   2.0569714e-01  -8.3971223e-02  -2.0113509e-01   3.7081869e-01   7.7425443e-03   2.3563848e-01  -9.0847174e-03   4.7197559e-02   3.3021556e-01   4.4518901e-01  -1.6045087e-01  -3.3810123e-01  -1.7050458e-01   9.6387663e-02   2.1154810e-01  -3.8330224e-04  -1.3651651e-01  -4.3948827e-02  -8.7047561e-02  -5.4771840e-02  -3.0536728e-01   3.8436743e-01  -9.6176011e-02   3.7407897e-02   3.6824727e-01  -2.5764928e-01   8.8930725e-03  -1.0283546e-01   4.8563537e-01   4.0504186e-01  -1.3197025e-01  -1.0617519e-01  -1.0701502e-01   6.0264752e-01   1.8050763e-01   4.1797246e-01   3.2173730e-01  -3.5366413e-01   1.2208089e-01  -2.5708947e-01  -1.3514551e-01  -1.0224839e-01  -6.9370803e-02   1.2771274e-01   2.7919399e-01  -1.7032668e-01   6.2770648e-01   3.6882827e-02  -1.2173049e-01   3.9218079e-02  -1.2337738e-01  -8.9363576e-02  -1.3802500e-01   4.1470761e-01   1.6616984e-01   3.5490213e-01  -1.7302683e-01  -2.9572529e-01   4.6176526e-01  -8.1321870e-02   2.2664469e-01   3.6032750e-01   3.6538789e-02   4.7427785e-01  -1.4716334e-01  -2.3056623e-02  -7.8834932e-02  -1.0877555e-02  -2.4032579e-01   5.4655227e-02  -1.1183631e-01  -1.0010802e-01  -1.4306554e-02  -3.5501521e-01  -2.4175124e-01   3.0894450e-01  -3.7278855e-01   2.1691505e-01   9.2037118e-02   4.4524308e-01   3.0879597e-01  -1.0479790e-01   5.4294753e-01   3.0929597e-01   1.3158005e-02   5.2942129e-01  -3.2851279e-01  -4.4669916e-02  -3.9038259e-02   5.0588246e-01  -1.0361053e-01  -1.5448972e-01   1.6429700e-01  -1.0050717e-01   5.0042542e-01  -1.3528202e-01  -1.1709238e-01   1.1889390e-01   3.0594719e-02  -2.6630364e-01  -2.3856513e-01   9.5593178e-02   1.3691962e-01  -1.3716918e-01  -6.3125779e-02  -1.8514558e-01   2.9901320e-01  -1.0775389e-01  -1.1228235e-01   1.5156061e-02  -3.6454036e-02  -1.1498581e-01  -5.7653447e-02   3.4886844e-01  -1.4839574e-01   2.1394345e-01   4.2179267e-01   3.1308553e-02  -9.3490306e-02  -3.7357629e-02   7.2760601e-01  -8.0380106e-02   1.4127450e-01   4.0691191e-01  -1.1247382e-01   2.7313517e-01   2.7228820e-01   6.8332186e-02   6.0826592e-03   3.4724534e-01  -5.4653255e-02   5.0764477e-02  -2.7338571e-01  -5.0533617e-02   8.7445146e-02   1.3694132e-01  -6.8202486e-03   4.0739729e-01  -1.7709543e-01   5.5775044e-01   1.7638120e-02   3.2588870e-01   2.5992170e-01  -1.7452779e-01   3.0177336e-01   2.6886413e-01   5.2552068e-02  -7.5026553e-02  -3.3441488e-01  -3.4414722e-02  -1.9866424e-02  -1.0377846e-01  -1.6678896e-01  -9.8134200e-02   2.0806081e-01
  -3.3614550e-01   5.9659976e-01   3.6211867e-01  -1.5390360e-01   5.4473853e-01   3.3231070e-01   6.0123422e-01   3.6198559e-02   5.4130764e-01   6.8117535e-01  -2.0519418e-01   0.0000000e+00  -1.2467947e-01  -1.4347071e-01   2.6802906e-01   1.3340676e-01   2.3858498e-01  -1.4228320e-01   8.2963992e-02   5.8833440e-01  -2.7697066e-01  -3.3604566e-01   1.1880647e-01  -2.3038695e-01  -1.9484975e-03   1.2737009e-01   4.6310101e-01  -6.7204600e-02  -1.4961029e-01  -1.9587671e-02  -6.4680972e-02  -2.1014816e-01  -1.9475717e-01   7.0874205e-01   7.7355529e-01   4.5392288e-01   5.6053390e-03  -3.8622640e-01   1.4588851e-01   5.8618419e-01  -2.1109779e-02  -3.2868527e-01   6.5831188e-01  -8.7491169e-02   3.8205777e-01  -1.6777037e-01  -2.2602516e-02   4.1384255e-01   2.0743851e-01   2.9980171e-01  -6.0158009e-02   1.3097747e-01   4.9237056e-01  -8.7765742e-02  -3.6172423e-01  -1.6741844e-01   9.8692079e-02  -2.0375938e-01  -1.2075964e-01   6.9145126e-01  -3.5900318e-02   1.3864311e-01   2.8552219e-01   1.9900022e-01   3.0432425e-01   3.0663552e-01  -6.5713023e-02  -2.5520713e-02   4.6080325e-04   2.9641340e-02   5.2707146e-01   4.4732046e-04   1.7650588e-01   1.0369010e-01  -2.6256145e-01  -1.0519790e-01  -1.2936141e-01  -2.0737730e-02   5.3862553e-01  -1.7860738e-01  -1.2781483e-01   3.3364987e-01  -3.1770698e-02   6.1935492e-02  -2.9957530e-01  -1.0637633e-01  -2.3412161e-01  -1.4175278e-01  -7.8111227e-02  -2.2521183e-01   4.2454431e-01  -9.3565403e-02   6.3574202e-01   3.3886555e-01  -4.3507929e-01   2.2378963e-01  -2.0943467e-01   1.6263644e-02  -5.0065907e-02   2.4613473e-01  -3.6572126e-03   9.0041411e-02  -2.1342724e-01   2.8885219e-01  -9.3142829e-02  -2.6022158e-01  -3.4966816e-01   8.9919822e-02   3.0360426e-02   1.4010233e-01   3.0571801e-01  -2.9016709e-01  -1.9449221e-01  -3.3864965e-01  -1.7758539e-01   5.3095256e-01  -9.9074208e-02   2.8296115e-01  -2.5848500e-01  -1.1895261e-01  -3.2098855e-01   2.3973177e-01   2.0334841e-01   1.5932039e-01  -1.6485244e-01   4.1782749e-01   3.3742297e-01  -1.3568621e-01  -1.8973653e-01  -3.2482300e-01   2.3212873e-01   3.3269882e-01  -6.9391060e-02   3.0817811e-01   1.1323046e-01   1.7030084e-02  -1.7438407e-01  -4.0804035e-02   1.4258846e-02  -4.5033030e-01  -1.4421572e-01   1.2448120e-01  -1.1923924e-01  -1.4229886e-01   1.9084489e-01  -5.2268513e-02   6.4119955e-01  -2.1746413e-01   1.8970427e-01  -7.5078388e-02  -2.2673212e-02   2.9871121e-02  -2.3493405e-01   1.6034774e-01   3.9170596e-01  -4.0688213e-01  -1.8398265e-01   8.3037345e-02  -1.3915465e-01  -1.4510365e-01   4.1596384e-01  -5.9527854e-02  -2.1139939e-02  -2.9785191e-01  -1.2214960e-01   5.4760601e-01   9.3694649e-02  -5.9447859e-02  -1.9920671e-01   2.4562473e-01   3.4647624e-01  -3.1204228e-01   4.0223066e-03  -1.7545279e-01  -1.5541795e-01  -3.2138688e-01  -1.0519501e-01
   2.7972256e-01  -1.2867364e-01  -6.8406457e-02  -1.3343967e-01  -5.5028853e-02  -1.3692731e-01  -8.8649436e-02  -3.0285320e-01  -6.4241965e-02   2.0465270e-01  -3.1884197e-01  -1.2467947e-01   0.0000000e+00  -3.7116232e-02  -2.1628732e-01   1.2525435e-01  -9.8556968e-02  -2.8409829e-01  -1.8331273e-01   8.2022550e-02  -3.3976027e-01  -2.5463380e-01  -2.7002521e-01  -4.7742501e-02   1.6257338e-01  -3.0068808e-01   8.5104366e-02  -5.9233614e-03   2.5380524e-01  -2.6978507e-01  -4.0124078e-01  -2.7610011e-01  -2.3435253e-02  -3.5808213e-02  -1.4244547e-01  -4.5706963e-02  -4.1817810e-01  -1.8913947e-01   2.5248064e-01  -1.1913908e-01   6.1247823e-01  -6.8161329e-02  -1.2505439e-01  -1.8487968e-01  -2.2584325e-01  -1.1844649e-01   4.1113698e-02  -1.3961770e-01  -2.5386151e-01  -1.8547165e-01  -2.2015900e-01  -3.5333416e-01  -2.1004547e-01  -2.8187852e-02   9.3169028e-02  -2.3706191e-01  -1.1819646e-01  -3.7801200e-01  -2.2384136e-02  -6.7386991e-02  -3.0742670e-01   3.3679576e-01   1.9513354e-01  -1.9149066e-01  -2.7511048e-01  -2.1960224e-01  -1.7244158e-01   2.1206340e-02  -1.7656962e-01  -2.8719895e-01  -1.7690109e-01  -2.6681826e-01   2.6647322e-01  -1.4916939e-01   1.9913941e-01  -3.6034889e-01  -3.7745456e-01  -1.3384040e-01   3.6490009e-02   5.5638119e-01  -4.0543772e-01   1.3142674e-01  -3.5153406e-01  -2.8814720e-01  -4.0662056e-02  -3.2137793e-01   1.2316948e-01  -8.7152110e-02  -2.2726726e-02   2.8559565e-02  -6.6485585e-02  -3.6006323e-01  -8.1796246e-02  -7.3205106e-02  -3.1994212e-02   4.5128148e-01   5.8400615e-01  -2.8634729e-01   4.2115922e-01  -2.8956417e-01  -1.4599706e-01  -1.8272260e-01  -4.2835044e-01  -2.0483995e-01  -2.5226970e-01  -3.4723767e-01  -1.4337388e-01  -2.5771622e-01   6.1386190e-01  -2.2168116e-02  -1.5260123e-01  -2.8394775e-01  -1.3813449e-01   2.3150533e-01  -1.9970661e-01  -1.2971645e-01  -1.8279042e-01   4.8594408e-01   7.5435760e-02  -2.1095807e-01  -1.8175474e-01   1.4448911e-01   1.9210856e-01  -4.1113141e-01  -1.3598287e-01  -2.4516878e-01  -3.3934844e-01   8.9309786e-02  -3.3099403e-01  -1.6959398e-02   1.3566337e-01  -2.1729953e-01   2.5950725e-02  -3.0185929e-01  -3.5590506e-01  -2.9364096e-01   3.6913870e-01  -3.0263817e-01  -3.2004166e-01   1.3202513e-01  -6.1393244e-03   9.6942832e-02  -2.8418611e-01   1.4187642e-02  -3.0954207e-01  -3.4331436e-01  -1.8109612e-01  -5.1518397e-02  -3.7469700e-02  -2.5297032e-01  -1.6012499e-01  -3.5983488e-01  -1.3997211e-01  -2.1717889e-01   5.7912438e-02   7.3226377e-04  -3.1013778e-01   1.8065950e-01  -2.1569850e-01  -3.4612975e-01   4.2548244e-02  -2.4616452e-01  -8.4713676e-02  -3.6714857e-01  -3.2824774e-01  -8.3535058e-03  -1.8188248e-01  -7.0393624e-02  -1.9631936e-01  -4.6144125e-02   1.0720198e-01  -2.4084339e-01  -2.0097382e-01   2.6922594e-02   1.6581052e-01  -4.8993799e-02  -1.9619848e-01
   6.3079527e-01  -2.2632405e-01  -2.0851804e-01   2.0884406e-01  -3.4232973e-01   1.2671196e-01  -1.8327163e-01   2.9630142e-01  -1.0700158e-01  -6.1437605e-02   4.6812896e-02  -1.4347071e-01  -3.7116232e-02   0.0000000e+00  -1.1152952e-01  -2.8929080e-01  -2.9347807e-01  -2.7868078e-01  -3.4973153e-02  -1.7597883e-01  -2.8514159e-01   2.7212995e-01  -2.3990185e-02   6.7520179e-01   5.6576127e-02   2.3653215e-01  -1.7396619e-01   2.8773341e-01   1.0689703e-02  -2.8448479e-01  -2.2967119e-01   1.4510418e-01  -1.6708466e-01  -1.0772999e-01  -9.3629741e-04  -3.2349531e-01  -1.2992404e-01   2.7040517e-01  -3.7883782e-01  -2.2570573e-01  -2.2667608e-01  -6.1913756e-02  -4.5261027e-02   1.8673891e-01  -1.2518350e-01   3.6329803e-01  -2.4281953e-01  -5.4045573e-01  -2.9645436e-01  -4.7940407e-02  -1.1351027e-01   1.7420641e-01  -4.5321238e-01  -4.3904372e-02   2.4023658e-02   2.3637217e-01   2.4518816e-01   2.0424198e-01  -8.8656216e-02  -2.5516767e-01   3.9305040e-01  -6.1533100e-03  -2.2014291e-01  -1.8088837e-01  -3.8362851e-01  -1.1795064e-01  -1.5520972e-01  -1.9275348e-02  -1.7365968e-03  -1.6512831e-03  -5.3640616e-01   8.4252356e-04  -4.0463879e-01   8.2765974e-02  -9.9356487e-03   2.7089725e-01   3.3096911e-01  -6.5205880e-03  -2.0675279e-01  -3.5378614e-01   1.1587263e-01  -3.2701576e-01  -2.4918885e-01   4.2100929e-01   1.8371089e-01   1.8565407e-01  -2.3072413e-01   2.9256036e-01  -4.1240156e-02   5.5632795e-01  -1.3811498e-01   1.1704329e-01  -8.4568870e-02   1.0416228e-02   2.8260935e-01  -7.0087227e-02   2.0613598e-02   3.7955831e-01  -1.9184226e-01  -5.0984528e-02   9.9107647e-02   1.8799798e-02   2.1055232e-01   1.5182798e-01   6.0273894e-03   2.6043711e-01   3.0223897e-01   2.9178530e-01   2.1700206e-02  -4.8258361e-01  -3.2357651e-01  -9.2896948e-02   1.6567045e-01   4.4868565e-01   3.0484512e-01  -2.6630444e-01   1.5336432e-01  -1.3956222e-01  -2.2154390e-02   7.8483943e-03   4.6528026e-01  -4.6929316e-03   1.0338555e-01  -1.1276463e-01   4.1383191e-01   1.5886520e-01   7.6659293e-03  -8.4336224e-02   2.9708972e-01  -9.9683082e-02  -3.1101066e-01  -4.8224374e-01  -3.0712881e-02  -5.1882843e-01   1.7557841e-02   3.2554639e-01  -1.8378076e-01   2.0193747e-01   2.3415408e-01   3.7413089e-01   4.6896603e-01  -4.5907152e-02   5.4083288e-02  -1.7924034e-01  -1.2915454e-01   1.9941860e-01  -2.8818165e-01  -1.4549332e-01  -7.7981987e-03  -2.4469348e-01   2.2400671e-01   2.2943447e-01   3.3950720e-01  -3.2359480e-02  -2.8399457e-01   5.0115637e-01   4.6023421e-01  -1.0850505e-01   1.8673584e-01   1.0734725e-01  -1.2982258e-01   1.5721125e-02  -1.9630001e-01   2.0878375e-01   2.8925274e-01  -1.3472003e-01   4.8771326e-02   1.4300938e-01   4.9663951e-01  -4.4474150e-01  -5.9596027e-03   1.8682553e-01  -1.9302366e-01  -1.3106786e-01   1.4481566e-01  -2.7019417e-02   4.1279638e-01
