   0.0000000e+00  -3.8028773e-01   1.0926787e-01  -8.8751798e-02  -3.8204727e-01  -1.7284219e-03  -4.8608974e-02   3.4837287e-02  -4.0917029e-01   1.2378220e-02   2.1594351e-01   2.2259080e-01   4.3156688e-01   2.8788260e-01   3.4950933e-01   1.1704597e-01  -1.6779084e-01   9.1329485e-02   1.2216885e-01  -1.9312239e-01  -1.8060997e-01  -1.1171848e-01   1.5914043e-01   5.9702709e-01  -1.6146194e-01   1.5168615e-01  -8.7522488e-02   4.0457131e-01  -7.8005140e-02  -1.5244710e-01  -6.7048243e-02  -1.7497598e-01  -2.2220215e-01   3.5294675e-02  -1.8413410e-01  -1.3563412e-01  -2.0701448e-01   3.7108907e-01   2.8572563e-02  -2.2454894e-02   3.3188995e-01  -2.8133822e-02  -1.3761431e-01   1.6902819e-01  -3.0079091e-01   3.6460221e-01  -8.9584049e-02  -4.2782054e-01  -3.3822985e-01  -2.3616675e-01   1.9941695e-01   7.5657498e-02  -3.5687819e-01  -1.6157905e-02   3.3208349e-01   4.4142603e-01   1.9894414e-01  -9.6417980e-02   6.1811575e-02  -1.5597837e-01   3.0768457e-01  -3.0493826e-01  -3.0256658e-01   2.0088063e-01  -3.8758024e-01   8.0297452e-02  -1.5636043e-01  -7.8228980e-02  -9.8183672e-02   2.9642641e-01  -4.6411290e-01   1.8848048e-01   2.7219299e-01   4.5728089e-01  -3.4491653e-04  -2.6268358e-01   3.3913196e-01   6.7194686e-02  -3.6658009e-01  -2.3314129e-02   2.7832309e-01   2.8226140e-01  -4.1832092e-02   6.2264295e-02   4.2218452e-01  -2.4634049e-01  -2.6819599e-01   5.8214414e-01  -1.1243343e-01   5.4825159e-01  -4.7634079e-01   1.2422396e-01  -2.3039109e-01   3.1339402e-02   4.6959827e-01  -1.6209764e-01  -9.1018234e-02  -1.7278136e-01  -2.0883057e-01   1.4936190e-01   1.5732603e-01   2.5877399e-01  -1.4986137e-01  -2.1279330e-01   8.9202908e-02  -1.4937175e-01  -1.6438775e-01  -1.2929270e-01  -1.7967933e-01  -1.2467372e-01   2.3278525e-01   6.1783943e-03   5.3564655e-02   6.5986287e-01   4.4202156e-01  -4.0392648e-01   9.3408318e-02   2.9314961e-01   4.6276882e-02  -7.7865538e-02   5.1549537e-01  -3.7878011e-01  -2.4085930e-01  -3.6908860e-01   3.6398786e-01   3.5169530e-01  -2.7657772e-02  -1.6142339e-01  -1.1319521e-01   9.1971935e-02   2.0294012e-01  -5.0945365e-02   2.9031167e-01  -3.1741599e-01  -9.6475612e-02  -2.3022502e-01  -4.5544851e-02   1.6272586e-02  -2.7450751e-01   4.0230396e-01   6.4263690e-01   1.8815273e-02   1.3649249e-01  -1.3408725e-01  -6.0552180e-02  -1.6143393e-01   2.6614550e-02  -6.8554828e-02  -1.9832803e-02  -2.1343875e-01   3.2507999e-01   1.6754787e-01   2.4441022e-01   8.3911916e-02  -3.8481270e-01   2.2732733e-01   5.2415218e-01   4.5240248e-02   1.0492660e-01   1.3460105e-01  -4.0575466e-02   1.7661169e-01  -7.9084508e-02   3.3173748e-03  -2.3876795e-01  -3.4228312e-02   6.1521190e-02   3.4358800e-01   3.0926003e-01  -3.5221193e-01  -2.9879165e-01   3.7747398e-01   6.3611789e-02  -1.1297944e-01  -2.0345325e-01  -9.0391206e-02  -9.4461360e-02
  -3.8028773e-01   0.0000000e+00   2.4839463e-01   6.3382500e-04   8.1841790e-02   2.7477117e-01   2.3214733e-03  -1.4667698e-01   3.1841337e-01  -3.5842114e-01  -2.6790250e-01   4.0430092e-01  -3.7137682e-01   2.0188996e-01  -1.5651182e-01  -9.9472039e-02   3.6810635e-01  -2.9795866e-02  -5.4617115e-02   5.9457823e-02   1.4324697e-01   1.4606653e-01  -1.7949967e-01  -1.9156097e-01   2.3541924e-01  -1.1718466e-02   1.8631498e-03  -1.0915336e-01   2.9834519e-01   2.8057211e-01   1.0791957e-01  -1.1718630e-02   3.6945562e-01  -6.5032841e-03   1.3711306e-01  -1.7578365e-01  -2.6658503e-02  -2.5455592e-01  -2.3983322e-02  -4.0042558e-02  -2.9943426e-01   2.1043682e-01   2.6358953e-01   1.0551495e-01   4.5830140e-01  -4.2690800e-02  -3.6674498e-02   2.9388265e-01   3.6206348e-01   1.9386309e-01  -1.5000371e-01  -2.2610013e-01   1.7981240e-01   7.9301530e-02   4.1138206e-02  -2.8135589e-01   1.5876780e-03   3.8044686e-02  -2.2935998e-01   4.3329911e-01   6.6849797e-02   1.2336345e-01   4.2713668e-01  -7.5134637e-02   4.2705756e-01  -1.7180692e-01   4.1907938e-01   1.0582172e-01  -2.8885034e-02   5.1532717e-02   3.6124866e-01  -9.0514563e-03  -2.2735562e-01   2.1819970e-02  -4.8217496e-02   2.0331437e-02  -1.3418015e-01  -1.6225612e-01   2.4018602e-01  -1.2657575e-02  -1.4055617e-01  -2.7431573e-01   1.6002240e-01   4.8181540e-02   1.6908387e-01  -3.0127701e-02   1.2344142e-01  -4.2570920e-02   1.4419862e-01  -2.5389407e-01   2.2098084e-01   2.1286081e-01   2.9280664e-01   9.1027735e-02  -2.8714456e-01   4.3855778e-02   2.6859658e-01  -6.2167267e-02   7.2939361e-02  -2.6858429e-01   2.3058472e-01  -1.2630838e-02   2.7581521e-01   3.6781448e-01  -1.2720891e-01  -5.0759445e-02   2.6115952e-01  -2.3301809e-02   3.0225524e-02  -1.4743359e-01  -9.9025332e-02   1.6443891e-01   2.7072168e-01  -2.6798326e-01  -7.5703182e-02   1.8513316e-01  -1.4727987e-01  -2.2217637e-01   1.9302671e-01  -2.9609812e-02  -1.4477987e-01   3.1548019e-01   1.1623209e-02   1.9488654e-02  -3.1048630e-01   1.2561192e-01  -1.0317539e-01   5.8967034e-02  -1.3917251e-01   2.1897804e-01  -2.6539973e-01  -2.2786163e-01   3.0262484e-01   2.7118493e-01   3.5949014e-01  -1.6512774e-02  -9.2973470e-02   9.5323033e-02   9.6623334e-02  -3.5044118e-01  -7.7021913e-02   3.8703613e-02  -2.6617152e-01   3.1559075e-01   7.6737691e-02   2.3324265e-01   2.1483218e-01  -8.2562089e-02  -2.1382309e-01   7.8522579e-02   8.9235459e-02   6.5828768e-02   1.8968862e-01  -2.3637664e-01   3.5241502e-01  -4.0023812e-01  -7.2608185e-02  -2.9326320e-01   2.4246287e-01  -1.3614077e-01   3.0666304e-01  -2.6711301e-01  -2.4518771e-01  -8.1241136e-03   3.0502549e-02  -6.6451758e-02  -2.0575758e-02  -3.6311419e-01   1.6037451e-01  -2.1052535e-02   1.0569118e-01  -2.1286426e-01   5.4126382e-02   4.4624005e-01   1.7276366e-01  -5.6600933e-03  -1.4195127e-01
   1.0926787e-01   2.4839463e-01   0.0000000e+00  -1.6860347e-01   4.0612300e-02   5.7106875e-01   1.6207561e-01  -2.8608387e-01   9.0750742e-02  -1.7047889e-01  -2.0307842e-01   3.8182452e-01  -2.5270661e-02   2.5979588e-01   2.3384938e-01   7.6556818e-02   8.4273551e-01  -1.7470496e-01   5.2698731e-02   2.3686460e-01  -8.7585978e-02  -4.7602036e-02   7.9538197e-02  -4.7829048e-03   2.1180386e-01   1.2417981e-01   3.1115420e-01   2.1459538e-01   1.7116869e-01  -4.4056503e-02   2.1595651e-01  -1.4358812e-01   3.6368959e-01   1.0875171e-01   2.2748696e-01  -1.3290215e-02  -2.9816296e-02  -3.0891455e-02   6.5006188e-02   5.6593904e-01  -6.0878902e-02   4.4952313e-01   3.9515958e-01  -2.0779810e-02   7.8124439e-02   3.1954035e-01   3.3887966e-02   4.4060526e-02   2.8517766e-02   2.4678143e-01  -1.3397004e-01  -6.3681443e-02  -1.3181460e-01   4.1565599e-01   2.8981061e-01   1.0393073e-01   2.9438885e-01  -5.4028809e-02  -2.3314551e-01   1.9749142e-01   5.4295140e-01  -1.8933427e-01   2.0662787e-01   3.3335865e-02  -3.3531670e-02  -3.5356326e-01   5.1427945e-01   7.4244010e-02  -5.4604861e-02   6.0316320e-01   1.4851161e-01   4.2656657e-02  -5.7122816e-02   8.6949186e-02   2.1460835e-01  -1.7047093e-01   2.4832798e-01   3.8743020e-02  -2.3596902e-01   1.2687926e-01   1.7077440e-01  -6.7899203e-02   1.6402081e-01  -2.4731347e-01   3.1766922e-01  -1.9351546e-01   1.5602529e-01   2.2993446e-01   1.8954550e-02  -1.1014756e-01  -2.2547230e-01   6.7072178e-01   3.7496962e-01   1.3329698e-01   7.2850275e-02   2.5282876e-01   3.9218528e-01   1.9827771e-02  -1.7406179e-01  -6.9973203e-03   5.2046409e-01   1.9729234e-02  -8.4290378e-03   3.5246559e-02  -1.3459223e-01  -5.6506929e-02   4.5669928e-01  -2.7705820e-01  -2.9288228e-01  -2.9691383e-01   2.3358203e-01  -1.2588346e-01   1.3870639e-01  -2.5863463e-02   2.2696721e-01  -2.6088738e-01  -1.7970787e-01  -3.1651505e-02   2.4787958e-01  -1.6353525e-01   1.2810510e-01  -9.2649979e-02   8.6752176e-02  -3.7284632e-01  -1.1111164e-01  -6.0827511e-02  -2.5844187e-01   1.6236017e-01  -7.5690299e-02   6.2893976e-01   3.3375590e-03  -3.0340100e-01   1.0491800e-02   1.3259394e-01   4.2137334e-01  -1.2438068e-01   1.5605943e-01   5.1904399e-01  -1.0791079e-01  -1.2476017e-02   2.9057861e-01   2.5313151e-01  -2.4927459e-01   1.0914056e-01  -8.9544875e-02  -9.1528688e-02   5.0999391e-01  -5.2406396e-01  -6.4014858e-02  -2.3397238e-01   3.4042780e-01   1.4044639e-01   4.3033967e-01  -3.7402364e-01   3.0251912e-01  -3.1161955e-01   3.1182890e-01  -2.3529480e-01   5.6115586e-01  -8.5067688e-02   2.8171337e-01  -2.4726308e-01  -2.3464885e-01  -1.9880646e-01  -1.4429563e-01  -1.5371293e-01  -3.5831272e-01   5.8401817e-02   4.3872820e-01   1.8633989e-02  -2.1713100e-01  -2.2373711e-02  -9.9111148e-02   1.8271764e-01   2.7146412e-02   1.0199978e-01  -1.4974283e-01
  -8.8751798e-02   6.3382500e-04  -1.6860347e-01   0.0000000e+00  -1.7610478e-02  -1.3307620e-01  -2.3071806e-01   4.9373585e-01  -9.5976516e-02   1.2327248e-01   4.1487433e-01  -8.6507090e-02   2.7852919e-01  -2.5294438e-01   2.6840349e-03   3.8615989e-01  -1.9409305e-01   4.1948996e-01  -2.1103325e-01  -2.5534970e-02   4.0157595e-02   4.9150539e-01   2.3016368e-02  -2.5817808e-01   7.2772536e-02   2.7346776e-01   1.3961905e-01  -5.5060345e-02   5.6341547e-03   4.4986024e-01  -2.5599241e-01   6.1766814e-01   6.0978372e-02  -1.2064617e-01  -3.3468530e-01   2.6552275e-01  -1.7311356e-01  -3.4448638e-01   4.6949319e-01  -3.3418337e-01   3.3713338e-01  -1.0992066e-01  -4.3110322e-01   3.5799104e-01  -1.1051504e-01  -1.9009044e-02   3.7742711e-01  -1.2862071e-01  -4.1368199e-02  -3.0438568e-01   5.0135217e-01   3.3488486e-01  -8.4544392e-02  -1.0688989e-01  -2.2996512e-01   1.5803852e-01   1.5224212e-01   5.8789192e-01   6.4505908e-01  -2.7799875e-02  -1.1671455e-01   2.6584666e-01   2.7575280e-02  -6.2495333e-02  -4.9168399e-02   2.9462000e-01  -7.8753190e-03   6.2110623e-02   4.9647640e-01  -1.4741798e-01  -2.1451000e-01   5.4025941e-01   3.3597917e-01  -1.5783026e-01  -2.6407134e-01   4.7225776e-01  -3.0806212e-01   2.8427712e-01   1.7780447e-01   2.6383120e-01   1.1730376e-01   3.7900459e-01  -3.3543000e-03   2.8829512e-01  -8.2849033e-02   4.3057264e-01  -3.4093475e-01  -1.7785392e-01   7.4338873e-02  -2.8134203e-01   3.8130209e-02  -2.3109957e-01  -3.7663922e-01  -2.0737530e-01  -2.8785639e-01  -2.3697366e-01   3.2599050e-01   2.0463012e-01   3.6163937e-01  -1.7520361e-02  -3.0348363e-01   3.0205804e-01   1.5889359e-01   2.6254864e-02   6.2257167e-01   6.7881921e-01  -1.1061824e-01   5.7101498e-01   1.8671872e-01   1.1845770e-01  -2.1126714e-01   5.6814045e-01   5.0093706e-01  -2.6448201e-01  -2.5351342e-01  -3.0994387e-03   1.6823456e-01   1.3360266e-01  -1.7272858e-01   6.2995528e-01  -1.6649605e-01   6.2364649e-02  -2.5042805e-01   6.5785745e-03  -2.4607928e-01   1.8181766e-01   3.4289104e-01  -5.1323230e-02   4.9706955e-01  -1.3073042e-01   2.1808564e-01   1.4229140e-01   2.4094024e-01  -1.7232916e-01  -4.2508504e-02   3.4596111e-01  -1.3527308e-02  -3.7224330e-01   3.3339853e-01   1.3735932e-01  -1.7047585e-01  -4.9092377e-02   4.4390620e-01  -7.1269327e-02   1.7829736e-01   4.2177862e-01  -4.4396878e-01   2.7819974e-01   2.1527157e-01  -2.0707700e-01  -1.2996778e-01   2.3539215e-02  -2.3484532e-01   3.4081647e-01  -3.1234423e-01  -2.4360141e-01  -2.4662595e-01   5.8376664e-01  -1.8538214e-01   1.7450076e-01   2.6948416e-03   4.9194836e-01   1.4054057e-01   7.0287315e-01   5.5843166e-01  -1.7254765e-02   3.1008123e-01  -1.2256458e-01  -5.9056665e-02  -1.9722275e-01   1.5411241e-01  -3.9853712e-01   4.4271274e-01  -5.5160605e-02  -3.2041473e-01  -3.0651010e-02   5.3946153e-01
  -3.8204727e-01   8.1841790e-02   4.0612300e-02  -1.7610478e-02   0.0000000e+00  -2.2650139e-01  -1.3404821e-01  -4.0555611e-02   4.4334160e-01  -1.1240507e-01  -2.1343323e-01  -4.3301440e-01  -1.9807615e-01  -4.8746487e-01  -3.9725722e-01  -9.1269674e-02   2.7037977e-01  -3.2342686e-01   2.9784142e-02   8.6585908e-01  -3.1184583e-01  -1.3358148e-01  -4.0929835e-01  -3.6739625e-01   2.6161596e-02   5.2756502e-02   3.4360934e-01  -5.8424018e-01   4.3270412e-02  -6.2578476e-02  -3.1770752e-01   1.2719816e-01   1.0189299e-01  -2.2370837e-01   3.0250230e-02   6.6490875e-01   2.3513424e-01  -3.2375226e-01   4.8989940e-02   3.0281430e-01  -1.5703483e-01   1.4378518e-01   3.1726331e-01  -3.0257646e-01   2.6023167e-01  -1.6105826e-01   3.7101839e-01   3.6418705e-01   3.6807539e-01   3.7757147e-01  -3.0527720e-01   1.6692715e-01   3.8400125e-01   2.4073872e-01  -3.7593689e-01  -2.9893208e-01  -1.2913100e-01   1.3379953e-01   6.1934386e-02  -1.9661626e-01  -2.0500935e-01   2.5769984e-01   3.3163467e-01  -2.7453808e-01   4.7332972e-01  -2.8991937e-01  -5.1857638e-02   2.7774570e-01   1.5864891e-01  -3.7947867e-01   5.8496460e-01  -2.4191863e-01  -2.8881765e-02  -1.4331856e-01   1.1582082e-01  -4.4006640e-02  -2.7577191e-01  -1.0945915e-01   5.7782145e-01   3.7583158e-01  -5.7112062e-01  -1.8335994e-01  -2.4094031e-01  -1.9887907e-01  -3.4150620e-01   4.7007547e-02   1.7830413e-01  -3.7502925e-01   3.2611133e-01  -2.7395249e-01   7.3131589e-01   1.1455679e-01   2.5087531e-01  -6.1104239e-02  -4.2471980e-01   6.5835849e-01   2.2655300e-01   5.7337979e-02   4.8793730e-01  -1.5449596e-01  -3.0231707e-01  -4.2241326e-01  -4.3246631e-01   4.3793459e-02  -2.4930888e-01   9.7310530e-02   3.1061889e-01   2.0409537e-01   1.9523249e-01  -3.8165201e-02  -3.7849359e-01  -2.4785277e-01  -9.3702459e-03  -4.0959756e-01  -4.4850398e-01   6.9637983e-01   1.5743360e-01  -1.2366255e-01  -2.8135060e-01  -3.8962467e-02  -3.1219826e-01   6.9183814e-01   4.5436152e-01   2.2397397e-01  -2.9515912e-01  -3.4380507e-01  -1.1614405e-01   4.5283563e-01   2.1285571e-01  -2.6042918e-01   8.2846058e-03   4.6926621e-03  -4.0423876e-01  -1.6760955e-01   9.6400550e-02   1.2261104e-01   2.3373917e-01  -9.7971013e-02   7.0911601e-02  -1.1182809e-01  -3.6955668e-01   1.5156453e-02  -8.9299630e-02  -2.6483412e-01  -2.6130079e-01  -4.0518457e-01  -8.8797756e-02   2.4832561e-02  -8.6327394e-02  -9.1234019e-02  -2.9111610e-01  -4.4286487e-01  -1.1008328e-01  -1.5738612e-01   3.4045474e-01  -1.0210892e-01  -3.4279816e-01   3.8639043e-02   5.7148703e-02  -4.4510989e-01   3.1183785e-01  -1.3112336e-01  -4.1922179e-02  -2.3345856e-01   2.8985153e-01   3.3894968e-01  -1.5982327e-01  -1.3783292e-01  -1.7747974e-01   4.8416592e-01   4.4545857e-01  -2.7916616e-01   6.0581775e-02  -2.8510458e-01   1.7187789e-01   2.1644542e-01   1.9295057e-01
  -1.7284219e-03   2.7477117e-01   5.7106875e-01  -1.3307620e-01  -2.2650139e-01   0.0000000e+00   2.2773520e-01  -3.0456056e-01  -2.2560206e-01  -3.8965677e-02   4.6647733e-03   5.5811829e-01  -1.2314937e-01   3.6001878e-01   3.3381387e-01   4.3028884e-02   4.3559384e-01   1.2706532e-01  -3.0558543e-02  -1.4323370e-01   3.0461382e-01   8.6746203e-03   2.1855729e-01  -3.7715723e-02  -2.2605679e-02  -7.0848023e-02  -5.7817724e-02   3.3426325e-01   4.2155169e-02  -7.9928243e-02   3.4065604e-01  -1.3708028e-01   9.0548796e-02   2.6182377e-01   1.8318468e-01  -3.1979715e-01  -1.7070662e-01   1.0319087e-02  -6.5271212e-02   2.2764996e-01  -2.8489831e-01   2.2508677e-01   1.5209202e-01  -3.1464185e-02   1.9255946e-01   1.0654188e-01  -1.1701087e-01  -5.5238321e-02  -5.4779315e-02  -8.7296038e-02   9.4627444e-02  -1.9577129e-01  -2.4167608e-01   1.1281439e-01   2.9506067e-01   1.4237465e-01   4.4858282e-01  -5.5417575e-02  -3.3343630e-01   3.4957649e-01   2.3850371e-01  -1.2748687e-01  -1.3469914e-01   1.1817453e-01  -2.2740520e-01   8.1622669e-02   6.1581313e-01  -9.6772266e-02  -1.1048162e-01   4.5776148e-01  -2.2492446e-01   1.9270798e-01  -3.5633091e-01   3.0978354e-02   1.2434470e-01  -1.0809861e-01   4.8680168e-02  -5.9064757e-02  -4.2362936e-01  -2.6265762e-01   3.2516854e-01  -1.1196941e-01   2.2940821e-01  -1.8787837e-01   3.1610326e-01  -9.2825855e-02  -6.1110194e-02   1.8100364e-01  -2.2351718e-01  -1.4412771e-01  -4.4883648e-01   3.1761182e-01   3.2916440e-01   2.1617090e-01   6.2645126e-02  -1.6323428e-01   5.6590862e-02   9.6989709e-02  -3.7567138e-01  -7.8929354e-02   4.7802971e-01   3.5249973e-01   3.3151453e-01  -1.2323165e-01   6.2276316e-02  -5.2937310e-02   1.0221732e-01  -2.2098085e-01  -2.5793718e-01   1.1907167e-01   2.9634073e-01   7.4838663e-02   1.1127911e-01  -8.4720612e-02   2.6332835e-01  -4.6422978e-01  -3.5125945e-01  -2.6785042e-01   3.0333867e-01   7.4635003e-02  -6.9677306e-02  -3.3528493e-01  -1.6481183e-01  -2.4845030e-01  -6.3941634e-02   1.1789501e-01  -4.0433291e-02  -1.5433501e-01  -1.4940057e-01   5.3665946e-01  -2.1690460e-01  -1.5885869e-01   1.7442234e-01   3.3880964e-01   3.1669306e-01  -1.5175606e-01  -2.0794578e-01   3.3108590e-01  -8.0504118e-02   5.9059466e-02   8.6079845e-02   2.0891592e-01  -1.3223728e-01   4.0016391e-01   9.7260941e-02   2.1639149e-01   4.1181319e-01  -2.7012643e-01   1.4412329e-01  -1.5658590e-02   2.4320185e-01   3.8208829e-01   2.1305168e-01  -1.4628867e-01   8.0490434e-02  -1.2474584e-01   7.8436104e-02  -1.6533039e-01   3.0597945e-01   5.5499271e-02  -1.0972177e-01  -1.2233158e-01  -3.5023028e-03   2.0091277e-02  -1.2647543e-01  -2.5346991e-01  -2.6567681e-02   1.2529370e-01   2.0105565e-01  -8.4185043e-02  -2.7568166e-01  -6.2300909e-02  -3.5489152e-02   4.8573554e-01   5.5827644e-02  -3.4224267e-02  -1.4947605e-01
  -4.8608974e-02   2.3214733e-03   1.6207561e-01  -2.3071806e-01  -1.3404821e-01   2.2773520e-01   0.0000000e+00  -2.8784203e-01  -6.1883018e-02   3.9831728e-01  -3.1008866e-01   2.0130658e-01  -1.8552163e-01   1.9782896e-02   1.2186333e-01  -6.4421449e-02   8.2825809e-02   3.0856938e-02   2.9186260e-02  -1.1931381e-01   1.5278034e-01  -1.6626115e-01   4.6500334e-01  -1.1817330e-01  -1.3926403e-01  -5.2043861e-02  -1.1175842e-01   1.7122158e-01  -6.3618083e-02  -8.2611359e-02   1.9259974e-01  -3.1934468e-01  -2.6386224e-01   7.0125910e-01   4.1428232e-01  -1.2068041e-01   1.8332611e-01  -7.8676063e-02  -1.5343091e-01   5.7139113e-02  -1.8181243e-01  -1.5582450e-01   2.4540832e-01  -9.9011572e-02  -1.2729427e-01  -7.3651172e-02  -4.2821378e-01   4.3922939e-01  -3.9851286e-01  -2.2802440e-01  -9.2015417e-02  -1.4442114e-01   3.5284253e-01  -8.8712825e-02   5.3614780e-02   1.1100059e-01  -1.3753789e-01  -1.2504604e-01  -3.7279119e-01   3.7848210e-01  -1.0873059e-01   1.5403735e-03  -2.5504342e-01   8.2510650e-02  -2.1879515e-01   9.9698256e-02   1.1123875e-01  -6.5845215e-04  -4.4377770e-01   2.3341928e-01  -9.6617679e-02  -7.7442769e-02  -2.5178758e-01  -2.3701974e-01  -1.0258946e-01  -1.8026641e-01  -1.6540178e-02   2.6895356e-03  -2.1457959e-01  -3.2230033e-01   5.1177213e-01   3.6407894e-02   2.8805457e-01  -1.8859318e-01  -1.8030732e-01  -2.0526922e-01   6.7712665e-02  -7.8381082e-02  -7.3492302e-02  -8.4935396e-02  -2.8979073e-01  -1.9354394e-01   3.0238537e-01   6.1357910e-01   4.3759501e-02  -2.7814761e-01  -2.8680997e-01  -6.7424176e-02  -1.5630303e-01   4.4993625e-01   1.3314517e-01   5.5344693e-02   3.2608190e-02   4.5083709e-02  -1.1372251e-01  -2.8395081e-01  -1.0799282e-01  -2.4355364e-01   1.6850782e-01   1.8809737e-01   5.4968917e-01  -2.2571739e-01  -1.1547911e-01  -9.4161644e-03   1.9407024e-02  -1.0141922e-01   7.1622510e-02  -2.6452309e-01  -1.0267961e-02  -2.1631212e-01  -1.6530567e-01  -2.5748312e-01   2.7117553e-01   1.8783839e-01  -6.8635731e-02  -2.5206108e-01   2.6092906e-01  -2.4152569e-01  -9.6890649e-02   2.3544518e-01  -1.4245016e-01   3.6861254e-01  -2.2983995e-01   2.2754809e-01   4.7439498e-02  -1.8783324e-01  -2.9392060e-01   3.7162920e-01  -1.7179836e-01  -1.4460357e-02  -2.2255989e-02   8.7819392e-02  -3.5560448e-01   5.0245400e-02   3.7244774e-01  -1.6079471e-03   3.2648579e-01  -1.4124054e-01   1.6285635e-01   3.0650244e-01  -5.9576560e-02   2.8951871e-01  -1.5152238e-01   5.2205973e-02   1.8816570e-02  -1.7827801e-01   2.1884292e-02  -2.6235209e-01  -2.0516784e-01   3.2941319e-01  -3.8132471e-02  -4.1770113e-01   1.7439758e-01  -2.2665882e-01  -2.0728037e-01   3.0165516e-01   4.1765065e-02  -1.4635385e-01  -7.7069438e-02   2.6619475e-01   1.6342105e-01  -5.5470676e-02  -2.0857564e-01  -6.1814836e-02   6.0954660e-03  -2.3334417e-01  -4.4371949e-02
   3.4837287e-02  -1.4667698e-01  -2.8608387e-01   4.9373585e-01  -4.0555611e-02  -3.0456056e-01  -2.8784203e-01   0.0000000e+00  -3.2929581e-02   1.4286211e-01   4.5722106e-01  -2.2755000e-01   4.1981028e-01  -2.7240222e-01  -8.1761916e-03   3.6281241e-01  -3.5997750e-01   2.8658454e-01  -7.6364286e-02  -1.9811674e-04  -1.6481240e-01   4.0090904e-01  -5.4040215e-02  -1.6720571e-01   2.4115669e-02   2.5465562e-01   7.9907453e-02  -1.4427260e-01  -1.1700896e-01   4.4224743e-01  -1.9707615e-01   4.9657673e-01   5.3478783e-02  -1.2222452e-01  -3.7691602e-01   1.8484221e-01  -2.5795165e-01  -1.8207079e-01   3.4275768e-01  -3.1795449e-01   3.1266297e-01  -1.1841664e-01  -2.9220599e-01   4.5194335e-01  -2.3658785e-01  -1.6929978e-01   2.3207369e-01  -1.5358834e-01  -1.3453153e-01  -1.6552288e-01   3.4896297e-01   4.4263863e-01  -1.0064110e-01  -1.3621670e-01  -2.0786196e-01   1.2010881e-01  -1.3716558e-02   3.8954626e-01   4.6855297e-01  -2.7748062e-01  -1.4814331e-01   1.8249868e-01   6.3570931e-02   1.5537713e-01  -5.8634839e-02   9.9096138e-02  -2.0969014e-01   5.2796075e-03   3.2644351e-01  -4.0775801e-01  -1.2434568e-01   4.0648513e-01   3.3815123e-01  -1.0990567e-01  -8.2972445e-02   5.3475616e-01  -2.2558630e-01   3.3863358e-01   2.6488522e-01   3.3728005e-01  -1.7659611e-02   3.0839932e-01  -1.4052500e-01   4.7627876e-01  -2.4302543e-01   4.3963597e-01  -2.0557799e-01  -1.5369837e-01   5.7732860e-02  -1.1611051e-01   1.6728000e-01  -1.8397161e-01  -2.4779531e-01  -1.3335907e-01  -1.7252619e-01  -5.9133714e-02   1.5524143e-01   2.4080116e-01   3.1023551e-01  -1.2970875e-02  -4.7015859e-01   1.3282859e-01   2.7173598e-02   3.3053808e-02   4.1764897e-01   4.7576828e-01  -2.3093171e-01   5.2483049e-01   9.2888517e-02  -3.7106775e-02  -2.0174391e-01   3.5810397e-01   1.8207252e-01  -1.3617826e-01  -3.5209035e-01   5.5636221e-02   3.0825735e-01   3.1437624e-01  -2.4340005e-01   4.2636616e-01  -1.3856283e-02   1.5499460e-01  -2.1235842e-01   2.9984039e-02  -1.9014708e-01   7.0587888e-02   1.4461496e-01  -4.1735801e-02   3.8278072e-01  -3.7329063e-01   2.8899524e-01   1.6796889e-01   1.5355577e-01  -2.0690307e-01  -7.8891475e-02   5.5007635e-01   1.6315154e-01  -3.6672135e-01   3.4222870e-01   9.5823530e-02  -1.2566072e-01  -1.2203607e-01   5.1886938e-01  -2.0130634e-01   2.1798017e-02   2.5721185e-01  -4.4737461e-01   3.0964270e-01   7.0491340e-02  -2.0027999e-01  -3.9946328e-01  -5.7704949e-02  -3.2936830e-01   3.0942931e-01  -2.0398285e-01   1.2167398e-02  -1.9334999e-01   4.2459341e-01  -1.7648176e-01   1.3988080e-01   4.7724332e-02   5.3173485e-01   1.0641613e-01   5.4400516e-01   3.8502422e-01   4.6157504e-02   2.3083389e-01   5.2578450e-02  -2.3553818e-01  -2.8850318e-01   9.0539940e-02  -1.9635707e-01   3.0813713e-01  -1.6150632e-01  -2.3453575e-01   6.1869006e-02   4.6227334e-01
  -4.0917029e-01   3.1841337e-01   9.0750742e-02  -9.5976516e-02   4.4334160e-01  -2.2560206e-01  -6.1883018e-02  -3.2929581e-02   0.0000000e+00  -3.2436030e-01  -3.3660809e-01  -1.8425019e-01  -2.2754927e-01  -1.3997720e-01  -3.0359952e-01  -8.3211591e-02   2.9632294e-01  -2.9773226e-01  -9.3672408e-02   4.1080784e-01  -2.9341802e-01  -3.4185753e-02  -3.6841631e-01  -2.2340199e-01   2.2771094e-01  -1.6694336e-02   1.8298727e-01  -4.1883574e-01   1.1089784e-01   2.3693803e-01  -9.9147640e-02  -7.1145356e-02   2.8736897e-01  -1.0532878e-01   2.7806144e-01   1.8008373e-01   1.6714563e-02  -2.0597882e-01   8.8766407e-02   2.7956505e-01  -2.0769485e-01   1.6555915e-01   4.8082984e-01  -1.3719417e-01   2.6297446e-01  -1.0290844e-01  -7.9920514e-03   3.9347143e-01   3.1769930e-01   4.4237273e-01  -3.9820508e-01   2.2025184e-02   3.7092263e-01   2.4263557e-01  -1.9604658e-01  -3.2249582e-01  -3.2994695e-01  -5.0432814e-02  -1.5668504e-01   1.6533661e-01  -6.0793620e-02   1.0226186e-01   5.9326880e-01  -1.4590781e-01   6.0076259e-01  -4.8331318e-01  -1.3944604e-01   2.7599287e-01  -5.2129172e-02  -1.9509506e-01   6.5705331e-01  -2.8519586e-01  -2.8144434e-02  -1.1032406e-01   1.6572936e-01   3.6551073e-02  -3.3651831e-02  -1.8031238e-01   4.9487451e-01   2.3572461e-01  -4.8933690e-01  -1.2948037e-01  -1.3516326e-01  -1.7538227e-01  -9.3646503e-02   4.6342597e-02   5.4158104e-01  -2.1623901e-01   5.0605629e-01  -1.1316323e-01   5.1305278e-01   1.7130319e-01   1.9538899e-01   1.3539735e-01  -2.5064602e-01   4.5004711e-01   1.1327030e-01  -8.6931642e-02   4.0714806e-01  -1.7502884e-01  -1.0422059e-01  -3.7018915e-01  -3.7986001e-01   4.9787478e-01  -3.6331839e-01  -1.3816527e-01   4.1104374e-01   5.1682486e-02   1.0086052e-01  -3.3729933e-01  -3.1710388e-01  -3.6214642e-01   1.0518859e-01  -2.4769272e-01  -2.6626321e-01   5.0397343e-01   4.4993675e-02  -7.5915598e-02  -8.8566370e-02  -3.2169345e-01  -1.7315988e-01   4.8627074e-01   4.4531427e-01   2.4710026e-01  -7.8488862e-02  -3.4883064e-01  -2.7452886e-01   4.5272480e-01  -2.7844716e-02  -9.2809804e-02  -7.3296544e-02  -1.5588460e-01  -2.7363029e-01   1.1784662e-02   2.9046537e-01   1.2231486e-01   2.2435915e-01   8.3731664e-02   8.6631787e-02  -2.4193411e-01  -2.0432162e-01  -7.5715562e-02  -2.3114134e-01  -1.6259256e-01  -1.6843853e-01  -1.7724802e-01   1.1831663e-01  -2.2125983e-01  -3.6296106e-01  -8.9261760e-03  -9.7452177e-02  -4.7053789e-01   4.1765903e-02  -2.3963060e-01   5.3055732e-01  -1.7248784e-01  -1.9298698e-01  -1.7306901e-01   1.8798972e-01  -3.7275016e-01   4.5040800e-01  -2.3832597e-01  -2.7181034e-01  -3.0046635e-01   1.2778403e-01   1.3396089e-01  -3.0644047e-01  -2.5397940e-01  -5.2577971e-03   1.5686118e-01   1.6615251e-01  -8.2063377e-02  -5.9885043e-04  -1.0694817e-01   2.5506522e-01   2.4905614e-01   8.1262889e-02
   1.2378220e-02  -3.5842114e-01  -1.7047889e-01   1.2327248e-01  -1.1240507e-01  -3.8965677e-02   3.9831728e-01   1.4286211e-01  -3.2436030e-01   0.0000000e+00   1.1877789e-01  -1.4293880e-01   9.0217210e-02  -3.0948648e-01   7.8633170e-02  -4.9946043e-02  -2.9921355e-01   2.8444058e-01   5.5056297e-02  -1.4620178e-01   3.4753402e-01   1.4167475e-02   5.0276148e-01  -2.0946318e-01  -2.5405212e-01   3.9848004e-02  -1.0045528e-02   5.7807935e-02  -3.8491814e-01   3.0092985e-02   2.8638581e-02   1.6071271e-01  -5.1747312e-01   2.6944005e-01  -1.6455659e-01   2.1184180e-01   2.3265442e-01  -6.7854305e-02  -9.9415092e-02  -1.7426393e-01   4.8671299e-02  -5.4686697e-01  -3.4053653e-01   1.0657397e-01  -3.1130452e-01  -1.3646714e-01   7.0675072e-02   1.3298924e-01  -3.3578919e-01  -5.2845773e-01   3.1424361e-01   1.5497019e-01  -4.7985249e-02  -4.1929064e-01  -2.4824798e-01   2.0788182e-01  -5.8638519e-02   2.0252099e-01   1.5930349e-01   5.3021032e-03  -2.4659389e-01   1.5231407e-01  -5.5621519e-01   6.7711383e-02  -2.9869155e-01   5.6862327e-01  -1.3516845e-01  -2.4085257e-02  -9.7045041e-03  -5.3482726e-02  -4.3369659e-01   2.5975260e-01  -9.1648849e-03  -2.5906378e-01  -2.5821812e-01   1.7692520e-01  -2.5625750e-01   1.8973307e-01  -1.7132817e-01  -3.0112551e-01   3.5952702e-01   1.4684180e-01   1.3040498e-01   1.1649145e-01  -4.0711062e-01   1.2318310e-01  -3.0758268e-01  -2.7440675e-01  -2.3899257e-01  -1.4407262e-01  -1.7429793e-01  -4.3821146e-01  -1.8822777e-01   1.2763083e-01  -8.2360315e-02  -2.8492841e-01  -2.8102325e-01   8.4211493e-02  -1.2582443e-01   4.6371443e-01  -2.8656538e-01   1.4123186e-01   8.6245427e-02  -2.0308023e-01   3.7746244e-01   1.0205892e-01  -5.2429813e-01   9.3881905e-02   3.4322952e-01   3.8811665e-01   3.1960555e-01   2.0933544e-01  -7.0460606e-02  -5.7501846e-02  -1.6236846e-01  -1.9799511e-01   4.7667288e-02   4.1721403e-02  -2.3801194e-01   2.2256661e-01  -2.5024385e-01  -2.0766593e-01  -1.7841675e-01   1.5491104e-01  -1.2016948e-01  -9.4186074e-02   4.4512482e-01  -4.9378843e-01   1.4485859e-01  -3.9570908e-02  -2.5129838e-02   4.3113649e-01  -1.6239625e-01   1.5289579e-01  -2.6009909e-01   1.0852946e-01  -4.1029746e-01  -7.4179629e-02   1.1079912e-01   1.4747389e-01  -2.1968078e-01   3.8911688e-02   1.4401088e-01  -4.5433754e-02   3.0162250e-01   1.6443207e-01  -2.8401358e-01   3.4742004e-01   5.4864986e-01   1.9912344e-01  -3.0640948e-01   2.4518143e-01  -4.7635372e-01   2.7928735e-01  -3.4296865e-01   7.4509460e-02  -1.9670239e-01   1.2895665e-01  -4.9603431e-01   4.7786584e-01  -1.5946179e-01   1.8665107e-02   5.7278646e-01   1.9827268e-01   4.9042874e-02   1.1962890e-01   3.1611703e-01  -4.1662628e-02  -4.1685796e-01   5.3962960e-02   3.5326963e-01  -2.4156103e-01   9.8174288e-02  -8.4161607e-02  -3.8685747e-01  -4.3178851e-01   9.7852078e-02
   2.1594351e-01  -2.6790250e-01  -2.0307842e-01   4.1487433e-01  -2.1343323e-01   4.6647733e-03  -3.1008866e-01   4.5722106e-01  -3.3660809e-01   1.1877789e-01   0.0000000e+00   1.6284740e-01   5.4071895e-01  -9.9919292e-02   4.3599237e-01   5.9272441e-01  -3.3321725e-01   7.3824417e-01  -8.2499392e-02  -2.9166432e-01   1.8971300e-01   3.2169604e-01   2.6298194e-01   9.0484714e-02   7.1113249e-02   9.3702646e-02   2.3822024e-02   1.3738677e-01  -2.4313701e-01   3.4520117e-01   4.3745919e-02   3.7626591e-01  -7.8754861e-02   5.1924872e-02  -4.6374758e-01   1.6136635e-01  -1.8360615e-01   4.9774545e-02   5.1402913e-01  -4.0248161e-01   3.7996168e-01  -1.2838434e-01  -5.6685572e-01   2.9523144e-01  -1.0681762e-01  -9.2706324e-02   3.6777774e-01  -2.3756893e-01  -1.9058288e-01  -5.5735125e-01   8.1042797e-01   2.4695465e-01  -2.9074701e-01  -2.9787949e-01   4.1951829e-02   5.0289150e-01   2.6315886e-01   3.7068325e-01   5.8419663e-01  -8.2372409e-02   3.6696019e-02   1.6635951e-01  -2.9938923e-01   4.8496819e-01  -2.0321411e-01   4.8531413e-01  -7.5278670e-02  -1.9058518e-01   4.0634187e-01  -1.6454265e-01  -5.6662359e-01   6.3572037e-01   3.1943779e-01  -4.6490897e-02  -1.9990329e-01   2.5568857e-01  -1.3647369e-01   2.9783753e-01  -1.1437192e-01   2.7765640e-01   2.7061327e-01   4.7207174e-01  -3.6693167e-02   4.0341987e-02  -5.0875830e-02   1.7010304e-01  -4.5825612e-01   3.7618417e-02  -2.1363363e-01  -3.9659575e-02  -2.8429956e-01  -2.6772378e-01  -4.9299166e-01  -1.0161152e-01   8.2970551e-02  -4.4993003e-01   1.2145083e-01   1.3397443e-01   2.1785499e-01   3.8787545e-02  -3.1006095e-01   6.7755152e-01   1.9103057e-01   2.1459430e-02   6.4248559e-01   3.0452267e-01  -4.3641868e-01   3.7327553e-01  -2.5199758e-02   3.0237276e-01  -8.1159549e-02   5.0094307e-01   2.6136428e-01  -4.7332713e-03  -2.1223583e-01  -2.3638930e-01   1.1031150e-01   2.7281793e-01  -3.5854095e-01   5.2918372e-01   1.7911940e-01  -3.1553396e-01  -5.8010735e-01   1.5825965e-01  -7.1817644e-03   2.5357994e-01   4.3628242e-01  -2.5392529e-01   1.7457052e-01  -1.2225780e-01   3.9627002e-01   4.7179731e-01   1.9356038e-01   7.7786038e-02  -8.0185817e-02   2.7166278e-01   1.4590236e-02  -1.8426339e-01   1.5502464e-01   4.8241636e-01   8.4892629e-02  -3.9360264e-02   7.9743948e-01  -2.8109777e-01   2.3215647e-01   4.1943829e-01  -5.5204269e-01   3.9145728e-01   3.0724643e-01  -8.0229791e-02  -2.1075709e-01   2.2791664e-01  -1.5649196e-01   7.0026662e-01  -6.2805675e-01   2.1190284e-01   7.5966768e-02   5.4187363e-01  -1.9521176e-01   2.2883112e-01  -1.2252069e-01   8.2845581e-01   3.3289837e-01   6.8814938e-01   3.1406882e-01  -1.6709068e-01   5.6498929e-01   1.8571380e-01  -6.0735307e-02  -3.3528103e-01  -6.3690420e-02  -1.6957992e-02   5.6170613e-01   8.4115045e-02  -3.2854180e-01  -1.0525984e-02   3.5742851e-01
   2.2259080e-01   4.0430092e-01   3.8182452e-01  -8.6507090e-02  -4.3301440e-01   5.5811829e-01   2.0130658e-01  -2.2755000e-01  -1.8425019e-01  -1.4293880e-01   1.6284740e-01   0.0000000e+00   7.6359660e-02   5.1536584e-01   5.3145289e-01   2.3229810e-01   2.5999234e-01   4.1859157e-01  -2.2901398e-02  -3.1297167e-01   2.5521691e-01   7.2003299e-02   3.1398003e-01   2.1217596e-01   6.3272946e-02  -1.1453733e-01  -5.3799697e-02   5.0117375e-01   5.0904534e-02   2.4565896e-01   3.6731670e-01  -2.5123216e-01   1.9441052e-01   3.9070267e-01   1.5596004e-01  -3.1083211e-01  -2.1092029e-01   6.2925701e-02   1.6943280e-01  -7.9490874e-02  -1.2533815e-02   2.7557818e-01   8.1253328e-02   2.9751330e-01   2.3527375e-01   5.5222310e-02  -1.2688798e-01  -8.8959836e-02  -1.7283476e-01  -2.1663508e-01   3.4112191e-01  -3.4139101e-01  -2.3964209e-01  -1.0620746e-03   4.7837532e-01   3.2557651e-01   2.6204260e-01  -1.4609590e-01  -1.3384153e-01   6.6353411e-01   2.6350239e-01  -1.2407896e-01  -1.1113547e-01   4.2514545e-01  -2.1573916e-01   1.0625942e-01   4.2085772e-01  -9.0978385e-02  -5.0242980e-02   3.7312170e-01  -3.3751317e-01   3.1399366e-01  -3.3327352e-02   2.1446505e-01  -3.6352075e-02  -1.7359851e-01   1.1853454e-01  -3.0298947e-02  -4.1007172e-01  -3.5303740e-02   4.9473353e-01   1.2600455e-01   3.7001791e-01  -9.1902547e-02   4.0887586e-01  -3.5935549e-01  -1.7853802e-01   4.5015327e-01  -2.3758275e-01   7.7066989e-02  -5.5814920e-01   1.3545954e-01   8.9288845e-02   3.7372704e-01   1.8474661e-01  -3.9017005e-01   1.8520122e-01  -1.5565282e-01  -2.1742395e-01  -7.8554544e-02   4.3179205e-01   5.5711868e-01   3.8364822e-01   2.2692650e-01   5.0196036e-02  -2.2449314e-01   3.2862474e-02  -2.4328124e-01  -2.4074563e-01   7.1465952e-02   3.3215595e-01   2.1171652e-01   2.0874297e-01   1.8065265e-01   2.3718167e-01  -5.1573216e-01  -1.8641625e-01  -1.5055489e-02   2.4973308e-01   1.5435107e-02   2.9802933e-01  -3.9795280e-01  -2.7928664e-01  -2.1347997e-01   1.6228288e-02   4.1082420e-01   1.6087530e-01  -2.1876263e-01  -3.4933075e-01   4.9883873e-01   6.1748956e-02   2.4922187e-02   4.2157767e-01   4.0228817e-01   4.7668805e-01  -2.6449049e-01  -1.4046508e-02   4.1208666e-01  -2.1627635e-01   3.8862485e-02   3.6934872e-01   1.8518015e-01  -2.8767788e-03   1.8438166e-01   3.0650691e-01   2.6104172e-01   2.7225416e-01  -2.6245776e-01   4.2186606e-02  -4.7521730e-02   2.6495603e-01   5.9281180e-01   2.8313213e-01   1.1094796e-01  -1.0857272e-01  -1.5436525e-01   3.4602792e-01  -7.0489878e-02   1.6144694e-01   2.3239018e-01   8.8718326e-02  -6.8097603e-02  -1.9850044e-02   9.7661507e-02  -1.9984359e-01  -2.4807023e-01   1.1966252e-01   8.4384881e-02   3.2607766e-01  -2.7694547e-01  -2.4838224e-01   1.4517985e-01   8.6772272e-02   4.2718965e-01   4.6750021e-02  -4.6068000e-03  -1.9060048e-01
   4.3156688e-01  -3.7137682e-01  -2.5270661e-02   2.7852919e-01  -1.9807615e-01  -1.2314937e-01  -1.8552163e-01   4.1981028e-01  -2.2754927e-01   9.0217210e-02   5.4071895e-01   7.6359660e-02   0.0000000e+00  -1.2825687e-01   3.1705320e-01   4.2790829e-01  -1.8648437e-01   2.8743224e-01  -2.3216179e-02  -1.3561766e-01  -5.1705776e-03   1.4193037e-01   2.4398878e-01   1.4311180e-01  -8.9890370e-02   1.2415296e-01   9.6964318e-02   8.9998471e-02  -1.1830872e-01   1.8599123e-01   3.4268096e-02   4.4845090e-02  -5.1840104e-02   8.1294610e-02  -3.9935453e-01   1.7041343e-01  -1.8830527e-01   1.3287096e-01   4.2736285e-01  -1.6731962e-01   7.3141717e-01  -1.8728442e-02  -2.8983469e-01   2.0622292e-01  -2.8578385e-01   1.6097216e-01   1.7088222e-01  -2.7889150e-01  -3.4063162e-01  -3.0918855e-01   4.3930328e-01   1.7191102e-01  -2.7184338e-01  -5.8903487e-02  -8.1980428e-03   3.4522025e-01   1.2480616e-01   1.3045047e-01   4.9084406e-01  -1.4104873e-01   9.9588544e-02  -7.8553984e-02  -2.4140747e-01   2.9016951e-01  -4.2148548e-01   1.7802125e-01  -1.4050856e-01  -5.4829306e-02   2.3542990e-01   6.0211273e-02  -3.6858609e-01   3.3051401e-01   5.7187145e-01   5.0775648e-02   4.3322805e-02   1.1334010e-01   1.0480935e-01   1.1337409e-01  -2.0651264e-01   3.3859079e-01   2.7048387e-01   5.6444040e-01   1.0486377e-01   9.5669971e-02   5.7661047e-02   2.7555389e-02  -2.7427238e-01   9.3408613e-02  -1.2293450e-01   1.2309566e-01  -3.0973755e-01  -6.5970541e-02  -4.0892120e-01  -7.0038045e-02   2.6543298e-01  -2.3233033e-01   1.0178456e-01   7.8915333e-02   6.2904596e-02   1.4776937e-01  -1.0137167e-01   3.4267340e-01  -9.2270612e-02  -7.3209016e-02   3.4750540e-01   1.0345422e-01  -2.3681127e-01   1.4887053e-01  -1.0658532e-01   1.0212233e-01   3.9854849e-02   1.8194353e-01   1.3746879e-01   2.1914860e-01  -6.7006968e-02  -3.0438563e-01   1.1985428e-01   6.6913816e-01  -1.2902551e-01   2.6371991e-01   2.4912644e-01  -3.9074720e-01  -2.6864856e-01  -1.0683053e-01   9.3857114e-02  -1.2141248e-02   2.7774793e-01  -6.2189813e-02   1.3835086e-01   4.1670146e-02   5.8126329e-01   1.9428777e-01   1.1842980e-01  -5.0886257e-02  -7.3692002e-02   1.3212350e-01   2.2321031e-01  -5.4252245e-02  -8.1214978e-02   4.2205506e-01   2.2154454e-01   1.3722812e-01   4.3587403e-01  -2.6207354e-01   1.6455760e-01   1.8759748e-01  -2.6938399e-01   7.5531715e-02   1.4169690e-01  -2.6806700e-01  -6.8499940e-02   1.2230041e-01  -1.2191311e-01   4.0789924e-01  -4.4116036e-01   2.1177503e-01   1.6494983e-01   4.8935866e-01  -2.9487178e-02   2.4150248e-01  -6.9455067e-03   4.6575108e-01   2.0793345e-01   3.2925664e-01   1.2627836e-01  -5.1784664e-02   2.0323736e-01   3.2487243e-01  -4.0348616e-02  -1.2822793e-01  -1.4767568e-01   2.2200838e-01   1.7603433e-01  -1.7244648e-01  -2.5776584e-01   1.3566530e-01   2.2284017e-01
   2.8788260e-01   2.0188996e-01   2.5979588e-01  -2.5294438e-01  -4.8746487e-01   3.6001878e-01   1.9782896e-02  -2.7240222e-01  -1.3997720e-01  -3.0948648e-01  -9.9919292e-02   5.1536584e-01  -1.2825687e-01   0.0000000e+00   4.5831397e-01   2.5855596e-02   1.0231287e-01   8.9156922e-02  -1.5469534e-01  -3.3782412e-01   8.3097473e-02  -1.7909647e-01   1.7582724e-01   4.4250208e-01   2.4008145e-01  -1.1470172e-01  -1.7292872e-01   5.4001933e-01   2.5377397e-01  -1.2320507e-01   4.7152023e-01  -3.5990031e-01   2.5943071e-01   1.3296529e-01   3.9589119e-01  -5.1696204e-01  -5.8060357e-02   1.5258266e-01  -7.6889791e-02   1.0339772e-01  -6.3787703e-02   2.8894691e-01   1.1242381e-01   7.3444019e-02   2.1830984e-02   7.8722190e-02  -2.8645393e-01  -2.2728053e-01   4.6248924e-02   5.5943898e-02  -8.9856980e-02  -3.3221471e-01  -2.4387287e-01   1.4490994e-01   6.2557325e-01   2.8479414e-01   1.9816954e-01  -4.4705061e-01  -2.7353371e-01   2.8277530e-01   3.2579751e-01  -2.8289199e-01   1.3146089e-03   3.0375902e-01  -8.2060904e-02  -2.2131028e-01   3.3146922e-01   7.6125442e-02  -2.2423257e-01   3.4287380e-01  -1.8996076e-01  -1.0587318e-02  -1.4675361e-01   2.9956952e-01   2.3811852e-01  -3.0305950e-01   2.6349046e-01  -6.3295248e-02  -3.7168374e-01  -1.0197806e-01   3.5905371e-01  -1.0077682e-02   1.9953557e-01  -1.1106015e-02   4.2912834e-01  -3.7732152e-01   2.6371042e-01   6.3226123e-01  -2.0156116e-01   3.2267187e-01  -4.1864085e-01   2.1836569e-01   8.5572225e-02   1.3800005e-01   2.8240847e-01  -1.1913510e-01   5.2039031e-02  -1.7261514e-01  -2.7666261e-01  -1.6072860e-02   5.6998533e-01   2.0201586e-01   4.2076280e-01   2.6200977e-01  -2.3034516e-01  -2.9964050e-01   1.1574715e-01  -3.7908468e-01  -2.3147025e-01  -2.5543009e-01   3.0022728e-01  -9.1163359e-02   9.2612349e-02   3.2824113e-01   6.0570739e-01  -4.1618548e-01  -1.1421560e-01  -1.1258742e-01   5.1417877e-01  -2.3021145e-01   3.0554539e-01  -3.1512368e-01  -1.6602299e-01  -2.0013098e-01   1.8632077e-01   4.2454352e-01  -1.4692876e-01  -1.0785559e-01  -4.3783208e-01   3.1056127e-01  -2.2147220e-01  -2.7060087e-01   3.2367722e-01   2.1817405e-01   5.2398939e-02  -3.3139972e-01  -2.2754665e-02   3.3590566e-01  -2.8289253e-01  -6.8834985e-02   5.0652498e-01   3.6056408e-02  -2.2044444e-01   1.5712926e-01   6.4659221e-02   1.3478450e-01   4.5962688e-01  -4.3750213e-01  -2.2786458e-01   1.4512221e-01   4.2191652e-01   4.6475356e-01   5.2884769e-01  -1.7845153e-01   3.3842454e-02  -1.0466034e-01   3.2927823e-01  -2.3516670e-01   2.6637712e-01   1.3521733e-01  -5.9800320e-02  -1.6558538e-01  -2.4412904e-01  -2.0421439e-01  -4.8537204e-01  -1.9235123e-01  -1.6418193e-01   1.0565985e-01   4.9249835e-01  -3.3125663e-01  -4.6191363e-01   1.2067130e-01  -6.6111321e-02   1.9746360e-01   2.0423599e-01  -3.2429882e-02  -4.3229643e-01
