   0.0000000e+00   8.8947517e-02  -1.9591777e-02  -1.3236179e-02  -1.8261146e-01  -4.5502740e-02  -1.9745587e-01   2.9960470e-01   3.2697454e-01  -3.9769645e-01   5.6333320e-02  -2.6201034e-01  -3.5325687e-01   6.4527410e-01   8.4273382e-02  -3.7715649e-01   7.8431817e-02  -1.0765756e-01   3.5499558e-01  -3.4214534e-01  -2.4896208e-01   1.3239208e-01  -9.0052142e-02   6.4924247e-01   6.9212568e-02   4.7304017e-01  -4.5992610e-01   4.0029961e-01   4.4241839e-02  -6.0382710e-02  -4.7036627e-02   2.9995320e-01  -1.3553038e-01  -2.1645377e-01  -2.8777773e-01  -3.1974573e-01  -1.0630933e-01   1.9496122e-01  -4.2528109e-01  -5.1478704e-01  -2.8488032e-01  -1.9992398e-01  -6.9390668e-03   7.1758908e-02  -1.1362475e-01   6.6677388e-01  -3.0011935e-01  -2.1053312e-01  -1.9386823e-01  -2.7410905e-01  -1.5821123e-02   4.2508949e-01  -8.1054098e-02   4.4296471e-02   4.3063379e-01   2.9598116e-01   4.9210481e-01   2.7600069e-01  -3.1417751e-01   4.5537671e-02  -8.2408046e-02  -1.4163888e-01   1.4134965e-01  -1.4038083e-01  -3.7299122e-02  -2.0819236e-01   4.1332094e-02   2.1369173e-02   2.0574163e-01   9.1350147e-02  -1.1818338e-01   1.3682346e-01  -3.4473153e-01   5.5302611e-01   1.3621050e-01   3.3670951e-01   3.9733173e-01   9.1814076e-02  -2.8203368e-02  -1.0696661e-01   9.1201388e-02  -2.3301075e-01  -1.7369397e-01   4.5685062e-01   1.8524114e-01   3.5807371e-01  -1.1482048e-01   6.7474424e-01  -9.7811581e-02   5.9639174e-01  -1.3381726e-01   3.2046018e-01  -2.7201347e-01   2.0962258e-01   4.3588501e-01  -3.6504640e-01  -5.9075926e-02   4.6987867e-01  -1.8688236e-02  -3.5106613e-01   4.9281482e-02  -3.3753882e-02   1.2865794e-01   2.2635620e-01   1.7385933e-01   2.2214864e-01  -5.9418745e-02   3.5422860e-01  -2.4431879e-01  -3.7970882e-01  -1.3657212e-01   1.4045748e-01   5.8621784e-02   6.9601669e-01   3.3405106e-01  -3.8817731e-02   4.0719609e-01  -4.0242534e-01   4.4539064e-02   4.3818098e-02   3.4100098e-01  -1.3960096e-01  -1.3026991e-01  -3.1287038e-02   6.5920863e-01   6.8667328e-01  -2.9309804e-01  -1.0817367e-01   3.6912939e-01  -3.2946887e-01  -3.3163910e-01  -9.2628202e-02   6.4105192e-01  -1.3815996e-01   2.8254720e-01   3.2192502e-01  -1.5853579e-01   1.7872177e-02   3.5741631e-01   6.9738959e-01   7.3013461e-01  -1.1399352e-01  -3.8529578e-02   1.0611842e-01   8.0805514e-02   9.2282590e-02  -2.3338655e-01  -9.8861354e-03  -1.3622896e-01  -3.4223769e-01   5.7726954e-01   1.8082136e-01   4.9941066e-01   1.0037590e-01  -2.2007332e-01   6.0991063e-01   5.8599246e-01  -2.4075605e-01   2.1777974e-01   9.6392380e-02   8.6570062e-02   4.7622121e-02  -3.0375142e-01  -1.6871522e-02   2.2188737e-01  -2.4912510e-01  -7.7854424e-02   1.2495717e-01   4.6064538e-01  -3.3551928e-01  -2.6326213e-01  -1.5948982e-01  -1.0795410e-01   2.1932052e-01   2.1365962e-01   2.5551629e-02   1.1457272e-01
   8.8947517e-02   0.0000000e+00   4.8102761e-01  -1.9330269e-01   5.1166141e-02  -1.8925034e-01  -3.4037158e-01   1.4464034e-01   5.3926633e-01  -4.4369831e-01  -1.8857913e-01   4.5232577e-01  -3.5079877e-01  -3.7873021e-02   2.1047287e-01  -2.3375513e-01   5.0996016e-01  -3.9778612e-01   2.8002418e-01  -1.8062066e-01  -3.4590413e-01  -7.2771970e-03  -3.2086024e-01   2.0003519e-02  -1.0280463e-02   1.2532611e-01  -3.0483162e-01   7.4492222e-02   2.2405863e-01  -1.0190113e-01   2.1661501e-01   1.0112885e-01  -7.7810588e-02  -3.2482657e-01   1.3591961e-01  -5.5604323e-01  -2.8545206e-01  -7.8781928e-04  -1.1077333e-01   4.9412523e-02  -2.5380960e-01  -1.3506261e-01  -2.0669090e-03   3.0319545e-01  -3.8912056e-01   5.3385717e-02  -4.9237765e-01   4.3480675e-02  -5.6656541e-02   4.5522031e-01  -4.5902584e-01   1.2081320e-01   4.7673542e-01   2.8001577e-03   1.0340031e-01   3.6548136e-02   1.5845360e-01   9.5518396e-02  -2.8505350e-01   8.9941034e-02   1.8231812e-01  -1.0784386e-01   5.7807645e-01   3.8790051e-01   4.6351676e-01  -4.9616618e-01   1.0587515e-02   2.0071538e-01  -7.3691339e-03  -2.5744891e-01   5.2225097e-01  -1.7541880e-01  -3.5774186e-02  -2.4758828e-01   8.7940402e-03   2.5306638e-01   1.6210718e-01   1.8711382e-01   4.5032421e-01  -2.3838754e-01  -2.5458360e-01  -1.5217792e-01   3.9092898e-02   1.6282262e-01   1.3467073e-01   2.7177032e-01   6.2919111e-02  -1.6479273e-01   1.6442441e-01  -1.6884734e-01   3.5753829e-01   1.8832651e-01   2.0656499e-01   1.5929004e-03   1.2503773e-01   2.3140913e-01  -1.1466585e-01   3.3142103e-01  -8.3023549e-02  -4.7457152e-01   8.5803422e-03  -6.6127127e-02  -1.1138473e-01   4.3076760e-01  -3.5899965e-02   1.6125747e-01  -4.0586772e-04   1.3993812e-01  -1.8064748e-01  -2.3524174e-01  -1.0362214e-01  -2.9891450e-01   6.0967958e-02  -1.0700339e-01  -4.4346751e-02   5.1870053e-01   1.8915666e-01  -2.6083424e-01  -1.1946582e-01  -2.5551449e-02  -3.8864899e-02   2.6679382e-01   4.2409771e-01   2.3697810e-01  -1.4810442e-02   1.0231910e-01  -3.8165234e-01   1.0390329e-01   1.7589936e-01  -1.6562124e-01   4.5790957e-03  -3.0736779e-01   3.9456555e-01   7.6232189e-02   3.9059466e-01   2.1765643e-01  -4.8058712e-02   8.7214422e-02   2.5108408e-01   1.0059722e-01   1.6679094e-01   1.0932071e-01  -1.7023821e-01  -1.1514204e-01  -1.6789668e-01   1.4841527e-01   1.2734763e-01  -3.5645113e-01  -4.9178254e-01  -6.3651613e-02   6.1904873e-03   1.1236796e-02  -6.9987812e-02   3.0993172e-01   4.7151610e-01   9.1877234e-02   9.6586115e-02  -2.2107167e-01   2.6271047e-01  -3.1891780e-01   1.2949598e-01   3.4471424e-02  -4.4224154e-01  -1.7126777e-01   1.4724244e-01   3.3583451e-01  -3.4719954e-01   4.8854515e-02  -8.0022452e-02   3.7737813e-01   3.0367852e-01  -6.3707584e-02  -3.9545993e-02  -3.7998259e-02   1.3762881e-01   6.8320393e-02   1.3734793e-01
  -1.9591777e-02   4.8102761e-01   0.0000000e+00   1.3130915e-01   1.2299942e-01   3.4384621e-01  -4.4994804e-01   1.2412846e-01   1.8305673e-01  -2.1804904e-01   7.3550449e-02   4.9778796e-01  -1.2183233e-01   1.5071671e-02   3.0613885e-01  -1.6979922e-01   8.5971325e-01  -1.6896886e-01   3.0437614e-01   1.3700090e-01  -2.0007450e-01   3.6054281e-01  -2.4624510e-01  -1.7490822e-01   1.1454364e-01   2.7803475e-01  -1.7808760e-01  -2.3670391e-02   1.1058824e-01  -9.1515539e-02   2.7961082e-01   3.8172401e-01   3.4880419e-01  -3.7231991e-01   1.6766282e-01  -3.5976747e-01  -3.9824908e-01   1.0411472e-01  -5.8123009e-02   3.5501505e-01  -1.3042990e-01   1.1488575e-01  -8.8719438e-02   3.0112468e-01  -2.1842720e-01   1.1598999e-01  -1.3881945e-01  -2.7982691e-01   4.6458722e-02   5.2386627e-01  -1.3933894e-01   1.5410369e-01  -3.0908483e-02   3.4856323e-01   2.2655778e-01   8.9358341e-02   2.3442776e-01   3.3183084e-01   4.6518755e-02   3.3810379e-01   5.4932140e-01   1.5890524e-01   3.9643995e-01   1.8260298e-01   1.3653582e-01  -4.1790813e-01   4.8998228e-01   1.8437175e-01   2.2165661e-01   2.1660727e-01   3.3288064e-01   5.9416912e-02   3.8671925e-03  -6.3173495e-02   2.0544984e-01   3.5676254e-01   1.1301232e-01   4.3859687e-01   3.5872455e-01   5.3579539e-02  -1.9881143e-01  -1.9967528e-02   2.7686049e-01   2.5183600e-02   2.9542321e-01   3.1155443e-01  -6.0943307e-02  -1.2128453e-01   3.1753034e-02  -2.5367173e-01   2.0784662e-01   4.9791005e-01   3.0793154e-01   4.7825938e-02   6.2939928e-02   3.5700885e-01   9.8203908e-02   4.0674331e-01   2.2873498e-02  -3.7887781e-01   1.4092053e-01   1.3897663e-01   8.9203265e-02   4.9754051e-01   3.6684685e-01   4.1799196e-01   3.5986502e-01   4.2445908e-01  -1.7576674e-01  -2.9173193e-01  -9.9306039e-02  -1.0860706e-01   1.6434938e-01  -2.0038091e-01   6.7241249e-02   9.2018357e-02   3.0696331e-01  -6.3415347e-02   2.8837155e-02   1.7619219e-01  -7.2300660e-03   3.0197142e-01   2.2643285e-01   1.0918605e-01  -1.3380071e-01   8.3466469e-02  -2.1169824e-01   1.3445193e-01   4.2576308e-01   2.2249544e-01  -2.0855289e-02  -4.5490347e-01   3.3740463e-01  -9.9394534e-02   3.7048505e-01   3.3655901e-01   1.7924414e-01  -2.5267476e-02   3.6004693e-01  -2.8227025e-02   1.6149545e-01   2.6096593e-01   1.5715296e-01   2.3620374e-01  -2.2453177e-02   3.1132914e-01   2.5544326e-01  -3.1611752e-01  -4.0604984e-01  -2.2132346e-01  -3.3875690e-02  -7.6725949e-04   6.0916910e-02   1.4562081e-01   6.2236682e-01  -1.0135365e-01   2.2914398e-01   3.6676056e-02   6.0010190e-01  -3.8880888e-01   1.6601427e-01   1.7365635e-01  -3.0846627e-01   2.9843031e-01   4.0432222e-01   2.0120285e-01  -1.8979483e-01   1.7762053e-01   2.0979537e-01   2.5402266e-01   3.8507018e-01  -2.4011543e-03  -6.5928193e-02   3.0484763e-01   1.8869625e-01  -3.8450680e-03   4.7021097e-01
  -1.3236179e-02  -1.9330269e-01   1.3130915e-01   0.0000000e+00   1.5764817e-01   1.6849658e-01  -3.2203900e-02   2.6626822e-02  -1.1791311e-01   1.1402298e-01   3.2587734e-01  -1.5363577e-01   2.0087847e-01   1.6113195e-01   6.0159255e-02  -1.5933023e-02   1.3393632e-01   4.0810101e-01   7.7294415e-02   3.5999286e-01   2.4517170e-01   4.9691528e-01   7.0491855e-02  -2.4468555e-02  -3.4854295e-02   2.2356536e-01   1.2456757e-01   3.3836123e-03   1.0755381e-01   3.4096900e-01   1.1689710e-01   3.9892014e-01   2.7907396e-01  -1.0483222e-01  -1.4624630e-01   3.2336413e-01   1.5329824e-01   2.8338779e-01   1.3558807e-01   6.7558185e-02   1.9058483e-01   7.0301740e-02  -1.2204331e-01  -3.6300165e-02   2.9959743e-01   2.1424544e-04   5.2765106e-01  -1.6740804e-01   2.6192962e-01  -3.5903292e-01   4.5189886e-01   9.5713237e-02  -1.4636649e-01   4.2352529e-02   1.7308740e-01   6.8222152e-02   9.7559948e-02   3.5308996e-01   3.6168130e-01   2.2693336e-01   4.8087904e-01   3.4136068e-01   8.8530805e-02  -1.7683113e-01   4.6602728e-03   7.9894471e-02   3.1326821e-01  -4.1699259e-02   4.5548645e-01   3.5772546e-02  -9.1574555e-02   4.9677084e-01   2.1221563e-01   1.9582547e-01   2.0162323e-01   2.4254420e-01   5.9375224e-02   1.1624189e-01   4.0236319e-02   4.4349371e-01  -8.0539369e-02   3.9555504e-01  -9.8321276e-02  -9.6217046e-02   4.3533369e-02   2.3053746e-01   9.0260651e-02  -1.4894587e-02  -1.4190738e-01  -4.9689701e-02   5.4096715e-02   3.4476995e-01  -2.0227122e-01   1.8527910e-01   6.5942281e-02   1.1183363e-01   3.9247779e-01   1.6627108e-01   3.0663673e-01   3.0238091e-01   1.0178648e-01   1.5598761e-01   2.3869222e-01   2.0697662e-01   4.8594264e-01   3.7314549e-01  -1.7965725e-02   2.3386458e-01   1.2086621e-01  -7.5591591e-02  -2.8218052e-01   3.4571407e-01   2.6335641e-01  -1.9996389e-01   6.3393046e-02   7.3609995e-03   9.8582818e-02   2.5757423e-01   2.1732606e-02   1.6487067e-01  -1.3433978e-01   7.4105304e-02  -1.5607042e-01   1.1072147e-01  -1.2363345e-01   1.9849290e-01   2.2490405e-01   1.1753938e-01   3.2059330e-01   3.0643849e-02   1.7226826e-01   1.2998448e-02   1.4808955e-01   7.5991657e-03   1.3223609e-01   1.5602667e-01   9.4975329e-02  -3.8931965e-02   2.0332231e-01  -5.0968921e-03   4.4718652e-02   3.5581902e-02   1.7360086e-01   2.5300167e-02   1.9962199e-01   2.4488951e-01  -1.4241070e-01   1.7528323e-01  -7.6381721e-02   1.4915655e-01  -1.2673439e-01  -3.0588663e-04   9.4310618e-02   5.0564820e-02  -2.2460648e-02  -8.0500651e-02   6.5296887e-02   2.5221143e-01   2.9219787e-01   9.5729058e-02  -1.1613963e-01  -7.0746537e-03   1.8296960e-01   5.4604646e-01   3.8989464e-01   1.2896893e-02   2.5789024e-01  -2.0942331e-02   2.4475364e-01  -3.2065883e-02   1.0419532e-01  -3.8383528e-01   3.3675373e-01   2.4310607e-01   2.2605948e-01  -2.1604528e-01   3.9867397e-01
  -1.8261146e-01   5.1166141e-02   1.2299942e-01   1.5764817e-01   0.0000000e+00  -1.0846330e-01  -8.1311377e-02  -3.3634741e-01  -1.8833492e-01   1.7736308e-01  -1.9149020e-01  -8.4580810e-02   4.4975126e-01  -1.3932688e-01  -3.4476015e-01   1.6924608e-01  -1.8064852e-03   7.0468504e-04  -2.6393280e-01   8.2890661e-01  -2.8630570e-01  -1.7455441e-01  -3.7736652e-01  -3.6855935e-01   1.3628174e-01  -2.2088347e-01   4.8694264e-01  -2.2998568e-01  -1.0115696e-01  -2.5054724e-01  -3.8164155e-01   6.5606594e-02   3.0539956e-01  -1.1740034e-01  -1.5312432e-01   4.1417631e-01   1.6859351e-01   1.7938020e-01   2.6040439e-01   4.2214666e-01   2.9128760e-01   2.9464312e-01   1.7773622e-01  -1.6019752e-01   2.4656790e-01  -2.1789572e-01   2.2062154e-01  -1.5339860e-01   2.6863610e-01   1.6977586e-01  -5.5875819e-03  -2.6768635e-01   1.9177351e-04   2.1256236e-01  -1.6739115e-01  -4.4976125e-01  -2.5568837e-01  -1.2259648e-01   1.1332924e-01  -1.2217430e-01   1.3956711e-01   4.8597001e-01   3.2124021e-01  -3.4739451e-01   2.4844024e-01  -4.9828196e-02  -6.3357935e-02   8.1558280e-02   5.8162591e-02   3.1651078e-02  -1.2113288e-01   7.1272054e-02   2.4640081e-01  -8.0909379e-02   2.8040681e-01  -2.0023424e-01  -2.6878916e-01   3.2169087e-02   5.8446626e-01   3.0145710e-01  -4.2560198e-01   1.4269924e-01  -2.9267944e-01  -3.9797977e-01  -5.4846316e-02  -2.2561328e-01  -2.1830802e-01  -1.6648670e-01   3.1756227e-01  -6.2225266e-02   6.2740959e-01  -8.5140702e-02  -4.5572107e-02   1.3610069e-01  -1.9173358e-01   6.8969812e-01   3.7737959e-01  -2.3916304e-01   3.7226560e-01   5.4603396e-02  -2.9381537e-01  -2.5016202e-01  -3.4903458e-01  -1.0550642e-02   5.1413696e-03  -4.0873993e-02   2.9798104e-01  -9.1793781e-02   3.6954777e-01   4.4012790e-02  -3.5596042e-01  -3.9506043e-01   1.0140512e-01   1.0603079e-03  -2.1789963e-01   1.8055894e-01  -1.0075383e-01   2.9853728e-01  -1.7860048e-01  -2.2276049e-02  -2.6902156e-01   7.9474944e-01   3.2562166e-01  -3.3927967e-01  -2.1677507e-01  -2.3317931e-01   3.9718881e-02   4.4827635e-01  -1.4024877e-01   6.3462076e-02   5.9450120e-02  -5.1765693e-02  -2.3678227e-01  -3.4255514e-01  -1.2275274e-02  -2.9781718e-01   3.4378693e-01  -4.5068563e-01  -2.6916117e-01  -1.8302088e-01  -2.1393435e-01   1.2731863e-01  -1.1284530e-01  -2.4907357e-01  -3.2130927e-01  -2.0193021e-01  -1.6944954e-01   1.5745957e-01  -1.2447997e-01  -2.7009047e-02  -1.0594717e-01  -4.5825326e-01  -9.0010103e-02  -1.0019954e-01   1.5510736e-01  -3.7229233e-01  -3.4700702e-01   1.3838225e-01   6.6837622e-02  -3.6383832e-01   1.3880822e-01  -2.8161115e-01  -1.2541480e-01   1.0297009e-01   1.4990830e-02   3.5666038e-01  -8.2325462e-02  -2.0672040e-01   3.7371670e-02   5.5185103e-02   5.5900534e-01   4.8458481e-02   3.7964375e-02  -2.3952543e-01   2.1208934e-01  -2.6663795e-02  -8.5423885e-02
  -4.5502740e-02  -1.8925034e-01   3.4384621e-01   1.6849658e-01  -1.0846330e-01   0.0000000e+00   1.4344599e-01   2.1131829e-01  -1.8082189e-01   1.1235541e-01   1.5718097e-01   2.0566107e-01   7.7787095e-03   3.3882741e-02   2.4394547e-01   1.1720924e-01   2.9786884e-01   2.3183449e-01   1.9114547e-01   9.3300417e-02   1.3093317e-01   2.3780499e-01   1.1595305e-01  -1.7489994e-01   1.7667510e-01   2.6005423e-01   9.8302100e-02   7.8219700e-02   9.4619917e-02   9.6853594e-02   1.8532700e-01   1.3771375e-01   3.8805081e-01   1.0724130e-01   3.2260158e-01   5.4559251e-02  -7.2055721e-02   5.0554670e-02   1.0224441e-01   2.8060784e-01  -1.1058774e-01   1.7418219e-01   8.5706284e-03   1.3338426e-01   2.0191759e-01   6.1250276e-02   2.5090571e-01   1.0048674e-03   1.7090956e-01   2.4519481e-03   2.6161506e-01   2.3519870e-01  -2.2268173e-01   4.3620486e-01   2.4601449e-01   3.1558618e-01   3.5566579e-01   1.9419213e-01   5.0585097e-02   3.2809494e-01   2.3497381e-01   3.3131857e-01  -2.3140287e-01  -4.4133074e-02  -1.8255080e-01   3.4798571e-02   7.3814459e-01   2.4786355e-01   1.7643922e-01   5.0051109e-01  -3.9876159e-02   3.3572289e-01   3.1926589e-02   1.4010980e-01   1.4514879e-01   2.8854939e-01   1.0893641e-01   2.1285235e-01  -1.1957605e-01   2.0788592e-01   3.8472051e-01   1.3470156e-01   3.2678186e-01   4.0424014e-02   2.3250686e-01   1.7343774e-01   4.5534761e-02   9.1288280e-02  -1.6539761e-01  -1.8563339e-01  -2.7384992e-01   3.6229529e-01   2.3340405e-01   1.8926475e-02  -1.2578209e-01  -3.2922690e-02   2.3556720e-01   2.8928956e-01   2.7242365e-01   5.1752091e-02   1.8562925e-01   3.0698805e-01   2.5726878e-01   1.3479153e-01   2.6700255e-01   1.6343336e-01   3.4019933e-01   3.7417148e-01   1.7223628e-01   8.1965643e-02   3.5430703e-01   2.2056573e-01   1.6403996e-01  -1.8613320e-01   2.1254780e-01  -4.6256802e-01   2.6587589e-01   5.9591229e-02   2.2567367e-01   3.0247415e-01  -5.2134071e-02  -7.4708084e-02  -1.2479293e-01   1.7381706e-02  -1.8538644e-01   9.1351736e-03   1.7488502e-01  -1.8129562e-02   1.5330824e-01   3.8288236e-01   5.8677713e-02   2.0197984e-03   8.0743714e-02  -2.6419086e-02   1.1584673e-01   2.3719400e-01   2.0184064e-01   6.9646443e-02   2.7519265e-01  -1.9550674e-01   8.1449363e-02   1.5988314e-01   3.1098419e-01   5.2506979e-01   1.7310597e-01   9.5782993e-02   2.7312594e-01  -2.4236850e-02   2.5872687e-01  -1.3397305e-02  -3.8594135e-02   8.0422982e-02   1.8944788e-01   5.6691316e-02   2.0624052e-01  -2.0178195e-01   2.1174493e-01   4.0790320e-03   3.6597542e-01   2.1928507e-01   2.9179236e-01   2.0927406e-01   1.1361234e-01   3.1069053e-01   1.8539774e-01  -2.4822123e-01   1.8809540e-01   4.4038332e-02   3.0643194e-01  -1.1580126e-01  -9.6690019e-03   9.5630359e-03   1.0671416e-01   4.5974527e-01   6.6980400e-02   1.5736211e-01   3.1589860e-01
  -1.9745587e-01  -3.4037158e-01  -4.4994804e-01  -3.2203900e-02  -8.1311377e-02   1.4344599e-01   0.0000000e+00  -1.6360817e-01  -2.6408467e-01   5.8586445e-01  -1.1342446e-01  -1.4880310e-01   1.7625077e-01  -3.6799063e-01  -1.0451017e-01   4.3891078e-01  -4.5983725e-01   3.8611092e-01  -2.4612597e-01   6.4966713e-02   2.2858352e-01  -3.4238349e-01   1.9691489e-01  -1.4047482e-01   1.4493432e-02  -3.6080749e-01   4.4640344e-01   9.9137543e-03  -2.6505977e-02   1.4881655e-01  -2.3281487e-01  -4.5082027e-01  -3.5804515e-02   8.3263936e-01   2.7839065e-02   5.1319128e-01   4.3498486e-01  -1.4684718e-01   3.8220332e-01   1.6980380e-01   1.1894506e-01   5.9175954e-02   1.8368376e-01  -3.6956028e-01   4.6545786e-01  -2.2390665e-01   1.5636817e-01   6.8719597e-01   5.4692799e-02  -2.8333887e-01   2.9921023e-01  -3.1834159e-01   3.2000991e-01  -9.6062996e-02  -1.5569931e-01  -1.7822045e-01  -3.8107200e-01  -4.1246885e-01  -5.8869920e-02  -2.3952074e-02  -3.1405857e-01   9.2247342e-02  -5.6748485e-01  -3.6247890e-02  -6.9386677e-02   4.6087297e-01  -1.3925194e-01  -4.8674418e-02  -3.8597345e-01   1.9389152e-01   1.2920719e-02   1.2338263e-02   1.8443618e-01  -1.4360501e-01  -1.6896036e-01  -3.3285139e-01  -1.9912554e-01  -3.5882590e-01  -5.0179633e-01   1.0506033e-01   3.3591610e-01   3.1632675e-01  -2.3912439e-01  -2.0652588e-01  -2.4828241e-01  -3.2381923e-01  -8.0118866e-02  -1.3096625e-01  -8.4941974e-02  -9.2628611e-02  -2.7258109e-01  -4.0384477e-01  -1.0517069e-02  -1.8879520e-01  -2.6934188e-01  -3.4583853e-01   1.4549973e-02  -4.1143161e-01   1.7965587e-01   5.3321023e-01  -1.5499831e-01   6.6395010e-02  -1.2613636e-01  -4.2240924e-01  -3.6700761e-01  -4.4190679e-01  -8.0709301e-02  -4.5168861e-01   2.6579515e-01   5.1329417e-01   5.3918843e-01   3.1105679e-02  -2.5965551e-01  -9.7824354e-02  -2.0780581e-01  -1.7466820e-01  -4.6276971e-01   1.9961731e-01   8.8842065e-02  -1.4539071e-01  -2.6461043e-01  -2.8928192e-01  -2.5037340e-01   2.1470329e-02  -1.6664263e-01  -4.1475002e-01   4.0944930e-01   1.1173690e-01  -4.9568396e-01   3.5414832e-01   2.7184768e-01   5.5543699e-01  -4.1743004e-01   3.1701928e-01  -4.0486234e-01  -2.5004499e-01  -1.0767060e-02   5.9013822e-02  -3.5743336e-01  -3.5259261e-01  -3.5021220e-01  -1.4269411e-01  -1.3834549e-01  -1.4741924e-02   1.6732424e-01  -3.6059728e-01   2.5101732e-01   4.5531272e-01   5.7776352e-01   3.7903631e-01  -2.3979736e-01  -7.1490471e-02  -1.2444918e-01  -1.5936599e-01  -1.6466985e-01  -2.9554265e-01  -3.7648998e-01  -1.0786743e-01  -3.9556969e-01   5.5030019e-01  -1.3694740e-01  -1.2808006e-01   5.8849634e-01  -1.7535434e-01  -4.8379285e-01  -3.8529788e-02   2.8220883e-01  -3.7828155e-02  -9.6440270e-02  -2.1537536e-01  -2.5024688e-01  -3.5597612e-02   1.9180406e-01  -1.2428570e-01  -1.2870057e-01   3.9772509e-02  -3.6304612e-01
   2.9960470e-01   1.4464034e-01   1.2412846e-01   2.6626822e-02  -3.3634741e-01   2.1131829e-01  -1.6360817e-01   0.0000000e+00   3.7389590e-01  -3.3027663e-01   3.2854284e-01   6.0759903e-02  -4.6074632e-01   1.0455432e-01   2.2429424e-01  -3.1647429e-01   2.3971430e-01  -8.0025656e-02   5.1773300e-01  -3.4162440e-01  -1.1201296e-01   3.7555840e-01   5.7070724e-02   3.1118343e-01  -2.0386983e-02   6.7164962e-01  -4.1057942e-01   2.5759683e-01   3.6364362e-02   1.3696184e-01   2.6219894e-01   4.5888045e-01  -8.9964741e-02  -2.8046574e-01  -2.0391403e-02  -3.6299594e-01  -4.8048691e-02  -2.1326610e-04  -2.5659745e-01  -2.9863330e-01  -3.2434164e-01  -1.1536726e-01  -2.3091536e-02   6.6561648e-01  -2.2852632e-01   2.9610344e-01  -8.8846295e-02  -1.5467234e-01  -1.5293460e-01  -4.7862584e-02  -4.5776741e-02   8.4342175e-01  -6.8427842e-02  -1.3280119e-01   1.8539949e-01   4.5934108e-01   5.2652510e-01   4.8764750e-01   3.8798859e-02   1.2399759e-01   1.5694642e-01  -1.5612546e-01   4.5750747e-02   4.3348513e-01  -7.5606462e-02  -1.0396283e-01   3.1972092e-01   1.6102220e-01   4.4246772e-01  -1.0559918e-01   6.7082245e-02   1.8295880e-01  -2.6842624e-01   7.8558855e-02  -1.1652367e-02   5.4511215e-01   2.2363269e-01   3.4111053e-01  -1.5777697e-01  -2.0189977e-01   3.1168506e-01  -7.4700271e-02   7.7394627e-03   7.8064452e-01  -1.2880714e-01   5.2406897e-01   9.6189401e-03   1.8660749e-01  -2.0323262e-01   1.3940528e-02  -1.6276549e-01   4.2551927e-01  -1.2380568e-02   1.4180730e-01   1.9903991e-01  -1.4619777e-01  -2.0210829e-01   6.7803784e-01  -2.3237804e-02  -3.0408088e-01   7.9387363e-02   4.0905154e-01   4.0800922e-01   3.2482079e-01   3.9737653e-01   5.4303242e-01  -2.3867432e-01   6.4346235e-01  -1.2467191e-01  -2.3821410e-01   6.2821157e-02   2.8655986e-01   1.7418288e-01  -4.9228826e-03   1.5682272e-01  -9.5004464e-02   4.8937690e-01  -3.2470904e-01   2.0320750e-02   3.5236728e-01   2.7052973e-01  -2.1551176e-01  -1.4117564e-01   6.0683072e-02   2.0033377e-01   3.8240930e-01  -2.8585217e-01  -2.9696612e-01   5.3909399e-01  -2.5584921e-01  -1.1929330e-01  -3.4669019e-01   5.1773477e-01  -1.2837595e-01   3.0897579e-01   6.6364892e-01  -2.8326511e-01   2.0626124e-01   7.0414065e-01   3.3900805e-01   4.6305000e-01   2.6125991e-02   4.2986134e-01   4.5525426e-02   1.3445219e-02   4.2201340e-01  -8.2232057e-02  -1.4698657e-01  -1.4760210e-01  -1.3266499e-01  -3.1374107e-02   5.0762679e-01   3.0261495e-01   5.6270171e-02  -9.4635276e-02   2.9072706e-01   5.0754910e-01  -8.0932387e-02   3.5906519e-01   3.0152434e-01   7.7412467e-02   6.0285572e-01  -1.5866985e-01   2.2470798e-01   4.7569119e-01  -3.6977291e-01  -1.5386404e-01   2.4380250e-01   1.5169884e-01  -1.3437723e-01  -2.6336559e-01  -2.6727949e-01  -1.0602597e-02   2.3026187e-01   1.1878037e-02  -2.8997307e-02   4.4233190e-01
   3.2697454e-01   5.3926633e-01   1.8305673e-01  -1.1791311e-01  -1.8833492e-01  -1.8082189e-01  -2.6408467e-01   3.7389590e-01   0.0000000e+00  -4.1832364e-01   1.3655291e-01   1.4444208e-02  -3.6566146e-01   1.2510281e-01   1.9539789e-01  -4.5833122e-01   3.1648351e-01  -9.9279612e-02   4.5410619e-01  -3.5925887e-01  -1.9332738e-01   1.0359484e-01  -3.9043488e-02   1.8851268e-01   1.3642089e-01   3.6471843e-01  -4.4324399e-01   1.9165138e-01   2.7245200e-01   9.0275794e-02   1.6160924e-01   3.3230700e-01  -1.9125819e-01  -2.7003951e-01  -1.4137235e-01  -5.0107406e-01  -2.4050063e-01  -6.7176568e-02  -3.7260091e-01  -3.9425356e-01  -3.2155934e-01  -2.0651479e-01   8.4480225e-02   3.2191639e-01  -1.7525900e-01   2.3038108e-01  -3.7784344e-01  -6.6344279e-02  -1.3260293e-02   1.0953517e-01  -1.4307333e-01   3.7842336e-01   2.2414010e-01  -6.3674696e-02   1.8772623e-01   2.9690567e-01   4.2406757e-01   3.3223056e-01  -1.3768520e-01   1.1060792e-01  -2.6014608e-02  -1.3038176e-01   3.9253496e-01   3.5582558e-01   4.0293324e-01  -2.1069578e-01  -5.3740094e-02   3.2213923e-01   1.7758025e-01  -3.1236245e-01   1.8831126e-01   6.5148485e-02  -2.4966091e-01  -1.0987567e-01   2.8063192e-02   4.4700402e-01   2.1790553e-01   1.9348095e-01   1.2302564e-01  -2.2934000e-01  -9.9813953e-02  -2.9026199e-01  -1.0570248e-01   4.6039408e-01  -1.7368713e-01   4.5368255e-01  -5.6729324e-02   1.4671004e-01   2.0191397e-01  -1.6510367e-01   1.4345686e-01   2.2094885e-01  -1.1907985e-01   4.0029692e-01   1.2256693e-01  -4.0651211e-03  -6.4442199e-02   5.1628556e-01   2.8456767e-02  -4.2966325e-01  -1.4766612e-01   5.5687419e-02   2.0172260e-01   4.8578637e-01   1.4203941e-01   3.9604814e-01  -2.4143239e-01   3.8098008e-01  -2.5277845e-01  -3.4471818e-01  -1.7966687e-01  -2.7738870e-02   2.2835052e-01  -9.9449042e-02   1.6589815e-02   2.4212938e-01   2.5913040e-01  -3.7295157e-01  -1.9123708e-01   2.3492790e-01   1.2116804e-01   4.3865055e-02   2.3856635e-01   2.0865477e-01   7.0971992e-02   3.7750335e-01  -3.1964310e-01  -7.0652810e-02   4.6344053e-01  -3.5255911e-01  -1.7617213e-01  -3.3468476e-01   6.0226133e-01   1.9358514e-02   5.1245658e-01   4.5411051e-01  -1.0202110e-01   3.0590511e-03   4.6366319e-01   2.1796388e-01   4.1998847e-01  -3.2485019e-02  -5.5375753e-02  -2.1866402e-01  -3.8536829e-02   2.7768926e-01  -2.0687514e-01  -2.1084229e-01  -2.9240055e-01  -1.8848932e-01  -2.5869670e-02   1.9069188e-01   1.8214991e-01   3.5586524e-01  -8.6076515e-02   1.9510490e-01   3.0086889e-01  -1.0386622e-01   2.5254762e-01  -3.3250139e-03   2.6674468e-01   2.9025380e-01  -3.6762312e-01  -3.7741817e-02   2.9944766e-01  -7.1093392e-02  -1.6854654e-01   9.4469984e-03   1.2748530e-03  -9.1593501e-02   5.1170712e-02  -1.4025540e-01   1.5728125e-01  -9.7960783e-02   1.4614282e-01   3.2426246e-03   2.7518992e-01
  -3.9769645e-01  -4.4369831e-01  -2.1804904e-01   1.1402298e-01   1.7736308e-01   1.1235541e-01   5.8586445e-01  -3.3027663e-01  -4.1832364e-01   0.0000000e+00  -1.7376721e-01  -1.3819342e-01   4.3364821e-01  -4.0987963e-01  -2.5341931e-01   3.9439081e-01  -3.4616734e-01   3.8020507e-01  -3.9075414e-01   3.8163443e-01   2.2673321e-01  -2.3841460e-01   1.4647736e-01  -3.7660564e-01   3.3519025e-02  -4.6237100e-01   4.2789153e-01  -1.1937369e-01   1.4696511e-02   1.0695877e-02  -3.2419831e-01  -3.0202815e-01   2.2766661e-01   6.6589817e-01   4.3078800e-02   5.5818171e-01   4.7577744e-01   1.0064669e-01   3.8554296e-01   3.8138342e-01   3.0267470e-01   1.7870125e-01   8.2734357e-02  -4.6309831e-01   5.3147968e-01  -2.8768068e-01   2.6910436e-01   2.7410745e-01   2.4654629e-01  -2.2047799e-01   3.6834860e-01  -4.6118426e-01   8.1809424e-02   8.0934730e-02  -2.3873121e-01  -3.7836440e-01  -5.4037364e-01  -3.5851583e-01   1.7893168e-01   6.1903341e-02  -1.4864154e-02   3.6146881e-01  -3.5923648e-01  -1.9472146e-01  -6.8358291e-02   4.9244605e-01  -1.4137636e-01  -3.5792989e-02  -4.0972388e-01   1.8680408e-01  -1.2835364e-01   6.1794412e-02   2.2823880e-01  -2.0054324e-01   2.4285425e-02  -4.5003217e-01  -2.6783549e-01  -2.7042570e-01  -3.1144544e-01   3.6939552e-01   5.7612018e-02   2.9875567e-01  -2.2006706e-01  -5.1449539e-01  -2.4166928e-01  -4.4120608e-01  -3.8940717e-02  -2.1132136e-01  -7.3076283e-03  -1.9727394e-01  -1.0370787e-01  -2.5874138e-01   9.6656752e-02  -1.5877937e-01  -2.3030946e-01  -5.4976438e-02   2.2705909e-01  -5.0478391e-01   2.1642360e-01   6.1945780e-01  -1.4036276e-01  -5.7490156e-02  -3.2112230e-01  -2.8054356e-01  -1.7559260e-01  -3.6831376e-01   5.1844422e-02  -4.2542481e-01   4.4061119e-01   2.6904526e-01   3.0209600e-01  -1.9947555e-01  -1.0444911e-01  -1.5614006e-01  -2.3414368e-01  -3.0783939e-01  -4.8135518e-01   3.8451040e-01  -2.9689372e-02  -1.0012515e-01  -1.6104751e-01  -1.1964902e-01  -1.2753763e-01  -7.1557191e-03  -3.0963894e-01  -4.4274092e-01   4.4952836e-01   2.1014149e-01  -4.3407264e-01   3.7194812e-01   2.2899804e-01   3.9111718e-01  -4.8930369e-01   1.2121729e-01  -3.2273073e-01  -4.6601163e-01   2.5812424e-01  -1.8130245e-01  -4.9396777e-01  -4.3547198e-01  -3.7741047e-01  -6.2547487e-02  -1.0767566e-01  -7.7391219e-02   1.0284332e-01  -3.4642817e-01   1.1426782e-01   3.3618351e-01   4.4467601e-01   4.0035113e-01  -3.3312247e-01  -3.8283051e-01  -2.1604062e-01  -2.7011999e-01  -5.9689288e-02  -3.8567566e-01  -2.9123262e-01   1.6575983e-01  -1.9881398e-01   7.5397432e-02  -1.5131165e-02  -2.0920588e-01   7.0535973e-01   6.0357112e-02  -3.0994453e-01   1.2423772e-02   2.1332832e-01  -1.1165730e-01  -5.8790115e-02  -6.4574016e-03  -9.9702321e-02   1.8080573e-01   1.6641841e-01  -3.2259415e-01  -5.2385742e-02  -5.0097617e-02  -2.4771494e-01
   5.6333320e-02  -1.8857913e-01   7.3550449e-02   3.2587734e-01  -1.9149020e-01   1.5718097e-01  -1.1342446e-01   3.2854284e-01   1.3655291e-01  -1.7376721e-01   0.0000000e+00  -2.3315265e-01  -2.7287813e-02  -2.8395453e-02   4.2733798e-01  -9.9009893e-02   1.1259381e-01   4.4807175e-01   1.7369405e-01  -4.0989408e-02   2.0314660e-01   4.8976300e-01   3.7119067e-01   6.8155361e-02   8.3286589e-02   4.1725255e-01  -7.3609193e-02   2.7780397e-02   2.0747195e-02   4.4854997e-01   3.9923726e-01   5.7136466e-01   4.0106742e-02  -2.0485766e-01  -5.7624470e-02   1.1891693e-01  -6.4073083e-02   4.3991356e-02  -7.4240647e-02  -1.9124281e-01   5.1513713e-02  -7.9114834e-02  -3.3723824e-01   3.0504274e-01   9.2553085e-02   1.3401515e-01   5.0701461e-01  -1.7802877e-01   4.4561244e-02  -1.7999990e-01   4.6802436e-01   4.2221054e-01  -3.3934389e-01  -6.8548371e-02   1.4827258e-01   5.1353537e-01   3.1387226e-01   5.5651069e-01   4.8238604e-01   1.7044095e-01   2.0916744e-01   1.5561689e-02  -3.4805743e-02   4.5487410e-02  -4.3995189e-02   1.6343879e-01   3.1160098e-01   6.1964016e-02   6.0799175e-01   3.1403188e-02  -1.4478118e-01   3.5800397e-01  -2.3973973e-02   1.4635521e-01  -9.3054618e-02   4.7632684e-01   6.0677164e-02   1.0205913e-01  -1.1276336e-01   1.0067981e-01   2.1884890e-01   9.9419023e-02   4.9903435e-02   1.7504232e-01  -7.2024699e-02   4.2470420e-01  -9.4939960e-02   8.4992916e-02  -4.8033426e-03  -1.0158697e-01  -1.6208032e-01   2.3602679e-01  -2.6131713e-01   2.3662319e-01  -5.0432796e-02  -7.5410884e-02   4.0446177e-03   3.5572881e-01   1.2759727e-01   1.6323832e-02  -2.1910791e-02   4.5194507e-01   5.9027953e-01   1.4416174e-01   5.5202203e-01   5.3590098e-01  -9.2574623e-02   5.2573668e-01  -5.0439119e-02  -1.8024949e-01  -8.7502588e-02   5.7592228e-01   1.2681583e-01  -1.8709856e-01  -2.3168003e-02  -2.0383109e-01   2.8074699e-01   4.7330521e-02  -7.1915724e-02   3.2209735e-01   3.4400858e-02  -1.0142099e-01  -2.7958283e-01   1.8084139e-01  -2.0542186e-02   1.7489327e-01   1.5159209e-01  -1.3116756e-01   5.0138132e-01  -6.0555376e-02   1.1397881e-01  -1.0429321e-01   1.5170186e-01  -1.6043356e-03   5.8071084e-02   4.7842526e-01  -9.6461170e-02   1.8367934e-02   4.8657480e-01  -7.9126346e-03   7.4595572e-02   1.3860705e-01   5.4440348e-01   3.3324118e-02   3.4384068e-01   5.7547725e-01  -2.1870294e-01   3.7015484e-02   1.0243664e-01  -5.8643325e-02  -1.0554225e-01   3.5718291e-01   9.5712221e-02   2.9895276e-01  -2.7667339e-01  -6.3045614e-02   1.9782941e-01   3.0522532e-01   1.8252805e-01   3.8217961e-01   4.2712905e-02   5.9056136e-01   7.1250903e-03   5.5423367e-01   4.3258955e-01  -2.4302111e-01   3.5110339e-01   1.1584139e-01   1.0766600e-01  -2.6924666e-01  -7.1813876e-02  -1.0122936e-01   2.5362745e-01   1.9141276e-01  -6.8449902e-02  -1.4772434e-01   4.1940427e-01
  -2.6201034e-01   4.5232577e-01   4.9778796e-01  -1.5363577e-01  -8.4580810e-02   2.0566107e-01  -1.4880310e-01   6.0759903e-02   1.4444208e-02  -1.3819342e-01  -2.3315265e-01   0.0000000e+00  -1.5602568e-01  -1.4811021e-01   8.2674764e-02   7.5702291e-02   5.1712434e-01  -3.1854705e-01   5.2310747e-02  -1.2981781e-01  -1.9217355e-01  -9.4526519e-02  -3.1346652e-01  -1.3327096e-01  -1.9749864e-01  -2.1967995e-02  -2.4492279e-01  -1.1240891e-01   1.4052865e-01  -3.6732969e-01   2.2179916e-01  -1.6362158e-01   1.7621785e-01  -1.1775567e-01   4.2434858e-01  -3.8167271e-01  -2.6177099e-01  -1.4186134e-01   4.3253777e-02   3.0400852e-01  -1.1585323e-01   1.9965119e-01   6.8433231e-02   2.2173438e-01  -4.0353054e-01  -2.0547948e-01  -3.6009791e-01  -2.2248264e-02  -1.8636733e-01   6.2406549e-01  -3.9967585e-01  -4.6118644e-02   2.1133878e-01   1.9533212e-01   6.6944237e-02  -1.2411720e-01  -5.8412549e-02  -1.0855659e-01  -8.3434980e-02   2.7696704e-01   2.3794904e-01  -1.6379641e-01   2.1337347e-01   2.6385006e-01  -6.6938497e-02  -3.6234276e-01   1.4511014e-01  -4.0693395e-02  -2.4278638e-01  -1.1299140e-02   4.6493225e-01  -3.3465194e-01   3.2155927e-02  -1.8632608e-01  -4.0492627e-02  -6.3027415e-02   1.9132359e-01   1.2121315e-01   9.5880372e-02  -2.6130275e-01  -1.3408623e-01  -7.5374409e-02   4.6363326e-01   4.9860667e-02   2.2795345e-01  -1.1262694e-01   1.1096754e-01  -3.2563865e-01  -6.8180975e-02  -2.2331181e-01   1.2489101e-02   1.9381700e-01   7.5176590e-01  -2.5680806e-01   3.8937024e-02   2.6584561e-01  -2.9673615e-01   2.2084332e-02  -2.8295835e-01  -2.9242092e-01   2.0101072e-01  -2.2802551e-02  -1.6656709e-01   1.9361496e-01  -1.4993091e-01  -4.9208435e-02   2.8097599e-01  -5.3824226e-02  -2.6817981e-01   4.4332029e-02   3.4741831e-01  -2.6414980e-01  -4.7904234e-02  -2.0215196e-01  -1.5431125e-02   8.7397443e-02  -2.6404087e-02  -7.5550110e-02   1.3756841e-01  -7.1443287e-02   3.1906746e-02   1.0229780e-01   3.5785579e-01  -5.1043769e-02  -1.5128267e-01  -1.3847050e-01  -2.3247695e-01  -7.8357389e-02  -6.1529234e-02   1.8009177e-01  -4.3231224e-02  -2.8777967e-01  -5.4747959e-03   8.2150077e-02   1.5125979e-01   1.1751078e-02  -5.8128863e-02   1.8371662e-01  -3.6194869e-03  -6.2252334e-02  -4.5744524e-02   1.1525533e-01  -1.3801107e-03   2.1948383e-01  -2.4284236e-01  -7.2056776e-02   5.8363154e-01  -2.9264664e-01  -1.6574016e-01  -6.7363730e-02  -5.7695277e-02  -1.3145971e-03  -7.7381394e-02   9.2785440e-03   6.6381478e-01  -1.4141946e-01  -1.8330764e-02  -5.8907132e-02   2.5113342e-01  -3.1971465e-01  -1.2125874e-01   1.0518468e-01  -1.9050477e-01  -2.2654474e-01  -3.2190271e-02   1.3221093e-01  -1.8314335e-01   1.3613155e-01  -1.3518347e-01   6.1526414e-01   2.3931923e-01  -6.3340838e-02  -3.0348265e-01   1.0123480e-01  -1.3022592e-01   1.4880104e-01   4.6150011e-02
  -3.5325687e-01  -3.5079877e-01  -1.2183233e-01   2.0087847e-01   4.4975126e-01   7.7787095e-03   1.7625077e-01  -4.6074632e-01  -3.6566146e-01   4.3364821e-01  -2.7287813e-02  -1.5602568e-01   0.0000000e+00  -2.6026736e-01  -3.7405742e-01   5.4688138e-01  -2.2264004e-01   3.6826318e-01  -5.0088376e-01   6.3900676e-01   1.4841604e-01  -1.4723293e-01   7.6066040e-02  -4.3296123e-01   2.6998956e-01  -4.2767299e-01   5.0195853e-01  -3.5011972e-01  -9.8344642e-02  -1.5905664e-01  -3.9336942e-01  -6.0340395e-02   5.1115833e-01   3.0182886e-01  -3.9995387e-02   6.6650948e-01   2.9953592e-01  -4.2620966e-02   5.4867548e-01   3.9852751e-01   8.2725957e-01   4.9593577e-01   3.1750623e-02  -4.1167409e-01   4.1819907e-01  -4.5055813e-01   5.0589946e-01  -6.1811883e-02   4.3418690e-01  -7.4145967e-02   3.7761695e-01  -4.7749336e-01  -1.0325720e-01   3.0382598e-01  -1.3612309e-01  -3.3831677e-01  -4.5641984e-01  -2.8298238e-01   4.2898288e-01  -1.6348109e-01   7.3830596e-02   5.3301517e-01  -1.6291562e-01  -4.6783707e-01  -7.0917789e-02   2.3621306e-01  -1.3209598e-01   1.5536228e-01  -4.8835949e-02  -3.6448037e-02  -2.7014822e-01   5.9779369e-02   6.0405603e-01  -1.8578300e-01   3.0846722e-01  -4.1018323e-01  -2.6746368e-01  -2.3308609e-01  -1.0419768e-02   6.1032965e-01  -2.4154282e-01   4.7614208e-01  -1.0237064e-01  -5.6018216e-01  -1.9360861e-01  -4.7250077e-01  -3.0219847e-01  -1.7141382e-01   2.3504202e-01  -2.7268139e-01   1.6291985e-01  -1.8456713e-01   1.5461699e-01  -1.0488708e-01  -3.3101078e-01   2.8098992e-01   5.3199563e-01  -5.3092191e-01   4.4325162e-01   3.8529953e-01  -2.0760030e-01  -2.7954494e-01  -2.9117920e-01  -2.9867155e-01  -1.6707161e-01  -1.8699516e-01   2.0591755e-01  -3.4442839e-01   4.2968101e-01   3.6122960e-01  -4.9485871e-02  -2.0952396e-01   1.8605363e-01  -2.3574803e-01  -2.9139958e-01  -1.4767948e-01  -4.1488211e-01   7.6699814e-01  -9.6763567e-02   3.6949361e-03  -3.5771977e-01   1.8596534e-01   8.1509646e-02  -2.8325033e-01  -4.2231352e-01  -3.8487519e-01   2.2678256e-01   4.6561701e-01  -3.6169251e-01   2.0565780e-01   3.9568281e-01   2.4598323e-01  -4.7821501e-01  -1.0146377e-01  -3.0168525e-01  -5.4099048e-01   5.7047535e-01  -3.6038173e-01  -5.3303829e-01  -4.3059155e-01  -3.7989671e-01  -1.4222561e-02   1.8793556e-02  -1.2523341e-01  -9.7765609e-02  -2.6604269e-01  -9.2694719e-02   2.9400516e-01   2.8059078e-01   1.5673107e-01  -3.2571294e-01  -4.8389042e-01  -1.8722025e-01  -1.7662221e-01   1.2905805e-02  -5.3867848e-01  -4.7969281e-01   5.6109408e-01  -6.6293949e-02  -2.8326723e-01   8.6510564e-02  -3.2508283e-01   3.8726469e-01   1.2481968e-01  -1.4445160e-01   1.2530638e-01   1.9951651e-01  -2.6727187e-01  -5.1346521e-02   1.2755997e-01   2.4472135e-01   6.2975181e-02   1.2418389e-01  -3.0882723e-01   1.1732770e-01   1.3665206e-01  -1.5872479e-01
   6.4527410e-01  -3.7873021e-02   1.5071671e-02   1.6113195e-01  -1.3932688e-01   3.3882741e-02  -3.6799063e-01   1.0455432e-01   1.2510281e-01  -4.0987963e-01  -2.8395453e-02  -1.4811021e-01  -2.6026736e-01   0.0000000e+00  -1.2120964e-02  -2.9636506e-01   1.3030920e-01  -9.4116550e-02   2.3313840e-01  -2.0520572e-01   4.8062405e-02   2.1891685e-01  -4.7517268e-02   5.0836507e-01  -5.9902073e-02   4.3860288e-01  -3.3548128e-01   3.1148370e-01  -8.8542663e-02  -2.2036725e-02   3.1120300e-02   2.4788359e-01  -7.6104103e-02  -3.5076709e-01  -1.5484645e-01  -2.5754806e-01  -1.4769726e-01   1.7392762e-01  -3.6054786e-01  -3.5822963e-01  -2.3022406e-01  -1.9398446e-01  -1.3418908e-01   9.2854970e-02  -1.9126268e-01   3.2172919e-01  -1.1132764e-01  -2.7788006e-01  -1.2573519e-01  -2.0577871e-01  -4.4121321e-02   3.4311515e-01  -2.4270292e-01   1.0223613e-01   4.6086804e-01   3.1054103e-01   4.6016878e-01   1.7893156e-01  -2.1462835e-01   4.7431155e-02  -5.1513324e-02  -8.6279578e-02   1.2055352e-01  -2.7658012e-01  -2.1155965e-01  -1.9417689e-01   1.3517495e-01  -1.2752963e-01   2.8570968e-01  -4.2667214e-02  -1.4256296e-01   6.8696710e-02  -3.4542288e-01   5.0711446e-01   7.5722299e-02   2.5661296e-01   2.7764370e-01   2.7832570e-03   3.0022136e-02  -3.9902817e-02   7.1347260e-02  -2.3917724e-01   1.0774505e-01   2.9482431e-01   3.8774506e-01   2.4384635e-01   1.8023218e-01   5.9769898e-01  -2.5892738e-01   4.3858960e-01  -3.7200001e-02   2.1728605e-01  -2.3549345e-01   1.5580006e-01   3.7140115e-01  -1.4608808e-01   2.4396480e-02   3.0281657e-01  -6.9558426e-02  -2.0777348e-01   3.8072778e-01  -2.3219061e-01   2.8862445e-01   6.7700959e-02   1.8001721e-01   2.3469288e-01  -1.7758372e-02   2.4716416e-01  -2.5117639e-01  -2.4475335e-01  -2.9760116e-01   2.6133334e-01   2.2647279e-02   4.6589836e-01   5.4416217e-01  -1.8806822e-02   3.7819553e-01  -3.2414595e-01   2.8556104e-01   1.6995012e-02   3.3300241e-01  -2.8910088e-02  -1.1456661e-01  -7.9839654e-02   4.4056145e-01   6.6947198e-01  -2.0763805e-01  -2.2328358e-01   3.4684549e-01  -2.9793751e-01  -4.1417912e-01  -2.2576458e-01   4.7719548e-01  -1.7387991e-01   1.3380336e-01   1.7323312e-01  -1.2276998e-01   1.1331818e-01   2.5276185e-01   5.6620911e-01   6.2083228e-01  -1.4882282e-01  -1.6398212e-01   3.4609335e-01   2.0805113e-02   1.7658233e-01  -1.4245047e-01  -2.7870127e-02  -1.2791040e-01  -4.0772190e-01   4.8207092e-01   3.8242747e-01   3.4284693e-01   9.9374346e-02  -8.3477209e-02   5.0788632e-01   5.0698805e-01  -1.2701214e-01   9.5234403e-02   5.5854442e-02  -7.2729238e-02  -9.8421514e-02  -2.8423299e-01   6.3791811e-02   1.8122484e-01  -2.3836116e-01   1.2748631e-02   1.4863329e-01   2.9236304e-01  -2.1613144e-01  -1.8511292e-01  -5.7267806e-02  -1.0718426e-01   3.6828365e-01   1.0575004e-01  -1.0448456e-02   1.1275106e-01
