   0.0000000e+00  -1.8842083e-01   1.0382649e-01   2.6586489e-02  -1.9770169e-01  -4.8084960e-02  -7.8909426e-02  -1.2212465e-01  -2.7060031e-02  -1.7058538e-01   4.0216393e-02  -1.0920931e-01  -2.5570082e-02   4.9302392e-01  -4.2085492e-01  -1.8778012e-01   1.7142724e-01  -8.0966262e-02   1.0732586e-02  -2.1601039e-01  -2.9440219e-01   1.0281905e-01  -3.2082684e-01   6.6038014e-01   1.8070585e-01  -1.9516270e-02   1.2175868e-01  -8.5116993e-02  -2.0012752e-03  -2.7640102e-02  -3.7562096e-01  -6.6903586e-02  -1.0617868e-01  -2.6801676e-01   2.7983601e-02  -1.2132241e-01  -6.3329950e-02   2.1268489e-01  -1.3483671e-01   1.4918934e-01  -4.6710194e-02  -6.5371760e-02   9.8532698e-02  -1.7092812e-01  -2.0952320e-01   5.0917407e-01  -2.1308232e-01  -9.8902174e-02   5.6950282e-02   5.6816816e-02  -8.6223759e-02  -6.9200103e-02  -2.1741643e-01   3.0893408e-01   9.8096581e-02  -2.0797961e-01  -1.3851665e-01   1.0372617e-01  -1.6900655e-01  -1.3388330e-01   4.0314059e-01  -1.2879270e-01   1.9043604e-01  -3.1497317e-01  -2.8995309e-01  -1.5351185e-01   6.6816143e-02   3.2893143e-01   1.2759996e-02   8.9099942e-02  -4.7448388e-02  -1.1090766e-02  -2.6411932e-01   4.3008400e-01   1.1902544e-01  -1.6611465e-01   3.6118838e-01   9.3689296e-02  -1.6229161e-01   1.2101542e-01  -2.1000667e-01   3.3100797e-02  -2.4656576e-01  -1.4608434e-01   4.0872522e-01  -1.3766192e-01  -2.7713574e-02   3.6752964e-01   3.7908563e-02   6.0508123e-01  -2.5196991e-01   3.0110247e-01  -1.3591041e-01  -8.5742387e-02   3.0139831e-01  -7.7856956e-02   1.4480206e-01   1.1932723e-01  -4.7402889e-02  -2.5977109e-01   1.5096558e-01  -1.6798043e-01  -2.3621793e-01  -3.4342134e-01   1.5957209e-02   9.8610060e-02   2.0657841e-01   1.6471343e-01  -1.4597271e-01  -1.1636819e-01  -2.1895253e-01  -1.0610672e-01   1.7077000e-01   6.4591355e-01   1.9025506e-01  -4.6814498e-02  -6.1805335e-02  -1.8057141e-01  -1.4563236e-01  -6.6355679e-02   6.2240507e-01  -2.0111725e-01  -1.5290461e-01  -1.8492614e-01   4.4673915e-01   3.1220895e-01  -3.7073563e-01   8.3701422e-02   3.5387766e-02   6.5516343e-02  -2.7276871e-01  -1.8026818e-01   2.6851547e-01  -2.8528081e-01  -2.5555469e-02  -1.1187174e-01   1.7738115e-01  -2.0248486e-01  -1.7770125e-01   4.9964228e-01   5.4753364e-01  -1.4591751e-01   3.3467826e-02  -1.9852030e-01  -4.4947530e-01  -2.3186038e-01   4.1573973e-02  -1.8110932e-01  -1.8389676e-01  -1.9121453e-01   4.1862711e-01  -2.8882624e-01   4.2189710e-01   3.8421777e-02   1.6159044e-01   5.4497620e-01   4.6623468e-01  -1.4910091e-01   3.7599790e-01  -2.8782450e-01  -3.3833301e-01   1.3492908e-01  -2.0247320e-01   1.3035273e-01   1.8214585e-01  -1.1460023e-01   6.8225661e-02   2.4134015e-01   4.5096980e-01  -1.1005663e-01  -1.1349125e-01   2.2281966e-01   6.4516711e-02  -2.0801688e-01  -2.3721177e-02  -2.1264726e-01  -1.4951079e-02
  -1.8842083e-01   0.0000000e+00   4.2325873e-02   3.6589974e-02  -1.9016296e-01  -2.8826128e-01  -3.6597415e-01   3.6714198e-02   2.9858023e-01  -1.4352793e-01  -2.4864251e-01   4.5697467e-01  -1.0094328e-01  -1.8725508e-01  -2.7633062e-01  -7.4499773e-02   1.3944625e-01  -2.3065760e-01   1.3444741e-01  -1.6619853e-01  -1.7115616e-01  -2.9872389e-02  -2.9745424e-01  -1.2200283e-01   1.3749422e-01  -7.3027037e-02  -8.4518986e-02  -1.6180331e-01   8.0290674e-02   8.9568455e-02  -8.8279872e-02  -8.4463105e-02   1.4056848e-01  -5.5062669e-02   3.1169253e-01  -2.0604419e-01  -6.9927234e-02   2.5603270e-01  -4.8180832e-02   1.9495377e-01   3.3327483e-02   1.3712520e-01   2.8274020e-01   3.6617339e-02   2.3748223e-01  -1.8835447e-01  -3.5326743e-01   4.9128639e-02  -6.3885455e-02   2.8825592e-01  -2.7913575e-01  -5.2601867e-02   4.1165826e-01   1.4742817e-01  -4.5251466e-02  -1.3141695e-01  -1.0766152e-01  -6.9399546e-02   1.3340684e-01   3.3662292e-01   5.3443860e-02  -3.0330872e-02   4.3665572e-01   2.0685458e-01   2.1408455e-01  -2.9689528e-01  -2.3694140e-01   8.4901018e-02  -2.1211976e-01  -3.8960265e-01   6.2029273e-01  -1.0789198e-01   3.0054862e-01  -1.9537998e-01   1.0106669e-01  -1.1431663e-01   4.2104912e-02  -1.6995063e-01   4.5729736e-02   1.7906678e-01  -1.6872200e-01   2.6375576e-01  -7.6885294e-02  -1.7585478e-02  -2.4208726e-01  -1.5823114e-01   4.3365726e-01  -1.9541009e-01   4.5762580e-01  -1.8935915e-01   1.1327468e-01   1.9961368e-01   1.4717461e-01   2.6966304e-01   2.0665385e-01  -9.4950965e-04  -2.6637634e-02   1.4082981e-01  -1.4253708e-01   4.8625869e-02  -4.0900856e-01   6.3461316e-02  -1.5912419e-01   3.0873313e-01  -2.7000049e-01   7.6746632e-02   2.2408913e-01   3.7521814e-02  -1.8529739e-01  -3.0650397e-01  -1.1716931e-01  -1.3022270e-01  -6.8270966e-02   8.2493403e-04  -2.5679249e-01   3.8623666e-01   1.7290953e-02   1.3592646e-01  -3.1224790e-01  -7.1486451e-02  -1.9821164e-01  -2.4341935e-02   2.9326583e-01   2.3249768e-01  -1.0067931e-01   1.5306940e-02  -4.8814484e-02   8.3279655e-02  -2.4346046e-02  -3.3157444e-01   8.1313450e-02   5.4696803e-03  -9.7105961e-02   2.7340998e-01   2.4712024e-01  -1.3206504e-02   3.1161122e-01  -2.3902648e-01  -8.2906443e-02   8.5581724e-02  -4.7452472e-02  -9.3801122e-02  -1.4822198e-01  -2.6404789e-01   9.4271009e-02   6.1702750e-02   1.9029152e-01  -2.0561495e-02  -3.3970875e-01  -8.0397566e-02  -2.0061478e-01  -2.0155322e-01  -1.2853556e-01   1.0550241e-01   2.1734035e-01   1.8630069e-01  -8.7737979e-02   1.2659227e-01   5.9848579e-03  -1.9280565e-01   2.2225965e-01  -8.8801446e-02  -1.4911790e-01  -6.4003800e-02   1.2867159e-02   2.4508504e-01  -8.2009795e-02  -1.4646069e-01  -1.2718953e-01   4.0593830e-01   2.4473841e-01  -6.3467025e-03   3.0279307e-02  -3.7746151e-01   2.6727572e-01   7.0152876e-02   1.8164655e-02
   1.0382649e-01   4.2325873e-02   0.0000000e+00  -4.6116212e-01  -9.0719137e-02   9.3525275e-02   5.9489267e-02  -8.3597303e-02  -1.3301377e-02   6.7055617e-02  -3.7905404e-01   5.3440237e-01   1.7116348e-01  -1.6119627e-01  -3.4475308e-01  -9.4135052e-02   8.7040626e-01  -4.4952901e-01   3.6007688e-02  -2.3830940e-02  -4.3544305e-01  -2.9370940e-01  -2.9411372e-01   8.1955030e-02   3.3805594e-02  -4.1686146e-02   2.2638838e-01  -3.5759407e-03   3.1091831e-02  -3.3373665e-01  -2.8590607e-01  -1.8721317e-01  -4.0409392e-02   3.9088264e-02   1.6873160e-01  -1.4108133e-01  -1.7368086e-01   1.5348593e-01  -2.0282396e-01   5.2088471e-01  -1.2775473e-02   1.9351182e-01   4.1817990e-01  -3.1281766e-01  -1.5779241e-01  -7.3470089e-02  -2.0921030e-01  -1.1559671e-01  -2.2937057e-01   5.0640909e-01  -2.8076688e-01  -2.7927440e-02  -7.1697655e-02   2.5213530e-01   8.0026663e-02  -1.5805760e-01  -1.6954290e-02  -2.1915879e-01  -2.9553519e-01   5.2909819e-02   1.1544148e-01  -2.0628782e-01   3.9221182e-01  -1.8998416e-01  -5.0924401e-01  -8.3433337e-02  -2.7324186e-03   2.6229341e-02  -3.1102307e-01   3.1939206e-01   3.2968857e-01  -3.9220977e-01  -1.0550748e-01   6.5220178e-02   2.2947857e-01  -7.1297525e-02   1.5413515e-01  -1.8834192e-01   3.0312619e-02   5.7087939e-02  -2.1431223e-01  -7.6191928e-02  -1.7444896e-01  -5.5994979e-02   2.3005483e-03  -2.6557093e-02  -1.4493233e-01  -8.6051366e-02   4.2167052e-01   1.1839293e-01  -1.1143325e-01   2.8745471e-01   2.5411745e-01   1.6115556e-01   1.7172480e-01   1.6716718e-01   7.4666414e-02  -4.2421049e-02   3.7834032e-02  -8.7725579e-02   8.9273635e-03  -4.2302608e-02  -5.4911516e-01   3.5050558e-02  -4.6034923e-01  -1.0789588e-01   1.7122829e-01  -1.5947420e-01  -1.6738390e-01  -2.5816801e-01   1.6745630e-01  -2.8518706e-01  -1.1350054e-01   1.0113642e-01   1.1426150e-01   6.8164068e-02  -1.9181436e-01  -4.1044074e-02  -7.6558413e-02  -3.6376607e-01   4.5269340e-02   5.9316372e-02   4.9946981e-01  -3.9285120e-01   9.1185474e-02  -3.7951674e-02  -3.7202657e-01   1.8251067e-01  -2.0734438e-01   2.8496540e-01   1.1731259e-01  -1.4901359e-01  -3.1457836e-01  -2.3253465e-01   2.4049391e-01   8.7940853e-02   2.6190111e-01  -1.5645750e-01   1.0671678e-01   7.0740201e-02   2.0071227e-02   6.4222913e-02  -2.6943541e-01   2.6120413e-01  -1.0382309e-01  -2.9236211e-01   6.4871440e-01  -1.8620399e-03  -3.5452977e-02  -1.5734456e-01   2.8353516e-01  -3.7801048e-01   5.3549755e-02   2.2864010e-02   7.9119683e-01   3.3638206e-02   3.3891189e-02  -1.5210186e-01   2.3362414e-01  -3.5867700e-01   5.5942444e-02  -2.2536058e-01  -2.2694251e-01  -4.2160550e-01  -1.5295451e-01   1.7178081e-01  -1.5868733e-01  -2.0179070e-02   2.5861252e-02   2.1175499e-02   1.7193319e-01  -5.4201637e-02  -2.2529496e-01  -5.4755403e-04   1.7553032e-01   2.4961763e-01  -2.0506688e-01
   2.6586489e-02   3.6589974e-02  -4.6116212e-01   0.0000000e+00  -1.4030383e-01   7.2108605e-02  -3.4454755e-02   7.4360009e-02   4.8848874e-03  -2.8564338e-01   3.8376300e-01  -3.7820531e-01   3.3158423e-02   2.8094578e-01   7.8621093e-02   2.8230070e-02  -3.5132667e-01   3.9966573e-01   2.2938295e-01  -1.2024167e-01   1.2554470e-01   5.0361830e-01  -3.0235797e-02   8.5400560e-02   2.5850082e-01   1.4082190e-01   1.2965331e-02  -6.1415345e-04   1.1351906e-01   3.0088238e-01   1.1216847e-01   3.4930033e-01   5.4246073e-02  -3.0531945e-01   4.3439897e-02  -1.0612485e-01   1.0629075e-01  -6.7438069e-02   1.0903384e-01  -1.1329712e-01   8.4599172e-02  -4.0530330e-02  -3.2859621e-01   1.3093268e-01  -4.3421664e-02   8.1816988e-02   9.8309419e-02  -7.7067991e-02   1.2643959e-01  -2.1738092e-01   2.4555780e-01  -4.7571399e-02  -1.0800901e-01  -7.2499191e-02  -4.6399562e-02  -1.0242643e-01   3.3467988e-01   4.7987319e-01   3.4286180e-01   6.7717951e-02   1.1777430e-01   1.0117088e-02  -6.9224929e-02   6.9650585e-02   2.2244839e-01  -2.0380572e-01   2.5933834e-01   1.0027612e-01   5.6314974e-01  -2.6534804e-01  -4.1982643e-02   4.7842001e-01   7.9706949e-02   1.3662531e-02  -1.0231266e-02   2.2335546e-01   1.0956641e-01   3.0525429e-01  -2.9993591e-01   4.0582555e-01   8.3066390e-02   8.4286334e-02  -4.5862919e-02   2.1766815e-01   6.0427664e-02   1.6956182e-01   1.3515101e-01   3.8428450e-02  -1.3292154e-01   1.6088339e-02  -1.6924274e-01  -4.0286144e-02  -3.1856747e-01  -1.3739684e-01  -1.4891382e-01  -1.4311267e-01   2.1247381e-01   2.9987968e-01   7.7381924e-02  -1.7074232e-01  -5.0720357e-02  -1.1467607e-01   3.4027806e-01   3.2136302e-02   5.0619948e-01   5.1936726e-01   6.0346552e-02   4.1617465e-01   5.3217511e-02  -8.1949179e-02  -2.9544928e-01   3.4172563e-01   3.8895211e-01   5.0816542e-02  -1.2770184e-01  -1.8512238e-01  -3.9548515e-02   1.9076157e-01  -1.8429524e-01   4.9670374e-01   1.1040890e-01  -2.3632632e-01  -2.3316256e-01   1.2100788e-01  -2.2911124e-02   2.0514301e-01   6.3280113e-02   1.5063397e-01   5.6396909e-01  -2.1407387e-01  -1.4309445e-01  -1.3202974e-01   4.3157272e-01  -2.6771039e-02   4.9722524e-02   1.0795469e-01   9.1508692e-02   1.0135467e-01  -3.5185869e-02  -5.1598609e-02  -4.0912171e-02   3.1063573e-02   2.0585254e-01  -3.3235150e-01  -1.8716075e-01   2.1410109e-01  -3.9360483e-01  -3.0919490e-01  -2.0032149e-01  -3.6781433e-02  -1.8004914e-01   1.6943908e-01   9.5734007e-03  -1.2116881e-02  -4.1104803e-01   1.6519386e-01   1.6680916e-01   1.4429640e-01   6.2805471e-02   5.3143487e-02  -5.3181606e-02   3.9440359e-01  -2.0498977e-01   5.8916593e-01   5.5674562e-01  -3.0746805e-01   5.5093670e-02   8.4661642e-02   1.3107501e-01  -1.4025631e-01  -2.9437126e-01  -8.2469085e-04   3.8665255e-01   9.2480566e-02   1.4934170e-02  -2.0967528e-01   5.8474422e-01
  -1.9770169e-01  -1.9016296e-01  -9.0719137e-02  -1.4030383e-01   0.0000000e+00  -2.3772288e-01  -4.9355901e-02  -1.3668292e-01  -1.1555619e-01   8.5741064e-01  -1.9840477e-01  -8.7044586e-02   5.4274971e-01  -3.6986702e-01   2.3956244e-01   9.4185213e-02  -1.2274461e-01   2.6052449e-01  -4.3245049e-01   9.2318197e-01   4.8366040e-01  -1.5406467e-01   6.2409343e-01  -1.3154670e-01  -1.1135148e-01  -2.5350492e-02   1.9953561e-02  -2.2973368e-01   1.3419455e-01  -4.4568747e-02  -2.9886623e-02   3.8853748e-01  -1.8474758e-01   3.4602172e-01  -1.7747204e-01   8.3830300e-01   5.2420752e-01  -1.6397811e-01  -8.6624553e-02  -2.7123204e-01   4.8231850e-01  -2.2272977e-01   1.3700401e-01  -2.7567311e-01   6.6165131e-01  -4.9724531e-02   4.7507781e-01  -9.7823463e-02   5.6960809e-01  -1.8922236e-01   6.0093032e-01   1.3657856e-02   1.4028969e-01   5.6182640e-02  -1.4193931e-01   9.0230302e-02  -4.6587587e-01  -1.1429186e-01   9.7628985e-02  -1.7646907e-01  -3.9589350e-01   6.8900718e-01  -1.1667955e-01  -2.2630140e-01   2.8589393e-01   8.6907912e-01  -3.0073700e-01  -1.5621443e-01  -4.2719074e-02  -7.2880756e-02  -3.1285872e-01   3.6567642e-01   4.3241392e-01  -1.7043451e-01  -1.8732079e-02  -1.2398081e-01  -3.5784134e-01  -3.1099128e-01   7.4431928e-01  -3.2227440e-01  -1.2124909e-01  -1.6194216e-01  -6.4158694e-02  -3.0978582e-01   6.2464309e-02   7.1442690e-02  -3.1359778e-01  -3.4946545e-02  -9.8936976e-02   3.4992853e-02   7.9824233e-01  -4.3087157e-01   3.7251067e-01   2.7572823e-01  -4.6033633e-01   7.1904948e-01   1.0075897e-01  -4.3951023e-01   4.7843107e-01   7.3663891e-01  -1.1196633e-01   4.6409356e-02  -1.6350635e-03  -2.1324452e-01   2.2817648e-01  -8.4880734e-02  -3.0409525e-01  -3.1084783e-01   7.4228106e-01   5.3384307e-01   1.8626236e-01   2.7054884e-02  -1.0152136e-01  -1.5573284e-01  -2.9340450e-01   4.0312362e-01   3.3522473e-01   6.2501637e-01  -1.3403186e-01   3.5942821e-01  -3.2707894e-01   8.7507880e-01   2.1599949e-01   3.6820890e-01   5.0582378e-02  -2.0011727e-01   6.4366053e-01  -3.7510819e-01  -2.6373826e-01  -1.2895108e-01   1.3536480e-01   3.0793375e-01  -1.6359374e-01   8.1014605e-02   1.4333579e-01  -2.1828194e-01  -1.7152126e-01  -2.4411012e-01   1.9893220e-02  -5.1879913e-01  -3.8474504e-01   5.0000888e-01  -3.2467386e-02  -1.3934337e-01   5.5861217e-01   1.8395955e-01  -2.0111447e-01   7.8638646e-01   6.6407061e-01   2.0658528e-01   2.5918395e-02  -1.4369175e-01  -1.0026088e-01  -1.9532821e-01  -2.0776273e-01  -3.1716850e-01  -4.6833511e-01   4.0432756e-01  -4.0889831e-01   1.8334133e-01   4.8516531e-01  -4.2505187e-01   8.0764178e-01  -1.5503112e-01  -5.2620337e-02   2.7150540e-01  -6.7263261e-02  -1.5701772e-01  -1.7100440e-01   1.2268134e-01   5.5860879e-01  -5.0827255e-01   4.7773259e-02  -3.3934274e-01   6.3216613e-02   2.5520162e-02  -2.3875557e-01
  -4.8084960e-02  -2.8826128e-01   9.3525275e-02   7.2108605e-02  -2.3772288e-01   0.0000000e+00   5.8778163e-01   8.7461467e-02   6.0223509e-02  -2.4581892e-01   2.3611124e-01   8.4695702e-02  -2.7217044e-01   8.9873117e-03   2.2944716e-01   4.6315607e-01  -1.3233582e-01  -2.0836718e-01   2.7436957e-01  -3.1659686e-01  -2.3466611e-01  -1.6188311e-01  -9.8097000e-02  -7.9087901e-02   1.2646821e-02   2.2532001e-01   5.2329601e-01   3.3208715e-01  -1.3104457e-01  -1.9486618e-01  -6.8051203e-02  -4.4422926e-01   2.9392239e-01   4.1145308e-01   1.3855979e-01  -1.5749413e-01  -4.0171160e-01  -2.9795674e-01   2.5478320e-01   4.2658455e-01  -4.5910101e-01   3.6670380e-01  -2.6513329e-02   2.5413163e-01  -4.5691719e-01  -3.2221495e-01   3.0635363e-03   2.3164208e-01  -1.6611681e-01   1.1666449e-01  -2.3818519e-01   1.3316682e-01   8.4062014e-02  -1.1861231e-01   6.0818590e-02   3.3756376e-01   5.8248522e-01  -1.2787399e-01  -3.4279763e-01  -3.0810968e-02  -1.0766591e-01  -3.2887654e-01   4.5043212e-02  -7.9884937e-02  -3.9590277e-01  -5.9808367e-02   7.2514801e-01   2.5221880e-01   2.1315189e-01   3.7258664e-01  -1.8442968e-01  -2.4495816e-01  -3.3181913e-01  -4.1174208e-02  -1.3648456e-01  -9.2017919e-02  -2.1799251e-01   4.1573752e-01  -1.6648235e-01  -3.8257037e-02   4.8413275e-01   8.0257428e-02   4.2355294e-01   4.2653870e-01  -2.0778409e-01  -1.9507403e-01   1.3013472e-02  -4.8779300e-02  -2.2140843e-01  -2.0596286e-01  -3.0972034e-01   2.8230993e-02   1.5361069e-01  -1.1869987e-01  -1.1859142e-01  -4.7776067e-01  -1.5426802e-01   3.4118404e-01  -2.8922620e-01  -3.5924276e-01   1.1133703e-01   1.0662997e-01   1.3483085e-01   2.8447196e-02  -2.6126263e-01  -3.1689906e-01   1.5794248e-01   3.1199438e-01  -3.0837031e-01   1.6735209e-01   5.2610571e-01   4.9594489e-02   1.8164549e-01  -2.2511897e-01   8.7360287e-02  -2.0133101e-01  -6.0271921e-04  -3.8011010e-01   3.6378143e-01  -3.1071333e-01  -5.9047147e-02  -3.7020196e-01  -2.3997857e-01  -3.4281743e-01  -2.9325660e-01   9.1734558e-02  -3.2310032e-01   2.5801031e-01  -2.0930740e-02   4.3687500e-01  -7.4292680e-03   4.1013688e-02   6.5489894e-02  -2.1624393e-01  -1.7719173e-01  -6.3991582e-02   8.6519518e-02   3.0581610e-01  -1.5513692e-02   1.2445011e-01  -5.0360790e-02  -3.3259725e-01   1.0882669e-01   4.4047464e-01  -1.0454314e-01  -4.9354842e-01   2.3565151e-01  -2.4276173e-01   1.4350983e-01  -2.0691880e-01  -2.0930806e-01   2.9997155e-01  -4.6980077e-04   2.0598278e-01   1.8268063e-01  -6.8355102e-02  -4.0185683e-02  -4.9546736e-01   1.1060813e-02   2.4731142e-01  -2.5776663e-01   1.8343046e-01  -2.3251677e-01  -1.8492516e-01  -1.7025745e-01   5.0701446e-02   3.9533479e-01   2.4226934e-02  -2.2271423e-01  -1.0252416e-01  -1.0093496e-01   5.0827784e-03  -1.4377085e-01   5.8195331e-01  -3.2065650e-01   3.4402143e-02   1.9680187e-02
  -7.8909426e-02  -3.6597415e-01   5.9489267e-02  -3.4454755e-02  -4.9355901e-02   5.8778163e-01   0.0000000e+00  -3.6909839e-04   4.3834570e-02   1.1592750e-01   1.9806975e-01   3.0923463e-02   4.0052630e-03  -1.1960421e-01   2.2201887e-01   2.3016930e-01  -7.0638635e-02   3.4685050e-02  -8.8033328e-02  -4.4170562e-02   4.2055561e-02   6.4104610e-02   2.4888058e-01   1.2999169e-02  -8.9180447e-02   8.0581983e-02   5.0983200e-01   1.2869239e-01  -1.7605949e-01  -1.7029379e-02   1.3383647e-01  -1.6474599e-01   8.5663077e-02   3.9615246e-01   1.5934476e-01   1.0681989e-01  -1.2028349e-01  -3.0208300e-01   1.1667129e-01   3.1258065e-01  -1.5520267e-01   1.3673852e-01  -9.2015139e-02  -5.5373984e-02  -2.1974570e-01  -1.9174471e-01   2.1684655e-01   5.9333112e-01  -1.3440683e-01  -5.8770041e-02   1.6819327e-01   5.7208806e-02   8.2229845e-02  -2.4504851e-01  -2.3929416e-01   1.9057340e-01   1.2921799e-01   4.3569515e-02  -2.5777581e-01   2.2469043e-02  -2.5973873e-01  -9.5631006e-02  -2.7121440e-01  -4.4695827e-02  -2.6217050e-01   2.0468698e-01   5.2062508e-01  -3.9126104e-02   4.2504330e-03   5.1641192e-01  -6.8138556e-02  -5.3230753e-02  -2.2526278e-01  -2.3666777e-01  -9.8803274e-02   7.7296207e-03  -1.7852167e-01   1.0374518e-01  -8.9975781e-02  -3.1794909e-01   3.4896273e-01  -1.5122526e-01   3.4965506e-01   1.7338974e-01  -2.3468373e-01  -1.2114303e-02  -2.1671421e-01   2.9858036e-02  -3.4195241e-01  -8.3128805e-02  -2.6486999e-01  -1.9564242e-01  -4.1761608e-03  -6.1232598e-03  -3.0919106e-01  -3.1524000e-01  -1.7466930e-01   2.6166943e-02  -9.5046853e-02   4.5407265e-02   2.8318748e-02  -1.2784311e-02   1.2173505e-01  -6.0535150e-02   2.3502698e-02  -2.0846950e-01  -2.3911871e-01  -5.2231448e-02   8.3868954e-03   2.9541882e-01   3.3632824e-01   1.6367187e-01  -2.0438379e-02  -1.9180858e-01  -4.1706507e-03  -2.6300456e-01  -5.7376328e-03  -2.2730455e-01   1.7492298e-01  -2.1292479e-01  -8.1688945e-02  -1.9989361e-01  -2.0703698e-01  -2.2139968e-01  -1.3262364e-01  -7.2841502e-02   1.1349283e-03  -3.0284304e-02   9.6033916e-02   5.6968825e-01   6.8534674e-02   2.5368065e-01  -1.0525537e-01  -1.8835314e-01  -4.4720739e-02   3.0739838e-02  -1.0201024e-01   2.9288614e-01   9.1292292e-02  -1.5101562e-01  -1.2179320e-01  -1.2850404e-01   1.0086330e-01   2.3795136e-01   1.2356721e-01  -1.1216953e-01   2.2009959e-01  -1.3658630e-01   2.5401045e-01   2.1345884e-01  -1.7920768e-01   2.9320758e-01  -4.5717074e-02  -1.0382487e-01   1.8188970e-01  -2.1079007e-01  -1.3040754e-01  -2.8469084e-01  -2.7693912e-01   2.5638476e-01  -8.2151401e-02  -4.1812442e-02   8.9323634e-02  -7.5971726e-02  -1.1152656e-01   1.5240703e-01   1.1078343e-01  -5.3471199e-02  -1.9982859e-01  -4.7209192e-02  -1.2276396e-01  -5.1719504e-02  -6.0081570e-02   3.5469120e-01  -1.7455390e-01   1.1761698e-01   9.2155895e-02
  -1.2212465e-01   3.6714198e-02  -8.3597303e-02   7.4360009e-02  -1.3668292e-01   8.7461467e-02  -3.6909839e-04   0.0000000e+00   3.8160157e-01  -1.6907314e-01   3.2538964e-01  -5.2750699e-02  -1.8902654e-01   4.0064091e-02   1.7899711e-01   1.6372632e-01  -8.8412650e-02  -1.4441846e-01   2.6826203e-01  -2.4247006e-01  -7.4986476e-02  -2.2091562e-01  -1.9122380e-01   2.6158971e-02  -1.9157098e-01   5.5625727e-01  -1.4019298e-01   3.9890160e-01   3.4442246e-02   1.3111874e-02   2.6525329e-01   1.5824420e-01   4.4168670e-01   1.1260244e-01  -1.4534152e-01  -2.1540658e-01  -2.1799548e-01   1.2311700e-01   2.7636935e-01   8.7893552e-02  -4.0232405e-02   4.2712467e-01  -2.9053802e-01   5.5447450e-01  -2.0039225e-01   8.9740198e-02   1.7675288e-01  -5.1333379e-02  -2.0132795e-01   1.9126561e-01  -2.2970688e-01   6.2002574e-01   3.2451167e-01  -3.0447613e-01   2.5902159e-01   1.2825276e-01   3.2631654e-01  -1.1109621e-01   2.5205313e-01   7.4016938e-03   1.9653705e-03  -3.4488474e-01   1.4857391e-01   5.8136395e-01  -3.0833180e-02  -1.6635309e-01   2.2419324e-01  -2.1348138e-01   8.0358799e-02  -2.6808677e-01  -6.6790116e-02  -1.8650716e-01   2.1451191e-01  -2.0953926e-01  -3.0538987e-01   2.3497477e-01   3.7893505e-01   2.6478852e-01   1.9078215e-02   8.5885774e-02   3.3839079e-01   4.0609195e-02   1.1259822e-01   7.0139936e-01  -7.5435245e-02   2.5448453e-01   3.3039504e-02  -1.6402862e-01   1.1389814e-01   5.6115438e-02   8.5696980e-02   2.8867606e-01  -1.6690450e-03  -1.4689135e-01   1.8216008e-02  -1.3746798e-01  -3.2226780e-01   1.8113257e-01  -4.3962108e-02  -2.4609595e-01  -8.9420029e-02   5.1118295e-01   2.0046502e-01   7.6187121e-02  -3.4953170e-03  -2.0170006e-01   8.7692153e-02   1.6171900e-01  -3.8088606e-01  -2.2939116e-02  -5.5180967e-02   1.6088568e-01  -3.2419110e-01  -1.4092571e-01   1.2259341e-01   2.1439912e-02  -2.4854525e-02  -9.2839570e-02  -9.0697801e-02  -3.1481992e-01   2.2273009e-01  -6.2965457e-02   1.4121123e-01   5.7964048e-02   2.2991665e-01  -1.9039029e-01  -2.0982054e-01   2.6252734e-02   1.3425348e-01  -2.6787722e-01   3.5490371e-01   7.4992934e-02  -1.4368395e-01   3.6181572e-01  -2.4569135e-01   5.5786702e-01   1.1265150e-02   5.0255899e-02   5.6293781e-01  -1.4779698e-01  -7.6977911e-02  -2.5413871e-01   2.0992496e-01  -1.5328458e-01   2.5806076e-02   1.6665644e-01  -1.5355783e-01   7.5484282e-02  -1.5930714e-01  -1.8659951e-01  -2.4884747e-02   3.0124609e-01   3.3104599e-01   4.6280871e-01   2.1172339e-02  -4.7426441e-02  -4.4801881e-02  -3.7059743e-02   7.7602927e-02   2.9316152e-01   6.4207242e-02   2.8839726e-01  -4.8099689e-02   1.4825878e-02  -1.5246758e-01   1.8655583e-02   6.6699229e-02   3.3688365e-01   2.4515538e-01   1.0579403e-01   2.0996215e-02   1.7075008e-01  -2.0642723e-01   2.7260987e-01  -2.0845713e-01   4.2023875e-01   1.2197942e-01
  -2.7060031e-02   2.9858023e-01  -1.3301377e-02   4.8848874e-03  -1.1555619e-01   6.0223509e-02   4.3834570e-02   3.8160157e-01   0.0000000e+00  -1.2062782e-01   2.4249586e-01   2.0254167e-01  -1.1469728e-01   1.5881696e-02  -2.6353871e-03   1.0991157e-01   3.2740959e-02  -1.1157351e-01   1.7908876e-01  -2.4743918e-01  -1.2300807e-01  -2.2867281e-01  -3.3643702e-01   2.6092533e-02  -1.2947338e-01   2.5645198e-01   2.1655191e-02  -3.2112524e-03   4.4455712e-03   2.9212134e-02   1.0094407e-01  -8.2860590e-02   3.7487306e-01   2.5195400e-01   3.9023972e-02  -6.5184220e-02  -1.7435755e-01   3.9072016e-02   6.5692124e-02   2.4804869e-01  -1.1307063e-01   3.3733781e-01   4.4703538e-03   2.8461084e-01  -3.9282500e-02  -8.1783903e-02   4.4600439e-02   1.4315379e-01  -4.9582648e-02   3.0356885e-01  -2.3151678e-01   2.8788670e-01   5.3683319e-01  -1.8471734e-01  -1.0658240e-01  -1.0977898e-01   7.7831567e-02  -1.7233614e-01   6.2745721e-02   3.9045793e-01  -6.2477372e-02  -2.7059539e-01   3.8689560e-01   5.7194093e-01   9.9404446e-02  -8.9920056e-02   1.0901710e-01   1.1098805e-01  -2.2798497e-02  -2.8492855e-01   5.2765467e-03  -9.6406622e-02   2.7653878e-01  -3.3834368e-01  -2.6807734e-01  -7.1909090e-02   2.2538265e-01   5.4350579e-02   2.2436421e-01   8.5330025e-02  -5.6038002e-02   2.1488185e-01  -1.7283512e-02   3.1351044e-01  -2.8603322e-01  -3.4311608e-02   2.9318572e-01  -1.2594030e-01   1.1165308e-01  -9.8986483e-02   1.1979902e-01   1.5195804e-01   5.5834750e-02   3.2576959e-01   6.8016849e-02  -1.5274533e-01  -3.2873263e-01   3.0803157e-01  -1.7978910e-01  -1.3363664e-01  -3.7844601e-01   5.4129479e-01  -1.6084744e-01   3.2205540e-01  -1.5395361e-01  -2.5570273e-01   5.6470274e-05   9.2753637e-02  -3.2438730e-01  -2.4445480e-02   3.2185521e-02  -1.4389606e-01  -2.1112518e-01  -3.9074526e-02  -2.9312106e-01   1.7627384e-01  -7.2932699e-02  -2.4709930e-02  -2.3196703e-01  -3.5691234e-01   8.6502846e-02   4.9314771e-02   6.2782989e-02   2.8552660e-01  -4.3200426e-02  -1.8754474e-01  -1.3673989e-01   1.2917705e-01   9.3041493e-02  -1.9750310e-01   3.7459793e-01   1.7179510e-01  -2.8408330e-01   5.1949231e-01  -7.4364142e-02   1.6766412e-01   5.7230565e-02  -1.6152316e-01   1.4171959e-01   4.6203220e-02   1.2033076e-02  -2.6580981e-01  -8.8418965e-02  -3.2094563e-01   5.1915071e-02  -1.0964699e-01  -8.5495412e-02   8.8244871e-02  -1.5566100e-01  -7.8233062e-02  -2.7820435e-01  -7.9416736e-02   1.6145879e-01   4.2396859e-01   2.8635627e-01  -3.6967732e-02  -1.2304667e-01  -7.6585403e-02  -4.1410269e-02   8.6795282e-03   1.8925734e-01   6.4187426e-02   8.4442951e-03   8.4891318e-02  -2.1518301e-01   2.9380441e-01   3.0523027e-01   1.0949891e-01  -1.5147847e-02   1.5418253e-01   1.9599402e-01   5.1689511e-02   4.8915309e-03  -5.8882602e-03  -1.5376309e-01   2.8006405e-01   2.0738792e-02
  -1.7058538e-01  -1.4352793e-01   6.7055617e-02  -2.8564338e-01   8.5741064e-01  -2.4581892e-01   1.1592750e-01  -1.6907314e-01  -1.2062782e-01   0.0000000e+00  -3.3286278e-01   8.8175545e-02   5.4929382e-01  -4.2026907e-01   1.2736633e-01   5.6583721e-03   2.1356013e-02   1.6672049e-01  -4.6963893e-01   8.5369572e-01   3.9770598e-01  -1.1826314e-01   5.8540317e-01  -1.0676051e-01  -1.4176798e-01  -3.9918597e-02   3.4888086e-02  -3.4703749e-01   9.7217677e-02  -7.6190937e-02  -7.1493593e-02   3.1519679e-01  -2.3597038e-01   3.8009488e-01  -5.5245844e-02   7.2026842e-01   4.6956026e-01  -8.6939654e-02  -1.8491792e-01  -1.1413325e-01   4.5234625e-01  -2.5041359e-01   3.0929132e-01  -3.9191001e-01   6.1505432e-01  -7.4947678e-02   3.2461456e-01   4.1174929e-02   3.9762023e-01  -1.3048130e-01   5.3329267e-01  -1.1927847e-02   1.3747529e-01   9.9265965e-02  -2.1138777e-01   4.3933668e-02  -5.2470704e-01  -9.5770983e-02   6.7684348e-02  -8.0294762e-02  -4.7447936e-01   6.2613493e-01  -1.0763911e-01  -1.9992789e-01   1.7771274e-01   8.5806870e-01  -3.1922427e-01  -1.9107032e-01  -2.2975917e-01   3.5455094e-02  -1.2514003e-01   2.6067040e-01   3.4530023e-01  -2.2925784e-01   1.5585953e-01  -1.8281874e-01  -3.8111141e-01  -3.4030652e-01   6.6066973e-01  -3.2679630e-01  -2.0749515e-01  -2.3296645e-01  -1.0484571e-01  -4.0377173e-01  -1.1205839e-02   3.6144270e-02  -3.3180689e-01  -1.2422598e-01  -6.1840535e-02   5.0454660e-02   6.5822121e-01  -4.4394138e-01   3.5388809e-01   3.9218538e-01  -4.7646694e-01   6.6594133e-01   1.4514937e-01  -4.4363660e-01   4.1875638e-01   8.2903199e-01  -1.4640211e-01   7.8122594e-02  -1.9485020e-01  -1.7532895e-01   1.0474359e-01  -7.7192403e-02  -3.3995453e-01  -4.1326565e-01   6.8512794e-01   4.1284223e-01   2.1437964e-01  -5.0399130e-02  -1.1722165e-01  -3.6981939e-02  -3.0283159e-01   3.1881319e-01   2.2956869e-01   5.4635805e-01  -2.3528013e-01   2.7321019e-01  -3.4501381e-01   8.1593473e-01   3.2510297e-01   2.3341070e-01   7.0403023e-02  -2.1742236e-01   5.7964240e-01  -2.8569649e-01  -2.2401817e-01  -3.2086839e-02   7.4110021e-02   2.8320819e-01  -3.2620356e-01  -1.1436378e-02   3.0775532e-01  -1.6240030e-01  -1.3536751e-01  -3.2876812e-01   2.1105274e-02  -4.6313245e-01  -3.1757253e-01   5.1599900e-01  -1.8378276e-01  -1.3187008e-01   5.5841585e-01   1.4158530e-01   3.7523180e-02   7.0941802e-01   5.9311207e-01   2.7352437e-01   3.0037427e-02  -2.9840672e-01  -1.2522163e-01  -2.7782918e-01   8.7168525e-04  -2.7632386e-01  -4.7033985e-01   3.6733690e-01  -4.5482536e-01   4.2882337e-02   5.2827845e-01  -4.7457302e-01   8.1408251e-01  -2.6025327e-01  -3.6488013e-02   3.7637460e-01  -1.7186364e-01  -2.3218525e-01  -2.2226881e-01   1.5410301e-01   5.1875025e-01  -5.5358258e-01   2.2800861e-02  -3.6729510e-01   2.1204773e-01   4.7119833e-02  -2.0640691e-01
   4.0216393e-02  -2.4864251e-01  -3.7905404e-01   3.8376300e-01  -1.9840477e-01   2.3611124e-01   1.9806975e-01   3.2538964e-01   2.4249586e-01  -3.3286278e-01   0.0000000e+00  -3.8140702e-01  -2.6410751e-01   2.9287301e-01   4.3568346e-01   1.7543515e-01  -3.2251331e-01   2.9995809e-01   1.3005909e-01  -2.5373803e-01   3.3376951e-01   2.1571002e-01   3.4723154e-02   1.3671465e-02  -7.7272765e-02   3.3777384e-01  -2.5875649e-02   3.4429521e-01  -1.2775563e-01   2.3716561e-01   4.5081658e-01   2.0574641e-01   1.5765251e-01   1.0486243e-01  -1.0755298e-01   4.5949201e-02  -3.1323935e-01  -2.6143009e-01   2.9722477e-01  -1.4820652e-01  -1.2875338e-01   2.3649655e-02  -5.8637106e-01   5.5545362e-01  -3.9133886e-01   1.0636590e-01   4.9405309e-01   1.2448971e-01  -2.2464457e-01  -2.1366796e-01   9.5681580e-02   2.9332418e-01   1.5907694e-01  -3.3959712e-01   1.4316811e-02   2.7517560e-01   2.4774724e-01   2.5737127e-01   2.1879350e-01   2.3929153e-04   1.0169147e-01  -3.4921440e-01  -2.7956266e-01   3.6168089e-01   1.9648945e-02  -7.2542130e-02   3.5181830e-01  -5.7782318e-03   6.7004057e-01  -1.1485399e-02  -2.8298651e-01   1.7703231e-02   1.0606465e-01   4.8206385e-02  -3.9633181e-01   3.9089224e-01   2.2428394e-01   4.9586432e-01  -7.0791212e-02   4.7823406e-02   3.2074478e-01   5.9547749e-02   4.1306482e-01   3.6947704e-01  -6.1713445e-02   3.9860030e-01   9.7620322e-02   6.4012017e-02  -2.4682606e-01   1.5346227e-02  -1.3064933e-01   9.3447522e-02  -2.0286917e-01  -3.5430665e-01  -2.5299722e-01  -3.9977977e-01  -2.4195547e-01   2.2315373e-01  -1.4904436e-01  -3.8807158e-01   5.7474938e-02   2.5918926e-01   4.4477675e-01  -4.2291112e-02   4.1417843e-01   1.2837605e-01  -9.6381638e-02   3.2628320e-01  -3.6844331e-01   2.8627224e-01   6.7475212e-02   4.5527775e-01   7.8922909e-03  -2.3738753e-01   7.4831949e-02  -1.4190311e-01   9.3582028e-02  -7.6375090e-02   1.1205736e-01  -1.2557882e-02   2.2005000e-01  -2.5345452e-01  -4.2854887e-01   1.6578174e-01   3.5376952e-02  -1.9667428e-02   3.1302086e-02  -8.1399563e-02   3.1083654e-01  -1.9943711e-02   7.6606687e-02   3.4346263e-01   2.2852951e-01   3.2286629e-01  -4.7599908e-01   3.3774346e-01  -9.3139281e-02   3.8036444e-01   3.5340224e-01  -2.2549689e-01   6.4440105e-02  -2.8831676e-01   6.1205596e-01  -1.4039666e-01   7.3691169e-03   2.8274148e-01  -4.5124844e-01  -7.0280192e-02   1.2950099e-01   5.2261745e-02  -3.5574059e-02   4.2354403e-01   1.5172896e-01   3.9635741e-01  -3.3824411e-01  -1.3304314e-01   5.4022438e-02  -8.5434900e-02   1.0121825e-01   3.7979077e-01  -1.8440035e-01   5.9766834e-01  -8.9888827e-02   4.6545373e-01   1.6675924e-01  -1.1977532e-01   3.6848864e-01   3.5489128e-01   2.6048220e-01   7.9912484e-03  -1.9609576e-01   6.0772711e-02   7.8539966e-02   2.9386213e-01  -3.0685417e-01  -7.6662445e-03   3.5200003e-01
  -1.0920931e-01   4.5697467e-01   5.3440237e-01  -3.7820531e-01  -8.7044586e-02   8.4695702e-02   3.0923463e-02  -5.2750699e-02   2.0254167e-01   8.8175545e-02  -3.8140702e-01   0.0000000e+00   1.4304789e-03  -4.1482576e-01  -3.4170850e-01   6.7302551e-02   3.7769437e-01  -4.2955962e-01   6.0158717e-02  -2.7389285e-02  -3.3398880e-01  -2.8214122e-01  -3.0447042e-01  -3.5548291e-03  -6.6959419e-02  -4.5093371e-02   1.3056319e-01  -6.7432220e-02   2.1818922e-02  -1.3077564e-01  -2.5215081e-01  -2.2949796e-01   1.6885302e-01   2.2844024e-01   2.4929053e-01  -1.3465703e-01  -2.6248576e-01   1.4992503e-01   5.3336494e-03   4.4340243e-01  -1.3064832e-01   3.4759865e-01   6.4279491e-01  -2.6519255e-01   8.5980735e-02  -2.3334690e-01  -2.6458905e-01   6.3191371e-03  -1.6375239e-01   4.8787972e-01  -3.1917099e-01  -3.3539219e-02   2.2585430e-01   2.6779999e-01   1.5084308e-02  -1.0928171e-01  -4.9349014e-02  -2.6534168e-01  -2.0556521e-01   2.9914748e-01  -1.5684909e-01  -9.1449062e-02   5.5512767e-01   1.5224403e-02  -2.9353273e-01  -3.7447550e-02  -4.5610238e-02   7.1099449e-02  -3.7056549e-01   1.3548820e-02   3.4897963e-01  -3.7057056e-01   5.0513011e-02  -1.0027027e-01   1.7959981e-01  -1.4065764e-01  -3.1797000e-02  -2.2508633e-01   1.2673408e-01  -8.3483773e-02  -1.6384854e-01   1.0142231e-01  -1.6307398e-01  -1.1323538e-01  -2.1270303e-01  -1.7025810e-01  -1.2281279e-02  -1.3333481e-01   3.5603051e-01  -1.6716916e-02   5.4451103e-02   2.3088894e-01   4.4752747e-01   3.6403014e-01   9.4697339e-02   9.9569490e-02  -6.0223239e-02  -3.4706279e-02  -1.5277944e-01  -4.3876399e-03  -2.7775459e-01   8.6150076e-02  -3.4519503e-01   1.6758855e-01  -5.4753447e-01  -2.4668473e-01   2.0762673e-01  -1.7929141e-01  -2.0841150e-01  -1.3085665e-01   2.3287090e-01  -1.2015200e-01  -1.8699240e-01  -3.4153312e-02  -9.9599075e-02   2.4809892e-01  -9.5383324e-02  -3.8165598e-02  -1.2762960e-01  -3.5271721e-01  -1.6370545e-01   5.6938773e-02   5.8566628e-01  -1.0529921e-01   6.9898354e-02  -5.2123214e-02  -2.4515988e-01   2.5435408e-01  -2.0943255e-01   8.4510828e-03   2.1868910e-01  -6.3781473e-02  -4.0090579e-01  -4.7061893e-02   3.2658347e-01   2.8565734e-02   3.0722270e-01  -3.1710688e-01  -5.5577971e-03   3.5392742e-02   1.6178006e-02  -6.5247313e-02  -1.6994667e-01   1.2165129e-01   7.4495416e-02  -2.2124803e-01   7.0099495e-01   3.4782411e-02  -6.4997211e-02  -3.1040251e-01   4.8839691e-02  -3.2423188e-01   3.4670565e-02   7.1305497e-02   6.5727496e-01   6.9553474e-02  -1.4119465e-01  -5.2030156e-02  -9.1611373e-02  -1.5394476e-01   3.0894221e-01  -1.9373849e-01  -1.4627820e-01  -5.1040465e-01  -1.9475054e-01   4.1119928e-01  -1.2313216e-01  -2.0037894e-01  -2.1974921e-01   2.2745228e-01   3.9244444e-01  -8.3460050e-03  -2.2675047e-01  -1.0343350e-01   2.4554730e-01   2.1776186e-01  -1.4527349e-01
  -2.5570082e-02  -1.0094328e-01   1.7116348e-01   3.3158423e-02   5.4274971e-01  -2.7217044e-01   4.0052630e-03  -1.8902654e-01  -1.1469728e-01   5.4929382e-01  -2.6410751e-01   1.4304789e-03   0.0000000e+00  -2.1119927e-01  -6.2991687e-02  -9.6069049e-02   2.0008223e-01   2.8988884e-01  -4.2825644e-01   6.6984590e-01   2.1951032e-01   1.0540271e-01   3.2612081e-01  -5.7477726e-03   1.0850457e-01  -2.1926851e-01   7.2735764e-02  -3.3004563e-01   1.6691208e-01   6.7928391e-02  -9.7879350e-02   3.3428214e-01  -3.4368267e-01  -1.4108402e-01  -3.3007900e-02   4.6965742e-01   4.7365357e-01   9.7007208e-02  -2.0504818e-01  -1.4197019e-01   6.5364883e-01  -2.8348437e-01   2.1995240e-01  -4.5178563e-01   5.4194760e-01   1.2103447e-01   2.8076192e-01  -1.5799295e-01   5.1136172e-01  -1.6370593e-01   5.9099877e-01  -2.1287256e-01  -1.9774840e-01   1.4215942e-01  -1.0147825e-01  -3.1941988e-01  -3.9194774e-01   7.2764470e-02   1.6964001e-01   1.4726905e-01  -1.3655290e-01   6.1410082e-01   3.7420614e-02  -1.5040421e-01   1.3676330e-01   4.2389715e-01  -2.1307072e-01   2.1449413e-02  -1.5309662e-01   1.1873370e-01  -6.4113669e-03   4.8689248e-01   3.9761799e-01   6.6798636e-02   3.9985916e-01  -2.4687547e-02  -7.7718592e-02  -3.3055158e-01   2.4052067e-01   4.9186699e-02  -2.8628052e-01  -2.7233194e-02  -3.7844086e-01  -3.8283495e-01   1.5064038e-01   5.2587871e-02  -1.8803263e-01   1.6585867e-02  -8.3799693e-02   1.6876213e-01   3.2709231e-01  -4.0056605e-01  -2.9939583e-02   4.1758031e-01  -3.5685908e-01   6.6296326e-01   4.3096417e-01  -3.9133568e-01   5.8902876e-01   4.6982434e-01  -9.2199936e-02  -1.7511812e-01  -1.1288437e-01   1.7584813e-02   2.3048975e-01   2.4998135e-01  -3.1725848e-01  -3.4349938e-01   6.9251845e-01  -1.5463695e-02  -1.3862058e-01   4.2015893e-02   1.6676059e-01   1.5186289e-01  -1.5750436e-01  -3.6100898e-02  -1.7761477e-01   6.7749582e-01  -2.5867347e-01   4.6616843e-01  -2.1933259e-01   5.4607089e-01   3.2180214e-01   1.9382580e-01   2.1510742e-01   1.7165953e-02   4.2502113e-01  -1.0697988e-01   2.5704117e-02   2.5821695e-02   7.5698974e-02  -1.0780111e-01  -1.1295272e-01  -7.3750616e-02   3.7394187e-01  -7.2796547e-02  -1.3448180e-01  -2.7584396e-01  -1.0975601e-01  -3.3040858e-01  -1.9299050e-01   5.9709305e-01  -3.4844803e-01  -1.1407518e-01   2.6073475e-01   2.2758804e-01  -4.5937013e-02   2.5495547e-01   2.1307529e-01   8.3269376e-02   1.2890156e-01  -2.9697841e-01  -1.8863873e-01  -3.0015529e-01  -7.4918438e-03  -5.9219007e-02  -2.6442978e-01   5.5130729e-01  -2.4159681e-01  -1.0449993e-01   4.3507208e-01  -3.5142241e-01   3.6054802e-01   6.0429132e-02   1.7191224e-01  -1.4267042e-01  -3.7564529e-01  -2.4166107e-01  -1.6247466e-01  -2.0721065e-01   1.1346906e-01  -4.8491728e-01   3.3404484e-01  -2.4450899e-01   2.8151614e-01  -7.7348028e-02  -2.8778123e-02
   4.9302392e-01  -1.8725508e-01  -1.6119627e-01   2.8094578e-01  -3.6986702e-01   8.9873117e-03  -1.1960421e-01   4.0064091e-02   1.5881696e-02  -4.2026907e-01   2.9287301e-01  -4.1482576e-01  -2.1119927e-01   0.0000000e+00   8.8871486e-02  -6.5729888e-02  -2.2165213e-02   1.4101960e-01   3.0456796e-02  -4.2758482e-01  -1.0359044e-01   1.8583872e-01  -2.3412750e-01   3.0968784e-01   1.5823134e-01  -8.6395391e-02  -6.0804243e-02   1.5879348e-01  -2.5273984e-02   9.2678898e-02   1.4966083e-01  -1.6635929e-02  -2.2030815e-02  -3.9280176e-01   7.1355625e-02  -2.4698029e-01  -1.7672335e-01   1.0798861e-02   7.1222928e-02  -1.2246695e-01  -3.9344873e-02  -1.1456560e-01  -2.8605851e-01   1.8412940e-01  -3.2023090e-01   4.5117717e-01  -7.0061103e-02  -1.6633840e-01  -1.4060884e-01  -1.3359427e-01  -8.5358716e-02  -2.0071613e-01  -2.0021717e-01   2.9371523e-02   2.0521308e-01  -2.3941157e-03   1.1557156e-01   1.7813233e-01   3.7648448e-02   6.5442993e-02   4.9551256e-01  -2.4302325e-01  -1.2073173e-01   2.4402733e-02  -8.0703744e-02  -3.6602281e-01   1.9567198e-01   2.9485830e-01   2.0412127e-01   4.8502690e-02  -1.0097266e-01   5.8961588e-02  -8.6016489e-02   3.9754844e-01  -3.7367911e-02  -3.4380145e-02   2.8235776e-01   1.7639174e-01  -3.4433031e-01   2.3447961e-01  -2.4685121e-02   1.6930069e-01  -6.6755477e-02   8.1988076e-02   4.4430966e-01  -4.1336718e-02   3.0450761e-01   3.7649684e-01  -6.9541078e-02   2.8316741e-01  -3.3267899e-01   2.4107241e-01  -4.2930327e-01  -1.8207526e-01   2.2327693e-01  -3.8348188e-01   1.8489646e-01   1.3552960e-01  -7.4804664e-02  -4.2026018e-01   3.3223372e-01  -1.0011948e-01   9.5722612e-02   2.2428727e-02   1.1519899e-01   2.4249417e-01   1.6444872e-01   1.4492402e-01  -2.3024397e-01  -2.2375970e-01  -3.5104780e-01   6.9292448e-02   2.9117238e-01   2.7094529e-01   3.5400352e-01  -2.5230763e-01  -4.8655808e-02  -1.7178849e-01   5.6329532e-02   1.2022037e-02   4.0725361e-01  -3.6375393e-01  -3.4619309e-01  -1.6939313e-01   1.8681538e-01   4.1264537e-01  -1.5208445e-01   7.2363572e-03   1.1897671e-01   4.5491415e-02  -2.0103610e-01  -1.2879340e-01   4.7738749e-01   3.8323937e-02  -1.7552829e-01  -1.4203034e-02   1.2245095e-01   2.3576802e-01  -1.2251918e-01   2.8927088e-01   3.3934543e-01  -3.0302355e-01   1.4660725e-01  -1.1389510e-01  -3.1388194e-01  -2.1778062e-03  -3.2340921e-01  -2.8490285e-01  -3.1359840e-01  -2.0847633e-01   2.8234210e-01   1.2530650e-01   2.4264725e-01   3.4946895e-02  -1.5999961e-01   2.6952528e-01   4.5430278e-01  -4.2295116e-02   4.5727292e-01  -1.0826668e-01  -3.6945681e-01   2.7060799e-01  -2.9921632e-01   3.2832738e-01   2.0294043e-01  -3.4133537e-01   7.7578380e-02   3.8253388e-01   4.7686226e-01  -2.2212272e-01  -4.1525092e-01   2.5029969e-01   1.9360615e-01   7.5988237e-02  -1.4873055e-01  -2.6050731e-01   1.5274281e-01
