   0.0000000e+00  -8.1525836e-02   1.6315998e-01  -1.4752367e-01   1.0780475e-01  -3.0586291e-01  -1.1779549e-01   1.5873562e-01   1.1115784e-01  -1.9569229e-01  -6.0683252e-02  -4.5826659e-02   4.9467819e-02   1.5774973e-01  -1.1912052e-01  -4.9860824e-01   1.0768861e-01  -1.8929603e-01   1.5645699e-02  -7.7333998e-02  -4.7556402e-01  -9.6013221e-03  -2.4397049e-01   6.9421199e-01  -1.1757238e-01   5.1208351e-02  -1.5435572e-01   2.8371824e-01  -1.1866746e-01  -3.0933776e-01  -2.5960558e-01   8.7954115e-02  -1.0651547e-01  -2.7756101e-01   1.7379926e-03  -1.6194336e-01  -3.4163891e-01   2.3622350e-01  -5.3402736e-01  -1.5526930e-01  -3.1785689e-01   4.3456953e-02   2.4767197e-01  -7.4944178e-02   1.3294480e-03   7.1962530e-01  -1.4453386e-01  -2.9476814e-01  -2.7682564e-01  -9.8107733e-03  -1.8573647e-01   1.1477655e-01  -4.1717651e-01  -2.5676604e-01  -6.5887050e-02  -6.1029132e-02  -8.3360520e-03   1.3000128e-01  -2.0322953e-01  -3.4931479e-02   3.4469398e-01  -4.0991853e-02   1.8694162e-01  -2.6465807e-01  -7.1605372e-02   2.1355881e-02  -1.8192290e-01   2.1295517e-02   8.6194882e-02   3.3756859e-01   8.9094988e-03   8.8755367e-02  -4.5404685e-01   4.0473866e-01  -1.7796737e-02   3.6446889e-01   3.9187221e-01   1.0062945e-01   7.9986930e-02  -7.2936051e-02   4.1610074e-02  -3.5391801e-01  -3.3462195e-01   1.9683694e-01   2.7541497e-01   3.2609186e-01  -5.3593471e-01   9.9345455e-02   1.9121626e-01   7.5728407e-01   1.5984126e-01   4.4301319e-01  -2.0555558e-01   1.1447294e-01   1.4682881e-01   1.6435680e-01   1.6977442e-01   1.0965302e-01   7.4843945e-02  -3.0222299e-01  -1.0118599e-01  -1.5858369e-01   6.5461113e-02   1.0842990e-01   3.4701691e-03   2.6043761e-01   1.2091919e-01   1.2145522e-01  -2.4633126e-01  -1.2116958e-01  -2.8906246e-01   9.4260100e-02   3.1258478e-02   8.4924159e-01  -1.9780101e-01   4.9035509e-02   5.1519135e-02  -3.1714354e-01  -1.8230560e-01  -1.2058133e-01   4.5267283e-01   1.5544974e-01  -2.0982611e-02  -2.7556226e-01   6.3594312e-01   5.3332241e-01  -2.6129206e-01  -1.3778148e-01   1.0635041e-01  -5.3131270e-04  -4.5028948e-01  -1.9234066e-01   7.3871361e-01  -5.7037331e-01  -2.3874077e-02   3.8929810e-01  -1.0993084e-01  -3.1201827e-01   4.0997837e-01   3.4818329e-01   7.5226973e-01   3.6087018e-02   1.3992153e-01  -2.4304566e-01  -4.2568487e-01  -6.2912418e-02   6.5550849e-03   2.6065507e-02  -6.3637463e-02  -4.9591980e-01   2.3274179e-01   8.9877422e-02   5.6177522e-01  -1.0814008e-01  -9.6815130e-02   6.6555944e-01   4.5771387e-01  -1.2615911e-01   2.9808047e-01   1.3518779e-01  -4.0561133e-02   6.6757242e-03  -2.4936479e-01  -7.7535715e-02  -1.0360971e-01  -1.1185514e-01   7.4906154e-02   4.1099161e-02   5.2242844e-01  -1.9599425e-01   9.5834211e-02  -7.0884689e-02  -3.8082793e-02  -2.4534740e-01  -8.1012583e-03  -2.3377906e-02  -1.5948343e-01
  -8.1525836e-02   0.0000000e+00   4.8183998e-01  -2.7650423e-01   1.2565775e-01   4.7637593e-02  -1.3265394e-01  -6.1523750e-02   1.6264385e-01   6.2355272e-02   3.8262250e-02   6.3386469e-01  -2.9165622e-01  -2.7514364e-01  -1.1239492e-01   2.6759320e-02   2.8373015e-01   3.6377671e-02  -2.2432596e-01   3.1804983e-02  -1.7593377e-01  -7.1585446e-02  -3.2828702e-01  -8.4389638e-02  -2.5667117e-02  -6.7562860e-02  -4.2155399e-02  -9.0559833e-02   1.4271908e-01   1.8441288e-01  -2.9650226e-01  -1.6533858e-01  -1.9993649e-02   3.8568093e-01   4.3287998e-01  -1.6729421e-01  -3.0893175e-02  -2.2380916e-01   8.5183900e-02   2.4451657e-01  -1.4691763e-01  -4.8071142e-02   2.5179941e-01   1.2948611e-01   7.7439832e-02  -2.1353904e-01  -2.3535463e-01   1.2564696e-01  -3.4502141e-01   2.4498701e-01  -1.8432380e-01   1.5519647e-02   7.7850424e-02   1.1951823e-01  -2.5641158e-01  -8.5354634e-02   2.2720202e-01  -2.7352161e-01   8.0221381e-02   3.1768064e-01  -2.7069178e-01  -1.8974063e-01   2.1248737e-01   1.9571749e-01   1.4800332e-01  -1.0476709e-01  -1.1427076e-01  -1.1765007e-01  -2.1615408e-01   2.2519837e-02   3.7831411e-01  -2.9489462e-01   4.0212985e-02   2.7565691e-01  -8.1152527e-04   5.4095074e-02  -3.4301297e-01  -2.1530390e-01   1.9770500e-01  -8.2005412e-02  -2.8407637e-01   2.9472992e-02   2.4395847e-01  -1.8404107e-01   6.6003751e-02  -1.6816807e-01  -1.6056004e-01  -1.0073271e-01   2.7144208e-01  -2.8041978e-01   1.1795006e-01  -4.1877417e-02   4.2378618e-01   4.5720312e-01  -1.9033725e-01  -3.1229169e-02  -2.5130565e-01  -2.0421813e-01  -1.9635595e-01  -1.3927109e-01   1.1274390e-01   4.3794745e-01  -3.2572454e-01   1.2028485e-01  -2.3444977e-01  -6.6369341e-02   1.8367173e-01  -2.4875921e-01  -2.2244784e-01   2.1740658e-01   1.8416829e-01  -2.4602201e-01  -1.7240152e-01  -9.5395490e-02   1.5462487e-01   7.5046551e-02  -1.7526689e-01  -2.5898968e-02   3.2160178e-01  -3.7522049e-01  -1.4781739e-01   1.7277646e-01   4.4529430e-01   1.7285823e-01  -3.3801309e-01   1.7954183e-01   6.9599032e-02   2.3019603e-01  -2.3250297e-01   1.2776060e-01  -8.2513719e-02  -4.1805922e-02   1.6201446e-01   1.0077950e-01  -2.9066771e-01   2.0161852e-02  -1.3712343e-01  -6.4430662e-02  -7.8942382e-02   4.8702522e-02   2.3161147e-02  -2.7352289e-01  -2.9997465e-01   3.5980384e-01  -1.6758656e-01  -6.0530705e-02   5.4172496e-01  -1.6954918e-02  -4.1930260e-02   1.9993761e-02   1.0788808e-01  -3.3233248e-01  -1.3699727e-01   6.0134312e-02   5.3066453e-01  -3.2391002e-01  -1.3654851e-01   2.7702757e-02  -8.3950421e-02  -3.4551152e-01  -8.8165877e-02  -2.7892697e-02  -5.7829085e-02  -4.7853540e-02  -8.4610632e-02   3.2867173e-01   2.2104458e-01  -1.0778068e-01  -4.0149602e-02   1.6322151e-01   3.0610768e-01  -1.9416436e-01  -1.2852287e-01   3.1294424e-01   1.1218981e-01  -2.0080244e-01  -7.8708766e-02
   1.6315998e-01   4.8183998e-01   0.0000000e+00  -2.9280820e-01   8.4322032e-02   2.1514517e-01  -2.5073156e-01  -5.0719568e-03  -1.4457859e-01  -8.4697486e-02  -4.5954777e-01   4.4620843e-01  -1.2980687e-01  -1.5440837e-01  -1.0544814e-01  -8.9470892e-02   8.3732709e-01  -4.3121643e-01  -2.6213735e-01   7.1042830e-02  -2.6561513e-01  -4.6235943e-02  -2.2190341e-01  -2.4839386e-02   1.7583402e-02  -6.5064777e-02  -2.5317265e-02   8.9790597e-02   1.7909178e-01  -2.1584163e-01  -1.0397952e-01  -1.6171207e-01   2.5528980e-01   3.1335470e-01   1.4559173e-01  -4.8071384e-01  -1.7642095e-01  -1.1660939e-01  -1.1530356e-01   3.8516400e-01  -2.1357471e-01   3.1594889e-01   9.5624661e-03   4.9208058e-02  -4.2548381e-01   9.5710086e-02  -4.0439976e-01  -3.2122655e-01  -2.5971833e-01   5.4106583e-01  -4.1807091e-01  -1.5233155e-01  -1.1710367e-02   3.5158433e-01  -1.2590800e-01   5.2355768e-02   2.2992096e-01  -1.4973732e-01  -3.2461592e-01   1.6091766e-01   1.6748133e-01  -2.8859149e-01   2.2016039e-01  -1.5388363e-01  -3.7170292e-01  -4.2261924e-01   5.5914688e-02  -7.7284394e-02  -1.8708957e-01   3.3568465e-01   3.1539859e-01  -3.1922021e-01  -2.4943464e-01   6.0482852e-01   2.3954352e-01   1.3043092e-01  -5.3769758e-02  -1.1989437e-01   3.6696501e-02  -1.5733718e-02  -1.2316930e-01  -6.2685356e-02   1.5752867e-01  -6.7888915e-02   4.3108847e-01   2.1144625e-02  -3.3822031e-01  -2.3146414e-02   4.0309099e-01  -5.0467517e-02  -1.9293752e-01   5.6400317e-01   4.4945629e-01   2.3970966e-02  -1.2232171e-01   1.8378279e-01  -5.1140938e-02  -2.0470119e-01  -3.0730174e-01  -3.5872699e-01   4.1200436e-01  -4.7684394e-02  -1.4931753e-01  -1.4236639e-01  -3.3017635e-01  -8.5167566e-02   4.0700801e-01  -2.8228853e-01  -4.5724233e-01  -2.1859061e-01   2.7686138e-01  -1.7351488e-01  -3.3256962e-02   1.4139656e-01   3.2986013e-01   1.5291262e-01  -1.3498813e-01  -1.1999041e-01   4.6156996e-01  -3.5319442e-01  -5.0012555e-02  -1.4460247e-02   5.6379993e-01  -3.0519387e-01   1.7224019e-02   3.2411284e-01  -1.6459201e-01   3.2307676e-01  -1.4524703e-01   4.4801424e-01  -1.7036718e-01  -4.4268818e-01   3.0094503e-01  -2.0948742e-01  -6.4781744e-02   4.3523375e-02   1.1146785e-01  -7.0636011e-02   2.7991582e-02   5.4126151e-02   6.3539117e-02  -2.1734464e-01  -2.2891752e-01   5.1326759e-01  -7.5355622e-02  -1.4562390e-01   5.2469911e-01  -1.7841549e-01  -1.4908478e-01  -3.0038951e-01   4.7148918e-01  -1.8844658e-01   2.4248515e-01  -2.1743722e-01   7.5201738e-01  -2.3967027e-01   2.8723190e-02  -3.5233299e-01   4.6850210e-01  -2.7303122e-01   4.6582916e-02  -1.9168489e-01  -4.3278072e-01  -2.3283672e-01  -4.1816516e-02   3.2542918e-01   1.6693496e-02   7.1199511e-04   1.7453855e-01   1.6192040e-01   1.2998015e-01  -2.8863861e-01  -3.1777667e-01   4.2291339e-01   2.1631495e-01   7.5521139e-02   5.9807558e-02
  -1.4752367e-01  -2.7650423e-01  -2.9280820e-01   0.0000000e+00  -1.5150142e-01   3.2223124e-01   1.2015728e-01   6.0754567e-02  -1.3241672e-01  -1.6364390e-01   2.3723115e-01  -2.9172659e-01   2.8235905e-01   3.0762177e-01   3.3724432e-01   2.9206861e-01  -2.7537967e-01   2.8089271e-01   3.0752942e-01   7.2207976e-02   6.1500512e-02   5.9133450e-01   1.7640364e-01  -2.0684921e-02   1.3106698e-01   2.5432878e-02   2.1959455e-01  -1.3550207e-03  -2.3112080e-01   2.6220575e-01   1.3528143e-01   4.8327341e-01   2.8868530e-02  -2.4952397e-01  -7.7511077e-02   3.6140409e-01  -3.0485356e-01  -4.5761334e-02   2.1771905e-01  -4.7080438e-01   3.2879219e-01   1.0146839e-01  -1.9350428e-01   1.7970251e-01   1.3686760e-01  -8.6350284e-02   5.6011097e-01  -2.0053973e-01   1.6388779e-01  -3.5705693e-01   4.9933413e-01   3.9717381e-02  -2.0279721e-01  -2.3828161e-02  -4.2894386e-03   1.7544821e-01   1.6485377e-01   5.7215439e-01   4.6032385e-01   1.1834443e-01  -2.3070204e-02   3.6983723e-01  -3.1902243e-01  -5.0946605e-02  -7.6181747e-02   1.1031169e-01   3.6573895e-01   1.1135912e-01   5.8561038e-01   1.4841635e-02  -4.3555583e-01   6.4469859e-01   2.2411440e-01  -3.3670472e-01  -5.6900486e-02  -1.1460962e-01   3.9998603e-02   1.9770887e-01  -1.6219958e-01   3.8767002e-01   1.5939723e-01   3.5641981e-01  -3.3674363e-01   2.0745627e-01  -2.0056981e-01   3.4112300e-02   1.3830530e-01   6.1601153e-02  -4.0084175e-01  -1.3936571e-02  -1.0027176e-01  -1.1779567e-01  -4.0962183e-01  -1.2183567e-01  -9.7346043e-02  -1.0583722e-01   4.0679744e-01   2.4643086e-01   3.1850688e-01   4.3557154e-02  -2.7127186e-01   1.9636014e-02   3.1103123e-01   4.8823928e-02   3.4401862e-01   4.7015049e-01  -2.2939187e-01   4.1196524e-01   2.0577959e-01  -2.6222351e-01  -1.5424235e-01   4.3122682e-01   6.6597979e-01  -1.0275906e-01  -8.2305836e-02  -2.6010580e-01   2.7273950e-01   2.2089791e-01  -3.2637407e-01   7.0780465e-01  -6.5107658e-02  -1.9843563e-01  -3.5493696e-01  -2.0156250e-01   3.7971934e-02   2.4346973e-04   1.9484892e-01  -2.8510905e-01   5.3756831e-01  -9.7190777e-02   2.0285374e-01  -8.0262021e-02  -6.2289018e-02   1.8051762e-02   4.4854577e-01  -8.3960419e-02   1.9794577e-01   1.6304869e-02  -8.4880384e-02  -4.0263958e-02   1.3593653e-02   1.1495282e-01   3.4282165e-01  -1.5526984e-01   4.6502937e-02   1.6967600e-01  -5.7977507e-01   3.8413676e-02   8.7489504e-02  -1.7996268e-01  -1.6923051e-01   2.2880761e-01  -1.7412698e-01   6.1566591e-03  -3.6196379e-01   5.0063312e-02  -5.9993773e-02   3.6988675e-01  -1.0846100e-01   2.2350325e-01   2.1661383e-01   5.4644495e-02  -1.1339413e-01   3.9088920e-01   2.0397910e-01  -4.5303437e-01   6.4878606e-02   3.3512577e-02   7.8351347e-02  -3.1184829e-01  -3.3988757e-01  -1.7104713e-01   4.5957909e-01   7.2081992e-02   4.1048825e-02  -4.3413366e-02   2.5970666e-01
   1.0780475e-01   1.2565775e-01   8.4322032e-02  -1.5150142e-01   0.0000000e+00  -1.9824082e-01  -6.2134934e-01   3.2378252e-01   1.6435579e-01  -4.5652161e-01  -8.2508717e-02  -2.1981461e-01   1.4500972e-01  -1.6065217e-01  -5.1472915e-01   7.7858257e-04   3.0504089e-01  -2.9972693e-01  -8.4321377e-02   6.6296904e-01  -4.4362276e-01  -2.5610209e-01  -6.0072404e-01   6.8330866e-02   2.1104385e-01   9.3618957e-02   5.4748573e-01  -2.9829756e-01   3.1810192e-01  -3.3144800e-01  -1.4493959e-01   1.0469661e-01   3.8182804e-01  -2.6946767e-01   1.5849952e-01   3.0331873e-01   1.0911932e-01   1.3280303e-01   2.1525127e-01   2.2232809e-01   2.3508014e-01   1.5406938e-01   3.9672528e-02  -7.6127298e-02   2.1419450e-01   3.4199094e-02  -2.4725171e-03  -3.6036564e-02   3.4755182e-01   4.8468734e-01  -4.0173157e-01   2.7324878e-01   3.0124151e-02   2.2861101e-01  -1.0581565e-01  -3.6619920e-01  -1.2277300e-01  -1.2458505e-01  -1.7264948e-02   1.1445465e-02   2.5604046e-01   2.1582982e-01   4.9339315e-01  -5.3860195e-02   5.4485067e-01  -3.6031243e-01   2.6392205e-02   2.2500059e-03  -1.6390377e-01  -4.7878591e-01   5.0359154e-01  -2.7426550e-01   1.6579731e-01   2.5594023e-01   2.5773934e-01   2.2101777e-01   1.8620233e-01   1.2253651e-01   7.6704299e-01   3.8137208e-01  -6.7984264e-01   1.2748254e-01   1.0203677e-01   2.2792329e-01   1.2256595e-01   4.5202686e-02  -2.0483050e-01  -2.0081584e-01   6.0133104e-01   1.6011223e-01   7.2482591e-01   2.3876770e-01   9.5046342e-02   2.2561781e-01   9.0041661e-02   6.5905957e-01   1.6316864e-01  -9.7852517e-02   4.5632179e-01  -3.9798679e-01  -2.5775017e-01  -2.3972942e-01  -3.4465292e-01  -6.0568628e-02  -5.6149141e-01   1.5047491e-01   1.1909255e-01   1.5129918e-02  -3.0495251e-01   2.4519957e-01  -5.1994062e-01  -4.1418880e-01  -9.2203111e-02   1.3128601e-01  -5.3948238e-01   6.7583314e-01  -5.5204307e-02   3.0544686e-01  -5.4777580e-02  -1.2714998e-01   1.9861624e-01   7.1799795e-01   6.1599213e-03   1.8954723e-01   1.0171064e-01   1.0922342e-01  -4.3175887e-01   4.2767203e-01  -1.7314584e-01  -3.8544762e-01   1.4762629e-01   2.7554689e-01   1.7249357e-01  -2.8405463e-01  -1.4630338e-01   3.2050180e-01   2.4060643e-01  -6.2954709e-01   3.4203344e-01   9.0133109e-02   6.2600416e-02   1.7208991e-01  -3.4653918e-01  -4.3284437e-01  -5.3416602e-01  -1.9329600e-01   3.3020111e-01  -1.6939773e-02  -5.4699145e-01  -1.6471143e-01  -6.5588221e-02  -1.8938655e-01   3.5407090e-01   2.3021437e-01   1.6913587e-01   6.8041743e-02   1.4465094e-01   7.9936348e-02   3.8964171e-01  -3.6564995e-01  -1.8267462e-02  -2.6188288e-01  -2.1738640e-01  -2.9552253e-01   3.0812225e-01   4.0132527e-01  -9.7052997e-02  -1.7450912e-01   1.5065876e-01   4.5582470e-01   4.8029537e-01  -1.2004937e-01  -5.1550817e-03  -1.1368981e-01   7.2104127e-02   6.8194285e-02   1.2854803e-01
  -3.0586291e-01   4.7637593e-02   2.1514517e-01   3.2223124e-01  -1.9824082e-01   0.0000000e+00   2.2895535e-01  -6.0073106e-02  -2.8068488e-01   1.1036784e-01  -1.9898514e-01   2.5264890e-01   1.2759200e-01   1.4340506e-01   3.9905113e-01   1.8086722e-01   9.7230586e-02   2.9454137e-02   1.8201284e-01   8.0652466e-02   1.4997271e-01   3.8391928e-01   2.5136956e-01  -2.3993581e-01   7.7841410e-02   2.1711406e-01   1.5556495e-01   1.7569265e-01   4.0731344e-02   3.4787235e-01   1.5396006e-01   3.2676787e-02   6.2480303e-02   1.1150420e-01   4.2203580e-02  -1.7065858e-02  -1.0538579e-01  -2.7191679e-01  -7.1950115e-02  -2.1035923e-01   1.3330426e-01   1.2486105e-01  -1.2738312e-01  -6.2400761e-02  -9.2552260e-02  -2.4875010e-01   1.0424809e-01  -2.1829741e-01  -3.2289932e-02  -1.2186924e-01   2.3824494e-01  -6.3162472e-02  -2.1010622e-01   2.8592593e-01  -4.0107081e-02   2.2259334e-01   5.5438759e-01   2.2512167e-01   1.3166114e-02   4.0346830e-01  -2.1592316e-01   3.9183349e-02  -2.6930826e-01  -2.5020683e-01  -3.6583521e-01   7.5397384e-02   7.1487093e-01   5.9687877e-02   2.9016276e-02   1.9544992e-01  -3.9982882e-01   2.4339786e-01  -8.1660541e-02   5.7597277e-02  -1.1309596e-01  -5.6233914e-02  -1.9945446e-01   3.6535976e-02  -2.9556544e-01   4.5596734e-02   2.0798622e-01   5.0231284e-02  -1.6628452e-01   1.6596104e-01   1.4430738e-01   2.9428645e-02   7.3725223e-02   2.2205901e-01  -2.6438652e-01  -2.4049075e-01  -3.0567592e-01  -1.5117310e-02   2.8974099e-02  -8.6485190e-02  -4.3095625e-01  -1.4243468e-01   2.8268997e-01   2.3144503e-01   9.1252118e-04   8.8990619e-02   1.4369943e-01   2.4603086e-01   8.5537172e-02  -1.5085860e-01   1.3633587e-01   1.9402510e-02   1.5391936e-01   1.8958000e-01   1.7369941e-01  -2.7459367e-01   2.2640742e-01   2.9985360e-01   3.0395862e-01  -2.6770708e-01   3.7626268e-01  -3.5836834e-01   1.0378401e-01  -2.8084705e-02   1.1212379e-01   2.1069981e-01  -3.6040171e-01  -1.7489632e-01   1.8177693e-01  -3.7517125e-01  -1.1795192e-01   1.2003908e-01   2.5559828e-01  -1.7245343e-01   6.9835452e-02   2.2925064e-01  -6.4160791e-02  -3.4054983e-01  -3.8161540e-02   1.2192591e-01   2.4061364e-01  -9.9040657e-02  -9.7201205e-03   1.0174318e-01  -5.2924617e-02  -2.1189826e-01  -2.4304963e-01  -2.4713980e-02   7.9120204e-02   4.1972116e-01   2.6462165e-01   1.1439364e-03  -1.7479929e-01   1.0746701e-01   2.8162721e-01  -1.2337971e-01   2.8130178e-01  -1.4924259e-02  -1.2885035e-01  -2.0737530e-01   1.1169250e-01  -3.0516712e-01  -2.8080973e-01   9.1323314e-02  -7.1896438e-02   7.2310654e-02   1.1180559e-01  -2.1525207e-01  -2.7403483e-02   6.1394318e-02   2.0558280e-01  -1.2767994e-01   4.7847875e-02   8.4594896e-02   5.9225299e-02  -2.8651877e-01  -2.0296110e-01  -3.9062628e-01   2.0074450e-01   6.8674385e-01   1.2728035e-01  -4.6524891e-03   2.0914458e-01
  -1.1779549e-01  -1.3265394e-01  -2.5073156e-01   1.2015728e-01  -6.2134934e-01   2.2895535e-01   0.0000000e+00  -4.7186809e-01  -9.6569934e-02   6.5836179e-01   1.4001186e-01   2.5413000e-01   5.1476928e-03   1.8678782e-01   5.3471007e-01  -1.5283994e-02  -4.2867985e-01   3.9604577e-01   2.0480151e-03  -2.8212986e-01   4.0000581e-01   2.8622120e-01   6.8346074e-01  -7.3727194e-02  -2.4497682e-01  -2.1792819e-01  -2.7175069e-01   3.4041576e-01  -2.9165998e-01   3.8630812e-01   4.6878552e-02  -1.1331254e-01  -5.2822471e-01   3.5332372e-01  -3.7948093e-01   1.0631085e-01  -6.6211835e-02  -1.5326827e-01  -2.7365433e-01  -2.8351268e-01  -1.5946412e-01  -4.3038169e-01   2.9721279e-01  -1.1688756e-01   1.9344229e-01  -6.5108736e-03   1.3464433e-01   2.4850700e-01  -2.3293207e-01  -6.2492417e-01   5.8840312e-01  -3.3482550e-01  -1.5752059e-01  -4.8144501e-01  -2.2466907e-02   3.3347861e-01   4.0717700e-03   1.1122796e-01  -4.8642858e-02   8.6930007e-02  -2.9498838e-01   1.4831854e-01  -4.4606308e-01  -1.4156406e-01  -3.5776862e-01   7.0487839e-01   2.3797800e-02  -1.1153764e-01   1.6051930e-02   4.2069026e-01  -5.7767718e-01   3.8307089e-01  -1.6799710e-01  -4.0920461e-01  -4.6297283e-01  -1.5230789e-01  -2.1993021e-01  -2.0249765e-01  -5.0481168e-01  -5.1535579e-01   6.9766628e-01  -9.4051485e-02  -2.4152909e-01  -2.4711940e-01  -3.4456798e-01   2.2535859e-02   1.1131523e-01   2.5566838e-01  -6.0430789e-01  -1.3293280e-01  -4.5885730e-01  -4.2912803e-01  -3.3731334e-02  -1.8339811e-01  -1.8467002e-01  -4.9877284e-01  -8.6856294e-02   8.0537197e-02  -2.2512756e-01   6.8434418e-01  -4.4493998e-02   3.7557718e-01   3.8942368e-01  -1.3329709e-01   7.1154260e-01  -3.3679625e-02  -1.7718540e-01  -7.6136321e-02   6.3830986e-01  -1.0466099e-01   5.1360191e-01   4.3659742e-01   1.3260975e-01  -1.2215155e-01   4.1889040e-01  -6.7932703e-01  -7.6701399e-02  -2.1007348e-01  -1.4539986e-01   6.2173042e-02  -2.7248808e-01  -3.1299497e-01  -4.8581738e-02  -4.1993855e-02  -1.3721840e-01  -2.2193834e-01   6.5092413e-01  -4.8590725e-01   1.3163858e-01   2.4120891e-01  -1.9278953e-01   4.1833612e-02  -1.7530139e-01   2.3710859e-01   1.7857457e-01  -3.5105632e-01  -4.3298087e-01   5.4023494e-01  -3.4778101e-01  -1.7449409e-01  -7.7136634e-02  -7.1874481e-02   2.0411002e-01   3.2795477e-01   5.4573760e-01   2.4321713e-01  -3.2525662e-01   2.0368249e-01   7.9221941e-01   1.6813856e-01  -6.2199002e-02   1.6283773e-01  -3.8203230e-01  -1.6190036e-01  -3.1438404e-01  -2.3910608e-02  -2.0020735e-01  -2.8809732e-02  -4.8256190e-01   4.4842314e-01  -1.4031028e-01   6.4678894e-02   3.9158839e-01   3.0691527e-01  -3.5589708e-01  -2.8489570e-01   2.0622512e-01   2.0589755e-01  -1.2673555e-01  -4.7485281e-01  -2.2359106e-01  -6.2574297e-02   1.4585109e-01   8.4117503e-02  -1.5952997e-01  -2.5333070e-01  -1.9061074e-01
   1.5873562e-01  -6.1523750e-02  -5.0719568e-03   6.0754567e-02   3.2378252e-01  -6.0073106e-02  -4.7186809e-01   0.0000000e+00   1.8915651e-01  -4.1756685e-01  -5.4302773e-02  -2.3246426e-01  -1.5242939e-01  -7.8014205e-02  -2.4058204e-01  -1.2351389e-01   7.5554474e-02  -2.7489332e-01   3.8115680e-02  -1.0170256e-02  -1.5150468e-01  -5.6613716e-02  -2.3414840e-01   2.2849464e-01   7.9143036e-02   4.4620886e-01   1.3474582e-01  -1.0637157e-01   5.4647921e-03  -1.8420719e-01  -3.4959919e-02   1.7795859e-01   3.4698618e-01  -2.3646325e-01   3.5981361e-01  -6.9383368e-02   1.2084737e-01   4.7830077e-02  -8.8327973e-02   1.2925231e-01  -4.5383529e-02   3.1105344e-01  -8.9754708e-02   2.9097795e-01  -3.9144000e-02   1.3412285e-01  -1.3144713e-01  -1.3454244e-01   1.8300673e-01   2.3868555e-01  -3.3138952e-01   6.5609309e-01   1.0313240e-01   3.0578657e-01  -9.4573865e-02  -1.0680449e-01  -3.8312982e-02   5.2728738e-02   5.1643033e-02  -9.2073181e-02   3.0239763e-01  -1.3881548e-01   3.2781807e-01   2.0636482e-01   2.9060135e-01  -3.4332079e-01   9.2875048e-03   1.4725401e-01   3.3266273e-02  -2.4984967e-01   2.6112665e-01  -1.2428714e-01  -1.6862194e-04   2.3561820e-01   3.5149697e-01   3.1070131e-01   3.2616310e-01   2.4567347e-01   3.1309837e-01   3.9040636e-01  -3.1030787e-01   3.6323816e-02   1.0433365e-01   6.5908021e-01   2.0032049e-01   1.1826335e-01  -1.1650430e-01  -1.7132314e-01   2.6681949e-01   2.2607833e-01   2.5874809e-01   3.7306140e-01  -5.5612132e-02   1.1271818e-01   1.9906419e-02   1.8311186e-01   1.3989839e-01   2.4115151e-02   9.7364690e-02  -2.2697843e-01  -1.1384205e-01  -1.0120429e-01   1.0341666e-02   2.2490395e-01  -3.7594567e-01   1.7525329e-01   1.8619272e-01   1.5288996e-01  -2.6415375e-01   4.9643476e-03  -3.8470893e-01  -1.5379831e-01   1.3945184e-01   1.3717178e-01  -3.6875177e-01   4.4215395e-01   2.2328840e-01   8.3063860e-02  -1.0002273e-01  -1.7659951e-03   1.9373948e-01   2.1881426e-01  -4.0028507e-02   4.7450351e-02   2.8438189e-01   1.4783315e-01  -2.5194566e-01   2.1412414e-01   1.9923526e-02  -3.4023275e-01  -7.8768989e-02   7.8070127e-02   1.2111438e-01  -6.9634974e-02   2.5715064e-02   6.3179640e-01   3.2707921e-01  -3.4496288e-01   5.4101059e-01   7.6475000e-02   9.2859932e-02  -2.0999093e-01   8.3719888e-03  -4.2585841e-01  -1.7935850e-01  -8.9197557e-02   7.1523960e-02  -1.1454712e-01  -4.0454557e-01  -4.0281847e-02   1.6085835e-02   2.4786361e-01   4.6431966e-01   1.9522788e-02  -7.3710417e-02   1.0435570e-01   1.3976826e-01   1.4006560e-02   3.9919772e-01   1.1167827e-02   2.9571680e-01  -4.2312439e-02  -2.3065711e-01  -2.9244113e-01   1.0098406e-01   1.6462825e-01  -2.5103440e-01  -6.7014830e-02   2.3985983e-01   2.6751438e-01   1.9912883e-01  -2.7340362e-01  -1.0383972e-02  -1.3817129e-01   8.0451128e-02   2.1012744e-01   1.8800226e-02
   1.1115784e-01   1.6264385e-01  -1.4457859e-01  -1.3241672e-01   1.6435579e-01  -2.8068488e-01  -9.6569934e-02   1.8915651e-01   0.0000000e+00  -4.9282316e-02   4.6088222e-01  -1.4865109e-01  -9.8227417e-02  -3.1550672e-01  -2.9154092e-01  -3.3471458e-02  -2.5799821e-01   1.3205802e-01  -2.8107627e-02  -8.5369929e-02  -2.1998479e-01  -5.9880559e-02  -2.1948891e-01   7.4060275e-02  -2.6361017e-01   8.8065507e-02   9.1481324e-02  -8.3655327e-02   1.3965245e-01  -8.0280558e-03  -3.5610293e-01  -5.3750244e-02  -9.9920953e-02  -2.0609005e-01   1.2710715e-01   2.4964365e-01   1.4091094e-01   9.3133810e-03   1.4053954e-02   4.5217523e-02  -1.5850480e-03  -1.8026052e-01   5.0626204e-01   3.6845384e-02   2.0330193e-01   1.1842183e-01   9.7638025e-02   2.7781911e-01  -2.2288294e-01  -9.5082292e-02  -9.3176911e-03   3.1206989e-01  -5.3654127e-02  -2.0913425e-01  -2.2943919e-01   1.2380184e-02   4.5170982e-02  -1.3426540e-02   1.4351905e-01  -1.1115207e-02   1.4007588e-01  -6.3117509e-02   3.8561581e-01   4.0564931e-01   5.8683125e-01   1.2320948e-01  -2.0869200e-01   2.5460732e-02   5.4052607e-02  -1.2658837e-01   2.2078697e-01  -5.7221742e-02   1.4923904e-01  -5.0944438e-02  -1.9160917e-01   1.3957474e-01   1.3057933e-01   2.6610691e-02   1.1074713e-01  -1.1145920e-01  -1.6885197e-01  -1.0356038e-01   1.2783024e-01   1.8946923e-02  -2.2648962e-01   4.4951212e-02  -2.2556468e-01  -5.5736532e-02   1.0680584e-01   3.7134302e-02   4.9294747e-01  -2.3724870e-02  -6.5618290e-02   5.1689586e-01   1.7789364e-01  -1.1797237e-02  -1.6171822e-01  -6.5653378e-02  -4.3830241e-02  -8.5474471e-03  -3.9407995e-01   2.4413988e-02  -1.2034424e-01   6.9422761e-01  -2.6796453e-02   8.6420756e-02  -1.4016642e-01   4.2622643e-02   1.9163512e-01   4.7280623e-01  -2.5487313e-01  -1.4352905e-01  -1.6649435e-01   9.8854361e-02  -3.3925450e-01   1.0555968e-01   6.3134185e-02   7.0399292e-02  -2.5336880e-01  -9.1171065e-02   2.5654108e-01   1.1379660e-01  -3.0212611e-02   3.1274488e-01  -3.4672331e-03  -1.3146105e-01  -3.3296597e-01  -4.3274912e-02   1.0080757e-01  -2.8221028e-01   5.3321625e-02   4.4727812e-01   3.8851044e-02  -1.4254639e-01   1.7218958e-01   2.6550540e-01  -3.1500856e-01  -2.0099468e-01   2.5642286e-01   2.2627465e-02   1.3317367e-01  -2.3065606e-01  -1.0412031e-01  -3.1474810e-01  -2.4507267e-01  -1.7206351e-01   5.3139880e-02   1.7298445e-01  -1.0932650e-01   1.0711999e-01  -2.3176477e-01  -6.6077800e-02   8.8239573e-02   3.1048825e-01  -1.8292828e-01   5.4981640e-02   3.2895146e-01   3.0831673e-02  -2.9109830e-02   2.4550842e-02  -1.5915045e-01   1.0467317e-01   2.0443861e-01   7.5504703e-02   9.5814333e-03   2.2236786e-02  -3.1952905e-02  -2.2084925e-01   5.9861295e-02   7.7611458e-02   2.1789774e-01   1.1909702e-01   1.2443972e-01  -3.0182662e-01  -1.4139862e-01  -5.7688189e-02   7.3894403e-02
  -1.9569229e-01   6.2355272e-02  -8.4697486e-02  -1.6364390e-01  -4.5652161e-01   1.1036784e-01   6.5836179e-01  -4.1756685e-01  -4.9282316e-02   0.0000000e+00  -9.8160028e-02   2.7250744e-01  -1.3874412e-01  -4.1098219e-02   2.8869785e-01  -9.2857471e-02  -2.1268268e-01   1.3197528e-01  -1.7196461e-01  -3.1256903e-01   3.1374525e-01   1.0051340e-03   4.2735987e-01  -2.2156327e-01  -9.1695444e-02  -1.1136812e-01  -4.1392303e-01   2.1377299e-01  -2.6937466e-01   1.7046217e-01   1.1036116e-01  -3.9930378e-01  -2.8872765e-01   5.9512785e-01  -2.2138335e-01  -1.2003382e-01   1.7638621e-01  -1.5551521e-01  -2.3857486e-01  -1.3808870e-01  -2.2630615e-01  -3.4495307e-01   2.9489924e-01  -1.7056967e-01  -5.7307422e-02  -1.9889819e-01  -2.3680143e-01   1.8455174e-01  -1.7973120e-01  -3.2807642e-01   1.9032913e-01  -1.8035889e-01   1.4249574e-01  -1.9838849e-01  -5.8667778e-02   2.2470655e-01  -9.6591366e-02  -2.0433025e-01  -2.1894039e-01  -2.3727379e-03  -3.0204512e-01   2.7448326e-02  -1.3662865e-01  -3.5726247e-02  -3.3811293e-01   3.8524954e-01  -2.0416771e-01  -1.3789651e-01  -3.2703753e-01   9.2573447e-02  -2.3518556e-01  -8.1372557e-02  -2.1761397e-01  -1.3411274e-01  -1.6269853e-01  -1.1548896e-01  -3.6899847e-01  -2.6510537e-01  -3.9143534e-01  -4.2556169e-01   4.1264118e-01  -7.8020777e-02   1.3109173e-01  -3.5911405e-01  -1.0408974e-01  -6.3494306e-02   1.1070418e-01   2.2292995e-01  -2.8255503e-01  -2.5819383e-01  -4.1834832e-01  -3.2712640e-01   3.2432514e-01  -7.2438191e-02  -2.3115595e-01  -3.6168504e-01  -1.6590980e-01  -1.4949305e-01  -3.2627950e-01   7.1411935e-01   1.8978840e-01   3.1578907e-01   4.6079285e-03  -8.6738615e-02   2.7182049e-01  -2.3573685e-01  -1.0797770e-01  -2.8810683e-01   5.2535757e-01   2.3982297e-03   5.7004348e-01   2.6071684e-02  -2.0950753e-01  -1.6764567e-01   4.9561553e-01  -4.0685536e-01  -2.3472825e-01  -2.2663481e-01   8.0719609e-02  -2.3048484e-01  -3.1250576e-01  -2.4189363e-01   1.8516805e-01  -1.0269839e-02  -2.5803270e-01  -1.8565472e-01   3.7868677e-01  -2.3118797e-01  -1.0727289e-01   6.5770896e-02  -2.0165258e-01   8.5641368e-02  -1.3707104e-01   2.4878257e-01  -3.6011078e-02  -2.8966873e-01  -2.4678620e-01   4.3853874e-01  -2.8186763e-01  -1.6616178e-01  -2.3196630e-01  -1.1559858e-01  -8.3641706e-02   3.8844171e-01   4.7362795e-01   4.7383616e-02   4.8374509e-02  -8.0489039e-03   5.3709515e-01   3.9637227e-01   9.3302469e-02  -8.9860859e-02  -3.7955633e-01  -1.5042025e-01  -1.1127253e-01  -2.3113132e-01  -2.8496195e-01  -2.1026765e-01  -3.2861535e-01   9.9395668e-02  -1.8539875e-01   3.4279598e-02   3.6488551e-01  -2.7789415e-02  -2.5267870e-01   8.0679469e-02   2.2972408e-02   1.2879994e-01  -2.3265593e-01  -8.8753398e-02  -6.2688524e-02   1.3598452e-02  -2.0221817e-01   1.3441986e-01  -6.7794324e-02  -2.0045822e-01  -1.4473441e-01
  -6.0683252e-02   3.8262250e-02  -4.5954777e-01   2.3723115e-01  -8.2508717e-02  -1.9898514e-01   1.4001186e-01  -5.4302773e-02   4.6088222e-01  -9.8160028e-02   0.0000000e+00  -1.4096729e-01   3.6842988e-02  -1.5526776e-01   3.9205170e-02   3.3888414e-01  -5.5582161e-01   7.1140879e-01   4.1584611e-01  -5.2398903e-02   4.3573569e-02   1.9246245e-01   2.6502792e-02   4.0823396e-02  -2.5429116e-01  -2.1556593e-02   9.0844610e-02  -1.1213706e-01  -9.2623496e-03   3.1558381e-01  -3.1996415e-01   3.3810950e-01  -3.3417355e-01  -1.9291795e-01   3.0683625e-02   6.7199793e-01  -5.7936025e-02   1.3421982e-01   3.0596389e-01  -2.9649739e-01   3.4100420e-01  -3.0974697e-01   1.2682221e-01   4.9014183e-02   6.0962924e-01  -5.0191415e-02   6.1414853e-01   4.1019017e-01  -3.2504339e-01  -4.4023062e-01   5.2192041e-01   5.3552196e-02  -1.3090339e-01  -3.7295818e-01  -1.8232173e-01   1.0348941e-01  -2.9455311e-02   2.0849474e-01   6.4217765e-01  -1.2979093e-01  -6.1560471e-02   9.8877876e-02  -2.4403016e-01   3.5942654e-01   5.4803954e-01   5.7341839e-01  -2.3071019e-02   8.5121099e-02   5.1029367e-01  -1.2611865e-01  -1.8306328e-01   4.8501994e-01   4.9750996e-01  -4.8068003e-01  -4.6539196e-01  -6.5529612e-02   9.4785384e-02   4.1720699e-03   1.4857170e-02  -2.1700013e-02   6.2723238e-02   1.0914966e-01  -9.4528750e-02  -6.0505933e-02  -6.4207668e-01  -7.6859947e-02  -2.9461740e-02  -1.1970903e-01  -3.6012084e-01   3.9789578e-02   4.4326960e-01  -3.8638464e-01  -2.5329950e-01   3.1942542e-01   1.8551583e-01  -2.9892880e-01  -1.0872286e-01   2.6376527e-01   1.6015817e-01   1.8668087e-01  -6.2926759e-01   3.8163178e-01   1.0917023e-01   3.3706256e-01   4.4165316e-01   1.8252414e-01  -5.3385209e-01   4.0049056e-01   3.8357280e-01   5.7269644e-01  -1.6881230e-01   3.0418902e-01   4.8256456e-02  -3.8437179e-02  -4.4652639e-01  -2.7562186e-01   5.9424616e-02   3.6830316e-01  -4.4300749e-01   2.0377944e-01   1.6586028e-01   3.9527366e-02  -4.3074784e-01   4.7780011e-01  -6.0505586e-02  -1.4284889e-01   1.3149949e-01  -3.5703059e-01   1.9908063e-01  -2.7011241e-01   2.5278972e-01   5.5406150e-01  -1.8801269e-01   5.0409416e-02   9.3786915e-02  -6.6469783e-02  -2.5533531e-01  -6.1800204e-02  -6.6893385e-02   1.4550318e-01   2.0025215e-01  -7.5120537e-02   2.9690936e-01  -3.5173497e-01  -1.4924447e-01   1.7166538e-01  -3.5586142e-01   5.0138783e-01   2.7373054e-01   1.9444403e-01  -4.1798884e-01   1.2101439e-03  -1.5720641e-01   4.6877025e-01  -4.3569319e-01   1.7917331e-01   1.9975817e-01   5.4990786e-01  -4.3548555e-01   2.4163042e-01  -1.4620728e-01   4.2883924e-01   4.1257377e-01   5.8192211e-01  -3.4408774e-02  -2.8266342e-01   5.3609247e-01  -1.1772465e-01  -6.4924604e-02  -2.6467197e-01   1.0354586e-01   1.0312710e-01   5.8052069e-01  -2.9771510e-01  -2.8638504e-01  -4.2916644e-02  -9.1630170e-02
  -4.5826659e-02   6.3386469e-01   4.4620843e-01  -2.9172659e-01  -2.1981461e-01   2.5264890e-01   2.5413000e-01  -2.3246426e-01  -1.4865109e-01   2.7250744e-01  -1.4096729e-01   0.0000000e+00  -2.0365470e-01  -2.1048763e-01   1.2027925e-01  -6.7270447e-02   1.8698786e-01   6.8656927e-03  -2.6349782e-01  -6.7576897e-02  -4.3638234e-02  -4.2819888e-02  -2.6959410e-02  -1.1494329e-01  -1.9895942e-02  -1.0774009e-01  -2.6681061e-01   2.5107539e-03   6.1624045e-02   1.9956562e-01  -2.5809859e-01  -3.1507522e-01  -1.8579060e-01   5.9295675e-01   3.2201947e-01  -3.3151854e-01  -1.2125685e-01  -1.8136159e-01  -2.2497356e-01   2.1218370e-01  -2.3160315e-01  -1.2557475e-01   3.2406317e-01   3.0371201e-02   1.0887148e-01  -1.8163141e-01  -2.9253231e-01   4.2810406e-03  -3.9511134e-01   7.6681011e-02  -6.9659440e-02  -1.9221313e-01  -3.7399662e-02  -3.2575448e-02  -2.7709458e-01   3.5846964e-02   2.1875694e-01  -3.2646099e-01  -1.8166592e-01   3.9240765e-01  -3.6941656e-01  -1.6998715e-01  -1.6216200e-01  -5.7921896e-03  -2.4328062e-01   1.7058053e-01  -8.0367681e-02  -9.5976886e-02  -2.7316586e-01   2.6688824e-01   1.5721030e-02  -2.1588302e-01  -1.4943555e-01   3.0049321e-01  -8.6875938e-02  -1.0744651e-01  -4.4253512e-01  -3.6179803e-01   1.0007715e-02  -3.0942653e-01  -5.2976530e-03  -7.3724331e-02   8.1476684e-02  -2.7671888e-01   3.1068187e-02  -1.7195749e-01  -1.5919137e-01  -6.9586527e-02  -7.0424369e-03  -2.6158621e-01  -2.1544277e-01  -9.7405873e-02   4.7937995e-01   2.2948966e-01  -3.0351533e-01  -2.2473352e-01  -2.1246045e-01  -1.9913034e-01  -2.4871578e-01   7.3415808e-02   1.3655332e-01   6.1146505e-01  -2.1960403e-01  -1.4005882e-01  -2.2512135e-02  -2.3001734e-01   1.7569993e-01  -3.6301106e-01  -8.2355567e-02   3.3963625e-02   5.3550835e-01  -1.1920665e-01  -1.6802460e-01  -1.0268074e-01   3.3430513e-01  -1.9623716e-01  -2.2596545e-01  -1.7246870e-01   3.1369157e-01  -3.4952888e-01  -3.2161156e-01   1.1755181e-01   6.4960818e-01  -6.8529709e-02  -3.3440968e-01   1.8693620e-01   3.8487085e-01   7.6102941e-03  -2.3191482e-01   3.6568324e-01  -2.7889869e-01  -2.6254432e-01   8.4935259e-02   1.4752355e-01  -1.2061370e-01  -2.1320437e-01  -2.5582253e-01   1.0925994e-01  -2.6794646e-01   2.5948224e-02  -3.3759499e-02  -1.7872678e-01  -1.1735097e-01   6.5771244e-01   4.1034986e-02  -5.7125120e-02   4.7826397e-01   4.9735333e-02   3.1099564e-01  -3.2229662e-03   1.7545277e-01  -3.0428870e-01  -2.5181491e-01  -1.5968729e-01   5.2664661e-01  -2.1127230e-01  -3.2316034e-01  -1.4237138e-01  -2.4659022e-01  -2.5719996e-01  -2.6147159e-02  -3.7470228e-02   4.9711726e-02  -4.5941401e-02  -2.3363166e-01   3.0891007e-01   3.2350489e-01   6.5228728e-04  -1.4056112e-01  -7.0459817e-02   2.7691392e-01  -2.2547821e-01  -1.4621482e-01   4.6225218e-01   1.4673996e-01  -1.9895525e-01  -1.4546481e-01
   4.9467819e-02  -2.9165622e-01  -1.2980687e-01   2.8235905e-01   1.4500972e-01   1.2759200e-01   5.1476928e-03  -1.5242939e-01  -9.8227417e-02  -1.3874412e-01   3.6842988e-02  -2.0365470e-01   0.0000000e+00   9.6972503e-02   1.5600190e-02  -6.7297326e-02  -1.3092182e-02  -1.4640789e-02   3.2906879e-01   4.3388953e-01  -4.1006079e-01   2.1999405e-01  -1.5688737e-01  -4.7818724e-02   1.5417256e-01  -1.9249700e-01   2.6777229e-01   2.3500948e-02   7.5322428e-02  -1.2224506e-01  -1.5111315e-01   2.8255226e-01  -2.0870436e-01  -3.7342677e-01  -1.8033682e-01   2.2833984e-01  -5.7431047e-01   5.1516889e-02   3.0013527e-02  -3.4771372e-01   5.1191133e-01  -5.2830026e-02  -7.1441450e-02  -4.2878229e-01   1.3030122e-01   5.2805213e-02   3.8211482e-01  -3.6359190e-01   1.0102624e-01  -2.2091657e-01   3.1807017e-01  -1.5733916e-01  -5.3486198e-01  -1.1055992e-01  -6.8955635e-02  -1.0011586e-01   4.9755377e-02   3.2713640e-01   8.0744907e-02   3.2753048e-02   7.2057789e-02   5.7953656e-01  -9.7806116e-02  -3.7126565e-01  -5.9374395e-02   1.0286016e-03   3.0352602e-01   1.7979869e-01   3.8731021e-01   6.5217768e-02  -3.6199721e-01   3.3825221e-01  -4.8538687e-02  -1.2680068e-01   4.7917957e-02  -1.4330674e-01   4.7589765e-02   1.2524233e-01  -4.4874826e-02   1.7663395e-01   6.2116791e-02   8.4502740e-02  -5.1516100e-01  -3.6272156e-03  -1.1233218e-01   6.1901991e-02  -2.0884414e-01   3.0072683e-01  -8.4540793e-02   1.3183737e-01   7.3445407e-02  -4.8111668e-02  -4.5798928e-01  -4.6500115e-02  -1.2108585e-01   4.8105527e-01   5.5403373e-01   7.0589288e-02   6.5385464e-01  -1.4028967e-01  -2.7669377e-01  -2.1186651e-01   9.3244752e-03  -1.0186361e-01   1.8323122e-01   2.8222183e-01  -1.5112321e-01   1.4809513e-01   1.0757589e-01  -3.0659598e-01  -2.9732165e-01   2.5480262e-01   2.4060542e-01   1.0955302e-01  -1.3901304e-01  -2.0251121e-01  -8.0787428e-02   1.3309138e-01  -2.9335248e-01   4.0209062e-01  -1.0227034e-01   1.9915217e-01  -6.6587915e-02  -3.1274963e-01   1.4046838e-01   1.0405892e-02  -1.3277698e-01  -1.4810628e-03   2.1163534e-01  -2.8970917e-02   2.1751856e-01  -2.2154873e-01  -1.2194414e-04  -4.1440915e-01   1.8981339e-01  -2.2200135e-01   7.9483678e-02  -3.1996037e-01  -1.0662575e-01  -1.5913746e-01   2.5563260e-02   6.9949365e-01   1.2087930e-01  -1.4004782e-01  -2.3912177e-01  -1.4161066e-01  -3.4144822e-01  -4.0525577e-02  -9.3880871e-02  -5.2280637e-01  -1.6060794e-03  -1.5440253e-01  -1.1465044e-01  -2.5595676e-01  -1.2149380e-01   1.9134138e-01  -5.9305119e-02   2.6899401e-01  -3.9103250e-02   1.4655391e-01   6.9589101e-02  -2.1120022e-01  -2.3264349e-01   3.3508181e-01   2.6425217e-01  -3.6145052e-01   5.8238559e-02  -1.1457692e-01  -2.0618373e-02  -4.1498108e-01  -2.5841921e-01  -1.7007239e-01   2.8126384e-01   1.3477852e-01   2.0515893e-02   1.1697230e-02   1.9290275e-01
   1.5774973e-01  -2.7514364e-01  -1.5440837e-01   3.0762177e-01  -1.6065217e-01   1.4340506e-01   1.8678782e-01  -7.8014205e-02  -3.1550672e-01  -4.1098219e-02  -1.5526776e-01  -2.1048763e-01   9.6972503e-02   0.0000000e+00   4.4825905e-01  -8.7218669e-02  -1.9004756e-01   1.2589589e-01   2.4274564e-04   1.3370798e-02   1.3626843e-01   4.7423477e-01   2.0735281e-01   2.4345939e-01   1.4077297e-01  -1.4659712e-02   8.1729578e-03   5.5044022e-01  -1.3242327e-01   2.6346890e-01   3.8998145e-01   2.0666129e-01   7.4419660e-02  -3.2326558e-01  -1.3300910e-01   3.0952628e-02  -2.8485437e-01  -1.4589823e-01  -1.9251629e-01  -4.3550562e-01  -2.0427063e-02   2.0352032e-02  -1.1300701e-01   1.5507676e-01  -1.8219043e-01   2.1703273e-01   2.0842543e-01  -1.9220033e-01   1.1369275e-01  -3.3938031e-01   2.7112156e-01  -1.6497374e-01  -3.6805499e-01  -9.2420574e-02   5.2158834e-01   2.9858058e-01   1.7106766e-01   3.2016664e-01  -5.2972298e-02   1.0528019e-01  -3.2936260e-02   1.0705028e-01  -2.4702583e-01  -4.0071480e-01  -3.4392526e-01   1.3306841e-01   2.6232433e-01  -7.4710924e-02   1.2977264e-01   3.3440956e-01  -5.1594482e-01   2.9877408e-01  -3.7426267e-01  -1.4819361e-02  -1.1124668e-02   2.4505975e-01   6.6529479e-02   2.8606869e-01  -3.7559844e-01   2.3732583e-02   5.0128829e-01  -1.3841540e-01  -4.1770294e-01   2.4491966e-01   2.7367137e-01   2.7494211e-01   1.8768682e-01   4.1488034e-01  -2.8049291e-01   3.0824415e-01  -3.3120071e-01   5.6174749e-02  -4.4065534e-01  -2.3551642e-01  -1.0006221e-01  -3.9238455e-02   1.4080662e-01  -1.3187029e-02   1.4551862e-01  -1.9047854e-01   1.7295565e-01  -8.8167477e-02   5.4864867e-01  -1.3793443e-01   2.4216872e-01   2.6174065e-01   1.5790064e-01  -4.0364926e-03  -9.3941205e-02  -3.8980271e-01  -1.1636262e-01   4.1292919e-01   3.3678637e-01   1.8988375e-01   2.9107487e-01  -3.6166359e-01   2.7524909e-01  -2.0229483e-01   1.7287108e-01   2.4538619e-01   1.0027310e-01  -3.3062182e-01  -4.3777146e-01  -3.8635111e-01   3.1321932e-01   3.4072346e-01   4.4376207e-02  -2.8442189e-01   3.7074578e-01   9.8283333e-02  -2.0917773e-01  -4.1323585e-01   3.1913528e-01  -1.3833497e-01   1.3907317e-01   8.3437241e-02   6.2352336e-02   3.2537449e-01  -2.9438925e-02  -2.6616598e-01   1.6970962e-01   1.4527610e-01   1.6272513e-01   5.8909707e-02  -5.3174634e-03   4.0860982e-01  -4.9414169e-01   1.2468631e-01   2.5408178e-01  -3.0791311e-01   3.9174203e-01   5.0043390e-01   1.8085557e-01  -6.0981442e-02  -3.5525417e-01   1.5282749e-01   6.8780958e-02  -9.6408917e-02  -4.8132705e-02   4.2226222e-01  -6.2738852e-02  -5.3293786e-02   4.2194049e-02   1.5114023e-01  -3.6019575e-02  -5.4994673e-01  -5.0126113e-02   6.3823127e-01   2.7289110e-01  -4.7013499e-01  -3.9985038e-01  -1.5787766e-01   8.7506377e-02   1.0431139e-01   1.1003377e-01  -1.0528145e-02   2.0039739e-02
