   0.0000000e+00  -9.8263777e-02  -7.5976430e-02  -1.1381179e-01  -1.9578504e-01  -3.3737795e-01  -4.6161069e-01   2.7424347e-01  -2.2740567e-01  -5.1992900e-01   3.8887125e-02  -3.7912546e-01  -1.3524815e-01   5.5301629e-02  -1.1301785e-01  -4.9137819e-01  -1.3976097e-01  -2.5368426e-01  -4.2337939e-02  -3.5698064e-01   1.0675255e-01   6.6063878e-01   1.7247689e-02   8.4102150e-01  -5.7476707e-02   2.1669413e-01  -3.6387690e-01  -5.7181614e-03  -4.1601652e-02   1.6354717e-01   1.2149585e-02   4.1009217e-01   3.7451101e-02  -5.4711984e-01  -5.0855515e-01  -1.3029581e-01  -1.7809235e-01   6.0895441e-01  -5.7805882e-01  -3.2327679e-01  -1.5188617e-01  -6.6401062e-02  -2.6637224e-01   3.0082765e-01  -4.2262827e-01   5.9503446e-01  -2.4087983e-02  -2.6419014e-01   1.5677728e-02  -4.9929880e-02  -1.9194349e-01   4.0222169e-01  -3.4744153e-01   2.0257056e-01   5.0537319e-01   1.8461982e-01   2.0184506e-01   4.0426903e-01  -2.4408998e-01  -1.4576598e-01   2.0599042e-01  -2.1614044e-01  -1.4161460e-01   1.8928407e-02  -2.1723354e-01  -2.0440990e-01  -3.6129799e-01  -3.6531561e-01   1.2844072e-01   3.8146787e-01  -5.0363171e-01   1.1080355e-02  -3.7226383e-01   8.4572027e-01   2.6690751e-01   4.9493716e-01   3.8910706e-01   1.6536331e-01  -5.2227378e-01  -3.4130112e-01   7.9667852e-02  -4.9106699e-01  -9.5792127e-02   3.6639345e-01  -2.0890954e-01   4.7297690e-01  -4.7006904e-01   6.1375864e-01  -2.8727439e-01   8.1354695e-01  -1.9008981e-01   2.7573381e-01  -4.9821771e-01  -2.9947472e-01   5.2881995e-01  -2.3330626e-01  -5.6198681e-02   7.9014369e-02  -3.4492269e-01  -1.2875994e-01  -2.1375009e-01  -2.1444916e-01   4.2570971e-01   2.1604960e-01   8.9141910e-03   4.9390649e-01   8.1656044e-02   1.0316706e-01  -2.5448663e-01  -2.5640404e-01  -4.6474236e-01   2.5720826e-01  -3.4856334e-02   7.9275299e-01  -3.3881008e-01  -3.1523166e-01   5.8566784e-02  -2.6665549e-01   4.7678001e-03  -1.0936624e-02   6.9119226e-01  -2.4226492e-01  -3.4201887e-01  -2.1673802e-01   6.6821773e-01   3.6952986e-01  -4.2722067e-01   7.7211445e-02   4.0358894e-01  -2.6352316e-02  -4.9496616e-01  -5.0034297e-01   1.9806566e-01   6.3878118e-02   3.9523721e-01   4.0965388e-01  -2.2256924e-01   7.2048307e-02   4.3243638e-01   6.9903388e-01   6.1747774e-01   1.2458905e-01  -6.2163779e-02  -1.3255098e-01  -7.5910210e-02   1.0943023e-01  -5.6310486e-01   2.3304057e-02  -5.7552245e-02  -1.4295449e-01   1.1855410e-01   5.4180586e-01   5.3763178e-01   7.8884566e-02  -4.3148442e-01   7.8694420e-01   5.3225224e-01  -3.5808707e-01   3.0569875e-01   4.5235708e-01  -1.2576693e-01   1.1635428e-01  -9.5893502e-02  -7.6436231e-03   2.7416776e-01  -3.6264583e-01  -1.4671256e-01   4.1373281e-01   2.9958248e-01  -4.5903677e-01  -3.7156737e-01   5.2087990e-01  -2.3321981e-01  -1.5979367e-01   1.1607836e-01  -3.8758131e-01   3.1587085e-01
  -9.8263777e-02   0.0000000e+00  -4.9328081e-02  -7.5678780e-02  -8.6967121e-02  -3.9251455e-02   2.0694171e-01   6.6650726e-02   4.8980744e-01   3.7329362e-02   1.2046784e-01   3.1594899e-01  -9.9075618e-02   1.7329585e-01  -6.3369004e-02   9.5329487e-02  -1.1935623e-01   2.2714015e-01  -8.6727551e-02  -1.3975707e-01  -6.9002893e-02  -1.3917224e-01  -2.6796289e-01  -1.1086773e-01  -9.9449331e-02   8.4857868e-02  -7.6560855e-02  -2.5561273e-01  -8.0180414e-02   2.9419345e-01   2.2336475e-01  -4.0316726e-03   3.7125654e-02  -1.5738904e-02   2.1469069e-01  -2.2922593e-01  -1.7939417e-02  -9.0996046e-02   5.6284230e-02  -8.5308873e-02  -7.7493876e-02  -1.9072941e-01   2.8626774e-01  -1.7281839e-01   2.0845210e-01  -9.0076258e-02  -1.0198401e-01   3.6583605e-01  -6.7256477e-02  -2.6105629e-01   4.7730698e-02   1.5627529e-02   1.6531327e-01  -2.1623206e-01  -2.7115461e-01  -2.6299615e-01  -1.4670071e-01   2.1977105e-01   1.2249240e-01   4.8659208e-01  -3.0557315e-02  -3.9579908e-02   2.6553879e-01   3.4772438e-01   4.9845157e-01  -5.2302664e-03   9.9952728e-03   1.8251142e-01  -1.0011834e-01  -9.2922580e-02   3.6588937e-01   7.8172054e-02   8.4133322e-02  -1.5557273e-01  -1.2107810e-01  -6.8442525e-02  -6.8352971e-02  -3.6959739e-02   2.8836017e-01   6.0718573e-02  -2.8885004e-01   1.0046814e-02  -2.2877997e-01  -4.2135507e-02   2.5869478e-01  -5.8795313e-02   4.1380010e-01  -1.8796125e-01   1.0046143e-01  -1.1418692e-01   3.1380668e-01  -1.0755327e-01  -5.7930309e-03   3.5939960e-01  -6.2025827e-03  -1.1994079e-01   7.1902455e-03  -7.5581379e-02   1.0550416e-01  -2.3572637e-01   1.7609749e-01   8.5094425e-02  -2.8049531e-01   6.9485186e-01  -6.7391019e-02  -1.7012175e-02  -2.1222881e-01  -2.7991443e-02  -7.5203436e-02  -1.4541301e-01  -1.5222476e-01   1.4180935e-01   6.6470190e-02   1.2491177e-01  -1.2888287e-01   3.2362521e-01   4.3190031e-02  -9.7946215e-02  -2.9877155e-01  -6.9531476e-02  -1.0799537e-01  -6.9302396e-02   4.4198464e-02   2.0096767e-01  -2.5050596e-02  -3.3033199e-02   1.6239094e-01  -1.4234378e-01   1.4558224e-01  -2.9460516e-01   8.7255314e-02   2.5272967e-01   5.3897802e-01  -1.7575871e-01   2.0623985e-01   2.5431415e-02   8.6663862e-02  -1.8796672e-01  -6.3849216e-02   1.7472052e-01   1.4569047e-01  -8.0851097e-03   2.6934903e-01  -1.7349314e-01  -2.6054782e-01  -2.6096859e-01   7.3539013e-02   1.3044078e-01  -2.5645418e-01  -3.8964224e-02  -5.3110332e-02  -1.5206751e-01   5.2271141e-02   2.1075547e-01   1.7505624e-02   6.8701880e-02   2.9800483e-02   3.6346310e-02  -1.1853852e-01  -9.2284827e-02  -1.7184823e-02   1.4411679e-01   9.4001416e-02   2.7993872e-01   1.5362101e-01  -1.4404788e-02  -4.7039931e-02  -1.5262350e-01   4.3994171e-02   1.8633101e-01   4.7675125e-02  -1.1726999e-01   3.8297444e-01  -1.5971700e-01  -5.1531999e-02   1.7103883e-01   1.5619830e-01
  -7.5976430e-02  -4.9328081e-02   0.0000000e+00  -1.6546545e-01  -8.5466212e-02   2.1692820e-01  -1.5400879e-01   8.0289644e-02   8.0979230e-02   7.6477666e-02  -4.1740279e-01   3.0649290e-01  -1.9310506e-01   5.8460020e-02  -1.4250002e-02   9.1112620e-02   8.6787208e-01  -2.9357436e-01   1.1389254e-01   7.3899231e-02  -4.7646648e-01  -2.4431120e-01  -3.6017067e-01  -1.3637621e-01  -1.5961067e-01   3.0800016e-02   3.4771134e-02   5.8480227e-02  -2.1806549e-01  -5.1454648e-01  -1.0010412e-01  -2.5331442e-01   2.9921250e-01   1.4875139e-01   9.2410604e-02  -2.7480831e-01  -1.0500192e-01   1.4346694e-01  -8.6905690e-03   6.1558486e-01  -2.6344378e-01   2.3812995e-01   2.0108696e-01  -9.6784631e-02  -7.0851811e-02   1.1136169e-01  -2.6432585e-01  -3.2451709e-01  -3.4044586e-01   6.9193448e-01  -3.6957091e-01   7.0655036e-02  -2.9579335e-02   4.7068620e-01   1.0932697e-01  -2.6621788e-02  -3.7898362e-02  -8.4003744e-02  -3.3227056e-01  -8.7729150e-02   5.1594226e-01  -2.6248423e-01   4.2373266e-01  -1.7058197e-01  -1.5334567e-01  -3.4552359e-01   3.8945365e-01  -1.5377380e-01  -2.4479655e-01   3.6163893e-01   1.9060113e-01  -5.0664753e-01  -2.2151857e-01  -1.9538690e-02   3.0070152e-01   1.9124554e-02   2.9209884e-01  -1.4570832e-01   1.8471491e-02  -6.3273194e-02  -1.9845929e-01  -1.5127491e-01   1.7839038e-01  -2.9282031e-02   5.2733047e-01  -1.0433381e-02   1.3509371e-01  -1.4683484e-01   1.7296484e-01  -1.1743069e-01  -1.2960674e-01   3.9806339e-01   5.4599498e-01  -1.9892067e-01   7.7086607e-02   5.8590978e-02  -1.7713468e-01   6.3505534e-02  -2.4683058e-01  -3.9799469e-01   3.7516454e-01  -1.6773359e-01  -1.1570180e-01  -1.2885930e-01  -3.6490426e-01  -1.2568000e-01   4.3282513e-01   4.7277845e-02  -8.8092374e-02  -2.3683699e-03   2.3080771e-01  -3.6923814e-01  -3.9666719e-02  -1.1541343e-01   6.4584988e-01   4.0559759e-02  -7.5606842e-02  -2.5053612e-01   3.0914577e-01  -3.7272009e-01  -3.5596844e-02   1.0674781e-01   4.8579181e-01  -1.6576684e-01  -9.4618602e-02  -2.5629808e-01  -8.7643206e-02   2.8572213e-01  -1.2922404e-01   3.4346104e-01  -7.2458376e-02  -2.9346506e-01  -2.8390790e-01  -3.0310932e-01   1.3990649e-02   7.2222351e-02   8.9294624e-02  -1.5770918e-01  -3.3807781e-02  -5.3389128e-02  -1.8139270e-01  -1.2497177e-01  -1.9566775e-01   5.0274517e-01  -1.1238759e-01  -1.4729915e-01   4.3395455e-01  -3.7739630e-01  -8.6752436e-03  -2.6121820e-01   5.1038215e-01  -1.1687389e-01   1.1856631e-01  -3.1936366e-01   7.6308006e-01  -4.7348223e-02   5.0979208e-02  -3.1676843e-01   4.2872639e-01  -3.8909931e-01  -1.4902778e-02  -9.5404899e-02  -2.8184299e-01  -5.2990022e-01  -6.3625410e-02  -3.2242865e-02  -3.1014537e-01  -2.5270030e-01   2.5798240e-01   3.0737308e-01   6.4795529e-02   1.8729696e-01  -2.5992094e-01   4.1696051e-01   8.2696750e-02   7.7243747e-02  -4.2123363e-02
  -1.1381179e-01  -7.5678780e-02  -1.6546545e-01   0.0000000e+00   3.7418869e-02   3.2832596e-01   3.1387033e-01  -1.2771582e-01   1.0090270e-01   4.2716912e-02   2.7192523e-01   1.6752778e-01   2.0310201e-01  -1.2818241e-01   1.0327651e-01   4.4345401e-01  -2.6365545e-01   3.7969519e-01   1.8211451e-01   9.8041296e-02   2.3750344e-01   2.5743930e-01   2.2026902e-01  -1.9637983e-01  -2.6783196e-01   4.9887135e-02   3.2676815e-01  -2.2655926e-01   2.3563437e-01   3.4177448e-01  -3.3347966e-01   2.5375869e-01   1.5025966e-01   2.7124210e-02   6.1027273e-02   2.3394817e-01   1.5523717e-02  -1.8611235e-01   3.7344108e-01  -1.6764219e-01   3.0341599e-01  -9.1401373e-02   6.7856178e-02   3.3799031e-02   2.4578052e-01  -1.7694522e-01   4.2180721e-01  -8.5912845e-03   1.1255315e-01  -4.0713600e-01   3.4916414e-01  -2.8624279e-01  -2.0742229e-01  -7.3349778e-02  -2.0030186e-01   1.1046578e-01   2.9457895e-01   2.3531558e-01   4.2919597e-01   8.3119223e-02  -3.0930751e-01   3.6787968e-01   6.6707444e-02  -1.7554866e-01   2.1555714e-02   2.9675244e-01   1.9916837e-01   5.7105287e-01   3.5198187e-01  -1.9429597e-01  -2.1592293e-01   5.6322269e-01   2.0584920e-01  -2.0426267e-01  -2.3341080e-01  -1.5601958e-01  -2.4479439e-01  -1.2151399e-02  -3.4467844e-02   5.5915120e-01   2.8965228e-01   2.8657896e-01  -1.4330359e-01  -3.7323950e-02  -3.2849859e-01  -1.2018002e-01  -1.2244312e-01  -1.7070541e-01   1.2886424e-01  -2.9122284e-01  -2.3304456e-02  -2.5888504e-01  -1.3477374e-01   3.2890444e-01  -1.0185765e-01   4.7474778e-02   3.6457645e-01  -1.7955419e-02   3.3924578e-01   2.1917214e-01  -2.4767500e-01   3.4833676e-01  -1.0087897e-01  -1.8682785e-01   4.8138742e-01   3.2273019e-01  -1.3476687e-01   1.4565547e-01   1.1777298e-01  -2.6653576e-01  -3.6267846e-03   5.1412907e-01   3.5410048e-01  -1.8091688e-01  -2.0128098e-01  -2.1305001e-01   2.7422693e-01   2.9956596e-01  -3.1258146e-01   5.2202428e-01  -1.6124092e-01   3.0311760e-02  -1.7155954e-01  -1.0859916e-01  -1.9891238e-01   3.5669586e-01   2.7124856e-01  -1.8414508e-01   3.3990253e-01   4.6896457e-02   2.8324273e-01   1.9370013e-01   2.2502597e-01  -3.2952188e-02   8.3287083e-02  -2.1313029e-01   2.9082531e-01  -1.4169681e-02  -7.4376820e-02  -2.2556674e-01  -4.7197903e-02  -1.8038150e-01   2.7241611e-01   2.8866378e-02   5.2233807e-02  -7.8979787e-02  -5.2763075e-02   1.6117358e-01   2.0687048e-02  -1.0899931e-01  -2.9451971e-01  -2.1927764e-01  -1.8257558e-01   9.0434782e-02  -8.7313953e-02  -2.1211436e-01  -2.1034592e-01   4.4491713e-01  -4.0599923e-01   1.7234515e-01   4.4239960e-01   1.1513993e-01   9.1549659e-02   3.7091803e-01   4.6164721e-01   3.0890814e-02   3.0381224e-01  -1.1561990e-01  -2.2178569e-02  -3.2995359e-01   1.5544571e-01  -1.5953276e-01   4.1051175e-01   4.8151587e-02   3.8446496e-02   3.7619316e-01   4.1439394e-01
  -1.9578504e-01  -8.6967121e-02  -8.5466212e-02   3.7418869e-02   0.0000000e+00  -7.3929396e-02  -1.2599740e-02  -1.0988405e-01   1.8719672e-01   1.9278490e-01  -1.2435289e-01   6.7834213e-02   3.2697683e-01  -1.4093778e-01  -4.0527567e-01   1.3262851e-01   4.5310164e-02   2.9872150e-02  -2.2288608e-01   7.4748423e-01  -1.9432085e-01  -1.9787898e-01  -1.9524824e-01  -2.1610393e-01   1.8284137e-01  -1.6003017e-01   4.6439740e-01   3.8013879e-03   4.1661215e-02  -2.1867695e-01  -3.6786078e-01  -2.8079031e-01  -5.3652637e-02   4.9460910e-03   2.5168079e-01   3.6036540e-01   2.2253577e-01  -1.9198652e-01   2.3759361e-01   1.1482011e-01   1.4041871e-01  -1.6056916e-01   9.4099270e-02  -4.0846255e-02   2.5828235e-01  -3.2610035e-01   1.0888682e-01  -1.3805106e-01   1.6840171e-01   1.5733506e-01   7.5747941e-02  -1.9796467e-01   9.5426023e-02   5.4489617e-02  -4.1619940e-02  -1.5733415e-01  -2.4719535e-01  -2.4929096e-01   2.8553088e-02   7.7816010e-02  -2.2157858e-01   4.7014005e-01   3.0384292e-02  -2.3695455e-01   2.1963837e-01   2.4562436e-01   1.2199735e-01   4.1420198e-01   9.4217242e-02  -4.6947069e-01   2.7466493e-01   1.2438453e-01   3.0727928e-01  -2.2006243e-01   6.0344793e-02  -2.0747181e-01  -2.1256161e-01  -6.6709644e-02   4.9199872e-01   3.1765490e-01  -2.5119092e-01   3.5994888e-01  -2.6054070e-01  -1.2883466e-01   1.3948929e-01  -2.3794292e-01   2.8145021e-01  -1.9128328e-01   1.8168679e-01  -2.7610921e-01   5.6490194e-01  -1.9986328e-01   1.1541463e-01   1.2452027e-01  -3.2309731e-01   7.6080022e-01   2.2380689e-01  -1.5716106e-01   4.7927846e-01  -3.1374223e-02  -2.7409837e-01  -1.3070305e-01  -7.9100187e-02  -2.2848758e-01   4.7117178e-02  -2.1803764e-01   3.9198033e-02  -4.8825089e-02   4.5499304e-01   3.2708051e-01  -1.4306785e-01  -2.3619528e-01   4.0477596e-01  -3.0479613e-01  -1.4703134e-01   4.6935076e-01  -1.3498551e-01   3.6361421e-01  -2.1753665e-01   1.1546490e-01  -2.9555681e-01   6.3408649e-01   3.4669501e-01  -4.6581554e-02  -2.9572004e-01  -7.7596964e-02   1.7559574e-01   2.2392401e-01  -1.4559290e-01  -2.2782247e-01   2.4981174e-01   2.0573471e-01  -2.2331069e-01  -4.0136292e-01  -6.2949261e-02  -2.8147648e-01   1.9847456e-01  -2.8182913e-01  -3.6731189e-01  -1.9022419e-01  -1.0226961e-01   8.1324072e-02  -2.0606961e-01  -3.3896456e-01  -2.6433651e-01  -1.4946857e-01   2.4242166e-01   2.4331075e-01  -6.3545775e-03  -4.3312921e-02  -2.2348053e-01  -1.8947979e-01  -4.1576527e-01   7.5076452e-02  -4.9329883e-02  -2.5572295e-01  -3.6511340e-01   1.0313391e-01  -1.6005621e-01  -2.9823941e-01   1.8811069e-01  -5.6778715e-02   7.8499195e-02   1.2897107e-02  -1.5710896e-01   3.5396134e-01   1.4852852e-01  -1.9230985e-01  -3.2540316e-01   2.8645373e-01   3.8932892e-01  -2.0805141e-01   2.7139267e-01  -1.1336405e-01  -5.0563014e-02   7.3212103e-02  -1.9231292e-01
  -3.3737795e-01  -3.9251455e-02   2.1692820e-01   3.2832596e-01  -7.3929396e-02   0.0000000e+00   6.7036020e-01  -3.6280857e-01  -1.8434060e-01   2.0948850e-01   3.6023866e-01   3.8268494e-01   1.7477457e-01  -2.0780341e-01   7.5543316e-02   6.5296535e-01   1.8234265e-01   6.7880844e-02   6.0689650e-01   2.1451550e-01   3.4997131e-01  -2.2641594e-01   3.2793604e-01  -1.6220514e-01  -4.8620493e-02  -1.6618795e-01   4.2745275e-01  -6.5829997e-02  -2.5879890e-01   1.5576080e-01  -3.8472375e-01  -1.5691075e-01   2.3156325e-01   3.2873509e-01  -1.7289770e-01   5.0256063e-01  -3.8047570e-01  -5.3871895e-01   4.6046801e-01   2.3776451e-02   1.2929577e-01   1.2831050e-01   3.0193961e-02  -2.3445682e-01  -1.1278878e-01  -4.0995982e-01   6.0131641e-01   1.4078776e-01  -6.1089599e-02  -4.7041443e-02   4.0014045e-01  -4.5162118e-01  -8.3243528e-02  -1.8957824e-01  -2.7000510e-01  -6.5058467e-02   4.1851002e-01  -2.1457421e-01   1.1957301e-01  -3.3785323e-01  -3.3074563e-01   1.5228647e-01  -1.0661995e-01  -2.7266646e-01  -4.2482636e-01   4.8340845e-01   7.2296475e-01   2.2362680e-01   2.6489224e-01   2.5275951e-01  -1.6356786e-01   2.4474839e-01   1.0990988e-01  -1.8589813e-01  -4.1759038e-01  -5.3127762e-01  -5.0520145e-01  -1.9194401e-01   3.9002174e-02   1.0567995e-01   4.0508289e-01   2.0384300e-01   2.3189900e-03  -2.5437512e-01  -5.4646065e-02  -4.6924554e-01  -2.0262012e-01  -3.0654775e-01  -1.6293081e-01  -2.4748887e-01  -3.3874124e-01  -3.6381799e-01   2.2911602e-01   1.1686485e-02  -4.8889502e-01   2.2839740e-02  -5.4595947e-02  -5.7641276e-03   2.2489157e-01   3.5211345e-01  -7.0864399e-02   3.5321439e-01  -3.1389834e-01  -3.5358562e-01   2.7473590e-01  -1.2388445e-01  -1.8770701e-01   7.9140692e-02  -4.7236414e-02   2.5472444e-02   4.6566966e-01   2.8436734e-01  -3.4780624e-02  -2.3590267e-01   2.2289585e-01  -3.1075321e-01  -4.2831393e-02   2.1461630e-01   1.4440680e-02   2.3227097e-01  -2.9827606e-01  -2.4033562e-01  -4.6140907e-02  -3.4869595e-01  -4.2048090e-01   3.3292417e-03   1.1010703e-01  -3.9096851e-01  -2.0765336e-01   5.8516988e-01   4.5351327e-01   1.5703773e-01   1.9277202e-02   1.7433482e-01  -3.1916611e-01  -4.3330578e-01  -2.2216872e-01  -2.8861040e-02  -3.7341732e-01  -1.9161142e-01  -1.2480381e-01  -6.7375499e-02   1.7817186e-01   6.7418825e-01   3.5125709e-02  -2.6516636e-01   1.4809497e-01   2.0184759e-01   6.2250897e-01  -3.8156188e-01   6.4983557e-02  -3.7508494e-01  -1.7807540e-01  -6.0345930e-02   5.0660951e-01  -2.4524570e-01  -4.5161283e-01   1.4054674e-01  -2.4415397e-01   9.5501392e-02  -4.4389898e-02  -1.9588014e-01   1.6095559e-01   7.0083549e-03  -5.7486523e-03  -1.4777051e-01   4.1717281e-01  -2.5340621e-01  -5.8588203e-02  -1.3662429e-01   8.2851446e-03  -4.9170880e-01   3.6427271e-02   7.1264914e-01  -1.2878462e-01   1.7033256e-01  -1.1878107e-02
  -4.6161069e-01   2.0694171e-01  -1.5400879e-01   3.1387033e-01  -1.2599740e-02   6.7036020e-01   0.0000000e+00  -4.0275030e-01  -7.0873390e-02   4.7198780e-01   3.2549859e-01   5.9398462e-01   9.6473042e-02  -1.3636346e-01   2.0311608e-01   5.4230584e-01  -1.8061551e-01   1.6939787e-01   3.4524733e-01   3.2909469e-01   3.3185403e-01  -3.6648624e-01   3.3820886e-01  -3.6100036e-01   5.2079381e-02  -2.9969102e-01   4.0409361e-01   7.7500166e-02  -1.5354538e-02   3.1151853e-01  -3.2866383e-01  -1.9642842e-01  -4.2731814e-02   5.8603588e-01   2.3874075e-01   4.1603650e-01  -1.7999449e-01  -7.1996504e-01   4.3362878e-01   2.5952195e-02   9.9274806e-02  -3.4795957e-02   2.3516683e-01  -3.6659421e-01   3.5418447e-01  -6.5553022e-01   4.1761728e-01   4.1687605e-01  -8.4492761e-02  -3.1418947e-01   5.1620333e-01  -5.6653275e-01   1.0987353e-01  -4.0085541e-01  -5.2082411e-01  -3.4104130e-01   1.2586764e-01  -2.8449811e-01   2.0570627e-01   6.3449007e-02  -6.4864425e-01   3.5525683e-01  -1.4588286e-01  -2.4787034e-01  -9.4656073e-02   6.1261608e-01   4.4481449e-01   3.5470144e-01   9.6093352e-02  -1.7583021e-01   1.3487783e-01   4.1751237e-01   1.0617945e-01  -3.6708254e-01  -5.5705797e-01  -5.3833000e-01  -7.4366412e-01  -2.0744738e-01   3.9611716e-01   1.2080930e-01   3.0806763e-01   3.7327396e-01  -2.0534799e-01  -4.1684283e-01  -3.9619798e-02  -5.0574359e-01   4.8594086e-02  -4.2593214e-01  -9.5186422e-02  -3.6470817e-01  -1.2473333e-01  -6.8151394e-01   2.7724771e-01   3.0842033e-01  -6.6991642e-01   3.1503064e-02   2.2687194e-01  -1.6028916e-01   3.6348772e-01   3.9802378e-01  -7.1644307e-02   4.5519775e-01  -5.0902315e-01  -1.9838535e-01   3.5681962e-01  -2.8460471e-01  -4.0808581e-01  -8.8587218e-02   2.9064329e-01   1.5540672e-01   4.1230547e-01   2.6403452e-01   1.1838323e-01  -3.0703219e-01   1.5624970e-01   2.4999296e-02  -2.2699415e-01   2.3290248e-01  -1.7314967e-01   3.3404815e-01  -5.4582850e-01  -1.3916135e-01  -7.1605525e-02  -1.7428953e-01  -5.3064215e-01   1.9268229e-01   4.6719706e-01  -4.0731852e-01  -1.7008917e-01   2.4383835e-01   4.6590925e-01   4.8199894e-01   2.2368737e-01   7.4814488e-02  -2.3597889e-01  -5.0428206e-01  -8.3911138e-02  -1.3301913e-01  -4.7414696e-01  -2.8015621e-01  -1.5328195e-01  -1.3899468e-01   2.3372616e-01   3.0169663e-01   1.3513792e-01  -3.5740358e-01   3.8273062e-01   2.3655568e-01   4.3412580e-01  -1.2013040e-01  -1.0438660e-01  -4.9503210e-01  -4.6710667e-01  -7.3253182e-02   2.9153945e-01  -3.0027969e-01  -6.3248895e-01   2.4359464e-01  -6.3371636e-01   5.1535618e-03   1.9320458e-02  -2.2811380e-01   2.7374561e-01   3.0140077e-01  -1.1115684e-01   2.9818994e-01   4.2153312e-01  -2.7440451e-01  -2.4757936e-01   1.6674697e-02   3.1105012e-01  -6.9910375e-01   2.4582094e-01   3.1973232e-01  -1.8833234e-01   1.4056483e-01  -1.6762496e-01
   2.7424347e-01   6.6650726e-02   8.0289644e-02  -1.2771582e-01  -1.0988405e-01  -3.6280857e-01  -4.0275030e-01   0.0000000e+00   8.9672925e-02  -1.5180122e-01  -1.2582936e-01  -2.1575666e-01  -1.6369531e-01  -1.5155861e-01   1.1523357e-01  -3.6322373e-01  -1.1810809e-01  -1.5593566e-01  -4.1351734e-04  -2.1629647e-01  -4.2135648e-01   3.5045167e-01  -3.3579348e-01   8.6344134e-02  -2.2892373e-01   4.3398696e-01  -1.6237133e-01  -4.5714473e-02   1.1948668e-01  -1.2701836e-01   1.5651592e-01   2.8830687e-01  -1.0437532e-01  -2.6041079e-01  -3.0472724e-02  -3.4965408e-01   1.8596551e-01   4.3678918e-01  -4.4340348e-01   2.9224886e-02  -1.6889297e-01   1.8147944e-02   4.6298731e-02   2.3654281e-01  -1.6559584e-01   3.9609952e-01  -2.3782673e-01  -2.4430511e-01  -3.8032897e-01  -6.7197498e-03  -2.8018842e-01   7.1468317e-01   1.0743145e-03   1.3188275e-02   1.4687731e-02   5.7808270e-02   1.4169248e-02   5.7561605e-01  -9.9894803e-02   2.0704484e-01   3.5642542e-01  -2.5070969e-01   1.3882132e-01   2.4053791e-01  -2.5696781e-02  -3.1679308e-01  -2.2578020e-01  -9.7444412e-02   2.7652836e-02   5.3003390e-02  -1.1454933e-02  -1.6935104e-01  -1.7181631e-01   1.0094532e-01   2.6438377e-01   6.5670364e-01   4.0618027e-01   1.4929521e-01  -1.9063532e-01  -1.9617385e-03  -2.2557933e-01  -2.7099879e-01   7.7384364e-03   4.1797912e-01  -1.0831168e-01   6.4457795e-01  -4.2932706e-03   5.1371060e-02   1.1878245e-01   1.4853965e-01   1.2450525e-01   3.5665956e-01  -1.4148536e-01  -1.0794270e-01   4.9025369e-01  -6.7168738e-02  -2.0873013e-01   2.8439269e-01  -2.8165400e-01  -4.5432047e-01  -4.3804098e-02   2.9360788e-02   2.6006489e-01   2.4807999e-01  -3.3408518e-01   3.6142982e-01   1.1718133e-02   4.0785132e-01  -2.0611604e-01  -2.3200299e-01  -2.4162672e-01  -2.7830469e-02  -1.2947470e-01   3.0619476e-01  -1.5112516e-01   1.0187685e-01   2.2791253e-02  -2.6101374e-01  -2.0009450e-01  -1.8142814e-01   3.4175012e-01   6.0478522e-02   5.7602200e-02  -1.4200384e-01   4.6132584e-01  -8.2784044e-02  -2.7617604e-01   9.7076952e-02   3.8398018e-01  -3.7241872e-01  -1.8328262e-01  -2.3492199e-01   9.9222870e-02  -2.9161454e-01   3.1309694e-01   7.3167603e-01   1.4450301e-01  -7.0198876e-02   6.9139384e-01   2.2621623e-01   5.8953787e-02   5.6310668e-03   1.4846314e-01  -2.9137263e-01  -1.9676320e-01  -4.4874537e-02  -1.9465043e-01  -2.0642734e-01  -3.0631193e-01  -5.5792402e-02  -1.1642576e-03   3.7337174e-01   3.8460926e-01  -1.4271839e-02  -2.0009394e-01   2.2622363e-01   4.9018390e-01  -2.0375346e-01   2.4019314e-01   1.1486631e-01   3.9689333e-02   2.0916016e-01  -3.0048090e-01  -2.7102051e-01   3.7189292e-01  -7.7723818e-02  -2.4475852e-01   2.4134507e-02   1.4472697e-01  -2.2694646e-02  -1.2343099e-01   4.6987138e-01  -1.3483880e-01  -2.4053619e-01   9.6062566e-02  -7.7295336e-02   4.0039372e-01
  -2.2740567e-01   4.8980744e-01   8.0979230e-02   1.0090270e-01   1.8719672e-01  -1.8434060e-01  -7.0873390e-02   8.9672925e-02   0.0000000e+00   1.7186627e-01  -2.0184691e-01   1.3944460e-01  -5.1974022e-02   5.0716157e-02  -1.3498275e-01  -3.0633378e-02   1.1781872e-02   2.5190124e-01  -2.7519207e-01   6.5501943e-02  -3.5977206e-01  -2.1390647e-01  -3.4657519e-01  -2.4215985e-01  -3.5024812e-01   3.1937433e-01   1.2540168e-01  -3.0070554e-02   5.9917978e-02  -1.8688540e-01   1.6627665e-01  -1.5108487e-01  -5.7586924e-02   5.0460116e-02   4.0231521e-01  -2.7831903e-01   2.8255449e-01   1.6996370e-01   2.7514280e-02   1.6640381e-01  -4.8700475e-02  -1.5045355e-01   3.9944415e-01   4.5299081e-02   3.0693412e-01   3.4245229e-02  -3.1057673e-01   1.6649686e-01  -3.7601693e-02  -8.8332703e-02  -7.6694886e-02   1.7549823e-01   2.7410695e-01   1.7070311e-01  -1.2262448e-01   5.3729741e-02  -2.0178923e-01   1.5975693e-01   1.7670076e-01   5.2314825e-01   2.5032733e-01   1.1857678e-01   5.9407348e-01   2.1611170e-01   5.2438404e-01  -9.6551560e-02  -4.6699320e-02   2.9440032e-01  -1.7796740e-01  -2.1325917e-01   3.8114380e-01  -1.0641415e-01   2.9867457e-01  -3.4481053e-01   8.4412856e-02   1.8555887e-02   2.2265702e-01  -1.3857839e-01   2.8394005e-01   3.6773076e-01  -2.6557492e-01   1.4243890e-01   9.8266748e-04   4.7311623e-02   6.7518936e-02   4.3764407e-02   6.1547459e-01  -1.3008550e-01   3.4994634e-01  -3.4982759e-01   4.1593848e-01   2.2769115e-01   1.7223107e-01   5.2318139e-01   2.0046394e-01   6.2446867e-02   5.0022076e-02  -1.2757399e-02   2.4995335e-01  -2.9367770e-01   7.8138020e-02   4.6902133e-02  -1.1625859e-01   4.8564904e-01  -1.5267963e-01  -7.7763762e-02   1.4623140e-01   1.2301967e-03   2.9559391e-01  -4.4316219e-02   1.5749160e-02  -2.2124315e-01   1.4376607e-01  -1.4902430e-01  -3.4724954e-02   4.0754966e-01   1.7209998e-01  -1.3712645e-02  -1.0080646e-01  -2.5489814e-01  -2.3565193e-02   2.6756191e-01   2.2184363e-01   1.4159194e-01  -8.3144650e-03  -3.0400659e-01   2.5365723e-01   2.1946350e-01   6.4217462e-02  -3.2285376e-01   2.4797090e-02   2.5163360e-01  -4.4586066e-02  -2.8137877e-01   1.7938190e-01   8.1936162e-02   3.9210880e-01  -4.9128486e-02  -1.4485999e-02  -1.5762282e-01  -1.7100020e-01  -8.8887674e-02  -1.2998100e-01  -2.6404848e-01  -2.5085263e-01  -1.2356993e-01   2.0552275e-01  -1.1519075e-01  -2.9477937e-01   1.1554140e-01  -1.7042707e-01  -6.0863822e-02   1.5316423e-01   1.7632751e-01   5.1061253e-02  -1.3855316e-01   1.7975419e-01   1.6017800e-01  -3.2394247e-03  -3.0365948e-01   3.8965332e-01  -1.5011429e-02   2.1280888e-02   7.2793483e-03   2.3113654e-01   1.4163785e-01  -1.2437200e-01  -5.0235973e-02   2.2535270e-01   3.9780783e-01   2.2042391e-01   2.0484065e-01   4.7571305e-01  -2.8597543e-01   9.2894880e-02   2.8735285e-01   1.2515443e-01
  -5.1992900e-01   3.7329362e-02   7.6477666e-02   4.2716912e-02   1.9278490e-01   2.0948850e-01   4.7198780e-01  -1.5180122e-01   1.7186627e-01   0.0000000e+00  -2.9510177e-02   4.4665285e-01  -5.4267574e-02  -1.4225088e-01   2.9790223e-01   1.9410616e-01   1.3527349e-01   2.4848252e-01   3.8900667e-02   4.2621676e-01  -1.2283053e-01  -5.6554224e-01   3.3367421e-02  -5.0210466e-01  -3.6805014e-02  -4.4818997e-02   2.5417901e-01   2.9911317e-01   1.3175662e-01  -2.9061177e-01  -9.4044045e-02  -4.3184675e-01  -2.1913594e-01   8.0924656e-01   6.2469379e-01   1.8424564e-01   2.2673531e-01  -5.2554036e-01   2.7356366e-01   3.7889704e-01  -1.8664280e-02  -9.1072948e-02   3.1313028e-01  -2.4977169e-01   5.3680187e-01  -5.1922460e-01  -5.1712008e-02   2.0656148e-01  -3.1854086e-01   9.4881904e-02   3.2050711e-01  -2.2776608e-01   5.5627559e-01  -1.8177297e-01  -5.1465169e-01  -2.4157287e-01  -2.5892303e-01  -4.2769384e-01   1.7991915e-01   3.1449245e-01  -3.0131483e-01   2.8878420e-01   1.0340920e-01  -7.8588070e-02   4.3892185e-02   3.5631043e-01   2.5398264e-01   2.3726058e-01  -2.3772507e-01  -2.2272558e-01   4.9291061e-01  -6.2062305e-02   1.7427832e-01  -5.2108761e-01  -3.6324470e-01  -3.6716818e-01  -4.2548194e-01  -1.6329685e-01   5.4176247e-01   8.1736901e-02   2.3010607e-02   3.5508980e-01   7.2152292e-02  -3.0749099e-01   1.6270321e-01  -3.3829275e-01   4.0163570e-01  -5.1208419e-01   5.4797556e-02  -4.8044420e-01   1.1070709e-01  -3.5396917e-01   5.5880991e-01   3.0158860e-01  -4.7230911e-01   2.1299134e-01   7.7733198e-02   1.5754962e-02   3.4472717e-01   5.5916996e-02   2.0351017e-01   2.9849486e-01  -3.8083606e-01  -2.1505744e-01  -9.2224725e-02  -4.3613432e-01  -2.0919287e-01  -3.2331155e-02   5.5465102e-01   2.3081905e-01   4.8155277e-01  -3.5570694e-01   1.4871516e-01  -5.2964036e-01   3.7717110e-01   2.8027147e-01  -1.1135675e-01   1.2966700e-01   3.4717471e-02  -9.3077323e-02  -5.6367151e-01   1.2611000e-01   2.3889399e-01  -5.0917601e-02  -5.0387412e-01  -2.0659942e-01   5.6663005e-01  -1.2979187e-01  -2.6347546e-01   6.3951140e-02   2.5399252e-01   5.5118801e-01  -2.9821891e-01  -5.9511897e-02  -2.2592438e-01  -2.9827410e-01   6.2201199e-02  -4.3611842e-02  -3.2723969e-01  -4.4782039e-01  -3.9052935e-01  -3.1252017e-01  -1.5145825e-01   5.9835211e-02   2.1386338e-01  -1.7420678e-01   6.0386247e-01   1.6148961e-01   1.3453462e-01   1.4107289e-01  -3.7252786e-02  -3.7362474e-01  -4.1112912e-01  -4.6661835e-02   4.4656603e-01  -4.7374868e-01  -4.6713926e-01   1.7684124e-01  -3.4992242e-01  -4.1345642e-01   1.6176795e-01  -2.2430061e-01   4.4214484e-01  -6.0172930e-02  -3.2285460e-01   4.4524815e-01   1.3242631e-01  -2.1375477e-01  -1.6374042e-01   4.5281301e-01   4.4065929e-01  -4.3472632e-01   2.4236913e-01   1.4378426e-02  -2.4458813e-01   1.9958142e-01  -3.3281858e-01
   3.8887125e-02   1.2046784e-01  -4.1740279e-01   2.7192523e-01  -1.2435289e-01   3.6023866e-01   3.2549859e-01  -1.2582936e-01  -2.0184691e-01  -2.9510177e-02   0.0000000e+00  -9.4500249e-02   2.1828273e-01  -2.4974860e-01   1.0869179e-01   4.3387583e-01  -3.6825054e-01   4.4591972e-01   2.6212569e-01  -7.4018002e-02   5.4661932e-01   1.3944376e-01   3.7070618e-01   6.3939772e-02   3.2592296e-02  -2.0472895e-01   1.1913059e-01  -2.6227682e-01  -2.5568135e-01   4.6751410e-01   5.3395835e-02   2.4545182e-01   1.5588987e-01   1.7808556e-03  -3.4961269e-01   6.2985918e-01  -4.0356415e-01  -2.9901342e-01   3.3041937e-01  -5.8139149e-01   2.9553957e-01  -4.8026355e-02  -2.0368537e-01  -1.2183842e-02  -5.7021734e-02  -1.8185867e-01   7.9529319e-01   1.6914016e-01   1.5570624e-01  -4.5722555e-01   7.2108728e-01  -2.9830567e-01  -7.3375701e-02  -3.9541308e-01  -1.5353941e-01  -6.4129998e-02   1.5810759e-01   2.4006932e-02   5.6804011e-01  -1.7046151e-01  -4.4760059e-01   4.0036491e-01  -4.7975501e-01   2.6984922e-01  -1.7966662e-01   5.7545121e-01  -7.8693383e-03   1.8796957e-01   5.7236265e-01   1.5153954e-01  -3.7587321e-01   5.6821864e-01   2.4299119e-01   2.4548983e-02  -5.6008146e-01  -2.8502534e-01  -4.0394173e-01  -6.8569407e-03  -1.3906138e-01  -2.0769850e-02   2.6576965e-01   1.6242721e-01  -2.9010868e-01  -1.5016272e-01  -4.8198443e-01  -1.9174989e-01  -3.5294401e-01  -8.3918793e-02  -2.4644460e-01   1.0825491e-01  -1.9228951e-01  -4.3594630e-01  -4.8928509e-01   1.9709576e-01  -1.9445897e-01  -1.3465245e-01   8.2882948e-02   7.2284823e-02   3.7683213e-01   3.5105876e-01  -3.6689742e-01   4.0692527e-01  -1.8896871e-01   5.9876807e-02   5.0910158e-01   2.1186318e-01  -4.4467202e-01   2.2697056e-01  -1.5161852e-01  -3.9086913e-01  -9.3021287e-02   5.1840152e-01   2.9131586e-02   1.0405178e-01  -4.7497769e-01  -3.4564287e-01   1.0215812e-02   2.6981014e-01  -1.9330859e-01   4.7757143e-01  -6.3202306e-02  -4.3405004e-01  -4.7263320e-01  -3.8815757e-02  -8.0547668e-02   3.9305207e-02   7.6961878e-02  -4.8558814e-01   1.8239749e-01   2.0049391e-01   3.6359913e-01   3.5851383e-01   1.5867618e-01   2.9648928e-01  -5.1317505e-02  -2.2742960e-01  -3.3101780e-01   1.3217872e-01  -6.8141448e-02   1.4930200e-01   1.0539120e-01   6.2730831e-02   5.4993629e-01   1.2979615e-02   1.0916771e-01  -8.4294210e-03  -4.4982957e-01   5.1640368e-01   2.9825727e-01  -2.5117097e-01  -3.3551857e-01  -1.3150478e-01  -7.1529948e-02   4.7493203e-01  -2.4669161e-01   4.1696580e-02  -2.1413619e-01   3.9863865e-01  -2.5092636e-01   2.5712458e-01  -1.0112672e-01   3.3497383e-01   3.3320788e-01   5.5480985e-01   1.1963833e-01  -3.7412344e-01   5.6335964e-01   1.9330245e-01  -1.9992524e-01  -5.5519185e-01  -2.3846411e-01  -3.6216448e-01   2.9876509e-01   4.6715759e-02  -2.7667943e-01   1.4486027e-02   1.9389953e-01
  -3.7912546e-01   3.1594899e-01   3.0649290e-01   1.6752778e-01   6.7834213e-02   3.8268494e-01   5.9398462e-01  -2.1575666e-01   1.3944460e-01   4.4665285e-01  -9.4500249e-02   0.0000000e+00  -1.8248922e-02  -6.4896754e-02   1.1465802e-01   3.2261944e-01   2.1842281e-01   3.9019004e-02   1.2540416e-01   3.3037364e-01  -3.6879524e-02  -4.6342546e-01  -7.9108908e-02  -4.0777292e-01   2.8683090e-02  -1.2597670e-01   3.3344523e-01  -1.7848391e-02  -2.7707030e-02   1.3614940e-02  -3.1904195e-01  -4.0907052e-01  -1.0178466e-01   5.4951944e-01   4.6187181e-01   5.4435348e-02  -8.5666495e-02  -4.4581470e-01   2.7868277e-01   3.2025038e-01  -9.8392546e-02  -6.9711507e-02   5.9354300e-01  -3.0227412e-01   5.0086247e-01  -4.5661171e-01   2.0924092e-02   1.6778275e-01  -3.0239992e-01  -5.7768262e-03   8.4486060e-02  -4.0360481e-01   1.4309757e-01   3.0831591e-02  -4.2673838e-01  -3.1897679e-01  -1.1501588e-01  -2.9311907e-01   4.1850150e-04   3.6209935e-01  -2.5749080e-01   2.3314708e-01   2.7684116e-01  -2.5509986e-01   1.2041248e-01   2.5909031e-01   4.1455478e-01   3.3520736e-01  -1.0723853e-01  -1.2466416e-01   3.4096935e-01   1.5228561e-01  -9.5287203e-03  -3.0031041e-01  -2.1002024e-01  -3.3787261e-01  -3.8232356e-01   2.3361748e-03   4.8621523e-01   1.6929274e-01  -1.1949481e-01   3.6666911e-01  -2.1096929e-01  -3.0541040e-01   3.3952151e-01  -3.9116520e-01   2.8595062e-01  -3.9337829e-01   1.6372346e-01  -3.8045343e-01   1.0398512e-01  -3.2078463e-01   5.3407447e-01   3.5201844e-01  -4.5306544e-01   1.5592000e-01   1.8583658e-01  -1.0177200e-01   1.7299047e-01  -2.9002656e-02   9.1317050e-02   3.2157145e-01  -5.2633256e-01  -3.7780487e-02  -1.5770671e-02  -3.9277289e-01  -4.4089611e-02   7.1579455e-03   2.0062151e-01   1.3181598e-01   2.0139120e-01  -8.4728222e-02   2.3006414e-01  -3.1073125e-01   4.4375901e-01   3.0394444e-01  -1.1978315e-01   1.2426772e-01  -1.1982876e-01   6.0108077e-02  -4.5285328e-01   1.4654654e-01   3.7890973e-01  -1.6495982e-01  -4.2985188e-01   1.8472577e-01   5.3572272e-01  -3.8157914e-02  -2.0055929e-01   1.1135904e-01   2.5277422e-01   3.0602498e-01   1.1910442e-01  -2.3458945e-01  -4.0606924e-03  -3.4707219e-01   1.5640927e-01  -2.2932500e-01  -3.9894476e-01  -2.2688278e-01  -2.7332886e-01  -1.5016122e-01   1.2280227e-01   2.4441607e-01  -5.5830462e-02  -4.5285055e-01   6.4295914e-01   4.3073749e-02   9.4572670e-02  -1.1675259e-01   2.7286674e-01  -4.3977581e-01  -3.5180810e-01  -1.3014296e-01   5.4504601e-01  -3.1382065e-01  -4.5802230e-01   2.8747177e-02  -4.2032423e-01  -3.3920587e-01   1.9163621e-01  -1.0897960e-01   1.3449234e-01   5.5260341e-02  -1.8618017e-01   3.8477950e-01   1.5851598e-01  -3.9991165e-01  -1.0810774e-01   2.8140128e-01   5.9497051e-01  -3.7749766e-01   1.8367195e-01   2.4389501e-01  -9.0722435e-02   1.9945896e-01  -2.3527044e-01
  -1.3524815e-01  -9.9075618e-02  -1.9310506e-01   2.0310201e-01   3.2697683e-01   1.7477457e-01   9.6473042e-02  -1.6369531e-01  -5.1974022e-02  -5.4267574e-02   2.1828273e-01  -1.8248922e-02   0.0000000e+00   7.8785310e-02  -1.5352705e-01   3.8455944e-01  -5.0958269e-02   8.5251325e-02  -5.1002694e-02   3.2606130e-01  -1.4677323e-02  -1.5311457e-02  -8.5796214e-02  -1.0881200e-01   1.3941627e-01  -3.3049545e-01   2.0857416e-01  -2.6387182e-01  -1.7945015e-01   7.2216633e-02  -3.0042340e-01   1.0540378e-01   9.8890891e-02  -1.2447864e-01   3.6638959e-02   3.9128402e-01  -2.0778553e-01  -1.8978273e-01   4.1563961e-01  -1.9959630e-01   7.1596981e-01  -3.3221702e-02  -2.0630868e-02  -2.6357638e-01   5.9455200e-02  -1.8297202e-01   3.5416108e-01  -1.6967034e-01   2.3280514e-01  -1.0706630e-01   2.2507853e-01  -2.1628292e-01  -1.4297295e-01  -1.3708645e-02   7.2954652e-02  -3.0202872e-01   2.1782528e-02  -9.2661192e-02   2.1129414e-01  -1.0413319e-01  -3.1467578e-01   3.1408609e-01  -1.7783122e-01  -1.2414326e-01  -3.1564366e-02   2.3183546e-01   9.5833183e-02   3.4967655e-01   2.0423535e-01  -1.5969380e-01  -8.2595624e-02   2.8958944e-01   4.9797513e-01  -1.2526783e-01  -1.8229639e-01  -2.1100778e-01  -2.6434255e-01  -1.4863132e-01   5.7711409e-02   3.6164816e-01  -1.3225223e-01   4.7997851e-01  -3.8582561e-01  -2.6951642e-01  -9.1462399e-02  -2.0424860e-01   2.8320604e-02  -4.4004691e-02   1.0894228e-01  -8.8546700e-02   2.2070886e-02  -2.2768066e-01  -2.5784011e-01   4.8961692e-02  -2.7609554e-01   2.1732336e-01   2.2335700e-01  -1.7841986e-01   3.8721760e-01   4.4358843e-02  -1.8641652e-01   6.0739928e-02  -2.8422172e-01  -2.7778490e-01   2.6730238e-01   4.2537136e-02  -1.0925628e-01  -1.0818272e-01   1.5362472e-01  -2.3348104e-01  -2.1017348e-01   1.1593293e-01   1.4582658e-01  -8.9520224e-02  -2.3344054e-01  -7.2173597e-02  -1.6776021e-01   6.6064510e-01  -3.0417235e-01   3.0511791e-01  -1.6448664e-01   1.5550320e-01   1.7393320e-01  -4.9457858e-02  -1.0539579e-01   1.5702272e-02   3.1229734e-02   9.5463764e-02   8.4565284e-02   3.4954444e-02   5.6677085e-01   7.4670494e-02  -7.6034143e-02  -1.8935441e-01  -1.1818710e-01  -2.4994858e-01   1.0050815e-01  -2.6265113e-01  -1.4983588e-01  -6.8970813e-02   3.1314589e-02   2.8130015e-01   1.1356712e-01  -1.3588328e-01  -1.8344988e-01  -2.3905295e-01  -8.0996118e-02   1.1599776e-01  -5.8559169e-02  -2.1308261e-01  -1.0511501e-01  -3.6518862e-01  -2.1482317e-01   1.6248664e-01  -5.2423143e-02  -1.8292698e-01  -3.2274376e-01   3.7125203e-01  -2.2393550e-01  -9.3415517e-02   1.6074787e-01  -1.0341244e-01  -5.2523444e-02   1.7590931e-01   5.4158602e-02  -9.2954958e-02   1.4515999e-01  -1.7126451e-01  -2.9846290e-01  -1.9786459e-01   2.8449224e-02  -2.2065458e-01   1.5172202e-01  -1.0079377e-02   1.5157002e-02   8.2416732e-02   6.3324846e-03
   5.5301629e-02   1.7329585e-01   5.8460020e-02  -1.2818241e-01  -1.4093778e-01  -2.0780341e-01  -1.3636346e-01  -1.5155861e-01   5.0716157e-02  -1.4225088e-01  -2.4974860e-01  -6.4896754e-02   7.8785310e-02   0.0000000e+00   1.4125391e-01  -1.0600625e-01   1.5542861e-01   6.6694842e-02  -2.5508401e-01  -1.7937196e-01  -2.1689360e-01  -5.0747940e-02  -2.6140287e-01  -3.0159389e-02   9.4933438e-02  -8.3659576e-02  -2.9410875e-01  -1.5199830e-01  -4.2719110e-02   1.0404664e-02   3.3586738e-01  -1.1249904e-02   1.1012983e-01  -1.4140825e-01   9.3341851e-02  -3.9628224e-01  -3.3237614e-02   9.5425957e-02   2.2243787e-02   1.6008168e-01   1.1338293e-01  -2.2755107e-02   5.2842940e-02  -1.8194406e-01   7.9813557e-02   6.8346906e-02  -3.9289367e-01   1.2908793e-01   3.5503480e-01   1.0079055e-01  -2.1651868e-01  -4.4500881e-02  -2.5272931e-02   1.2192706e-01   3.2780507e-01  -1.5294124e-01  -5.3147893e-02  -1.3249135e-02  -2.7297437e-01  -2.8257135e-02   2.5075510e-02  -1.7824453e-01   2.7411893e-01  -1.6167839e-02   2.7672078e-01  -4.2122638e-01   2.7818939e-02  -1.0205173e-01  -2.7671201e-01   3.7661671e-02   2.0374617e-01  -2.6391544e-01   9.6874635e-03   6.6040281e-02   1.8515467e-01  -3.4579713e-02   6.7293476e-02  -9.6740957e-02   1.1756959e-01  -3.6817419e-02  -1.7836192e-01  -8.5076619e-02   1.6786522e-02  -1.0394982e-01   4.6062697e-01   3.5305454e-03   2.7686702e-01   1.0079094e-01   2.5633306e-01   2.0654252e-02  -4.3345982e-02  -2.4140148e-03  -2.8919618e-02  -1.1717426e-01   3.2643379e-02  -2.1071350e-01   1.3919327e-01  -1.9524261e-01  -9.3773884e-02  -3.0126484e-01   5.5885979e-01  -2.3221708e-01  -8.5478954e-02   4.8283062e-02  -8.1741756e-03  -5.5380348e-02   1.9270842e-01  -3.7619933e-01  -7.0142026e-02  -5.5359850e-02  -1.4320210e-01  -9.1312283e-02   4.3930634e-02   6.8788084e-02   1.6890156e-01   5.3262193e-02  -6.8390350e-02  -5.2596191e-02   2.3652871e-01  -2.3451752e-01  -1.3506044e-02  -5.1405693e-02   1.3977061e-01   4.7556295e-01   1.8083596e-02   1.3452556e-01  -6.5424159e-02   2.9431745e-01  -9.2565655e-02   3.4272990e-02  -4.5788863e-02  -1.1817434e-01   2.7155535e-01   2.3466038e-02  -1.3617746e-01  -7.4393140e-02   2.5835608e-01  -1.6168010e-02  -3.3616477e-02   8.0116478e-02   1.8503293e-01   4.7807084e-03  -1.8122834e-01   2.5660681e-02   7.6700962e-02   2.0360002e-01   1.5087980e-03  -3.0648028e-01  -4.3599747e-01   1.8334797e-01   2.2674665e-01  -8.9372547e-02   2.4432709e-03  -1.9475304e-01   5.9738625e-02   3.4914365e-02   6.7627270e-02  -1.4618433e-01   4.7366400e-02  -1.3830642e-01  -9.4015657e-02  -1.5755809e-01  -1.9433048e-01  -1.6892306e-02  -1.0731066e-01  -3.9841743e-02  -4.6801489e-01   4.1026279e-02   5.2643454e-02   1.5375411e-01  -1.6121835e-01   1.3895796e-01  -6.3027328e-02  -2.6959072e-02   1.2143238e-01   5.7880201e-02  -4.5889809e-02
