   0.0000000e+00  -9.2256378e-02   3.9621030e-01  -2.1381187e-01  -2.1945647e-01  -9.4396318e-02  -1.7866344e-01  -1.3451177e-01   3.7919277e-02  -9.7861518e-02  -1.8279391e-01  -7.7811391e-02  -2.1841750e-01   5.5376352e-02  -7.4450709e-02  -5.9050333e-02   2.8878596e-01  -2.1284881e-01   4.3289093e-03  -2.1091245e-01  -9.1118786e-02  -8.4636056e-02  -1.1023044e-01   6.5173710e-01  -2.4261531e-01   2.2925634e-02  -2.2943603e-01   2.5764174e-01  -3.2373293e-01  -3.0639214e-01  -1.7202540e-01  -2.9752935e-02   3.2242759e-02  -3.8702925e-02  -1.6224186e-01  -2.9072566e-01   3.4426723e-02   4.1261804e-01  -3.0583748e-02  -4.2367299e-02  -5.4468864e-03   8.0204364e-02  -2.1867139e-01  -6.6365666e-02  -4.1521964e-01   5.1301715e-01  -3.1983429e-01  -2.5792970e-01  -3.4627517e-01   1.1155529e-01  -2.1967826e-01  -8.3674485e-02   5.2402145e-03  -1.1972942e-01   8.8391135e-03  -8.5169148e-02   6.8409897e-02  -1.7897756e-01  -3.2947064e-02  -1.4659480e-01   3.8078877e-01  -1.6042538e-01  -1.3483150e-01  -6.9965914e-02  -1.9390117e-01  -1.3473829e-01  -1.9499688e-01  -1.7181553e-01  -3.2473096e-01   4.2439828e-01  -1.8441309e-01  -2.1932744e-01  -8.3956690e-02   4.0955408e-01  -2.6324789e-03  -9.2796371e-02   5.5177567e-01  -1.0771496e-01  -6.5803283e-02  -2.8418681e-01   8.2277909e-02   1.2500099e-01  -1.0808354e-01  -9.9102313e-02   3.8308415e-01  -4.4983715e-02  -2.0755835e-01   1.5666063e-01  -4.4414265e-02   6.5628185e-01  -9.9260666e-03   4.4010784e-01  -7.6427861e-02  -6.8218873e-02   5.4581026e-01  -1.2236504e-01  -2.7878417e-01  -7.4761547e-02  -2.2261616e-01  -1.6359863e-01   4.7631157e-02  -1.0573488e-02   4.3768232e-02  -3.0729828e-01  -2.0846223e-01  -2.6404350e-01   1.4364486e-02  -2.5022328e-01  -3.0716358e-01  -4.2184331e-02  -7.2646959e-02  -1.0636310e-01  -1.2943325e-01   7.5097179e-01   9.2716044e-02  -7.5277847e-02  -6.9406240e-02  -1.9845409e-01   8.2373605e-02  -2.0380349e-01   5.5182293e-01  -8.0207041e-02   6.4725507e-02   2.2739465e-02   8.0493236e-01   3.7449642e-01  -2.0863853e-01  -1.2792998e-01  -2.1090539e-01   1.4840773e-01  -4.7302681e-02  -2.1532161e-01   3.6114265e-01  -7.0017593e-02  -9.2492666e-02  -1.8109980e-01  -2.1990234e-01   2.4754946e-01  -5.9520340e-02   2.9679062e-01   4.6716598e-01  -2.5404135e-01  -3.1628861e-02   8.1035107e-02   2.4623543e-02  -2.7908185e-02  -5.8095925e-02  -9.7465566e-02  -8.3656699e-02  -1.0014832e-01   6.7858945e-01   6.7830860e-02   3.8645672e-01   6.7401009e-02   1.2335551e-01   7.8261390e-02   5.4376837e-01   1.7299524e-01   3.1334080e-01  -2.4180980e-03  -1.2824305e-01  -2.2168753e-01  -6.6594667e-02  -2.5498690e-01  -2.3602442e-01  -2.4688069e-01  -1.5893518e-01   4.7904853e-01   4.4793542e-01  -2.4974073e-01  -1.5761365e-01   4.3231150e-01  -2.9436562e-01   2.7893032e-02  -1.1418413e-01   5.8488193e-02  -2.1964071e-01
  -9.2256378e-02   0.0000000e+00   1.9241230e-02   3.4814408e-01   1.6287701e-02   2.0233737e-01   3.7139950e-01  -2.4298505e-01   3.1752406e-01   3.6866803e-02  -1.0591394e-01   4.9516414e-01   1.8095441e-02   3.3209285e-01   7.1638685e-02  -1.5729637e-01  -3.0194858e-02   4.6243162e-02  -2.6393040e-01  -5.4873352e-03  -6.9832983e-02  -2.5047649e-02  -1.3583869e-01  -2.1263094e-01   4.2276935e-01  -2.2276453e-01   1.1113384e-01  -6.6578265e-02   1.3142300e-01   3.0385586e-01   4.4041260e-02  -3.3904005e-02  -3.2228057e-01   7.8692987e-03   4.2577345e-01   2.2220462e-03  -1.2166398e-01  -2.3621577e-01  -1.5951226e-02  -1.6049389e-01  -6.4208044e-02  -3.1055501e-01   5.8259050e-01  -2.6121922e-02   3.3858711e-01  -1.2256999e-01  -2.2109497e-03   3.5551777e-01   8.7157205e-02  -2.0859248e-01  -2.5266479e-02  -3.2448360e-01   1.1613144e-01   4.6279687e-02  -1.0575295e-01  -8.8505591e-02  -9.8120550e-02   3.6642831e-02  -2.3486475e-01   5.2143137e-02  -1.2867589e-01   3.0725440e-01   4.0914960e-01  -1.7076096e-01   3.2836913e-01  -1.8013100e-02   1.1143087e-01   3.9978861e-01   4.3705647e-02  -5.0767522e-02   2.0877879e-01   3.3916642e-01  -7.7862601e-02   9.9363822e-02   7.9963972e-02  -1.3951994e-01  -2.0989724e-01  -1.2354402e-01  -5.2976237e-03   3.4871182e-01  -2.2885309e-02  -6.1625252e-02   3.0115085e-02  -2.6868249e-01   3.6241669e-02  -1.9298428e-01   4.5814240e-01   1.9210420e-01   2.0614347e-01  -1.1818912e-01   5.1331386e-03  -1.1709190e-01  -4.5824251e-02   2.5817699e-01  -2.2299928e-01  -3.0354415e-02   1.6044625e-01  -2.0020589e-01   1.3186334e-01   4.0324593e-03  -1.1104806e-01  -7.0034847e-02  -1.0930291e-02   1.4128213e-01   1.5881737e-01   1.9879827e-01   3.1853065e-03  -7.2894557e-02   2.3636811e-01   1.2070320e-01  -1.1216339e-01  -4.4793836e-02   3.3168082e-01  -1.4431271e-01  -1.4460729e-01  -6.3641759e-02   6.0477764e-02   1.4149108e-01  -1.3730701e-01   8.9891419e-02  -3.2029575e-01   2.3995184e-01   3.1798076e-01   1.8737715e-01  -2.2718150e-01   1.7555866e-01   1.5915145e-01   1.4366523e-01   1.6336351e-01   1.0379368e-01  -3.8083243e-01  -8.9880668e-02   2.0576159e-01   2.1762750e-01   3.7351622e-01  -1.8733285e-01   2.5704506e-01   1.5248945e-01  -2.3083593e-01  -2.6343840e-01  -2.0246156e-01   1.1826318e-01   1.7304310e-01   2.5471805e-01  -7.6679752e-02  -2.0132447e-02   1.8020237e-01  -5.8345608e-04   3.0108870e-02   1.2028247e-01  -2.3102795e-01  -1.6840252e-01  -2.3116231e-01  -1.4998068e-02   2.9119726e-01  -1.3325242e-01  -2.1922531e-01  -1.6600718e-01  -2.4429902e-01  -2.7761509e-01   3.8355998e-01  -1.2205555e-03   1.6830447e-02   2.0034159e-01  -1.0969804e-01   1.2766933e-01   2.6404028e-03  -3.2422979e-01  -1.2266848e-01   1.2084110e-01   7.8213104e-02  -3.7415301e-01   1.9601048e-01   2.5088308e-01   1.9127560e-01  -8.7778721e-02  -1.1737052e-01
   3.9621030e-01   1.9241230e-02   0.0000000e+00   9.2359229e-02   1.3950986e-01   3.9557728e-01  -2.4442288e-01  -1.2872394e-02  -2.7157296e-01  -2.0432619e-01  -3.5236072e-01   4.6572477e-02  -1.6448968e-01  -2.9603081e-01  -5.0502167e-01   1.8413114e-01   8.8526170e-01  -1.4892711e-01  -6.2251396e-02   2.0691986e-01  -1.3319499e-01   1.9751994e-03  -2.5056064e-01   2.4169541e-01  -1.5891990e-01  -9.4260927e-02   2.0606499e-01  -2.9831312e-01  -2.5822936e-02  -1.2468280e-01  -5.0162167e-01  -8.8994634e-02   4.4791078e-02  -3.5439238e-01  -2.5008451e-01   5.3577007e-02  -1.8234158e-02   4.3298656e-01   2.3154933e-01   4.3511962e-01   1.3960953e-01   2.0160155e-01  -2.5496295e-01  -2.5034555e-01  -2.3996295e-01   6.6600516e-01  -9.0507410e-03  -3.5952272e-01  -6.4754178e-02   6.5952942e-01  -1.4860567e-01  -1.8204710e-01  -2.1387649e-01   1.6789181e-01  -2.0868460e-01  -2.4491575e-01   2.5591339e-01  -1.4242075e-01   3.6486971e-02  -3.3816515e-01   6.7471287e-01   1.0814051e-01  -1.8273887e-01  -3.7455721e-01  -2.6892412e-01  -1.0701725e-01   3.3417346e-01  -1.0362206e-01  -2.9107622e-02   5.1938986e-01   5.3190567e-02   1.9117778e-03  -8.6932144e-02   1.8108867e-01   7.9542565e-02  -3.0188428e-01   6.7749014e-01  -4.1226312e-02   7.2744858e-02  -1.0071838e-01  -4.5843884e-01   1.1049195e-01  -8.3532925e-02  -1.9483239e-01   4.2649072e-01  -3.8805298e-01  -2.2813923e-01  -9.1377231e-02   1.1182140e-01   1.4496572e-01   1.4999444e-01   7.6805338e-01   2.4113189e-01  -2.5832281e-01   6.0484402e-01   3.5372743e-01   1.0251925e-02  -1.4412956e-01   1.0578462e-01  -2.8034487e-01  -2.1180842e-01  -2.5148521e-01  -5.0789581e-02  -3.0043223e-01  -1.8823279e-01  -1.4142629e-02   4.8047421e-01  -6.8454747e-02  -2.2647183e-01  -1.2999972e-01  -2.0674275e-01   4.4566844e-02   1.4352622e-01   3.3498816e-01  -2.1997770e-01  -4.0139122e-03  -2.1363533e-01  -2.3558322e-01  -3.5043526e-01  -8.4423925e-02   3.1167058e-01   2.5003479e-01   1.6868957e-01  -1.1552004e-01   4.7412472e-01  -2.2994991e-02  -3.2294536e-01   1.6534326e-01  -1.5876092e-01   2.9967017e-01   8.2060819e-04  -3.8994538e-01   1.0859047e-02  -2.0408266e-01  -1.8334345e-01  -3.9836492e-01  -1.7820776e-01  -1.7591906e-02  -3.2966166e-01   2.3166522e-01   3.4474537e-01  -5.6141540e-02  -2.2732093e-02   5.2673558e-02  -3.1407288e-01  -3.1955961e-01   8.3676814e-02  -5.2021699e-02  -7.1004147e-02  -2.1454419e-01   2.0040386e-01  -3.1489636e-01   3.9215448e-01  -4.3287212e-02   6.3201691e-01   9.8173976e-03   5.0615437e-01   1.8970018e-01   7.2818930e-01  -1.4419492e-01  -2.9576492e-02  -1.8815709e-01  -1.0740192e-01  -1.3427026e-02   2.2815804e-02  -1.1215392e-01  -1.2640984e-01   5.1241369e-02   5.3387817e-01   2.2872266e-02  -6.4665999e-02   4.5882653e-01  -4.3574754e-02   3.6093587e-01  -1.6200442e-01   1.6596358e-01   5.8959502e-02
  -2.1381187e-01   3.4814408e-01   9.2359229e-02   0.0000000e+00   3.0660587e-02   6.5312000e-01   7.5028958e-02   1.6837470e-01   2.9316998e-01  -1.7902863e-02   2.2162253e-01   3.7036599e-02  -7.0272688e-03   5.9370906e-02  -2.0111541e-01   1.8675550e-01  -3.4122036e-02   2.3557109e-01  -6.7661646e-02   5.9757947e-02  -3.2898511e-02   2.9741336e-01   3.2684948e-02  -2.6444836e-01   3.1352791e-01   1.6197741e-01   5.7321328e-01  -1.5388056e-01   3.2001995e-01   4.0623020e-01  -1.4759056e-01   1.6323953e-01  -4.2772507e-01  -1.7617175e-01   2.2634945e-01   2.4673606e-01  -1.2446623e-02   1.7079962e-01   2.4432758e-01  -4.6882195e-04  -2.9465509e-02  -2.0481031e-01   3.6283090e-01   1.0529667e-01   5.8856358e-01   8.3313912e-02   3.4977645e-01   1.5178792e-01   3.2526787e-01  -2.7167935e-01   2.1939772e-01   1.5440943e-01  -2.2721421e-01   3.3332801e-01  -6.5614338e-02   1.1522258e-01   2.3032417e-01   4.8370080e-01  -1.3500192e-02   4.3374917e-02   1.5001789e-01   5.8387731e-01   2.4821015e-01  -2.8810263e-02   4.9652887e-01   6.0805928e-02   5.7604464e-01   7.6253058e-01   5.7821943e-01  -8.5006453e-03  -4.6541368e-03   8.3432922e-01  -9.0628357e-02  -8.6052495e-02   4.6122131e-02  -1.8875261e-01   6.6718795e-02  -9.0509033e-02  -1.6163562e-01   6.0865904e-01  -1.0964727e-01  -1.9561224e-01  -9.9216254e-02  -2.9203757e-02  -3.9059592e-02  -1.2885793e-01   2.1050349e-01  -1.3724917e-01   1.8923487e-02  -2.6763419e-01  -6.9683884e-04   1.1198197e-01  -2.2845772e-01   4.0955259e-01   1.1081069e-01   2.1740045e-01   2.6560472e-01   5.0060540e-02   4.4293643e-01   6.6853820e-02  -4.3125822e-01   1.1499053e-01   8.0142101e-03   1.9248702e-01   4.2433186e-01   5.3017750e-01   1.9832180e-01   3.6148685e-01   5.7392827e-02  -2.1200366e-02  -3.5691602e-01   4.0013904e-01   7.7987529e-01  -5.3413502e-02  -4.4175324e-01  -4.3147861e-01   2.2763422e-01  -5.5828897e-02  -2.2991966e-01   5.1809861e-01  -1.6707278e-01   6.5134866e-02   1.0093714e-01   2.8839791e-01  -1.3916855e-01  -1.0342299e-01  -5.3929145e-02   1.8485247e-01   6.1513557e-01  -1.2961037e-01  -5.0233546e-01  -1.8184438e-01  -1.3076686e-01  -1.1469499e-01   5.5537550e-01  -1.3425070e-01   3.1544180e-01  -8.5882690e-02  -1.8170732e-01   2.1985378e-02   1.1977797e-02   1.2350697e-01   4.3450311e-01  -2.4216759e-01  -3.4528815e-01  -8.7964619e-02  -1.3971718e-01   1.3500659e-01   6.2310545e-02  -2.4114645e-02  -3.5124494e-01  -2.4887377e-01  -2.5023123e-02   4.5157967e-02  -2.6143975e-02  -7.0972457e-02  -5.2057573e-03  -9.1053120e-02  -2.9546888e-02   5.7774569e-03   6.3535343e-01   4.6584987e-01   9.2336377e-02   4.9961377e-01   3.6333204e-01  -1.1349772e-01  -1.6324020e-01  -2.5328225e-01   1.7367998e-01  -1.0989750e-01   3.4275543e-02  -9.9813320e-02   7.2794367e-01   2.2827067e-01   2.1302705e-01  -2.8171741e-01   2.8779186e-01
  -2.1945647e-01   1.6287701e-02   1.3950986e-01   3.0660587e-02   0.0000000e+00   1.2691122e-01  -1.4980138e-01  -6.5061698e-02  -2.9963338e-01  -3.2181987e-01  -3.6994356e-01   1.9293181e-01   1.4657503e-01  -1.5801030e-01  -1.8844054e-01   2.3689620e-01   3.1258352e-01  -3.2896772e-01   4.7780144e-02   7.2402066e-01  -3.0681082e-01   1.0037626e-01  -2.8462941e-01  -1.4717033e-01   7.7803867e-02  -5.2870119e-02   1.9584777e-01  -2.7304070e-01   1.4214300e-01  -1.7758628e-01  -1.1316026e-01  -1.9808939e-01   1.0407275e-01  -2.8761169e-01  -4.6210791e-02   4.6621140e-01  -1.2460074e-01  -7.5568772e-02   2.9048889e-01   4.1406387e-01   1.4556399e-01   1.9814036e-01  -6.1930576e-02  -1.7750878e-01  -5.1038768e-02  -1.7031599e-01   2.3467533e-01  -2.9289203e-01   2.8418212e-01   4.2081360e-01  -2.9119103e-01  -4.9989892e-02  -2.2095677e-01   3.3545141e-01  -1.3974432e-03  -6.6838946e-02  -3.2006120e-02   2.1376547e-02  -8.7869290e-02  -1.4910252e-01  -4.5716133e-02   3.7630142e-01   6.5695941e-02  -2.2125281e-01  -1.7805598e-01  -2.3970373e-01   2.6233329e-01  -1.1381338e-01   1.3812287e-01  -2.4898188e-01   4.0641714e-01  -9.8717839e-02   1.2472210e-01  -1.2762060e-01   2.7958799e-01  -1.4332060e-01  -6.7709978e-02   6.1779815e-02   6.9422474e-01   2.0347125e-01  -3.8264192e-01   2.6626088e-02   3.5017846e-01  -1.4199298e-02   2.0567043e-01  -2.2216933e-01   6.4630564e-03  -9.0701858e-02   3.0411103e-01  -1.5809661e-01   6.5171623e-01  -6.2018738e-02   5.1506848e-01  -1.4077688e-01  -7.3078927e-02   6.9653156e-01   1.6006948e-01   7.5981981e-04   3.3767458e-01  -2.6665297e-01   1.5168169e-01  -2.5848587e-02  -4.7353365e-02  -7.1337620e-02  -3.1260486e-01  -2.9540877e-02   2.8101891e-01   5.4093576e-02   1.2436165e-01  -3.2717820e-01   3.4568386e-02  -1.9885432e-02  -8.8174784e-02  -9.6219866e-02   2.0784794e-01   4.5351397e-01  -4.6309766e-02   1.7986990e-01   4.7628002e-02  -1.0460733e-01  -1.8490912e-01   6.1077321e-01   3.0346696e-01  -2.9291288e-01  -2.5574256e-01  -2.7591585e-01  -3.0312964e-01   5.0577084e-01  -1.1395623e-01   4.8181999e-02   3.3564142e-02  -1.6682271e-01  -3.2139662e-02  -2.6748314e-01  -1.4065674e-01  -7.3111262e-02   1.8744385e-01  -3.8729281e-01  -1.1196153e-01  -1.0045799e-01  -7.0109619e-02   4.2769081e-01  -1.2355279e-01   1.1479323e-01  -2.6889553e-01  -2.3566174e-01   4.1919594e-01  -2.4414371e-01  -2.5831299e-01  -4.3277535e-01  -1.0491539e-01  -1.2447393e-01  -8.5219716e-02  -1.3075109e-02   4.7047747e-01  -2.5725095e-02  -2.2281698e-01  -9.1697990e-02   7.5332531e-02  -2.1676234e-01   1.6651642e-02  -9.1872996e-02  -1.4740669e-01  -1.3278707e-02   5.6306246e-02   5.3019381e-01  -4.4366354e-02  -2.5790306e-02  -3.8752816e-02   6.6882340e-01   5.8825975e-01  -6.1683016e-02  -3.1526665e-02   1.0672776e-01   5.6735206e-02   3.4688067e-01   1.2201456e-01
  -9.4396318e-02   2.0233737e-01   3.9557728e-01   6.5312000e-01   1.2691122e-01   0.0000000e+00   1.7786314e-01   6.6299697e-02  -5.8574997e-02  -2.7858880e-03   4.2406185e-02   3.9995751e-02  -1.3943750e-02  -4.5637799e-02  -3.2690938e-01   3.4610750e-01   2.6686076e-01   2.9103764e-01   3.5272789e-02   2.2845891e-01   1.3161635e-01   1.4000180e-01   5.4070017e-02  -1.7081732e-01   7.6617139e-02   7.2947922e-02   6.5870248e-01  -1.6214364e-01   1.0875682e-01   3.0343279e-01  -1.8569660e-01   9.3911210e-02  -2.1880055e-01  -1.6757490e-01  -7.9861322e-02   3.8064520e-01   7.2881726e-02   1.4747070e-01   3.7908101e-01   1.4538506e-01   5.6899897e-02   4.8244108e-03   1.6438189e-01  -4.6417646e-02   4.6957701e-01   3.0385569e-01   4.1828835e-01   1.4548221e-01   2.3132134e-01  -4.7620525e-02   3.2862965e-01   1.7835402e-02  -2.5622660e-01   3.1304301e-01  -1.7951844e-01   3.6591583e-02   4.4942438e-01   2.5009140e-01   8.6577727e-02  -1.7290021e-01   3.2933172e-01   4.9438580e-01  -6.2065539e-02  -2.7671005e-01   1.5778767e-01   2.7084275e-01   8.4302080e-01   4.1431511e-01   5.2903384e-01   3.5936593e-01  -1.4534235e-01   5.5805192e-01  -3.9125294e-03  -6.9008416e-02  -4.4590520e-02  -3.1419972e-01   2.1480026e-01  -9.9017458e-02  -2.8248325e-01   3.1068646e-01  -7.9181149e-02  -5.9101222e-02  -7.8426208e-02  -9.2766730e-02   2.7484307e-01  -3.1013952e-01   6.4927532e-02  -2.2585805e-01  -1.0476918e-01  -2.1383233e-01  -2.2136286e-01   2.8096293e-01   1.2433494e-02   8.4667093e-02   1.7855833e-01   3.3101445e-01   1.3866844e-01   5.8760567e-02   3.8980066e-01   2.2878855e-02  -3.0015834e-01   1.6232404e-02   9.1503285e-02   1.5087747e-03   3.4243132e-01   3.5511548e-01   3.2865742e-01   3.2065957e-01  -1.6220018e-01   1.7390207e-01  -2.3075640e-01   3.0890778e-01   4.6844121e-01  -2.9236976e-02  -3.4898665e-01  -4.4291305e-01  -2.0732400e-02  -1.5147378e-02  -2.1956306e-01   3.0890347e-01  -1.3736588e-01  -5.4808517e-02  -3.2972468e-02   6.9839572e-02  -2.7777486e-02  -2.1316026e-01  -8.8604597e-02   8.1048902e-02   2.5950903e-01   2.1679432e-01  -2.3252224e-01  -2.7396874e-01  -1.0818331e-01  -2.8028480e-01   2.5226279e-01  -2.7989465e-01   1.1486966e-01   6.7494569e-02  -3.2279347e-01  -1.1227644e-02   2.9162852e-02   1.1572212e-01   2.5429113e-01  -1.9485311e-02  -2.3000936e-01  -7.1731438e-02  -1.1579420e-01   2.9772097e-01   2.8679173e-01  -1.4761919e-01  -1.5977262e-01  -2.4750309e-01   1.6550774e-01  -8.8064095e-02   2.2029146e-01  -9.4844124e-02   8.3563154e-02  -1.7021903e-02   2.7169934e-01   5.8525964e-02   3.6034523e-01   2.2348539e-01   1.1909902e-01   3.5845546e-01   3.3102405e-01  -2.8799717e-01  -1.8003300e-01  -1.3989754e-01   3.4465470e-01   2.4402914e-02  -1.7021969e-01  -5.7966381e-02   5.2570035e-01   6.0055686e-01   2.3219430e-02  -1.0689947e-02   3.3558128e-01
  -1.7866344e-01   3.7139950e-01  -2.4442288e-01   7.5028958e-02  -1.4980138e-01   1.7786314e-01   0.0000000e+00  -1.9266284e-01  -4.3261483e-02   5.5438342e-01   1.8858790e-01   1.2850015e-01   4.3627227e-02   2.1946718e-01   1.4173362e-01   6.8003019e-02  -3.6768574e-01   4.0218541e-01  -2.5188123e-01   1.6356819e-01   4.6846205e-01  -1.1551078e-01   2.8961903e-01  -3.9972736e-01  -1.4940809e-02  -4.2368102e-01   1.5074505e-01   1.1913929e-02  -1.9486044e-01   3.7668890e-01   2.0157304e-01  -6.7683380e-02  -2.8826401e-01   5.3921000e-01   2.3177274e-01   3.9169140e-01   1.4579994e-01  -2.0958240e-01   6.0660423e-02  -2.5717229e-01   4.9710077e-02  -3.4114004e-01   5.0186755e-01  -2.1800185e-01   5.2556784e-01  -1.8993009e-02   3.3672315e-01   8.9039966e-01  -2.1470530e-02  -4.5699230e-01   4.1828041e-01  -3.6738538e-01   4.1831901e-01  -3.3420082e-01  -2.8690301e-01  -3.7948944e-01  -2.0521077e-01  -2.8035482e-01   7.0284361e-02  -2.2508640e-01  -1.2580046e-01   1.0941803e-01  -1.0977797e-03   6.9639440e-02   4.0381447e-01   6.7921899e-01   1.7250540e-01   5.8630513e-02  -7.2897683e-02   2.1043899e-01   7.1986914e-02   1.0405994e-01   1.5334512e-01  -2.6438383e-01  -3.3338829e-01  -2.2854537e-01  -1.9461512e-01  -1.9064760e-01  -3.7377533e-01  -8.2842919e-02   3.4529965e-01   1.0076332e-01  -1.8712698e-01  -3.7914472e-01   5.2353011e-02  -2.2119658e-01   3.4509074e-01  -2.1506133e-01  -3.2600155e-01  -2.9873199e-01  -3.8357931e-01  -2.2677778e-01  -2.1919867e-02  -2.3170243e-02  -2.0189269e-01  -4.2449899e-02  -7.3248605e-02  -3.0858989e-01   2.1024714e-01   4.0830917e-01  -4.9760101e-02  -5.6450799e-02  -6.6642772e-02  -8.7496942e-02   3.3077112e-01  -4.8882153e-02  -3.2285607e-01  -1.9452531e-01   2.0837352e-01   3.7920148e-01   2.9260969e-01  -1.2943615e-01   2.0576967e-02  -2.3344562e-01  -5.4593110e-02  -1.0938017e-01  -3.1810660e-01   1.7311793e-01  -7.5135406e-02   4.8521951e-02  -4.3945494e-01  -1.1539900e-01  -1.8808492e-01   2.0532880e-01  -3.1843057e-01  -9.9002118e-02   4.7323296e-01  -2.6640090e-01  -8.2380093e-02   1.3918812e-01  -6.8866698e-03   2.9322459e-01  -2.4647388e-01   1.3503763e-01   6.7736423e-02  -1.8538816e-01  -1.3950284e-01   5.0083841e-01  -3.0058123e-01  -2.1798800e-01  -2.8339081e-01  -1.3273443e-01  -7.8269186e-02   9.1724766e-02   2.7421682e-01   1.1894318e-01   1.6350135e-01   5.7333417e-01   4.1663491e-01   1.7094070e-01  -1.7281164e-01  -2.2575947e-01  -2.9562559e-01  -2.3832994e-02  -9.4018018e-02  -2.1287425e-01  -3.0126562e-01   1.5524090e-02  -2.7992347e-01  -2.5047855e-01   6.9582051e-02  -9.8111726e-03   5.2376577e-01   2.3024593e-01  -3.2682649e-01  -3.2358684e-02   1.5324892e-01  -2.2775666e-01  -2.7151658e-01   2.1587092e-02   5.8005962e-02  -3.0910367e-01   2.7179817e-01   1.8583864e-01  -1.8323864e-01  -1.5616852e-01  -1.4776630e-01
  -1.3451177e-01  -2.4298505e-01  -1.2872394e-02   1.6837470e-01  -6.5061698e-02   6.6299697e-02  -1.9266284e-01   0.0000000e+00   1.5826748e-01  -1.9468580e-01   3.2848633e-01  -1.0119930e-01  -1.7591724e-01  -1.6233074e-01   4.6448407e-02   1.1665417e-01  -3.6241187e-02  -3.8087165e-03   3.9704934e-01  -1.7683486e-01  -1.4961453e-01   2.4951432e-01  -3.8883262e-02  -2.4610032e-02   1.4184454e-01   4.1759923e-01  -6.1230331e-02   6.2045558e-03   1.4027888e-01   1.6636681e-01  -5.8355097e-02   3.8118567e-01   1.5647623e-01  -4.0286791e-02  -3.3425257e-02  -1.1666363e-01  -1.2419061e-01  -2.5157381e-02   6.2685916e-02  -7.2613709e-03  -1.3631699e-01   1.2613706e-01  -5.8174059e-02   2.5486418e-01  -2.0409417e-02   8.1803720e-03   3.8162223e-02  -1.6796104e-01  -5.9544471e-02  -4.7588188e-02   1.0291414e-02   5.2899519e-01  -2.6132940e-01  -1.3905525e-01  -1.2198315e-01   9.5762766e-02   3.7166379e-01   4.6029591e-01   5.1236231e-02   3.1340647e-01   6.4136166e-02  -2.1048372e-02   1.4647751e-01   2.6734220e-01   6.0047188e-02  -8.0404983e-02  -4.9655252e-04   6.3226662e-02   3.0292682e-01  -2.5432113e-01  -3.3592259e-02   1.1781729e-01   7.6444716e-02  -7.7659336e-02  -1.3857698e-02   4.9835774e-01  -3.4833933e-02   3.4659938e-01   1.7212461e-01   1.0353263e-01   2.5065359e-02  -1.0108042e-02  -2.1961657e-01   6.7983627e-01  -3.7362721e-01   3.7339251e-01   2.0483809e-02  -6.8284278e-02   6.5828013e-02  -2.7770153e-01   1.4027872e-01   1.5381851e-01  -2.6321636e-01   1.7667718e-01  -1.3058064e-02  -9.6229562e-02  -1.5626226e-01   4.0089857e-01  -6.4375094e-02  -5.9881663e-02  -3.9592855e-01   2.9072075e-01   2.1661461e-01   3.5105360e-01   1.8800703e-01   3.7452825e-01  -7.7732505e-02   4.7542757e-01  -7.8256399e-02  -3.3380359e-01  -1.0379173e-01   3.3884032e-01   1.0676325e-01  -2.2030411e-01  -1.7766478e-01   1.5046837e-02   6.7397864e-02  -6.1179338e-02  -1.5417745e-01   1.7326311e-01   5.6791395e-02   5.0127392e-02  -1.2977471e-01   2.7890003e-01  -3.9661179e-02  -1.4425832e-02  -1.0585333e-02   1.5343655e-02   3.8779226e-01  -5.1599368e-01   7.0068002e-02  -1.4107931e-02  -7.3367802e-02  -1.8323285e-02   7.7516811e-02   6.3172699e-01  -9.5274230e-02  -3.2317865e-01   5.0144858e-01   1.6676077e-01  -1.1998501e-01  -2.0567397e-01   3.0711605e-01  -4.5705723e-01  -6.3063204e-03  -2.9506480e-02  -2.0452460e-01   2.0868537e-02  -7.4405862e-02  -2.1021887e-01  -2.6692814e-01   3.8521316e-01   1.6731428e-01   2.9454041e-01  -1.9203094e-01   1.9033568e-01   5.9983563e-02   2.4687283e-02   1.6054572e-01   3.0615226e-01  -2.4763632e-02   4.3395304e-01  -8.9784225e-02   1.4696352e-01   4.8550373e-01   1.1674736e-01   7.8735725e-02  -1.2676168e-01   1.2283441e-01  -2.1896330e-01   7.3919941e-02   5.0392733e-03   9.0300441e-02  -7.4223628e-02   9.6580085e-02  -1.1235171e-01   4.4766053e-01
   3.7919277e-02   3.1752406e-01  -2.7157296e-01   2.9316998e-01  -2.9963338e-01  -5.8574997e-02  -4.3261483e-02   1.5826748e-01   0.0000000e+00   4.1679050e-02   3.2969421e-01   1.2943432e-01   1.1672340e-01   7.9158919e-02   1.8226028e-01  -3.0381604e-01  -3.7865009e-01   1.9218257e-02  -5.1786049e-02  -4.3016880e-01  -7.1899705e-02   1.5726601e-01   5.1677007e-02  -2.1808777e-02   2.9064822e-01   1.8705130e-01  -1.5560802e-01   2.6683811e-01   1.1044974e-01   2.6281394e-01  -6.4797723e-03   3.9787332e-01  -2.3324366e-01   7.2640206e-03   3.5515155e-01  -3.0155705e-01  -7.7972329e-02  -1.6462053e-01  -1.5934125e-01  -3.9880112e-01   4.9951684e-02  -1.6952772e-01   5.3503558e-01   2.9274494e-01   2.0180298e-01  -1.2397298e-01  -1.1310968e-01   2.1425929e-02  -3.4239609e-02  -5.3964241e-01   3.4356192e-02   1.9598191e-01  -1.8962854e-02  -1.3147502e-01   5.7812291e-02   2.8658237e-01  -4.2889917e-02   4.6856703e-01   1.1756030e-01   6.6777053e-01  -2.5235461e-01   3.1312415e-02   4.7544933e-01   1.1229656e-01   3.1044823e-01  -5.3956744e-02  -2.3940693e-01   4.9617902e-01   8.2355451e-02  -2.2351049e-01  -1.0882782e-01   3.8780383e-01   7.9533700e-02   1.7008622e-01   4.7991307e-02   1.8972398e-01  -2.3332253e-01   1.7023300e-02  -1.2050665e-01   2.8501378e-01   2.6997931e-01  -1.0532244e-01  -1.3167180e-01   2.4032310e-01  -3.8058012e-01   3.2846443e-01   1.4869958e-01   2.6957518e-01  -7.3006620e-03   6.6049307e-02   7.3885913e-03  -1.6139585e-01  -5.0433954e-01   8.4274381e-01  -1.3136259e-01  -2.7594795e-01   1.1755187e-01   2.5183787e-02  -6.6483403e-02   1.2739953e-01  -3.1821560e-01   1.3998777e-01   1.9388679e-01   4.9655173e-01   2.4259310e-01   4.4096817e-01  -3.8959880e-01   1.3848234e-01  -6.7795951e-03   9.8804422e-03  -2.3207403e-01   2.8272167e-01   3.2590900e-01   5.1090661e-03  -2.4039736e-01  -2.2534249e-01   4.0539280e-01   2.0391915e-01  -5.8243105e-02   2.6730013e-01  -4.6508475e-02  -3.8286741e-02   2.2187266e-02   4.6842436e-01   1.3493704e-01   4.3127837e-01   4.9694400e-02  -1.8595111e-01   4.7737173e-01  -3.1867628e-01  -2.7618788e-01  -3.4918351e-02   3.6397313e-01   2.9259051e-02   6.3133169e-01   2.0268345e-01   2.0341446e-01  -5.3028241e-02   2.0898903e-01  -1.3601558e-01  -9.2902020e-02   1.3622435e-02   4.4155177e-01  -1.4872151e-01   5.5680262e-02   1.7261451e-01  -2.4685322e-01   1.8384271e-02   2.1532776e-02  -5.9947899e-03  -2.1336131e-01   2.3370027e-01  -2.3987261e-02   2.1542430e-01  -2.6465526e-01  -6.4375348e-02   5.7126117e-02   1.1692187e-01  -2.8873989e-01   2.1150656e-01   4.6030669e-01   2.2251505e-01   5.4017795e-02   1.1066365e-01   1.5867966e-01  -7.1706627e-02   2.0674114e-02  -1.0140931e-01  -3.4713992e-02  -4.1236437e-01   1.0257775e-02  -3.4059038e-01   1.7033046e-01  -1.7960611e-01   3.8468544e-01  -3.2170065e-01   6.9860767e-02
  -9.7861518e-02   3.6866803e-02  -2.0432619e-01  -1.7902863e-02  -3.2181987e-01  -2.7858880e-03   5.5438342e-01  -1.9468580e-01   4.1679050e-02   0.0000000e+00   2.7463600e-01  -1.8809845e-04   6.2448044e-02   8.6555978e-03   9.7140250e-02  -1.1294922e-01  -3.4839687e-01   4.1600480e-01  -3.1057976e-01  -1.7429701e-02   3.7113089e-01  -1.6086934e-01   3.0423941e-01  -1.9863584e-01  -1.7742231e-01  -2.2509182e-01   1.0181189e-01   1.3505859e-01  -1.3315995e-01  -2.0571471e-03   2.4231206e-02  -1.9140272e-01  -3.3834806e-01   4.4459966e-01   1.3034810e-01   1.7836968e-01   6.9767554e-02  -1.1172789e-01  -1.5450767e-01  -1.9327968e-01   1.7654254e-01  -3.3926545e-01   3.0686975e-01   5.1994835e-03   4.3944829e-01   1.4036412e-02   1.2452477e-01   5.8410300e-01  -9.8372134e-02  -4.2148567e-01   3.8704488e-01  -1.7396810e-01   5.1035862e-01  -2.9528283e-01  -1.9272145e-01  -4.1461683e-02  -3.4868049e-01  -1.8641558e-01   8.4742963e-02  -1.3911147e-01  -1.6999519e-01   6.9571775e-02  -1.1423496e-01   1.1837326e-01   4.0445485e-01   6.5503447e-01   4.6082425e-03  -3.3792371e-03  -2.4298597e-01   1.9814056e-01  -1.1798263e-01   1.6706420e-02   9.7619617e-02  -1.0006709e-01  -3.9555940e-01  -1.5886089e-01  -1.3455751e-01  -1.2651643e-01  -4.7508377e-01  -1.3874097e-01   3.5622431e-01   5.3729149e-02  -1.4356380e-01  -2.0250632e-01  -1.1514025e-01  -7.6078736e-02   1.1187630e-02  -8.3687989e-02  -3.5563644e-01  -1.5674671e-01  -3.7428264e-01  -1.8737666e-01  -1.1688831e-01   9.9280062e-02  -9.3169129e-02  -1.3843662e-01  -8.4899038e-02  -2.7948393e-01   9.8228515e-02   3.9471367e-01  -6.0049490e-02  -3.0220514e-02  -1.5753606e-01  -1.9671729e-01   1.6427856e-01  -1.0479887e-01  -3.7771135e-01  -2.1216301e-01   3.2697359e-01   3.7601496e-01   2.4158533e-01  -1.8866321e-01  -9.3428702e-02  -1.5401182e-01  -2.1654333e-01  -1.3152723e-01  -2.9363958e-02   1.1954606e-01  -1.3466030e-03   4.7328883e-02  -2.0153206e-01  -2.4912049e-01  -2.5657960e-01   2.3247004e-01  -8.9634126e-02   6.0130557e-02   5.2982183e-01  -3.8592545e-01  -9.1802488e-02   2.4649283e-01  -1.0135310e-01   3.2657586e-01  -7.3745749e-02   1.3180023e-01   6.7370719e-02  -2.3049987e-01  -2.3747763e-01   4.9362349e-01  -1.9860847e-01  -1.8443462e-01  -1.8602929e-01  -1.3208505e-01  -7.0344477e-02   6.5644556e-02   1.5775822e-01   7.5686234e-02  -6.4742796e-02   4.6325941e-01   2.9815779e-01   4.8458435e-01  -1.4110461e-01  -1.9368643e-01  -2.0631319e-01   8.2743368e-03  -1.9676522e-01  -1.9503531e-01  -8.7172609e-02   1.6216442e-01  -2.6825159e-01  -1.4026347e-01   2.7760670e-02  -1.8935984e-03   6.7117360e-01  -2.3351171e-02  -3.2550724e-01  -2.2721326e-01   2.1794401e-01  -9.0762238e-02  -2.3225241e-01  -1.1096888e-01  -1.6170989e-01  -2.1153477e-01   1.7855144e-01  -1.2598711e-01  -1.6568073e-01  -3.5088610e-01  -2.7735770e-01
  -1.8279391e-01  -1.0591394e-01  -3.5236072e-01   2.2162253e-01  -3.6994356e-01   4.2406185e-02   1.8858790e-01   3.2848633e-01   3.2969421e-01   2.7463600e-01   0.0000000e+00  -3.0614811e-01   1.0337925e-01  -5.5871340e-02   1.5324620e-01  -8.6439625e-02  -4.1306615e-01   5.3312166e-01  -7.5349641e-02  -2.3021722e-01   2.2341148e-01   1.7516841e-01   2.1327312e-01  -2.1954007e-01  -8.1576186e-02   1.8300417e-01   1.5054373e-02   1.9543472e-01  -2.1636312e-02   4.7907987e-01   1.6873752e-01   3.8763041e-01  -1.7184993e-01   1.2648499e-01   1.0610137e-01   1.9099807e-01   5.2671814e-02  -6.1297429e-02  -5.1253296e-02  -3.1019551e-01   1.5511070e-01  -2.3417764e-01   1.2357375e-01   2.4984710e-01   4.2307582e-01  -2.2018029e-02   4.4540779e-01   3.0026941e-01   1.0246285e-01  -5.0490566e-01   5.6079654e-01   3.7220311e-01   1.5431584e-01  -2.6075479e-01   2.5947094e-02   1.8097838e-01  -2.3336940e-02   3.3861444e-01   3.0359941e-01   2.2476952e-01  -9.8686727e-02   1.2455846e-01   3.4301366e-02   5.7699369e-01   4.8497441e-01   3.6080715e-01  -8.4485408e-02   2.2170805e-01   3.1900614e-01  -6.3838013e-02  -2.3611997e-01   3.3814838e-01   2.1270895e-01  -2.1057096e-01  -3.1550139e-01   9.7043189e-02  -1.7275590e-01  -1.0997433e-01  -3.0607808e-01   8.5139134e-02   3.0646270e-01  -2.2513983e-02  -2.2868303e-01   1.4928692e-01  -4.3916565e-01   2.4412398e-01  -2.5135592e-02  -9.8041967e-02  -3.8663963e-01  -2.0260995e-01  -1.7890555e-01  -2.1888932e-01  -5.0688090e-01   3.4199272e-01  -3.7462428e-02  -2.9104346e-01   2.7796470e-02   4.0833296e-03   1.4889047e-01   3.1444004e-01  -3.2378655e-01   2.3870767e-01   7.7341550e-02   2.0177215e-01   6.1987322e-01   3.3934969e-01  -3.0359943e-01   2.4644215e-01  -4.6018693e-02   9.7727493e-02  -8.2005257e-02   3.3289425e-01   2.0701464e-01  -1.9715493e-01  -2.4844063e-01  -1.1508462e-01   2.1912940e-01   4.1850537e-02  -6.0636971e-02   3.8422467e-01  -1.4460450e-01  -2.7957566e-01  -4.5780788e-01   5.2799382e-01  -3.3612624e-02  -4.6551616e-02   2.8461419e-01  -3.7413151e-01   4.2758993e-01  -2.9333434e-01   3.8416125e-02   3.2177947e-01  -1.2120513e-01   7.9084657e-02   2.5811931e-01   1.5599260e-01  -3.9946758e-02   1.0028011e-01   9.7517018e-02  -5.2192596e-02  -1.6274352e-01  -1.5992831e-01   3.8469436e-01  -3.5558347e-01   3.3103655e-02   2.0254762e-01  -4.9362416e-01   5.3088208e-01   3.1798689e-01   1.8517483e-01  -2.3403106e-01   1.4009243e-02  -9.1849618e-02   4.7470096e-01  -4.9492397e-01  -1.2826121e-01  -4.5782833e-02   2.4670494e-01  -1.9535008e-01   4.1883189e-01   1.2501546e-01   6.1317519e-01   3.9463525e-01   3.6147512e-01   2.3839687e-01  -2.1662917e-01   4.0275627e-01  -1.0394897e-01  -9.7145048e-02  -3.2321071e-01  -4.3343184e-02  -1.5974945e-01   5.0658464e-01  -1.0368553e-01   5.7605336e-02  -3.2415743e-01   2.8338026e-01
  -7.7811391e-02   4.9516414e-01   4.6572477e-02   3.7036599e-02   1.9293181e-01   3.9995751e-02   1.2850015e-01  -1.0119930e-01   1.2943432e-01  -1.8809845e-04  -3.0614811e-01   0.0000000e+00  -9.0367426e-02   2.3059887e-01   1.1709659e-01  -1.8182195e-01   3.6755779e-02  -5.7938188e-02  -8.8378346e-02   7.1302720e-02  -2.0919688e-01  -1.6439120e-01  -3.2678557e-01  -9.2656644e-02   2.6598899e-01  -1.4245969e-01   1.1265067e-01  -3.0863193e-02   6.8492777e-02   6.1743003e-02  -6.0399527e-02  -1.2334722e-01  -5.6451815e-02  -6.7917056e-02   2.1585775e-01  -5.5178730e-02  -1.7352805e-01  -1.7825091e-01  -1.6534647e-01   4.6031674e-02  -1.1596498e-01  -1.6245669e-02   4.5209557e-01   1.0391718e-01   2.4068275e-02  -2.2196047e-01  -1.0409013e-01   6.4739315e-02  -1.1335995e-01   9.8399266e-02  -9.8149617e-02  -2.1410406e-01  -1.1889169e-01   1.0719276e-02  -1.1131347e-01   1.0707455e-01   1.5467645e-03  -1.2585411e-01  -2.5833003e-01   2.5720274e-01  -1.9421641e-01   1.2285125e-01   3.3311497e-01  -3.5036413e-01  -9.6691166e-02   1.4909883e-02   7.1108760e-02   1.2262745e-01  -8.6336953e-02  -1.0617216e-01  -2.1424625e-02  -9.5597574e-03  -8.9009864e-02   2.6451266e-01  -6.8733328e-03  -8.6874037e-02  -1.7726615e-01   1.4032157e-01   1.9169503e-01   7.0313417e-02  -1.0575034e-01  -1.2673953e-01   8.6270592e-02   7.3277006e-02   6.5721139e-02  -2.2338252e-01   3.4605869e-01   2.4086115e-01   2.1614484e-01  -6.0497824e-02   9.6752486e-02  -5.0564934e-02   1.8271331e-01   1.9602162e-01  -2.5276835e-01   6.0348457e-02   1.0945663e-01  -3.8455315e-02  -5.4609420e-02  -2.2354252e-01  -4.2381203e-02  -5.5961588e-02   4.7774757e-03   2.7207480e-01  -1.6849217e-01  -7.6669893e-02   2.1829031e-02  -5.3000334e-02  -5.9979342e-03   2.1774549e-01  -7.4148973e-02  -1.1235135e-01   7.0885626e-03  -1.2527644e-01  -1.7784294e-01   8.8330333e-02   6.7832849e-03   1.4420542e-01   4.0466244e-02  -1.0961583e-03  -5.9870003e-02   3.4094064e-01   3.4938886e-01  -6.0271584e-02  -2.2529089e-01   2.4476381e-01   5.1338698e-03   5.3850476e-02  -8.0655975e-02   2.1791410e-01  -1.5403840e-01  -3.4746417e-01   3.2909899e-01   1.3096877e-01   2.8663498e-01  -1.2812934e-01   7.2609773e-02  -1.0022962e-01  -1.3877345e-01  -2.4611748e-01  -2.1159461e-01   2.3336021e-01   2.6308420e-02   3.9921513e-01  -1.2404518e-01  -1.0572470e-01   2.1171489e-01   1.9261892e-02   1.0216006e-01  -1.3689821e-01  -1.5187959e-01   1.6615001e-02  -2.6635936e-02  -1.6345296e-01   3.7119901e-01  -1.5007518e-01  -1.6703407e-01  -1.6952480e-01  -1.0889837e-01  -1.6032346e-01   1.6134355e-02  -5.0655587e-02  -6.4054836e-02  -2.6459611e-02  -1.6152542e-01   1.9316797e-01  -1.5163245e-01  -2.7256760e-02  -1.1720672e-01   2.1637286e-01   1.0318761e-01  -3.1271905e-01  -1.0592127e-01   2.9695715e-01   1.9048726e-01  -9.9641015e-02  -1.7108040e-01
  -2.1841750e-01   1.8095441e-02  -1.6448968e-01  -7.0272688e-03   1.4657503e-01  -1.3943750e-02   4.3627227e-02  -1.7591724e-01   1.1672340e-01   6.2448044e-02   1.0337925e-01  -9.0367426e-02   0.0000000e+00  -8.9242604e-02  -6.0963686e-02  -1.5626952e-01  -1.1485447e-01   9.3866094e-02  -1.4421342e-02   3.0978200e-01  -9.1867004e-02   2.1238087e-01  -7.7200745e-02  -1.4053152e-01  -7.1676664e-02   5.5959874e-02  -1.0601207e-01   6.4247546e-02   6.6684546e-03   1.1232741e-01  -2.6781219e-02  -1.9972556e-02  -2.0079907e-01  -1.8189260e-01  -1.5865550e-02   3.2210860e-01  -5.7758866e-02  -2.8384443e-01  -1.0510976e-01  -2.8479368e-01   4.5470527e-01  -2.7733788e-01   1.1978456e-01   8.7501118e-02   1.3375912e-01  -2.5281128e-01   3.0860129e-01   8.0953295e-04   7.5792246e-03  -1.4236846e-01   2.0095420e-01   1.3332598e-02  -1.2446562e-01   4.2694434e-02   6.9529734e-02   1.4027213e-01  -7.2251924e-02   6.7239173e-02   5.8851888e-02  -4.5348209e-02  -3.1090680e-01   1.4953385e-01   8.6918938e-02  -1.1733814e-01  -2.9673784e-02   1.1551117e-01   1.1830438e-01   7.2426264e-03   1.8476221e-01  -1.5143892e-01  -9.4543767e-02   1.8488706e-01   1.9711443e-01   1.4984161e-01   1.9257448e-01   2.8466600e-02  -2.8561584e-01   1.8980161e-01  -5.0984976e-02   1.3076173e-01   1.3930489e-02   2.3918208e-01  -7.1277480e-02   2.3424195e-02  -1.7929273e-01   1.4523750e-01  -1.7649643e-01   1.8472443e-01  -8.6921415e-02   7.6043258e-02   1.3709946e-01  -3.5662939e-01   9.5184759e-02   4.0270482e-02  -2.5212012e-01   3.4624893e-01   2.8969649e-01  -1.9271136e-02   3.1260694e-01  -1.1016643e-01  -1.1937070e-01  -2.8037586e-01   1.5599847e-01  -4.9442981e-02   2.3670329e-01   1.6679475e-01  -2.0550059e-01   8.0510227e-02  -5.9845145e-02   2.1839120e-03  -1.2742588e-01   2.4073864e-01   5.9567973e-02  -1.4392002e-01  -7.8778125e-02  -6.7588275e-02   8.9740229e-02   4.3005798e-01   1.5382048e-01   8.7349432e-02  -2.4400396e-01   1.5029236e-01  -3.8667462e-02  -9.6558610e-03  -1.5188857e-01   1.0234677e-01  -1.3980126e-01   1.0667171e-02   8.2231226e-02   5.6358913e-02   2.1412981e-02  -1.9987072e-01   1.9868333e-01  -2.2728021e-01   1.4662833e-01  -7.4736631e-02   2.1696919e-01  -5.7822738e-02   2.9718978e-02  -3.2969254e-01  -2.4461719e-01   5.2208013e-01   1.5785651e-01   2.8892983e-01  -1.4145035e-01   7.9645496e-02  -2.0113554e-01   1.3059778e-01   1.4030291e-01  -1.3405799e-01  -7.8621345e-02   3.0589956e-02  -2.0957393e-01   1.1459130e-01  -4.1684768e-02  -1.6775028e-01  -2.7555319e-01   1.3133304e-01  -2.9478992e-01   2.1304172e-01   2.4078285e-01   1.4758595e-01   1.0332717e-01   3.3248146e-01   1.4661921e-02  -1.5951614e-01   5.5158330e-02   1.5951327e-01  -3.1733045e-01   4.1977773e-02  -1.2967018e-02  -2.0227127e-01   2.9582652e-01  -1.9022970e-02  -5.8873627e-02   1.8027269e-02   8.8683390e-02
   5.5376352e-02   3.3209285e-01  -2.9603081e-01   5.9370906e-02  -1.5801030e-01  -4.5637799e-02   2.1946718e-01  -1.6233074e-01   7.9158919e-02   8.6555978e-03  -5.5871340e-02   2.3059887e-01  -8.9242604e-02   0.0000000e+00   4.4570895e-01  -2.0597763e-01  -3.4788331e-01   7.5347546e-02  -6.0269220e-02  -3.8687176e-02  -1.1080311e-01  -2.0388379e-02  -1.7276148e-02   3.2348196e-01   3.1930552e-01  -8.7705861e-03   1.7943275e-02   2.5368014e-01  -6.6934489e-03   1.0393444e-01   4.1428369e-01  -1.7972527e-02  -1.2905416e-01   7.7282196e-02   1.8367192e-01   2.1594348e-02  -4.7217009e-02  -9.7713527e-03  -1.1631674e-01  -3.0538214e-01  -1.6503443e-01  -1.1753768e-01   2.1156864e-01   9.9526403e-02   1.3555511e-01  -1.6445866e-01  -1.8315811e-02   2.6081023e-01  -1.3078361e-01  -2.8385515e-01   7.8058811e-02  -8.7279641e-02  -9.7021833e-02  -2.7217382e-02   4.1337395e-01   7.1871976e-02  -1.3414796e-02   2.0076233e-03  -3.0162857e-01  -1.2484072e-02  -1.7331386e-01   1.0097311e-01   1.7989487e-01   7.7670258e-02   9.2452310e-02  -2.0882244e-02  -7.4383605e-02   1.8998376e-01   3.2869691e-02  -5.2596718e-02  -1.7273380e-01   7.4604216e-02  -3.4895237e-02   1.8740737e-01   1.1493000e-01   4.1716014e-02  -1.5622080e-01   4.4599977e-02  -1.3929206e-01   1.3823489e-01   1.9478545e-01   1.0169667e-01  -1.3411458e-01  -1.1428001e-01   6.6579963e-02   1.7876564e-02   2.4598270e-01   4.1811515e-01   2.9127639e-02   2.5661999e-01  -2.0538279e-01  -1.9043242e-01  -1.5999760e-01  -3.0233065e-02  -1.6993988e-01  -1.4005078e-01  -5.8930444e-02   1.9030693e-02   1.8556847e-02  -1.8270645e-02   2.2504788e-01   1.5755612e-01  -8.1472436e-03   7.9333780e-02   1.2849657e-01  -6.7616250e-02  -4.8358877e-02  -7.3515811e-03   3.7681282e-02   1.5535509e-03  -4.0683861e-02  -9.8883205e-02   6.5699768e-02   2.3166512e-01   3.6362758e-02  -2.3274187e-01   1.1323362e-01   4.1544133e-02   3.8178828e-01  -4.5413378e-02   1.8973646e-01  -8.8491923e-02   1.1502680e-01   7.7017879e-02  -1.3749531e-01   1.4405773e-01   1.0362501e-01   4.1032595e-02   6.9580353e-02  -2.9373763e-02  -1.9045063e-01  -1.5046755e-01   5.5432487e-02   1.5584417e-01   1.7091061e-01   6.4672383e-02   1.2723893e-01   1.2098145e-01   4.3209098e-03   1.6211937e-01   2.8125301e-01  -1.1918397e-01  -5.4312263e-03   4.5144942e-02   6.1565447e-02   8.9182123e-02  -4.5577452e-02   1.8821701e-02   2.3369190e-02   4.0591712e-02   2.4102579e-01   1.0418326e-01   1.2748997e-01  -1.0944777e-01  -1.9162870e-01   2.1309497e-01  -1.1932917e-01  -3.6092412e-01  -2.6736497e-01  -7.3178409e-02   1.6214915e-01   8.3210515e-02  -1.2257487e-01   7.0941594e-02  -8.2001577e-02  -9.0998334e-02  -2.0437189e-01   1.5306709e-01   3.0678499e-02  -9.2770269e-02  -5.2160798e-02  -2.3247139e-02   5.7799275e-02  -5.7986137e-02   1.2111117e-01   1.3237188e-03  -1.5993078e-01
